t,Tpos,Tpro,Tneg,o2,test
0.0,999.9999999999998,1000.0000000000002,0.0,0.5,0.0
60.0,647.8750517839635,683.0202851797343,0.0,1.0768668904304417,0.015339499923018909
120.0,652.7062400458151,687.3642397492805,0.0,1.078185727425767,0.027330897045708066
180.0,660.4706915097586,694.3338418268158,0.0,1.077959391816281,0.036894777743829404
240.0,669.4983416527422,702.421725962392,0.0,1.077685721789471,0.04458601210361866
300.0,679.2753263965808,711.1626586433488,0.0,1.0773871599921014,0.05082270846928941
360.0,689.5770317339686,720.3525977353885,0.0,1.0770718472530563,0.0559270191776628
420.0,700.2864160684906,729.8847707283606,0.0,1.0767437952458447,0.06014910779560193
480.0,711.3357257705693,739.6970181011211,0.0,1.076405357854675,0.06368396733369847
540.0,722.6830240887517,749.7505638249943,0.0,1.0760579227348472,0.06668390636921087
600.0,734.3012297772218,760.0200900012817,0.0,1.0757024519833371,0.06926804776151459
660.0,746.1724293111632,770.4885813051751,0.0,1.075339499485855,0.07152963488232489
720.0,758.284676717639,781.1444214636517,0.0,1.0749695518453481,0.07354170280031552
780.0,770.6300780139028,791.9796537393219,0.0,1.0745927847306036,0.07536149082197749
840.0,783.2035840822705,802.9888838016371,0.0,1.0742095059004497,0.07703389059275194
900.0,796.0022019590574,814.1685626935279,0.0,1.073819707160881,0.07859411206496714
960.0,809.0244562255742,825.5164969997578,0.0,1.073423537655874,0.0800697829750025
1020.0,822.2700120005564,837.0315059347936,0.0,1.07302099555802,0.08148259480344461
1080.0,835.739405242232,848.7131760790907,0.0,1.0726120645403956,0.08284959044301053
1140.0,849.4338460449545,860.5616825753195,0.0,1.0721965387928143,0.08418417201452104
1200.0,863.3550581326645,872.5776493317312,0.0,1.0717751069991266,0.08549684716627608
1260.0,877.505222522134,884.762075386746,0.0,1.0713467814067543,0.08679602249082097
1320.0,891.886805819094,897.1162169002207,0.0,1.0709122297807772,0.0880881949684132
1380.0,906.5026149009644,909.6415905348996,0.0,1.0704705847128246,0.08937862597998918
1440.0,921.355591996434,922.3398439993118,0.0,1.0700229663734118,0.09067137021046902
1500.0,936.4489782574908,935.2128353625294,0.0,1.0695682627838285,0.0919697679388298
1560.0,951.7861482311654,948.2625301799385,0.0,1.0691065720915411,0.09327644065775408
1620.0,967.3704549363658,961.4909007527477,0.0,1.0686382195093878,0.09459342408409398
1680.0,983.2057073073694,974.9002037676481,0.0,1.0681625418237752,0.09592250782141756
1740.0,999.2953911021807,988.49251353675,0.0,1.0676800902842025,0.09726499291856683
1800.0,1015.6435984631336,1002.2702722169972,0.0,1.0671901421268823,0.09862209395956495
1860.0,1032.2539143243348,1016.2356186009749,0.0,1.0666930918048914,0.09999468254488013
1920.0,1049.1003134790278,1030.3657633146563,0.0,1.0661891368189067,0.1013833905862964
1980.0,1066.1538771523535,1044.6357575934112,0.0,1.0656795093123856,0.10278797993485321
2040.0,1083.415020038812,1059.0453406607892,0.0,1.065164183679661,0.1042080822365068
2100.0,1100.8840848229245,1073.5942002948502,0.0,1.064643292499899,0.10564340159329531
2160.0,1118.5613449883322,1088.2819656126455,0.0,1.0641166439628398,0.10709369419836925
2220.0,1136.4469956644673,1103.108218556119,0.0,1.063584412361051,0.10855876226010568
2280.0,1154.5411590019362,1118.0724758103847,0.0,1.0630463690595655,0.11003843601287958
2340.0,1172.8438779147164,1133.1742096886471,0.0,1.0625029638911778,0.11153257308767223
2400.0,1191.3551149826112,1148.4128165974846,0.0,1.061953748686969,0.11304104451739848
2460.0,1210.0747542304898,1163.7876568169004,0.0,1.0613988983105302,0.11456373814286516
2520.0,1229.0025950061377,1179.2980186789862,0.0,1.0608385597990169,0.11610054789095897
2580.0,1248.1383469278092,1194.9431207250866,0.0,1.0602724328626842,0.11765137218085453
2640.0,1267.4816474639345,1210.7221529930014,0.0,1.0597009982155006,0.11921611618154916
2700.0,1287.0320253533462,1226.63420155442,0.0,1.0591238307187,0.12079468128084678
2760.0,1306.788944932333,1242.6783362886301,0.0,1.058541224173896,0.12238697313512412
2820.0,1326.7517572012155,1258.8535264842387,0.0,1.0579529601565991,0.12399289178667637
2880.0,1346.9197393590073,1275.1587068821714,0.0,1.057359505003777,0.12561233726570473
2940.0,1367.2920509392281,1291.5927153143398,0.0,1.0567604212457444,0.1272452029702385
3000.0,1387.8677901339474,1308.154370542305,0.0,1.0561559753177245,0.1288913822327785
3060.0,1408.645933986152,1324.8423941008182,0.0,1.0555461748746269,0.13055076075281574
3120.0,1429.6253687966125,1341.6554515922198,0.0,1.0549310134182373,0.13222321994425573
3180.0,1450.804887208603,1358.5921490953995,0.0,1.0543106494810244,0.13390863632259875
3240.0,1472.1831674351963,1375.6510109663232,0.0,1.0536848224741622,0.13560687928149512
3300.0,1493.7588225601103,1392.8305343474767,0.0,1.0530541602658077,0.13731781577093827
3360.0,1515.5303144793986,1410.1290977896776,0.0,1.052418138891444,0.13904130199968448
3420.0,1537.4960536309165,1427.5450670783673,0.0,1.0517769558646144,0.14077719272591563
3480.0,1559.6543283176925,1445.0767218574886,0.0,1.0511309786016625,0.14252533465972297
3540.0,1582.0032975672746,1462.7222512231003,0.0,1.0504798410123417,0.14428556590254918
3600.0,1604.5410705594554,1480.4798312941705,0.0,1.0498238375061955,0.14605772288071
3660.0,1627.265613651024,1498.3475357080467,0.0,1.0491629909010656,0.14784163225647473
3720.0,1650.1748000274706,1516.3233841474714,0.0,1.0484973391772099,0.1496371152030959
3780.0,1673.2664035585751,1534.4053366539508,0.0,1.0478270261239162,0.15144398687324595
3840.0,1696.5380805717364,1552.591277686501,0.0,1.0471519092532486,0.15326205489929648
3900.0,1719.9874167179676,1570.8790583307748,0.0,1.04647250529199,0.15509112322929813
3960.0,1743.6118390935417,1589.266419136096,0.0,1.0457884125986967,0.1569309850138596
4020.0,1767.4087347739917,1607.751094332027,0.0,1.0450998657501596,0.15878143214662033
4080.0,1791.3753593173954,1626.3307322033477,0.0,1.044407199605985,0.16064224795453833
4140.0,1815.5088361365183,1645.002896111584,0.0,1.0437101014028873,0.1625132071881199
4200.0,1839.806252333202,1663.7651452513992,0.0,1.0430089353469651,0.16439408352498552
4260.0,1864.264539536084,1682.6149350174485,0.0,1.0423036057936415,0.16628464030436885
4320.0,1888.8805648507666,1701.5496930058462,0.0,1.0415945005144882,0.16818463755904395
4380.0,1913.6510517589359,1720.56675452987,0.0,1.0408813231447989,0.17009382596256642
4440.0,1938.5726945171816,1739.663455478347,0.0,1.0401644924070514,0.17201195553739682
4500.0,1963.6420243562725,1758.8370247833752,0.0,1.0394437934206193,0.17393876553077595
4560.0,1988.855538971715,1778.084688086642,0.0,1.0387198442325454,0.17587399415546964
4620.0,2014.2095694803127,1797.403562780489,0.0,1.0379922032042974,0.17781736864453906
4680.0,2039.7004266341908,1816.7907730194438,0.0,1.0372610987460036,0.17976861613149497
4740.0,2065.3243170723163,1836.2433839247572,0.0,1.0365270681704815,0.1817274574304098
4800.0,2091.0773029843594,1855.7583714087061,0.0,1.0357896676924265,0.18369360407896268
4860.0,2116.9554338163116,1875.3327231914332,0.0,1.0350491445527836,0.1856667679902966
4920.0,2142.954659555893,1894.9633721890839,0.0,1.0343060422002788,0.1876466551015468
4980.0,2169.070790998633,1914.6471673447195,0.0,1.0335599166236455,0.18963296249573827
5040.0,2195.299631426336,1934.3809725580272,0.0,1.03281097776103,0.19162538792654263
5100.0,2221.636908050017,1954.161614816635,0.0,1.0320599046533134,0.19362362484860746
5160.0,2248.0776066089966,1973.9853971797302,0.0,1.0313060559134402,0.1956273146993879
5220.0,2274.6184967547574,1993.8499490560664,0.0,1.0305501230250866,0.19763622772872172
5280.0,2301.2544420516792,2013.7515223769235,0.0,1.0297917957870937,0.19964999918184867
5340.0,2327.9809157094883,2033.6868349356562,0.0,1.0290316833680901,0.20166830877226466
5400.0,2354.7932202381176,2053.6524999429885,0.0,1.0282694975036206,0.2036908251787494
5460.0,2381.6866851375594,2073.645168680396,0.0,1.0275054763687108,0.20571722000411763
5520.0,2408.656569765712,2093.661460239994,0.0,1.0267398291867849,0.20774716090171988
5580.0,2435.6980679119993,2113.6979649882387,0.0,1.025972815640628,0.2097803118862444
5640.0,2462.805646438893,2133.7507813077286,0.0,1.0252041527014442,0.21181628712231304
5700.0,2489.9756992469734,2153.8173764627522,0.0,1.0244345434166386,0.2138548362297285
5760.0,2517.2026321127632,2173.8938400535526,0.0,1.023663605938053,0.21589557105237836
5820.0,2544.481503023065,2193.9767364167897,0.0,1.0228918433657337,0.2179381497163395
5880.0,2571.8065793501496,2214.0621027635543,0.0,1.022119097021146,0.2199821765346118
5940.0,2599.1741162378817,2234.1473601435678,0.0,1.021345756817417,0.2220273940287847
6000.0,2626.5784550308995,2254.228628717397,0.0,1.0205718696830084,0.22407341326939773
6060.0,2654.013752957449,2274.301926277562,0.0,1.0197973644834661,0.22611983371274683
6120.0,2681.4762668892226,2294.364710713753,0.0,1.0190229101982429,0.22816639971078528
6180.0,2708.9594618652077,2314.4125663311106,0.0,1.018248040916803,0.23021266490259254
6240.0,2736.4595818657835,2334.44296533544,0.0,1.0174734051050782,0.23225837381417488
6300.0,2763.9700592742206,2354.4515096745586,0.0,1.0166986586121802,0.23430307962942035
6360.0,2791.487132181167,2374.4356900471685,0.0,1.015924475976169,0.23634652746856777
6420.0,2819.004895690413,2394.3915841957314,0.0,1.0151505530954914,0.23838831708257346
6480.0,2846.5182128753795,2414.3157967775196,0.0,1.014377122122417,0.2404281012273524
6540.0,2874.021931920319,2434.2049372337965,0.0,1.013604478643719,0.24246553225270673
6600.0,2901.510890870339,2454.055623018282,0.0,1.012832684147184,0.2445002624225925
6660.0,2928.9799485419035,2473.8644997354045,0.0,1.0120618181146728,0.24653194598863937
6720.0,2956.4239997826016,2493.628250750771,0.0,1.011292178635947,0.2485602401936908
6780.0,2983.8379175168675,2513.343559501759,0.0,1.010523606205425,0.2505848013561452
6840.0,3011.216669131186,2533.0071844248214,0.0,1.0097568561960955,0.25260529267655213
6900.0,3038.555151685886,2552.6158528016426,0.0,1.0089913062626308,0.2546213731579328
6960.0,3065.848402937376,2572.1663958149384,0.0,1.0082274500197326,0.25663271174356833
7020.0,3093.0914368758977,2591.6556430288074,0.0,1.0074654595761436,0.2586389762591138
7080.0,3120.2792809148864,2611.0804463565605,0.0,1.0067052782589063,0.26063983592561585
7140.0,3147.407095968349,2630.4377554399434,0.0,1.0059472812416732,0.26263496933352004
7200.0,3174.469979376341,2649.724493354253,0.0,1.0051913465045221,0.2646240512875873
7260.0,3201.463184906546,2668.9376944459186,0.0,1.0044378203098983,0.2666067674531139
7320.0,3228.3819205967334,2688.074377768335,0.0,1.003686522529069,0.2685828008825542
7380.0,3255.2215433701836,2707.131667922967,0.0,1.0029381745337584,0.2705518449384743
7440.0,3281.9773806645744,2726.1066843787444,0.0,1.002192260403274,0.27251359144139675
7500.0,3308.644889655489,2744.9966394895196,0.0,1.0014490478809572,0.2744677412163038
7560.0,3335.2195769213095,2763.7987886466144,0.0,1.0007090882869119,0.2764139987325844
7620.0,3361.6968522738252,2782.510328643417,0.0,0.9999718942872137,0.2783520707361086
7680.0,3388.0442242106374,2801.108785883232,0.0,0.9992386446650345,0.28028150820329295
7740.0,3414.2327842819345,2819.5743143723157,0.0,0.9985099785526746,0.2822013687115827
7800.0,3440.2572298004466,2837.9037465973615,0.0,0.9977861748902707,0.2841107416524721
7860.0,3466.1123788244604,2856.0940056485088,0.0,0.9970673529012942,0.2860088416275445
7920.0,3491.793184969229,2874.142113634209,0.0,0.9963535860448252,0.2878949859705041
7980.0,3517.294762969195,2892.045205493783,0.0,0.9956453803428184,0.28976857803050365
8040.0,3542.61229721393,2909.8004774926794,0.0,0.994942376051395,0.29162907954339723
8100.0,3567.741193748598,2927.40527305908,0.0,0.9942448472911833,0.293476017195219
8160.0,3592.676983595705,2944.857027424639,0.0,0.9935528230572634,0.29530896033072795
8220.0,3617.415373818464,2962.15329509139,0.0,0.9928669092262937,0.2971275194273239
8280.0,3641.951528016561,2979.291351714505,0.0,0.9921864894471674,0.2989312803542404
8340.0,3666.2827257642193,2996.269671537749,0.0,0.991512258190316,0.3007200169331573
8400.0,3690.4044468438406,3013.085747665467,0.0,0.9908438027498593,0.30249336470869004
8460.0,3714.31305969964,3029.737586975484,0.0,0.9901818247805979,0.3042510431725527
8520.0,3738.00497368756,3046.223243493087,0.0,0.9895258690258962,0.30599278044266137
8580.0,3761.476858737171,3062.540933322971,0.0,0.9888761474736353,0.30771833052100267
8640.0,3784.725536333787,3078.688976024188,0.0,0.9882328619310911,0.3094274624623021
8700.0,3807.747955223758,3094.6657820373093,0.0,0.9875962331947209,0.3111199577598957
8760.0,3830.541210016509,3110.4698647550517,0.0,0.9869659093438493,0.3127956103495783
8820.0,3853.1026480813075,3126.0998896968695,0.0,0.9863422428687383,0.31445423484300633
8880.0,3875.4297123513684,3141.554597229181,0.0,0.9857254033953914,0.316095653677084
8940.0,3897.520005837769,3156.832836806681,0.0,0.9851150721733749,0.3177197011640872
9000.0,3919.3713556494768,3171.933591308504,0.0,0.9845116677076099,0.3193262289528657
9060.0,3940.981696054452,3186.855926847461,0.0,0.983914998713997,0.3209150959477187
9120.0,3962.3491525215404,3201.5990269229287,0.0,0.9833252894827331,0.3224861753294034
9180.0,3983.4719993661065,3216.1621761391934,0.0,0.9827424262203998,0.32403935047867527
9240.0,4004.3486815888555,3230.5447658456596,0.0,0.9821665484951695,0.3255745171253325
9300.0,4024.9777972830543,3244.746288335179,0.0,0.981597641294786,0.3270915815141572
9360.0,4045.3581045321107,3258.766337447376,0.0,0.9810357537563223,0.3285904611116957
9420.0,4065.48851553259,3272.604606196935,0.0,0.9804808976848265,0.33007108401669133
9480.0,4085.3680963686948,3286.260885294515,0.0,0.9799330977086488,0.3315333889813464
9540.0,4104.996063865099,3299.735061264286,0.0,0.9793923697971891,0.3329773251415719
9600.0,4124.371783329832,3313.027114600059,0.0,0.9788587270856098,0.33440285185835383
9660.0,4143.494765792215,3326.1371181684935,0.0,0.9783321753035247,0.33580993851941143
9720.0,4162.3646661803405,3339.0652360758036,0.0,0.9778126980208817,0.3371985644118121
9780.0,4180.981280565243,3351.811722163529,0.0,0.9773003048680448,0.33856871862273163
9840.0,4199.34454534825,3364.3769150698954,0.0,0.9767950151177703,0.3399203999359942
9900.0,4217.454521631085,3376.761211590987,0.0,0.9762967500037194,0.3412536153717948
9960.0,4235.311415002361,3388.965136512022,0.0,0.9758055983936245,0.3425683821532376
10020.0,4252.9155433493615,3400.989252691448,0.0,0.9753214809936818,0.3438647251829327
10080.0,4270.267362135249,3412.8342237598968,0.0,0.9748444025422772,0.3451426788926799
10140.0,4287.3674390941005,3424.500774303636,0.0,0.9743743321593209,0.34640228549458196
10200.0,4304.2164621642,3435.989704585091,0.0,0.9739112728153569,0.347643595556532
10260.0,4320.815235498745,3447.3018854454253,0.0,0.9734551250427926,0.34886666757646284
10320.0,4337.164658276094,3458.438241164385,0.0,0.9730061019439854,0.3500715671125954
10380.0,4353.265804860466,3469.3998189683202,0.0,0.9725632173732903,0.3512583701802979
10440.0,4369.121982466059,3480.189201122627,0.0,0.9721282479854712,0.35242732148348344
10500.0,4384.729892459903,3490.804345435326,0.0,0.9716996964397162,0.3535781748717049
10560.0,4400.093146173328,3501.2480359304445,0.0,0.9712778352905681,0.35471119259723766
10620.0,4415.213132071531,3511.521487780997,0.0,0.9708630032963986,0.355826474726317
10680.0,4430.091368062826,3521.6259995325436,0.0,0.9704545340635004,0.3569241287956684
10740.0,4444.7294600836585,3531.5629251379355,0.0,0.9700528504929368,0.35800427035281285
10800.0,4459.12904587438,3541.3336225399435,0.0,0.9696578342106064,0.35906701642981176
10860.0,4473.291859358851,3550.939509254854,0.0,0.9692690294441588,0.36011249016617913
10920.0,4487.219691205585,3560.382036805636,0.0,0.9688877937614733,0.3611408217226129
10980.0,4500.917023393555,3569.6645130025636,0.0,0.9685116091618589,0.36215233233976524
11040.0,4514.380657689067,3578.7849111456776,0.0,0.9681424375008231,0.36314678732905453
11100.0,4527.61518386896,3587.7465946931625,0.0,0.9677794880461701,0.3641245172456819
11160.0,4540.622637495955,3596.551146807962,0.0,0.9674229830373482,0.36508566795788605
11220.0,4553.405197065973,3605.200247571298,0.0,0.9670727721551917,0.36603039482215616
11280.0,4565.965000191246,3613.695533158558,0.0,0.9667284191428633,0.36695884999630324
11340.0,4578.304316670687,3622.038731129764,0.0,0.9663903471923221,0.3678711964433028
11400.0,4590.4253729597385,3630.231524029562,0.0,0.9660581375109839,0.36876759279591903
11460.0,4602.330501358769,3638.2756661836993,0.0,0.9657323784886406,0.36964820692880573
11520.0,4614.024776947098,3646.1747863292017,0.0,0.9654116675418091,0.3705134050794882
11580.0,4625.505115249091,3653.926900971253,0.0,0.9650972289298476,0.37136295883548465
11640.0,4636.776686467892,3661.5356907593596,0.0,0.9647884091993646,0.3721972415474893
11700.0,4647.841912754357,3669.0029416267894,0.0,0.9644854947875707,0.3730164274077477
11760.0,4658.703336666505,3676.3305191873774,0.0,0.9641880373452842,0.37382069788600814
11820.0,4669.363398893915,3683.5202083751406,0.0,0.963896334143981,0.3746102287788337
11880.0,4679.824649020104,3690.573865610865,0.0,0.9636098081971453,0.37538520201536396
11940.0,4690.08965144039,3697.49335278138,0.0,0.9633288857110516,0.3761458025655364
12000.0,4700.160922736014,3704.2804899338144,0.0,0.9630531529622336,0.37689221060218026
12060.0,4710.041082643183,3710.937166202984,0.0,0.962782588771183,0.3776246143844931
12120.0,4719.732654604475,3717.465196234841,0.0,0.9625174923924329,0.3783431961178262
12180.0,4729.238297598506,3723.866485531336,0.0,0.9622572477448618,0.37904814594008857
12240.0,4738.560545795484,3730.142846379758,0.0,0.9620022723440842,0.3797396472626608
12300.0,4747.702067628139,3736.296181014959,0.0,0.961752027055921,0.38041789125410497
12360.0,4756.665404639527,3742.3282977267945,0.0,0.9615069109253772,0.3810830620277596
12420.0,4765.453229787767,3748.2410927427104,0.0,0.9612663440137108,0.38173535120080254
12480.0,4774.070883593298,3754.0382673379286,0.0,0.9610307375428477,0.38237514954333773
12540.0,4782.515726917574,3759.7181095785068,0.0,0.9607996961045033,0.38300225793962994
12600.0,4790.792446560844,3765.2838511936734,0.0,0.9605733870718005,0.3836170187913387
12660.0,4798.904016562612,3770.7375846000227,0.0,0.9603515014699745,0.3842196462040861
12720.0,4806.853036226582,3776.0811350626614,0.0,0.9601338271076955,0.38481032781756
12780.0,4814.644809484369,3781.318155714962,0.0,0.9599209754120342,0.3853894528078207
12840.0,4822.276358622179,3786.446687664861,0.0,0.9597122384389134,0.38595679698939184
12900.0,4829.75299931503,3791.470384556435,0.0,0.9595078307274867,0.3865127490322631
12960.0,4837.077314410203,3796.3910474051886,0.0,0.9593071979145005,0.3870574950490339
13020.0,4844.257618377091,3801.214347776872,0.0,0.9591111921353708,0.38759164786789335
13080.0,4851.28465988553,3805.934080740075,0.0,0.9589190982390564,0.3881145204109107
13140.0,4858.16683864667,3810.5559690490995,0.0,0.9587308901217362,0.38862672862357095
13200.0,4864.906664970889,3815.0817531970147,0.0,0.9585464928628857,0.3891284547391439
13260.0,4871.509223335425,3819.5149065733362,0.0,0.9583660936649214,0.38962007212139116
13320.0,4877.971582765779,3823.8534930469546,0.0,0.9581893851900095,0.3901013610864146
13380.0,4884.298826960884,3828.100980223697,0.0,0.9580164142360229,0.39057269418894724
13440.0,4890.493364702901,3832.2590298040336,0.0,0.9578472025459853,0.39103424683603305
13500.0,4896.560173705156,3836.3310309855847,0.0,0.9576812360083606,0.3914863834906783
13560.0,4902.496327252169,3840.3150471669396,0.0,0.9575190084431028,0.3919288866421066
13620.0,4908.306762387287,3844.21443528448,0.0,0.9573601106804108,0.3923621176432052
13680.0,4913.993796919757,3848.0307873332667,0.0,0.9572047595257922,0.3927862459935379
13740.0,4919.5622273887975,3851.7673596252157,0.0,0.9570524386794664,0.3932016233011543
13800.0,4925.009178493704,3855.4222475777287,0.0,0.9569035975133018,0.39360803586547416
13860.0,4930.339411623245,3858.9986798445707,0.0,0.956757821544876,0.3940058326069998
13920.0,4935.555135055139,3862.498167410976,0.0,0.9566154576485111,0.3943951756134926
13980.0,4940.66378526369,3865.9257305360047,0.0,0.9564756147937712,0.3947766117562324
14040.0,4945.656846461952,3869.275673830209,0.0,0.9563390935648424,0.3951495107372962
14100.0,4950.541760229155,3872.5530175731014,0.0,0.9562055966124001,0.3955144203294303
14160.0,4955.320653528446,3875.7592119018923,0.0,0.95607481066322,0.39587149551822637
14220.0,4959.997897344198,3878.8972101127156,0.0,0.9559471016410718,0.39622105933362584
14280.0,4964.5707695884275,3881.9652066814256,0.0,0.9558219746896033,0.39656290751126805
14340.0,4969.045948611559,3884.9676991062206,0.0,0.9556997578608984,0.3968975337936908
14400.0,4973.420752441705,3887.9029081428403,0.0,0.9555800530692168,0.39722473712848766
14460.0,4977.701712606522,3890.775228737036,0.0,0.9554631304531823,0.3975450005314181
14520.0,4981.886181522298,3893.5829040488143,0.0,0.9553486224029117,0.39785812560375433
14580.0,4985.9805404283425,3896.3302245215937,0.0,0.955236798177559,0.39816458448522934
14640.0,4989.982177034563,3899.015456366989,0.0,0.9551272719601199,0.39846418138699785
14700.0,4993.897323608755,3901.6427867844445,0.0,0.9550203525747395,0.39875737773893016
14760.0,4997.723400881383,3904.2105035350996,0.0,0.9549156058032232,0.3990439801270144
14820.0,5001.466495885532,3906.7226934294044,0.0,0.9548133978519509,0.39932443956647956
14880.0,5005.12406169391,3909.1776653634065,0.0,0.9547132378713868,0.39959856494881957
14940.0,5008.704433235564,3911.5810066089825,0.0,0.954615481746655,0.3998669744046585
15000.0,5012.200262967557,3913.92781499929,0.0,0.9545199351525363,0.40012912131885675
15060.0,5015.619783886801,3916.2236066861738,0.0,0.9544263733172393,0.4003856148460791
15120.0,5018.960523632733,3918.466739881699,0.0,0.9543350994260104,0.4006362712693366
15180.0,5022.228123110685,3920.6609945798896,0.0,0.9542456429510673,0.4008815072270346
15240.0,5025.42014033878,3922.804748972744,0.0,0.954158489949509,0.4011211417042216
15300.0,5028.544312452774,3924.9031810339193,0.0,0.9540728881725264,0.4013557466193456
15360.0,5031.593733142905,3926.9516865001433,0.0,0.953989420200533,0.4015848096915031
15420.0,5034.576011100862,3928.955355365223,0.0,0.953907893473013,0.40180889452095747
15480.0,5037.488812405092,3930.912637465148,0.0,0.9538280940542673,0.40202782654003827
15540.0,5040.337315272805,3932.8269973622027,0.0,0.9537502761368821,0.4022419902054285
15600.0,5043.11922115994,3934.696908219406,0.0,0.9536739980908752,0.402451213071177
15660.0,5045.841639053722,3936.5271212777097,0.0,0.9535996630262286,0.4026560236314879
15720.0,5048.498141674115,3938.3133544307443,0.0,0.9535270429465662,0.4028559431424636
15780.0,5051.09572922257,3940.060284463233,0.0,0.9534558771376477,0.40305149042441757
15840.0,5053.632173901076,3941.7664315320653,0.0,0.9533866202900254,0.4032425004009361
15900.0,5056.114215262421,3943.436296244797,0.0,0.9533185211487212,0.40342947174167426
15960.0,5058.535711771532,3945.065788571069,0.0,0.9532521517408898,0.4036119487038358
16020.0,5060.9032648448165,3946.659315526744,0.0,0.9531874205798424,0.40379042119509817
16080.0,5063.214757600673,3948.2154709455785,0.0,0.9531239664177061,0.4039647304923055
16140.0,5065.476514569905,3949.7384753662277,0.0,0.9530621984187835,0.40413534741078005
16200.0,5067.682719431765,3951.2244567595662,0.0,0.9530018818299896,0.40430183840067746
16260.0,5069.8413944824715,3952.6787656234674,0.0,0.9529426622126363,0.4044647987966311
16320.0,5071.946868986389,3954.0976275948274,0.0,0.9528849288989039,0.40462380729316016
16380.0,5074.005172090579,3955.485063623986,0.0,0.9528286089877858,0.40477931170505616
16440.0,5076.014322382377,3956.839757605592,0.0,0.9527733971488614,0.40493116353204944
16500.0,5077.980087588583,3958.165554880437,0.0,0.952719698693686,0.4050797925256322
16560.0,5079.897092655858,3959.45887898329,0.0,0.9526672710572859,0.4052247978130056
16620.0,5081.772667192225,3960.7246142721265,0.0,0.9526157632844404,0.40536672361294335
16680.0,5083.601573107688,3961.9592760119517,0.0,0.9525655562101341,0.40550518067958835
16740.0,5085.389303119769,3963.166524297903,0.0,0.9525166245290613,0.40564057736002207
16800.0,5087.134006170489,3964.3451296942203,0.0,0.9524686473859975,0.4057727748279352
16860.0,5088.840933662364,3965.498590515798,0.0,0.9524219758288781,0.4059021645635538
16920.0,5090.505132018311,3966.6236122002624,0.0,0.952376435311737,0.40602837711649886
16980.0,5092.133273416861,3967.7246377761862,0.0,0.95233167375613,0.4061519080987435
17040.0,5093.720537915533,3968.7984620432194,0.0,0.9522880460722425,0.4062723992330231
17100.0,5095.2733766317615,3969.8493799019757,0.0,0.9522455174875065,0.40639033053052787
17160.0,5096.7871206822165,3970.874287011108,0.0,0.9522040549276964,0.40650535400322035
17220.0,5098.268019074303,3971.8773428320137,0.0,0.9521633270545079,0.4066179339925237
17280.0,5099.711526748974,3972.855525735407,0.0,0.9521236232985704,0.40672773247587823
17340.0,5101.123687461822,3973.8128577987627,0.0,0.9520849211185751,0.40683519933109524
17400.0,5102.500095478295,3974.746410357378,0.0,0.9520471999493963,0.40694000614328735
17460.0,5103.846605670534,3975.6600790505413,0.0,0.9520101341975634,0.4070425880691677
17520.0,5105.158930323625,3976.551013989706,0.0,0.9519740001550506,0.4071426261739344
17580.0,5106.442728312151,3977.42297976305,0.0,0.9519387994610011,0.4072405418707099
17640.0,5107.693845395111,3978.2732154870196,0.0,0.9519044978561315,0.407336025398529
17700.0,5108.917763966593,3979.1053677267605,0.0,0.951870765917525,0.40742948428873726
17760.0,5110.110441931781,3979.9167504082357,0.0,0.9518378824581328,0.4075206178690021
17820.0,5111.277173100615,3980.710884123426,0.0,0.9518058796079993,0.40760982055137623
17880.0,5112.414044730845,3981.4851690049322,0.0,0.9517746999984702,0.4076968004710098
17940.0,5113.526185958173,3982.243015609986,0.0,0.9517440032556517,0.40778193892312364
18000.0,5114.609790860139,3982.9818952900328,0.0,0.9517140938204725,0.4078649528583795
18060.0,5115.669806040816,3983.7050967748005,0.0,0.9516849950702542,0.4079462109007298
18120.0,5116.702551357579,3984.410175197832,0.0,0.9516566549613047,0.40802543849475725
18180.0,5117.7128193634135,3985.100316434381,0.0,0.9516287297618655,0.4081029919393102
18240.0,5118.697032501159,3985.7731439782438,0.0,0.9516015453543701,0.40817860522374233
18300.0,5119.659807607856,3986.431726509837,0.0,0.9515750777398214,0.4082526223697842
18360.0,5120.597687880722,3987.0737679218437,0.0,0.951549313616161,0.40832478552966484
18420.0,5121.515145683151,3987.7022405078287,0.0,0.9515239239932399,0.4083954272532199
18480.0,5122.408822102704,3988.3149133568486,0.0,0.9514992092414796,0.4084642977374315
18540.0,5123.2830240741905,3988.914648497488,0.0,0.9514751502583956,0.4085317179903715
18600.0,5124.134506394335,3989.4992906972475,0.0,0.9514517410811207,0.40859744592863695
18660.0,5124.967441475185,3990.0716122926424,0.0,0.9514286515333286,0.4086617918062282
18720.0,5125.7786770778475,3990.629519940207,0.0,0.9514061879679854,0.40872452121849273
18780.0,5126.572228302737,3991.175681180997,0.0,0.9513843195776779,0.4087859334512516
18840.0,5127.345051372742,3991.7080748310536,0.0,0.9513630523787437,0.40884580144445903
18900.0,5128.101035931271,3992.229284831954,0.0,0.9513420586596317,0.4089044144323468
18960.0,5128.837225989324,3992.7373484194795,0.0,0.951321639097727,0.4089615526087915
19020.0,5129.5573627097965,3993.234750672374,0.0,0.9513017697599284,0.4090174949036681
19080.0,5130.258593629629,3993.7195976788694,0.0,0.951282446233054,0.409072028477306
19140.0,5130.944541995904,3994.1942959848443,0.0,0.9512633656384755,0.40912542280759173
19200.0,5131.612438522039,3994.65700700973,0.0,0.9512448079688159,0.40917747194326126
19260.0,5132.265766682787,3995.1100442753336,0.0,0.9512267559769257,0.40922843565847306
19320.0,5132.901856699306,3995.5516353615467,0.0,0.9512091932629853,0.4092781146910145
19380.0,5133.524078878766,3995.9840184579157,0.0,0.9511918608304111,0.40932675980285965
19440.0,5134.129842621893,3996.4054737990714,0.0,0.9511749997202886,0.4093741782591094
19500.0,5134.72238934388,3996.818153823388,0.0,0.951158598263313,0.40942061183163364
19560.0,5135.29922090779,3997.2204002261306,0.0,0.9511426443943084,0.40946587405628065
19620.0,5135.863472917238,3997.6142950390313,0.0,0.9511268951744792,0.4095101982622357
19680.0,5136.412722070032,3997.998229708057,0.0,0.951111575040199,0.40955340413998137
19740.0,5136.949983336351,3998.3742060361,0.0,0.9510966769651616,0.40959571661330163
19800.0,5137.472921362157,3998.74067391503,0.0,0.951082179670239,0.40963696132577554
19860.0,5137.984450534467,3999.099568246278,0.0,0.9510678767969386,0.40967735522282117
19920.0,5138.482306537201,3999.449386135606,0.0,0.9510539603898651,0.40971672976481444
19980.0,5138.969292104323,3999.791988250261,0.0,0.9510404269318297,0.4097552940777228
20040.0,5139.443224710596,4000.125926038954,0.0,0.9510272605627043,0.40979288520933327
20100.0,5139.906813367904,4000.4529978512037,0.0,0.9510142663682805,0.4098297048350631
20160.0,5140.357942507005,4000.7717996260585,0.0,0.9510016240757175,0.40986559547340984
20220.0,5140.799216692906,4001.084060289401,0.0,0.9509893334507057,0.4099007514955129
20280.0,5141.228597989278,4001.38842735054,0.0,0.9509773716626214,0.40993502071097443
20340.0,5141.648602212915,4001.686570742967,0.0,0.9509655724936458,0.4099685904710031
20400.0,5142.0572547797055,4001.9771800626972,0.0,0.9509540906014061,0.4100013137442006
20460.0,5142.4569748610265,4002.261861020447,0.0,0.950942927515426,0.4100333710913457
20520.0,5142.845860076472,4002.5393511679363,0.0,0.9509320651774882,0.4100646204410971
20580.0,5143.2262469386105,4002.811201285399,0.0,0.9509213477384624,0.41009523580729174
20640.0,5143.596292698596,4003.0761885319625,0.0,0.9509109189089413,0.410125079962759
20700.0,5143.958243637954,4003.33580374089,0.0,0.9509007822358919,0.41015432058726026
20760.0,5144.310325146984,4003.5888693203565,0.0,0.950890916472975,0.41018282513008764
20820.0,5144.654705781934,4003.836824463983,0.0,0.9508811847245272,0.4102107551317662
20880.0,5144.989667156067,4004.078528916991,0.0,0.9508717146263144,0.41023798260088984
20940.0,5145.316711882871,4004.3149799040593,0.0,0.9508625302647388,0.41026461976033074
21000.0,5145.635782372317,4004.5461392828242,0.0,0.9508535188548956,0.4102906620210231
21060.0,5145.946556607802,4004.7717934454136,0.0,0.9508448967104924,0.4103160858583817
21120.0,5146.250533716909,4004.9929372384763,0.0,0.9508361471960449,0.41034100191868333
21180.0,5146.546123858086,4005.208515761979,0.0,0.9508277458378409,0.41036529265577193
21240.0,5146.83523378162,4005.4197943161785,0.0,0.9508195916783427,0.41038910017722163
21300.0,5147.116346351563,4005.625766265385,0.0,0.9508116492522413,0.41041231110321974
21360.0,5147.390715564453,4005.827263746885,0.0,0.9508038276877191,0.410435018829982
21420.0,5147.658330761332,4006.0242797375604,0.0,0.950796228650555,0.4104572228022213
21480.0,5147.919003755002,4006.2166894211923,0.0,0.9507887899067333,0.410478908803431
21540.0,5148.173466577881,4006.4049785604075,0.0,0.9507815710011885,0.4105001316334784
21600.0,5148.4216597094155,4006.589107703025,0.0,0.9507744905834553,0.4105208866396056
21660.0,5148.663231631074,4006.7688436579483,0.0,0.9507676163116519,0.41054114772897055
21720.0,5148.899061524824,4006.9447698008066,0.0,0.9507608545745407,0.41056098031427707
21780.0,5149.128703384689,4007.1165902452512,0.0,0.950754352660573,0.4105803514446234
21840.0,5149.353366814692,4007.285107578756,0.0,0.9507478527905707,0.4105993508099943
21900.0,5149.571698861215,4007.4494241721313,0.0,0.9507415626455223,0.4106178778767396
21960.0,5149.784805412698,4007.61027378836,0.0,0.9507354759385617,0.41063601520902066
22020.0,5149.992534411162,4007.7675555682417,0.0,0.9507294954203791,0.4106537512049073
22080.0,5150.1947248205115,4007.921162698009,0.0,0.9507236944055117,0.41067107401036906
22140.0,5150.392071765544,4008.071556390684,0.0,0.9507179785090354,0.41068803530053627
22200.0,5150.58447061182,4008.218667246768,0.0,0.9507124260453584,0.41070462744922287
22260.0,5150.771774911723,4008.3623981283076,0.0,0.9507069834091442,0.41072083937954373
22320.0,5150.954619806768,4008.5031704375233,0.0,0.9507017182357346,0.41073671869054673
22380.0,5151.132714637444,4008.640791356448,0.0,0.9506965435046792,0.4107522434539472
22440.0,5151.306046674056,4008.7752524589373,0.0,0.9506915426602477,0.4107674129176901
22500.0,5151.475591216838,4008.9072008086823,0.0,0.9506865732094127,0.41078229957270984
22560.0,5151.64024428072,4009.0359040012254,0.0,0.9506817521796282,0.41079682124380323
22620.0,5151.800894446411,4009.161951562151,0.0,0.9506770842463028,0.4108110443077853
22680.0,5151.957422907397,4009.2852646849396,0.0,0.9506724993937918,0.4108249597136164
22740.0,5152.109690422861,4009.405751007352,0.0,0.9506680577073515,0.4108385572038401
22800.0,5152.258254733281,4009.523780557094,0.0,0.9506636686507673,0.41085187821147123
22860.0,5152.403020543817,4009.639290123106,0.0,0.9506594141005806,0.41086491581745965
22920.0,5152.5438221969835,4009.752169816853,0.0,0.9506552341277348,0.4108776574949322
22980.0,5152.681418048506,4009.862922747731,0.0,0.9506511970901171,0.4108901600585219
23040.0,5152.815062557021,4009.971054325806,0.0,0.9506472424877823,0.41090236766249616
23100.0,5152.945198809784,4010.0768585074306,0.0,0.9506432901666083,0.4109143132035834
23160.0,5153.07235269295,4010.180684172051,0.0,0.9506395987585669,0.4109260366039358
23220.0,5153.195828326066,4010.282069679183,0.0,0.9506358595180827,0.41093748511210626
23280.0,5153.316427671821,4010.381547055527,0.0,0.9506323167378579,0.41094871923949494
23340.0,5153.4335160059345,4010.4786952324616,0.0,0.9506287933692154,0.41095969112757175
23400.0,5153.547738305436,4010.5739420906257,0.0,0.9506253876609146,0.41097044919975884
23460.0,5153.658878527784,4010.667144312559,0.0,0.9506220367045107,0.410980977158522
23520.0,5153.766917066153,4010.75828889543,0.0,0.9506188367296248,0.4109912737735475
23580.0,5153.872455760735,4010.8477751000164,0.0,0.9506155860906358,0.41100138350653737
23640.0,5153.974869156747,4010.935188006495,0.0,0.9506125274986794,0.41101126022810625
23700.0,5154.074870877744,4011.0210010301453,0.0,0.9506094383549484,0.41102095670029604
23760.0,5154.171892354341,4011.1048369894866,0.0,0.9506064948246999,0.41103043087800306
23820.0,5154.266443651775,4011.1870342594043,0.0,0.9506035811830433,0.41103972058022975
23880.0,5154.358452308531,4011.267544770957,0.0,0.950600763483691,0.4110488205548097
23940.0,5154.447840656941,4011.346317002955,0.0,0.9505979495044786,0.411057724768303
24000.0,5154.535117881659,4011.4236887415036,0.0,0.950595315869058,0.4110664716995639
24060.0,5154.619727854007,4011.499291060978,0.0,0.9505926763569171,0.41107501933464885
24120.0,5154.70222824034,4011.5734939098356,0.0,0.9505901352318238,0.41108340959576445
24180.0,5154.782421718851,4011.6461663882837,0.0,0.9505876254128353,0.4110916275725353
24240.0,5154.860294215544,4011.7172991599405,0.0,0.9505852642448578,0.4110996725016213
24300.0,5154.936279405034,4011.787179919808,0.0,0.9505828007285424,0.4111075761635491
24360.0,5155.009910524335,4011.8554990227512,0.0,0.950580508027177,0.4111153043570163
24420.0,5155.0817729817345,4011.922644820944,0.0,0.9505782028490546,0.4111229003680101
24480.0,5155.151390658368,4011.98830146323,0.0,0.9505760203635928,0.4111303289541214
24540.0,5155.219304998363,4012.052828136133,0.0,0.9505738213449626,0.4111376302263456
24600.0,5155.285077925753,4012.1159342252236,0.0,0.9505717454693857,0.4111447717953957
24660.0,5155.349230523673,4012.1779654099096,0.0,0.9505696469062375,0.41115179223529424
24720.0,5155.411340274403,4012.2386413963145,0.0,0.9505676740176242,0.4111586603403775
24780.0,5155.471908752368,4012.2982949223115,0.0,0.95056566974771,0.4111654131998566
24840.0,5155.530511878939,4012.3566446580144,0.0,0.950563775197894,0.4111720194730428
24900.0,5155.587550681337,4012.4139566399012,0.0,0.9505618762761506,0.4111785088425732
24960.0,5155.642957799733,4012.470186180432,0.0,0.950560060623296,0.4111848764911945
25020.0,5155.696739526704,4012.525337453326,0.0,0.9505582732186161,0.4111911227518021
25080.0,5155.74885861672,4012.5793857484687,0.0,0.9505566237776786,0.4111972451116738
25140.0,5155.799648496084,4012.6325522583347,0.0,0.950554834883288,0.41120326779878863
25200.0,5155.848751249422,4012.6845995416206,0.0,0.9505532308421223,0.41120916486927966
25260.0,5155.896587543913,4012.7358066659153,0.0,0.9505515587648886,0.41121496713154554
25320.0,5155.942810371939,4012.7859434262105,0.0,0.9505500267895166,0.4112206491687404
25380.0,5155.9878336098,4012.8352843853836,0.0,0.9505484373775049,0.4112262414194185
25440.0,5156.031317985732,4012.8836044697355,0.0,0.9505469783777358,0.41123171899427663
25500.0,5156.073661153397,4012.9311674808305,0.0,0.9505454634608594,0.4112371111478211
25560.0,5156.114536354283,4012.9777566454527,0.0,0.9505440779560916,0.4112423939193318
25620.0,5156.154326155994,4013.0236257580104,0.0,0.9505426300455592,0.41124759542278694
25680.0,5156.192716689923,4013.0685665955657,0.0,0.9505413135438421,0.4112526926814964
25740.0,5156.230073664521,4013.112821769107,0.0,0.9505399305105297,0.4112577125347864
25800.0,5156.266096697905,4013.156192001975,0.0,0.9505386783575575,0.4112626330225172
25860.0,5156.301135692993,4013.1989094206497,0.0,0.950537358544921,0.4112674798017408
25920.0,5156.334903273414,4013.2407833755788,0.0,0.9505361686790834,0.4112722318845048
25980.0,5156.367733790463,4013.282035677167,0.0,0.9505349080906798,0.41127691376072856
26040.0,5156.399351258284,4013.322483231545,0.0,0.9505337814484544,0.41128150531099844
26100.0,5156.430077750726,4013.3623397052465,0.0,0.9505325734004085,0.41128603007164405
26160.0,5156.4596459422955,4013.4014277487463,0.0,0.9505315140024837,0.4112904686331962
26220.0,5156.488368047771,4013.4399544892717,0.0,0.9505303489721334,0.41129484369900005
26280.0,5156.515983425706,4013.477747010286,0.0,0.9505293652249207,0.41129913649985955
26340.0,5156.542796226498,4013.515007090665,0.0,0.9505282295218811,0.41130336894102
26400.0,5156.568550452408,4013.5515648928026,0.0,0.950527339181591,0.411307522873812
26460.0,5156.593544855178,4013.5876186163464,0.0,0.9505262099286862,0.4113116194259064
26520.0,5156.617593644999,4013.6230450001503,0.0,0.9505252398313654,0.4113156456977008
26580.0,5156.640787473304,4013.6579041839454,0.0,0.9505242870457676,0.4113196081124114
26640.0,5156.663081701771,4013.692166550888,0.0,0.9505235078270637,0.4113235037205934
26700.0,5156.684690908707,4013.7259744598673,0.0,0.950522453407723,0.4113273474472962
26760.0,5156.705439519697,4013.7592114251966,0.0,0.9505215742189455,0.41133112728601606
26820.0,5156.725411993165,4013.791933478876,0.0,0.9505207077114969,0.41133484914596946
26880.0,5156.744626376682,4013.8241525927265,0.0,0.950519869971034,0.4113385144155841
26940.0,5156.763101325455,4013.8558811420294,0.0,0.9505190441884029,0.4113421244471768
27000.0,5156.7808540033,4013.8871305123957,0.0,0.9505182466470292,0.41134568056365356
27060.0,5156.79790226164,4013.9179125459736,0.0,0.9505174588906725,0.41134918405320847
27120.0,5156.814262760345,4013.9482382941083,0.0,0.9505167002759037,0.4113526362087393
27180.0,5156.829953497405,4013.9781196963213,0.0,0.9505159494083192,0.41135603832214906
27240.0,5156.844986799359,4014.007564929146,0.0,0.9505152264784605,0.41135939136454397
27300.0,5156.859383375705,4014.0365877311388,0.0,0.9505145108902325,0.41136269683251325
27360.0,5156.87315262026,4014.0651943332236,0.0,0.9505138225020666,0.41136595547716315
27420.0,5156.886315788493,4014.0933988363117,0.0,0.9505131401478969,0.41136916883451397
27480.0,5156.898882266428,4014.121207466232,0.0,0.9505124840361429,0.4113723376559869
27540.0,5156.910868690939,4014.1486312597985,0.0,0.9505118345090925,0.4113754631361478
27600.0,5156.92228732943,4014.175678354596,0.0,0.9505112097596093,0.41137854623682224
27660.0,5156.933154943372,4014.20235987021,0.0,0.9505105904387975,0.41138158816268683
27720.0,5156.943481404406,4014.2286823548343,0.0,0.9505099948972495,0.41138458969690683
27780.0,5156.953280604869,4014.254655024602,0.0,0.9505094049857162,0.4113875518326947
27840.0,5156.9625673421,4014.280287695801,0.0,0.9505088379134041,0.41139047571860454
27900.0,5156.97135060436,4014.305586330996,0.0,0.9505082760344894,0.41139336198254434
27960.0,5156.979643654943,4014.3305597288013,0.0,0.9505077355904604,0.4113962116560229
28020.0,5156.987458516303,4014.3552158649354,0.0,0.9505072002119532,0.41139902559694147
28080.0,5156.9948064588225,4014.3795622158787,0.0,0.9505066854073099,0.4114018046860451
28140.0,5157.001698772928,4014.403606271758,0.0,0.9505061752521484,0.4114045497276397
28200.0,5157.008146226723,4014.4273551758997,0.0,0.95050568486643,0.411407261563983
28260.0,5157.014159713345,4014.4508161549243,0.0,0.9505051986943901,0.4114099409706171
28320.0,5157.019749452292,4014.4739959882586,0.0,0.950504731624786,0.4114125887482381
28380.0,5157.024925573139,4014.4969013960003,0.0,0.9505042682244094,0.41141520561563183
28440.0,5157.029698678378,4014.5195394117623,0.0,0.9505038234453526,0.4114177924023011
28500.0,5157.034076913848,4014.5419154395604,0.0,0.9505033816622122,0.4114203496782812
28560.0,5157.038077594712,4014.564040966822,0.0,0.9505029581862309,0.41142287877578854
28620.0,5157.041695617047,4014.585912606634,0.0,0.9505025366502032,0.4114253792725534
28680.0,5157.044954185108,4014.6075457538436,0.0,0.9505021337549919,0.4114278529444952
28740.0,5157.047847862911,4014.6289368012626,0.0,0.9505017316239723,0.4114302993407831
28800.0,5157.050398830893,4014.6501004645525,0.0,0.9505013484668043,0.41143272016456867
28860.0,5157.052602481261,4014.671033686064,0.0,0.9505009644670589,0.4114351150221268
28920.0,5157.054479286509,4014.6917500483423,0.0,0.9505006005368255,0.4114374854956577
28980.0,5157.056025587485,4014.712247123214,0.0,0.9505002332993743,0.41143983125352707
29040.0,5157.057260090074,4014.7325373211493,0.0,0.9504998883171107,0.4114421537574263
29100.0,5157.05818015511,4014.752618890821,0.0,0.950499536263203,0.4114444527372193
29160.0,5157.058802706028,4014.772503060065,0.0,0.9504992103343093,0.41144672954030187
29220.0,5157.05913054762,4014.7921916897653,0.0,0.9504988709290055,0.4114489842780395
29280.0,5157.059169904874,4014.81168890924,0.0,0.9504985657527303,0.41145121753403713
29340.0,5157.058929019286,4014.8310001869095,0.0,0.9504982355051673,0.41145342977724425
29400.0,5157.0584126771355,4014.850128697278,0.0,0.9504979537493653,0.4114556215478591
29460.0,5157.057646561708,4014.8690914816693,0.0,0.9504976424686887,0.411457794572362
29520.0,5157.056594788807,4014.8878647298184,0.0,0.9504973566765923,0.41145994630443433
29580.0,5157.0552908885975,4014.9064706891886,0.0,0.95049706554083,0.41146207917423094
29640.0,5157.053741683589,4014.92491388589,0.0,0.9504967993902672,0.4114641937669661
29700.0,5157.051949983494,4014.943196184293,0.0,0.9504965156386999,0.41146629018699626
29760.0,5157.049920215398,4014.961320520873,0.0,0.9504962710270767,0.41146836890597405
29820.0,5157.047660223226,4014.9792921007124,0.0,0.9504959881395902,0.41147043031822655
29880.0,5157.045187945949,4014.997122825264,0.0,0.9504957529708367,0.4114724759781512
29940.0,5157.042476521935,4015.0147948718836,0.0,0.9504955051984408,0.4114745037278388
30000.0,5157.039553788277,4015.032326710406,0.0,0.9504952701408689,0.41147651571118576
30060.0,5157.036417617487,4015.049716929109,0.0,0.9504950311325279,0.4114785117277473
30120.0,5157.033079452387,4015.0669731200474,0.0,0.9504948115875104,0.4114804926910455
30180.0,5157.029541533208,4015.0840967698105,0.0,0.9504945770755204,0.4114824586831137
30240.0,5157.025807386063,4015.1010902172557,0.0,0.9504943782226534,0.4114844100931127
30300.0,5157.021883883597,4015.1179580232156,0.0,0.9504941390175153,0.4114863472462648
30360.0,5157.01778560957,4015.1347098630604,0.0,0.9504939501688116,0.41148827145787414
30420.0,5157.01349034311,4015.1513309933807,0.0,0.9504937440072565,0.4114901808987328
30480.0,5157.009020459312,4015.167836260083,0.0,0.9504935539103014,0.41149207732444143
30540.0,5157.004377850674,4015.184226919068,0.0,0.950493350732687,0.41149396080415934
30600.0,5156.999565499051,4015.2005049481922,0.0,0.9504931805584544,0.41149583167510956
30660.0,5156.9945896300715,4015.2166744791016,0.0,0.9504929690877741,0.41149769021840266
30720.0,5156.98946263479,4015.2327437323174,0.0,0.9504928097497225,0.4114995375921875
30780.0,5156.98416535715,4015.2486999980842,0.0,0.9504926293184713,0.4115013721825969
30840.0,5156.9787167204395,4015.2645558319896,0.0,0.9504924690522957,0.41150319550674597
30900.0,5156.973119177431,4015.280312861964,0.0,0.950492285697119,0.4115050076406937
30960.0,5156.967385115946,4015.2959793068853,0.0,0.9504921354920861,0.4115068096501064
31020.0,5156.961496089572,4015.31154292755,0.0,0.9504919728208733,0.41150860004265954
31080.0,5156.955469807496,4015.3270154741817,0.0,0.9504918258527423,0.411510380212244
31140.0,5156.949308249344,4015.342398260695,0.0,0.9504916613454124,0.4115121502243873
31200.0,5156.943012943109,4015.3576923001797,0.0,0.9504915385209611,0.4115139103402309
31260.0,5156.936599053905,4015.372907656158,0.0,0.9504913762224528,0.41151566149225816
31320.0,5156.930048376672,4015.3880322481255,0.0,0.9504912430926412,0.4115174024896339
31380.0,5156.9233749692075,4015.403075404507,0.0,0.9504910926928303,0.41151913426818465
31440.0,5156.916580035092,4015.418037923142,0.0,0.9504909843050858,0.41152085706495306
31500.0,5156.909677832757,4015.432929266053,0.0,0.9504908340117503,0.4115225717377932
31560.0,5156.902651134493,4015.4477380011767,0.0,0.950490715489085,0.41152427718143164
31620.0,5156.8955133053205,4015.462472997425,0.0,0.9504905738985371,0.41152597425906895
31680.0,5156.8882735609595,4015.4771403689333,0.0,0.9504904661280025,0.41152766380084616
31740.0,5156.880919355522,4015.491731791917,0.0,0.950490340543554,0.41152934474066816
31800.0,5156.873460485358,4015.506253766045,0.0,0.9504902393930423,0.4115310179157739
31860.0,5156.865901427263,4015.520709262798,0.0,0.9504900970453951,0.41153268349806066
31920.0,5156.858249187599,4015.535102929739,0.0,0.9504900110893613,0.41153434225345764
31980.0,5156.850493561548,4015.5494279971235,0.0,0.9504898894180536,0.41153599319050416
32040.0,5156.842642121403,4015.563689488292,0.0,0.9504898144094113,0.41153763707971225
32100.0,5156.834707493504,4015.5778957826633,0.0,0.9504896864419946,0.4115392746179647
32160.0,5156.826674191038,4015.592036603046,0.0,0.9504896023770324,0.41154090488767664
32220.0,5156.818560965023,4015.6061243923446,0.0,0.9504894908919673,0.41154252911384953
32280.0,5156.810354200725,4015.6201501162222,0.0,0.9504894047705702,0.4115441464095248
32340.0,5156.802064687262,4015.634120934443,0.0,0.9504892914050175,0.4115457574508584
32400.0,5156.793698868465,4015.6480411216585,0.0,0.9504892187007293,0.41154736288808685
32460.0,5156.785247622494,4015.6619046266073,0.0,0.9504891166074659,0.4115489618654514
32520.0,5156.776724103802,4015.6757201767105,0.0,0.9504890423234069,0.4115505555083463
32580.0,5156.768118868813,4015.6894815069504,0.0,0.9504889481847827,0.4115521429924991
32640.0,5156.759438507426,4015.7031929891155,0.0,0.9504888889253222,0.4115537249463944
32700.0,5156.75069321113,4015.7168613867384,0.0,0.9504887867717767,0.41155530193907086
32760.0,5156.741869928159,4015.7304780386603,0.0,0.9504887266422941,0.4115568732053964
32820.0,5156.732984627803,4015.744053542018,0.0,0.9504886323952497,0.41155843975042866
32880.0,5156.72402512475,4015.7575798108483,0.0,0.9504885733726737,0.4115600008351819
32940.0,5156.715006500042,4015.7710668526965,0.0,0.9504884849188783,0.41156155742679285
33000.0,5156.70591718007,4015.7845069876557,0.0,0.950488428289574,0.41156310881195557
33060.0,5156.696771579211,4015.7979097807993,0.0,0.9504883440946014,0.41156465592102165
33120.0,5156.687558549192,4015.8112678345246,0.0,0.9504882908695466,0.4115661980657435
33180.0,5156.6782920156265,4015.8245903895586,0.0,0.9504882096049769,0.4115677361408697
33240.0,5156.668961091352,4015.837870221562,0.0,0.9504881608135459,0.41156926948258565
33300.0,5156.659579387127,4015.851116362379,0.0,0.95048808106781,0.41157079895113435
33360.0,5156.650136097686,4015.864321641934,0.0,0.9504880380545397,0.4115723239066271
33420.0,5156.640644727297,4015.8774950215493,0.0,0.9504879580077702,0.4115738451756932
33480.0,5156.631094314544,4015.89062922734,0.0,0.9504879228587765,0.4115753621421123
33540.0,5156.621498553899,4015.903733347118,0.0,0.9504878397775688,0.4115768755994362
33600.0,5156.61185109367,4015.916803165269,0.0,0.9504877963860797,0.4115783852901833
33660.0,5156.602150864053,4015.9298379736456,0.0,0.9504877254232176,0.4115798909675655
33720.0,5156.592405968813,4015.942843147658,0.0,0.9504876906747055,0.41158139339565
33780.0,5156.582611277916,4015.9558152856566,0.0,0.9504876132757948,0.41158289199533254
33840.0,5156.572773389914,4015.9687587636085,0.0,0.9504875919749922,0.41158438750486764
33900.0,5156.56289226289,4015.9816735560153,0.0,0.9504875257249482,0.41158587967050525
33960.0,5156.552962151031,4015.9945558494005,0.0,0.9504875017034998,0.4115873682789779
34020.0,5156.5429952829445,4016.0074137588012,0.0,0.9504874251310826,0.41158885400937956
34080.0,5156.532985328078,4016.020243082442,0.0,0.9504873967957911,0.41159033663848343
34140.0,5156.522932444147,4016.0330439273275,0.0,0.9504873235558173,0.4115918159470924
34200.0,5156.512841820105,4016.045819733645,0.0,0.9504873150546218,0.4115932925950735
34260.0,5156.502714412397,4016.058571138908,0.0,0.950487248774261,0.4115947663500721
34320.0,5156.492548009013,4016.0712966737105,0.0,0.9504872226562684,0.411596237289684
34380.0,5156.48234261588,4016.0839963442427,0.0,0.9504871542554858,0.4115977052099067
34440.0,5156.47210283173,4016.096673198928,0.0,0.9504871507949152,0.4115991707204583
34500.0,5156.461829962203,4016.109328107182,0.0,0.9504870852710573,0.41160063360397386
34560.0,5156.451521349162,4016.121959303313,0.0,0.9504870670830786,0.41160209393311503
34620.0,5156.44118041804,4016.134569061906,0.0,0.9504870147711526,0.4116035517619296
34680.0,5156.430802235688,4016.1471541089213,0.0,0.950487008298875,0.41160500692003243
34740.0,5156.420397739787,4016.159721702975,0.0,0.9504869311234071,0.41160645993597156
34800.0,5156.409959711022,4016.17226705171,0.0,0.95048693107374,0.4116079106367815
34860.0,5156.399493367487,4016.1847936203744,0.0,0.9504868682617162,0.41160935906560064
34920.0,5156.3889956655585,4016.1972993872496,0.0,0.9504868605809056,0.4116108052873385
34980.0,5156.378470573255,4016.2097869873924,0.0,0.9504868061290419,0.41161224934590035
35040.0,5156.367915898221,4016.222254964451,0.0,0.9504867951045711,0.41161369130113884
35100.0,5156.35733493458,4016.234705505955,0.0,0.9504867456265321,0.4116151311962412
35160.0,5156.34672590829,4016.2471374333763,0.0,0.9504867337875089,0.4116165690873434
35220.0,5156.336091781949,4016.2595527140943,0.0,0.950486687071936,0.4116180050160784
35280.0,5156.325430921891,4016.2719502628133,0.0,0.9504866762062437,0.41161943903576514
35340.0,5156.314746203025,4016.2843319887033,0.0,0.9504866304630828,0.4116208711859165
35400.0,5156.304035909249,4016.296696751724,0.0,0.9504866222160702,0.4116223015177737
35460.0,5156.2933030522545,4016.309046551923,0.0,0.9504865755521769,0.4116237300682127
35520.0,5156.282545596674,4016.321380037207,0.0,0.9504865719421883,0.4116251568871699
35580.0,5156.271766964091,4016.3336994799033,0.0,0.950486521790082,0.41162658200822594
35640.0,5156.260964473623,4016.346003099171,0.0,0.9504865259078052,0.41162800548103157
35700.0,5156.250142371027,4016.3582937147826,0.0,0.950486468102509,0.41162942733481167
35760.0,5156.239296791854,4016.370568759769,0.0,0.9504864853925665,0.41163084762053886
35820.0,5156.228433531925,4016.382832083491,0.0,0.9504864123284354,0.41163226636114525
35880.0,5156.217546547589,4016.3950796715376,0.0,0.9504864533070525,0.4116336836118103
35940.0,5156.20664458573,4016.4073173334286,0.0,0.950486349849158,0.41163509938533815
36000.0,5156.195717421797,4016.419538277731,0.0,0.950486436361508,0.41163651374681676
36060.0,5156.184779671998,4016.4317522125125,0.0,0.9504862701138638,0.41163792669083016
36120.0,5156.173812609041,4016.443946698624,0.0,0.9504864507052213,0.4116393383045748
36180.0,5156.162843236768,4016.4561396723457,0.0,0.9504861473545213,0.4116407485462263
36240.0,5156.151834330213,4016.468306407835,0.0,0.9504865374374359,0.41164215755318967
36300.0,5156.140830287119,4016.480476393872,0.0,0.9504862735792768,0.4116435653026211
36360.0,5156.129798741087,4016.4926281362905,0.0,0.9504862680870536,0.41164497163789027
36420.0,5156.118754150609,4016.504771232814,0.0,0.950486222986083,0.41164637690057626
36480.0,5156.107691553852,4016.5169023898184,0.0,0.9504862482730434,0.41164778099268584
36540.0,5156.096617141659,4016.529025719349,0.0,0.9504861621533912,0.41164918392614774
36600.0,5156.085521863804,4016.5411352096976,0.0,0.9504862591552926,0.4116505857549131
36660.0,5156.0744216805115,4016.55324146224,0.0,0.9504860514240512,0.4116519864621378
36720.0,5156.063290531488,4016.565327166265,0.0,0.9504863648701098,0.4116533861481031
36780.0,5156.052163439978,4016.5774155848135,0.0,0.9504861382664551,0.41165478479890766
36840.0,5156.041013250904,4016.589488684412,0.0,0.9504861365532342,0.41165618228199835
36900.0,5156.029852765464,4016.6015549624126,0.0,0.9504860897269942,0.4116575788844004
36960.0,5156.018676346092,4016.613610676199,0.0,0.9504861353190501,0.4116589745259092
37020.0,5156.007492843119,4016.6256617046324,0.0,0.9504860062837822,0.41166036920583265
37080.0,5155.996286102593,4016.637697316974,0.0,0.950486217267822,0.4116617629929962
37140.0,5155.985079432162,4016.649732995139,0.0,0.9504860600761295,0.411663155873318
37200.0,5155.9738557707,4016.6617574092966,0.0,0.9504860119786198,0.41166454775530487
37260.0,5155.9626179224815,4016.673772416818,0.0,0.9504860911881549,0.4116659388934776
37320.0,5155.951378038935,4016.685786091953,0.0,0.9504858830896988,0.4116673291680617
37380.0,5155.9401170902065,4016.6977857929373,0.0,0.9504859974343174,0.4116687186687328
37440.0,5155.928848583377,4016.70978049297,0.0,0.9504860073850724,0.41167010734665843
37500.0,5155.917571911102,4016.721769788155,0.0,0.950485946339423,0.41167149523926033
37560.0,5155.906279815295,4016.7337488568437,0.0,0.9504860490862613,0.4116728823862753
37620.0,5155.894990011495,4016.745729467413,0.0,0.9504857692459691,0.4116742687569621
37680.0,5155.883676303333,4016.757694216329,0.0,0.9504859498473268,0.41167565448375465
37740.0,5155.872358125362,4016.769656018453,0.0,0.950485922016825,0.4116770393609069
37800.0,5155.861029619661,4016.781610976452,0.0,0.9504859641481088,0.411678423640597
37860.0,5155.8496980396285,4016.79356391115,0.0,0.950485820213945,0.4116798072302452
37920.0,5155.838342210355,4016.8055007555354,0.0,0.9504861591630689,0.41168119020598104
37980.0,5155.8269975641215,4016.817445046694,0.0,0.9504858973325627,0.41168257252890006
38040.0,5155.815637189369,4016.829378914462,0.0,0.9504857746506661,0.41168395402285785
38100.0,5155.8042642420005,4016.8413044429712,0.0,0.9504858671666472,0.41168533511155464
38160.0,5155.792884979827,4016.8532257953807,0.0,0.9504859026472146,0.41168671558805275
38220.0,5155.781503406367,4016.865145630998,0.0,0.9504857663447993,0.411688095467045
38280.0,5155.770098168999,4016.8770497643195,0.0,0.9504861318600532,0.4116894748228921
38340.0,5155.758706867008,4016.8889631728325,0.0,0.9504858444974011,0.4116908536025454
38400.0,5155.747300227451,4016.900866417003,0.0,0.9504857308369301,0.41169223166824614
38460.0,5155.7358811212835,4016.912761391563,0.0,0.9504858565968557,0.41169360939669886
38520.0,5155.724462926634,4016.924656990654,0.0,0.9504857310521498,0.4116949865714446
38580.0,5155.713032176555,4016.9365442667586,0.0,0.950485787957393,0.41169636326145276
38640.0,5155.701593395919,4016.948426226054,0.0,0.9504858890715224,0.41169773946215665
38700.0,5155.690161231582,4016.9603125992803,0.0,0.9504855821680269,0.4116991151469568
38760.0,5155.678706699729,4016.972184129251,0.0,0.9504857915481663,0.41170049044136453
38820.0,5155.6672488118365,4016.984053454285,0.0,0.9504858467403741,0.41170186510441703
38880.0,5155.655797716243,4016.9959273048116,0.0,0.9504855579684856,0.41170323942319775
38940.0,5155.644325107685,4017.007786879475,0.0,0.9504857715753491,0.4117046133810017
39000.0,5155.632850097647,4017.0196448832307,0.0,0.9504858189247267,0.411705986748917
39060.0,5155.621381054038,4017.0315068637333,0.0,0.9504855576782367,0.4117073597985559
39120.0,5155.6098923433365,4017.043355794418,0.0,0.9504857530006366,0.411708732511615
39180.0,5155.598401595309,4017.0552033959957,0.0,0.9504857872406703,0.41171010467488134
39240.0,5155.586914873212,4017.0670536850057,0.0,0.950485582420709,0.4117114765472754
39300.0,5155.575411827019,4017.07889314522,0.0,0.9504857386295108,0.4117128480960946
39360.0,5155.563908940969,4017.0907327331265,0.0,0.9504857063687606,0.41171421919125356
39420.0,5155.5523970969825,4017.1025663846617,0.0,0.9504858249571042,0.41171558999214325
39480.0,5155.540888209272,4017.114402017433,0.0,0.950485710089121,0.4117169604365013
39540.0,5155.529369405469,4017.1262310803177,0.0,0.9504857559527558,0.41171833053975215
39600.0,5155.517854924324,4017.138063032988,0.0,0.9504855266888504,0.41171970028535176
39660.0,5155.506323345623,4017.1498836422033,0.0,0.95048570461867,0.4117210697640541
39720.0,5155.494791489979,4017.161704091593,0.0,0.9504857096368313,0.4117224387953333
39780.0,5155.48325881622,4017.1735240097055,0.0,0.9504856499925931,0.4117238076061651
39840.0,5155.471712029936,4017.1853345686222,0.0,0.9504859046642157,0.4117251761430325
39900.0,5155.460176667562,4017.1971527343576,0.0,0.9504856862576037,0.4117265443621358
39960.0,5155.448629059124,4017.2089627874607,0.0,0.9504856857024577,0.41172791220816995
40020.0,5155.4370796688745,4017.2207716713892,0.0,0.9504856425950967,0.41172927981679136
40080.0,5155.425519078059,4017.232573128103,0.0,0.9504858514498806,0.4117306472142926
40140.0,5155.41396761945,4017.2443806689785,0.0,0.9504856695667752,0.4117320143269422
40200.0,5155.402405143399,4017.256180913311,0.0,0.9504856820446614,0.4117333811001479
40260.0,5155.390844129882,4017.2679821415177,0.0,0.9504855748395186,0.4117347476869821
40320.0,5155.379273484946,4017.2797769867634,0.0,0.9504856682470613,0.41173611405283983
40380.0,5155.367704648279,4017.2915730516174,0.0,0.9504855985915346,0.4117374801511544
40440.0,5155.3561255082395,4017.3033622873936,0.0,0.9504857525694057,0.4117388460354031
40500.0,5155.34455174355,4017.3151551115093,0.0,0.9504856450125883,0.4117402116744483
40560.0,5155.3329701432385,4017.3269427499517,0.0,0.9504856683021589,0.41174157705416414
40620.0,5155.32139222021,4017.338732846572,0.0,0.9504854978267989,0.4117429422296387
40680.0,5155.309801535171,4017.350514479436,0.0,0.9504856407907526,0.41174430722990435
40740.0,5155.298213402733,4017.3622978292697,0.0,0.9504855975320893,0.41174567196114675
40800.0,5155.2866132505615,4017.374073206782,0.0,0.9504858570690509,0.41174703654612455
40860.0,5155.275026211309,4017.3858573136886,0.0,0.9504856280029895,0.4117484009012197
40920.0,5155.263425875042,4017.397632608613,0.0,0.9504857018224766,0.41174976501567306
40980.0,5155.251829125064,4017.4094102977206,0.0,0.950485611807408,0.41175112899300154
41040.0,5155.2402244399445,4017.4211827318204,0.0,0.9504856882251079,0.4117524927915811
41100.0,5155.228622446535,4017.432956970999,0.0,0.9504856070509135,0.4117538564021644
41160.0,5155.217013049789,4017.4447263084676,0.0,0.9504856795220497,0.4117552198420513
41220.0,5155.205406214783,4017.456497364634,0.0,0.9504856019404515,0.41175658310293156
41280.0,5155.193792187482,4017.4682636592506,0.0,0.9504856750678164,0.4117579462016185
41340.0,5155.182180880137,4017.4800317776844,0.0,0.9504855965025995,0.4117593091290689
41400.0,5155.170562290112,4017.491795074427,0.0,0.9504856749650877,0.4117606719032458
41460.0,5155.158946874941,4017.5035604972645,0.0,0.9504855906578953,0.4117620345127326
41520.0,5155.1473237490245,4017.515320813871,0.0,0.9504856800944896,0.411763396978405
41580.0,5155.13570461523,4017.527083799661,0.0,0.9504855842003586,0.4117647592845446
41640.0,5155.124076901915,4017.5388411018102,0.0,0.9504856923934019,0.4117661214571761
41700.0,5155.112454117052,4017.5506016951163,0.0,0.9504855897141892,0.4117674834769166
41760.0,5155.100824570741,4017.5623578158443,0.0,0.950485627358267,0.4117688453412429
41820.0,5155.089199613354,4017.5741170001766,0.0,0.9504854741121765,0.41177020707666306
41880.0,5155.077564348746,4017.5858693510695,0.0,0.9504855897918053,0.4117715687100663
41940.0,5155.065932314276,4017.5976238691937,0.0,0.9504855381534925,0.41177293017211536
42000.0,5155.054294694134,4017.6093746890883,0.0,0.9504856180348054,0.4117742915441342
42060.0,5155.042662993009,4017.621129459691,0.0,0.9504854599191288,0.41177565277020084
42120.0,5155.031020764675,4017.632877250461,0.0,0.9504855825510632,0.41177701390712707
42180.0,5155.019382414418,4017.6446276390907,0.0,0.9504855235715295,0.41177837488571534
42240.0,5155.00773898618,4017.6563746664774,0.0,0.9504855850349854,0.41177973578473653
42300.0,5154.996099150806,4017.6681240991816,0.0,0.9504854848027191,0.41178109655318546
42360.0,5154.9844518448335,4017.679868582998,0.0,0.9504855747616114,0.4117824572364211
42420.0,5154.972807177362,4017.691614840923,0.0,0.9504855273102284,0.4117838177782839
42480.0,5154.9611573238935,4017.7033576659414,0.0,0.9504856066329394,0.4117851782482345
42540.0,5154.94951099221,4017.715102848313,0.0,0.9504855328425932,0.4117865386035222
42600.0,5154.937858910681,4017.7268442262457,0.0,0.9504855969582163,0.41178789887268985
42660.0,5154.926209558056,4017.7385874345964,0.0,0.9504855347801564,0.4117892590344336
42720.0,5154.91455194015,4017.750325166957,0.0,0.9504856905406037,0.41179061912050297
42780.0,5154.902902273159,4017.7620681992166,0.0,0.95048556104503,0.4117919790952394
42840.0,5154.891246911205,4017.7738074674885,0.0,0.9504855625263688,0.4117933389712129
42900.0,5154.87959193091,4017.785547006208,0.0,0.9504855152090017,0.41179469875647234
42960.0,5154.867932884734,4017.7972838559203,0.0,0.9504855665562643,0.4117960584838285
43020.0,5154.8562778618725,4017.8090233970775,0.0,0.9504854550931149,0.4117974181100718
43080.0,5154.8446149320935,4017.820757698938,0.0,0.9504855584008055,0.4117987776794514
43140.0,5154.832956171452,4017.8324947923024,0.0,0.9504854899319471,0.4118001371367245
43200.0,5154.821291940941,4017.844228263418,0.0,0.9504855667316316,0.41180149654670173
43260.0,5154.809634869597,4017.8559665101766,0.0,0.9504853860182392,0.4118028558551713
43320.0,5154.797965844214,4017.8676968273844,0.0,0.9504855501537766,0.41180421512675597
43380.0,5154.7863010405,4017.8794299713427,0.0,0.9504855440685339,0.4118055742940664
43440.0,5154.77463335809,4017.8911612158186,0.0,0.9504856033695456,0.41180693340978247
43500.0,5154.7629689278165,4017.902894637779,0.0,0.950485532974717,0.4118082924487188
43560.0,5154.751295589595,4017.914622156551,0.0,0.9504857114245585,0.4118096514406401
43620.0,5154.739632477333,4017.926356487402,0.0,0.9504855442528114,0.4118110103416441
43680.0,5154.7279627824355,4017.9380864640316,0.0,0.9504855490334801,0.4118123691791774
43740.0,5154.716294966514,4017.949817703273,0.0,0.9504854732461328,0.41181372795887006
43800.0,5154.7046216671515,4017.961545313585,0.0,0.9504855445849537,0.41181508669514444
43860.0,5154.692951587029,4017.9732750842472,0.0,0.9504854840144236,0.41181644534721196
43920.0,5154.681276685446,4017.9850016632313,0.0,0.9504855550634824,0.41181780396660983
43980.0,5154.669607194636,4017.996731855803,0.0,0.9504854319058083,0.41181916251079437
44040.0,5154.657929662702,4018.008456719211,0.0,0.9504855382613392,0.41182052102463684
44100.0,5154.646254782676,4018.020183366215,0.0,0.9504855328467791,0.41182187946184423
44160.0,5154.634577098535,4018.0319081630128,0.0,0.950485596807056,0.41182323786292446
44220.0,5154.622902846259,4018.0436352565466,0.0,0.9504855327909364,0.4118245962049226
44280.0,5154.611223800527,4018.055359184627,0.0,0.9504855922173551,0.4118259544969119
44340.0,5154.59954809661,4018.067085346559,0.0,0.9504855313112293,0.41182731274171486
44400.0,5154.5878677530945,4018.0788084452797,0.0,0.9504855902444456,0.41182867093908115
44460.0,5154.576190745692,4018.0905337740583,0.0,0.9504855297843338,0.41183002909116506
44520.0,5154.564509082549,4018.1022560288743,0.0,0.9504855908218398,0.41183138719872214
44580.0,5154.552830914964,4018.1139806197275,0.0,0.950485528202312,0.4118327452623452
44640.0,5154.541147898817,4018.125702008427,0.0,0.9504855942118091,0.4118341032847143
44700.0,5154.529468720676,4018.137425960784,0.0,0.9504855265409103,0.4118354612638969
44760.0,5154.517784293857,4018.1491464450046,0.0,0.9504856010638182,0.41183681920555354
44820.0,5154.506104274291,4018.16086987127,0.0,0.9504855247548071,0.4118381771040513
44880.0,5154.494419250328,4018.172589988612,0.0,0.9504855870772128,0.4118395349741108
44940.0,5154.482737736747,4018.184312454974,0.0,0.9504855240943083,0.41184089279760483
45000.0,5154.47105116149,4018.196031577457,0.0,0.950485599412289,0.41184225058790797
45060.0,5154.459369089256,4018.2077537056525,0.0,0.9504855221189955,0.4118436083378019
45120.0,5154.447681821512,4018.2194723977987,0.0,0.9504855910611658,0.4118449660638274
45180.0,5154.435998537646,4018.2311937537524,0.0,0.9504855212898436,0.41184632374544555
45240.0,5154.424310452527,4018.2429119356907,0.0,0.9504855861779499,0.41184768140396616
45300.0,5154.412626116942,4018.2546326256784,0.0,0.9504855203358579,0.4118490390203592
45360.0,5154.400937161173,4018.266350261979,0.0,0.9504855842099996,0.4118503966149353
45420.0,5154.389251913428,4018.2780703787535,0.0,0.9504855192742273,0.41185175416904507
45480.0,5154.377562036858,4018.2897874360556,0.0,0.9504855850119774,0.41185311170306627
45540.0,5154.365876009966,4018.30150706802,0.0,0.950485518100842,0.4118544691976956
45600.0,5154.354185153152,4018.3132235067915,0.0,0.9504855888082612,0.4118558266744241
45660.0,5154.342498486176,4018.324942746372,0.0,0.9504855167901227,0.4118571841122083
45720.0,5154.330806566479,4018.3366585116555,0.0,0.9504855962400414,0.4118585415348247
45780.0,5154.319119418804,4018.34837746479,0.0,0.9504855152898725,0.41185989891819846
45840.0,5154.307426311641,4018.3600924737448,0.0,0.950485608510867,0.4118612562898611
45900.0,5154.2957387220895,4018.37181116593,0.0,0.9504855187217257,0.41186261362192755
45960.0,5154.284047562765,4018.3835275061665,0.0,0.9504855265694787,0.41186397093157073
46020.0,5154.272360307761,4018.395246455052,0.0,0.9504854037803278,0.41186532821063776
46080.0,5154.26066515915,4018.4069601716947,0.0,0.9504855181558537,0.41186668548935157
46140.0,5154.248973624998,4018.418676312378,0.0,0.950485506365714,0.41186804272780875
46200.0,5154.237275755309,4018.4303882542854,0.0,0.9504856848584352,0.41186939996589494
46260.0,5154.225588697646,4018.442107399333,0.0,0.9504855160326854,0.41187075715280563
46320.0,5154.213895291531,4018.453822345144,0.0,0.9504855335732333,0.41187211432957843
46380.0,5154.202204318089,4018.465538920961,0.0,0.950485467818475,0.4118734714831087
46440.0,5154.190509332027,4018.477252845063,0.0,0.9504855187861576,0.41187482862785024
46500.0,5154.178818056899,4018.48896925374,0.0,0.9504854442080074,0.4118761857406841
46560.0,5154.167121720796,4018.5006823133317,0.0,0.9504855197490152,0.4118775428491208
46620.0,5154.1554311668615,4018.5123992345193,0.0,0.9504854053831864,0.4118788999209138
46680.0,5154.143733220364,4018.524111256176,0.0,0.9504855146031538,0.41188025699612635
46740.0,5154.132038878794,4018.5358256957547,0.0,0.9504855006300246,0.4118816140377694
46800.0,5154.120342151167,4018.547538561689,0.0,0.950485555222176,0.41188297107245964
46860.0,5154.108648368193,4018.559253401197,0.0,0.9504855102277323,0.41188432808214787
46920.0,5154.096949570086,4018.5709649274513,0.0,0.9504856125350566,0.41188568508449397
46980.0,5154.085257080239,4018.5826806593864,0.0,0.9504855122613812,0.41188704205746185
47040.0,5154.073560652349,4018.594393794469,0.0,0.9504855258784124,0.4118883990208065
47100.0,5154.061866413061,4018.606108397259,0.0,0.950485465637902,0.41188975596606126
47160.0,5154.050168445873,4018.617820537422,0.0,0.9504855153699796,0.4118911129070749
47220.0,5154.038474740832,4018.6295355287543,0.0,0.9504854246181127,0.41189246982036504
47280.0,5154.0267751579095,4018.6412466273373,0.0,0.9504855116606113,0.41189382673676883
47340.0,5154.015078532629,4018.6529597137105,0.0,0.9504854978673128,0.4118951836266733
47400.0,5154.003379317333,4018.664671090642,0.0,0.9504855603148153,0.4118965405133983
47460.0,5153.991683627495,4018.676384827374,0.0,0.9504855065528466,0.41189789737733523
47520.0,5153.979982639923,4018.6880950592417,0.0,0.9504856121551444,0.41189925424231305
47580.0,5153.968288133267,4018.699809615307,0.0,0.9504855095844912,0.41190061107736586
47640.0,5153.956589554505,4018.7115214853525,0.0,0.9504855269767072,0.4119019679078433
47700.0,5153.944892293147,4018.7232342435,0.0,0.9504854990153673,0.41190332472573343
47760.0,5153.933192213408,4018.734945144561,0.0,0.9504855536247175,0.41190468153954474
47820.0,5153.921495256923,4018.7466581380604,0.0,0.9504855053699324,0.41190603833359324
47880.0,5153.909793220045,4018.758367771073,0.0,0.9504856105030057,0.4119073951301098
47940.0,5153.898097662018,4018.770081727043,0.0,0.9504855082190529,0.411908751898431
48000.0,5153.88639799685,4018.7817929736766,0.0,0.9504855279252599,0.41191010866459177
48060.0,5153.8746998864935,4018.7935052662237,0.0,0.9504854953985442,0.4119114654188533
48120.0,5153.862998252751,4018.8052152328623,0.0,0.9504855682132192,0.4119128221727881
48180.0,5153.851300904082,4018.8169280644856,0.0,0.950485502476097,0.41191417890533855
48240.0,5153.8395961726765,4018.8286360046577,0.0,0.9504856628619373,0.41191553564857003
48300.0,5153.8279014269765,4018.8403505996657,0.0,0.9504855067219614,0.4119168923552646
48360.0,5153.8162004155165,4018.8520610500136,0.0,0.9504855409116598,0.4119182490678668
48420.0,5153.8045015796015,4018.8637729586435,0.0,0.9504855040054319,0.4119196057681658
48480.0,5153.792798323458,4018.8754819455753,0.0,0.9504856009574503,0.4119209624718636
48540.0,5153.781101071577,4018.8871949400836,0.0,0.950485506297958,0.4119223191510845
48600.0,5153.769399911668,4018.898905357621,0.0,0.9504855286850413,0.4119236758307866
48660.0,5153.757700617652,4018.91061702786,0.0,0.9504854898553989,0.4119250324995652
48720.0,5153.745999029656,4018.9223271892115,0.0,0.9504855189662547,0.4119263891671586
48780.0,5153.73430095248,4018.934039701861,0.0,0.9504854344222349,0.4119277458173369
48840.0,5153.722597763003,4018.9457488305447,0.0,0.9504855063832738,0.41192910247509656
48900.0,5153.710897336645,4018.957459818218,0.0,0.9504854872190807,0.4119304591159533
48960.0,5153.69919515052,4018.969169647677,0.0,0.9504855205778988,0.4119318157568259
49020.0,5153.687494789525,4018.980880707223,0.0,0.9504854934112847,0.41193317238595034
49080.0,5153.67579067559,4018.9925892880124,0.0,0.9504855802383779,0.4119345290190361
49140.0,5153.664091650841,4019.0043012683477,0.0,0.9504855047736875,0.41193588563196903
49200.0,5153.6523893852755,4019.0160111153614,0.0,0.9504855264959664,0.41193724224603795
49260.0,5153.640689015143,4019.0277222346704,0.0,0.9504854866598393,0.41193859885053774
49320.0,5153.628986189155,4019.039431737359,0.0,0.9504855205874457,0.41193995545618717
49380.0,5153.61728530223,4019.051142545932,0.0,0.9504854908461012,0.41194131205081597
49440.0,5153.605582542299,4019.0628521254494,0.0,0.9504855167645551,0.41194266864528345
49500.0,5153.593881265157,4019.0745627074452,0.0,0.9504854934165373,0.4119440252303278
49560.0,5153.582176302448,4019.0862708553846,0.0,0.9504855825025327,0.4119453818205017
49620.0,5153.570476625649,4019.097982533804,0.0,0.9504855036333483,0.41194673839119494
49680.0,5153.558773467674,4019.1096919190663,0.0,0.9504855301262644,0.4119480949653331
49740.0,5153.547072033396,4019.121402462028,0.0,0.9504855008610282,0.41194945153139717
49800.0,5153.535365876387,4019.133109881809,0.0,0.9504856166134489,0.41195080810590784
49860.0,5153.52366697981,4019.144822144906,0.0,0.9504855028929595,0.41195216465600554
49920.0,5153.5119630249155,4019.1565310660344,0.0,0.9504855441615965,0.41195352121468276
49980.0,5153.500261794314,4019.1682418102446,0.0,0.9504854985224704,0.4119548777628597
50040.0,5153.48855281256,4019.179947417258,0.0,0.9504856928736921,0.41195623432853545
50100.0,5153.476856020253,4019.1916611452125,0.0,0.9504855037758123,0.41195759085651407
50160.0,5153.465154158238,4019.203371523969,0.0,0.9504854702311695,0.4119589473936644
50220.0,5153.453449997439,4019.215080385322,0.0,0.9504855070758355,0.4119603039347586
50280.0,5153.441752360227,4019.226793602529,0.0,0.9504853375001653,0.41196166045378585
50340.0,5153.4300439763665,4019.2384996875558,0.0,0.9504855022437112,0.4119630169999103
50400.0,5153.41833980451,4019.2502085960095,0.0,0.9504855323818379,0.41196437352974985
50460.0,5153.406637627858,4019.2619188426484,0.0,0.950485498690922,0.41196573005179277
50520.0,5153.39492902781,4019.2736248349024,0.0,0.9504856638372218,0.4119670865885644
50580.0,5153.383230795363,4019.2853377367874,0.0,0.9504855028492188,0.41196844309354547
50640.0,5153.37152831507,4019.297047836016,0.0,0.9504854721566768,0.41196979960652963
50700.0,5153.359823724206,4019.3087565428523,0.0,0.9504855062095248,0.41197115612352364
50760.0,5153.348125918502,4019.32046977969,0.0,0.9504853260034503,0.4119725126185838
50820.0,5153.3364166948,4019.3321754375324,0.0,0.9504855014186465,0.41197386914334666
50880.0,5153.324711898686,4019.3438840623994,0.0,0.9504855358931019,0.41197522565225514
50940.0,5153.31300940897,4019.3555942323733,0.0,0.9504854970210974,0.4119765821530293
51000.0,5153.301303818718,4019.3673023574506,0.0,0.9504855533713998,0.4119779386600346
51060.0,5153.2896016474315,4019.379012771714,0.0,0.9504855011862962,0.4119792951553138
51120.0,5153.277896873524,4019.390721477126,0.0,0.9504855282363227,0.4119806516549735
51180.0,5153.266193910254,4019.4024313979075,0.0,0.9504854975453555,0.41198200814812
51240.0,5153.254488348416,4019.414139607604,0.0,0.9504855465064834,0.4119833646464238
51300.0,5153.242785963959,4019.4258499462194,0.0,0.9504854945740099,0.41198472113392975
51360.0,5153.231079084875,4019.437557312684,0.0,0.9504855816810744,0.4119860776320713
51420.0,5153.219377542919,4019.4492682441455,0.0,0.950485500409251,0.4119874341135323
51480.0,5153.207671846478,4019.4609764346374,0.0,0.9504855471631721,0.411988790604321
51540.0,5153.1959693177205,4019.472686743029,0.0,0.9504854938410467,0.4119901470850902
51600.0,5153.184261889826,4019.4843938101717,0.0,0.9504855923326151,0.4119915035779207
51660.0,5153.172560520631,4019.4961049223,0.0,0.9504854999693245,0.4119928600522983
51720.0,5153.1608543247585,4019.507812846365,0.0,0.9504855568035314,0.4119942165382406
51780.0,5153.14915172964,4019.5195231759876,0.0,0.950485500114718,0.411995573013157
51840.0,5153.137446115677,4019.5312315199653,0.0,0.9504855361233193,0.4119969294947261
51900.0,5153.125742949497,4019.542941503014,0.0,0.9504854946874015,0.4119982859685562
51960.0,5153.114035593259,4019.554648716342,0.0,0.9504855830357604,0.41199964245284293
52020.0,5153.102333691923,4019.5663595731594,0.0,0.9504854995552093,0.4120009989207076
52080.0,5153.0906272585735,4019.5780674378802,0.0,0.9504855562387615,0.4120023553997772
52140.0,5153.078924421076,4019.5897777048926,0.0,0.9504854996460819,0.412003711868061
52200.0,5153.067218456961,4019.601485914588,0.0,0.9504855393001538,0.4120050683437459
52260.0,5153.0555152057905,4019.613195939698,0.0,0.9504854933049115,0.41200642481116956
52320.0,5153.04380682774,4019.6249025718867,0.0,0.9504856065421753,0.412007781292014
52380.0,5153.0321054771675,4019.6366138936583,0.0,0.9504854988609053,0.4120091377523116
52440.0,5153.020398062864,4019.6483212044877,0.0,0.9504855794322332,0.4120104942285205
52500.0,5153.008695773222,4019.6600319345002,0.0,0.9504854989717225,0.41201185068984536
52560.0,5152.996988881179,4019.671739625574,0.0,0.9504855610884442,0.412013207163102
52620.0,5152.985285937402,4019.6834499533456,0.0,0.9504854990063767,0.4120145636248353
52680.0,5152.973579385257,4019.695157903369,0.0,0.9504855484451105,0.4120159200958272
52740.0,5152.961875973332,4019.7068679526014,0.0,0.9504854989916339,0.41201727655761944
52800.0,5152.950169640082,4019.7185760810908,0.0,0.9504855396058143,0.41201863302685365
52860.0,5152.938466112077,4019.7302860863606,0.0,0.9504854918079154,0.41201998948786883
52920.0,5152.926760343545,4019.741994618102,0.0,0.9504855131386358,0.41202134595467194
52980.0,5152.915056493104,4019.753704442149,0.0,0.9504854735132041,0.41202270241563865
53040.0,5152.90335036896,4019.765412769781,0.0,0.9504855041311351,0.4120240588825847
53100.0,5152.891648486784,4019.7771239363674,0.0,0.9504854010630199,0.4120254153372255
53160.0,5152.879940119447,4019.788830804271,0.0,0.9504855000891554,0.41202677180975683
53220.0,5152.868237786709,4019.8005417089216,0.0,0.9504854090877829,0.4120281282649404
53280.0,5152.856529626274,4019.8122487472747,0.0,0.9504854998957427,0.4120294847363179
53340.0,5152.844827080361,4019.8239595430055,0.0,0.9504854138551356,0.41203084119161776
53400.0,5152.833119023299,4019.835666682943,0.0,0.9504854997375065,0.41203219766226423
53460.0,5152.821416355441,4019.847377430438,0.0,0.9504854158546292,0.4120335541175523
53520.0,5152.809708313919,4019.859084613533,0.0,0.9504854996105143,0.41203491058784036
53580.0,5152.798005608319,4019.8707953688036,0.0,0.9504854152997559,0.41203626704300234
53640.0,5152.786297501287,4019.882502541134,0.0,0.9504854995136669,0.4120376235132793
53700.0,5152.7745948428765,4019.8942133606774,0.0,0.9504854121642826,0.4120389799681929
53760.0,5152.762886588322,4019.9059204676873,0.0,0.9504854994485126,0.41204033643880356
53820.0,5152.751184070569,4019.917631413683,0.0,0.9504854061803673,0.41204169289331705
53880.0,5152.73947557771,4019.9293383949803,0.0,0.9504854994194782,0.4120430493646253
53940.0,5152.727773311709,4019.9410495413317,0.0,0.9504853967988113,0.4120444058185324
54000.0,5152.716064471896,4019.9527563246315,0.0,0.950485499434555,0.4120457622909469
54060.0,5152.704362598212,4019.9644677648544,0.0,0.9504853831031901,0.4120471187439534
54120.0,5152.692653273036,4019.9761742580727,0.0,0.9504854995065951,0.412048475217962
54180.0,5152.680951978442,4019.9878861164225,0.0,0.9504853636586107,0.41204983166963915
54240.0,5152.66924204937,4019.9995922402795,0.0,0.950485497594114,0.4120511881456636
54300.0,5152.657535050634,4020.0113003367555,0.0,0.9504855388797453,0.4120525446137449
54360.0,5152.645830683944,4020.0230101942875,0.0,0.9504854973946301,0.4120539010745701
54420.0,5152.634123327517,4020.0347180856493,0.0,0.9504855485497408,0.412055257544131
54480.0,5152.62241923549,4020.0464281587456,0.0,0.9504854971575365,0.41205661400468546
54540.0,5152.61071138701,4020.058135755599,0.0,0.9504855624200909,0.41205797047618603
54600.0,5152.599007706725,4020.0698461354577,0.0,0.9504854968641081,0.4120593269361662
54660.0,5152.58729916444,4020.081553303572,0.0,0.95048558257933,0.41206068341025187
54720.0,5152.575596100616,4020.093264126391,0.0,0.95048549648471,0.4120620398691606
54780.0,5152.563886555146,4020.1049706599297,0.0,0.9504856123642189,0.41206339634677536
54840.0,5152.552184420606,4020.1166821338365,0.0,0.9504854959716016,0.4120647528038082
54900.0,5152.540473387556,4020.1283877105157,0.0,0.9504856572026341,0.412066109286384
54960.0,5152.528772587426,4020.1401001046306,0.0,0.9504854978778663,0.4120674657404623
55020.0,5152.517068404784,4020.1518102716823,0.0,0.9504854435721334,0.4120688222046516
55080.0,5152.505360735854,4020.163518129226,0.0,0.9504854980117868,0.41207017867889995
55140.0,5152.493657374813,4020.17522887576,0.0,0.9504854168500638,0.4120715351416987
55200.0,5152.481948806769,4020.186936167919,0.0,0.9504854982890003,0.41207289161940686
55260.0,5152.47024680408,4020.198647851058,0.0,0.9504853734994554,0.4120742480793697
55320.0,5152.458536866418,4020.2103542643495,0.0,0.9504854967003923,0.41207560456190645
55380.0,5152.446829445095,4020.222062375203,0.0,0.950485540379298,0.4120769610381231
55440.0,5152.43512481552,4020.233772353336,0.0,0.9504854963705769,0.41207831750682106
55500.0,5152.423416484016,4020.2454798914528,0.0,0.9504855674580952,0.4120796739866877
55560.0,5152.411712701558,4020.2571904660294,0.0,0.9504854958735107,0.41208103045411626
55620.0,5152.400002806844,4020.268896996911,0.0,0.9504856148269778,0.41208238693952043
55680.0,5152.388300464141,4020.2806085618085,0.0,0.9504854971557724,0.41208374340405174
55740.0,5152.3765957274445,4020.292318557379,0.0,0.9504854536651393,0.4120850998761691
55800.0,5152.364888195896,4020.304026703172,0.0,0.9504854973317749,0.4120864563565
55860.0,5152.353184493544,4020.3157374198017,0.0,0.9504854204601467,0.4120878128269597
55920.0,5152.3414758556655,4020.3274448622997,0.0,0.9504854977422799,0.4120891693116579
55980.0,5152.3297741293945,4020.339156926596,0.0,0.9504853580375665,0.4120905257778615
56040.0,5152.318063518926,4020.350863088957,0.0,0.9504854960759492,0.41209188226938703
56100.0,5152.306355603062,4020.3625710677697,0.0,0.950485549091631,0.4120932387543106
56160.0,5152.2946510815955,4020.3742813147915,0.0,0.9504854955981897,0.41209459523010294
56220.0,5152.282941574385,4020.3859882675915,0.0,0.9504855974550047,0.41209595172087543
56280.0,5152.271238595486,4020.397699573822,0.0,0.9504854947348638,0.4120973081937262
56340.0,5152.259525887988,4020.4094044300277,0.0,0.9504856958000183,0.4120986646949064
56400.0,5152.247825954811,4020.4211177952125,0.0,0.9504854968412542,0.4121000211606134
56460.0,5152.236122184169,4020.4328286306927,0.0,0.9504854173064863,0.4121013776381525
56520.0,5152.224413304053,4020.4445360759873,0.0,0.9504854974009807,0.4121027341304738
56580.0,5152.212712256518,4020.456248756265,0.0,0.9504853317348969,0.41210409060185915
56640.0,5152.201000673153,4020.4679544351625,0.0,0.9504854955315509,0.41210544710325464
56700.0,5152.189292157696,4020.4796621791406,0.0,0.9504855626722417,0.4121068035971424
56760.0,5152.1775879467605,4020.4913727969038,0.0,0.9504854948452199,0.4121081600793906
56820.0,5152.165876829265,4020.503078842284,0.0,0.9504856425311811,0.41210951658214845
56880.0,5152.154175095557,4020.5147911407835,0.0,0.9504854963108694,0.4121108730589867
56940.0,5152.142470635856,4020.52650164917,0.0,0.9504854347693836,0.41211222954463866
57000.0,5152.130762219369,4020.5382095341342,0.0,0.9504854968051997,0.4121135860418692
57060.0,5152.119060325114,4020.549921782475,0.0,0.9504853541169895,0.412114942521939
57120.0,5152.107349354539,4020.5616280002137,0.0,0.9504854952392716,0.41211629902794994
57180.0,5152.095640928631,4020.573335935061,0.0,0.9504855561110462,0.41211765552801644
57240.0,5152.083936407802,4020.585046477897,0.0,0.9504854945302696,0.41211901201759366
57300.0,5152.072225140613,4020.5967525548695,0.0,0.9504856434833113,0.41212036852731954
57360.0,5152.060523339817,4020.6084649400677,0.0,0.9504854959552543,0.4121217250109179
57420.0,5152.0488188926365,4020.620175588172,0.0,0.9504854306454968,0.412123081503193
57480.0,5152.037110244472,4020.631883450131,0.0,0.950485496573083,0.4121244380077584
57540.0,5152.025409062443,4020.6435963038766,0.0,0.9504853282603387,0.4121257944925919
57600.0,5152.013697173621,4020.65530204165,0.0,0.9504854948043359,0.4121271510079693
57660.0,5152.001988173887,4020.667009725912,0.0,0.9504855703441187,0.41212850751651386
57720.0,5151.990284024916,4020.6787206474696,0.0,0.9504854938473403,0.41212986401193474
57780.0,5151.978570853699,4020.6904255885693,0.0,0.9504856991389928,0.4121312205339717
57840.0,5151.966870733459,4020.7021392234483,0.0,0.9504854957744057,0.4121325770198306
57900.0,5151.95516711966,4020.7138505575176,0.0,0.9504854011666068,0.41213393351681893
57960.0,5151.943457418837,4020.7255578501113,0.0,0.9504854968370982,0.41213529003141514
58020.0,5151.931754686446,4020.7372697978226,0.0,0.9504853739981024,0.4121366465274229
58080.0,5151.920044164586,4020.7489765763285,0.0,0.95048549459585,0.412138003046118
58140.0,5151.908335641971,4020.7606847093484,0.0,0.9504855520581239,0.4121393595605463
58200.0,5151.896630810959,4020.7723953082827,0.0,0.9504854937704629,0.41214071606512326
58260.0,5151.8849185651325,4020.7841009963463,0.0,0.9504856669897106,0.4121420725918649
58320.0,5151.873217332654,4020.795814022407,0.0,0.9504854953270744,0.4121434290881645
58380.0,5151.861513277077,4020.807525193859,0.0,0.9504854114597144,0.41214478559377243
58440.0,5151.849803821813,4020.819232780976,0.0,0.9504854963738246,0.4121461421150727
58500.0,5151.8381011486645,4020.8309448994296,0.0,0.9504853686208359,0.41214749861834715
58560.0,5151.826390369351,4020.8426516376708,0.0,0.9504854942338526,0.4121488551452291
58620.0,5151.814681578433,4020.854359723376,0.0,0.9504855570673275,0.4121502116679314
58680.0,5151.802976827535,4020.866070506861,0.0,0.9504854932545381,0.41215156817981546
58740.0,5151.791263318064,4020.877775485084,0.0,0.9504857030249286,0.4121529247176931
58800.0,5151.779563148755,4020.889489350029,0.0,0.9504854950941419,0.4121542812186008
58860.0,5151.767859724192,4020.901201072801,0.0,0.9504853885011413,0.4121556377300837
58920.0,5151.75614951562,4020.912908289175,0.0,0.9504854940385495,0.4121569942611294
58980.0,5151.744440913543,4020.9246165989816,0.0,0.9504855487587122,0.41215835078910507
59040.0,5151.732735831294,4020.9363272603614,0.0,0.9504854931180958,0.41215970730773005
59100.0,5151.721022657879,4020.9480325605646,0.0,0.9504856901864189,0.4121610638505091
59160.0,5151.7093220180295,4020.959746210853,0.0,0.9504854947985995,0.412162420358588
59220.0,5151.697618434695,4020.9714579264833,0.0,0.9504853910020825,0.4121637768764009
59280.0,5151.685908244788,4020.983165253581,0.0,0.9504854937913645,0.4121651334132833
59340.0,5151.674199557809,4020.994873605298,0.0,0.9504855490135681,0.41216648994741945
59400.0,5151.6624944249725,4021.0065843314173,0.0,0.9504854928054147,0.41216784647211324
59460.0,5151.650780630672,4021.0182893167043,0.0,0.9504857071674133,0.4121692030225947
59520.0,5151.63908047151,4021.0300033854105,0.0,0.9504854945965533,0.41217055953528375
59580.0,5151.6273772410395,4021.041715434414,0.0,0.9504853776269676,0.4121719160580966
59640.0,5151.61566656544,4021.0534225365377,0.0,0.9504854934967776,0.4121732726023385
59700.0,5151.603957515237,4021.0651307449125,0.0,0.9504855579734787,0.41217462914351927
59760.0,5151.592252617689,4021.076841726033,0.0,0.9504854922912004,0.41217598567357927
59820.0,5151.580536992672,4021.0885455911302,0.0,0.9504857618526361,0.4121773422352595
59880.0,5151.568838516343,4021.100260878395,0.0,0.9504854945119142,0.4121786987492773
59940.0,5151.557136348276,4021.111973733041,0.0,0.9504853421991469,0.4121800552751894
60000.0,5151.545424485711,4021.1236801434093,0.0,0.9504854931356541,0.41218141182885226
60060.0,5151.5337146668835,4021.1353879385724,0.0,0.9504855795919029,0.412182768378304
60120.0,5151.522010419581,4021.1470994508923,0.0,0.9504854914829627,0.41218412491265116
60180.0,5151.510296465629,4021.158804520323,0.0,0.9504857068068915,0.4121854814753873
60240.0,5151.498596177994,4021.1705187004995,0.0,0.9504854940907645,0.4121868380006324
60300.0,5151.486892972055,4021.1822309627883,0.0,0.9504853722040796,0.4121881945356188
60360.0,5151.475182007683,4021.1939380692456,0.0,0.9504854929769081,0.41218955109292277
60420.0,5151.4634726756585,4021.2056462867167,0.0,0.9504855621519155,0.41219090764718924
60480.0,5151.451767800881,4021.217357479775,0.0,0.9504854916379504,0.41219226418948757
60540.0,5151.4400551566205,4021.229063519164,0.0,0.9504856639342282,0.4121936207547458
60600.0,5151.428353446359,4021.240776850884,0.0,0.9504854937082922,0.412194977290198
60660.0,5151.4166493978255,4021.252488650732,0.0,0.9504853961650979,0.41219633383377874
60720.0,5151.404939139977,4021.2641963257283,0.0,0.9504854928005317,0.4121976903953308
60780.0,5151.393230185295,4021.275904892661,0.0,0.9504855481468326,0.4121990469547855
60840.0,5151.381524796214,4021.2876158417585,0.0,0.9504854917126507,0.4122004035047822
60900.0,5151.369809867475,4021.2993204648587,0.0,0.9504857333775971,0.41220176008311804
60960.0,5151.358110312767,4021.311035329854,0.0,0.9504854936725454,0.412203116618787
61020.0,5151.346407471958,4021.3227480320184,0.0,0.9504853563236024,0.4122044731652617
61080.0,5151.334695889206,4021.3344549233548,0.0,0.9504854924285574,0.4122058297368289
61140.0,5151.322986148338,4021.3461630652455,0.0,0.9504855703877106,0.41220718630479836
61200.0,5151.311281431085,4021.3578745599157,0.0,0.9504854909308605,0.4122085428592176
61260.0,5151.299567960372,4021.369580245593,0.0,0.9504856850977569,0.41220989943938324
61320.0,5151.287866812298,4021.381294148421,0.0,0.9504854932750806,0.4122112559858551
61380.0,5151.276163031671,4021.393006323388,0.0,0.950485383358827,0.41221261254130886
61440.0,5151.264452254732,4021.4047138493625,0.0,0.9504854922632249,0.412213969116955
61500.0,5151.252742948655,4021.4164223789517,0.0,0.9504855546387287,0.4122153256900574
61560.0,5151.241037661398,4021.42813359255,0.0,0.9504854910483546,0.41221668225243646
61620.0,5151.229321626441,4021.4398376755785,0.0,0.9504857633871161,0.412218038846574
61680.0,5151.217622916855,4021.4515533001177,0.0,0.9504854932680016,0.4122193953925666
61740.0,5151.205920506564,4021.4632664856927,0.0,0.9504853384943677,0.41222075195055324
61800.0,5151.194208245984,4021.4749731222587,0.0,0.9504854918771474,0.41222210853675584
61860.0,5151.182498063265,4021.4866811665383,0.0,0.950485579735154,0.4122234651187188
61920.0,5151.170793542345,4021.49839298864,0.0,0.9504854902003562,0.412224821685345
61980.0,5151.159085553898,4021.5101025198182,0.0,0.9504855088571452,0.41222617826285185
62040.0,5151.147378963862,4021.5218129977943,0.0,0.9504854834283283,0.41222753483746705
62100.0,5151.135671125305,4021.533522661009,0.0,0.9504854967555365,0.41222889141666264
62160.0,5151.123965035308,4021.545233505156,0.0,0.9504854550173638,0.4122302479920517
62220.0,5151.112256390694,4021.5569426640163,0.0,0.9504854929387154,0.4122316045756259
62280.0,5151.100554142112,4021.568656104855,0.0,0.9504853301837051,0.4122329611428026
62340.0,5151.088841535674,4021.5803626584798,0.0,0.9504854914806424,0.41223431773962727
62400.0,5151.077131115204,4021.5920706918464,0.0,0.9504855838728605,0.41223567433192077
62460.0,5151.065426648805,4021.6037826977863,0.0,0.950485489721868,0.4122370309080597
62520.0,5151.053718536771,4021.6154922941196,0.0,0.950485509343274,0.4122383874955888
62580.0,5151.042011895868,4021.6272028857056,0.0,0.9504854826050179,0.41223974408002934
62640.0,5151.030303942706,4021.6389126200556,0.0,0.950485496621922,0.41224110066923714
62700.0,5151.018597828911,4021.650623595848,0.0,0.9504854527330258,0.4122424572543907
62760.0,5151.006889029372,4021.6623327989737,0.0,0.9504854926126961,0.4122438138481053
62820.0,5150.995186956567,4021.674046504438,0.0,0.9504853214645888,0.41224517042450226
62880.0,5150.983473992159,4021.6857529670197,0.0,0.9504854910838746,0.41224652703205195
62940.0,5150.971763327357,4021.697460985064,0.0,0.9504855882440969,0.41224788363476084
63000.0,5150.960058841709,4021.7091731252067,0.0,0.9504854918232178,0.41224924022065157
63060.0,5150.948353025834,4021.720884404253,0.0,0.9504854365644495,0.4122505968119037
63120.0,5150.936643644494,4021.732593318293,0.0,0.9504854927422601,0.41225195341375653
63180.0,5150.924943742197,4021.7443085672244,0.0,0.9504852517380952,0.4122533099905621
63240.0,5150.913228504024,4021.7560136141606,0.0,0.950485490623027,0.41225466661101295
63300.0,5150.901516510548,4021.767720845815,0.0,0.9504856274668234,0.41225602322397237
63360.0,5150.889813220933,4021.7794338806007,0.0,0.9504854916979387,0.4122573798130197
63420.0,5150.878108064325,4021.7911456968945,0.0,0.9504854138960446,0.4122587364089422
63480.0,5150.866397888928,4021.8028541805,0.0,0.9504854930258926,0.4122600930195519
63540.0,5150.854696416817,4021.8145684765486,0.0,0.9504852993738492,0.41226144960688954
63600.0,5150.842982642926,4021.826274596515,0.0,0.9504854905238478,0.4122628062297574
63660.0,5150.831271462471,4021.8379824676636,0.0,0.9504856000194563,0.4122641628469686
63720.0,5150.81956724584,4021.849694983601,0.0,0.9504854913676659,0.41226551944515855
63780.0,5150.807861532274,4021.86140652739,0.0,0.9504854291016311,0.41226687604918844
63840.0,5150.796151801616,4021.873115405327,0.0,0.9504854924139733,0.4122682326650924
63900.0,5150.784452754652,4021.8848314206202,0.0,0.95048522083066,0.4122695892525708
63960.0,5150.772736426788,4021.89653593825,0.0,0.9504854900364218,0.4122709458891669
64020.0,5150.761023757332,4021.908242916182,0.0,0.9504856442515583,0.4122723025171171
64080.0,5150.749320896715,4021.919956433325,0.0,0.9504854912583529,0.4122736591180509
64140.0,5150.73761593427,4021.931668575539,0.0,0.950485403588335,0.41227501572652875
64200.0,5150.725905317012,4021.9433769613697,0.0,0.950485492765427,0.4122763723514852
64260.0,5150.714198134663,4021.955087651669,0.0,0.950485474083779,0.41227772896795095
64320.0,5150.702489538597,4021.966797416532,0.0,0.9504854993521377,0.412279085589451
64380.0,5150.690782166758,4021.9785080129054,0.0,0.9504854859837132,0.4122804422086059
64440.0,5150.679073030921,4021.990217451621,0.0,0.9504855275112972,0.41228179883384863
64500.0,5150.667366422585,4022.001928588612,0.0,0.9504854896244219,0.41228315545301547
64560.0,5150.655653408721,4022.0136354844512,0.0,0.9504856517966593,0.41228451209179245
64620.0,5150.643950709743,4022.025349256757,0.0,0.9504854909137171,0.41228586870213096
64680.0,5150.632245801403,4022.0370615824672,0.0,0.9504853987235982,0.41228722532032086
64740.0,5150.620534946978,4022.048769957673,0.0,0.9504854925028575,0.41228858195581036
64800.0,5150.60882770517,4022.060480755779,0.0,0.9504854728597201,0.4122899385823127
64860.0,5150.5971189772945,4022.0721905802257,0.0,0.9504854994336509,0.41229129521405583
64920.0,5150.585411537329,4022.0839012786223,0.0,0.950485485377805,0.4122926518432775
64980.0,5150.573702242985,4022.0956107591237,0.0,0.9504855290496564,0.41229400847884434
65040.0,5150.561995606982,4022.107322025103,0.0,0.9504854892106254,0.4122953651079698
65100.0,5150.55028223599,4022.1190288303437,0.0,0.9504856597502844,0.4122967217576362
65160.0,5150.538579712009,4022.1307428667074,0.0,0.9504854905707343,0.4122980783773684
65220.0,5150.526874865576,4022.1424553810975,0.0,0.9504853936273385,0.412299435005274
65280.0,5150.515163849386,4022.15416379534,0.0,0.9504854896697095,0.4123007916510761
65340.0,5150.503454129134,4022.165873097024,0.0,0.950485544676561,0.41230214829488177
65400.0,5150.491747952316,4022.1775847670397,0.0,0.950485488589591,0.4123035049293167
65460.0,5150.480032297008,4022.1892901492643,0.0,0.9504857287705554,0.41230486159200685
65520.0,5150.468331918966,4022.201005712973,0.0,0.9504854905384522,0.41230621821230967
65580.0,5150.456628276476,4022.2127191273835,0.0,0.9504853540336514,0.412307574843436
65640.0,5150.44491594754,4022.22442676562,0.0,0.9504854893030402,0.4123089314995339
65700.0,5150.433205449713,4022.2361356476963,0.0,0.9504855667837246,0.41231028815213344
65760.0,5150.4214999440765,4022.247847862935,0.0,0.9504854878154096,0.41231164479129
65820.0,5150.409785740853,4022.2595543040757,0.0,0.9504856807899822,0.4123130014560961
65880.0,5150.398083782925,4022.2712689140803,0.0,0.9504854901460363,0.41231435808745015
65940.0,5150.386379209837,4022.2829818070923,0.0,0.9504853809053699,0.41231571472780487
66000.0,5150.374667684871,4022.2946900788575,0.0,0.9504854891411358,0.41231707138825685
66060.0,5150.362957622208,4022.3063993489004,0.0,0.9504855511338401,0.4123184280462485
66120.0,5150.351251553242,4022.3181112872703,0.0,0.9504854879344076,0.4123197846936042
66180.0,5150.339534805115,4022.32981613787,0.0,0.9504857586007054,0.4123211413725956
66240.0,5150.327835273197,4022.341532461818,0.0,0.9504854901410454,0.4123224980037475
66300.0,5150.316132064593,4022.3532463618058,0.0,0.95048533631838,0.41232385464688576
66360.0,5150.304419068112,4022.364953751756,0.0,0.9504854887593056,0.4123252113180947
66420.0,5150.2927081369935,4022.3766625416174,0.0,0.9504855760779046,0.41232656798514944
66480.0,5150.281002832141,4022.3883750871164,0.0,0.9504854870933345,0.412327924636979
66540.0,5150.269287727607,4022.4000811241963,0.0,0.950485704562557,0.41232928131756014
66600.0,5150.257586423112,4022.4117963660583,0.0,0.9504854897301721,0.41233063796031805
66660.0,5150.245882173593,4022.423509671136,0.0,0.9504853666315425,0.4123319946130071
66720.0,5150.234170090829,4022.43521776771,0.0,0.9504854886081829,0.41233335128827336
66780.0,5150.222459657825,4022.446926987459,0.0,0.9504855584732191,0.4123347079605549
66840.0,5150.210753725901,4022.458639213606,0.0,0.9504854872587503,0.4123360646207742
66900.0,5150.1990399501365,4022.470346233696,0.0,0.9504856612716017,0.4123374213042486
66960.0,5150.187337215419,4022.482060621393,0.0,0.9504854893524677,0.41233877795765517
67020.0,5150.175632121153,4022.49377346216,0.0,0.9504853908395782,0.4123401346193486
67080.0,5150.163920757744,4022.5054821359445,0.0,0.9504854884383357,0.4123414912992233
67140.0,5150.152210711526,4022.51719171145,0.0,0.9504855443369131,0.412342847977049
67200.0,5150.140504266015,4022.5289036937966,0.0,0.9504854873422007,0.41234420464534355
67260.0,5150.128788189484,4022.540609285774,0.0,0.9504857314142966,0.4123455613423339
67320.0,5150.117087636733,4022.5523252249964,0.0,0.9504854893241006,0.41234691799623896
67380.0,5150.105383767226,4022.564038979735,0.0,0.9504853506089879,0.41234827466112284
67440.0,5150.0936710712895,4022.575746864168,0.0,0.9504854880701421,0.4123496313513785
67500.0,5150.0819602363335,4022.5874560125135,0.0,0.9504855668065545,0.41235098803805703
67560.0,5150.070254474206,4022.599168548242,0.0,0.950485486559873,0.41235234471106574
67620.0,5150.058539874458,4022.6108752156983,0.0,0.9504856826608609,0.41235370141012645
67680.0,5150.046837717695,4022.622590184948,0.0,0.9504854889297013,0.41235505807517703
67740.0,5150.035132903923,4022.6343034090537,0.0,0.9504853779202896,0.4123564147493527
67800.0,5150.023421026258,4022.6460119365847,0.0,0.9504854879099685,0.4123577714439457
67860.0,5150.011710634807,4022.6577214784606,0.0,0.9504855509075341,0.41235912813601605
67920.0,5150.0000043015825,4022.6694337320523,0.0,0.9504854866851328,0.412360484817269
67980.0,5149.988290894353,4022.6811412918437,0.0,0.9504856435990617,0.41236184151961675
68040.0,5149.97658744227,4022.6928554966553,0.0,0.9504854885651925,0.4123631981949481
68100.0,5149.964881861109,4022.7045683078904,0.0,0.9504853997262088,0.41236455487792134
68160.0,5149.953170550713,4022.7162773118794,0.0,0.9504854900938541,0.41236591157759506
68220.0,5149.941462720869,4022.7279886515053,0.0,0.9504854711636864,0.41236726826865916
68280.0,5149.929753458961,4022.739699053137,0.0,0.9504854967699086,0.4123686249648221
68340.0,5149.91804543773,4022.7514102975033,0.0,0.9504854832238447,0.4123699816586039
68400.0,5149.906335629546,4022.763120368506,0.0,0.950485525306222,0.4123713383585517
68460.0,5149.894628382474,4022.7748321607387,0.0,0.9504854869145645,0.4123726950523367
68520.0,5149.882914645815,4022.7865396543452,0.0,0.9504856512512829,0.41237405176599023
68580.0,5149.871211360241,4022.7982541174847,0.0,0.95048548822248,0.4123754084508169
68640.0,5149.85950583659,4022.809967114376,0.0,0.9504853948030595,0.41237676514359295
68700.0,5149.8477942885775,4022.821676107261,0.0,0.9504854898342244,0.4123781218539004
68760.0,5149.836086401127,4022.833387555792,0.0,0.950485469929702,0.4123794785550921
68820.0,5149.824377008274,4022.8450980174343,0.0,0.9504854968588777,0.41238083526158953
68880.0,5149.81266892059,4022.8568093648028,0.0,0.9504854826161853,0.4123821919655248
68940.0,5149.800958954346,4022.8685194777318,0.0,0.9504855268714011,0.41238354867588445
69000.0,5149.789251681755,4022.8802314002533,0.0,0.9504854865015102,0.4123849053797086
69060.0,5149.777537585722,4022.8919388015615,0.0,0.9504856593172852,0.41238626210434165
69120.0,5149.7658344799065,4022.9036535318496,0.0,0.9504854878811184,0.41238761879863045
69180.0,5149.7541290213885,4022.9153667194646,0.0,0.9504853896449568,0.412388975501192
69240.0,5149.74241731186,4022.927075751395,0.0,0.9504854869694113,0.4123903322218886
69300.0,5149.730706915739,4022.9387856826775,0.0,0.9504855427108461,0.4123916889405498
69360.0,5149.719000109922,4022.9504980143142,0.0,0.9504854858762086,0.4123930456497084
69420.0,5149.707283700952,4022.9622039729375,0.0,0.950485729262399,0.41239440238749303
69480.0,5149.6955827708825,4022.973920250834,0.0,0.9504854878523875,0.41239575908231096
69540.0,5149.683878533663,4022.9856343502242,0.0,0.9504853495269897,0.4123971157880858
69600.0,5149.672165495544,4022.9973425952126,0.0,0.9504854866017969,0.4123984725191666
69660.0,5149.660454313037,4023.00905210076,0.0,0.9504855651168813,0.41239982924668744
69720.0,5149.648748188694,4023.0207649845493,0.0,0.9504854850956126,0.41240118596057784
69780.0,5149.637033252297,4023.032472015989,0.0,0.9504856806454709,0.4124025427004555
69840.0,5149.625330722909,4023.044187326798,0.0,0.9504854874586189,0.41240389940641853
69900.0,5149.613625544206,4023.0559008972464,0.0,0.9504853767611161,0.4124052561214894
69960.0,5149.6019133220425,4023.0676097838505,0.0,0.9504854864415857,0.4124066128569252
70020.0,5149.590202581805,4023.0793196821146,0.0,0.9504855492620062,0.4124079695898519
70080.0,5149.578495888058,4023.091032284777,0.0,0.9504854852200235,0.4124093263119926
70140.0,5149.566782140769,4023.102740206386,0.0,0.9504856416928636,0.4124106830551763
70200.0,5149.555078319836,4023.114454755069,0.0,0.9504854870946273,0.4124120397714203
70260.0,5149.543372375992,4023.1261679140043,0.0,0.9504853985051858,0.41241339649529235
70320.0,5149.531660719483,4023.137877276015,0.0,0.9504854886188183,0.4124147532358222
70380.0,5149.519952533459,4023.149588967384,0.0,0.9504854697417529,0.4124161099677703
70440.0,5149.508242919513,4023.1612997233333,0.0,0.9504854952759371,0.4124174667048077
70500.0,5149.496534542661,4023.1730113197746,0.0,0.9504854817678454,0.41241882343947456
70560.0,5149.4848243840215,4023.184721746063,0.0,0.9504855237318904,0.41242018018029525
70620.0,5149.473116779088,4023.19643388896,0.0,0.9504854854480135,0.4124215369149735
70680.0,5149.461402703328,4023.2081417449135,0.0,0.9504856493229221,0.41242289366947305
70740.0,5149.449699048438,4023.2198565515655,0.0,0.9504854867520702,0.41242425039522523
70800.0,5149.437993161938,4023.231569895988,0.0,0.9504853935949948,0.4124256071289116
70860.0,5149.426281268491,4023.243279247252,0.0,0.9504854883591008,0.4124269638800842
70920.0,5149.414573025022,4023.2549910475573,0.0,0.9504854685104007,0.41242832062216983
70980.0,5149.402863280496,4023.266701863677,0.0,0.9504854953638315,0.4124296773695508
71040.0,5149.391154837363,4023.278413563162,0.0,0.9504854811610552,0.4124310341143804
71100.0,5149.379444521097,4023.2901240315805,0.0,0.9504855252918559,0.41243239086562106
71160.0,5149.367736890692,4023.3018363047295,0.0,0.950485485035274,0.41243374761034757
71220.0,5149.356022456563,4023.3135440689416,0.0,0.9504856573655066,0.4124351043758324
71280.0,5149.344318980878,4023.3252591423293,0.0,0.9504854864108132,0.4124364611110566
71340.0,5149.332613159282,4023.3369726772644,0.0,0.9504853884505076,0.41243781785453676
71400.0,5149.320901104744,4023.348682067771,0.0,0.9504854855014717,0.41243917461610524
71460.0,5149.309190359804,4023.360392355245,0.0,0.9504855410862285,0.4124405313756491
71520.0,5149.297483194786,4023.372105036599,0.0,0.9504854844111424,0.4124418881257179
71580.0,5149.285766454361,4023.38381136222,0.0,0.9504857271136031,0.4124432449043412
71640.0,5149.274065148091,4023.3955279792244,0.0,0.9504854863815718,0.412444601640115
71700.0,5149.262360544219,4023.4072424236606,0.0,0.9504853484445674,0.4124459583868216
71760.0,5149.250647164879,4023.418951029541,0.0,0.9504854851342932,0.41244731515876787
71820.0,5149.238935635775,4023.4306608926177,0.0,0.9504855634287658,0.412448671927169
71880.0,5149.227229150213,4023.4423741248156,0.0,0.9504854836321366,0.4124500286819782
71940.0,5149.215513878047,4023.454081520522,0.0,0.9504856786327854,0.4124513854627085
72000.0,5149.203810977032,4023.465797173242,0.0,0.950485485988304,0.4124527422096185
72060.0,5149.192105434341,4023.47751109035,0.0,0.9504853756015367,0.4124540989656169
72120.0,5149.180392868538,4023.4892203362906,0.0,0.9504854849739218,0.41245545574192716
72180.0,5149.168681780359,4023.5009305912017,0.0,0.9504855476178251,0.41245681251574007
72240.0,5149.156974726972,4023.5126435432153,0.0,0.9504854837555838,0.41245816927879786
72300.0,5149.1452606404155,4023.524351826861,0.0,0.9504856397889566,0.4124595260628458
72360.0,5149.133556451521,4023.5360667196915,0.0,0.9504854856247164,0.41246088282002935
72420.0,5149.121850145828,4023.5477802265736,0.0,0.9504853972839475,0.4124622395848253
72480.0,5149.110138143973,4023.559489946812,0.0,0.9504854871444186,0.41246359636623603
72540.0,5149.0984296025645,4023.571201990141,0.0,0.9504854683202588,0.4124649531390915
72600.0,5149.086719637345,4023.5829131006076,0.0,0.9504854937826335,0.41246630991702576
72660.0,5149.075010905628,4023.59462504932,0.0,0.9504854803123696,0.41246766669259904
72720.0,5149.06330039726,4023.6063358310744,0.0,0.9504855221584677,0.41246902347431297
72780.0,5149.0515924352085,4023.61804832482,0.0,0.9504854839819922,0.412470380249904
72840.0,5149.039878021009,4023.6297565432537,0.0,0.9504856473965775,0.4124717370452676
72900.0,5149.028173997554,4023.6414716936065,0.0,0.9504854852821746,0.41247309381196257
72960.0,5149.016467748919,4023.653185385725,0.0,0.9504853923865726,0.41247445058657506
73020.0,5149.004755510686,4023.664895095495,0.0,0.9504854868844796,0.4124758073786286
73080.0,5148.993046911866,4023.6766072477158,0.0,0.9504854670914034,0.4124771641616229
73140.0,5148.981336816316,4023.6883184184358,0.0,0.9504854938693296,0.41247852094990106
73200.0,5148.969628018384,4023.7000304701605,0.0,0.950485479706323,0.412479877735638
73260.0,5148.9579173527145,4023.7117412941743,0.0,0.9504855237131121,0.41248123452777197
73320.0,5148.946209365131,4023.7234539180645,0.0,0.9504854835694491,0.4124825913134118
73380.0,5148.93449459346,4023.7351620452464,0.0,0.950485655415658,0.4124839481197588
73440.0,5148.92279074856,4023.7468774618565,0.0,0.9504854849409095,0.41248530489592794
73500.0,5148.911084564502,4023.758591344211,0.0,0.9504853872556154,0.4124866616803355
73560.0,5148.899372165504,4023.770301093355,0.0,0.9504854840339046,0.412488018482784
73620.0,5148.887661072297,4023.782011737081,0.0,0.9504855394624514,0.41248937528321794
73680.0,5148.87595354866,4023.793724768228,0.0,0.9504854829464198,0.412490732074204
73740.0,5148.864236477262,4023.8054314608657,0.0,0.9504857249671532,0.4124920888936719
73800.0,5148.8525347954055,4023.8171484170725,0.0,0.9504854849110966,0.4124934456704069
73860.0,5148.84082982545,4023.8288632066224,0.0,0.9504853473614141,0.41249480245804987
73920.0,5148.829116105382,4023.8405721734175,0.0,0.9504854836671022,0.4124961592708662
73980.0,5148.817404230176,4023.852282394048,0.0,0.9504855617415574,0.41249751608015117
74040.0,5148.805697383926,4023.8639959747024,0.0,0.9504854821689452,0.4124988728758824
74100.0,5148.793981776451,4023.875703734677,0.0,0.9504856766217166,0.41250022969746797
74160.0,5148.782278504347,4023.8874197293544,0.0,0.9504854845182737,0.41250158648532675
74220.0,5148.7705725981805,4023.8991339931526,0.0,0.9504853744414519,0.4125029432822538
74280.0,5148.758859689192,4023.9108435984285,0.0,0.9504854835065201,0.41250430009943945
74340.0,5148.747148253532,4023.922554209984,0.0,0.9504855459743285,0.41250565691413876
74400.0,5148.735440840988,4023.934267511359,0.0,0.9504854822913831,0.4125070137181135
74460.0,5148.723722671163,4023.9459736677713,0.0,0.9504857550306243,0.4125083705539745
74520.0,5148.712021844021,4023.9576913900137,0.0,0.9504854845157381,0.41250972734160496
74580.0,5148.700317313479,4023.9694066686943,0.0,0.9504853295156311,0.41251108414131216
74640.0,5148.688602923297,4023.981115384833,0.0,0.9504854831242288,0.4125124409693156
74700.0,5148.676890613907,4023.992825512107,0.0,0.9504855711118618,0.4125137977931236
74760.0,5148.665183972181,4024.0045394252743,0.0,0.9504854814463016,0.41251515460157984
74820.0,5148.653473860138,4024.016251043048,0.0,0.9504855001311191,0.41251651142097684
74880.0,5148.641765148421,4024.0279636098894,0.0,0.9504854746656046,0.41251786823750786
74940.0,5148.63005518751,4024.039675360552,0.0,0.9504854880129926,0.41251922505866173
75000.0,5148.6183469774305,4024.0513882949076,0.0,0.9504854462141397,0.4125205818760327
75060.0,5148.606636210719,4024.0630995407064,0.0,0.9504854841917592,0.41252193870163545
75120.0,5148.594931847063,4024.0748150778268,0.0,0.9504853211982396,0.4125232955108474
75180.0,5148.583217115636,4024.086523713448,0.0,0.950485482732679,0.41252465234978664
75240.0,5148.571504573051,4024.098233832277,0.0,0.9504855752611439,0.4125260091842259
75300.0,5148.559797990637,4024.109947932122,0.0,0.9504854809724068,0.4125273660024896
75360.0,5148.548087759511,4024.121659617569,0.0,0.9504855006231581,0.41252872283219644
75420.0,5148.536379001405,4024.133372300573,0.0,0.9504854738461451,0.41253007965883254
75480.0,5148.5246689302,4024.145084124768,0.0,0.9504854878841433,0.41253143649027113
75540.0,5148.512960700628,4024.1567971932254,0.0,0.9504854439312602,0.41253279331767123
75600.0,5148.5012497830785,4024.168508485501,0.0,0.950485483870005,0.41253415015367284
75660.0,5148.489545599477,4024.1802242898348,0.0,0.950485312470856,0.41253550697235153
75720.0,5148.4778305137825,4024.191932836221,0.0,0.9504854823398685,0.4125368638222622
75780.0,5148.46611773055,4024.2036429416085,0.0,0.9504855796433063,0.4125382206673528
75840.0,5148.454411132738,4024.2153571778163,0.0,0.9504854830811902,0.4125395774955986
75900.0,5148.442703203965,4024.2270705513893,0.0,0.9504854277416898,0.4125409343292471
75960.0,5148.430991706429,4024.2387815550983,0.0,0.9504854840024369,0.4125422911735297
76020.0,5148.419289697777,4024.2504989072013,0.0,0.9504852426446815,0.4125436479927372
76080.0,5148.4075723383785,4024.2622060360386,0.0,0.9504854818809103,0.4125450048556947
76140.0,5148.395858227388,4024.2739153544007,0.0,0.9504856189260789,0.41254636171117015
76200.0,5148.384152828974,4024.2856304881157,0.0,0.950485482958186,0.41254771854268957
76260.0,5148.372445562239,4024.2973444010076,0.0,0.9504854050424039,0.4125490753811236
76320.0,5148.360733271967,4024.309054974313,0.0,0.9504854842888435,0.41255043223428534
76380.0,5148.349029693881,4024.32077137238,0.0,0.9504852903526184,0.412551789064141
76440.0,5148.337313802212,4024.332479577367,0.0,0.9504854817838474,0.41255314592961767
76500.0,5148.325600506988,4024.344189537393,0.0,0.950485591440726,0.41255450278944644
76560.0,5148.313894182579,4024.3559041519957,0.0,0.950485482629598,0.4125558596302193
76620.0,5148.302186360213,4024.367617792593,0.0,0.9504854202723994,0.41255721647686466
76680.0,5148.290474516964,4024.3793287618196,0.0,0.9504854836781074,0.4125585733354169
76740.0,5148.278773368323,4024.391046883509,0.0,0.950485211695973,0.41255993016549936
76800.0,5148.267054921945,4024.4027534835163,0.0,0.9504854812976997,0.4125612870448132
76860.0,5148.255340137979,4024.4144625491335,0.0,0.9504856357397631,0.41256264391547914
76920.0,5148.243635172621,4024.426178167702,0.0,0.9504854825220383,0.41256400075907496
76980.0,5148.231928103762,4024.437892408607,0.0,0.9504853947235374,0.4125653576102474
77040.0,5148.220215374675,4024.4496028853173,0.0,0.9504854840319142,0.4125667144779399
77100.0,5148.208506084139,4024.4613156714167,0.0,0.950485465323106,0.41256807133713397
77160.0,5148.196795378739,4024.473027530227,0.0,0.9504854906288701,0.4125694282013825
77220.0,5148.185085899012,4024.4847402223722,0.0,0.9504854772410783,0.41257078506329
77280.0,5148.173374653804,4024.4964517545204,0.0,0.9504855188299615,0.41257214193130803
77340.0,5148.161665938794,4024.5081649885724,0.0,0.9504854808876704,0.4125734987932447
77400.0,5148.149950812298,4024.519873972701,0.0,0.9504856432985277,0.41257485567484603
77460.0,5148.138246010934,4024.531589847731,0.0,0.9504854821793725,0.4125762125279504
77520.0,5148.126538998366,4024.5433042732357,0.0,0.9504853898540067,0.41257756938893453
77580.0,5148.114826033989,4024.5550147400004,0.0,0.9504854837713406,0.4125789262672601
77640.0,5148.103116686001,4024.5667276348063,0.0,0.9504854640995684,0.412580283136586
77700.0,5148.091405850684,4024.5784395539736,0.0,0.9504854907127985,0.41258164001117054
77760.0,5148.079696304748,4024.5901523489774,0.0,0.9504854766365195,0.4125829968832343
77820.0,5148.0679849028165,4024.6018639235936,0.0,0.9504855203728149,0.41258435376166347
77880.0,5148.056276162022,4024.6135772874754,0.0,0.9504854804754237,0.4125857106336422
77940.0,5148.0445606798985,4024.6252861813473,0.0,0.9504856512660803,0.41258706752621466
78000.0,5148.032856055543,4024.6370023215104,0.0,0.9504854818379632,0.41258842438878984
78060.0,5148.0211491067275,4024.6487169365787,0.0,0.9504853847522804,0.4125897812595634
78120.0,5148.009435982182,4024.6604274429365,0.0,0.9504854809360291,0.4125911381482747
78180.0,5147.997724155113,4024.672138838652,0.0,0.9504855360239591,0.4125924950349919
78240.0,5147.986015875055,4024.6838526076795,0.0,0.9504854798547226,0.41259385191231973
78300.0,5147.974298107438,4024.695560075799,0.0,0.9504857203890659,0.4125952088179703
78360.0,5147.962595632193,4024.7072777467442,0.0,0.950485481806835,0.4125965656811424
78420.0,5147.950889889533,4024.7189932639358,0.0,0.9504853451015596,0.4125979225551667
78480.0,5147.939175451974,4024.7307029928743,0.0,0.9504854805699793,0.4125992794542189
78540.0,5147.927462847558,4024.7424139682967,0.0,0.9504855581647682,0.41260063634976923
78600.0,5147.915755240327,4024.754128283878,0.0,0.9504854790805205,0.41260199323184854
78660.0,5147.904038927121,4024.765836813293,0.0,0.9504856723390809,0.4126033501396365
78720.0,5147.892334871386,4024.777553528703,0.0,0.9504854814149225,0.412604707013901
78780.0,5147.8806281981415,4024.7892685235533,0.0,0.9504853720137394,0.41260606389718896
78840.0,5147.868914566251,4024.8009788874874,0.0,0.9504854804088797,0.4126074208006193
78900.0,5147.857202398318,4024.8126902518147,0.0,0.9504855424929368,0.4126087777015862
78960.0,5147.845494228085,4024.824404290067,0.0,0.9504854792007011,0.41261013459189455
79020.0,5147.83377536839,4024.8361112257226,0.0,0.9504857502652371,0.4126114915139099
79080.0,5147.822073741901,4024.847829658767,0.0,0.9504854814108977,0.41261284838798123
79140.0,5147.810368435312,4024.8595456627886,0.0,0.9504853273621539,0.41261420527406684
79200.0,5147.798653331288,4024.8712551431413,0.0,0.9504854800274293,0.4126155621882849
79260.0,5147.786940294848,4024.882966026349,0.0,0.9504855674746238,0.4126169190983407
79320.0,5147.775232890279,4024.8946806730646,0.0,0.9504854783593009,0.4126182759931381
79380.0,5147.76352203724,4024.906393038028,0.0,0.95048549692916,0.4126196328988177
79440.0,5147.751812575645,4024.9181063464875,0.0,0.9504854716197267,0.41262098980165385
79500.0,5147.74010187269,4024.9298188436483,0.0,0.9504854848849241,0.4126223467090911
79560.0,5147.728392909464,4024.941532517546,0.0,0.9504854433424155,0.4126237036127735
79620.0,5147.716681405698,4024.9532445129266,0.0,0.9504854810866459,0.41262506052464454
79680.0,5147.704976264506,4024.964960774299,0.0,0.950485319093527,0.4126264174202295
79740.0,5147.693260820949,4024.976670175049,0.0,0.9504854796360196,0.4126277743453694
79800.0,5147.681547552349,4024.9883810503006,0.0,0.9504855715961724,0.41262913126604434
79860.0,5147.669840206278,4025.000095883028,0.0,0.95048547788605,0.41263048817064196
79920.0,5147.658129234471,4025.0118083156995,0.0,0.9504854974159157,0.4126318450866211
79980.0,5147.646419726341,4025.0235217400723,0.0,0.9504854708030306,0.4126332019995529
80040.0,5147.6347089133515,4025.0352343107684,0.0,0.9504854847546005,0.4126345589172647
80100.0,5147.62299993032,4025.046948118411,0.0,0.9504854410712756,0.41263591583096754
80160.0,5147.611288276224,4025.0586601604314,0.0,0.9504854807645998,0.41263727275322654
80220.0,5147.599583313513,4025.070376687874,0.0,0.9504853104173285,0.41263862965827264
80280.0,5147.587867517478,4025.082086000352,0.0,0.9504854792433518,0.41263998659436973
80340.0,5147.576154009304,4025.093796862675,0.0,0.9504855759492601,0.41264134352568344
80400.0,5147.564446647498,4025.1055118313943,0.0,0.9504854799796184,0.4126427004402545
80460.0,5147.552737963054,4025.1172259426576,0.0,0.9504854249795247,0.4126440573602044
80520.0,5147.541025732337,4025.1289376981076,0.0,0.9504854808947059,0.4126454142907289
80580.0,5147.529322930562,4025.1406557644523,0.0,0.9504852410181039,0.4126467711963339
80640.0,5147.517604874872,4025.1523636680577,0.0,0.9504854787856962,0.4126481281454342
80700.0,5147.50589004702,4025.164073748302,0.0,0.9504856149894212,0.4126494850871049
80760.0,5147.4941838767445,4025.1757896095064,0.0,0.950485479855854,0.4126508420049634
80820.0,5147.482475849861,4025.187504257184,0.0,0.9504854024181235,0.41265219892970406
80880.0,5147.470762831116,4025.1992155850676,0.0,0.9504854811778375,0.4126535558690887
80940.0,5147.459058469524,4025.2109327032877,0.0,0.9504852884318934,0.41265491278531036
81000.0,5147.447341872011,4025.2226416769645,0.0,0.9504854786877142,0.4126562697369483
81060.0,5147.4356278544865,4025.234352395367,0.0,0.950485587671119,0.41265762668297984
81120.0,5147.423920763761,4025.2460677408158,0.0,0.9504854795277665,0.41265898361007036
81180.0,5147.412212184454,4025.257782118098,0.0,0.9504854175531428,0.41266034054300704
81240.0,5147.400499609615,4025.2694938398477,0.0,0.9504854805693331,0.4126616974877835
81300.0,5147.388797661813,4025.2812126717913,0.0,0.9504852102567125,0.41266305440426576
81360.0,5147.3770785254155,4025.292920050281,0.0,0.9504854782030338,0.41266441136969245
81420.0,5147.365363028244,4025.3046298798563,0.0,0.9504856316966865,0.4126657683265305
81480.0,5147.353657287694,4025.316346223616,0.0,0.9504854794193498,0.4126671252564607
81540.0,5147.341949456838,4025.32806119794,0.0,0.9504853921596204,0.41266848219393093
81600.0,5147.330236001452,4025.339772430377,0.0,0.9504854809194498,0.412669839147827
81660.0,5147.318532302941,4025.351490186841,0.0,0.9504852637183645,0.41267119607546243
81720.0,5147.306814817184,4025.3631987637687,0.0,0.95048547812367,0.41267255304288347
81780.0,5147.295100240608,4025.3749093050405,0.0,0.9504856009427631,0.41267391000377057
81840.0,5147.283393470288,4025.3866250601086,0.0,0.9504854790806804,0.4126752669432396
81900.0,5147.271685024384,4025.3983397222446,0.0,0.9504854092463662,0.4126766238890811
81960.0,5147.259972076687,4025.410051391077,0.0,0.9504854802647774,0.4126779808481884
82020.0,5147.248266934306,4025.4217682827266,0.0,0.9504853064500512,0.4126793377865279
82080.0,5147.2365507576615,4025.433477830405,0.0,0.9504854780112666,0.41268069475690383
82140.0,5147.224836906017,4025.4451889529246,0.0,0.9504855762842205,0.4126820517223902
82200.0,5147.213129299949,4025.456904248636,0.0,0.9504854787607774,0.4126834086708511
82260.0,5147.201420350157,4025.4686186726803,0.0,0.9504854228705074,0.41268476562475065
82320.0,5147.189707796986,4025.480330702458,0.0,0.950485479692005,0.41268612258938697
82380.0,5147.178004825058,4025.492049145668,0.0,0.9504852359307938,0.41268747952866974
82440.0,5147.166286353291,4025.5037572605497,0.0,0.9504854775501543,0.4126888365121473
82500.0,5147.154571161661,4025.515467587273,0.0,0.9504856159606399,0.41269019348804564
82560.0,5147.142864767316,4025.527183789021,0.0,0.9504854786389644,0.412691550439734
82620.0,5147.131156486664,4025.538898757235,0.0,0.9504853999475734,0.4126929073983883
82680.0,5147.119443133725,4025.550610351501,0.0,0.9504854799836798,0.41269426437191514
82740.0,5147.107738577747,4025.56232783023,0.0,0.9504852841162955,0.41269562132188087
82800.0,5147.096021588641,4025.5740370316234,0.0,0.9504854774545403,0.4126969783078235
82860.0,5147.084307221376,4025.585748005912,0.0,0.9504855882039525,0.41269833528803984
82920.0,5147.072599892714,4025.597463682526,0.0,0.9504854783095188,0.41269969224899683
82980.0,5147.060891051704,4025.6091783749603,0.0,0.9504854153316459,0.412701049215867
83040.0,5147.049178150807,4025.620890368523,0.0,0.9504854793692757,0.4127024061947598
83100.0,5147.037472287105,4025.6326070731097,0.0,0.9504853226259018,0.412703763155045
83160.0,5147.025756472696,4025.644317155685,0.0,0.9504854773291317,0.41270512014431904
83220.0,5147.014042753363,4025.6560286598988,0.0,0.9504855659438531,0.41270647712934944
83280.0,5147.002334740273,4025.6677439785,0.0,0.9504854756398249,0.4127078340989056
83340.0,5146.9906232333715,4025.679456984306,0.0,0.9504854944580373,0.4127091910794742
83400.0,5146.978913136403,4025.691170946244,0.0,0.9504854688113952,0.41271054805714463
83460.0,5146.967201781833,4025.7028840857583,0.0,0.9504854822541563,0.41271190503946237
83520.0,5146.955492190092,4025.7145984177955,0.0,0.9504854401578067,0.41271326201795744
83580.0,5146.94378002442,4025.726311048456,0.0,0.9504854784062731,0.41271461900473677
83640.0,5146.932074305469,4025.73802800266,0.0,0.9504853142518763,0.4127159759749847
83700.0,5146.920358148303,4025.7497380032796,0.0,0.9504854769373712,0.4127173329751805
83760.0,5146.908644194998,4025.761449498153,0.0,0.9504855701252743,0.41271868997082595
83820.0,5146.896936242433,4025.7731650040105,0.0,0.9504854751651307,0.41272004695016695
83880.0,5146.885224616442,4025.784878077164,0.0,0.9504854949561609,0.4127214039410266
83940.0,5146.873514473575,4025.796592155308,0.0,0.9504854679886724,0.41272276092878174
84000.0,5146.861803008771,4025.8083053680753,0.0,0.9504854821269654,0.41272411792136515
84060.0,5146.85009339821,4025.8200198343907,0.0,0.9504854378612327,0.4127254749098683
84120.0,5146.838381081478,4025.831732511045,0.0,0.9504854780848007,0.41272683190702814
84180.0,5146.826675544609,4025.843449733644,0.0,0.9504853054648739,0.4127281888867175
84240.0,5146.8149590315725,4025.8551596435227,0.0,0.950485476544335,0.41272954589787086
84300.0,5146.803244836784,4025.8668711240175,0.0,0.9504855745412623,0.4127309029041513
84360.0,5146.791536869514,4025.8785867664337,0.0,0.9504854772915091,0.41273225989345336
84420.0,5146.779827562367,4025.8903015395713,0.0,0.9504854215580563,0.412733616888183
84480.0,5146.768114662241,4025.9020139249246,0.0,0.9504854782198895,0.4127349738936218
84540.0,5146.756411315641,4025.913732706405,0.0,0.950485235142995,0.4127363308737789
84600.0,5146.744692513973,4025.925441187487,0.0,0.9504854760838204,0.4127376878980132
84660.0,5146.732976982933,4025.937151874466,0.0,0.9504856141055429,0.4127390449146923
84720.0,5146.721270223749,4025.9488684205985,0.0,0.9504854771693406,0.41274040190722794
84780.0,5146.709561583671,4025.9605837365625,0.0,0.9504853986988164,0.4127417589067144
84840.0,5146.697847885953,4025.972295687711,0.0,0.9504854785100467,0.41274311592103474
84900.0,5146.686142959747,4025.984013507436,0.0,0.9504852831925941,0.41274447291185984
84960.0,5146.674425636323,4025.995723072226,0.0,0.9504854759877774,0.4127458299385673
85020.0,5146.66271092713,4026.00743440515,0.0,0.9504855864260201,0.41274718695956764
85080.0,5146.651003236184,4026.0191504276945,0.0,0.9504854768401221,0.4127485439613615
85140.0,5146.639294037228,4026.0308654687515,0.0,0.9504854140390187,0.4127499009690565
85200.0,5146.627580790106,4026.042577818246,0.0,0.9504854778966703,0.41275125798874296
85260.0,5146.615874559816,4026.0542948660495,0.0,0.9504853215933882,0.4127526149898747
85320.0,5146.604158407557,4026.066005309766,0.0,0.9504854758620233,0.41275397201991937
85380.0,5146.592444344285,4026.07771717131,0.0,0.950485564227748,0.41275532904573553
85440.0,5146.5807359707505,4026.0894328369404,0.0,0.9504854741772283,0.4127566860561205
85500.0,5146.569024113477,4026.101146196049,0.0,0.9504854929424765,0.4127580430774908
85560.0,5146.557313662041,4026.112860508725,0.0,0.9504854673677416,0.4127594000959733
85620.0,5146.545601956617,4026.124574001223,0.0,0.9504854807726357,0.41276075711909277
85680.0,5146.533892008902,4026.1362886830416,0.0,0.9504854387943832,0.4127621141384024
85740.0,5146.52217949467,4026.148001668103,0.0,0.9504854769353258,0.4127634711659764
85800.0,5146.510473408497,4026.15971896505,0.0,0.9504853132417946,0.41276482817706706
85860.0,5146.498756914269,4026.171429327225,0.0,0.950485475470316,0.41276618521802616
85920.0,5146.487042617491,4026.1831411796443,0.0,0.9504855683964204,0.412767542254451
85980.0,5146.4753343041,4026.194857032214,0.0,0.9504854737028199,0.4127688992746167
86040.0,5146.463622327873,4026.206570458681,0.0,0.9504854934381586,0.4127702563062725
86100.0,5146.451911830462,4026.218284887442,0.0,0.9504854665462806,0.4127716133348346
86160.0,5146.440200014913,4026.229998453187,0.0,0.9504854806447561,0.4127729703682143
86220.0,5146.428490048225,4026.241713269113,0.0,0.9504854365032046,0.4127743273975271
86280.0,5146.416777383164,4026.253426300236,0.0,0.95048547661371,0.4127756844354758
86340.0,5146.405071478344,4026.2651438650464,0.0,0.9504853044782957,0.4127770414560045
86400.0,5146.393354629056,4026.276854136914,0.0,0.9504854750773364,0.412778398507914
86460.0,5146.381640091285,4026.288565975184,0.0,0.9504855727990471,0.41277975555496726
86520.0,5146.369931763031,4026.300281964138,0.0,0.9504854758221803,0.41278111258508915
86580.0,5146.358222098735,4026.311997086194,0.0,0.9504854202450608,0.4127824696206275
86640.0,5146.346508851826,4026.3237098269333,0.0,0.9504854767477225,0.41278382666684765
86700.0,5146.334805130814,4026.335428946544,0.0,0.9504852343529533,0.41278518368785755
86760.0,5146.3230859993655,4026.347137793603,0.0,0.9504854746174165,0.41278654075282756
86820.0,5146.311370129062,4026.3588488406285,0.0,0.9504856122516139,0.4127878978102664
86880.0,5146.299663005262,4026.370565730983,0.0,0.9504854756996572,0.4127892548436277
86940.0,5146.287954005969,4026.3822813945267,0.0,0.9504853974492736,0.4127906118839248
87000.0,5146.276239963633,4026.3939937023597,0.0,0.9504854770363681,0.4127919689390173
87060.0,5146.264534667448,4026.405711862934,0.0,0.9504852822669894,0.4127933259706804
87120.0,5146.25281700983,4026.4174217908976,0.0,0.9504854745209451,0.41279468303813155
87180.0,5146.241101958859,4026.4291334822483,0.0,0.9504855846491617,0.41279604009989457
87240.0,5146.229393905858,4026.44084985056,0.0,0.9504854753706653,0.41279739714250413
87300.0,5146.217684349164,4026.4525652400685,0.0,0.9504854127456925,0.41279875419100237
87360.0,5146.205970755983,4026.464277945298,0.0,0.9504854764240155,0.4128001112514613
87420.0,5146.194264159342,4026.4759953361645,0.0,0.9504853205592873,0.4128014682934179
87480.0,5146.182547669372,4026.487706140807,0.0,0.9504854743948464,0.412802825364212
87540.0,5146.170833262319,4026.499418359478,0.0,0.9504855625124613,0.41280418243079264
87600.0,5146.15912452856,4026.5111343719677,0.0,0.9504854727145474,0.4128055394819848
87660.0,5146.147412321096,4026.522848084191,0.0,0.9504854914270137,0.41280689654413544
87720.0,5146.135701515387,4026.534562747427,0.0,0.9504854659239395,0.4128082536034083
87780.0,5146.123989459287,4026.5462765927223,0.0,0.9504854792910954,0.4128096106673081
87840.0,5146.112279155798,4026.5579916241463,0.0,0.9504854374305441,0.41281096772741094
87900.0,5146.1005662931875,4026.5697049634186,0.0,0.9504854754643227,0.4128123247957581
87960.0,5146.088859840032,4026.581422602955,0.0,0.9504853122300999,0.4128136818476699
88020.0,5146.077143008867,4026.593133326468,0.0,0.950485474003192,0.4128150389293713
88080.0,5146.065428368775,4026.6048455362316,0.0,0.9504855666683784,0.4128163960065542
88140.0,5146.053719694778,4026.616561735348,0.0,0.9504854722404236,0.41281775306752294
88200.0,5146.042007368498,4026.6282755149414,0.0,0.9504854919202603,0.4128191101399535
88260.0,5146.03029651674,4026.63999029414,0.0,0.9504854651037359,0.412820467209301
88320.0,5146.018584350625,4026.6517042126743,0.0,0.9504854791625291,0.4128218242834558
88380.0,5146.006874028012,4026.663419378035,0.0,0.9504854351447369,0.41282318135355706
88440.0,5145.995161014797,4026.675132763435,0.0,0.9504854751425632,0.4128245384322733
88500.0,5145.983454742265,4026.6868506703045,0.0,0.9504853034900876,0.4128258954936198
88560.0,5145.971737556858,4026.6985613039456,0.0,0.9504854736102688,0.4128272525862642
88620.0,5145.960022676259,4026.7102734997893,0.0,0.9504855710576132,0.412828609674069
88680.0,5145.94831398723,4026.721989835112,0.0,0.9504854743527898,0.41282996674498895
88740.0,5145.936603965985,4026.7337053059114,0.0,0.9504854189315273,0.41283132382131466
88800.0,5145.924890372463,4026.745418401839,0.0,0.9504854752755019,0.4128326809082947
88860.0,5145.913186277291,4026.757137859433,0.0,0.9504852335609318,0.41283403797013596
88920.0,5145.901466816179,4026.768847072244,0.0,0.9504854731509419,0.4128353950758203
88980.0,5145.889750606758,4026.7805584791085,0.0,0.9504856103987915,0.4128367521739974
89040.0,5145.878043118569,4026.7922757135257,0.0,0.9504854742299129,0.4128381092481628
89100.0,5145.866333760269,4026.8039917244773,0.0,0.9504853961990162,0.41283946632924917
89160.0,5145.854619373478,4026.815704388796,0.0,0.95048547556264,0.41284082342509243
89220.0,5145.842913707553,4026.827422890066,0.0,0.9504852813397222,0.4128421804975719
89280.0,5145.831195715877,4026.8391331809903,0.0,0.9504854730540437,0.41284353760574566
89340.0,5145.819480323285,4026.8508452305678,0.0,0.9504855828730543,0.4128448947082501
89400.0,5145.807771908436,4026.8625619444783,0.0,0.9504854739011465,0.4128462517916537
89460.0,5145.796061994204,4026.8742776822614,0.0,0.9504854114518682,0.4128476088809339
89520.0,5145.784348055133,4026.885990743033,0.0,0.9504854749513071,0.41284896598214404
89580.0,5145.772644821317,4026.8977109712237,0.0,0.9504852025673317,0.412850323054813
89640.0,5145.76092427266,4026.9094196534966,0.0,0.9504854725674845,0.41285168017681845
89700.0,5145.749207390104,4026.921130806485,0.0,0.9504856272378053,0.4128530372901483
89760.0,5145.7375003358975,4026.9328485261694,0.0,0.9504854737937339,0.41285439437634563
89820.0,5145.725791176169,4026.9445648652204,0.0,0.9504853858655383,0.4128557514701272
89880.0,5145.714076350634,4026.9562774321403,0.0,0.9504854753059425,0.41285710858046215
89940.0,5145.702364967097,4026.9679923132485,0.0,0.9504854565695388,0.41285846568227347
90000.0,5145.690652167333,4026.979706265069,0.0,0.9504854819127496,0.4128598227891448
90060.0,5145.678940594497,4026.991421051927,0.0,0.9504854685052232,0.41286117989366383
90120.0,5145.667227254474,4027.003134676297,0.0,0.9504855101556309,0.41286253700430064
90180.0,5145.655516447194,4027.0148500061,0.0,0.9504854721573058,0.41286389410883706
90240.0,5145.643799222136,4027.0265610769707,0.0,0.9504856348083651,0.41286525123307277
90300.0,5145.632092332463,4027.0382790532035,0.0,0.9504854734510189,0.41286660832874594
90360.0,5145.620383229457,4027.0499955767896,0.0,0.9504853809891982,0.41286796543230714
90420.0,5145.608668168765,4027.0617081332857,0.0,0.9504854750454418,0.4128693225532447
90480.0,5145.596956728091,4027.073423122875,0.0,0.9504854553446355,0.41287067966515645
90540.0,5145.585243798655,4027.085137134724,0.0,0.9504854819972648,0.4128720367823325
90600.0,5145.573532159915,4027.0968520242013,0.0,0.9504854679002231,0.4128733938969764
90660.0,5145.561818663388,4027.108565690671,0.0,0.9504855117012464,0.4128747510179935
90720.0,5145.5501078306725,4027.120281150123,0.0,0.9504854717449042,0.4128761081325404
90780.0,5145.5383902500025,4027.131992130091,0.0,0.9504856427882445,0.41287746526771757
90840.0,5145.526683537887,4027.1437103715634,0.0,0.9504854731095601,0.41287882237282847
90900.0,5145.514974499071,4027.155427084658,0.0,0.9504853758802705,0.4128801794861469
90960.0,5145.503259278421,4027.1671396803736,0.0,0.9504854722063927,0.41288153661743965
91020.0,5145.491545356595,4027.1788531672432,0.0,0.9504855273758633,0.4128828937467247
91080.0,5145.479834985319,4027.1905690323892,0.0,0.9504854711235872,0.41288425086659664
91140.0,5145.468115117134,4027.2022785833014,0.0,0.9504857120138523,0.41288560801484486
91200.0,5145.456410556511,4027.213998358471,0.0,0.9504854730786882,0.41288696512051803
91260.0,5145.444702725294,4027.225715975282,0.0,0.9504853361711929,0.4128883222370584
91320.0,5145.43298619057,4027.23742779164,0.0,0.9504854718401032,0.41288967937867904
91380.0,5145.421271490872,4027.249140857028,0.0,0.9504855495497462,0.4128910365167808
91440.0,5145.409561793335,4027.260857269572,0.0,0.9504854703485414,0.4128923936413787
91500.0,5145.3978433812335,4027.2725678837246,0.0,0.9504856638931161,0.41289375079173524
91560.0,5145.386137238797,4027.2842867010454,0.0,0.9504854726864979,0.4128951079084892
91620.0,5145.374428476318,4027.2960037941125,0.0,0.9504853631234718,0.41289646503427757
91680.0,5145.362712748312,4027.307716246497,0.0,0.9504854716790668,0.41289782218024956
91740.0,5145.350998485776,4027.3194297013038,0.0,0.9504855338549962,0.4128991793237438
91800.0,5145.339288224925,4027.331145835632,0.0,0.9504854704692017,0.41290053645655284
91860.0,5145.327567264075,4027.342854852352,0.0,0.9504857419347335,0.41290189362112983
91920.0,5145.315863553538,4027.354575390613,0.0,0.9504854726827674,0.4129032507376547
91980.0,5145.304156159311,4027.366293494666,0.0,0.9504853184062484,0.4129046078662109
92040.0,5145.292438957956,4027.3780050613086,0.0,0.9504854712973534,0.4129059650229586
92100.0,5145.280723826299,4027.3897180336794,0.0,0.9504855588738903,0.4129073221755257
92160.0,5145.269014332113,4027.4014347774423,0.0,0.9504854696268585,0.41290867931279773
92220.0,5145.257301386085,4027.4131492346037,0.0,0.9504854882242267,0.4129100364609696
92280.0,5145.24558983292,4027.4248646371943,0.0,0.9504854628774175,0.4129113936062857
92340.0,5145.233877037206,4027.43657922673,0.0,0.9504854761622821,0.41291275075620715
92400.0,5145.222165982989,4027.448294995423,0.0,0.95048543455838,0.41291410790235933
92460.0,5145.21045238575,4027.4600090820236,0.0,0.9504854723584866,0.41291546505671245
92520.0,5145.198745157452,4027.4717274435106,0.0,0.9504853101258126,0.41291682219473475
92580.0,5145.187027616597,4027.4834389299235,0.0,0.9504854709058149,0.41291817936237424
92640.0,5145.175312252915,4027.495151893862,0.0,0.9504855630020463,0.41291953652552965
92700.0,5145.163602817659,4027.5068688235715,0.0,0.9504854691533565,0.4129208936725691
92760.0,5145.1518897531105,4027.5185833481246,0.0,0.9504854887121621,0.41292225083100903
92820.0,5145.140178153731,4027.530298866414,0.0,0.9504854620599581,0.41292360798638905
92880.0,5145.128465248236,4027.5420135291806,0.0,0.9504854760322181,0.4129249651465535
92940.0,5145.11675417456,4027.553729431443,0.0,0.9504854322843059,0.41292632230269394
93000.0,5145.105040427206,4027.565443564321,0.0,0.9504854720364145,0.4129276794674036
93060.0,5145.093333377938,4027.5771621919826,0.0,0.9504853014370949,0.4129290366148538
93120.0,5145.081615484619,4027.588873589476,0.0,0.9504854705130152,0.41293039379342034
93180.0,5145.069899881487,4027.6005865399984,0.0,0.9504855673621099,0.41293175096718393
93240.0,5145.058190430845,4027.61230360553,0.0,0.9504854712504712,0.41293310812416484
93300.0,5145.046479656311,4027.6240198117257,0.0,0.9504854161690353,0.4129344652865276
93360.0,5145.034765332012,4027.635733657125,0.0,0.950485472167013,0.412935822459485
93420.0,5145.023060446068,4027.647453826621,0.0,0.95048523193538,0.4129371796074593
93480.0,5145.011340291088,4027.659163811972,0.0,0.9504854700549816,0.4129385367990215
93540.0,5144.999623367214,4027.6708759784647,0.0,0.9504856064603553,0.4129398939831288
93600.0,5144.987915109528,4027.6825939380537,0.0,0.9504854711268232,0.41294125114336855
93660.0,5144.9762049934525,4027.694310681487,0.0,0.9504853935744928,0.41294260831049645
93720.0,5144.96448988058,4027.706024098113,0.0,0.9504854724508639,0.41294396549229734
93780.0,5144.952783433504,4027.717743317207,0.0,0.9504852794194972,0.4129453226508778
93840.0,5144.941064738389,4027.7294543745697,0.0,0.9504854699571532,0.41294667984494726
93900.0,5144.929348625885,4027.7411671802543,0.0,0.9504855791020413,0.4129480370333888
93960.0,5144.917639447081,4027.752884622699,0.0,0.9504854707985496,0.41294939420284443
94020.0,5144.9059287782775,4027.7646010948624,0.0,0.9504854087322026,0.4129507513781503
94080.0,5144.894214109996,4027.776314905877,0.0,0.9504854718417576,0.4129521085653188
94140.0,5144.882510079365,4027.788035841973,0.0,0.9504852011289286,0.412953465724122
94200.0,5144.870788843093,4027.7997453004864,0.0,0.9504854694720545,0.4129548229319742
94260.0,5144.859071249718,4027.8114572151676,0.0,0.9504856231930487,0.4129561801312099
94320.0,5144.847363422669,4027.823175657717,0.0,0.9504854706902712,0.4129575373034754
94380.0,5144.835653503304,4027.8348927278707,0.0,0.9504853833013842,0.4129588944832886
94440.0,5144.8239379538445,4027.846606048237,0.0,0.9504854721926922,0.41296025167956063
94500.0,5144.812232170993,4027.8583259063043,0.0,0.9504852546699579,0.4129616088495076
94560.0,5144.800512587236,4027.870036565471,0.0,0.9504854693928724,0.4129629660593224
94620.0,5144.788795915612,4027.8817491930404,0.0,0.9504855923938851,0.41296432326258
94680.0,5144.777087058019,4027.8934670453523,0.0,0.9504854703513993,0.41296568044436927
94740.0,5144.765376523238,4027.9051838023547,0.0,0.9504854004137453,0.412967037632536
94800.0,5144.7536614822175,4027.9168975597277,0.0,0.9504854715373493,0.41296839483399445
94860.0,5144.7419542543075,4027.9286165508543,0.0,0.9504852974652298,0.41296975201463293
94920.0,5144.730235981208,4027.9403281825075,0.0,0.9504854692806011,0.4129711092273732
94980.0,5144.71852003548,4027.952041392241,0.0,0.9504855676991428,0.41297246643520386
95040.0,5144.7068103415495,4027.9637587839225,0.0,0.9504854700313214,0.4129738236259686
95100.0,5144.695099302622,4027.975475302027,0.0,0.950485414058331,0.4129751808221748
95160.0,5144.68338465676,4027.987189420798,0.0,0.9504854709640278,0.4129765380291382
95220.0,5144.671679601717,4027.998909966425,0.0,0.9504852268418154,0.41297789521068357
95280.0,5144.659959031456,4028.0106201619583,0.0,0.9504854688191047,0.41297925243651784
95340.0,5144.648241744653,4028.0223325739134,0.0,0.9504856074346263,0.41298060965474725
95400.0,5144.636533263897,4028.0340508732334,0.0,0.9504854699096267,0.4129819668487105
95460.0,5144.624822895017,4028.0457679363453,0.0,0.9504853911017614,0.41298332404964594
95520.0,5144.613107448838,4028.057481618381,0.0,0.9504854712564328,0.4129846812654835
95580.0,5144.6014008083985,4028.06920119721,0.0,0.9504852750989654,0.4129860384577013
95640.0,5144.589681722515,4028.080912481237,0.0,0.9504854687236474,0.4129873956859699
95700.0,5144.577965261139,4028.0926255418144,0.0,0.9504855796371166,0.4129887529084907
95760.0,5144.566255845375,4028.104343314587,0.0,0.9504854695799915,0.41299011011170667
95820.0,5144.554544915823,4028.1160601010315,0.0,0.9504854065089605,0.4129914673208398
95880.0,5144.542829922375,4028.1277741828985,0.0,0.9504854706414161,0.4129928245420187
95940.0,5144.531121973151,4028.139492985645,0.0,0.9504853136660691,0.4129941817445426
96000.0,5144.51940406338,4028.1512051524032,0.0,0.950485468598352,0.41299553897611363
96060.0,5144.507688250824,4028.1629187437156,0.0,0.9504855573442901,0.4129968962034228
96120.0,5144.495978150196,4028.174636157414,0.0,0.9504854669066438,0.41299825341522045
96180.0,5144.484264552328,4028.186351253395,0.0,0.9504854857527681,0.4129996106380486
96240.0,5144.472552365832,4028.1980673074713,0.0,0.9504854600682016,0.41300096785796625
96300.0,5144.460838920532,4028.2097825373417,0.0,0.9504854735309181,0.4130023250825352
96360.0,5144.449127239851,4028.221498962192,0.0,0.9504854313722706,0.4130036823032669
96420.0,5144.437412982725,4028.233213682038,0.0,0.9504854696774365,0.41300503953229545
96480.0,5144.425705178779,4028.244932734452,0.0,0.95048530527992,0.4130063967447474
96540.0,5144.41398692627,4028.2566448186194,0.0,0.9504854682064581,0.41300775398720996
96600.0,5144.402270879869,4028.268358400109,0.0,0.9504855615324799,0.41300911122510336
96660.0,5144.390560840195,4028.2800760009964,0.0,0.9504854664316913,0.41301046844665334
96720.0,5144.378847123484,4028.2917911640075,0.0,0.9504854862520986,0.41301182567974065
96780.0,5144.36713489141,4028.3035073340743,0.0,0.9504854592446962,0.4130131829097109
96840.0,5144.355421336128,4028.315222636892,0.0,0.9504854734039921,0.413014540144514
96900.0,5144.343709636974,4028.3269391958434,0.0,0.9504854290726953,0.4130158973752213
96960.0,5144.331995228997,4028.338653961318,0.0,0.9504854693559368,0.41301725461459904
97020.0,5144.320287607687,4028.3503732822355,0.0,0.950485296480118,0.4130186118364588
97080.0,5144.308568999308,4028.362085275004,0.0,0.9504854678132866,0.413019969089849
97140.0,5144.296852711543,4028.373798841621,0.0,0.9504855659556051,0.4130213263383464
97200.0,5144.285142657515,4028.3855165789014,0.0,0.950485468561668,0.41302268356982497
97260.0,5144.273431262338,4028.397233444995,0.0,0.9504854127455937,0.41302404080673394
97320.0,5144.261716270627,4028.4089479182485,0.0,0.9504854694915247,0.4130253980543726
97380.0,5144.250010842011,4028.4206688010263,0.0,0.950485226054161,0.413026755276665
97440.0,5144.238289942966,4028.4323793616827,0.0,0.9504854673523875,0.4130281125431286
97500.0,5144.226572317863,4028.444092132805,0.0,0.9504856055788361,0.4130294698020114
97560.0,5144.214863473363,4028.455810775397,0.0,0.9504854684396167,0.4130308270366941
97620.0,5144.203152746159,4028.4675281851523,0.0,0.9504853898527905,0.41303218427833427
97680.0,5144.191436956303,4028.479242222978,0.0,0.9504854697824109,0.41303354153483796
97740.0,5144.1797299467335,4028.490962141687,0.0,0.9504852741753198,0.4130348987677878
97800.0,5144.168010527645,4028.5026737880235,0.0,0.9504854672565007,0.41303625603669386
97860.0,5144.156293725448,4028.5143872061435,0.0,0.9504855778585866,0.4130376132998711
97920.0,5144.144583948505,4028.5261053237373,0.0,0.9504854681102088,0.41303897054379657
97980.0,5144.13287266211,4028.5378224576993,0.0,0.9504854052160607,0.41304032779362704
98040.0,5144.121157323541,4028.5495368944034,0.0,0.9504854691684221,0.41304168505547234
98100.0,5144.109449008831,4028.561256039255,0.0,0.9504853126334808,0.4130430422987153
98160.0,5144.097730762319,4028.5729685660667,0.0,0.950485467130859,0.41304439957092953
98220.0,5144.086014606931,4028.584682513615,0.0,0.9504855556276198,0.41304575683889694
98280.0,5144.0743041469605,4028.5964002732326,0.0,0.950485465443666,0.41304711409139583
98340.0,5144.062590199829,4028.608115721418,0.0,0.9504854842367807,0.41304847135489786
98400.0,5144.050877659971,4028.619832125131,0.0,0.950485458624184,0.41304982861549994
98460.0,5144.039163864918,4028.6315477068847,0.0,0.950485472049,0.4130511858807432
98520.0,5144.027451829364,4028.643264480412,0.0,0.9504854300085556,0.41305254314216205
98580.0,5144.015737224785,4028.6549795535607,0.0,0.9504854682061009,0.41305390041185763
98640.0,5144.004029054715,4028.666698947602,0.0,0.9504853042698889,0.4130552576650249
98700.0,5143.992310466252,4028.6784113922367,0.0,0.9504854667390182,0.41305661494812335
98760.0,5143.9805940774895,4028.6901253301808,0.0,0.9504855598029522,0.41305797222666846
98820.0,5143.968883678086,4028.701843276673,0.0,0.9504854649690007,0.4130593294889152
98880.0,5143.957169612248,4028.713558791898,0.0,0.9504854847336566,0.41306068676267116
98940.0,5143.945457026737,4028.725275311477,0.0,0.950485457801946,0.41306204403332064
99000.0,5143.933743121813,4028.736990966172,0.0,0.9504854719213817,0.4130634013087924
99060.0,5143.922031067633,4028.74870787363,0.0,0.950485427714398,0.41306475858018216
99120.0,5143.910316312432,4028.760422992476,0.0,0.9504854678844564,0.41306611586022113
99180.0,5143.898608324263,4028.7721426544877,0.0,0.9504852954936864,0.41306747312279285
99240.0,5143.886889380747,4028.7838550081624,0.0,0.9504854663459033,0.41306883041681147
99300.0,5143.875172751108,4028.7955689314645,0.0,0.9504855642126446,0.41307018770595416
99360.0,5143.863462337191,4028.807287014168,0.0,0.9504854670919516,0.413071544978125
99420.0,5143.851750585963,4028.819004228073,0.0,0.9504854114324204,0.4130729022557152
99480.0,5143.840035248578,4028.8307190556143,0.0,0.9504854680189663,0.41307425954400745
99540.0,5143.828329446632,4028.8424402753935,0.0,0.9504852252646646,0.4130756168070252
99600.0,5143.816608218926,4028.8541512009506,0.0,0.9504854658855995,0.4130769741140968
99660.0,5143.804890255673,4028.865864331033,0.0,0.9504856037240577,0.4130783314136115
99720.0,5143.793181047653,4028.877583316732,0.0,0.9504854669695454,0.4130796886889926
99780.0,5143.781469962334,4028.889301072959,0.0,0.9504853886030613,0.41308104597131584
99840.0,5143.7697538289685,4028.9010154663747,0.0,0.95048546830834,0.41308240326846385
99900.0,5143.758046450515,4028.912735724814,0.0,0.9504852732498525,0.4130837605421242
99960.0,5143.746326698346,4028.924447733242,0.0,0.9504854657892834,0.4130851178516463
100020.0,5143.734609555482,4028.9361615086996,0.0,0.9504855760809775,0.4130864751554586
100080.0,5143.722899417575,4028.947879970949,0.0,0.950485466640364,0.4130878324400721
100140.0,5143.711187774541,4028.9595974522554,0.0,0.9504854039225157,0.4130891897305783
100200.0,5143.69947209102,4028.971312243599,0.0,0.9504854676953769,0.41309054703306836
100260.0,5143.687763411056,4028.9830317304,0.0,0.9504853115993579,0.41309190431700876
100320.0,5143.676044827939,4028.994744617049,0.0,0.9504854656632962,0.41309326162984483
100380.0,5143.664328329876,4029.006458920631,0.0,0.9504855539117414,0.4130946189384491
100440.0,5143.652617510778,4029.0181770259987,0.0,0.9504854639806025,0.41309597623162775
100500.0,5143.640903214559,4029.029892826198,0.0,0.9504854827208977,0.4130973335357826
100560.0,5143.629190321531,4029.041609579366,0.0,0.9504854571800118,0.4130986908370475
100620.0,5143.617476176909,4029.0533255128157,0.0,0.9504854705670639,0.4131000481429435
100680.0,5143.605763786683,4029.065042634844,0.0,0.9504854286443963,0.41310140544502794
100740.0,5143.594048834825,4029.0767580611036,0.0,0.9504854667347088,0.4131027627553692
100800.0,5143.582340298872,4029.0884777966207,0.0,0.9504853032581098,0.41310412004923
100860.0,5143.5706213745825,4029.100190601506,0.0,0.9504854652715081,0.413105477372943
100920.0,5143.558904643611,4029.1119048956994,0.0,0.9504855580743228,0.4131068346921185
100980.0,5143.547193884701,4029.123623187628,0.0,0.9504854635062222,0.4131081919950408
101040.0,5143.535479469916,4029.1353390548775,0.0,0.950485483215333,0.41310954930944377
101100.0,5143.523766531159,4029.1470559237905,0.0,0.9504854563590343,0.413110906620751
101160.0,5143.512052276775,4029.158771930174,0.0,0.950485470438757,0.4131122639368701
101220.0,5143.50033986777,4029.1704891859613,0.0,0.9504854263556298,0.41311362124892054
101280.0,5143.488624765519,4029.1822046579846,0.0,0.9504854664129201,0.41311497856959933
101340.0,5143.476916410734,4029.1939246609377,0.0,0.9504852945055268,0.4131163358728613
101400.0,5143.465197132211,4029.2056373752994,0.0,0.9504854648784494,0.413117693207487
101460.0,5143.453480160853,4029.217351655081,0.0,0.9504855624705864,0.4131190505372534
101520.0,5143.441769387263,4029.229070083045,0.0,0.9504854656221728,0.41312040785009474
101580.0,5143.430057280187,4029.240787644586,0.0,0.9504854101186619,0.4131217651683447
101640.0,5143.418341597296,4029.2525028262207,0.0,0.9504854665463541,0.4131231224972692
101700.0,5143.40663542228,4029.2642243828586,0.0,0.9504852244729537,0.4131244798009906
101760.0,5143.394913866026,4029.2759356730894,0.0,0.9504854644187396,0.4131258371486489
101820.0,5143.383195564767,4029.2876491619227,0.0,0.9504856018703904,0.4131271944887743
101880.0,5143.371485993455,4029.299368490569,0.0,0.950485465499412,0.4131285518048319
101940.0,5143.3597745502275,4029.311086593095,0.0,0.9504853873526513,0.41312990912781683
102000.0,5143.348058073516,4029.3228013419025,0.0,0.9504854668342186,0.413131266465588
102060.0,5143.3363503264145,4029.3345219399157,0.0,0.9504852723227957,0.41313262377993715
102120.0,5143.3246302413,4029.34623431022,0.0,0.9504854643219958,0.41313398113005384
102180.0,5143.312912757923,4029.3579484428124,0.0,0.9504855743041767,0.4131353384744798
102240.0,5143.30120225927,4029.3696672495475,0.0,0.9504854651704564,0.4131366957997598
102300.0,5143.289490259799,4029.3813850780207,0.0,0.9504854026284648,0.41313805313092034
102360.0,5143.277774231496,4029.3931002238096,0.0,0.9504854662222767,0.4131394104740337
102420.0,5143.266068919185,4029.4048225520582,0.0,0.95048519343371,0.41314076778853426
102480.0,5143.25434627478,4029.4165333100123,0.0,0.9504854638350125,0.41314212515247717
102540.0,5143.242627300194,4029.428246543817,0.0,0.950485618735156,0.4131434825077161
102600.0,5143.230918163783,4029.4399663581407,0.0,0.9504854650631833,0.41314483983575967
102660.0,5143.219206919809,4029.4516847888417,0.0,0.9504853770044488,0.41314619717139517
102720.0,5143.207490004396,4029.46339943943,0.0,0.9504854665777377,0.4131475545236173
102780.0,5143.19577653446,4029.475116409033,0.0,0.9504854478135502,0.41314891186729064
102840.0,5143.184061646925,4029.4868324473387,0.0,0.9504854731944608,0.4131502692160291
102900.0,5143.172347987583,4029.4985493223908,0.0,0.9504854597670643,0.4131516265624042
102960.0,5143.160632559328,4029.5102650324507,0.0,0.9504855014794145,0.4131529839149042
103020.0,5143.148919666385,4029.521982451494,0.0,0.9504854634246727,0.413154341261285
103080.0,5143.137200349319,4029.533695602546,0.0,0.9504856263174553,0.4131556986273995
103140.0,5143.12549137797,4029.545415673501,0.0,0.9504854647204077,0.41315705596488544
103200.0,5143.113780191141,4029.557134288667,0.0,0.950485372121247,0.41315841331026787
103260.0,5143.102063040703,4029.5688489283475,0.0,0.9504854663172999,0.4131597706730616
103320.0,5143.090349513936,4029.5805660061988,0.0,0.9504854465872604,0.4131611280268032
103380.0,5143.078634496961,4029.5922821041972,0.0,0.9504854732795578,0.413162485385815
103440.0,5143.066920772011,4029.6039990816244,0.0,0.9504854591616096,0.413163842742283
103500.0,5143.055205187459,4029.615714833412,0.0,0.9504855030278092,0.4131652001051319
103560.0,5143.0434922694185,4029.6274323819157,0.0,0.950485463012106,0.4131665574614908
103620.0,5143.0317725967425,4029.6391454414083,0.0,0.9504856343098187,0.4131679148385165
103680.0,5143.020063803498,4029.6508657777026,0.0,0.9504854643788907,0.41316927218540644
103740.0,5143.008352681287,4029.6625845823173,0.0,0.9504853670051165,0.4131706295405131
103800.0,5142.996635371088,4029.6742992608406,0.0,0.9504854634744802,0.4131719869136307
103860.0,5142.984919361072,4029.6860148323203,0.0,0.9504855187260226,0.41317334428472724
103920.0,5142.973206905173,4029.6977327870663,0.0,0.9504854623901648,0.4131747016463865
103980.0,5142.96148494294,4029.7094444141803,0.0,0.9504857036386252,0.41317605903647575
104040.0,5142.949778303576,4029.7211662871014,0.0,0.9504854643482721,0.41317741638389305
104100.0,5142.938068390412,4029.732885997031,0.0,0.9504853272373104,0.41317877374219253
104160.0,5142.926349765071,4029.7445998942444,0.0,0.9504854631079458,0.4131801311256244
104220.0,5142.914632976649,4029.756315043046,0.0,0.9504855409331388,0.4131814885055207
104280.0,5142.902921195405,4029.7680335460377,0.0,0.9504854616142668,0.4131828458718802
104340.0,5142.891200690939,4029.7797462383483,0.0,0.9504856554466152,0.4131842032640485
104400.0,5142.879492468425,4029.7914671510907,0.0,0.9504854639557977,0.41318556062253486
104460.0,5142.86778162331,4029.8031863358638,0.0,0.9504853542299951,0.41318691799006646
104520.0,5142.856063805737,4029.814900870137,0.0,0.9504854629469693,0.41318827537782304
104580.0,5142.844347455156,4029.8266164088727,0.0,0.9504855252153356,0.41318963276308757
104640.0,5142.832635110276,4029.838334632752,0.0,0.9504854617354057,0.41319099013764005
104700.0,5142.820912054774,4029.850045723935,0.0,0.9504857336044505,0.4131923475440217
104760.0,5142.8092062668275,4029.861768360941,0.0,0.9504854639523608,0.41319370490224194
104820.0,5142.7974967915725,4029.8734885585245,0.0,0.9504853094466384,0.4131950622725113
104880.0,5142.785777499421,4029.8852022048814,0.0,0.9504854625649879,0.4131964196710312
104940.0,5142.774060279095,4029.896917259856,0.0,0.9504855502717182,0.4131977770653522
105000.0,5142.762348701886,4029.908636094151,0.0,0.9504854608921102,0.4131991344443412
105060.0,5142.750633669436,4029.920352636965,0.0,0.9504854795171688,0.4132004918342476
105120.0,5142.738920031276,4029.932070127155,0.0,0.9504854541327359,0.41320184922128617
105180.0,5142.727205149366,4029.9437868025225,0.0,0.9504854674373977,0.41320320661293414
105240.0,5142.715492010735,4029.955504659484,0.0,0.950485425771689,0.41320456400079836
105300.0,5142.703776326578,4029.967220830754,0.0,0.9504854636280478,0.41320592139687595
105360.0,5142.692067017788,4029.978941285858,0.0,0.950485301154131,0.41320727877657787
105420.0,5142.680347386155,4029.990654851351,0.0,0.9504854621733158,0.41320863618595916
105480.0,5142.668629933933,4030.002369897413,0.0,0.9504855544065309,0.4132099935908376
105540.0,5142.656918416078,4030.0140889175864,0.0,0.9504854604183515,0.41321135097956124
105600.0,5142.64520326535,4030.0258055274735,0.0,0.9504854800062932,0.4132127083797039
105660.0,5142.633489581296,4030.0375231331445,0.0,0.9504854533145024,0.4132140657767743
105720.0,5142.621774589863,4030.049239881436,0.0,0.950485467307593,0.4132154231786335
105780.0,5142.610061432116,4030.0609578717867,0.0,0.9504854234946557,0.4132167805764535
105840.0,5142.598345598062,4030.0726740889713,0.0,0.9504854633059457,0.4132181379828561
105900.0,5142.586636468843,4030.0843948103507,0.0,0.9504852924529681,0.41321949537195235
105960.0,5142.574916484756,4030.0961082862755,0.0,0.9504854617803808,0.4132208527922304
106020.0,5142.563198793207,4030.1078233184317,0.0,0.9504855587735535,0.4132222102076859
106080.0,5142.551487260313,4030.1195424742564,0.0,0.9504854625190332,0.41322356760631856
106140.0,5142.539774402267,4030.1312607688533,0.0,0.9504854073557485,0.4132249250103361
106200.0,5142.5280579909295,4030.142976697644,0.0,0.9504854634370375,0.4132262824249683
106260.0,5142.516351027435,4030.1546989638023,0.0,0.9504852228482652,0.4132276398145535
106320.0,5142.504628779678,4030.1664110242973,0.0,0.9504854613219658,0.41322899724781986
106380.0,5142.492909766308,4030.1781252704614,0.0,0.9504855979302421,0.4132303546736057
106440.0,5142.481199427806,4030.1898453219214,0.0,0.9504854623955008,0.4132317120754682
106500.0,5142.4694872291175,4030.2015641545822,0.0,0.9504853847279342,0.41323306948422506
106560.0,5142.457770028665,4030.2132796533892,0.0,0.9504854637216094,0.413234426907684
106620.0,5142.446061502707,4030.225000966851,0.0,0.950485270403295,0.41323578430786473
106680.0,5142.434340716515,4030.2367141013165,0.0,0.9504854612242912,0.4132371417436073
106740.0,5142.422622515571,4030.2484289877148,0.0,0.9504855705314927,0.41323849917370065
106800.0,5142.410911255274,4030.2601485206314,0.0,0.9504854620670382,0.4132398565847633
106860.0,5142.399198503549,4030.2718670811423,0.0,0.9504853999084666,0.4132412140016799
106920.0,5142.387481748374,4030.283582974862,0.0,0.9504854631118974,0.41324257143048204
106980.0,5142.375775641533,4030.2953060086243,0.0,0.9504851919965681,0.4132439288308475
107040.0,5142.364052311884,4030.3070175405564,0.0,0.9504854607387706,0.41324528628036705
107100.0,5142.352332628833,4030.318731533765,0.0,0.9504856146883287,0.4132466437212421
107160.0,5142.340622721878,4030.330452068588,0.0,0.9504854619588978,0.41324800113508436
107220.0,5142.328910720579,4030.342171228043,0.0,0.9504853744401831,0.413249358556482
107280.0,5142.317193083588,4030.3538866297727,0.0,0.9504854634636518,0.4132507159943715
107340.0,5142.305478870287,4030.3656043368474,0.0,0.9504854448143315,0.4132520734237682
107400.0,5142.293763248277,4030.377321118179,0.0,0.9504854700392724,0.4132534308582056
107460.0,5142.282048846664,4030.3890387313554,0.0,0.9504854566940006,0.41325478829029866
107520.0,5142.270332687244,4030.4007551864793,0.0,0.9504854981501891,0.41325614572848635
107580.0,5142.258619047098,4030.4124733405197,0.0,0.950485460328661,0.41325750316059573
107640.0,5142.246899023274,4030.4241872518865,0.0,0.9504856222217766,0.4132588606123307
107700.0,5142.235189279885,4030.435908042243,0.0,0.9504854616159376,0.4132602180356083
107760.0,5142.223477334914,4030.4476273854916,0.0,0.9504853695846951,0.41326157546674386
107820.0,5142.211759463926,4030.4593427767995,0.0,0.9504854632025234,0.41326293291519134
107880.0,5142.200045193697,4030.4710605919017,0.0,0.950485443593287,0.4132642903546455
107940.0,5142.188329442612,4030.482777432995,0.0,0.9504854701215552,0.4132656477993441
108000.0,5142.176614975351,4030.494495148363,0.0,0.950485456089975,0.4132670052415192
108060.0,5142.164898660163,4030.5062116453873,0.0,0.9504854996867796,0.41326836269004313
108120.0,5142.153184994621,4030.517929928543,0.0,0.950485459916338,0.41326972013212043
108180.0,5142.141464616974,4030.529643749311,0.0,0.9504856301628591,0.4132710775947508
108240.0,5142.129755050114,4030.54136480386,0.0,0.9504854612742285,0.4132724350274255
108300.0,5142.118043168902,4030.5530843358583,0.0,0.9504853644976168,0.4132737924682765
108360.0,5142.106325138708,4030.5647997661954,0.0,0.9504854603748587,0.41327514992703507
108420.0,5142.094608400418,4030.5765160842784,0.0,0.9504855152871492,0.41327650738379257
108480.0,5142.082895193802,4030.5882347715547,0.0,0.9504854592966876,0.4132778648311714
108540.0,5142.071172540739,4030.5999471687,0.0,0.9504856990647047,0.41327922230682074
108600.0,5142.059465113872,4030.6116697510633,0.0,0.9504854612422723,0.41328057974005206
108660.0,5142.0477544337755,4030.6233901833007,0.0,0.9504853249723086,0.41328193718410927
108720.0,5142.03603509643,4030.635104837233,0.0,0.9504854600090479,0.4132832946531537
108780.0,5142.02431758434,4030.6468207354183,0.0,0.9504855373565264,0.4132846521186916
108840.0,5142.01260504782,4030.658539967977,0.0,0.950485458524024,0.41328600957077516
108900.0,5142.0008838430385,4030.6702534242763,0.0,0.9504856511669955,0.4132873670485215
108960.0,5141.989174842707,4030.681975052425,0.0,0.9504854608506812,0.4132887244927888
109020.0,5141.977463236238,4030.693694962895,0.0,0.9504853517977612,0.41329008194605615
109080.0,5141.965744701255,4030.705410250397,0.0,0.9504854598475339,0.4132914394194323
109140.0,5141.954027623942,4030.7171265364896,0.0,0.9504855217336418,0.413292796890339
109200.0,5141.942314527039,4030.7288454918685,0.0,0.9504854586428945,0.4132941543505996
109260.0,5141.930590786991,4030.7405573568103,0.0,0.9504857288438302,0.41329551184250995
109320.0,5141.918884205567,4030.752280699301,0.0,0.9504854608457406,0.41329686928654485
109380.0,5141.907173960016,4030.7640016168707,0.0,0.9504853072876136,0.41329822674256605
109440.0,5141.895453959457,4030.775716021988,0.0,0.9504854594663708,0.4132995842266744
109500.0,5141.883736017582,4030.787431827463,0.0,0.9504855466347175,0.41330094170661663
109560.0,5141.872023683207,4030.799151389925,0.0,0.950485457803249,0.4133022991713198
109620.0,5141.8603015821445,4030.8108644415242,0.0,0.9504856748985412,0.41330365666478763
109680.0,5141.848593235033,4030.822586701245,0.0,0.950485460435525,0.41330501412040044
109740.0,5141.836881952984,4030.8343070233914,0.0,0.9504853375485527,0.4133063715859414
109800.0,5141.825162864005,4030.8460221350942,0.0,0.9504854593154309,0.41330772907407193
109860.0,5141.813445419479,4030.8577383703005,0.0,0.9504855290603075,0.4133090865592052
109920.0,5141.80173246103,4030.86945761298,0.0,0.9504854579682755,0.41331044403226413
109980.0,5141.790011685171,4030.8811716476234,0.0,0.9504856316820253,0.41331180152858654
110040.0,5141.778301913509,4030.8928930525367,0.0,0.9504854600583421,0.4133131589948141
110100.0,5141.766589790406,4030.904612909859,0.0,0.950485361714773,0.4133145164693228
110160.0,5141.754871419224,4030.9163285986374,0.0,0.9504854591457232,0.4133158739620216
110220.0,5141.74315436103,4030.9280451893756,0.0,0.9504855149481377,0.4133172314526585
110280.0,5141.7314408915545,4030.9397641878054,0.0,0.950485458051407,0.41331858893375356
110340.0,5141.719717823512,4030.9514767934215,0.0,0.9504857017038294,0.4133199464435525
110400.0,5141.708010227319,4030.9631997500555,0.0,0.9504854600298253,0.4133213039102323
110460.0,5141.696299325669,4030.9749205213016,0.0,0.9504853215532667,0.4133226613878865
110520.0,5141.684579627229,4030.986635420053,0.0,0.9504854587779445,0.41332401889092557
110580.0,5141.672861783723,4030.998351583081,0.0,0.9504855373788487,0.4133253763903727
110640.0,5141.661148996115,4031.0100711346954,0.0,0.9504854572701875,0.4133267338761362
110700.0,5141.649427400626,4031.0217848158063,0.0,0.9504856530340137,0.41332809138796023
110760.0,5141.637718206553,4031.0335068017034,0.0,0.9504854596358479,0.41332944886574297
110820.0,5141.626006364553,4031.0452270417054,0.0,0.950485348817296,0.41333080635264413
110880.0,5141.6142874823845,4031.056942583372,0.0,0.9504854586177716,0.4133321638599723
110940.0,5141.602570081632,4031.068659139647,0.0,0.9504855215069055,0.41333352136476265
111000.0,5141.590856725567,4031.0803784085924,0.0,0.9504854573949397,0.41333487885872333
111060.0,5141.579136319326,4031.0920929819304,0.0,0.9504856140391114,0.41333623637378336
111120.0,5141.567425834991,4031.1038142026705,0.0,0.9504854592716582,0.4133375938618004
111180.0,5141.5557132288795,4031.115534029206,0.0,0.9504853705853141,0.4133389513574507
111240.0,5141.543994912786,4031.1272500470536,0.0,0.9504854607975795,0.4133403088698079
111300.0,5141.532280065704,4031.1389684013157,0.0,0.9504854418998788,0.4133416663735396
111360.0,5141.520563791461,4031.150685817161,0.0,0.9504854674620514,0.41334302388236444
111420.0,5141.508848753854,4031.1624040759743,0.0,0.9504854539391944,0.4133443813887969
111480.0,5141.497131935389,4031.1741211609065,0.0,0.950485495949266,0.41334573890138965
111540.0,5141.485417669568,4031.1858399676303,0.0,0.9504854576234515,0.41334709640780637
111600.0,5141.473696936037,4031.1975544740194,0.0,0.9504856216779722,0.41334845393409086
111660.0,5141.461986618666,4031.2092759524803,0.0,0.9504854589289926,0.4133498114315235
111720.0,5141.450274070864,4031.2209959640268,0.0,0.9504853656699079,0.4133511689368962
111780.0,5141.43855551892,4031.23271197004,0.0,0.9504854605378377,0.4133525264598069
111840.0,5141.4268406154,4031.2444304325213,0.0,0.9504854406674139,0.41335388397358497
111900.0,5141.415124211615,4031.2561479076676,0.0,0.9504854675503022,0.4133552414926627
111960.0,5141.403409108734,4031.2678662687845,0.0,0.9504854533319806,0.41335659900916616
112020.0,5141.391692133686,4031.279583394915,0.0,0.9504854975112268,0.413357956532088
112080.0,5141.379977843374,4031.2913023312317,0.0,0.9504854572104976,0.4133593140484603
112140.0,5141.368256752591,4031.303016744525,0.0,0.950485629729938,0.41336067158564066
112200.0,5141.356546615317,4031.3147384894855,0.0,0.9504854585875953,0.41336202909245057
112260.0,5141.344834133355,4031.3264586910677,0.0,0.9504853605197897,0.4133633866075231
112320.0,5141.333115421343,4031.3381747353733,0.0,0.9504854576773039,0.41336474414073804
112380.0,5141.321398018491,4031.3498916792346,0.0,0.9504855133230968,0.41336610167190013
112440.0,5141.309684193985,4031.361611024298,0.0,0.9504854565858245,0.41336745919354734
112500.0,5141.297960798586,4031.3733239938406,0.0,0.9504856995547687,0.413368816743825
112560.0,5141.286252830367,4031.3850472864606,0.0,0.9504854585584613,0.41337017425110045
112620.0,5141.274541566198,4031.3967683996266,0.0,0.9504853204701331,0.41337153176932445
112680.0,5141.262821530614,4031.408483656165,0.0,0.9504854573098589,0.4133728893128664
112740.0,5141.251103344578,4031.4202001735966,0.0,0.9504855356902444,0.41337424685282975
112800.0,5141.239390199837,4031.4319200704776,0.0,0.9504854558060973,0.4133756043791474
112860.0,5141.227668272609,4031.4436341127266,0.0,0.9504856510208666,0.4133769619314583
112920.0,5141.215958710986,4031.45535643736,0.0,0.9504854581648916,0.4133783194498215
112980.0,5141.204246509046,4031.4670770208436,0.0,0.9504853476569688,0.4133796769772823
113040.0,5141.192527287242,4031.4787929186864,0.0,0.9504854571494373,0.41338103452511643
113100.0,5141.180809542544,4031.490509828429,0.0,0.9504855198621666,0.41338239207042315
113160.0,5141.169095830853,4031.5022294435325,0.0,0.9504854559298006,0.41338374960493046
113220.0,5141.157375089297,4031.513944375724,0.0,0.9504856121347776,0.4133851071604833
113280.0,5141.145664241003,4031.5256659373954,0.0,0.9504854578010263,0.41338646468906776
113340.0,5141.133951277022,4031.5373861086578,0.0,0.9504853693631368,0.41338782222526865
113400.0,5141.122232619515,4031.54910248152,0.0,0.9504854593224387,0.41338917977813294
113460.0,5141.110517420992,4031.560821184516,0.0,0.9504854404775862,0.4133905373223974
113520.0,5141.0988007994,4031.5725389516474,0.0,0.9504854659679995,0.41339189487174377
113580.0,5141.087085410857,4031.5842575594925,0.0,0.9504854524829268,0.4133932524187065
113640.0,5141.075368246567,4031.595974996647,0.0,0.9504854943751405,0.41339460997181565
113700.0,5141.063653627537,4031.607694150967,0.0,0.9504854561566257,0.4133959675187674
113760.0,5141.0519325594205,4031.619409016586,0.0,0.9504856197512443,0.4133973250855374
113820.0,5141.040221877406,4031.6311308354757,0.0,0.9504854574582755,0.41339868262353413
113880.0,5141.0285089713625,4031.6428511914396,0.0,0.9504853644604544,0.41340004016945325
113940.0,5141.016790078486,4031.6545675526922,0.0,0.9504854590623789,0.4134013977328648
114000.0,5141.005074823482,4031.6662863638057,0.0,0.9504854392475264,0.4134027552871706
114060.0,5140.993358072517,4031.678004190267,0.0,0.9504854660549592,0.4134041128467642
114120.0,5140.9816426186835,4031.6897229003293,0.0,0.9504854518763678,0.413405470403793
114180.0,5140.969925298057,4031.701440378761,0.0,0.9504854959316867,0.41340682796722533
114240.0,5140.958210654403,4031.7131596625136,0.0,0.950485455743783,0.4134081855241279
114300.0,5140.94648922986,4031.7248744354774,0.0,0.9504856277795793,0.41340954310178624
114360.0,5140.934778727216,4031.736596520336,0.0,0.9504854571167889,0.4134109006491567
114420.0,5140.923065886616,4031.7483170660125,0.0,0.950485359323716,0.4134122582047714
114480.0,5140.911346833922,4031.7600334656413,0.0,0.9504854562088165,0.413413615778481
114540.0,5140.899629086581,4031.77175076243,0.0,0.9504855116984943,0.41341497335014704
114600.0,5140.887914907249,4031.783470453951,0.0,0.9504854551201646,0.41341633091232505
114660.0,5140.876191184605,4031.7951837871906,0.0,0.950485697407857,0.4134176885030601
114720.0,5140.864482844619,4031.806907415655,0.0,0.9504854570870389,0.4134190460509097
114780.0,5140.8527712181585,4031.81862887058,0.0,0.9504853193856944,0.41342040360968185
114840.0,5140.84105084558,4031.8303444846947,0.0,0.9504854558417044,0.4134217611937054
114900.0,5140.829332317177,4031.842061356331,0.0,0.9504855340022433,0.4134231187741635
114960.0,5140.817618815512,4031.8537815983086,0.0,0.9504854543419257,0.4134244763410138
115020.0,5140.805896556673,4031.865496001477,0.0,0.950485649009349,0.4134258339337903
115080.0,5140.794186627749,4031.877218664695,0.0,0.9504854566938752,0.4134271914927123
115140.0,5140.782474066086,4031.8889395914944,0.0,0.9504853464955964,0.41342854906071097
115200.0,5140.7707545048015,4031.900655845309,0.0,0.9504854556810352,0.41342990664902973
115260.0,5140.759036416327,4031.9123731083246,0.0,0.9504855182178151,0.41343126423483134
115320.0,5140.7473223492125,4031.9240930694086,0.0,0.9504854544645858,0.41343262180986384
115380.0,5140.735601272492,4031.9358083602456,0.0,0.9504856102314722,0.413433979405888
115440.0,5140.723890060464,4031.947530262685,0.0,0.950485456330332,0.4134353369750183
115500.0,5140.71217673882,4031.959250778499,0.0,0.9504853681403308,0.41343669455174825
115560.0,5140.700457740071,4031.9709675061795,0.0,0.950485457847245,0.4134380521450982
115620.0,5140.688742190298,4031.9826865577247,0.0,0.9504854390551222,0.41343940972987403
115680.0,5140.677025221539,4031.9944046759533,0.0,0.9504854644739383,0.41344076731972046
115740.0,5140.665309482247,4032.006123632646,0.0,0.9504854510265638,0.413442124907192
115800.0,5140.653591972309,4032.01784142183,0.0,0.9504854928011964,0.41344348250079593
115860.0,5140.641877000268,4032.029560923565,0.0,0.9504854546897281,0.4134448400882612
115920.0,5140.630155597712,4032.0412761482053,0.0,0.9504856178256104,0.4134461976954952
115980.0,5140.618444551278,4032.0529983073593,0.0,0.9504854559874963,0.41344755527403426
116040.0,5140.6067312872,4032.064719007569,0.0,0.9504853632502317,0.4134489128604781
116100.0,5140.595012053551,4032.076435723857,0.0,0.9504854575868714,0.4134502704643686
116160.0,5140.583296447253,4032.0881548834172,0.0,0.9504854378274408,0.4134516280591805
116220.0,5140.571579349288,4032.099873061004,0.0,0.9504854645596206,0.4134529856592684
116280.0,5140.559863544689,4032.1115921198284,0.0,0.9504854504206532,0.4134543432568008
116340.0,5140.548145878658,4032.1233099503665,0.0,0.9504854943523758,0.41345570086072203
116400.0,5140.536430881856,4032.135029581375,0.0,0.9504854542769965,0.41345705845813313
116460.0,5140.524709123693,4032.146744713799,0.0,0.9504856258304555,0.41345841607624806
116520.0,5140.512998255912,4032.1584671383966,0.0,0.9504854556459211,0.4134597736641575
116580.0,5140.501285056884,4032.170188027995,0.0,0.9504853581268642,0.4134611312602927
116640.0,5140.489565663674,4032.1819047827466,0.0,0.9504854547402616,0.41346248887447545
116700.0,5140.477847572014,4032.1936224322685,0.0,0.9504855100742765,0.4134638464866238
116760.0,5140.466133038059,4032.2053424700707,0.0,0.9504854536544287,0.41346520408931087
116820.0,5140.454408988288,4032.2170561667817,0.0,0.9504856952628586,0.4134665617204819
116880.0,5140.442700276784,4032.228780130944,0.0,0.9504854556155573,0.4134679193088838
116940.0,5140.430988288256,4032.2405019274647,0.0,0.9504853183000667,0.4134692769081827
117000.0,5140.419267578827,4032.252217898946,0.0,0.950485454373481,0.41347063453266625
117060.0,5140.407548708222,4032.2639351245884,0.0,0.9504855323148393,0.4134719921535976
117120.0,5140.395834849841,4032.2756557114876,0.0,0.9504854528776737,0.413473349760959
117180.0,5140.384112259525,4032.287370475358,0.0,0.9504856469993296,0.4134747073941796
117240.0,5140.372401963531,4032.299093477006,0.0,0.9504854552227983,0.41347606499363854
117300.0,5140.360689042361,4032.3108147469516,0.0,0.9504853453333366,0.41347742260215364
117360.0,5140.348969141754,4032.3225313565345,0.0,0.950485454212565,0.41347878023093565
117420.0,5140.337250709673,4032.334248972628,0.0,0.9504855165738819,0.4134801378572107
117480.0,5140.325536287333,4032.3459692795177,0.0,0.950485452999294,0.41348149547274704
117540.0,5140.31381114368,4032.357682438548,0.0,0.95048572527407,0.41348285312017385
117600.0,5140.3021032849365,4032.3694071677974,0.0,0.9504854552196569,0.4134842107193298
117660.0,5140.290391735242,4032.381129452388,0.0,0.950485300483468,0.41348556833055233
117720.0,5140.27867035882,4032.3928451718702,0.0,0.9504854538303147,0.4134869259700848
117780.0,5140.266951056364,4032.4045623028737,0.0,0.9504855416678877,0.41348828360540024
117840.0,5140.255237402709,4032.416283221161,0.0,0.9504854521550427,0.4134896412253464
117900.0,5140.243520290388,4032.4280018430672,0.0,0.950485470807927,0.4134909988562278
117960.0,5140.231804573795,4032.439721414302,0.0,0.950485445385687,0.4134923564842292
118020.0,5140.220087612244,4032.451440168942,0.0,0.9504854587102421,0.41349371411684405
118080.0,5140.208372395764,4032.4631601076217,0.0,0.9504854169824307,0.4134950717456606
118140.0,5140.1966546312415,4032.474878356995,0.0,0.950485454895311,0.41349642938270303
118200.0,5140.184943248543,4032.486600899189,0.0,0.950485292179043,0.4134977870033247
118260.0,5140.17322153266,4032.498316537174,0.0,0.9504854534385092,0.41349914465368814
118320.0,5140.161501998438,4032.510033658784,0.0,0.9504855458093285,0.4135005022995299
118380.0,5140.149788404558,4032.5217547628813,0.0,0.950485451681028,0.41350185992917793
118440.0,5140.138071174203,4032.533473451542,0.0,0.9504854712982356,0.4135032175702638
118500.0,5140.126355412032,4032.5451931380417,0.0,0.9504854445666823,0.4135045752082646
118560.0,5140.114638341212,4032.5569119652982,0.0,0.9504854585806962,0.4135059328510589
118620.0,5140.10292310596,4032.5686320371883,0.0,0.9504854147024413,0.41350729048979895
118680.0,5140.091205191751,4032.5803503321126,0.0,0.9504854545731803,0.4135086481371347
118740.0,5140.07949398917,4032.5920731406864,0.0,0.9504852834652292,0.41351000576711694
118800.0,5140.067771920845,4032.6037886884505,0.0,0.9504854530454391,0.4135113634283471
118860.0,5140.05605214742,4032.615505795663,0.0,0.9504855501833751,0.4135127210847349
118920.0,5140.044338538849,4032.6272270352397,0.0,0.950485453785294,0.4135140787242598
118980.0,5140.032623603861,4032.6389474116922,0.0,0.9504853985396959,0.4135154363691722
119040.0,5140.020905112031,4032.650665417306,0.0,0.950485454704769,0.4135167940247196
119100.0,5140.009196077595,4032.6623897736213,0.0,0.9504852137568789,0.41351815165515565
119160.0,5139.9974717435625,4032.674103902652,0.0,0.9504854525866405,0.4135195093293665
119220.0,5139.985750647231,4032.6858202219014,0.0,0.9504855893988446,0.41352086699607116
119280.0,5139.974038234498,4032.6975423587023,0.0,0.9504854536618779,0.4135222246387964
119340.0,5139.96232395977,4032.709263274048,0.0,0.9504853758784465,0.4135235822884224
119400.0,5139.950604678276,4032.7209808484613,0.0,0.9504854549900662,0.41352493995277995
119460.0,5139.938894080035,4032.732704249776,0.0,0.9504852613831972,0.41352629759380094
119520.0,5139.927171209275,4032.744419454743,0.0,0.950485452489121,0.4135276552704571
119580.0,5139.9154509264245,4032.756136415272,0.0,0.950485561959572,0.41352901294144256
119640.0,5139.90373759121,4032.7678580321267,0.0,0.9504854533332264,0.41353037059335224
119700.0,5139.892022763134,4032.7795786744414,0.0,0.9504853910818748,0.4135317282511198
119760.0,5139.880303927606,4032.791296644293,0.0,0.9504854543797469,0.4135330859207959
119820.0,5139.868595751178,4032.8030217692262,0.0,0.9504851828594874,0.4135344435619635
119880.0,5139.856870334643,4032.8147353679556,0.0,0.9504854520031758,0.4135358012523911
119940.0,5139.8451485684345,4032.8264514330945,0.0,0.9504856061827858,0.41353715893414583
120000.0,5139.833436588176,4032.83817405367,0.0,0.9504854532252262,0.4135385165888051
120060.0,5139.821722511524,4032.8498952958903,0.0,0.9504853655758092,0.41353987425102723
120120.0,5139.810002793537,4032.8616127724026,0.0,0.9504854547323284,0.41354123192977454
120180.0,5139.798286502724,4032.8733325590856,0.0,0.9504854360551933,0.41354258960000373
120240.0,5139.786568801826,4032.885051418017,0.0,0.950485461317876,0.41354394727527893
120300.0,5139.774852322594,4032.896771110501,0.0,0.9504854479527125,0.4135453049481987
120360.0,5139.763134083826,4032.9084896424274,0.0,0.9504854894709099,0.4135466626272203
120420.0,5139.7514183669045,4032.920209876822,0.0,0.9504854515929043,0.4135480203001443
120480.0,5139.739696259938,4032.93192585948,0.0,0.9504856137281346,0.4135493779927286
120540.0,5139.727984443781,4032.943648735672,0.0,0.950485452882206,0.41355073565678946
120600.0,5139.716270423883,4032.955370161616,0.0,0.9504853607133816,0.4135520933287166
120660.0,5139.704550472017,4032.96708762722,0.0,0.9504854544712651,0.41355345101799085
120720.0,5139.692834124585,4032.9788075216998,0.0,0.9504854348327476,0.4135548086982455
120780.0,5139.6811162948425,4032.990526440055,0.0,0.9504854614007486,0.4135561663837501
120840.0,5139.669399750259,4033.002246234485,0.0,0.9504854473482285,0.4135575240667196
120900.0,5139.657681355929,4033.0139648079394,0.0,0.9504854910103112,0.41355888175604594
120960.0,5139.645965613953,4033.025685171262,0.0,0.9504854511804163,0.4135602394389055
121020.0,5139.634243153165,4033.037401062665,0.0,0.9504856216817053,0.413561597142355
121080.0,5139.622531514083,4033.0491242031508,0.0,0.9504854525404387,0.4135629548157794
121140.0,5139.610817558374,4033.060845817785,0.0,0.9504853556190545,0.4135643124973891
121200.0,5139.599097447502,4033.0725633220386,0.0,0.9504854516398241,0.413565670196943
121260.0,5139.587378629903,4033.084281715844,0.0,0.9504855066342939,0.41356702789448235
121320.0,5139.575663347556,4033.096002483835,0.0,0.9504854505601412,0.41356838558261894
121380.0,5139.563938609304,4033.1077169482924,0.0,0.9504856906868646,0.4135697432990799
121440.0,5139.552229112605,4033.1194416195226,0.0,0.9504854525087363,0.4135711009730258
121500.0,5139.540516359463,4033.1311641359944,0.0,0.9504853160350015,0.4135724586578126
121560.0,5139.528794940374,4033.1428808618916,0.0,0.950485451273768,0.4135738163676388
121620.0,5139.517075348439,4033.154598834604,0.0,0.9504855287369132,0.4135751740739417
121680.0,5139.505360737105,4033.1663201487236,0.0,0.9504854497866256,0.4135765317667572
121740.0,5139.493637448826,4033.1780356742947,0.0,0.9504856427176561,0.41357788948528584
121800.0,5139.481926377322,4033.1897593889776,0.0,0.950485452116861,0.41357924717025607
121860.0,5139.470212697114,4033.201481382266,0.0,0.950485342900963,0.4135806048642371
121920.0,5139.458492081442,4033.21319874277,0.0,0.9504854511123142,0.4135819625783684
121980.0,5139.446772924964,4033.2249171039025,0.0,0.9504855130910173,0.41358332029001565
122040.0,5139.4350577529285,4033.2366381399493,0.0,0.9504854499059738,0.4135846779909901
122100.0,5139.423331927085,4033.248352070462,0.0,0.9504857205110413,0.41358603572367547
122160.0,5139.411623277167,4033.260077502813,0.0,0.9504854521122145,0.4135873934083764
122220.0,5139.3999109594915,4033.271800505029,0.0,0.9504852983244936,0.41358875110508103
122280.0,5139.388188877006,4033.2835169809714,0.0,0.9504854507308826,0.41359010882993186
122340.0,5139.376468855336,4033.2952348601593,0.0,0.9504855380296766,0.4135914665505984
122400.0,5139.364754446836,4033.306956504267,0.0,0.9504854490653732,0.4135928242559891
122460.0,5139.353030261851,4033.318671623659,0.0,0.9504856664855706,0.41359418199020137
122520.0,5139.341319844719,4033.3303959706436,0.0,0.9504854517016877,0.4135955396864696
122580.0,5139.329606489748,4033.342118375869,0.0,0.9504853286308833,0.4135968973926789
122640.0,5139.317885319999,4033.3538355595806,0.0,0.9504854505800184,0.41359825512152454
122700.0,5139.306165796421,4033.3655538691023,0.0,0.9504855204293098,0.4135996128473573
122760.0,5139.294450763464,4033.3772751924425,0.0,0.9504854492309475,0.4136009705610858
122820.0,5139.282727905256,4033.388991296652,0.0,0.9504856232047971,0.4136023282981226
122880.0,5139.27101606238,4033.400714786712,0.0,0.9504854513242428,0.4136036860049926
122940.0,5139.259301865752,4033.4124367258223,0.0,0.9504853528335331,0.4136050437201532
123000.0,5139.247581414765,4033.424154487526,0.0,0.9504854504103587,0.41360640145354116
123060.0,5139.23586227815,4033.435873153025,0.0,0.9504855062963196,0.41360775918485343
123120.0,5139.224146733892,4033.447594231291,0.0,0.950485449314506,0.41360911690659957
123180.0,5139.212421581452,4033.45930890312,0.0,0.9504856933316008,0.4136104746571043
123240.0,5139.2007119164755,4033.471033947878,0.0,0.9504854512959852,0.4136118323643914
123300.0,5139.188998942774,4033.482756802541,0.0,0.9504853126122207,0.4136131900826681
123360.0,5139.177277163431,4033.494473772236,0.0,0.9504854500423316,0.4136145478263828
123420.0,5139.1655572409545,4033.5061920088096,0.0,0.9504855287609524,0.41361590556648864
123480.0,5139.153842379496,4033.517913641127,0.0,0.9504854485324183,0.4136172632928772
123540.0,5139.1421187013175,4033.5296293904385,0.0,0.9504856445893868,0.41361862104537744
123600.0,5139.130407437099,4033.5413534620993,0.0,0.9504854509017205,0.4136199787637558
123660.0,5139.118693522344,4033.5530757840856,0.0,0.9504853399173239,0.4136213364912637
123720.0,5139.106972560342,4033.5647933977516,0.0,0.9504854498822208,0.413622694239241
123780.0,5139.095253081308,4033.576512028099,0.0,0.9504855128655677,0.41362405198466556
123840.0,5139.083537651069,4033.58823337684,0.0,0.9504854486576586,0.41362540971923323
123900.0,5139.071815163578,4033.599950019962,0.0,0.9504856055364763,0.4136267674749405
123960.0,5139.0601026080385,4033.6116733245367,0.0,0.9504854505372881,0.41362812520353953
124020.0,5139.048387928647,4033.623395231874,0.0,0.9504853617181592,0.41362948293977964
124080.0,5139.036667533529,4033.6351133224184,0.0,0.9504854520655955,0.4136308406927604
124140.0,5139.024950610969,4033.6468337542774,0.0,0.950485433139636,0.4136321984370902
124200.0,5139.0132322598465,4033.6585532456793,0.0,0.9504854587401538,0.4136335561865185
124260.0,5139.00151514665,4033.670273581786,0.0,0.9504854451970868,0.41363491393354307
124320.0,5138.989796250836,4033.6819927414685,0.0,0.950485487270161,0.41363627168673545
124380.0,5138.978079910283,4033.693713626548,0.0,0.9504854488869647,0.4136376294337322
124440.0,5138.966357095545,4033.705430202094,0.0,0.9504856131874104,0.41363898720063214
124500.0,5138.954644707508,4033.7171537644795,0.0,0.9504854501945633,0.4136403449386132
124560.0,5138.942930086852,4033.7288758567606,0.0,0.9504853567957354,0.4136417026845428
124620.0,5138.93120945601,4033.7405939349833,0.0,0.950485451805921,0.41364306044804616
124680.0,5138.91949247732,4033.7523144748307,0.0,0.9504854319057562,0.4136444182023903
124740.0,5138.907773996887,4033.764034025197,0.0,0.950485458829002,0.4136457759620398
124800.0,5138.896056818714,4033.7757544633623,0.0,0.9504854445894111,0.4136471337191035
124860.0,5138.8843377665235,4033.7874736638682,0.0,0.9504854888349619,0.41364849148259325
124920.0,5138.872621401822,4033.7991946783545,0.0,0.9504854484738448,0.41364984923951326
124980.0,5138.860898229831,4033.810911160142,0.0,0.9504856212520407,0.41365120701727864
125040.0,5138.849186022444,4033.8226349891324,0.0,0.9504854498531082,0.41365256476460316
125100.0,5138.83747146806,4033.8343572713916,0.0,0.9504853516383118,0.41365392252019967
125160.0,5138.825750677349,4033.846075387526,0.0,0.9504854489415532,0.41365528029397564
125220.0,5138.814031197182,4033.857794405049,0.0,0.9504855046707852,0.4136566380656853
125280.0,5138.802315298997,4033.8695158288397,0.0,0.9504854478485387,0.4136579958278558
125340.0,5138.790589820309,4033.8812308635083,0.0,0.9504856911817299,0.41365935361871126
125400.0,5138.778879784408,4033.8929562431326,0.0,0.950485449824233,0.41366071136646626
125460.0,5138.767166449288,4033.9046794386013,0.0,0.9504853115289578,0.41366206912518494
125520.0,5138.75544433391,4033.9163967649883,0.0,0.9504854485738601,0.4136634269092748
125580.0,5138.743724070011,4033.9281153548686,0.0,0.9504855270717774,0.41366478468976886
125640.0,5138.732008852523,4033.939837331341,0.0,0.950485447067945,0.41366614245658373
125700.0,5138.7202848437155,4033.951553440703,0.0,0.950485642575452,0.41366750024944293
125760.0,5138.70857321305,4033.96327784998,0.0,0.9504854494303758,0.4136688580082738
125820.0,5138.696858939454,4033.9750005143337,0.0,0.9504853387568912,0.4136702157762134
125880.0,5138.685137638926,4033.9867184830814,0.0,0.9504854484135008,0.41367157356456835
125940.0,5138.673417817055,4033.9984374657997,0.0,0.9504855112201782,0.41367293135038147
126000.0,5138.661702032283,4034.0101591595867,0.0,0.950485447192139,0.413674289125368
126060.0,5138.649979210598,4034.021876160477,0.0,0.9504856036310493,0.41367564692144004
126120.0,5138.6382662921915,4034.03359980486,0.0,0.9504854490662668,0.41367700469047874
126180.0,5138.626551256022,4034.045322055807,0.0,0.9504853604960523,0.41367836246714157
126240.0,5138.614830520609,4034.0570405002745,0.0,0.9504854505900568,0.4136797202605014
126300.0,5138.603113247709,4034.06876127976,0.0,0.9504854317170427,0.41368107804523613
126360.0,5138.591394550346,4034.0804811213497,0.0,0.9504854572456697,0.4136824358350581
126420.0,5138.579677087314,4034.0922018053825,0.0,0.9504854437404562,0.4136837936224852
126480.0,5138.567957846786,4034.1039213161885,0.0,0.9504854856954589,0.413685151416066
126540.0,5138.556241154121,4034.1156425477543,0.0,0.9504854474197565,0.41368650920346994
126600.0,5138.544518005923,4034.1273594814493,0.0,0.9504856112594458,0.41368786701072724
126660.0,5138.532805254331,4034.139083383134,0.0,0.9504854487234564,0.4136892247891445
126720.0,5138.521090276524,4034.150805818715,0.0,0.9504853555863768,0.4136905825754926
126780.0,5138.5093693058625,4034.162524251084,0.0,0.9504854503300639,0.4136919403793686
126840.0,5138.497651976791,4034.1742451384544,0.0,0.950485430485575,0.41369329817411227
126900.0,5138.485933150289,4034.185965039036,0.0,0.9504854573332231,0.41369465597414967
126960.0,5138.474215622263,4034.197685825042,0.0,0.9504854431334371,0.4136960137716104
127020.0,5138.462496225604,4034.209405376749,0.0,0.9504854872548295,0.41369737157548275
127080.0,5138.4507795086565,4034.221126737561,0.0,0.9504854470067482,0.4136987293728051
127140.0,5138.43905600403,4034.2328435779395,0.0,0.9504856193004367,0.4137000871909205
127200.0,5138.4273434323595,4034.2445677457004,0.0,0.9504854483819124,0.41370144497867783
127260.0,5138.415628520429,4034.2562903709354,0.0,0.9504853504423443,0.4137028027746886
127320.0,5138.403907390153,4034.2680088413003,0.0,0.9504854474726804,0.4137041605888314
127380.0,5138.392187566606,4034.279728210653,0.0,0.9504855030455733,0.41370551840091696
127440.0,5138.380471314696,4034.29144997979,0.0,0.9504854463824975,0.4137068762034901
127500.0,5138.36874550989,4034.303165377081,0.0,0.9504856890334052,0.4137082340346749
127560.0,5138.357035103306,4034.3148910914165,0.0,0.9504854483524204,0.41370959182287603
127620.0,5138.345321406985,4034.326614627522,0.0,0.9504853104447568,0.41371094962201505
127680.0,5138.333598955729,4034.338332310399,0.0,0.9504854471053205,0.41371230744645837
127740.0,5138.321878350575,4034.3500512533897,0.0,0.9504855253830555,0.41371366526731923
127800.0,5138.31016277726,4034.3617735738426,0.0,0.950485445603395,0.41371502307453883
127860.0,5138.298438437966,4034.373490043045,0.0,0.9504856405626483,0.4137163809077356
127920.0,5138.286726441076,4034.385214789778,0.0,0.9504854479589702,0.4137177387069973
127980.0,5138.275011808852,4034.3969377963303,0.0,0.9504853375955584,0.413719096515347
128040.0,5138.263290169954,4034.408656119955,0.0,0.950485446944713,0.41372045434405885
128100.0,5138.251570005415,4034.4203754548475,0.0,0.9504855095752653,0.41372181217023885
128160.0,5138.239853866321,4034.432097493506,0.0,0.9504854457265414,0.4137231699856226
128220.0,5138.228130710582,4034.4438148519516,0.0,0.9504856017269684,0.413724527822038
128280.0,5138.216417429541,4034.4555388359845,0.0,0.9504854475951847,0.41372588563149454
128340.0,5138.204702036811,4034.4672614303727,0.0,0.9504853592730177,0.4137272434485585
128400.0,5138.192980961259,4034.478980228562,0.0,0.9504854491144733,0.41372860128227607
128460.0,5138.181263338214,4034.490701355492,0.0,0.950485430294221,0.4137299591073942
128520.0,5138.1695442947885,4034.502421547075,0.0,0.950485455751206,0.41373131693758824
128580.0,5138.15782648211,4034.5141425788506,0.0,0.9504854422837149,0.41373267476539627
128640.0,5138.146106897039,4034.525862440586,0.0,0.9504854841210547,0.4137340325993438
128700.0,5138.134389852468,4034.5375840184593,0.0,0.950485445952474,0.41373539042713364
128760.0,5138.1226663709385,4034.5493013100836,0.0,0.9504856093330913,0.4137367482747269
128820.0,5138.110953256024,4034.5610255509164,0.0,0.9504854472522896,0.41373810609355854
128880.0,5138.099237921283,4034.5727483296296,0.0,0.9504853543760395,0.41373946392030353
128940.0,5138.087516610959,4034.5844671159407,0.0,0.9504854488541632,0.41374082176453053
129000.0,5138.0757989316935,4034.596188350654,0.0,0.9504854290651553,0.41374217959965265
129060.0,5138.064079759295,4034.607908601259,0.0,0.9504854558374698,0.41374353744005654
129120.0,5138.052361881609,4034.619629734921,0.0,0.9504854416773505,0.4137448952778931
129180.0,5138.040642140652,4034.6313496376365,0.0,0.9504854856750165,0.4137462531221263
129240.0,5138.028925071663,4034.6430713445966,0.0,0.9504854455395776,0.4137476109598296
129300.0,5138.017201234532,4034.654788543347,0.0,0.9504856173504048,0.4137489688182735
129360.0,5138.005488298815,4034.6665130497236,0.0,0.9504854469106565,0.41375032664644185
129420.0,5137.993773029556,4034.678236017768,0.0,0.9504853492453557,0.41375168448284527
129480.0,5137.982051559869,4034.6899548421607,0.0,0.9504854460037394,0.4137530423373334
129540.0,5137.97033139311,4034.7016745631468,0.0,0.9504855014208438,0.4137544001897733
129600.0,5137.958614787676,4034.7133966774563,0.0,0.9504854449163781,0.4137557580327277
129660.0,5137.946888656857,4034.725112437134,0.0,0.9504856868874563,0.4137571159042205
129720.0,5137.935177879847,4034.7368384860424,0.0,0.9504854468805506,0.413758473732846
129780.0,5137.923463822559,4034.748562362628,0.0,0.9504853093590506,0.4137598315723837
129840.0,5137.911741035564,4034.76028040178,0.0,0.9504854456367117,0.413761189437159
129900.0,5137.900020089315,4034.77199969768,0.0,0.9504855236950381,0.4137625472983652
129960.0,5137.888304160384,4034.783722361944,0.0,0.9504854441387617,0.41376390514596795
130020.0,5137.876579490725,4034.795439190761,0.0,0.9504856385517397,0.41376526301948086
130080.0,5137.864867127863,4034.8071642748,0.0,0.9504854464875051,0.4137666208591519
130140.0,5137.853152137229,4034.818887623383,0.0,0.9504853364332395,0.41376797870789006
130200.0,5137.841430160116,4034.830606301685,0.0,0.9504854454758574,0.4137693365769369
130260.0,5137.829709653077,4034.842325988556,0.0,0.9504855079307961,0.4137706944434624
130320.0,5137.817993159859,4034.85404837191,0.0,0.9504854442608673,0.4137720522992218
130380.0,5137.8062659345405,4034.8657635921536,0.0,0.9504857169441607,0.4137734101869339
130440.0,5137.794556011634,4034.8774904071547,0.0,0.9504854464846618,0.4137747680262649
130500.0,5137.782842394106,4034.8892147722295,0.0,0.9504852915163728,0.41377612587768026
130560.0,5137.771118939931,4034.900932558232,0.0,0.9504854450933364,0.4137774837574655
130620.0,5137.759397561878,4034.912651758675,0.0,0.9504855330627748,0.4137788416330151
130680.0,5137.7476818383675,4034.9243747544174,0.0,0.9504854434156514,0.4137801994931583
130740.0,5137.735962652732,4034.936095448848,0.0,0.9504854620965827,0.4137815573642543
130800.0,5137.724244864276,4034.9478170945727,0.0,0.9504854366362347,0.4137829152324581
130860.0,5137.712525829645,4034.9595379219168,0.0,0.9504854499808417,0.41378427310527943
130920.0,5137.700808541891,4034.971259935762,0.0,0.9504854081904314,0.4137856309742879
130980.0,5137.689088703553,4034.982980256667,0.0,0.9504854461602849,0.4137869888515347
131040.0,5137.677375253559,4034.9947048794343,0.0,0.9504852831997972,0.4137883467123155
131100.0,5137.665651459939,4035.006422583303,0.0,0.950485444701397,0.41378970460290126
131160.0,5137.653929850247,4035.018141773868,0.0,0.9504855372110395,0.4137910624889461
131220.0,5137.64221418694,4035.029864955357,0.0,0.9504854429413764,0.41379242035875813
131280.0,5137.630494883515,4035.041585716221,0.0,0.9504854625881093,0.41379377824002683
131340.0,5137.618777049802,4035.053307476996,0.0,0.950485435816441,0.41379513611819785
131400.0,5137.607057906151,4035.065028376648,0.0,0.9504854498515635,0.4137964940011668
131460.0,5137.595340599972,4035.076750523528,0.0,0.9504854059074135,0.4137978518800662
131520.0,5137.583620612156,4035.088470889617,0.0,0.9504854458381271,0.413799209767575
131580.0,5137.571907342836,4035.100195778874,0.0,0.950485274473065,0.4138005676376828
131640.0,5137.560183196768,4035.111913391862,0.0,0.950485444308191,0.41380192553910494
131700.0,5137.548461347991,4035.1236325675354,0.0,0.9504855415921845,0.4138032834356648
131760.0,5137.536745670344,4035.1353558843325,0.0,0.9504854450492589,0.4138046413153212
131820.0,5137.525028664992,4035.1470783360915,0.0,0.950485389720767,0.41380599920036804
131880.0,5137.513308099217,4035.158798411948,0.0,0.9504854459702158,0.4138073570960703
131940.0,5137.501597000477,4035.170524851924,0.0,0.9504852046605028,0.4138087149665966
132000.0,5137.489870586655,4035.1822410428604,0.0,0.9504854438490075,0.41381007288099164
132060.0,5137.478147413878,4035.1939594285905,0.0,0.9504855808667663,0.413811430787855
132120.0,5137.46643293352,4035.2056836442093,0.0,0.9504854449259609,0.4138127886706828
132180.0,5137.454716589341,4035.2174066357006,0.0,0.9504853670257154,0.4138141465604173
132240.0,5137.442995233345,4035.229126279131,0.0,0.9504854462562461,0.41381550446491294
132300.0,5137.431282569449,4035.2408517617932,0.0,0.950485252358456,0.4138168623460136
132360.0,5137.419557620623,4035.2525690306375,0.0,0.9504854437516443,0.41381822026282333
132420.0,5137.407835262392,4035.264288058701,0.0,0.9504855533866512,0.41381957817394066
132480.0,5137.396119858863,4035.2760117529606,0.0,0.9504854445971193,0.4138209360659368
132540.0,5137.384402961019,4035.287734470532,0.0,0.9504853822522957,0.4138222939637947
132600.0,5137.37268205168,4035.299454509934,0.0,0.9504854456453129,0.4138236518735844
132660.0,5137.360971812306,4035.3111817195477,0.0,0.950485173717202,0.4138250097547934
132720.0,5137.349244315372,4035.322897378439,0.0,0.9504854432652732,0.4138263676853688
132780.0,5137.337520472525,4035.3346155089034,0.0,0.9504855976765111,0.413827725607243
132840.0,5137.325806425565,4035.34634020871,0.0,0.9504854444892601,0.41382908350195846
132900.0,5137.314090280151,4035.358063527154,0.0,0.9504853567082143,0.41383044140424463
132960.0,5137.302368487697,4035.3697830718584,0.0,0.9504854459987275,0.4138317993230894
133020.0,5137.2906501259395,4035.381504931591,0.0,0.9504854272935843,0.4138331572333908
133080.0,5137.278930352709,4035.39322586155,0.0,0.9504854525942715,0.4138345151487435
133140.0,5137.267211802421,4035.4049476267824,0.0,0.9504854392090774,0.41383587306172953
133200.0,5137.255491490858,4035.416668228938,0.0,0.9504854807897183,0.4138372309808246
133260.0,5137.243773703734,4035.4283905371312,0.0,0.9504854428548403,0.413838588893803
133320.0,5137.232049520146,4035.440108584477,0.0,0.9504856052337314,0.41383994682647635
133380.0,5137.220335637817,4035.4518335399835,0.0,0.95048544414618,0.41384130473055986
133440.0,5137.208619549576,4035.46355704208,0.0,0.9504853518389482,0.4138426626425181
133500.0,5137.1968975233785,4035.4752765753938,0.0,0.9504854457377274,0.41384402057185876
133560.0,5137.18517910531,4035.486998542689,0.0,0.950485426069759,0.4138453784921533
133620.0,5137.173459203469,4035.4987195317367,0.0,0.9504854526777234,0.41384673641770364
133680.0,5137.16174058813,4035.51044139867,0.0,0.9504854386041411,0.41384809434070735
133740.0,5137.150020121211,4035.522162041979,0.0,0.9504854823318866,0.4138494522700755
133800.0,5137.138302309371,4035.5338844789117,0.0,0.950485442442188,0.41385081019295705
133860.0,5137.12657777197,4035.5456024343475,0.0,0.9504856131996545,0.4138521681364652
133920.0,5137.114864067262,4035.557327654244,0.0,0.9504854438043547,0.4138535260498785
133980.0,5137.1031480436395,4035.5690513449695,0.0,0.9504853467374634,0.4138548839714863
134040.0,5137.091425858641,4035.580770916557,0.0,0.9504854429024886,0.4138562419110751
134100.0,5137.079704968282,4035.5924913795084,0.0,0.9504854979796031,0.4138575998486359
134160.0,5137.06798761678,4035.6042142216616,0.0,0.9504854418212857,0.41385895777676984
134220.0,5137.0562607998545,4035.615930746815,0.0,0.950485682308625,0.41386031573328214
134280.0,5137.044549239942,4035.6276575003963,0.0,0.9504854437729079,0.4138616736471819
134340.0,5137.032834420347,4035.639382094567,0.0,0.950485307094267,0.4138630315719376
134400.0,5137.0211109260445,4035.651100885835,0.0,0.9504854425361864,0.4138643895217853
134460.0,5137.009389260809,4035.66282092649,0.0,0.9504855201157367,0.4138657474680926
134520.0,5136.997672581241,4035.6745443156237,0.0,0.9504854410469106,0.4138671054008796
134580.0,5136.98594721598,4035.686261903853,0.0,0.9504856342678619,0.4138684633594301
134640.0,5136.9742340799085,4035.697987698553,0.0,0.9504854433807477,0.41386982128434213
134700.0,5136.962518332553,4035.7097117681224,0.0,0.9504853340008551,0.41387117921827615
134760.0,5136.950795642724,4035.721431195037,0.0,0.9504854423747934,0.413872537172402
134820.0,5136.939074413629,4035.7331516246304,0.0,0.9504855044466219,0.41387389512402945
134880.0,5136.927357173031,4035.7448747347926,0.0,0.9504854411667427,0.4138752530649571
134940.0,5136.915629267895,4035.7565907242497,0.0,0.950485712178285,0.41387661103765727
135000.0,5136.903918556107,4035.7683182399564,0.0,0.9504854433763978,0.4138779689622633
135060.0,5136.892204172906,4035.7800433202883,0.0,0.9504852893577717,0.4138793268988908
135120.0,5136.880480015022,4035.7917618604542,0.0,0.9504854419930928,0.413880684863724
135180.0,5136.868757920105,4035.8034818067727,0.0,0.9504855294229919,0.4138820428243544
135240.0,5136.857041444061,4035.815205525982,0.0,0.9504854403251841,0.4138834007696717
135300.0,5136.8453215276595,4035.8269269575308,0.0,0.9504854588913435,0.4138847587258833
135360.0,5136.833602999585,4035.8386493347957,0.0,0.9504854335868181,0.41388611667922487
135420.0,5136.821883233138,4035.8503708985636,0.0,0.9504854468493665,0.41388747463716224
135480.0,5136.81016520251,4035.862093641868,0.0,0.950485405314883,0.4138888325913144
135540.0,5136.798444637325,4035.8738147022805,0.0,0.9504854430517223,0.41389019055366166
135600.0,5136.78673042015,4035.8855400391976,0.0,0.9504852810899191,0.4138915484996474
135660.0,5136.7750059245145,4035.897258498133,0.0,0.9504854416012692,0.41389290647526567
135720.0,5136.763283598966,4035.9089784350476,0.0,0.9504855335435471,0.41389426444637756
135780.0,5136.751567182299,4035.9207023393205,0.0,0.9504854398515297,0.4138956224013549
135840.0,5136.739847148406,4035.9324238373265,0.0,0.9504854593775736,0.41389698036772726
135900.0,5136.72812857491,4035.944146329378,0.0,0.9504854327697612,0.41389833833102524
135960.0,5136.716408699682,4035.9558679654433,0.0,0.9504854467185949,0.4138996962990984
136020.0,5136.704690650294,4035.9675908414115,0.0,0.9504854030435623,0.41390105426313145
136080.0,5136.692969936124,4035.979311947156,0.0,0.9504854427292526,0.4139024122357282
136140.0,5136.681255898036,4035.9910375494046,0.0,0.9504852724143554,0.41390377019103397
136200.0,5136.6695310517225,4036.0027559184136,0.0,0.9504854412081865,0.4139051281774727
136260.0,5136.657808488145,4036.0144758409397,0.0,0.9504855378956328,0.41390648615908576
136320.0,5136.646092056781,4036.0261998801384,0.0,0.9504854419442037,0.4139078441238972
136380.0,5136.634374306005,4036.0379230594817,0.0,0.9504853869545191,0.4139092020940756
136440.0,5136.622653017214,4036.049643876986,0.0,0.9504854428590086,0.41391056007484944
136500.0,5136.610941135735,4036.0613710210714,0.0,0.9504852030279045,0.41391191803060323
136560.0,5136.599214035648,4036.0730879767043,0.0,0.9504854407502923,0.4139132760299707
136620.0,5136.587490156109,4036.0848071142304,0.0,0.9504855769280747,0.41391463402185863
136680.0,5136.575774914193,4036.096532047218,0.0,0.9504854418201373,0.4139159919898549
136740.0,5136.5640578201255,4036.108255763381,0.0,0.9504853643970701,0.41391734996472535
136800.0,5136.552335745792,4036.1199761512935,0.0,0.9504854431417613,0.4139187079542729
136860.0,5136.540622308736,4036.1317023439815,0.0,0.9504852504320742,0.41392006592056885
136920.0,5136.528896664114,4036.143420371431,0.0,0.9504854406520018,0.4139214239223688
136980.0,5136.51717359369,4036.155140147774,0.0,0.9504855496147798,0.41392278191851767
137040.0,5136.505457434122,4036.16686456276,0.0,0.9504854414917866,0.4139241398956602
137100.0,5136.4937397895765,4036.1785880068996,0.0,0.950485379528811,0.4139254978786382
137160.0,5136.482018158788,4036.1903087887204,0.0,0.9504854425330482,0.41392685587348066
137220.0,5136.470307130659,4036.20203669845,0.0,0.9504851722712178,0.41392821383991824
137280.0,5136.458578953685,4036.2137531257354,0.0,0.9504854401670869,0.41392957185543466
137340.0,5136.446854407699,4036.225472010059,0.0,0.950485593631762,0.4139309298623091
137400.0,5136.435139595851,4036.2371974249286,0.0,0.9504854413830645,0.41393228784218705
137460.0,5136.423422698695,4036.2489214666675,0.0,0.950485354139751,0.4139336458295992
137520.0,5136.411700190059,4036.2606417569923,0.0,0.950485442882773,0.4139350038334754
137580.0,5136.399987415892,4036.272368587642,0.0,0.9504852257222984,0.41393636181099314
137640.0,5136.388260886403,4036.2840862154394,0.0,0.9504854400874118,0.4139377198283972
137700.0,5136.37653725955,4036.2958058123063,0.0,0.9504855628833584,0.41393907783921996
137760.0,5136.364821420982,4036.3075306360483,0.0,0.9504854410441331,0.41394043582855194
137820.0,5136.353103910866,4036.319254363864,0.0,0.9504853712229193,0.41394179382424723
137880.0,5136.34138190941,4036.330975090738,0.0,0.9504854422278991,0.4139431518332372
137940.0,5136.329667695377,4036.342701053443,0.0,0.950485268445552,0.41394450982137787
138000.0,5136.31794247264,4036.354419653491,0.0,0.950485439974703,0.41394586784163273
138060.0,5136.306219569708,4036.366139832122,0.0,0.9504855382292192,0.41394722585695554
138120.0,5136.294502897991,4036.3778641944027,0.0,0.9504854407239648,0.4139485838551934
138180.0,5136.282784885819,4036.3895876825795,0.0,0.9504853848440707,0.4139499418588576
138240.0,5136.271063278645,4036.401308770358,0.0,0.9504854416549102,0.41395129987328005
138300.0,5136.259351230767,4036.413036287536,0.0,0.9504851979390228,0.4139526578622469
138360.0,5136.247623718868,4036.424753450216,0.0,0.950485439513351,0.4139540158955291
138420.0,5136.235899479707,4036.4364728300907,0.0,0.9504855778979764,0.41395537392118176
138480.0,5136.224184017587,4036.448198099749,0.0,0.9504854406018486,0.41395673192254373
138540.0,5136.212466673676,4036.4599221325207,0.0,0.9504853619250992,0.413958089930864
138600.0,5136.2007442692475,4036.4716427827393,0.0,0.9504854419462047,0.41395944795409056
138660.0,5136.189030641604,4036.483369332116,0.0,0.9504852461150233,0.413960805953666
138720.0,5136.177304609603,4036.4950875831014,0.0,0.9504854394174282,0.41396216398930796
138780.0,5136.165581193569,4036.5068076112275,0.0,0.9504855501461928,0.4139635220191786
138840.0,5136.153864799953,4036.518532353477,0.0,0.9504854402721385,0.41396488002972365
138900.0,5136.142146897643,4036.5302561088224,0.0,0.9504853773060313,0.41396623804617116
138960.0,5136.130424944878,4036.541977158399,0.0,0.9504854413315883,0.4139675960746666
139020.0,5136.118710013189,4036.5537029307247,0.0,0.950485284617298,0.4139689540844793
139080.0,5136.106985153851,4036.565422064172,0.0,0.9504854392917172,0.4139703121233495
139140.0,5136.09526238492,4036.5771426226124,0.0,0.9504855278899076,0.41397167015793557
139200.0,5136.083545309125,4036.5888670049935,0.0,0.9504854376026155,0.4139730281769919
139260.0,5136.071824747695,4036.600589068565,0.0,0.9504854564172948,0.413974386207073
139320.0,5136.060105593055,4036.6123120905345,0.0,0.9504854307753325,0.4139757442342293
139380.0,5136.048385183828,4036.624034287842,0.0,0.9504854442155641,0.4139771022660276
139440.0,5136.03666653348,4036.6357576805244,0.0,0.9504854021268606,0.4139784602939725
139500.0,5136.024945315238,4036.6474793673797,0.0,0.9504854403682803,0.4139798183302084
139560.0,5136.0132305290235,4036.659205388482,0.0,0.9504852762438272,0.4139811763498369
139620.0,5136.001505328704,4036.670924438332,0.0,0.9504854388995391,0.41398253439949206
139680.0,5135.989782327331,4036.6826449859796,0.0,0.9504855320703194,0.4139838924445553
139740.0,5135.97806531293,4036.6943695546697,0.0,0.9504854371275144,0.41398525047325613
139800.0,5135.966344633686,4036.7060916843375,0.0,0.9504854569148866,0.4139866085134894
139860.0,5135.954625434257,4036.717814821384,0.0,0.9504854299522469,0.4139879665505909
139920.0,5135.942904916044,4036.7295370907054,0.0,0.9504854440879218,0.413989324592516
139980.0,5135.931186247923,4036.741260616586,0.0,0.9504853998301082,0.4139906826303293
140040.0,5135.91946487996,4036.752982348124,0.0,0.9504854400463822,0.41399204067680734
140100.0,5135.907750276429,4036.7647086368897,0.0,0.9504852674572717,0.41399339870573565
140160.0,5135.896024722034,4036.7764275943305,0.0,0.9504854385060849,0.41399475676621145
140220.0,5135.884301480722,4036.788148126131,0.0,0.9504855364854046,0.4139961148217718
140280.0,5135.872584452661,4036.7998728303132,0.0,0.9504854392530164,0.41399747286029415
140340.0,5135.860866087968,4036.8115966627797,0.0,0.9504853835294949,0.4139988309042319
140400.0,5135.849144138623,4036.823318101331,0.0,0.9504854401811228,0.41400018895890045
140460.0,5135.837431720992,4036.8350459519797,0.0,0.950485197147537,0.4140015469881851
140520.0,5135.825703883897,4036.846763476055,0.0,0.9504854380453279,0.4140029050616676
140580.0,5135.813979310073,4036.8584832113793,0.0,0.9504855760423168,0.41400426312754446
140640.0,5135.80226348798,4036.8702088206173,0.0,0.9504854391305452,0.41400562116919687
140700.0,5135.790545789486,4036.881933196335,0.0,0.9504853606740398,0.4140069792177926
140760.0,5135.778823045049,4036.8936541986313,0.0,0.9504854404709036,0.41400833728125613
140820.0,5135.767109052073,4036.905381084201,0.0,0.9504852451880931,0.41400969532113446
140880.0,5135.7553826904805,4036.917099693775,0.0,0.9504854379489773,0.41401105339698463
140940.0,5135.743658937277,4036.9288200757296,0.0,0.9504855483674792,0.41401241146708256
141000.0,5135.731942186238,4036.940545159107,0.0,0.9504854388010615,0.4140137695179081
141060.0,5135.720223930819,4036.9522692582723,0.0,0.9504853760111558,0.4140151275746237
141120.0,5135.708501636606,4036.9639906589723,0.0,0.9504854398573124,0.4140164856433562
141180.0,5135.696786343212,4036.9757167697157,0.0,0.9504852835816957,0.4140178436934587
141240.0,5135.685061150757,4036.9874362594946,0.0,0.9504854378229212,0.414019201772543
141300.0,5135.673338042653,4036.9991571704577,0.0,0.9504855261728986,0.41402055984735814
141360.0,5135.661620611268,4037.0108818950616,0.0,0.9504854361383169,0.41402191790668635
141420.0,5135.649899704266,4037.0226043071316,0.0,0.9504854549001949,0.41402327597701255
141480.0,5135.63818019998,4037.0343276750336,0.0,0.9504854293299193,0.414024634044424
141540.0,5135.626459444699,4037.0460502205196,0.0,0.9504854427323994,0.41402599211646746
141600.0,5135.614740443203,4037.0577739581795,0.0,0.9504854007614392,0.4140273501846703
141660.0,5135.603018881195,4037.0694959946295,0.0,0.9504854388956571,0.4140287082611443
141720.0,5135.5913037326445,4037.0812223536745,0.0,0.9504852752305698,0.4140300663210587
141780.0,5135.579578199988,4037.092941760269,0.0,0.9504854374307955,0.4140314244109205
141840.0,5135.567854859907,4037.104662660654,0.0,0.950485530340607,0.41403278249620634
141900.0,5135.556137489532,4037.1163875712537,0.0,0.9504854356634997,0.41403414056517485
141960.0,5135.544416464853,4037.128110049427,0.0,0.9504854553953587,0.4140354986456475
142020.0,5135.532696915702,4037.1398335322856,0.0,0.9504854285080876,0.414036856722999
142080.0,5135.520976051547,4037.151556149777,0.0,0.9504854426040722,0.41403821480516373
142140.0,5135.5092570321285,4037.163280020464,0.0,0.9504853984700463,0.41403957288323007
142200.0,5135.497535320628,4037.175002101664,0.0,0.9504854385736149,0.41404093096994016
142260.0,5135.4858203540325,4037.1867287278387,0.0,0.9504852664675763,0.41404228903915113
142320.0,5135.474094468113,4037.198448042462,0.0,0.9504854370373977,0.4140436471398264
142380.0,5135.462370888581,4037.2101689272304,0.0,0.9504855347423045,0.41404500523560284
142440.0,5135.450653504382,4037.221893973147,0.0,0.9504854377820059,0.41404636331438815
142500.0,5135.438934787373,4037.233618149727,0.0,0.950485382214338,0.41404772139857793
142560.0,5135.427212496025,4037.2453399388537,0.0,0.9504854387072821,0.4140490794934709
142620.0,5135.415499708895,4037.257068122828,0.0,0.9504851963539256,0.41405043756305165
142680.0,5135.4037715467175,4037.2687860080714,0.0,0.9504854365772337,0.4140517956767131
142740.0,5135.392046638376,4037.2805060986343,0.0,0.95048557418781,0.41405315378279284
142800.0,5135.380330456539,4037.2922320472912,0.0,0.9504854376591806,0.4140545118647144
142860.0,5135.368612403672,4037.303956765782,0.0,0.9504853594222178,0.4140558699535641
142920.0,5135.356889319392,4037.3156781199555,0.0,0.9504854389955538,0.41405722805724277
142980.0,5135.345174961328,4037.3274053415666,0.0,0.9504852442593771,0.41405858613740226
143040.0,5135.333448270269,4037.3391243095107,0.0,0.9504854364804564,0.4140599442534392
143100.0,5135.321724180049,4037.3508450450868,0.0,0.9504855465897322,0.41406130236374306
143160.0,5135.310007071805,4037.362570469423,0.0,0.9504854373299227,0.41406266045482715
143220.0,5135.298288463483,4037.374294912233,0.0,0.9504853747156615,0.41406401855178926
143280.0,5135.286565827993,4037.3860166638624,0.0,0.9504854383829848,0.41406537666073745
143340.0,5135.274850173128,4037.397743112863,0.0,0.9504852825446807,0.41406673475110806
143400.0,5135.263124647699,4037.40946295876,0.0,0.9504854363540558,0.4140680928703849
143460.0,5135.251401200584,4037.4211842220434,0.0,0.950485524456611,0.41406945098540765
143520.0,5135.239683413816,4037.4329092887015,0.0,0.9504854346739349,0.4140708090849862
143580.0,5135.227962161425,4037.4446320490797,0.0,0.9504854533831796,0.41407216719553586
143640.0,5135.216242307684,4037.456355762735,0.0,0.9504854278843627,0.41407352530318087
143700.0,5135.20452120653,4037.4680786562103,0.0,0.9504854412492114,0.41407488341544796
143760.0,5135.1928018540875,4037.4798027386687,0.0,0.9504853993956146,0.4140762415238872
143820.0,5135.181079948484,4037.491525124521,0.0,0.9504854374229758,0.41407759964057755
143880.0,5135.169364437828,4037.5032518213484,0.0,0.9504852742159903,0.41407895774075626
143940.0,5135.157638572976,4037.514971584475,0.0,0.9504854359619832,0.41408031587080335
144000.0,5135.1459148943495,4037.526692837398,0.0,0.9504855286115729,0.4140816739962903
144060.0,5135.134197168216,4037.5384180897363,0.0,0.9504854341994029,0.414083032105505
144120.0,5135.122475798279,4037.5501409162275,0.0,0.9504854538759046,0.41408439022619553
144180.0,5135.1107558996,4037.561864744715,0.0,0.9504854270637908,0.4140857483437756
144240.0,5135.0990346896815,4037.5735877101915,0.0,0.9504854411201963,0.41408710646615843
144300.0,5135.0873153191615,4037.5853119255044,0.0,0.9504853971096092,0.41408846458445614
144360.0,5135.075593264295,4037.597034356175,0.0,0.9504854371007901,0.41408982271137684
144420.0,5135.063877934864,4037.6087613195987,0.0,0.9504852654765046,0.41409118082084884
144480.0,5135.052151717569,4037.6204809911887,0.0,0.9504854355686418,0.41409253896170184
144540.0,5135.040427799978,4037.632202228725,0.0,0.9504855329998441,0.4140938970976728
144600.0,5135.028710059853,4037.6439276162005,0.0,0.9504854363109326,0.4140952552166995
144660.0,5135.0169909907245,4037.655652136715,0.0,0.9504853808987903,0.4140966133411197
144720.0,5135.005268357551,4037.6673742762264,0.0,0.9504854372333843,0.4140979714762158
144780.0,5134.99355520116,4037.679102793368,0.0,0.9504851955587799,0.4140993295860709
144840.0,5134.981826714037,4037.6908210395645,0.0,0.9504854351090704,0.41410068773988956
144900.0,5134.9701014713355,4037.702541485164,0.0,0.9504855723340767,0.4141020458861506
144960.0,5134.958384929968,4037.7142677730694,0.0,0.9504854361877542,0.4141034040083193
145020.0,5134.946666522932,4037.7259928341587,0.0,0.9504853581697921,0.4141047621374013
145080.0,5134.934943098974,4037.7377145400146,0.0,0.950485437520152,0.4141061202812739
145140.0,5134.923228376052,4037.749442097508,0.0,0.9504852433292673,0.414107478401693
145200.0,5134.911501355671,4037.761161423609,0.0,0.9504854350118664,0.4141088365578953
145260.0,5134.899776928595,4037.7728825126064,0.0,0.9504855448126324,0.41411019470838356
145320.0,5134.888059463355,4037.784608277732,0.0,0.9504854358587214,0.4141115528397048
145380.0,5134.876340502329,4037.796333064008,0.0,0.9504853734197141,0.41411291097689196
145440.0,5134.864617525732,4037.8080551663716,0.0,0.9504854369086018,0.41411426912603433
145500.0,5134.852905230071,4037.819784454176,0.0,0.9504851645693756,0.41411562724652334
145560.0,5134.841175659218,4037.8315021665767,0.0,0.9504854345250658,0.4141169854164856
145620.0,5134.829449746249,4037.8432223557493,0.0,0.9504855891698395,0.4141183435777184
145680.0,5134.81773363921,4037.8549491282615,0.0,0.9504854357510053,0.4141197017117287
145740.0,5134.806015431629,4037.866674516386,0.0,0.9504853478372741,0.4141210598533176
145800.0,5134.794291571256,4037.878396122689,0.0,0.950485437262858,0.41412241801149885
145860.0,5134.782571145131,4037.890120048906,0.0,0.9504854185294757,0.41412377616111123
145920.0,5134.7708493061255,4037.9018430433143,0.0,0.9504854438684803,0.41412513431578013
145980.0,5134.759128691356,4037.9135668747294,0.0,0.9504854304630914,0.41412649246807115
146040.0,5134.747406313549,4037.9252895405293,0.0,0.950485472106687,0.4141278506264787
146100.0,5134.735686462806,4037.937013915963,0.0,0.9504854341144704,0.41412920877875026
146160.0,5134.723960209105,4037.9487340213727,0.0,0.9504855967391641,0.4141305669507518
146220.0,5134.712244267242,4037.9604610496704,0.0,0.9504854354078663,0.4141319250940967
146280.0,5134.700526117263,4037.972186621379,0.0,0.9504853429609996,0.41413328324532467
146340.0,5134.688802023268,4037.9839082158014,0.0,0.9504854370019243,0.4141346414139706
146400.0,5134.677081541141,4037.99563224935,0.0,0.9504854173042395,0.4141359995735438
146460.0,5134.665359573757,4038.0073553025118,0.0,0.9504854439525277,0.4141373577383786
146520.0,5134.653638894235,4038.019079235383,0.0,0.9504854298576939,0.4141387159006549
146580.0,5134.641916361276,4038.0308019419613,0.0,0.9504854736516877,0.414140074069304
146640.0,5134.63019648616,4038.04252644595,0.0,0.9504854337016523,0.4141414322314461
146700.0,5134.618469878644,4038.054246458788,0.0,0.950485604717771,0.41414279041425217
146760.0,5134.606754114949,4038.065973751585,0.0,0.9504854350659838,0.4141441485668931
146820.0,5134.595036030022,4038.077699511865,0.0,0.9504853378521535,0.41414550672773776
146880.0,5134.583311777423,4038.089421144179,0.0,0.9504854341628544,0.4141468649066006
146940.0,5134.5715888208515,4038.1011436696854,0.0,0.9504854893234347,0.4141482230834217
147000.0,5134.559869406785,4038.1128685794506,0.0,0.9504854330801159,0.4141495812507915
147060.0,5134.548140517649,4038.1245871586398,0.0,0.9504856739318012,0.41415093944659437
147120.0,5134.536426901195,4038.136315988093,0.0,0.9504854350347963,0.4141522975996864
147180.0,5134.524710021775,4038.1480426534417,0.0,0.9504852981492177,0.4141536557636496
147240.0,5134.512984458773,4038.1597635034614,0.0,0.9504854337963041,0.41415501395275783
147300.0,5134.501260726775,4038.1714856054614,0.0,0.9504855114933812,0.4141563721383088
147360.0,5134.489541985577,4038.183211063068,0.0,0.9504854323048755,0.4141577303103057
147420.0,5134.477814549823,4038.1949307073164,0.0,0.9504856258185583,0.4141590885081172
147480.0,5134.466099355839,4038.206658575528,0.0,0.9504854346423492,0.41416044667220986
147540.0,5134.454381547952,4038.2183847148467,0.0,0.9504853250968175,0.41416180484533555
147600.0,5134.442656790494,4038.230106201563,0.0,0.9504854336349735,0.41416316303869527
147660.0,5134.430933495326,4038.2418286930233,0.0,0.9504854958008618,0.4141645212295417
147720.0,5134.419214192769,4038.2535538707534,0.0,0.9504854324251955,0.41416587940966115
147780.0,5134.407484214795,4038.2652719124853,0.0,0.9504857038472869,0.4141672376216152
147840.0,5134.395771447822,4038.2770015050746,0.0,0.9504854346382993,0.414168595785365
147900.0,5134.384055005732,4038.288728657007,0.0,0.9504852803864439,0.4141699539611537
147960.0,5134.3723287789535,4038.3004492547702,0.0,0.9504854332530016,0.4141713121652079
148020.0,5134.360604617318,4038.312171261614,0.0,0.9504855208154055,0.4141726703650411
148080.0,5134.348886080344,4038.323897049384,0.0,0.9504854315826684,0.41417402854952357
148140.0,5134.337164099524,4038.3356205445502,0.0,0.9504854501770074,0.41417538674491833
148200.0,5134.325443508498,4038.347344987404,0.0,0.9504854248341945,0.4141767449374308
148260.0,5134.313721677866,4038.359068614971,0.0,0.9504854381168891,0.4141781031345431
148320.0,5134.302001584876,4038.3707934245435,0.0,0.9504853965195121,0.4141794613278557
148380.0,5134.29027895477,4038.3825165475782,0.0,0.950485434313593,0.414180819529376
148440.0,5134.278562679245,4038.3942439561847,0.0,0.9504852721064003,0.4141821777144894
148500.0,5134.266836114731,4038.4059644720787,0.0,0.9504854328610443,0.41418353592929835
148560.0,5134.255111722592,4038.4176864690357,0.0,0.9504855249427058,0.41418489413958187
148620.0,5134.2433932454205,4038.4294124418057,0.0,0.9504854311087558,0.41418625233369155
148680.0,5134.23167114735,4038.441136003109,0.0,0.9504854506644413,0.41418761053921527
148740.0,5134.219950511219,4038.4528605605333,0.0,0.9504854240163565,0.4141889687416519
148800.0,5134.208228572062,4038.46458426009,0.0,0.9504854379863821,0.41419032694886826
148860.0,5134.196508460661,4038.476309202147,0.0,0.9504853942451947,0.4141916851520291
148920.0,5134.1847856817785,4038.4880323701495,0.0,0.9504854339910959,0.41419304336376744
148980.0,5134.173069585894,4038.4997600441957,0.0,0.9504852634180019,0.41419440155816717
149040.0,5134.161342670701,4038.5114804695054,0.0,0.9504854324678261,0.4141957597837664
149100.0,5134.149618040651,4038.5232024515785,0.0,0.9504855293019137,0.41419711800452
149160.0,5134.137899549135,4038.534928559103,0.0,0.9504854332050616,0.4141984762084316
149220.0,5134.126179736912,4038.546653804855,0.0,0.9504853781321179,0.41419983441771285
149280.0,5134.114456383066,4038.5583766836917,0.0,0.9504854341213551,0.4142011926376102
149340.0,5134.1027424462445,4038.57010590256,0.0,0.9504851939268242,0.41420255083242247
149400.0,5134.091013275215,4038.581824911166,0.0,0.9504854320095455,0.41420390907094295
149460.0,5134.079287328101,4038.593546106256,0.0,0.9504855683937169,0.414205267301958
149520.0,5134.067570027493,4038.6052731091686,0.0,0.9504854330811141,0.4142066255090247
149580.0,5134.055850872895,4038.6169988925803,0.0,0.95048535554077,0.4142079837229722
149640.0,5134.044126732943,4038.6287213405985,0.0,0.9504854344048432,0.4142093419516263
149700.0,5134.032411239178,4038.640449605747,0.0,0.9504852414031038,0.4142107001569703
149760.0,5134.020683525351,4038.652169688154,0.0,0.950485431911413,0.4142120583978924
149820.0,5134.0089583884255,4038.663891523116,0.0,0.950485541039393,0.4142134166331416
149880.0,5133.997240169468,4038.6756180066136,0.0,0.9504854327525727,0.41421477484933905
149940.0,5133.985520464069,4038.68734351711,0.0,0.9504853706958288,0.4142161330713758
150000.0,5133.973796768363,4038.6990663595716,0.0,0.9504854337955126,0.41421749130530033
150060.0,5133.962083686241,4038.710796345095,0.0,0.950485163124582,0.41421884951074767
150120.0,5133.950353437719,4038.722514823618,0.0,0.950485431426072,0.4142202077653803
150180.0,5133.938626823969,4038.7342357643515,0.0,0.9504855851231004,0.4142215660113427
150240.0,5133.926909954351,4038.7459632495547,0.0,0.950485432643992,0.4142229242302451
150300.0,5133.915190997349,4038.757689358618,0.0,0.9504853452686841,0.4142242824566895
150360.0,5133.90346642314,4038.7694117082265,0.0,0.9504854341460727,0.4142256406996316
150420.0,5133.891751593419,4038.7811406120773,0.0,0.9504852166568933,0.4142269989161498
150480.0,5133.880022994316,4038.7928602933694,0.0,0.9504854313465826,0.414228357172638
150540.0,5133.868297300883,4038.804581947859,0.0,0.9504855543285322,0.4142297154225211
150600.0,5133.856579403738,4038.8163088403667,0.0,0.9504854323048546,0.4142310736508624
150660.0,5133.844859833392,4038.828034634528,0.0,0.9504853623780103,0.41423243188557224
150720.0,5133.833135767129,4038.8397574213104,0.0,0.9504854334905145,0.4142337901336031
150780.0,5133.821419496309,4038.851485455054,0.0,0.9504852594451041,0.41423514836073155
150840.0,5133.809692205541,4038.8632061103654,0.0,0.9504854312340102,0.41423650662004086
150900.0,5133.797967237016,4038.8749283475554,0.0,0.9504855296373174,0.4142378648743978
150960.0,5133.786248506111,4038.886654777306,0.0,0.9504854319845082,0.41423922311162864
151020.0,5133.774528433437,4038.8983803310084,0.0,0.9504853760200869,0.41424058135428876
151080.0,5133.762804762099,4038.910103479159,0.0,0.950485432916965,0.4142419396077279
151140.0,5133.751090659913,4038.921833070367,0.0,0.9504851888322201,0.41424329783564584
151200.0,5133.739361077883,4038.9335522849337,0.0,0.9504854307722664,0.41424465610797506
151260.0,5133.727634772004,4038.945273721354,0.0,0.9504855693663852,0.4142460143726486
151320.0,5133.715917252178,4038.9570010601133,0.0,0.9504854318625134,0.4142473726129742
151380.0,5133.704197848692,4038.9687271592647,0.0,0.9504853530667835,0.41424873086026454
151440.0,5133.692473379529,4038.9804498686126,0.0,0.9504854332090056,0.4142500891224911
151500.0,5133.680757696183,4038.99217848966,0.0,0.9504852370815338,0.4142514473610072
151560.0,5133.669029595816,4039.0038987945504,0.0,0.9504854306765054,0.4142528056356649
151620.0,5133.657304114152,4039.015620880299,0.0,0.9504855415728899,0.41425416390452946
151680.0,5133.645585662119,4039.0273476902134,0.0,0.9504854315326111,0.41425552215402234
151740.0,5133.633865699908,4039.039073511039,0.0,0.9504853684712466,0.41425688040942166
151800.0,5133.622141683114,4039.050796620288,0.0,0.9504854325937667,0.4142582386768926
151860.0,5133.610424694637,4039.0625244623207,0.0,0.9504852756422497,0.4142595969256324
151920.0,5133.598697768369,4039.074245651245,0.0,0.9504854305509106,0.4142609552034894
151980.0,5133.586972934715,4039.0859682681335,0.0,0.9504855192831971,0.4142623134770435
152040.0,5133.575253800049,4039.0976947170993,0.0,0.9504854288593554,0.4142636717350299
152100.0,5133.56353117622,4039.1094188422517,0.0,0.9504854477025569,0.4142650300040594
152160.0,5133.551809960664,4039.1211439277968,0.0,0.9504854220218416,0.41426638827015166
152220.0,5133.540087489274,4039.132868186868,0.0,0.9504854354824648,0.41426774654089016
152280.0,5133.528366778609,4039.144593643815,0.0,0.950485393330107,0.4142691048077605
152340.0,5133.516643497457,4039.1563173912423,0.0,0.950485431629461,0.4142704630829346
152400.0,5133.504926654983,4039.168045482101,0.0,0.9504852672565548,0.4142718213414554
152460.0,5133.493199387752,4039.1797665867894,0.0,0.9504854301585985,0.4142731796300668
152520.0,5133.481474321781,4039.1914891923975,0.0,0.950485523470485,0.4142745379140671
152580.0,5133.469755248941,4039.203215827609,0.0,0.9504854283839932,0.4142758961816651
152640.0,5133.458032507542,4039.2149400185335,0.0,0.9504854482013808,0.41427725446081504
152700.0,5133.446311247513,4039.2266652189396,0.0,0.9504854211979605,0.41427861273682
152760.0,5133.434588667393,4039.2383895497164,0.0,0.9504854353550946,0.41427997101765346
152820.0,5133.422867939304,4039.2501151396837,0.0,0.950485391030296,0.41428132929435957
152880.0,5133.41114450864,4039.2618389314275,0.0,0.9504854313075366,0.4142826875797441
152940.0,5133.3994278494065,4039.2735672900626,0.0,0.9504852584570127,0.414284045847531
153000.0,5133.387700228096,4039.2852883016785,0.0,0.9504854297650084,0.41428540414693277
153060.0,5133.375974922303,4039.2970108909417,0.0,0.9504855278928152,0.414286762441399
153120.0,5133.364255836152,4039.3087376614785,0.0,0.9504854305131737,0.41428812071878607
153180.0,5133.352535412062,4039.3204635583597,0.0,0.9504853747052462,0.41428947900159163
153240.0,5133.340811399663,4039.33218705618,0.0,0.950485431442789,0.41429083729514876
153300.0,5133.329096928819,4039.343916979731,0.0,0.9504851880409377,0.4142921955632564
153360.0,5133.317367022703,4039.3556365546065,0.0,0.95048542930386,0.4142935538756575
153420.0,5133.305640383272,4039.3673583453806,0.0,0.9504855675100615,0.414294912180427
153480.0,5133.293922504576,4039.379086022602,0.0,0.9504854303908242,0.41429627046091494
153540.0,5133.282202747613,4039.3908124635886,0.0,0.9504853518154464,0.4142976287483527
153600.0,5133.27047793955,4039.402535523914,0.0,0.9504854317333166,0.414298987050688
153660.0,5133.258761891978,4039.4142644800368,0.0,0.9504852361544588,0.414300345329379
153720.0,5133.247033463122,4039.4259851424204,0.0,0.9504854292076701,0.41430170364411684
153780.0,5133.235307645395,4039.437707580897,0.0,0.9504855397936689,0.41430306195308053
153840.0,5133.223588837044,4039.4494347308264,0.0,0.9504854300611484,0.4143044202427256
153900.0,5133.211868522829,4039.461160894361,0.0,0.9504853671761011,0.4143057785382649
153960.0,5133.200144165694,4039.4728843536345,0.0,0.950485431119103,0.4143071368458448
154020.0,5133.188426816611,4039.484612532965,0.0,0.9504852746066215,0.4143084951347464
154080.0,5133.176699558342,4039.4963340771274,0.0,0.9504854290817302,0.41430985345268906
154140.0,5133.164974386622,4039.508057045437,0.0,0.9504855175657052,0.4143112117663441
154200.0,5133.153254897469,4039.5197838355157,0.0,0.9504854273946743,0.41431257006447436
154260.0,5133.141531929176,4039.5315083080604,0.0,0.9504854461850489,0.41431392837362074
154320.0,5133.129810365076,4039.543233738431,0.0,0.9504854205760556,0.41431528667984
154380.0,5133.11808754874,4039.554958344574,0.0,0.950485433998909,0.4143166449906956
154440.0,5133.106366488031,4039.5666841453894,0.0,0.9504853919643477,0.41431800329769575
154500.0,5133.094642864218,4039.5784082413084,0.0,0.9504854301564514,0.41431936161297983
154560.0,5133.082925660512,4039.5901366689927,0.0,0.9504852662431992,0.4143207199116584
154620.0,5133.071198062051,4039.601858129329,0.0,0.9504854286894707,0.4143220782403482
154680.0,5133.0594726584795,4039.6135810865744,0.0,0.9504855217402628,0.4143234365644428
154740.0,5133.047753230769,4039.6253080625843,0.0,0.9504854269195966,0.4143247948721805
154800.0,5133.036030145042,4039.637032600912,0.0,0.9504854466814386,0.41432615319144156
154860.0,5133.0243085364,4039.6487581460224,0.0,0.9504854197534316,0.4143275115075685
154920.0,5133.012585611443,4039.6604828238637,0.0,0.9504854338708518,0.4143288698285133
154980.0,5133.000864533159,4039.672208757528,0.0,0.9504853896699108,0.4143302281453445
155040.0,5132.989140760064,4039.683932897831,0.0,0.9504854298343822,0.414331586470833
155100.0,5132.977423738866,4039.6956615927543,0.0,0.9504852574673441,0.41433294477877436
155160.0,5132.965695787145,4039.707382960459,0.0,0.9504854282959374,0.41433430311824715
155220.0,5132.953970144241,4039.7191059015922,0.0,0.9504855261490948,0.4143356614528013
155280.0,5132.942250703057,4039.730833012748,0.0,0.9504854290417772,0.41433701977032333
155340.0,5132.930529927752,4039.742559252631,0.0,0.9504853733899125,0.4143383780932528
155400.0,5132.9188055744635,4039.754283099929,0.0,0.950485429968559,0.41433973642690625
155460.0,5132.9070907352125,4039.766013355675,0.0,0.9504851872477115,0.41434109473518194
155520.0,5132.895360505142,4039.7777332906358,0.0,0.9504854278353831,0.4143424530876337
155580.0,5132.8836335323085,4039.789455435557,0.0,0.9504855656547041,0.4143438114324778
155640.0,5132.871915294961,4039.8011834510758,0.0,0.9504854289190734,0.41434516975310653
155700.0,5132.860195184727,4039.812910233722,0.0,0.9504853505634656,0.41434652808067
155760.0,5132.8484700379295,4039.824633644826,0.0,0.9504854302575768,0.41434788642309256
155820.0,5132.836753626365,4039.8363629358664,0.0,0.9504852352259118,0.41434924474193663
155880.0,5132.825024869159,4039.848083955532,0.0,0.9504854277387659,0.4143506030967331
155940.0,5132.813298715528,4039.859806746535,0.0,0.9504855380151814,0.4143519614457744
156000.0,5132.801579551071,4039.8715342363084,0.0,0.9504854285896235,0.41435331977555
156060.0,5132.789858885056,4039.883260742375,0.0,0.9504853658804215,0.4143546781112078
156120.0,5132.7781341877535,4039.8949845514767,0.0,0.9504854296443859,0.4143560364588751
156180.0,5132.7664164782955,4039.906713067945,0.0,0.9504852735696525,0.41435739478791667
156240.0,5132.754688888166,4039.9184349671345,0.0,0.9504854276124812,0.41435875314592385
156300.0,5132.742963378546,4039.930158286667,0.0,0.9504855158487453,0.41436011149965835
156360.0,5132.731243535112,4039.9418854176834,0.0,0.9504854259299139,0.41436146983791095
156420.0,5132.719520222537,4039.9536102374304,0.0,0.9504854446676009,0.4143628281871526
156480.0,5132.70779831009,4039.9653360124453,0.0,0.9504854191301392,0.4143641865334773
156540.0,5132.696075148989,4039.9770609654734,0.0,0.9504854325153226,0.4143655448844282
156600.0,5132.684353738437,4039.9887871099754,0.0,0.9504853905982429,0.41436690323153663
156660.0,5132.67262977214,4040.0005115541926,0.0,0.9504854286833831,0.4143682615869088
156720.0,5132.66091220743,4040.0122403185396,0.0,0.9504852652285627,0.4143696199257236
156780.0,5132.649184277884,4040.023962134314,0.0,0.9504854272202744,0.4143709782944706
156840.0,5132.637458536876,4040.0356854429983,0.0,0.9504855200106297,0.4143723366586381
156900.0,5132.625738754507,4040.047412759633,0.0,0.9504854254551197,0.4143736950064936
156960.0,5132.614015324632,4040.0591376451716,0.0,0.9504854451615613,0.41437505336584424
157020.0,5132.602293367566,4040.070863534803,0.0,0.9504854183087694,0.41437641172207146
157080.0,5132.590570097954,4040.082588559523,0.0,0.9504854323865808,0.41437777008310617
157140.0,5132.578848669674,4040.0943148367046,0.0,0.9504853883091706,0.4143791284400406
157200.0,5132.567124554322,4040.1060393253733,0.0,0.9504854283611708,0.41438048680561157
157260.0,5132.555407171392,4040.117768356428,0.0,0.9504852564761646,0.4143818451536858
157320.0,5132.5436788894,4040.1294900800062,0.0,0.9504854268267974,0.4143832035332082
157380.0,5132.531952909546,4040.141213372807,0.0,0.9504855244060937,0.4143845619078287
157440.0,5132.5202331135415,4040.15294082441,0.0,0.9504854275703188,0.4143859202654637
157500.0,5132.5085119872265,4040.164667407119,0.0,0.9504853720739763,0.41438727862849545
157560.0,5132.496787293214,4040.176391603695,0.0,0.9504854284942768,0.4143886370022237
157620.0,5132.48507208582,4040.188122191496,0.0,0.9504851864520988,0.41438999535064563
157680.0,5132.473341531898,4040.199842486311,0.0,0.9504854263668345,0.4143913537431265
157740.0,5132.461614225805,4040.211564985167,0.0,0.9504855638005814,0.4143927121280238
157800.0,5132.449895630041,4040.223293338825,0.0,0.9504854274472618,0.41439407048877186
157860.0,5132.438175166748,4040.23502046296,0.0,0.9504853493106546,0.4143954288564395
157920.0,5132.426449681374,4040.246744224641,0.0,0.9504854287817902,0.4143967872389277
157980.0,5132.414732906066,4040.2584738504506,0.0,0.9504852342954204,0.414398145597903
158040.0,5132.403003820636,4040.270195227172,0.0,0.9504854262697909,0.4143995039927366
158100.0,5132.39127733125,4040.2819183704933,0.0,0.9504855362377183,0.41440086238183416
158160.0,5132.379557810909,4040.293646199942,0.0,0.9504854271180372,0.41440222075171873
158220.0,5132.367836793299,4040.3053730483666,0.0,0.9504853645840892,0.41440357912747317
158280.0,5132.356111755993,4040.317097207098,0.0,0.9504854281696175,0.41440493751520635
158340.0,5132.344397410703,4040.3288285665953,0.0,0.9504851554162135,0.4144062958742132
158400.0,5132.332665772419,4040.3405483258543,0.0,0.9504854257825593,0.414407654282801
158460.0,5132.320937795857,4040.3522705671185,0.0,0.9504855806625399,0.41440901268263075
158520.0,5132.309219635355,4040.3639994058017,0.0,0.9504854270104656,0.41441037105517403
158580.0,5132.297499372207,4040.3757268570544,0.0,0.9504853389631196,0.4144117294353038
158640.0,5132.2857734504605,4040.3874505183544,0.0,0.9504854285247197,0.41441308783205977
158700.0,5132.274050966547,4040.399176504485,0.0,0.9504854097628993,0.4144144462202212
158760.0,5132.262327068334,4040.410901556761,0.0,0.9504854351404927,0.41441580461344474
158820.0,5132.250604395661,4040.4226274477837,0.0,0.950485421714766,0.4144171630042789
158880.0,5132.238879958172,4040.4343521706423,0.0,0.9504854634217629,0.41441852140123697
158940.0,5132.227158050394,4040.44607860675,0.0,0.9504854253718017,0.41441987979203976
159000.0,5132.215429733111,4040.4578007636055,0.0,0.9504855882439641,0.41442123820260784
159060.0,5132.203711738326,4040.4695298581646,0.0,0.9504854266672682,0.41442259658445196
159120.0,5132.191991533209,4040.4812574929347,0.0,0.9504853340798022,0.4144239549741879
159180.0,5132.180265377962,4040.4929811418647,0.0,0.9504854282638545,0.4144253133813775
159240.0,5132.168542838354,4040.5047072350944,0.0,0.9504854085362472,0.4144266717794677
159300.0,5132.156818811997,4040.5164323457866,0.0,0.9504854352251391,0.4144280301828255
159360.0,5132.145096074874,4040.5281583380215,0.0,0.9504854211089067,0.414429388583613
159420.0,5132.13337148244,4040.539883101283,0.0,0.950485464969613,0.41443074699078103
159480.0,5132.121649550631,4040.551609665759,0.0,0.9504854249588175,0.41443210539142195
159540.0,5132.109920879527,4040.5633317293773,0.0,0.9504855962353987,0.41443346381276414
159600.0,5132.098203063466,4040.5750610885434,0.0,0.9504854263253293,0.4144348222038706
159660.0,5132.086482923838,4040.5867889118285,0.0,0.9504853289635331,0.41443618060319015
159720.0,5132.074756610184,4040.5985125982697,0.0,0.950485425420928,0.414437539020565
159780.0,5132.063031593961,4040.6102371797406,0.0,0.9504854806655235,0.4144388974358847
159840.0,5132.051310123922,4040.621964150556,0.0,0.9504854243366444,0.4144402558417288
159900.0,5132.039579169088,4040.6336847771445,0.0,0.9504856655550005,0.4144416142760606
159960.0,5132.027863502731,4040.645415675952,0.0,0.9504854262944028,0.41444297266758273
160020.0,5132.016144570098,4040.6571444059373,0.0,0.950485289200504,0.41444433106999146
160080.0,5132.004416944934,4040.6688673080976,0.0,0.9504854250541286,0.4144456894975985
160140.0,5131.992691152726,4040.6805914648453,0.0,0.9504855028695318,0.4144470479216311
160200.0,5131.980970356497,4040.692318984369,0.0,0.9504854235605323,0.41444840633207614
160260.0,5131.969240856773,4040.7040406780097,0.0,0.950485617368934,0.4144497647683869
160320.0,5131.957523611504,4040.715770613209,0.0,0.9504854259016674,0.4144511231708981
160380.0,5131.945803749691,4040.727498815729,0.0,0.9504853161893831,0.4144524815824534
160440.0,5131.934076931143,4040.7392223556417,0.0,0.9504854248928611,0.41445384001428515
160500.0,5131.9223515764625,4040.750946902377,0.0,0.950485487153422,0.41445519844358886
160560.0,5131.910630218537,4040.762674141115,0.0,0.9504854236813448,0.41445655686213834
160620.0,5131.8988981742295,4040.774394228478,0.0,0.9504856955166407,0.4144579153125848
160680.0,5131.887183358718,4040.7861258914404,0.0,0.9504854258979197,0.4144592737147157
160740.0,5131.875464864353,4040.7978551084357,0.0,0.9504852714113429,0.4144606321289036
160800.0,5131.863736575219,4040.8095777571834,0.0,0.9504854245106168,0.4144619905714174
160860.0,5131.85201035342,4040.8213018179554,0.0,0.9504855122063175,0.41446334900969156
160920.0,5131.840289762109,4040.8330296677323,0.0,0.950485422837845,0.4144647074325775
160980.0,5131.828565723443,4040.844755219936,0.0,0.9504854414605319,0.4144660658663937
161040.0,5131.8168430760425,4040.8564817218094,0.0,0.950485416079203,0.4144674242973151
161100.0,5131.8051191877985,4040.8682074065955,0.0,0.9504854293821648,0.41446878273284077
161160.0,5131.793397039033,4040.8799342758693,0.0,0.950485387721516,0.41447014116455194
161220.0,5131.781672350566,4040.891659454939,0.0,0.9504854255731833,0.41447149960448365
161280.0,5131.769954023309,4040.903388928698,0.0,0.9504852631190581,0.4144728580279625
161340.0,5131.758225396449,4040.915111494935,0.0,0.9504854241185262,0.4144742164812005
161400.0,5131.746498944273,4040.9268355453346,0.0,0.9504855163404455,0.41447557492989384
161460.0,5131.734778413196,4040.9385635800477,0.0,0.9504854223636724,0.41447693336237396
161520.0,5131.7230542575235,4040.9502891980674,0.0,0.9504854419491893,0.41447829180628715
161580.0,5131.71133156534,4040.962015814294,0.0,0.9504854152605741,0.4144796502471004
161640.0,5131.699607568822,4040.9737415707627,0.0,0.9504854292519271,0.41448100869269816
161700.0,5131.687885401996,4040.985468572345,0.0,0.9504853854441655,0.41448236713422515
161760.0,5131.676160564966,4040.997193796016,0.0,0.9504854252506589,0.4144837255843429
161820.0,5131.664442417903,4041.008923535322,0.0,0.9504852544178586,0.41448508401707446
161880.0,5131.652713440371,4041.020646010317,0.0,0.9504854237251726,0.4144864424810722
161940.0,5131.640986750406,4041.0323700453387,0.0,0.9504855207067321,0.4144878009402046
162000.0,5131.629266205334,4041.044098214632,0.0,0.9504854244636334,0.4144891593824541
162060.0,5131.617544338252,4041.0558255202295,0.0,0.95048536930688,0.4144905178300763
162120.0,5131.6058189259065,4041.0675504538076,0.0,0.9504854253814257,0.414491876288335
162180.0,5131.594102940382,4041.079281740942,0.0,0.9504851848211331,0.4144932347214437
162240.0,5131.582371704923,4041.0910027958853,0.0,0.9504854232665032,0.41449459319835547
162300.0,5131.570643696774,4041.1027260419264,0.0,0.9504855598584219,0.41449595166773595
162360.0,5131.55892434409,4041.114455108223,0.0,0.9504854243398063,0.41449731011311153
162420.0,5131.5472031355575,4041.1261829523246,0.0,0.9504853466814408,0.414498668565374
162480.0,5131.535476936542,4041.137907453851,0.0,0.9504854256656545,0.4145000270323728
162540.0,5131.523759392695,4041.1496377849317,0.0,0.9504852323699735,0.4145013854760026
162600.0,5131.512029616189,4041.1613599156703,0.0,0.95048542316853,0.41450274395528486
162660.0,5131.500302419307,4041.173083802647,0.0,0.9504855324627937,0.4145041024288726
162720.0,5131.488582147567,4041.1848123481063,0.0,0.950485424011074,0.4145054608833627
162780.0,5131.476860387911,4041.196539918401,0.0,0.9504853618598024,0.4145068193436962
162840.0,5131.465134633842,4041.2082648149076,0.0,0.9504854250557073,0.414508177815941
162900.0,5131.453419504401,4041.219996869733,0.0,0.9504851539721899,0.4145095362596357
162960.0,5131.4416871908115,4041.231717392831,0.0,0.9504854226827578,0.4145108947526231
163020.0,5131.429958515819,4041.2434403833486,0.0,0.9504855766141347,0.41451225323691154
163080.0,5131.41823959506,4041.2551699323594,0.0,0.9504854239026376,0.41451361169407647
163140.0,5131.40651858482,4041.266898102197,0.0,0.9504853363942087,0.4145149701587912
163200.0,5131.394791951584,4041.2786225044856,0.0,0.9504854254071105,0.41451632864003746
163260.0,5131.38306873448,4041.2903492179244,0.0,0.9504854067599319,0.41451768711274506
163320.0,5131.371344111935,4041.3020750030673,0.0,0.950485431981861,0.4145190455904903
163380.0,5131.359620707163,4041.313801622051,0.0,0.9504854186380979,0.4145204040658654
163440.0,5131.347895548637,4041.325527079815,0.0,0.950485460089438,0.4145217625473339
163500.0,5131.336172903845,4041.3372542407556,0.0,0.9504854222722304,0.414523121022688
163560.0,5131.324443889834,4041.3489771477784,0.0,0.9504855841467309,0.4145244795176992
163620.0,5131.312725133299,4041.3607069515633,0.0,0.9504854235592556,0.4145258379841577
163680.0,5131.301004180275,4041.3724353042458,0.0,0.9504853315385487,0.41452719645846964
163740.0,5131.289277314563,4041.3841596946486,0.0,0.9504854251455565,0.4145285549501356
163800.0,5131.277554041669,4041.395886514967,0.0,0.9504854055385076,0.41452991343276097
163860.0,5131.265829291341,4041.4076123585933,0.0,0.9504854320637026,0.4145312719206283
163920.0,5131.254105822077,4041.419339078602,0.0,0.9504854180336634,0.4145326304059456
163980.0,5131.242380509137,4041.431064576942,0.0,0.9504854616255192,0.4145339888976115
164040.0,5131.23065784002,4041.442791865903,0.0,0.9504854218594896,0.4145353473827935
164100.0,5131.21892847397,4041.4545146806513,0.0,0.9504855920869301,0.41453670588856295
164160.0,5131.207209894591,4041.466244747893,0.0,0.950485423217125,0.41453806436427687
164220.0,5131.195489006199,4041.47797328839,0.0,0.9504853264513439,0.4145394228481635
164280.0,5131.183761982631,4041.4896977164935,0.0,0.9504854223177541,0.4145407813500022
164340.0,5131.17203624825,4041.5014230344095,0.0,0.9504854772238055,0.41454213984980554
164400.0,5131.160314037698,4041.5131507275864,0.0,0.9504854212396018,0.4145434983401917
164460.0,5131.148582401994,4041.52487211406,0.0,0.950485660980708,0.41454485685890613
164520.0,5131.13686595849,4041.536603712131,0.0,0.9504854231848646,0.41454621533506486
164580.0,5131.125146269199,4041.5483331542514,0.0,0.9504852869301645,0.4145475738220541
164640.0,5131.113417942079,4041.5600568029768,0.0,0.9504854219516772,0.4145489323340962
164700.0,5131.101691436303,4041.5717816989527,0.0,0.9504854992903169,0.414550290842593
164760.0,5131.0899698950225,4041.5835099378733,0.0,0.9504854204667192,0.4145516493375847
164820.0,5131.0782397049925,4041.595232385359,0.0,0.9504856130880481,0.41455300785829624
164880.0,5131.066521692216,4041.606963025782,0.0,0.95048542279301,0.41455436634541115
164940.0,5131.0548010792945,4041.618691943824,0.0,0.9504853137523542,0.4145557248415249
165000.0,5131.04307355342,4041.6304162268143,0.0,0.9504854217898734,0.4145570833577986
165060.0,5131.031347482117,4041.6421415107484,0.0,0.9504854836689743,0.41455844187156715
165120.0,5131.01962538238,4041.653869470817,0.0,0.9504854205852666,0.4145598003746473
165180.0,5131.007892663462,4041.6655903217957,0.0,0.9504856907559525,0.41456115890944506
165240.0,5130.996177064859,4041.6773226800615,0.0,0.9504854227877624,0.4145625173962135
165300.0,5130.984457810485,4041.6890526068673,0.0,0.9504852692468158,0.41456387589497606
165360.0,5130.97272882298,4041.7007760042243,0.0,0.9504854214084456,0.414565234421901
165420.0,5130.961001889719,4041.712500805338,0.0,0.9504855085669668,0.4145665929446189
165480.0,5130.949280551476,4041.724229373113,0.0,0.9504854197454073,0.41456795145204184
165540.0,5130.937549468502,4041.735951412932,0.0,0.9504856368166346,0.4145693099882955
165600.0,5130.925832108839,4041.747682684666,0.0,0.9504854223772864,0.41457066848656327
165660.0,5130.914111820964,4041.7594120135504,0.0,0.9504852995038724,0.4145720269947609
165720.0,5130.902383743664,4041.7711361183683,0.0,0.9504854212572147,0.4145733855256066
165780.0,5130.890657307309,4041.782861349373,0.0,0.9504854909943424,0.4145747440534177
165840.0,5130.878935347066,4041.7945895955822,0.0,0.9504854199101048,0.41457610256910804
165900.0,5130.867205586992,4041.806312620039,0.0,0.950485593604983,0.41457746110811144
165960.0,5130.855486806645,4041.818043033798,0.0,0.9504854219998395,0.41457881961691245
166020.0,5130.843765680275,4041.829771895702,0.0,0.950485323666882,0.41458017813399156
166080.0,5130.832038319832,4041.8414965781376,0.0,0.9504854210872179,0.41458153666930625
166140.0,5130.820312269612,4041.8532221646415,0.0,0.950485476883548,0.41458289520252434
166200.0,5130.808589800159,4041.8649501650157,0.0,0.9504854199929178,0.4145842537261618
166260.0,5130.796857753729,4041.876671755709,0.0,0.9504856636191037,0.41458561227856205
166320.0,5130.785141144672,4041.888403724274,0.0,0.9504854219710199,0.41458697078770357
166380.0,5130.773421237704,4041.900133501528,0.0,0.9504852835092761,0.4145883293078242
166440.0,5130.761692553633,4041.9118573909245,0.0,0.9504854207191724,0.4145896878533968
166500.0,5130.749965720526,4041.92358254765,0.0,0.9504854993115809,0.4145910463953384
166560.0,5130.738243932094,4041.9353111016944,0.0,0.9504854192114749,0.4145924049235449
166620.0,5130.72651335555,4041.94703376978,0.0,0.9504856149545116,0.41459376347786997
166680.0,5130.71479515286,4041.958764764135,0.0,0.9504854215767796,0.41459512199803433
166740.0,5130.703074308317,4041.9704940078113,0.0,0.9504853107699467,0.4145964805273165
166800.0,5130.6913464393665,4041.982218540839,0.0,0.95048542055871,0.4145978390770778
166860.0,5130.679620048695,4041.9939440908793,0.0,0.95048548344112,0.4145991976242654
166920.0,5130.667897693752,4042.005672360567,0.0,0.9504854193359058,0.4146005561605806
166980.0,5130.656168304469,4042.0173959222448,0.0,0.950485575963635,0.4146019147180383
167040.0,5130.644448815072,4042.0291261485004,0.0,0.9504854212123235,0.41460327324835455
167100.0,5130.632727208797,4042.0408549766807,0.0,0.9504853325352354,0.41460463178629886
167160.0,5130.620999905328,4042.0525799861675,0.0,0.9504854227379835,0.41460599034099055
167220.0,5130.609276063261,4042.0643073379856,0.0,0.9504854038421938,0.41460734888701045
167280.0,5130.597550797319,4042.0760337487895,0.0,0.9504854294016684,0.4146087074381206
167340.0,5130.58582676537,4042.087761004597,0.0,0.9504854158801548,0.4146100659868124
167400.0,5130.574100956646,4042.0994870832997,0.0,0.9504854578858923,0.4146114245416635
167460.0,5130.562377694986,4042.111214888135,0.0,0.9504854195639304,0.41461278309030203
167520.0,5130.550647980178,4042.122938381185,0.0,0.9504855836018145,0.414614141658841
167580.0,5130.538928658402,4042.134668864414,0.0,0.9504854208692372,0.414615500198431
167640.0,5130.527207111327,4042.1463978766624,0.0,0.9504853276195575,0.4146168587459571
167700.0,5130.515479573537,4042.158122872846,0.0,0.9504854224778182,0.4146182173110643
167760.0,5130.5037556761645,4042.1698503317366,0.0,0.950485402609332,0.414619575866991
167820.0,5130.4920302819755,4042.18157680056,0.0,0.9504854294894877,0.4146209344282148
167880.0,5130.48030618591,4042.193304157507,0.0,0.9504854152725274,0.41462229298683795
167940.0,5130.468580221956,4042.2050302760786,0.0,0.9504854594473859,0.4146236515518793
168000.0,5130.456856936874,4042.216758209416,0.0,0.9504854191505578,0.41462501011033354
168060.0,5130.445126866599,4042.2284816076826,0.0,0.9504855916531043,0.4146263686896311
168120.0,5130.433407725546,4042.2402123566862,0.0,0.950485420527419,0.41462772723845664
168180.0,5130.421686245184,4042.2519415580414,0.0,0.9504853224691675,0.4146290857955417
168240.0,5130.409958548676,4042.263666591183,0.0,0.9504854196171162,0.41463044437081453
168300.0,5130.398232158586,4042.2753925259926,0.0,0.9504854752573412,0.41463180294400004
168360.0,5130.386509338949,4042.2871208681863,0.0,0.9504854185256434,0.4146331615076318
168420.0,5130.374776969859,4042.2988428179815,0.0,0.9504856614706074,0.41463452009995294
168480.0,5130.36305999371,4042.3105751177272,0.0,0.9504854204979831,0.4146358786491322
168540.0,5130.351339729103,4042.322305232089,0.0,0.9504852824232333,0.41463723720926476
168600.0,5130.339610712639,4042.3340294744526,0.0,0.9504854192494036,0.4146385957947827
168660.0,5130.327883541781,4042.3457549807645,0.0,0.9504854976219653,0.41463995437668255
168720.0,5130.316161401068,4042.3574838752625,0.0,0.9504854177456891,0.4146413129448854
168780.0,5130.304430497511,4042.369206899666,0.0,0.9504856129413949,0.41464267153913964
168840.0,5130.29271193218,4042.380938227947,0.0,0.950485420104149,0.41464403009932665
168900.0,5130.280990732564,4042.3926678102916,0.0,0.9504853096069543,0.4146453886686105
168960.0,5130.269262528743,4042.404392694677,0.0,0.9504854190886933,0.41464674725831985
169020.0,5130.257535798912,4042.416118593368,0.0,0.9504854817952066,0.4146481058454659
169080.0,5130.245813093185,4042.4278472043984,0.0,0.9504854178690753,0.4146494644217697
169140.0,5130.234083373334,4042.4395711201114,0.0,0.9504855740588578,0.41465082301916223
169200.0,5130.222363524867,4042.4513016824853,0.0,0.9504854197400155,0.41465218158948813
169260.0,5130.210641565577,4042.4630308505775,0.0,0.9504853313106818,0.41465354016742517
169320.0,5130.198913925471,4042.4747562102625,0.0,0.9504854212611792,0.414654898762066
169380.0,5130.187189736785,4042.486483905998,0.0,0.9504854024180912,0.41465625734806094
169440.0,5130.175464128299,4042.4982106632697,0.0,0.950485427906006,0.4146576159391346
169500.0,5130.1637397502345,4042.509938263293,0.0,0.9504854144221714,0.41465897452779865
169560.0,5130.15201360048,4042.5216646894005,0.0,0.9504854563103824,0.4146603331226082
169620.0,5130.140289990442,4042.5333928370164,0.0,0.9504854180954179,0.41466169171122397
169680.0,5130.128559945788,4042.5451166844778,0.0,0.9504855816747713,0.41466305031969036
169740.0,5130.116840264257,4042.5568475033224,0.0,0.9504854193968448,0.41466440889928663
169800.0,5130.105118363796,4042.568576855174,0.0,0.9504853264076543,0.4146657674868011
169860.0,5130.093390489844,4042.5803022017767,0.0,0.9504854210006983,0.4146671260918509
169920.0,5130.081666245812,4042.5920300044813,0.0,0.9504854011876235,0.41466848468774736
169980.0,5130.069940509246,4042.603756819803,0.0,0.95048542799254,0.4146698432889291
170040.0,5130.058216067047,4042.61548452088,0.0,0.9504854138151959,0.41467120188751955
170100.0,5130.04648976231,4042.6272109869365,0.0,0.9504854578664858,0.4146725604925132
170160.0,5130.034766128718,4042.6389392628926,0.0,0.9504854176821567,0.41467391909093965
170220.0,5130.023035729418,4042.65066301601,0.0,0.9504855897025128,0.4146752777101573
170280.0,5130.011316227889,4042.6623941001003,0.0,0.9504854190549379,0.41467663629898555
170340.0,5129.999594393747,4042.674123640734,0.0,0.9504853212706497,0.41467799489605484
170400.0,5129.987866361331,4042.68584902438,0.0,0.9504854181469473,0.41467935351126445
170460.0,5129.976139631542,4042.697575307299,0.0,0.9504854736315533,0.41468071212439583
170520.0,5129.964416461919,4042.709303991136,0.0,0.9504854170582929,0.41468207072800034
170580.0,5129.952683770285,4042.7210262998046,0.0,0.9504856593241753,0.41468342936022085
170640.0,5129.9409664272935,4042.7327589305855,0.0,0.9504854190248886,0.41468478794941616
170700.0,5129.929245805275,4042.7444893818943,0.0,0.9504852813359184,0.414686146549539
170760.0,5129.917516456569,4042.756213977015,0.0,0.9504854177795666,0.41468750517498026
170820.0,5129.905788948124,4042.7679398327136,0.0,0.9504854959329487,0.41468886379681696
170880.0,5129.894066455338,4042.779669067493,0.0,0.9504854162798234,0.41469022240499437
170940.0,5129.882335224896,4042.791392447996,0.0,0.9504856109297857,0.41469158103915627
171000.0,5129.87061629716,4042.8031241100484,0.0,0.9504854186314589,0.41469293963934395
171060.0,5129.858894742687,4042.8148540308935,0.0,0.9504853084430147,0.4146942982486079
171120.0,5129.847166204151,4042.8265792664333,0.0,0.9504854176186096,0.4146956568782439
171180.0,5129.835439135331,4042.83830551358,0.0,0.9504854801496899,0.41469701550532695
171240.0,5129.823716079022,4042.850034465776,0.0,0.9504854164021694,0.4146983741215981
171300.0,5129.811986028751,4042.861758735315,0.0,0.950485572155187,0.41469973275890415
171360.0,5129.800265821433,4042.873489633643,0.0,0.950485418267647,0.4147010913692179
171420.0,5129.788543509335,4042.8852191414726,0.0,0.9504853300854563,0.414702449987126
171480.0,5129.776815532763,4042.8969448511584,0.0,0.9504854197843247,0.4147038086216947
171540.0,5129.76509099765,4042.9086728906277,0.0,0.9504854009938091,0.41470516724764295
171600.0,5129.753365046801,4042.920399994181,0.0,0.9504854264103394,0.4147065258786587
171660.0,5129.74164032281,4042.9321279382366,0.0,0.9504854129640916,0.41470788450727364
171720.0,5129.729913832205,4042.943854711557,0.0,0.9504854547350651,0.41470924314202007
171780.0,5129.718189873986,4042.955583201771,0.0,0.9504854166268352,0.41471060177059144
171840.0,5129.706459499638,4042.9673074034367,0.0,0.9504855797486795,0.4147119604189638
171900.0,5129.694739458574,4042.979038557727,0.0,0.9504854179243909,0.4147133190385445
171960.0,5129.683017204934,4042.9907682490066,0.0,0.9504853251950925,0.4147146776660257
172020.0,5129.671288994982,4043.002493945831,0.0,0.9504854195235278,0.4147160363109966
172080.0,5129.659564404482,4043.014222092167,0.0,0.9504853997657362,0.4147173949468412
172140.0,5129.647838325724,4043.0259492537984,0.0,0.9504854264955878,0.41471875358795923
172200.0,5129.636113537581,4043.0376772988216,0.0,0.9504854123577686,0.4147201122264952
172260.0,5129.624386892238,4043.0494041121683,0.0,0.9504854562857736,0.4147214708714199
172320.0,5129.612662910332,4043.0611327305637,0.0,0.9504854162136848,0.41472282950979705
172380.0,5129.600932182157,4043.072856838325,0.0,0.9504855877529592,0.4147241881689132
172440.0,5129.589212320376,4043.0845882573326,0.0,0.9504854175823959,0.4147255467977224
172500.0,5129.577490132663,4043.0963181370726,0.0,0.9504853200713742,0.41472690543475416
172560.0,5129.5657617645065,4043.108043871026,0.0,0.9504854166767117,0.414728264089879
172620.0,5129.554034695192,4043.1197705018612,0.0,0.950485472006057,0.41472962274293473
172680.0,5129.542311175782,4043.131499527162,0.0,0.9504854155908693,0.4147309813864902
172740.0,5129.530578161736,4043.143222194486,0.0,0.9504856571792386,0.4147323400585887
172800.0,5129.518860452149,4043.1549551561475,0.0,0.950485417551734,0.41473369868777826
172860.0,5129.507139472937,4043.166685944234,0.0,0.9504852802476227,0.4147350573278697
172920.0,5129.495409792138,4043.178410891906,0.0,0.9504854163096618,0.41473641599321315
172980.0,5129.4836819462735,4043.1901370967935,0.0,0.9504854942444529,0.4147377746549651
173040.0,5129.471959101624,4043.2018666716776,0.0,0.9504854148138788,0.4147391333030956
173100.0,5129.460227544435,4043.2135904080646,0.0,0.9504856089196091,0.4147404919771434
173160.0,5129.4485082545325,4043.2253224037304,0.0,0.9504854171587084,0.4147418506173103
173220.0,5129.4367863454145,4043.2370526629056,0.0,0.9504853072782105,0.4147432092665325
173280.0,5129.425057472322,4043.2487782493968,0.0,0.9504854161484589,0.4147445679360736
173340.0,5129.413330064683,4043.2605048448036,0.0,0.9504854785045842,0.4147459266030721
173400.0,5129.401606657993,4043.2722341379886,0.0,0.9504854149351876,0.41474728525928883
173460.0,5129.389872553822,4043.283956264304,0.0,0.9504856871875973,0.4147486439474655
173520.0,5129.378155696464,4043.295689991153,0.0,0.9504854171552672,0.41475000258721484
173580.0,5129.36643515647,4043.3074212666834,0.0,0.950485262431695,0.4147513612390392
173640.0,5129.354704811495,4043.3191459597774,0.0,0.9504854157659399,0.41475271991925017
173700.0,5129.342976536076,4043.3308720678624,0.0,0.950485503596287,0.4147540785952029
173760.0,5129.331253897051,4043.3426019730964,0.0,0.9504854140907049,0.41475543725572955
173820.0,5129.3195278071125,4043.3543295757477,0.0,0.9504854327420287,0.4147567959272045
173880.0,5129.307803109932,4043.3660581300664,0.0,0.9504854073217908,0.4147581545957724
173940.0,5129.296077170652,4043.377785865485,0.0,0.9504854206452266,0.4147595132689489
174000.0,5129.284352972712,4043.3895147878925,0.0,0.9504853789206643,0.4147608719382959
174060.0,5129.272626232454,4043.401242016402,0.0,0.9504854168305015,0.414762230615876
174120.0,5129.2609058601165,4043.412973548791,0.0,0.9504852541269659,0.41476358927695767
174180.0,5129.249175177427,4043.424698158729,0.0,0.9504854153737154,0.41476494796786245
174240.0,5129.2374466717565,4043.436424255956,0.0,0.9504855077372323,0.41476630665420317
174300.0,5129.225724093395,4043.4481543460606,0.0,0.9504854136162717,0.4147676653242908
174360.0,5129.213997886693,4043.4598820142055,0.0,0.9504854332319116,0.4147690240058309
174420.0,5129.202273145047,4043.4716106826622,0.0,0.9504854065023696,0.4147703826842584
174480.0,5129.190547097749,4043.4833384894514,0.0,0.9504854205152597,0.4147717413674749
174540.0,5129.178822882095,4043.495067543989,0.0,0.9504853766402651,0.41477310004660517
174600.0,5129.1670959934845,4043.5067948167316,0.0,0.9504854165079513,0.4147744587343399
174660.0,5129.155375801899,4043.5185266147787,0.0,0.9504852454127766,0.4147758174046403
174720.0,5129.143644768532,4043.5302511328123,0.0,0.9504854149802261,0.4147771761062743
174780.0,5129.131916025187,4043.5419772141627,0.0,0.9504855121108055,0.4147785348030229
174840.0,5129.120193433187,4043.5537074386807,0.0,0.9504854157199254,0.4147798934828475
174900.0,5129.108469517854,4043.565436797562,0.0,0.9504853604784649,0.4147812521680479
174960.0,5129.096742053572,4043.5771637792773,0.0,0.9504854166392318,0.4147826108639056
175020.0,5129.085024026033,4043.588897128186,0.0,0.9504851757093782,0.4147839695345476
175080.0,5129.073290732621,4043.600620222793,0.0,0.9504854145211642,0.41478532824908826
175140.0,5129.061560669956,4043.6123455131496,0.0,0.950485551323009,0.4147866869560716
175200.0,5129.049839271835,4043.6240766362985,0.0,0.9504854155962206,0.41478804563899296
175260.0,5129.038116015983,4043.6358065345366,0.0,0.9504853378186211,0.4147894043288077
175320.0,5129.026387764449,4043.647533082958,0.0,0.9504854169242092,0.4147907630333887
175380.0,5129.014668177188,4043.659265473458,0.0,0.9504852233316157,0.41479212171454144
175440.0,5129.002936344498,4043.6709896458747,0.0,0.9504854144233535,0.41479348043142156
175500.0,5128.991207094197,4043.6827155782426,0.0,0.9504855238855479,0.41479483914258525
175560.0,5128.9794847763005,4043.6944461791186,0.0,0.9504854152672958,0.4147961978346053
175620.0,5128.967760968995,4043.70617580265,0.0,0.9504853530205939,0.4147975565324728
175680.0,5128.956033163119,4043.7179027465945,0.0,0.9504854163136381,0.41479891524227513
175740.0,5128.944315993049,4043.7296368642333,0.0,0.9504851448136873,0.4148002739234542
175800.0,5128.932581620868,4043.741359425229,0.0,0.9504854139371475,0.4148016326540339
175860.0,5128.920850891151,4043.7530844588923,0.0,0.9504855681051018,0.4148029913758861
175920.0,5128.909129925901,4043.7648160651793,0.0,0.9504854151590056,0.41480435007055044
175980.0,5128.897406869042,4043.7765462892403,0.0,0.9504853275161369,0.41480570877277256
176040.0,5128.885678183321,4043.7882727375904,0.0,0.9504854166658954,0.4148070674915601
176100.0,5128.8739529173545,4043.8000015020266,0.0,0.950485397990102,0.4148084262017835
176160.0,5128.862226244513,4043.8117293361124,0.0,0.9504854232508597,0.4148097849170499
176220.0,5128.8505007907615,4043.8234580057874,0.0,0.9504854098866323,0.41481114362993476
176280.0,5128.83877358146,4043.8351855116825,0.0,0.9504854514017697,0.41481250234892053
176340.0,5128.8270488885655,4043.8469147243836,0.0,0.950485413526457,0.4148138610617725
176400.0,5128.815317819835,4043.8586396739047,0.0,0.9504855756499448,0.41481521979431696
176460.0,5128.803597019354,4043.8703715350553,0.0,0.9504854148155658,0.4148165784982412
176520.0,5128.791874020143,4043.8821019418947,0.0,0.9504853226533614,0.4148179372100275
176580.0,5128.780145102068,4043.893828377868,0.0,0.9504854164044108,0.4148192959392038
176640.0,5128.76841978062,4043.9055572489506,0.0,0.9504853967672546,0.41482065465931267
176700.0,5128.756692980229,4043.9172851411818,0.0,0.9504854233333041,0.41482201338466945
176760.0,5128.744967462285,4043.9290139116383,0.0,0.9504854092817339,0.4148233721074642
176820.0,5128.733240098771,4043.940741457732,0.0,0.9504854529407134,0.4148247308366158
176880.0,5128.721515381892,4043.9524707982687,0.0,0.95048541311355,0.4148260895592633
176940.0,5128.709783961114,4043.9641956548476,0.0,0.9504855836030466,0.41482744830253565
177000.0,5128.698063338346,4043.9759277795674,0.0,0.9504854144733791,0.41482880701568164
177060.0,5128.686340404206,4043.9876583741657,0.0,0.9504853175586696,0.41483016573700965
177120.0,5128.674611328473,4043.9993848474564,0.0,0.9504854135727283,0.4148315244763271
177180.0,5128.662883543338,4044.011112212406,0.0,0.9504854685633837,0.41483288321359557
177240.0,5128.651159285758,4044.022841957724,0.0,0.95048541249302,0.41483424194142227
177300.0,5128.639425593184,4044.034565382628,0.0,0.9504856526033882,0.4148356006976323
177360.0,5128.6277071087825,4044.046299041179,0.0,0.9504854144413831,0.4148369594111877
177420.0,5128.61598537525,4044.058030539042,0.0,0.9504852779768826,0.41483831813558886
177480.0,5128.604254994836,4044.06975623096,0.0,0.9504854132064009,0.4148396768850965
177540.0,5128.592526437739,4044.0814831727466,0.0,0.9504854906642186,0.41484103563104163
177600.0,5128.580802850374,4044.0932134646782,0.0,0.9504854117192604,0.41484239436344794
177660.0,5128.569070605217,4044.1049379525957,0.0,0.950485604637407,0.4148437531216254
177720.0,5128.557350550145,4044.116670651122,0.0,0.950485414049239,0.4148451118461252
177780.0,5128.54562789226,4044.1284016234667,0.0,0.9504853048406235,0.414846470579635
177840.0,5128.533898314176,4044.140127950709,0.0,0.9504854130446616,0.4148478293333473
177900.0,5128.522170192255,4044.151855280984,0.0,0.9504854750191338,0.41484918808453947
177960.0,5128.510446046095,4044.1635852931513,0.0,0.9504854118383038,0.414850546825016
178020.0,5128.498711269656,4044.175308180781,0.0,0.9504856824252592,0.41485190559727275
178080.0,5128.486993631537,4044.1870426005553,0.0,0.9504854140442969,0.41485326432138886
178140.0,5128.4752723338715,4044.1987745835354,0.0,0.9504852602668261,0.4148546230575169
178200.0,5128.463541292866,4044.2105000229208,0.0,0.9504854126629599,0.4148559818218677
178260.0,5128.451812308326,4044.222226869022,0.0,0.9504854999558061,0.41485734058199314
178320.0,5128.440088924703,4044.2339574899024,0.0,0.950485410997464,0.4148586993267857
178380.0,5128.428355786154,4044.245681568652,0.0,0.9504856284032743,0.4148600581004675
178440.0,5128.416636385376,4044.257414899239,0.0,0.9504854136335026,0.41486141683607236
178500.0,5128.404914053368,4044.2691462826965,0.0,0.9504852905707992,0.4148627755816205
178560.0,5128.393183923771,4044.2808724307633,0.0,0.9504854125118096,0.41486413434986474
178620.0,5128.381455436904,4044.2925997073758,0.0,0.9504854823564155,0.4148654931150585
178680.0,5128.369731430873,4044.304330005686,0.0,0.9504854111627293,0.41486685186810085
178740.0,5128.357999616864,4044.3160550708953,0.0,0.9504855851252405,0.4148682106445022
178800.0,5128.346278794152,4044.3277875413414,0.0,0.9504854132557875,0.41486956939062763
178860.0,5128.3345556230115,4044.339518456499,0.0,0.9504853147714085,0.4148709281450409
178920.0,5128.3228262112725,4044.3512451831243,0.0,0.9504854123418649,0.41487228691772765
178980.0,5128.311098111193,4044.362972815696,0.0,0.9504854682241661,0.41487364568830415
179040.0,5128.2993735956625,4044.3747028673283,0.0,0.9504854112459841,0.41487500444927494
179100.0,5128.287639493157,4044.386426495349,0.0,0.9504856552473848,0.4148763632390647
179160.0,5128.275920844254,4044.398160523651,0.0,0.9504854132272366,0.41487772198549483
179220.0,5128.264198894038,4044.409892355825,0.0,0.9504852745523692,0.41487908074291996
179280.0,5128.252468157526,4044.4216182873906,0.0,0.9504854119735663,0.41488043952585174
179340.0,5128.240739273982,4044.4333454889465,0.0,0.9504854906870404,0.4148817983051349
179400.0,5128.229015440433,4044.4450760951386,0.0,0.9504854104636518,0.4148831570706487
179460.0,5128.217282809587,4044.45680080259,0.0,0.9504856065082125,0.41488451586233355
179520.0,5128.205562565627,4044.468533854266,0.0,0.9504854128327029,0.4148858746197752
179580.0,5128.1938396770975,4044.4802651514,0.0,0.9504853018553073,0.4148872333863461
179640.0,5128.182109756808,4044.491991727678,0.0,0.9504854118131703,0.4148885921734395
179700.0,5128.17038131641,4044.5037193230905,0.0,0.9504854747924221,0.41488995095794395
179760.0,5128.158656915996,4044.515449643999,0.0,0.9504854105885884,0.4148913097315482
179820.0,5128.146925473906,4044.527175246667,0.0,0.9504855674575041,0.4148926685263361
179880.0,5128.135203942129,4044.5389075282724,0.0,0.9504854124679989,0.4148940272939161
179940.0,5128.123480291313,4044.550638408704,0.0,0.9504853236544341,0.41489538606913223
180000.0,5128.111750937344,4044.5623654621604,0.0,0.9504854139961124,0.41489674486113015
180060.0,5128.100025048454,4044.5740948629564,0.0,0.9504853950712778,0.4148981036444304
180120.0,5128.088297734235,4044.5858233206527,0.0,0.9504854206701652,0.41489946243282655
180180.0,5128.076571655348,4044.597552625128,0.0,0.9504854071278795,0.4149008212187925
180240.0,5128.064843797857,4044.6092807499003,0.0,0.9504854491983745,0.41490218001092577
180300.0,5128.053118490146,4044.62101060449,0.0,0.9504854108174334,0.4149035387968266
180360.0,5128.041386722566,4044.632736137897,0.0,0.9504855751080212,0.41490489760266386
180420.0,5128.029665358955,4044.64446867657,0.0,0.950485412124855,0.4149062563794839
180480.0,5128.017941767771,4044.6561997410063,0.0,0.9504853187315586,0.4149076151642487
180540.0,5128.006212179601,4044.6679267806667,0.0,0.9504854137360188,0.41490897396663096
180600.0,5127.994486235719,4044.6796562883032,0.0,0.9504853938369754,0.4149103327598057
180660.0,5127.982758793484,4044.691384803681,0.0,0.9504854207585964,0.4149116915582839
180720.0,5127.971032650776,4044.703114209052,0.0,0.9504854065197832,0.41491305035414916
180780.0,5127.959304638259,4044.714842373317,0.0,0.9504854507627717,0.4149144091564409
180840.0,5127.94757930747,4044.726572356223,0.0,0.9504854104038936,0.4149157679521248
180900.0,5127.9358471844125,4044.7382977941743,0.0,0.9504855831723864,0.4149171267686904
180960.0,5127.92412600209,4044.7500305987364,0.0,0.9504854117829813,0.41491848555471206
181020.0,5127.9124024780585,4044.761761852225,0.0,0.9504853135736497,0.41491984434900275
181080.0,5127.900672731366,4044.7734889284584,0.0,0.9504854108713803,0.41492120316151926
181140.0,5127.888944292527,4044.785216908233,0.0,0.9504854665974182,0.4149225619719347
181200.0,5127.877219427913,4044.7969473005714,0.0,0.9504854097783297,0.41492392077277146
181260.0,5127.865485003868,4044.808671286609,0.0,0.9504856530978119,0.4149252796023536
181320.0,5127.853765988966,4044.8204056449595,0.0,0.9504854117538144,0.4149266383886933
181380.0,5127.842043682213,4044.8321378131213,0.0,0.9504852734663012,0.41492799718600204
181440.0,5127.830312614426,4044.843864096558,0.0,0.950485410503415,0.4149293560087502
181500.0,5127.8185833942425,4044.855591646599,0.0,0.9504854889968317,0.41493071482786326
181560.0,5127.806859209513,4044.8673225921284,0.0,0.9504854089974875,0.4149320736332449
181620.0,5127.79512625277,4044.8790476548074,0.0,0.9504856044941632,0.4149334324647303
181680.0,5127.783405647264,4044.890781039284,0.0,0.9504854113596872,0.41493479126206617
181740.0,5127.771682404763,4044.9025126739684,0.0,0.9504853006922462,0.4149361500685105
181800.0,5127.759952150715,4044.9142396005063,0.0,0.9504854103427712,0.41493750889542347
181860.0,5127.748223372269,4044.9259675434673,0.0,0.9504854731459456,0.4149388677197581
181920.0,5127.736498622177,4044.937698204605,0.0,0.9504854091213786,0.41494022653322277
181980.0,5127.724766850635,4044.949424160215,0.0,0.9504855655519093,0.4149415853678171
182040.0,5127.713044960887,4044.961156776817,0.0,0.9504854109953064,0.41494294417527844
182100.0,5127.70132095816,4044.972887996044,0.0,0.9504853224297316,0.41494430299035895
182160.0,5127.68959126867,4044.984615398598,0.0,0.950485412518919,0.41494566182217774
182220.0,5127.677865034267,4044.9963451422013,0.0,0.9504853936468369,0.4149470206453245
182280.0,5127.666137378614,4045.008073945263,0.0,0.9504854191740953,0.41494837947355584
182340.0,5127.654410954716,4045.019803592846,0.0,0.9504854056695252,0.414949738299366
182400.0,5127.642682757308,4045.03153206392,0.0,0.9504854476223781,0.4149510971313292
182460.0,5127.630957102326,4045.0432622601775,0.0,0.9504854093485394,0.4149524559570789
182520.0,5127.619225006016,4045.054988146901,0.0,0.9504855731802068,0.41495381480271526
182580.0,5127.607503283755,4045.066721020066,0.0,0.9504854106520776,0.41495517361941314
182640.0,5127.595779340289,4045.078452422987,0.0,0.95048531751955,0.414956532444038
182700.0,5127.584049417067,4045.090179811967,0.0,0.9504854122585091,0.41495789128623445
182760.0,5127.57232312763,4045.1019096623077,0.0,0.9504853924149331,0.41495925011925056
182820.0,5127.56059534413,4045.1136385230775,0.0,0.9504854192612389,0.41496060895755815
182880.0,5127.548868856398,4045.125368271469,0.0,0.9504854050620825,0.41496196779326233
182940.0,5127.537140504207,4045.1370967821135,0.0,0.9504854491813738,0.4149633266353781
183000.0,5127.525414826012,4045.148827106528,0.0,0.9504854089351117,0.41496468547090604
183060.0,5127.513682375047,4045.1605528982386,0.0,0.9504855812209032,0.41496604432726314
183120.0,5127.50196083335,4045.172286036761,0.0,0.9504854103101154,0.41496740315315916
183180.0,5127.4902369566435,4045.1840176284118,0.0,0.9504853123749687,0.41496876198730565
183240.0,5127.4785068751535,4045.195745054051,0.0,0.9504854094008286,0.4149701208396305
183300.0,5127.466778097724,4045.207473380831,0.0,0.950485464971152,0.4149714796898633
183360.0,5127.455052884234,4045.2192041137014,0.0,0.9504854083105979,0.41497283853054445
183420.0,5127.443318138757,4045.2309284575194,0.0,0.950485650950611,0.4149741973998975
183480.0,5127.431598758122,4045.2426631457806,0.0,0.9504854102803347,0.41497555622612486
183540.0,5127.419876095063,4045.2543956497702,0.0,0.9504852723788619,0.4149769150632955
183600.0,5127.408144696141,4045.266122284864,0.0,0.9504854090331952,0.41497827392583886
183660.0,5127.396415139481,4045.27785018319,0.0,0.9504854873072716,0.41497963278476024
183720.0,5127.38469060379,4045.2895814678845,0.0,0.9504854075312416,0.41498099162998836
183780.0,5127.372957321275,4045.301306885568,0.0,0.9504856024818276,0.4149823505012528
183840.0,5127.361236354471,4045.313040602695,0.0,0.9504854098866122,0.4149837093384613
183900.0,5127.349512758219,4045.324772574763,0.0,0.9504852995281449,0.41498506818475717
183960.0,5127.337782170566,4045.3364998513534,0.0,0.9504854088723046,0.4149864270514682
184020.0,5127.326053054242,4045.3482281416664,0.0,0.9504854714999169,0.4149877859156113
184080.0,5127.314327954676,4045.359959142857,0.0,0.9504854076540922,0.4149891447689148
184140.0,5127.302595853825,4045.3716854511963,0.0,0.9504855636475239,0.41499050364329404
184200.0,5127.290873606332,4045.3834184026305,0.0,0.950485409522553,0.41499186249061476
184260.0,5127.279149251903,4045.3951499604796,0.0,0.9504853212042936,0.4149932213455379
184320.0,5127.267419227053,4045.4068777119337,0.0,0.9504854110416767,0.41499458021715585
184380.0,5127.255692647331,4045.4186077981603,0.0,0.950485392222207,0.41499593908012755
184440.0,5127.243964650423,4045.430336946394,0.0,0.9504854176780266,0.41499729794817247
184500.0,5127.232237881705,4045.442066936899,0.0,0.9504854042110719,0.414998656813805
184560.0,5127.220509344555,4045.453795754081,0.0,0.9504854460465973,0.41500001568557665
184620.0,5127.208783342498,4045.4655262918254,0.0,0.9504854078795753,0.41500137455115355
184680.0,5127.197050917607,4045.477252531658,0.0,0.9504855712533773,0.41500273343656735
184740.0,5127.185328836918,4045.4889857391495,0.0,0.9504854091792396,0.41500409229312113
184800.0,5127.17360454138,4045.500717480384,0.0,0.9504853163067333,0.41500545115758436
184860.0,5127.161874283271,4045.512445218482,0.0,0.9504854107809522,0.41500681003957357
184920.0,5127.150147648474,4045.524175411344,0.0,0.9504853909926846,0.4150081689124093
184980.0,5127.138419523884,4045.535904617317,0.0,0.9504854177638916,0.41500952779052475
185040.0,5127.126692691316,4045.547634708544,0.0,0.9504854036042781,0.415010886666046
185100.0,5127.114963999628,4045.559363565374,0.0,0.9504854476002264,0.4150122455479643
185160.0,5127.103237974229,4045.5710942311152,0.0,0.9504854074662581,0.4150136044233144
185220.0,5127.091505195501,4045.582820376373,0.0,0.9504855792706579,0.4150149633194416
185280.0,5127.079783294656,4045.5945538486944,0.0,0.9504854088371889,0.41501632218519036
185340.0,5127.068059065485,4045.606285778335,0.0,0.950485311175516,0.41501768105917103
185400.0,5127.056328649364,4045.6180135531777,0.0,0.9504854079302103,0.4150190399512826
185460.0,5127.044599533519,4045.62974222677,0.0,0.9504854633451413,0.4150203988413113
185520.0,5127.032873971352,4045.6414732999897,0.0,0.9504854068427945,0.41502175772181504
185580.0,5127.0211389045835,4045.653198001377,0.0,0.9504856488046551,0.4150231166309175
185640.0,5127.009419158449,4045.6649330193864,0.0,0.950485408806795,0.41502447549701066
185700.0,5126.9976961392995,4045.6766658590327,0.0,0.9504852712905307,0.41502583437402146
185760.0,5126.985964409404,4045.6883928455827,0.0,0.9504854075629082,0.41502719327633836
185820.0,5126.974234516436,4045.7001210919952,0.0,0.9504854856181988,0.41502855217504653
185880.0,5126.962509629982,4045.711852715681,0.0,0.9504854060649185,0.41502991106009923
185940.0,5126.950776021837,4045.723578488157,0.0,0.9504856004707742,0.41503126997112133
186000.0,5126.939054693965,4045.7353125377704,0.0,0.9504854084134771,0.41503262884818026
186060.0,5126.927330744175,4045.7470448470517,0.0,0.9504852983631591,0.41503398773430605
186120.0,5126.915599823078,4045.758772473493,0.0,0.950485407401771,0.4150353466407937
186180.0,5126.903870369042,4045.77050111096,0.0,0.9504854698543665,0.4150367055447238
186240.0,5126.892144920206,4045.7822324520266,0.0,0.950485406186729,0.4150380644378444
186300.0,5126.880408762649,4045.7939566106115,0.0,0.9504856788601196,0.41503942336298855
186360.0,5126.868689870137,4045.8056923948516,0.0,0.9504854084103457,0.41504078223959273
186420.0,5126.856967291161,4045.817425722381,0.0,0.9504852534476722,0.4150421411282901
186480.0,5126.845234896873,4045.8291524531805,0.0,0.9504854070189762,0.4150435000454354
186540.0,5126.833504574389,4045.8408806019625,0.0,0.9504854949850965,0.4150448589583035
186600.0,5126.821779894267,4045.8526125560943,0.0,0.9504854053412568,0.41504621785570733
186660.0,5126.810051759635,4045.864342202597,0.0,0.9504854240214649,0.4150475767640777
186720.0,5126.798325019269,4045.8760728027833,0.0,0.9504853985619824,0.4150489356695286
186780.0,5126.786597035536,4045.887802582241,0.0,0.9504854119060688,0.4150502945795926
186840.0,5126.774870795024,4045.8995335512072,0.0,0.9504853701170426,0.41505165348581213
186900.0,5126.763142009544,4045.911262822556,0.0,0.9504854080855514,0.41505301240027787
186960.0,5126.7514195987715,4045.922996407038,0.0,0.9504852451304762,0.4150543712981987
187020.0,5126.739686866779,4045.9347230540366,0.0,0.9504854066266175,0.415055730226007
187080.0,5126.727956314166,4045.9464511914707,0.0,0.9504854991330209,0.41505708914923206
187140.0,5126.716231695144,4045.9581833304137,0.0,0.9504854048665613,0.41505844805616404
187200.0,5126.704503443992,4045.9699130420895,0.0,0.95048542451259,0.4150598069745678
187260.0,5126.692776659485,4045.981643756196,0.0,0.9504853977417608,0.41506116588984593
187320.0,5126.681048567985,4045.993373606716,0.0,0.950485411776377,0.41506252480991807
187380.0,5126.669322310108,4046.0051047076377,0.0,0.9504853678335617,0.41506388372588837
187440.0,5126.65759337649,4046.0168340228497,0.0,0.9504854077629759,0.4150652426504768
187500.0,5126.645871147033,4046.0285678731066,0.0,0.9504852364031188,0.4150666015575826
187560.0,5126.634138064353,4046.0402944275334,0.0,0.9504854062329923,0.41506796049608985
187620.0,5126.622407274178,4046.052022548591,0.0,0.9504855035139006,0.41506931942969166
187680.0,5126.61068264187,4046.063754821777,0.0,0.950485406973941,0.4150706783463282
187740.0,5126.598956684891,4046.0754862273693,0.0,0.950485351647133,0.4150720372683434
187800.0,5126.587227175237,4046.087215250615,0.0,0.9504854078947739,0.4150733962010369
187860.0,5126.575507112353,4046.098950654782,0.0,0.9504851665924317,0.41507475510844866
187920.0,5126.563771767496,4046.110675782391,0.0,0.9504854057735364,0.4150761140598553
187980.0,5126.552039656857,4046.1224031104325,0.0,0.9504855427869594,0.4150774730036785
188040.0,5126.540316219932,4046.134136283886,0.0,0.9504854068503601,0.41507883192338224
188100.0,5126.528590923379,4046.145868229696,0.0,0.9504853289525136,0.41508019084998576
188160.0,5126.516860625885,4046.1575968183997,0.0,0.9504854081805081,0.41508154979138573
188220.0,5126.505139001865,4046.169331261795,0.0,0.9504852142884705,0.4150829087092978
188280.0,5126.493405119512,4046.1810574692367,0.0,0.9504854056758892,0.4150842676630128
188340.0,5126.481673822338,4046.1927854403702,0.0,0.9504855153074789,0.41508562661098936
188400.0,5126.469949464917,4046.204518090111,0.0,0.9504854065212422,0.4150869855397759
188460.0,5126.458223616571,4046.2162497603094,0.0,0.950485344178339,0.41508834447441395
188520.0,5126.446493765455,4046.227978745085,0.0,0.9504854075693075,0.41508970342101076
188580.0,5126.434774561439,4046.239714919031,0.0,0.9504851356495325,0.41509106233891047
188640.0,5126.423038137161,4046.251439511253,0.0,0.9504854051892473,0.4150924213063196
188700.0,5126.411305359257,4046.263166581428,0.0,0.9504855595955983,0.4150937802649723
188760.0,5126.399582356154,4046.2749002384458,0.0,0.9504854064130993,0.4150951391963727
188820.0,5126.38785725929,4046.286632510165,0.0,0.9504853186348063,0.4150964981353388
188880.0,5126.376126527645,4046.298360997963,0.0,0.9504854079224238,0.4150978570909046
188940.0,5126.3643992194075,4046.3100918068117,0.0,0.9504853892178078,0.4150992160378803
189000.0,5126.352670502849,4046.321821683243,0.0,0.9504854145176762,0.4151005749899046
189060.0,5126.3409430067095,4046.3335523970245,0.0,0.9504854011328366,0.41510193393953587
189120.0,5126.329213753211,4046.345281944448,0.0,0.9504854427122258,0.4151032928952756
189180.0,5126.317487018813,4046.3570132023306,0.0,0.9504854047783944,0.41510465184486184
189240.0,5126.305753901905,4046.3687401877146,0.0,0.9504855671526535,0.41510601081417636
189300.0,5126.294031064111,4046.3804740996893,0.0,0.9504854060696017,0.41510736975480295
189360.0,5126.282306025325,4046.39220655412,0.0,0.9504853137649711,0.4151087287033002
189420.0,5126.270575061447,4046.4039350290504,0.0,0.9504854076610082,0.4151100876692234
189480.0,5126.258847698038,4046.415665944314,0.0,0.9504853879935382,0.4151114466260524
189540.0,5126.247118854163,4046.427395878554,0.0,0.9504854146007237,0.41511280558813524
189600.0,5126.235391294132,4046.439126692871,0.0,0.950485400527474,0.4151141645476443
189660.0,5126.223661886624,4046.4508562801175,0.0,0.9504854442540389,0.4151155235135181
189720.0,5126.211935128585,4046.46258766565,0.0,0.9504854043653215,0.41511688247286727
189780.0,5126.200201659623,4046.4743145574257,0.0,0.9504855751185697,0.41511824145287934
189840.0,5126.188479000103,4046.486048733076,0.0,0.9504854057273588,0.4151196004026937
189900.0,5126.1767540268265,4046.4977813752093,0.0,0.9504853086628583,0.41512095936069954
189960.0,5126.165022905491,4046.5095098870747,0.0,0.9504854048254209,0.41512231833673263
190020.0,5126.1532930761805,4046.521239292456,0.0,0.9504854599010849,0.4151236773107028
190080.0,5126.141566778166,4046.532971083335,0.0,0.9504854037441496,0.41512503627520686
190140.0,5126.129831035265,4046.544696540031,0.0,0.9504856442255678,0.4151263952681494
190200.0,5126.1181105166015,4046.5564322525206,0.0,0.9504854056956277,0.4151277542183377
190260.0,5126.106386745439,4046.568165799564,0.0,0.9504852690203625,0.41512911317938717
190320.0,5126.094654318296,4046.5798935280563,0.0,0.9504854044588429,0.4151304721655968
190380.0,5126.082923716455,4046.5916225090496,0.0,0.950485482036379,0.4151318311482268
190440.0,5126.071198089611,4046.603354847418,0.0,0.9504854029695095,0.4151331901172842
190500.0,5126.059463795884,4046.6150813691393,0.0,0.950485596185865,0.41513454911216435
190560.0,5126.047741705142,4046.6268161192174,0.0,0.950485405303193,0.4151359080732853
190620.0,5126.036017008899,4046.6385491392957,0.0,0.9504852959258583,0.4151372670434276
190680.0,5126.024285385177,4046.650277504179,0.0,0.9504854042971683,0.41513862603381496
190740.0,5126.012555219213,4046.662006874192,0.0,0.9504854663674756,0.41513998502166755
190800.0,5126.000829033228,4046.6737389318823,0.0,0.9504854030890509,0.4151413439987769
190860.0,5125.989092205806,4046.685463849519,0.0,0.9504856740943,0.4151427030077296
190920.0,5125.977372534813,4046.6972003242663,0.0,0.9504854052985585,0.4151440619684295
190980.0,5125.96564920047,4046.708934356861,0.0,0.9504852512835104,0.4151454209411596
191040.0,5125.953916112524,4046.7206618316563,0.0,0.9504854039151922,0.41514677994217325
191100.0,5125.94218508328,4046.7323907161376,0.0,0.9504854913429623,0.4151481389389428
191160.0,5125.930459660883,4046.7441233835484,0.0,0.9504854022472279,0.41514949792034156
191220.0,5125.918730805651,4046.7558537569894,0.0,0.9504854208129141,0.41515085691264814
191280.0,5125.907003335868,4046.7675850785317,0.0,0.9504853955089152,0.41515221590205725
191340.0,5125.8952746304885,4046.7793155842332,0.0,0.9504854087711212,0.41515357489605764
191400.0,5125.883547657313,4046.7910472724748,0.0,0.9504853672374641,0.41515493388624164
191460.0,5125.871818155133,4046.802777273153,0.0,0.9504854049734666,0.41515629288462813
191520.0,5125.860094987494,4046.8145115615926,0.0,0.9504852430149049,0.4151576518665746
191580.0,5125.848361563526,4046.8262389534866,0.0,0.9504854035229494,0.41515901087823603
191640.0,5125.836630305158,4046.8379678270953,0.0,0.9504854954632206,0.41516036988534866
191700.0,5125.824904943036,4046.849700678634,0.0,0.9504854017731521,0.4151617288762664
191760.0,5125.813175971575,4046.861431117271,0.0,0.9504854212987495,0.41516308787859435
191820.0,5125.801448457491,4046.8731625524706,0.0,0.950485394691427,0.41516444687782
191880.0,5125.789719644581,4046.8848931292223,0.0,0.9504854086399384,0.41516580588181656
191940.0,5125.777992653711,4046.8966249490472,0.0,0.9504853649656698,0.4151671648817409
192000.0,5125.766263003883,4046.908354993738,0.0,0.9504854046505796,0.41516852389023773
192060.0,5125.754540015978,4046.9200895467907,0.0,0.9504852343387167,0.41516988288136214
192120.0,5125.742806243091,4046.93181684707,0.0,0.9504854031294477,0.41517124190370663
192180.0,5125.731074748217,4046.943545704807,0.0,0.9504854998150173,0.4151726009211821
192240.0,5125.7193493724535,4046.955278690204,0.0,0.950485403865356,0.4151739599217942
192300.0,5125.707622680275,4046.9670108131927,0.0,0.9504853488767697,0.41517531892776144
192360.0,5125.695892457743,4046.9787405679103,0.0,0.9504854047800475,0.41517667794434704
192420.0,5125.684171622484,4046.9904766659774,0.0,0.9504851649536787,0.41517803693580685
192480.0,5125.672435601356,4047.002202548128,0.0,0.95048540267128,0.4151793959710061
192540.0,5125.660702794032,4047.0139306178007,0.0,0.9504855388461873,0.41518075499867424
192600.0,5125.648978605833,4047.0256644984247,0.0,0.9504854037410077,0.4151821140023669
192660.0,5125.637252569628,4047.037397158714,0.0,0.9504853263195692,0.4151834730129268
192720.0,5125.625521563919,4047.0491264817274,0.0,0.9504854050625084,0.4151848320381991
192780.0,5125.61379917706,4047.0608616249388,0.0,0.9504852123566438,0.415186191040127
192840.0,5125.602064608954,4047.07258858083,0.0,0.9504854025727076,0.4151875500776525
192900.0,5125.590332609686,4047.0843172900745,0.0,0.9504855115332382,0.4151889091094808
192960.0,5125.578607506487,4047.096050650346,0.0,0.9504854034123801,0.41519026812223436
193020.0,5125.566880921667,4047.1077830369213,0.0,0.9504853414507084,0.4151916271408129
193080.0,5125.555150359233,4047.119512753942,0.0,0.9504854044535243,0.4151929861712827
193140.0,5125.543430376839,4047.131249617784,0.0,0.9504851341973743,0.41519434517323156
193200.0,5125.531693282506,4047.1429749682566,0.0,0.95048540208752,0.415195704224402
193260.0,5125.5199598115305,4047.1547027821302,0.0,0.9504855555488262,0.4151970632668752
193320.0,5125.508236053832,4047.1664371440093,0.0,0.9504854033033754,0.4151984222822587
193380.0,5125.496510215473,4047.1781701288287,0.0,0.9504853160619339,0.41519978130517116
193440.0,5125.484778777757,4047.1898993520754,0.0,0.9504854048029566,0.41520114034458877
193500.0,5125.4730570537195,4047.201635133043,0.0,0.9504851876468693,0.41520249935754544
193560.0,5125.461321604008,4047.2133616862884,0.0,0.9504854020075618,0.41520385841049545
193620.0,5125.449589050866,4047.225090213657,0.0,0.9504855248009006,0.41520521745681527
193680.0,5125.4378642693355,4047.236823981863,0.0,0.9504854029641677,0.415206576481568
193740.0,5125.426137820015,4047.248556650957,0.0,0.9504853331443937,0.41520793551267543
193800.0,5125.414406889071,4047.2602863109637,0.0,0.9504854041478141,0.41520929455710853
193860.0,5125.402683728944,4047.2720212206973,0.0,0.9504852303688321,0.41521065358060705
193920.0,5125.390949583853,4047.283748747845,0.0,0.9504854018945709,0.415212012636303
193980.0,5125.379217753754,4047.295477857579,0.0,0.9504855001470953,0.4152133716870228
194040.0,5125.367492141547,4047.307211162125,0.0,0.9504854026437224,0.4152147307205953
194100.0,5125.355765191929,4047.318943589978,0.0,0.950485346764945,0.4152160897595823
194160.0,5125.344034655093,4047.330673610899,0.0,0.9504854035745542,0.41521744880935085
194220.0,5125.332313657188,4047.3424100782613,0.0,0.9504851598634971,0.41521880783355697
194280.0,5125.320577228535,4047.354136163219,0.0,0.9504854014329448,0.41522016690220653
194340.0,5125.30884406576,4047.3658644710936,0.0,0.9504855398146526,0.4152215259631743
194400.0,5125.297119661223,4047.377598684494,0.0,0.9504854025213245,0.41522288499976634
194460.0,5125.285393379109,4047.389331657444,0.0,0.9504853238462205,0.41522424404331
194520.0,5125.273662047412,4047.40106123867,0.0,0.9504854038655575,0.415225603101796
194580.0,5125.26193947377,4047.4127967347295,0.0,0.950485208038237,0.41522696213653687
194640.0,5125.250204522515,4047.424523909958,0.0,0.95048540133674,0.41522832120743935
194700.0,5125.238472181775,4047.4362528668635,0.0,0.9504855120632463,0.41522968027252416
194760.0,5125.226746848427,4047.447986550482,0.0,0.9504854021913381,0.4152310393182139
194820.0,5125.215020009798,4047.4597192443043,0.0,0.9504853392263799,0.4152323983697961
194880.0,5125.2032891294675,4047.4714492249977,0.0,0.9504854032506733,0.4152337574334534
194940.0,5125.191565255273,4047.4831839409676,0.0,0.9504852465390908,0.41523511647834915
195000.0,5125.1798314748285,4047.4949120000615,0.0,0.950485401210747,0.4152364755523759
195060.0,5125.168099780478,4047.5066414877438,0.0,0.9504854898072705,0.415237834622077
195120.0,5125.156373767105,4047.518374809563,0.0,0.9504853995215812,0.41523919367618983
195180.0,5125.144644275697,4047.5301058061677,0.0,0.9504854183358863,0.4152405527413415
195240.0,5125.132916188171,4047.5418377635924,0.0,0.9504853926943162,0.415241911803541
195300.0,5125.121186848863,4047.553568893977,0.0,0.9504854061342762,0.41524327087037777
195360.0,5125.1094592647805,4047.5653012227895,0.0,0.950485364046183,0.4152446299333297
195420.0,5125.097729118415,4047.5770318410327,0.0,0.9504854022869628,0.41524598900458065
195480.0,5125.086005390462,4047.5887668049586,0.0,0.9504852381648277,0.4152473480591445
195540.0,5125.074271270769,4047.6004947787815,0.0,0.9504854008181496,0.41524870714381884
195600.0,5125.062539345485,4047.6122242541956,0.0,0.950485493987496,0.41525006622385857
195660.0,5125.050813394404,4047.6239577613915,0.0,0.9504853990460569,0.415251425287475
195720.0,5125.0390837864525,4047.635688822828,0.0,0.9504854188331043,0.41525278436263935
195780.0,5125.027355655256,4047.6474208942013,0.0,0.9504853918707891,0.41525414343464373
195840.0,5125.0156262082155,4047.6591520953534,0.0,0.9504854060062284,0.4152555025114678
195900.0,5125.003898607423,4047.6708845562844,0.0,0.9504853617489072,0.4152568615841477
195960.0,5124.992168312676,4047.68261521789,0.0,0.950485401964648,0.41525822066550144
196020.0,5124.980444768046,4047.6943504487685,0.0,0.9504852293775892,0.41525957972922317
196080.0,5124.968710296046,4047.7060783284846,0.0,0.9504854004242764,0.41526093882458087
196140.0,5124.956978132349,4047.7178077865638,0.0,0.9504854984023221,0.4152622979149794
196200.0,5124.945252168659,4047.729541428188,0.0,0.9504854011711039,0.41526365698827733
196260.0,5124.933524871369,4047.741274195506,0.0,0.9504853454482817,0.4152650160669791
196320.0,5124.921793997163,4047.7530045623753,0.0,0.9504854020991041,0.41526637515643466
196380.0,5124.9100726344295,4047.7647413583823,0.0,0.9504851590685783,0.41526773422039975
196440.0,5124.898335885299,4047.776467799911,0.0,0.9504853999632441,0.41526909332869055
196500.0,5124.886602392626,4047.7881964584094,0.0,0.9504855379583845,0.4152704524293237
196560.0,5124.874877633004,4047.7999310065666,0.0,0.9504854010483522,0.4152718115056476
196620.0,5124.863151001166,4047.8116643176386,0.0,0.9504853225928468,0.41527317058890784
196680.0,5124.851419334251,4047.823394246116,0.0,0.950485402388599,0.4152745296870718
196740.0,5124.839696400189,4047.8351300735476,0.0,0.9504852071080236,0.4152758887615565
196800.0,5124.827961124076,4047.8468576025375,0.0,0.9504853998666121,0.41527724787210823
196860.0,5124.816228450942,4047.858586908445,0.0,0.9504855102837642,0.41527860697686153
196920.0,5124.804502765044,4047.870320928366,0.0,0.9504854007185916,0.4152799660622727
196980.0,5124.7927755781575,4047.8820539611825,0.0,0.9504853379293852,0.41528132515356403
197040.0,5124.781044361181,4047.8937842881774,0.0,0.9504854017747363,0.4152826842568995
197100.0,5124.769320130171,4047.905519337738,0.0,0.9504852455007263,0.4152840433415262
197160.0,5124.757586021371,4047.91724774834,0.0,0.9504853997402753,0.4152854024552081
197220.0,5124.7458539926365,4047.9289775837215,0.0,0.9504854880891693,0.41528676156457933
197280.0,5124.734127628531,4047.9407112429385,0.0,0.9504853980555966,0.41528812065840526
197340.0,5124.722397796369,4047.9524425832155,0.0,0.9504854168172293,0.41528947976324304
197400.0,5124.710669364029,4047.9641748817485,0.0,0.9504853912471702,0.41529083886513873
197460.0,5124.698939683484,4047.975906355487,0.0,0.9504854046494716,0.41529219797166167
197520.0,5124.687211753095,4047.9876390244513,0.0,0.9504853626788256,0.41529355707431254
197580.0,5124.675481267772,4047.9993699874644,0.0,0.9504854008126724,0.4152949161852425
197640.0,5124.663757182368,4048.011105284502,0.0,0.9504852371489783,0.4152962752795334
197700.0,5124.652022735105,4048.022833610248,0.0,0.950485399347731,0.4152976344038553
197760.0,5124.6402904759025,4048.0345634335786,0.0,0.950485492256649,0.4152989935235587
197820.0,5124.628564173708,4048.0462972778555,0.0,0.9504853975803574,0.4153003526268838
197880.0,5124.616834225138,4048.0580286829736,0.0,0.9504854173120052,0.41530171174172864
197940.0,5124.605105749053,4048.0697610953334,0.0,0.9504853904249044,0.4153030708534241
198000.0,5124.593375960888,4048.081492639832,0.0,0.950485404520735,0.415304429969929
198060.0,5124.581648013636,4048.093225440742,0.0,0.950485360386947,0.41530578908230287
198120.0,5124.569917380159,4048.1049564471846,0.0,0.9504854004902147,0.4153071482033297
198180.0,5124.558193477355,4048.1166920106425,0.0,0.950485228385147,0.41530850730677504
198240.0,5124.546458678589,4048.1284202427173,0.0,0.9504853989539139,0.4153098664417729
198300.0,5124.534726181459,4048.140150048942,0.0,0.9504854966581511,0.4153112255718285
198360.0,5124.522999866494,4048.151884027471,0.0,0.9504853996984235,0.4153125846848304
198420.0,5124.511272221732,4048.163617134076,0.0,0.9504853441311236,0.41531394380322517
198480.0,5124.4995410103265,4048.175347846697,0.0,0.9504854006235995,0.4153153029323463
198540.0,5124.487819283014,4048.1870849711972,0.0,0.9504851582718026,0.41531666203604856
198600.0,5124.476082213533,4048.1988117690767,0.0,0.9504853984934738,0.41531802118395905
198660.0,5124.464348391116,4048.2105407779936,0.0,0.9504855361029892,0.41531938032423593
198720.0,5124.452623276625,4048.222275660738,0.0,0.9504853995753186,0.4153207394402698
198780.0,5124.440896295269,4048.2340093097573,0.0,0.9504853213388413,0.415322098563225
198840.0,5124.429164293301,4048.2457395852907,0.0,0.9504854009115898,0.4153234577010453
198900.0,5124.417440999052,4048.2574757439343,0.0,0.9504852061763989,0.4153248168152523
198960.0,5124.405705398225,4048.269203626471,0.0,0.9504853983964155,0.4153261759654319
199020.0,5124.393972392856,4048.280933281178,0.0,0.950485508505012,0.41532753510983206
199080.0,5124.382246354619,4048.2926676372313,0.0,0.9504853992457831,0.415328894234943
199140.0,5124.370518819677,4048.3044010088656,0.0,0.950485336631855,0.41533025336592183
199200.0,5124.358787266223,4048.3161316819646,0.0,0.9504854002987456,0.4153316125089139
199260.0,5124.347062678622,4048.3278670649515,0.0,0.9504852444611592,0.4153329716332497
199320.0,5124.335328241618,4048.3395958268543,0.0,0.9504853982697355,0.4153343307865651
199380.0,5124.323595878661,4048.351326009732,0.0,0.9504854863717788,0.41533568993558484
199440.0,5124.311869164038,4048.363060006175,0.0,0.9504853965895297,0.4153370490691021
199500.0,5124.300138991302,4048.3747916899356,0.0,0.9504854152986479,0.41533840821360435
199560.0,5124.288410214345,4048.3865243293953,0.0,0.9504853897998861,0.4153397673551747
199620.0,5124.276680192749,4048.3982561462976,0.0,0.9504854031646415,0.4153411265013622
199680.0,5124.264951916253,4048.4099891552323,0.0,0.9504853613110931,0.41534248564369036
199740.0,5124.253221092147,4048.4217204628235,0.0,0.9504853993383264,0.4153438447942777
199800.0,5124.241496649533,4048.4334560928187,0.0,0.950485236131441,0.4153452039282739
199860.0,5124.229761874827,4048.4451847702717,0.0,0.9504853978772431,0.4153465630922222
199920.0,5124.218029281863,4048.456914941313,0.0,0.950485490526652,0.4153479222515676
199980.0,5124.206302628772,4048.468649122504,0.0,0.9504853961145722,0.4153492813945797
200040.0,5124.194572339765,4048.480380871115,0.0,0.9504854157910168,0.41535064054908344
200100.0,5124.182843518989,4048.4921136242783,0.0,0.9504853889788637,0.41535199970044845
200160.0,5124.171113389882,4048.503845511934,0.0,0.9504854030352256,0.4153533588566121
200220.0,5124.159385096375,4048.515578652646,0.0,0.9504853590245328,0.4153547180086584
200280.0,5124.147654124337,4048.527310003732,0.0,0.9504853990157257,0.41535607716933676
200340.0,5124.135929863601,4048.539045899615,0.0,0.9504852273910229,0.415357436312484
200400.0,5124.124194738208,4048.55077448383,0.0,0.9504853974834823,0.41535879548710075
200460.0,5124.112461907798,4048.562504637994,0.0,0.9504854949148536,0.4153601546567918
200520.0,5124.100735241777,4048.5742389532584,0.0,0.9504853982256813,0.415361513809476
200580.0,5124.089007249748,4048.5859723989724,0.0,0.9504853428134132,0.4153628729675421
200640.0,5124.077275701316,4048.5977034571497,0.0,0.9504853991480422,0.41536423213630724
200700.0,5124.06555360968,4048.6094409099996,0.0,0.950485157472834,0.4153655912797247
200760.0,5124.053816219966,4048.621168063999,0.0,0.9504853970236321,0.4153669504672336
200820.0,5124.042082067948,4048.632897423122,0.0,0.9504855342488359,0.4153683096471327
200880.0,5124.030356598817,4048.6446326402943,0.0,0.9504853981022244,0.4153696688028547
200940.0,5124.018629268153,4048.6563666270863,0.0,0.9504853200841125,0.41537102796548314
201000.0,5124.006896931297,4048.668097249473,0.0,0.9504853994345318,0.4153723871429381
201060.0,5123.995173277104,4048.679833739176,0.0,0.950485205243025,0.41537374629684554
201120.0,5123.983437351688,4048.6915619750407,0.0,0.9504853969261493,0.4153751054866314
201180.0,5123.971704014238,4048.70329197834,0.0,0.9504855067271909,0.4153764646706568
201240.0,5123.959977623883,4048.715026670357,0.0,0.9504853977729133,0.41537782383544575
201300.0,5123.94824974109,4048.7267603806317,0.0,0.9504853353337328,0.41537918300609045
201360.0,5123.936517851323,4048.7384913996384,0.0,0.9504853988227032,0.41538054218871745
201420.0,5123.924796619949,4048.7502296233165,0.0,0.9504851264827858,0.4153819013425738
201480.0,5123.913058150172,4048.76195624015,0.0,0.9504853964390704,0.41538326054604846
201540.0,5123.901323330673,4048.773685340228,0.0,0.9504855510841304,0.41538461974073787
201600.0,5123.889598296307,4048.785421041396,0.0,0.9504853976649189,0.41538597890811
201660.0,5123.877871166036,4048.797155354187,0.0,0.9504853097510002,0.4153873380830561
201720.0,5123.866138395059,4048.8088858748283,0.0,0.9504853991766816,0.4153886972746361
201780.0,5123.854409051144,4048.8206187214973,0.0,0.9504853804432044,0.4153900564576004
201840.0,5123.842678297463,4048.8323506336783,0.0,0.9504854057822353,0.41539141564561866
201900.0,5123.83094876553,4048.8440833849727,0.0,0.9504853923767556,0.4153927748312325
201960.0,5123.819217474423,4048.855814967327,0.0,0.9504854340204921,0.41539413402296227
202020.0,5123.807488705116,4048.8675482638005,0.0,0.9504853960280548,0.4153954932085188
202080.0,5123.795753546619,4048.8792772784377,0.0,0.9504855586534655,0.4153968524138395
202140.0,5123.784028678114,4048.891013234655,0.0,0.9504853973213636,0.41539821159040413
202200.0,5123.772301606351,4048.902747730091,0.0,0.9504853048740762,0.4153995707748483
202260.0,5123.760568603264,4048.9144782373724,0.0,0.9504853989153358,0.4154009299767546
202320.0,5123.748839204491,4048.926211190223,0.0,0.9504853792175069,0.41540228916953975
202380.0,5123.737108323726,4048.9379431598736,0.0,0.9504854058658885,0.4154036483675845
202440.0,5123.725378728201,4048.9496760114566,0.0,0.9504853917709285,0.4154050075630437
202500.0,5123.71364728329,4048.9614076332573,0.0,0.9504854355651761,0.41540636676487586
202560.0,5123.701918490688,4048.9731410571935,0.0,0.9504853956148162,0.41540772596016295
202620.0,5123.690182980133,4048.9848699775557,0.0,0.9504855666322106,0.4154090851761507
202680.0,5123.678458290454,4048.996606197556,0.0,0.9504853969790651,0.4154104443618693
202740.0,5123.666731284637,4049.008340880639,0.0,0.9504852997645045,0.4154118035557889
202800.0,5123.654998124291,4049.020071424474,0.0,0.9504853960758376,0.4154131627677733
202860.0,5123.643266257394,4049.031802863685,0.0,0.9504854512367243,0.4154145219776813
202920.0,5123.631537925544,4049.043536693536,0.0,0.9504853949929996,0.41541588117809825
202980.0,5123.619800138896,4049.0552641754,0.0,0.9504856358463318,0.4154172404070093
203040.0,5123.60807759258,4049.0670019352624,0.0,0.9504853969476003,0.41541859959306615
203100.0,5123.596351790392,4049.078737524907,0.0,0.950485260061064,0.4154199587899999
203160.0,5123.584617323105,4049.0904672833635,0.0,0.9504853957090087,0.41542131801214766
203220.0,5123.57288468311,4049.102198296959,0.0,0.9504854734065012,0.4154226772306986
203280.0,5123.561157023384,4049.113932675177,0.0,0.9504853942174785,0.415424036435643
203340.0,5123.549420687671,4049.1256612240877,0.0,0.9504855877325804,0.41542539566646197
203400.0,5123.537696567861,4049.1373980191415,0.0,0.9504853965548741,0.41542675486343994
203460.0,5123.5259698398595,4049.1491330803688,0.0,0.9504852870084979,0.4154281140694506
203520.0,5123.514236177087,4049.1608634762865,0.0,0.9504853955473996,0.41542947329574903
203580.0,5123.502503973676,4049.1725948794365,0.0,0.9504854577136668,0.4154308325194979
203640.0,5123.490775754462,4049.1843289760586,0.0,0.9504853943375209,0.41543219173247614
203700.0,5123.479036882648,4049.1960559170834,0.0,0.9504856657615625,0.4154335509773607
203760.0,5123.467315185381,4049.207794440232,0.0,0.950485396550547,0.4154349101738804
203820.0,5123.455589820958,4049.2195305158584,0.0,0.9504852422976025,0.4154362693824483
203880.0,5123.44385469267,4049.2312600194514,0.0,0.9504853951651485,0.4154376286193607
203940.0,5123.432121625314,4049.2429909357097,0.0,0.9504854827280387,0.4154389878520103
204000.0,5123.4203941707365,4049.254725643065,0.0,0.9504853934947127,0.41544034706925115
204060.0,5123.408663279749,4049.266458051426,0.0,0.9504854120891377,0.41544170629741806
204120.0,5123.3969337757135,4049.2781914098923,0.0,0.9504853867460916,0.415443065522675
204180.0,5123.385203034818,4049.289923950698,0.0,0.9504854000288446,0.4154444247525274
204240.0,5123.373474027998,4049.3016576765535,0.0,0.950485358431045,0.41544578397854864
204300.0,5123.36174248954,4049.3133897111406,0.0,0.9504853962254263,0.41544714321278536
204360.0,5123.35001729237,4049.325126042706,0.0,0.950485234016549,0.4154485024305358
204420.0,5123.338281828071,4049.3368554627546,0.0,0.9504853947727722,0.4154498616780653
204480.0,5123.326548531712,4049.34858636765,0.0,0.9504854868552638,0.4154512209210267
204540.0,5123.314821137846,4049.360321259071,0.0,0.9504853930203742,0.4154525801477534
204600.0,5123.303090130875,4049.3720537323043,0.0,0.9504854125762209,0.41545393938590963
204660.0,5123.291360582857,4049.3837872042113,0.0,0.9504853859278007,0.4154552986209509
204720.0,5123.279629734686,4049.395519815759,0.0,0.9504853998979383,0.4154566578607677
204780.0,5123.267900710522,4049.4072536730205,0.0,0.95048535615616,0.41545801709649677
204840.0,5123.256169024627,4049.418985751252,0.0,0.9504853959025148,0.41545937634081204
204900.0,5123.244444007754,4049.4307223475457,0.0,0.9504852253271776,0.4154607355677066
204960.0,5123.232708194526,4049.4424516753115,0.0,0.9504853943791347,0.4154620948258888
205020.0,5123.220974661776,4049.4541825638357,0.0,0.9504854912143637,0.4154634540791819
205080.0,5123.2092472546265,4049.4659175889465,0.0,0.9504853951162867,0.4154648133155704
205140.0,5123.19751852973,4049.4776517497007,0.0,0.9504853400426603,0.4154661725573171
205200.0,5123.185786270772,4049.489383537021,0.0,0.9504853960324993,0.4154675318097031
205260.0,5123.17406340907,4049.5011216813723,0.0,0.9504851558349732,0.4154688910368973
205320.0,5123.162325345466,4049.5128495876243,0.0,0.9504853939205733,0.415470250307927
205380.0,5123.150590499122,4049.524579686063,0.0,0.9504855303063702,0.4154716095713995
205440.0,5123.138864281042,4049.5363156080343,0.0,0.9504853949920623,0.41547296881083917
205500.0,5123.127136213061,4049.5480503069475,0.0,0.950485317450763,0.41547432805715256
205560.0,5123.115403170338,4049.559781661315,0.0,0.9504853963157157,0.41547568731820833
205620.0,5123.103678755637,4049.5715188484573,0.0,0.9504852033113301,0.4154770465558602
205680.0,5123.091942146823,4049.5832478304615,0.0,0.9504853938221636,0.4154784058291849
205740.0,5123.080208109632,4049.5949785695484,0.0,0.950485502951544,0.4154797650967906
205800.0,5123.068480975828,4049.6067139697316,0.0,0.9504853946632422,0.4154811243452752
205860.0,5123.056752358898,4049.6184483940283,0.0,0.9504853326056198,0.4154824835995889
205920.0,5123.045019760164,4049.6301801429495,0.0,0.9504853957061054,0.4154838428658177
205980.0,5123.033297752734,4049.6419190541287,0.0,0.9504851250312353,0.41548520210345186
206040.0,5123.0215586152635,4049.6536464269207,0.0,0.9504853933365406,0.41548656139041606
206100.0,5123.009823105051,4049.665376268384,0.0,0.9504855470356782,0.4154879206686543
206160.0,5122.998097318418,4049.677112672039,0.0,0.9504853945543852,0.4154892799197383
206220.0,5122.986369448984,4049.6888476955687,0.0,0.9504853071778625,0.4154906391783593
206280.0,5122.974635974288,4049.7005789493346,0.0,0.9504853960563944,0.4154919984535196
206340.0,5122.9629122235965,4049.712316774998,0.0,0.9504851785639564,0.41549335770215234
206400.0,5122.95117473274,4049.724045352868,0.0,0.9504853932567752,0.4154947169908636
206460.0,5122.939440141579,4049.735775909067,0.0,0.9504855162403809,0.4154960762729208
206520.0,5122.927713330274,4049.7475117174513,0.0,0.9504853942149681,0.415497435533359
206580.0,5122.915984849476,4049.7592464242607,0.0,0.9504853242871404,0.4154987948001571
206640.0,5122.9042518823335,4049.770978115427,0.0,0.9504853954005525,0.415500154080308
206700.0,5122.892526694277,4049.7827150676553,0.0,0.9504852213524836,0.4155015133394701
206760.0,5122.88079050967,4049.7944446212314,0.0,0.9504853931439259,0.4155028726308972
206820.0,5122.869056642566,4049.8061757607525,0.0,0.9504854915486278,0.4155042319173279
206880.0,5122.8573289999495,4049.817911104161,0.0,0.9504853938943426,0.41550559118656916
206940.0,5122.84560001857,4049.8296455688965,0.0,0.9504853379291002,0.4155069504612283
207000.0,5122.833867446199,4049.841377621451,0.0,0.9504853948267212,0.4155083097466901
207060.0,5122.82214442291,4049.8531161343576,0.0,0.9504851507383558,0.4155096690065228
207120.0,5122.81040595257,4049.86484424231,0.0,0.9504853926819012,0.4155110283108965
207180.0,5122.798670751625,4049.8765745779215,0.0,0.950485531277975,0.41551238760756193
207240.0,5122.786944318205,4049.8883108318473,0.0,0.9504853937720715,0.4155137468797933
207300.0,5122.775216005282,4049.9000458425544,0.0,0.9504853149751809,0.41551510615898307
207360.0,5122.763482637456,4049.9117774541496,0.0,0.9504853951184913,0.41551646545314563
207420.0,5122.751758036998,4049.9235149933575,0.0,0.9504851989879349,0.4155178247235027
207480.0,5122.740021045865,4049.935244193633,0.0,0.9504853925858634,0.41551918403009774
207540.0,5122.728286668071,4049.946975179376,0.0,0.9504855034838875,0.41552054333085314
207600.0,5122.716559305105,4049.9587109020595,0.0,0.9504853934418901,0.41552190261216654
207660.0,5122.704830435322,4049.9704456327227,0.0,0.9504853303795222,0.41552326189937644
207720.0,5122.693097519587,4049.982177644344,0.0,0.9504853945029708,0.41552462119868566
207780.0,5122.681371617443,4049.9939144014584,0.0,0.950485237548818,0.41552598047918426
207840.0,5122.669635798605,4050.005644487211,0.0,0.9504853924599915,0.4155273397888746
207900.0,5122.657902068128,4050.0173760045736,0.0,0.9504854811937518,0.41552869909422013
207960.0,5122.646174024661,4050.029111364363,0.0,0.9504853907683155,0.41553005838393886
208020.0,5122.634442499523,4050.04084439384,0.0,0.9504854096118086,0.4155314176847151
208080.0,5122.622712379794,4050.052578386171,0.0,0.9504853839305815,0.4155327769825264
208140.0,5122.610981006999,4050.064311549615,0.0,0.9504853973914098,0.41553413628497965
208200.0,5122.599251391327,4050.076045914035,0.0,0.9504853552381703,0.41553549558353287
208260.0,5122.5875192107,4050.087778564125,0.0,0.9504853935382429,0.41553685489039816
208320.0,5122.575793455337,4050.0995155692544,0.0,0.9504852291618987,0.4155382141805297
208380.0,5122.564057297255,4050.1112455690813,0.0,0.95048539206726,0.41553957350083687
208440.0,5122.552323335968,4050.122977073684,0.0,0.9504854853809577,0.41554093281648996
208500.0,5122.540595355228,4050.13471261879,0.0,0.9504853902925289,0.4155422921156791
208560.0,5122.52886371379,4050.1464457127745,0.0,0.9504854101102718,0.4155436514264361
208620.0,5122.517133550709,4050.1581798188377,0.0,0.9504853831062534,0.41554501073402006
208680.0,5122.505402070434,4050.16991305274,0.0,0.950485397263638,0.41554637004642847
208740.0,5122.493672438403,4050.181647549102,0.0,0.9504853529378154,0.4155477293546771
208800.0,5122.481940109602,4050.193380242185,0.0,0.950485393215904,0.41554908867161344
208860.0,5122.470214538129,4050.2051175143843,0.0,0.9504852203614516,0.41555044797086893
208920.0,5122.458478027733,4050.216847419437,0.0,0.950485391673251,0.41555180730182917
208980.0,5122.446743828146,4050.228578906202,0.0,0.9504854898031992,0.41555316662780983
209040.0,5122.435015835154,4050.2403145855687,0.0,0.9504853924213413,0.4155545259366481
209100.0,5122.42328650721,4050.2520493886536,0.0,0.9504853366122131,0.4155558852508934
209160.0,5122.411553598584,4050.26378178605,0.0,0.950485393350885,0.4155572445759137
209220.0,5122.399830211563,4050.2755206264665,0.0,0.9504851499437939,0.4155586038753767
209280.0,5122.388091421872,4050.287249089903,0.0,0.9504853912118209,0.41555996321926275
209340.0,5122.376355892148,4050.2989797750433,0.0,0.9504855294208209,0.4155613225554648
209400.0,5122.364629104741,4050.3107163626005,0.0,0.9504853922987156,0.41556268186729933
209460.0,5122.3529004431975,4050.32245171031,0.0,0.9504853137217332,0.41556404118607704
209520.0,5122.34116674127,4050.334183668057,0.0,0.9504853936411436,0.41556540051978885
209580.0,5122.329441781484,4050.3459215375037,0.0,0.9504851980581072,0.4155667598297613
209640.0,5122.317704466618,4050.3576510904527,0.0,0.9504853911153557,0.4155681191758772
209700.0,5122.305969757548,4050.3693824240995,0.0,0.9504855017036009,0.4155694785161723
209760.0,5122.294242043132,4050.381118481963,0.0,0.9504853919687601,0.4155708378370785
209820.0,5122.282512826197,4050.392853550504,0.0,0.9504853290823698,0.41557219716386895
209880.0,5122.270779574929,4050.4045859073235,0.0,0.9504853930266458,0.41557355650272765
209940.0,5122.259053317066,4050.416322996901,0.0,0.9504852365106125,0.4155749158228285
210000.0,5122.247317170995,4050.4280534330655,0.0,0.9504853909891394,0.4155762751720451
210060.0,5122.23558310725,4050.439785297025,0.0,0.950485479475018,0.415577634516932
210120.0,5122.223854714157,4050.4515209930923,0.0,0.9504853893019551,0.4155789938462352
210180.0,5122.212122849379,4050.463254365133,0.0,0.9504854080927182,0.4155803531865689
210240.0,5122.200392385945,4050.474988697459,0.0,0.950485382483081,0.41558171252394777
210300.0,5122.188660673023,4050.486722203148,0.0,0.950485395906209,0.4155830718659584
210360.0,5122.176930712152,4050.4984569066055,0.0,0.9504853538705482,0.41558443120408206
210420.0,5122.165198193677,4050.510189900359,0.0,0.9504853920635687,0.41558579055049777
210480.0,5122.153472081968,4050.5219272374757,0.0,0.9504852281460483,0.41558714988022777
210540.0,5122.141735597431,4050.533657588132,0.0,0.9504853905964609,0.415588509240054
210600.0,5122.13000130334,4050.545389439548,0.0,0.9504854836495195,0.41558986859524205
210660.0,5122.118272972592,4050.557125320618,0.0,0.9504853888264517,0.4155912279340113
210720.0,5122.106540991647,4050.568858757177,0.0,0.9504854085887613,0.41559258728432
210780.0,5122.094810484791,4050.5805932031135,0.0,0.9504853816600025,0.4155939466314663
210840.0,5122.083078664502,4050.592326779252,0.0,0.9504853957777545,0.41559530598342687
210900.0,5122.071348687121,4050.6040616144796,0.0,0.9504853515755367,0.41559666533124096
210960.0,5122.059616020701,4050.615794651292,0.0,0.9504853917410865,0.4155980246877218
211020.0,5122.047890092158,4050.6275322549454,0.0,0.9504852193690315,0.41559938402657237
211080.0,5122.036153256113,4050.639262511262,0.0,0.9504853902025081,0.415600743397044
211140.0,5122.024418724207,4050.6509943450706,0.0,0.9504854880583948,0.41560210276255305
211200.0,5122.012690381044,4050.6627303602227,0.0,0.9504853909482786,0.41560346211096666
211260.0,5122.000960706739,4050.674465501481,0.0,0.9504853352947409,0.41560482146477634
211320.0,5121.9892274620215,4050.686198243523,0.0,0.9504853918749975,0.4156061808293335
211380.0,5121.977503711534,4050.6979374113102,0.0,0.9504851491468375,0.41560754016840507
211440.0,5121.965764602602,4050.7096662299964,0.0,0.9504853897416691,0.4156088995517823
211500.0,5121.9540287442405,4050.721397264451,0.0,0.9504855275649993,0.4156102589274995
211560.0,5121.942301603079,4050.7331341854797,0.0,0.9504853908252999,0.41561161827891546
211620.0,5121.93057259313,4050.7448698700214,0.0,0.9504853124673964,0.4156129776372594
211680.0,5121.91883855726,4050.7566021737157,0.0,0.9504853921637518,0.4156143370104989
211740.0,5121.907113238402,4050.7683403732563,0.0,0.9504851971261414,0.4156156963600648
211800.0,5121.8953755999255,4050.7800702786494,0.0,0.9504853896447777,0.41561705574567975
211860.0,5121.883640559728,4050.7918019599892,0.0,0.9504854999244414,0.415618415125493
211920.0,5121.8719124940835,4050.803538352871,0.0,0.9504853904955698,0.4156197744859703
211980.0,5121.860182930204,4050.815273759115,0.0,0.9504853277845136,0.4156211338523197
212040.0,5121.84844934357,4050.8270064609333,0.0,0.9504853915502722,0.4156224932307063
212100.0,5121.836722730228,4050.838743882818,0.0,0.950485235470811,0.41562385259038764
212160.0,5121.824986257061,4050.850474669183,0.0,0.9504853895182187,0.415625211979109
212220.0,5121.813251860205,4050.8622068795344,0.0,0.9504854777570957,0.41562657136351594
212280.0,5121.8015231177,4050.8739429117118,0.0,0.95048538783551,0.4156279307323821
212340.0,5121.789790913454,4050.8856766261256,0.0,0.9504854065737295,0.4156292901122516
212400.0,5121.7780601065115,4050.897411298265,0.0,0.9504853810354293,0.41563064948917655
212460.0,5121.766328053649,4050.909145146007,0.0,0.9504853944209899,0.4156320088707231
212520.0,5121.754597747782,4050.920880188323,0.0,0.9504853525024929,0.41563336824839525
212580.0,5121.742864891636,4050.932613525547,0.0,0.9504853905888391,0.4156347276343395
212640.0,5121.731138423823,4050.944351194497,0.0,0.9504852271285222,0.4156360870036463
212700.0,5121.719401612962,4050.956081895762,0.0,0.9504853891255926,0.41563744640297007
212760.0,5121.707666986223,4050.9678140937867,0.0,0.9504854819189106,0.4156388057976715
212820.0,5121.695938305687,4050.97955031065,0.0,0.9504853873602906,0.4156401651759993
212880.0,5121.684205985415,4050.991284089591,0.0,0.9504854070673431,0.41564152456583814
212940.0,5121.672475134975,4051.003018875219,0.0,0.9504853802136053,0.4156428839525254
213000.0,5121.660742974855,4051.0147527934055,0.0,0.9504853942918502,0.415644243344016
213060.0,5121.649012652328,4051.026487967319,0.0,0.950485350212849,0.41564560273137385
213120.0,5121.637279648464,4051.0382213476682,0.0,0.9504853902662138,0.4156469621273776
213180.0,5121.625553363091,4051.0499592826222,0.0,0.9504852183749359,0.4156483215058015
213240.0,5121.613816201536,4051.0616898899825,0.0,0.9504853887316957,0.4156496809157633
213300.0,5121.602081337465,4051.073422070628,0.0,0.9504854863145017,0.4156510403207791
213360.0,5121.590352644357,4051.0851584213983,0.0,0.9504853894751538,0.41565239970874623
213420.0,5121.578622623891,4051.0968939006502,0.0,0.9504853339768029,0.41565375910209856
213480.0,5121.566889043261,4051.108626987142,0.0,0.9504853903990547,0.415655118506171
213540.0,5121.55516492955,4051.120366482145,0.0,0.9504851483481553,0.41565647788482923
213600.0,5121.543425501508,4051.132095655863,0.0,0.9504853882714477,0.4156578373076761
213660.0,5121.531689314662,4051.1438270394247,0.0,0.9504855257100848,0.4156591967228867
213720.0,5121.519961819962,4051.155564293759,0.0,0.9504853893518231,0.41566055611386216
213780.0,5121.508232461812,4051.1673003149576,0.0,0.9504853112124365,0.4156619155117507
213840.0,5121.496498092165,4051.1790329644004,0.0,0.9504853906863087,0.4156632749244963
213900.0,5121.484772414469,4051.1907714938748,0.0,0.9504851961927892,0.415664634313634
213960.0,5121.473034452523,4051.2025017515,0.0,0.9504853881741311,0.41566599373872654
214020.0,5121.461299081358,4051.2142337803307,0.0,0.9504854981459869,0.4156673531580364
214080.0,5121.449570664704,4051.225970508057,0.0,0.9504853890223178,0.41566871255806304
214140.0,5121.437840754085,4051.237706251828,0.0,0.9504853264860467,0.41567007196394956
214200.0,5121.426106832249,4051.249439298445,0.0,0.9504853900738474,0.4156714313818424
214260.0,5121.414383580217,4051.261179565342,0.0,0.9504851173102381,0.41567279077089025
214320.0,5121.402643071439,4051.272908200102,0.0,0.9504853876866122,0.41567415020966614
214380.0,5121.390906216892,4051.2846393234354,0.0,0.9504855425722822,0.41567550963962774
214440.0,5121.379179157915,4051.2963770622023,0.0,0.9504853889144733,0.41567686904220713
214500.0,5121.367450000864,4051.3081134094905,0.0,0.9504853008639024,0.4156782284523684
214560.0,5121.355715197126,4051.319845956349,0.0,0.9504853904286928,0.4156795878791982
214620.0,5121.343983824141,4051.3315808342427,0.0,0.9504853716661325,0.415680947297386
214680.0,5121.332251039929,4051.3433147755645,0.0,0.9504853970446279,0.4156823067206336
214740.0,5121.320519478805,4051.3550495577742,0.0,0.9504853836183492,0.4156836661414652
214800.0,5121.3087861566755,4051.3667831684465,0.0,0.9504854253269273,0.4156850255684204
214860.0,5121.297055359072,4051.3785184969215,0.0,0.950485387275434,0.4156863849891828
214920.0,5121.285318165532,4051.3902495341636,0.0,0.950485550153933,0.41568774442974515
214980.0,5121.273591272962,4051.4019875280696,0.0,0.9504853885708611,0.41568910384148305
215040.0,5121.261862174853,4051.413724057939,0.0,0.9504852959797472,0.4156904632611093
215100.0,5121.250127139121,4051.4254565909428,0.0,0.9504853901674206,0.4156918226982341
215160.0,5121.238395711585,4051.437191574786,0.0,0.9504853704389802,0.4156931821262106
215220.0,5121.22666280052,4051.448925573237,0.0,0.9504853971289016,0.4156945415594528
215280.0,5121.214931176106,4051.460660455491,0.0,0.9504853830120497,0.4156959009900976
215340.0,5121.203197700376,4051.472394105229,0.0,0.9504854268745504,0.41569726042712346
215400.0,5121.191466879824,4051.484129560981,0.0,0.9504853868620287,0.4156986198575835
215460.0,5121.179729334214,4051.495860503274,0.0,0.9504855581457775,0.41569997930878244
215520.0,5121.168002621039,4051.5075987610808,0.0,0.9504853882285079,0.41570133872964055
215580.0,5121.156273589319,4051.5193354785442,0.0,0.9504852908625776,0.415702698158709
215640.0,5121.144538396526,4051.5310680477155,0.0,0.9504853873239797,0.41570405760588053
215700.0,5121.132804498622,4051.5428015141365,0.0,0.9504854425708775,0.4157054170509616
215760.0,5121.121074139562,4051.5545373763807,0.0,0.9504853862395605,0.4157067764865269
215820.0,5121.109334315667,4051.5662668767254,0.0,0.9504856274683233,0.41570813595064204
215880.0,5121.0976097484,4051.578006677445,0.0,0.9504853881973131,0.41570949537180263
215940.0,5121.085881921841,4051.589744303138,0.0,0.9504852510975166,0.4157108548038556
216000.0,5121.0741454209565,4051.601476084909,0.0,0.9504853869568978,0.41571221426117694
216060.0,5121.062410749374,4051.6132091244767,0.0,0.9504854647755276,0.4157135737148842
216120.0,5121.050681063399,4051.624945535973,0.0,0.9504853854631496,0.4157149331549508
216180.0,5121.0389426922175,4051.636676105399,0.0,0.9504855792799142,0.4157162926209441
216240.0,5121.027216550018,4051.648414938897,0.0,0.9504853878042939,0.415717652053014
216300.0,5121.015487796905,4051.660152034712,0.0,0.9504852780872544,0.4157190114941281
216360.0,5121.003752101638,4051.6718844550232,0.0,0.9504853867953555,0.4157203709555732
216420.0,5120.99201786735,4051.6836178846843,0.0,0.9504854490585918,0.4157217304144537
216480.0,5120.980287621538,4051.695354013662,0.0,0.9504853855836969,0.4157230898625359
216540.0,5120.968546711809,4051.707082971368,0.0,0.9504856574308991,0.415724449342588
216600.0,5120.956822994988,4051.7188235364197,0.0,0.9504853878002791,0.41572580877416215
216660.0,5120.945095607158,4051.7305616485364,0.0,0.9504852333069185,0.4157271682178028
216720.0,5120.933358445054,4051.7422931742685,0.0,0.9504853864128273,0.4157285276898494
216780.0,5120.921623346144,4051.7540261156664,0.0,0.9504854741123192,0.4157298871576144
216840.0,5120.909893866031,4051.7657628563993,0.0,0.9504853847398927,0.4157312466099322
216900.0,5120.898160945879,4051.777497293072,0.0,0.9504854033633693,0.4157326060731946
216960.0,5120.886429414201,4051.7892326818705,0.0,0.950485377980852,0.41573396553353464
217020.0,5120.874696644385,4051.800967251174,0.0,0.9504853912843751,0.4157353249984746
217080.0,5120.862965610538,4051.812703008058,0.0,0.9504853496217365,0.4157366844595682
217140.0,5120.851232042388,4051.824437069939,0.0,0.9504853874751309,0.4157380439288903
217200.0,5120.839504822363,4051.836175438093,0.0,0.950485225013242,0.41573940338167975
217260.0,5120.827767324249,4051.847906879631,0.0,0.9504853860203172,0.41574076286431305
217320.0,5120.81603199646,4051.8596398091768,0.0,0.9504854782464898,0.4157421223423587
217380.0,5120.804302577492,4051.8713767339145,0.0,0.9504853842652924,0.41574348180412946
217440.0,5120.792569541605,4051.8831112351363,0.0,0.9504854038516989,0.4157448412773493
217500.0,5120.780837966268,4051.89484673716,0.0,0.9504853771617588,0.4157462007474411
217560.0,5120.769105089428,4051.9065813768952,0.0,0.9504853911537459,0.41574756022231324
217620.0,5120.757374038588,4051.9183172650087,0.0,0.9504853473437613,0.4157489196930821
217680.0,5120.745640323211,4051.930051370163,0.0,0.9504853871521949,0.41575027917245116
217740.0,5120.733913284049,4051.941790003161,0.0,0.9504852163106956,0.4157516386343508
217800.0,5120.722175437002,4051.953521351747,0.0,0.9504853856265437,0.41575299812760613
217860.0,5120.710439872934,4051.965254264419,0.0,0.9504854826129785,0.41575435761595225
217920.0,5120.698710441037,4051.976991322676,0.0,0.9504853863649532,0.4157557170873523
217980.0,5120.68697969005,4051.988727514615,0.0,0.9504853312053763,0.41575707656411354
218040.0,5120.675245401236,4052.0004613279143,0.0,0.9504853872827022,0.41575843605153495
218100.0,5120.6635205198,4052.0122015120405,0.0,0.9504851467102527,0.4157597955136985
218160.0,5120.651780420212,4052.0239314357,0.0,0.9504853851675861,0.4157611550197943
218220.0,5120.640043541391,4052.035663556254,0.0,0.9504855217663217,0.4157625145183066
218280.0,5120.628315300086,4052.047401513021,0.0,0.9504853862408538,0.41576387399272813
218340.0,5120.616585206962,4052.0591382439834,0.0,0.9504853085785887,0.41576523347403
218400.0,5120.604850133799,4052.0708716230747,0.0,0.9504853875666796,0.41576659297010476
218460.0,5120.5931236979295,4052.0826108476117,0.0,0.9504851942610585,0.4157679524427155
218520.0,5120.581385054937,4052.094341849061,0.0,0.9504853850693422,0.41576931195107486
218580.0,5120.569648986379,4052.1060746113517,0.0,0.9504854943690981,0.41577067145369323
218640.0,5120.557919828618,4052.1178120448812,0.0,0.9504853859118401,0.4157720309371439
218700.0,5120.546189186205,4052.1295485003193,0.0,0.9504853237573634,0.4157733904264278
218760.0,5120.534454557747,4052.1412822745147,0.0,0.9504853869564381,0.4157747499276506
218820.0,5120.522730531992,4052.153023226525,0.0,0.9504851158589546,0.4157761094002049
218880.0,5120.510989357879,4052.16475261494,0.0,0.9504853845832801,0.4157774689221986
218940.0,5120.499251814969,4052.176484477337,0.0,0.950485538522434,0.4157788284354372
219000.0,5120.487524006069,4052.1882229162184,0.0,0.9504853858031325,0.4157801879214566
219060.0,5120.475794112199,4052.1999599718874,0.0,0.950485298290228,0.41578154741502116
219120.0,5120.464058607089,4052.2116932495373,0.0,0.9504853873075941,0.41578290692515935
219180.0,5120.452326511128,4052.223428844539,0.0,0.9504853686594062,0.41578426642671173
219240.0,5120.44059301276,4052.2351635085283,0.0,0.9504853938826031,0.41578562593329915
219300.0,5120.428860729744,4052.246899008497,0.0,0.950485380538096,0.41578698543748993
219360.0,5120.417126696738,4052.258633343877,0.0,0.9504854219916127,0.4157883449477737
219420.0,5120.405395172353,4052.270369386982,0.0,0.9504853841723311,0.41578970445190583
219480.0,5120.39365729214,4052.282101164197,0.0,0.9504855460555413,0.4157910639757295
219540.0,5120.381929648162,4052.293839857121,0.0,0.950485385459337,0.4157924234709003
219600.0,5120.370199812427,4052.3055770946994,0.0,0.95048529343362,0.4157937829739208
219660.0,5120.358464076344,4052.317310358979,0.0,0.9504853870456358,0.41579514249434013
219720.0,5120.346731925741,4052.329046059709,0.0,0.9504853674374634,0.4157965020056701
219780.0,5120.334998300878,4052.3407807808953,0.0,0.9504853939640823,0.4157978615222399
219840.0,5120.323265954536,4052.3525163807244,0.0,0.9504853799332162,0.41579922103623274
219900.0,5120.31153176846,4052.3642507553436,0.0,0.9504854235275094,0.4158005805565747
219960.0,5120.29980022083,4052.37598692538,0.0,0.950485383759168,0.41580194007039417
220020.0,5120.28806199032,4052.387718608606,0.0,0.9504855539963757,0.4158032996048387
220080.0,5120.276334524178,4052.3994575642814,0.0,0.9504853851167927,0.4158046591091225
220140.0,5120.264604753978,4052.411194988752,0.0,0.95048528834545,0.41580601862157646
220200.0,5120.252868861385,4052.422928289389,0.0,0.9504853842172835,0.41580737815203
220260.0,5120.241134255476,4052.434662482058,0.0,0.9504854391263632,0.415808737680413
220320.0,5120.229403166149,4052.446399056459,0.0,0.9504853831389832,0.41581009719933865
220380.0,5120.217662671388,4052.458129306509,0.0,0.9504856228934886,0.4158114567466546
220440.0,5120.205937337365,4052.469869796269,0.0,0.9504853850842658,0.4158128162512701
220500.0,5120.194208764458,4052.4816081238846,0.0,0.9504852488219444,0.415814175766722
220560.0,5120.1824715717075,4052.493340642031,0.0,0.9504853838509225,0.415815535307297
220620.0,5120.170736196692,4052.505074410631,0.0,0.9504854611937796,0.4158168948442866
220680.0,5120.159005775927,4052.5168115313168,0.0,0.9504853823657945,0.4158182543677181
220740.0,5120.147266724482,4052.5285428444017,0.0,0.950485574998005,0.41581961391693
220800.0,5120.135539825133,4052.5402823729087,0.0,0.950485384692126,0.41582097343242197
220860.0,5120.123810331203,4052.552020174037,0.0,0.9504852756452711,0.41582233295691284
220920.0,5120.112073938716,4052.5637533272306,0.0,0.9504853836888455,0.4158236925016181
220980.0,5120.100338997955,4052.575487483895,0.0,0.9504854455713663,0.41582505204378156
221040.0,5120.088608020583,4052.587224323997,0.0,0.950485382484083,0.41582641157521266
221100.0,5120.076866446227,4052.598954035142,0.0,0.9504856526699741,0.4158277711384341
221160.0,5120.065141956727,4052.6106952852697,0.0,0.9504853846866137,0.4158291306534641
221220.0,5120.053413819209,4052.6224340969807,0.0,0.9504852311370314,0.41583049018049767
221280.0,5120.0416759688105,4052.6341663611356,0.0,0.950485383307133,0.41583184973577336
221340.0,5120.029940168571,4052.6459000326836,0.0,0.9504854704704153,0.41583320928680023
221400.0,5120.018209951792,4052.657637481202,0.0,0.9504853816439144,0.4158345688224733
221460.0,5120.006470010628,4052.669368383566,0.0,0.9504855987274115,0.41583592838704797
221520.0,5119.994743764409,4052.6811085431996,0.0,0.9504853842758509,0.41583728791349933
221580.0,5119.983014596219,4052.692846754374,0.0,0.9504852613955392,0.4158386474498835
221640.0,5119.971277654825,4052.7045797269793,0.0,0.9504853831556296,0.41584000700897816
221700.0,5119.9595423511455,4052.716313828641,0.0,0.9504854528965352,0.41584136656500004
221760.0,5119.947811514347,4052.728050953742,0.0,0.9504853818083578,0.4158427261088524
221820.0,5119.936072894031,4052.739782842501,0.0,0.9504855555129006,0.41584408567607095
221880.0,5119.924345230757,4052.7515221408207,0.0,0.950485383898119,0.41584544521297434
221940.0,5119.912615226497,4052.763259882761,0.0,0.9504852855596666,0.4158468047581537
222000.0,5119.900879001162,4052.7749934336143,0.0,0.9504853829853595,0.41584816432161675
222060.0,5119.889144083504,4052.786727890793,0.0,0.9504854387846671,0.41584952388294827
222120.0,5119.877412739235,4052.7984647684143,0.0,0.9504853818909123,0.4158508834346583
222180.0,5119.865671838046,4052.810195218436,0.0,0.950485625530266,0.41585224301519474
222240.0,5119.8539463422285,4052.8219360748826,0.0,0.9504853838690324,0.41585360255232523
222300.0,5119.842217555519,4052.8336747337294,0.0,0.9504852453997905,0.41585496210044137
222360.0,5119.830480009995,4052.845407488394,0.0,0.9504853826170302,0.4158563216740808
222420.0,5119.818744311762,4052.857141513645,0.0,0.9504854612136111,0.415857681244049
222480.0,5119.807013647786,4052.8688789455014,0.0,0.9504853811091636,0.41585904080022823
222540.0,5119.795274214074,4052.88061047498,0.0,0.9504855768629198,0.4158604003825882
222600.0,5119.783547128627,4052.892350353568,0.0,0.9504853834745068,0.41586175993066243
222660.0,5119.771817406979,4052.9040884764017,0.0,0.9504852726615971,0.41586311948785465
222720.0,5119.760080675568,4052.9158218755097,0.0,0.9504853824562944,0.4158644790655815
222780.0,5119.748345419538,4052.927556294196,0.0,0.9504854453420186,0.4158658386406978
222840.0,5119.736614190915,4052.9392934399457,0.0,0.9504853812333364,0.41586719820489687
222900.0,5119.724875942683,4052.9510258645187,0.0,0.950485537869654,0.4158685577902849
222960.0,5119.713147573884,4052.9627649719223,0.0,0.9504853831097667,0.41586991734842854
223020.0,5119.701417092773,4052.974502677151,0.0,0.9504852944277675,0.4158712769141959
223080.0,5119.689680926359,4052.9862365530616,0.0,0.9504853846354228,0.41587263649675354
223140.0,5119.677948214279,4052.9979727775967,0.0,0.9504853657385374,0.4158739960705917
223200.0,5119.66621408139,4053.0097080583637,0.0,0.9504853912993971,0.4158753556495178
223260.0,5119.654481180049,4053.0214441863077,0.0,0.9504853777770775,0.4158767152259986
223320.0,5119.642746505733,4053.033179133729,0.0,0.9504854197851862,0.41587807480863886
223380.0,5119.631014373308,4053.0449158119004,0.0,0.9504853814609733,0.4158794343850289
223440.0,5119.619275801282,4053.0566481661403,0.0,0.9504855455083148,0.4158807939813544
223500.0,5119.607547600798,4053.068387529789,0.0,0.9504853827662669,0.41588215354862973
223560.0,5119.5958171798,4053.080125418153,0.0,0.9504852895111692,0.4158835131238375
223620.0,5119.584080780573,4053.0918592792723,0.0,0.9504853843748532,0.41588487271667196
223680.0,5119.572348014335,4053.10359560973,0.0,0.9504853645051624,0.41588623230027644
223740.0,5119.560613754494,4053.115330947229,0.0,0.9504853913868513,0.4158875918891768
223800.0,5119.548880790199,4053.1270671751454,0.0,0.9504853771690063,0.41588895147544896
223860.0,5119.537145962,4053.1388021610974,0.0,0.9504854213464855,0.41589031106814
223920.0,5119.525413807237,4053.1505389666813,0.0,0.9504853810471787,0.4158916706542049
223980.0,5119.513674881492,4053.1622712244166,0.0,0.9504855535602417,0.4158930302611516
224040.0,5119.501946862406,4053.17401085314,0.0,0.9504853824240358,0.4158943898375197
224100.0,5119.490216509023,4053.1857489296926,0.0,0.9504852843597417,0.41589574942214497
224160.0,5119.478479952418,4053.197482826424,0.0,0.9504853815135904,0.4158971090250064
224220.0,5119.4667446997,4053.2092176270758,0.0,0.9504854371571535,0.4158984686257453
224280.0,5119.4550130101015,4053.2209548416827,0.0,0.950485380421964,0.4158998282168898
224340.0,5119.443271790991,4053.232685645978,0.0,0.9504856233816646,0.415901187836787
224400.0,5119.431545933005,4053.2444268287654,0.0,0.950485382394335,0.4159025474133955
224460.0,5119.419816793542,4053.256165819883,0.0,0.950485244311235,0.41590390700096364
224520.0,5119.408078920409,4053.267898922685,0.0,0.9504853811455936,0.41590526661398797
224580.0,5119.39634288923,4053.279633292693,0.0,0.9504854595227301,0.4159066262233545
224640.0,5119.384611877834,4053.2913710601633,0.0,0.9504853796417027,0.4159079858189701
224700.0,5119.372872121869,4053.303102941136,0.0,0.9504855748491599,0.4159093454406992
224760.0,5119.36114467868,4053.314843148806,0.0,0.9504853820002143,0.41591070502823585
224820.0,5119.349414606828,4053.3265816054695,0.0,0.9504852714963915,0.4159120646248698
224880.0,5119.337677545341,4053.338315351106,0.0,0.9504853809846107,0.4159134242419848
224940.0,5119.325941954961,4053.350050113612,0.0,0.9504854436947986,0.41591478385649955
225000.0,5119.314210380408,4053.3617875958666,0.0,0.9504853797648326,0.41591614346012745
225060.0,5119.302471806383,4053.373520369648,0.0,0.9504855359640392,0.4159175030848903
225120.0,5119.290743083402,4053.385259808329,0.0,0.9504853816357963,0.41591886268248346
225180.0,5119.279012254139,4053.3969978486302,0.0,0.9504852932011225,0.41592022228768355
225240.0,5119.267275755894,4053.40873206991,0.0,0.9504853831569634,0.41592158190963024
225300.0,5119.255542702033,4053.420468633528,0.0,0.9504853643126867,0.41592294152288345
225360.0,5119.2438082314275,4053.4322042559324,0.0,0.9504853898021133,0.415924301141213
225420.0,5119.232074988808,4053.443940723257,0.0,0.9504853763174059,0.41592566075710624
225480.0,5119.220339978282,4053.4556760132523,0.0,0.9504854182081964,0.4159270203791448
225540.0,5119.208607502329,4053.467413029368,0.0,0.950485379990791,0.415928379994952
225600.0,5119.196868605233,4053.4791457331926,0.0,0.9504855435804427,0.41592973963064506
225660.0,5119.185140049888,4053.490885427614,0.0,0.9504853812922119,0.4159310992373664
225720.0,5119.17340928037,4053.5026236507415,0.0,0.9504852882971304,0.4159324588520026
225780.0,5119.161672549779,4053.514357857451,0.0,0.9504853828960792,0.4159338184842196
225840.0,5119.149939441722,4053.526094526888,0.0,0.9504853630816961,0.4159351781072339
225900.0,5119.138204844329,4053.537830206053,0.0,0.9504853898882872,0.4159365377355321
225960.0,5119.126471538741,4053.549566773265,0.0,0.9504853757099847,0.4159378973612113
226020.0,5119.114736374579,4053.561302101869,0.0,0.9504854197641239,0.4159392569932947
226080.0,5119.10300387615,4053.5730392452365,0.0,0.950485379577108,0.41594061661877196
226140.0,5119.091264626157,4053.584771852999,0.0,0.9504855516088002,0.4159419762650787
226200.0,5119.0795362514855,4053.596511811962,0.0,0.9504853809498921,0.41594333588088955
226260.0,5119.067805549189,4053.6082502229538,0.0,0.9504852831590883,0.4159446955049391
226320.0,5119.056068661478,4053.6199844653606,0.0,0.9504853800417551,0.4159460551471772
226380.0,5119.044333073874,4053.63171960929,0.0,0.9504854355299815,0.4159474147873019
226440.0,5119.032601039146,4053.6434571607024,0.0,0.9504853789529415,0.41594877441785905
226500.0,5119.020859502237,4053.6551883190464,0.0,0.9504856212349011,0.4159501340770955
226560.0,5119.009133282336,4053.666929828026,0.0,0.9504853809195798,0.4159514936931598
226620.0,5118.997403790348,4053.6786691512507,0.0,0.9504852432214402,0.4159528533201582
226680.0,5118.98566558975,4053.6904026019783,0.0,0.9504853796740887,0.41595421297254603
226740.0,5118.9739292257855,4053.7021373165385,0.0,0.9504854578326158,0.41595557262128924
226800.0,5118.962197867186,4053.7138754194566,0.0,0.9504853781741587,0.4159569322563194
226860.0,5118.950457789088,4053.725607651694,0.0,0.9504855728372892,0.415958291917396
226920.0,5118.93872998841,4053.7373481883005,0.0,0.9504853805258635,0.4159596515443735
226980.0,5118.926999566582,4053.74908697863,0.0,0.9504852703299469,0.4159610111804274
227040.0,5118.915262175165,4053.7608210705853,0.0,0.9504853795128598,0.4159623708369087
227100.0,5118.903526250603,4053.772556176712,0.0,0.9504854420480835,0.4159637304908004
227160.0,5118.891794330329,4053.7842939952993,0.0,0.9504853782962509,0.4159650901338355
227220.0,5118.880055430651,4053.7960271180727,0.0,0.950485534059846,0.41596644979795167
227280.0,5118.868326353716,4053.8077668878723,0.0,0.9504853801617666,0.4159678094349728
227340.0,5118.856595176517,4053.8195052630776,0.0,0.9504852919734998,0.415969169079584
227400.0,5118.8448583465915,4053.8312398295207,0.0,0.9504853816784616,0.4159705287408983
227460.0,5118.8331249511475,4053.8429767320386,0.0,0.9504853628866008,0.4159718883935446
227520.0,5118.821390142999,4053.8547126958883,0.0,0.9504853883048555,0.4159732480512562
227580.0,5118.809656559294,4053.8664495024104,0.0,0.9504853748576231,0.41597460770654016
227640.0,5118.797921212736,4053.878185134782,0.0,0.9504854166315242,0.41597596736795545
227700.0,5118.786188393451,4053.889922488662,0.0,0.9504853785205366,0.4159773270231582
227760.0,5118.774449171421,4053.901655541854,0.0,0.950485541654025,0.41597868669819704
227820.0,5118.7627202614485,4053.9133955668913,0.0,0.9504853798180979,0.41598004634434277
227880.0,5118.7509891436275,4053.9251341246136,0.0,0.950485287082134,0.4159814059983856
227940.0,5118.739252081828,4053.9368686767075,0.0,0.9504853814172626,0.41598276566996384
228000.0,5118.727518632146,4053.9486056849423,0.0,0.9504853616580012,0.4159841253323662
228060.0,5118.715783697378,4053.960341705581,0.0,0.950485388389746,0.4159854850000405
228120.0,5118.704050050687,4053.9720786119024,0.0,0.9504853742508531,0.41598684466510544
228180.0,5118.692314550731,4053.983814282962,0.0,0.950485418182067,0.4159882043365596
228240.0,5118.680581708842,4053.995551763934,0.0,0.9504853781069645,0.4159895640014273
228300.0,5118.668842134732,4054.0072847215033,0.0,0.9504855496589464,0.41599092368707236
228360.0,5118.657113404719,4054.019025010554,0.0,0.95048537947569,0.41599228334230415
228420.0,5118.645382353729,4054.030763755817,0.0,0.9504852819573899,0.4159936430057561
228480.0,5118.633645135066,4054.042498343694,0.0,0.9504853785698529,0.4159950026873494
228540.0,5118.621909212748,4054.054233830705,0.0,0.9504854339032291,0.4159963623668383
228600.0,5118.610176833091,4054.065971718747,0.0,0.9504853774838443,0.4159977220367863
228660.0,5118.598434978504,4054.077703230913,0.0,0.9504856190900144,0.4159990817353406
228720.0,5118.586708396935,4054.0894450659343,0.0,0.9504853794447663,0.4160004413908391
228780.0,5118.574978552643,4054.1011847211003,0.0,0.9504852421305263,0.41600180105724593
228840.0,5118.563240024736,4054.1129185195477,0.0,0.9504853782025171,0.4160031607489757
228900.0,5118.5515033281545,4054.1246535784635,0.0,0.950485456142947,0.416004520437074
228960.0,5118.5397716225525,4054.13639201665,0.0,0.9504853767065383,0.41600588011149714
229020.0,5118.528031222466,4054.1481245999403,0.0,0.95048557082669,0.41600723981189963
229080.0,5118.516303064529,4054.15986546532,0.0,0.9504853790514529,0.4160085994782962
229140.0,5118.504572292934,4054.1716045891417,0.0,0.9504852691627707,0.41600995915374833
229200.0,5118.492834571754,4054.183339027215,0.0,0.9504853780410428,0.4160113188495747
229260.0,5118.481098313185,4054.195074476768,0.0,0.9504854404017102,0.4160126785428216
229320.0,5118.469366047392,4054.2068126315075,0.0,0.9504853768275956,0.4160140382252421
229380.0,5118.4576231062965,4054.2185435992296,0.0,0.9504856491001359,0.41601539793969666
229440.0,5118.445897376583,4054.230286199635,0.0,0.9504853790477519,0.41601675760555973
229500.0,5118.43416797198,4054.2420263416675,0.0,0.9504852243127879,0.4160181172835076
229560.0,5118.422428782637,4054.2537598828976,0.0,0.9504853776582368,0.4160194769899232
229620.0,5118.4106916587625,4054.2654948428108,0.0,0.9504854654949497,0.41602083669203826
229680.0,5118.398960159739,4054.277233610332,0.0,0.9504853759827923,0.4160221963786676
229740.0,5118.387225217025,4054.288970068703,0.0,0.9504853946354537,0.4160235560762602
229800.0,5118.375491664317,4054.300707481233,0.0,0.9504853692132843,0.41602491577091777
229860.0,5118.36375687218,4054.312444072424,0.0,0.9504853825376726,0.41602627547017973
229920.0,5118.352023817917,4054.324181853739,0.0,0.9504853408099007,0.41602763516558017
229980.0,5118.340288226673,4054.335917936296,0.0,0.9504853787225751,0.4160289948692223
230040.0,5118.328558990422,4054.3476583344595,0.0,0.9504852160067101,0.4160303545562852
230100.0,5118.316819465078,4054.3593917908493,0.0,0.9504853772655935,0.41603171427325675
230160.0,5118.305082112451,4054.371126738422,0.0,0.9504854696360098,0.4160330739856212
230220.0,5118.293350675003,4054.3828656898836,0.0,0.9504853755079313,0.4160344336816704
230280.0,5118.2816156168,4054.3946022124824,0.0,0.9504853951250198,0.41603579338918834
230340.0,5118.269882020754,4054.406339738018,0.0,0.9504853683933949,0.41603715309356515
230400.0,5118.25814712185,4054.4180763993318,0.0,0.9504853824073174,0.41603851280272724
230460.0,5118.246414050947,4054.4298143116976,0.0,0.9504853385288636,0.4160398725077703
230520.0,5118.234678312685,4054.441550437161,0.0,0.9504853783996151,0.41604123222142747
230580.0,5118.222949257864,4054.4532911002843,0.0,0.9504852072909538,0.4160425919175666
230640.0,5118.211209383581,4054.4650244630548,0.0,0.9504853768716848,0.4160439516451299
230700.0,5118.19947179479,4054.476759393252,0.0,0.9504854740098432,0.4160453113677636
230760.0,5118.187740344768,4054.488498478064,0.0,0.9504853776113551,0.4160466710734096
230820.0,5118.176007574301,4054.500236694588,0.0,0.9504853223656087,0.4160480307844199
230880.0,5118.164271262239,4054.5119725272466,0.0,0.9504853785306464,0.4160493905061114
230940.0,5118.152544367701,4054.5237147445755,0.0,0.9504851375820669,0.4160507502024785
231000.0,5118.14080223871,4054.535446678999,0.0,0.9504853764123299,0.4160521099428751
231060.0,5118.129063334002,4054.547180815039,0.0,0.9504855132246747,0.4160534696756616
231120.0,5118.117333076092,4054.5589208000115,0.0,0.9504853774873823,0.41605482938429966
231180.0,5118.105600964439,4054.5706595564257,0.0,0.9504852997037944,0.4160561890998244
231240.0,5118.0938638674315,4054.582394953623,0.0,0.9504853788153862,0.4160575488301522
231300.0,5118.082135417019,4054.5941362089734,0.0,0.9504851852077111,0.41605890853695615
231360.0,5118.070394746438,4054.605869223235,0.0,0.9504853763142532,0.416060268279585
231420.0,5118.058656653113,4054.6176040021064,0.0,0.9504854857848442,0.4160616280164505
231480.0,5118.046925478008,4054.62934346239,0.0,0.9504853771581738,0.4160629877341017
231540.0,5118.035192816722,4054.6410819423677,0.0,0.9504853149066724,0.4160643474575903
231600.0,5118.023456165144,4054.652817735223,0.0,0.9504853782045103,0.41606570719304153
231660.0,5118.011730127683,4054.6645607214846,0.0,0.9504851066836186,0.41606706689975015
231720.0,5117.999986923522,4054.6762921188847,0.0,0.9504853758277522,0.41606842665600763
231780.0,5117.988247354513,4054.6880259955897,0.0,0.9504855300074179,0.4160697864034812
231840.0,5117.976517529956,4054.6997664631085,0.0,0.9504853770496164,0.4160711461236704
231900.0,5117.964785618258,4054.7115055443173,0.0,0.9504852894001137,0.416072505851413
231960.0,5117.953048089336,4054.7232408392356,0.0,0.9504853785565337,0.41607386559576354
232020.0,5117.941313973258,4054.7349784565067,0.0,0.9504853598792721,0.4160752253315024
232080.0,5117.929578453306,4054.746715140685,0.0,0.9504853851419215,0.41607658507228196
232140.0,5117.9178441500535,4054.7584526626147,0.0,0.9504853717766215,0.41607794481065324
232200.0,5117.906108094977,4054.77018901736,0.0,0.9504854132949612,0.4160793045551252
232260.0,5117.894374551247,4054.78192708351,0.0,0.9504853754166408,0.4160806642934258
232320.0,5117.882634644942,4054.7936608743817,0.0,0.9504855375528303,0.4160820240514538
232380.0,5117.870904985857,4054.805401596037,0.0,0.9504853767057642,0.4160833837807605
232440.0,5117.859173132729,4054.8171408590897,0.0,0.9504852845363321,0.41608474351792585
232500.0,5117.847435372953,4054.8288761401436,0.0,0.9504853782946474,0.4160861032725265
232560.0,5117.83570120254,4054.840613862912,0.0,0.9504853586558936,0.4160874630180106
232620.0,5117.823965556331,4054.852350603947,0.0,0.9504853852240112,0.4160888227687407
232680.0,5117.812231190053,4054.8640882254917,0.0,0.950485371171275,0.4160901825168817
232740.0,5117.8004949821125,4054.8758246190973,0.0,0.9504854148337524,0.41609154227138
232800.0,5117.788761415483,4054.887562811992,0.0,0.9504853750033118,0.4160929020193353
232860.0,5117.777021158871,4054.8992965082043,0.0,0.9504855455066674,0.41609426178795367
232920.0,5117.765291678185,4054.911037492719,0.0,0.9504853763631651,0.4160956215263395
232980.0,5117.753559891035,4054.9227769426107,0.0,0.9504852794405527,0.416096981272905
233040.0,5117.741821974945,4054.934512259636,0.0,0.9504853754623562,0.41609834103750787
233100.0,5117.7300853469815,4054.9462484705628,0.0,0.9504854304573773,0.4160997008000267
233160.0,5117.718352239393,4054.957987068399,0.0,0.9504853743824755,0.4161010605530634
233220.0,5117.706609716337,4054.9697193279867,0.0,0.9504856145121992,0.41610242033454614
233280.0,5117.694882370314,4054.981461849638,0.0,0.9504853763309088,0.41610378007322807
233340.0,5117.683151781994,4054.993202204342,0.0,0.9504852398554021,0.416105139822762
233400.0,5117.671412564591,4055.004936736855,0.0,0.9504853750957424,0.41610649959747303
233460.0,5117.659675166939,4055.0166725224763,0.0,0.9504854525597117,0.4161078593685816
233520.0,5117.647942728882,4055.0284116674816,0.0,0.9504853736083969,0.41610921912609783
233580.0,5117.636201650917,4055.0401449921355,0.0,0.9504855665421829,0.41611057890944686
233640.0,5117.624472738136,4055.0518865501253,0.0,0.950485375938476,0.4161119386589936
233700.0,5117.612741228049,4055.0636263768824,0.0,0.9504852667209993,0.4161132984175506
233760.0,5117.601002812016,4055.075361545521,0.0,0.9504853749337324,0.41611465819636506
233820.0,5117.589265849333,4055.0870977197455,0.0,0.9504854369131382,0.4161160179726228
233880.0,5117.577532854317,4055.0988365832436,0.0,0.9504853737271916,0.4161173777381206
233940.0,5117.565789250997,4055.1105683021296,0.0,0.950485644335971,0.4161187375354721
234000.0,5117.554062750898,4055.122311585193,0.0,0.9504853759332758,0.4161200972845192
234060.0,5117.542332598926,4055.1340524244324,0.0,0.9504852221434323,0.41612145704558823
234120.0,5117.530592723667,4055.1457867017784,0.0,0.9504853745517429,0.4161228168349608
234180.0,5117.518854900826,4055.1575223895156,0.0,0.9504854618515253,0.4161241766200657
234240.0,5117.50712266747,4055.1692618624543,0.0,0.950485372886028,0.4161255363897784
234300.0,5117.495380699322,4055.1809947748684,0.0,0.9504855903094613,0.41612689618845206
234360.0,5117.483652440868,4055.1927369647465,0.0,0.9504853755221911,0.41612825594891006
234420.0,5117.471921257366,4055.2044772018285,0.0,0.9504852524495457,0.4161296157193146
234480.0,5117.460182292333,4055.216212188862,0.0,0.950485374400323,0.41613097551247824
234540.0,5117.4484449668325,4055.227948307344,0.0,0.950485444250437,0.41613233530255306
234600.0,5117.43671211303,4055.2396874558467,0.0,0.9504853730510491,0.41613369508042736
234660.0,5117.424971467393,4055.2514213565023,0.0,0.9504855470276522,0.4161350548817146
234720.0,5117.413241790609,4055.263162682875,0.0,0.9504853751441884,0.41613641465261225
234780.0,5117.401509770384,4055.2749024493864,0.0,0.9504852766518632,0.41613777443179556
234840.0,5117.389771522426,4055.286638015624,0.0,0.9504853742301073,0.41613913422930116
234900.0,5117.378034583607,4055.2983744900903,0.0,0.9504854301168,0.4161404940246612
234960.0,5117.3663012220395,4055.310113390265,0.0,0.9504853731340532,0.4161418538103748
235020.0,5117.354558293343,4055.32184584871,0.0,0.950485617154941,0.41614321362497136
235080.0,5117.342830786591,4055.333588736305,0.0,0.950485375115377,0.41614457339606015
235140.0,5117.331099985468,4055.345329421418,0.0,0.9504852364294485,0.4161459331781503
235200.0,5117.319360416147,4055.3570641894185,0.0,0.9504853738615221,0.41614729298581904
235260.0,5117.307622696162,4055.3688002307044,0.0,0.9504854525811754,0.416148652789799
235320.0,5117.295890015862,4055.3805396860143,0.0,0.9504853723514018,0.4161500125799553
235380.0,5117.284148556446,4055.3922732259866,0.0,0.9504855684117288,0.4161513723963455
235440.0,5117.2724194586035,4055.4040151332765,0.0,0.950485374720555,0.41615273217836624
235500.0,5117.260687721787,4055.415755280897,0.0,0.9504852637341974,0.4161540919695168
235560.0,5117.248948967699,4055.427490694436,0.0,0.9504853737008553,0.4161554517812459
235620.0,5117.237211690637,4055.4392271297074,0.0,0.950485436685093,0.4161568115903493
235680.0,5117.225478445331,4055.4509662979767,0.0,0.9504853724760893,0.41615817138850714
235740.0,5117.213738172916,4055.46270073469,0.0,0.9504855293577582,0.4161595312078958
235800.0,5117.202007790592,4055.4744418688015,0.0,0.9504853743555647,0.4161608909999727
235860.0,5117.190275293742,4055.4861815975937,0.0,0.9504852855347798,0.41616225079968155
235920.0,5117.178537105505,4055.497917488668,0.0,0.9504853758837161,0.41616361061621576
235980.0,5117.1668023753555,4055.5096557334473,0.0,0.9504853569572903,0.41616497042400397
236040.0,5117.15506622291,4055.5213930323457,0.0,0.9504853825582362,0.41616633023688593
236100.0,5117.143331303379,4055.5331311802215,0.0,0.9504853690147902,0.41616769004731097
236160.0,5117.131594609008,4055.5448681449398,0.0,0.9504854110887625,0.41616904986390324
236220.0,5117.119860459298,4055.5566068441453,0.0,0.9504853727045628,0.4161704096742251
236280.0,5117.108119863121,4055.5683412098842,0.0,0.9504855370090345,0.41617176950451934
236340.0,5117.096389649662,4055.5800826003406,0.0,0.9504853740120088,0.41617312930569395
236400.0,5117.084657213363,4055.5918225122064,0.0,0.9504852806108446,0.41617448911481
236460.0,5117.072918792427,4055.6035583879902,0.0,0.9504853756232228,0.4161758489415896
236520.0,5117.061184008434,4055.6152967384596,0.0,0.9504853557224482,0.41617720875911196
236580.0,5117.049447729269,4055.6270340937485,0.0,0.9504853826463179,0.4161785685819362
236640.0,5117.037712747084,4055.638772341352,0.0,0.9504853684062438,0.41617992840212026
236700.0,5117.025975899032,4055.6505093442206,0.0,0.9504854126530247,0.41618128822873146
236760.0,5117.014241727332,4055.6622481706545,0.0,0.9504853722906015,0.41618264804869587
236820.0,5117.002500777425,4055.673982439213,0.0,0.9504855450740898,0.41618400788958076
236880.0,5116.99077074593,4055.68572409486,0.0,0.9504853736697233,0.41618536769981407
236940.0,5116.979038377688,4055.6974641948623,0.0,0.950485275451842,0.4161867275183145
237000.0,5116.967299799575,4055.709200105874,0.0,0.9504853727579586,0.41618808735508944
237060.0,5116.955562526812,4055.720936922707,0.0,0.950485428488747,0.4161894471897281
237120.0,5116.943828821022,4055.7326761587465,0.0,0.9504853716647291,0.41619080701474714
237180.0,5116.932085575533,4055.7444089703786,0.0,0.9504856150051378,0.4161921668685756
237240.0,5116.920357707709,4055.7561521831785,0.0,0.9504853736402971,0.4161935266790134
237300.0,5116.9086265549395,4055.767893199437,0.0,0.9504852353409026,0.41619488650042685
237360.0,5116.896886659125,4055.7796283144744,0.0,0.9504853723897061,0.41619624634735164
237420.0,5116.885148607308,4055.79136469941,0.0,0.9504854508897609,0.4161976061906011
237480.0,5116.873415580699,4055.803104489217,0.0,0.9504853708835646,0.41619896602006484
237540.0,5116.861673800149,4055.814838379586,0.0,0.9504855663971473,0.41620032587569517
237600.0,5116.849944345667,4055.8265806148306,0.0,0.9504853732458807,0.4162016856970497
237660.0,5116.838212259756,4055.838321095159,0.0,0.9504852625688573,0.4162030455275132
237720.0,5116.826473176706,4055.850056854126,0.0,0.9504853722287924,0.41620440537850145
237780.0,5116.81473556641,4055.86179363211,0.0,0.9504854350373166,0.41620576522687447
237840.0,5116.803001976284,4055.873533135769,0.0,0.9504853710072099,0.4162071250643325
237900.0,5116.791261379198,4055.8852679205934,0.0,0.9504855274513189,0.41620848492296714
237960.0,5116.77953064379,4055.8970093848543,0.0,0.9504853728812125,0.41620984475436484
238020.0,5116.7677977998965,4055.9087494475984,0.0,0.9504852843079937,0.4162112045933776
238080.0,5116.756059280942,4055.9204856829383,0.0,0.9504853744048711,0.41621256444917204
238140.0,5116.7443242101235,4055.9322242656863,0.0,0.9504853555311088,0.41621392429624643
238200.0,5116.732587721072,4055.9439619051104,0.0,0.9504853810605463,0.416215284148403
238260.0,5116.720852461374,4055.9557003912537,0.0,0.9504853675547522,0.41621664399811154
238320.0,5116.709115431911,4055.9674376974363,0.0,0.9504854095112815,0.41621800385397323
238380.0,5116.697380939782,4055.979176733468,0.0,0.9504853712340037,0.4162193637035836
238440.0,5116.685640019661,4055.990911447698,0.0,0.9504855350801877,0.41622072357311624
238500.0,5116.673909452441,4056.002653167797,0.0,0.950485372537572,0.4162220834136081
238560.0,5116.6621766687285,4056.0143934133043,0.0,0.9504852793967337,0.4162234432620237
238620.0,5116.650437917548,4056.026129633576,0.0,0.9504853741440614,0.41622480312805715
238680.0,5116.638702792846,4056.0378683219114,0.0,0.9504853542986605,0.4162261629848605
238740.0,5116.626966177243,4056.049606017756,0.0,0.9504853811473428,0.41622752284695363
238800.0,5116.615230854875,4056.0613446035404,0.0,0.950485366946858,0.41622888270641584
238860.0,5116.603493671974,4056.073081947952,0.0,0.9504854110701519,0.4162302425722904
238920.0,5116.591759157718,4056.084821111052,0.0,0.9504853708201534,0.41623160243153806
238980.0,5116.580017884683,4056.096555728541,0.0,0.9504855431218104,0.416232962311654
239040.0,5116.568287498711,4056.1082977132996,0.0,0.9504853721951984,0.4162343221612014
239100.0,5116.556554782664,4056.12003814662,0.0,0.9504852742510481,0.41623568201899713
239160.0,5116.54481587456,4056.1317744022035,0.0,0.9504853712857437,0.41623704189502
239220.0,5116.533078268025,4056.1435115612057,0.0,0.950485426861093,0.41623840176891547
239280.0,5116.521344218216,4056.155251132936,0.0,0.9504853701953287,0.4162397616332183
239340.0,5116.509600656043,4056.1669842975207,0.0,0.9504856128575783,0.41624112152625703
239400.0,5116.497872427411,4056.1787278353804,0.0,0.9504853721651602,0.416242481376022
239460.0,5116.486140923224,4056.1904691826226,0.0,0.9504852342510217,0.4162438412367368
239520.0,5116.474400701068,4056.202204644484,0.0,0.9504853709178224,0.41624520112289604
239580.0,5116.462662317582,4056.213941372867,0.0,0.9504854491990605,0.4162465610053932
239640.0,5116.450928944874,4056.2256814969987,0.0,0.9504853694156453,0.41624792087414286
239700.0,5116.439186843314,4056.237415737537,0.0,0.9504855643844468,0.41624928076899165
239760.0,5116.427457032449,4056.2491583005876,0.0,0.9504853717711484,0.41625064062965805
239820.0,5116.415724597669,4056.26089911346,0.0,0.9504852614023251,0.41625200049941263
239880.0,5116.403985185808,4056.272635217641,0.0,0.9504853707566622,0.41625336038963817
239940.0,5116.392247242445,4056.284372338139,0.0,0.950485433390064,0.41625472027725907
240000.0,5116.380513307708,4056.2961121770086,0.0,0.9504853695382515,0.41625608015399546
240060.0,5116.368772386087,4056.3078473097244,0.0,0.950485525546397,0.41625744005185433
240120.0,5116.357041297837,4056.3195891039795,0.0,0.9504853714068018,0.416258799922551
240180.0,5116.3453081071175,4056.3313295005078,0.0,0.9504852830802115,0.41626015980084585
240240.0,5116.333569257603,4056.343066079907,0.0,0.9504853729259841,0.4162615196958789
240300.0,5116.321833846315,4056.3548050004397,0.0,0.9504853541046828,0.4162628795822176
240360.0,5116.310097020838,4056.3665429801986,0.0,0.9504853795628875,0.4162642394736273
240420.0,5116.298361421163,4056.378281804426,0.0,0.9504853660946,0.41626559936259766
240480.0,5116.286624056776,4056.3900194518774,0.0,0.9504854079341437,0.4162669592577073
240540.0,5116.27488922243,4056.4017588245597,0.0,0.9504853697633706,0.41626831914658413
240600.0,5116.26314797849,4056.413493887055,0.0,0.9504855331531098,0.41626967905533374
240660.0,5116.251417057755,4056.425235936645,0.0,0.9504853710630768,0.4162710389351211
240720.0,5116.2396839268495,4056.436976515628,0.0,0.9504852781815418,0.41627239882281447
240780.0,5116.227944845574,4056.448713080178,0.0,0.9504853726648604,0.4162737587280799
240840.0,5116.216209380355,4056.4604521061965,0.0,0.9504853528746198,0.4162751186241423
240900.0,5116.204472428489,4056.472190142406,0.0,0.9504853796484036,0.4162764785254828
240960.0,5116.192736766131,4056.483929066186,0.0,0.9504853654873561,0.41627783842420163
241020.0,5116.180999248552,4056.495666751945,0.0,0.9504854094876392,0.41627919832931826
241080.0,5116.169264391948,4056.5074062515337,0.0,0.9504853693496315,0.4162805582278278
241140.0,5116.157522795911,4056.5191412177287,0.0,0.9504855411712693,0.41628191814715315
241200.0,5116.145792055706,4056.5308835314495,0.0,0.950485370720615,0.41628327803599263
241260.0,5116.1340589920765,4056.542624297922,0.0,0.9504852730491391,0.4162846379330619
241320.0,5116.122319754136,4056.554360897869,0.0,0.9504853698134621,0.41628599784831083
241380.0,5116.1105818139995,4056.566098398844,0.0,0.9504854252338628,0.41628735776144155
241440.0,5116.098847420375,4056.5778383060856,0.0,0.950485368725854,0.4162887176650063
241500.0,5116.087103541645,4056.5895718233987,0.0,0.9504856107118245,0.41629007759723385
241560.0,5116.075374952455,4056.6013156861723,0.0,0.950485370689965,0.4162914374863043
241620.0,5116.063643097073,4056.6130573642317,0.0,0.9504852331600151,0.4162927973862987
241680.0,5116.051902548719,4056.6247931727103,0.0,0.9504853694458715,0.4162941573116709
241740.0,5116.040163833732,4056.636530244343,0.0,0.9504854475088267,0.41629551723339425
241800.0,5116.028430115135,4056.648270702624,0.0,0.9504853679476495,0.4162968771414079
241860.0,5116.016687692709,4056.6600052931203,0.0,0.9504855623729179,0.41629823707545366
241920.0,5116.004957525689,4056.671748183816,0.0,0.9504853702963558,0.41629959697541025
241980.0,5115.99322474225,4056.683489329057,0.0,0.9504852602350666,0.4163009568844342
242040.0,5115.981485001742,4056.695225778254,0.0,0.9504853692844656,0.4163023168138758
242100.0,5115.969746725484,4056.7069632410694,0.0,0.9504854317432072,0.41630367674072305
242160.0,5115.958012446336,4056.7187034149742,0.0,0.9504853680692184,0.41630503665671587
242220.0,5115.946267480414,4056.730436386029,0.0,0.9504856407698479,0.41630639660480717
242280.0,5115.934539744491,4056.7421810152455,0.0,0.9504853702929719,0.41630775650419255
242340.0,5115.922808329769,4056.7539231806218,0.0,0.9504852153148332,0.4163091164156816
242400.0,5115.911067119755,4056.765658730699,0.0,0.9504853689013802,0.4163104763557002
242460.0,5115.899327977504,4056.7773957024924,0.0,0.9504854568761993,0.41631183629139945
242520.0,5115.887594466203,4056.789136490213,0.0,0.9504853672234097,0.41631319621157453
242580.0,5115.875857507536,4056.800874963667,0.0,0.9504853859054514,0.4163145561427311
242640.0,5115.864121940415,4056.81261439332,0.0,0.9504853604433637,0.41631591607094015
242700.0,5115.852385132567,4056.824352999784,0.0,0.9504853737887573,0.416317276003758
242760.0,5115.840650064516,4056.8360927989265,0.0,0.9504853319954166,0.4163186359326994
242820.0,5115.8289124567755,4056.8478308955378,0.0,0.9504853699677689,0.41631999586989543
242880.0,5115.817181210965,4056.8595733171464,0.0,0.9504852069959762,0.4163213557904654
242940.0,5115.805439664952,4056.8713087817277,0.0,0.9504853685086032,0.4163227157410094
243000.0,5115.793700294068,4056.8830457406866,0.0,0.9504854610243507,0.4163240756869267
243060.0,5115.781966844784,4056.89478671229,0.0,0.9504853667482841,0.41632543561648816
243120.0,5115.770229770869,4056.906525249646,0.0,0.9504853863962812,0.41632679555753815
243180.0,5115.758494160734,4056.918264792089,0.0,0.9504853596226638,0.4163281554954339
243240.0,5115.746757246374,4056.930003468363,0.0,0.9504853736586841,0.4163295154381199
243300.0,5115.7350221620345,4056.9417433983804,0.0,0.9504853297112504,0.4163308753766712
243360.0,5115.723284407489,4056.953481537526,0.0,0.9504853696447855,0.41633223532385044
243420.0,5115.711553343676,4056.965224224213,0.0,0.9504851982668894,0.41633359525346264
243480.0,5115.699811448712,4056.976959594503,0.0,0.9504853681145585,0.416334955214568
243540.0,5115.688071841777,4056.988696535582,0.0,0.9504854654056171,0.4163363151707233
243600.0,5115.6763383802745,4057.0004376403654,0.0,0.9504853688555006,0.4163376751098489
243660.0,5115.66460359696,4057.012177874878,0.0,0.9504853135228896,0.41633903505434205
243720.0,5115.652865268239,4057.023915720269,0.0,0.9504853697763457,0.41634039500953757
243780.0,5115.641136367293,4057.035659964262,0.0,0.9504851284486704,0.4163417549393419
243840.0,5115.629392215431,4057.0473939027615,0.0,0.9504853676548038,0.41634311491327325
243900.0,5115.617651291401,4057.0591300476312,0.0,0.9504855046825114,0.4163444748795681
243960.0,5115.605919023546,4057.070872054242,0.0,0.9504853687316555,0.416345834821656
244020.0,5115.594184900006,4057.0826128295216,0.0,0.9504852908256463,0.4163471947706374
244080.0,5115.582445785735,4057.0943502381842,0.0,0.9504853700618592,0.4163485547344527
244140.0,5115.570715327473,4057.1060935178048,0.0,0.9504851761492205,0.41634991467468346
244200.0,5115.558972635831,4057.1178285381957,0.0,0.9504853675568947,0.41635127465081595
244260.0,5115.547232524302,4057.129565326992,0.0,0.9504854772000535,0.4163526346211627
244320.0,5115.5354993385145,4057.1413068074567,0.0,0.9504853684022526,0.416353994572248
244380.0,5115.523764664994,4057.153047305384,0.0,0.9504853060527712,0.416355354529175
244440.0,5115.5120259968835,4057.164785110262,0.0,0.9504853694503445,0.41635671449808886
244500.0,5115.500297954447,4057.176530124263,0.0,0.9504850975018716,0.4163580744381853
244560.0,5115.488552726735,4057.188263523935,0.0,0.9504853670699511,0.41635943442794116
244620.0,5115.476811138174,4057.1999994082776,0.0,0.9504855214924751,0.4163607944088837
244680.0,5115.46507930464,4057.2117418978764,0.0,0.9504853682938471,0.41636215436247637
244740.0,5115.453345381767,4057.223482998045,0.0,0.9504852805063724,0.41636351432363056
244800.0,5115.44160583561,4057.2352203035844,0.0,0.9504853698032454,0.41636487430142766
244860.0,5115.429869706032,4057.246959936519,0.0,0.9504853510966195,0.4163662342705868
244920.0,5115.418132171104,4057.2586986342612,0.0,0.9504853763991152,0.416367594244792
244980.0,5115.406395854233,4057.270438171543,0.0,0.9504853630128153,0.41636895421657744
245040.0,5115.3946577836805,4057.2821765390245,0.0,0.9504854045966223,0.41637031419447135
245100.0,5115.382922227236,4057.2939166216206,0.0,0.9504853666586761,0.41637167416617393
245160.0,5115.371180301377,4057.305652419472,0.0,0.9504855290504745,0.41637303415764043
245220.0,5115.3594486338725,4057.3173951633025,0.0,0.9504853679499389,0.4163743941203167
245280.0,5115.347714770006,4057.3291364452525,0.0,0.9504852756352662,0.4163757540908605
245340.0,5115.335974993107,4057.340873736428,0.0,0.9504853695414351,0.41637711407887623
245400.0,5115.3242388095105,4057.352613474626,0.0,0.9504853498717742,0.416378474057748
245460.0,5115.3125011485545,4057.3643522288853,0.0,0.9504853764818324,0.416379834041872
245520.0,5115.30076476896,4057.376091865536,0.0,0.9504853624069933,0.4163811940233948
245580.0,5115.289026545744,4057.387830271497,0.0,0.9504854061383785,0.4163825540112832
245640.0,5115.277290966748,4057.3995704806525,0.0,0.9504853662451801,0.41638391399260805
245700.0,5115.265548690567,4057.4113061831686,0.0,0.9504855370174914,0.4163852739946343
245760.0,5115.25381720203,4057.423049189978,0.0,0.9504853676072857,0.41638663396635567
245820.0,5115.242083404585,4057.4347906587136,0.0,0.9504852705319147,0.4163879939462664
245880.0,5115.230343471572,4057.4465279854758,0.0,0.9504853667051646,0.41638935394425286
245940.0,5115.218604828145,4057.4582662080275,0.0,0.9504854217869171,0.41639071394014127
246000.0,5115.2068697089335,4057.470006822704,0.0,0.9504853656236902,0.41639207392652244
246060.0,5115.195125164106,4057.4817410851365,0.0,0.9504856061318185,0.4163934339414061
246120.0,5115.183395812785,4057.493485632142,0.0,0.950485367575301,0.41639479391338785
246180.0,5115.171663215712,4057.5052280073646,0.0,0.9504852308848287,0.41639615389623724
246240.0,5115.159921980226,4057.516964547584,0.0,0.9504853663382966,0.41639751390431845
246300.0,5115.148182566522,4057.5287023435862,0.0,0.9504854439243801,0.4163988739087798
246360.0,5115.136448117812,4057.540443506324,0.0,0.9504853648487149,0.41640023389961434
246420.0,5115.124705019868,4057.5521788358674,0.0,0.9504855580867234,0.4164015939163343
246480.0,5115.112974100342,4057.563922416789,0.0,0.9504853671825743,0.41640295389916915
246540.0,5115.101240580754,4057.5756642625975,0.0,0.9504852577929611,0.4164043138910259
246600.0,5115.089500147749,4057.587401440027,0.0,0.9504853661763546,0.41640567390318334
246660.0,5115.077761169731,4057.599139625175,0.0,0.9504854282535247,0.41640703391276923
246720.0,5115.066026163705,4057.610880505478,0.0,0.9504853649680197,0.41640839391156687
246780.0,5115.054280537928,4057.6226142253954,0.0,0.9504856360035012,0.4164097539422827
246840.0,5115.042552033949,4057.6343595348703,0.0,0.9504853671776895,0.41641111392458025
246900.0,5115.030819874196,4057.6461023950756,0.0,0.9504852131454409,0.4164124739189182
246960.0,5115.019077980625,4057.6578386789456,0.0,0.9504853657940869,0.41641383394162146
247020.0,5115.007338141766,4057.66957637623,0.0,0.9504854532314868,0.41641519396003823
247080.0,5114.99560389847,4057.681317866999,0.0,0.9504853641258547,0.4164165539630243
247140.0,5114.983866229407,4057.6930570571744,0.0,0.9504853826935714,0.41641791397693306
247200.0,5114.972129943103,4057.704797197963,0.0,0.9504853573866999,0.4164192739879166
247260.0,5114.960392423816,4057.716536520453,0.0,0.9504853706503544,0.41642063400348694
247320.0,5114.948656633354,4057.728277028645,0.0,0.9504853291119405,0.41642199401520885
247380.0,5114.936918319105,4057.740015844372,0.0,0.9504853668521897,0.41642335403514186
247440.0,5114.925186326769,4057.7517589597,0.0,0.9504852048751103,0.41642471403855363
247500.0,5114.913444098879,4057.7634951589766,0.0,0.9504853654014253,0.4164260740717666
247560.0,5114.901704032387,4057.775232843899,0.0,0.9504854573521332,0.4164274341003876
247620.0,5114.889969850292,4057.7869745178696,0.0,0.9504853636513451,0.4164287941127512
247680.0,5114.878232066272,4057.7987137719706,0.0,0.9504853831791457,0.4164301541365414
247740.0,5114.8664957367955,4057.8104540252853,0.0,0.9504853565687159,0.41643151415720087
247800.0,5114.8547581112325,4057.822193417573,0.0,0.9504853705187996,0.4164328741826276
247860.0,5114.843022304153,4057.8339340562707,0.0,0.9504853268393858,0.41643423420394904
247920.0,5114.831283843583,4057.845672914678,0.0,0.9504853665288959,0.4164355942338527
247980.0,5114.819552031669,4057.8574162939226,0.0,0.9504851961970731,0.4164369542462996
248040.0,5114.807809456587,4057.8691523998627,0.0,0.9504853650075044,0.41643831429005806
248100.0,5114.796069155095,4057.880890067412,0.0,0.9504854617042966,0.41643967432890294
248160.0,5114.7843349604245,4057.8926318741774,0.0,0.9504853657434151,0.41644103435082036
248220.0,5114.772599452169,4057.90437281586,0.0,0.9504853107484132,0.4164423943780816
248280.0,5114.760860420745,4057.9161113825103,0.0,0.9504853666581303,0.41644375441598513
248340.0,5114.749130757824,4057.9278563101543,0.0,0.9504851268037906,0.4164451144286537
248400.0,5114.737385939729,4057.9395909930026,0.0,0.9504853645490359,0.4164464744851937
248460.0,5114.725644329129,4057.951327869299,0.0,0.9504855007397254,0.41644783453414935
248520.0,5114.713911320324,4057.9630705728446,0.0,0.9504853656188043,0.41644919455904245
248580.0,5114.702176467411,4057.974812052375,0.0,0.9504852881883064,0.41645055459079633
248640.0,5114.690436655083,4057.9865501851364,0.0,0.9504853669403771,0.4164519146373
248700.0,5114.678705444353,4057.9982941543335,0.0,0.9504851742116804,0.41645327466036275
248760.0,5114.666962077029,4058.0100299129726,0.0,0.9504853644502029,0.41645463471912136
248820.0,5114.6552212735405,4058.021767429672,0.0,0.9504854734235066,0.41645599477213585
248880.0,5114.643487352276,4058.0335096104336,0.0,0.950485365289891,0.4164573548060041
248940.0,5114.631751952548,4058.045250814512,0.0,0.9504853033208595,0.4164587148456877
249000.0,5114.620012583289,4058.0569893414204,0.0,0.950485366331076,0.41646007489729053
249060.0,5114.608283772912,4058.068735035073,0.0,0.9504850960428801,0.4164614349202522
249120.0,5114.596537885146,4058.0804691827966,0.0,0.9504853639647105,0.41646279499258526
249180.0,5114.5847956136095,4058.0922058006313,0.0,0.9504855174440355,0.41646415505616413
249240.0,5114.5730630358175,4058.103948984855,0.0,0.9504853651806258,0.41646551509255597
249300.0,5114.561328381736,4058.115690787895,0.0,0.9504852779289348,0.4164668751364725
249360.0,5114.549588139655,4058.127428818671,0.0,0.9504853666803,0.4164682351969372
249420.0,5114.53785759179,4058.1391734254867,0.0,0.9504851494984358,0.4164695952308345
249480.0,5114.526113346021,4058.150908778409,0.0,0.9504853638844952,0.41647095530483785
249540.0,5114.5143719911575,4058.162646110782,0.0,0.9504854866922949,0.4164723153721609
249600.0,5114.502638392295,4058.1743886986947,0.0,0.950485364841131,0.4164736754178374
249660.0,5114.490903129177,4058.1861301841523,0.0,0.9504852950131069,0.41647503546986053
249720.0,5114.479163393533,4058.1978686519487,0.0,0.9504853660248342,0.4164763955352421
249780.0,5114.467431413171,4058.2096123841084,0.0,0.9504851922250872,0.4164777555796006
249840.0,5114.455688470082,4058.221348712708,0.0,0.9504853637712432,0.41647911565624385
249900.0,5114.443947837494,4058.23308662812,0.0,0.9504854620353782,0.41648047572786623
249960.0,5114.432213410323,4058.2448287500956,0.0,0.9504853645204006,0.41648183578227604
250020.0,5114.4204776486085,4058.256569992663,0.0,0.950485308635,0.4164831958420893
250080.0,5114.408738306971,4058.268308821425,0.0,0.9504853654512597,0.41648455591270866
250140.0,5114.3970084852035,4058.280054114575,0.0,0.9504851217113024,0.416485915957655
250200.0,5114.385263263849,4058.291788995953,0.0,0.9504853633093157,0.4164872760471786
250260.0,5114.373521301965,4058.303526106277,0.0,0.950485501707322,0.4164886361289672
250320.0,5114.361788080722,4058.315269138701,0.0,0.9504853643977405,0.4164899961862917
250380.0,5114.350052985857,4058.3270109269342,0.0,0.9504852857133531,0.41649135625056144
250440.0,5114.338312851653,4058.338749313793,0.0,0.9504853657420484,0.4164927163298117
250500.0,5114.326581457979,4058.350493631994,0.0,0.9504851698914003,0.41649407638521907
250560.0,5114.314837711736,4058.3622296057465,0.0,0.9504853632128515,0.4164954364768882
250620.0,5114.303096570921,4058.373967365963,0.0,0.9504854739524558,0.41649679656269223
250680.0,5114.291362423432,4058.385709866143,0.0,0.9504853640674679,0.41649815662902867
250740.0,5114.279626773865,4058.397451373493,0.0,0.9504853010950631,0.416499516701248
250800.0,5114.267887090812,4058.409190159977,0.0,0.9504853651268456,0.4165008767855713
250860.0,5114.256154399899,4058.4209336949207,0.0,0.9504852083965222,0.4165022368510515
250920.0,5114.244411822796,4058.4326705540625,0.0,0.9504853630865959,0.4165035969457403
250980.0,5114.232671327758,4058.4444088455843,0.0,0.9504854516935884,0.4165049570360605
251040.0,5114.220936502311,4058.4561509819723,0.0,0.9504853613971473,0.41650631711073177
251100.0,5114.209198205961,4058.467890786415,0.0,0.9504853802136592,0.4165076771964574
251160.0,5114.197461310776,4058.4796315542326,0.0,0.9504853545689772,0.4165090372792026
251220.0,5114.185723166443,4058.4913714925146,0.0,0.9504853680105119,0.41651039736658085
251280.0,5114.173986773923,4058.503112632441,0.0,0.9504853259172682,0.41651175745004215
251340.0,5114.162247824386,4058.5148520568177,0.0,0.9504853641626534,0.4165131175418112
251400.0,5114.150515280512,4058.5265958389136,0.0,0.9504852000204569,0.41651447761681115
251460.0,5114.138772365871,4058.5383326110823,0.0,0.9504853626935797,0.4165158377220095
251520.0,5114.127031641396,4058.5500708888435,0.0,0.9504854558742039,0.41651719782252955
251580.0,5114.115296879158,4058.5618132096843,0.0,0.9504853609211891,0.4165185579065628
251640.0,5114.103558467536,4058.573553077688,0.0,0.9504853807106219,0.4165199180021612
251700.0,5114.091821529809,4058.5852939583256,0.0,0.9504853537449516,0.4165212780945707
251760.0,5114.080083278998,4058.5970339661217,0.0,0.9504853678820938,0.41652263819179636
251820.0,5114.068346870844,4058.6087752370913,0.0,0.9504853236192203,0.4165239982848446
251880.0,5114.056607774254,4058.620514703496,0.0,0.950485363839933,0.4165253583865768
251940.0,5114.044875414393,4058.6322587518584,0.0,0.9504851912311907,0.41652671847059175
252000.0,5114.0331321491685,4058.6439954281905,0.0,0.9504853622992872,0.4165280785863356
252060.0,5114.021391187787,4058.6557336871083,0.0,0.9504854602895456,0.41652943869707565
252120.0,5114.009656414011,4058.6674761413165,0.0,0.9504853630461256,0.41653079879065014
252180.0,5113.997920309488,4058.6792177185052,0.0,0.9504853073163149,0.41653215888961714
252240.0,5113.986180635301,4058.6909568883725,0.0,0.9504853639741598,0.4165335189993628
252300.0,5113.974450453643,4058.702702505319,0.0,0.950485120913166,0.41653487908350706
252360.0,5113.96270491656,4058.714437738431,0.0,0.9504853618379518,0.41653623921211114
252420.0,5113.950962629567,4058.72617519454,0.0,0.9504854998502592,0.41653759933300394
252480.0,5113.939229058127,4058.737918556875,0.0,0.9504853629231126,0.4165389594294991
252540.0,5113.92749361841,4058.7496606783857,0.0,0.95048528445783,0.4165403195329244
252600.0,5113.915753153799,4058.761399407655,0.0,0.9504853642634441,0.4165416796512915
252660.0,5113.904021404621,4058.7731440523817,0.0,0.9504851689582979,0.41654303974588175
252720.0,5113.892277338289,4058.7848803750576,0.0,0.9504853617410616,0.41654439987663894
252780.0,5113.880535869879,4058.7966184794354,0.0,0.9504854721719977,0.41654576000155036
252840.0,5113.8688013747205,4058.808361311072,0.0,0.9504853625930652,0.4165471201070474
252900.0,5113.8570653817615,4058.820103152572,0.0,0.9504852997960426,0.41654848021841495
252960.0,5113.845325366876,4058.8318422805164,0.0,0.950485363649259,0.4165498403418554
253020.0,5113.833592324046,4058.8435861442013,0.0,0.9504852073556108,0.4165512004465055
253080.0,5113.8218494233715,4058.855323350015,0.0,0.9504853616144634,0.41655256058028817
253140.0,5113.8101085987555,4058.867061984394,0.0,0.9504854499744594,0.4165539207097174
253200.0,5113.798373427454,4058.8788044533358,0.0,0.95048535992949,0.41655528082354076
253260.0,5113.786634795184,4058.890544596609,0.0,0.9504853786934635,0.41655664094839145
253320.0,5113.774897560037,4058.9022857006917,0.0,0.9504853531201108,0.41655800107027174
253380.0,5113.763159079306,4058.914025977483,0.0,0.9504853665240829,0.41655936119677534
253440.0,5113.751422345339,4058.925767452718,0.0,0.950485324547986,0.41656072131937444
253500.0,5113.739683061668,4058.9375072170224,0.0,0.950485362686712,0.41656208145026163
253560.0,5113.727950165257,4058.9492513273876,0.0,0.9504851990016889,0.41656344156442754
253620.0,5113.716206927816,4058.9609884466363,0.0,0.9504853612214996,0.41656480170871246
253680.0,5113.704465874223,4058.97272706747,0.0,0.9504854541424131,0.41656616184833506
253740.0,5113.692730765758,4058.984469720549,0.0,0.9504853594538151,0.4165675219715158
253800.0,5113.680992018349,4058.9962099273916,0.0,0.9504853791880001,0.4165688821062335
253860.0,5113.669254740587,4059.0079511441713,0.0,0.9504853522973384,0.41657024223777317
253920.0,5113.65751615349,4059.0196914904704,0.0,0.95048536639498,0.41657160237411833
253980.0,5113.64577940374,4059.031433096576,0.0,0.9504853222553004,0.41657296250629955
254040.0,5113.634039973246,4059.043172902976,0.0,0.9504853623638488,0.416574322647144
254100.0,5113.622307260126,4059.0549172790743,0.0,0.9504851902358036,0.4165756827703216
254160.0,5113.610563672911,4059.066654302922,0.0,0.9504853608272631,0.4165770429251447
254220.0,5113.598822382896,4059.0783929051413,0.0,0.9504854585444609,0.4165784030749806
254280.0,5113.587087262732,4059.0901356914133,0.0,0.95048536157179,0.4165797632076978
254340.0,5113.575350815605,4059.1018776030464,0.0,0.9504853059970377,0.4165811233457968
254400.0,5113.563610809035,4059.1136171138214,0.0,0.9504853624970088,0.416582483494647
254460.0,5113.55188026775,4059.1253630544234,0.0,0.9504851201126719,0.4165838436179672
254520.0,5113.540134415049,4059.137098639036,0.0,0.9504853603665175,0.4165852037856297
254580.0,5113.52839180309,4059.1488364407164,0.0,0.9504854979943859,0.41658656394560517
254640.0,5113.516657881689,4059.1605801327996,0.0,0.950485361448425,0.4165879240812492
254700.0,5113.504922097331,4059.172322587415,0.0,0.9504852832015294,0.41658928422380836
254760.0,5113.493181302475,4059.184061658894,0.0,0.9504853627847925,0.4165906443812708
254820.0,5113.48144919804,4059.195806629993,0.0,0.9504851680233859,0.4165920045150221
254880.0,5113.469704811747,4059.2075433013692,0.0,0.9504853602692026,0.4165933646848462
254940.0,5113.457963015894,4059.2192817497003,0.0,0.9504854703925314,0.41659472484884336
255000.0,5113.446228173292,4059.231024912628,0.0,0.9504853611186023,0.416596084993479
255060.0,5113.43449183715,4059.242767088104,0.0,0.9504852984962917,0.4165974451439729
255120.0,5113.4227514906015,4059.2545065573076,0.0,0.9504853621716239,0.4165988053065089
255180.0,5113.411018096098,4059.266250749582,0.0,0.9504852063129645,0.4166001654503069
255240.0,5113.399274871987,4059.2779883018443,0.0,0.9504853601422623,0.41660152562316205
255300.0,5113.3875337179525,4059.289727278875,0.0,0.9504854482560985,0.4166028857916787
255360.0,5113.375798201014,4059.3014700801996,0.0,0.9504853584617494,0.41660424594463225
255420.0,5113.364059233006,4059.3132105621116,0.0,0.9504853771733551,0.4166056061085861
255480.0,5113.352321658098,4059.324952002278,0.0,0.9504853516711008,0.4166069662695799
255540.0,5113.340582841153,4059.3366926173912,0.0,0.9504853650376307,0.41660832643518686
255600.0,5113.328845765941,4059.348434427755,0.0,0.9504853231783122,0.41660968659690223
255660.0,5113.3171061483135,4059.3601745317924,0.0,0.950485361210715,0.4166110467668857
255720.0,5113.305372899603,4059.37191897027,0.0,0.9504851979813441,0.4166124069201958
255780.0,5113.293629339498,4059.383656436381,0.0,0.9504853597493509,0.4166137671035458
255840.0,5113.281887956949,4059.395395400082,0.0,0.9504854524114306,0.4166151272822493
255900.0,5113.27015250247,4059.4071383852315,0.0,0.9504853579863566,0.41661648744455615
255960.0,5113.2584134194585,4059.4188789307227,0.0,0.9504853776654794,0.4166178476183715
256020.0,5113.246675801857,4059.430620483463,0.0,0.9504853508495744,0.4166192077890194
256080.0,5113.234936878653,4059.4423611680754,0.0,0.9504853649078482,0.41662056796446234
256140.0,5113.223199787507,4059.454103109138,0.0,0.9504853208909502,0.41662192813575494
256200.0,5113.211460023285,4059.4658432553365,0.0,0.9504853608877086,0.41662328831568957
256260.0,5113.199726957142,4059.477587959012,0.0,0.9504851892389192,0.4166246484780079
256320.0,5113.187983048073,4059.4893253301598,0.0,0.950485359355171,0.4166260086718887
256380.0,5113.176241429587,4059.501064275478,0.0,0.9504854568000615,0.41662736886079893
256440.0,5113.164505963245,4059.512807393637,0.0,0.9504853600973923,0.4166287290326373
256500.0,5113.152769173712,4059.5245496395332,0.0,0.9504853046773887,0.4166300892098464
256560.0,5113.141028834938,4059.536289491024,0.0,0.9504853610198007,0.41663144939777896
256620.0,5113.129297934259,4059.548035755119,0.0,0.9504851193108212,0.4166328095602534
256680.0,5113.117551766087,4059.5597716910197,0.0,0.950485358895015,0.416634169766953
256740.0,5113.105808829322,4059.5715098380683,0.0,0.9504854961392676,0.4166355299659896
256800.0,5113.094074558171,4059.583253859728,0.0,0.950485359973676,0.4166368901407607
256860.0,5113.082338429377,4059.5949966472695,0.0,0.950485281944672,0.41663825032243196
256920.0,5113.070597304445,4059.6067360607612,0.0,0.9504853613060885,0.41663961051896786
256980.0,5113.058864844983,4059.618481358069,0.0,0.950485167087195,0.4166409706918585
257040.0,5113.047120138874,4059.630218377934,0.0,0.9504853587972759,0.4166423309007276
257100.0,5113.035378015742,4059.641957170017,0.0,0.9504854686136694,0.41664369110378885
257160.0,5113.023642825906,4059.653700664062,0.0,0.9504853596440773,0.4166450512875413
257220.0,5113.01190614678,4059.665443173332,0.0,0.9504852971961479,0.4166464114771399
257280.0,5113.000165468741,4059.6771829836002,0.0,0.9504853606939334,0.4166477716787495
257340.0,5112.988435427998,4059.688930018777,0.0,0.9504850883158376,0.4166491318514666
257400.0,5112.976688183298,4059.700665414044,0.0,0.9504853583098877,0.416650492073954
257460.0,5112.964944581771,4059.7124032993725,0.0,0.9504855129764713,0.4166518522875988
257520.0,5112.953210745912,4059.724147804465,0.0,0.9504853595358256,0.416653212473828
257580.0,5112.941474818498,4059.7358909169916,0.0,0.9504852716096817,0.41665457266762684
257640.0,5112.929733261701,4059.747630226512,0.0,0.9504853610477173,0.41665593287810365
257700.0,5112.917995125249,4059.759371868495,0.0,0.9504853423115855,0.41665729307991617
257760.0,5112.9062555819555,4059.771112573178,0.0,0.9504853676541191,0.41665865328678053
257820.0,5112.894517258085,4059.782854119197,0.0,0.9504853542467183,0.41666001349121357
257880.0,5112.882777178667,4059.794594492787,0.0,0.9504853958963083,0.4166613737017626
257940.0,5112.871039616134,4059.806336585218,0.0,0.9504853578984492,0.41666273390610054
258000.0,5112.859295677311,4059.8180743833987,0.0,0.9504855205469931,0.41666409413023875
258060.0,5112.847562008032,4059.8298191428203,0.0,0.9504853591918611,0.4166654543255177
258120.0,5112.835826140059,4059.8415624370637,0.0,0.9504852667313851,0.416666814528673
258180.0,5112.824084352642,4059.8533017317254,0.0,0.9504853607859802,0.4166681747493371
258240.0,5112.812346162481,4059.865043478737,0.0,0.9504853410852894,0.4166695349608299
258300.0,5112.8006064933925,4059.8767842395964,0.0,0.9504853677374553,0.416670895177581
258360.0,5112.788868107101,4059.8885258847367,0.0,0.9504853536404262,0.41667225539171887
258420.0,5112.777127875224,4059.9002662964263,0.0,0.9504853974409874,0.41667361561223065
258480.0,5112.765390290484,4059.9120085152304,0.0,0.9504853574847874,0.4166749758261578
258540.0,5112.753646001329,4059.923746217402,0.0,0.9504855285270335,0.41667633606082527
258600.0,5112.74191251158,4059.9354912399135,0.0,0.9504853588491536,0.41667769626511525
258660.0,5112.730176710472,4059.947234720889,0.0,0.9504852616204535,0.4166790564776042
258720.0,5112.718434767138,4059.9589740507504,0.0,0.9504853579457156,0.4166804167082074
258780.0,5112.706694114857,4059.970714278297,0.0,0.9504854131145402,0.4166817769366985
258840.0,5112.694956990647,4059.982456903202,0.0,0.9504853568626405,0.4166831371556574
258900.0,5112.683210430624,4059.994193161811,0.0,0.9504855977509297,0.4166844974031752
258960.0,5112.671479080661,4060.0059397275986,0.0,0.9504853588174434,0.4166858576076896
259020.0,5112.659744481476,4060.0176841167445,0.0,0.950485221911088,0.4166872178230875
259080.0,5112.648001234505,4060.029422658026,0.0,0.9504853575785932,0.416688578063772
259140.0,5112.636259811359,4060.0411624577764,0.0,0.9504854352872503,0.4166899383008192
259200.0,5112.624523358626,4060.052905631638,0.0,0.9504853560867678,0.4166912985242053
259260.0,5112.6127782473,4060.0646429594217,0.0,0.9504855496300012,0.41669265877352935
259320.0,5112.601045327671,4060.0763885566853,0.0,0.9504853584244203,0.4166940189888852
259380.0,5112.589309805215,4060.0881324149423,0.0,0.950485248862097,0.41669537921327454
259440.0,5112.577567361845,4060.099871594527,0.0,0.9504853574167199,0.4166967394580082
259500.0,5112.565826375105,4060.1116117839692,0.0,0.9504854195919658,0.41669809970015526
259560.0,5112.554089364694,4060.1233546744647,0.0,0.950485356206585,0.41669945993148605
259620.0,5112.5423417230495,4060.1350903887533,0.0,0.950485627670125,0.41670082019479937
259680.0,5112.530611221837,4060.1468377180604,0.0,0.9504853584198523,0.4167021804095803
259740.0,5112.518877060938,4060.158582592634,0.0,0.9504852041444531,0.4167035406364201
259800.0,5112.507133155663,4060.1703208763856,0.0,0.9504853570341731,0.41670490089168727
259860.0,5112.4953913073905,4060.18206057658,0.0,0.9504854446097681,0.4167062611426489
259920.0,5112.4836550607915,4060.193804078578,0.0,0.9504853553634133,0.4167076213781412
259980.0,5112.471915384742,4060.205545274865,0.0,0.950485373960525,0.41670898162457487
260040.0,5112.460177092996,4060.2172874238067,0.0,0.9504853486137156,0.41671034186807066
260100.0,5112.448437566966,4060.229028752597,0.0,0.9504853618983862,0.41671170211615777
260160.0,5112.436699771683,4060.240771269648,0.0,0.9504853202943689,0.41671306236038125
260220.0,5112.424959449905,4060.2525120904584,0.0,0.9504853580943268,0.41671442261282904
260280.0,5112.413225456984,4060.2642572202567,0.0,0.9504851958612999,0.4167157828487087
260340.0,5112.401481217387,4060.275995418759,0.0,0.9504853566413777,0.41671714311445496
260400.0,5112.389739141603,4060.287735106099,0.0,0.9504854487374609,0.4167185033755895
260460.0,5112.378002956642,4060.299478791237,0.0,0.95048535488864,0.41671986362042607
260520.0,5112.366263165879,4060.311220051126,0.0,0.9504853744473607,0.41672122387670923
260580.0,5112.354524831285,4060.3229623123775,0.0,0.9504853477949229,0.41672258412984836
260640.0,5112.342785199235,4060.3347037106555,0.0,0.9504853617671123,0.4167239443877596
260700.0,5112.331047387688,4060.346446358033,0.0,0.9504853180186945,0.4167253046415498
260760.0,5112.319306919801,4060.358187221154,0.0,0.9504853577710106,0.41672666490393634
260820.0,5112.307573107877,4060.369932614991,0.0,0.9504851871697775,0.41672802514881724
260880.0,5112.295828521075,4060.381670719481,0.0,0.9504853562473208,0.41672938542507837
260940.0,5112.2840862104,4060.3934103889405,0.0,0.9504854530971815,0.41673074569640567
261000.0,5112.272350013227,4060.405154206704,0.0,0.9504853569845045,0.41673210595076354
261060.0,5112.260612501099,4060.416897157406,0.0,0.9504853019024864,0.4167334662104683
261120.0,5112.24887146198,4060.4286377278167,0.0,0.9504853579007759,0.41673482648083676
261180.0,5112.237139801645,4060.4403846731575,0.0,0.9504851176668249,0.41673618672590323
261240.0,5112.225392969626,4060.452121351107,0.0,0.9504853557884517,0.41673754701493887
261300.0,5112.2136493486605,4060.46386022726,0.0,0.950485492194763,0.41673890729636365
261360.0,5112.20191433889,4060.4756049434723,0.0,0.9504853568600219,0.41674026755366744
261420.0,5112.190177483064,4060.4873484328955,0.0,0.950485279307062,0.41674162781783863
261480.0,5112.1784356624385,4060.499088568151,0.0,0.9504853581837941,0.4167429880967901
261540.0,5112.166702452832,4060.5108345526414,0.0,0.9504851651501609,0.41674434835224045
261600.0,5112.154957073416,4060.5225723084427,0.0,0.9504853556897881,0.4167457086434633
261660.0,5112.14321426069,4060.5343118261,0.0,0.9504854648356029,0.41674706892891955
261720.0,5112.131478337715,4060.546056018067,0.0,0.9504853565309134,0.41674842919518273
261780.0,5112.119740934726,4060.557799231122,0.0,0.9504852944638984,0.4167497894672653
261840.0,5112.1079995579,4060.5695397610834,0.0,0.9504853575738543,0.4167511497512914
261900.0,5112.0962687515275,4060.581287473497,0.0,0.9504850868580205,0.4167525100066016
261960.0,5112.0845208491655,4060.5930236145286,0.0,0.950485355203853,0.4167538703113932
262020.0,5112.072776567038,4060.6047622310325,0.0,0.9504855089261088,0.41675523060740177
262080.0,5112.061041989248,4060.6165074283617,0.0,0.9504853564218008,0.41675659087615774
262140.0,5112.049305332964,4060.6282512413873,0.0,0.950485269032116,0.4167579511524466
262200.0,5112.03756308261,4060.6399912738143,0.0,0.9504853579239565,0.4167593114453185
262260.0,5112.025830537091,4060.651737896709,0.0,0.9504851403984353,0.4167606717115553
262320.0,5112.014084278762,4060.6634752452806,0.0,0.9504853551238359,0.4167620320179848
262380.0,5112.002340914553,4060.675214577585,0.0,0.9504854781261018,0.41676339231770954
262440.0,5111.990605314829,4060.6869591769805,0.0,0.9504853560820944,0.4167647525957352
262500.0,5111.978868049094,4060.6987026714155,0.0,0.9504852861435877,0.4167661128801127
262560.0,5111.967126305977,4060.7104431415146,0.0,0.9504853572677799,0.41676747317787627
262620.0,5111.955392326647,4060.7221888875183,0.0,0.9504851831929106,0.41676883345456156
262680.0,5111.943647372665,4060.733927213605,0.0,0.9504853550107298,0.4167701937636004
262740.0,5111.931904731765,4060.745667129923,0.0,0.9504854534304981,0.4167715540675979
262800.0,5111.920168303073,4060.7574112620473,0.0,0.9504853557611819,0.4167729143543402
262860.0,5111.908430538445,4060.7691545127486,0.0,0.9504852997873255,0.41677427464648936
262920.0,5111.896689190008,4060.7808953442964,0.0,0.9504853566936242,0.4167756349494663
262980.0,5111.884957371897,4060.7926426544045,0.0,0.9504851125676439,0.41677699522670203
263040.0,5111.873210137401,4060.804379529769,0.0,0.9504853545483963,0.4167783555486146
263100.0,5111.861466166,4060.8161186389134,0.0,0.9504854931656472,0.4167797158627652
263160.0,5111.849730944805,4060.827863683183,0.0,0.9504853556386533,0.41678107615239224
263220.0,5111.837993847999,4060.839607480442,0.0,0.9504852768297464,0.41678243644897156
263280.0,5111.826251706381,4060.8513478688046,0.0,0.9504853569851985,0.41678379676056254
263340.0,5111.814518314876,4060.863094201524,0.0,0.9504851608244154,0.4167851570482492
263400.0,5111.802772557357,4060.8748321713606,0.0,0.9504853544521052,0.4167865173722756
263460.0,5111.791029408169,4060.886571931521,0.0,0.9504854653670949,0.4167878776904144
263520.0,5111.77929325996,4060.898316442064,0.0,0.9504853553081831,0.4167892379890379
263580.0,5111.767555608095,4060.91005995751,0.0,0.9504852922361747,0.4167905982935486
263640.0,5111.755813918365,4060.921800746068,0.0,0.9504853563693461,0.41679195861018775
263700.0,5111.744079228448,4060.93354629349,0.0,0.9504851993910134,0.41679331890793386
263760.0,5111.732334641594,4060.945285150361,0.0,0.9504853543259758,0.41679467923495034
263820.0,5111.720592139137,4060.9570254426885,0.0,0.950485443073307,0.4167960395575791
263880.0,5111.708855312478,4060.9687695883244,0.0,0.9504853526339605,0.4167973998645197
263940.0,5111.697115011172,4060.9805113968237,0.0,0.9504853714803234,0.4167987601825336
264000.0,5111.685376112601,4060.9922541707692,0.0,0.9504853457950845,0.41680012049755427
264060.0,5111.67363596356,4061.0039961133007,0.0,0.9504853592579615,0.41680148081721274
264120.0,5111.661897568285,4061.0157392600713,0.0,0.9504853170980953,0.4168028411329388
264180.0,5111.650156613243,4061.0274806874622,0.0,0.9504853554041175,0.4168042014569862
264240.0,5111.638422070921,4061.039226482103,0.0,0.950485191001889,0.4168055617642169
264300.0,5111.626677146522,4061.0509652513374,0.0,0.9504853539328253,0.4168069221017123
264360.0,5111.614934414743,4061.0627055294067,0.0,0.9504854472611237,0.4168082824345096
264420.0,5111.603197651738,4061.0744498594395,0.0,0.9504853521577354,0.416809642750779
264480.0,5111.591457235404,4061.086191731174,0.0,0.9504853719785747,0.4168110030786335
264540.0,5111.579718294616,4061.0979346177246,0.0,0.950485344970236,0.41681236340328587
264600.0,5111.567978039353,4061.109676629457,0.0,0.950485359129832,0.41681372373275943
264660.0,5111.556239628799,4061.121419907096,0.0,0.9504853147968702,0.41681508405803974
264720.0,5111.544498526913,4061.133161376142,0.0,0.9504853550813752,0.4168164443920184
264780.0,5111.532764169177,4061.1449074371735,0.0,0.9504851821990958,0.4168178047082301
264840.0,5111.521018894183,4061.1566461098937,0.0,0.9504853535383967,0.4168191650562409
264900.0,5111.5092759256095,4061.168386368612,0.0,0.950485451684,0.41682052539922687
264960.0,5111.497539151423,4061.1801308318445,0.0,0.9504853542865274,0.4168218857250048
265020.0,5111.485801045098,4061.191874416047,0.0,0.9504852984684213,0.41682324605617843
265080.0,5111.474059365228,4061.2036155875917,0.0,0.9504853552161416,0.4168246063981523
265140.0,5111.4623271883265,4061.215363220358,0.0,0.9504851117698369,0.4168259667144569
265200.0,5111.450579639231,4061.227100446363,0.0,0.9504853530766559,0.4168273270753205
265260.0,5111.438835343842,4061.2388399001893,0.0,0.9504854913078291,0.4168286874284461
265320.0,5111.42709977356,4061.2505852732415,0.0,0.9504853541636458,0.41683004775711474
265380.0,5111.415362333017,4061.2623294026575,0.0,0.9504852755739928,0.4168314080927205
265440.0,5111.403619862105,4061.2740701323223,0.0,0.9504853555062116,0.4168327684432992
265500.0,5111.391886116206,4061.2858167904365,0.0,0.9504851598913536,0.4168341287700396
265560.0,5111.380140039714,4061.2975551080954,0.0,0.9504853529799382,0.4168354891330251
265620.0,5111.36839656405,4061.309295211312,0.0,0.9504854635860116,0.416836849490142
265680.0,5111.356660069285,4061.3210400521875,0.0,0.9504853538334014,0.41683820982779674
265740.0,5111.344922075143,4061.3327839006656,0.0,0.9504852909368218,0.41683957017132645
265800.0,5111.333180054697,4061.344525029573,0.0,0.9504853548913793,0.41684093052695376
265860.0,5111.32144501398,4061.3562709046155,0.0,0.9504851983498004,0.4168422908637405
265920.0,5111.309700104669,4061.3680101070495,0.0,0.9504853528534652,0.4168436512297216
265980.0,5111.29795727375,4061.3797507411255,0.0,0.9504854413536299,0.4168450115913303
266040.0,5111.286220102351,4061.391495218194,0.0,0.9504853511659288,0.41684637193729396
266100.0,5111.274479466241,4061.4032373644095,0.0,0.9504853699597127,0.41684773229430366
266160.0,5111.262740228824,4061.4149804735043,0.0,0.9504853443458587,0.4168490926483303
266220.0,5111.2509997445,4061.4267227534324,0.0,0.9504853577711431,0.4168504530069848
266280.0,5111.239261008893,4061.438466234394,0.0,0.9504853157285186,0.41685181336171967
266340.0,5111.227519720831,4061.450208000601,0.0,0.950485353927795,0.41685317372475583
266400.0,5111.215784827076,4061.4619541223806,0.0,0.9504851899832254,0.4168545340710235
266460.0,5111.204039580999,4061.4736932375968,0.0,0.9504853524603678,0.41685589444747645
266520.0,5111.192296521223,4061.4854338576324,0.0,0.9504854455286984,0.4168572548192471
266580.0,5111.180559413097,4061.4971785187813,0.0,0.9504853506899887,0.41685861517453504
266640.0,5111.168818662094,4061.508920728242,0.0,0.9504853704555245,0.4168599755413798
266700.0,5111.157079382386,4061.520663949818,0.0,0.9504853435222704,0.41686133590503327
266760.0,5111.145338791949,4061.53240629894,0.0,0.9504853576423258,0.4168626962734973
266820.0,5111.133600040911,4061.544149910596,0.0,0.950485313432682,0.4168640566377815
266880.0,5111.121858606239,4061.5558917185263,0.0,0.9504853536049098,0.41686541701074303
266940.0,5111.11012389635,4061.5676381061626,0.0,0.9504851812038222,0.41686677736598826
267000.0,5111.098378300485,4061.579377125299,0.0,0.9504853520659953,0.4168681377529488
267060.0,5111.086635004397,4061.5911177262124,0.0,0.9504854499382898,0.4168694981349015
267120.0,5111.074897884932,4061.6028625203835,0.0,0.9504853528118119,0.4168708584996929
267180.0,5111.0631594371125,4061.6146064379086,0.0,0.9504852971490209,0.4168722188698695
267240.0,5111.051417425979,4061.6263479492536,0.0,0.9504853537386055,0.41687357925081864
267300.0,5111.039684890537,4061.638095904527,0.0,0.9504851109701835,0.41687493960617034
267360.0,5111.027937026971,4061.6498334809526,0.0,0.9504853516048464,0.4168763000059635
267420.0,5111.016192407746,4061.661573279255,0.0,0.9504854894509359,0.4168776603980426
267480.0,5111.004456488599,4061.673318980923,0.0,0.9504853526885774,0.41687902076573113
267540.0,5110.992718704521,4061.6850634423186,0.0,0.9504852743176642,0.41688038114034165
267600.0,5110.980975904489,4061.6968045130884,0.0,0.9504853540271729,0.4168817415298863
267660.0,5110.969241804427,4061.7085514964347,0.0,0.9504851589569328,0.41688310189565886
267720.0,5110.957495409104,4061.7202901617043,0.0,0.9504853515077031,0.41688446229758186
267780.0,5110.9457516071225,4061.7320306077727,0.0,0.9504854618057097,0.41688582269365526
267840.0,5110.934014766019,4061.743775778811,0.0,0.9504853523585584,0.41688718307031947
267900.0,5110.922276429801,4061.7555199601416,0.0,0.9504852896369795,0.4168885434528464
267960.0,5110.91053407881,4061.767261429202,0.0,0.9504853534133594,0.4168899038474398
268020.0,5110.898798687517,4061.7790076316974,0.0,0.9504851973075066,0.4168912642232457
268080.0,5110.887053455897,4061.790747179487,0.0,0.9504853513808875,0.41689262462817006
268140.0,5110.875310296682,4061.802488155111,0.0,0.9504854396345377,0.41689398502873704
268200.0,5110.8635727807505,4061.8142329634375,0.0,0.9504853496978178,0.4168953454137017
268260.0,5110.851831810018,4061.8259754471806,0.0,0.9504853684391649,0.4168967058096857
268320.0,5110.840092233949,4061.8377188912405,0.0,0.9504853428965024,0.4168980662026968
268380.0,5110.828351414527,4061.8494615083755,0.0,0.950485356284296,0.41689942660032564
268440.0,5110.816612338787,4061.861205323345,0.0,0.9504853143585997,0.4169007869940477
268500.0,5110.804870717888,4061.8729474281754,0.0,0.9504853524514166,0.41690214739605097
268560.0,5110.793135472939,4061.8846938769375,0.0,0.9504851889629939,0.41690350778133367
268620.0,5110.781389905323,4061.8964333379167,0.0,0.9504853509878419,0.4169048681967223
268680.0,5110.76964651771,4061.9081742997137,0.0,0.9504854437970806,0.4169062286074447
268740.0,5110.757909064683,4061.9199192918086,0.0,0.950485349222158,0.4169075890017295
268800.0,5110.746167979193,4061.9316618388048,0.0,0.95048536893258,0.4169089494075427
268860.0,5110.734428360761,4061.943405395223,0.0,0.9504853420741516,0.41691030981017535
268920.0,5110.722687435333,4061.955148081546,0.0,0.9504853561548028,0.41691167021760805
268980.0,5110.710948344014,4061.9668920270406,0.0,0.950485312068054,0.41691303062087437
269040.0,5110.6992065767245,4061.978634173658,0.0,0.9504853521283894,0.41691439103279715
269100.0,5110.687471514925,4061.9903808877452,0.0,0.950485180206859,0.416915751427054
269160.0,5110.675725598326,4062.0021202530793,0.0,0.9504853505935255,0.4169171118529429
269220.0,5110.6639819748825,4062.0138611959833,0.0,0.9504854481933536,0.4169184722738407
269280.0,5110.652244510355,4062.025606320923,0.0,0.9504853513370355,0.4169198326776242
269340.0,5110.640505721246,4062.0373505715947,0.0,0.9504852958289923,0.4169211930867819
269400.0,5110.628763379024,4062.049092422542,0.0,0.9504853522610195,0.4169225535066846
269460.0,5110.617030485316,4062.0608407001882,0.0,0.9504851101678156,0.41692391390106137
269520.0,5110.605282307377,4062.0725786267917,0.0,0.9504853501329649,0.41692527433976223
269580.0,5110.593537364453,4062.0843187693513,0.0,0.9504854875954913,0.4169266347707733
269640.0,5110.581801096678,4062.0960647994775,0.0,0.95048535121345,0.4169279951774599
269700.0,5110.570062969281,4062.1078095926814,0.0,0.9504852730604385,0.4169293555910533
269760.0,5110.558319840285,4062.1195510043517,0.0,0.9504853525480903,0.4169307160195423
269820.0,5110.546585386317,4062.1312983127855,0.0,0.9504851580203899,0.416932076424325
269880.0,5110.534838672289,4062.143037325436,0.0,0.9504853500353979,0.4169334368651638
269940.0,5110.52309454414,4062.154778114146,0.0,0.9504854600264392,0.41693479730017213
270000.0,5110.511357356916,4062.166523615182,0.0,0.9504853508836548,0.41693615771582426
270060.0,5110.499618678831,4062.1782681291897,0.0,0.9504852883364774,0.4169375181373267
270120.0,5110.487875997464,4062.1900099382046,0.0,0.9504853519352895,0.41693887857086465
270180.0,5110.476143965133,4062.2017589880193,0.0,0.9504850791240884,0.4169402389754347
270240.0,5110.464394709977,4062.2134963721714,0.0,0.950485349547562,0.4169415994298866
270300.0,5110.452649102056,4062.2252362518116,0.0,0.9504855044601457,0.4169429598754665
270360.0,5110.440913270543,4062.23698276582,0.0,0.9504853507755583,0.4169443202935644
270420.0,5110.429175345243,4062.2487278841077,0.0,0.9504852627096587,0.4169456807192404
270480.0,5110.4174317844,4062.260469190957,0.0,0.9504853522899636,0.4169470411616294
270540.0,5110.405691647701,4062.2722128353676,0.0,0.9504853335240872,0.4169484015953277
270600.0,5110.393950102656,4062.2839555403575,0.0,0.9504853589069838,0.4169497620340837
270660.0,5110.382209778417,4062.295699088491,0.0,0.950485345478311,0.4169511224703965
270720.0,5110.370467696742,4062.3074414615503,0.0,0.9504853871942192,0.4169524829128332
270780.0,5110.3587281347545,4062.3191855572027,0.0,0.9504853491359598,0.4169538433490388
270840.0,5110.346982189532,4062.3309253490343,0.0,0.9504855120433549,0.41695520380508144
270900.0,5110.33524652516,4062.3426721174715,0.0,0.9504853504315386,0.4169565642321951
270960.0,5110.323508659739,4062.3544174174135,0.0,0.9504852578240469,0.4169579246671943
271020.0,5110.311764868394,4062.3661587089045,0.0,0.9504853520283023,0.41695928511973934
271080.0,5110.3000246782985,4062.3779024581127,0.0,0.950485332296327,0.41696064556308543
271140.0,5110.288283007692,4062.389645218938,0.0,0.9504853589909468,0.416962006011696
271200.0,5110.276542621335,4062.4013888659483,0.0,0.9504853448715443,0.41696336645768134
271260.0,5110.264800387404,4062.413131276726,0.0,0.9504853887418601,0.4169647269100491
271320.0,5110.253060803561,4062.424875498566,0.0,0.9504853487221308,0.41696608735581153
271380.0,5110.241314507991,4062.436615193709,0.0,0.9504855200366824,0.41696744782235284
271440.0,5110.229579023723,4062.4483622253565,0.0,0.9504853500887781,0.41696880825844346
271500.0,5110.217841225615,4062.4601077119814,0.0,0.950485252705326,0.41697016870274306
271560.0,5110.206097278552,4062.4718490382857,0.0,0.950485349184011,0.4169715291651955
271620.0,5110.194354624017,4062.4835912641806,0.0,0.9504854044407585,0.4169728896255219
271680.0,5110.182615501461,4062.4953358927123,0.0,0.9504853480993198,0.4169742500762909
271740.0,5110.170866932763,4062.5070741407835,0.0,0.9504855893714121,0.4169756105556758
271800.0,5110.159133590893,4062.5188227188155,0.0,0.9504853500573461,0.4169769709919548
271860.0,5110.147396996286,4062.530569115314,0.0,0.9504852129328512,0.41697833143913343
271920.0,5110.1356517443855,4062.5423096509767,0.0,0.9504853488166315,0.41697969191165396
271980.0,5110.123908318384,4062.554051447817,0.0,0.9504854266491802,0.41698105238051963
272040.0,5110.112169868293,4062.56579662621,0.0,0.9504853473225375,0.41698241283568943
272100.0,5110.100422750113,4062.5775359455265,0.0,0.9504855411743391,0.41698377331685044
272160.0,5110.088687837098,4062.5892835525838,0.0,0.9504853496640255,0.4169851337639594
272220.0,5110.076950318449,4062.6010294167086,0.0,0.9504852399271151,0.41698649422011363
272280.0,5110.065205871284,4062.6127705917766,0.0,0.9504853486548285,0.41698785469665595
272340.0,5110.053462882415,4062.6245127788607,0.0,0.9504854109292591,0.4169892151705967
272400.0,5110.041723874282,4062.636257672951,0.0,0.9504853474428735,0.4169905756336931
272460.0,5110.0299742232555,4062.6479953748685,0.0,0.9504856193393164,0.4169919361288367
272520.0,5110.0182417315755,4062.659744717499,0.0,0.9504853496597787,0.4169932965753329
272580.0,5110.006505576233,4062.67149159988,0.0,0.9504851951385229,0.4169946570339067
272640.0,5109.994759665799,4062.6832318768224,0.0,0.9504853482720005,0.41699601752097043
272700.0,5109.983015814698,4062.694973573267,0.0,0.950485435987198,0.4169973780037096
272760.0,5109.971277571459,4062.7067190799016,0.0,0.9504853465986878,0.41699873847094054
272820.0,5109.959535895038,4062.7184622756663,0.0,0.9504853652254918,0.4170000989491314
272880.0,5109.947795604487,4062.7302064261457,0.0,0.9504853398383416,0.4170014594243718
272940.0,5109.936054078332,4062.7419497546057,0.0,0.95048535314424,0.417002819904208
273000.0,5109.9243142848745,4062.753694273903,0.0,0.9504853114739575,0.41700418038016546
273060.0,5109.912571962176,4062.765437093157,0.0,0.9504853493342277,0.4170055408643604
273120.0,5109.9008359753725,4062.7771842308653,0.0,0.9504851868425342,0.4170069013319401
273180.0,5109.889089730615,4062.7889244219014,0.0,0.9504853478790714,0.4170082618294523
273240.0,5109.87734565212,4062.8006661049963,0.0,0.9504854401220288,0.417009622322333
273300.0,5109.8656074709625,4062.812411794714,0.0,0.9504853461236491,0.41701098279887483
273360.0,5109.853865680076,4062.8241550537564,0.0,0.9504853657136096,0.4170123432868832
273420.0,5109.842125346999,4062.8358993163283,0.0,0.950485339018729,0.4170137037717344
273480.0,5109.83038371508,4062.8476427139635,0.0,0.9504853530132538,0.41701506426136276
273540.0,5109.8186439057135,4062.859387363413,0.0,0.9504853091951151,0.4170164247468542
273600.0,5109.806901437118,4062.8711302246056,0.0,0.9504853490108893,0.4170177852409561
273660.0,5109.795165631885,4062.882877626474,0.0,0.9504851781375423,0.4170191457175029
273720.0,5109.783419039909,4062.894617722822,0.0,0.9504853474848788,0.4170205062254993
273780.0,5109.771674726636,4062.9063593875308,0.0,0.9504854444892299,0.41702186672854147
273840.0,5109.759936533625,4062.9181052097047,0.0,0.9504853482233477,0.4170232272145718
273900.0,5109.748197024271,4062.929850162818,0.0,0.9504852930535282,0.4170245877059524
273960.0,5109.736453984059,4062.9415927303407,0.0,0.9504853491411908,0.4170259482080179
274020.0,5109.724720333037,4062.9533416868408,0.0,0.9504851085239905,0.41702730868471416
274080.0,5109.712971493615,4062.9650803531777,0.0,0.9504853470256064,0.41702866920547804
274140.0,5109.701225868852,4062.9768212225104,0.0,0.9504854836495961,0.4170300297186045
274200.0,5109.689488864802,4062.988567944814,0.0,0.9504853480989953,0.417031390207551
274260.0,5109.677750012724,4063.000313437534,0.0,0.9504852704223328,0.4170327507033718
274320.0,5109.666006190391,4063.0120555686267,0.0,0.95048534942499,0.4170341112140041
274380.0,5109.654270988626,4063.0238035618586,0.0,0.9504851560832944,0.41703547170107386
274440.0,5109.64252360365,4063.035543308123,0.0,0.9504853469271136,0.41703683222399324
274500.0,5109.630778788264,4063.0472848200693,0.0,0.950485456247194,0.41703819274112397
274560.0,5109.6190408702505,4063.059031016657,0.0,0.9504853477696911,0.41703955323901415
274620.0,5109.6073014706535,4063.0707762320862,0.0,0.9504852856036645,0.4170409137427281
274680.0,5109.595558092852,4063.0825187584483,0.0,0.9504853488144058,0.41704227425840984
274740.0,5109.583825297235,4063.094268483102,0.0,0.9504850776665617,0.41704363474530043
274800.0,5109.572075386783,4063.106006610707,0.0,0.9504853464407323,0.4170449952817837
274860.0,5109.560329100622,4063.117747219194,0.0,0.9504855004083351,0.4170463558094544
274920.0,5109.548592529525,4063.1294944230604,0.0,0.9504853476607331,0.41704771630980636
274980.0,5109.536853877705,4063.141240239479,0.0,0.9504852601316267,0.4170490768176997
275040.0,5109.525109625661,4063.152982266893,0.0,0.9504853491653963,0.4170504373422111
275100.0,5109.513368776236,4063.164726618171,0.0,0.9504853305137051,0.4170517978580878
275160.0,5109.501626527251,4063.176470035593,0.0,0.950485355741558,0.4170531583789978
275220.0,5109.489885491368,4063.1882142912455,0.0,0.9504853423945224,0.4170545188974838
275280.0,5109.478142709026,4063.1999573787793,0.0,0.9504853838557846,0.4170558794220632
275340.0,5109.466402430521,4063.2117021788176,0.0,0.9504853460293594,0.4170572399404525
275400.0,5109.454655808745,4063.2234427004055,0.0,0.9504855079430944,0.41705860047857024
275460.0,5109.44291940332,4063.2351901576008,0.0,0.9504853473165309,0.41705996098793074
275520.0,5109.431180810579,4063.246936155002,0.0,0.950485255273452,0.41706132150513814
275580.0,5109.419436329052,4063.258678167542,0.0,0.950485348903052,0.4170626820397915
275640.0,5109.407695426137,4063.2704226233973,0.0,0.9504853292911328,0.41706404256530516
275700.0,5109.3959530519505,4063.2821660967215,0.0,0.9504853558227379,0.4170654030960574
275760.0,5109.384211953911,4063.293910451065,0.0,0.9504853417891695,0.41706676362420475
275820.0,5109.372469019838,4063.30565357649,0.0,0.9504853853917574,0.41706812415870237
275880.0,5109.360728719189,4063.31739850237,0.0,0.9504853456157719,0.41706948468663785
275940.0,5109.348981748828,4063.329138928228,0.0,0.950485515885616,0.41707084523523846
276000.0,5109.337245521954,4063.340886647486,0.0,0.9504853469735801,0.417072205753569
276060.0,5109.325506995679,4063.3526328308685,0.0,0.9504852501836065,0.41707356628006786
276120.0,5109.3137623589755,4063.3643748784093,0.0,0.9504853460738227,0.4170749268246159
276180.0,5109.30201900663,4063.376117820319,0.0,0.9504854009933916,0.4170762873670581
276240.0,5109.290279164084,4063.3878631507628,0.0,0.9504853449952394,0.4170776479000014
276300.0,5109.278529934571,4063.399602138325,0.0,0.9504855847958289,0.4170790084614007
276360.0,5109.266795836368,4063.4113513951334,0.0,0.9504853469408188,0.41708036897994877
276420.0,5109.255058505753,4063.4230984832993,0.0,0.9504852106523283,0.41708172950934014
276480.0,5109.243312572121,4063.434839745114,0.0,0.9504853457071634,0.41708309006392796
276540.0,5109.231568452862,4063.4465822607567,0.0,0.950485423064817,0.41708445061488975
276600.0,5109.2198292782805,4063.458328138092,0.0,0.9504853442216741,0.41708581115223836
276660.0,5109.208081489923,4063.4700681908485,0.0,0.9504855368910974,0.41708717171543175
276720.0,5109.196345830143,4063.4818164826547,0.0,0.9504853465483762,0.41708853224477677
276780.0,5109.184607580999,4063.4935630418418,0.0,0.9504852374804074,0.4170898927831216
276840.0,5109.172862446766,4063.505304939566,0.0,0.9504853455448267,0.41709125334173786
276900.0,5109.1611187616145,4063.517047843421,0.0,0.9504854074392229,0.41709261389777536
276960.0,5109.1493790322065,4063.5287934383887,0.0,0.9504853443397566,0.4170939744430345
277020.0,5109.137628726591,4063.54053188354,0.0,0.9504856145776945,0.417095335020161
277080.0,5109.125895472667,4063.5522819009725,0.0,0.9504853465426345,0.4170966955489269
277140.0,5109.114158577993,4063.564029472691,0.0,0.9504851929634601,0.41709805608970746
277200.0,5109.102411989389,4063.5757704778325,0.0,0.9504853451628129,0.4170994166588137
277260.0,5109.090667447131,4063.5875128941966,0.0,0.950485432342772,0.4171007772236285
277320.0,5109.078928477535,4063.599259098368,0.0,0.9504853434991992,0.41710213777302835
277380.0,5109.067179802587,4063.6109987372697,0.0,0.9504855606246149,0.41710349835140437
277440.0,5109.055444796063,4063.622747660083,0.0,0.950485346131565,0.41710485889151416
277500.0,5109.043706873422,4063.6344946285567,0.0,0.950485223227489,0.4171062194415609
277560.0,5109.031961192748,4063.646236343223,0.0,0.9504853450110521,0.41710758001438347
277620.0,5109.02021714678,4063.6579791899717,0.0,0.9504854147653302,0.41710894058409426
277680.0,5109.008477559066,4063.6697250688176,0.0,0.950485343663445,0.4171103011415849
277740.0,5108.996730203091,4063.681465695993,0.0,0.9504855174016459,0.4171116617224983
277800.0,5108.98499378297,4063.6932137540316,0.0,0.9504853457535326,0.4171130222729795
277860.0,5108.973255026585,4063.7049602509423,0.0,0.9504852473959796,0.417114382831735
277920.0,5108.9615100612755,4063.7167025445556,0.0,0.9504853448405207,0.417115743408825
277980.0,5108.949766401273,4063.728445746875,0.0,0.9504854006506015,0.4171171039837476
278040.0,5108.938026307778,4063.7401913765552,0.0,0.950485343745785,0.4171184645490068
278100.0,5108.926276676102,4063.7519305597934,0.0,0.9504855874325341,0.41711982514315926
278160.0,5108.914542419927,4063.763680179498,0.0,0.9504853457242128,0.4171211856937528
278220.0,5108.9028048794235,4063.7754275949965,0.0,0.9504852072280633,0.41712254625533934
278280.0,5108.891058597189,4063.7871690891457,0.0,0.9504853444718925,0.4171239068425238
278340.0,5108.879314158829,4063.7989118573155,0.0,0.9504854230836304,0.41712526742599626
278400.0,5108.867574745001,4063.810658041859,0.0,0.9504853429636583,0.4171266279956239
278460.0,5108.855826578601,4063.822398306767,0.0,0.9504855387555211,0.4171279885914979
278520.0,5108.844090736583,4063.8341469448087,0.0,0.9504853453293833,0.41712934915295574
278580.0,5108.8323522636565,4063.845893821771,0.0,0.9504852344949059,0.417130709723533
278640.0,5108.8206067946485,4063.8576359612543,0.0,0.9504853443108978,0.41713207031470323
278700.0,5108.808862798329,4063.869379123025,0.0,0.9504854072087889,0.4171334309032254
278760.0,5108.79712282165,4063.881125019662,0.0,0.9504853430876267,0.4171347914807838
278820.0,5108.785375839125,4063.8928661812797,0.0,0.9504854997545019,0.41713615207958044
278880.0,5108.77363871695,4063.904614044934,0.0,0.9504853449643452,0.4171375126510257
278940.0,5108.761899486736,4063.9163605021104,0.0,0.9504852562650348,0.4171388732300911
279000.0,5108.750154582326,4063.9281031187975,0.0,0.9504853464902231,0.41714023382599186
279060.0,5108.738413125664,4063.9398480907353,0.0,0.9504853275895988,0.41714159441312404
279120.0,5108.726670251065,4063.9515921160137,0.0,0.9504853531554339,0.4171429550053424
279180.0,5108.714928605743,4063.963336990761,0.0,0.9504853396304181,0.4171443155950879
279240.0,5108.7031851910015,4063.9750806813995,0.0,0.9504853816467999,0.41714567619099346
279300.0,5108.691444313331,4063.9868261076517,0.0,0.950485343314962,0.4171470367806102
279360.0,5108.6796970087125,4063.998567197199,0.0,0.9504855073949698,0.4171483973902003
279420.0,5108.667960055592,4064.0103153163955,0.0,0.9504853446204393,0.41714975797063425
279480.0,5108.656220886433,4064.022061955785,0.0,0.9504852513467938,0.41715111855899806
279540.0,5108.644475750698,4064.0338045561707,0.0,0.9504853462292698,0.4171524791650368
279600.0,5108.632734241034,4064.04554963288,0.0,0.9504853263555749,0.4171538397617945
279660.0,5108.620991240774,4064.057293713595,0.0,0.9504853532425999,0.41715520036384673
279720.0,5108.609249533667,4064.0690386871474,0.0,0.9504853390218689,0.41715656096324305
279780.0,5108.597505966386,4064.0807824149656,0.0,0.950485383208212,0.41715792156905973
279840.0,5108.5857650674725,4064.0925279675425,0.0,0.9504853429007429,0.4171592821682102
279900.0,5108.574017410854,4064.104268958836,0.0,0.9504855154486298,0.4171606427882835
279960.0,5108.5622806398405,4064.1160173424255,0.0,0.9504853442778021,0.41716200337766707
280020.0,5108.550541539224,4064.1277641690967,0.0,0.9504852461936921,0.41716336397530657
280080.0,5108.538796247454,4064.139506803736,0.0,0.9504853433670984,0.4171647245912328
280140.0,5108.527052257221,4064.151250344677,0.0,0.9504853990218426,0.4171660852050008
280200.0,5108.515311823271,4064.1629963064906,0.0,0.9504853422751758,0.4171674458091322
280260.0,5108.50356187842,4064.17473583915,0.0,0.9504855852841079,0.41716880644208343
280320.0,5108.491827265033,4064.186485780343,0.0,0.9504853442478701,0.41717016703159265
280380.0,5108.480089376689,4064.1982335232615,0.0,0.9504852061367801,0.41717152763206916
280440.0,5108.468342771635,4064.2099753606954,0.0,0.9504853429988012,0.41717288825807675
280500.0,5108.456598005143,4064.221718468767,0.0,0.9504854213918223,0.41717424888038546
280560.0,5108.444858248785,4064.233464984079,0.0,0.9504853414945293,0.41717560948888727
280620.0,5108.43310976489,4064.2452055956196,0.0,0.9504855367418773,0.4171769701235683
280680.0,5108.421373570073,4064.2569545578995,0.0,0.9504853438534452,0.4171783307239266
280740.0,5108.409634751849,4064.2687017638436,0.0,0.9504852333270171,0.4171796913333836
280800.0,5108.397888957563,4064.2804442449983,0.0,0.9504853428375601,0.4171810519633799
280860.0,5108.386144631716,4064.292187745735,0.0,0.9504854055604263,0.41718241259073846
280920.0,5108.374404313989,4064.303933974029,0.0,0.9504853416174592,0.4171837732071637
280980.0,5108.362657010451,4064.3156754799998,0.0,0.9504854978485852,0.4171851338447731
281040.0,5108.3509195390125,4064.3274236700836,0.0,0.9504853434887279,0.41718649445510586
281100.0,5108.339179965538,4064.339170457482,0.0,0.9504852550359952,0.4171878550730419
281160.0,5108.327434734106,4064.350913414685,0.0,0.9504853450101304,0.4171892157077699
281220.0,5108.315692940526,4064.362658720853,0.0,0.9504853261619585,0.41719057633375484
281280.0,5108.303949733048,4064.3744030829175,0.0,0.9504853516565723,0.4171919369648146
281340.0,5108.292207751302,4064.3861482921952,0.0,0.9504853381690571,0.41719329759341056
281400.0,5108.2804640051845,4064.397892320553,0.0,0.9504853800684675,0.4171946582281523
281460.0,5108.268722788853,4064.409638079898,0.0,0.9504853418431225,0.41719601885662405
281520.0,5108.2569751639485,4064.4213795141786,0.0,0.9504855054666173,0.4171973795050195
281580.0,5108.245237860885,4064.433127959295,0.0,0.9504853431447371,0.41719874012433755
281640.0,5108.233498348096,4064.4448749285957,0.0,0.9504852501304367,0.41720010075156777
281700.0,5108.22175288581,4064.456617869721,0.0,0.950485344748861,0.4172014613964269
281760.0,5108.210011039186,4064.468363280558,0.0,0.9504853249303371,0.4172028220320323
281820.0,5108.1982677062115,4064.4801076980866,0.0,0.9504853517424487,0.4172041826729204
281880.0,5108.186525662665,4064.491853006082,0.0,0.9504853375611626,0.4172055433111618
281940.0,5108.174781764254,4064.5035970716995,0.0,0.9504853816244712,0.41720690395580856
282000.0,5108.163040526544,4064.5153429572074,0.0,0.9504853414290152,0.4172082645938092
282060.0,5108.151292550459,4064.527084293678,0.0,0.9504855134967177,0.41720962525268035
282120.0,5108.139555428783,4064.538833002654,0.0,0.9504853428020116,0.41721098588094474
282180.0,5108.127815984143,4064.5505801589106,0.0,0.9504852449907334,0.4172123465174463
282240.0,5108.116070366079,4064.562323134375,0.0,0.9504853418936107,0.41721370717218703
282300.0,5108.104326045791,4064.5740670137443,0.0,0.9504853973933287,0.4172150678247787
282360.0,5108.092585271584,4064.58581330751,0.0,0.950485340804496,0.41721642846776064
282420.0,5108.080835013702,4064.5975531893782,0.0,0.9504855831368653,0.41721778913948904
282480.0,5108.06910004333,4064.6093034518963,0.0,0.9504853427714677,0.4172191497678923
282540.0,5108.057361807356,4064.6210515220614,0.0,0.950485205044711,0.41722051040723696
282600.0,5108.045614879646,4064.632793702577,0.0,0.9504853415256442,0.41722187107204567
282660.0,5108.033869785196,4064.6445371503555,0.0,0.9504854197003401,0.4172232317331689
282720.0,5108.022129686506,4064.6562839962535,0.0,0.9504853400253278,0.4172245923805234
282780.0,5108.010380885271,4064.6680249542223,0.0,0.9504855347291434,0.41722595305398963
282840.0,5107.998644337877,4064.679774240571,0.0,0.9504853423774464,0.4172273136932266
282900.0,5107.986905174562,4064.6915217753203,0.0,0.9504852321585224,0.4172286743415414
282960.0,5107.975159055166,4064.703264597951,0.0,0.9504853413641573,0.4172300350103416
283020.0,5107.963414399968,4064.71500843746,0.0,0.9504854039123689,0.41723139567651496
283080.0,5107.951673741394,4064.7267549972285,0.0,0.9504853401472199,0.4172327563317854
283140.0,5107.939926117002,4064.7384968473457,0.0,0.9504854959435179,0.4172341170081858
283200.0,5107.92818829652,4064.7502453636885,0.0,0.9504853420130499,0.4172354776573843
283260.0,5107.916448379991,4064.761992481134,0.0,0.9504852538063138,0.41723683831416924
283320.0,5107.904702821705,4064.773735778653,0.0,0.9504853435299879,0.4172381989877026
283380.0,5107.892960691398,4064.7854814188668,0.0,0.9504853247341422,0.41723955965251874
283440.0,5107.8812171512245,4064.797226117524,0.0,0.9504853501577061,0.4172409203223982
283500.0,5107.869474833248,4064.808971661146,0.0,0.9504853367076017,0.41724228098982286
283560.0,5107.8577307559335,4064.8207160270317,0.0,0.9504853784903219,0.41724364166337935
283620.0,5107.845989201135,4064.832462119285,0.0,0.9504853403712132,0.41724500233068446
283680.0,5107.834241256093,4064.8442038980893,0.0,0.9504855035393414,0.41724636301786344
283740.0,5107.822503603309,4064.8559526689596,0.0,0.9504853416689751,0.41724772367604346
283800.0,5107.810763747101,4064.8676999679974,0.0,0.9504852489133286,0.41724908434211816
283860.0,5107.799017958426,4064.879443249659,0.0,0.9504853432684048,0.41725044502577613
283920.0,5107.787275775032,4064.8911889944384,0.0,0.9504853235048991,0.41725180570020737
283980.0,5107.775532109528,4064.9029337485886,0.0,0.9504853502423062,0.4172531663799095
284040.0,5107.763789729737,4064.91467939084,0.0,0.9504853361003552,0.4172545270569741
284100.0,5107.752045500368,4064.9264237940615,0.0,0.9504853800409704,0.4172558877404295
284160.0,5107.7403039240635,4064.938170012318,0.0,0.9504853399572163,0.41725724841725853
284220.0,5107.72855562865,4064.9499116937486,0.0,0.9504855115461893,0.41725860911490575
284280.0,5107.716818156549,4064.961660727953,0.0,0.950485341326162,0.41725996978202895
284340.0,5107.705078368103,4064.9734082136247,0.0,0.9504852437868312,0.4172613304573707
284400.0,5107.693332423902,4064.9851515297096,0.0,0.9504853404200565,0.41726269115090436
284460.0,5107.681587773726,4064.996895747306,0.0,0.9504853957653447,0.41726405184229787
284520.0,5107.669846659466,4065.008642372847,0.0,0.9504853393337387,0.41726541252410865
284580.0,5107.658096088654,4065.0203826036827,0.0,0.9504855809922252,0.41726677323459255
284640.0,5107.646360761574,4065.032133187394,0.0,0.9504853412950101,0.4172681339018677
284700.0,5107.63462217821,4065.0438815846487,0.0,0.9504852039510431,0.4172694945800586
284760.0,5107.622874927976,4065.0556241080285,0.0,0.9504853400524192,0.41727085528364694
284820.0,5107.611129505728,4065.067367895309,0.0,0.9504854180096008,0.417272215983563
284880.0,5107.599389064925,4065.079115071621,0.0,0.9504853385560443,0.4172735766697482
284940.0,5107.587639946474,4065.0908563757907,0.0,0.9504855327182454,0.4172749373819781
285000.0,5107.575903046755,4065.102605986059,0.0,0.95048534090139,0.4172762980600717
285060.0,5107.564163538572,4065.114353849447,0.0,0.9504852309888902,0.41727765874722245
285120.0,5107.552417094215,4065.1260970133417,0.0,0.9504853398906877,0.4172790194548055
285180.0,5107.540672109834,4065.1378411914225,0.0,0.9504854022648286,0.41728038015977176
285240.0,5107.528931110618,4065.1495880824914,0.0,0.9504853386769035,0.41728174085386527
285300.0,5107.517179456781,4065.161327765345,0.0,0.950485611008544,0.4172831015800714
285360.0,5107.50544498132,4065.173079114725,0.0,0.9504853408974665,0.41728446225751437
285420.0,5107.493706838202,4065.1848279983205,0.0,0.9504851861289052,0.4172858229470537
285480.0,5107.481958929203,4065.1965702617845,0.0,0.9504853395075773,0.41728718366514583
285540.0,5107.4702130818805,4065.208313947825,0.0,0.9504854273632359,0.41728854437889434
285600.0,5107.458472848659,4065.2200614524877,0.0,0.9504853378316966,0.4172899050770954
285660.0,5107.446729178493,4065.2318066410953,0.0,0.9504853564883682,0.41729126578627557
285720.0,5107.434986895774,4065.243552786486,0.0,0.9504853310606393,0.4172926264924923
285780.0,5107.4232433761235,4065.255298107982,0.0,0.9504853443878913,0.41729398720330935
285840.0,5107.411501591133,4065.267044622906,0.0,0.9504853026509513,0.4172953479102323
285900.0,5107.399757274138,4065.278789433962,0.0,0.9504853405718902,0.41729670862540624
285960.0,5107.38801930012,4065.2905385729873,0.0,0.9504851778200615,0.41729806932391755
286020.0,5107.376271056798,4065.302280749886,0.0,0.9504853391145143,0.4172994300524276
286080.0,5107.364524982201,4065.3140244220804,0.0,0.9504854315052484,0.41730079077628623
286140.0,5107.3527848115,4065.325772109767,0.0,0.9504853373563907,0.41730215148376487
286200.0,5107.341041027111,4065.3375173613267,0.0,0.950485356977783,0.4173035122027301
286260.0,5107.329298702191,4065.3492636185947,0.0,0.9504853302401995,0.4173048729185251
286320.0,5107.3175550770275,4065.3610090089537,0.0,0.9504853442571964,0.41730623363910196
286380.0,5107.305813276484,4065.372755653853,0.0,0.9504853003689127,0.41730759435552617
286440.0,5107.294068813801,4065.384500506475,0.0,0.9504853402485307,0.4173089550805753
286500.0,5107.282331021929,4065.396249909783,0.0,0.9504851691015317,0.4173103157880196
286560.0,5107.270582431371,4065.4079919913165,0.0,0.950485338720186,0.4173116765269831
286620.0,5107.258836122106,4065.4197356446175,0.0,0.9504854358799695,0.41731303726097185
286680.0,5107.247095939913,4065.431483464594,0.0,0.9504853394599476,0.4173143979779065
286740.0,5107.235354439977,4065.4432304135,0.0,0.9504852842018587,0.41731575870019455
286800.0,5107.223609405292,4065.4549749714897,0.0,0.9504853403793706,0.4173171194331892
286860.0,5107.211873770267,4065.4667259325697,0.0,0.9504850993769209,0.4173184801407468
286920.0,5107.200122930021,4065.4784665806096,0.0,0.9504853382605087,0.41731984089247093
286980.0,5107.188375308061,4065.490209436459,0.0,0.9504854751033358,0.41732120163653075
287040.0,5107.176636316393,4065.501958158251,0.0,0.9504853393357269,0.41732256235635173
287100.0,5107.16489547471,4065.513705647651,0.0,0.9504852615347503,0.4173239230830537
287160.0,5107.153149657283,4065.525449767931,0.0,0.9504853406639545,0.41732528382459794
287220.0,5107.141412470028,4065.5371997633138,0.0,0.9504851470127004,0.4173266445425187
287280.0,5107.12966308609,4065.548941493368,0.0,0.9504853381621892,0.41732800529636693
287340.0,5107.117916274653,4065.5606849929486,0.0,0.9504854476573545,0.4173293660444038
287400.0,5107.106176368253,4065.5724331875454,0.0,0.9504853390062256,0.4173307267731524
287460.0,5107.0944349786905,4065.584180398729,0.0,0.9504852767407204,0.4173320875077292
287520.0,5107.08268960654,4065.595924914847,0.0,0.9504853400527234,0.4173334482542983
287580.0,5107.070954828361,4065.6076766451656,0.0,0.9504850684707573,0.4173348089720006
287640.0,5107.059202916393,4065.619416752655,0.0,0.9504853376753594,0.4173361697394074
287700.0,5107.047454632799,4065.631159346459,0.0,0.95048549188958,0.41733753049797206
287760.0,5107.035716075064,4065.642908550262,0.0,0.9504853388974238,0.4173388912291516
287820.0,5107.023975434356,4065.654656363459,0.0,0.9504852512282387,0.4173402519678809
287880.0,5107.01222918724,4065.6664003792107,0.0,0.9504853404046059,0.4173416127232634
287940.0,5107.000486346559,4065.6781467239316,0.0,0.9504853217231077,0.417342973469985
288000.0,5106.988742104805,4065.6898921326733,0.0,0.9504853469914074,0.4173443342217453
288060.0,5106.976999077539,4065.7016383814544,0.0,0.950485333623056,0.4173456949710701
288120.0,5106.965254301918,4065.7133834594692,0.0,0.9504853751507735,0.417347055726496
288180.0,5106.953512032952,4065.725130253742,0.0,0.9504853372638237,0.41734841647571186
288240.0,5106.941763413744,4065.7368727599896,0.0,0.9504854994368179,0.41734977724469285
288300.0,5106.9300250222295,4065.7486222172174,0.0,0.9504853385531659,0.417351137984847
288360.0,5106.918284441036,4065.760370211333,0.0,0.9504852463628088,0.4173524987328571
288420.0,5106.906537964553,4065.7721142117125,0.0,0.9504853401423367,0.41735385949835035
288480.0,5106.894795070694,4065.783860660777,0.0,0.9504853204990799,0.41735522025467625
288540.0,5106.883050703971,4065.7956061250798,0.0,0.9504853470732103,0.417356581016247
288600.0,5106.87130761485,4065.8073524723054,0.0,0.9504853330172316,0.41735794177520064
288660.0,5106.859562687704,4065.8190975878306,0.0,0.9504853766896827,0.417359302540513
288720.0,5106.847820396937,4065.8308445077605,0.0,0.9504853368500698,0.4173606632992424
288780.0,5106.836071429129,4065.8425869176,0.0,0.9504855073925749,0.4173620240786757
288840.0,5106.824333216738,4065.8543366370077,0.0,0.950485338210162,0.4173633848277658
288900.0,5106.812592702456,4065.866084817052,0.0,0.9504852412653164,0.41736474558503406
288960.0,5106.800846070996,4065.877828852046,0.0,0.9504853373090743,0.41736610636039057
289020.0,5106.789100725378,4065.889573783317,0.0,0.9504853923166436,0.4173674671336268
289080.0,5106.77735889348,4065.9013211083984,0.0,0.9504853362288732,0.417368827897339
289140.0,5106.765607664258,4065.9130620764336,0.0,0.9504855764136386,0.41737018868956405
289200.0,5106.753871583151,4065.9248133365018,0.0,0.9504853381776791,0.4173715494388354
289260.0,5106.742132266108,4065.936562423032,0.0,0.9504852016709341,0.41737291019896633
289320.0,5106.730384336527,4065.948305670243,0.0,0.9504853369421582,0.4173742709843488
289380.0,5106.718638223394,4065.960050173989,0.0,0.9504854144237569,0.41737563176608794
289440.0,5106.706897060444,4065.9717980468663,0.0,0.9504853354544001,0.417376992534179
289500.0,5106.69514727421,4065.9835400821703,0.0,0.9504855284324848,0.41737835332816814
289560.0,5106.68340963004,4065.9952903747812,0.0,0.9504853377849384,0.41737971408822494
289620.0,5106.671669393693,4066.007038930845,0.0,0.9504852285423917,0.4173810748572935
289680.0,5106.659922264648,4066.0187828150674,0.0,0.9504853367798922,0.4173824356466773
289740.0,5106.648176586353,4066.0305277075786,0.0,0.9504853987734467,0.41738379643346724
289800.0,5106.636434868205,4066.0422752971517,0.0,0.9504853355730022,0.4173851572094507
289860.0,5106.624682562185,4066.054015720951,0.0,0.950485606243847,0.4173865180173663
289920.0,5106.61294732679,4066.065767742711,0.0,0.9504853377795183,0.41738787877680655
289980.0,5106.601208446667,4066.077517313247,0.0,0.9504851839543755,0.4173892395482799
290040.0,5106.589459861881,4066.0892603025923,0.0,0.9504853363975968,0.41739060034814146
290100.0,5106.577713325771,4066.1010047062173,0.0,0.9504854237173549,0.4173919611436924
290160.0,5106.565972368531,4066.112752906038,0.0,0.9504853347314264,0.4173933219237894
290220.0,5106.554221695207,4066.124494525941,0.0,0.9504855522050457,0.4173946827329232
290280.0,5106.542484705525,4066.1362454503474,0.0,0.9504853373681222,0.41739604350369663
290340.0,5106.530744796548,4066.147994415992,0.0,0.9504852142670462,0.417397404284421
290400.0,5106.5189971209475,4066.1597381161264,0.0,0.950485336245923,0.41739876508797086
290460.0,5106.507251081926,4066.17148295078,0.0,0.9504854061121158,0.4174001258883927
290520.0,5106.495509506135,4066.183230824244,0.0,0.9504853348962649,0.41740148667656296
290580.0,5106.483760153495,4066.1949734343043,0.0,0.950485508913236,0.4174028474882034
290640.0,5106.472021748897,4066.206723491706,0.0,0.9504853369898149,0.4174042082693357
290700.0,5106.4602810054985,4066.2184719844286,0.0,0.9504852384746081,0.4174055690587526
290760.0,5106.448534046302,4066.2302162644864,0.0,0.9504853360754494,0.41740692986654315
290820.0,5106.436788393923,4066.2419614551914,0.0,0.9504853919750735,0.4174082906721523
290880.0,5106.425046312035,4066.253709078626,0.0,0.950485334979069,0.41740965146807235
290940.0,5106.413294681434,4066.265450241213,0.0,0.9504855790565756,0.4174110122929438
291000.0,5106.401558443428,4066.2772018634373,0.0,0.9504853369607787,0.4174123730741522
291060.0,5106.389818917509,4066.288951276478,0.0,0.9504851982426817,0.4174137338663701
291120.0,5106.37807064017,4066.300694754985,0.0,0.9504853357065615,0.41741509468424215
291180.0,5106.366324208819,4066.3124395102654,0.0,0.9504854144443852,0.4174164554983844
291240.0,5106.3545828075985,4066.324187689486,0.0,0.9504853341960189,0.41741781629864655
291300.0,5106.34283264413,4066.335929935853,0.0,0.9504855303019641,0.4174191771252093
291360.0,5106.331094818773,4066.3476805739247,0.0,0.9504853365656479,0.41742053791727046
291420.0,5106.319354359646,4066.359429446924,0.0,0.9504852255534618,0.4174218987184633
291480.0,5106.307606896684,4066.3711735718834,0.0,0.9504853355456393,0.4174232595402937
291540.0,5106.295860908111,4066.382918721328,0.0,0.9504853985444606,0.41742462035946076
291600.0,5106.284118943667,4066.394666611693,0.0,0.9504853343205163,0.41742598116763546
291660.0,5106.2723699656335,4066.406409756453,0.0,0.9504854912387966,0.4174273419970909
291720.0,5106.2606308589475,4066.418159618106,0.0,0.9504853362003556,0.41742870279912614
291780.0,5106.248889641941,4066.4299080700766,0.0,0.9504852473588181,0.41743006360879015
291840.0,5106.237142744456,4066.44165267299,0.0,0.9504853377287908,0.4174314244353254
291900.0,5106.225399298593,4066.4533996363375,0.0,0.9504853187979051,0.417432785253065
291960.0,5106.21365443326,4066.4651456508714,0.0,0.950485344404805,0.41743414607589674
292020.0,5106.201910798608,4066.476892516711,0.0,0.9504853308581477,0.41743550689624404
292080.0,5106.190165392614,4066.4886381957526,0.0,0.9504853729419969,0.41743686772275934
292140.0,5106.17842252655,4066.50038561422,0.0,0.9504853345487129,0.4174382285429653
292200.0,5106.166673226453,4066.512128686263,0.0,0.9504854988920226,0.41743958938318215
292260.0,5106.154934289382,4066.5238788035626,0.0,0.9504853358563953,0.41744095019417204
292320.0,5106.143193133873,4066.5356274376873,0.0,0.9504852424331236,0.4174423110131012
292380.0,5106.131446005176,4066.5473720237974,0.0,0.9504853374679175,0.4174436718497429
292440.0,5106.119702506625,4066.5591190916834,0.0,0.9504853175623902,0.4174450326770756
292500.0,5106.107957515857,4066.5708651613104,0.0,0.9504853444926122,0.4174463935097093
292560.0,5106.096213819723,4066.5826121257082,0.0,0.9504853302491169,0.41744775433967457
292620.0,5106.084468261391,4066.5943578415486,0.0,0.9504853745064313,0.4174491151760689
292680.0,5106.072725374429,4066.6061053861577,0.0,0.9504853341343262,0.41745047600577595
292740.0,5106.060975722312,4066.617848359262,0.0,0.950485506959154,0.41745183685644555
292800.0,5106.049236967927,4066.6295987410776,0.0,0.9504853355137052,0.4174531976763512
292860.0,5106.037495881405,4066.641347562433,0.0,0.9504852372723235,0.4174545585045227
292920.0,5106.025748596871,4066.6530921824105,0.0,0.9504853346016512,0.4174559193510202
292980.0,5106.014002615383,4066.664837710627,0.0,0.9504853903457064,0.41745728019534534
293040.0,5106.002260194151,4066.676585665071,0.0,0.9504853335080878,0.4174586410300085
293100.0,5105.990508251513,4066.6883271759916,0.0,0.9504855769067875,0.41746000189354926
293160.0,5105.978771657391,4066.700079118559,0.0,0.950485335484056,0.4174613627135442
293220.0,5105.967031784734,4066.711828857887,0.0,0.9504851971515605,0.4174627235445227
293280.0,5105.955283185706,4066.7235726785757,0.0,0.9504853342330948,0.41746408440108823
293340.0,5105.943536427347,4066.735317772652,0.0,0.9504854127518372,0.4174654452539373
293400.0,5105.931794684703,4066.7470662815126,0.0,0.9504853327265218,0.41746680609294434
293460.0,5105.920044204879,4066.7588088734237,0.0,0.9504855282870179,0.4174681669581845
293520.0,5105.908306027816,4066.7705598345906,0.0,0.9504853350893296,0.41746952778901697
293580.0,5105.896565224494,4066.7823090354395,0.0,0.9504852243857617,0.41747088862896015
293640.0,5105.884817437384,4066.794053500972,0.0,0.9504853340719264,0.41747224948948713
293700.0,5105.873071120407,4066.8057989882745,0.0,0.9504853968954419,0.4174736103473612
293760.0,5105.861328816025,4066.817547209171,0.0,0.9504853328499789,0.41747497119427346
293820.0,5105.8495795181125,4066.829290697187,0.0,0.9504854893317758,0.41747633206241225
293880.0,5105.837840063264,4066.841040884133,0.0,0.9504853347243595,0.4174776929032058
293940.0,5105.826098504106,4066.8527896651995,0.0,0.9504852461297354,0.4174790537516111
294000.0,5105.81435128072,4066.8645346075227,0.0,0.9504853362483139,0.417480414616844
294060.0,5105.802607499053,4066.876281903982,0.0,0.9504853173699457,0.4174817754733071
294120.0,5105.7908623019575,4066.888028254187,0.0,0.9504853429055359,0.41748313633485096
294180.0,5105.779118331995,4066.899775453438,0.0,0.9504853293964259,0.41748449719391933
294240.0,5105.767372595745,4066.9115214690887,0.0,0.9504853713631586,0.4174858580591414
294300.0,5105.755629392132,4066.923269219528,0.0,0.9504853330764992,0.41748721891807306
294360.0,5105.743879772874,4066.9350126352037,0.0,0.9504854969628205,0.4174885797969658
294420.0,5105.732140486966,4066.94676307729,0.0,0.9504853343803149,0.4174899406467105
294480.0,5105.720398988938,4066.9585120402003,0.0,0.9504852412166565,0.41749130150437663
294540.0,5105.70865153481,4066.970256965941,0.0,0.950485335987126,0.41749266237970956
294600.0,5105.696907700414,4066.982004366836,0.0,0.9504853161368181,0.41749402324576057
294660.0,5105.685162378053,4066.993750772162,0.0,0.9504853429920619,0.41749538411710063
294720.0,5105.673418346597,4067.0054980698847,0.0,0.9504853287880458,0.4174967449857817
294780.0,5105.661672458251,4067.0172441224104,0.0,0.9504853729222176,0.4174981058608768
294840.0,5105.649929233611,4067.02899199883,0.0,0.950485332662224,0.4174994667293048
294900.0,5105.638179263151,4067.04073531601,0.0,0.9504855050064338,0.4175008276186427
294960.0,5105.62644015921,4067.0524860220803,0.0,0.9504853340375367,0.4175021884772996
295020.0,5105.61469872978,4067.0642351718975,0.0,0.9504852360691649,0.41750354934420375
295080.0,5105.602951120071,4067.075980131591,0.0,0.9504853331277869,0.41750491022938635
295140.0,5105.591204809644,4067.087725997122,0.0,0.9504853887167696,0.4175062711124058
295200.0,5105.579462049272,4067.099474282398,0.0,0.9504853320370323,0.41750763198579
295260.0,5105.5677097947155,4067.111216141423,0.0,0.9504855747590182,0.41750899288797844
295320.0,5105.55597284473,4067.1229684041887,0.0,0.9504853340072763,0.417510353746738
295380.0,5105.544232625563,4067.13471846964,0.0,0.9504851960591958,0.4175117146164553
295440.0,5105.532483704993,4067.1464626323013,0.0,0.950485332759561,0.41751307551169276
295500.0,5105.520736619788,4067.158208064969,0.0,0.9504854110600021,0.417514436403227
295560.0,5105.508994535938,4067.1699569032958,0.0,0.9504853312569438,0.41751579728095717
295620.0,5105.497243739885,4067.1816998405257,0.0,0.9504855262738168,0.41751715818485313
295680.0,5105.48550521137,4067.193451124637,0.0,0.9504853336129538,0.41751851905443504
295740.0,5105.473764064077,4067.20520065317,0.0,0.950485223216919,0.41751987993310663
295800.0,5105.462015952971,4067.2169454590653,0.0,0.9504853325981468,0.41752124083230835
295860.0,5105.450269307758,4067.228691284027,0.0,0.9504853952469263,0.41752260172886774
295920.0,5105.438526663643,4067.2404398352774,0.0,0.9504853313793645,0.41752396261449565
295980.0,5105.426777045992,4067.2521836663336,0.0,0.9504854874261179,0.4175253235212961
296040.0,5105.415037243216,4067.2639341784125,0.0,0.9504853332483039,0.4175266844008261
296100.0,5105.403295342119,4067.2756832884015,0.0,0.9504852448998353,0.41752804528795096
296160.0,5105.391547792996,4067.2874285699327,0.0,0.9504853347677906,0.41752940619185985
296220.0,5105.379803675718,4067.2991761993194,0.0,0.9504853159417862,0.41753076708702475
296280.0,5105.368058147043,4067.310922885003,0.0,0.9504853414062753,0.4175321279872589
296340.0,5105.3563138419695,4067.32267041748,0.0,0.950485327934603,0.41753348888502645
296400.0,5105.344567775638,4067.3344167695445,0.0,0.9504853697845598,0.4175348497889339
296460.0,5105.332824234675,4067.346164851774,0.0,0.9504853316042151,0.4175362106865696
296520.0,5105.321074296402,4067.35790861087,0.0,0.9504854950348083,0.41753757160411653
296580.0,5105.309334661888,4067.3696593775803,0.0,0.9504853329041748,0.417538932492594
296640.0,5105.297592821554,4067.3814086691036,0.0,0.9504852399993734,0.41754029338897536
296700.0,5105.285845042156,4067.3931539342707,0.0,0.9504853345062879,0.4175416543029775
296760.0,5105.27410087211,4067.4049016679896,0.0,0.9504853147110451,0.41754301520772513
296820.0,5105.262355218339,4067.416648408823,0.0,0.9504853414915202,0.41754437611774975
296880.0,5105.250610851755,4067.428396039685,0.0,0.9504853273268731,0.41754573702512476
296940.0,5105.23886463357,4067.4401424287025,0.0,0.9504853713382447,0.41754709793889927
297000.0,5105.227121071452,4067.451890636752,0.0,0.9504853311900499,0.41754845884602615
297060.0,5105.215370782785,4067.4636342977888,0.0,0.9504855030551594,0.41754981977401073
297120.0,5105.203631329529,4067.4753853279562,0.0,0.9504853325613091,0.4175511806713972
297180.0,5105.191889557407,4067.4871348060638,0.0,0.9504852348650896,0.4175525415770122
297240.0,5105.180141622679,4067.4988801052677,0.0,0.9504853316538565,0.4175539025008584
297300.0,5105.168394983486,4067.5106263079156,0.0,0.9504853870882153,0.41755526342255034
297360.0,5105.156651884174,4067.522374923844,0.0,0.9504853305659023,0.417556624334634
297420.0,5105.14489931782,4067.5341171307446,0.0,0.950485572613182,0.4175579852754484
297480.0,5105.133162012224,4067.5458697135605,0.0,0.9504853325304392,0.4175593461729507
297540.0,5105.121421446774,4067.5576201049703,0.0,0.9504851949656388,0.4175607070813849
297600.0,5105.10967220481,4067.5693646093932,0.0,0.9504853312859608,0.4175620680152725
297660.0,5105.097924792931,4067.581110380456,0.0,0.950485409368587,0.41756342894547016
297720.0,5105.086182368074,4067.592859548073,0.0,0.9504853297872898,0.4175647898619017
297780.0,5105.074431255933,4067.6046028304086,0.0,0.9504855242618783,0.41756615080443193
297840.0,5105.062692376192,4067.616354437302,0.0,0.9504853321365185,0.41756751171274137
297900.0,5105.050950885142,4067.628104293346,0.0,0.9504852220472358,0.41756887263011966
297960.0,5105.039202450201,4067.639849439401,0.0,0.9504853311243014,0.41757023356797457
298020.0,5105.027455476924,4067.6515956018234,0.0,0.9504853935988378,0.41757159450319753
298080.0,5105.015712493283,4067.6633444832496,0.0,0.9504853299086762,0.4175729554275193
298140.0,5105.003962556045,4067.675088657135,0.0,0.9504854855215142,0.4175743163729598
298200.0,5104.992222405564,4067.6868394941803,0.0,0.9504853317721885,0.41757567729120426
298260.0,5104.980480162739,4067.6985889329185,0.0,0.950485243669211,0.4175770382170268
298320.0,5104.9687322880445,4067.7103345534533,0.0,0.9504853332872201,0.41757839915958994
298380.0,5104.95698783535,4067.722082515582,0.0,0.950485314513434,0.41757976009343456
298440.0,5104.945241975274,4067.7338295365507,0.0,0.9504853399070194,0.41758112103233735
298500.0,5104.933497335278,4067.7455774020677,0.0,0.9504853264726807,0.41758248196878217
298560.0,5104.9217509390455,4067.757324090352,0.0,0.95048536820619,0.417583842911353
298620.0,5104.910007060931,4067.7690725041875,0.0,0.9504853301318604,0.41758520384767095
298680.0,5104.898256803785,4067.7808166064883,0.0,0.9504854931080564,0.41758656480385037
298740.0,5104.886516820895,4067.7925676976606,0.0,0.9504853314279754,0.4175879257310388
298800.0,5104.874774638465,4067.804317317622,0.0,0.9504852387813667,0.41758928666611345
298860.0,5104.8630265339625,4067.816062922015,0.0,0.9504853330254026,0.4175906476187632
298920.0,5104.851282028456,4067.8278109883736,0.0,0.9504853132850836,0.41759200856218537
298980.0,5104.8395360434515,4067.839558064523,0.0,0.9504853399909814,0.4175933695108729
299040.0,5104.82779134193,4067.851306028337,0.0,0.9504853258656024,0.41759473045691997
299100.0,5104.816044794086,4067.8630527536516,0.0,0.9504853697544914,0.4175960914093518
299160.0,5104.804300894682,4067.874801293147,0.0,0.9504853297178067,0.4175974523551559
299220.0,5104.792550287956,4067.886545297829,0.0,0.9504855011049846,0.4175988133217655
299280.0,5104.780810485612,4067.8982966519284,0.0,0.950485331085022,0.41760017425785956
299340.0,5104.769068371008,4067.910046458151,0.0,0.9504852336603212,0.41760153520216364
299400.0,5104.75732011143,4067.921792096666,0.0,0.9504853301798614,0.41760289616465146
299460.0,5104.745573143647,4067.9335386362363,0.0,0.950485385459946,0.41760425712499416
299520.0,5104.733829705597,4067.945287582636,0.0,0.9504853290947013,0.4176056180757554
299580.0,5104.722076827582,4067.9570301371955,0.0,0.9504855704687745,0.41760697905517424
299640.0,5104.710339166618,4067.968783039902,0.0,0.9504853310535437,0.41760833999139735
299700.0,5104.6985982551005,4067.980533757099,0.0,0.9504851938711466,0.4176097009385266
299760.0,5104.686848691904,4067.9922786030784,0.0,0.9504853298122945,0.4176110619110428
299820.0,5104.675100953519,4068.0040247123356,0.0,0.9504854076776894,0.4176124228798821
299880.0,5104.663358187868,4068.0157742090646,0.0,0.9504853283175588,0.4176137838349931
299940.0,5104.651606759779,4068.027517836287,0.0,0.9504855222513491,0.4176151448161357
300000.0,5104.639867529051,4068.039269765805,0.0,0.9504853306600247,0.4176165057631505
300060.0,5104.628125694457,4068.051019949188,0.0,0.950485220876728,0.41761786671921364
300120.0,5104.616376935841,4068.0627654351974,0.0,0.9504853296503906,0.4176192276956999
300180.0,5104.604629634675,4068.0745119348844,0.0,0.9504853919510927,0.4176205886695648
300240.0,5104.592886311709,4068.0862611463076,0.0,0.9504853284379134,0.4176219496325584
300300.0,5104.581132352802,4068.098003152748,0.0,0.950485600449147,0.4176233106276481
300360.0,5104.56939554221,4068.1097568203927,0.0,0.9504853306557431,0.41762467157398964
300420.0,5104.55765507041,4068.121508023324,0.0,0.9504851760692345,0.4176260325324176
300480.0,5104.545904849838,4068.1332526091214,0.0,0.9504853292673686,0.41762739351938644
300540.0,5104.534156687364,4068.144998616802,0.0,0.9504854170195299,0.4176287545020075
300600.0,5104.5224141291665,4068.1567484413463,0.0,0.9504853275933401,0.4176301154690845
300660.0,5104.5106681400675,4068.1684959508575,0.0,0.9504853462279935,0.4176314764471325
300720.0,5104.4989235360035,4068.180244416685,0.0,0.9504853208301289,0.41763283742221463
300780.0,5104.487177697196,4068.1919920589608,0.0,0.950485334141638,0.4176341984018916
300840.0,5104.475433590032,4068.2037408940887,0.0,0.9504852924537368,0.4176355593776718
300900.0,5104.463686955313,4068.215488026094,0.0,0.950485330330006,0.41763692036169664
300960.0,5104.451946652495,4068.227239484051,0.0,0.9504851677696293,0.41763828132905884
301020.0,5104.440196098367,4068.238983983036,0.0,0.9504853288742244,0.41763964232640743
301080.0,5104.428447709195,4068.250729976588,0.0,0.9504854211561707,0.4176410033191007
301140.0,5104.416705213594,4068.2624799837854,0.0,0.9504853271180488,0.4176423642954176
301200.0,5104.404959110652,4068.274227555932,0.0,0.9504853467162953,0.4176437252832131
301260.0,5104.393214464642,4068.2859761332984,0.0,0.9504853200101073,0.4176450862678356
301320.0,5104.381468520684,4068.297723844118,0.0,0.9504853340105549,0.4176464472572346
301380.0,5104.369724398173,4068.309472808874,0.0,0.9504852901738238,0.4176478082424785
301440.0,5104.357977618199,4068.3212199821373,0.0,0.9504853300064839,0.4176491692363406
301500.0,5104.346237497393,4068.3329717039733,0.0,0.9504851590606407,0.41765053021259835
301560.0,5104.334486596807,4068.3447161073445,0.0,0.9504853284798158,0.4176518912203626
301620.0,5104.322737973555,4068.3564620817215,0.0,0.9504854255252925,0.4176532522231481
301680.0,5104.310995466659,4068.368212220863,0.0,0.9504853292185869,0.4176546132088831
301740.0,5104.299251644356,4068.3799614892832,0.0,0.9504852740254286,0.41765597419996425
301800.0,5104.287504293503,4068.3917083678566,0.0,0.9504853301368075,0.4176573352017462
301860.0,5104.275766325885,4068.4034616465624,0.0,0.9504850894177295,0.41765869617809415
301920.0,5104.264013179674,4068.4152046168997,0.0,0.9504853280203173,0.4176600571985916
301980.0,5104.252263246147,4068.426949793997,0.0,0.950485464702074,0.41766141821142166
302040.0,5104.24052192781,4068.4387008343524,0.0,0.9504853290941493,0.4176627792000192
302100.0,5104.228778762726,4068.450450642827,0.0,0.9504852513846889,0.4176641401954898
302160.0,5104.217030630623,4068.4621970836997,0.0,0.9504853304206929,0.4176655012057956
302220.0,5104.205291113603,4068.4739493969646,0.0,0.9504851369972103,0.41766686219248184
302280.0,5104.193539421274,4068.4856934486347,0.0,0.950485327921751,0.4176682232150795
302340.0,5104.181790296971,4068.4974392689783,0.0,0.9504854372880346,0.4176695842318623
302400.0,5104.170048065627,4068.509189782187,0.0,0.9504853287646734,0.41767094522936155
302460.0,5104.158304353746,4068.52093931238,0.0,0.9504852665723629,0.4176723062326812
302520.0,5104.146556666258,4068.532686148718,0.0,0.9504853298098195,0.4176736672479871
302580.0,5104.134819554227,4068.544440195927,0.0,0.950485058547243,0.4176750282344305
302640.0,5104.123065338413,4068.5561826255785,0.0,0.9504853274351315,0.41767638927055944
302700.0,5104.111314744649,4068.567927540365,0.0,0.9504854814678596,0.41767775029784343
302760.0,5104.099573859723,4068.5796790621284,0.0,0.9504853286556368,0.41767911129774987
302820.0,5104.087830895503,4068.591429193869,0.0,0.9504852410895559,0.4176804723051977
302880.0,5104.076082334705,4068.603175529876,0.0,0.950485330160925,0.4176818333292911
302940.0,5104.064337174395,4068.6149241937574,0.0,0.9504853115013407,0.4176831943447223
303000.0,5104.052590615487,4068.626671922055,0.0,0.9504853367398602,0.4176845553651867
303060.0,5104.04084526896,4068.6384204899773,0.0,0.9504853233871702,0.41768591638321273
303120.0,5104.029098177158,4068.650167887632,0.0,0.950485364866004,0.41768727740733375
303180.0,5104.017353587642,4068.6619170007384,0.0,0.9504853270235352,0.4176886384252433
303240.0,5104.005602659026,4068.673661827717,0.0,0.950485489005856,0.4176899994629056
303300.0,5103.993861940219,4068.6854136025045,0.0,0.9504853283112411,0.417691360471749
303360.0,5103.982119035594,4068.6971639147955,0.0,0.9504852362291707,0.4176927214884399
303420.0,5103.970370246006,4068.7089102351456,0.0,0.9504853298984237,0.4176940825226059
303480.0,5103.958625032795,4068.7206590030355,0.0,0.9504853102781834,0.4176954435476036
303540.0,5103.946878349315,4068.7324067865793,0.0,0.9504853368210365,0.41769680457784053
303600.0,5103.935132941224,4068.744155452613,0.0,0.9504853227815073,0.41769816560545775
303660.0,5103.923385698339,4068.7559028874716,0.0,0.9504853664026155,0.4176995266394273
303720.0,5103.911641087245,4068.7676521258873,0.0,0.9504853266097232,0.4177008876668127
303780.0,5103.899889810811,4068.7793968562078,0.0,0.9504854969519543,0.4177022487148892
303840.0,5103.888149270998,4068.7911488927716,0.0,0.9504853279680977,0.417703609732631
303900.0,5103.876406433351,4068.8028993906214,0.0,0.9504852311369962,0.4177049707585423
303960.0,5103.864657489234,4068.8146457452804,0.0,0.9504853270679476,0.4177063318025334
304020.0,5103.852909828739,4068.8263929957634,0.0,0.9504853820108637,0.41770769284439974
304080.0,5103.841165675826,4068.838142638955,0.0,0.9504853259888948,0.41770905387674323
304140.0,5103.829412142059,4068.849885927935,0.0,0.9504855658914759,0.4177104149375841
304200.0,5103.817673729923,4068.8616395042663,0.0,0.9504853279352907,0.4177117759554841
304260.0,5103.805932087539,4068.873390907997,0.0,0.9504851915888183,0.4177131369842341
304320.0,5103.794181847692,4068.885136475039,0.0,0.9504853267011005,0.4177144980382252
304380.0,5103.782433421145,4068.896883297999,0.0,0.9504854040916346,0.4177158590885684
304440.0,5103.770689936133,4068.908633488545,0.0,0.9504853252149686,0.4177172201252662
304500.0,5103.758937842937,4068.9203778441265,0.0,0.9504855179664826,0.41771858118784894
304560.0,5103.747197870596,4068.9321304532496,0.0,0.9504853275426499,0.4177199422165077
304620.0,5103.735455310642,4068.943881326565,0.0,0.9504852184282182,0.4177213032541693
304680.0,5103.723705870045,4068.955627530135,0.0,0.9504853265386626,0.4177226643121374
304740.0,5103.711957877691,4068.96737474149,0.0,0.9504853884594402,0.41772402536750664
304800.0,5103.700213838578,4068.9791246486698,0.0,0.9504853253330674,0.41772538641207113
304860.0,5103.6884592301185,4068.990867393266,0.0,0.9504855956864104,0.4177267474885512
304920.0,5103.676721662468,4069.002621730568,0.0,0.9504853275368748,0.4177281085165703
304980.0,5103.664980456487,4069.0143736177047,0.0,0.9504851738921554,0.41772946955661283
305040.0,5103.653229562816,4069.0261189266103,0.0,0.9504853261564544,0.4177308306250322
305100.0,5103.641480714269,4069.037865649108,0.0,0.9504854133736487,0.4177321916891365
305160.0,5103.6297374348505,4069.0496161660685,0.0,0.950485324492119,0.4177335527377901
305220.0,5103.617984456353,4069.0613601060504,0.0,0.9504855417105131,0.41773491381546635
305280.0,5103.606245137598,4069.0731133463,0.0,0.9504853271255995,0.41773627485479214
305340.0,5103.594502904682,4069.0848646286263,0.0,0.9504852041689023,0.41773763590405966
305400.0,5103.582752918724,4069.0966106478068,0.0,0.9504853260045968,0.417738996976143
305460.0,5103.571004566516,4069.108357800946,0.0,0.9504853957887336,0.4177403580450935
305520.0,5103.559260669746,4069.120107991505,0.0,0.9504853246564025,0.41774171910179475
305580.0,5103.547509009744,4069.131852921005,0.0,0.9504854984691152,0.4177430801819538
305640.0,5103.535768278665,4069.1436052944496,0.0,0.9504853267473743,0.4177444412316118
305700.0,5103.524025212904,4069.1553561038754,0.0,0.9504852283477125,0.41774580228954583
305760.0,5103.51227594222,4069.1671027025236,0.0,0.9504853258339616,0.41774716336584544
305820.0,5103.500527976101,4069.178850211361,0.0,0.9504853816678924,0.4177485244399585
305880.0,5103.48878357424,4069.190600151809,0.0,0.9504853247387477,0.4177498855043837
305940.0,5103.4770296403885,4069.202343634287,0.0,0.950485568529696,0.4177512465977448
306000.0,5103.465291072234,4069.2140975716525,0.0,0.9504853267180104,0.4177526076474559
306060.0,5103.453549221942,4069.2258493007866,0.0,0.9504851881626908,0.41775396870816695
306120.0,5103.441798635544,4069.2375950980563,0.0,0.950485325465145,0.41775532979452157
306180.0,5103.430049891934,4069.249342171474,0.0,0.9504854041104569,0.4177566908771418
306240.0,5103.41830616967,4069.2610926672637,0.0,0.9504853239562554,0.41775805194588456
306300.0,5103.406553700499,4069.272837232851,0.0,0.9504855198319702,0.41775941304091474
306360.0,5103.3948135478895,4069.2845901863166,0.0,0.9504853263229815,0.4177607741014521
306420.0,5103.383070766142,4069.2963413754615,0.0,0.9504852154410603,0.41776213517111205
306480.0,5103.371320992813,4069.3080878187006,0.0,0.9504853253040502,0.4177634962614004
306540.0,5103.359572691326,4069.3198352859117,0.0,0.9504853882288389,0.41776485734902075
306600.0,5103.3478284069415,4069.331585492785,0.0,0.9504853240802449,0.4177662184256505
306660.0,5103.336077121252,4069.343330956165,0.0,0.9504854808143082,0.4177675795235495
306720.0,5103.324335689674,4069.3550831333737,0.0,0.9504853259577566,0.41776894059403424
306780.0,5103.312592151493,4069.3668339014885,0.0,0.95048523722041,0.41777030167213947
306840.0,5103.300842942772,4069.37858082227,0.0,0.9504853274842786,0.4177716627671081
306900.0,5103.289097179663,4069.3903301023843,0.0,0.950485308575536,0.4177730238532802
306960.0,5103.277349999581,4069.4020784340814,0.0,0.9504853341523442,0.41777438494453883
307020.0,5103.26560404805,4069.4138276166673,0.0,0.9504853206215121,0.41777574603331014
307080.0,5103.253856328295,4069.4255756129596,0.0,0.9504853626559655,0.41777710712824323
307140.0,5103.242111144051,4069.4373253478616,0.0,0.9504853243076298,0.4177784682168656
307200.0,5103.230359537046,4069.449070738255,0.0,0.9504854884581304,0.41777982932548635
307260.0,5103.218618274968,4069.460823170705,0.0,0.9504853256136575,0.41778119040488826
307320.0,5103.206874798358,4069.472574120603,0.0,0.9504852322999573,0.41778255149222093
307380.0,5103.1951253590105,4069.4843210243002,0.0,0.9504853272231686,0.41778391259725806
307440.0,5103.183379543486,4069.4960704086166,0.0,0.9504853073409295,0.41778527369298546
307500.0,5103.1716322383745,4069.5078187950926,0.0,0.9504853342395052,0.41778663479400824
307560.0,5103.159886225653,4069.519568075904,0.0,0.9504853200126537,0.41778799589235965
307620.0,5103.148138354007,4069.531316108688,0.0,0.9504853642180207,0.4177893569971339
307680.0,5103.136393149085,4069.5430659693857,0.0,0.950485323893186,0.4177907180952195
307740.0,5103.12464119085,4069.5548112605925,0.0,0.95048549651545,0.4177920792142549
307800.0,5103.112900111326,4069.5665639571575,0.0,0.9504853252708279,0.41779344030253496
307860.0,5103.101156703768,4069.578315093917,0.0,0.9504852271445108,0.41779480139907227
307920.0,5103.08940710903,4069.590062031174,0.0,0.9504853243597223,0.41779616251392754
307980.0,5103.077658815093,4069.601809876214,0.0,0.9504853800383914,0.4177975236266054
308040.0,5103.065914075205,4069.6135601463698,0.0,0.9504853232673199,0.41779888472962234
308100.0,5103.054159830567,4069.6253039758585,0.0,0.9504855663808018,0.41780024586150155
308160.0,5103.0424209076555,4069.6370582322807,0.0,0.9504853252408522,0.4178016069498479
308220.0,5103.030678711964,4069.6488102864073,0.0,0.9504851870703555,0.41780296804916833
308280.0,5103.0189278051475,4069.6605564245433,0.0,0.9504853239912364,0.41780432917406524
308340.0,5103.007178735816,4069.6723038354444,0.0,0.9504854024179599,0.41780569029524106
308400.0,5102.995434673456,4069.6840546595754,0.0,0.9504853224863073,0.4178070514025776
308460.0,5102.983681889186,4069.695799569384,0.0,0.9504855178177549,0.4178084125361341
308520.0,5102.971941386224,4069.7075528446567,0.0,0.9504853248462277,0.41780977363529115
308580.0,5102.960198261615,4069.719304360356,0.0,0.950485214272202,0.4178111347435502
308640.0,5102.948448165416,4069.7310511428523,0.0,0.9504853238298955,0.41781249587238417
308700.0,5102.9366995368155,4069.74279894661,0.0,0.9504853865797924,0.4178138569985604
308760.0,5102.924954913815,4069.754549482715,0.0,0.9504853226092582,0.4178152181137763
308820.0,5102.913203309512,4069.7662952880314,0.0,0.9504854789078622,0.41781657925020743
308880.0,5102.901461531112,4069.77804778924,0.0,0.9504853244813237,0.4178179403592993
308940.0,5102.889717652106,4069.789798885153,0.0,0.9504852359903699,0.4178193014759946
309000.0,5102.877968118769,4069.8015461440314,0.0,0.9504853260033738,0.41782066260950973
309060.0,5102.866222021165,4069.8132957559524,0.0,0.9504853071470455,0.41782202373425403
309120.0,5102.854474510624,4069.8250444220134,0.0,0.9504853326526835,0.41782338486407355
309180.0,5102.842728225094,4069.836793936708,0.0,0.9504853191593257,0.41782474599141445
309240.0,5102.83098017638,4069.8485422683007,0.0,0.950485361076892,0.41782610712490326
309300.0,5102.819234655903,4069.8602923338713,0.0,0.9504853228349711,0.4178274682521001
309360.0,5102.807482731001,4069.872038066578,0.0,0.9504854865294907,0.4178288293992456
309420.0,5102.795741121433,4069.883790822526,0.0,0.9504853241371408,0.41783019051725095
309480.0,5102.783997303633,4069.8955420999137,0.0,0.9504852310824036,0.4178315516431694
309540.0,5102.772247540137,4069.907289341925,0.0,0.9504853257419522,0.41783291278674634
309600.0,5102.760501390078,4069.919039057947,0.0,0.9504853059148006,0.4178342739210407
309660.0,5102.74875375467,4069.9307877788146,0.0,0.9504853327385769,0.41783563506061855
309720.0,5102.737007407936,4069.9425373916465,0.0,0.9504853185511104,0.41783699619753445
309780.0,5102.725259207569,4069.9542857598058,0.0,0.9504853626336303,0.4178383573408585
309840.0,5102.713513666283,4069.9660359510135,0.0,0.9504853224206379,0.4178397184775137
309900.0,5102.701761390964,4069.9777815849734,0.0,0.9504854945634096,0.41784107963506634
309960.0,5102.6900199632355,4069.9895346045023,0.0,0.9504853237942232,0.41784244076194643
310020.0,5102.6782762141,4070.001286068427,0.0,0.95048522594024,0.41784380189706516
310080.0,5102.666526295468,4070.0130333440848,0.0,0.9504853228854164,0.41784516305045427
310140.0,5102.654777673883,4070.0247815251273,0.0,0.9504853784093994,0.4178465242016751
310200.0,5102.6430325961755,4070.036532124816,0.0,0.9504853217958158,0.41784788534326206
310260.0,5102.631278040859,4070.048276301078,0.0,0.9504855642342351,0.41784924651363775
310320.0,5102.619538763453,4070.060030876418,0.0,0.9504853237636383,0.41785060764059745
310380.0,5102.607796222595,4070.071783255377,0.0,0.9504851859765757,0.41785196877850533
310440.0,5102.596044995505,4070.0835297341664,0.0,0.9504853225172606,0.417853329941923
310500.0,5102.5842956006145,4070.095277482348,0.0,0.9504854007261174,0.41785469110163276
310560.0,5102.572551198369,4070.1070286346476,0.0,0.9504853210162788,0.41785605224754113
310620.0,5102.560798099128,4070.1187738884523,0.0,0.9504855158053178,0.41785741341960225
310680.0,5102.549057246063,4070.130527485381,0.0,0.950485323369416,0.41785877455735765
310740.0,5102.537313778816,4070.142279327468,0.0,0.950485213102254,0.41786013570419384
310800.0,5102.525563359896,4070.154026449009,0.0,0.9504853223556744,0.4178614968715512
310860.0,5102.513814404349,4070.1657745891143,0.0,0.9504853849312175,0.4178628580362615
310920.0,5102.502069442937,4070.1775254542736,0.0,0.9504853211381955,0.41786421919004185
310980.0,5102.490317520164,4070.1892716013112,0.0,0.9504854770026758,0.41786558036498345
311040.0,5102.478575395182,4070.2010244263606,0.0,0.9504853230048317,0.41786694151266035
311100.0,5102.466831175565,4070.2127758498973,0.0,0.9504852347594956,0.4178683026679239
311160.0,5102.455081317776,4070.2245234466677,0.0,0.9504853245224242,0.4178696638399637
311220.0,5102.443334885874,4070.2362733902123,0.0,0.950485305718339,0.41787102500325846
311280.0,5102.431587045049,4070.2480223904436,0.0,0.9504853311530403,0.417872386171617
311340.0,5102.419840425716,4070.2597722370583,0.0,0.9504853176970334,0.41787374733750593
311400.0,5102.408092048214,4070.2715209037538,0.0,0.9504853594980941,0.41787510850952847
311460.0,5102.3963461917,4070.2832712998134,0.0,0.9504853213622418,0.41787646967527803
311520.0,5102.384593949046,4070.2950173746176,0.0,0.9504854846021151,0.4178778308609265
311580.0,5102.372851992218,4070.306770453899,0.0,0.9504853226605647,0.41787919201751345
311640.0,5102.361107833442,4070.3185220586015,0.0,0.9504852298641301,0.41788055318199574
311700.0,5102.349357745958,4070.3302696387273,0.0,0.9504853242606879,0.41788191436409095
311760.0,5102.337611261556,4070.3420196862703,0.0,0.9504853044884842,0.41788327553693033
311820.0,5102.325863296035,4070.353768741338,0.0,0.950485331237651,0.4178846367150416
311880.0,5102.314116615479,4070.3655186860046,0.0,0.9504853170894696,0.41788599789050024
311940.0,5102.30236808657,4070.377267389347,0.0,0.9504853610494525,0.41788735907235214
312000.0,5102.29062220912,4070.38901791088,0.0,0.9504853209480195,0.41788872024755513
312060.0,5102.278869616861,4070.400763887378,0.0,0.9504854926126196,0.4178900814436032
312120.0,5102.267127841161,4070.4125172297126,0.0,0.9504853223175591,0.41789144260906125
312180.0,5102.255383750659,4070.4242690206274,0.0,0.9504852247352651,0.41789280378273963
312240.0,5102.243633508297,4070.4360166344845,0.0,0.9504853214110454,0.4178941649746408
312300.0,5102.231884559238,4070.4477651513334,0.0,0.9504853767807334,0.417895526164383
312360.0,5102.22013914391,4070.459516080374,0.0,0.9504853203242389,0.4178968873445181
312420.0,5102.208384278045,4070.4712606031876,0.0,0.950485562089336,0.41789824855336866
312480.0,5102.196644646391,4070.483015497289,0.0,0.9504853222863658,0.4178996097189198
312540.0,5102.1849017605855,4070.4947682009097,0.0,0.9504851848818572,0.41790097089539335
312600.0,5102.173150213375,4070.506515020144,0.0,0.9504853210432185,0.4179023320973098
312660.0,5102.161400493096,4070.5182631054063,0.0,0.9504853990347726,0.41790369329553173
312720.0,5102.149655751174,4070.530014585697,0.0,0.9504853195461739,0.4179050544799901
312780.0,5102.137902337102,4070.5417601832823,0.0,0.9504855137941735,0.4179064156905343
312840.0,5102.126161134167,4070.553514101706,0.0,0.950485321892545,0.4179077768668657
312900.0,5102.114417324493,4070.565266270006,0.0,0.9504852119315164,0.41790913805225727
312960.0,5102.10266658302,4070.577013730394,0.0,0.9504853208813879,0.4179104992581167
313020.0,5102.090917300701,4070.5887622066493,0.0,0.9504853832830442,0.41791186046133927
313080.0,5102.079172001084,4070.6005134006837,0.0,0.9504853196670587,0.41791322165366224
313140.0,5102.067416053606,4070.6122573735292,0.0,0.9504855921189523,0.4179145828781469
313200.0,5102.055677273781,4070.62401303366,0.0,0.9504853218885924,0.4179159440537665
313260.0,5102.043934828685,4070.635766223482,0.0,0.9504851670517431,0.41791730524149173
313320.0,5102.032182623859,4070.647512781329,0.0,0.9504853204980808,0.4179186664578214
313380.0,5102.020432479508,4070.6592607641637,0.0,0.9504854083925075,0.41792002766978403
313440.0,5102.008687945775,4070.671012572383,0.0,0.9504853188214507,0.4179213888661629
313500.0,5101.9969399773145,4070.68276206033,0.0,0.9504853374863652,0.4179227500735322
313560.0,5101.985193395491,4070.6945125066845,0.0,0.9504853120473872,0.41792411127792267
313620.0,5101.973445577572,4070.70626212759,0.0,0.9504853253805313,0.4179254724869126
313680.0,5101.961699493294,4070.718012943966,0.0,0.9504852836250949,0.4179268336919904
313740.0,5101.949950878648,4070.729762053357,0.0,0.9504853215628325,0.41792819490532634
313800.0,5101.938208603108,4070.741515498315,0.0,0.9504851587389256,0.41792955610195187
313860.0,5101.926456064714,4070.7532619686845,0.0,0.9504853201048025,0.4179309173286308
313920.0,5101.914705693781,4070.7650099368907,0.0,0.9504854125364257,0.4179322785506342
313980.0,5101.90296122309,4070.7767619277074,0.0,0.9504853183458915,0.4179336397562197
314040.0,5101.8912131410325,4070.7885114779615,0.0,0.9504853379759707,0.41793500097330416
314100.0,5101.879466517589,4070.8002620356383,0.0,0.9504853112265358,0.41793636218720226
314160.0,5101.867718594777,4070.812011724774,0.0,0.9504853252497418,0.417937723405882
314220.0,5101.85597249551,4070.8237626706036,0.0,0.9504852813419706,0.4179390846203904
314280.0,5101.84422373582,4070.835511820877,0.0,0.9504853212392902,0.41794044584353146
314340.0,5101.832481642877,4070.8472655298406,0.0,0.9504851500162053,0.41794180704901823
314400.0,5101.820728758006,4070.8590119039122,0.0,0.9504853197102576,0.41794316828608213
314460.0,5101.808978153098,4070.870759852432,0.0,0.9504854169132507,0.4179445295181463
314520.0,5101.797233671474,4070.8825119750263,0.0,0.9504853204503393,0.41794589073311744
314580.0,5101.785487873021,4070.89426322487,0.0,0.9504852651676425,0.4179472519534378
314640.0,5101.773738542054,4070.906012079481,0.0,0.9504853213701627,0.41794861318448046
314700.0,5101.761998604987,4070.917767348499,0.0,0.950485080260368,0.417949974390021
314760.0,5101.750243472193,4070.9295122860094,0.0,0.9504853192503492,0.4179513356398112
314820.0,5101.738491555775,4070.941259435149,0.0,0.9504854561540675,0.41795269688190684
314880.0,5101.7267482643065,4070.9530124606667,0.0,0.9504853203260364,0.4179540580997105
314940.0,5101.715003124064,4070.9647642514656,0.0,0.9504852424904542,0.41795541932439384
315000.0,5101.703253011213,4070.976512667083,0.0,0.9504853216548458,0.41795678056394364
315060.0,5101.691511523229,4070.9882669682065,0.0,0.9504851279173243,0.4179581417798122
315120.0,5101.679757846206,4071.0000129891587,0.0,0.9504853191519589,0.41795950303167095
315180.0,5101.668006740174,4071.011760782675,0.0,0.9504854286958779,0.4179608642776919
315240.0,5101.656262534914,4071.023513279556,0.0,0.9504853199963622,0.41796222550438134
315300.0,5101.6445168475075,4071.035264791138,0.0,0.9504852577031317,0.4179635867368956
315360.0,5101.632767180023,4071.047013602796,0.0,0.9504853210433175,0.41796494798142075
315420.0,5101.62102810001,4071.0587696414223,0.0,0.9504850493402915,0.417966309197007
315480.0,5101.609271896896,4071.070514036408,0.0,0.9504853186648858,0.41796767046239175
315540.0,5101.597519319992,4071.082260922025,0.0,0.9504854729478132,0.4179690317189019
315600.0,5101.5857764629245,4071.0940144294104,0.0,0.9504853198874854,0.4179703929479674
315660.0,5101.574031524274,4071.1057665435783,0.0,0.9504852321792581,0.41797175418458277
315720.0,5101.562280982738,4071.117514853472,0.0,0.9504853213953302,0.41797311543787924
315780.0,5101.550533845582,4071.1292654964072,0.0,0.9504853027054976,0.41797447668248683
315840.0,5101.538785308285,4071.1410152016088,0.0,0.950485327985063,0.41797583793213355
315900.0,5101.52703798478,4071.1527657482666,0.0,0.9504853146107421,0.41797719917933
315960.0,5101.51528891407,4071.1645151219777,0.0,0.9504853561570079,0.41797856043262954
316020.0,5101.503542348519,4071.1762662149395,0.0,0.9504853182531251,0.41797992167969733
316080.0,5101.491789436753,4071.1880130120803,0.0,0.9504854804987621,0.41798128294655507
316140.0,5101.480046746371,4071.199766772597,0.0,0.9504853195430357,0.4179826441845236
316200.0,5101.46830186776,4071.2115190672566,0.0,0.9504852273113709,0.41798400543034864
316260.0,5101.456551097545,4071.2232673609906,0.0,0.9504853211329103,0.41798536669368647
316320.0,5101.4448039078015,4071.2350181077004,0.0,0.9504853014808377,0.417986727947828
316380.0,5101.433055246163,4071.2467678678045,0.0,0.9504853280668878,0.4179880892072152
316440.0,5101.421307861399,4071.258518512328,0.0,0.9504853140045946,0.4179894504639703
316500.0,5101.409558639808,4071.2702679228587,0.0,0.9504853576966743,0.4179908117270864
316560.0,5101.397812053025,4071.2820191409483,0.0,0.9504853178391456,0.417992172983597
316620.0,5101.3860587934205,4071.2937658407477,0.0,0.9504854884582868,0.41799353426083835
316680.0,5101.374316282609,4071.3055198631614,0.0,0.95048531919984,0.4179948955076709
316740.0,5101.362571471424,4071.31727234333,0.0,0.9504852222114335,0.4179962567626831
316800.0,5101.350820546882,4071.3290206709835,0.0,0.9504853182983396,0.4179976180358144
316860.0,5101.3390709074765,4071.3407698963947,0.0,0.9504853733305576,0.4179989793068066
316920.0,5101.3273247796415,4071.352521519855,0.0,0.9504853172176458,0.4180003405682503
316980.0,5101.315569260399,4071.36426677477,0.0,0.9504855575101376,0.4180017018582493
317040.0,5101.303828879918,4071.3760223400936,0.0,0.9504853191673165,0.4180030631052041
317100.0,5101.292085265598,4071.3877757278638,0.0,0.9504851825993595,0.41800442436302493
317160.0,5101.280333044106,4071.3995232658226,0.0,0.9504853179312334,0.41800578564614266
317220.0,5101.268582638028,4071.4112720624403,0.0,0.9504853954475909,0.41800714692559493
317280.0,5101.2568371791,4071.423024234173,0.0,0.9504853164427989,0.4180085081913666
317340.0,5101.245083102291,4071.4347705577916,0.0,0.9504855095076137,0.41800986948307717
317400.0,5101.233341160089,4071.446525153426,0.0,0.9504853187743747,0.41801123074077906
317460.0,5101.22159662741,4071.45827800928,0.0,0.9504852094826998,0.4180125920074957
317520.0,5101.209845206326,4071.4700261848852,0.0,0.9504853177688685,0.41801395329456303
317580.0,5101.198095235184,4071.481775370459,0.0,0.9504853797902648,0.41801531457901653
317640.0,5101.186349221776,4071.4935272578764,0.0,0.950485316561428,0.4180166758526366
317700.0,5101.174592627133,4071.505271966569,0.0,0.950485587353894,0.41801803715823804
317760.0,5101.1628530925855,4071.5170282939453,0.0,0.9504853187689261,0.41801939841526214
317820.0,5101.151109915655,4071.528782165581,0.0,0.9504851648747694,0.4180207596843287
317880.0,5101.139357040103,4071.5405294442053,0.0,0.9504853173863763,0.4180221209818354
317940.0,5101.127606212052,4071.552278139516,0.0,0.9504854047452314,0.4180234822750077
318000.0,5101.115860959448,4071.56403063777,0.0,0.9504853157194512,0.41802484355269
318060.0,5101.104105996842,4071.5757765442395,0.0,0.9504855332906168,0.418026204859456
318120.0,5101.092364709458,4071.587531771789,0.0,0.9504853183573194,0.41802756612777664
318180.0,5101.080620504678,4071.599285036946,0.0,0.9504851952010376,0.41802892740605296
318240.0,5101.0688685381165,4071.6110330271276,0.0,0.9504853172346089,0.4180302887071952
318300.0,5101.057118207213,4071.622782153734,0.0,0.9504853871321258,0.41803165000518844
318360.0,5101.045372336808,4071.634534324544,0.0,0.9504853158843368,0.41803301129090037
318420.0,5101.033618694434,4071.6462812224363,0.0,0.9504854899794788,0.4180343726001184
318480.0,5101.021875993381,4071.6580355809274,0.0,0.9504853179788172,0.4180357338787587
318540.0,5101.010130955069,4071.669788371815,0.0,0.9504852194193534,0.4180370951656851
318600.0,5100.998379704833,4071.6815369424526,0.0,0.950485317064033,0.4180384564710171
318660.0,5100.986629760702,4071.6932864252426,0.0,0.9504853729887479,0.4180398177741483
318720.0,5100.974883384885,4071.7050383450714,0.0,0.9504853159671514,0.4180411790675658
318780.0,5100.963127466351,4071.716783792363,0.0,0.9504855601543567,0.41804254038997785
318840.0,5100.951386930927,4071.7285397179776,0.0,0.9504853179497428,0.4180439016686347
318900.0,5100.93964310971,4071.7402934303273,0.0,0.9504851791693041,0.418045262958308
318960.0,5100.927890542522,4071.7520411974742,0.0,0.9504853166949537,0.41804662427368183
319020.0,5100.91613982027,4071.763790243557,0.0,0.9504853954681209,0.4180479855853034
319080.0,5100.9043941250675,4071.775542719664,0.0,0.950485315183725,0.41804934688301176
319140.0,5100.892639673107,4071.7872892522028,0.0,0.9504855113778325,0.4180507082070624
319200.0,5100.880897551679,4071.799044191399,0.0,0.9504853175544091,0.418052069496534
319260.0,5100.869152798204,4071.8107973622377,0.0,0.9504852064922796,0.4180534307951406
319320.0,5100.857401045255,4071.822545776493,0.0,0.9504853165339338,0.418054792114421
319380.0,5100.845650765874,4071.834295216941,0.0,0.9504853795610648,0.4180561534310178
319440.0,5100.833904508167,4071.846047403172,0.0,0.9504853153082516,0.4180575147365951
319500.0,5100.822151241272,4071.8577948352067,0.0,0.9504854722971886,0.4180588760634847
319560.0,5100.810407839681,4071.8695489960937,0.0,0.9504853171889275,0.41806023736289055
319620.0,5100.7986623291645,4071.8813017446464,0.0,0.9504852283073979,0.4180615986699256
319680.0,5100.786911141712,4071.893050637203,0.0,0.9504853187180428,0.4180629599938603
319740.0,5100.775163403814,4071.904801894333,0.0,0.9504852997786202,0.41806432130897125
319800.0,5100.763414247381,4071.916552200866,0.0,0.950485325397061,0.41806568262917476
319860.0,5100.75166632093,4071.928303360147,0.0,0.9504853118442889,0.41806704394687894
319920.0,5100.739916624297,4071.9400533304165,0.0,0.9504853539471424,0.4180684052707532
319980.0,5100.728169466085,4071.951805043152,0.0,0.9504853155365105,0.41806976658829603
320040.0,5100.716415877894,4071.9635524015466,0.0,0.95048547995411,0.41807112792587525
320100.0,5100.704672646377,4071.9753068177874,0.0,0.9504853168447752,0.4180724892341642
320160.0,5100.692927197877,4071.987059748067,0.0,0.9504852233793233,0.41807385055039337
320220.0,5100.681175779905,4071.9988086230314,0.0,0.9504853184570172,0.4180752118843651
320280.0,5100.6694279899075,4072.0105599841318,0.0,0.9504852985424854,0.4180765732089987
320340.0,5100.657678708674,4072.0223103451003,0.0,0.9504853254848835,0.41807793453893427
320400.0,5100.645930721338,4072.0340616023605,0.0,0.9504853112349386,0.41807929586618603
320460.0,5100.634180873011,4072.045811608737,0.0,0.9504853555123032,0.4180806571998695
320520.0,5100.6224336944715,4072.0575634470842,0.0,0.9504853151218983,0.418082018526843
320580.0,5100.6106797550265,4072.069310705603,0.0,0.9504854880250367,0.41808337987480626
320640.0,5100.59893670664,4072.0810653860835,0.0,0.9504853165018938,0.41808474119193906
320700.0,5100.587191327646,4072.092818503177,0.0,0.9504852182160068,0.41808610251733935
320760.0,5100.575439754482,4072.104567411312,0.0,0.9504853155894187,0.41808746386109746
320820.0,5100.563689483656,4072.1163172291917,0.0,0.9504853713586854,0.4180888252026638
320880.0,5100.551942770924,4072.1280694776037,0.0,0.9504853144953531,0.41809018653454344
320940.0,5100.540186542742,4072.1398152708157,0.0,0.9504855580041479,0.4180915478953438
321000.0,5100.528445653652,4072.1515715143396,0.0,0.950485316472206,0.4180929092125064
321060.0,5100.516701488141,4072.1633255505453,0.0,0.9504851780771881,0.41809427054065973
321120.0,5100.504948601669,4072.1750736574586,0.0,0.9504853152206718,0.41809563189444626
321180.0,5100.4931975548225,4072.1868230399177,0.0,0.9504853937748325,0.41809699324449384
321240.0,5100.4814515206335,4072.1985758432343,0.0,0.9504853137134109,0.4180983545806664
321300.0,5100.469696754715,4072.2103227189054,0.0,0.9504855093622332,0.4180997159431137
321360.0,5100.457954284029,4072.2220779787617,0.0,0.9504853160772763,0.4181010772710759
321420.0,5100.446209188795,4072.233831475019,0.0,0.9504852053236867,0.4181024386081521
321480.0,5100.434457114108,4072.2455802274285,0.0,0.9504853150594057,0.41810379996584807
321540.0,5100.422706508742,4072.2573300033146,0.0,0.9504853779112578,0.41810516132087105
321600.0,5100.410959913526,4072.269082517648,0.0,0.9504853138368985,0.41810652266490506
321660.0,5100.399206329162,4072.2808302905246,0.0,0.9504854703894234,0.418107884030197
321720.0,5100.387462581847,4072.292584774268,0.0,0.9504853157121163,0.41810924536808025
321780.0,5100.375716731611,4072.304337849485,0.0,0.9504852270775208,0.4181106067135758
321840.0,5100.363965220677,4072.316087079035,0.0,0.9504853172367502,0.41811196807592704
321900.0,5100.352217149401,4072.3278386668503,0.0,0.9504852983498505,0.41811332942948054
321960.0,5100.340467663628,4072.339589306633,0.0,0.9504853238969744,0.41811469078811536
322020.0,5100.328719404296,4072.3513407968994,0.0,0.9504853103817532,0.4181160521442597
322080.0,5100.3169693798245,4072.363091101357,0.0,0.9504853523674798,0.4181174135065598
322140.0,5100.305221886492,4072.374843143636,0.0,0.9504853140634821,0.4181187748625477
322200.0,5100.293467981552,4072.386590843253,0.0,0.9504854780240173,0.4181201362385219
322260.0,5100.281724403632,4072.3983455818434,0.0,0.9504853153678796,0.4181214975852847
322320.0,5100.269978615046,4072.410098838477,0.0,0.9504852221620582,0.4181228589399701
322380.0,5100.258226874062,4072.421848050655,0.0,0.9504853169754095,0.418124220312352
322440.0,5100.246478750645,4072.4335997423377,0.0,0.9504852971161075,0.4181255816754231
322500.0,5100.23472914024,4072.4453504365842,0.0,0.9504853239835135,0.41812694304378417
322560.0,5100.222980820006,4072.4571020247445,0.0,0.9504853097730552,0.41812830440947096
322620.0,5100.211230644088,4072.4688523653863,0.0,0.9504853539272523,0.4181296657815744
322680.0,5100.199483130295,4072.4806045331165,0.0,0.9504853136489809,0.4181310271469878
322740.0,5100.187728874914,4072.492352133299,0.0,0.950485486071523,0.4181323885333385
322800.0,5100.175985479414,4072.5041071355954,0.0,0.9504853150249103,0.41813374988894203
322860.0,5100.1642397599435,4072.5158605787183,0.0,0.9504852170120266,0.41813511125279423
322920.0,5100.152487864018,4072.5276098241534,0.0,0.9504853141147396,0.4181364726349563
322980.0,5100.140737266671,4072.539359976927,0.0,0.9504853697289537,0.4181378340149361
323040.0,5100.12899021723,4072.5511125537428,0.0,0.950485313023482,0.41813919538525607
323100.0,5100.117233679528,4072.562858692651,0.0,0.9504855558556655,0.41814055678442325
323160.0,5100.1054924370255,4072.5746152539314,0.0,0.9504853149946118,0.4181419181400698
323220.0,5100.093747927444,4072.5863696138276,0.0,0.9504851769839013,0.41814327950668106
323280.0,5100.081994721834,4072.598118060297,0.0,0.9504853137463228,0.41814464089885867
323340.0,5100.0702433505585,4072.6098677789287,0.0,0.9504853920822056,0.4181460022873105
323400.0,5100.058496977591,4072.621620909283,0.0,0.9504853122430165,0.41814736366192545
323460.0,5100.046741897843,4072.63336812786,0.0,0.9504855073483998,0.4181487250627476
323520.0,5100.034999078147,4072.6451237082247,0.0,0.9504853146000862,0.41815008642917834
323580.0,5100.023253641379,4072.656877529735,0.0,0.9504852041539232,0.4181514478047021
323640.0,5100.011501245103,4072.668626620088,0.0,0.950485313584811,0.418152809200792
323700.0,5099.999750313916,4072.6803767312113,0.0,0.9504853762620287,0.41815417059421944
323760.0,5099.988003381402,4072.6921295734714,0.0,0.9504853123654672,0.4181555319766882
323820.0,5099.976249479701,4072.703877686971,0.0,0.9504854684831984,0.41815689338036094
323880.0,5099.964505386905,4072.715632493417,0.0,0.9504853142352471,0.4181582547566999
323940.0,5099.952759197169,4072.72738589513,0.0,0.9504852258466057,0.41815961614063407
324000.0,5099.941007362907,4072.7391354614642,0.0,0.9504853157554172,0.4181609775413807
324060.0,5099.9292589584475,4072.750887379781,0.0,0.9504852969208385,0.418162338933355
324120.0,5099.917509143515,4072.762638352618,0.0,0.950485322396919,0.4181637003303992
324180.0,5099.905760551498,4072.7743901736862,0.0,0.9504853089191054,0.4181650617249617
324240.0,5099.894010199365,4072.7861408121344,0.0,0.9504853507881498,0.41816642312566626
324300.0,5099.882262371111,4072.7978931837774,0.0,0.9504853125903817,0.4181677845200771
324360.0,5099.870508149553,4072.809641224395,0.0,0.9504854760955486,0.41816914593442456
324420.0,5099.858764225478,4072.821396285178,0.0,0.950485313890926,0.41817050731963945
324480.0,5099.847018097024,4072.833149867996,0.0,0.9504852209437844,0.4181718687127591
324540.0,5099.83526603318,4072.844899417181,0.0,0.950485315493762,0.41817323012352947
324600.0,5099.823517576539,4072.856651439263,0.0,0.9504852956894814,0.4181745915250162
324660.0,5099.811767637139,4072.8684024665927,0.0,0.9504853224821778,0.4181759529317808
324720.0,5099.800018984203,4072.880154385466,0.0,0.9504853083110574,0.41817731433588057
324780.0,5099.788268480863,4072.8919050601758,0.0,0.9504853523425534,0.4181786757463823
324840.0,5099.776520632022,4072.9036575571085,0.0,0.9504853121759906,0.4181800371502139
324900.0,5099.764766060829,4072.915405498728,0.0,0.9504854841198273,0.41818139857493036
324960.0,5099.753022318468,4072.927160822692,0.0,0.9504853135478696,0.4181827599689822
325020.0,5099.741276258745,4072.9389145916775,0.0,0.9504852158069426,0.4181841213712644
325080.0,5099.729524040212,4072.9506641742014,0.0,0.9504853126399943,0.4181854827918091
325140.0,5099.717773116514,4072.962414661668,0.0,0.950485368099727,0.4181868442101805
325200.0,5099.706025730568,4072.9741675667105,0.0,0.950485311551534,0.41818820561891895
325260.0,5099.69426888345,4072.9859140510744,0.0,0.9504855537096768,0.4181895670564312
325320.0,5099.682527287807,4072.997670929976,0.0,0.9504853135169623,0.41819092845053957
325380.0,5099.670782434389,4073.0094256134016,0.0,0.9504851758891963,0.4181922898555869
325440.0,5099.6590289097885,4073.021174399211,0.0,0.9504853122719068,0.4181936512861336
325500.0,5099.647277214247,4073.0329244538125,0.0,0.9504853903902494,0.41819501271296794
325560.0,5099.635530502717,4073.044677911031,0.0,0.9504853107725424,0.41819637412600325
325620.0,5099.623775109271,4073.056425472291,0.0,0.9504855053362404,0.4181977355651787
325680.0,5099.612031940816,4073.06818137301,0.0,0.9504853131228383,0.41819909697005603
325740.0,5099.600286162735,4073.0799355196036,0.0,0.9504852029831519,0.41820045838400555
325800.0,5099.588533445031,4073.091684947694,0.0,0.9504853121101503,0.41820181981846777
325860.0,5099.576782188195,4073.1034353938553,0.0,0.9504853746132471,0.41820318125027783
325920.0,5099.565034918588,4073.1151885638646,0.0,0.9504853108939607,0.4182045426711595
325980.0,5099.553280699696,4073.126937017773,0.0,0.950485466578143,0.4182059041131912
326040.0,5099.541536261646,4073.138692146756,0.0,0.9504853127583185,0.4182072655279639
326100.0,5099.52978973262,4073.15044587479,0.0,0.9504852246149559,0.41820862695031485
326160.0,5099.518037575196,4073.1621957777065,0.0,0.9504853142740374,0.4182099883894348
326220.0,5099.506288837748,4073.173948026341,0.0,0.9504852954916302,0.41821134981980806
326280.0,5099.494538693835,4073.1856993320407,0.0,0.950485320896871,0.41821271125523984
326340.0,5099.482789769321,4073.197451483724,0.0,0.9504853074563568,0.418214072688199
326400.0,5099.471039089703,4073.2092024559674,0.0,0.9504853492090599,0.4182154341272858
326460.0,5099.4592909267285,4073.2209551567917,0.0,0.9504853111172107,0.4182167955600981
326520.0,5099.447536388695,4073.2327035381936,0.0,0.9504854741683758,0.41821815701279713
326580.0,5099.4357921186975,4073.24445892101,0.0,0.9504853124139137,0.41821951843644206
326640.0,5099.42404565059,4073.2562128298405,0.0,0.9504852197246824,0.41822087986797407
326700.0,5099.412293264049,4073.2679627158273,0.0,0.9504853140120688,0.4182222413171112
326760.0,5099.400544474376,4073.2797150681236,0.0,0.9504852942626503,0.4182236027569916
326820.0,5099.388794206165,4073.2914664283458,0.0,0.9504853209808537,0.4182249642021383
326880.0,5099.377045220717,4073.3032186777464,0.0,0.950485306848957,0.4182263256446293
326940.0,5099.365294390133,4073.3149696863293,0.0,0.9504853507581074,0.4182276870935075
327000.0,5099.35354620644,4073.3267225122845,0.0,0.9504853107029306,0.41822904853573534
327060.0,5099.341791319585,4073.338470795129,0.0,0.9504854821692427,0.41823040999879585
327120.0,5099.330047230587,4073.3502264405947,0.0,0.9504853120707693,0.4182317714312745
327180.0,5099.318300830823,4073.361980535268,0.0,0.9504852146011187,0.41823313287196484
327240.0,5099.30654828985,4073.3737304546803,0.0,0.9504853111651839,0.4182344943308704
327300.0,5099.294797039978,4073.3854812766467,0.0,0.9504853664707631,0.4182358557876116
327360.0,5099.283049317728,4073.3972345097354,0.0,0.950485310079516,0.41823721723474677
327420.0,5099.271292161336,4073.408981339342,0.0,0.9504855515649178,0.41823857871058245
327480.0,5099.259550212788,4073.4207385356985,0.0,0.9504853120392538,0.41823994014313076
327540.0,5099.24780501575,4073.432493542482,0.0,0.9504851747936073,0.4182413015865922
327600.0,5099.236051172319,4073.444242667428,0.0,0.9504853107974253,0.41824266305548646
327660.0,5099.224299152685,4073.455993057802,0.0,0.9504853886986842,0.41824402452068155
327720.0,5099.212552102795,4073.467746841706,0.0,0.9504853093019935,0.41824538597211547
327780.0,5099.200796395796,4073.479494745435,0.0,0.9504855033252652,0.4182467474496225
327840.0,5099.189052878806,4073.4912509663463,0.0,0.9504853116455311,0.4182481088929246
327900.0,5099.177306759622,4073.503005437849,0.0,0.950485201811625,0.418249470345278
327960.0,5099.165553720652,4073.5147552034746,0.0,0.9504853106354243,0.4182508318180906
328020.0,5099.153802138341,4073.526505984478,0.0,0.9504853729648151,0.4182521932882615
328080.0,5099.142054531846,4073.5382594820567,0.0,0.9504853094223815,0.41825355474753423
328140.0,5099.130296295964,4073.550005761551,0.0,0.9504855815589182,0.4182549162389527
328200.0,5099.118555198006,4073.561763723212,0.0,0.9504853116412246,0.41825627768151996
328260.0,5099.106810441156,4073.573519215595,0.0,0.9504851569835355,0.41825763913618325
328320.0,5099.095055941493,4073.5852680788817,0.0,0.9504853102522038,0.41825900061943955
328380.0,5099.083303498768,4073.5970183664867,0.0,0.950485398044802,0.4182603620983245
328440.0,5099.071556656948,4073.608772477788,0.0,0.9504853085773958,0.4182617235616287
328500.0,5099.059806386376,4073.6205242697947,0.0,0.9504853272206423,0.4182630850359157
328560.0,5099.048057500056,4073.63227701976,0.0,0.9504853018110536,0.41826444650722105
328620.0,5099.036307379803,4073.6440289446055,0.0,0.9504853151287048,0.41826580798312046
328680.0,5099.024558990209,4073.655782064366,0.0,0.950485273421529,0.4182671694551052
328740.0,5099.012808074651,4073.667533477855,0.0,0.9504853113153053,0.4182685309353417
328800.0,5099.001063487244,4073.6792892249714,0.0,0.9504851486798012,0.4182698923988675
328860.0,5098.9893086547745,4073.6910380005274,0.0,0.950485309858844,0.418271253892435
328920.0,5098.977555986041,4073.7027882732195,0.0,0.9504854021834329,0.41827261538132277
328980.0,5098.965809207339,4073.714542566749,0.0,0.9504853081018491,0.418273976853796
329040.0,5098.954058823547,4073.7262944207464,0.0,0.9504853277091585,0.41827533833776026
329100.0,5098.942309895864,4073.738047281695,0.0,0.9504853009906086,0.4182766998185353
329160.0,5098.930559671081,4073.7497992744507,0.0,0.9504853149975343,0.4182780613040868
329220.0,5098.918811266707,4073.7615525233186,0.0,0.9504852711404803,0.4182794227854644
329280.0,5098.907060206535,4073.773303977382,0.0,0.9504853109916019,0.4182807842754681
329340.0,5098.895315801594,4073.785059988101,0.0,0.9504851399665404,0.41828214574781764
329400.0,5098.883560623426,4073.796808667111,0.0,0.9504853094642193,0.418283507251732
329460.0,5098.871807721304,4073.808558919834,0.0,0.9504854065546807,0.41828486875064264
329520.0,5098.860060931873,4073.8203133447937,0.0,0.9504853102033252,0.41828623023246375
329580.0,5098.848312827922,4073.832066897335,0.0,0.9504852549845397,0.4182875917196266
329640.0,5098.836561197587,4073.843818055673,0.0,0.9504853111219651,0.41828895321750625
329700.0,5098.824818944909,4073.855575625571,0.0,0.950485070291079,0.4182903146898865
329760.0,5098.8130615228365,4073.867322868451,0.0,0.9504853090044855,0.41829167620649976
329820.0,5098.801307311599,4073.8790723219486,0.0,0.9504854457497381,0.41829303771541543
329880.0,5098.789561710382,4073.890827649245,0.0,0.9504853100788087,0.4182943992000449
329940.0,5098.777814263625,4073.9025817423117,0.0,0.9504852323332162,0.4182957606915462
330000.0,5098.766061852882,4073.9143324616516,0.0,0.9504853114059623,0.41829712219790716
330060.0,5098.754318052092,4073.9260890638984,0.0,0.9504851178924028,0.4182984836805902
330120.0,5098.742562083386,4073.9378373895543,0.0,0.950485308905851,0.4182998451992483
330180.0,5098.730808681251,4073.949587486952,0.0,0.9504854183230438,0.4183012067120648
330240.0,5098.71906216795,4073.9613422856482,0.0,0.9504853097491585,0.41830256820555406
330300.0,5098.707314175095,4073.9730960994266,0.0,0.950485247527937,0.41830392970486047
330360.0,5098.695562209068,4073.9848472144417,0.0,0.9504853107947835,0.4183052912161718
330420.0,5098.683820812207,4073.996605553226,0.0,0.9504850394059912,0.41830665269854805
330480.0,5098.672062321913,4074.0083522534305,0.0,0.9504853084189843,0.4183080142307045
330540.0,5098.660307451577,4074.0201014431323,0.0,0.950485462523371,0.4183093757539836
330600.0,5098.648562284254,4074.0318572517,0.0,0.95048530964005,0.4183107372498252
330660.0,5098.636815038982,4074.043611667608,0.0,0.950485222033224,0.4183120987532083
330720.0,5098.625062200539,4074.0553622808825,0.0,0.9504853111460316,0.418313460273265
330780.0,5098.613312760602,4074.067115226147,0.0,0.9504852924777552,0.41831482178463153
330840.0,5098.6015619229665,4074.0788672340564,0.0,0.9504853177280264,0.41831618330103176
330900.0,5098.589812297046,4074.0906200830236,0.0,0.9504853043691106,0.41831754481497874
330960.0,5098.578060926966,4074.1023717595217,0.0,0.9504853458672905,0.41831890633502283
331020.0,5098.566312057723,4074.1141251544905,0.0,0.9504853080071631,0.4183202678488335
331080.0,5098.554556853284,4074.1258742554623,0.0,0.950485470065146,0.4183216293824221
331140.0,5098.542811852541,4074.1376303167594,0.0,0.9504853092954629,0.4183229908871288
331200.0,5098.531064667387,4074.1493849127896,0.0,0.9504852171704379,0.4183243523996839
331260.0,5098.519311600847,4074.161135509621,0.0,0.9504853108833792,0.4183257139297437
331320.0,5098.507562108594,4074.172888558325,0.0,0.9504852912539755,0.41832707545060643
331380.0,5098.495811147017,4074.1846406208224,0.0,0.95048531780922,0.41832843697670935
331440.0,5098.484061460125,4074.196393567321,0.0,0.9504853037631285,0.4183297985001771
331500.0,5098.472309939607,4074.208145280333,0.0,0.9504853474046355,0.4183311600299998
331560.0,5098.460561049358,4074.219898800084,0.0,0.9504853075931257,0.41833252155321565
331620.0,5098.448805497862,4074.231647803463,0.0,0.950485478015084,0.4183338830971498
331680.0,5098.437060676567,4074.2434041262572,0.0,0.9504853089521287,0.4183352446106832
331740.0,5098.4253135589115,4074.2551589074274,0.0,0.950485212075721,0.41833660613238766
331800.0,5098.413560338485,4074.266909537872,0.0,0.9504853080515507,0.4183379676722035
331860.0,5098.401808401003,4074.278661065635,0.0,0.950485363020158,0.41833932920987493
331920.0,5098.390059969028,4074.290414990388,0.0,0.9504853069719859,0.41834069073799895
331980.0,5098.37830216192,4074.3021625493125,0.0,0.9504855469869571,0.4183420522946633
332040.0,5098.366559467398,4074.3139204141544,0.0,0.9504853089192863,0.41834341380829543
332100.0,5098.35481354466,4074.3256761023404,0.0,0.9504851725089533,0.41834477533278447
332160.0,5098.34305902965,4074.3374259432376,0.0,0.9504853076845117,0.4183461368825602
332220.0,5098.331306326946,4074.3491770421992,0.0,0.9504853851112667,0.41834749842866586
332280.0,5098.319558562844,4074.3609315147937,0.0,0.9504853061976775,0.4183488599610934
332340.0,5098.307802195791,4074.3726801417756,0.0,0.950485499039517,0.4183502215194471
332400.0,5098.296057942373,4074.384437037157,0.0,0.950485308526441,0.4183515830437998
332460.0,5098.284311102985,4074.396192193462,0.0,0.9504851993609652,0.41835294457715855
332520.0,5098.272557387124,4074.4079426715357,0.0,0.9504853075219774,0.4183543061308595
332580.0,5098.260805118727,4074.4196941590913,0.0,0.9504853694716544,0.41835566768194166
332640.0,5098.249056801224,4074.4314483472995,0.0,0.9504853063158132,0.4183570292221918
332700.0,5098.237297920829,4074.443195359857,0.0,0.9504855767953061,0.4183583907944073
332760.0,5098.225556071013,4074.454953986028,0.0,0.9504853085206411,0.4183597523180593
332820.0,5098.213810585148,4074.4667101574787,0.0,0.9504851548042463,0.41836111385374397
332880.0,5098.202055417457,4074.478459738768,0.0,0.9504853071395701,0.41836247541785754
332940.0,5098.190302293754,4074.4902107360795,0.0,0.9504853943974418,0.41836383697763246
333000.0,5098.178554735857,4074.501965534664,0.0,0.9504853054744515,0.41836519852192033
333060.0,5098.166797484785,4074.5137137442925,0.0,0.9504855227942851,0.41836656009527834
333120.0,5098.155053885293,4074.525471270925,0.0,0.9504853081091533,0.4183679216302
333180.0,5098.1433073734825,4074.5372268359683,0.0,0.9504851850950526,0.41836928317506833
333240.0,5098.13155311333,4074.548977128311,0.0,0.9504853069876209,0.4183706447427933
333300.0,5098.119800486036,4074.560728556537,0.0,0.95048537680432,0.41837200630736443
333360.0,5098.108052311532,4074.572483027625,0.0,0.9504853056387905,0.4183733678596561
333420.0,5098.096296378533,4074.5842322280537,0.0,0.9504854795327169,0.4183747294354422
333480.0,5098.084551367938,4074.595988885809,0.0,0.9504853077307313,0.41837609098065703
333540.0,5098.072804024157,4074.6077439765936,0.0,0.9504852092851022,0.41837745253414954
333600.0,5098.061050479216,4074.619494848947,0.0,0.950485306816885,0.41837881410603966
333660.0,5098.0492982381475,4074.6312466330073,0.0,0.9504853626769625,0.4183801756757239
333720.0,5098.037549559231,4074.643000853031,0.0,0.9504853057211509,0.41838153723569543
333780.0,5098.0257913541345,4074.654748603279,0.0,0.9504855496263369,0.41838289882464647
333840.0,5098.014048505545,4074.6665068272846,0.0,0.9504853077013339,0.41838426036985465
333900.0,5098.002302376881,4074.6782628389396,0.0,0.9504851690810636,0.41838562192606993
333960.0,5097.990547517382,4074.690012907956,0.0,0.9504853064478749,0.41838698350797526
334020.0,5097.97879449966,4074.7017642553037,0.0,0.9504853851300514,0.418388345086124
334080.0,5097.967046500307,4074.7135190311706,0.0,0.950485304938271,0.4183897066503619
334140.0,5097.955289759357,4074.72526786601,0.0,0.9504855009059467,0.4183910682409295
334200.0,5097.9435453276365,4074.7370251038374,0.0,0.9504853073061,0.4183924297969259
334260.0,5097.931798268449,4074.748780574023,0.0,0.9504851963721197,0.4183937913620484
334320.0,5097.9200442219035,4074.760531289671,0.0,0.9504853062866839,0.41839515294783597
334380.0,5097.90829164641,4074.7722830310195,0.0,0.9504853692409566,0.4183965145309351
334440.0,5097.8965430856415,4074.7840375169417,0.0,0.9504853050622986,0.41839787610301615
334500.0,5097.884787527835,4074.7957872506954,0.0,0.9504854618699025,0.41839923769639836
334560.0,5097.873041818283,4074.8075437103535,0.0,0.9504853069406832,0.41840059926230255
334620.0,5097.8612940034845,4074.8192987582406,0.0,0.9504852181617498,0.4184019608358276
334680.0,5097.849540521583,4074.8310499517906,0.0,0.9504853084679139,0.4184033224262447
334740.0,5097.837790483291,4074.8428035088505,0.0,0.9504852895502983,0.4184046840078368
334800.0,5097.826039028936,4074.8545561156957,0.0,0.9504853151391036,0.41840604559451605
334860.0,5097.814288802458,4074.866309574886,0.0,0.9504853016019167,0.41840740717869296
334920.0,5097.802536808878,4074.878061845548,0.0,0.9504853436561226,0.41840876876903393
334980.0,5097.790787349347,4074.889815857889,0.0,0.9504853052897574,0.418410130353042
335040.0,5097.779031470987,4074.90156551773,0.0,0.9504854695175671,0.4184114919570742
335100.0,5097.7672859314025,4074.9133222323426,0.0,0.9504853065963934,0.41841285353182384
335160.0,5097.7555381787015,4074.9250774615907,0.0,0.9504852132386743,0.41841421511450516
335220.0,5097.743784466859,4074.936828637262,0.0,0.9504853082066576,0.41841557671492136
335280.0,5097.732034376742,4074.948582297956,0.0,0.9504852883150278,0.41841693830599835
335340.0,5097.7202827979845,4074.9603349589206,0.0,0.950485315226304,0.4184182999023718
335400.0,5097.708532510909,4074.9720885157576,0.0,0.950485300992727,0.4184196614960585
335460.0,5097.696780366076,4074.9838408222167,0.0,0.9504853452190014,0.41842102309617074
335520.0,5097.685030886441,4074.9955949598266,0.0,0.9504853048750866,0.4184223846895716
335580.0,5097.673274657606,4075.007344519535,0.0,0.9504854775790352,0.41842374630394974
335640.0,5097.661529301032,4075.019101497988,0.0,0.950485306253374,0.4184251078875054
335700.0,5097.649781617905,4075.0308569136823,0.0,0.9504852080805691,0.41842646947932016
335760.0,5097.638027751314,4075.042608122216,0.0,0.9504853053418308,0.41842783108948484
335820.0,5097.626275184843,4075.0543602400517,0.0,0.9504853610468514,0.4184291926974527
335880.0,5097.614526170335,4075.066114787358,0.0,0.950485304248905,0.4184305542957349
335940.0,5097.602767656828,4075.077862882191,0.0,0.9504855474775014,0.418431915922923
336000.0,5097.591024455953,4075.089621422828,0.0,0.9504853062233648,0.4184332775064854
336060.0,5097.579277984341,4075.101377757047,0.0,0.9504851679874837,0.41843463910102907
336120.0,5097.567522806823,4075.1131281645053,0.0,0.9504853049731519,0.41843600072119574
336180.0,5097.555769465791,4075.124879846912,0.0,0.9504853834369165,0.418437362337619
336240.0,5097.544021128778,4075.136634948691,0.0,0.9504853034675055,0.4184387239401697
336300.0,5097.532264075121,4075.1483841253325,0.0,0.950485498891365,0.4184400855689824
336360.0,5097.520519295509,4075.160141682533,0.0,0.9504853058285341,0.41844144716331766
336420.0,5097.508771895903,4075.171897476842,0.0,0.9504851952022435,0.41844280876675816
336480.0,5097.497017528895,4075.183648529324,0.0,0.9504853048117153,0.41844417039081
336540.0,5097.485264628704,4075.1954006047945,0.0,0.9504853675912295,0.4184455320121838
336600.0,5097.473515731755,4075.2071554175186,0.0,0.9504853035904954,0.41844689362257004
336660.0,5097.461759857734,4075.2189054907867,0.0,0.9504854599629898,0.41844825525420337
336720.0,5097.450013803818,4075.230662272015,0.0,0.9504853054634383,0.4184496168584334
336780.0,5097.438265650636,4075.2424176452705,0.0,0.9504852169306656,0.41845097847026735
336840.0,5097.426511846527,4075.254169174491,0.0,0.9504853069862015,0.4184523400989496
336900.0,5097.41476147617,4075.265923060932,0.0,0.9504852881209485,0.41845370171883284
336960.0,5097.403009693776,4075.277675999716,0.0,0.9504853136386544,0.41845506334379184
337020.0,5097.3912591357275,4075.2894297885864,0.0,0.9504853001389041,0.4184564249662574
337080.0,5097.379506815606,4075.3011823921224,0.0,0.9504853420763377,0.41845778659487287
337140.0,5097.367757022274,4075.3129367327056,0.0,0.9504853038162837,0.41845914821717434
337200.0,5097.3560008284185,4075.3246867324374,0.0,0.9504854675884711,0.4184605098594501
337260.0,5097.344254943794,4075.3364437681125,0.0,0.9504853051190644,0.41846187147252195
337320.0,5097.332506852342,4075.3481993224177,0.0,0.9504852120202341,0.4184632330935079
337380.0,5097.320752818761,4075.3599508339817,0.0,0.95048530672463,0.4184645947321827
337440.0,5097.309002396538,4075.3717048239537,0.0,0.9504852868880708,0.4184659563615456
337500.0,5097.297250489906,4075.3834578168867,0.0,0.9504853137245707,0.41846731799619297
337560.0,5097.285499871247,4075.395211703317,0.0,0.9504852995303666,0.4184686796281631
337620.0,5097.273747400119,4075.4069643427288,0.0,0.9504853436338315,0.41847004126654386
337680.0,5097.26199758655,4075.4187188084184,0.0,0.9504853034017245,0.41847140289823304
337740.0,5097.250241043035,4075.4304687084623,0.0,0.9504854756263857,0.4184727645508472
337800.0,5097.238495340704,4075.4422260074452,0.0,0.9504853047759566,0.4184741261727219
337860.0,5097.226747318435,4075.45398174787,0.0,0.9504852068755156,0.418475487802837
337920.0,5097.214993130366,4075.465733292385,0.0,0.9504853038667123,0.4184768494512544
337980.0,5097.203240238667,4075.4774857438015,0.0,0.9504853594170157,0.4184782110974842
338040.0,5097.191490888769,4075.4892406182066,0.0,0.9504853027765885,0.4184795727340553
338100.0,5097.179732066991,4075.500989057407,0.0,0.9504855453300441,0.41848093439945866
338160.0,5097.16798851407,4075.512747914512,0.0,0.9504853047453375,0.41848229602135323
338220.0,5097.1562416997285,4075.5245045711245,0.0,0.950485166892968,0.41848365765420326
338280.0,5097.144486204354,4075.5362553168197,0.0,0.9504853034983631,0.41848501931260934
338340.0,5097.132732540183,4075.548007334086,0.0,0.9504853817442613,0.41848638096728535
338400.0,5097.120983865717,4075.5597627615994,0.0,0.950485301996664,0.4184877426081268
338460.0,5097.109226499495,4075.571512279825,0.0,0.9504854968781371,0.418489104275163
338520.0,5097.097481372225,4075.583270156239,0.0,0.9504853043509097,0.418490465907815
338580.0,5097.085733632418,4075.5950262745005,0.0,0.9504851940314527,0.41849182754955155
338640.0,5097.073978945107,4075.606777663611,0.0,0.9504853033366814,0.41849318921184586
338700.0,5097.062225720389,4075.6185300730062,0.0,0.9504853659418981,0.4184945508714726
338760.0,5097.050476487462,4075.630285212355,0.0,0.9504853021186188,0.41849591252014195
338820.0,5097.03872029738,4075.6420356249264,0.0,0.950485458057145,0.41849727419000454
338880.0,5097.026973899322,4075.6537927275576,0.0,0.9504853039861343,0.41849863583253855
338940.0,5097.015225407968,4075.665548426008,0.0,0.9504852156988202,0.4184999974826596
339000.0,5097.003471281818,4075.677300290698,0.0,0.9504853055044424,0.4185013591495857
339060.0,5096.991720579589,4075.6890545063347,0.0,0.9504852866914039,0.4185027208077381
339120.0,5096.979968469335,4075.700807776863,0.0,0.9504853121382117,0.41850408247095505
339180.0,5096.96821757991,4075.7125618952277,0.0,0.9504852986757925,0.4185054441316874
339240.0,5096.956464933421,4075.7243148314433,0.0,0.9504853404967819,0.41850680579855554
339300.0,5096.944714806487,4075.7360695000843,0.0,0.9504853023427413,0.41850816745912867
339360.0,5096.932958297287,4075.747819839498,0.0,0.9504854656603774,0.41850952913962625
339420.0,5096.92121206785,4075.7595771960696,0.0,0.9504853036416759,0.41851089079099846
339480.0,5096.9094636378595,4075.771333075258,0.0,0.9504852108010408,0.4185122524502672
339540.0,5096.897709282709,4075.783084922514,0.0,0.9504853052425563,0.4185136141271789
339600.0,5096.885958528573,4075.794839241579,0.0,0.9504852854609163,0.41851497579480584
339660.0,5096.87420629425,4075.8065925662845,0.0,0.9504853122228456,0.4185163374677054
339720.0,5096.862455344196,4075.8183467821214,0.0,0.950485298067906,0.41851769913793696
339780.0,5096.850702546946,4075.8300997542897,0.0,0.9504853420489,0.4185190608145645
339840.0,5096.838952399645,4075.8418545478776,0.0,0.9504853019282925,0.41852042248452037
339900.0,5096.827195541594,4075.8536047880416,0.0,0.9504854736750243,0.4185217841753488
339960.0,5096.815449493741,4075.865362407392,0.0,0.9504853032984809,0.41852314583552047
340020.0,5096.803701132549,4075.8771184723773,0.0,0.9504852056694892,0.41852450750391396
340080.0,5096.791946623161,4075.8888703526663,0.0,0.950485302391528,0.4185258691905623
340140.0,5096.780193406407,4075.900623137465,0.0,0.9504853577876298,0.4185272308750322
340200.0,5096.768443721327,4075.9123783387936,0.0,0.9504853013041971,0.4185285925498701
340260.0,5096.756684591391,4075.9241271221276,0.0,0.9504855431847569,0.41852995425346706
340320.0,5096.7449406866845,4075.9358862955582,0.0,0.9504853032672542,0.4185313159136718
340380.0,5096.733193529844,4075.9476432744004,0.0,0.9504851657971339,0.4185326775848063
340440.0,5096.721437716757,4075.9593943581194,0.0,0.9504853020235077,0.41853403928143024
340500.0,5096.709683729611,4075.9711467100415,0.0,0.9504853800522861,0.4185354009743372
340560.0,5096.6979347179085,4075.9829024631167,0.0,0.9504853005257426,0.4185367626534474
340620.0,5096.686177039253,4075.994652322702,0.0,0.9504854948665752,0.41853812435868526
340680.0,5096.674431564569,4076.006410518177,0.0,0.9504853028732275,0.41853948602963226
340740.0,5096.662683484779,4076.018166960221,0.0,0.9504851928596793,0.418540847709643
340800.0,5096.650928477322,4076.0299186857515,0.0,0.9504853018615816,0.418542209410158
340860.0,5096.639174928248,4076.0416714288713,0.0,0.9504853642930408,0.4185435711080158
340920.0,5096.627425359554,4076.0534268946644,0.0,0.9504853006466661,0.41854493279494664
340980.0,5096.6156651493875,4076.0651751260193,0.0,0.9504855732287472,0.41854629451408965
341040.0,5096.603922096754,4076.0769350658634,0.0,0.9504853028692547,0.4185476561842638
341100.0,5096.592175381107,4076.0886925307805,0.0,0.9504851479584672,0.4185490178665531
341160.0,5096.580418911533,4076.1004433516246,0.0,0.9504853014780738,0.4185503795774996
341220.0,5096.568664501312,4076.1121955999233,0.0,0.9504853894144186,0.4185517412840552
341280.0,5096.5569156984175,4076.1239516805117,0.0,0.9504852998006378,0.4185531029749903
341340.0,5096.545163462898,4076.135705436521,0.0,0.950485318474462,0.4185544646769274
341400.0,5096.533412613252,4076.1474601525997,0.0,0.9504852930233301,0.4185558263758701
341460.0,5096.521660528305,4076.159214041644,0.0,0.9504853063628426,0.41855718807941145
341520.0,5096.509910176036,4076.1709691282476,0.0,0.9504852645874261,0.41855854977902257
341580.0,5096.4981572949555,4076.182722504681,0.0,0.9504853025433135,0.41855991148689903
341640.0,5096.486410749328,4076.1944802244448,0.0,0.9504851396414175,0.41856127317801667
341700.0,5096.474653946932,4076.20623095689,0.0,0.9504853010845798,0.41856263489924356
341760.0,5096.4628993108145,4076.217983189772,0.0,0.9504853935604702,0.4185639966157706
341820.0,5096.451150571489,4076.229739452537,0.0,0.9504852993248204,0.4185653583158412
341880.0,5096.439398222994,4076.24149327021,0.0,0.9504853189643091,0.4185667200274233
341940.0,5096.427647332313,4076.2532480970567,0.0,0.9504852922020411,0.41856808173580307
342000.0,5096.415895143092,4076.2650020536985,0.0,0.9504853062319736,0.41856944344896413
342060.0,5096.404144776402,4076.276757269234,0.0,0.9504852623031076,0.4185708051579354
342120.0,5096.3923917509155,4076.288510685867,0.0,0.9504853022195917,0.4185721668755472
342180.0,5096.380645388344,4076.3002686693662,0.0,0.950485130914161,0.4185735285754544
342240.0,5096.368888240227,4076.3120193045743,0.0,0.950485300689819,0.41857489030699757
342300.0,5096.357133370826,4076.323771516973,0.0,0.9504853979394947,0.418576252033516
342360.0,5096.345384621134,4076.335527911001,0.0,0.9504853014302499,0.41857761374290176
342420.0,5096.333634555482,4076.347283430564,0.0,0.9504852461210077,0.41857897545763256
342480.0,5096.321880959428,4076.3590365504906,0.0,0.9504853023505095,0.418580337183102
342540.0,5096.310136751834,4076.370796096377,0.0,0.950485061124841,0.41858169888300323
342600.0,5096.298377357494,4076.3825452919027,0.0,0.9504853002296721,0.4185830606272386
342660.0,5096.286621177726,4076.3942967029598,0.0,0.950485437199172,0.41858442236374893
342720.0,5096.274873617861,4076.40605400105,0.0,0.9504853013058702,0.41858578407591296
342780.0,5096.263124210404,4076.417810062048,0.0,0.950485223432892,0.41858714579495576
342840.0,5096.2513698333,4076.429562741675,0.0,0.9504853026353128,0.4185885075288899
342900.0,5096.2396240760545,4076.4413213174344,0.0,0.9504851088045152,0.41858986923908376
342960.0,5096.227866136993,4076.45307159787,0.0,0.9504853001312169,0.41859123098533213
343020.0,5096.216110767505,4076.46482365397,0.0,0.9504854097278453,0.41859259272571586
343080.0,5096.2043622947585,4076.476580421957,0.0,0.9504853009760206,0.4185939544467238
343140.0,5096.192612340831,4076.488336202726,0.0,0.9504852386528149,0.4185953161735535
343200.0,5096.180858409201,4076.5000892786065,0.0,0.950485302023474,0.41859667791241306
343260.0,5096.169115058908,4076.5118495944953,0.0,0.950485030189676,0.41859803962226044
343320.0,5096.157354595615,4076.5235982454956,0.0,0.9504852996438927,0.4185994013820023
343380.0,5096.145597756494,4076.5353493915386,0.0,0.9504854540009973,0.4186007631328365
343440.0,5096.133850631521,4076.547107171367,0.0,0.950485300867074,0.41860212485616566
343500.0,5096.122101426279,4076.5588635553113,0.0,0.9504852131167136,0.41860348658704494
343560.0,5096.110346621485,4076.5706161280123,0.0,0.9504853023756369,0.41860484833463374
343620.0,5096.098595219133,4076.582371037911,0.0,0.9504852836768187,0.41860621007350546
343680.0,5096.086842417522,4076.594125008287,0.0,0.9504853089685352,0.4186075718174168
343740.0,5096.075090829056,4076.6058798215686,0.0,0.9504852955877777,0.4186089335588631
343800.0,5096.063337494473,4076.6176334596803,0.0,0.9504853371540513,0.4186102953064144
343860.0,5096.051586663632,4076.6293888200935,0.0,0.9504852992319077,0.4186116570477119
343920.0,5096.0398294904,4076.6411398767395,0.0,0.9504854615556396,0.41861301880882495
343980.0,5096.028082532572,4076.6528979093982,0.0,0.9504853005224332,0.4186143805409852
344040.0,5096.016333387894,4076.664654473406,0.0,0.9504852082464172,0.418615742281003
344100.0,5096.004578355111,4076.676407029157,0.0,0.9504853021130666,0.41861710403856356
344160.0,5095.99282690076,4076.688162042263,0.0,0.9504852824515347,0.4186184657868986
344220.0,5095.981073975444,4076.699916066884,0.0,0.9504853090503782,0.4186198275404805
344280.0,5095.96932232631,4076.711670977451,0.0,0.9504852949813107,0.41862118929141484
344340.0,5095.9575688414925,4076.7234246516896,0.0,0.9504853386944506,0.41862255104871277
344400.0,5095.945817989992,4076.735180136701,0.0,0.9504852988177024,0.41862391279938277
344460.0,5095.934060469677,4076.7469310950646,0.0,0.9504854695192235,0.4186252745708106
344520.0,5095.922313691882,4076.758689389346,0.0,0.9504853001790479,0.41862663631176306
344580.0,5095.910564615156,4076.770446138446,0.0,0.9504852031437923,0.4186279980608967
344640.0,5095.898809428684,4076.78219872742,0.0,0.9504852992771067,0.4186293598281812
344700.0,5095.887055526691,4076.793952215661,0.0,0.9504853543359275,0.4186307215933073
344760.0,5095.8753051342455,4076.8057081062784,0.0,0.9504852981958849,0.41863208334886026
344820.0,5095.863545355984,4076.817457616615,0.0,0.9504855386045712,0.41863344513301165
344880.0,5095.851800707648,4076.829217456117,0.0,0.9504853001464924,0.4186348068740266
344940.0,5095.840052827458,4076.8409751139693,0.0,0.9504851635125066,0.4186361686259148
345000.0,5095.828296345172,4076.8527269113033,0.0,0.9504852989098067,0.41863753040314605
345060.0,5095.81654167733,4076.8644799694644,0.0,0.9504853764635918,0.41863889217668954
345120.0,5095.804791953768,4076.876236408848,0.0,0.9504852974206479,0.4186402539365193
345180.0,5095.793033617442,4076.8879869893626,0.0,0.950485490578853,0.41864161572232983
345240.0,5095.781287408677,4076.899745856903,0.0,0.9504852997533442,0.418642977474054
345300.0,5095.769538611037,4076.9115029813634,0.0,0.9504851904088365,0.41864433923479605
345360.0,5095.757782929061,4076.9232554169994,0.0,0.9504852987473467,0.4186457010159252
345420.0,5095.746028696271,4076.935008864319,0.0,0.9504853607987307,0.41864706279442016
345480.0,5095.734278418928,4076.9467650183647,0.0,0.950485297539317,0.4186484245620545
345540.0,5095.72251756664,4076.9585139804717,0.0,0.9504855684627407,0.41864978636172034
345600.0,5095.7107737644865,4076.9702745824043,0.0,0.9504852997478764,0.4186511481127054
345660.0,5095.699026322173,4076.982032723993,0.0,0.9504851457793169,0.41865250987574226
345720.0,5095.687269186954,4076.993784260507,0.0,0.9504852983646532,0.41865387166727164
345780.0,5095.675514098129,4077.0055372161646,0.0,0.9504853857657337,0.4186552334544432
345840.0,5095.663764581514,4077.017293981653,0.0,0.9504852966969166,0.41865659522608795
345900.0,5095.652005360654,4077.029044143244,0.0,0.9504855143734223,0.41865795702686465
345960.0,5095.640259807064,4077.0408036428425,0.0,0.9504852993360547,0.41865931878910906
346020.0,5095.628511337877,4077.052561176342,0.0,0.9504851761202163,0.41866068056131456
346080.0,5095.616755111489,4077.0643134252036,0.0,0.9504852982127959,0.41866204235642734
346140.0,5095.605000519891,4077.0760668124367,0.0,0.9504853681441383,0.4186634041483697
346200.0,5095.59325038621,4077.087823249381,0.0,0.9504852968618648,0.41866476592800045
346260.0,5095.581492485178,4077.099574403697,0.0,0.9504854710413568,0.41866612773117434
346320.0,5095.569745519125,4077.1113330321487,0.0,0.9504852989573533,0.4186674895036995
346380.0,5095.557996217268,4077.123090090009,0.0,0.9504852003501627,0.4186688512845128
346440.0,5095.546240707157,4077.13484291988,0.0,0.950485298042121,0.41867021308376395
346500.0,5095.534486502478,4077.146596663441,0.0,0.9504853539939042,0.41867157488079493
346560.0,5095.522735864056,4077.1583528484402,0.0,0.9504852969447027,0.4186729366680869
346620.0,5095.510975688592,4077.170102548972,0.0,0.9504855412501952,0.41867429848441784
346680.0,5095.499230887268,4077.181862746899,0.0,0.9504852989282484,0.41867566025689984
346740.0,5095.487482802167,4077.193620727396,0.0,0.9504851600806192,0.41867702204040574
346800.0,5095.475725976243,4077.205372751806,0.0,0.9504852976728468,0.4186783838496591
346860.0,5095.463970994269,4077.2171260573573,0.0,0.9504853764841428,0.4186797456551379
346920.0,5095.452221036436,4077.228882799143,0.0,0.9504852961608808,0.41868110744666986
346980.0,5095.440462327033,4077.240633586426,0.0,0.9504854924500976,0.4186824692645866
347040.0,5095.428715941007,4077.2523927956313,0.0,0.9504852985327075,0.4186838310478454
347100.0,5095.416966924566,4077.264150233125,0.0,0.9504851874167952,0.41868519284024275
347160.0,5095.405210912779,4077.275902905316,0.0,0.9504852975117327,0.41868655465335075
347220.0,5095.393456373791,4077.2876566054465,0.0,0.9504853605693585,0.41868791646375486
347280.0,5095.381705854153,4077.2994130563225,0.0,0.950485296285452,0.41868927826311164
347340.0,5095.369948329498,4077.3111647442374,0.0,0.9504854533504654,0.4186906400838131
347400.0,5095.358200664428,4077.322923173208,0.0,0.9504852981670325,0.4186920018769663
347460.0,5095.3464508917605,4077.3346801871394,0.0,0.9504852092424623,0.41869336367774934
347520.0,5095.334695445512,4077.3464333379966,0.0,0.9504852996968832,0.4186947254954609
347580.0,5095.322943446868,4077.358188857649,0.0,0.9504852807482768,0.4186960873043203
347640.0,5095.311190030578,4077.3699434248915,0.0,0.9504853063791372,0.4186974491182729
347700.0,5095.299437843612,4077.381698846351,0.0,0.9504852928197873,0.418698810929711
347760.0,5095.287683887559,4077.393453076543,0.0,0.9504853349430892,0.4187001727473214
347820.0,5095.275932468504,4077.405209052303,0.0,0.9504852965137953,0.4187015345585784
347880.0,5095.264174623314,4077.416960665648,0.0,0.9504854610113327,0.41870289638989766
347940.0,5095.252427128787,4077.4287193496825,0.0,0.9504852978226904,0.41870425819186197
348000.0,5095.240677418664,4077.440476544918,0.0,0.9504852043117755,0.4187056200017678
348060.0,5095.228921742585,4077.452229677388,0.0,0.9504852994357118,0.41870698182944693
348120.0,5095.217169692431,4077.4639853004446,0.0,0.9504852795114804,0.41870834364775844
348180.0,5095.205416151972,4077.475739921461,0.0,0.9504853064669986,0.418709705471373
348240.0,5095.193663904715,4077.487495440323,0.0,0.950485292210107,0.4187110672922884
348300.0,5095.181909797615,4077.499249705927,0.0,0.9504853365090736,0.41871242911963813
348360.0,5095.1701583588065,4077.511005806771,0.0,0.9504852960989554,0.41871379094025496
348420.0,5095.158400163112,4077.522757319289,0.0,0.9504854690866138,0.41871515278188953
348480.0,5095.146652852183,4077.534516267297,0.0,0.9504852974796197,0.41871651459262577
348540.0,5095.134903212089,4077.546273648933,0.0,0.9504851991457488,0.41871787641163155
348600.0,5095.123147381457,4077.5580268138765,0.0,0.9504852965666942,0.4187192382490274
348660.0,5095.111392852498,4077.569780890099,0.0,0.95048535236321,0.4187206000842122
348720.0,5095.099641879602,4077.5815374012523,0.0,0.9504852954720882,0.4187219619096852
348780.0,5095.0878813968675,4077.593287445275,0.0,0.9504855391000717,0.41872332376412313
348840.0,5095.076136244361,4077.6050479586834,0.0,0.9504852974499031,0.41872468557482956
348900.0,5095.064387817422,4077.6168062606102,0.0,0.9504851589871277,0.41872604739653396
348960.0,5095.052630674609,4077.6285586223566,0.0,0.9504852961977514,0.41872740924391877
349020.0,5095.0408753704505,4077.640312261853,0.0,0.9504853747904278,0.41872877108754214
349080.0,5095.029125076077,4077.652069328424,0.0,0.950485294689746,0.41873013291725697
349140.0,5095.017366055097,4077.663820456405,0.0,0.9504854904346987,0.41873149477328897
349200.0,5095.005619322292,4077.6755799838484,0.0,0.950485297054766,0.418732856594757
349260.0,5094.993869966547,4077.6873377443353,0.0,0.9504851862468215,0.41873421842534264
349320.0,5094.982113635423,4077.69909075225,0.0,0.9504852960363913,0.41873558027658486
349380.0,5094.97035877286,4077.7108447853875,0.0,0.950485358919072,0.41873694212513385
349440.0,5094.958607918158,4077.722601561939,0.0,0.9504852948132796,0.41873830396266604
349500.0,5094.94685007842,4077.7343535882633,0.0,0.9504854514426775,0.41873966582148864
349560.0,5094.935102070096,4077.7461123376647,0.0,0.9504852966894124,0.41874102765283805
349620.0,5094.923351960159,4077.757869675835,0.0,0.9504852080112909,0.4187423894918002
349680.0,5094.911596192834,4077.769623161252,0.0,0.9504852982147903,0.41874375134764713
349740.0,5094.899843863242,4077.7813790091636,0.0,0.950485279318606,0.41874511319466773
349800.0,5094.888090120032,4077.7931339072247,0.0,0.9504853048782863,0.41874647504677015
349860.0,5094.876337602617,4077.8048896572427,0.0,0.950485291356416,0.41874783689636697
349920.0,5094.864583321148,4077.8166442191928,0.0,0.950485333362812,0.41874919875212213
349980.0,5094.85283156941,4077.828400522068,0.0,0.9504852950399512,0.41875056060154264
350040.0,5094.841073409858,4077.840152474202,0.0,0.9504854590812442,0.4187519224709755
350100.0,5094.829325571401,4077.851911478162,0.0,0.9504852963449857,0.41875328431113246
350160.0,5094.817575523642,4077.8636689973246,0.0,0.9504852030932893,0.4187546461592131
350220.0,5094.805819526953,4077.8754224645777,0.0,0.9504852979533025,0.418756008025021
350280.0,5094.794067145814,4077.887178415788,0.0,0.9504852780842149,0.41875736988148865
350340.0,5094.7823132786025,4077.8989333676545,0.0,0.9504853049648571,0.4187587317432473
350400.0,5094.770560700879,4077.910689214987,0.0,0.9504852907473913,0.41876009360231625
350460.0,5094.7588062686045,4077.9224438124265,0.0,0.9504853349233788,0.41876145546780463
350520.0,5094.747054496982,4077.9342002402245,0.0,0.9504852946252229,0.41876281732658
350580.0,5094.735295987741,4077.9459520919754,0.0,0.950485467133011,0.4187641792063206
350640.0,5094.723548332166,4077.957711359375,0.0,0.9504852960018273,0.4187655410552462
350700.0,5094.7117983540475,4077.9694690646133,0.0,0.9504851979405232,0.4187669029124225
350760.0,5094.7000422030615,4077.981222564424,0.0,0.9504852950912025,0.41876826478794116
350820.0,5094.688287349999,4077.992976973111,0.0,0.9504853507328712,0.4187696266612579
350880.0,5094.676536042833,4078.00473381024,0.0,0.9504852939994013,0.4187709885248897
350940.0,5094.664775252958,4078.0164841975316,0.0,0.9504855369516005,0.41877235041741295
351000.0,5094.653029749512,4078.028245026266,0.0,0.9504852959714998,0.4187737122663219
351060.0,5094.641280980958,4078.040003649452,0.0,0.9504851578926439,0.41877507412620296
351120.0,5094.629523521417,4078.0517563483268,0.0,0.9504852947225902,0.41877643601169734
351180.0,5094.6177678952445,4078.06351032157,0.0,0.9504853730971438,0.4187777978934435
351240.0,5094.606017264534,4078.0752677127457,0.0,0.9504852932185374,0.41877915976131924
351300.0,5094.594257932127,4078.0870191812123,0.0,0.9504854884203177,0.41878052165544477
351360.0,5094.582510852769,4078.0987790267263,0.0,0.9504852955767658,0.41878188351509993
351420.0,5094.570761157935,4078.1105371100325,0.0,0.9504851850760672,0.41878324538385175
351480.0,5094.559004507636,4078.1222904534675,0.0,0.9504852945609847,0.4187846072732066
351540.0,5094.547249321673,4078.1340448194164,0.0,0.9504853572691101,0.4187859691598786
351600.0,5094.535498132112,4078.145801921461,0.0,0.9504852933410352,0.41878733103556415
351660.0,5094.523739977444,4078.1575542859855,0.0,0.9504854495358561,0.41878869293248605
351720.0,5094.5119916260865,4078.1693133556523,0.0,0.9504852952117325,0.41879005480200965
351780.0,5094.500241179091,4078.1810710178856,0.0,0.9504852067794277,0.418791416679129
351840.0,5094.488485090852,4078.192824837662,0.0,0.9504852967326497,0.4187927785730896
351900.0,5094.476732430508,4078.2045810136456,0.0,0.9504852778887529,0.41879414045824953
351960.0,5094.464978360564,4078.2163362423335,0.0,0.9504853033774358,0.41879550234848
352020.0,5094.453225512891,4078.228092320723,0.0,0.9504852898929486,0.41879686423621376
352080.0,5094.44147090618,4078.2398472142368,0.0,0.950485331782739,0.41879822613009166
352140.0,5094.429718821959,4078.2516038440453,0.0,0.9504852935660372,0.41879958801765393
352200.0,5094.417960348191,4078.263356134755,0.0,0.9504854571523458,0.41880094992517863
352260.0,5094.406212166033,4078.275115458476,0.0,0.9504852948672223,0.41880231180350624
352320.0,5094.394461780852,4078.286873301393,0.0,0.9504852018739194,0.41880367368973986
352380.0,5094.382705463715,4078.298627103225,0.0,0.9504852964708502,0.41880503559365484
352440.0,5094.37095275178,4078.310383382406,0.0,0.9504852766567226,0.4188063974882566
352500.0,5094.359198557997,4078.3221386649266,0.0,0.9504853034627394,0.4188077593881376
352560.0,5094.347445650002,4078.3338948405435,0.0,0.9504852892845669,0.41880912128533804
352620.0,5094.335690892728,4078.345649769624,0.0,0.9504853333379928,0.4188104831889433
352680.0,5094.323938788491,4078.3574065241955,0.0,0.950485293151419,0.4188118450858554
352740.0,5094.312179965838,4078.3691587149588,0.0,0.9504854651809355,0.4188132070036804
352800.0,5094.300431965857,4078.38091830159,0.0,0.9504852945239769,0.4188145688907732
352860.0,5094.288681649933,4078.39267633026,0.0,0.9504851967343364,0.4188159307860981
352920.0,5094.276925178751,4078.404430164732,0.0,0.9504852936156453,0.41881729269971785
352980.0,5094.265170001756,4078.4161849056836,0.0,0.9504853491030141,0.41881865461114476
353040.0,5094.253418360525,4078.4279420686103,0.0,0.9504852925266383,0.4188200165129138
353100.0,5094.241657263617,4078.4396927989314,0.0,0.9504855348055393,0.41882137844350076
353160.0,5094.229911409507,4078.4514539428533,0.0,0.950485294493042,0.4188227403305902
353220.0,5094.218162299574,4078.4632128871394,0.0,0.950485156796621,0.41882410222862587
353280.0,5094.206404523439,4078.4749659229255,0.0,0.9504852932473615,0.418825464152208
353340.0,5094.194648575413,4078.486720229709,0.0,0.950485371404683,0.4188268260720552
353400.0,5094.182897608586,4078.4984779453207,0.0,0.9504852917472442,0.4188281879780698
353460.0,5094.171137964861,4078.510229754036,0.0,0.9504854864082534,0.41882954991026716
353520.0,5094.159390539216,4078.521989917479,0.0,0.9504852940987096,0.41883091180808746
353580.0,5094.147640505522,4078.533748323441,0.0,0.9504851839040022,0.4188322737149836
353640.0,5094.135883536195,4078.5455020021795,0.0,0.9504852930855119,0.4188336356424293
353700.0,5094.124128026998,4078.557256700736,0.0,0.9504853556197987,0.41883499756720244
353760.0,5094.112376502789,4078.569014128104,0.0,0.950485291868711,0.4188363594810195
353820.0,5094.100618033323,4078.580766830605,0.0,0.9504854476307242,0.4188377214160191
353880.0,5094.088869339181,4078.5925262203855,0.0,0.9504852937339956,0.418839083323695
353940.0,5094.077118555347,4078.604284206513,0.0,0.950485205546534,0.4188404452389498
354000.0,5094.0653621463525,4078.616038360441,0.0,0.9504852952504689,0.4188418071710023
354060.0,5094.053609155451,4078.6277948643124,0.0,0.9504852764586542,0.4188431690942798
354120.0,5094.04185475895,4078.639550423432,0.0,0.9504853018766187,0.4188445310226166
354180.0,5094.0301015812165,4078.6513068300083,0.0,0.9504852884293672,0.41884589294846547
354240.0,5094.018346649437,4078.663062054887,0.0,0.9504853302030156,0.41884725488044444
354300.0,5094.006594232931,4078.674819011449,0.0,0.9504852920920513,0.41884861680612645
354360.0,5093.994835445077,4078.6865716405105,0.0,0.950485455225101,0.4188499787517213
354420.0,5093.983086919461,4078.6983312838397,0.0,0.9504852933894015,0.41885134066819757
354480.0,5093.971336197078,4078.710089450341,0.0,0.9504852006535973,0.4188527025925622
354540.0,5093.959579559653,4078.7218435865443,0.0,0.9504852949883558,0.41885406453456236
354600.0,5093.947826517124,4078.7336001935096,0.0,0.9504852752290057,0.41885542646727647
354660.0,5093.936071996952,4078.7453558064904,0.0,0.9504853019606437,0.4188567884052578
354720.0,5093.924318758878,4078.757112310205,0.0,0.9504852878216352,0.4188581503405682
354780.0,5093.912563676779,4078.7688675707273,0.0,0.9504853317529017,0.4188595122822686
354840.0,5093.900811240129,4078.780624651892,0.0,0.9504852916775438,0.4188608742172957
354900.0,5093.889052104201,4078.7923771814467,0.0,0.9504854632303582,0.41886223617318324
354960.0,5093.877303760053,4078.804137087156,0.0,0.9504852930460684,0.4188635980984212
355020.0,5093.865553106541,4078.815895439086,0.0,0.9504851955272489,0.4188649600318728
355080.0,5093.853796315323,4078.8276496080152,0.0,0.9504852921400226,0.41886632198357165
355140.0,5093.842040814569,4078.839404681035,0.0,0.9504853474735204,0.418867683933087
355200.0,5093.830288839478,4078.851162169578,0.0,0.950485291053803,0.41886904587297125
355260.0,5093.8185274356665,4078.8629132427054,0.0,0.9504855326611397,0.4188704078416002
355320.0,5093.806781231134,4078.8746747016617,0.0,0.9504852930145261,0.4188717697668479
355380.0,5093.795031780041,4078.8864339668776,0.0,0.9504851556996258,0.41887313170301627
355440.0,5093.783273687477,4078.898187339367,0.0,0.9504852917720676,0.4188744936646643
355500.0,5093.77151741777,4078.909941979493,0.0,0.9504853697126026,0.4188758556225908
355560.0,5093.759766115029,4078.9217000193607,0.0,0.9504852902758784,0.4188772175667226
355620.0,5093.748006160142,4078.9334521681176,0.0,0.9504854843971087,0.4188785795369701
355680.0,5093.736258388433,4078.94521264932,0.0,0.9504852926205938,0.41887994147293367
355740.0,5093.72450801609,4078.9569713777623,0.0,0.9504851827312503,0.4188813034179522
355800.0,5093.712750727906,4078.968725391606,0.0,0.950485291609974,0.41888266538346686
355860.0,5093.700994895648,4078.9804804225737,0.0,0.9504853539708171,0.4188840273463194
355920.0,5093.689243036993,4078.9922381750807,0.0,0.9504852903963147,0.41888538929824615
355980.0,5093.677480555048,4079.003988696067,0.0,0.9504855626703312,0.4188867512823697
356040.0,5093.665735201377,4079.0157509207274,0.0,0.9504852926162743,0.418888113217537
356100.0,5093.653986190972,4079.027510671426,0.0,0.9504851378804652,0.41888947516481007
356160.0,5093.642227443291,4079.039263780761,0.0,0.9504852912265488,0.41889083714072983
356220.0,5093.630470751479,4079.0510183169145,0.0,0.9504853790634491,0.4188921991122543
356280.0,5093.618719657439,4079.0627766837692,0.0,0.9504852895508917,0.4188935610681607
356340.0,5093.606965136652,4079.0745327269638,0.0,0.9504853082035551,0.4188949230350617
356400.0,5093.595211999395,4079.086289729802,0.0,0.9504852827811241,0.4188962849989652
356460.0,5093.583457628966,4079.0980459059124,0.0,0.9504852961055067,0.41889764696746234
356520.0,5093.571704988281,4079.1098032790555,0.0,0.9504852543772191,0.41889900893202636
356580.0,5093.559949823116,4079.121558942701,0.0,0.9504852922901756,0.4189003709048496
356640.0,5093.548200982626,4079.133318947849,0.0,0.9504851295722774,0.4189017328609134
356700.0,5093.536441902877,4079.1450719685254,0.0,0.9504852908329735,0.4189030948470754
356760.0,5093.524684985741,4079.156826488975,0.0,0.9504853832042932,0.4189044568285331
356820.0,5093.512933955347,4079.1685850376375,0.0,0.9504852890750857,0.4189058187935374
356880.0,5093.501179321965,4079.180341142176,0.0,0.950485308692325,0.4189071807700455
356940.0,5093.489426143929,4079.192098255442,0.0,0.9504852819602362,0.4189085427433483
357000.0,5093.477671669588,4079.203854498828,0.0,0.9504852959742603,0.41890990472142714
357060.0,5093.465919014694,4079.215612000559,0.0,0.9504852520949435,0.4189112666953133
357120.0,5093.454163705558,4079.227367704092,0.0,0.9504852919662943,0.41891262867783385
357180.0,5093.442415048003,4079.2391279725753,0.0,0.9504851208542688,0.4189139906426494
357240.0,5093.430655623307,4079.2508808957577,0.0,0.9504852904381322,0.41891535263908936
357300.0,5093.418898473469,4079.2626353954365,0.0,0.9504853875779601,0.4189167146305004
357360.0,5093.4071474329185,4079.2743940750192,0.0,0.9504852911776102,0.4189180766047818
357420.0,5093.39539507868,4079.286151880444,0.0,0.9504852359308014,0.418919438584401
357480.0,5093.383639200073,4079.297907287197,0.0,0.950485292096713,0.4189208005747537
357540.0,5093.371892693941,4079.309669117231,0.0,0.9504850511435115,0.41892216253953996
357600.0,5093.360131026979,4079.321420601128,0.0,0.9504852899781553,0.41892352454864495
357660.0,5093.348372569139,4079.333174299601,0.0,0.9504854267927975,0.4189248865500215
357720.0,5093.336622716504,4079.344933882677,0.0,0.9504852910530198,0.4189262485270572
357780.0,5093.324871019459,4079.356692229117,0.0,0.9504852132680606,0.41892761051096367
357840.0,5093.313114361262,4079.3684471955567,0.0,0.9504852923808413,0.4189289725097549
357900.0,5093.301366308234,4079.380208055672,0.0,0.950485098769175,0.4189303344848088
357960.0,5093.289606094201,4079.3919606238405,0.0,0.9504852898794611,0.4189316964959028
358020.0,5093.277848445386,4079.403714966898,0.0,0.9504853993520712,0.41893305850112816
358080.0,5093.26609768155,4079.4154740198887,0.0,0.9504852907231922,0.41893442048698154
358140.0,5093.254345439091,4079.4272320860186,0.0,0.9504852284704359,0.4189357824786492
358200.0,5093.242589225733,4079.438987448356,0.0,0.9504852917693432,0.41893714448234104
358260.0,5093.230843575675,4079.450750047675,0.0,0.950485020243026,0.41893850645702374
358320.0,5093.219080841847,4079.462500986886,0.0,0.9504852893923375,0.4189398684815838
358380.0,5093.207321726032,4079.474254420066,0.0,0.95048544357477,0.4189412304972332
358440.0,5093.195572307792,4079.486014484284,0.0,0.9504852906140178,0.4189425924853838
358500.0,5093.183820812866,4079.4977731531467,0.0,0.9504852029628448,0.41894395448107635
358560.0,5093.1720637279595,4079.5095280123137,0.0,0.9504852921207583,0.4189453164934714
358620.0,5093.160310039707,4079.5212852076834,0.0,0.9504852734430181,0.41894667849714784
358680.0,5093.148554954605,4079.533041463885,0.0,0.9504852987060894,0.4189480405058587
358740.0,5093.136801080595,4079.544798562615,0.0,0.950485285340396,0.41894940251210117
358800.0,5093.125045463473,4079.556554486622,0.0,0.9504853268596456,0.41895076452444296
358860.0,5093.11329234584,4079.5683121321945,0.0,0.9504852889802903,0.41895212653052916
358920.0,5093.101532896662,4079.5800654757136,0.0,0.9504854511206473,0.4189534885564192
358980.0,5093.089783645477,4079.5918257923763,0.0,0.9504852902692411,0.4189548505533632
359040.0,5093.078032211202,4079.6035846409372,0.0,0.9504851980973817,0.41895621255815657
359100.0,5093.06627489888,4079.6153394828652,0.0,0.9504852918579616,0.4189575745804854
359160.0,5093.054521158905,4079.6270967811065,0.0,0.9504852722185694,0.41895893659358746
359220.0,5093.042765950489,4079.638853091236,0.0,0.9504852987873261,0.4189602986119307
359280.0,5093.031012016105,4079.6506102869175,0.0,0.9504852847340817,0.41896166062762336
359340.0,5093.0192562491875,4079.662366246742,0.0,0.9504853283978353,0.41896302264967383
359400.0,5093.00750311112,4079.674124016569,0.0,0.9504852885660258,0.41896438466509456
359460.0,5092.9957433156305,4079.6858772615474,0.0,0.9504854590749244,0.41896574670126135
359520.0,5092.983994244364,4079.697637839435,0.0,0.9504852899257186,0.4189671087069596
359580.0,5092.972242878116,4079.7093968727218,0.0,0.9504851929998854,0.418968470720831
359640.0,5092.960485412546,4079.721151747563,0.0,0.9504852890246784,0.41896983275284577
359700.0,5092.948729229297,4079.7329075212565,0.0,0.9504853440213116,0.41897119478269707
359760.0,5092.936976549625,4079.744665696327,0.0,0.9504852879445601,0.418972556802976
359820.0,5092.9252145001665,4079.7564174936756,0.0,0.9504855280818792,0.4189739188518392
359880.0,5092.913467554851,4079.7681796159545,0.0,0.9504852898928491,0.41897528085757657
359940.0,5092.901717383223,4079.7799395574243,0.0,0.9504851534130625,0.41897664287417835
360000.0,5092.889958624174,4079.791693640755,0.0,0.9504852886574426,0.41897800491611376
360060.0,5092.878201676508,4079.8034489843494,0.0,0.950485366123607,0.4189793669543565
360120.0,5092.866449664703,4079.815207707766,0.0,0.9504852871698484,0.4189807289788877
360180.0,5092.854689054841,4079.826960574672,0.0,0.9504854801099901,0.4189820910293874
360240.0,5092.84294055188,4079.83872172519,0.0,0.9504852894997943,0.4189834530458075
360300.0,5092.831189464491,4079.850481133291,0.0,0.9504851802786413,0.4189848150712371
360360.0,5092.81943150451,4079.8622358544676,0.0,0.9504852884948157,0.41898617711704567
360420.0,5092.807674991279,4079.873991586865,0.0,0.9504853504760951,0.4189875391602151
360480.0,5092.7959224267615,4079.8857500248646,0.0,0.950485287288032,0.41898890119252497
360540.0,5092.7841593053545,4079.897501273815,0.0,0.9504855579057311,0.4189902632568511
360600.0,5092.77241320503,4079.9092641578213,0.0,0.9504852894939827,0.41899162527250905
360660.0,5092.760663470784,4079.9210245824397,0.0,0.9504851356990901,0.41899298730020934
360720.0,5092.748904060162,4079.932778404665,0.0,0.950485288112204,0.4189943493563918
360780.0,5092.737146692479,4079.9445336454055,0.0,0.9504853754145718,0.4189957114082118
360840.0,5092.725394887516,4079.9562926944022,0.0,0.950485286446233,0.4189970734445075
360900.0,5092.713633394873,4079.968045142164,0.0,0.950485503877068,0.4189984355099222
360960.0,5092.701885546224,4079.9798069240915,0.0,0.9504852890822754,0.4189997975368128
361020.0,5092.690134786979,4079.9915667406726,0.0,0.9504851660054058,0.41900115957365563
361080.0,5092.678376283762,4080.003321274759,0.0,0.9504852879601677,0.419002521633397
361140.0,5092.6666194125855,4080.0150769467036,0.0,0.9504853578124717,0.41900388368996305
361200.0,5092.654866991736,4080.026835667092,0.0,0.9504852866106455,0.419005245734219
361260.0,5092.643106816799,4080.0385891069795,0.0,0.9504854605934322,0.41900660780200655
361320.0,5092.631357558213,4080.0503500179166,0.0,0.9504852887036509,0.41900796983915134
361380.0,5092.6196059678405,4080.062109358856,0.0,0.9504851902077086,0.419009331884576
361440.0,5092.607848179808,4080.0738644735175,0.0,0.950485287789335,0.41901069394843105
361500.0,5092.596091695013,4080.0856205014475,0.0,0.9504853436778947,0.41901205601006064
361560.0,5092.584338770405,4080.0973789698005,0.0,0.950485286693039,0.41901341806195225
361620.0,5092.5725763250475,4080.1091309562894,0.0,0.9504855307226681,0.41901478014286825
361680.0,5092.560829227625,4080.1208934358638,0.0,0.9504852886742282,0.41901614217994637
361740.0,5092.549078852056,4080.1326536988668,0.0,0.9504851499833169,0.4190175042280394
361800.0,5092.537319750579,4080.1444080082024,0.0,0.9504852874201275,0.41901886630187013
361860.0,5092.52556248994,4080.1561635981056,0.0,0.9504853661424095,0.4190202283719216
361920.0,5092.51381024489,4080.1679226228216,0.0,0.9504852859097507,0.4190215904280285
361980.0,5092.502049263207,4080.179675695432,0.0,0.9504854819774617,0.419022952510508
362040.0,5092.490300583918,4080.191437186496,0.0,0.9504852882787839,0.41902431455833644
362100.0,5092.478549278724,4080.2031969065224,0.0,0.9504851772881847,0.41902567661529483
362160.0,5092.466790990118,4080.2149518631772,0.0,0.9504852872588446,0.4190270386929557
362220.0,5092.455034171834,4080.226707847303,0.0,0.9504853502452357,0.4190284007679077
362280.0,5092.443281366058,4080.238466581031,0.0,0.9504852860338314,0.4190297628318137
362340.0,5092.4315215672295,4080.2502205537085,0.0,0.9504854429215325,0.41903112491705363
362400.0,5092.4197716112,4080.261981264659,0.0,0.9504852879131712,0.4190324869747502
362460.0,5092.408019551194,4080.2737405611,0.0,0.9504851990888774,0.4190338490400683
362520.0,5092.396261827287,4080.2854959960277,0.0,0.9504852894411795,0.41903521112230785
362580.0,5092.384507545133,4080.2972537987494,0.0,0.9504852705138881,0.4190365731956936
362640.0,5092.372751847764,4080.3090106494165,0.0,0.9504852961157811,0.4190379352741674
362700.0,5092.360997377649,4080.3207683539217,0.0,0.9504852825716653,0.41903929735012346
362760.0,5092.349241141484,4080.3325248676115,0.0,0.9504853246474143,0.4190406594322461
362820.0,5092.337487438013,4080.3442831261245,0.0,0.9504852862613903,0.41904202150801345
362880.0,5092.325727319388,4080.3560370239543,0.0,0.9504854505733751,0.4190433836038314
362940.0,5092.3139775338,4080.367797989575,0.0,0.9504852875686925,0.41904474567030126
363000.0,5092.302225536422,4080.379557466955,0.0,0.95048519416317,0.41904610774470447
363060.0,5092.290467583264,4080.391312883209,0.0,0.9504852891797783,0.4190474698368735
363120.0,5092.278713249874,4080.403070788998,0.0,0.9504852692779536,0.4190488319196738
363180.0,5092.2669574287365,4080.4148276931232,0.0,0.9504852962030221,0.41905019400777155
363240.0,5092.255202898624,4080.4265854946952,0.0,0.950485281962145,0.419051556093167
363300.0,5092.243446511854,4080.438342043487,0.0,0.9504853262111215,0.419052918184991
363360.0,5092.231692788852,4080.450100426741,0.0,0.9504852858464926,0.4190542802700803
363420.0,5092.219932320502,4080.461854223489,0.0,0.9504854586391303,0.41905564237617543
363480.0,5092.20818271839,4080.473615452682,0.0,0.9504852872254843,0.4190570044513797
363540.0,5092.196430791112,4080.4853751160945,0.0,0.9504851890023156,0.41905836653484496
363600.0,5092.184672683848,4080.4971305645095,0.0,0.9504852863134708,0.4190597286366929
363660.0,5092.172915876072,4080.5088869237866,0.0,0.9504853420470727,0.41906109073632447
363720.0,5092.161162618312,4080.5206457169875,0.0,0.9504852852199815,0.41906245282624516
363780.0,5092.14939986694,4080.5323980456405,0.0,0.9504855285734073,0.4190638149451164
363840.0,5092.137652419701,4080.544160839402,0.0,0.9504852871954511,0.4190651770202672
363900.0,5092.125901703637,4080.555921422533,0.0,0.9504851488886485,0.41906653910640684
363960.0,5092.114142286551,4080.567676067885,0.0,0.950485285944594,0.4190679012182172
364020.0,5092.102384705021,4080.579431990419,0.0,0.9504853644486181,0.41906926332626143
364080.0,5092.090632124754,4080.5911913386135,0.0,0.9504852844381719,0.41907062542039913
364140.0,5092.078870832765,4080.6029447506,0.0,0.950485479962474,0.419071987540842
364200.0,5092.0671218080415,4080.6147065586006,0.0,0.9504852868004096,0.4190733496267278
364260.0,5092.055370164878,4080.6264666003167,0.0,0.9504851761172636,0.41907471172172256
364320.0,5092.0436115582215,4080.6382218913777,0.0,0.9504852857830659,0.41907607383736606
364380.0,5092.031854417659,4080.649978207196,0.0,0.9504853485948233,0.41907743595031105
364440.0,5092.020101278143,4080.6617372652936,0.0,0.9504852845612157,0.41907879805224046
364500.0,5092.008341165508,4080.673491575061,0.0,0.9504854410141269,0.4190801601754497
364560.0,5091.996590867567,4080.685252605145,0.0,0.9504852864351178,0.4190815222711905
364620.0,5091.9848384716215,4080.69701222452,0.0,0.9504851978568247,0.419082884374536
364680.0,5091.97308042793,4080.7087679926926,0.0,0.950485287958661,0.41908424649475934
364740.0,5091.9613258161435,4080.720526122363,0.0,0.950485269083699,0.41908560860615457
364800.0,5091.949569793165,4080.732283302538,0.0,0.950485294614538,0.41908697072262635
364860.0,5091.937814993917,4080.744041334291,0.0,0.9504852811078348,0.4190883328365895
364920.0,5091.926058433632,4080.755798178425,0.0,0.9504853230668893,0.41908969495670495
364980.0,5091.914304398797,4080.7675567627466,0.0,0.950485284787106,0.41909105707048416
365040.0,5091.902543967083,4080.779310998045,0.0,0.9504854486436793,0.41909241920426393
365100.0,5091.8907938389075,4080.79107228229,0.0,0.9504852860905549,0.41909378130877456
365160.0,5091.879041505224,4080.802832082292,0.0,0.950485192943743,0.41909514342120074
365220.0,5091.867283232746,4080.8145878320115,0.0,0.9504852876969455,0.4190965055513469
365280.0,5091.855528569684,4080.8263460646463,0.0,0.9504852678501531,0.4190978676721512
365340.0,5091.843772423098,4080.838103298308,0.0,0.9504852947004977,0.41909922979824116
365400.0,5091.832017563833,4080.849861427042,0.0,0.9504852804989656,0.4191005919216384
365460.0,5091.820260853188,4080.8616183063564,0.0,0.9504853246252206,0.4191019540514491
365520.0,5091.80850679869,4080.873377015258,0.0,0.9504852843723192,0.4191033161745452
365580.0,5091.7967460180635,4080.8851311499157,0.0,0.9504854566860566,0.41910467831859466
365640.0,5091.7849960726535,4080.896892697203,0.0,0.950485285747259,0.4191060404318363
365700.0,5091.773243808682,4080.908652682913,0.0,0.9504851877961642,0.4191074025533203
365760.0,5091.7614853823525,4080.920408464881,0.0,0.950485284837542,0.4191087646931393
365820.0,5091.749728251772,4080.932165155309,0.0,0.9504853404165559,0.4191101268307511
365880.0,5091.737974661065,4080.943924273178,0.0,0.9504852837468524,0.4191114889586788
365940.0,5091.726211603811,4080.9556769437736,0.0,0.9504855264257268,0.4191128511154837
366000.0,5091.714463806994,4080.967440051568,0.0,0.9504852857166162,0.41911421322868514
366060.0,5091.702712750654,4080.9792009546577,0.0,0.9504851477929821,0.41911557535284966
366120.0,5091.69095301812,4080.990955935817,0.0,0.9504852844689948,0.41911693750261786
366180.0,5091.6791951158675,4081.0027121907806,0.0,0.9504853627553846,0.41911829964863323
366240.0,5091.6674422005935,4081.014471862278,0.0,0.9504852829665157,0.41911966178078003
366300.0,5091.6556805984355,4081.0262256134206,0.0,0.9504854779489789,0.41912102393916484
366360.0,5091.64393122852,4081.037987738201,0.0,0.9504852853219773,0.4191223860630859
366420.0,5091.632179247605,4081.0497481014354,0.0,0.9504851749453811,0.4191237481960951
366480.0,5091.620420323059,4081.0615037266953,0.0,0.9504852843072216,0.41912511034969935
366540.0,5091.608662860391,4081.073260374008,0.0,0.9504853469448358,0.4191264725006156
366600.0,5091.59690938734,4081.085019756297,0.0,0.9504852830885264,0.4191278346405466
366660.0,5091.585148961046,4081.0967744029404,0.0,0.9504854391078285,0.41912919680170346
366720.0,5091.5733983214195,4081.108535751991,0.0,0.9504852849570055,0.4191305589354666
366780.0,5091.561645589746,4081.120295694126,0.0,0.9504851966240254,0.4191319210768174
366840.0,5091.549887226432,4081.1320517953395,0.0,0.9504852864760964,0.4191332832350024
366900.0,5091.538132285206,4081.1438102517736,0.0,0.9504852676533172,0.4191346453843852
366960.0,5091.526375936796,4081.1555677612623,0.0,0.9504852931133008,0.41913600753883323
367020.0,5091.514620808601,4081.1673261200767,0.0,0.950485279643906,0.4191373696907816
367080.0,5091.502863924379,4081.179083294459,0.0,0.9504853214865854,0.4191387318488681
367140.0,5091.491109558376,4081.1908422044066,0.0,0.9504852833127522,0.419140094000637
367200.0,5091.47934881372,4081.202596776959,0.0,0.950485446715192,0.41914145617235693
367260.0,5091.467598343188,4081.2143583796637,0.0,0.9504852846123586,0.4191428183148864
367320.0,5091.45584567341,4081.2261185021143,0.0,0.9504851917235653,0.4191441804653136
367380.0,5091.444087081778,4081.2378745850974,0.0,0.9504852862140664,0.41914554263341486
367440.0,5091.432332089238,4081.249633144391,0.0,0.9504852664221595,0.41914690479220157
367500.0,5091.4205756173915,4081.261390707396,0.0,0.950485293197979,0.4191482669562621
367560.0,5091.408820429165,4081.273149163105,0.0,0.9504852790356879,0.4191496291176391
367620.0,5091.397063394824,4081.2849063727463,0.0,0.9504853230395421,0.41915099128541483
367680.0,5091.38530900903,4081.2966654071124,0.0,0.9504852828980764,0.4191523534464959
367740.0,5091.373547916272,4081.308419879465,0.0,0.9504854547341877,0.41915371562847786
367800.0,5091.361797627796,4081.320181744682,0.0,0.950485284268975,0.4191550777797347
367860.0,5091.350045027344,4081.3319420525163,0.0,0.95048518658922,0.4191564399392154
367920.0,5091.338286282112,4081.3436981678337,0.0,0.9504852833615485,0.4191578021169835
367980.0,5091.3265288288985,4081.355455189215,0.0,0.9504853387864465,0.4191591642925538
368040.0,5091.314774905447,4081.367214631572,0.0,0.9504852822736499,0.4191605264584669
368100.0,5091.3030115424335,4081.3789676438814,0.0,0.9504855242799773,0.4191618886531837
368160.0,5091.2912633963,4081.3907310655572,0.0,0.9504852842377248,0.4191632508044137
368220.0,5091.27951199991,4081.4024922884378,0.0,0.9504851466961941,0.41916461296658103
368280.0,5091.267751952078,4081.4142476051966,0.0,0.9504852829933302,0.41916597515428533
368340.0,5091.255993729275,4081.4260041923912,0.0,0.9504853610625772,0.4191673373382499
368400.0,5091.244240479202,4081.4377641870105,0.0,0.9504852814947857,0.41916869950838404
368460.0,5091.232478567023,4081.449518277098,0.0,0.9504854759365767,0.4191700617046887
368520.0,5091.220728852143,4081.4612807184917,0.0,0.9504852838434863,0.41917142386662304
368580.0,5091.208976533686,4081.4730414030682,0.0,0.950485173772808,0.4191727860376247
368640.0,5091.197217291416,4081.484797362327,0.0,0.9504852828313131,0.4191741482291679
368700.0,5091.185459506819,4081.496554340939,0.0,0.950485345295123,0.41917551041803347
368760.0,5091.173705700437,4081.5083140472357,0.0,0.9504852816157663,0.41917687259594405
368820.0,5091.161941258555,4081.5200665055363,0.0,0.9504855543390445,0.4191782348061187
368880.0,5091.150193964749,4081.5318306940244,0.0,0.9504852838395027,0.4191795969672185
368940.0,5091.13844301005,4081.543592402862,0.0,0.9504851288485052,0.41918095914044345
369000.0,5091.126682306852,4081.5553474552516,0.0,0.9504852824475996,0.4191823213423797
369060.0,5091.114923661959,4081.567103937617,0.0,0.9504853704294605,0.419183683539901
369120.0,5091.103170621326,4081.578864259341,0.0,0.9504852807692926,0.4191850457217642
369180.0,5091.091414150031,4081.5906222520816,0.0,0.9504852994527905,0.41918640791464135
369240.0,5091.079659063907,4081.6023812065914,0.0,0.9504852739884677,0.4191877701045081
369300.0,5091.067902743225,4081.614139332448,0.0,0.9504852873348948,0.41918913229897314
369360.0,5091.05614815433,4081.6258986579987,0.0,0.9504852455377982,0.4191904944894895
369420.0,5091.044391038077,4081.6376562701244,0.0,0.9504852835133831,0.41919185668827896
369480.0,5091.032640253874,4081.6494182335264,0.0,0.9504851205268696,0.41919321887026034
369540.0,5091.020879218592,4081.661173196585,0.0,0.9504852820538898,0.41919458108240804
369600.0,5091.009120348487,4081.6729296627414,0.0,0.95048537457776,0.4191959432898311
369660.0,5090.997367371949,4081.684690166222,0.0,0.9504852802932149,0.41919730548075856
369720.0,5090.985610788302,4081.6964482199774,0.0,0.9504852999429004,0.41919866768321057
369780.0,5090.9738556617285,4081.7082072847,0.0,0.9504852731667317,0.41920002988244376
369840.0,5090.962099237391,4081.7199654775163,0.0,0.950485287203953,0.4192013920864581
369900.0,5090.950344634648,4081.7317249314797,0.0,0.9504852432522323,0.41920275428626375
369960.0,5090.9385873746305,4081.743482583115,0.0,0.9504852831894837,0.4192041164947183
370020.0,5090.92683677395,4081.755244809984,0.0,0.9504851117949351,0.419205478685417
370080.0,5090.915075393692,4081.7669996748596,0.0,0.950485281658913,0.4192068409078121
370140.0,5090.903316290991,4081.778756119731,0.0,0.9504853789591825,0.419208203125157
370200.0,5090.891563304658,4081.790516753962,0.0,0.9504852823997267,0.41920956532532877
370260.0,5090.879809003183,4081.802276511976,0.0,0.9504852270617543,0.4192109275308417
370320.0,5090.868051173288,4081.814033865848,0.0,0.9504852833204619,0.4192122897471104
370380.0,5090.856302726767,4081.8257976574982,0.0,0.950485041969461,0.41921365193774307
370440.0,5090.844539101902,4081.837551079511,0.0,0.9504852811985209,0.41921501417279633
370500.0,5090.832778689935,4081.8493067210466,0.0,0.9504854182391589,0.4192163764000936
370560.0,5090.821026893147,4081.861068260513,0.0,0.9504852822752751,0.41921773860298933
370620.0,5090.80927324988,4081.8728285604598,0.0,0.9504852043618635,0.41921910081276315
370680.0,5090.79751463974,4081.8845854727083,0.0,0.9504852836054054,0.4192204630374537
370740.0,5090.785764644777,4081.896348291953,0.0,0.9504850896738677,0.419221825238344
370800.0,5090.774002474764,4081.9081028003816,0.0,0.9504852811000072,0.4192231874753543
370860.0,5090.762242873002,4081.9198590876495,0.0,0.9504853907536308,0.41922454970647294
370920.0,5090.750490164216,4081.93162009552,0.0,0.9504852819452473,0.4192259119181707
370980.0,5090.738735975155,4081.943380114209,0.0,0.9504852195896807,0.41922727413568733
371040.0,5090.726977810617,4081.955137422941,0.0,0.9504852829932423,0.4192286363652533
371100.0,5090.715230221675,4081.9669019850094,0.0,0.9504850110181964,0.4192299985657326
371160.0,5090.703465529199,4081.97865486047,0.0,0.950485280612423,0.41923136081620405
371220.0,5090.69170445899,4081.9904102354835,0.0,0.9504854350497394,0.4192327230577347
371280.0,5090.679953097603,4082.002172256565,0.0,0.9504852818362373,0.41923408527169836
371340.0,5090.6681996571915,4082.013932879045,0.0,0.9504851940402235,0.41923544749321284
371400.0,5090.65644062035,4082.0256896831506,0.0,0.9504852833455837,0.41923680973146593
371460.0,5090.644684984137,4082.03744882871,0.0,0.9504852646370201,0.41923817196097335
371520.0,5090.632927949499,4082.0492070329183,0.0,0.9504852899419194,0.4192395341955211
371580.0,5090.621172127397,4082.060966081514,0.0,0.9504852765541829,0.41924089642758855
371640.0,5090.609414560204,4082.072723952666,0.0,0.9504853181421564,0.41924225866576337
371700.0,5090.597659495436,4082.084483549246,0.0,0.9504852802002111,0.41924362089766226
371760.0,5090.585898091849,4082.0962388339253,0.0,0.9504854426087368,0.41924498314940273
371820.0,5090.574146898095,4082.1080011075587,0.0,0.9504852814914081,0.4192463453721254
371880.0,5090.562393518781,4082.1197619096783,0.0,0.9504851891672498,0.41924770760270713
371940.0,5090.550634254633,4082.1315186960396,0.0,0.9504852830828694,0.4192490698508626
372000.0,5090.538878567014,4082.1432779442366,0.0,0.9504852634110676,0.41925043208976276
372060.0,5090.527121409295,4082.1550362020266,0.0,0.950485290023806,0.41925179433391074
372120.0,5090.515365527124,4082.166795347327,0.0,0.9504852759473842,0.4192531565753958
372180.0,5090.5036078103385,4082.1785532539116,0.0,0.950485319683399,0.4192545188232472
372240.0,5090.491852725492,4082.190312974561,0.0,0.9504852797857791,0.41925588106444744
372300.0,5090.480090975569,4082.2020681600093,0.0,0.9504854505766647,0.41925724332643394
372360.0,5090.468339962317,4082.2138306949946,0.0,0.9504852811478348,0.41925860555787714
372420.0,5090.456586651484,4082.225591681792,0.0,0.950485184061838,0.41925996779750335
372480.0,5090.444827234287,4082.2373485006765,0.0,0.95048528024542,0.4192613300553128
372540.0,5090.433069100957,4082.249106220376,0.0,0.950485335333032,0.41926269231094443
372600.0,5090.421314475283,4082.260866346878,0.0,0.9504852791636305,0.4192640545569777
372660.0,5090.409550469028,4082.2726200810957,0.0,0.9504855196981143,0.4192654168316539
372720.0,5090.397801584441,4082.284384163669,0.0,0.950485281115256,0.41926677906309956
372780.0,5090.386049469865,4082.2961460604033,0.0,0.9504851444098039,0.4192681413054258
372840.0,5090.3742887579365,4082.3079020856653,0.0,0.9504852798779218,0.4192695035731425
372900.0,5090.362529859553,4082.3196593739763,0.0,0.9504853574722509,0.4192708658371488
372960.0,5090.350775902771,4082.331420049759,0.0,0.9504852783879821,0.41927222808740783
373020.0,5090.339013338012,4082.34317485567,0.0,0.9504854716473238,0.41927359036369016
373080.0,5090.327262894225,4082.354937963965,0.0,0.9504852807218963,0.4192749526058069
373140.0,5090.315509863077,4082.3666993258066,0.0,0.950485171320177,0.4192763148569452
373200.0,5090.303749951395,4082.378455990052,0.0,0.9504852797153709,0.41927767712850783
373260.0,5090.2919914882,4082.390213667739,0.0,0.9504853417991732,0.4192790393974157
373320.0,5090.280236978316,4082.401974057142,0.0,0.9504852785067079,0.41928040165543495
373380.0,5090.26847189938,4082.4137272410994,0.0,0.9504855495716992,0.41928176394553734
373440.0,5090.2567238612555,4082.425492086503,0.0,0.9504852807164189,0.41928312618685337
373500.0,5090.244972185063,4082.4372544668563,0.0,0.9504851266674178,0.4192844884402312
373560.0,5090.233210821313,4082.4490102298014,0.0,0.9504852793324717,0.41928585072215535
373620.0,5090.22145150293,4082.460767414404,0.0,0.9504853667791766,0.4192872129996977
373680.0,5090.209697753729,4082.4725284158817,0.0,0.9504852776638626,0.4192885752616759
373740.0,5090.197940595274,4082.4842871020737,0.0,0.950485296233515,0.41928993753460897
373800.0,5090.186184813282,4082.4960467444375,0.0,0.9504852709237572,0.4192912998045538
373860.0,5090.17442780441,4082.507805563048,0.0,0.9504852841887884,0.419292662079075
373920.0,5090.162672516446,4082.519565574364,0.0,0.9504852426455471,0.41929402434967566
373980.0,5090.150914716888,4082.5313238823387,0.0,0.950485280390004,0.4192953866285058
374040.0,5090.139163209711,4082.5430865161434,0.0,0.9504851183941665,0.4192967488906328
374100.0,5090.127401515545,4082.5548421906615,0.0,0.9504852789388781,0.4192981111827527
374160.0,5090.115641972945,4082.5665993595317,0.0,0.9504853708999486,0.41929947347018276
374220.0,5090.103888287029,4082.57836054208,0.0,0.9504852771884018,0.4193008357412159
374280.0,5090.092131016515,4082.5901192893093,0.0,0.9504852967183669,0.4193021980237117
374340.0,5090.080375193916,4082.6018790416197,0.0,0.9504852701047395,0.4193035603030123
374400.0,5090.068618081624,4082.6136379271766,0.0,0.9504852840563646,0.4193049225870708
374460.0,5090.0568627794855,4082.6253980665315,0.0,0.9504852403716031,0.41930628486695026
374520.0,5090.045104836649,4082.637156414165,0.0,0.9504852800657957,0.4193076471554328
374580.0,5090.033353511433,4082.6489193102716,0.0,0.9504851097130571,0.41930900942627014
374640.0,5090.021591474038,4082.6606748875643,0.0,0.9504852785440249,0.4193103717286213
374700.0,5090.009831699885,4082.672432035654,0.0,0.9504853752524628,0.41931173402595917
374760.0,5089.998078003824,4082.6841933485653,0.0,0.950485279279828,0.4193130963062263
374820.0,5089.986323000778,4082.6959537904586,0.0,0.9504852242780681,0.41931445859181093
374880.0,5089.9745644913555,4082.707711842328,0.0,0.9504852801944585,0.41931582088809105
374940.0,5089.962815306549,4082.7194762942945,0.0,0.9504850403106724,0.41931718315889194
375000.0,5089.951051038311,4082.731230437438,0.0,0.9504852780849132,0.4193185454738567
375060.0,5089.9392899628065,4082.742986787155,0.0,0.9504854142920555,0.4193199077811182
375120.0,5089.927537448575,4082.754749000246,0.0,0.9504852791546143,0.41932127006412284
375180.0,5089.9157830993445,4082.766509981149,0.0,0.9504852017146632,0.4193226323539726
375240.0,5089.904023814282,4082.778267594236,0.0,0.9504852804761517,0.4193239946586546
375300.0,5089.892273090463,4082.7900310797368,0.0,0.9504850877234052,0.41932535693968065
375360.0,5089.8805102677015,4082.80178630318,0.0,0.9504852779854797,0.4193267192566203
375420.0,5089.868749997059,4082.8135432950967,0.0,0.9504853869721619,0.4193280815677099
375480.0,5089.856996576261,4082.825304979965,0.0,0.9504852788250744,0.4193294438594944
375540.0,5089.845241684375,4082.8370656815127,0.0,0.9504852168483597,0.419330806157071
375600.0,5089.833482841851,4082.8488236890125,0.0,0.9504852798661918,0.4193321684666292
375660.0,5089.821734508714,4082.86058890739,0.0,0.9504850095444226,0.4193335307472775
375720.0,5089.809969178989,4082.8723425076896,0.0,0.9504852774993413,0.419334893077629
375780.0,5089.79820744881,4082.8840985929533,0.0,0.9504854309974314,0.419336255399099
375840.0,5089.786455366708,4082.895861285345,0.0,0.9504852787152083,0.4193376176931653
375900.0,5089.774701218513,4082.907622587396,0.0,0.9504851914527968,0.41933897999474556
375960.0,5089.762941508867,4082.919380093481,0.0,0.9504852802148703,0.4193403423129695
376020.0,5089.751191447935,4082.9311442162016,0.0,0.9504850630057051,0.4193417046043883
376080.0,5089.739427754015,4082.942899027015,0.0,0.950485277418528,0.41934306693616247
376140.0,5089.727666937743,4082.9546558290763,0.0,0.9504854002415382,0.41934442926114374
376200.0,5089.7159138409725,4082.966417919254,0.0,0.9504852783750857,0.4193457915643016
376260.0,5089.7041590881945,4082.978178899558,0.0,0.9504852085383343,0.4193471538737867
376320.0,5089.692399884163,4082.989936843198,0.0,0.9504852795587403,0.419348516196703
376380.0,5089.680648399078,4083.0017000836265,0.0,0.9504851057368147,0.41934987849839817
376440.0,5089.668886003245,4083.0134558740046,0.0,0.9504852773046741,0.41935124083257147
376500.0,5089.6571259074035,4083.025213260547,0.0,0.9504853755811369,0.41935260316162326
376560.0,5089.645371987811,4083.0369748796984,0.0,0.9504852780537295,0.4193539654733172
376620.0,5089.633616740367,4083.0487356134117,0.0,0.9504852221612106,0.41935532779038875
376680.0,5089.621857930048,4083.060493918074,0.0,0.9504852789845106,0.41935669011832083
376740.0,5089.610108595034,4083.0722587268992,0.0,0.9504850352135596,0.41935805242033214
376800.0,5089.5983439332695,4083.0840130588444,0.0,0.9504852768421029,0.4193594147672189
376860.0,5089.586582515984,4083.095769633091,0.0,0.9504854152574105,0.41936077710624997
376920.0,5089.5748297981945,4083.107532166177,0.0,0.9504852779304676,0.4193621394206196
376980.0,5089.563075216021,4083.119293446767,0.0,0.9504851992361373,0.4193635017419197
377040.0,5089.551315618453,4083.1310513045846,0.0,0.9504852792747495,0.41936486407828455
377100.0,5089.53956472044,4083.1428151303385,0.0,0.9504850833987596,0.41936622639058835
377160.0,5089.527801528383,4083.154570559272,0.0,0.950485276745039,0.41936758873937596
377220.0,5089.516040929854,4083.166327785269,0.0,0.9504853874986744,0.4193689510821917
377280.0,5089.504287291773,4083.1780897806057,0.0,0.950485277599568,0.41937031340537845
377340.0,5089.492532159095,4083.1898507763754,0.0,0.9504852146190572,0.4193716757344254
377400.0,5089.48077301211,4083.2016090341162,0.0,0.9504852786588862,0.41937303807563997
377460.0,5089.469020824561,4083.213372069543,0.0,0.9504851219079469,0.41937440039782903
377520.0,5089.457258797688,4083.2251283871938,0.0,0.9504852766181807,0.4193757627493982
377580.0,5089.4454988434545,4083.236886145617,0.0,0.950485365236575,0.41937712509650277
377640.0,5089.4337445322,4083.248647772698,0.0,0.9504852749283167,0.4193784874278231
377700.0,5089.421986766697,4083.260407052897,0.0,0.9504852937472166,0.41937984977023085
377760.0,5089.410230396006,4083.272167302129,0.0,0.9504852680990341,0.4193812121095949
377820.0,5089.398472782322,4083.283926716284,0.0,0.9504852815422692,0.4193825744535822
377880.0,5089.386716912463,4083.29568733921,0.0,0.9504852394431849,0.4193839367935795
377940.0,5089.3749584978805,4083.307446235529,0.0,0.9504852776937008,0.4193852991419038
378000.0,5089.363206459172,4083.3192095162544,0.0,0.9504851135287333,0.41938666147327497
378060.0,5089.3514440986755,4083.3309657430777,0.0,0.950485276224232,0.4193880238350396
378120.0,5089.339683918423,4083.3427234843543,0.0,0.9504853694175659,0.4193893861920275
378180.0,5089.327929672462,4083.35448529377,0.0,0.9504852744514025,0.41939074853238695
378240.0,5089.316171794583,4083.366244634638,0.0,0.9504852942434967,0.41939211088434863
378300.0,5089.304415383914,4083.3780049941142,0.0,0.9504852672739548,0.4193934732330567
378360.0,5089.292657666607,4083.389764474929,0.0,0.9504852814129935,0.41939483558657226
378420.0,5089.280901783556,4083.4015252264385,0.0,0.9504852371436637,0.41939619793583566
378480.0,5089.269143224966,4083.4132841617584,0.0,0.9504852773700683,0.4193975602938049
378540.0,5089.257391371801,4083.425047707155,0.0,0.9504851047361078,0.4193989226338661
378600.0,5089.245628664695,4083.4368038342304,0.0,0.9504852758290069,0.4194002850058624
378660.0,5089.233868250991,4083.4485615532467,0.0,0.9504853738333123,0.41940164737275404
378720.0,5089.2221139959165,4083.460323493605,0.0,0.9504852765757584,0.4194030097223348
378780.0,5089.210358416748,4083.4720845509114,0.0,0.9504852208377974,0.41940437207728226
378840.0,5089.198599284846,4083.483843185648,0.0,0.9504852775037335,0.4194057344430625
378900.0,5089.186849601214,4083.495608307249,0.0,0.9504850344072355,0.419407096782994
378960.0,5089.175084634505,4083.507362979888,0.0,0.9504852753670238,0.419408459167683
379020.0,5089.163322902998,4083.5191198888842,0.0,0.9504854133991804,0.41940982154454065
379080.0,5089.151569846182,4083.5308827408558,0.0,0.9504852764521459,0.4194111838968034
379140.0,5089.139814930262,4083.542644343696,0.0,0.9504851979755057,0.41941254625598134
379200.0,5089.128055013232,4083.55440253289,0.0,0.9504852777924767,0.41941390863018524
379260.0,5089.116303770937,4083.566166674143,0.0,0.9504850824584887,0.4194152709803942
379320.0,5089.104540269625,4083.5779224409644,0.0,0.9504852752695372,0.4194166333669922
379380.0,5089.092779354419,4083.58968000009,0.0,0.9504853857165205,0.41941799574763744
379440.0,5089.081025379806,4083.601442315859,0.0,0.9504852761214704,0.419419358108707
379500.0,5089.069269914827,4083.613203634751,0.0,0.9504852133151818,0.41942072047562434
379560.0,5089.057510446975,4083.624962222921,0.0,0.9504852771776252,0.41942208285467836
379620.0,5089.045757918694,4083.636725576065,0.0,0.9504851208605138,0.41942344521475955
379680.0,5089.033995579126,4083.6484822293514,0.0,0.9504852751423383,0.4194248076041449
379740.0,5089.022235306255,4083.660240319599,0.0,0.9504853635153205,0.4194261699890807
379800.0,5089.010480660267,4083.6720022682034,0.0,0.9504852734569214,0.41942753235827507
379860.0,5088.998722569851,4083.6837618762015,0.0,0.9504852922236147,0.41942889473853007
379920.0,5088.986965870253,4083.6955224506696,0.0,0.9504852666463116,0.41943025711575144
379980.0,5088.975207931183,4083.7072821923043,0.0,0.9504852800522203,0.419431619497586
380040.0,5088.963451730947,4083.7190431395084,0.0,0.9504852380695493,0.41943298187544337
380100.0,5088.951692993222,4083.7308023647242,0.0,0.9504852762140743,0.4194343442616077
380160.0,5088.939940613165,4083.7425659626924,0.0,0.9504851125033718,0.41943570663086704
380220.0,5088.928177940737,4083.7543225255627,0.0,0.9504852747484422,0.4194370690304403
380280.0,5088.916417442306,4083.766080598879,0.0,0.95048536768372,0.41943843142525294
380340.0,5088.904662861237,4083.777842729504,0.0,0.9504852729802888,0.41943979380348245
380400.0,5088.892904658583,4083.789602398179,0.0,0.9504852927174887,0.4194411561932856
380460.0,5088.881147918935,4083.801363082767,0.0,0.9504852658224755,0.4194425185798457
380520.0,5088.869389876356,4083.8131228910543,0.0,0.9504852799222661,0.41944388097120294
380580.0,5088.857633662778,4083.82488396667,0.0,0.9504852357753444,0.4194452433583214
380640.0,5088.845874781272,4083.8366432309526,0.0,0.9504852758902999,0.41944660575412474
380700.0,5088.834122586045,4083.848407093057,0.0,0.9504851037340489,0.41944796813207064
380760.0,5088.82235956781,4083.860163556616,0.0,0.9504852743532732,0.41944933054186834
380820.0,5088.810598836407,4083.8719216079016,0.0,0.9504853720862008,0.41945069294657805
380880.0,5088.798844246068,4083.8836838692914,0.0,0.9504852750977271,0.41945205533402397
380940.0,5088.787088335376,4083.8954452500107,0.0,0.9504852195139386,0.4194534177268254
381000.0,5088.7753288820695,4083.9072042146254,0.0,0.9504852760229027,0.41945478013043214
381060.0,5088.763578850065,4083.918969648846,0.0,0.9504850335992299,0.41945614250826174
381120.0,5088.751813578546,4083.9307246619587,0.0,0.9504852738918772,0.4194575049307315
381180.0,5088.740051532975,4083.9424819054975,0.0,0.950485411541817,0.4194588673453938
381240.0,5088.728298137349,4083.954245076184,0.0,0.9504852749737649,0.41946022973552743
381300.0,5088.7165428878925,4083.966007001097,0.0,0.9504851967142127,0.4194615921325613
381360.0,5088.70478265157,4083.97776552147,0.0,0.9504852763101551,0.41946295454458254
381420.0,5088.69303106523,4083.9895299780615,0.0,0.950485081516744,0.41946431693267466
381480.0,5088.681267254806,4084.001286082553,0.0,0.9504852737939683,0.41946567935706147
381540.0,5088.669506023082,4084.0130439746013,0.0,0.9504853839351461,0.4194670417755144
381600.0,5088.657751712159,4084.0248066106287,0.0,0.9504852746433128,0.4194684041744444
381660.0,5088.645995915084,4084.036568252464,0.0,0.9504852120107311,0.41946976657921015
381720.0,5088.634236126539,4084.0483271708613,0.0,0.9504852756963144,0.4194711289960815
381780.0,5088.622483257758,4084.0600908415604,0.0,0.9504851198116752,0.4194724913940328
381840.0,5088.610720605639,4084.071847830266,0.0,0.9504852736664295,0.4194738538212125
381900.0,5088.598960014296,4084.083606252134,0.0,0.9504853617947275,0.41947521624395767
381960.0,5088.587205033783,4084.0953685220907,0.0,0.9504852719854461,0.4194765786510042
382020.0,5088.575446618644,4084.107128457697,0.0,0.95048529070009,0.41947794106908454
382080.0,5088.563689590334,4084.1188893572166,0.0,0.9504852651934529,0.41947930348414136
382140.0,5088.551931326067,4084.1306494261394,0.0,0.9504852785621476,0.4194806659038013
382200.0,5088.540174795654,4084.14241069744,0.0,0.9504852366955392,0.4194820283194968
382260.0,5088.528415734965,4084.154170251357,0.0,0.9504852747343923,0.41948339074347935
382320.0,5088.516663013794,4084.1659341664035,0.0,0.9504851114766657,0.41948475315060496
382380.0,5088.5049000295785,4084.1776910651056,0.0,0.950485273272586,0.41948611558796517
382440.0,5088.493139213134,4084.189449470259,0.0,0.9504853659504913,0.4194874780205807
382500.0,5088.481384297169,4084.2012119219207,0.0,0.9504852715090966,0.4194888404366581
382560.0,5088.469625769924,4084.212971918213,0.0,0.9504852911915488,0.4194902028642809
382620.0,5088.457868701495,4084.22473292773,0.0,0.9504852643708644,0.4194915652886715
382680.0,5088.446110333826,4084.2364930632984,0.0,0.9504852784315128,0.41949292771784835
382740.0,5088.434353789925,4084.2482544628388,0.0,0.9504852344066662,0.4194942901428001
382800.0,5088.42259458568,4084.2600140558884,0.0,0.950485274410476,0.41949565257641575
382860.0,5088.410842048625,4084.2717782345385,0.0,0.9504851027305674,0.4194970149922244
382920.0,5088.399078719403,4084.283535034365,0.0,0.9504852728774726,0.41949837743980156
382980.0,5088.387317670463,4084.2952934177147,0.0,0.9504853703398408,0.41949973988230743
383040.0,5088.375562745072,4084.307055999962,0.0,0.9504852736196358,0.41950110230759624
383100.0,5088.363806503061,4084.3188177039137,0.0,0.9504852181895728,0.41950246473822983
383160.0,5088.352046728525,4084.330576998208,0.0,0.9504852745420195,0.41950382717964135
383220.0,5088.3402963483995,4084.3423427448975,0.0,0.9504850327892642,0.4195051895953471
383280.0,5088.328530772198,4084.3540980982575,0.0,0.9504852724166623,0.41950655205557563
383340.0,5088.316768412716,4084.365855676129,0.0,0.9504854096854327,0.4195079145080209
383400.0,5088.305014678508,4084.377619165362,0.0,0.9504852734953243,0.4195092769360035
383460.0,5088.2932590957225,4084.3893814121698,0.0,0.950485195452303,0.4195106393708713
383520.0,5088.281498540279,4084.4011402635215,0.0,0.9504852748277849,0.4195120018206878
383580.0,5088.269746610134,4084.4129050352935,0.0,0.9504850805734562,0.4195133642466412
383640.0,5088.257982490737,4084.424661477238,0.0,0.9504852723183325,0.4195147267087948
383700.0,5088.246220942659,4084.4364197020045,0.0,0.9504853821544743,0.4195160891650337
383760.0,5088.234466295637,4084.4481826581164,0.0,0.950485273165095,0.4195174516018026
383820.0,5088.2227101666695,4084.4599446227135,0.0,0.9504852107058155,0.4195188140443949
383880.0,5088.2109500576025,4084.4717038711424,0.0,0.9504852742149503,0.4195201764990618
383940.0,5088.199200536555,4084.483470389382,0.0,0.9504850017873014,0.4195215389245641
384000.0,5088.187433892001,4084.4952251943205,0.0,0.9504852718302848,0.41952290140017423
384060.0,5088.1756708740095,4084.5069825044384,0.0,0.950485426524672,0.4195242638668131
384120.0,5088.163917576214,4084.5187464757614,0.0,0.9504852730562513,0.4195256263058164
384180.0,5088.152162197023,4084.5305090452143,0.0,0.9504851851142234,0.4195269887523793
384240.0,5088.1404012148805,4084.542267787554,0.0,0.9504852745682245,0.41952835121571735
384300.0,5088.128643637388,4084.554028876635,0.0,0.9504852558285917,0.41952971367028236
384360.0,5088.116884659876,4084.5657890221664,0.0,0.9504852811756521,0.4195310761298939
384420.0,5088.105126896359,4084.57755001396,0.0,0.9504852677656973,0.41953243858701306
384480.0,5088.093367385757,4084.5893098255688,0.0,0.9504853094229391,0.41953380105024785
384540.0,5088.0816103805455,4084.6010713664946,0.0,0.9504852714179078,0.41953516350718595
384600.0,5088.06984702916,4084.6128285856025,0.0,0.950485434096889,0.4195365259840039
384660.0,5088.058093899566,4084.62459280959,0.0,0.9504852727113704,0.4195378884317321
384720.0,5088.046338581925,4084.636355558629,0.0,0.9504851802334884,0.4195392508873288
384780.0,5088.034577372583,4084.6481142827133,0.0,0.9504852743055989,0.41954061336053766
384840.0,5088.022819744003,4084.659875474199,0.0,0.9504852546010814,0.4195419758244627
384900.0,5088.011060643642,4084.6716356729657,0.0,0.9504852812582172,0.4195433382936421
384960.0,5087.999302820365,4084.683396761219,0.0,0.9504852671583994,0.4195447007601462
385020.0,5087.987543160367,4084.6951566078706,0.0,0.9504853109673547,0.41954606323302557
385080.0,5087.975786135429,4084.7069182726823,0.0,0.9504852710033059,0.41954742569923215
385140.0,5087.964022437669,4084.7186753918586,0.0,0.9504854420789071,0.41954878818626545
385200.0,5087.952269489182,4084.7304398773335,0.0,0.9504852723677475,0.41955015064267964
385260.0,5087.940514240481,4084.742202811006,0.0,0.9504851751199885,0.4195515131072873
385320.0,5087.9287528782825,4084.7539615672185,0.0,0.950485271463945,0.4195528755901183
385380.0,5087.916992801519,4084.765721226226,0.0,0.9504853266434385,0.4195542380707571
385440.0,5087.905236236545,4084.7774832975065,0.0,0.9504852703804685,0.4195556005417716
385500.0,5087.893470280058,4084.789238961825,0.0,0.9504855113159558,0.41955696304148804
385560.0,5087.881719462977,4084.8010049981117,0.0,0.950485272335463,0.4195583254978678
385620.0,5087.8699654121865,4084.812768843488,0.0,0.9504851354022049,0.41955968796514514
385680.0,5087.858202753992,4084.824526803953,0.0,0.9504852710961826,0.4195610504578703
385740.0,5087.846441911531,4084.836286030275,0.0,0.9504853488199101,0.41956241294686697
385800.0,5087.834686016485,4084.8480486517788,0.0,0.9504852696038752,0.4195637754220804
385860.0,5087.822921503415,4084.8598053899427,0.0,0.950485463185536,0.4195651379233724
385920.0,5087.8111691255635,4084.8715704494166,0.0,0.9504852719417966,0.4195665003904121
385980.0,5087.799414157381,4084.8833337583683,0.0,0.9504851623577023,0.41956786286648573
386040.0,5087.78765230062,4084.895092358963,0.0,0.9504852709337089,0.4195692253630289
386100.0,5087.775891894106,4084.906851975238,0.0,0.9504853331210883,0.41957058785690204
386160.0,5087.764135445561,4084.9186143094,0.0,0.9504852697231465,0.4195719503398575
386220.0,5087.75236841563,4084.930369421571,0.0,0.950485541240321,0.4195733128549635
386280.0,5087.740618446514,4084.942136221813,0.0,0.9504852719366589,0.4195746753211639
386340.0,5087.728864835128,4084.953900551293,0.0,0.9504851176307975,0.41957603779944563
386400.0,5087.717101524846,4084.965658248215,0.0,0.9504852705505198,0.41957740030633844
386460.0,5087.705340262391,4084.977417369966,0.0,0.9504853581431413,0.41957876280883
386520.0,5087.693584575674,4084.989180317287,0.0,0.9504852688792432,0.419580125295717
386580.0,5087.68182547575,4085.0009409439754,0.0,0.9504852874799329,0.4195814877935785
386640.0,5087.670067753944,4085.012702528971,0.0,0.9504852621280087,0.4195828502884389
386700.0,5087.658308803855,4085.024463288278,0.0,0.9504852754152296,0.4195842127878802
386760.0,5087.64655157674,4085.0362252429645,0.0,0.9504852338027227,0.4195855752833852
386820.0,5087.634791835123,4085.047985490367,0.0,0.9504852716102238,0.4195869377871335
386880.0,5087.623038393334,4085.0597500734148,0.0,0.9504851093440174,0.41958830027413013
386940.0,5087.611274752615,4085.071507681236,0.0,0.950485270156792,0.41958966279118787
387000.0,5087.599513266053,4085.083266786748,0.0,0.9504853622714545,0.4195910253035356
387060.0,5087.587757643073,4085.095029915089,0.0,0.9504852684035092,0.419592387799444
387120.0,5087.575998431331,4085.106790602487,0.0,0.9504852879661431,0.41959375030683593
387180.0,5087.564240669245,4085.1185522972137,0.0,0.9504852613081342,0.419595112811019
387240.0,5087.552481615994,4085.130313123155,0.0,0.950485275283115,0.4195964753199653
387300.0,5087.540724375069,4085.142075205707,0.0,0.9504852315254518,0.41959783782471627
387360.0,5087.5289644903805,4085.1538354923896,0.0,0.9504852712859982,0.419599200338085
387420.0,5087.517211231147,4085.1656003378735,0.0,0.9504851006488497,0.41960056283375763
387480.0,5087.50544724717,4085.177357847777,0.0,0.9504852697618027,0.419601925361016
387540.0,5087.493685529157,4085.189116931992,0.0,0.9504853666318223,0.41960328788324
387600.0,5087.481929896401,4085.20088019053,0.0,0.950485270498951,0.41960465038834976
387660.0,5087.470172955184,4085.2126425759793,0.0,0.9504852154053895,0.4196060128987803
387720.0,5087.458412503494,4085.224402565909,0.0,0.9504852714152258,0.4196073754199286
387780.0,5087.446661387438,4085.2361689705012,0.0,0.9504850311308284,0.4196087379155279
387840.0,5087.434895170252,4085.2479250426622,0.0,0.9504852693022735,0.4196101004553931
387900.0,5087.423132149612,4085.2596833263665,0.0,0.9504854057369562,0.4196114629875276
387960.0,5087.411377700321,4085.2714474868308,0.0,0.9504852703738774,0.4196128254953444
388020.0,5087.399621413939,4085.2832104122103,0.0,0.9504851928046522,0.41961418801001343
388080.0,5087.38786018595,4085.2949699620426,0.0,0.9504852716977379,0.4196155505395467
388140.0,5087.376107529309,4085.306735397667,0.0,0.9504850786231014,0.41961691304536103
388200.0,5087.364342759543,4085.318492552285,0.0,0.9504852692030232,0.41961827558716924
388260.0,5087.352580544962,4085.3302514793468,0.0,0.9504853783717606,0.41961963812310427
388320.0,5087.34082518829,4085.3420151100668,0.0,0.9504852700441364,0.419621000639685
388380.0,5087.329068358865,4085.3537777551396,0.0,0.9504852079640211,0.4196223631620626
388440.0,5087.317307574186,4085.365537699977,0.0,0.9504852710871081,0.41962372569644724
388500.0,5087.305557311296,4085.3773048721055,0.0,0.950485000314089,0.419625088201844
388560.0,5087.293790031881,4085.3890603995596,0.0,0.9504852687164227,0.4196264507570593
388620.0,5087.282026356301,4085.400818417583,0.0,0.9504854224708619,0.4196278133033627
388680.0,5087.270272340148,4085.412583057819,0.0,0.9504852699344359,0.41962917582219394
388740.0,5087.258516255539,4085.424346304457,0.0,0.9504851825263976,0.419630538348548
388800.0,5087.246754602972,4085.436105746421,0.0,0.9504852714367183,0.419631900891582
388860.0,5087.235002610498,4085.4478718200976,0.0,0.9504850538648567,0.41963326340774043
388920.0,5087.223236969055,4085.4596285605207,0.0,0.9504852686358233,0.4196346259643451
388980.0,5087.211474208705,4085.471387296669,0.0,0.9504853916639844,0.4196359885141314
389040.0,5087.199719176945,4085.4831513330037,0.0,0.9504852695940945,0.41963735104203925
389100.0,5087.187962487295,4085.494914256846,0.0,0.9504851996408048,0.41963871357628035
389160.0,5087.176201341185,4085.506674137054,0.0,0.9504852707798418,0.4196400761239813
389220.0,5087.164447923133,4085.518439326106,0.0,0.9504850966677356,0.4196414386504039
389280.0,5087.152683581559,4085.5301970480245,0.0,0.9504852685221287,0.41964280120937664
389340.0,5087.140921542739,4085.5419563696796,0.0,0.9504853669627185,0.41964416376320646
389400.0,5087.12916568744,4085.5537199335977,0.0,0.950485269272551,0.419645526299634
389460.0,5087.117408502794,4085.5654826099744,0.0,0.95048521328678,0.41964688884144274
389520.0,5087.105647751111,4085.577242851719,0.0,0.9504852702050023,0.41964825139413453
389580.0,5087.0938964859215,4085.5890096124226,0.0,0.950485026027126,0.41964961392083505
389640.0,5087.082129876003,4085.6007658722606,0.0,0.9504852680591344,0.41965097649251454
389700.0,5087.070366514438,4085.6125243794504,0.0,0.950485406705597,0.4196523390563107
389760.0,5087.058611862608,4085.62428885908,0.0,0.9504852691494322,0.41965370159538384
389820.0,5087.046855344265,4085.636052083272,0.0,0.9504851903237945,0.4196550641413946
389880.0,5087.035093804659,4085.647811876836,0.0,0.9504852704960745,0.41965642670250264
389940.0,5087.023340974868,4085.6595776519275,0.0,0.9504850742931296,0.41965778923948555
390000.0,5087.011575836636,4085.67133501095,0.0,0.9504852679622577,0.41965915181303387
390060.0,5086.999813295042,4085.68309417107,0.0,0.9504853789008127,0.41966051438058694
390120.0,5086.988057722087,4085.694858111409,0.0,0.9504852688183292,0.4196618769284613
390180.0,5086.976300652842,4085.7066210498165,0.0,0.9504852057327998,0.4196632394822006
390240.0,5086.964539564604,4085.7183812439084,0.0,0.9504852698795307,0.41966460204813305
390300.0,5086.952785444012,4085.73014622655,0.0,0.9504851128671267,0.4196659645949883
390360.0,5086.9410214725895,4085.741904476014,0.0,0.950485267835537,0.4196673271712879
390420.0,5086.929259576299,4085.7536641694664,0.0,0.9504853566018854,0.4196686897431033
390480.0,5086.9175033296315,4085.765427740392,0.0,0.9504852661429689,0.41967005229909343
390540.0,5086.905743624706,4085.7771889590153,0.0,0.9504852849933348,0.41967141486619114
390600.0,5086.893985316271,4085.788951148838,0.0,0.9504852593024041,0.41967277743023185
390660.0,5086.882225763424,4085.800712501621,0.0,0.9504852727681351,0.41967413999890074
390720.0,5086.870467956493,4085.8124750658867,0.0,0.9504852305988304,0.41967550256356373
390780.0,5086.85870760189,4085.824235899549,0.0,0.9504852689132596,0.41967686513656793
390840.0,5086.846953630709,4085.8360011275668,0.0,0.9504851044742706,0.4196782276925696
390900.0,5086.835189325643,4085.847759285526,0.0,0.950485267441454,0.41967959027903406
390960.0,5086.823427203444,4085.8595189613247,0.0,0.9504853607903925,0.4196809528607013
391020.0,5086.811671022524,4085.871282714536,0.0,0.9504852656657818,0.4196823154256973
391080.0,5086.7999112054695,4085.8830439935005,0.0,0.9504852854909752,0.41968367800231665
391140.0,5086.788152857387,4085.8948062933523,0.0,0.9504852584764665,0.41968504057566863
391200.0,5086.776393201174,4085.9065677124813,0.0,0.9504852726391697,0.4196864031538334
391260.0,5086.764635381413,4085.9183304051567,0.0,0.9504852282959725,0.41968776572772953
391320.0,5086.752874883011,4085.9300912774384,0.0,0.9504852685896104,0.4196891283103465
391380.0,5086.74112109797,4085.9418567702655,0.0,0.9504850956674804,0.4196904908750038
391440.0,5086.729356446263,4085.953614827781,0.0,0.9504852670460925,0.41969185347166926
391500.0,5086.717594090714,4085.965374480799,0.0,0.9504853652140963,0.4196932160632087
391560.0,5086.705837901048,4085.9771383647853,0.0,0.9504852677942073,0.41969457863739307
391620.0,5086.694080385795,4085.988901363625,0.0,0.9504852119632308,0.4196959412169476
391680.0,5086.682319313659,4086.000661934327,0.0,0.9504852687238482,0.4196973038073575
391740.0,5086.670567700951,4086.0124290066533,0.0,0.9504850252214532,0.4196986663718481
391800.0,5086.658800787237,4086.0241856060925,0.0,0.9504852665836869,0.4197000289811997
391860.0,5086.647037112586,4086.035944446925,0.0,0.9504854048464306,0.41970139158269215
391920.0,5086.6352821228365,4086.0477092443,0.0,0.9504852676707375,0.4197027541595281
391980.0,5086.623525271864,4086.05947278961,0.0,0.9504851890630662,0.41970411674328656
392040.0,5086.611763413927,4086.0712329134376,0.0,0.950485269013424,0.41970547934210334
392100.0,5086.600010240967,4086.082999002884,0.0,0.9504850733531267,0.4197068419168615
392160.0,5086.588244794617,4086.0947566986915,0.0,0.9504852664863865,0.41970820452809
392220.0,5086.576481937475,4086.1065161908273,0.0,0.9504853771179371,0.4197095671333423
392280.0,5086.564726029106,4086.1182804504633,0.0,0.950485267339859,0.419710929718969
392340.0,5086.55296862868,4086.130043710863,0.0,0.9504852044287269,0.41971229231044854
392400.0,5086.541207220701,4086.1418042342657,0.0,0.9504852683978947,0.41971365491409024
392460.0,5086.529452760493,4086.1535695334865,0.0,0.9504851118196822,0.4197150174987073
392520.0,5086.517688477503,4086.165328117475,0.0,0.9504852663593245,0.419716380112693
392580.0,5086.505926263702,4086.177088141635,0.0,0.9504853548800277,0.4197177427222094
392640.0,5086.4941696834185,4086.1888520329553,0.0,0.9504852646712078,0.4197191053159437
392700.0,5086.482409654708,4086.200613578257,0.0,0.9504852834693186,0.41972046792075823
392760.0,5086.470651018487,4086.2123760921895,0.0,0.9504852578493327,0.4197218305225263
392820.0,5086.458891141381,4086.224137771329,0.0,0.9504852712777029,0.4197231931289122
392880.0,5086.447133005195,4086.2359006587453,0.0,0.9504852292249207,0.4197245557313051
392940.0,5086.435372328577,4086.2476618201827,0.0,0.9504852674332591,0.4197259183420192
393000.0,5086.423618017164,4086.2594273643035,0.0,0.9504851034489954,0.419727280935779
393060.0,5086.411853401297,4086.271185857201,0.0,0.9504852659652941,0.4197286435599218
393120.0,5086.4000909620445,4086.282945863923,0.0,0.9504853590559743,0.41973000617928347
393180.0,5086.388334447139,4086.2947099372122,0.0,0.9504852641943016,0.41973136878201917
393240.0,5086.3765743064305,4086.3064715428627,0.0,0.9504852839645559,0.4197327313963497
393300.0,5086.364815630493,4086.3182341667,0.0,0.9504852570246368,0.4197340940074237
393360.0,5086.353055650129,4086.329995912177,0.0,0.9504852711480598,0.41973545662329986
393420.0,5086.341297500968,4086.34175892783,0.0,0.9504852269273727,0.41973681923492095
393480.0,5086.329536680775,4086.3535201279556,0.0,0.950485267109469,0.4197381818552418
393540.0,5086.317782554794,4086.365285936355,0.0,0.9504850946653017,0.4197395444576537
393600.0,5086.306017593082,4086.3770443292406,0.0,0.9504852655699884,0.41974090709199025
393660.0,5086.294254920957,4086.3888043134098,0.0,0.9504853634664835,0.4197422697212175
393720.0,5086.282498397149,4086.400568517298,0.0,0.9504852663158041,0.41974363233313655
393780.0,5086.270740551495,4086.4123318384213,0.0,0.9504852106391126,0.4197449949504149
393840.0,5086.258979159079,4086.424092737882,0.0,0.9504852672426436,0.41974635757852113
393900.0,5086.2472271991155,4086.435860121685,0.0,0.9504850244135625,0.41974772018077977
393960.0,5086.235459981721,4086.4476170604926,0.0,0.9504852651081708,0.4197490828277818
394020.0,5086.223695994134,4086.4593762347554,0.0,0.9504854029883838,0.4197504454669487
394080.0,5086.211940666697,4086.471141349711,0.0,0.9504852661919843,0.4197518080815254
394140.0,5086.200183483308,4086.482905215962,0.0,0.950485187801621,0.41975317070300955
394200.0,5086.188421307209,4086.4946656698517,0.0,0.9504852675307263,0.4197545333395135
394260.0,5086.176667791318,4086.506432073496,0.0,0.9504850724115078,0.4197558959520246
394320.0,5086.164902036985,4086.5181901058663,0.0,0.950485265010448,0.41975725860091145
394380.0,5086.153138864455,4086.529949929811,0.0,0.9504853753358794,0.4197586212438413
394440.0,5086.141382620893,4086.5417145085707,0.0,0.9504852658613295,0.41975998386719854
394500.0,5086.129624889491,4086.5534780907833,0.0,0.9504852031240891,0.4197613464963963
394560.0,5086.117863161943,4086.5652389432958,0.0,0.9504852669162083,0.41976270913772523
394620.0,5086.106108362353,4086.577004558934,0.0,0.9504851107709189,0.41976407176008235
394680.0,5086.094343767944,4086.5887634772344,0.0,0.9504852648830457,0.419765434411732
394740.0,5086.082581236799,4086.6005238319003,0.0,0.9504853531587975,0.4197667970589275
394800.0,5086.070824323112,4086.612288043439,0.0,0.9504852631993675,0.41976815969038395
394860.0,5086.059063970798,4086.6240499152245,0.0,0.9504852819453722,0.41976952233289366
394920.0,5086.04730500699,4086.63581275308,0.0,0.9504852563961292,0.41977088497236675
394980.0,5086.03554480581,4086.647574758385,0.0,0.9504852697872453,0.41977224761644766
395040.0,5086.023786340568,4086.65933796877,0.0,0.95048522785065,0.41977361025654863
395100.0,5086.012025342113,4086.6710994577898,0.0,0.9504852659532037,0.41977497290495047
395160.0,5086.0002706907,4086.6828653178513,0.0,0.9504851024223573,0.41977633553644633
395220.0,5085.988505764174,4086.6946241454693,0.0,0.9504852644890681,0.41977769819824595
395280.0,5085.976743008037,4086.706384482913,0.0,0.9504853573221135,0.4197790608552802
395340.0,5085.964986159355,4086.7181488761053,0.0,0.9504852627227446,0.41978042349573363
395400.0,5085.953225695182,4086.7299108082498,0.0,0.9504852824381936,0.41978178614775363
395460.0,5085.941466691581,4086.7416737558874,0.0,0.9504852555726819,0.41978314879652756
395520.0,5085.9297063872555,4086.753435827524,0.0,0.950485269656921,0.4197845114500932
395580.0,5085.917947908889,4086.765199165974,0.0,0.9504852255584422,0.41978587409941737
395640.0,5085.906186767085,4086.776960693747,0.0,0.950485265629271,0.41978723675742047
395700.0,5085.894432300387,4086.788726817549,0.0,0.9504850936620689,0.41978859939756497
395760.0,5085.8826670288245,4086.800485545595,0.0,0.9504852640938188,0.4197899620695507
395820.0,5085.8709040402955,4086.812245860717,0.0,0.9504853617193332,0.41979132473644387
395880.0,5085.8591471825475,4086.8240103843277,0.0,0.9504852648373405,0.41979268738607584
395940.0,5085.847389006693,4086.8357740275533,0.0,0.9504852093145941,0.41979405004105613
396000.0,5085.8356272941755,4086.8475352555747,0.0,0.9504852657613851,0.4197954127068366
396060.0,5085.823874987199,4086.859302950698,0.0,0.9504850236040152,0.41979677534684123
396120.0,5085.812107466261,4086.8710602286524,0.0,0.9504852636325875,0.4197981380314719
396180.0,5085.800343165895,4086.8828197361377,0.0,0.9504854011311925,0.41979950070829136
396240.0,5085.788587500989,4086.894585168501,0.0,0.9504852647131717,0.41980086336058675
396300.0,5085.77682998539,4086.9063493555154,0.0,0.9504851865395925,0.4198022260197747
396360.0,5085.7650674912975,4086.9181101392674,0.0,0.9504852660479781,0.41980358869394374
396420.0,5085.753313632708,4086.929876856946,0.0,0.9504850714686033,0.41980495134418594
396480.0,5085.741547570546,4086.941635225668,0.0,0.9504852635344433,0.41980631403070945
396540.0,5085.729784082792,4086.953395381218,0.0,0.9504853735545122,0.41980767671129493
396600.0,5085.718027504249,4086.9651602789268,0.0,0.9504852643827398,0.4198090393723607
396660.0,5085.7062694420765,4086.976924182771,0.0,0.9504852018189823,0.4198104020392548
396720.0,5085.694507395137,4086.988685364198,0.0,0.9504852654344687,0.41981176471824894
396780.0,5085.682752256385,4087.0004512960804,0.0,0.9504851097211869,0.41981312737832405
396840.0,5085.670987350714,4087.012210548484,0.0,0.9504852634067021,0.4198144900676161
396900.0,5085.659224502397,4087.0239712334555,0.0,0.9504853514380269,0.41981585275246897
396960.0,5085.647467255512,4087.0357357650346,0.0,0.9504852617274531,0.4198172154216255
397020.0,5085.635706579783,4087.0474979631144,0.0,0.9504852804214619,0.41981857810180834
397080.0,5085.62394728858,4087.059261124709,0.0,0.9504852549428119,0.4198199407789649
397140.0,5085.612186763512,4087.07102345599,0.0,0.9504852682967526,0.4198213034607193
397200.0,5085.600427969415,4087.082786989159,0.0,0.9504852264761006,0.4198226661385064
397260.0,5085.588666649304,4087.094548805566,0.0,0.950485264473091,0.41982402882457426
397320.0,5085.576911658115,4087.106314981398,0.0,0.9504851013946745,0.4198253914937842
397380.0,5085.565146421091,4087.118074143532,0.0,0.9504852630127767,0.41982675419321863
397440.0,5085.553383348238,4087.129834811496,0.0,0.9504853555888194,0.4198281168879036
397500.0,5085.541626165989,4087.141599524414,0.0,0.9504852612511107,0.4198294795660527
397560.0,5085.529865378535,4087.1533617828604,0.0,0.9504852809118822,0.4198308422557401
397620.0,5085.518106047471,4087.165125054114,0.0,0.9504852541206048,0.41983220494219237
397680.0,5085.506345419365,4087.176887451717,0.0,0.9504852681657514,0.4198335676334258
397740.0,5085.494586611995,4087.188651112779,0.0,0.9504852241891935,0.419834930320431
397800.0,5085.482825148759,4087.200412968006,0.0,0.9504852641490171,0.41983629301609415
397860.0,5085.471070341573,4087.2121794070463,0.0,0.9504850926575594,0.4198376556939492
397920.0,5085.459304760308,4087.2239384700406,0.0,0.9504852626175831,0.4198390184035622
397980.0,5085.447541455541,4087.2356991159113,0.0,0.9504853599728528,0.41984038110809946
398040.0,5085.435784264072,4087.2474639590714,0.0,0.9504852633588168,0.41984174379542244
398100.0,5085.4240257582205,4087.259227924218,0.0,0.9504852079896017,0.4198431064880827
398160.0,5085.412263725775,4087.270989480605,0.0,0.9504852642800735,0.4198444691915159
398220.0,5085.400511072032,4087.2827574868916,0.0,0.9504850227927326,0.41984583186924446
398280.0,5085.388743247681,4087.2945151037734,0.0,0.9504852621569362,0.4198471945914819
398340.0,5085.376978634693,4087.306274944272,0.0,0.950485399274944,0.4198485573059322
398400.0,5085.365222632545,4087.3180406938754,0.0,0.9504852632342993,0.41984991999592447
398460.0,5085.353464784942,4087.329805201474,0.0,0.950485185276967,0.41985128269279415
398520.0,5085.341701973026,4087.341566314888,0.0,0.9504852645651813,0.41985264540460654
398580.0,5085.329947771979,4087.3533333464406,0.0,0.95048507052412,0.4198540080925578
398640.0,5085.318181402119,4087.3650920512955,0.0,0.9504852620583718,0.41985537081669616
398700.0,5085.306417599305,4087.376852538246,0.0,0.9504853717738477,0.4198567335349154
398760.0,5085.294660685992,4087.3886177547324,0.0,0.95048526290409,0.41985809623366793
398820.0,5085.28290229325,4087.400381980028,0.0,0.9504852005133949,0.4198594589382364
398880.0,5085.271139927094,4087.4121434901704,0.0,0.9504852639526771,0.4198608216548742
398940.0,5085.25938813124,4087.423912267314,0.0,0.950484991824313,0.4198621843423494
399000.0,5085.247619240589,4087.435669335589,0.0,0.950485261570518,0.419863547079917
399060.0,5085.2358539704555,4087.447428908042,0.0,0.9504854160948464,0.41986490980850977
399120.0,5085.224098404234,4087.4591951391535,0.0,0.9504852627950227,0.4198662725094725
399180.0,5085.2123407601375,4087.470959968877,0.0,0.9504851749496043,0.41986763521798687
399240.0,5085.200577522495,4087.482720972926,0.0,0.9504852643052197,0.41986899794326965
399300.0,5085.188817683817,4087.494484322787,0.0,0.9504852455861265,0.4198703606597778
399360.0,5085.177056447489,4087.5062467294247,0.0,0.9504852709052724,0.4198717233813271
399420.0,5085.165296423141,4087.5180099819713,0.0,0.9504852575099969,0.4198730861003808
399480.0,5085.153534654656,4087.5297720547483,0.0,0.9504852991214154,0.4198744488255444
399540.0,5085.141775387383,4087.541535856152,0.0,0.9504852611580803,0.41987581154440934
399600.0,5085.130009784605,4087.5532953373336,0.0,0.9504854236582028,0.4198771742831429
399660.0,5085.1182543865,4087.565061820715,0.0,0.9504852624500066,0.4198785369927926
399720.0,5085.106496804041,4087.576826829658,0.0,0.9504851700737675,0.4198798997103028
399780.0,5085.094733339773,4087.588587815161,0.0,0.9504852640423674,0.41988126244541824
399840.0,5085.082973450284,4087.6003512670904,0.0,0.9504852443594595,0.41988262517124836
399900.0,5085.071212091504,4087.6121137266477,0.0,0.9504852709872283,0.41988398790232756
399960.0,5085.059452007687,4087.6238770753184,0.0,0.9504852569028545,0.41988535063072807
400020.0,5085.047690090251,4087.6356391828285,0.0,0.9504853006636044,0.41988671336549815
400080.0,5085.035930803474,4087.647403107775,0.0,0.9504852607434195,0.41988807609359347
400140.0,5085.024164855093,4087.659162488764,0.0,0.9504854316309994,0.41988943884250424
400200.0,5085.012409637978,4087.6709292332384,0.0,0.9504852621062475,0.4198908015608021
400260.0,5085.000652124539,4087.6826944264494,0.0,0.9504851649652997,0.4198921642872854
400320.0,5084.988888507859,4087.694455443773,0.0,0.9504852612033242,0.4198935270319851
400380.0,5084.977126174494,4087.7062173634986,0.0,0.9504853163220363,0.41989488977448736
400440.0,5084.965367347035,4087.7179816945604,0.0,0.9504852601209257,0.41989625250736584
400500.0,5084.9535991438515,4087.729739621053,0.0,0.9504855007912878,0.4198976152689327
400560.0,5084.941846054691,4087.7415079155435,0.0,0.9504852620736546,0.41989897798717263
400620.0,5084.930089737274,4087.753274019909,0.0,0.9504851252910127,0.4199003407163013
400680.0,5084.918324826903,4087.7650342415914,0.0,0.9504852608356239,0.4199017034708688
400740.0,5084.906561729254,4087.776795728599,0.0,0.9504853384737124,0.4199030662217029
400800.0,5084.894803570726,4087.7885606094737,0.0,0.9504852593448454,0.41990442895875546
400860.0,5084.883036808665,4087.8003196092204,0.0,0.9504854527133471,0.41990579172187514
400920.0,5084.8712821614745,4087.8120869270697,0.0,0.9504852616800779,0.4199071544507485
400980.0,5084.859524928332,4087.823852495016,0.0,0.9504851522165522,0.4199085171886474
401040.0,5084.847760818178,4087.8356133563875,0.0,0.9504852606729857,0.41990987994700846
401100.0,5084.835998155873,4087.8473752330005,0.0,0.9504853227918657,0.4199112427026942
401160.0,5084.8242394449035,4087.8591398264434,0.0,0.9504852594636409,0.41991260544746317
401220.0,5084.812470170335,4087.8708972006043,0.0,0.9504855306819929,0.41991396822436794
401280.0,5084.800717927972,4087.882666258362,0.0,0.950485261674603,0.41991533095237854
401340.0,5084.788962049479,4087.89443284625,0.0,0.9504851075384633,0.4199166936924612
401400.0,5084.777196488372,4087.9061928040924,0.0,0.950485260289875,0.41991805646114516
401460.0,5084.765432971687,4087.9179541861713,0.0,0.9504853477860745,0.4199194192254231
401520.0,5084.753675021397,4087.929719392345,0.0,0.9504852586203226,0.4199207819740988
401580.0,5084.741913663648,4087.9414822787344,0.0,0.9504852772004962,0.4199221447337416
401640.0,5084.730153681729,4087.9532461230347,0.0,0.9504852518763977,0.4199235074903803
401700.0,5084.718392473611,4087.9650091419276,0.0,0.9504852651489487,0.41992487025159486
401760.0,5084.706632985598,4087.9767733557105,0.0,0.950485223582137,0.4199262330088702
401820.0,5084.694870987316,4087.988535862828,0.0,0.9504852613480131,0.4199275957743829
401880.0,5084.6831152783325,4088.0003027038933,0.0,0.9504850992601332,0.41992895852314266
401940.0,5084.67134938753,4088.01206257237,0.0,0.950485259896065,0.41993032130195324
402000.0,5084.659585647302,4088.0238239379155,0.0,0.9504853519094661,0.41993168407604936
402060.0,5084.64782776084,4088.0355893247447,0.0,0.950485258144594,0.41993304683370863
402120.0,5084.636066291652,4088.0473522715224,0.0,0.9504852776856839,0.41993440960284384
402180.0,5084.624306269715,4088.059116225216,0.0,0.9504852510568957,0.41993577236876733
402240.0,5084.612544958795,4088.070879310419,0.0,0.950485265016473,0.41993713513944897
402300.0,5084.600785457186,4088.082643651723,0.0,0.9504852213067913,0.41993849790593213
402360.0,5084.589023316263,4088.094406197807,0.0,0.9504852610236321,0.41993986068102707
402420.0,5084.57726778973,4088.106173300919,0.0,0.9504850905736288,0.41994122343842494
402480.0,5084.565501556426,4088.11793307121,0.0,0.9504852595009948,0.4199425862273981
402540.0,5084.553737585325,4088.1296944151677,0.0,0.9504853562645794,0.4199439490113323
402600.0,5084.541979689293,4088.141459931848,0.0,0.9504852602372197,0.41994531177815475
402660.0,5084.530220487028,4088.153224575723,0.0,0.9504852052040925,0.4199466745502907
402720.0,5084.518457780181,4088.164986824969,0.0,0.9504852611523743,0.4199480373331394
402780.0,5084.506704393362,4088.1767554863986,0.0,0.9504850211316818,0.41994940009044035
402840.0,5084.494935930717,4088.1885138192933,0.0,0.9504852590416278,0.4199507628919933
402900.0,5084.483170659296,4088.2002743628445,0.0,0.9504853953265112,0.4199521256858116
402960.0,5084.471413944882,4088.2120407809134,0.0,0.9504852601119411,0.41995348845531666
403020.0,5084.459655396483,4088.223805964316,0.0,0.9504851826278162,0.41995485123166637
403080.0,5084.447891914765,4088.235567773432,0.0,0.9504852614342345,0.4199562140228744
403140.0,5084.436136990063,4088.247335466076,0.0,0.9504850685713928,0.4199575767903654
403200.0,5084.424369972544,4088.2590948808183,0.0,0.9504852589421438,0.41995893959383696
403260.0,5084.41260550596,4088.2708560672845,0.0,0.9504853679910328,0.4199603023914311
403320.0,5084.400847885808,4088.282621955611,0.0,0.9504852597822198,0.4199616651696744
403380.0,5084.389088795406,4088.294386858616,0.0,0.9504851977701434,0.4199630279537069
403440.0,5084.377325756384,4088.306149062387,0.0,0.9504852608239335,0.4199643907497409
403500.0,5084.365573221566,4088.3179184906703,0.0,0.9504849903478669,0.4199657535167892
403560.0,5084.353803698723,4088.329676278664,0.0,0.9504852584557347,0.4199671163336406
403620.0,5084.342037773713,4088.3414365562367,0.0,0.9504854120414297,0.4199684791415767
403680.0,5084.330281491969,4088.3532034535006,0.0,0.9504852596722974,0.419969841922046
403740.0,5084.318523145263,4088.364968957644,0.0,0.9504851723600949,0.41997120471003024
403800.0,5084.306759239934,4088.3767306585364,0.0,0.9504852611728171,0.4199725675146879
403860.0,5084.295004978545,4088.3884989885955,0.0,0.9504850438395785,0.41997393029247293
403920.0,5084.283237091062,4088.400257988902,0.0,0.9504852583748812,0.4199752931106897
403980.0,5084.271472079878,4088.4120189841287,0.0,0.9504853812680434,0.4199766559220841
404040.0,5084.259714784353,4088.4237852775213,0.0,0.9504852593319871,0.41997801871160395
404100.0,5084.247955833746,4088.435550458794,0.0,0.950485189455361,0.4199793815074494
404160.0,5084.236192434152,4088.4473125975624,0.0,0.9504852605163201,0.419980744316749
404220.0,5084.224436749706,4088.459080043137,0.0,0.9504850865950204,0.41998210710477163
404280.0,5084.212670160037,4088.470840024366,0.0,0.9504852582609689,0.4199834699253322
404340.0,5084.200905869301,4088.4826016046795,0.0,0.9504853565935367,0.41998483274074533
404400.0,5084.189147751746,4088.494367425637,0.0,0.9504852590104539,0.4199861955387589
404460.0,5084.177388307101,4088.506132359338,0.0,0.9504852030860247,0.41998755834214635
404520.0,5084.165625301401,4088.517894859308,0.0,0.9504852599417685,0.41998892115641173
404580.0,5084.153871766343,4088.529663875727,0.0,0.9504850160316705,0.419990283944687
404640.0,5084.142102912259,4088.541422395233,0.0,0.9504852577981405,0.41999164677792716
404700.0,5084.130337301122,4088.553183161191,0.0,0.9504853962924515,0.41999300960328034
404760.0,5084.118580385148,4088.5649498973153,0.0,0.950485258887128,0.4199943724039152
404820.0,5084.106821605817,4088.576715378426,0.0,0.950485180147927,0.41999573521147987
404880.0,5084.095057813643,4088.5884774301885,0.0,0.9504852602321786,0.4199970980341356
404940.0,5084.0833027167255,4088.6002454611817,0.0,0.9504850642443701,0.4199984608326685
405000.0,5084.071535331993,4088.612005079259,0.0,0.9504852577010277,0.4199998236677533
405060.0,5084.059770539581,4088.623766497701,0.0,0.9504853685178558,0.42000118649683865
405120.0,5084.048012704154,4088.63553269454,0.0,0.950485258556046,0.4200025493062487
405180.0,5084.036253374971,4088.647297889776,0.0,0.9504851955396623,0.4200039121215161
405240.0,5084.024490033538,4088.6590603417167,0.0,0.9504852596159695,0.42000527494897144
405300.0,5084.012733648112,4088.670827580363,0.0,0.9504851027756204,0.42000663775735014
405360.0,5084.000967428357,4088.682588088343,0.0,0.9504852575741035,0.4200080005951621
405420.0,5083.989203280295,4088.694350039717,0.0,0.9504853462430907,0.4200093634284849
405480.0,5083.977444772414,4088.7061158670836,0.0,0.9504852558832765,0.42001072624598457
405540.0,5083.965682812084,4088.7178793430003,0.0,0.95048527471293,0.42001208907458476
405600.0,5083.953922245928,4088.7296437897185,0.0,0.9504852490500909,0.4200134519001249
405660.0,5083.942160437464,4088.7414073996792,0.0,0.9504852625010128,0.42001481473028796
405720.0,5083.930400372016,4088.753172220633,0.0,0.9504852203778357,0.4200161775564422
405780.0,5083.918637763178,4088.764935311602,0.0,0.9504852586502462,0.42001754039093175
405840.0,5083.906881527117,4088.7767027952254,0.0,0.9504850943912906,0.4200189032084176
405900.0,5083.895114974466,4088.7884632114346,0.0,0.9504852571799388,0.420020266056356
405960.0,5083.883350601063,4088.800225144861,0.0,0.9504853504266217,0.42002162889949257
406020.0,5083.871592159015,4088.811991154149,0.0,0.9504852554060972,0.4200229917259602
406080.0,5083.859830086934,4088.823754690085,0.0,0.9504852752095281,0.42002435456404386
406140.0,5083.84806948139,4088.8355192464924,0.0,0.9504852482245373,0.42002571739885725
406200.0,5083.836307569924,4088.8472829224747,0.0,0.9504852623716797,0.42002708023847807
406260.0,5083.824547491862,4088.8590478714923,0.0,0.950485218076958,0.4200284430738274
406320.0,5083.812784739658,4088.870811000769,0.0,0.9504852583264399,0.42002980591789163
406380.0,5083.801028689625,4088.8825787488095,0.0,0.9504850855934046,0.42003116874399515
406440.0,5083.789261791099,4088.8943390643094,0.0,0.9504852567844969,0.4200325316020963
406500.0,5083.777497184925,4088.906100974664,0.0,0.9504853548450708,0.4200338944550669
406560.0,5083.765738734342,4088.917867114384,0.0,0.9504852575316792,0.4200352572906851
406620.0,5083.753978960415,4088.9296323692383,0.0,0.9504852017617706,0.42003662013166604
406680.0,5083.742215635564,4088.941395196849,0.0,0.9504852584601885,0.4200379829834975
406740.0,5083.730461754357,4088.953164523593,0.0,0.9504850152242872,0.4200393458094106
406800.0,5083.718692597738,4088.964923381369,0.0,0.9504852563222564,0.4200407086801708
406860.0,5083.706926674799,4088.9766844796477,0.0,0.9504853944335372,0.42004207154306805
406920.0,5083.695169422249,4088.988451532211,0.0,0.9504852574080026,0.42004343438131325
406980.0,5083.683410311619,4089.0002173331295,0.0,0.95048517888641,0.42004479722647337
407040.0,5083.671646202413,4089.0119797138373,0.0,0.9504852587491037,0.4200461600866857
407100.0,5083.659890763676,4089.0237480578817,0.0,0.9504850633030608,0.4200475229228415
407160.0,5083.648123072103,4089.0355080114186,0.0,0.950485256224721,0.4200488857954543
407220.0,5083.636357965436,4089.047269760558,0.0,0.9504853667350261,0.42005024866208673
407280.0,5083.624599795931,4089.0590362753846,0.0,0.9504852570771447,0.420051611509097
407340.0,5083.612840136895,4089.0708017913025,0.0,0.950485194234855,0.4200529743619524
407400.0,5083.601076477021,4089.0825645712357,0.0,0.9504852581339074,0.4200543372269645
407460.0,5083.5893197533205,4089.0943321251552,0.0,0.9504851017270805,0.42005570007295295
407520.0,5083.577553223286,4089.106092966339,0.0,0.9504852560974564,0.4200570629482986
407580.0,5083.565788759011,4089.117855247104,0.0,0.9504853445211406,0.4200584258191703
407640.0,5083.5540299188415,4089.129621393554,0.0,0.9504852544110746,0.4200597886742619
407700.0,5083.542267636037,4089.1413851948337,0.0,0.9504852731885423,0.4200611515404267
407760.0,5083.530506743414,4089.153149964348,0.0,0.9504852475965545,0.42006251440354186
407820.0,5083.518744612001,4089.1649138993503,0.0,0.9504852610101646,0.4200638772712697
407880.0,5083.50698421862,4089.1766790421416,0.0,0.9504852190033581,0.42006524013500174
407940.0,5083.495221289074,4089.188442459572,0.0,0.9504852571698159,0.42006660300704884
408000.0,5083.48346471412,4089.2002102579877,0.0,0.9504850933650979,0.4200679658621405
408060.0,5083.471697851957,4089.2119710078173,0.0,0.9504852557033447,0.4200693287476052
408120.0,5083.459933162803,4089.223733270853,0.0,0.9504853486919933,0.420070691628284
408180.0,5083.448174388095,4089.235499598907,0.0,0.9504852539341783,0.42007205449233914
408240.0,5083.436411993674,4089.2472634602154,0.0,0.9504852736827236,0.42007341736798187
408300.0,5083.424651061592,4089.2590283392956,0.0,0.9504852467722494,0.420074780240365
408360.0,5083.41288882729,4089.2707923403136,0.0,0.9504852608801507,0.42007614311754515
408420.0,5083.4011284211465,4089.2825576109967,0.0,0.9504852167078147,0.42007750599046745
408480.0,5083.389365348457,4089.294321066801,0.0,0.9504852568458679,0.42007886887208334
408540.0,5083.377608958819,4089.3060891290993,0.0,0.9504850845904389,0.42008023173578923
408600.0,5083.365841751579,4089.317849778655,0.0,0.950485255307959,0.42008159463140915
408660.0,5083.354076830132,4089.329612018847,0.0,0.9504853530972265,0.42008295752191527
408720.0,5083.342318046729,4089.3413784771565,0.0,0.9504852560528441,0.4200843203951161
408780.0,5083.330557943723,4089.353144052981,0.0,0.950485200437083,0.42008568327366874
408840.0,5083.3187942998975,4089.364907208036,0.0,0.9504852569785545,0.42008704616304426
408900.0,5083.30704007278,4089.3766768449455,0.0,0.9504850144153433,0.42008840902657324
408960.0,5083.295270613761,4089.388436040773,0.0,0.9504852548463056,0.4200897719348316
409020.0,5083.283504379182,4089.4001974711655,0.0,0.9504853925754413,0.420091134835251
409080.0,5083.271746790277,4089.4119648399965,0.0,0.950485255928818,0.42009249771108487
409140.0,5083.259987348556,4089.423730960545,0.0,0.9504851776242427,0.42009386059381837
409200.0,5083.248222922489,4089.4354936699992,0.0,0.9504852572659802,0.4200952234915655
409260.0,5083.236467142172,4089.447262326935,0.0,0.9504850623602691,0.42009658636532204
409320.0,5083.224699143896,4089.4590226157143,0.0,0.9504852547483478,0.42009794927544114
409380.0,5083.212933723136,4089.4707846953443,0.0,0.9504853649529583,0.42009931217959884
409440.0,5083.201175219765,4089.4825515279854,0.0,0.9504852555981839,0.42010067506418725
409500.0,5083.18941523108,4089.494317364405,0.0,0.9504851929295235,0.42010203795460865
409560.0,5083.177651252939,4089.5060804721325,0.0,0.9504852566517946,0.4201034008571559
409620.0,5083.165894191197,4089.5178483411605,0.0,0.9504851006772747,0.4201047637407321
409680.0,5083.154127351029,4089.5296095153353,0.0,0.950485254620743,0.42010612665358976
409740.0,5083.142362570708,4089.541372125287,0.0,0.950485342799857,0.42010748956198835
409800.0,5083.1306033984665,4089.5531385906465,0.0,0.9504852529387927,0.42010885245464985
409860.0,5083.1188407933705,4089.564902717096,0.0,0.9504852716642368,0.42011021535835763
409920.0,5083.107079574476,4089.5766678092223,0.0,0.9504852461428799,0.42011157825902573
409980.0,5083.0953171203,4089.5884320690766,0.0,0.950485259519295,0.4201129411642965
410040.0,5083.083556399187,4089.600197533524,0.0,0.9504852176284914,0.4201143040655842
410100.0,5083.071793149112,4089.611961277219,0.0,0.9504852556893324,0.42011566697516706
410160.0,5083.060036235508,4089.6237293902727,0.0,0.9504850923371464,0.4201170298678425
410220.0,5083.048269063966,4089.635490473498,0.0,0.9504852542266835,0.42011839279081165
410280.0,5083.036504059218,4089.647253065934,0.0,0.9504853469582217,0.42011975570901083
410340.0,5083.024744952069,4089.6590197125834,0.0,0.9504852524621763,0.4201211186106313
410400.0,5083.012982235489,4089.6707838990696,0.0,0.9504852721560278,0.42012248152381115
410460.0,5083.001220977067,4089.6825491006393,0.0,0.95048524531981,0.42012384443374207
410520.0,5082.98945842011,4089.6943134265002,0.0,0.9504852593886071,0.42012520734845954
410580.0,5082.977697686088,4089.706079018668,0.0,0.9504852153382267,0.4201265702589325
410640.0,5082.965934293093,4089.717842800803,0.0,0.9504852553652431,0.42012793317807834
410700.0,5082.954177564093,4089.729611177205,0.0,0.9504850835857184,0.4201292960793645
410760.0,5082.9424100482765,4089.741372160594,0.0,0.9504852538313538,0.4201306590124814
410820.0,5082.930644811715,4089.753134730416,0.0,0.9504853513502168,0.4201320219405013
410880.0,5082.9188856957135,4089.76490150714,0.0,0.95048525457395,0.42013338485126256
410940.0,5082.907125263836,4089.776667403758,0.0,0.950485199111746,0.4201347477673648
411000.0,5082.895361301208,4089.7884308860553,0.0,0.9504852554968723,0.4201361106942624
411060.0,5082.8836067284565,4089.8002008329945,0.0,0.9504850136037284,0.42013747359538506
411120.0,5082.871836967146,4089.811960366631,0.0,0.9504852533702844,0.4201388365411201
411180.0,5082.860070421064,4089.823722128917,0.0,0.950485390718797,0.4201401994790399
411240.0,5082.848312496041,4089.835489813859,0.0,0.9504852544495758,0.42014156239244016
411300.0,5082.8365527234455,4089.8472562538645,0.0,0.9504851763612459,0.42014292531272524
411360.0,5082.824787980679,4089.8590192918573,0.0,0.9504852557828128,0.42014428824798533
411420.0,5082.813031859031,4089.8707882615345,0.0,0.9504850614155255,0.4201456511593205
411480.0,5082.801263554182,4089.8825488853286,0.0,0.9504852532719061,0.4201470141069242
411540.0,5082.789497819482,4089.894311295238,0.0,0.9504853631719195,0.4201483770485853
411600.0,5082.777738982475,4089.9060784455264,0.0,0.950485254119164,0.42014973997072996
411660.0,5082.765978664348,4089.91784460227,0.0,0.9504851916235695,0.4201511028986954
411720.0,5082.754214368113,4089.9296080375902,0.0,0.9504852551696323,0.42015246583875576
411780.0,5082.742460654783,4089.941378756542,0.0,0.9504849825835844,0.42015382874957485
411840.0,5082.730689826395,4089.95313773968,0.0,0.9504852527835841,0.420155191710603
411900.0,5082.718922622886,4089.9648992326765,0.0,0.9504854075678936,0.4201565546626258
411960.0,5082.707165134821,4089.9766673996137,0.0,0.9504852540102658,0.4201579175869494
412020.0,5082.695405566479,4089.988434161863,0.0,0.950485166017129,0.4201592805188335
412080.0,5082.683640397975,4090.0001970896124,0.0,0.9504852555231214,0.4201606434675228
412140.0,5082.671878632517,4090.011962368513,0.0,0.9504852367725901,0.42016200640740997
412200.0,5082.660115467787,4090.0237267019716,0.0,0.9504852621343987,0.42016336935234444
412260.0,5082.648353516519,4090.0354918832318,0.0,0.9504852487166403,0.42016473229477125
412320.0,5082.636589819086,4090.047255881955,0.0,0.9504852903981579,0.4201660952433162
412380.0,5082.624828625874,4090.059021613234,0.0,0.9504852523709802,0.4201674581855416
412440.0,5082.613061089697,4090.0707830142746,0.0,0.9504854151447439,0.42016882114767434
412500.0,5082.601303770332,4090.082551433598,0.0,0.9504852536651992,0.4201701840806504
412560.0,5082.589544264082,4090.0943183750123,0.0,0.9504851611335069,0.4201715470214967
412620.0,5082.57777886906,4090.106081283704,0.0,0.9504852552603584,0.4201729099799872
412680.0,5082.566017053108,4090.1178466644415,0.0,0.9504852355443687,0.4201742729291636
412740.0,5082.554253766159,4090.129611050472,0.0,0.9504852622170319,0.42017563588359563
412800.0,5082.542491755729,4090.141376327611,0.0,0.9504852481090003,0.42017699883533655
412860.0,5082.530727909547,4090.1531403606787,0.0,0.9504852919435093,0.42017836179345586
412920.0,5082.518966697187,4090.1649062153165,0.0,0.9504852519561502,0.4201797247448789
412980.0,5082.507198815369,4090.176667515464,0.0,0.9504854231316198,0.4201810877171581
413040.0,5082.495441677589,4090.1884361960133,0.0,0.9504852533213911,0.42018245065874804
413100.0,5082.483682240821,4090.200203321653,0.0,0.9504851560169074,0.42018381360853374
413160.0,5082.47191669358,4090.211966261769,0.0,0.9504852524170649,0.4201851765765764
413220.0,5082.460152431241,4090.2237301062864,0.0,0.9504853076286985,0.4201865395424072
413280.0,5082.448391679,4090.23549636766,0.0,0.9504852513329605,0.4201879024985878
413340.0,5082.436621539949,4090.2472562096486,0.0,0.9504854924088915,0.4201892654835166
413400.0,5082.424866532911,4090.259026443474,0.0,0.9504852532890968,0.42019062842501165
413460.0,5082.41310829384,4090.270794482054,0.0,0.9504851162760792,0.4201919913774123
413520.0,5082.401341451624,4090.282556624387,0.0,0.9504852520490983,0.42019335435530974
413580.0,5082.389576424345,4090.2943200348795,0.0,0.9504853298180205,0.4201947173294556
413640.0,5082.37781634208,4090.306086847021,0.0,0.9504852505559264,0.4201960802897837
413700.0,5082.366047646099,4090.3178477644424,0.0,0.9504854442502861,0.4201974432762346
413760.0,5082.354291079432,4090.329617019067,0.0,0.9504852528952104,0.42019880622835193
413820.0,5082.342531923799,4090.341384519682,0.0,0.9504851432473338,0.42020016918950714
413880.0,5082.330765883001,4090.3531473028615,0.0,0.9504852518865393,0.42020153217117034
413940.0,5082.319001291835,4090.364911103543,0.0,0.950485314110133,0.4202028951501427
414000.0,5082.307240656725,4090.3766776272814,0.0,0.9504852506752746,0.4202042581181689
414060.0,5082.295469445517,4090.3884369150423,0.0,0.9504855223506925,0.42020562111839893
414120.0,5082.283715286788,4090.4002079132665,0.0,0.9504852528900793,0.4202069840696147
414180.0,5082.271957487665,4090.4119764358575,0.0,0.9504850984943465,0.42020834703292215
414240.0,5082.260189994437,4090.4237383131194,0.0,0.9504852515031365,0.4202097100248964
414300.0,5082.248424548128,4090.435501617818,0.0,0.9504853391467638,0.4202110730124448
414360.0,5082.236664674855,4090.4472687553816,0.0,0.9504852498308897,0.4202124359843502
414420.0,5082.224901390116,4090.459033567769,0.0,0.9504852684424225,0.4202137989672427
414480.0,5082.21313948288,4090.4707993402203,0.0,0.9504852430757198,0.42021516194711794
414540.0,5082.20137634803,4090.482564285314,0.0,0.9504852563706915,0.42021652493157385
414600.0,5082.189614935374,4090.4943304279927,0.0,0.9504852147338918,0.4202178879120747
414660.0,5082.1778510095055,4090.5060948600294,0.0,0.9504852525634696,0.4202192509008269
414720.0,5082.166093380473,4090.517863635914,0.0,0.9504850902025217,0.42022061387277704
414780.0,5082.154325557539,4090.5296254231325,0.0,0.950485251109193,0.420221976874847
414840.0,5082.1425598878,4090.541388710792,0.0,0.9504853432775859,0.42022333987218197
414900.0,5082.130800078808,4090.5531560289583,0.0,0.9504852493548913,0.42022470285303737
414960.0,5082.119036682877,4090.5649209014045,0.0,0.9504852689289416,0.42022606584538985
415020.0,5082.107274735952,4090.576686783033,0.0,0.9504852422553755,0.42022742883451697
415080.0,5082.095511498557,4090.5884517941204,0.0,0.950485256238518,0.42022879182840756
415140.0,5082.083750072667,4090.6002180641462,0.0,0.9504852124552812,0.4202301548180832
415200.0,5082.0719860043655,4090.6119825347723,0.0,0.9504852522390712,0.4202315178163858
415260.0,5082.060228558378,4090.6237515728367,0.0,0.9504850815020016,0.4202328807969396
415320.0,5082.048460392913,4090.6355132611775,0.0,0.9504852507139872,0.4202342438091414
415380.0,5082.036694492402,4090.6472765267295,0.0,0.9504853476406481,0.4202356068162828
415440.0,5082.024934674204,4090.659043974581,0.0,0.9504852514515697,0.42023696980626846
415500.0,5082.013173548281,4090.67081054754,0.0,0.9504851963258091,0.42023833280157125
415560.0,5082.001408913635,4090.682574720332,0.0,0.9504852523683834,0.4202396958076091
415620.0,5081.989653610153,4090.694345319987,0.0,0.9504850119434651,0.420241058788029
415680.0,5081.977883212952,4090.7061055673134,0.0,0.9504852502541998,0.4202424218128038
415740.0,5081.966116010832,4090.7178680303073,0.0,0.9504853867686296,0.42024378482981634
415800.0,5081.954357375902,4090.7296363813075,0.0,0.9504852513264331,0.4202451478224544
415860.0,5081.9425969048725,4090.741403494723,0.0,0.9504851737119008,0.4202465108219443
415920.0,5081.9308314946875,4090.753167226061,0.0,0.9504852526510706,0.42024787383632467
415980.0,5081.91907465173,4090.7649368544076,0.0,0.9504850594635104,0.42024923682692467
416040.0,5081.907305701624,4090.776698185762,0.0,0.9504852501549016,0.4202505998535861
416100.0,5081.895539305548,4090.7884612928374,0.0,0.950485359387482,0.42025196287434685
416160.0,5081.883779764063,4090.8002291125654,0.0,0.9504852509965095,0.42025332587570724
416220.0,5081.872018750637,4090.811995944626,0.0,0.9504851888801007,0.42025468888286155
416280.0,5081.860253783928,4090.8237600712164,0.0,0.9504852520400947,0.4202560519020429
416340.0,5081.848499333956,4090.835531438861,0.0,0.9504849811087066,0.42025741489216023
416400.0,5081.836727875805,4090.8472911394124,0.0,0.9504852496680267,0.42025877793219674
416460.0,5081.824960019823,4090.8590533351926,0.0,0.9504854035123564,0.42026014096328745
416520.0,5081.813201818582,4090.8708221658653,0.0,0.9504852508867553,0.42026150396684264
416580.0,5081.80144154999,4090.8825896001367,0.0,0.9504851634275489,0.4202628669779214
416640.0,5081.78967571619,4090.8943532223766,0.0,0.9504852523899209,0.4202642300057102
416700.0,5081.777919537843,4090.906123488985,0.0,0.9504850346904938,0.4202655930065554
416760.0,5081.766149717237,4090.9178844043204,0.0,0.9504852495873894,0.4202669560479237
416820.0,5081.754382776414,4090.9296473190907,0.0,0.9504853726876576,0.42026831908244433
416880.0,5081.742623560444,4090.9414155441946,0.0,0.9504852505462253,0.42026968209503496
416940.0,5081.730862687488,4090.95318265454,0.0,0.9504851805519483,0.4202710451139571
417000.0,5081.719097360279,4090.964946715352,0.0,0.9504852517326713,0.42027240814636235
417060.0,5081.707339757435,4090.976716095128,0.0,0.9504850775183726,0.42027377115743286
417120.0,5081.695571236438,4090.988477993331,0.0,0.9504852494736381,0.42027513420111395
417180.0,5081.683805017169,4091.0002414942205,0.0,0.9504853479720083,0.4202764972396262
417240.0,5081.672044978444,4091.0120092454913,0.0,0.9504852502245043,0.420277860260694
417300.0,5081.660283611114,4091.0237761073845,0.0,0.9504851942059037,0.4202792232871394
417360.0,5081.648518678517,4091.0355405299174,0.0,0.9504852511575063,0.4202805863244856
417420.0,5081.636763227889,4091.047311483824,0.0,0.9504850068363313,0.42028194933577046
417480.0,5081.6249924400345,4091.0590719166235,0.0,0.950485249010383,0.42028331239212485
417540.0,5081.613224899045,4091.07083460097,0.0,0.9504853877382031,0.4202846754405641
417600.0,5081.601466063581,4091.082603269201,0.0,0.9504852501013241,0.42028603846422247
417660.0,5081.5897053626095,4091.0943706794533,0.0,0.9504851712294242,0.42028740149481836
417720.0,5081.577939642854,4091.106134652432,0.0,0.9504852514487607,0.4202887645405382
417780.0,5081.5661826287505,4091.117904618355,0.0,0.950485055130483,0.4202901275620707
417840.0,5081.554413312239,4091.1296661519395,0.0,0.9504852489134599,0.42029149062023746
417900.0,5081.542646591199,4091.1414294899596,0.0,0.9504853599172244,0.42029285367238106
417960.0,5081.530886835444,4091.1531976173555,0.0,0.9504852497700378,0.4202942167047991
418020.0,5081.51912558422,4091.164964740763,0.0,0.9504851866474447,0.4202955797430794
418080.0,5081.507360315992,4091.176729114529,0.0,0.9504852508318665,0.42029694279357366
418140.0,5081.495602012095,4091.1884982859688,0.0,0.9504850937270728,0.4202983058249388
418200.0,5081.483833862203,4091.200260711195,0.0,0.9504852487866754,0.42029966888580234
418260.0,5081.4720677865325,4091.2120245830624,0.0,0.9504853376052071,0.42030103194215684
418320.0,5081.460307357776,4091.22379233982,0.0,0.9504852470931157,0.4203023949826471
418380.0,5081.448543472508,4091.235557739657,0.0,0.9504852659545763,0.42030375803425785
418440.0,5081.436780983114,4091.24732411248,0.0,0.9504852402485254,0.4203051210827954
418500.0,5081.425017249976,4091.2590896465676,0.0,0.9504852537221876,0.42030648413596067
418560.0,5081.413255261973,4091.2708563943843,0.0,0.950485211528029,0.4203078471851013
418620.0,5081.40149072759,4091.282621408183,0.0,0.9504852498650456,0.4203092102425913
418680.0,5081.389732573633,4091.294390824677,0.0,0.9504850853290683,0.42031057328302807
418740.0,5081.377964090822,4091.3061531574494,0.0,0.9504852483923765,0.4203119363539873
418800.0,5081.366197789919,4091.3179170108588,0.0,0.9504853417963559,0.4203132994201239
418860.0,5081.354437427454,4091.3296849494877,0.0,0.9504852466156613,0.4203146624695484
418920.0,5081.3426734306795,4091.3414504090147,0.0,0.9504852664525523,0.4203160255306103
418980.0,5081.330910902228,4091.3532168913125,0.0,0.9504852394221046,0.4203173885883881
419040.0,5081.319147066342,4091.3649824911067,0.0,0.9504852535931703,0.4203187516509787
419100.0,5081.307385066089,4091.3767493668124,0.0,0.9504852092237748,0.4203201147092814
419160.0,5081.295620388543,4091.388514418538,0.0,0.9504852495412247,0.4203214777763139
419220.0,5081.283862421217,4091.400284099592,0.0,0.950485076516765,0.42032284082533383
419280.0,5081.272093592492,4091.412046330954,0.0,0.950485247996798,0.42032420390642505
419340.0,5081.260327058914,4091.423810160768,0.0,0.9504853462229161,0.42032556698236423
419400.0,5081.248566688284,4091.435578229666,0.0,0.950485248745359,0.42032693004090627
419460.0,5081.236804992795,4091.447345411582,0.0,0.9504851928813948,0.42032829310481484
419520.0,5081.225039742175,4091.4591101606347,0.0,0.9504852496755534,0.42032965617959644
419580.0,5081.213283946512,4091.470881423719,0.0,0.9504850060292145,0.42033101922838884
419640.0,5081.201512857258,4091.482642193685,0.0,0.9504852475341317,0.4203323823221327
419700.0,5081.1897450056,4091.49440520924,0.0,0.9504853858785234,0.42033374540798557
419760.0,5081.17798583468,4091.5061741927734,0.0,0.9504852486218279,0.4203351084691242
419820.0,5081.166224803531,4091.5179419216997,0.0,0.9504851699677739,0.4203364715371852
419880.0,5081.154458767872,4091.529706222507,0.0,0.9504852499653103,0.4203378346203312
419940.0,5081.14270141306,4091.5414765003356,0.0,0.9504850541894712,0.4203391976793563
420000.0,5081.130931790846,4091.5532383682744,0.0,0.9504852474367854,0.42034056077492055
420060.0,5081.119164756683,4091.565002035876,0.0,0.9504853581336904,0.4203419238644809
420120.0,5081.107404667968,4091.576770480123,0.0,0.950485248290766,0.42034328693436873
420180.0,5081.095643088012,4091.588537923081,0.0,0.950485185342447,0.42034465001010674
420240.0,5081.083877502473,4091.600302623721,0.0,0.9504852493494309,0.4203460130980275
420300.0,5081.072118861424,4091.6120721092952,0.0,0.9504850926785686,0.42034737616687207
420360.0,5081.06035040238,4091.623834866613,0.0,0.9504852473096597,0.420348739265139
420420.0,5081.048584011625,4091.6355990667525,0.0,0.9504853358827019,0.4203501023589119
420480.0,5081.036823251704,4091.647367141461,0.0,0.9504852456205486,0.4203514654368638
420540.0,5081.025059045088,4091.659132865537,0.0,0.9504852644297868,0.42035282852590894
420600.0,5081.013296230352,4091.670899560029,0.0,0.9504852387946365,0.42035419161189097
420660.0,5081.001532175393,4091.6826654180345,0.0,0.950485252230961,0.4203555547024908
420720.0,5080.98976986058,4091.6944324865585,0.0,0.9504852101532522,0.42035691778907874
420780.0,5080.978005006615,4091.7061978256947,0.0,0.9504852483842446,0.420358280883996
420840.0,5080.9662465148895,4091.7179675558464,0.0,0.9504850843027122,0.42035964396190817
420900.0,5080.954477723692,4091.7297302211236,0.0,0.9504852469154136,0.42036100707026314
420960.0,5080.942711108163,4091.7414944030215,0.0,0.9504853400612596,0.4203623701738115
421020.0,5080.930950414161,4091.7532626592847,0.0,0.9504852451433756,0.4203637332606931
421080.0,5080.919186096171,4091.7650284430592,0.0,0.9504852649253571,0.42036509635918345
421140.0,5080.907423242306,4091.7767952469026,0.0,0.9504852379694592,0.42036645945440054
421200.0,5080.895659084708,4091.788561170607,0.0,0.9504852521012656,0.4203678225544201
421260.0,5080.8838967574975,4091.8003283668504,0.0,0.950485207854311,0.4203691856501651
421320.0,5080.872131760596,4091.8120937439808,0.0,0.9504852480602821,0.42037054875461904
421380.0,5080.860373454789,4091.823863738157,0.0,0.9504850755136693,0.42037191184111095
421440.0,5080.84860431848,4091.8356263024602,0.0,0.9504852465198915,0.42037327495959037
421500.0,5080.836837470758,4091.847390460993,0.0,0.9504853444744985,0.4203746380729347
421560.0,5080.8250767684285,4091.8591588473464,0.0,0.9504852472661537,0.42037600116892904
421620.0,5080.813314744984,4091.870926349102,0.0,0.9504851915564694,0.42037736427027883
421680.0,5080.801549176519,4091.882691424476,0.0,0.9504852481935467,0.4203787273824742
421740.0,5080.789793036062,4091.8944629965795,0.0,0.950485005220476,0.4203800904687521
421800.0,5080.778021645545,4091.9062241034926,0.0,0.9504852460578128,0.4203814535998636
421860.0,5080.766253483374,4091.917987450046,0.0,0.9504853840197963,0.4203828167231082
421920.0,5080.754493977224,4091.9297567487115,0.0,0.9504852471422727,0.420384179821705
421980.0,5080.742732616106,4091.9415247961347,0.0,0.9504851687054665,0.42038554292720903
422040.0,5080.730966264714,4091.9532894245685,0.0,0.9504852484818122,0.42038690604775947
422100.0,5080.719208569439,4091.965060014145,0.0,0.9504850532468412,0.420388269144255
422160.0,5080.707438641661,4091.97682221622,0.0,0.9504852459600441,0.420389632277195
422220.0,5080.695671294536,4091.988586213198,0.0,0.9504853563509339,0.4203909954041501
422280.0,5080.68391087308,4092.0003549741223,0.0,0.9504852468114342,0.4203923585114859
422340.0,5080.672148964594,4092.0121227364484,0.0,0.9504851840370069,0.4203937216246595
422400.0,5080.660383061918,4092.0238877637635,0.0,0.9504852478669423,0.42039508474998477
422460.0,5080.648624083939,4092.0356575633004,0.0,0.9504850916290238,0.4203964478562866
422520.0,5080.636855315905,4092.047420652502,0.0,0.950485245832579,0.42039781099193485
422580.0,5080.62508861024,4092.059185180714,0.0,0.9504853341606481,0.4203991741231043
422640.0,5080.613327519362,4092.0709535731917,0.0,0.9504852441479072,0.4204005372384956
422700.0,5080.601562991582,4092.0827196213145,0.0,0.9504852629050295,0.420401900364953
422760.0,5080.589799851698,4092.0944866372897,0.0,0.9504852373406355,0.4204032634883576
422820.0,5080.5780354751,4092.1062528190223,0.0,0.950485250739699,0.4204046266163699
422880.0,5080.566272833675,4092.118020208072,0.0,0.9504852087782003,0.4204059897403833
422940.0,5080.554507660309,4092.1297858723533,0.0,0.9504852469033864,0.4204073528727058
423000.0,5080.542748831036,4092.14155591599,0.0,0.9504850832753644,0.4204087159880714
423060.0,5080.5309797316095,4092.1533189135653,0.0,0.9504852454383856,0.42041007913380035
423120.0,5080.519212801626,4092.1650834237516,0.0,0.9504853383266161,0.4204114422747387
423180.0,5080.507451776296,4092.1768519974703,0.0,0.950485243671016,0.42041280539905534
423240.0,5080.495687137276,4092.1886181052996,0.0,0.9504852633981947,0.4204141685349525
423300.0,5080.483923958195,4092.2003852305024,0.0,0.9504852365167012,0.4204155316675871
423360.0,5080.472159479069,4092.212151477925,0.0,0.9504852506093253,0.42041689480501343
423420.0,5080.4603968251,4092.2239189945212,0.0,0.9504852064845756,0.4204182579381788
423480.0,5080.44863150902,4092.235684696861,0.0,0.9504852465792825,0.42041962108003206
423540.0,5080.436872864953,4092.2474550039883,0.0,0.9504850745095499,0.42042098420397395
423600.0,5080.425103421218,4092.259217901025,0.0,0.9504852450429196,0.4204223473598199
423660.0,5080.413336259519,4092.2709823880755,0.0,0.9504853427266624,0.42042371051054744
423720.0,5080.40157522571,4092.282751091706,0.0,0.9504852457868889,0.4204250736439719
423780.0,5080.389812874515,4092.2945189131224,0.0,0.950485190230994,0.42042643678274094
423840.0,5080.378046988378,4092.3062843146186,0.0,0.9504852467114892,0.4204277999323281
423900.0,5080.366290503387,4092.3180561955946,0.0,0.9504850044095898,0.4204291630560692
423960.0,5080.354518811724,4092.3298176392213,0.0,0.9504852445814258,0.4204305262245265
424020.0,5080.342750339192,4092.341581316561,0.0,0.9504853821621152,0.420431889385141
424080.0,5080.330990498035,4092.353350930192,0.0,0.950485245662659,0.4204332525211739
424140.0,5080.319228807159,4092.3651192959355,0.0,0.9504851674424613,0.42043461566409907
424200.0,5080.307462140202,4092.3768842517934,0.0,0.9504852469982664,0.4204359788220319
424260.0,5080.295704104701,4092.388655152958,0.0,0.9504850523026572,0.4204373419559757
424320.0,5080.283933871497,4092.4004176889475,0.0,0.9504852444832365,0.42043870512626963
424380.0,5080.272166211571,4092.4121820150935,0.0,0.9504853545689735,0.42044006829059766
424440.0,5080.2604054575895,4092.4239510925236,0.0,0.9504852453320434,0.4204414314353593
424500.0,5080.2486432207825,4092.4357191740396,0.0,0.9504851827309557,0.42044279458594647
424560.0,5080.236877001143,4092.44748452783,0.0,0.950485246384404,0.4204441577486542
424620.0,5080.225117686467,4092.4592546411686,0.0,0.950485090578097,0.42044552089239146
424680.0,5080.213348609583,4092.4710180620373,0.0,0.950485244355432,0.42044688406539926
424740.0,5080.201581589166,4092.4827829181154,0.0,0.9504853324393538,0.42044824723394325
424800.0,5080.189820167547,4092.4945516281946,0.0,0.9504852426751842,0.42044961038675194
424860.0,5080.1780553187855,4092.506318000171,0.0,0.9504852613803697,0.42045097355059996
424920.0,5080.166291853951,4092.518085337443,0.0,0.9504852358864889,0.4204523367114053
424980.0,5080.154527155903,4092.5298518427103,0.0,0.9504852492484189,0.42045369987680825
425040.0,5080.142764188069,4092.541619552103,0.0,0.9504852074027343,0.42045506303822483
425100.0,5080.13099869548,4092.553385541333,0.0,0.9504852454224748,0.4204564262079309
425160.0,5080.119239528901,4092.565155898298,0.0,0.9504850822463755,0.42045778936072786
425220.0,5080.1074701213865,4092.5769192279486,0.0,0.9504852439612909,0.42045915254380906
425280.0,5080.095702877109,4092.588684066217,0.0,0.9504853365927675,0.4204605157221154
425340.0,5080.083941520672,4092.6004529572206,0.0,0.950485242198574,0.4204618788838453
425400.0,5080.072176560807,4092.612219388912,0.0,0.9504852618711349,0.4204632420571272
425460.0,5080.060413056704,4092.6239868352886,0.0,0.9504852350637947,0.42046460522715723
425520.0,5080.048648256239,4092.635753406239,0.0,0.9504852491173685,0.4204659684019685
425580.0,5080.036885275713,4092.647521243007,0.0,0.9504852051144074,0.4204673315725323
425640.0,5080.025119640636,4092.6592872703613,0.0,0.9504852450982285,0.4204686947517631
425700.0,5080.013360658549,4092.67105789028,0.0,0.9504850735039098,0.4204700579131329
425760.0,5080.001590907526,4092.6828211198313,0.0,0.9504852435658813,0.42047142110632346
425820.0,5079.9898234320135,4092.694585935194,0.0,0.9504853409795301,0.4204727842944123
425880.0,5079.978062066933,4092.706354955927,0.0,0.9504852443075636,0.42047414746524486
425940.0,5079.966299388186,4092.71812309682,0.0,0.9504851889051802,0.4204755106414112
426000.0,5079.954533184555,4092.7298888242467,0.0,0.950485245229377,0.4204768738283679
426060.0,5079.942776355267,4092.7416610139317,0.0,0.9504850035972936,0.42047823698955045
426120.0,5079.931004362604,4092.7534227940573,0.0,0.9504852431049724,0.420479600195332
426180.0,5079.919235579874,4092.765186801979,0.0,0.9504853803051394,0.42048096339329455
426240.0,5079.907475403923,4092.7769567303994,0.0,0.9504852441829856,0.4204823265667415
426300.0,5079.895713383494,4092.7887254142834,0.0,0.9504851661789275,0.42048368974706574
426360.0,5079.883946401147,4092.800490697367,0.0,0.9504852455146705,0.42048505294235905
426420.0,5079.872188025653,4092.812261909955,0.0,0.9504850513571351,0.4204864161137293
426480.0,5079.860417487171,4092.824024779645,0.0,0.9504852430063626,0.42048777932135517
426540.0,5079.848649514608,4092.835789434755,0.0,0.9504853527876866,0.42048914252303415
426600.0,5079.836888428316,4092.8475588285155,0.0,0.9504852438525927,0.42049050570519964
426660.0,5079.825125863392,4092.8593272290404,0.0,0.950485181424416,0.4204918688931785
426720.0,5079.813359326964,4092.8710929091067,0.0,0.950485244901815,0.4204932320932471
426780.0,5079.801603355933,4092.882865870127,0.0,0.9504849726098976,0.4204945952640759
426840.0,5079.789830298221,4092.8946270995534,0.0,0.9504852425182295,0.42049595848509913
426900.0,5079.778060859412,4092.906390837881,0.0,0.9504853971354352,0.42049732169711335
426960.0,5079.766301119957,4092.9181612477237,0.0,0.9504852437434747,0.4204986848814334
427020.0,5079.754539303704,4092.929930253336,0.0,0.9504851558452794,0.42050004807330604
427080.0,5079.742771896587,4092.941695425816,0.0,0.9504852452545838,0.42050141128197743
427140.0,5079.731007886896,4092.9534629485615,0.0,0.950485226524237,0.42050277448184475
427200.0,5079.719242480272,4092.965229526175,0.0,0.9504852518586139,0.42050413768675443
427260.0,5079.707478285123,4092.976996951251,0.0,0.9504852384552807,0.4205055008891529
427320.0,5079.695712346724,4092.988763194181,0.0,0.950485280091765,0.420506864097664
427380.0,5079.683948908418,4093.0005311690124,0.0,0.9504852421055637,0.42050822729985343
427440.0,5079.672179137684,4093.0122948151165,0.0,0.950485404703707,0.4205095905219393
427500.0,5079.660419566849,4093.0240654769577,0.0,0.9504852433982739,0.42051095371487407
427560.0,5079.648657812783,4093.035834661373,0.0,0.9504851509663017,0.420512316915671
427620.0,5079.636890179712,4093.047599814499,0.0,0.9504852449916008,0.42051368013410534
427680.0,5079.625126119804,4093.0593674387455,0.0,0.9504852252968119,0.4205150433432238
427740.0,5079.613360591357,4093.071134068611,0.0,0.9504852519406629,0.4205164065575928
427800.0,5079.601596337336,4093.082901589231,0.0,0.9504852378477833,0.42051776976926747
427860.0,5079.589830250625,4093.0946678661926,0.0,0.9504852816349962,0.42051913298731464
427920.0,5079.578066793398,4093.1064359640386,0.0,0.9504852416906735,0.42052049619866355
427980.0,5079.566296677784,4093.118199508982,0.0,0.9504854126816515,0.42052185943085757
428040.0,5079.5545372884335,4093.12997043166,0.0,0.9504852430543307,0.420523222632368
428100.0,5079.542775603931,4093.1417397999357,0.0,0.9504851458546439,0.4205245858420663
428160.0,5079.531007819085,4093.153504984176,0.0,0.9504852421508667,0.42052594907001495
428220.0,5079.519241317046,4093.1652710724425,0.0,0.9504852973029305,0.42052731229574636
428280.0,5079.507478319306,4093.1770395766794,0.0,0.9504852410678188,0.4205286755118279
428340.0,5079.49570595033,4093.1888016637918,0.0,0.9504854818837636,0.4205300387566446
428400.0,5079.483948688317,4093.200574138984,0.0,0.9504852430217334,0.4205314019580364
428460.0,5079.472188199657,4093.212344419671,0.0,0.9504851061563768,0.4205327651703252
428520.0,5079.4604191221115,4093.2241088062165,0.0,0.9504852417829593,0.4205341284081024
428580.0,5079.448651856528,4093.235874460414,0.0,0.9504853194680003,0.420535491642123
428640.0,5079.436889527782,4093.2476435150193,0.0,0.9504852402912843,0.4205368548623271
428700.0,5079.4251185996045,4093.259406676987,0.0,0.9504854337768694,0.4205382181086432
428760.0,5079.413359780677,4093.2711781731323,0.0,0.9504852426279344,0.4205395813206307
428820.0,5079.401598377102,4093.282947915848,0.0,0.9504851330981758,0.420540944541648
428880.0,5079.389830099778,4093.29471294281,0.0,0.9504852416202384,0.4205423077831661
428940.0,5079.378063269717,4093.306478986857,0.0,0.9504853037766643,0.4205436710219881
429000.0,5079.36630038917,4093.3182477529604,0.0,0.9504852404101676,0.4205450342498645
429060.0,5079.3545269500755,4093.330009285646,0.0,0.9504855117925308,0.42054639750993084
429120.0,5079.342770535222,4093.3417825245606,0.0,0.9504852426224709,0.42054776072099315
429180.0,5079.331010486038,4093.3535532886826,0.0,0.9504850883932191,0.4205491239441383
429240.0,5079.319240758824,4093.365317409854,0.0,0.9504852412369118,0.4205504871959411
429300.0,5079.30747307517,4093.377082957898,0.0,0.9504853287859049,0.42055185044331317
429360.0,5079.295710955324,4093.388852337407,0.0,0.9504852395663573,0.420553213675044
429420.0,5079.283945429691,4093.4006193925425,0.0,0.9504852581577496,0.42055457691775505
429480.0,5079.272181279299,4093.412387407364,0.0,0.9504852328183628,0.4205559401574456
429540.0,5079.26041590335,4093.4241545950913,0.0,0.9504852460989343,0.42055730340171177
429600.0,5079.248652246762,4093.4359229799393,0.0,0.9504852045069891,0.4205586666420198
429660.0,5079.236886081146,4093.4476896547285,0.0,0.9504852422957075,0.4205600298905734
429720.0,5079.225126201968,4093.4594606717546,0.0,0.9504850801097628,0.42056139312232327
429780.0,5079.213356145782,4093.4712247026146,0.0,0.9504852408428865,0.42056275638418344
429840.0,5079.201588239258,4093.4829902333236,0.0,0.9504853329118931,0.4205641196413038
429900.0,5079.189826183785,4093.494759793072,0.0,0.9504852390903622,0.4205654828819467
429960.0,5079.178060547337,4093.506526907946,0.0,0.9504852586432696,0.4205668461340794
430020.0,5079.166296357521,4093.5182950316057,0.0,0.9504852319983806,0.4205682093829838
430080.0,5079.154530879389,4093.5300622850045,0.0,0.9504852459664054,0.42056957263664646
430140.0,5079.142767209786,4093.541830796855,0.0,0.9504852022302582,0.42057093588609107
430200.0,5079.131000902165,4093.553597509919,0.0,0.9504852419711539,0.4205722991441568
430260.0,5079.119241205931,4093.565368788735,0.0,0.9504850714179074,0.42057366238447247
430320.0,5079.107470807971,4093.5771327204484,0.0,0.9504852404476001,0.4205750256564261
430380.0,5079.09570267125,4093.5888982287565,0.0,0.9504853372698212,0.4205763889233149
430440.0,5079.083940606786,4093.6006679178495,0.0,0.9504852411842758,0.4205777521730501
430500.0,5079.072177236793,4093.612436732312,0.0,0.9504851861178211,0.42057911542809523
430560.0,5079.060410363898,4093.6242031474494,0.0,0.9504852420999902,0.42058047869387055
430620.0,5079.048652806757,4093.635975987098,0.0,0.9504850019338332,0.42058184193402853
430680.0,5079.036880180881,4093.6477384781106,0.0,0.9504852399879705,0.4205832052185283
430740.0,5079.025110744832,4093.659503183947,0.0,0.9504853763553937,0.42058456849526177
430800.0,5079.013349861811,4093.6712737756634,0.0,0.9504852410589367,0.42058593174762493
430860.0,5079.001587145758,4093.6830431301873,0.0,0.9504851635279525,0.4205872950068322
430920.0,5078.989819498736,4093.6948091038307,0.0,0.9504852423820351,0.42058865828092407
430980.0,5078.978060404787,4093.7065809723313,0.0,0.9504850494024001,0.4205900215312372
431040.0,5078.966289223745,4093.7183445467826,0.0,0.9504852398884421,0.4205913848175992
431100.0,5078.95452059254,4093.730109896271,0.0,0.950485349003301,0.420592748098056
431160.0,5078.942758804589,4093.7418799567035,0.0,0.9504852407290314,0.42059411135911534
431220.0,5078.930995547169,4093.7536490297734,0.0,0.9504851786794535,0.42059547462596125
431280.0,5078.9192283430175,4093.7654153983253,0.0,0.9504852417713805,0.42059683790482894
431340.0,5078.907471638232,4093.7771890052877,0.0,0.9504849711316241,0.4205982011546341
431400.0,5078.895697953427,4093.788950949324,0.0,0.9504852394017543,0.42059956445434415
431460.0,5078.883927864861,4093.8007153876424,0.0,0.9504853930804043,0.42060092774510455
431520.0,5078.872167415071,4093.8124864584584,0.0,0.950485240619058,0.4206022910083343
431580.0,5078.86040490138,4093.8242561333227,0.0,0.9504851532540162,0.4206036542790798
431640.0,5078.848636831706,4093.8360219975066,0.0,0.9504852421204918,0.42060501756652907
431700.0,5078.8368784015265,4093.8477945036375,0.0,0.9504850246555145,0.420606380827037
431760.0,5078.825106351685,4093.859557661821,0.0,0.9504852393208671,0.42060774412805446
431820.0,5078.8133371768945,4093.8713228186734,0.0,0.9504853622884899,0.42060910742221996
431880.0,5078.801575714182,4093.883093283936,0.0,0.9504852402785577,0.4206104706944589
431940.0,5078.789812597258,4093.894862634791,0.0,0.9504851703596113,0.42061183397302193
432000.0,5078.778045033463,4093.9066289371876,0.0,0.9504852414636131,0.42061319726506247
432060.0,5078.766285181274,4093.918400556606,0.0,0.9504850674368542,0.42061456053576946
432120.0,5078.7545144290225,4093.9301646971044,0.0,0.9504852392069012,0.4206159238390753
432180.0,5078.742745974723,4093.9419304396656,0.0,0.950485337599128,0.4206172871372076
432240.0,5078.730983690751,4093.953700431065,0.0,0.9504852399568459,0.42061865041789787
432300.0,5078.7192200804,4093.965469533356,0.0,0.9504851839985512,0.4206200137039584
432360.0,5078.707452910699,4093.9772361971454,0.0,0.9504852408887301,0.42062137700091495
432420.0,5078.6956952073,4093.9890093899144,0.0,0.9504849968307172,0.4206227402718108
432480.0,5078.683922192078,4094.000772065338,0.0,0.9504852387438081,0.42062410358776287
432540.0,5078.672152418378,4094.012536991451,0.0,0.9504853773221045,0.4206254668957959
432600.0,5078.660391335799,4094.024307899282,0.0,0.9504852398334609,0.42062683017905245
432660.0,5078.648628390833,4094.036077549535,0.0,0.950485161046523,0.4206281934692386
432720.0,5078.636860435404,4094.047843763734,0.0,0.9504852411793325,0.42062955677454267
432780.0,5078.625101171237,4094.0596159686856,0.0,0.9504850450725488,0.4206309200556613
432840.0,5078.613329625051,4094.0713797443004,0.0,0.9504852386466519,0.42063228337340147
432900.0,5078.60156067007,4094.083145323651,0.0,0.9504853495307988,0.42063364668511416
432960.0,5078.589798668857,4094.0949156906404,0.0,0.9504852395021945,0.4206350099771041
433020.0,5078.578035174681,4094.1066850539523,0.0,0.9504851764475621,0.420636373274949
433080.0,5078.566267670162,4094.118451668594,0.0,0.9504852405627666,0.42063773658500253
433140.0,5078.554507118471,4094.130223079149,0.0,0.9504850836271308,0.4206390998759275
433200.0,5078.542736737101,4094.1419877458834,0.0,0.9504852385196666,0.4206404631963399
433260.0,5078.53096842655,4094.1537538586886,0.0,0.950485327242514,0.4206418265122386
433320.0,5078.5192057535805,4094.165523854972,0.0,0.9504852368278179,0.4206431898122749
433380.0,5078.507439629845,4094.1772914951466,0.0,0.9504852556689186,0.42064455312342447
433440.0,5078.495674899692,4094.1890601079263,0.0,0.9504852299904814,0.4206459164314978
433500.0,5078.483908927874,4094.200827882237,0.0,0.9504852434495858,0.420647279744194
433560.0,5078.472144698326,4094.212596869807,0.0,0.9504852013007731,0.42064864305286237
433620.0,5078.460377926634,4094.224364123949,0.0,0.9504852395964829,0.4206500063698743
433680.0,5078.448617524844,4094.236135779163,0.0,0.9504850752374691,0.4206513696698313
433740.0,5078.436846811294,4094.2479003531726,0.0,0.9504852381252862,0.4206527330003012
433800.0,5078.425078276076,4094.259666447225,0.0,0.9504853314287178,0.42065409632594375
433860.0,5078.413315669484,4094.2714366250175,0.0,0.9504852363503697,0.42065545963487605
433920.0,5078.401549434618,4094.28320432456,0.0,0.95048525616587,0.42065682295543866
433980.0,5078.389784665667,4094.2949730464748,0.0,0.9504852291644358,0.42065818627271423
434040.0,5078.3780185914675,4094.3067408861675,0.0,0.9504852433202069,0.4206595495947977
434100.0,5078.366254349887,4094.3185100012834,0.0,0.9504851989984529,0.42066091291259
434160.0,5078.354487435464,4094.3302772930374,0.0,0.9504852392725055,0.42066227623910635
434220.0,5078.3427272201925,4094.342049212418,0.0,0.9504850664340811,0.4206636395476086
434280.0,5078.330956161499,4094.3538136847505,0.0,0.9504852377296279,0.42066500288817205
434340.0,5078.319187394189,4094.3655797549163,0.0,0.9504853358499605,0.4206663662235789
434400.0,5078.3074247796385,4094.3773500626316,0.0,0.950485238477271,0.4206677295415909
434460.0,5078.2956608424565,4094.3891194836315,0.0,0.9504851826733853,0.4206690928649622
434520.0,5078.283893356039,4094.4008864726206,0.0,0.9504852394063514,0.4206704561992017
434580.0,5078.272135308963,4094.412659973261,0.0,0.950484996022231,0.4206718195074525
434640.0,5078.2603619936135,4094.4244229845253,0.0,0.9504852372671228,0.42067318286064176
434700.0,5078.248591910535,4094.4361882405246,0.0,0.9504853754625479,0.4206745462059359
434760.0,5078.236830493842,4094.4479594623476,0.0,0.9504852383535356,0.4206759095265201
434820.0,5078.225067220029,4094.459729429962,0.0,0.950485159784108,0.4206772728540189
434880.0,5078.21329895,4094.4714959706685,0.0,0.9504852396954593,0.4206786361965969
434940.0,5078.20153934648,4094.48326848622,0.0,0.9504850441302133,0.4206799995150556
435000.0,5078.189767495872,4094.495032594863,0.0,0.9504852371695441,0.42068136287004076
435060.0,5078.177998229065,4094.5067985024752,0.0,0.950485347747231,0.42068272621901764
435120.0,5078.166235896227,4094.5185691850047,0.0,0.9504852380224929,0.4206840895483249
435180.0,5078.154472074644,4094.530338866552,0.0,0.9504851751419272,0.420685452883475
435240.0,5078.142704254124,4094.542105806748,0.0,0.9504852390799051,0.42068681623080256
435300.0,5078.130943366619,4094.5538775301256,0.0,0.9504850825776505,0.42068817955905435
435360.0,5078.119172677391,4094.5656425276293,0.0,0.9504852370422185,0.4206895429167175
435420.0,5078.107404053061,4094.5774089673896,0.0,0.9504853255198062,0.4206909062698821
435480.0,5078.095641050251,4094.5891792803095,0.0,0.9504852353548144,0.4206922696072274
435540.0,5078.083874606476,4094.6009472434057,0.0,0.9504852541437409,0.4206936329556589
435600.0,5078.072109552301,4094.612716176538,0.0,0.9504852285361391,0.4206949963010244
435660.0,5078.060343259975,4094.62448427345,0.0,0.9504852419579404,0.42069635965100255
435720.0,5078.04857870494,4094.636253580413,0.0,0.9504851999254695,0.4206977229969657
435780.0,5078.036811614975,4094.6480211585763,0.0,0.9504852381152534,0.42069908635125225
435840.0,5078.025050876754,4094.659793126132,0.0,0.9504850742102704,0.42070044968853215
435900.0,5078.013279856115,4094.6715580313285,0.0,0.9504852366478913,0.42070181305624527
435960.0,5078.001511007577,4094.6833244525533,0.0,0.9504853296933617,0.4207031764191472
436020.0,5077.989748070779,4094.6950949466645,0.0,0.9504852348776496,0.420704539765384
436080.0,5077.977981516012,4094.7068629691375,0.0,0.950485254638272,0.4207059031232229
436140.0,5077.9662164229685,4094.7186320112814,0.0,0.9504852277113442,0.42070726647778534
436200.0,5077.954450028373,4094.730400173567,0.0,0.9504852418278791,0.42070862983714497
436260.0,5077.942685461155,4094.742169607903,0.0,0.9504851976284939,0.42070999319222696
436320.0,5077.9309182286825,4094.7539372237457,0.0,0.9504852377911341,0.42071135655601205
436380.0,5077.919157676269,4094.7657094549327,0.0,0.9504850654301362,0.42071271990183384
436440.0,5077.907386311282,4094.77747425889,0.0,0.9504852362522891,0.4207140832796332
436500.0,5077.895617231128,4094.789240656457,0.0,0.9504853341014221,0.42071544665229277
436560.0,5077.883854286212,4094.801011280315,0.0,0.950485236997636,0.42071681000760436
436620.0,5077.8720900224,4094.812781019841,0.0,0.9504851813477937,0.42071817336826445
436680.0,5077.8603222194415,4094.824548333835,0.0,0.9504852379239199,0.42071953673976525
436740.0,5077.848563828937,4094.8363221421914,0.0,0.9504849952119494,0.4207209000853491
436800.0,5077.836790213589,4094.848085489072,0.0,0.95048523579037,0.42072226347575353
436860.0,5077.825019821288,4094.859851074747,0.0,0.9504853736039547,0.420723626858287
436920.0,5077.8132580707,4094.871622610391,0.0,0.9504852368735516,0.4207249902161769
436980.0,5077.80149446825,4094.883392895191,0.0,0.950485158521013,0.4207263535809663
437040.0,5077.789725883787,4094.895159762204,0.0,0.9504852382115386,0.42072771696079625
437100.0,5077.7779659411535,4094.9069325881956,0.0,0.9504850431863544,0.4207290803165728
437160.0,5077.766193786255,4094.9186970296473,0.0,0.9504852356923699,0.42073044370878127
437220.0,5077.754424207781,4094.9304632653125,0.0,0.9504853459645497,0.42073180709500047
437280.0,5077.742661543537,4094.9422342632083,0.0,0.9504852365427323,0.42073317046160325
437340.0,5077.730897394755,4094.954004262812,0.0,0.9504851738357444,0.4207345338340363
437400.0,5077.719129258399,4094.965771528362,0.0,0.9504852375969935,0.42073589721861593
437460.0,5077.707368035314,4094.977543564397,0.0,0.950485081526906,0.42073726058417255
437520.0,5077.695597038376,4094.989308892458,0.0,0.9504852355647048,0.42073862397906475
437580.0,5077.683828100428,4095.0010756589672,0.0,0.9504853237978597,0.4207399873694733
437640.0,5077.672064768003,4095.01284628835,0.0,0.9504852338817296,0.4207413507441055
437700.0,5077.660298004377,4095.0246145741753,0.0,0.9504852526186607,0.4207427141297969
437760.0,5077.648532626378,4095.036383827475,0.0,0.950485227081651,0.42074407751243237
437820.0,5077.636766013729,4095.0481522467967,0.0,0.9504852404662778,0.42074544089967036
437880.0,5077.625001133407,4095.059921872972,0.0,0.9504851985497447,0.42074680428290634
437940.0,5077.6132337253475,4095.071689774959,0.0,0.9504852366339707,0.4207481676744458
438000.0,5077.6014726509375,4095.0834620547,0.0,0.9504850731814266,0.4207495310490266
438060.0,5077.589701323344,4095.095227290861,0.0,0.9504852351704295,0.42075089445396124
438120.0,5077.577932161644,4095.1069940390485,0.0,0.950485327958923,0.42075225785410053
438180.0,5077.5661688948585,4095.1187648493087,0.0,0.9504852334048444,0.4207536212376201
438240.0,5077.554402020373,4095.130533194518,0.0,0.9504852531108029,0.4207549846327131
438300.0,5077.542636603435,4095.142302556707,0.0,0.9504852262580912,0.42075634802454054
438360.0,5077.530869888624,4095.1540710413956,0.0,0.9504852403355427,0.42075771142115453
438420.0,5077.519104995977,4095.165840794772,0.0,0.9504851962580506,0.4207590748135046
438480.0,5077.507337445637,4095.177608734504,0.0,0.95048523630971,0.4207604382145364
438540.0,5077.4955765563245,4095.1893812773424,0.0,0.9504850644244631,0.4207618015976555
438600.0,5077.483804885183,4095.2011464127,0.0,0.9504852347748833,0.4207631650126688
438660.0,5077.472035492344,4095.212913137458,0.0,0.9504853323537925,0.420764528422559
438720.0,5077.460272217286,4095.2246840772827,0.0,0.9504852355179424,0.4207658918151484
438780.0,5077.448507627051,4095.236454135157,0.0,0.9504851800216115,0.4207672552130751
438840.0,5077.4367395077215,4095.2482217739553,0.0,0.950485236441439,0.420768618621815
438900.0,5077.424980774051,4095.259995889883,0.0,0.9504849943993885,0.42076998200470966
438960.0,5077.413206858825,4095.271759572147,0.0,0.9504852343135488,0.4207713454323074
439020.0,5077.401436157451,4095.2835254872825,0.0,0.9504853717465362,0.4207727088520583
439080.0,5077.389674073204,4095.2952973365836,0.0,0.9504852353935096,0.4207740722472318
439140.0,5077.377910142329,4095.3070679383914,0.0,0.9504851572571913,0.4207754356492897
439200.0,5077.3661412436,4095.3188351315066,0.0,0.9504852367275722,0.4207767990663495
439260.0,5077.3543809621015,4095.3306082677836,0.0,0.9504850422407032,0.4207781624594219
439320.0,5077.342608503055,4095.342373041821,0.0,0.9504852342151284,0.42077952588883183
439380.0,5077.330838613073,4095.3541396053306,0.0,0.9504853441827392,0.4207808893122714
439440.0,5077.319075617644,4095.3659109184237,0.0,0.9504852350629126,0.4207822527161475
439500.0,5077.30731114187,4095.377681235905,0.0,0.9504851725289304,0.42078361612584175
439560.0,5077.295542689853,4095.3894488266096,0.0,0.9504852361140325,0.42078497954765137
439620.0,5077.283784815963,4095.4012237150246,0.0,0.9504849633604819,0.42078634294014206
439680.0,5077.272009834928,4095.412986844699,0.0,0.9504852337265247,0.4207877063829448
439740.0,5077.260238477197,4095.424752488997,0.0,0.9504853886059299,0.4207890698167077
439800.0,5077.248476830469,4095.436524820207,0.0,0.9504852349539656,0.4207904332227066
439860.0,5077.236713104517,4095.4482957438618,0.0,0.9504851469068019,0.4207917966362673
439920.0,5077.22494378102,4095.4600628254957,0.0,0.9504852364677562,0.42079316006666406
439980.0,5077.213177859065,4095.471832262773,0.0,0.9504852177057055,0.42079452348822893
440040.0,5077.201410538545,4095.4836007526824,0.0,0.9504852430831054,0.42079588691484215
440100.0,5077.189644430993,4095.495370091961,0.0,0.9504852296571004,0.4207972503389321
440160.0,5077.1778765781455,4095.5071382463084,0.0,0.9504852713642702,0.42079861376914307
440220.0,5077.166111228428,4095.5189081365106,0.0,0.9504852333136935,0.42079997719301143
440280.0,5077.15433953875,4095.530673687902,0.0,0.9504853961876387,0.4208013406368152
440340.0,5077.142578061223,4095.542446271225,0.0,0.9504852346087145,0.4208027040513945
440400.0,5077.1308143979095,4095.554217373627,0.0,0.950485142020111,0.42080406747384574
440460.0,5077.119044848567,4095.5659844353954,0.0,0.9504852362048609,0.4208054309139737
440520.0,5077.107278876715,4095.57775397394,0.0,0.9504852164767384,0.42080679434475676
440580.0,5077.095511434605,4095.589522515756,0.0,0.9504852431658262,0.420808157780797
440640.0,5077.083745268491,4095.601291950332,0.0,0.9504852290491086,0.42080952121413023
440700.0,5077.071977267532,4095.61306013832,0.0,0.9504852729106439,0.4208108846538453
440760.0,5077.060211899252,4095.624830151355,0.0,0.950485232898634,0.4208122480868401
440820.0,5077.048439864657,4095.636595600882,0.0,0.95048540417971,0.4208136115407211
440880.0,5077.036678569215,4095.64836844518,0.0,0.950485234264723,0.42081497496384174
440940.0,5077.024914975928,4095.6601397314016,0.0,0.9504851369002356,0.4208163383951607
441000.0,5077.013145275006,4095.6719068238854,0.0,0.9504852333598455,0.4208177018447709
441060.0,5077.001376858489,4095.683674822409,0.0,0.9504852886055152,0.4208190652921493
441120.0,5076.9896119504965,4095.695445242462,0.0,0.9504852322750788,0.42082042872985126
441180.0,5076.977837660086,4095.707209230472,0.0,0.950485473499679,0.4208217921963485
441240.0,5076.966078494789,4095.718983630562,0.0,0.9504852342324271,0.42082315561931344
441300.0,5076.954316099034,4095.7307558309935,0.0,0.9504850971349412,0.4208245190531923
441360.0,5076.942545104105,4095.7425221236244,0.0,0.9504852329916706,0.4208258825126178
441420.0,5076.930775923381,4095.7542896867626,0.0,0.9504853108085553,0.42082724596826854
441480.0,5076.91901168544,4095.7660606581444,0.0,0.9504852314975838,0.42082860941006617
441540.0,5076.907238837791,4095.7778257232017,0.0,0.9504854253115795,0.4208299728780321
441600.0,5076.895478113966,4095.78959914167,0.0,0.9504852338383171,0.4208313363115812
441660.0,5076.883714802453,4095.8013708025755,0.0,0.9504851241227538,0.4208326997541728
441720.0,5076.871944608959,4095.8131377367918,0.0,0.95048523282903,0.42083406321731154
441780.0,5076.860175864529,4095.8249056903683,0.0,0.9504852950910222,0.4208354266777385
441840.0,5076.848411074377,4095.836676372272,0.0,0.9504852316170238,0.4208367901271903
441900.0,5076.836635713059,4095.8484398039427,0.0,0.9504855034601918,0.4208381536089005
441960.0,5076.824877396451,4095.860214968904,0.0,0.9504852338332017,0.42083951704148564
442020.0,5076.81311544121,4095.8719876532687,0.0,0.9504850793421625,0.4208408804861736
442080.0,5076.801343796336,4095.8837536792844,0.0,0.9504852324454095,0.420842243959585
442140.0,5076.789574197539,4095.895521135397,0.0,0.9504853201431036,0.42084360742854593
442200.0,5076.777810169256,4095.9072924318134,0.0,0.9504852307721374,0.42084497088182476
442260.0,5076.7660427311375,4095.919061398421,0.0,0.9504852493951584,0.4208463343461034
442320.0,5076.754276669958,4095.930831326887,0.0,0.9504852240128021,0.42084769780734854
442380.0,5076.7425093817865,4095.9426004262928,0.0,0.9504852373159861,0.42084906127317434
442440.0,5076.730743815086,4095.954370725535,0.0,0.9504851956534567,0.4208504247350261
442500.0,5076.718975736382,4095.966139310712,0.0,0.9504852335064197,0.4208517882051374
442560.0,5076.707213951735,4095.9779122481,0.0,0.9504850710450519,0.42085315165839565
442620.0,5076.695441977873,4095.989678183123,0.0,0.9504852320512502,0.4208545151418334
442680.0,5076.683672156315,4096.00144562139,0.0,0.9504853242767066,0.420855878620511
442740.0,5076.671908192863,4096.013217097996,0.0,0.9504852302958682,0.4208572420826681
442800.0,5076.660140644178,4096.024986124012,0.0,0.9504852498820527,0.4208586055563362
442860.0,5076.6483745439,4096.0367561611,0.0,0.9504852231919554,0.4208599690267622
442920.0,5076.636607153803,4096.048525325858,0.0,0.950485237183772,0.4208613325019518
442980.0,5076.624841574453,4096.060295751929,0.0,0.9504851933733641,0.4208626959729071
443040.0,5076.613073353952,4096.072064375,0.0,0.9504852331818516,0.4208640594524983
443100.0,5076.601311752852,4096.08383757432,0.0,0.9504850623387753,0.42086542291428775
443160.0,5076.589539437175,4096.0956034094925,0.0,0.9504852316558277,0.4208667864077884
443220.0,5076.577769385518,4096.107370824837,0.0,0.9504853286426895,0.4208681498962027
443280.0,5076.5660054134505,4096.119142430622,0.0,0.9504852323938745,0.42086951336741907
443340.0,5076.554240134341,4096.130913159672,0.0,0.9504851772338846,0.4208708768439489
443400.0,5076.542471348134,4096.1426814838105,0.0,0.9504852333112638,0.42087224033123133
443460.0,5076.5307118889505,4096.154456247263,0.0,0.9504849927370691,0.42087360379282585
443520.0,5076.518937342931,4096.166220638092,0.0,0.950485231195775,0.420874967298866
443580.0,5076.507165990641,4096.177987248797,0.0,0.9504853677948804,0.42087633079711195
443640.0,5076.49540320168,4096.1897597589805,0.0,0.9504852322686794,0.42087769427092564
443700.0,5076.483638577547,4096.201531029029,0.0,0.950485154606054,0.4208790577515909
443760.0,5076.471869016541,4096.213298910343,0.0,0.9504852335941439,0.42088042124717334
443820.0,5076.460108018935,4096.225072700103,0.0,0.9504850402867453,0.420881784718913
443880.0,5076.448334919738,4096.236838176569,0.0,0.9504852310964349,0.42088314822678313
443940.0,5076.43656437351,4096.248605432103,0.0,0.9504853403967346,0.4208845117287247
444000.0,5076.424800678784,4096.260377409462,0.0,0.950485231938571,0.4208858752112189
444060.0,5076.413035512884,4096.272148397094,0.0,0.9504851697836856,0.4208872386995045
444120.0,5076.401266395534,4096.283916673919,0.0,0.9504852329828087,0.4208886021998376
444180.0,5076.389507790225,4096.295692205831,0.0,0.9504849618835531,0.4208899656710292
444240.0,5076.3777321845155,4096.307456047799,0.0,0.9504852306092785,0.4208913291922426
444300.0,5076.365960179432,4096.319222389745,0.0,0.9504853845489162,0.4208926927044758
444360.0,5076.354197824719,4096.33099537951,0.0,0.9504852318287679,0.420894056189109
444420.0,5076.342433403694,4096.342766970015,0.0,0.9504851443154646,0.4208954196812669
444480.0,5076.330663420033,4096.3545347409945,0.0,0.9504852333328696,0.4208967831901655
444540.0,5076.3188968166405,4096.366304853883,0.0,0.9504852146843812,0.4208981466902886
444600.0,5076.307128823368,4096.378074024984,0.0,0.9504852399075836,0.42089951019543526
444660.0,5076.295362035447,4096.389844040527,0.0,0.9504852265627701,0.42090087369807816
444720.0,5076.283593513076,4096.401612878112,0.0,0.9504852680166853,0.42090223720681125
444780.0,5076.271827478173,4096.413383441439,0.0,0.9504852301966756,0.42090360070924315
444840.0,5076.26005514281,4096.42514969139,0.0,0.950485392082407,0.42090496423150137
444900.0,5076.2482929558455,4096.43692293217,0.0,0.9504852314833356,0.4209063277247075
444960.0,5076.236528596668,4096.448694700749,0.0,0.9504851394560832,0.4209076912257469
445020.0,5076.22475838817,4096.460462452346,0.0,0.9504852330692949,0.4209090547443629
445080.0,5076.212991734789,4096.472232666278,0.0,0.950485213460584,0.4209104182536931
445140.0,5076.201223620282,4096.484001889351,0.0,0.9504852399875319,0.4209117817682546
445200.0,5076.189456773764,4096.495772000005,0.0,0.9504852259561885,0.4209131452801296
445260.0,5076.177688103805,4096.507540871404,0.0,0.9504852695514231,0.42091450879835407
445320.0,5076.165922050055,4096.519311557215,0.0,0.9504852297818585,0.42091587230990185
445380.0,5076.154149371529,4096.531077706268,0.0,0.9504854000237124,0.42091723584222135
445440.0,5076.142387365108,4096.54285120686,0.0,0.9504852311391552,0.4209185993439616
445500.0,5076.130623075119,4096.554623158552,0.0,0.9504851343650231,0.42091996285385963
445560.0,5076.1188527155855,4096.566390941055,0.0,0.950485230239261,0.4209213263819448
445620.0,5076.107083632378,4096.57815962436,0.0,0.950485285149579,0.42092268990781834
445680.0,5076.095318035774,4096.589930715055,0.0,0.9504852291605685,0.4209240534240742
445740.0,5076.083543115241,4096.601695411385,0.0,0.9504854689217219,0.4209254169689649
445800.0,5076.071783225408,4096.613470458919,0.0,0.9504852311055386,0.420926780470579
445860.0,5076.06002012521,4096.6252433197205,0.0,0.9504850948393662,0.42092814398305045
445920.0,5076.048248479482,4096.637010307295,0.0,0.9504852298718022,0.4209295075209222
445980.0,5076.036478636566,4096.648778558006,0.0,0.9504853072164994,0.42093087105504823
446040.0,5076.0247137055685,4096.660550197052,0.0,0.950485228386271,0.42093223457540435
446100.0,5076.0129402185385,4096.672315964357,0.0,0.9504854210245535,0.4209335981217816
446160.0,5076.001178779639,4096.6840900362595,0.0,0.9504852307123026,0.42093496163394645
446220.0,5075.989414769134,4096.695862360939,0.0,0.9504851216618915,0.4209363251551082
446280.0,5075.977643919572,4096.7076299865885,0.0,0.9504852297086311,0.42093768869670006
446340.0,5075.965874509962,4096.7193986257,0.0,0.9504852915927573,0.4209390522356029
446400.0,5075.954109029932,4096.731169977207,0.0,0.9504852285034704,0.420940415763597
446460.0,5075.942333044636,4096.742934120941,0.0,0.9504854986976315,0.4209417793236688
446520.0,5075.930573997663,4096.754709929367,0.0,0.9504852307057015,0.42094314283490336
446580.0,5075.9188113347,4096.766483271767,0.0,0.9504850771513647,0.42094450635817754
446640.0,5075.907039042544,4096.778249994775,0.0,0.9504852293258204,0.4209458699100106
446700.0,5075.895268783629,4096.790018139577,0.0,0.9504853164914434,0.420947233457426
446760.0,5075.883504060451,4096.80179010225,0.0,0.9504852276621899,0.4209485969892531
446820.0,5075.871729696904,4096.813555446543,0.0,0.9504854447531469,0.42094996055026174
446880.0,5075.8599689111215,4096.825330148687,0.0,0.9504852302938419,0.4209513240725991
446940.0,5075.848205229146,4096.837102880105,0.0,0.9504851074092078,0.42095268760487936
447000.0,5075.836433840957,4096.848870315394,0.0,0.9504852291732234,0.42095405116011714
447060.0,5075.8246640771185,4096.860638891108,0.0,0.9504852989161365,0.42095541471212816
447120.0,5075.812898742036,4096.8724105229385,0.0,0.9504852278255461,0.42095677825177524
447180.0,5075.801125690773,4096.884176860499,0.0,0.9504854015364743,0.4209581418149989
447240.0,5075.789363502903,4096.895950688034,0.0,0.9504852299150119,0.420959505347458
447300.0,5075.77759899483,4096.907722941198,0.0,0.9504851315728893,0.4209608688881819
447360.0,5075.765828319336,4096.919490957154,0.0,0.9504852290018603,0.42096223244738096
447420.0,5075.754058940986,4096.931259888369,0.0,0.9504852848028749,0.42096359600430616
447480.0,5075.742293105587,4096.9430312661225,0.0,0.9504852279070123,0.42096495955144764
447540.0,5075.730517796004,4096.954796145088,0.0,0.9504854715551057,0.4209663231276655
447600.0,5075.718757759766,4096.966571543871,0.0,0.9504852298848374,0.42096768665989204
447660.0,5075.706994461575,4096.978344720063,0.0,0.9504850914105871,0.42096905020312714
447720.0,5075.69522248002,4096.990111927238,0.0,0.9504852286324326,0.42097041377216804
447780.0,5075.683452330591,4097.001880417911,0.0,0.9504853072314465,0.42097177733737634
447840.0,5075.67168717243,4097.013652352058,0.0,0.9504852271241517,0.4209731408885808
447900.0,5075.659913320316,4097.025418318612,0.0,0.9504854228855582,0.420974504466212
447960.0,5075.648151710901,4097.037192724968,0.0,0.9504852294892144,0.4209758680090576
448020.0,5075.6363874886,4097.048965355402,0.0,0.9504851186718766,0.42097723156102085
448080.0,5075.624616316946,4097.060733210156,0.0,0.9504852284706038,0.42097859513373864
448140.0,5075.612846608706,4097.072502094664,0.0,0.9504852913584271,0.4209799587036976
448200.0,5075.601080893541,4097.084273735686,0.0,0.9504852272472388,0.42098132226256046
448260.0,5075.589308219515,4097.096040603213,0.0,0.9504853838899876,0.4209826858427954
448320.0,5075.577545340565,4097.107814226065,0.0,0.9504852291233764,0.420984049395375
448380.0,5075.565780368115,4097.119586430437,0.0,0.9504851404376209,0.42098541295555897
448440.0,5075.554009759404,4097.131354763283,0.0,0.9504852306487336,0.42098677653270367
448500.0,5075.542242575879,4097.14312546974,0.0,0.9504852117508349,0.42098814010093705
448560.0,5075.530473984181,4097.154895221478,0.0,0.9504852373126681,0.42098950367424776
448620.0,5075.518706613936,4097.166665829006,0.0,0.9504852237895323,0.4209908672450053
448680.0,5075.506937486393,4097.178435242427,0.0,0.9504852657996357,0.42099223082192044
448740.0,5075.495170879391,4097.190206404931,0.0,0.9504852274732414,0.4209935943924341
448800.0,5075.483397888647,4097.201973195225,0.0,0.9504853915293201,0.42099495798302206
448860.0,5075.47163518081,4097.2137470713205,0.0,0.9504852287782418,0.42099632154415434
448920.0,5075.459870272177,4097.225519455009,0.0,0.9504851355180572,0.4209976851132039
448980.0,5075.448099436798,4097.237287767033,0.0,0.950485230386554,0.4209990487000614
449040.0,5075.436332203771,4097.249058574729,0.0,0.9504852105155606,0.42100041227749074
449100.0,5075.424563490385,4097.260828377966,0.0,0.9504852373986171,0.42100177586020776
449160.0,5075.4127960619135,4097.272599080721,0.0,0.9504852231797476,0.4210031394401863
449220.0,5075.401026785974,4097.284368527238,0.0,0.9504852673598798,0.42100450302658526
449280.0,5075.389260161026,4097.296139812714,0.0,0.9504852270577916,0.4210058666062023
449340.0,5075.377486823718,4097.307906499558,0.0,0.9504853995820957,0.42100723020685193
449400.0,5075.365724299974,4097.3196806378255,0.0,0.9504852284343764,0.421008593776498
449460.0,5075.353959462597,4097.331453205939,0.0,0.9504851303636548,0.4210099573543902
449520.0,5075.342188475329,4097.343221548114,0.0,0.9504852275235156,0.4210113209507098
449580.0,5075.330418781486,4097.354990803144,0.0,0.9504852831703503,0.42101268454476476
449640.0,5075.318652620505,4097.36676249822,0.0,0.9504852264314603,0.421014048129063
449700.0,5075.306877012257,4097.378527711807,0.0,0.950485469406761,0.4210154117423639
449760.0,5075.295116633903,4097.3903034172645,0.0,0.9504852284035942,0.42101677531179077
449820.0,5075.283353002842,4097.402076906061,0.0,0.9504850903116022,0.4210181388922003
449880.0,5075.271580713106,4097.413844441715,0.0,0.9504852271544172,0.4210195024983487
449940.0,5075.259810250258,4097.425613257486,0.0,0.9504853055362583,0.42102086610067757
450000.0,5075.248044764465,4097.437385507584,0.0,0.9504852256500714,0.42102222968904063
450060.0,5075.236270609434,4097.449151805974,0.0,0.9504854208707698,0.42102359330376304
450120.0,5075.224508662253,4097.460926521747,0.0,0.9504852280083725,0.42102495688379354
450180.0,5075.212744109592,4097.472699466347,0.0,0.9504851174969391,0.4210263204729208
450240.0,5075.200972627332,4097.484467647971,0.0,0.9504852269923443,0.42102768408274877
450300.0,5075.189202604294,4097.496236856637,0.0,0.9504852897064323,0.4210290476898284
450360.0,5075.177436562965,4097.508008814503,0.0,0.950485225772127,0.4210304112858425
450420.0,5075.165663582548,4097.5197760115825,0.0,0.9504853819822365,0.42103177490317445
450480.0,5075.153900369326,4097.531549946044,0.0,0.9504852276428537,0.42103313849292595
450540.0,5075.14213506853,4097.543322465825,0.0,0.9504851392018625,0.421034502090265
450600.0,5075.130364147493,4097.555091124381,0.0,0.9504852291637692,0.421035865704521
450660.0,5075.118596641878,4097.566862150256,0.0,0.9504852103179332,0.42103722930989146
450720.0,5075.106827732078,4097.578632223971,0.0,0.9504852358090742,0.42103859292032786
450780.0,5075.095060040234,4097.590403151221,0.0,0.9504852223231608,0.42103995652821996
450840.0,5075.083290596071,4097.602172887554,0.0,0.9504852642171604,0.42104132014225565
450900.0,5075.07152366526,4097.613944368339,0.0,0.9504852259964679,0.4210426837499089
450960.0,5075.059750368832,4097.6257114885575,0.0,0.9504853895996189,0.4210440473775864
451020.0,5075.047987326063,4097.63748567576,0.0,0.9504852272976363,0.4210454109758871
451080.0,5075.036222088725,4097.6492583745485,0.0,0.9504851342947468,0.42104677458208734
451140.0,5075.0244509414815,4097.661027012498,0.0,0.9504852289012785,0.4210481382060494
451200.0,5075.012683386326,4097.6727981395115,0.0,0.950485209085024,0.42104950182061046
451260.0,5075.000914355001,4097.6845682647545,0.0,0.9504852358937541,0.42105086544044745
451320.0,5074.9891466049185,4097.696339287143,0.0,0.9504852217140208,0.42105222905755535
451380.0,5074.977377012602,4097.70810905665,0.0,0.9504852657720787,0.42105359268106884
451440.0,5074.965610063713,4097.7198806602455,0.0,0.9504852255811289,0.42105495629782047
451500.0,5074.953836421525,4097.731647677455,0.0,0.9504853976291123,0.42105631993555204
451560.0,5074.9420735621425,4097.7434221263,0.0,0.9504852269536839,0.421057683542363
451620.0,5074.9303083956775,4097.75519500919,0.0,0.9504851291535276,0.42105904715740156
451680.0,5074.918537096796,4097.76696367738,0.0,0.9504852260451069,0.42106041079081996
451740.0,5074.906767087633,4097.778733256026,0.0,0.9504852815382245,0.4210617744219829
451800.0,5074.8950006012765,4097.790505268242,0.0,0.9504852249558357,0.42106313804341594
451860.0,5074.883224694487,4097.802270816221,0.0,0.9504854672603397,0.42106450169377807
451920.0,5074.871463974274,4097.814046828199,0.0,0.9504852269222958,0.42106586530038315
451980.0,5074.859700010576,4097.825820629436,0.0,0.9504850892113357,0.4210672289179451
452040.0,5074.847927412811,4097.83758849336,0.0,0.9504852256763363,0.42106859256117896
452100.0,5074.836156636709,4097.849357634022,0.0,0.9504853038417538,0.4210699562006066
452160.0,5074.824390823502,4097.861130199901,0.0,0.9504852241759119,0.4210713198261065
452220.0,5074.812616365681,4097.872896829901,0.0,0.950485418857721,0.42107268347789834
452280.0,5074.800854080987,4097.884671854938,0.0,0.950485226527474,0.4210740470950917
452340.0,5074.789089198186,4097.896445113533,0.0,0.9504851163209701,0.421075410721361
452400.0,5074.777317405485,4097.9082136218185,0.0,0.95048522551402,0.42107677436827745
452460.0,5074.765547067825,4097.919983154446,0.0,0.9504852880548624,0.42107813801245597
452520.0,5074.753780700537,4097.931755428974,0.0,0.9504852242969402,0.42107950164559926
452580.0,5074.742007413871,4097.9435229553865,0.0,0.9504853800758006,0.42108086530000643
452640.0,5074.730243866611,4097.955297201301,0.0,0.9504852261622736,0.4210822289269078
452700.0,5074.718478237686,4097.967070036319,0.0,0.950485137965199,0.42108359256137984
452760.0,5074.706707004486,4097.9788390203785,0.0,0.9504852276787625,0.4210849562127253
452820.0,5074.694939176976,4097.990610365488,0.0,0.9504852088848088,0.421086319855211
452880.0,5074.683169949253,4098.002380760982,0.0,0.950485234305503,0.42108768350275133
452940.0,5074.671401936004,4098.014152007766,0.0,0.9504852208566827,0.4210890471477563
453000.0,5074.659632175396,4098.025922066815,0.0,0.9504852626349847,0.4210904107988906
453060.0,5074.647864920979,4098.037693865699,0.0,0.9504852245196249,0.4210917744436613
453120.0,5074.636091319008,4098.049461315624,0.0,0.9504853876712979,0.42109313810840654
453180.0,5074.624327941545,4098.061235813779,0.0,0.9504852258169731,0.42109450174385377
453240.0,5074.612562375719,4098.073008827495,0.0,0.950485133070516,0.42109586538718274
453300.0,5074.600790916772,4098.0847777911695,0.0,0.9504852274159622,0.4210972290482277
453360.0,5074.589023039686,4098.096549237315,0.0,0.9504852076542487,0.4210985926998988
453420.0,5074.577253690602,4098.1083196843665,0.0,0.9504852343889222,0.42109995635683384
453480.0,5074.565485619101,4098.120091026199,0.0,0.9504852202481828,0.4211013200110492
453540.0,5074.553715710579,4098.131861118496,0.0,0.9504852641846131,0.4211026836716555
453600.0,5074.54194843796,4098.143633040029,0.0,0.9504852241043952,0.42110404732551937
453660.0,5074.530174491028,4098.155400387382,0.0,0.9504853956777091,0.4211054110003111
453720.0,5074.518411296253,4098.167175146647,0.0,0.9504852254729342,0.4211067746442648
453780.0,5074.5066458009205,4098.178948344143,0.0,0.9504851279423739,0.4211081382964277
453840.0,5074.494874190587,4098.190717338137,0.0,0.9504852245666329,0.4211095019669229
453900.0,5074.483103866277,4098.202487240196,0.0,0.950485279906603,0.42111086563517175
453960.0,5074.471337054752,4098.2142595693795,0.0,0.9504852234801355,0.4211122292937176
454020.0,5074.45956084953,4098.226025451509,0.0,0.9504854651163233,0.42111359298111933
454080.0,5074.4477997877275,4098.237801769869,0.0,0.9504852254409426,0.42111495662488047
454140.0,5074.436035491625,4098.249575883384,0.0,0.9504850881096263,0.42111632027957274
454200.0,5074.424262585975,4098.261344075354,0.0,0.9504852241981895,0.42111768395986987
454260.0,5074.412491496785,4098.273113540705,0.0,0.9504853021478729,0.42111904763637426
454320.0,5074.40072535638,4098.284886422186,0.0,0.9504852227016742,0.42112041129898886
454380.0,5074.3889505959005,4098.296653383571,0.0,0.9504854168463326,0.4211217749878282
454440.0,5074.377187973939,4098.308428717714,0.0,0.9504852250465193,0.42112313864216216
454500.0,5074.365422761224,4098.320202290138,0.0,0.9504851151438316,0.4211245023055514
454560.0,5074.35365065823,4098.331971124869,0.0,0.9504852240356306,0.4211258659895341
454620.0,5074.341880006116,4098.343740981253,0.0,0.9504852864038495,0.4211272296707894
454680.0,5074.330113313081,4098.35551357227,0.0,0.9504852228216777,0.4211285933410398
454740.0,5074.318336036169,4098.367278896149,0.0,0.9504854951284232,0.4211299570436176
454800.0,5074.306575824581,4098.379055980526,0.0,0.9504852250417538,0.42113132069694853
454860.0,5074.294811970028,4098.39083057847,0.0,0.9504850702873453,0.4211326843624023
454920.0,5074.283038414155,4098.402598502584,0.0,0.9504852236517153,0.421134048056646
454980.0,5074.271266906895,4098.414367860038,0.0,0.9504853114989747,0.4211354117464191
455040.0,5074.259500976898,4098.4261410666795,0.0,0.95048522197571,0.421136775420469
455100.0,5074.247731632994,4098.437911938053,0.0,0.9504852406305482,0.42113813910553893
455160.0,5074.235963667731,4098.449683773464,0.0,0.9504852152049658,0.421139502787562
455220.0,5074.224194474039,4098.461454777838,0.0,0.9504852285308976,0.4211408664741706
455280.0,5074.212427003942,4098.473226984783,0.0,0.9504851867973649,0.42114223015678925
455340.0,5074.200657018843,4098.4849974736335,0.0,0.950485224714954,0.42114359384768163
455400.0,5074.188893335472,4098.496772324723,0.0,0.9504850619764929,0.42114495752167136
455460.0,5074.177119450585,4098.508540157163,0.0,0.9504852232574224,0.4211463212259105
455520.0,5074.165347720674,4098.520309496261,0.0,0.9504853156402063,0.42114768492536864
455580.0,5074.15358185597,4098.532082883042,0.0,0.9504852214991666,0.4211490486082631
455640.0,5074.141812401745,4098.543853813492,0.0,0.9504852411188168,0.42115041230269
455700.0,5074.130044397718,4098.555625757308,0.0,0.9504852143832552,0.421151775993861
455760.0,5074.118275102354,4098.567396826718,0.0,0.9504852283989983,0.42115313968980095
455820.0,5074.106507619969,4098.579169160315,0.0,0.9504851845139065,0.42115450338149
455880.0,5074.094737493281,4098.590939686677,0.0,0.9504852243903714,0.4211558670818299
455940.0,5074.082973994059,4098.602714799839,0.0,0.9504850532558757,0.4211572307643162
456000.0,5074.071199767326,4098.614482531731,0.0,0.950485222861864,0.4211585944785873
456060.0,5074.059427807416,4098.626251847383,0.0,0.9504853200141893,0.4211599581877505
456120.0,5074.04766193446,4098.638025363176,0.0,0.9504852236012893,0.42116132187967137
456180.0,5074.0358947529485,4098.649798000123,0.0,0.9504851683472996,0.42116268557690917
456240.0,5074.024124060126,4098.661568226551,0.0,0.9504852245203633,0.4211640492849223
456300.0,5074.01236270566,4098.6733449071635,0.0,0.950484983535861,0.42116541296717647
456360.0,5074.000586246143,4098.685111191044,0.0,0.9504852224013858,0.4211667766939805
456420.0,5073.9888129842775,4098.696879699875,0.0,0.9504853592336022,0.4211681404129624
456480.0,5073.977048296114,4098.708654121859,0.0,0.9504852234762401,0.4211695041074501
456540.0,5073.965281770624,4098.720427300749,0.0,0.9504851456811956,0.42117086780879665
456600.0,5073.953510302315,4098.732197083008,0.0,0.9504852248040861,0.4211722315250932
456660.0,5073.941747407809,4098.743972787378,0.0,0.9504850311668624,0.42117359521748265
456720.0,5073.929972397117,4098.755740159099,0.0,0.9504852223022351,0.4211749589460845
456780.0,5073.918199942538,4098.767509313944,0.0,0.9504853317891363,0.4211763226687341
456840.0,5073.906434347771,4098.779283201552,0.0,0.9504852231459282,0.42117768637188635
456900.0,5073.894667280114,4098.791056097058,0.0,0.95048516088501,0.4211790500808348
456960.0,5073.882896256249,4098.8028262754315,0.0,0.9504852241920687,0.4211804138018565
457020.0,5073.871135757209,4098.814603725672,0.0,0.9504849526300275,0.42118177749365737
457080.0,5073.859358237214,4098.82636945878,0.0,0.9504852218146063,0.4211831412355979
457140.0,5073.847584322266,4098.838137697601,0.0,0.9504853760171028,0.42118450496852716
457200.0,5073.83582006939,4098.849912599657,0.0,0.9504852230362973,0.4211858686737867
457260.0,5073.824053747762,4098.861686099125,0.0,0.9504851353736543,0.42118723238658
457320.0,5073.81228185679,4098.873455770168,0.0,0.950485224543087,0.4211885961161512
457380.0,5073.80051335022,4098.885227788504,0.0,0.9504852058628144,0.42118995983691915
457440.0,5073.78874345213,4098.896998862814,0.0,0.9504852311291497,0.42119132356271693
457500.0,5073.7769747608945,4098.908770783479,0.0,0.9504852177616059,0.42119268728599873
457560.0,5073.765204333152,4098.920541523392,0.0,0.9504852592863899,0.4211940510153792
457620.0,5073.753436395926,4098.932313993006,0.0,0.9504852214018373,0.4211954147384375
457680.0,5073.741662150672,4098.9440821391445,0.0,0.9504853835642175,0.4211967784813611
457740.0,5073.729898066131,4098.955857292331,0.0,0.9504852226908154,0.42119814219515916
457800.0,5073.718131806809,4098.96763096982,0.0,0.9504851305064036,0.4211995059168002
457860.0,5073.706359691104,4098.979400620964,0.0,0.9504852242796044,0.4212008696560569
457920.0,5073.694591134867,4098.99117274011,0.0,0.9504852046374478,0.4212022333859992
457980.0,5073.682821115775,4099.002943866042,0.0,0.9504852312097842,0.42120359712117933
458040.0,5073.671052366251,4099.014715881566,0.0,0.9504852171545228,0.4212049608536604
458100.0,5073.659281791117,4099.026486654903,0.0,0.950485260824332,0.42120632459249996
458160.0,5073.647513835402,4099.038259246819,0.0,0.9504852209868511,0.4212076883246409
458220.0,5073.635739246945,4099.050027291354,0.0,0.9504853915197039,0.42120905207759485
458280.0,5073.623975343549,4099.061802704491,0.0,0.9504852223465873,0.42121041579989255
458340.0,5073.61220915388,4099.073576565052,0.0,0.9504851254071391,0.4212117795303585
458400.0,5073.600436887332,4099.085346246702,0.0,0.9504852214452756,0.4212131432790526
458460.0,5073.588665898721,4099.097116831174,0.0,0.9504852764494509,0.4212145070255204
458520.0,5073.576898400961,4099.108889828601,0.0,0.9504852203648604,0.421215870762344
458580.0,5073.565121568038,4099.120656416726,0.0,0.9504854605356945,0.4212172345278627
458640.0,5073.55335978404,4099.132433380087,0.0,0.950485222313273,0.4212185982499968
458700.0,5073.541594785856,4099.144208151557,0.0,0.9504850858143483,0.4212199619830056
458760.0,5073.529821231813,4099.155977036119,0.0,0.9504852210775492,0.42122132574147303
458820.0,5073.518049482827,4099.16774718668,0.0,0.9504852985543958,0.4212226894961766
458880.0,5073.5062826517305,4099.179520733423,0.0,0.950485219589601,0.4212240532370737
458940.0,5073.494507254285,4099.191288394722,0.0,0.9504854125570239,0.42122541700404814
459000.0,5073.4827439196015,4099.203064379872,0.0,0.9504852219197251,0.4212267807367221
459060.0,5073.4709780102585,4099.2148386136605,0.0,0.9504851126830753,0.4212281444784056
459120.0,5073.4592052535945,4099.226608137472,0.0,0.950485220914459,0.4212295082405653
459180.0,5073.447433938692,4099.238378677023,0.0,0.9504852829043738,0.4212308720000205
459240.0,5073.435666558151,4099.250151935247,0.0,0.9504852197073592,0.42123223574853724
459300.0,5073.4238886596795,4099.261917968867,0.0,0.9504854903632194,0.42123359952920036
459360.0,5073.412127720075,4099.273695694269,0.0,0.9504852219134723,0.42123496326090515
459420.0,5073.400363160158,4099.285470947831,0.0,0.9504850680969178,0.42123632700466945
459480.0,5073.388588959406,4099.29723956659,0.0,0.9504852205313546,0.42123769077705847
459540.0,5073.376816794424,4099.309009610372,0.0,0.950485307845887,0.4212390545450102
459600.0,5073.3650501719,4099.320783480868,0.0,0.9504852188650026,0.42124041829733244
459660.0,5073.3532738973845,4099.332550717547,0.0,0.9504854363268731,0.4212417820789002
459720.0,5073.341511217111,4099.344327333779,0.0,0.9504852215012689,0.421243145821698
459780.0,5073.329745637197,4099.356101974627,0.0,0.9504850984068467,0.42124450957445336
459840.0,5073.317972341767,4099.367871307013,0.0,0.9504852203788565,0.4212458733502185
459900.0,5073.306200672711,4099.379641782394,0.0,0.9504852902409551,0.42124723712274015
459960.0,5073.2944334378,4099.391415320966,0.0,0.9504852190289969,0.4212486008828647
460020.0,5073.282658477404,4099.403183552907,0.0,0.9504853930367814,0.4212499646666161
460080.0,5073.2708943936,4099.414959292183,0.0,0.9504852211221524,0.42125132841952306
460140.0,5073.259127986849,4099.426733453356,0.0,0.9504851226119981,0.4212526921807056
460200.0,5073.247355405221,4099.438503367443,0.0,0.9504852202075602,0.42125405596040494
460260.0,5073.235584122373,4099.450274198839,0.0,0.9504852761040068,0.42125541973781583
460320.0,5073.223816386793,4099.462047482436,0.0,0.9504852191109608,0.42125678350541595
460380.0,5073.212039165606,4099.4738142520555,0.0,0.9504854631756177,0.42125814730215394
460440.0,5073.2002772362985,4099.485591565926,0.0,0.9504852210922863,0.42125951105479104
460500.0,5073.188512041146,4099.497366651959,0.0,0.9504850823814368,0.42126087481845426
460560.0,5073.176738152128,4099.50913575507,0.0,0.9504852198378614,0.4212622386079827
460620.0,5073.164966097521,4099.5209061445885,0.0,0.9504852985712336,0.4212636023936599
460680.0,5073.153199040247,4099.532679985555,0.0,0.9504852183271236,0.42126496616529613
460740.0,5073.141423278536,4099.544447845,0.0,0.9504854144231151,0.4212663299634162
460800.0,5073.129659774398,4099.556224163823,0.0,0.9504852206963473,0.4212676937266612
460860.0,5073.117893654268,4099.567998702517,0.0,0.9504851096896969,0.42126905749903676
460920.0,5073.1061205763845,4099.579768454401,0.0,0.9504852196761162,0.42127042129221404
460980.0,5073.094348963751,4099.591539238356,0.0,0.9504852826714827,0.4212717850826166
461040.0,5073.082581349055,4099.603312785206,0.0,0.9504852184507802,0.42127314886189304
461100.0,5073.070806767108,4099.615081547405,0.0,0.9504853753614091,0.4212745126625865
461160.0,5073.059041992149,4099.62685708059,0.0,0.9504852203302449,0.4212758764355522
461220.0,5073.047275121217,4099.6386311919205,0.0,0.9504851314929066,0.4212772402161316
461280.0,5073.035502607212,4099.650401422696,0.0,0.9504852218583305,0.4212786040137095
461340.0,5073.023733522589,4099.6621740325445,0.0,0.9504852029281735,0.4212799678023481
461400.0,5073.011963028126,4099.673945685404,0.0,0.9504852285337831,0.4212813315960704
461460.0,5073.000193756639,4099.685718195994,0.0,0.9504852149875787,0.4212826953872272
461520.0,5072.988422725766,4099.697489509643,0.0,0.950485257069605,0.42128405918455003
461580.0,5072.9766542185325,4099.709262576394,0.0,0.9504852186777073,0.42128542297545046
461640.0,5072.9648793198685,4099.721031260686,0.0,0.9504853830146556,0.4212867867864646
461700.0,5072.9531147166235,4099.732807047245,0.0,0.9504852199850616,0.4212881505679487
461760.0,5072.941347909971,4099.744581337844,0.0,0.950485126565303,0.4212895143573601
461820.0,5072.929575169396,4099.756351547273,0.0,0.950485221596247,0.4212908781646191
461880.0,5072.9178060355935,4099.76812425813,0.0,0.950485201691298,0.42129224196242065
461940.0,5072.906035419674,4099.779895962139,0.0,0.9504852286204353,0.4212936057655169
462000.0,5072.894266090273,4099.791668567706,0.0,0.9504852143772836,0.4212949695658619
462060.0,5072.882494911203,4099.803439914058,0.0,0.9504852586331232,0.42129633337263644
462120.0,5072.8707263863835,4099.8152131035995,0.0,0.9504852182620869,0.4212976971726069
462180.0,5072.858951141108,4099.826981683726,0.0,0.9504853910819286,0.4212990609936518
462240.0,5072.847186722561,4099.838757732603,0.0,0.9504852196411494,0.421300424783615
462300.0,5072.835419987632,4099.850532207591,0.0,0.9504851214025081,0.4213017885818352
462360.0,5072.823647095355,4099.862302446773,0.0,0.950485218728849,0.42130315239852434
462420.0,5072.8118754981415,4099.874073600857,0.0,0.9504852744710681,0.4213045162129342
462480.0,5072.800107438109,4099.885847200643,0.0,0.9504852176350432,0.4213058800175603
462540.0,5072.788329919384,4099.897614303769,0.0,0.9504854610266426,0.4213072438512505
462600.0,5072.776567649092,4099.909391923172,0.0,0.9504852196106757,0.42130860764095723
462660.0,5072.764802122201,4099.921167320675,0.0,0.9504850812821903,0.42130997144166416
462720.0,5072.753027926131,4099.932936751145,0.0,0.9504852183594793,0.421311335268169
462780.0,5072.74125555923,4099.944707464634,0.0,0.9504852968756561,0.4213126990908361
462840.0,5072.729488175459,4099.956481620423,0.0,0.9504852168526768,0.42131406289950035
462900.0,5072.717712111954,4099.968249810585,0.0,0.9504854124078935,0.4213154267345809
462960.0,5072.705948271186,4099.980026437688,0.0,0.950485219215138,0.42131679053488025
463020.0,5072.694181821826,4099.991801289415,0.0,0.9504851085144486,0.4213181543442892
463080.0,5072.682408434463,4100.003571367048,0.0,0.9504852181974901,0.421319518174446
463140.0,5072.670636508164,4100.015342474037,0.0,0.9504852810189972,0.42132088200183865
463200.0,5072.658868568429,4100.027116336596,0.0,0.9504852169753034,0.4213222458181357
463260.0,5072.6470936812175,4100.038885427227,0.0,0.9504853734530653,0.4213236096557953
463320.0,5072.6353285731175,4100.050661270888,0.0,0.9504852188493543,0.42132497346580233
463380.0,5072.623561374967,4100.0624356964945,0.0,0.9504851302569034,0.4213263372834061
463440.0,5072.611788549762,4100.074206251855,0.0,0.9504852203729959,0.4213277011179646
463500.0,5072.600019144179,4100.085979179996,0.0,0.9504852014949293,0.4213290649436095
463560.0,5072.588248332744,4100.097751153703,0.0,0.9504852270298092,0.4213304287743268
463620.0,5072.576478740789,4100.109523982885,0.0,0.9504852135208467,0.4213317926024875
463680.0,5072.564707394425,4100.121295618321,0.0,0.9504852554867076,0.4213331564368003
463740.0,5072.5529385645095,4100.133069002222,0.0,0.950485217200569,0.42133452026470947
463800.0,5072.541163361295,4100.144838015323,0.0,0.9504853810842157,0.42133588411268236
463860.0,5072.529398424237,4100.156614111849,0.0,0.9504852185040875,0.4213372479312043
463920.0,5072.517631290003,4100.168388716411,0.0,0.9504851253418771,0.42133861175763565
463980.0,5072.5058582386955,4100.180159250648,0.0,0.9504852201105987,0.42133997560186864
464040.0,5072.494088783894,4100.19193227969,0.0,0.9504852002604378,0.42134133943667124
464100.0,5072.482317851168,4100.203704304578,0.0,0.9504852271151822,0.42134270327675655
464160.0,5072.470548201282,4100.215477228649,0.0,0.9504852129112015,0.42134406711410016
464220.0,5072.4587767069615,4100.227248896866,0.0,0.9504852570448593,0.4213454309578587
464280.0,5072.4470078593295,4100.239022403395,0.0,0.9504852167850594,0.42134679479483284
464340.0,5072.43523231031,4100.250791312776,0.0,0.9504853891281426,0.421348158652829
464400.0,5072.423467557248,4100.262567671082,0.0,0.9504852181600882,0.4213495224798264
464460.0,5072.411700494354,4100.274342459707,0.0,0.9504851201923159,0.4213508863150622
464520.0,5072.399927291603,4100.286113023784,0.0,0.9504852172500738,0.4213522501687193
464580.0,5072.3881553802,4100.29788450036,0.0,0.9504852728384476,0.4213536140201063
464640.0,5072.376386995918,4100.309658416155,0.0,0.9504852161590543,0.42135497786173653
464700.0,5072.364609179787,4100.321425852561,0.0,0.9504854588793457,0.4213563417323571
464760.0,5072.352846568759,4100.333203777338,0.0,0.9504852181290083,0.4213577055591113
464820.0,5072.341080710354,4100.344979486141,0.0,0.9504850801818705,0.4213590693968398
464880.0,5072.329306207386,4100.3567492437605,0.0,0.9504852168810325,0.4213604332602993
464940.0,5072.317533528364,4100.368520281021,0.0,0.950485295180556,0.42136179711993427
465000.0,5072.305765818302,4100.380294751451,0.0,0.9504852153781554,0.42136316096560444
465060.0,5072.293989453145,4100.392063272111,0.0,0.9504854103939483,0.42136452483762354
465120.0,5072.28222527598,4100.40384020733,0.0,0.9504852177338713,0.4213658886749549
465180.0,5072.270458497606,4100.415615371915,0.0,0.9504851073383394,0.4213672525213751
465240.0,5072.258684800929,4100.427385775086,0.0,0.9504852167187994,0.4213686163884894
465300.0,5072.246912561133,4100.439157204909,0.0,0.9504852793670393,0.42136998025284994
465360.0,5072.235144296574,4100.450931382999,0.0,0.9504852154997512,0.42137134410614524
465420.0,5072.223369104243,4100.462700801843,0.0,0.9504853715461085,0.4213727079807491
465480.0,5072.211603663233,4100.474476955814,0.0,0.9504852173684066,0.42137407182777514
465540.0,5072.199836138079,4100.48625169552,0.0,0.950485129020083,0.42137543568238117
465600.0,5072.188063001844,4100.498022575261,0.0,0.9504852188876176,0.4213767995538981
465660.0,5072.176293275494,4100.509795821506,0.0,0.9504852000614779,0.42137816341652734
465720.0,5072.164522147265,4100.521568115868,0.0,0.9504852255258501,0.42137952728421774
465780.0,5072.152752235034,4100.533341263452,0.0,0.9504852120540134,0.4213808911493604
465840.0,5072.1409805733565,4100.545113220477,0.0,0.950485253904069,0.421382255020641
465900.0,5072.129211420964,4100.556886921345,0.0,0.9504852157233615,0.42138361888553677
465960.0,5072.117435913343,4100.568656263038,0.0,0.9504853791550614,0.42138498277044645
466020.0,5072.105670642712,4100.580432669366,0.0,0.9504852170230563,0.42138634662598384
466080.0,5072.093903181113,4100.592207587718,0.0,0.9504851241175722,0.42138771048941304
466140.0,5072.082129819236,4100.603978446558,0.0,0.9504852186249083,0.42138907437059797
466200.0,5072.07036004363,4100.615751793601,0.0,0.9504851988293577,0.4213904382423798
466260.0,5072.058588794277,4100.62752413917,0.0,0.950485225609951,0.4213918021194324
466320.0,5072.046818824102,4100.639297381557,0.0,0.9504852114450142,0.42139316599375265
466380.0,5072.035047014711,4100.651069371442,0.0,0.950485255456886,0.4213945298744728
466440.0,5072.023277844473,4100.6628431947765,0.0,0.950485215307962,0.4213958937484286
466500.0,5072.01150199185,4100.6746124331885,0.0,0.9504853871758079,0.42139725764335406
466560.0,5071.9997369045095,4100.686389100768,0.0,0.9504852166789701,0.42139862150736357
466620.0,5071.987969513871,4100.6981642028595,0.0,0.9504851189811594,0.42139998537959295
466680.0,5071.976196000803,4100.709935091621,0.0,0.9504852157712345,0.42140134927019607
466740.0,5071.964423775386,4100.721706890489,0.0,0.950485271206202,0.4214027131585381
466800.0,5071.952655067058,4100.733481122111,0.0,0.9504852146829945,0.4214040770371503
466860.0,5071.940876953653,4100.745248891575,0.0,0.9504854567336873,0.4214054409446794
466920.0,5071.929114002132,4100.757027121571,0.0,0.9504852166472849,0.4214068048084591
466980.0,5071.917347812435,4100.768803141503,0.0,0.9504850790805135,0.42140816868318715
467040.0,5071.905573002731,4100.780573226064,0.0,0.9504852154025208,0.4214095325835794
467100.0,5071.893800011758,4100.792344586893,0.0,0.950485293485978,0.4214108964801603
467160.0,5071.882031975616,4100.804119371788,0.0,0.9504852139035587,0.4214122603628144
467220.0,5071.870255308948,4100.815888222729,0.0,0.9504854083814139,0.4214136242717502
467280.0,5071.8584907956265,4100.827665465906,0.0,0.9504852162525473,0.4214149881460918
467340.0,5071.846723688457,4100.839440943175,0.0,0.9504851061613471,0.42141635202950123
467400.0,5071.834949682631,4100.85121167168,0.0,0.9504852152400447,0.42141771593355104
467460.0,5071.823177129518,4100.86298342414,0.0,0.9504852777153746,0.42141907983485766
467520.0,5071.811408540331,4100.874757917582,0.0,0.9504852140241286,0.4214204437251294
467580.0,5071.799633043038,4100.886527664433,0.0,0.9504853696399993,0.4214218076366559
467640.0,5071.787867269344,4100.898304128545,0.0,0.9504852158874,0.4214231715206791
467700.0,5071.776099417397,4100.910079182173,0.0,0.9504851277826065,0.4214245354122654
467760.0,5071.764325970299,4100.921850386093,0.0,0.9504852174021913,0.42142589932071917
467820.0,5071.752555923376,4100.933623950253,0.0,0.950485198627856,0.42142726322031077
467880.0,5071.740784478542,4100.945396565076,0.0,0.9504852240218865,0.4214286271249521
467940.0,5071.729014246229,4100.9571700308725,0.0,0.9504852105870871,0.42142999102705464
468000.0,5071.717242269419,4100.968942309289,0.0,0.9504852523216212,0.421431354935281
468060.0,5071.705472794746,4100.980716326937,0.0,0.9504852142460861,0.4214327188371413
468120.0,5071.693696982871,4100.99248599701,0.0,0.9504853772269749,0.4214340827589658
468180.0,5071.681931378894,4101.004262712972,0.0,0.9504852155419667,0.4214354466514966
468240.0,5071.670163590144,4101.016037944936,0.0,0.950485122892557,0.4214368105519016
468300.0,5071.658389917866,4101.027809128176,0.0,0.9504852171391719,0.42143817447001647
468360.0,5071.646619821648,4101.039582793034,0.0,0.9504851973980863,0.4214395383787554
468420.0,5071.63484825585,4101.0513554590925,0.0,0.9504852241047262,0.42144090229275316
468480.0,5071.623077965579,4101.0631290196025,0.0,0.9504852099787291,0.42144226620402775
468540.0,5071.611305841295,4101.074901330955,0.0,0.9504852538691417,0.42144363012168773
468600.0,5071.599536348646,4101.086675470908,0.0,0.9504852138307965,0.42144499403260305
468660.0,5071.587760192568,4101.098445038136,0.0,0.9504853852246464,0.42144635796443575
468720.0,5071.575994771183,4101.110222014824,0.0,0.9504852151977943,0.4214477218654353
468780.0,5071.564227053013,4101.121997430206,0.0,0.9504851177692074,0.42144908577463597
468840.0,5071.552453229789,4101.13376864345,0.0,0.9504852142923312,0.421450449702163
468900.0,5071.540680690533,4101.145540764411,0.0,0.9504852695743877,0.4214518136274381
468960.0,5071.528911658369,4101.157315311681,0.0,0.95048521320686,0.42145317754301
469020.0,5071.517133247801,4101.169083413963,0.0,0.9504854545903857,0.42145454148742584
469080.0,5071.505369956061,4101.180861949032,0.0,0.9504852151655072,0.42145590538820865
469140.0,5071.4936034353095,4101.192638279932,0.0,0.9504850779776794,0.4214572692999141
469200.0,5071.481828319011,4101.204408691213,0.0,0.9504852139239436,0.4214586332372171
469260.0,5071.4700550162515,4101.216180375406,0.0,0.950485291792079,0.4214599971707219
469320.0,5071.458286654244,4101.22795547459,0.0,0.9504852124288831,0.4214613610903379
469380.0,5071.446509686195,4101.239724655584,0.0,0.9504854063705905,0.4214627250361684
469440.0,5071.434744836963,4101.251502206564,0.0,0.9504852147711672,0.4214640889474977
469500.0,5071.422977401221,4101.263277996348,0.0,0.9504851049833076,0.42146545286787424
469560.0,5071.411203086404,4101.275049049978,0.0,0.9504852137612253,0.4214668168088378
469620.0,5071.399430220143,4101.286821124872,0.0,0.950485276064238,0.42146818074706854
469680.0,5071.387661306542,4101.298595933485,0.0,0.9504852125484309,0.4214695446742945
469740.0,5071.375881826285,4101.310363477289,0.0,0.9504854845707089,0.42147090863383485
469800.0,5071.364119383653,4101.322142777725,0.0,0.9504852147660781,0.4214722725441371
469860.0,5071.3523533040025,4101.333919592494,0.0,0.9504850601732479,0.4214736364665536
469920.0,5071.340577538795,4101.345689735597,0.0,0.950485213377382,0.4214750004177515
469980.0,5071.328803818908,4101.3574613115225,0.0,0.9504853011328431,0.4214763643644739
470040.0,5071.317035667243,4101.369236735358,0.0,0.9504852117030176,0.4214777282954744
470100.0,5071.305264107236,4101.3810098246495,0.0,0.9504852303383194,0.4214790922374882
470160.0,5071.293493923651,4101.3927838776335,0.0,0.9504852049392332,0.4214804561764519
470220.0,5071.281722513652,4101.40455709982,0.0,0.9504852182511961,0.4214818201199961
470280.0,5071.2699528244775,4101.416331524148,0.0,0.9504851765611697,0.4214831840595471
470340.0,5071.258180624401,4101.428104230911,0.0,0.950485214439127,0.42148454800736634
470400.0,5071.246414715858,4101.439881298441,0.0,0.9504850518704635,0.4214859119382806
470460.0,5071.234638622369,4101.451651349597,0.0,0.9504852129830073,0.42148727589943574
470520.0,5071.222864680391,4101.463422906868,0.0,0.9504853052692992,0.42148863985580487
470580.0,5071.211096594111,4101.475198510485,0.0,0.9504852112264772,0.4214900037956119
470640.0,5071.199324924158,4101.486971658532,0.0,0.9504852308255946,0.4214913677469445
470700.0,5071.1875547020745,4101.498745819583,0.0,0.950485204117882,0.42149273169501816
470760.0,5071.175783190773,4101.510519106482,0.0,0.9504852181189442,0.42149409564785556
470820.0,5071.1640134895315,4101.522293657121,0.0,0.9504851742795787,0.4214954595964388
470880.0,5071.152241148296,4101.534066401082,0.0,0.9504852141143907,0.42149682355366735
470940.0,5071.140475423806,4101.545843730297,0.0,0.9504850431583529,0.42149818749304035
471000.0,5071.12869898922,4101.55761368063,0.0,0.9504852125873681,0.42149955146418916
471060.0,5071.116924817812,4101.569385214157,0.0,0.950485309638337,0.4215009154302252
471120.0,5071.1051567234945,4101.58116094644,0.0,0.9504852133259127,0.4215022793790205
471180.0,5071.093387322781,4101.592935800114,0.0,0.9504851581294453,0.4215036433331256
471240.0,5071.081614416462,4101.604708244034,0.0,0.9504852142439197,0.4215050072980017
471300.0,5071.06985083339,4101.616487139992,0.0,0.9504849735104466,0.4215063712371185
471360.0,5071.058072169771,4101.628255642578,0.0,0.9504852121270408,0.42150773522077356
471420.0,5071.04629669865,4101.64002636934,0.0,0.9504853488166554,0.421509099196602
471480.0,5071.034529787344,4101.651803007319,0.0,0.9504852132006656,0.4215104631479395
471540.0,5071.022761041721,4101.6635784025575,0.0,0.9504851354866121,0.42151182710612833
471600.0,5071.0109873613055,4101.675350402252,0.0,0.9504852145270187,0.4215131910792618
471660.0,5070.999222240817,4101.687128322095,0.0,0.95048502109143,0.4215145550284889
471720.0,5070.987445023803,4101.698897911967,0.0,0.950485212027665,0.421515919013917
471780.0,5070.975670358795,4101.710669284331,0.0,0.9504853214004283,0.42151728299338825
471840.0,5070.963902542485,4101.722445387904,0.0,0.9504852128703696,0.42151864695336433
471900.0,5070.952133255708,4101.734220499648,0.0,0.9504851506742698,0.4215200109191293
471960.0,5070.940360019151,4101.745992895128,0.0,0.9504852139153106,0.42152137489696295
472020.0,5070.928597290386,4101.75777256006,0.0,0.9504849426361107,0.4215227388455761
472080.0,5070.916817568273,4101.769540511649,0.0,0.950485211540216,0.421524102844316
472140.0,5070.905041445396,4101.781310968085,0.0,0.9504853655819763,0.42152546683404063
472200.0,5070.893274968937,4101.7930880855765,0.0,0.9504852127605242,0.4215268307960995
472260.0,5070.881506427111,4101.804863800882,0.0,0.950485125189199,0.42152819476568437
472320.0,5070.869732324988,4101.816635688989,0.0,0.9504852142656339,0.4215295587520413
472380.0,5070.857961601799,4101.82840992359,0.0,0.9504851956047757,0.4215309227295927
472440.0,5070.846189489369,4101.840183214439,0.0,0.9504852208447245,0.4215322867121689
472500.0,5070.834418581859,4101.85195735133,0.0,0.9504852074910559,0.42153365069222565
472560.0,5070.822645940679,4101.863730307824,0.0,0.9504852489725244,0.4215350146783755
472620.0,5070.810875786,4101.875504993425,0.0,0.9504852111273848,0.42153637865820076
472680.0,5070.799099333554,4101.887275356905,0.0,0.9504853731207319,0.4215377426578812
472740.0,5070.787333025354,4101.89905272514,0.0,0.95048521241491,0.4215391066284403
472800.0,5070.775564545935,4101.9108286181045,0.0,0.950485120326519,0.4215404706068348
472860.0,5070.763790219638,4101.922600486014,0.0,0.9504852140019341,0.421541834602839
472920.0,5070.7520194470635,4101.93437482109,0.0,0.9504851943801861,0.4215431985895263
472980.0,5070.740247214028,4101.946148163242,0.0,0.9504852209247867,0.42154456258144685
473040.0,5070.728476248523,4101.957922394662,0.0,0.9504852068841106,0.4215459265706646
473100.0,5070.716703460392,4101.969695384261,0.0,0.9504852505083907,0.4215472905662353
473160.0,5070.704933287454,4101.981470191821,0.0,0.9504852107123375,0.42154865455510515
473220.0,5070.693156492555,4101.993240453422,0.0,0.9504853810676324,0.42155001856477753
473280.0,5070.681390365417,4102.005018081226,0.0,0.9504852120705487,0.4215513825437983
473340.0,5070.669621955742,4102.016794156902,0.0,0.9504851152319549,0.4215527465309795
473400.0,5070.657847479049,4102.028566055007,0.0,0.9504852111700659,0.4215541105363829
473460.0,5070.646074278254,4102.040338855588,0.0,0.9504852661169205,0.42155547453955455
473520.0,5070.634304562664,4102.052114068325,0.0,0.9504852100906662,0.4215568385330821
473580.0,5070.622525527071,4102.0638828737865,0.0,0.9504854500113878,0.42155820255529247
473640.0,5070.610761516027,4102.0756620511065,0.0,0.9504852120369405,0.42155956653412563
473700.0,5070.598994296036,4102.087439037193,0.0,0.9504850756801446,0.42156093052382504
473760.0,5070.587218534063,4102.099210138264,0.0,0.9504852108023947,0.4215622945389756
473820.0,5070.5754445742605,4102.110982504873,0.0,0.9504852881984451,0.42156365855035705
473880.0,5070.563675524382,4102.122758266542,0.0,0.9504852093158875,0.42156502254793277
473940.0,5070.551897922069,4102.134528144641,0.0,0.9504854020822477,0.42156638657157586
474000.0,5070.540132362979,4102.1463063438605,0.0,0.9504852116434741,0.4215677505609223
474060.0,5070.52836423344,4102.158082792237,0.0,0.9504851025205509,0.42156911455927043
474120.0,5070.5165892676905,4102.169854532148,0.0,0.9504852106391464,0.42157047857808827
474180.0,5070.5048157414,4102.18162728742,0.0,0.9504852725643654,0.42157184259419617
474240.0,5070.493046143104,4102.193402760461,0.0,0.9504852094331957,0.42157320659936587
474300.0,5070.48126604397,4102.2051710112,0.0,0.9504854798068225,0.421574570636669
474360.0,5070.4695028762035,4102.216950949898,0.0,0.9504852116368993,0.42157593462502246
474420.0,5070.457736094033,4102.228728417511,0.0,0.9504850579806073,0.42157729862542676
474480.0,5070.445959686676,4102.2404992524625,0.0,0.9504852102561128,0.4215786626544477
474540.0,5070.43418531182,4102.252271511924,0.0,0.9504852974795346,0.421580026679026
474600.0,5070.422416470443,4102.264047596833,0.0,0.9504852085913899,0.4215813906879763
474660.0,5070.410637992755,4102.27581705005,0.0,0.9504854258264247,0.4215827547261612
474720.0,5070.398873087273,4102.287595879737,0.0,0.950485211224797,0.421584118725581
474780.0,5070.3871052868935,4102.299372734632,0.0,0.9504850882586414,0.4215854827349502
474840.0,5070.375329783522,4102.311144282776,0.0,0.9504852101034457,0.4215868467673223
474900.0,5070.363555903921,4102.322916973493,0.0,0.9504852798926609,0.4215882107964454
474960.0,5070.351786451282,4102.334692726387,0.0,0.9504852087548834,0.4215895748131719
475020.0,5070.340009285713,4102.346463174336,0.0,0.9504853825813312,0.42159093885351584
475080.0,5070.328242979119,4102.358241127155,0.0,0.9504852108457476,0.4215923028630186
475140.0,5070.316474353375,4102.3700175023305,0.0,0.9504851124382321,0.4215936668807891
475200.0,5070.304699562783,4102.381789631783,0.0,0.9504852099319993,0.4215950309170703
475260.0,5070.292926068897,4102.393562678196,0.0,0.9504852657701084,0.4215963949510575
475320.0,5070.281156116535,4102.405338175992,0.0,0.9504852088364342,0.42159775897523405
475380.0,5070.269376693987,4102.417107161884,0.0,0.9504854526465463,0.4215991230285361
475440.0,5070.257612538522,4102.42888668858,0.0,0.9504852108155839,0.4216004870377447
475500.0,5070.245845122545,4102.44066398811,0.0,0.9504850722493445,0.42160185105797116
475560.0,5070.234069026814,4102.45243530665,0.0,0.9504852095623579,0.4216032151040552
475620.0,5070.222294762555,4102.464207911127,0.0,0.9504852882135519,0.4216045791462828
475680.0,5070.210525487534,4102.47598396591,0.0,0.9504852080530863,0.42160594317447037
475740.0,5070.19874752222,4102.487754041083,0.0,0.9504854039445854,0.42160730722913164
475800.0,5070.186981794613,4102.49953257285,0.0,0.9504852104197294,0.42160867124892193
475860.0,5070.175213455293,4102.511309325017,0.0,0.9504850995287739,0.42161003527783475
475920.0,5070.163438169515,4102.523081291916,0.0,0.9504852094004528,0.4216113993275427
475980.0,5070.151664346647,4102.5348542904985,0.0,0.9504852723300693,0.4216127633744705
476040.0,5070.1398945152405,4102.546630051061,0.0,0.9504852081762852,0.42161412741027254
476100.0,5070.128117727911,4102.55840102849,0.0,0.9504853649232081,0.42161549146748256
476160.0,5070.11635073168,4102.570178774675,0.0,0.9504852100536797,0.4216168554969673
476220.0,5070.104581642907,4102.581955099414,0.0,0.9504851213089756,0.4216182195340581
476280.0,5070.092806920231,4102.593727544845,0.0,0.9504852115800618,0.42161958358814144
476340.0,5070.081035621397,4102.605502368538,0.0,0.9504851926695922,0.421620947633283
476400.0,5070.069262915033,4102.617276235519,0.0,0.9504852182484456,0.42162231168350345
476460.0,5070.057491429679,4102.629050959919,0.0,0.9504852047163105,0.421623675731155
476520.0,5070.045718187818,4102.640824487732,0.0,0.9504852467544184,0.4216250397849671
476580.0,5070.033947465523,4102.652599768044,0.0,0.9504852084024824,0.4216264038323542
476640.0,5070.022170362196,4102.664370667274,0.0,0.9504853725680811,0.4216277678998448
476700.0,5070.010403537601,4102.676148666444,0.0,0.9504852097083644,0.4216291319378099
476760.0,5069.998634513205,4102.68792517009,0.0,0.950485116385962,0.42163049598369434
476820.0,5069.986859564525,4102.699697593878,0.0,0.95048521131776,0.4216318600474203
476880.0,5069.975088216791,4102.711472518241,0.0,0.9504851914335106,0.4216332241016867
476940.0,5069.963315389363,4102.723246436053,0.0,0.9504852183345165,0.4216345881612428
477000.0,5069.951543846389,4102.735021255097,0.0,0.9504852041061584,0.4216359522180441
477060.0,5069.939770456771,4102.746794815299,0.0,0.9504852483158197,0.42163731628126966
477120.0,5069.927999717121,4102.758570218059,0.0,0.9504852079868021,0.4216386803376888
477180.0,5069.916222267942,4102.770341012852,0.0,0.9504853806265545,0.42164004441517183
477240.0,5069.904455627951,4102.782119273954,0.0,0.9504852093643184,0.4216414084615779
477300.0,5069.892686675367,4102.793895961626,0.0,0.950485111227976,0.4216427725162331
477360.0,5069.880911575429,4102.805668414852,0.0,0.950485208452859,0.42164413658935124
477420.0,5069.869137768488,4102.817441782632,0.0,0.9504852641369472,0.4216455006601846
477480.0,5069.857367493003,4102.829217595301,0.0,0.9504852073600836,0.42164686472123425
477540.0,5069.845587774195,4102.840986913371,0.0,0.9504854504980682,0.4216482288113357
477600.0,5069.833823279108,4102.852766744284,0.0,0.9504852093335482,0.421649592857461
477660.0,5069.822055532737,4102.864544353969,0.0,0.9504850711491235,0.4216509569145782
477720.0,5069.810279131254,4102.876315998545,0.0,0.9504852080835464,0.42165232099748584
477780.0,5069.79850455601,4102.8880889256725,0.0,0.950485286517793,0.42165368507655043
477840.0,5069.786734955823,4102.899865293957,0.0,0.9504852065782056,0.42165504914161306
477900.0,5069.774956690004,4102.911635698522,0.0,0.9504854019295224,0.42165641323308195
477960.0,5069.7631906271135,4102.923414537252,0.0,0.950485208938094,0.42165777728977344
478020.0,5069.751421959898,4102.935191601133,0.0,0.9504850983527939,0.4216591413555667
478080.0,5069.739646365948,4102.946963892456,0.0,0.9504852079213977,0.42166050544210126
478140.0,5069.727872230722,4102.958737212751,0.0,0.9504852706773822,0.42166186952586615
478200.0,5069.7161020756075,4102.9705132877025,0.0,0.9504852067003753,0.42166323359853575
478260.0,5069.704324984308,4102.98228459224,0.0,0.9504853630150418,0.42166459769255893
478320.0,5069.692557656279,4102.994062647582,0.0,0.9504852085723635,0.42166596175893195
478380.0,5069.680788241623,4103.00583928528,0.0,0.9504851200721895,0.42166732583289407
478440.0,5069.669013209053,4103.017612053972,0.0,0.950485210094308,0.42166868992380496
478500.0,5069.65724159058,4103.029387194637,0.0,0.9504851912358565,0.42167005400579993
478560.0,5069.6454685685585,4103.041161381146,0.0,0.9504852167440775,0.42167141809286235
478620.0,5069.63369676406,4103.052936422818,0.0,0.9504852032491333,0.4216727821773648
478680.0,5069.621923208019,4103.064710271098,0.0,0.950485245171233,0.4216741462680138
478740.0,5069.610152164371,4103.076485867244,0.0,0.9504852069249128,0.42167551035225687
478800.0,5069.598374757786,4103.088257093957,0.0,0.9504853706378418,0.4216768744565534
478860.0,5069.5866076007305,4103.100035401779,0.0,0.9504852082269647,0.42167823853140335
478920.0,5069.5748382500915,4103.111812218073,0.0,0.9504851151616742,0.4216796026141549
478980.0,5069.5630629919815,4103.123584965342,0.0,0.9504852098316946,0.4216809667147021
479040.0,5069.551291324571,4103.135360206574,0.0,0.9504851900021316,0.42168233080581663
479100.0,5069.539518181652,4103.1471344439415,0.0,0.9504852168288834,0.4216836949022088
479160.0,5069.527746319519,4103.158909580167,0.0,0.9504852026396231,0.4216850589958558
479220.0,5069.515972615962,4103.170683460911,0.0,0.9504852467273338,0.4216864230959122
479280.0,5069.504201554827,4103.182459179342,0.0,0.9504852065093427,0.42168778718918204
479340.0,5069.492423803193,4103.1942303020605,0.0,0.9504853786730842,0.42168915130346335
479400.0,5069.480656830037,4103.206008871281,0.0,0.950485207882832,0.4216905153867506
479460.0,5069.468887550827,4103.217785871277,0.0,0.9504851100168691,0.42169187947826847
479520.0,5069.457112141715,4103.22955864807,0.0,0.9504852069736548,0.4216932435882016
479580.0,5069.445338021893,4103.241332337019,0.0,0.9504852625041309,0.4216946076958591
479640.0,5069.43356742349,4103.253108464381,0.0,0.9504852058836617,0.42169597179375984
479700.0,5069.4217874085525,4103.264878114402,0.0,0.9504854483512877,0.42169733592063874
479760.0,5069.410022574091,4103.27665824938,0.0,0.9504852078514558,0.4216987000036588
479820.0,5069.398254497549,4103.288436169049,0.0,0.9504850700478573,0.4217000640976447
479880.0,5069.386477790465,4103.300208139448,0.0,0.9504852066046701,0.42170142821735407
479940.0,5069.374702904403,4103.311981389022,0.0,0.9504852848225981,0.4217027923332336
480000.0,5069.362932979261,4103.323758070635,0.0,0.9504852051032492,0.4217041564351493
480060.0,5069.351154413074,4103.33552880437,0.0,0.9504853999159384,0.4217055205634038
480120.0,5069.339388015144,4103.347307949908,0.0,0.9504852074564019,0.4217068846569745
480180.0,5069.327619020255,4103.359085325332,0.0,0.9504850971758005,0.42170824875962615
480240.0,5069.315843118291,4103.370857940872,0.0,0.9504852064422777,0.42170961288296543
480300.0,5069.304068670878,4103.382631582679,0.0,0.9504852690252016,0.4217109770035455
480360.0,5069.292298192267,4103.394407971842,0.0,0.9504852052243901,0.42171234111306044
480420.0,5069.2805207971405,4103.4061796032665,0.0,0.9504853611082146,0.421713705243875
480480.0,5069.2687531375495,4103.4179579676065,0.0,0.9504852070909897,0.42171506934711417
480540.0,5069.256983397225,4103.429734918088,0.0,0.9504851188346126,0.42171643345792564
480600.0,5069.2452080549265,4103.441508009838,0.0,0.9504852086085094,0.4217177975856423
480660.0,5069.233436117009,4103.4532834672855,0.0,0.9504851898019158,0.42171916170446877
480720.0,5069.221662779511,4103.46505797313,0.0,0.9504852152397231,0.4217205258283513
480780.0,5069.209890656058,4103.476833331883,0.0,0.9504852017818546,0.42172188994968274
480840.0,5069.198116786018,4103.488607500428,0.0,0.9504852435883107,0.42172325407714656
480900.0,5069.186345421217,4103.50038341222,0.0,0.9504852054472741,0.4217246181982232
480960.0,5069.174567711516,4103.512154966199,0.0,0.9504853687089067,0.4217259823393036
481020.0,5069.1628002222305,4103.523933582512,0.0,0.9504852067455075,0.421727346451016
481080.0,5069.151030545563,4103.535710711279,0.0,0.9504851139365978,0.42172871057061245
481140.0,5069.1392549781895,4103.547483781829,0.0,0.9504852083455847,0.4217300747079587
481200.0,5069.127482991296,4103.559259339744,0.0,0.9504851885705597,0.4217314388358996
481260.0,5069.115709533065,4103.5710338964755,0.0,0.9504852153232584,0.42173280296910626
481320.0,5069.1039373519625,4103.582809349696,0.0,0.9504852011729902,0.42173416709957695
481380.0,5069.092163334646,4103.594583550785,0.0,0.9504852451390732,0.42173553123644214
481440.0,5069.08039195223,4103.6063595847,0.0,0.9504852050318141,0.4217368953665407
481500.0,5069.068613898279,4103.618131035121,0.0,0.9504853767210186,0.4217382595175984
481560.0,5069.056846592198,4103.629909912302,0.0,0.9504852064012883,0.421739623637745
481620.0,5069.045076986579,4103.641687224447,0.0,0.9504851088049049,0.42174098776610336
481680.0,5069.0333012684505,4103.653460324603,0.0,0.9504852054943868,0.4217423519128295
481740.0,5069.021526835925,4103.665234334521,0.0,0.9504852608716894,0.4217437160572891
481800.0,5069.009755914807,4103.677010776392,0.0,0.9504852044071679,0.42174508019201884
481860.0,5068.9979756038665,4103.688780758136,0.0,0.9504854462063761,0.4217464443556534
481920.0,5068.986210430283,4103.700561197026,0.0,0.9504852063693084,0.42174780847554594
481980.0,5068.974442023796,4103.712339426514,0.0,0.9504850689454103,0.4217491726063784
482040.0,5068.962665011266,4103.724111722524,0.0,0.9504852051257288,0.4217505367628675
482100.0,5068.950889814557,4103.735885294342,0.0,0.9504852831279734,0.42175190091554005
482160.0,5068.9391195646685,4103.7476622891,0.0,0.9504852036282156,0.42175326505428673
482220.0,5068.927340698251,4103.759433351783,0.0,0.9504853979039205,0.42175462921930484
482280.0,5068.915573965525,4103.771212803966,0.0,0.9504852059746531,0.4217559933497326
482340.0,5068.9038046431815,4103.782990490759,0.0,0.9504850959978938,0.42175735748922033
482400.0,5068.892028433367,4103.794763430308,0.0,0.9504852049630943,0.4217587216493422
482460.0,5068.880253673944,4103.806537393429,0.0,0.9504852673733912,0.42176008580671526
482520.0,5068.8684828720425,4103.818314096625,0.0,0.9504852037483337,0.4217614499530536
482580.0,5068.856701490617,4103.830083517964,0.0,0.950485476238853,0.4217628141317758
482640.0,5068.844937167681,4103.84186472338,0.0,0.9504852059699186,0.42176417826113727
482700.0,5068.833169203341,4103.853643437242,0.0,0.9504850511110703,0.4217655424026332
482760.0,5068.821391541618,4103.865415463825,0.0,0.9504852045789536,0.42176690657297744
482820.0,5068.809615927778,4103.877188926497,0.0,0.9504852924855323,0.42176827073882617
482880.0,5068.797845888996,4103.888966246043,0.0,0.9504852029018283,0.4217696348889115
482940.0,5068.786072437744,4103.900741225537,0.0,0.9504852215692712,0.4217709990500303
483000.0,5068.774300364644,4103.91251717092,0.0,0.9504851961265197,0.42177236320808564
483060.0,5068.762527063671,4103.924292283514,0.0,0.9504852094614621,0.4217737273707265
483120.0,5068.75075548567,4103.936068601008,0.0,0.9504851676997071,0.42177509152935816
483180.0,5068.738981393734,4103.947843196874,0.0,0.9504852056429509,0.4217764556962725
483240.0,5068.727213601096,4103.959622163621,0.0,0.9504850427943872,0.4217778198462318
483300.0,5068.715435611063,4103.971394097567,0.0,0.9504852041844448,0.42177918402650244
483360.0,5068.703659775237,4103.9831675410705,0.0,0.9504852966297612,0.4217805482019662
483420.0,5068.691889802301,4103.994945040351,0.0,0.9504852024250102,0.42178191236082424
483480.0,5068.68011624135,4104.006720078265,0.0,0.950485222057952,0.4217832765312293
483540.0,5068.668344130081,4104.018496131504,0.0,0.9504851953042888,0.4217846406983615
483600.0,5068.65657072806,4104.030271308495,0.0,0.9504852093295337,0.42178600487026296
483660.0,5068.644799138359,4104.042047752124,0.0,0.950485165414687,0.42178736903789377
483720.0,5068.633024905472,4104.053822384804,0.0,0.950485205318202,0.4217887332141852
483780.0,5068.621257297498,4104.065601613384,0.0,0.950485034067625,0.42179009737256856
483840.0,5068.609478966326,4104.077373445801,0.0,0.9504852037886694,0.42179146156280173
483900.0,5068.597702901167,4104.089146865034,0.0,0.9504853010069321,0.4217928257479007
483960.0,5068.585932920568,4104.100924492819,0.0,0.9504852045286079,0.42179418991571405
484020.0,5068.574161632031,4104.112701239858,0.0,0.9504851492371655,0.4217955540888409
484080.0,5068.562386833621,4104.124475571485,0.0,0.9504852054483164,0.42179691827276167
484140.0,5068.550621369933,4104.136256370152,0.0,0.9504849643003814,0.42179828243085143
484200.0,5068.538840807255,4104.148026751128,0.0,0.9504852033279144,0.4217996466335847
484260.0,5068.527063441051,4104.159799361404,0.0,0.9504853402528991,0.42180101082846305
484320.0,5068.515294645157,4104.171577896682,0.0,0.9504852044035085,0.42180237499878787
484380.0,5068.503524012765,4104.183355186237,0.0,0.950485126555781,0.4218037391759715
484440.0,5068.491748439565,4104.195129072286,0.0,0.9504852057322655,0.4218051033681327
484500.0,5068.479981436814,4104.2069088922635,0.0,0.9504850119637445,0.42180646753632284
484560.0,5068.46820232277,4104.2186803627565,0.0,0.9504852032287313,0.4218078317407965
484620.0,5068.45642576392,4104.230453619831,0.0,0.9504853127897841,0.42180919593928984
484680.0,5068.444656062169,4104.242231619143,0.0,0.9504852040730072,0.4218105601182374
484740.0,5068.432884888213,4104.254008624228,0.0,0.950485141769942,0.4218119243029788
484800.0,5068.421109759668,4104.265782906674,0.0,0.9504852051198677,0.42181328849981486
484860.0,5068.40934515183,4104.27756447548,0.0,0.950484933373906,0.4218146526673504
484920.0,5068.397563529882,4104.289334303553,0.0,0.9504852027408073,0.42181601688513143
484980.0,5068.385785511635,4104.301106642246,0.0,0.9504853570477187,0.42181738109386613
485040.0,5068.374017151625,4104.312885657532,0.0,0.9504852039633365,0.4218187452748647
485100.0,5068.3622467237865,4104.324663267278,0.0,0.9504851162413535,0.42182010946339854
485160.0,5068.350470728871,4104.336437040854,0.0,0.9504852054711576,0.42182147366874184
485220.0,5068.338698117069,4104.348213166354,0.0,0.9504851867782411,0.42182283786525165
485280.0,5068.326924114365,4104.3599883458455,0.0,0.9504852120616948,0.4218242020667928
485340.0,5068.315151318099,4104.371764373305,0.0,0.9504851986851002,0.4218255662658021
485400.0,5068.303376786084,4104.383539217551,0.0,0.9504852402380485,0.42182693047091296
485460.0,5068.291604743655,4104.3953157949,0.0,0.9504852023278095,0.4218282946696782
485520.0,5068.279826395807,4104.407088039948,0.0,0.950485364600225,0.4218296588883378
485580.0,5068.268058204648,4104.418867306098,0.0,0.9504852036176735,0.42183102307780246
485640.0,5068.256287839676,4104.430645093453,0.0,0.9504851113707018,0.42183238727511213
485700.0,5068.244511620689,4104.442418846312,0.0,0.950485205207553,0.4218337514900709
485760.0,5068.23273895982,4104.454195072051,0.0,0.950485185552063,0.4218351156956837
485820.0,5068.2209648367425,4104.465970302495,0.0,0.9504852121424541,0.42183647990653633
485880.0,5068.209191982791,4104.477746424237,0.0,0.9504851980776485,0.4218378441146736
485940.0,5068.197417304023,4104.489521301199,0.0,0.95048524177716,0.4218392083291732
486000.0,5068.185645243692,4104.501298000321,0.0,0.9504852019125921,0.42184057253694973
486060.0,5068.173866553345,4104.513070142778,0.0,0.9504853725615987,0.4218419367655705
486120.0,5068.162098543857,4104.524849668641,0.0,0.9504852032732655,0.42184330096346184
486180.0,5068.150328249096,4104.536627638667,0.0,0.9504851062678301,0.4218446651695245
486240.0,5068.1385518799,4104.548401421323,0.0,0.9504852023713525,0.4218460293938506
486300.0,5068.126776788231,4104.56017610849,0.0,0.9504852574129771,0.4218473936159302
486360.0,5068.115005186062,4104.571953213426,0.0,0.9504852012902137,0.4218487578283389
486420.0,5068.103224252528,4104.583723896025,0.0,0.9504854416245654,0.4218501220694913
486480.0,5068.091458361984,4104.595504974715,0.0,0.9504852032399639,0.4218514862671579
486540.0,5068.079689258621,4104.607283856969,0.0,0.9504850666481734,0.4218528504757081
486600.0,5068.067911602829,4104.619056840419,0.0,0.9504852020034114,0.42185421470976825
486660.0,5068.056135751475,4104.630831092287,0.0,0.9504852795329526,0.4218555789400409
486720.0,5068.04436481609,4104.642608747128,0.0,0.950485200514463,0.4218569431564711
486780.0,5068.032585317827,4104.654380504578,0.0,0.9504853936132343,0.42185830739902525
486840.0,5068.0208178775965,4104.666160602572,0.0,0.9504852028461833,0.4218596716071941
486900.0,5068.009047863823,4104.677938945545,0.0,0.9504850935352522,0.4218610358243772
486960.0,5067.997271005479,4104.689712569015,0.0,0.9504852018402458,0.4218624000620769
487020.0,5067.985495588422,4104.70148721014,0.0,0.950485263872316,0.4218637642970507
487080.0,5067.9737241042,4104.7132645753645,0.0,0.9504852006323368,0.4218651285210564
487140.0,5067.961942106319,4104.725034701312,0.0,0.9504854714723314,0.4218664927772647
487200.0,5067.9501770606,4104.7368165425405,0.0,0.9504852028399619,0.4218678569844011
487260.0,5067.938408396104,4104.748595906824,0.0,0.9504850489187852,0.4218692212036085
487320.0,5067.9266300946365,4104.760368622904,0.0,0.9504852014569164,0.4218705854514991
487380.0,5067.914853828229,4104.772142766748,0.0,0.9504852888307287,0.42187194969492714
487440.0,5067.903083102105,4104.783920744961,0.0,0.9504851997894456,0.42187331392268584
487500.0,5067.891302727902,4104.795692075911,0.0,0.9504854173990305,0.4218746781797437
487560.0,5067.879535942588,4104.80747280522,0.0,0.950485202427513,0.42187604239793686
487620.0,5067.867766258884,4104.819251555037,0.0,0.950485079249451,0.4218774066260943
487680.0,5067.855988862767,4104.831024985665,0.0,0.9504852013043503,0.4218787708773075
487740.0,5067.844213092475,4104.842799561461,0.0,0.9504852712139127,0.42188013512525463
487800.0,5067.832441754593,4104.854577206567,0.0,0.950485199953585,0.42188149936077163
487860.0,5067.820662694369,4104.8663495342635,0.0,0.9504853740797817,0.42188286361995686
487920.0,5067.808894506477,4104.878129384339,0.0,0.9504852020481747,0.4218842278482205
487980.0,5067.797123996654,4104.889907653003,0.0,0.9504851034710573,0.42188559208476284
488040.0,5067.785347314442,4104.901681665988,0.0,0.9504852011329726,0.42188695633985795
488100.0,5067.773571930592,4104.913456597998,0.0,0.9504852570673956,0.42188832059264425
488160.0,5067.761800092627,4104.925233987098,0.0,0.9504852000356404,0.42188968483559275
488220.0,5067.75001877293,4104.937004848986,0.0,0.9504854442661022,0.4218910491077285
488280.0,5067.738252739055,4104.948786276304,0.0,0.9504852020183232,0.4218924133356606
488340.0,5067.726483440732,4104.960565471172,0.0,0.9504850632132757,0.42189377757462804
488400.0,5067.714705452039,4104.972338671035,0.0,0.9504852007630584,0.42189514183951277
488460.0,5067.702929297125,4104.984113159764,0.0,0.9504852795498788,0.4218965061005227
488520.0,5067.691158137584,4104.9958911068425,0.0,0.9504851992513067,0.4218978703474552
488580.0,5067.6793782771465,4105.007663060265,0.0,0.9504853954805718,0.4218992346209191
488640.0,5067.667610669458,4105.01944349002,0.0,0.9504852016221506,0.42190059885942166
488700.0,5067.655840446914,4105.031222135933,0.0,0.9504850905400837,0.42190196310705996
488760.0,5067.644063269419,4105.042995985355,0.0,0.9504852006012383,0.42190332737554076
488820.0,5067.632287556688,4105.054770868799,0.0,0.9504852636394048,0.4219046916412256
488880.0,5067.620515840336,4105.066548520652,0.0,0.9504851993750811,0.42190605589575414
488940.0,5067.608737159574,4105.078321378128,0.0,0.9504853563924404,0.4219074201717361
489000.0,5067.596968281961,4105.090101020151,0.0,0.9504852012558348,0.42190878441992
489060.0,5067.585197309302,4105.101879237325,0.0,0.9504851123581315,0.42191014867571935
489120.0,5067.573420695849,4105.113653566085,0.0,0.9504852027849708,0.4219115129485493
489180.0,5067.561647510483,4105.1254302786165,0.0,0.9504851838419458,0.42191287721240917
489240.0,5067.549872915904,4105.13720603215,0.0,0.9504852094649784,0.4219142414813543
489300.0,5067.538099543877,4105.148982645055,0.0,0.9504851959095625,0.4219156057477181
489360.0,5067.526324413227,4105.16075805852,0.0,0.9504852380202523,0.42191697002025125
489420.0,5067.514551805278,4105.172535228538,0.0,0.950485199602214,0.42191833428633807
489480.0,5067.502772808524,4105.18430800714,0.0,0.9504853640511276,0.42191969857256845
489540.0,5067.491004103142,4105.196087902276,0.0,0.9504852009104705,0.42192106282919817
489600.0,5067.47923319532,4105.2078662983085,0.0,0.9504851074271019,0.42192242709375755
489660.0,5067.4674563559665,4105.219640604905,0.0,0.9504852025227646,0.4219237913761986
489720.0,5067.455683122021,4105.231417417876,0.0,0.9504851826042608,0.4219251556491505
489780.0,5067.44390840661,4105.243193221889,0.0,0.9504852095517539,0.4219265199273989
489840.0,5067.432134977272,4105.254969929189,0.0,0.9504851952988994,0.42192788420287985
489900.0,5067.420359699063,4105.266745374646,0.0,0.9504852395849377,0.4219292484847941
489960.0,5067.408587074113,4105.278522666928,0.0,0.9504851991863634,0.42193061275987964
490020.0,5067.396807731463,4105.290295340381,0.0,0.9504853721240785,0.4219319770560715
490080.0,5067.385039211291,4105.30207549759,0.0,0.9504852005663781,0.42193334132110755
490140.0,5067.373268375749,4105.31385407761,0.0,0.9504851022607744,0.42193470559440377
490200.0,5067.36149138533,4105.325628413245,0.0,0.9504851996534679,0.42193606988620475
490260.0,5067.349715689557,4105.337403665499,0.0,0.9504852554336576,0.42193743417570617
490320.0,5067.337943529596,4105.349181368333,0.0,0.9504851985589297,0.42193879845539684
490380.0,5067.326161914791,4105.360952561297,0.0,0.9504854421162823,0.4219401627642008
490440.0,5067.314395542404,4105.372734291676,0.0,0.9504852005359187,0.4219415270289188
490500.0,5067.3026259148055,4105.384513795553,0.0,0.9504850621132246,0.42194289130464613
490560.0,5067.290847621496,4105.3962873203345,0.0,0.950485199283883,0.42194425560622356
490620.0,5067.279071156732,4105.408062130593,0.0,0.9504852778534479,0.4219456199039395
490680.0,5067.267299673151,4105.419840390033,0.0,0.9504851977760681,0.4219469841876161
490740.0,5067.255519513354,4105.43161267174,0.0,0.9504853934643989,0.42194834849775636
490800.0,5067.243751571495,4105.443393407306,0.0,0.9504852001401473,0.4219497127730296
490860.0,5067.231981022176,4105.455172363789,0.0,0.9504850893641746,0.4219510770574173
490920.0,5067.22020353765,4105.4669465365205,0.0,0.950485199121819,0.4219524413625936
490980.0,5067.208427513698,4105.478721740554,0.0,0.9504852619861295,0.42195380566498447
491040.0,5067.196655474763,4105.490499705663,0.0,0.9504851978988115,0.4219551699562497
491100.0,5067.1848764911765,4105.5022728891345,0.0,0.950485354483274,0.42195653426891394
491160.0,5067.173107282881,4105.514052839166,0.0,0.9504851997741509,0.4219578985538553
491220.0,5067.16133598546,4105.525831368156,0.0,0.9504851111213617,0.4219592628463951
491280.0,5067.149559063252,4105.53760601906,0.0,0.9504852012988422,0.42196062715592153
491340.0,5067.137785559376,4105.549383047432,0.0,0.9504851824079126,0.4219619914565041
491400.0,5067.126010650269,4105.561159119366,0.0,0.950485207960209,0.4219633557621604
491460.0,5067.114236960225,4105.572936048408,0.0,0.9504851944420386,0.4219647200652443
491520.0,5067.102461516533,4105.584711781212,0.0,0.9504852364365517,0.42196608437448335
491580.0,5067.090688588357,4105.596489265923,0.0,0.9504851981242828,0.421967448677295
491640.0,5067.078909289491,4105.608262370899,0.0,0.9504853621198149,0.42196881300020006
491700.0,5067.0671402527605,4105.620042573534,0.0,0.9504851994287029,0.42197017729358366
491760.0,5067.055369019815,4105.63182128107,0.0,0.9504851062029573,0.42197154159487904
491820.0,5067.043591872172,4105.643595910034,0.0,0.9504852010363218,0.42197290591401015
491880.0,5067.0318183196805,4105.655373038739,0.0,0.9504851811726192,0.4219742702236791
491940.0,5067.020043289908,4105.66714916118,0.0,0.9504852080457016,0.42197563453863274
492000.0,5067.008269542536,4105.678926184531,0.0,0.9504851938320278,0.42197699885082823
492060.0,5066.996493951526,4105.690701949406,0.0,0.9504852379958537,0.4219783631694425
492120.0,5066.98472100622,4105.702479556221,0.0,0.950485197708543,0.42197972748124785
492180.0,5066.972941362262,4105.714252556489,0.0,0.9504853701694727,0.4219810918141068
492240.0,5066.961172510037,4105.726033020666,0.0,0.9504851990845234,0.42198245611589347
492300.0,5066.9494013489875,4105.737811911865,0.0,0.9504851010498105,0.4219838204259213
492360.0,5066.937624050533,4105.749586569952,0.0,0.9504851981738998,0.4219851847544062
492420.0,5066.925848043017,4105.761362142251,0.0,0.9504852538002542,0.4219865490806006
492480.0,5066.914075561263,4105.773140158642,0.0,0.950485197082147,0.4219879133970112
492540.0,5066.902293651477,4105.784911682453,0.0,0.9504854399682956,0.42198927774246164
492600.0,5066.890526940827,4105.79669371574,0.0,0.9504851990534587,0.4219906420439434
492660.0,5066.878756984178,4105.808473528455,0.0,0.9504850610120887,0.4219920063564086
492720.0,5066.866978386412,4105.820247377945,0.0,0.9504851978046429,0.4219933706946566
492780.0,5066.855201611968,4105.832022509528,0.0,0.9504852761576087,0.42199473502905643
492840.0,5066.843429804555,4105.843801081154,0.0,0.9504851963007522,0.42199609934945514
492900.0,5066.831649345534,4105.855573690922,0.0,0.9504853914497735,0.42199746369625
492960.0,5066.81988106975,4105.86735473214,0.0,0.9504851986580879,0.42199882800827143
493020.0,5066.808110193882,4105.879133999023,0.0,0.9504850881871947,0.4220001923293866
493080.0,5066.79633240248,4105.890908494853,0.0,0.9504851976423351,0.42200155667123657
493140.0,5066.784556067477,4105.902684019275,0.0,0.9504852603333442,0.4220029210103115
493200.0,5066.772783706175,4105.914462297458,0.0,0.9504851964224665,0.42200428533829126
493260.0,5066.761004419905,4105.926235806704,0.0,0.9504853525754793,0.4220056496876159
493320.0,5066.7492348811675,4105.938016064584,0.0,0.9504851982924098,0.42200701400929264
493380.0,5066.737463259203,4105.949794905218,0.0,0.9504851098837178,0.42200837833855065
493440.0,5066.725686028402,4105.961569878059,0.0,0.9504851998126714,0.42200974268475183
493500.0,5066.7139122062135,4105.973347222081,0.0,0.950485180973665,0.4220111070220349
493560.0,5066.702136982762,4105.985123612219,0.0,0.9504852064554585,0.42201247136438014
493620.0,5066.690362974893,4105.996900857211,0.0,0.9504851929744109,0.42201383570416195
493680.0,5066.678587218331,4106.008676909156,0.0,0.9504852348531327,0.42201520005008475
493740.0,5066.66681397013,4106.020454708379,0.0,0.9504851966462822,0.422016564389599
493800.0,5066.655034369292,4106.032228139507,0.0,0.9504853601899184,0.42201792874915683
493860.0,5066.643265001452,4106.0440086494855,0.0,0.9504851979468791,0.4220192930792721
493920.0,5066.631493443604,4106.055787668355,0.0,0.950485104977751,0.42202065741728145
493980.0,5066.619715987833,4106.0675626194725,0.0,0.9504851995498409,0.42202202177308046
494040.0,5066.607942116988,4106.079340063724,0.0,0.9504851797407282,0.4220233861194446
494100.0,5066.596166773036,4106.091116504398,0.0,0.9504852065396872,0.4220247504710815
494160.0,5066.5843927078295,4106.10289384361,0.0,0.9504851923650421,0.42202611481996954
494220.0,5066.572616804192,4106.114669927704,0.0,0.9504852364071299,0.42202747917526146
494280.0,5066.560843538735,4106.126447848871,0.0,0.9504851962306519,0.42202884352376446
494340.0,5066.549063593603,4106.13822117573,0.0,0.9504853682164899,0.42203020789326867
494400.0,5066.537294409574,4106.15000194672,0.0,0.9504851976026131,0.4220315722317834
494460.0,5066.5255229232425,4106.16178114893,0.0,0.950485099837737,0.42203293657852087
494520.0,5066.51374531691,4106.173556129258,0.0,0.9504851966942672,0.42203430094366784
494580.0,5066.5019689978235,4106.1853320214,0.0,0.9504852521672926,0.4220356653065335
494640.0,5066.490196194485,4106.197110351162,0.0,0.9504851956052915,0.4220370296596422
494700.0,5066.4784139898375,4106.2088822055875,0.0,0.9504854378223421,0.4220383940417171
494760.0,5066.466646941186,4106.220664541633,0.0,0.950485197570944,0.42203975837994034
494820.0,5066.454876655717,4106.232444663022,0.0,0.9504850599096358,0.4220411227291211
494880.0,5066.443097753641,4106.244218837005,0.0,0.9504851963253373,0.42204248710401776
494940.0,5066.431320669683,4106.255994289708,0.0,0.9504852744624441,0.42204385147507956
495000.0,5066.419548538654,4106.267773173346,0.0,0.9504851948253582,0.4220452158321782
495060.0,5066.407767780543,4106.279546110947,0.0,0.9504853894368905,0.42204658021560576
495120.0,5066.395999171085,4106.291327457663,0.0,0.9504851971759724,0.42204794456435324
495180.0,5066.384227968889,4106.303107034776,0.0,0.950485087009175,0.42204930892217357
495240.0,5066.372449870769,4106.314881853492,0.0,0.9504851961627871,0.4220506733006752
495300.0,5066.360673224889,4106.326657698101,0.0,0.9504852586809844,0.42205203767641214
495360.0,5066.348900541418,4106.338436289183,0.0,0.9504851949460494,0.42205340204108427
495420.0,5066.337120952616,4106.350210123991,0.0,0.9504853506687702,0.42205476642704737
495480.0,5066.325351083662,4106.361990689552,0.0,0.9504851968106112,0.422056130785437
495540.0,5066.313579137364,4106.373769841651,0.0,0.9504851086454027,0.42205749515139135
495600.0,5066.301801598145,4106.385545136223,0.0,0.9504851983264534,0.42205885953424527
495660.0,5066.290027457838,4106.3973227957085,0.0,0.9504851795392414,0.4220602239082065
495720.0,5066.278251920226,4106.409099503858,0.0,0.9504852049507072,0.42206158828721885
495780.0,5066.266477594723,4106.420877064613,0.0,0.95048519150669,0.42206295266367655
495840.0,5066.254701525475,4106.432653435505,0.0,0.9504852332699072,0.4220643170462613
495900.0,5066.242927957449,4106.444431549057,0.0,0.9504851951682135,0.4220656814224563
495960.0,5066.231148054788,4106.456205306125,0.0,0.9504853582611652,0.4220670458186451
496020.0,5066.21937835607,4106.467986123275,0.0,0.9504851964649974,0.42206841018547
496080.0,5066.207606473529,4106.4797654533,0.0,0.9504851037518919,0.42206977456017114
496140.0,5066.195828709799,4106.491540726373,0.0,0.950485198063313,0.4220711389526163
496200.0,5066.184054520799,4106.503318485987,0.0,0.9504851783086572,0.42207250333565355
496260.0,5066.17227886285,4106.515095244699,0.0,0.9504852050336733,0.4220738677239517
496320.0,5066.160504479998,4106.526872899587,0.0,0.9504851908979627,0.42207523210951053
496380.0,5066.148728263914,4106.538649302703,0.0,0.9504852348186077,0.42207659650145823
496440.0,5066.136954678503,4106.550427538036,0.0,0.9504851947526932,0.4220779608866369
496500.0,5066.125174432347,4106.562201191271,0.0,0.9504853662646437,0.4220793252927645
496560.0,5066.113404916742,4106.573982268905,0.0,0.9504851961206451,0.42208068966798534
496620.0,5066.101633105341,4106.585761781945,0.0,0.9504850986249611,0.42208205405141025
496680.0,5066.089855191296,4106.597537084308,0.0,0.9504851952145713,0.42208341845319713
496740.0,5066.078078560817,4106.609313296097,0.0,0.9504852505346506,0.42208478285271184
496800.0,5066.066305436095,4106.621091939052,0.0,0.9504851941283662,0.4220861472424966
496860.0,5066.054522936722,4106.632864123869,0.0,0.9504854356779515,0.42208751166117414
496920.0,5066.04275555031,4106.644646762515,0.0,0.9504851960883728,0.42208887603611656
496980.0,5066.030984936243,4106.656427192405,0.0,0.9504850588062446,0.4220902404219907
497040.0,5066.019205730016,4106.668201690672,0.0,0.9504851948459682,0.4220916048335142
497100.0,5066.007428336719,4106.679977464294,0.0,0.9504852727676747,0.42209296924121587
497160.0,5065.995655882282,4106.691756659762,0.0,0.950485193349891,0.42209433363499244
497220.0,5065.983874825226,4106.703529924982,0.0,0.9504853874252182,0.42209569805503055
497280.0,5065.972105882331,4106.715311577033,0.0,0.9504851956937997,0.4220970624404819
497340.0,5065.960334354023,4106.727091464201,0.0,0.9504850858303373,0.4220984268349854
497400.0,5065.948555949352,4106.738866605597,0.0,0.9504851946831754,0.4220997912501166
497460.0,5065.936778992771,4106.750642770195,0.0,0.9504852570290254,0.4221011556624936
497520.0,5065.925005987344,4106.762421673987,0.0,0.9504851934695596,0.422102520063836
497580.0,5065.913222419477,4106.774193298166,0.0,0.9504854656789248,0.42210388449754965
497640.0,5065.901455882617,4106.785976702691,0.0,0.9504851956887438,0.4221052488819106
497700.0,5065.8896857102545,4106.797757616397,0.0,0.9504850409896162,0.4221066132783976
497760.0,5065.87790585615,4106.809531844916,0.0,0.9504851942991058,0.42210797770372493
497820.0,5065.866128046665,4106.82130750902,0.0,0.9504852821149163,0.42210934212455153
497880.0,5065.8543558032625,4106.833087028764,0.0,0.9504851926236023,0.42211070652961596
497940.0,5065.8425801529165,4106.844864209156,0.0,0.9504852112717314,0.42211207094570735
498000.0,5065.830805878518,4106.856642355104,0.0,0.9504851858551739,0.4221134353587321
498060.0,5065.819030378252,4106.868419668488,0.0,0.9504851991763064,0.42211479977633715
498120.0,5065.807256598203,4106.880198186355,0.0,0.9504851574575663,0.4221161641899296
498180.0,5065.795480308293,4106.891974983107,0.0,0.9504851953616253,0.4221175286117992
498240.0,5065.78371030756,4106.903756149314,0.0,0.9504850326809731,0.42211889301671135
498300.0,5065.771930125878,4106.915530284918,0.0,0.9504851939045155,0.42212025745192644
498360.0,5065.760152094966,4106.927305929552,0.0,0.9504852862544032,0.4221216218823297
498420.0,5065.748379917506,4106.939085628665,0.0,0.9504851921467873,0.42212298629612854
498480.0,5065.736604157839,4106.950862867157,0.0,0.9504852117594268,0.4221243507214678
498540.0,5065.724829845541,4106.962641120619,0.0,0.9504851850332989,0.42212571514353087
498600.0,5065.713054244589,4106.974418498072,0.0,0.9504851990440278,0.42212707957035817
498660.0,5065.701280453062,4106.986197141735,0.0,0.9504851551743978,0.4221284439929115
498720.0,5065.689504022626,4106.997973974983,0.0,0.9504851950367239,0.42212980842411996
498780.0,5065.677734206466,4107.009755402638,0.0,0.9504850239626148,0.42213117283741813
498840.0,5065.665953684395,4107.021529436437,0.0,0.9504851935086598,0.42213253728255745
498900.0,5065.654175424722,4107.033305056504,0.0,0.9504852906266192,0.42213390172255766
498960.0,5065.6424032398145,4107.045084883781,0.0,0.9504851942477266,0.42213526614527364
499020.0,5065.63062974911,4107.056863830538,0.0,0.9504851390132387,0.4221366305732961
499080.0,5065.6188527542,4107.068640362622,0.0,0.9504851951663789,0.4221379950121081
499140.0,5065.607085079007,4107.080423359668,0.0,0.9504849542669243,0.42213935942508846
499200.0,5065.5953023291595,4107.09219594228,0.0,0.950485193048054,0.422140723882701
499260.0,5065.58352277067,4107.103970753439,0.0,0.9504853298318516,0.42214208833245437
499320.0,5065.571751768695,4107.11575148772,0.0,0.950485194122431,0.42214345275765724
499380.0,5065.559978933216,4107.127530976622,0.0,0.9504851163548187,0.4221448171897113
499440.0,5065.548201164899,4107.139307063065,0.0,0.9504851954497113,0.4221461816367378
499500.0,5065.536431953255,4107.151089081542,0.0,0.9504850018806372,0.42214754605979377
499560.0,5065.524650649835,4107.162862753117,0.0,0.9504851929486473,0.4221489105191222
499620.0,5065.512871897528,4107.174638210665,0.0,0.9504853023968602,0.4221502749724654
499680.0,5065.501099991296,4107.186418408948,0.0,0.9504851937919453,0.4221516394062647
499740.0,5065.48932661526,4107.198197613265,0.0,0.9504851315529721,0.4221530038458508
499800.0,5065.477549291014,4107.209974095776,0.0,0.9504851948376196,0.42215436829752684
499860.0,5065.465782470572,4107.221757862318,0.0,0.9504849233713619,0.4221557327199025
499920.0,5065.45399866342,4107.233529891783,0.0,0.9504851924609004,0.4221570971925111
499980.0,5065.442218454201,4107.245304431033,0.0,0.9504853466088964,0.4221584616560694
500040.0,5065.430447887682,4107.257085644766,0.0,0.9504851936820624,0.4221598260918953
500100.0,5065.4186752566975,4107.26886545335,0.0,0.950485106050369,0.42216119053524875
500160.0,5065.40689706761,4107.280641426949,0.0,0.9504851951882228,0.42216255499540617
500220.0,5065.395122256215,4107.292419751699,0.0,0.9504851765144963,0.42216391944672754
500280.0,5065.383346056177,4107.304197130703,0.0,0.9504852017718685,0.4221652839030752
500340.0,5065.371571060658,4107.3159753573755,0.0,0.9504851884089884,0.4221666483568876
500400.0,5065.359794332209,4107.32775240117,0.0,0.9504852299191218,0.4221680128167961
500460.0,5065.348020089358,4107.339531177496,0.0,0.9504851920478398,0.4221693772703565
500520.0,5065.336239551269,4107.351305622821,0.0,0.9504853541532514,0.42217074174380126
500580.0,5065.324469153537,4107.363087087039,0.0,0.9504851933362681,0.42217210618805495
500640.0,5065.312696585523,4107.374867072873,0.0,0.9504851011841772,0.42217347064014604
500700.0,5065.300918172928,4107.3866430254575,0.0,0.9504851949244032,0.42217483510988074
500760.0,5065.289143312748,4107.39842145011,0.0,0.9504851752890789,0.422176199570267
500820.0,5065.277366992732,4107.410198879743,0.0,0.9504852018520644,0.42217756403588796
500880.0,5065.265591939822,4107.421977200362,0.0,0.9504851878016704,0.4221789284987901
500940.0,5065.253815065058,4107.433754276554,0.0,0.9504852314561983,0.4221802929680489
501000.0,5065.242040804538,4107.445533174309,0.0,0.9504851916325616,0.4221816574305822
501060.0,5065.2302599247005,4107.457307516768,0.0,0.9504853621060345,0.4221830219139497
501120.0,5065.218489708553,4107.469089240314,0.0,0.9504851929917276,0.422184386366592
501180.0,5065.206717210842,4107.480869408458,0.0,0.9504850960859916,0.42218575082739784
501240.0,5065.194938648482,4107.492645390523,0.0,0.9504851920906335,0.42218711530646147
501300.0,5065.183161361623,4107.504422276762,0.0,0.9504852470756242,0.42218847978327295
501360.0,5065.171387558662,4107.5162015800015,0.0,0.9504851910104976,0.4221898442504134
501420.0,5065.159604439376,4107.527974462851,0.0,0.9504854310978192,0.42219120874628574
501480.0,5065.147836338903,4107.53975773854,0.0,0.9504851929581357,0.4221925731986792
501540.0,5065.13606503081,4107.551538818425,0.0,0.9504850565066963,0.4221939376619479
501600.0,5065.124285184052,4107.563314001323,0.0,0.9504851917227463,0.42219530215071926
501660.0,5065.112507138866,4107.575090452196,0.0,0.9504852691725187,0.4221966666356978
501720.0,5065.100734001751,4107.586870304962,0.0,0.9504851902352206,0.42219803110683446
501780.0,5065.0889523155565,4107.598644262138,0.0,0.950485383135484,0.42219939560408554
501840.0,5065.077182668025,4107.610426557229,0.0,0.9504851925644355,0.4222007600669547
501900.0,5065.065410451121,4107.622207097798,0.0,0.9504850833657688,0.42220212453883016
501960.0,5065.053631400666,4107.633982920314,0.0,0.9504851915594238,0.42220348903121596
502020.0,5065.041853789213,4107.645759760119,0.0,0.9504852535276826,0.4222048535208705
502080.0,5065.03008010428,4107.657539323157,0.0,0.9504851903526481,0.42220621799955693
502140.0,5065.018295922631,4107.6693116491215,0.0,0.950485460914217,0.42220758251043355
502200.0,5065.006528665896,4107.681095686703,0.0,0.9504851925578957,0.4222089469722463
502260.0,5064.994757796235,4107.69287724806,0.0,0.950485038794875,0.42221031144612153
502320.0,5064.982977305112,4107.704652163265,0.0,0.9504851911761636,0.4222116759486719
502380.0,5064.9711988458075,4107.716428505738,0.0,0.9504852784601885,0.42221304044675473
502440.0,5064.959425917893,4107.728208681368,0.0,0.9504851895102963,0.42221440492916923
502500.0,5064.947643357428,4107.739982211761,0.0,0.9504854068965204,0.4222157694408724
502560.0,5064.935874364038,4107.751765137568,0.0,0.9504851921455473,0.42221713391371496
502620.0,5064.92410247695,4107.763546084451,0.0,0.9504850690938476,0.42221849839651393
502680.0,5064.91232288985,4107.775321713773,0.0,0.9504851910234293,0.4222198629023621
502740.0,5064.900544925997,4107.787098487859,0.0,0.9504852608612124,0.4222212274049386
502800.0,5064.888771387448,4107.798878330285,0.0,0.9504851896739418,0.42222259189508554
502860.0,5064.876990138984,4107.81065285691,0.0,0.9504853636214695,0.4222239564088914
502920.0,5064.8652197454085,4107.8224349035545,0.0,0.9504851917662742,0.4222253208917783
502980.0,5064.853447033664,4107.834215369229,0.0,0.9504850932902136,0.4222266853829361
503040.0,5064.841668159457,4107.845991580521,0.0,0.9504851908519033,0.4222280498926409
503100.0,5064.82989058156,4107.857768710506,0.0,0.9504852467288964,0.4222294144000313
503160.0,5064.818116543865,4107.869548296803,0.0,0.9504851897555884,0.4222307788975836
503220.0,5064.806333039696,4107.881321357855,0.0,0.9504854337355546,0.42223214342431165
503280.0,5064.794564796817,4107.893104981057,0.0,0.9504851917361296,0.4222335079068428
503340.0,5064.782793294765,4107.9048863724465,0.0,0.9504850530733883,0.42223487240040114
503400.0,5064.7710131163085,4107.916661770666,0.0,0.950485190482044,0.4222362369198696
503460.0,5064.759234768719,4107.928438457302,0.0,0.9504852691880332,0.42223760143545785
503520.0,5064.747461408495,4107.940218601199,0.0,0.9504851889717346,0.4222389659369694
503580.0,5064.735679361365,4107.951992753257,0.0,0.9504853849998064,0.4222403304650025
503640.0,5064.723909547333,4107.963775378996,0.0,0.9504851913400394,0.42224169495807784
503700.0,5064.712137122679,4107.975556221395,0.0,0.9504850803718399,0.42224305946028085
503760.0,5064.700357754255,4107.987332268772,0.0,0.9504851903200662,0.42224442398332007
503820.0,5064.6885798482745,4107.999109349796,0.0,0.9504852532935668,0.42224578850355793
503880.0,5064.67680593227,4108.010889198357,0.0,0.9504851890950576,0.4222471530126397
503940.0,5064.665025063057,4108.022664253984,0.0,0.9504853459514853,0.422248517543166
504000.0,5064.65325398128,4108.034446092034,0.0,0.9504851909737755,0.42224988204589636
504060.0,5064.6414808078525,4108.046226505624,0.0,0.9504851021671283,0.4222512465562345
504120.0,5064.629702002699,4108.058003031981,0.0,0.9504851925012365,0.4222526110835977
504180.0,5064.6179266201525,4108.069781941338,0.0,0.9504851735775679,0.42225397560198846
504240.0,5064.606149830676,4108.081559891959,0.0,0.9504851991742933,0.42225534012545934
504300.0,5064.594374261812,4108.093338701656,0.0,0.9504851856327107,0.4222567046463455
504360.0,5064.582596937173,4108.105116312245,0.0,0.9504852277002199,0.4222580691733955
504420.0,5064.570822131207,4108.1168956788115,0.0,0.9504851893214712,0.4222594336939967
504480.0,5064.5590409467195,4108.128670655266,0.0,0.9504853536019463,0.42226079823473145
504540.0,5064.547270037103,4108.140452746048,0.0,0.9504851906282799,0.42226216274586964
504600.0,5064.535496928615,4108.152233338137,0.0,0.950485097240579,0.4222635272649296
504660.0,5064.523717898122,4108.164009842029,0.0,0.9504851922388161,0.42226489180186555
504720.0,5064.511942467279,4108.175788851489,0.0,0.9504851723406448,0.42226625632930975
504780.0,5064.500165557366,4108.187566852265,0.0,0.950485199260505,0.42226762086204567
504840.0,5064.488389931487,4108.199345756023,0.0,0.9504851850221818,0.4222689853920105
504900.0,5064.476612459727,4108.211123398287,0.0,0.9504852292628635,0.4222703499284034
504960.0,5064.464837636993,4108.222902886774,0.0,0.9504851889055593,0.422271714457965
505020.0,5064.453056107357,4108.234677757799,0.0,0.9504853616664807,0.42227307900862276
505080.0,5064.44128538287,4108.246460110275,0.0,0.9504851902840555,0.422274443528129
505140.0,5064.429512346755,4108.2582408859935,0.0,0.9504850920788641,0.4222758080558875
505200.0,5064.417733165637,4108.270017418608,0.0,0.9504851893719709,0.4222771726021451
505260.0,5064.405955277126,4108.281794867509,0.0,0.9504852450950978,0.4222785371460976
505320.0,5064.394180918775,4108.293574766226,0.0,0.9504851882784429,0.4222799016802391
505380.0,5064.382397120758,4108.305348157008,0.0,0.9504854315869162,0.4222812662434824
505440.0,5064.370628540748,4108.317132081973,0.0,0.9504851902533042,0.42228263076264644
505500.0,5064.358856710777,4108.328913781061,0.0,0.9504850519720178,0.4222839952928115
505560.0,5064.347076228993,4108.340689502866,0.0,0.9504851890024403,0.42228535984881954
505620.0,5064.335297572857,4108.352466509701,0.0,0.9504852674916779,0.4222867244009606
505680.0,5064.323523889934,4108.364246964647,0.0,0.9504851874960585,0.42228808893906306
505740.0,5064.311741544719,4108.376021443649,0.0,0.9504853829844399,0.4222894535036196
505800.0,5064.299971397891,4108.387804373896,0.0,0.9504851898576143,0.42229081803331225
505860.0,5064.288198647816,4108.399585525555,0.0,0.9504850791947071,0.4222921825721116
505920.0,5064.276418973651,4108.411361894904,0.0,0.9504851888402185,0.4222935471316934
505980.0,5064.264640757755,4108.423139295191,0.0,0.9504852516402612,0.4222949116884842
506040.0,5064.252866520507,4108.434919455691,0.0,0.9504851876183523,0.4222962762341494
506100.0,5064.24108534975,4108.446694835975,0.0,0.9504853440429007,0.4222976408012049
506160.0,5064.229313938656,4108.45847698073,0.0,0.950485189491669,0.42229900534053955
506220.0,5064.217540441814,4108.470257704825,0.0,0.9504851009292742,0.422300369887465
506280.0,5064.205761329202,4108.482034551992,0.0,0.9504851910146974,0.4223017344513717
506340.0,5064.193985629473,4108.49381377587,0.0,0.9504851721429841,0.4223030990063318
506400.0,5064.182208526785,4108.505592043568,0.0,0.9504851976691634,0.4223044635663607
506460.0,5064.170432641227,4108.517371168081,0.0,0.950485184164726,0.42230582812381373
506520.0,5064.158655004851,4108.529149096681,0.0,0.9504852261163724,0.4223071926874165
506580.0,5064.146879879991,4108.540928776626,0.0,0.9504851878431076,0.42230855724458943
506640.0,5064.135098394666,4108.552704078114,0.0,0.9504853516713827,0.4223099218218458
506700.0,5064.12332715507,4108.564486475093,0.0,0.9504851891460903,0.4223112863695844
506760.0,5064.111553722806,4108.576267377375,0.0,0.9504850960153031,0.4223126509252273
506820.0,5064.0997743853195,4108.588044202302,0.0,0.9504851907519637,0.4223140154987002
506880.0,5064.087998637256,4108.599823526178,0.0,0.9504851709084425,0.42231538006270863
506940.0,5064.076221414299,4108.61160184406,0.0,0.9504851977540975,0.4223167446319967
507000.0,5064.064445471712,4108.623381062547,0.0,0.9504851835548467,0.4223181091985232
507060.0,5064.052667688457,4108.635159022902,0.0,0.9504852276736525,0.4223194737714628
507120.0,5064.040892546701,4108.646938824607,0.0,0.9504851874273066,0.422320838337591
507180.0,5064.029110717033,4108.658714021107,0.0,0.9504853597125769,0.4223222029247629
507240.0,5064.017339661858,4108.670496679246,0.0,0.9504851888017786,0.4223235674808663
507300.0,5064.0055663015855,4108.682277764832,0.0,0.9504850908667817,0.42232493204520344
507360.0,5063.993786813728,4108.694054618564,0.0,0.9504851878919747,0.42232629662799187
507420.0,5063.98200861478,4108.705832386182,0.0,0.9504852434616186,0.42232766120848436
507480.0,5063.97023393597,4108.717612597134,0.0,0.9504851868012267,0.4223290257791927
507540.0,5063.9584498442355,4108.729386317421,0.0,0.950485429439915,0.4223303903789292
507600.0,5063.946680927346,4108.741170543989,0.0,0.9504851887704227,0.4223317549347036
507660.0,5063.93490876968,4108.752952550606,0.0,0.950485050869601,0.4223331195014532
507720.0,5063.9231279847245,4108.764728595783,0.0,0.9504851875227714,0.42233448409397856
507780.0,5063.91134902021,4108.776505922614,0.0,0.9504852657959127,0.4223358486826504
507840.0,5063.8995750148,4108.788286688431,0.0,0.9504851860203045,0.4223372132573216
507900.0,5063.887792371632,4108.80006149415,0.0,0.9504853809707167,0.4223385778583796
507960.0,5063.8760218922525,4108.811844728748,0.0,0.9504851883751331,0.42233994242466716
508020.0,5063.864248816976,4108.823626189496,0.0,0.9504850780166083,0.42234130700004063
508080.0,5063.852468837231,4108.835402880612,0.0,0.9504851873603068,0.42234267159614297
508140.0,5063.840690311592,4108.84718059996,0.0,0.9504852499873846,0.4223440361894647
508200.0,5063.828915753308,4108.858961072217,0.0,0.9504851861415744,0.42234540077169114
508260.0,5063.817134281158,4108.870736776945,0.0,0.9504853421354396,0.4223467653752539
508320.0,5063.805362540972,4108.882519228234,0.0,0.9504851880095044,0.42234812995117066
508380.0,5063.793588720924,4108.894300262654,0.0,0.9504850996908711,0.4223494945346613
508440.0,5063.781809301027,4108.906077430433,0.0,0.9504851895281088,0.4223508591350895
508500.0,5063.7700332843115,4108.917856968636,0.0,0.9504851707082482,0.4223522237265969
508560.0,5063.758255868596,4108.929635553215,0.0,0.9504851961640203,0.4223535883231618
508620.0,5063.746479666539,4108.941414992356,0.0,0.9504851826966552,0.4223549529171594
508680.0,5063.73470171861,4108.953193238773,0.0,0.9504852245326659,0.42235631751729275
508740.0,5063.722926275054,4108.964973231909,0.0,0.9504851863646779,0.42235768211101504
508800.0,5063.7111444890525,4108.976748858222,0.0,0.9504853497416714,0.42235904672477104
508860.0,5063.699372919697,4108.988531561224,0.0,0.9504851876638424,0.4223604113090882
508920.0,5063.687599163868,4109.00031277352,0.0,0.9504850947893843,0.4223617759012917
508980.0,5063.675819519559,4109.012089919278,0.0,0.9504851892650636,0.4223631405112794
509040.0,5063.664043454469,4109.023869557379,0.0,0.9504851694760726,0.4223645051118297
509100.0,5063.652265918649,4109.035648192171,0.0,0.9504851962476853,0.4223658697176477
509160.0,5063.6404896595495,4109.047427725198,0.0,0.950485182087421,0.42236723432071355
509220.0,5063.628711564982,4109.059206003449,0.0,0.9504852260846198,0.4223685989301777
509280.0,5063.616936104399,4109.070986118185,0.0,0.9504851859489868,0.42236996353285045
509340.0,5063.605153974852,4109.082761639948,0.0,0.9504853577597683,0.4223713281565145
509400.0,5063.593382589219,4109.094544603582,0.0,0.9504851873194443,0.42237269274919287
509460.0,5063.581608904999,4109.106325998856,0.0,0.9504850896540311,0.42237405735008643
509520.0,5063.569829110571,4109.118103173507,0.0,0.9504851864119156,0.4223754219693838
509580.0,5063.558050601367,4109.129881259646,0.0,0.9504852418284053,0.4223767865863943
509640.0,5063.546275602301,4109.141661782652,0.0,0.9504851853239418,0.42237815119364763
509700.0,5063.534491216992,4109.153435832226,0.0,0.9504854272942589,0.42237951582985556
509760.0,5063.522721963457,4109.165220360235,0.0,0.9504851872874844,0.42238088042221816
509820.0,5063.510949478314,4109.177002674207,0.0,0.9504850497663333,0.4223822450255302
509880.0,5063.499168390354,4109.188779042553,0.0,0.9504851860430393,0.4223836096545511
509940.0,5063.487389117637,4109.200556689179,0.0,0.9504852641005272,0.42238497427973176
510000.0,5063.4756147899425,4109.212337765688,0.0,0.9504851845444795,0.4223863388909499
510060.0,5063.463831848978,4109.224112897915,0.0,0.9504853789579464,0.4223877035284874
510120.0,5063.452061037273,4109.235896436694,0.0,0.9504851868925938,0.42238906813134786
510180.0,5063.440287637008,4109.247678206351,0.0,0.9504850768378426,0.4223904327432734
510240.0,5063.428507351849,4109.2594552190285,0.0,0.9504851858803322,0.4223917973758742
510300.0,5063.416728516643,4109.271233257237,0.0,0.9504852483348887,0.42239316200570476
510360.0,5063.404953637529,4109.283014041074,0.0,0.9504851846647245,0.4223945266244704
510420.0,5063.393168182897,4109.294787528058,0.0,0.9504854573484943,0.4223958912756778
510480.0,5063.381399780483,4109.306572823132,0.0,0.9504851868878985,0.42239725587740856
510540.0,5063.369627738106,4109.318355621434,0.0,0.9504850319193056,0.4223986204912857
510600.0,5063.357846001966,4109.330131718766,0.0,0.9504851854959627,0.4223999851340706
510660.0,5063.346066313054,4109.341909254991,0.0,0.95048527346476,0.4224013497723347
510720.0,5063.334292197163,4109.35369065591,0.0,0.9504851838176643,0.42240271439479454
510780.0,5063.32251467014,4109.365469711912,0.0,0.9504852024983391,0.4224040790283018
510840.0,5063.310738520818,4109.377249735697,0.0,0.9504851770375667,0.4224054436587289
510900.0,5063.298961144143,4109.389028924903,0.0,0.9504851903819679,0.4224068082937417
510960.0,5063.28718548987,4109.400809321378,0.0,0.9504851485905981,0.4224081729247258
511020.0,5063.275407322654,4109.412587992629,0.0,0.9504851865607639,0.42240953756400157
511080.0,5063.263635452501,4109.4243710435585,0.0,0.9504850235967516,0.42241090218626925
511140.0,5063.251853388757,4109.43614704729,0.0,0.9504851851012386,0.4224122668389112
511200.0,5063.240073478519,4109.447924563529,0.0,0.9504852776121109,0.4224136314867201
511260.0,5063.228299429039,4109.45970614378,0.0,0.9504851833405704,0.42241499611788064
511320.0,5063.2165217929405,4109.471485257547,0.0,0.9504852029874499,0.42241636076060346
511380.0,5063.204745606053,4109.483265388628,0.0,0.9504851762148074,0.42241772540003625
511440.0,5063.192968128949,4109.495044641584,0.0,0.9504851902500157,0.42241909004423867
511500.0,5063.181192463568,4109.5068251636785,0.0,0.9504851463039812,0.4224204546841503
511560.0,5063.169414156033,4109.518603871041,0.0,0.9504851862358507,0.4224218193327324
511620.0,5063.157642471065,4109.530387183567,0.0,0.9504850148636734,0.4224231839633512
511680.0,5063.145860066885,4109.542163084779,0.0,0.950485184705247,0.4224245486258863
511740.0,5063.134079927982,4109.553940575922,0.0,0.9504852819925178,0.42242591328326035
511800.0,5063.122305871423,4109.565722284165,0.0,0.9504851854457247,0.4224272779233048
511860.0,5063.110530507508,4109.5775031097355,0.0,0.9504851301150705,0.42242864256865953
511920.0,5063.0987516350515,4109.589281514915,0.0,0.9504851863660999,0.4224300072248269
511980.0,5063.086982093963,4109.601066400213,0.0,0.950484945047116,0.4224313718550904
512040.0,5063.075197459499,4109.612840846509,0.0,0.9504851842442085,0.4224327365300923
512100.0,5063.063416020423,4109.624617526527,0.0,0.9504853212663038,0.42243410119720654
512160.0,5063.051643148522,4109.6364001436,0.0,0.9504851853205798,0.42243546583970704
512220.0,5063.039868440899,4109.648181512279,0.0,0.9504851074176082,0.42243683048906655
512280.0,5063.028088794329,4109.659959470455,0.0,0.9504851866502945,0.42243819515343173
512340.0,5063.016317715118,4109.671743374586,0.0,0.9504849927440985,0.4224395597937611
512400.0,5063.004534529131,4109.683518912099,0.0,0.9504851841449977,0.42244092447044634
512460.0,5062.992753897494,4109.695296239716,0.0,0.9504852937839257,0.42244228914112253
512520.0,5062.980980120466,4109.707078319215,0.0,0.9504851849898879,0.4224436537922041
512580.0,5062.9692048718725,4109.718859402327,0.0,0.950485122642504,0.4224450184490773
512640.0,5062.957425670178,4109.730637757191,0.0,0.9504851860375081,0.42244638311806676
512700.0,5062.945656985422,4109.742423413182,0.0,0.9504849140981195,0.4224477477576751
512760.0,5062.933871292834,4109.754197304399,0.0,0.9504851836567696,0.42244911244763644
512820.0,5062.9220892027215,4109.765973711238,0.0,0.9504853380735057,0.42245047712851597
512880.0,5062.910316767334,4109.777756808272,0.0,0.950485184880183,0.42245184178159195
512940.0,5062.898542264971,4109.789538496764,0.0,0.9504850970958241,0.42245320644220496
513000.0,5062.886762197613,4109.8013163412015,0.0,0.9504851863890913,0.4224545711196597
513060.0,5062.874985512196,4109.813096542275,0.0,0.9504851676828782,0.42245593578825025
513120.0,5062.86320743645,4109.824875795325,0.0,0.9504851929843368,0.4224573004618734
513180.0,5062.85143056676,4109.836655897991,0.0,0.9504851795982249,0.42245866513294894
513240.0,5062.839651962028,4109.848434814935,0.0,0.9504852211807914,0.42246002981012937
513300.0,5062.827875846027,4109.860215468443,0.0,0.9504851832435427,0.4224613944809403
513360.0,5062.8160934270145,4109.871991780665,0.0,0.9504853456316298,0.42246275917167525
513420.0,5062.804321161006,4109.883775128303,0.0,0.9504851845343402,0.4224641238331445
513480.0,5062.792546722074,4109.895556993993,0.0,0.9504850922216952,0.4224654885024613
513540.0,5062.7807664313095,4109.907334816895,0.0,0.9504851861253663,0.42246685318946137
513600.0,5062.768989697428,4109.919115117641,0.0,0.9504851664558788,0.4224682178670838
513660.0,5062.757211501936,4109.930894420971,0.0,0.9504851930652272,0.42246958254994776
513720.0,5062.745434575169,4109.942674617332,0.0,0.9504851789904023,0.42247094723008016
513780.0,5062.733655824322,4109.954453566281,0.0,0.9504852227211004,0.4224723119165785
513840.0,5062.721879691016,4109.966234341039,0.0,0.9504851828280944,0.4224736765963291
513900.0,5062.710096930207,4109.97801054968,0.0,0.9504853535989526,0.42247504129695596
513960.0,5062.69832484639,4109.98979415679,0.0,0.9504851841897539,0.42247640596677927
514020.0,5062.686550478234,4110.0015762047515,0.0,0.9504850871150615,0.4224777706447769
514080.0,5062.674770037895,4110.013354056735,0.0,0.9504851832872118,0.42247913534107384
514140.0,5062.662990874712,4110.025132814949,0.0,0.9504852383681184,0.422480500035104
514200.0,5062.651215199787,4110.036913995833,0.0,0.9504851822053161,0.4224818647194362
514260.0,5062.639430197,4110.048688741112,0.0,0.9504854227112579,0.4224832294325617
514320.0,5062.627660231743,4110.060473903714,0.0,0.9504851841564727,0.42248459410209843
514380.0,5062.615887054938,4110.072256865254,0.0,0.950485047467206,0.4224859587825281
514440.0,5062.60410532886,4110.084033915876,0.0,0.9504851829190528,0.4224873234885198
514500.0,5062.592325406661,4110.095812237382,0.0,0.9504852605039147,0.4224886881907004
514560.0,5062.580550398668,4110.107593968777,0.0,0.9504851814290565,0.4224900528790018
514620.0,5062.568766830991,4110.119369790621,0.0,0.9504853746657946,0.422491417593475
514680.0,5062.556995317006,4110.131153970001,0.0,0.9504851837624558,0.4224927822734764
514740.0,5062.545221230515,4110.14293639064,0.0,0.9504850743734455,0.4224941469624972
514800.0,5062.533440301985,4110.154714082073,0.0,0.9504851827558148,0.4224955116720756
514860.0,5062.521660814312,4110.166492793117,0.0,0.9504852448321757,0.42249687637890665
514920.0,5062.509885258073,4110.1782742337855,0.0,0.9504851815470589,0.4224982410747396
514980.0,5062.498099192109,4110.1900484202415,0.0,0.9504854525804021,0.42249960580283247
515040.0,5062.48633007215,4110.201834345905,0.0,0.9504851837562738,0.422500970481738
515100.0,5062.474557334832,4110.213617789426,0.0,0.9504850297252209,0.4225023351727265
515160.0,5062.462774964097,4110.225394571096,0.0,0.9504851823722563,0.42250369989245745
515220.0,5062.450994627773,4110.237172783325,0.0,0.9504852698084378,0.42250506460770065
515280.0,5062.439219829743,4110.248954837718,0.0,0.9504851807036095,0.42250642930723387
515340.0,5062.427441641774,4110.260734560919,0.0,0.950485199270981,0.4225077940177552
515400.0,5062.415664822888,4110.272515246292,0.0,0.9504851739640379,0.42250915872521866
515460.0,5062.40388678425,4110.2842951019975,0.0,0.9504851872274305,0.42251052343724566
515520.0,5062.392110457244,4110.296076157968,0.0,0.9504851456887095,0.4225118881452721
515580.0,5062.3803316329,4110.307855498818,0.0,0.9504851834288469,0.4225132528615464
515640.0,5062.368559066346,4110.3196391938545,0.0,0.9504850214506385,0.422514617560918
515700.0,5062.356776369649,4110.331415882825,0.0,0.9504851819776479,0.4225159822904898
515760.0,5062.344995812987,4110.343194075542,0.0,0.9504852739284715,0.4225173470152638
515820.0,5062.333221080566,4110.354976308579,0.0,0.950485180227129,0.4225187117234882
515880.0,5062.321442783812,4110.366756089567,0.0,0.9504851997548719,0.42252007644321277
515940.0,5062.309665927203,4110.378536881971,0.0,0.9504851731439783,0.42252144115967083
516000.0,5062.297887788371,4110.390316801414,0.0,0.9504851870940076,0.4225228058808756
516060.0,5062.286111449935,4110.402097982633,0.0,0.9504851434136298,0.4225241705978191
516120.0,5062.274332485755,4110.413877359743,0.0,0.9504851831036276,0.42252553532338705
516180.0,5062.2625601028485,4110.42566131521,0.0,0.9504850127680011,0.4225269000311028
516240.0,5062.250777067443,4110.437437902617,0.0,0.9504851815817794,0.42252826477055194
516300.0,5062.238996283147,4110.44921607074,0.0,0.9504852782802211,0.4225296295048768
516360.0,5062.227221543309,4110.460998431386,0.0,0.9504851823172723,0.4225309942219749
516420.0,5062.215445504187,4110.472779914567,0.0,0.9504851273210481,0.42253235894435925
516480.0,5062.203665978341,4110.484558991496,0.0,0.950485183231576,0.4225337236774962
516540.0,5062.191895725718,4110.496344510809,0.0,0.950484943371953,0.4225350883848862
516600.0,5062.180110473641,4110.508119652019,0.0,0.9504851811220143,0.4225364531367575
516660.0,5062.168328397001,4110.519897013984,0.0,0.9504853173150845,0.42253781788079364
516720.0,5062.156554834188,4110.531680278399,0.0,0.95048518219137,0.4225391826003611
516780.0,5062.144779447015,4110.543462301761,0.0,0.9504851047593326,0.4225405473267546
516840.0,5062.13299915161,4110.555240934531,0.0,0.9504851835125375,0.4225419120680693
516900.0,5062.121227370196,4110.567025478623,0.0,0.9504849907788893,0.42254327678549247
516960.0,5062.1094435573195,4110.578801704926,0.0,0.9504851810218891,0.4225446415390648
517020.0,5062.097662282832,4110.590579710952,0.0,0.9504852899974234,0.42254600628666966
517080.0,5062.085887820265,4110.60236244117,0.0,0.9504851818611639,0.4225473710147959
517140.0,5062.074111895227,4110.614144180869,0.0,0.9504851198906811,0.42254873574868695
517200.0,5062.0623320416735,4110.625923208254,0.0,0.9504851829019416,0.4225501004946266
517260.0,5062.050562639527,4110.637709494237,0.0,0.9504849126073467,0.42255146521136216
517320.0,5062.038776335402,4110.649484084089,0.0,0.9504851805351003,0.422552829978161
517380.0,5062.026993611264,4110.661261174951,0.0,0.9504853340174237,0.4225541947359376
517440.0,5062.015220481722,4110.673044917001,0.0,0.9504851817506075,0.4225555594660741
517500.0,5062.00344529801,4110.684827258786,0.0,0.9504850944970813,0.4225569242037109
517560.0,5061.991664583925,4110.696605778962,0.0,0.9504851832498824,0.42255828895809405
517620.0,5061.97989346526,4110.7083909596695,0.0,0.950484966062078,0.4225596536854125
517680.0,5061.968108789605,4110.720166765697,0.0,0.9504851804535929,0.4225610184533561
517740.0,5061.956326976058,4110.731944575716,0.0,0.9504853032641871,0.4225623832143821
517800.0,5061.944552839263,4110.743727709084,0.0,0.9504851814098196,0.4225637479533917
517860.0,5061.932777056104,4110.7555097245295,0.0,0.9504851115800401,0.4225651126987054
517920.0,5061.920996846588,4110.767288682749,0.0,0.9504851825931214,0.42256647745752834
517980.0,5061.909224313458,4110.779072972817,0.0,0.9504850087880451,0.4225678421949134
518040.0,5061.8974409304465,4110.790849762534,0.0,0.9504851803390493,0.42256920696498557
518100.0,5061.885659835094,4110.802628158509,0.0,0.9504852786056466,0.42257057172982454
518160.0,5061.873884881824,4110.814410815257,0.0,0.9504851810877959,0.4225719364771472
518220.0,5061.8621086085195,4110.826192580023,0.0,0.9504851252007642,0.4225733012298168
518280.0,5061.850328792295,4110.837971899244,0.0,0.950485182018251,0.4225746659934052
518340.0,5061.838558399167,4110.849757765626,0.0,0.9504849382712226,0.4225760307308018
518400.0,5061.826772764584,4110.861533084697,0.0,0.9504851798758247,0.42257739551339635
518460.0,5061.814990356901,4110.873310660494,0.0,0.9504853182772626,0.4225787602880028
518520.0,5061.803216600528,4110.885094234862,0.0,0.9504851809638457,0.4225801250377328
518580.0,5061.791440990566,4110.89687654773,0.0,0.9504851022773242,0.42258148979437477
518640.0,5061.779660393238,4110.908655414673,0.0,0.9504851823077597,0.4225828545661722
518700.0,5061.7678884474635,4110.920440289114,0.0,0.9504849864506092,0.4225842193136698
518760.0,5061.756104276182,4110.93221671008,0.0,0.9504851797780693,0.42258558409789126
518820.0,5061.7443226844725,4110.943994939554,0.0,0.9504852905207444,0.4225869488760225
518880.0,5061.732548014693,4110.955777970136,0.0,0.9504851806322797,0.4225883136343487
518940.0,5061.720771859057,4110.967559993838,0.0,0.9504851176579447,0.42258967839850836
519000.0,5061.70899171158,4110.9793392609445,0.0,0.9504851816912593,0.422591043174904
519060.0,5061.6972184852075,4110.991123337324,0.0,0.950485024955258,0.4225924079320743
519120.0,5061.685435474406,4111.002900650526,0.0,0.9504851796505233,0.4225937727188097
519180.0,5061.673654525181,4111.0146794135535,0.0,0.9504852682602603,0.42259513750097394
519240.0,5061.661879187751,4111.0264620709595,0.0,0.9504851779605881,0.42259650226720585
519300.0,5061.650100415571,4111.038242365318,0.0,0.9504851967776009,0.42259786704456015
519360.0,5061.638323030744,4111.050023634815,0.0,0.9504851711316981,0.42259923181880044
519420.0,5061.626544410117,4111.061804063224,0.0,0.9504851845735766,0.4226005965976515
519480.0,5061.614767523948,4111.073585708098,0.0,0.9504851424781349,0.42260196137243206
519540.0,5061.602988107449,4111.085365614396,0.0,0.9504851807251294,0.4226033261555588
519600.0,5061.591215031897,4111.097149933937,0.0,0.9504850165744921,0.4226046909215306
519660.0,5061.579431691947,4111.108927152015,0.0,0.95048517925556,0.42260605571810683
519720.0,5061.567650520594,4111.120705894109,0.0,0.9504852724404398,0.42260742050979744
519780.0,5061.555875250777,4111.132488731428,0.0,0.9504851774826556,0.42260878528470497
519840.0,5061.544096369498,4111.144269083199,0.0,0.9504851972729123,0.42261015007125335
519900.0,5061.532318947581,4111.156050460025,0.0,0.9504851703055814,0.42261151485447634
519960.0,5061.520540226564,4111.16783095188,0.0,0.9504851844433004,0.4226128796424958
520020.0,5061.508763329944,4111.179612722549,0.0,0.950485140177492,0.4226142444261804
520080.0,5061.49698377288,4111.191392664442,0.0,0.9504851804004866,0.42261560921859315
520140.0,5061.485210884541,4111.2031772468,0.0,0.9504850077803059,0.4226169739928884
520200.0,5061.473427202515,4111.214954360775,0.0,0.95048517885932,0.42261833879934224
520260.0,5061.461645801638,4111.226733076783,0.0,0.9504852768555436,0.4226197036005796
520320.0,5061.44987052543,4111.238516042292,0.0,0.9504851796057774,0.4226210683843476
520380.0,5061.438093932897,4111.250298118208,0.0,0.9504851238723537,0.4226224331734517
520440.0,5061.426313807477,4111.262077755063,0.0,0.9504851805334433,0.42262379797344685
520500.0,5061.414543078415,4111.27386392177,0.0,0.9504849374567688,0.42262516274732226
520560.0,5061.402757151087,4111.2856395691015,0.0,0.9504851783966805,0.42262652756627794
520620.0,5061.390974441485,4111.297417467213,0.0,0.9504853164172588,0.4226278923772694
520680.0,5061.37920035866,4111.309201348018,0.0,0.9504851794814785,0.42262925716345084
520740.0,5061.36742442747,4111.32098397069,0.0,0.950485101011364,0.4226306219565293
520800.0,5061.355643523046,4111.332763156572,0.0,0.9504851808214642,0.4226319867647241
520860.0,5061.343871245623,4111.344548334061,0.0,0.9504849855031701,0.42263335154868564
520920.0,5061.332086777341,4111.356325080484,0.0,0.9504851782985053,0.422634716369276
520980.0,5061.320304881285,4111.368103630648,0.0,0.950485288736335,0.4226360811837953
521040.0,5061.308529887524,4111.379886969212,0.0,0.9504851791501353,0.42263744597856284
521100.0,5061.296753412091,4111.39166930359,0.0,0.9504851163489743,0.42263881077915144
521160.0,5061.284972956127,4111.403448888684,0.0,0.9504851802059705,0.4226401755919449
521220.0,5061.273199401616,4111.415233270329,0.0,0.9504850239012108,0.4226415403855659
521280.0,5061.261416090407,4111.427010906733,0.0,0.9504851781706208,0.4226429052086759
521340.0,5061.249634834898,4111.438789989146,0.0,0.9504852665363639,0.4226442700272299
521400.0,5061.23785917526,4111.450572955631,0.0,0.9504851764851068,0.42264563482989465
521460.0,5061.226080090592,4111.462353565344,0.0,0.9504851952502158,0.42264699964365454
521520.0,5061.214302389329,4111.47413514763,0.0,0.9504851696747816,0.42264836445431053
521580.0,5061.202523455747,4111.485915891075,0.0,0.9504851830795497,0.42264972926956723
521640.0,5061.190746251682,4111.497697847783,0.0,0.9504851410998522,0.4226510940807663
521700.0,5061.178966524441,4111.509478070537,0.0,0.9504851792414653,0.42265245890029146
521760.0,5061.1671931201445,4111.521262694869,0.0,0.9504850155424143,0.42265382370271
521820.0,5061.15540948054,4111.533040236557,0.0,0.9504851777757102,0.4226551885356534
521880.0,5061.143628003356,4111.544819298252,0.0,0.9504852707040552,0.42265655336372704
521940.0,5061.131852410961,4111.556602444335,0.0,0.9504851760074544,0.422657918175063
522000.0,5061.1200732173265,4111.568383111472,0.0,0.9504851957431377,0.42265928299801125
522060.0,5061.108295478897,4111.580164800964,0.0,0.9504851688499002,0.4226606478176448
522120.0,5061.096516445032,4111.591945607851,0.0,0.9504851829486004,0.4226620126420643
522180.0,5061.084739230371,4111.603727690182,0.0,0.9504851388044836,0.4226633774621626
522240.0,5061.072959362794,4111.615507948596,0.0,0.9504851789166816,0.4226647422909679
522300.0,5061.0611861450025,4111.627292835209,0.0,0.9504850067714001,0.4226661071017065
522360.0,5061.0494021641225,4111.639070273232,0.0,0.9504851773795262,0.42266747194452
522420.0,5061.0376204578915,4111.650849309071,0.0,0.9504852751059348,0.4226688367821338
522480.0,5061.025844858953,4111.662632583166,0.0,0.9504851781236995,0.42267020160232527
522540.0,5061.0140679473925,4111.674414970046,0.0,0.9504851225435599,0.42267156642784204
522600.0,5061.0022875129525,4111.6861949243375,0.0,0.9504851790485822,0.4226729312642221
522660.0,5060.990516448197,4111.697981391207,0.0,0.9504849366408183,0.42267429607455426
522720.0,5060.978730228266,4111.70975736658,0.0,0.9504851769174707,0.4226756609298488
522780.0,5060.966947216905,4111.721535586796,0.0,0.9504853145580705,0.42267702577720323
522840.0,5060.95517280785,4111.733319773864,0.0,0.9504851779990532,0.42267839059981416
522900.0,5060.943396555643,4111.745102706162,0.0,0.9504850997447385,0.4226797554293068
522960.0,5060.9316153442915,4111.7568822107805,0.0,0.950485179335122,0.42268112027387733
523020.0,5060.91984273546,4111.768667691156,0.0,0.9504849845541138,0.42268248509428036
523080.0,5060.908057970314,4111.7804447628105,0.0,0.9504851768188756,0.42268384995121755
523140.0,5060.896275770074,4111.792223633458,0.0,0.9504852869527292,0.4226852148021028
523200.0,5060.884500452553,4111.80400727983,0.0,0.9504851776679325,0.42268657963328937
523260.0,5060.872723657529,4111.815789924704,0.0,0.9504851150394467,0.4226879444702847
523320.0,5060.860942893245,4111.827569827586,0.0,0.9504851787206329,0.42268930931945375
523380.0,5060.849169010834,4111.839354514334,0.0,0.9504850228457764,0.42269067414950323
523440.0,5060.837385399366,4111.851132473717,0.0,0.9504851766906534,0.4226920390089658
523500.0,5060.825603837739,4111.8629118753115,0.0,0.950485264813146,0.42269340386388743
523560.0,5060.813827856111,4111.874695150697,0.0,0.9504851750095473,0.4226947687029627
523620.0,5060.802048459141,4111.886476075575,0.0,0.9504851937229105,0.42269613355310603
523680.0,5060.790270441632,4111.898257970469,0.0,0.9504851682177299,0.42269749840015586
523740.0,5060.778491195281,4111.9100390287595,0.0,0.9504851815855014,0.42269886325179645
523800.0,5060.7667136735245,4111.921821297116,0.0,0.9504851397211881,0.422700228099392
523860.0,5060.754933635725,4111.933601836126,0.0,0.9504851777577471,0.42270159295529386
523920.0,5060.743159902916,4111.945386765085,0.0,0.950485014508985,0.42270295779413686
523980.0,5060.731375963806,4111.957164630167,0.0,0.950485176295795,0.4227043226634256
524040.0,5060.719594180959,4111.968944011257,0.0,0.9504852689683663,0.4227056875278603
524100.0,5060.707818266209,4111.980727465925,0.0,0.9504851745321745,0.4227070523756024
524160.0,5060.696038760408,4111.992508448235,0.0,0.9504851942134451,0.4227084172349286
524220.0,5060.684260705666,4112.00429045021,0.0,0.9504851673940823,0.4227097820909506
524280.0,5060.672481359143,4112.016071571933,0.0,0.9504851814538791,0.4227111469517482
524340.0,5060.660703826647,4112.0278539657365,0.0,0.950485137431095,0.422712511808238
524400.0,5060.648923648734,4112.039634540474,0.0,0.9504851774328231,0.42271387667341376
524460.0,5060.637150101731,4112.051419731181,0.0,0.9504850057609913,0.42271524152057327
524520.0,5060.625365822138,4112.063197493031,0.0,0.9504851758996669,0.4227166063997241
524580.0,5060.613583810717,4112.074976848493,0.0,0.9504852733571414,0.4227179712736922
524640.0,5060.601807889264,4112.086760430994,0.0,0.9504851766415631,0.42271933613028506
524700.0,5060.590030658884,4112.098543128661,0.0,0.950485121214173,0.422720700992192
524760.0,5060.578249915599,4112.110323400187,0.0,0.9504851775636728,0.422722065864935
524820.0,5060.566478515417,4112.122110167075,0.0,0.9504849358224765,0.42272343071170143
524880.0,5060.554692002996,4112.133886470253,0.0,0.9504851754381924,0.42272479560331305
524940.0,5060.542908690025,4112.145665012356,0.0,0.9504853127001243,0.42272616048700845
525000.0,5060.531133954969,4112.157449505526,0.0,0.9504851765165705,0.42272752534602653
525060.0,5060.519357381957,4112.16923274727,0.0,0.9504850984773929,0.4227288902119113
525120.0,5060.507575863843,4112.181012570425,0.0,0.9504851778487349,0.4227302550928354
525180.0,5060.495802923849,4112.1927983535315,0.0,0.9504849836033841,0.42273161994965786
525240.0,5060.484017861977,4112.204575750196,0.0,0.9504851753391796,0.42273298484292016
525300.0,5060.472235357712,4112.216354941117,0.0,0.9504852851699823,0.4227343497301495
525360.0,5060.460459716645,4112.228138895127,0.0,0.9504851761856713,0.42273571459773285
525420.0,5060.4486826022385,4112.239921850316,0.0,0.9504851137293195,0.4227370794711129
525480.0,5060.436901529812,4112.251702070783,0.0,0.9504851772352473,0.4227384443566357
525540.0,5060.4251309875335,4112.263489609553,0.0,0.9504849048203383,0.4227398092126962
525600.0,5060.413343416183,4112.27526535572,0.0,0.9504851748504692,0.4227411741192303
525660.0,5060.401559451877,4112.287043623377,0.0,0.9504853295373041,0.4227425390166512
525720.0,5060.389785154382,4112.29882859701,0.0,0.9504851760761458,0.4227439038861971
525780.0,5060.378008787395,4112.310612158697,0.0,0.9504850881383062,0.42274526876328933
525840.0,5060.3662268484795,4112.322391867216,0.0,0.9504851775878173,0.4227466336572612
525900.0,5060.354448295777,4112.334173937887,0.0,0.9504851588489441,0.42274799854234063
525960.0,5060.342668351045,4112.345955058242,0.0,0.9504851841947247,0.42274936343245934
526020.0,5060.330889613922,4112.357737030169,0.0,0.9504851707852566,0.422750728320018
526080.0,5060.319109139631,4112.369517813518,0.0,0.9504852124406412,0.42275209321369017
526140.0,5060.307331157226,4112.381300337487,0.0,0.950485174437076,0.42275345810097137
526200.0,5060.295546863987,4112.393078509832,0.0,0.9504853371093125,0.42275482300821665
526260.0,5060.283772736471,4112.4048637341975,0.0,0.9504851757302553,0.4227561878861212
526320.0,5060.271996433376,4112.416647473034,0.0,0.9504850832561802,0.42275755277188337
526380.0,5060.260214271156,4112.428427159498,0.0,0.9504851773241884,0.42275891767536905
526440.0,5060.248435670311,4112.440209329606,0.0,0.9504851576203464,0.42276028256944753
526500.0,5060.236655606064,4112.451990499891,0.0,0.9504851842763179,0.4227616474687746
526560.0,5060.224876812176,4112.4637725652665,0.0,0.9504851701769254,0.4227630123653571
526620.0,5060.213096191966,4112.475553380225,0.0,0.9504852139842215,0.4227643772683149
526680.0,5060.201318192611,4112.48733602526,0.0,0.9504851740214572,0.42276574216450274
526740.0,5060.189533557526,4112.499114093308,0.0,0.9504853450912281,0.42276710708160886
526800.0,5060.177759612817,4112.510899577292,0.0,0.9504851753856233,0.42276847196783274
526860.0,5060.165983380971,4112.522683498362,0.0,0.9504850781410934,0.4227698368622418
526920.0,5060.154201069365,4112.534463213507,0.0,0.9504851744816255,0.422771201774992
526980.0,5060.1424200365755,4112.546243836947,0.0,0.9504852296589957,0.4227725666854608
527040.0,5060.130642496431,4112.558026888758,0.0,0.95048517339796,0.4227739315862044
527100.0,5060.1188556168145,4112.569803489668,0.0,0.9504854143249726,0.42277529651580326
527160.0,5060.107083793572,4112.581590532509,0.0,0.9504851753526554,0.42277666140170334
527220.0,5060.095308754823,4112.593375369004,0.0,0.9504850384241935,0.4227780262985137
527280.0,5060.083525156124,4112.605154280578,0.0,0.9504851741131937,0.4227793912209457
527340.0,5060.071743363623,4112.616934465965,0.0,0.9504852518339143,0.4227807561395481
527400.0,5060.059966491499,4112.628718069276,0.0,0.9504851726207132,0.422782121044234
527460.0,5060.048181049025,4112.640495749002,0.0,0.9504853661958111,0.42278348597514925
527520.0,5060.03640767537,4112.652281805983,0.0,0.9504851749583207,0.42278485087150264
527580.0,5060.024631726053,4112.664066099987,0.0,0.9504850653778636,0.42278621577688835
527640.0,5060.012848926152,4112.675845653576,0.0,0.9504851739500414,0.42278758070287914
527700.0,5060.0010675689755,4112.687626229107,0.0,0.9504852361351535,0.42278894562610664
527760.0,5059.989290148176,4112.699409540693,0.0,0.9504851727392923,0.4227903105383056
527820.0,5059.977502204553,4112.711185580826,0.0,0.9504854442473492,0.422791675482835
527880.0,5059.965731228179,4112.722973387912,0.0,0.9504851749525,0.4227930403780531
527940.0,5059.953956629979,4112.734758706906,0.0,0.9504850206517703,0.42279440528537454
528000.0,5059.942172386321,4112.746537348264,0.0,0.9504851735661828,0.4227957702215059
528060.0,5059.930390179683,4112.758317423485,0.0,0.9504852611555701,0.42279713515312933
528120.0,5059.918613518301,4112.770101349936,0.0,0.9504851718947371,0.4227985000690009
528180.0,5059.906833462779,4112.781882939625,0.0,0.950485190494695,0.4227998649958812
528240.0,5059.895054778095,4112.793665493708,0.0,0.9504851651434824,0.42280122991969016
528300.0,5059.883274872173,4112.80544721611,0.0,0.950485178430172,0.4228025948480678
528360.0,5059.871496680069,4112.817230141564,0.0,0.950485136818735,0.4228039597724287
528420.0,5059.85971598754,4112.8290113477915,0.0,0.9504851746250575,0.42280532470505205
528480.0,5059.8479415607035,4112.840796918428,0.0,0.9504850123631485,0.42280668962072215
528540.0,5059.836156991053,4112.852575466397,0.0,0.9504851731714403,0.4228080545666637
528600.0,5059.824374564182,4112.86435552159,0.0,0.9504852652834208,0.4228094195077862
528660.0,5059.812597968873,4112.876139626635,0.0,0.9504851714179784,0.42281078443231535
528720.0,5059.8008178048085,4112.887921273774,0.0,0.9504851909800001,0.4228121493683662
528780.0,5059.789039082735,4112.899703934676,0.0,0.9504851643225394,0.42281351430113645
528840.0,5059.777259076874,4112.911485720496,0.0,0.9504851782970762,0.4228148792386591
528900.0,5059.76548087371,4112.923268771024,0.0,0.9504851345402017,0.4228162441719038
528960.0,5059.7537000415505,4112.935050013128,0.0,0.9504851742998273,0.42281760911378824
529020.0,5059.741925798978,4112.9468358443455,0.0,0.9504850036657195,0.4228189740377677
529080.0,5059.730140890572,4112.958614290039,0.0,0.950485172775436,0.4228203389935554
529140.0,5059.718358236162,4112.97039432011,0.0,0.9504852696433863,0.4228217039441972
529200.0,5059.706581633808,4112.982178552597,0.0,0.9504851735123417,0.4228230688775666
529260.0,5059.694803730606,4112.993961905468,0.0,0.9504851184198229,0.4228244338162262
529320.0,5059.683022336333,4113.00574284636,0.0,0.9504851744283712,0.4228257987656613
529380.0,5059.671250226965,4113.017530244809,0.0,0.9504849341485677,0.4228271636892772
529440.0,5059.659463099368,4113.029307240571,0.0,0.9504851723152378,0.4228285286574806
529500.0,5059.64767915125,4113.0410864622645,0.0,0.950485308746947,0.4228298936178206
529560.0,5059.635903727651,4113.052871600348,0.0,0.9504851733865907,0.4228312585536286
529620.0,5059.624126477467,4113.064655494363,0.0,0.9504850958189883,0.4228326234962703
529680.0,5059.612344312926,4113.076435989737,0.0,0.950485174710196,0.42283398845386655
529740.0,5059.600570673088,4113.088222410363,0.0,0.9504849816389734,0.42283535338750583
529800.0,5059.588784986754,4113.100000493475,0.0,0.950485172215309,0.42283671835737785
529860.0,5059.57700184205,4113.11178036044,0.0,0.9504852813817958,0.4228380833212586
529920.0,5059.56522551782,4113.123564962747,0.0,0.950485173056178,0.4228394482656095
529980.0,5059.553447729354,4113.135348572116,0.0,0.950485110977181,0.42284081321573036
530040.0,5059.54166600747,4113.1471294627245,0.0,0.9504851740989033,0.422842178177926
530100.0,5059.529894750154,4113.158917629034,0.0,0.9504849033307603,0.4228435431108369
530160.0,5059.518106569697,4113.170694071503,0.0,0.9504851717280391,0.42284490809393105
530220.0,5059.506321973777,4113.182473020824,0.0,0.9504853254793866,0.4228462730679716
530280.0,5059.4945469845015,4113.19425863705,0.0,0.9504851729458004,0.42284763801430125
530340.0,5059.482769938545,4113.206042849618,0.0,0.9504850855393958,0.42284900296814015
530400.0,5059.470987355305,4113.217823231504,0.0,0.9504851744478272,0.4228503679387635
530460.0,5059.4592143795635,4113.229610289632,0.0,0.9504849568793411,0.4228517328822487
530520.0,5059.4474278298685,4113.241387950839,0.0,0.9504851716467605,0.42285309786645364
530580.0,5059.435644145932,4113.253167620704,0.0,0.9504852946727308,0.42285446284371475
530640.0,5059.423868148397,4113.264952626495,0.0,0.9504851726047876,0.42285582779890213
530700.0,5059.4120905024965,4113.276736511639,0.0,0.9504851026526577,0.4228571927604
530760.0,5059.400308424709,4113.288517332289,0.0,0.950485173790288,0.422858557735437
530820.0,5059.388534032987,4113.300303497357,0.0,0.9504849996805136,0.4228599226889768
530880.0,5059.376748777807,4113.312082144268,0.0,0.9504851715323883,0.42286128767527864
530940.0,5059.36496581322,4113.323862401164,0.0,0.9504852699713562,0.4228626526563253
531000.0,5059.353188998444,4113.335646928894,0.0,0.9504851722825717,0.4228640176198092
531060.0,5059.34141086204,4113.347430562452,0.0,0.9504851162976158,0.4228653825886443
531120.0,5059.329629178293,4113.359211744647,0.0,0.9504851732147825,0.4228667475684217
531180.0,5059.317856929525,4113.370999489428,0.0,0.9504849290404443,0.4228681125219339
531240.0,5059.306069420205,4113.382776661901,0.0,0.9504851710687242,0.42286947752075243
531300.0,5059.2942851419,4113.394556096365,0.0,0.950485309712823,0.42287084251155377
531360.0,5059.282509525772,4113.406341543575,0.0,0.9504851721587764,0.42287220747741444
531420.0,5059.270732053797,4113.41812572622,0.0,0.9504850933343694,0.4228735724501949
531480.0,5059.258949588224,4113.429906454753,0.0,0.9504851735051704,0.4228749374381648
531540.0,5059.247175785101,4113.441693204951,0.0,0.9504849773046841,0.42287630240176843
531600.0,5059.235389741175,4113.453471481612,0.0,0.9504851709711697,0.42287766740218075
531660.0,5059.22360628012,4113.465251570987,0.0,0.9504852819080352,0.4228790323964787
531720.0,5059.211829749697,4113.477036472808,0.0,0.9504851718270017,0.4228803973709199
531780.0,5059.200051731619,4113.488820365289,0.0,0.9504851087423059,0.4228817623511997
531840.0,5059.188269716718,4113.50060149462,0.0,0.9504851728879622,0.42288312734374217
531900.0,5059.17649463165,4113.512387444556,0.0,0.9504850158771286,0.42288449231700553
531960.0,5059.16470974991,4113.52416661525,0.0,0.9504851708437719,0.4228858573199012
532020.0,5059.152926932397,4113.535947239128,0.0,0.9504852596089479,0.4228872223182052
532080.0,5059.141149733745,4113.547731766577,0.0,0.9504851691509975,0.42288858730053447
532140.0,5059.129369096076,4113.5595139253255,0.0,0.950485188001073,0.4228899522940067
532200.0,5059.117589847545,4113.571297061472,0.0,0.9504851623102538,0.4228913172843515
532260.0,5059.105809361703,4113.58307935449,0.0,0.9504851757757704,0.4228926822793122
532320.0,5059.09403061254,4113.594862866799,0.0,0.9504851336065459,0.42289404727018604
532380.0,5059.082249329907,4113.606644636365,0.0,0.9504851719206984,0.42289541226942107
532440.0,5059.070474396252,4113.618430829553,0.0,0.9504850074820148,0.42289677725144986
532500.0,5059.0586891853245,4113.630209904426,0.0,0.9504851704486741,0.4228981422641556
532560.0,5059.0469061457825,4113.641990506849,0.0,0.9504852637971647,0.42289950727195424
532620.0,5059.035129015211,4113.653775214171,0.0,0.9504851686727824,0.4229008722629253
532680.0,5059.023348268687,4113.66555743,0.0,0.9504851884978378,0.42290223726555937
532740.0,5059.011568983399,4113.677340673262,0.0,0.9504851614832335,0.42290360226485374
532800.0,5058.999788397423,4113.689123029407,0.0,0.9504851756458317,0.4229049672689502
532860.0,5058.988009638179,4113.700906667339,0.0,0.9504851313023712,0.42290633226869495
532920.0,5058.976228215192,4113.712688472112,0.0,0.9504851715960456,0.4229076972771836
532980.0,5058.96445346937,4113.724474928273,0.0,0.950484998672849,0.42290906226750113
533040.0,5058.952667916321,4113.736253898324,0.0,0.9504851700522976,0.4229104272900532
533100.0,5058.940884647348,4113.748034474127,0.0,0.9504852682206286,0.42291179230736686
533160.0,5058.929107510762,4113.759819309478,0.0,0.9504851708001897,0.4229131573071652
533220.0,5058.917329056261,4113.771603253048,0.0,0.9504851149689459,0.42291452231230353
533280.0,5058.905547064451,4113.783384751745,0.0,0.9504851717296093,0.42291588732835655
533340.0,5058.893774480877,4113.795172795699,0.0,0.9504849282261103,0.4229172523182163
533400.0,5058.881986679951,4113.806950295319,0.0,0.9504851695892184,0.42291861735326414
533460.0,5058.870202100861,4113.818730050973,0.0,0.9504853078522502,0.42291998238031914
533520.0,5058.858426159412,4113.830515803477,0.0,0.9504851706760459,0.42292134738250003
533580.0,5058.846648367343,4113.842300294787,0.0,0.9504850920681424,0.4229227123915856
533640.0,5058.834865595806,4113.85408134113,0.0,0.9504851720185106,0.42292407741582166
533700.0,5058.823091462169,4113.865868393233,0.0,0.9504849763570457,0.42292544241575786
533760.0,5058.811305122373,4113.877646994227,0.0,0.9504851694912435,0.42292680745240785
533820.0,5058.799521358103,4113.889427403165,0.0,0.9504852801231638,0.42292817248296255
533880.0,5058.7877445048325,4113.9012126118305,0.0,0.9504851703444939,0.4229295374937136
533940.0,5058.775966168088,4113.9129968138495,0.0,0.9504851074330911,0.422930902510291
534000.0,5058.764183845832,4113.9247782600405,0.0,0.950485171402308,0.42293226753909996
534060.0,5058.752408433758,4113.9365645141,0.0,0.9504850148229421,0.42293363254868266
534120.0,5058.740623252747,4113.9483440068725,0.0,0.9504851693635074,0.4229349975878216
534180.0,5058.728840130085,4113.960124949008,0.0,0.9504852578845586,0.4229363626223841
534240.0,5058.717062610359,4113.971909784395,0.0,0.9504851676751567,0.42293772764101495
534300.0,5058.705281661337,4113.98369225737,0.0,0.9504851864733005,0.42293909267076174
534360.0,5058.693502097496,4113.995475705174,0.0,0.9504851608529875,0.422940457697391
534420.0,5058.681721299833,4114.0072583120955,0.0,0.9504851742813744,0.4229418227286264
534480.0,5058.669942233909,4114.019042135101,0.0,0.9504851322279517,0.42294318775578765
534540.0,5058.658160641673,4114.030824219992,0.0,0.950485170436669,0.42294455279128984
534600.0,5058.646385380397,4114.042610716821,0.0,0.9504850064500373,0.4229459178096342
534660.0,5058.634599870956,4114.054390114189,0.0,0.9504851689684628,0.42294728285857563
534720.0,5058.622816526723,4114.066171035087,0.0,0.9504852620601322,0.42294864790262604
534780.0,5058.611039074704,4114.07795605003,0.0,0.9504851671972251,0.4229500129298942
534840.0,5058.59925801696,4114.089738580092,0.0,0.9504851869676463,0.42295137796879684
534900.0,5058.587478416294,4114.101522134883,0.0,0.950485160027218,0.4229527430043705
534960.0,5058.575697518605,4114.113304804923,0.0,0.9504851741507542,0.42295410804473577
535020.0,5058.563918442453,4114.125088753377,0.0,0.95048512992912,0.42295547308076276
535080.0,5058.5521367100855,4114.136870873542,0.0,0.9504851701118752,0.4229568381255125
535140.0,5058.540361635936,4114.148657632808,0.0,0.9504849976640625,0.4229582031521419
535200.0,5058.52857578517,4114.160436925789,0.0,0.9504851685721425,0.4229595682109222
535260.0,5058.516792211983,4114.172217820299,0.0,0.9504852664703796,0.4229609332644809
535320.0,5058.505014753793,4114.184002963088,0.0,0.9504851693177484,0.42296229830057136
535380.0,5058.4932359813965,4114.195787216484,0.0,0.9504851136399135,0.4229636633419908
535440.0,5058.481453681704,4114.2075690314905,0.0,0.9504851702443831,0.42296502839429717
535500.0,5058.469680763566,4114.219357374455,0.0,0.9504849274102295,0.4229663934204823
535560.0,5058.457892671176,4114.231135200996,0.0,0.9504851681096473,0.42296775849173773
535620.0,5058.446107791465,4114.24291527763,0.0,0.9504853059924425,0.4229691235550242
535680.0,5058.434331524917,4114.254701335252,0.0,0.9504851691932572,0.42297048859350306
535740.0,5058.422553412961,4114.266486135047,0.0,0.9504850908013185,0.42297185363887146
535800.0,5058.410770335629,4114.278267499,0.0,0.9504851705318023,0.42297321869935156
535860.0,5058.398995871714,4114.2900548528405,0.0,0.9504849754080552,0.42297458373559804
535920.0,5058.3872092361935,4114.301833777949,0.0,0.9504851680112524,0.42297594880846345
535980.0,5058.375425168877,4114.313614506244,0.0,0.9504852783389619,0.4229773138752527
536040.0,5058.3636479929755,4114.3254000215775,0.0,0.9504851688619277,0.4229786789222914
536100.0,5058.351869337773,4114.337184532954,0.0,0.9504851061233341,0.4229800439751442
536160.0,5058.340086708335,4114.348966295803,0.0,0.9504851699166047,0.42298140904019765
536220.0,5058.328310969487,4114.360752853817,0.0,0.9504850137675214,0.4229827740860776
536280.0,5058.3165254893565,4114.372532668451,0.0,0.9504851678831785,0.4229841391614378
536340.0,5058.304742061713,4114.38431392864,0.0,0.950485256160807,0.42298550423223646
536400.0,5058.292964221124,4114.396099071788,0.0,0.9504851661992385,0.42298686928714646
536460.0,5058.281182960934,4114.407881858792,0.0,0.9504851849455996,0.42298823435314536
536520.0,5058.269403081984,4114.419665618065,0.0,0.9504851593955906,0.422989599416037
536580.0,5058.257621972686,4114.431448538697,0.0,0.9504851727869543,0.42299096448352447
536640.0,5058.245842590202,4114.443232672215,0.0,0.9504851308489998,0.42299232954695076
536700.0,5058.2340606885455,4114.4550150722325,0.0,0.9504851689525873,0.4229936946186981
536760.0,5058.222285099892,4114.466801872545,0.0,0.9504850054164484,0.4229950596733356
536820.0,5058.210499292082,4114.4785815921805,0.0,0.9504851674881858,0.4229964247584908
536880.0,5058.198715643319,4114.490362831346,0.0,0.9504852603239515,0.42299778983877084
536940.0,5058.186937870077,4114.502148153735,0.0,0.9504851657215853,0.4229991549023138
537000.0,5058.175156501297,4114.513930997838,0.0,0.9504851854375697,0.4230005199774629
537060.0,5058.163376585454,4114.525714863975,0.0,0.950485158571049,0.42300188504929376
537120.0,5058.151595376239,4114.53749784772,0.0,0.950485172655664,0.42300325012590567
537180.0,5058.139815983384,4114.549282106513,0.0,0.9504851285554199,0.42300461519819277
537240.0,5058.128033941818,4114.561064541871,0.0,0.9504851686276528,0.42300598027918157
537300.0,5058.116258539588,4114.5728516040845,0.0,0.9504849966535829,0.42300734534210077
537360.0,5058.104472391244,4114.584631219773,0.0,0.9504851670919214,0.42300871043708743
537420.0,5058.092688514,4114.5964124327775,0.0,0.9504852647210753,0.4230100755268691
537480.0,5058.080910734433,4114.608197882835,0.0,0.950485167835249,0.4230114405992293
537540.0,5058.069131644349,4114.619982445878,0.0,0.950485112310296,0.4230128056769078
537600.0,5058.057349036948,4114.6317645769905,0.0,0.9504851687591074,0.4230141707654456
537660.0,5058.045575784506,4114.64355321882,0.0,0.9504849265921517,0.4230155358279339
537720.0,5058.033787400769,4114.655331372052,0.0,0.9504851666300086,0.4230169009353749
537780.0,5058.022002220587,4114.667111769452,0.0,0.9504853041337753,0.423018266034871
537840.0,5058.010225629168,4114.67889813203,0.0,0.9504851677104107,0.42301963110962576
537900.0,5057.998447197537,4114.690683240131,0.0,0.9504850895338421,0.42302099619125505
537960.0,5057.986663814586,4114.702464921491,0.0,0.9504851690450464,0.42302236128795745
538020.0,5057.974889020631,4114.714252576909,0.0,0.9504849744575291,0.423023726360492
538080.0,5057.963102089527,4114.726031825915,0.0,0.9504851665311955,0.423025091469551
538140.0,5057.951317719326,4114.737812873361,0.0,0.9504852765555143,0.4230264565725529
538200.0,5057.939540221012,4114.7495986951835,0.0,0.950485167379303,0.42302782165585734
538260.0,5057.927761247557,4114.761383515734,0.0,0.9504851048130517,0.4230291867449634
538320.0,5057.915978311111,4114.773165595039,0.0,0.9504851684308508,0.42303055184623917
538380.0,5057.904202245717,4114.784952456842,0.0,0.950485012710905,0.4230319169283939
538440.0,5057.892416466615,4114.79673259312,0.0,0.950485166402785,0.4230332820399533
538500.0,5057.88063273416,4114.808514171159,0.0,0.9504852544376244,0.42303464714696615
538560.0,5057.868854572924,4114.8202996218915,0.0,0.9504851647232445,0.42303601223813325
538620.0,5057.85707300175,4114.8320827227335,0.0,0.9504851834179592,0.42303737734036234
538680.0,5057.84529280789,4114.843866793286,0.0,0.9504851579380691,0.42303874243949424
538740.0,5057.8335113871435,4114.855650027437,0.0,0.9504851712925066,0.4230401075432119
538800.0,5057.821731688302,4114.867434471283,0.0,0.9504851294697206,0.42304147264288117
538860.0,5057.809949477402,4114.879217186231,0.0,0.9504851674684501,0.42304283775085144
538920.0,5057.798173561599,4114.891004289857,0.0,0.9504850043817292,0.4230442028417599
538980.0,5057.786387455572,4114.9027843315525,0.0,0.9504851660078445,0.4230455679631069
539040.0,5057.774603502449,4114.91456588878,0.0,0.9504852585883311,0.42304693307959457
539100.0,5057.762825408196,4114.926351518439,0.0,0.9504851642458696,0.4230482981793903
539160.0,5057.751043728568,4114.938134676387,0.0,0.9504851839075538,0.42304966329076377
539220.0,5057.73926349774,4114.94991885368,0.0,0.9504851571147549,0.4230510283988296
539280.0,5057.7274819771865,4114.961702150934,0.0,0.9504851711605473,0.42305239351166596
539340.0,5057.715702267829,4114.973486719886,0.0,0.9504851271813822,0.423053758620191
539400.0,5057.70391991724,4114.9852694702395,0.0,0.9504851671433764,0.42305512373739684
539460.0,5057.692144187161,4114.997056835236,0.0,0.9504849956417851,0.42305648883658353
539520.0,5057.680357741389,4115.008836773414,0.0,0.9504851656116358,0.42305785396775425
539580.0,5057.668573560258,4115.020618304711,0.0,0.9504852629723419,0.4230592190937369
539640.0,5057.656795459525,4115.032404061861,0.0,0.9504851663526909,0.42306058420234505
539700.0,5057.645016051958,4115.044188934368,0.0,0.9504851109802217,0.42306194931626034
539760.0,5057.633233137024,4115.055971381387,0.0,0.9504851672737807,0.42306331444100764
539820.0,5057.621459550528,4115.067760321926,0.0,0.950484925772272,0.4230646795397768
539880.0,5057.60967087558,4115.079538801626,0.0,0.9504851651503036,0.4230660446833815
539940.0,5057.5978853950855,4115.091319519582,0.0,0.9504853022760169,0.4230674098190652
540000.0,5057.586108479017,4115.103106186942,0.0,0.9504851662275068,0.4230687749300737
540060.0,5057.574329727922,4115.114891603171,0.0,0.9504850882656606,0.42307014004794163
540120.0,5057.562546039517,4115.126673601732,0.0,0.9504851675582449,0.4230715051808441
540180.0,5057.5507709157655,4115.138461558567,0.0,0.9504849735053993,0.42307287028964446
540240.0,5057.53898368922,4115.150241131243,0.0,0.9504851650510733,0.42307423543487493
540300.0,5057.5271990162955,4115.16202249763,0.0,0.9504852747729173,0.42307560057406735
540360.0,5057.515421195786,4115.173808625777,0.0,0.9504851658966202,0.4230769656936152
540420.0,5057.503641904285,4115.185593755324,0.0,0.950485103502194,0.4230783308189525
540480.0,5057.491858661007,4115.197376150885,0.0,0.9504851669450494,0.42307969595642847
540540.0,5057.480085931339,4115.209165862676,0.0,0.950484894800385,0.42308106106444104
540600.0,5057.468296199409,4115.220943785107,0.0,0.9504851645625328,0.4230824262229167
540660.0,5057.456510068883,4115.232724228281,0.0,0.9504853190957916,0.4230837913722744
540720.0,5057.444733589963,4115.244511375559,0.0,0.9504851657868874,0.42308515649375994
540780.0,5057.432955044843,4115.2562971112275,0.0,0.9504850779363314,0.42308652162278426
540840.0,5057.421170936578,4115.268078994779,0.0,0.9504851672969523,0.42308788676868336
540900.0,5057.40939020922,4115.279863239791,0.0,0.9504851485766324,0.4230892519056872
540960.0,5057.397608092047,4115.291646534716,0.0,0.9504851738971961,0.42309061704772527
541020.0,5057.385827180607,4115.303430680943,0.0,0.9504851605009871,0.42309198218719957
541080.0,5057.374044534753,4115.315213638884,0.0,0.9504852021149834,0.4230933473327823
541140.0,5057.362264376888,4115.326998336933,0.0,0.9504851641490756,0.42309471247197106
541200.0,5057.3504779181485,4115.338778684507,0.0,0.950485326659972,0.4230960776311147
541260.0,5057.338701609153,4115.350566082141,0.0,0.9504851654408674,0.4230974427609204
541320.0,5057.326923128037,4115.362351994603,0.0,0.9504850730583898,0.4230988078985763
541380.0,5057.315138797022,4115.374133855792,0.0,0.950485167033116,0.42310017305395065
541440.0,5057.303358021806,4115.385918199905,0.0,0.9504851473487483,0.4231015381999149
541500.0,5057.291575785515,4115.397701544435,0.0,0.9504851739782522,0.42310290335112294
541560.0,5057.279794817607,4115.409485783776,0.0,0.9504851598927776,0.42310426849958277
541620.0,5057.268012026273,4115.421268773007,0.0,0.9504852036566238,0.42310563365441256
541680.0,5057.256231851695,4115.433053591782,0.0,0.9504851637333946,0.42310699880246966
541740.0,5057.24444505185,4115.444833834774,0.0,0.9504853346337128,0.4231083639714357
541800.0,5057.232668925584,4115.4566214916495,0.0,0.9504851650961044,0.4231097291095225
541860.0,5057.220890515814,4115.468407585988,0.0,0.9504850679478699,0.42311109425578713
541920.0,5057.209106035854,4115.48018947554,0.0,0.9504851641928974,0.4231124594203878
541980.0,5057.197322832737,4115.491972273086,0.0,0.9504852193155371,0.42311382458270125
542040.0,5057.185543116784,4115.503757498314,0.0,0.9504851631102007,0.4231151897352888
542100.0,5057.173754076078,4115.515536274369,0.0,0.9504854037984343,0.4231165549167208
542160.0,5057.161980068084,4115.527325489462,0.0,0.9504851650628537,0.42311792005445925
542220.0,5057.150202849672,4115.539112498765,0.0,0.95048502827005,0.42311928520310005
542280.0,5057.13841708478,4115.550893584761,0.0,0.9504851638245153,0.42312065037735636
542340.0,5057.126633123283,4115.562675944168,0.0,0.9504852414681718,0.42312201554777734
542400.0,5057.114854074439,4115.574461720542,0.0,0.9504851623334086,0.423123380704282
542460.0,5057.103066468745,4115.586241574922,0.0,0.9504853557166895,0.4231247458870072
542520.0,5057.091290912915,4115.598029804222,0.0,0.9504851646685948,0.4231261110351728
542580.0,5057.079512785505,4115.609816270978,0.0,0.9504850551966633,0.423127476192363
542640.0,5057.067727818295,4115.621597998605,0.0,0.9504851636612097,0.4231288413701527
542700.0,5057.055944291577,4115.633380747843,0.0,0.9504852257846028,0.4231302065451735
542760.0,5057.044164695057,4115.6451662323625,0.0,0.9504851624515566,0.4231315717091655
542820.0,5057.032374592302,4115.656944447389,0.0,0.9504854336903081,0.42313293690547643
542880.0,5057.0206014301175,4115.668734426098,0.0,0.9504851646624637,0.4231343020524825
542940.0,5057.008824651835,4115.680521917351,0.0,0.9504850105147291,0.4231356672115835
543000.0,5056.997038243281,4115.692302732797,0.0,0.9504851632774166,0.42313703239948763
543060.0,5056.985253868578,4115.704084981658,0.0,0.9504852507799002,0.4231383975828784
543120.0,5056.97347503042,4115.715871080663,0.0,0.9504851616075232,0.42313976275051773
543180.0,5056.961692803487,4115.727654843515,0.0,0.9504851801889898,0.42314112792915964
543240.0,5056.949911945254,4115.739439570465,0.0,0.950485154862854,0.42314249310472657
543300.0,5056.938129867727,4115.751223465927,0.0,0.9504851681363224,0.4231438582848574
543360.0,5056.926349501349,4115.763008564073,0.0,0.9504851265660652,0.4231452234609679
543420.0,5056.9145666385,4115.774791943434,0.0,0.9504851643348745,0.4231465886453355
543480.0,5056.90279003153,4115.786579685957,0.0,0.9504850022335896,0.4231479538127468
543540.0,5056.891003297697,4115.7983604077235,0.0,0.9504851628825922,0.4231493190104224
543600.0,5056.879218703314,4115.81014263625,0.0,0.9504852549032607,0.4231506842032737
543660.0,5056.867439931338,4115.821928913494,0.0,0.9504851611307624,0.42315204937953216
543720.0,5056.855657596241,4115.833712733475,0.0,0.9504851806733529,0.42315341456730615
543780.0,5056.843876700891,4115.845497566904,0.0,0.9504851540422454,0.4231547797517962
543840.0,5056.832094523793,4115.857281525457,0.0,0.950485168002889,0.42315614494103376
543900.0,5056.820314146583,4115.869066748335,0.0,0.9504851242892889,0.42315751012598973
543960.0,5056.808531144529,4115.880850163253,0.0,0.9504851640094942,0.4231588753195803
544020.0,5056.796754721743,4115.892638165978,0.0,0.9504849935441999,0.42316024049526274
544080.0,5056.784967649894,4115.904418785181,0.0,0.9504851624865069,0.42316160570274597
544140.0,5056.773182828535,4115.916200988282,0.0,0.9504852592585125,0.42316297090507804
544200.0,5056.761404049733,4115.927987392627,0.0,0.9504851632225781,0.4231643360901385
544260.0,5056.7496239721595,4115.939772917544,0.0,0.9504851081845765,0.4231657012804823
544320.0,5056.737840409016,4115.951556031131,0.0,0.9504851641375952,0.42316706648159763
544380.0,5056.726066116216,4115.9633456004485,0.0,0.9504849240956488,0.4231684316568921
544440.0,5056.714276828805,4115.975124769917,0.0,0.9504851620264495,0.4231697968767644
544500.0,5056.70249071591,4115.986906164655,0.0,0.9504852983230211,0.4231711620887686
544560.0,5056.690713114146,4115.998693474142,0.0,0.9504851630966363,0.4231725272762427
544620.0,5056.678933688703,4116.010479539848,0.0,0.9504850856058301,0.42317389247054343
544680.0,5056.667149356645,4116.022262207831,0.0,0.9504851644188254,0.4231752576797939
544740.0,5056.655373535909,4116.034050799398,0.0,0.9504849715387554,0.42317662286508706
544800.0,5056.643585687633,4116.04583105571,0.0,0.9504851619263045,0.4231779880866033
544860.0,5056.631800377027,4116.057613095335,0.0,0.9504852709847043,0.42317935330212303
544920.0,5056.6200218761915,4116.069399868986,0.0,0.950485162766236,0.42318071849811423
544980.0,5056.608241913451,4116.081185649918,0.0,0.9504851007486806,0.4231820836998682
545040.0,5056.59645802349,4116.092968712818,0.0,0.9504851638078234,0.42318344891369286
545100.0,5056.58468458168,4116.104759049369,0.0,0.9504848933077877,0.4231848140982315
545160.0,5056.572894243347,4116.116537665287,0.0,0.9504851614392027,0.42318617933294306
545220.0,5056.561107483949,4116.128318787316,0.0,0.9504853150381805,0.4231875445585963
545280.0,5056.549330316103,4116.140106574395,0.0,0.9504851626556521,0.42318890975654117
545340.0,5056.5375510948425,4116.1518929581525,0.0,0.9504850753358349,0.42319027496198786
545400.0,5056.525766345019,4116.1636755122645,0.0,0.9504851641560851,0.42319164018421407
545460.0,5056.51399118761,4116.175464740743,0.0,0.9504849468030984,0.4231930053793021
545520.0,5056.502202477611,4116.187244574861,0.0,0.9504851613576896,0.4231943706150997
545580.0,5056.4904166289025,4116.199026417031,0.0,0.9504852842616882,0.4231957358439484
545640.0,5056.47863845452,4116.210813593638,0.0,0.9504851623146622,0.423197101050725
545700.0,5056.466858634398,4116.222599649856,0.0,0.9504850924317744,0.423198466263805
545760.0,5056.455074389372,4116.234382642407,0.0,0.9504851634988832,0.42319983149041973
545820.0,5056.443297818351,4116.246170977867,0.0,0.950484989561464,0.42320119669553624
545880.0,5056.43151040097,4116.257951797208,0.0,0.950485161243115,0.42320256193340583
545940.0,5056.419725270614,4116.269734226037,0.0,0.9504852595845907,0.4232039271660149
546000.0,5056.407946280419,4116.281520924514,0.0,0.9504851619924507,0.4232052923810623
546060.0,5056.3961659707065,4116.2933067290105,0.0,0.9504851060628298,0.4232066576014537
546120.0,5056.384382119239,4116.3050900827975,0.0,0.9504851629236344,0.4232080228327833
546180.0,5056.37260768796,4116.316879997323,0.0,0.950484918990788,0.4232093880378462
546240.0,5056.3608180201145,4116.328659342418,0.0,0.9504851607795943,0.42321075328820573
546300.0,5056.349031578242,4116.340440948834,0.0,0.950485299286472,0.4232121185305433
546360.0,5056.337253784949,4116.352228566329,0.0,0.9504851618684631,0.4232134837479423
546420.0,5056.32547413876,4116.364014919556,0.0,0.9504850831219829,0.4232148489722538
546480.0,5056.313689506829,4116.375797819597,0.0,0.9504851632134206,0.42321621421175
546540.0,5056.301913523769,4116.387586739622,0.0,0.9504849672068744,0.4232175794268796
546600.0,5056.290125319151,4116.399367188397,0.0,0.9504851606818212,0.42321894467880816
546660.0,5056.278339693381,4116.411149449336,0.0,0.9504852715089604,0.4232203099246173
546720.0,5056.266560987368,4116.422936521389,0.0,0.9504851615367017,0.4232216751505708
546780.0,5056.254780796074,4116.434722584325,0.0,0.9504850985143651,0.4232230403823558
546840.0,5056.242996614246,4116.446505884847,0.0,0.9504851625965078,0.4232244056263993
546900.0,5056.231219351391,4116.458294004621,0.0,0.9504850057409064,0.42322577085116236
546960.0,5056.2194323072745,4116.470075346975,0.0,0.9504851605542349,0.4232271361055494
547020.0,5056.207647324177,4116.481858142065,0.0,0.9504852492315504,0.42322850135533924
547080.0,5056.195867951127,4116.493644839639,0.0,0.95048515886303,0.4232298665891549
547140.0,5056.184085144487,4116.505429169126,0.0,0.9504851776944105,0.4232312318341073
547200.0,5056.172303724823,4116.517214475708,0.0,0.950485152028945,0.4232325970759287
547260.0,5056.160521069818,4116.528998939358,0.0,0.9504851654810944,0.42323396232236127
547320.0,5056.148740148787,4116.5407846219305,0.0,0.9504851233535027,0.42323532756470345
547380.0,5056.136956698288,4116.5525685622015,0.0,0.9504851616297291,0.42323669281540144
547440.0,5056.125179586827,4116.564356924837,0.0,0.950484997353573,0.42323805804889003
547500.0,5056.1133922142435,4116.576138171089,0.0,0.9504851601590556,0.42323942331304826
547560.0,5056.101607009674,4116.587920944419,0.0,0.9504852534151725,0.42324078857229425
547620.0,5056.089827704805,4116.599707821507,0.0,0.9504851583848152,0.42324215381471325
547680.0,5056.078044789689,4116.611492207748,0.0,0.9504851781902157,0.423243519068789
547740.0,5056.066263333536,4116.623277621105,0.0,0.9504851512022686,0.42324488431952156
547800.0,5056.054480578761,4116.635062147552,0.0,0.9504851653508134,0.42324624957505147
547860.0,5056.042699647873,4116.646847955402,0.0,0.950485121051122,0.42324761482622614
547920.0,5056.030916057444,4116.658631930564,0.0,0.9504851613049259,0.42324898008613926
547980.0,5056.019139133734,4116.670420555793,0.0,0.950484988552521,0.4232503453278783
548040.0,5056.007351419772,4116.682201696936,0.0,0.9504851597625985,0.4232517106018446
548100.0,5055.995565986335,4116.693984443342,0.0,0.9504852578339029,0.4232530758705671
548160.0,5055.983786675671,4116.705771448115,0.0,0.9504851605096468,0.4232544411217751
548220.0,5055.972006049195,4116.7175575613,0.0,0.9504851047335272,0.42325580637831617
548280.0,5055.9602218909795,4116.729341230263,0.0,0.9504851614380435,0.42325717164576787
548340.0,5055.948447126266,4116.741131442647,0.0,0.950484918175003,0.42325853688702464
548400.0,5055.936657168092,4116.752911113549,0.0,0.9504851592996625,0.42325990217346005
548460.0,5055.924870426734,4116.764693039821,0.0,0.950485297426067,0.4232612674518976
548520.0,5055.9130923094735,4116.776480961293,0.0,0.9504851603853112,0.4232626327054632
548580.0,5055.9013123445275,4116.788267621861,0.0,0.9504850818550522,0.4232639979659262
548640.0,5055.889527407948,4116.8000508383875,0.0,0.9504851617263441,0.42326536324153496
548700.0,5055.877751095732,4116.811840058995,0.0,0.9504849662581322,0.42326672849284336
548760.0,5055.8659625965365,4116.823620830769,0.0,0.9504851592014699,0.42326809378085606
548820.0,5055.85417666886,4116.835403409942,0.0,0.9504852697240418,0.42326945906276825
548880.0,5055.842397641347,4116.847190787516,0.0,0.9504851600537724,0.423270824324878
548940.0,5055.830617132723,4116.858977158667,0.0,0.9504850972044558,0.423272189592807
549000.0,5055.818832644853,4116.870760774719,0.0,0.9504851611104372,0.4232735548729633
549060.0,5055.807055056347,4116.882549197296,0.0,0.9504850046856294,0.4232749201338922
549120.0,5055.795267714256,4116.894330860395,0.0,0.9504851590735456,0.42327628542436874
549180.0,5055.783482427318,4116.906113972414,0.0,0.9504852475070953,0.4232776507102634
549240.0,5055.771702734533,4116.917900976603,0.0,0.9504851573867581,0.4232790159802268
549300.0,5055.759919617859,4116.929685618987,0.0,0.9504851761662826,0.42328038126129996
549360.0,5055.7481378842185,4116.941471235901,0.0,0.9504851505712206,0.4232817465392523
549420.0,5055.736354918713,4116.95325601213,0.0,0.9504851639862942,0.4232831118218057
549480.0,5055.724573682253,4116.965042004075,0.0,0.9504851219743344,0.4232844771002816
549540.0,5055.712789923468,4116.976826258344,0.0,0.950485160145281,0.4232858423870931
549600.0,5055.701012485746,4116.988614923305,0.0,0.950484996320394,0.4232872076567436
549660.0,5055.689224815945,4117.00039649071,0.0,0.9504851586784191,0.423288572956984
549720.0,5055.677439307989,4117.012179581184,0.0,0.9504852516782086,0.4232899382523282
549780.0,5055.665659683018,4117.023966764573,0.0,0.9504851569088237,0.4232913035308906
549840.0,5055.653876458002,4117.03575146372,0.0,0.9504851766596969,0.4232926688210814
549900.0,5055.642094687802,4117.047537187284,0.0,0.9504851497457799,0.42329403410793975
549960.0,5055.630311622635,4117.059322026302,0.0,0.9504851638553394,0.4232953993995847
550020.0,5055.618530376174,4117.071108143354,0.0,0.9504851196772369,0.42329676468688804
550080.0,5055.606746477683,4117.082892432579,0.0,0.9504851598203378,0.4232981299829088
550140.0,5055.594969227011,4117.094681359599,0.0,0.9504849875423933,0.4232994952608062
550200.0,5055.583181216621,4117.106462822335,0.0,0.950485158282018,0.42330086057084726
550260.0,5055.571395480273,4117.118245886113,0.0,0.9504852560837954,0.42330222587566124
550320.0,5055.559615849354,4117.13003319701,0.0,0.9504851590267844,0.42330359116300775
550380.0,5055.5478349063205,4117.1418196187,0.0,0.950485103403789,0.42330495645567634
550440.0,5055.536050441536,4117.15360360264,0.0,0.9504851599524007,0.4233063217592279
550500.0,5055.524275343629,4117.165394112722,0.0,0.9504849173576297,0.4233076870366565
550560.0,5055.512485095271,4117.1771741092125,0.0,0.9504851578196655,0.4233090523591459
550620.0,5055.500698054591,4117.188956355134,0.0,0.9504852955663919,0.4233104176736616
550680.0,5055.488919613578,4117.200744580408,0.0,0.9504851589021014,0.4233117829633717
550740.0,5055.477139330086,4117.21253154814,0.0,0.9504850805874916,0.4233131482599641
550800.0,5055.465354089023,4117.224315080944,0.0,0.9504851602392203,0.4233145135716636
550860.0,5055.453577447888,4117.236104601971,0.0,0.950484965307945,0.4233158788591288
550920.0,5055.44178865426,4117.247885696527,0.0,0.9504851577210536,0.4233172441832034
550980.0,5055.430002424841,4117.259668593727,0.0,0.9504852679398519,0.4233186095011966
551040.0,5055.418223076041,4117.271456276646,0.0,0.950485158570785,0.42331997479944056
551100.0,5055.406442250295,4117.283242955831,0.0,0.9504850958940162,0.4233213401034914
551160.0,5055.394657456557,4117.295026887214,0.0,0.9504851596243175,0.42332270541973854
551220.0,5055.382879542632,4117.306815612428,0.0,0.9504850036291406,0.4233240707168109
551280.0,5055.371091902719,4117.318597596054,0.0,0.9504851575927917,0.42332543604335515
551340.0,5055.359306312109,4117.330381024795,0.0,0.9504852457833284,0.4233268013653325
551400.0,5055.347526299806,4117.342168335425,0.0,0.9504851559104075,0.42332816667142165
551460.0,5055.335742873287,4117.353953290513,0.0,0.9504851746382369,0.4233295319885936
551520.0,5055.323960825866,4117.365739217572,0.0,0.9504851491133598,0.4233308973026547
551580.0,5055.312177550049,4117.377524306184,0.0,0.9504851624914734,0.42333226262130674
551640.0,5055.3003959983635,4117.389310607316,0.0,0.9504851205947853,0.4233336279358941
551700.0,5055.288611931473,4117.4010951753835,0.0,0.9504851586607795,0.42333499325879714
551760.0,5055.276834167724,4117.412884142506,0.0,0.9504849952858543,0.4233363585645872
551820.0,5055.265046200853,4117.4246660308545,0.0,0.9504851571977176,0.4233377239008878
551880.0,5055.253260389679,4117.436449438266,0.0,0.9504852499419133,0.423339089232308
551940.0,5055.241480444828,4117.448236927779,0.0,0.9504851554327538,0.4233404545469917
552000.0,5055.229696910099,4117.460021939639,0.0,0.9504851751292567,0.4233418198732753
552060.0,5055.217914826049,4117.471807973225,0.0,0.9504851482891571,0.4233431851962372
552120.0,5055.206131450679,4117.48359312462,0.0,0.9504851623598435,0.4233445505239752
552180.0,5055.194349888848,4117.495379550687,0.0,0.9504851183029793,0.42334591584738507
552240.0,5055.182565682477,4117.507164153778,0.0,0.9504851583356958,0.42334728117949133
552300.0,5055.170788105075,4117.518953382425,0.0,0.9504849865309263,0.4233486464935248
552360.0,5055.158999798409,4117.530735166536,0.0,0.9504851568013725,0.4233500118396184
552420.0,5055.147213759317,4117.542518547482,0.0,0.9504852543343134,0.42335137718050186
552480.0,5055.135433808362,4117.554306164323,0.0,0.9504851575438631,0.42335274250396476
552540.0,5055.123652548976,4117.566092894335,0.0,0.9504851020735747,0.42335410783273875
552600.0,5055.111867777796,4117.5778771930545,0.0,0.9504851584667067,0.4233554731723681
552660.0,5055.10009234695,4117.589668000682,0.0,0.9504849165383186,0.42335683848594613
552720.0,5055.088301808536,4117.60144832253,0.0,0.9504851563396013,0.42335820384446776
552780.0,5055.076514468689,4117.613230887888,0.0,0.9504852937077897,0.4233595691950394
552840.0,5055.064735704156,4117.6250194167915,0.0,0.9504851574188339,0.42336093452087176
552900.0,5055.052955102328,4117.6368066915065,0.0,0.9504850793192854,0.42336229985357127
552960.0,5055.041169556955,4117.6485905403915,0.0,0.9504851587520492,0.42336366520133917
553020.0,5055.029392587139,4117.660380361678,0.0,0.9504849643562487,0.4233650305249388
553080.0,5055.01760349922,4117.672161778794,0.0,0.9504851562405718,0.42336639588505326
553140.0,5055.005816968224,4117.683944993814,0.0,0.9504852661563967,0.4233677612391055
553200.0,5054.994037298354,4117.695732981905,0.0,0.9504851570877388,0.4233691265734614
553260.0,5054.982256155691,4117.7075199689425,0.0,0.9504850945830765,0.42337049191361203
553320.0,5054.970471056261,4117.719304215455,0.0,0.9504851581381468,0.4233718572659281
553380.0,5054.958696483838,4117.731095795545,0.0,0.950484885512443,0.4233732225886988
553440.0,5054.946904887613,4117.742875558173,0.0,0.9504851557515441,0.4233745879620543
553500.0,5054.935116897421,4117.7546578474685,0.0,0.9504853105580218,0.42337595332626016
553560.0,5054.923338571097,4117.766446856805,0.0,0.9504851569781881,0.4233773186625217
553620.0,5054.911558176016,4117.778234451094,0.0,0.9504850689724038,0.42337868400633155
553680.0,5054.89977221076,4117.790018184065,0.0,0.9504851584910478,0.4233800493670547
553740.0,5054.88798963074,4117.801804284063,0.0,0.9504851397376947,0.42338141471885404
553800.0,5054.876205659187,4117.813589431664,0.0,0.9504851651030879,0.423382780075694
553860.0,5054.864422894936,4117.825375432538,0.0,0.9504851516832559,0.4233841454299579
553920.0,5054.852638394118,4117.837160242243,0.0,0.9504851933708999,0.42338551079033876
553980.0,5054.840856384481,4117.848946796153,0.0,0.9504851553379201,0.4233868761443043
554040.0,5054.829068066041,4117.860728989149,0.0,0.9504853181362366,0.42338824151826493
554100.0,5054.817289910241,4117.872518248973,0.0,0.9504851566321214,0.42338960686281196
554160.0,5054.805509579631,4117.884306020009,0.0,0.9504850640863562,0.42339097221521954
554220.0,5054.793723391722,4117.896089730094,0.0,0.950485158227311,0.4233923375853861
554280.0,5054.781940764169,4117.90787592896,0.0,0.950485138508194,0.42339370294611284
554340.0,5054.770156673728,4117.919661125812,0.0,0.950485165184857,0.42339506831209023
554400.0,5054.75837385332,4117.931447219556,0.0,0.9504851510745321,0.42339643367530655
554460.0,5054.746589207215,4117.943232060158,0.0,0.9504851949158639,0.4233977990449022
554520.0,5054.734807181231,4117.95501873461,0.0,0.9504851549220678,0.42339916440770275
554580.0,5054.723018521629,4117.966800822302,0.0,0.9504853261248281,0.423400529791455
554640.0,5054.711240549183,4117.978590341518,0.0,0.9504851562873139,0.42340189514424853
554700.0,5054.699460290394,4117.990378294395,0.0,0.950485058967231,0.4234032605052308
554760.0,5054.687673953729,4118.002162032437,0.0,0.9504851553826346,0.42340462588459127
554820.0,5054.675888895592,4118.01394668056,0.0,0.9504852106028729,0.4234059912616498
554880.0,5054.664107329071,4118.025733762124,0.0,0.9504851542981475,0.4234073566289552
554940.0,5054.652316426016,4118.037514379066,0.0,0.9504853954123685,0.4234087220251673
555000.0,5054.6405405747855,4118.0493054599,0.0,0.9504851562543811,0.4234100873775746
555060.0,5054.628761509123,4118.06109432961,0.0,0.9504850192195944,0.42341145274090203
555120.0,5054.616973886152,4118.07287726187,0.0,0.9504851550139776,0.4234128181299053
555180.0,5054.605188068927,4118.084661470498,0.0,0.9504852327950857,0.4234141835150546
555240.0,5054.593407170616,4118.096449104204,0.0,0.9504851535203576,0.4234155488862498
555300.0,5054.581617704634,4118.108230801745,0.0,0.9504853472459882,0.4234169142837238
555360.0,5054.569840303863,4118.120020894125,0.0,0.9504851558598015,0.4234182796465471
555420.0,5054.558060328305,4118.131809219681,0.0,0.9504850461942349,0.4234196450184083
555480.0,5054.546273504284,4118.143592794788,0.0,0.9504851548507597,0.42342101041091673
555540.0,5054.534488122647,4118.155377393863,0.0,0.9504852170841207,0.4234223758006404
555600.0,5054.52270667622,4118.167164734707,0.0,0.9504851536390914,0.4234237411793046
555660.0,5054.510914710278,4118.178944788656,0.0,0.9504854253579071,0.42342510659035876
555720.0,5054.4991397064405,4118.190736634302,0.0,0.9504851558540364,0.4234264719519828
555780.0,5054.487361081978,4118.202525986483,0.0,0.9504850014336124,0.4234278373257227
555840.0,5054.475572815037,4118.214308646921,0.0,0.9504851544666643,0.42342920272833384
555900.0,5054.4637865845925,4118.226092744112,0.0,0.9504852421240257,0.4234305681264114
555960.0,5054.452005897744,4118.237880700596,0.0,0.9504851527939416,0.4234319335086952
556020.0,5054.440221817866,4118.249666315304,0.0,0.9504851714083505,0.42343329890200215
556080.0,5054.428439108469,4118.261452896358,0.0,0.9504851460374619,0.423434664292221
556140.0,5054.416655178271,4118.273238643887,0.0,0.9504851593344827,0.42343602968700855
556200.0,5054.404872961439,4118.285025596915,0.0,0.9504851176907089,0.4234373950777595
556260.0,5054.393088245001,4118.296810827012,0.0,0.9504851555264326,0.42343876047678236
556320.0,5054.38130979245,4118.308600430593,0.0,0.9504849931383654,0.42344012585879787
556380.0,5054.369521200199,4118.320382996658,0.0,0.950485154071706,0.42344149127114933
556440.0,5054.357734750176,4118.332167072996,0.0,0.9504852462552893,0.4234428566786556
556500.0,5054.345954129976,4118.343955207673,0.0,0.9504851523169012,0.42344422206952476
556560.0,5054.334169942177,4118.355740879172,0.0,0.9504851718941452,0.4234455874719313
556620.0,5054.322387195996,4118.367527566484,0.0,0.9504851452159617,0.42344695287103973
556680.0,5054.310603166482,4118.379313376785,0.0,0.9504851592013809,0.4234483182749011
556740.0,5054.298820939184,4118.391100454371,0.0,0.9504851154104489,0.42344968367446406
556800.0,5054.2870360837505,4118.402885719638,0.0,0.9504851552010427,0.4234510490826773
556860.0,5054.275257816008,4118.4146755835745,0.0,0.9504849844339589,0.42345241447292903
556920.0,5054.263468885686,4118.42645804636,0.0,0.9504851536754845,0.42345377989505734
556980.0,5054.251682208778,4118.438242096738,0.0,0.950485250618947,0.4234551453120125
557040.0,5054.239901582128,4118.450030358353,0.0,0.9504851544129848,0.42345651071165025
557100.0,5054.228119655122,4118.461817738365,0.0,0.9504850992775977,0.42345787611657504
557160.0,5054.216334238138,4118.473602701271,0.0,0.9504851553297471,0.4234592415322949
557220.0,5054.204558103341,4118.4853941352185,0.0,0.9504849148629582,0.42346060692212095
557280.0,5054.1927669549,4118.4971751445,0.0,0.9504851532149904,0.4234619723566323
557340.0,5054.180978985076,4118.508958384279,0.0,0.9504852897528564,0.4234633377832467
557400.0,5054.169199537216,4118.520747552878,0.0,0.9504851542871967,0.42346470318526713
557460.0,5054.157418263421,4118.532535474654,0.0,0.9504850766593292,0.4234660685941219
557520.0,5054.145632076804,4118.544319990579,0.0,0.9504851556118511,0.4234674340179603
557580.0,5054.133854412368,4118.556110444152,0.0,0.9504849623904484,0.42346879941777515
557640.0,5054.1220647051505,4118.567892542557,0.0,0.9504851531150452,0.4234701648538973
557700.0,5054.11027753889,4118.579676428449,0.0,0.9504852623664765,0.42347153028399914
557760.0,5054.0984971910675,4118.591465059621,0.0,0.9504851539565883,0.4234728956945209
557820.0,5054.086715379548,4118.6032526956305,0.0,0.9504850918293548,0.4234742611108106
557880.0,5054.074929635845,4118.615037607103,0.0,0.9504851550001441,0.4234756265391975
557940.0,5054.06315435362,4118.626829809482,0.0,0.9504848840215978,0.423476991938217
558000.0,5054.05136215344,4118.638610263273,0.0,0.9504851526274585,0.4234783573875304
558060.0,5054.039573536804,4118.650393229068,0.0,0.9504853064982588,0.42347972282775403
558120.0,5054.027794523916,4118.662182875771,0.0,0.9504851538461857,0.4234810882401975
558180.0,5054.016013455073,4118.673971115729,0.0,0.9504850663719404,0.4234824536601523
558240.0,5054.0042268506695,4118.685755516887,0.0,0.9504851553493988,0.42348381909692484
558300.0,5053.99244985091,4118.697546608262,0.0,0.950484937611888,0.42348518450648537
558360.0,5053.980659281386,4118.70932828284,0.0,0.9504851525461779,0.4234865499568507
558420.0,5053.968871576851,4118.721111970178,0.0,0.9504852756677109,0.42348791540024083
558480.0,5053.957091556406,4118.732901004642,0.0,0.9504851535049692,0.42348928082150106
558540.0,5053.945309888198,4118.744688915966,0.0,0.950485083498526,0.4234906462490711
558600.0,5053.93352378949,4118.756473756296,0.0,0.95048515469141,0.4234920116902061
558660.0,5053.921745374576,4118.768263952208,0.0,0.9504849804463664,0.4234933771097831
558720.0,5053.909956099571,4118.780046614047,0.0,0.9504851524317781,0.42349474256218883
558780.0,5053.898169114561,4118.791830889132,0.0,0.9504852509471973,0.4234961080093118
558840.0,5053.8863882775195,4118.803619444009,0.0,0.950485153182564,0.42349747343882643
558900.0,5053.87460611935,4118.8154071026975,0.0,0.9504850971541471,0.4234988388736892
558960.0,5053.862820414956,4118.8271923048105,0.0,0.9504851541155186,0.42350020431951396
559020.0,5053.85104414276,4118.83898408321,0.0,0.9504849097515903,0.42350156973899794
559080.0,5053.8392526147,4118.850765266981,0.0,0.9504851519678151,0.42350293520388765
559140.0,5053.827464316768,4118.862548717384,0.0,0.9504852907195153,0.4235043006607262
559200.0,5053.815684678403,4118.87433819315,0.0,0.9504851530587333,0.4235056660925613
559260.0,5053.803903184852,4118.88612640156,0.0,0.9504850741731852,0.4235070315313169
559320.0,5053.792116699265,4118.897911148539,0.0,0.9504851544061922,0.4235083969852914
559380.0,5053.780338873556,4118.909701929772,0.0,0.9504849580533504,0.42350976241483246
559440.0,5053.768548810831,4118.921484219544,0.0,0.9504851518702456,0.42351112788125816
559500.0,5053.756761330291,4118.933268325715,0.0,0.9504852628933029,0.42351249334154006
559560.0,5053.744980778303,4118.945057254427,0.0,0.9504851527267622,0.42351385878191417
559620.0,5053.733198739211,4118.956845171542,0.0,0.9504850895931363,0.42351522422812493
559680.0,5053.721412704552,4118.968630319643,0.0,0.9504851537885659,0.4235165896866213
559740.0,5053.709633597681,4118.980420298408,0.0,0.9504849966558121,0.42351795512578283
559800.0,5053.697844697192,4118.992203483573,0.0,0.95048515174281,0.42351932059463615
559860.0,5053.686057860395,4119.003988124855,0.0,0.9504852405768768,0.42352068605887183
559920.0,5053.674276640778,4119.01577667788,0.0,0.9504851500487427,0.42352205150709044
559980.0,5053.662491983264,4119.027562857128,0.0,0.9504851689134618,0.42352341696646684
560040.0,5053.650708714525,4119.039350015746,0.0,0.9504851432027052,0.42352478242269864
560100.0,5053.63892420892,4119.051136329372,0.0,0.95048515667869,0.42352614788354687
560160.0,5053.627141439534,4119.062923864771,0.0,0.9504851144767033,0.4235275133402881
560220.0,5053.615356137511,4119.074709653669,0.0,0.9504851528206437,0.4235288788054001
560280.0,5053.6035771826255,4119.086499875387,0.0,0.9504849882542199,0.4235302442532512
560340.0,5053.591787953632,4119.098282963749,0.0,0.9504851513474968,0.42353160973184467
560400.0,5053.580000895463,4119.110067582747,0.0,0.9504852447685185,0.42353297520550465
560460.0,5053.568219744498,4119.121856315249,0.0,0.9504851495702454,0.4235343406622925
560520.0,5053.556434978752,4119.133642550916,0.0,0.9504851694107238,0.42353570613075975
560580.0,5053.544651673862,4119.145429816095,0.0,0.9504851423751238,0.42353707159586956
560640.0,5053.532867068744,4119.157216192199,0.0,0.9504851565487482,0.4235384370657823
560700.0,5053.521084289874,4119.169003852706,0.0,0.9504851121707789,0.4235398025313228
560760.0,5053.509298848127,4119.180789676109,0.0,0.9504851524958324,0.4235411680056176
560820.0,5053.49752008162,4119.19258016058,0.0,0.9504849794379661,0.42354253346168436
560880.0,5053.485730511189,4119.204363143111,0.0,0.950485150950903,0.42354389895005495
560940.0,5053.473943224244,4119.21614773465,0.0,0.9504852491956812,0.4235452644331597
561000.0,5053.46216206786,4119.227936594675,0.0,0.9504851516993975,0.42354662989870334
561060.0,5053.450379594058,4119.239724560907,0.0,0.9504850958247659,0.42354799536958415
561120.0,5053.438593584058,4119.2515100770715,0.0,0.9504851526295605,0.42354936085139927
561180.0,5053.426816979533,4119.263302152159,0.0,0.9504849089366272,0.4235507263069458
561240.0,5053.415025162309,4119.275083660641,0.0,0.9504851504875256,0.4235520918077796
561300.0,5053.403236566041,4119.286867429782,0.0,0.9504852888581423,0.4235534573005867
561360.0,5053.391456604825,4119.298657208373,0.0,0.9504851515752185,0.42355482276845696
561420.0,5053.379674793647,4119.31044572298,0.0,0.9504850729061955,0.42355618824323266
561480.0,5053.36788800455,4119.322230785315,0.0,0.9504851529187477,0.4235575537331883
561540.0,5053.3561098508035,4119.334021865974,0.0,0.9504849571049938,0.42355891919877703
561600.0,5053.3443194946585,4119.345804477632,0.0,0.9504851503895354,0.4235602847011549
561660.0,5053.332531713358,4119.357588900914,0.0,0.9504852611075834,0.4235616501974083
561720.0,5053.320750840996,4119.369378133999,0.0,0.9504851512434702,0.42356301567380744
561780.0,5053.308968485706,4119.381166358186,0.0,0.9504850882830866,0.4235643811560307
561840.0,5053.297182146144,4119.392951820687,0.0,0.9504851523021292,0.4235657466505082
561900.0,5053.285402714748,4119.404742101106,0.0,0.9504849956007191,0.42356711212570414
561960.0,5053.2736135174255,4119.416525605895,0.0,0.950485150261761,0.4235684776305154
562020.0,5053.261826377928,4119.428310562977,0.0,0.9504852388518346,0.42356984313072427
562080.0,5053.250044839707,4119.440099421477,0.0,0.9504851485721143,0.42357120861495934
562140.0,5053.2382598732975,4119.451885912489,0.0,0.9504851673849336,0.4235725741103249
562200.0,5053.2264762917175,4119.463673380301,0.0,0.9504851417446399,0.4235739396025561
562260.0,5053.214691476752,4119.47546000537,0.0,0.9504851551835183,0.4235753050993936
562320.0,5053.202908393071,4119.487247849004,0.0,0.9504851130972569,0.4235766705921371
562380.0,5053.191122783898,4119.4990339507685,0.0,0.9504851513358327,0.42357803609323114
562440.0,5053.179343503882,4119.510824473662,0.0,0.9504849872210518,0.42357940157711266
562500.0,5053.167553978813,4119.522607882058,0.0,0.9504851498665,0.42358076709165676
562560.0,5053.155766618396,4119.534392817072,0.0,0.9504852430309787,0.4235821326012833
562620.0,5053.143985148462,4119.54618185473,0.0,0.9504851480938975,0.42358349809408324
562680.0,5053.132200073956,4119.55796840217,0.0,0.9504851678798023,0.42358486359853376
562740.0,5053.120416456151,4119.569755976418,0.0,0.9504851409182957,0.4235862290996377
562800.0,5053.10863154178,4119.581542663958,0.0,0.9504851550529014,0.42358759460553413
562860.0,5053.096848448469,4119.593330632526,0.0,0.9504851107966237,0.42358896010707164
562920.0,5053.085062699798,4119.605116768861,0.0,0.9504851510108806,0.42359032561734244
562980.0,5053.073283607458,4119.616907553974,0.0,0.9504849784278793,0.423591691109436
563040.0,5053.061493741744,4119.628690856973,0.0,0.9504851494699624,0.42359305663374963
563100.0,5053.049706153028,4119.640475764758,0.0,0.9504852474449555,0.42359442215281423
563160.0,5053.037924677521,4119.652264929761,0.0,0.9504851502161731,0.423595787654365
563220.0,5053.026141888296,4119.66405320336,0.0,0.9504850944947347,0.4235971531612418
563280.0,5053.014355572863,4119.67583903337,0.0,0.9504851511435547,0.4235985186790252
563340.0,5053.002578636281,4119.687631405007,0.0,0.950484908119144,0.423599884170612
563400.0,5052.990786530005,4119.699413237952,0.0,0.950485149007168,0.4236012497073682
563460.0,5052.978997635551,4119.711197325615,0.0,0.9504852869979526,0.4236026152361217
563520.0,5052.967217351722,4119.722987406861,0.0,0.9504851500916468,0.42360398074000505
563580.0,5052.955435223132,4119.73477622749,0.0,0.9504850716383821,0.42360534625077845
563640.0,5052.943648130692,4119.746561604975,0.0,0.95048515143126,0.42360671177669307
563700.0,5052.931869649163,4119.758352984908,0.0,0.9504849561546507,0.42360807727830685
563760.0,5052.9200789997185,4119.77013591822,0.0,0.9504851489087585,0.4236094428166153
563820.0,5052.9082909178105,4119.7819206584,0.0,0.950485259322938,0.42361080834881804
563880.0,5052.896509725296,4119.7937101956895,0.0,0.9504851497601212,0.4236121738612194
563940.0,5052.884727054021,4119.805498726773,0.0,0.9504850869723055,0.423613539379433
564000.0,5052.872940409725,4119.817284503468,0.0,0.9504851508156476,0.4236149049098699
564060.0,5052.861160654048,4119.829075085379,0.0,0.9504849945439192,0.4236162704210777
564120.0,5052.849371160031,4119.840858909565,0.0,0.9504851487806463,0.423617635961825
564180.0,5052.837583717995,4119.852644182238,0.0,0.9504852371276293,0.42361900149798487
564240.0,5052.825801861395,4119.864433346039,0.0,0.9504851470954048,0.423620367018214
564300.0,5052.814016586274,4119.876220148621,0.0,0.9504851658565092,0.42362173254954666
564360.0,5052.802232692049,4119.88800792544,0.0,0.9504851402864277,0.42362309807775494
564420.0,5052.790447567908,4119.899794861761,0.0,0.9504851536883309,0.4236244636105595
564480.0,5052.778664170138,4119.911583013444,0.0,0.9504851117173898,0.4236258291392829
564540.0,5052.766878253998,4119.923369427873,0.0,0.95048514985097,0.4236271946763368
564600.0,5052.755098649097,4119.935160251788,0.0,0.9504849861861124,0.42362856019622636
564660.0,5052.743308828086,4119.946943979993,0.0,0.9504851483854376,0.4236299257466991
564720.0,5052.731521165583,4119.958729230813,0.0,0.9504852412943023,0.4236312912922701
564780.0,5052.719739376906,4119.970518573459,0.0,0.9504851466174675,0.4236326568210598
564840.0,5052.707953993819,4119.982305432477,0.0,0.9504851663489935,0.42363402236147174
564900.0,5052.696170063305,4119.99409331561,0.0,0.9504851394613155,0.4236353878985478
564960.0,5052.684384839865,4120.005880314392,0.0,0.950485153557042,0.42363675344040563
565020.0,5052.672601432322,4120.017668590838,0.0,0.950485109422022,0.4236381189779181
565080.0,5052.660815376903,4120.029455039903,0.0,0.9504851495258774,0.42363948452414285
565140.0,5052.649035958974,4120.041246125501,0.0,0.9504849774160767,0.423640850052241
565200.0,5052.63724579811,4120.053029748747,0.0,0.9504851479889559,0.4236422156124758
565260.0,5052.625457907779,4120.064814972567,0.0,0.9504852456951707,0.42364358116747824
565320.0,5052.613676113373,4120.076604442375,0.0,0.950485148732891,0.4236449467050138
565380.0,5052.601893008932,4120.088393023158,0.0,0.9504850931641722,0.4236463122478644
565440.0,5052.590106388239,4120.100179166812,0.0,0.950485149657499,0.42364767780159407
565500.0,5052.578329119858,4120.111971834846,0.0,0.9504849072996568,0.42364904332919884
565560.0,5052.566536724658,4120.123753992024,0.0,0.9504851475267435,0.4236504089018553
565620.0,5052.554747532171,4120.1355383979935,0.0,0.950485285138881,0.4236517744665332
565680.0,5052.542966925958,4120.147328781729,0.0,0.950485148608018,0.4236531400064073
565740.0,5052.531184480168,4120.159117908202,0.0,0.9504850703698955,0.42365450555315626
565800.0,5052.519397084551,4120.170903600631,0.0,0.9504851499437262,0.4236558711150077
565860.0,5052.5076182754765,4120.1826952796755,0.0,0.9504849552028378,0.4236572366526242
565920.0,5052.495827332879,4120.194478534426,0.0,0.9504851474279167,0.423658602226841
565980.0,5052.48403895053,4120.206263591297,0.0,0.9504852575389644,0.42365996779497117
566040.0,5052.47225743808,4120.218053432616,0.0,0.9504851482767136,0.4236613333433531
566100.0,5052.460474451022,4120.22984227041,0.0,0.9504850856611784,0.42366269889753483
566160.0,5052.448687502175,4120.241628361105,0.0,0.9504851493291119,0.42366406446390886
566220.0,5052.436907422435,4120.253419244335,0.0,0.9504849934862933,0.42366543001110646
566280.0,5052.425117631893,4120.2652033877175,0.0,0.9504851472994685,0.4236667955877678
566340.0,5052.413329887495,4120.276988975782,0.0,0.9504852354037632,0.4236681611598568
566400.0,5052.40154771272,4120.288778444698,0.0,0.950485145618625,0.4236695267160578
566460.0,5052.389762129074,4120.300565558655,0.0,0.9504851643280987,0.4236708922833353
566520.0,5052.377977922401,4120.312353644293,0.0,0.9504851388281151,0.42367225784749873
566580.0,5052.36619248927,4120.32414089167,0.0,0.9504851521931036,0.42367362341624826
566640.0,5052.354408777606,4120.335929351214,0.0,0.9504851103372929,0.42367498898092937
566700.0,5052.342622554681,4120.347716078114,0.0,0.9504851483660504,0.42367635455392116
566760.0,5052.330842625111,4120.359507202871,0.0,0.9504849851504593,0.4236777201097965
566820.0,5052.3190525083255,4120.3712912506835,0.0,0.9504851469043124,0.42367908569617574
566880.0,5052.307264543913,4120.383076817111,0.0,0.9504852395579446,0.4236804512776691
566940.0,5052.295482436697,4120.394866464555,0.0,0.9504851451409675,0.42368181684242634
567000.0,5052.283696745222,4120.406653634955,0.0,0.9504851648181977,0.4236831824187772
567060.0,5052.271912502189,4120.4184418267805,0.0,0.9504851380042363,0.42368454799180294
567120.0,5052.260126969871,4120.430229136612,0.0,0.9504851520611426,0.42368591356959995
567180.0,5052.24834324829,4120.4420177207485,0.0,0.950485108047196,0.423687279143065
567240.0,5052.236556886309,4120.453804482352,0.0,0.9504851480408174,0.4236886447252215
567300.0,5052.224777143008,4120.465595868257,0.0,0.9504849764034906,0.42369001028930203
567360.0,5052.212986687162,4120.477379811543,0.0,0.9504851465078867,0.42369137588543565
567420.0,5052.201198495396,4120.489165351199,0.0,0.9504852439456737,0.4236927414763537
567480.0,5052.189416382295,4120.500955125628,0.0,0.9504851472495496,0.4236941070498518
567540.0,5052.177632962838,4120.512744013408,0.0,0.9504850918333013,0.423695472628654
567600.0,5052.16584603707,4120.524530470508,0.0,0.9504851481713895,0.42369683821830767
567660.0,5052.154068437122,4120.536323434772,0.0,0.9504849064788461,0.42369820378190803
567720.0,5052.1422757531445,4120.54810591597,0.0,0.9504851460462549,0.4236995693904429
567780.0,5052.13048626279,4120.559890640042,0.0,0.9504852832804422,0.42370093499102296
567840.0,5052.118705334407,4120.57168132609,0.0,0.9504851471243312,0.4237023005668654
567900.0,5052.106922571625,4120.5834707582235,0.0,0.9504850691008786,0.42370366614956784
567960.0,5052.095134873008,4120.595256765399,0.0,0.950485148456143,0.4237050317473342
568020.0,5052.083355736623,4120.607048743389,0.0,0.9504849542497346,0.42370639732093146
568080.0,5052.071564501022,4120.618832319357,0.0,0.9504851459470106,0.42370776293103435
568140.0,5052.059775818398,4120.630617692714,0.0,0.9504852557556869,0.42370912853506976
568200.0,5052.047993986229,4120.642407837884,0.0,0.9504851467932478,0.4237104941194097
568260.0,5052.0362106835955,4120.654196982207,0.0,0.950485084349481,0.4237118597095374
568320.0,5052.024423430367,4120.665983386702,0.0,0.9504851478425279,0.4237132253118264
568380.0,5052.012646687788,4120.677777122814,0.0,0.9504848754825508,0.4237145908845686
568440.0,5052.000852947928,4120.689559044519,0.0,0.9504851454581489,0.42371595650788574
568500.0,5051.989062808524,4120.701343492185,0.0,0.9504853001136191,0.4237173221220485
568560.0,5051.977282317948,4120.713134658127,0.0,0.9504851466834928,0.4237186877082693
568620.0,5051.965499761872,4120.724924409337,0.0,0.9504850587634557,0.423720053302031
568680.0,5051.953711644305,4120.7367103002125,0.0,0.9504851481947739,0.423721418912701
568740.0,5051.941926906733,4120.748498557464,0.0,0.9504851294596468,0.42372278451444434
568800.0,5051.930140779814,4120.760285862531,0.0,0.9504851548002681,0.4237241501212235
568860.0,5051.918355858344,4120.772074020618,0.0,0.950485141393461,0.42372551572542266
568920.0,5051.906569203031,4120.783860987812,0.0,0.950485183040446,0.42372688133573394
568980.0,5051.894785035043,4120.7956496987235,0.0,0.9504851450444601,0.423728246939627
569040.0,5051.882994568104,4120.807434049799,0.0,0.9504853076842027,0.42372961256350616
569100.0,5051.871214248005,4120.819225465856,0.0,0.9504851463372972,0.42373097815797406
569160.0,5051.859431756511,4120.831015393455,0.0,0.9504850538816441,0.42373234376029517
569220.0,5051.847643416846,4120.842801261141,0.0,0.9504851479308287,0.42373370938037025
569280.0,5051.835858632021,4120.8545896169235,0.0,0.9504851282308685,0.42373507499100266
569340.0,5051.824072386607,4120.866376970919,0.0,0.9504851548814961,0.4237364406068809
569400.0,5051.812287409274,4120.878165221537,0.0,0.9504851407848612,0.42373780621999446
569460.0,5051.800500609112,4120.889952219302,0.0,0.9504851845834584,0.42373917183948206
569520.0,5051.788716425014,4120.901741050414,0.0,0.9504851446285465,0.4237405374521716
569580.0,5051.776925617654,4120.9135252958995,0.0,0.9504853156645527,0.4237419030858036
569640.0,5051.765145480833,4120.925316970969,0.0,0.9504851459923596,0.4237432686884796
569700.0,5051.753363061262,4120.937107080053,0.0,0.9504850487670243,0.4237446342993369
569760.0,5051.741574573284,4120.948892975376,0.0,0.9504851450884577,0.42374599992856765
569820.0,5051.729787361878,4120.960679780492,0.0,0.950485200254894,0.4237473655554906
569880.0,5051.718003636668,4120.972469018402,0.0,0.9504851440049227,0.4237487311726597
569940.0,5051.706210589485,4120.984251793311,0.0,0.950485384884374,0.4237500968187251
570000.0,5051.694432570721,4120.996045029388,0.0,0.9504851459591483,0.42375146242099027
570060.0,5051.682651342561,4121.00783605486,0.0,0.9504850090577024,0.4237528280341677
570120.0,5051.670861570414,4121.019621144402,0.0,0.9504851447198489,0.42375419367301503
570180.0,5051.659073601244,4121.031407509928,0.0,0.9504852224251569,0.4237555593080028
570240.0,5051.647290543344,4121.043197299628,0.0,0.9504851432275802,0.42375692492903644
570300.0,5051.63549893113,4121.0549811546625,0.0,0.9504853367645886,0.4237582905763403
570360.0,5051.623719365376,4121.066773402332,0.0,0.9504851455646424,0.4237596561889951
570420.0,5051.611937228878,4121.078563883584,0.0,0.9504850360057104,0.4237610218106802
570480.0,5051.600148254575,4121.090349615597,0.0,0.950485144556479,0.4237623874530074
570540.0,5051.588360720454,4121.102136371262,0.0,0.950485206729236,0.42376375309254416
570600.0,5051.576577115434,4121.113925867968,0.0,0.9504851433458862,0.42376511872102085
570660.0,5051.564783007294,4121.125708079611,0.0,0.9504854148002893,0.4237664843818766
570720.0,5051.55300583489,4121.1375020798905,0.0,0.9504851455585722,0.4237678499933076
570780.0,5051.5412250475265,4121.149293587295,0.0,0.9504849912883581,0.4237692156168465
570840.0,5051.529434632692,4121.161078404667,0.0,0.9504851441724469,0.4237705812692503
570900.0,5051.5176462512245,4121.172864658369,0.0,0.9504852317444449,0.42377194691711495
570960.0,5051.505863404741,4121.184654770348,0.0,0.9504851425012486,0.4237733125491859
571020.0,5051.49407717053,4121.196442541121,0.0,0.9504851610974961,0.4237746781922741
571080.0,5051.482292304691,4121.208231277953,0.0,0.9504851357512365,0.4237760438322705
571140.0,5051.4705062199755,4121.2200191814445,0.0,0.9504851490352719,0.423777409476831
571200.0,5051.458721845984,4121.231808290087,0.0,0.9504851074319389,0.4237787751173512
571260.0,5051.4469349762985,4121.243595676211,0.0,0.9504851452308225,0.42378014076613807
571320.0,5051.435154360796,4121.255387434642,0.0,0.9504849830005117,0.42378150639791423
571380.0,5051.423363621365,4121.267172157349,0.0,0.9504851437774067,0.4237828720600198
571440.0,5051.4115750208675,4121.278958389889,0.0,0.9504852358713284,0.4237842377172746
571500.0,5051.399792241146,4121.290748679706,0.0,0.9504851420242042,0.4237856033578924
571560.0,5051.388005899393,4121.302536506943,0.0,0.9504851615823718,0.4237869690100415
571620.0,5051.376220997039,4121.314325349698,0.0,0.9504851349300594,0.42378833465888927
571680.0,5051.36443481337,4121.326113315631,0.0,0.9504851489018392,0.42378970031248514
571740.0,5051.352650429143,4121.337902548491,0.0,0.9504851051533899,0.42379106596177885
571800.0,5051.340863420884,4121.349689969464,0.0,0.950485144905284,0.42379243161971775
571860.0,5051.329082990115,4121.361481987874,0.0,0.9504849743040318,0.4237937972596918
571920.0,5051.3172919133485,4121.3732666070155,0.0,0.9504851433811045,0.42379516293153563
571980.0,5051.30550308653,4121.385052813291,0.0,0.9504852402302966,0.4237965285982009
572040.0,5051.29372030058,4121.396843229704,0.0,0.9504851441177847,0.4237978942475491
572100.0,5051.281936216329,4121.408632764689,0.0,0.9504850890358915,0.42379925990217765
572160.0,5051.2701486475335,4121.4204198831685,0.0,0.9504851450335542,0.42380062556759734
572220.0,5051.258370346544,4121.432213470984,0.0,0.9504849048000612,0.42380199120712103
572280.0,5051.246577055239,4121.443996636783,0.0,0.9504851429207468,0.4238033568913212
572340.0,5051.234786937648,4121.455782032456,0.0,0.9504852793260306,0.4238047225676195
572400.0,5051.223005328798,4121.467573355413,0.0,0.950485143991809,0.42380608821932547
572460.0,5051.211221896886,4121.479363431817,0.0,0.9504850664392096,0.4238074538778585
572520.0,5051.199433559792,4121.491150103221,0.0,0.9504851453150751,0.4238088195513708
572580.0,5051.187653731676,4121.502942710722,0.0,0.9504849522810014,0.42381018520085856
572640.0,5051.175861879489,4121.514726965151,0.0,0.9504851428205882,0.42381155088664463
572700.0,5051.164072564354,4121.526513006561,0.0,0.9504852519659983,0.423812916566405
572760.0,5051.1522900570835,4121.538303792022,0.0,0.9504851436612118,0.4238142822265862
572820.0,5051.1405060884235,4121.550093582525,0.0,0.9504850815941812,0.4238156478925283
572880.0,5051.128718193696,4121.561880649169,0.0,0.9504851447036528,0.42381701357056367
572940.0,5051.116940744246,4121.573675004809,0.0,0.9504848739877222,0.4238183792192299
573000.0,5051.1051464031025,4121.585457614837,0.0,0.9504851423331645,0.42381974491818064
573060.0,5051.093355639981,4121.597242736177,0.0,0.9504852960547158,0.4238211106080367
573120.0,5051.0815744657175,4121.609034536705,0.0,0.9504851435506063,0.42382247627011455
573180.0,5051.069791238721,4121.620824930794,0.0,0.9504850561611382,0.4238238419396965
573240.0,5051.058002484771,4121.632611487043,0.0,0.9504851450522588,0.42382520762609155
573300.0,5051.046223320584,4121.644404731766,0.0,0.9504849275257304,0.423826573285274
573360.0,5051.0344306077095,4121.656188562062,0.0,0.9504851422516527,0.4238279389852516
573420.0,5051.022640755415,4121.667974404552,0.0,0.9504852652537621,0.4238293046782489
573480.0,5051.010858575296,4121.6797655927885,0.0,0.9504851432094111,0.42383067034911764
573540.0,5050.999074750007,4121.691555658121,0.0,0.9504850732707613,0.42383203602628894
573600.0,5050.987286501106,4121.703342653222,0.0,0.9504851443945996,0.423833401717021
573660.0,5050.975505924105,4121.715135002507,0.0,0.9504849703182247,0.4238347673861937
573720.0,5050.963714503876,4121.726919819597,0.0,0.9504851421370533,0.42383613308818663
573780.0,5050.9519253701255,4121.738706249474,0.0,0.9504852405570563,0.4238374987848914
573840.0,5050.94014237482,4121.750496958037,0.0,0.9504851428870094,0.4238388644639884
573900.0,5050.928358060474,4121.76228677059,0.0,0.9504850869127575,0.42384023014842653
573960.0,5050.9165702054115,4121.774074127172,0.0,0.9504851438189587,0.42384159584382275
574020.0,5050.9047917679645,4121.785868058328,0.0,0.9504848996913056,0.4238429615128761
574080.0,5050.892998098305,4121.797651397516,0.0,0.9504851416732297,0.42384432722732623
574140.0,5050.881207653805,4121.809437002708,0.0,0.9504852802906972,0.4238456929337206
574200.0,5050.869425855461,4121.821228631728,0.0,0.9504851427629895,0.4238470586151131
574260.0,5050.8576422048445,4121.833018993657,0.0,0.9504850639537146,0.4238484243034189
574320.0,5050.845853569944,4121.844805895007,0.0,0.9504851441090418,0.42384979000693906
574380.0,5050.834073581526,4121.856598829054,0.0,0.9504849479460323,0.4238511556860248
574440.0,5050.82228137508,4121.86838327375,0.0,0.9504851415754456,0.4238525214019861
574500.0,5050.810491746849,4121.880169534338,0.0,0.9504852524910065,0.4238538871117984
574560.0,5050.798709036443,4121.891960616233,0.0,0.9504851424310302,0.4238552528017038
574620.0,5050.786924841273,4121.903750686733,0.0,0.9504850793583989,0.42385661849743883
574680.0,5050.775136656739,4121.915537988896,0.0,0.9504851434917048,0.4238579842054554
574740.0,5050.763355389287,4121.927330120471,0.0,0.9504849865107685,0.4238593498941355
574800.0,5050.751564343405,4121.939115460127,0.0,0.9504851414478236,0.4238607156124995
574860.0,5050.739775358056,4121.95090225548,0.0,0.9504852301959891,0.4238620813262403
574920.0,5050.727991981198,4121.962692961576,0.0,0.9504851397552897,0.4238634470239641
574980.0,5050.716205171793,4121.97448129445,0.0,0.9504851586017335,0.4238648127328398
575040.0,5050.704419749039,4121.98627060642,0.0,0.9504851329157611,0.4238661784385672
575100.0,5050.6926330913575,4121.998059073571,0.0,0.9504851463786791,0.4238675441489063
575160.0,5050.68084816723,4122.009848762156,0.0,0.9504851042173876,0.42386890985513487
575220.0,5050.669060714406,4122.021636704647,0.0,0.9504851425242561,0.4238702755697292
575280.0,5050.657279598931,4122.033429078791,0.0,0.9504849781166236,0.42387164126705895
575340.0,5050.645488225263,4122.045214321352,0.0,0.9504851410524282,0.4238730069951247
575400.0,5050.633699019093,4122.057001094113,0.0,0.9504852343832171,0.42387437271825135
575460.0,5050.6219157109945,4122.068791979325,0.0,0.9504851392767895,0.4238757384245062
575520.0,5050.610128793738,4122.080580368295,0.0,0.9504851590980674,0.423877104142434
575580.0,5050.598343335098,4122.092369786486,0.0,0.9504851320885076,0.423878469857001
575640.0,5050.586556578267,4122.10415831579,0.0,0.9504851462484036,0.4238798355763663
575700.0,5050.57477164488,4122.115948129139,0.0,0.9504851019131905,0.4238812012913556
575760.0,5050.56298405276,4122.127736105807,0.0,0.9504851421992956,0.4238825670150942
575820.0,5050.551203125586,4122.139528742329,0.0,0.9504849693083306,0.42388393272060115
575880.0,5050.539411411217,4122.151313878771,0.0,0.9504851406557542,0.4238852984584053
575940.0,5050.527621976837,4122.163100623768,0.0,0.9504852388056632,0.4238866641909382
576000.0,5050.51583866354,4122.174891636166,0.0,0.9504851414034234,0.4238880299059105
576060.0,5050.504054034901,4122.186681754941,0.0,0.9504850855826563,0.42388939562621303
576120.0,5050.492265875549,4122.19846942424,0.0,0.9504851423325857,0.4238907613574461
576180.0,5050.48048710715,4122.210263650772,0.0,0.9504848988747494,0.42389212706240814
576240.0,5050.468693149606,4122.222047313324,0.0,0.9504851401925155,0.423893492812649
576300.0,5050.456902408071,4122.23383323592,0.0,0.950485278429509,0.42389485855485803
576360.0,5050.4451202882365,4122.2456251664435,0.0,0.9504851412790554,0.42389622427213186
576420.0,5050.433336321336,4122.257415833246,0.0,0.9504850626859149,0.42389758999630384
576480.0,5050.421547384236,4122.269203048623,0.0,0.950485142621185,0.4238989557356514
576540.0,5050.409767069148,4122.2809962807805,0.0,0.9504849469962896,0.42390032145063083
576600.0,5050.397974570563,4122.292781046024,0.0,0.9504851400943111,0.4239016872023909
576660.0,5050.386184642873,4122.304567622387,0.0,0.9504852507054887,0.423903052948021
576720.0,5050.374401613441,4122.316359007332,0.0,0.9504851409473191,0.4239044186737974
576780.0,5050.362617103413,4122.328149383581,0.0,0.9504850780476253,0.4239057844053911
576840.0,5050.350828615289,4122.339936998817,0.0,0.9504851420048539,0.42390715014923513
576900.0,5050.33904702467,4122.351729430724,0.0,0.9504849854545231,0.42390851587379574
576960.0,5050.327255683254,4122.3635150886685,0.0,0.9504851399663513,0.4239098816279641
577020.0,5050.315466396517,4122.37530219849,0.0,0.9504852284708809,0.42391124737752434
577080.0,5050.3036827024025,4122.387093208736,0.0,0.9504851382782324,0.4239126131111108
577140.0,5050.291895585427,4122.3988818520465,0.0,0.9504851570728465,0.42391397885582177
577200.0,5050.28010985116,4122.410671471882,0.0,0.9504851314572422,0.4239153445973948
577260.0,5050.26832288544,4122.422460249149,0.0,0.9504851448831031,0.42391671034356937
577320.0,5050.25653764835,4122.434250244638,0.0,0.950485102837383,0.4239180760856462
577380.0,5050.2447498897,4122.446038498663,0.0,0.9504851410390273,0.42391944183606856
577440.0,5050.232968450449,4122.457831172664,0.0,0.9504849770824114,0.4239208075692748
577500.0,5050.221176782002,4122.469616733924,0.0,0.9504851395710088,0.42392217333313714
577560.0,5050.209387274898,4122.48140382137,0.0,0.9504852326455644,0.42392353909207653
577620.0,5050.197603649174,4122.493195010416,0.0,0.9504851378000134,0.4239249048341894
577680.0,5050.1858164244795,4122.504983709828,0.0,0.9504851575667853,0.4239262705879469
577740.0,5050.174030654259,4122.51677343576,0.0,0.9504851306312271,0.42392763633835423
577800.0,5050.162243589499,4122.528562275171,0.0,0.9504851447521525,0.4239290020935493
577860.0,5050.150458343007,4122.540352395252,0.0,0.950485100538484,0.42393036784438176
577920.0,5050.1386704452825,4122.552140683523,0.0,0.9504851407139259,0.42393173360394254
577980.0,5050.126889193628,4122.563933619363,0.0,0.950484968297314,0.4239330993453225
578040.0,5050.115097185276,4122.575719074944,0.0,0.9504851391743911,0.42393446511891575
578100.0,5050.103307450437,4122.587506134855,0.0,0.9504852370548291,0.42393583088725467
578160.0,5050.09152381936,4122.599297450902,0.0,0.9504851399197791,0.4239371966380801
578220.0,5050.079738876633,4122.611087875714,0.0,0.9504850842520753,0.42393856239422467
578280.0,5050.0679504131695,4122.622875857532,0.0,0.9504851408461626,0.4239399281612722
578340.0,5050.056171314075,4122.634670379287,0.0,0.9504848980562303,0.4239412939021206
578400.0,5050.044377068777,4122.646454364973,0.0,0.950485138711735,0.4239426596881299
578460.0,5050.032586030365,4122.65824060476,0.0,0.9504852765692846,0.42394402546613147
578520.0,5050.020803589262,4122.6700328366105,0.0,0.9504851397950643,0.42394539121926433
578580.0,5050.00901930629,4122.681823808109,0.0,0.9504850614174492,0.42394675697928014
578640.0,5049.997230067161,4122.693611337307,0.0,0.9504851411332818,0.42394812275443283
578700.0,5049.985449425642,4122.70540486741,0.0,0.9504849460450903,0.4239494885052835
578760.0,5049.973656635061,4122.71718995298,0.0,0.950485138613112,0.42395085429282
578820.0,5049.961866408079,4122.728976844913,0.0,0.950485248920641,0.4239522200742456
578880.0,5049.950083059837,4122.7407685327335,0.0,0.95048513946355,0.4239535858358706
578940.0,5049.938298235158,4122.752559214549,0.0,0.9504850767363506,0.4239549516033007
579000.0,5049.926509443626,4122.764347142652,0.0,0.950485140517953,0.4239563173829501
579060.0,5049.914727530071,4122.776139874725,0.0,0.9504849843971018,0.42395768314336874
579120.0,5049.902935893277,4122.78792585074,0.0,0.9504851384848152,0.4239590489333192
579180.0,5049.891146305318,4122.799713274825,0.0,0.9504852267464124,0.42396041471867657
579240.0,5049.879362294159,4122.811504589042,0.0,0.9504851368010981,0.42396178048810323
579300.0,5049.867574869798,4122.823293542593,0.0,0.9504851555440368,0.42396314626862747
579360.0,5049.8557888242185,4122.835083470106,0.0,0.9504851299985904,0.42396451204602376
579420.0,5049.844001550648,4122.8468725572975,0.0,0.9504851433875051,0.4239658778280116
579480.0,5049.832216000802,4122.8586628595085,0.0,0.9504851014570143,0.42396724360591453
579540.0,5049.8204279365045,4122.870451424872,0.0,0.9504851395537455,0.4239686093921431
579600.0,5049.808646173716,4122.882244398565,0.0,0.9504849760467518,0.4239699751612035
579660.0,5049.796854210638,4122.894030278306,0.0,0.9504851380895246,0.4239713409608406
579720.0,5049.785064402764,4122.90581768023,0.0,0.9504852309086669,0.4239727067555705
579780.0,5049.773280459637,4122.917609172933,0.0,0.9504851363231577,0.42397407253351954
579840.0,5049.761492927689,4122.929398182596,0.0,0.9504851560355928,0.4239754383230843
579900.0,5049.749706846085,4122.941188216085,0.0,0.9504851291738069,0.42397680410930977
579960.0,5049.737919473581,4122.952977365409,0.0,0.9504851432558828,0.4239781699003125
580020.0,5049.72613391419,4122.964767792042,0.0,0.9504850991633772,0.42397953568696617
580080.0,5049.7143457110415,4122.976556391715,0.0,0.9504851392285046,0.4239809014823269
580140.0,5049.702564135151,4122.988349626714,0.0,0.9504849672846138,0.42398226725955757
580200.0,5049.690771832954,4123.000135401207,0.0,0.9504851376929626,0.4239836330689182
580260.0,5049.678981797816,4123.011922775824,0.0,0.9504852353048745,0.4239849988730409
580320.0,5049.667197849183,4123.023714395351,0.0,0.9504851384360773,0.42398636465969725
580380.0,5049.655412592577,4123.035505126021,0.0,0.9504850829208791,0.42398773045166177
580440.0,5049.64362382517,4123.047293420152,0.0,0.9504851393596918,0.4239890962545016
580500.0,5049.631844395648,4123.059088236988,0.0,0.950484897235297,0.423990462031214
580560.0,5049.620049862709,4123.070872545568,0.0,0.9504851372308871,0.42399182785296996
580620.0,5049.608258527565,4123.082659102328,0.0,0.950485274710364,0.42399319366674204
580680.0,5049.596475765431,4123.094451635346,0.0,0.9504851383110169,0.4239945594557118
580740.0,5049.584691166602,4123.106242911364,0.0,0.9504850601481782,0.4239959252515493
580800.0,5049.572901625612,4123.118030754175,0.0,0.9504851396453363,0.42399729106248496
580860.0,5049.56112065792,4123.129824582077,0.0,0.950484945091817,0.4239986568491847
580920.0,5049.549327575471,4123.14160998774,0.0,0.9504851371318465,0.4240000226724756
580980.0,5049.53753704935,4123.153397195027,0.0,0.9504852471368714,0.4240013884896747
581040.0,5049.525753382525,4123.165189185556,0.0,0.9504851379797239,0.4240027542871262
581100.0,5049.513968243408,4123.1769801727605,0.0,0.9504850754243471,0.42400412009037053
581160.0,5049.502179148632,4123.18876841353,0.0,0.9504851390310076,0.4240054859058031
581220.0,5049.4903969123825,4123.20056144561,0.0,0.9504849833379957,0.42400685170205765
581280.0,5049.478604980346,4123.212347739475,0.0,0.9504851370032138,0.42400821752776824
581340.0,5049.466815091332,4123.224135477615,0.0,0.9504852250226922,0.4240095833489009
581400.0,5049.455030763348,4123.235927095629,0.0,0.950485135323884,0.4240109491541456
581460.0,5049.443243031786,4123.247716359227,0.0,0.9504851540153175,0.42401231497046094
581520.0,5049.431456675092,4123.259506594232,0.0,0.9504851285397989,0.42401368078365836
581580.0,5049.419669093859,4123.2712959911505,0.0,0.9504851418918882,0.42401504660143735
581640.0,5049.407883231459,4123.283086599902,0.0,0.9504851000762514,0.42401641241514426
581700.0,5049.396094861693,4123.294875476406,0.0,0.9504851380684112,0.42401777823715675
581760.0,5049.384312775605,4123.3066687496275,0.0,0.9504849750096264,0.4240191440420491
581820.0,5049.372520518038,4123.318454947627,0.0,0.9504851366079757,0.42402050987743894
581880.0,5049.360730409559,4123.33024266382,0.0,0.9504852291725092,0.42402187570793737
581940.0,5049.348946149247,4123.3420344600045,0.0,0.9504851348462231,0.4240232415216998
582000.0,5049.337158310236,4123.353823779719,0.0,0.9504851545044932,0.42402460734704983
582060.0,5049.325371917452,4123.365614120575,0.0,0.9504851277162454,0.42402597316907137
582120.0,5049.313584237396,4123.377403579618,0.0,0.9504851417595953,0.4240273389958592
582180.0,5049.301798365304,4123.3891943126155,0.0,0.950485097787872,0.4240287048183115
582240.0,5049.290009856913,4123.400983223495,0.0,0.9504851377430305,0.4240300706494501
582300.0,5049.278227957024,4123.412776757491,0.0,0.9504849662704535,0.42403143646250907
582360.0,5049.266435361129,4123.424562850682,0.0,0.9504851362114694,0.42403280230761464
582420.0,5049.254645025857,4123.436350539796,0.0,0.9504852335556288,0.42403416814749934
582480.0,5049.242860759883,4123.448142462626,0.0,0.9504851369523173,0.4240355339699643
582540.0,5049.231075189603,4123.459933498972,0.0,0.9504850815892315,0.4240368997977265
582600.0,5049.219286118436,4123.471722105218,0.0,0.9504851378731697,0.4240382656363365
582660.0,5049.2075063587345,4123.483517216978,0.0,0.9504848964126039,0.42403963144889073
582720.0,5049.19571153829,4123.495301848228,0.0,0.9504851357499732,0.42404099730637107
582780.0,5049.183919906575,4123.50708872175,0.0,0.9504852728523218,0.4240423631558917
582840.0,5049.172136823629,4123.518881555764,0.0,0.9504851368269117,0.42404372898067594
582900.0,5049.160351909153,4123.530673136121,0.0,0.9504850588783049,0.424045094812313
582960.0,5049.148562066472,4123.542461292342,0.0,0.9504851381573429,0.42404646065900975
583020.0,5049.13678077284,4123.554255417873,0.0,0.9504849441372074,0.42404782648153616
583080.0,5049.12498739867,4123.566041143414,0.0,0.9504851356505167,0.4240491923405596
583140.0,5049.1131965735785,4123.57782866585,0.0,0.9504852453537591,0.4240505581935102
583200.0,5049.1014125883885,4123.589620958911,0.0,0.9504851364958394,0.4240519240267659
583260.0,5049.0896271350375,4123.60141225132,0.0,0.9504850741119056,0.42405328986580226
583320.0,5049.077837737195,4123.61320080455,0.0,0.9504851375440111,0.4240546557169961
583380.0,5049.066058833833,4123.624996687557,0.0,0.9504848654451552,0.42405602153864097
583440.0,5049.0542629594065,4123.636780759028,0.0,0.9504851351618162,0.42405738741085197
583500.0,5049.042470679918,4123.648567355788,0.0,0.9504852896689915,0.42405875327390363
583560.0,5049.0306880344,4123.660360669164,0.0,0.9504851363858831,0.42406011910901503
583620.0,5049.018903326597,4123.672152568103,0.0,0.9504850485500911,0.4240614849516601
583680.0,5049.007113065893,4123.683940607632,0.0,0.950485137895613,0.424062850811209
583740.0,5048.995326179993,4123.695731012924,0.0,0.9504851191783931,0.4240642166618279
583800.0,5048.983537906913,4123.707520466228,0.0,0.9504851444946746,0.4240655825174781
583860.0,5048.971750837445,4123.71931077231,0.0,0.9504851311006648,0.4240669483705446
583920.0,5048.959962036833,4123.731099887753,0.0,0.9504851727076999,0.42406831422971786
583980.0,5048.948175719737,4123.742890746455,0.0,0.9504851347480631,0.42406968008247
584040.0,5048.936383113429,4123.754677246333,0.0,0.9504852972319502,0.4240710459551994
584100.0,5048.924600638341,4123.76647080945,0.0,0.9504851360395591,0.4240724117985194
584160.0,5048.912815995237,4123.778262884423,0.0,0.9504850436724344,0.42407377764968535
584220.0,5048.901025512988,4123.790050900451,0.0,0.9504851376314618,0.42407514351860065
584280.0,5048.889238580125,4123.801841403934,0.0,0.9504851179503222,0.4240765093780701
584340.0,5048.877450188945,4123.813630905841,0.0,0.9504851445753696,0.4240778752427808
584400.0,5048.865663063919,4123.825421304118,0.0,0.9504851304921859,0.4240792411047229
584460.0,5048.8538741188895,4123.837210449813,0.0,0.9504851742487931,0.424080606973034
584520.0,5048.842087785922,4123.849001428374,0.0,0.9504851343320876,0.42408197283454413
584580.0,5048.83029483993,4123.860787822375,0.0,0.9504853052042315,0.42408333871698783
584640.0,5048.8185125480495,4123.87258164413,0.0,0.9504851356944918,0.42408470456847774
584700.0,5048.806727976969,4123.884373900231,0.0,0.9504850385622494,0.4240860704281415
584760.0,5048.794937346845,4123.896161943581,0.0,0.9504851347913539,0.4240874363061742
584820.0,5048.783147991363,4123.907950896451,0.0,0.950485189904831,0.42408880218189315
584880.0,5048.771362116715,4123.919742281502,0.0,0.950485133708756,0.4240901680478574
584940.0,5048.759566934502,4123.931527205082,0.0,0.9504853743571364,0.42409153394270793
585000.0,5048.747786757549,4123.943322587251,0.0,0.9504851356610048,0.4240928997937622
585060.0,5048.7360033761815,4123.955115759304,0.0,0.9504849988908071,0.42409426565572106
585120.0,5048.724211464018,4123.966902996863,0.0,0.9504851344227918,0.4240956315433441
585180.0,5048.712421352082,4123.978691510042,0.0,0.9504852120535061,0.42409699742710205
585240.0,5048.700636143859,4123.99048344654,0.0,0.9504851329318519,0.4240983632969054
585300.0,5048.688842394534,4124.002269449784,0.0,0.9504853262832215,0.424099729192971
585360.0,5048.677060673118,4124.014063843585,0.0,0.9504851352665699,0.42410109505438875
585420.0,5048.665276384955,4124.025856471344,0.0,0.9504850258126665,0.42410246092482945
585480.0,5048.653485269547,4124.037644351009,0.0,0.9504851342592712,0.4241038268159073
585540.0,5048.64169559213,4124.049433254022,0.0,0.9504851963723266,0.4241051927041889
585600.0,5048.629909837768,4124.061224897384,0.0,0.9504851330497379,0.4241065585814097
585660.0,5048.618113596522,4124.07300925742,0.0,0.9504854042436203,0.42410792449099893
585720.0,5048.6063342649,4124.084805403186,0.0,0.9504851352601978,0.42410929035116823
585780.0,5048.594551323929,4124.096599056634,0.0,0.950484981138002,0.4241106562234375
585840.0,5048.582758770352,4124.108386021675,0.0,0.9504851338753008,0.42411202212456567
585900.0,5048.57096824704,4124.120174422641,0.0,0.9504852213631985,0.42411338802114895
585960.0,5048.559183250189,4124.1319666809195,0.0,0.9504851322056037,0.42411475390193865
586020.0,5048.547394870858,4124.143756598525,0.0,0.9504851507839572,0.42411611979373975
586080.0,5048.535607857812,4124.155547481923,0.0,0.9504851254619641,0.4241174856824453
586140.0,5048.523819627792,4124.167337532151,0.0,0.9504851387332051,0.42411885157571
586200.0,5048.512033105886,4124.179128787198,0.0,0.9504850971697162,0.424120217464931
586260.0,5048.5002440921535,4124.190918320114,0.0,0.9504851349323025,0.4241215833624136
586320.0,5048.488461322995,4124.202712224217,0.0,0.9504849728575346,0.42412294924288174
586380.0,5048.476668445529,4124.214499094302,0.0,0.9504851334801784,0.42412431515367316
586440.0,5048.464877703736,4124.226287473796,0.0,0.950485225485719,0.42412568105960813
586500.0,5048.453092773752,4124.23807990956,0.0,0.950485131728555,0.4241270469489064
586560.0,5048.441304287258,4124.249869883306,0.0,0.9504851512679175,0.4241284128497301
586620.0,5048.429517237969,4124.2616608722865,0.0,0.9504851246411087,0.42412977874724866
586680.0,5048.417728909363,4124.273450984626,0.0,0.9504851385994424,0.42413114464951046
586740.0,5048.405942377447,4124.285242363549,0.0,0.9504850948928695,0.4241325105474664
586800.0,5048.394153225568,4124.297031930989,0.0,0.9504851346066163,0.42413387645406253
586860.0,5048.382370641075,4124.308826094697,0.0,0.9504849641688133,0.4241352423426902
586920.0,5048.370577427002,4124.320612860924,0.0,0.9504851330837953,0.4241366082631811
586980.0,5048.3587864594465,4124.3324012138455,0.0,0.9504852298401234,0.42413797417848803
587040.0,5048.347001523461,4124.34419377586,0.0,0.950485133819667,0.42413934007647824
587100.0,5048.335215291209,4124.355985456608,0.0,0.9504850787905508,0.42414070597974174
587160.0,5048.323425579799,4124.367774721424,0.0,0.9504851347344561,0.42414207189379277
587220.0,5048.31164512194,4124.379570453943,0.0,0.9504848947312687,0.42414343778194524
587280.0,5048.299849696889,4124.391355766973,0.0,0.9504851326235725,0.42414480371476604
587340.0,5048.288057440695,4124.403143309282,0.0,0.9504852688980474,0.42414616963967977
587400.0,5048.276273680135,4124.41493677741,0.0,0.9504851336935052,0.4241475355400027
587460.0,5048.26448809936,4124.426728999236,0.0,0.9504850562152172,0.4241489014471453
587520.0,5048.252697620978,4124.438517816878,0.0,0.9504851350154,0.42415026736926287
587580.0,5048.240915638483,4124.450312569124,0.0,0.9504849421663106,0.42415163326735483
587640.0,5048.229121650472,4124.462098970314,0.0,0.9504851325232028,0.42415299920173655
587700.0,5048.217330195636,4124.473887157993,0.0,0.95048524156395,0.42415436513008714
587760.0,5048.205545538186,4124.485680088548,0.0,0.9504851333629181,0.4241557310388592
587820.0,5048.193759421632,4124.4974720243345,0.0,0.950485071355334,0.42415709695338505
587880.0,5048.181969385075,4124.509261236909,0.0,0.9504851344042576,0.4241584628800004
587940.0,5048.170189777731,4124.52105773665,0.0,0.9504848639477146,0.42415982877724445
588000.0,5048.158393304741,4124.532842493622,0.0,0.9504851320359393,0.424161194724764
588060.0,5048.146600404294,4124.544629761247,0.0,0.9504852856101151,0.4241625606631839
588120.0,5048.134817077935,4124.556423706409,0.0,0.950485133252112,0.4241639265738273
588180.0,5048.123031702045,4124.568216245426,0.0,0.9504850459463278,0.4241652924919676
588240.0,5048.111240807733,4124.580004947522,0.0,0.9504851347522231,0.4241666584269165
588300.0,5048.099459488431,4124.591800336425,0.0,0.9504849174340186,0.424168024334652
588360.0,5048.087664641343,4124.603586313162,0.0,0.9504851319541986,0.4241693902831736
588420.0,5048.075872650458,4124.61537430155,0.0,0.9504852548384164,0.4241707562247096
588480.0,5048.06408831994,4124.627167634362,0.0,0.9504851329109368,0.4241721221441178
588540.0,5048.05230234682,4124.638959844494,0.0,0.9504850630392585,0.42417348806982175
588600.0,5048.040511956919,4124.650748985123,0.0,0.9504851340948874,0.42417485400908234
588660.0,5048.028729227121,4124.6625434785965,0.0,0.9504849601852143,0.42417621992678195
588720.0,5048.016935670824,4124.674330441678,0.0,0.9504851318394022,0.4241775858772937
588780.0,5048.005144397519,4124.686119017102,0.0,0.9504852301650506,0.42417895182251186
588840.0,5047.9933592532125,4124.697911870156,0.0,0.9504851325885373,0.42418031775012244
588900.0,5047.981572791931,4124.709703827361,0.0,0.9504850766678867,0.4241816836830674
588960.0,5047.969782795406,4124.721493329175,0.0,0.9504851335194909,0.4241830496269668
589020.0,5047.958002202013,4124.733289403907,0.0,0.9504848896257824,0.4241844155445208
589080.0,5047.946206399902,4124.745074889241,0.0,0.9504851313757164,0.42418578150746333
589140.0,5047.934413818011,4124.756862639973,0.0,0.9504852698602619,0.42418714746234487
589200.0,5047.922629868964,4124.768656413047,0.0,0.9504851324643291,0.42418851339222613
589260.0,5047.910844070531,4124.780448919285,0.0,0.9504850537305213,0.42418987932901336
589320.0,5047.899053295512,4124.79223796577,0.0,0.9504851338089894,0.4241912452810107
589380.0,5047.887271153674,4124.804033043444,0.0,0.9504849378338414,0.4241926112085723
589440.0,5047.875476812655,4124.815819633807,0.0,0.9504851312777185,0.42419397717300095
589500.0,5047.863685045913,4124.827608039564,0.0,0.9504852420870336,0.4241953431312752
589560.0,5047.851900186352,4124.839401265434,0.0,0.9504851321323814,0.4241967090696431
589620.0,5047.840113844349,4124.851193480106,0.0,0.9504850691201001,0.42419807501383366
589680.0,5047.828323519139,4124.8629829271,0.0,0.9504851331919378,0.4241994409703019
589740.0,5047.816540100383,4124.874777202289,0.0,0.9504849763612578,0.4242008069074318
589800.0,5047.804746918281,4124.88656468718,0.0,0.950485131149912,0.42420217287423784
589860.0,5047.792955793572,4124.898353627362,0.0,0.9504852198130753,0.4242035388364151
589920.0,5047.781170268729,4124.910146477318,0.0,0.9504851294588962,0.4242049047825755
589980.0,5047.769381316651,4124.9219369545945,0.0,0.9504851482872518,0.4242062707398818
590040.0,5047.75759374911,4124.9337284106905,0.0,0.9504851226258092,0.42420763669403616
590100.0,5047.745804948569,4124.945519022142,0.0,0.9504851360757943,0.42420900265279754
590160.0,5047.734017878934,4124.957310854693,0.0,0.9504850939547782,0.4242103686074446
590220.0,5047.7222282845205,4124.969100941539,0.0,0.9504851322249572,0.42421173457045225
590280.0,5047.710445017737,4124.980895458919,0.0,0.9504849679744323,0.4242131005161917
590340.0,5047.698651508557,4124.992682846419,0.0,0.9504851307544346,0.42421446649266087
590400.0,5047.686860163578,4125.004471763698,0.0,0.9504852239959449,0.42421583246418537
590460.0,5047.675074707604,4125.016264792418,0.0,0.9504851289803914,0.42421719841883826
590520.0,5047.663285648053,4125.028055325458,0.0,0.9504851487826739,0.42421856438515826
590580.0,5047.6514980448965,4125.039846887437,0.0,0.9504851217988759,0.4242199303481138
590640.0,5047.639709145568,4125.05163756071,0.0,0.95048513594519,0.4242212963158627
590700.0,5047.627922066908,4125.063429517683,0.0,0.9504850916522785,0.42422266227923194
590760.0,5047.616132333625,4125.075219638387,0.0,0.9504851318998492,0.4242240282513454
590820.0,5047.604349255071,4125.087014417771,0.0,0.9504849591739297,0.42422539420522365
590880.0,5047.592555405926,4125.09880169886,0.0,0.95048513035768,0.4242267601913927
590940.0,5047.580763833296,4125.110590588065,0.0,0.9504852284138323,0.42422812617228495
591000.0,5047.568978372351,4125.122383743625,0.0,0.9504851311045335,0.42422949213561684
591060.0,5047.557191598121,4125.1341760057285,0.0,0.950485075336982,0.424230858104272
591120.0,5047.545401298621,4125.145965818926,0.0,0.9504851320327069,0.4242322240838541
591180.0,5047.533620375669,4125.1577621877295,0.0,0.9504848888071913,0.42423359003716266
591240.0,5047.521824286939,4125.169547995072,0.0,0.9504851298945776,0.42423495603574185
591300.0,5047.510031409307,4125.181336061867,0.0,0.9504852679995267,0.4242363220262841
591360.0,5047.498247140127,4125.193130135123,0.0,0.9504851309799781,0.4242376879918923
591420.0,5047.48646102676,4125.204922944914,0.0,0.9504850524618236,0.42423905396439154
591480.0,5047.474669950848,4125.216712304089,0.0,0.9504851323207244,0.4242404199520622
591540.0,5047.462887483717,4125.228507678562,0.0,0.9504849368824911,0.42424178591536343
591600.0,5047.451092851841,4125.240294588123,0.0,0.950485129796161,0.42424315191543677
591660.0,5047.439300786944,4125.252083308318,0.0,0.9504852403017023,0.42424451790937473
591720.0,5047.42751560971,4125.263876835922,0.0,0.9504851306482526,0.4242458838834595
591780.0,5047.415728954193,4125.275669355019,0.0,0.9504850678085425,0.4242472498633547
591840.0,5047.40393832671,4125.287459113746,0.0,0.9504851317046762,0.42424861585549645
591900.0,5047.392154586155,4125.299253687954,0.0,0.95048497530364,0.42424998182835283
591960.0,5047.38036110981,4125.311041489787,0.0,0.9504851296680171,0.42425134783080926
592020.0,5047.368569685021,4125.322830743101,0.0,0.9504852180880858,0.42425271382865193
592080.0,5047.356783844271,4125.334623895886,0.0,0.9504851279814059,0.42425407981052077
592140.0,5047.3449945859475,4125.346414682267,0.0,0.9504851467580536,0.4242554458035083
592200.0,5047.33320670823,4125.358206444904,0.0,0.9504851211668135,0.4242568117933544
592260.0,5047.321417600974,4125.369997365139,0.0,0.9504851345798284,0.42425817778779723
592320.0,5047.309630219719,4125.381789503269,0.0,0.9504850925741136,0.42425954377813846
592380.0,5047.297840320799,4125.393579900318,0.0,0.9504851307393138,0.4242609097768204
592440.0,5047.286056731607,4125.405374716237,0.0,0.9504849669388856,0.4242622757582823
592500.0,5047.2742629289405,4125.417162421094,0.0,0.9504851292725928,0.4242636417703943
592560.0,5047.262471284334,4125.428951651722,0.0,0.950485222258411,0.42426500777757753
592620.0,5047.250685512088,4125.440744982952,0.0,0.9504851275031833,0.4242663737679346
592680.0,5047.238896146423,4125.452535825107,0.0,0.9504851472510695,0.4242677397699301
592740.0,5047.22710823302,4125.464327693501,0.0,0.9504851203411244,0.4242691057685719
592800.0,5047.21531902709,4125.476118675552,0.0,0.9504851344485462,0.42427047177199656
592860.0,5047.203531636662,4125.487910937933,0.0,0.9504850902769334,0.424271837771055
592920.0,5047.191741599095,4125.499701368907,0.0,0.9504851304140655,0.42427320377883676
592980.0,5047.179958197431,4125.511496446295,0.0,0.9504849581614507,0.424274569768434
593040.0,5047.168164055589,4125.523284045176,0.0,0.9504851288758942,0.42427593579023837
593100.0,5047.156372183807,4125.53507324796,0.0,0.9504852266631283,0.42427730180678264
593160.0,5047.144586406434,4125.546866705852,0.0,0.9504851296204708,0.42427866780581375
593220.0,5047.132799319456,4125.558659272669,0.0,0.9504850740056947,0.4242800338101571
593280.0,5047.121008717161,4125.570449397052,0.0,0.9504851305458708,0.42428139982539964
593340.0,5047.1092274648945,4125.5822460597665,0.0,0.9504848879869712,0.4242827658144406
593400.0,5047.097431089685,4125.594032188898,0.0,0.9504851284133733,0.4242841318486344
593460.0,5047.085637916474,4125.6058205715435,0.0,0.9504852661396803,0.4242854978748153
593520.0,5047.073853327391,4125.617614944813,0.0,0.9504851294955695,0.4242868638761287
593580.0,5047.062066899297,4125.6294080579755,0.0,0.9504850511925022,0.4242882298843179
593640.0,5047.050275522667,4125.641197729635,0.0,0.9504851308324122,0.4242895959076398
593700.0,5047.038492730481,4125.652993400743,0.0,0.9504849359296752,0.42429096190665827
593760.0,5047.0266978078935,4125.664780629284,0.0,0.9504851283145385,0.4242923279423543
593820.0,5047.014905445007,4125.6765696637085,0.0,0.950485238517103,0.4242936939719339
593880.0,5047.003119950318,4125.688363492868,0.0,0.9504851291640657,0.42429505998171335
593940.0,5046.9913329814935,4125.700156316208,0.0,0.950485066496467,0.424296425997291
594000.0,5046.979542051913,4125.711946386469,0.0,0.9504851302173644,0.42429779202508416
594060.0,5046.967757989786,4125.723741259525,0.0,0.950484974244899,0.4242991580336445
594120.0,5046.955964219356,4125.735529378091,0.0,0.9504851281860588,0.4243005240717289
594180.0,5046.944172494658,4125.747318944334,0.0,0.9504852163635998,0.4243018901052149
594240.0,5046.932386338212,4125.759112399766,0.0,0.9504851265038424,0.4243032561227699
594300.0,5046.920596773826,4125.770903495057,0.0,0.9504851452288965,0.42430462215141684
594360.0,5046.9088085861285,4125.782695564044,0.0,0.9504851197077041,0.4243059881769322
594420.0,5046.897019172349,4125.794486792872,0.0,0.9504851330838306,0.42430735420703436
594480.0,5046.885231479672,4125.8062792364,0.0,0.950485091193167,0.4243087202330477
594540.0,5046.873441276427,4125.818069943455,0.0,0.9504851292536168,0.42431008626738176
594600.0,5046.86165736506,4125.829865057748,0.0,0.9504849659019905,0.4243114522845438
594660.0,5046.849863269058,4125.841653079747,0.0,0.9504851277906863,0.4243128183322766
594720.0,5046.838071324991,4125.853442623517,0.0,0.9504852205215593,0.42431418437509655
594780.0,5046.82628523669,4125.865236257082,0.0,0.9504851260258963,0.4243155504011354
594840.0,5046.814495565099,4125.877027408153,0.0,0.9504851457195533,0.4243169164387844
594900.0,5046.80270734165,4125.888819582777,0.0,0.9504851188832335,0.4243182824730902
594960.0,5046.790917829304,4125.900610873409,0.0,0.9504851329518833,0.4243196485121685
595020.0,5046.779130127315,4125.912403441016,0.0,0.9504850889011948,0.42432101454689414
595080.0,5046.767339785644,4125.924194182062,0.0,0.9504851289282287,0.424322380590322
595140.0,5046.755556061108,4125.935989557289,0.0,0.9504849571475257,0.42432374661561595
595200.0,5046.743761626719,4125.947777473746,0.0,0.9504851273940431,0.42432511267303347
595260.0,5046.731969455947,4125.9595669899,0.0,0.9504852249132167,0.42432647872520773
595320.0,5046.720183362363,4125.971360749948,0.0,0.9504851281363506,0.4243278447599158
595380.0,5046.708395962846,4125.983153621296,0.0,0.950485072673846,0.4243292107999251
595440.0,5046.696605057927,4125.994944056662,0.0,0.950485129058986,0.4243305768508061
595500.0,5046.6848234766085,4126.006741013141,0.0,0.9504848871645348,0.42433194287555703
595560.0,5046.6730268150395,4126.018527463824,0.0,0.9504851269321022,0.4243333089453433
595620.0,5046.661233346401,4126.030316162107,0.0,0.9504852642808929,0.42433467500714084
595680.0,5046.649448437636,4126.04211083522,0.0,0.950485128011104,0.42433604104413697
595740.0,5046.637661695029,4126.053904251576,0.0,0.9504850499225008,0.42433740708799395
595800.0,5046.625870017851,4126.065694235517,0.0,0.9504851293440538,0.4243387731469448
595860.0,5046.614086900852,4126.077490203098,0.0,0.9504849349753275,0.42434013918165836
595920.0,5046.602291687695,4126.089277750399,0.0,0.9504851268328512,0.42434150525295505
595980.0,5046.590499026981,4126.101067098845,0.0,0.9504852367332974,0.4243428713181542
596040.0,5046.578713215057,4126.112861229389,0.0,0.9504851276798209,0.42434423736360627
596100.0,5046.566925933133,4126.1246543567895,0.0,0.9504850651838658,0.4243456034148441
596160.0,5046.555134701629,4126.136444738381,0.0,0.9504851287300039,0.42434696947826644
596220.0,5046.54335397827,4126.148242467338,0.0,0.950484856142274,0.42434833551205703
596280.0,5046.531556261866,4126.160028356267,0.0,0.9504851263436572,0.4243497015965371
596340.0,5046.519762145129,4126.171816776495,0.0,0.9504852811284747,0.42435106767182573
596400.0,5046.507977674869,4126.183611929496,0.0,0.9504851275700509,0.42435243371910103
596460.0,5046.496191139716,4126.195405664574,0.0,0.9504850395765259,0.4243537997739196
596520.0,5046.484399044483,4126.2071955309175,0.0,0.9504851290826215,0.4243551658456812
596580.0,5046.472610328478,4126.218987768666,0.0,0.9504851103318346,0.42435653190848394
596640.0,5046.460820223539,4126.230779052081,0.0,0.9504851356936702,0.4243578979763245
596700.0,5046.449031323811,4126.242571190277,0.0,0.9504851222756557,0.4243592640415687
596760.0,5046.4372406907405,4126.25436213491,0.0,0.9504851639575321,0.42436063011292874
596820.0,5046.425452544445,4126.266154826956,0.0,0.9504851259297364,0.4243619961778458
596880.0,5046.413658100844,4126.2779431495965,0.0,0.9504852887057291,0.42436336226278104
596940.0,5046.40187380162,4126.289738552474,0.0,0.9504851272236814,0.4243647283182303
597000.0,5046.390087331633,4126.301532463541,0.0,0.950485034690661,0.42436609438153594
597060.0,5046.378295014956,4126.313322305857,0.0,0.9504851288185729,0.42436746046263224
597120.0,5046.366506252311,4126.325114641563,0.0,0.9504851091021265,0.4243688265342523
597180.0,5046.354716029501,4126.3369059732295,0.0,0.9504851357750904,0.4243701926111207
597240.0,5046.342927074525,4126.348698203374,0.0,0.9504851216666578,0.42437155868520754
597300.0,5046.3311362972345,4126.3604891778605,0.0,0.9504851655019898,0.42437292476567295
597360.0,5046.319348135429,4126.372281989583,0.0,0.950485125513589,0.4243742908393146
597420.0,5046.307553352084,4126.384070205615,0.0,0.9504852966930921,0.4243756569339332
597480.0,5046.295769236698,4126.395865867287,0.0,0.9504851268785716,0.4243770229975173
597540.0,5046.283982839219,4126.40765995945,0.0,0.950485029571704,0.42437838906928665
597600.0,5046.272190374853,4126.419449828678,0.0,0.9504851259739376,0.42437975515946774
597660.0,5046.260399186848,4126.4312406095405,0.0,0.950485181186608,0.42438112124732014
597720.0,5046.248611484218,4126.443033828418,0.0,0.950485124889521,0.4243824873253902
597780.0,5046.236814462003,4126.4548205701685,0.0,0.9504853659708168,0.42438385343240975
597840.0,5046.225032464547,4126.466617795703,0.0,0.950485126845409,0.4243852194955202
597900.0,5046.21324725858,4126.478412805714,0.0,0.9504849898293413,0.4243865855695534
597960.0,5046.201453510768,4126.490201866895,0.0,0.9504851256050976,0.4243879516693119
598020.0,5046.189661565586,4126.501992206694,0.0,0.9504852033754485,0.4243893177651865
598080.0,5046.1778745305,4126.5137859780325,0.0,0.9504851241116056,0.4243906838470682
598140.0,5046.166078943277,4126.5255738017595,0.0,0.9504853178107123,0.4243920499552712
598200.0,5046.154295399604,4126.537370036224,0.0,0.9504851264506493,0.4243934160287343
598260.0,5046.14250928592,4126.549164500312,0.0,0.9504850168000332,0.4243947821112336
598320.0,5046.130716336155,4126.560954204832,0.0,0.950485125441668,0.42439614821441873
598380.0,5046.118924826312,4126.572744935091,0.0,0.9504851876664875,0.4243975143147913
598440.0,5046.107137244636,4126.58453841228,0.0,0.9504851242300875,0.4243988804040721
598500.0,5046.095339162528,4126.596324588503,0.0,0.9504853959117672,0.4244002465257935
598560.0,5046.083558012011,4126.608122578846,0.0,0.950485126444651,0.424401612597968
598620.0,5046.071773247526,4126.619918070785,0.0,0.9504849720453044,0.4244029786822637
598680.0,5046.059978857981,4126.631706858162,0.0,0.9504851250573914,0.4244043447954872
598740.0,5046.048186501399,4126.6434970848495,0.0,0.9504852127027107,0.42440571090414553
598800.0,5046.036399678471,4126.655291178124,0.0,0.9504851233848196,0.4244070769969674
598860.0,5046.024609468722,4126.667082925025,0.0,0.9504851419966541,0.4244084431008216
598920.0,5046.012820627071,4126.678875639995,0.0,0.9504851166291769,0.4244098092015667
598980.0,5046.001030566911,4126.690667519733,0.0,0.9504851299243551,0.42441117530687633
599040.0,5045.989242217125,4126.702460607144,0.0,0.9504850882861543,0.42441254140812557
599100.0,5045.977451372317,4126.71425196822,0.0,0.950485126116744,0.42441390751765146
599160.0,5045.965666780257,4126.726047710952,0.0,0.9504849637503479,0.42441527361011117
599220.0,5045.953872066783,4126.737836402667,0.0,0.950485124662135,0.424416639732967
599280.0,5045.94207949182,4126.749626607359,0.0,0.9504852168333098,0.4244180058509451
599340.0,5045.93029273624,4126.761420878073,0.0,0.9504851229074879,0.4244193719522413
599400.0,5045.918502419571,4126.773212680779,0.0,0.9504851424820829,0.4244207380650853
599460.0,5045.9067135420155,4126.785005501119,0.0,0.9504851158074111,0.4244221041746101
599520.0,5045.894923383525,4126.796797442648,0.0,0.9504851297909349,0.42442347028888394
599580.0,5045.883135024104,4126.808590653761,0.0,0.9504850860057387,0.42442483639883477
599640.0,5045.871344041353,4126.820382048974,0.0,0.9504851257910497,0.4244262025174415
599700.0,5045.859559634588,4126.83217805147,0.0,0.950484955046462,0.42442756861802583
599760.0,5045.847764584451,4126.843966638603,0.0,0.9504851242656159,0.42442893475055016
599820.0,5045.835971783814,4126.855756816185,0.0,0.9504852211961928,0.4244303008778682
599880.0,5045.824185022606,4126.867551212992,0.0,0.9504851250029408,0.42443166698782325
599940.0,5045.812396963514,4126.879344726329,0.0,0.9504850698747414,0.4244330331030555
600000.0,5045.8006054207635,4126.891135817871,0.0,0.9504851259195063,0.42443439922909887
600060.0,5045.788823143662,4126.9029333926555,0.0,0.9504848854840031,0.4244357653291699
600120.0,5045.777025879919,4126.914720522768,0.0,0.9504851238049485,0.4244371314740181
600180.0,5045.76523178922,4126.926509887465,0.0,0.9504852603249587,0.42443849761093033
600240.0,5045.753446205227,4126.9383051922605,0.0,0.950485124876937,0.424439863723187
600300.0,5045.7416587987145,4126.950099247665,0.0,0.9504850472591682,0.4244412298422712
600360.0,5045.729866488248,4126.961889890642,0.0,0.9504851262013414,0.4244425959763645
600420.0,5045.718082684766,4126.9736864824945,0.0,0.9504849330048954,0.42444396208636537
600480.0,5045.7062868601915,4126.9854747030795,0.0,0.9504851237047838,0.42444532823274134
600540.0,5045.694493572151,4126.99726471439,0.0,0.9504852329419623,0.4244466943730621
600600.0,5045.682707090354,4127.00905948,0.0,0.9504851245461396,0.42444806049375217
600660.0,5045.67091914762,4127.020853248361,0.0,0.9504850624269748,0.42444942662020124
600720.0,5045.659127279812,4127.032644286909,0.0,0.9504851255894822,0.42445079275876674
600780.0,5045.6473458548335,4127.044442630133,0.0,0.9504848546461028,0.4244521588678784
600840.0,5045.635547542315,4127.05622920223,0.0,0.9504851232170287,0.4244535250273885
600900.0,5045.623752807043,4127.068018290954,0.0,0.9504852770677409,0.42445489117776697
600960.0,5045.611967658327,4127.079814073305,0.0,0.9504851244355187,0.4244562573002964
601020.0,5045.600180457475,4127.091608446037,0.0,0.9504850369726758,0.4244576234303321
601080.0,5045.5883877310525,4127.103398972564,0.0,0.9504851259384585,0.4244589895772152
601140.0,5045.576604592131,4127.115196201974,0.0,0.9504849082290903,0.42446035569681
601200.0,5045.564807907877,4127.126983996459,0.0,0.9504851231355259,0.42446172185728764
601260.0,5045.553014083606,4127.138773807373,0.0,0.9504852462410525,0.42446308801075305
601320.0,5045.541227929679,4127.150568975583,0.0,0.950485124094115,0.42446445414203227
601380.0,5045.529440131079,4127.162363018323,0.0,0.9504850540967147,0.42446582027961355
601440.0,5045.517647909981,4127.174153984124,0.0,0.9504851252803249,0.424467186430782
601500.0,5045.505863358988,4127.18595031563,0.0,0.9504849510576316,0.42446855256032895
601560.0,5045.494067967465,4127.197739098527,0.0,0.9504851230209085,0.4244699187227651
601620.0,5045.482274861963,4127.209529497579,0.0,0.950485221523617,0.42447128487988484
601680.0,5045.470487893445,4127.221324184556,0.0,0.9504851237715203,0.42447265101935006
601740.0,5045.458699606307,4127.233117973446,0.0,0.9504850677502394,0.42447401716415356
601800.0,5045.446907779352,4127.244909300992,0.0,0.9504851247042789,0.4244753833199357
601860.0,5045.435125367815,4127.256707217242,0.0,0.9504848803714334,0.4244767494492973
601920.0,5045.423327727809,4127.268494518508,0.0,0.9504851225567725,0.42447811562415816
601980.0,5045.4115333122745,4127.280284090564,0.0,0.9504852612907776,0.4244794817909287
602040.0,5045.399747540827,4127.292079699466,0.0,0.950485123647474,0.42448084793263297
602100.0,5045.387959917655,4127.3038740384,0.0,0.9504850447719677,0.42448221408125136
602160.0,5045.376167311449,4127.315664909208,0.0,0.950485124994684,0.42448358024511484
602220.0,5045.364383349696,4127.3274618257,0.0,0.9504849286666283,0.4244849463844747
602280.0,5045.352587172938,4127.339250234348,0.0,0.9504851224589835,0.4244863125607886
602340.0,5045.34079357387,4127.351040462696,0.0,0.950485233467893,0.42448767873092347
602400.0,5045.329006890982,4127.362835522761,0.0,0.9504851233153139,0.42448904488109884
602460.0,5045.317218723788,4127.374629569112,0.0,0.9504850601896834,0.4244904110371024
602520.0,5045.305426568236,4127.386420841076,0.0,0.9504851243769052,0.4244917772054112
602580.0,5045.293641328155,4127.398216952829,0.0,0.9504849672639938,0.4244931433543263
602640.0,5045.281846312084,4127.410006257854,0.0,0.9504851223313328,0.42449450953298656
602700.0,5045.270053356141,4127.421797021604,0.0,0.9504852111541602,0.4244958757069973
602760.0,5045.258266007362,4127.4335917045355,0.0,0.9504851206374009,0.42449724186494775
602820.0,5045.2464752269425,4127.445384009004,0.0,0.9504851394997182,0.4244986080340655
602880.0,5045.2346858329,4127.457177294606,0.0,0.9504851137921393,0.42449997420001756
602940.0,5045.222895204295,4127.468969733472,0.0,0.9504851272664049,0.4245013403705818
603000.0,5045.211106308892,4127.480763396328,0.0,0.9504850850696018,0.4245027065370151
603060.0,5045.199314885468,4127.49255530922,0.0,0.950485123408763,0.42450407271182433
603120.0,5045.187529797963,4127.50435166326,0.0,0.950484958862543,0.4245054388693131
603180.0,5045.1757344547705,4127.516140870188,0.0,0.9504851219357211,0.42450680505760546
603240.0,5045.163941278654,4127.52793161051,0.0,0.9504852153451655,0.4245081712409316
603300.0,5045.152153999221,4127.539726472165,0.0,0.9504851201586121,0.42450953740734054
603360.0,5045.140363111571,4127.551518832063,0.0,0.9504851399966171,0.42451090358543914
603420.0,5045.128573682253,4127.563312223331,0.0,0.9504851129642914,0.424512269760159
603480.0,5045.11678295512,4127.575104723698,0.0,0.9504851271361455,0.42451363593967806
603540.0,5045.104994051062,4127.58689851081,0.0,0.9504850827635196,0.42451500211480014
603600.0,5045.0932024889735,4127.59869045717,0.0,0.950485123083648,0.4245163682986829
603660.0,5045.081417590331,4127.61048707338,0.0,0.9504849500466157,0.4245177344642755
603720.0,5045.069621907109,4127.622276173163,0.0,0.9504851215388295,0.42451910066223664
603780.0,5045.057828503429,4127.63406688487,0.0,0.9504852197716697,0.42452046685489864
603840.0,5045.0460412194025,4127.645861873205,0.0,0.9504851222871564,0.42452183302995306
603900.0,5045.034252620446,4127.657655965847,0.0,0.9504850664192578,0.42452319921033504
603960.0,5045.02246049166,4127.669447603646,0.0,0.9504851232171297,0.42452456540166794
604020.0,5045.010677751675,4127.681245812795,0.0,0.9504848795536737,0.4245259315666525
604080.0,5044.998879826217,4127.693033434965,0.0,0.9504851210752788,0.42452729777701803
604140.0,5044.987085116095,4127.704823321963,0.0,0.9504852594290165,0.42452866397931727
604200.0,5044.975299025639,4127.716619229895,0.0,0.9504851221627623,0.42453003015661694
604260.0,5044.963511088662,4127.728413871232,0.0,0.9504850435032668,0.4245313963408157
604320.0,5044.951718182709,4127.7402050535975,0.0,0.950485123506052,0.42453276254022054
604380.0,5044.9399338967805,4127.752002265723,0.0,0.9504849277158479,0.42453412871518825
604440.0,5044.928137430324,4127.763790992458,0.0,0.9504851209770704,0.42453549492701476
604500.0,5044.916343534251,4127.77558153412,0.0,0.9504852316816942,0.4245368611326814
604560.0,5044.90455653482,4127.787376894769,0.0,0.9504851218308247,0.4245382273184421
604620.0,5044.892768055244,4127.799171244397,0.0,0.9504850588780409,0.4245395935100185
604680.0,5044.880975598565,4127.810962826968,0.0,0.9504851228892788,0.4245409597138689
604740.0,5044.869190037811,4127.822759236582,0.0,0.950484966206667,0.42454232589837876
604800.0,5044.857394728648,4127.834548857432,0.0,0.9504851208490813,0.4245436921125575
604860.0,5044.845601473771,4127.846339933188,0.0,0.9504852094284026,0.4245450583221017
604920.0,5044.833813810215,4127.858134917795,0.0,0.9504851191595625,0.42454642451562874
604980.0,5044.822022724688,4127.869927530231,0.0,0.9504851379700741,0.4245477907202959
605040.0,5044.810233021604,4127.88172112123,0.0,0.9504851123328312,0.4245491569218076
605100.0,5044.798442087427,4127.893513867743,0.0,0.9504851257700566,0.4245505231279214
605160.0,5044.7866528815375,4127.905307835038,0.0,0.9504850836887754,0.42455188932991716
605220.0,5044.7748611547495,4127.917100056998,0.0,0.950485121922757,0.42455325554026874
605280.0,5044.763075745957,4127.9288967084185,0.0,0.9504849578273198,0.4245546217333481
605340.0,5044.751280110432,4127.940686231586,0.0,0.9504851204535226,0.4245559879571511
605400.0,5044.739486635835,4127.95247728413,0.0,0.9504852136068893,0.4245573541760041
605460.0,5044.727699041262,4127.964272447147,0.0,0.950485118681054,0.4245587203779854
605520.0,5044.71590784864,4127.976065115023,0.0,0.9504851384645818,0.42456008659162786
605580.0,5044.70411811021,4127.987858811565,0.0,0.950485111506219,0.4245614528019021
605640.0,5044.692327077614,4127.9996516195715,0.0,0.950485125639123,0.42456281901696513
605700.0,5044.680537862924,4128.011445710946,0.0,0.9504850813879779,0.42456418522764466
605760.0,5044.668745997693,4128.023237966443,0.0,0.9504851215975016,0.4245655514470636
605820.0,5044.6569607770625,4128.0350348794955,0.0,0.950484949034522,0.4245669176482434
605880.0,5044.645164802299,4128.046824295958,0.0,0.9504851200566871,0.42456828388170786
605940.0,5044.633371100614,4128.058615320116,0.0,0.9504852180202334,0.42456965010989
606000.0,5044.621583501287,4128.070410609632,0.0,0.9504851208027344,0.4245710163205119
606060.0,5044.6097945907195,4128.082205005841,0.0,0.9504850650877734,0.4245723825364502
606120.0,5044.598002160278,4128.093996953689,0.0,0.950485121729931,0.4245737487633116
606180.0,5044.586219092102,4128.105795455588,0.0,0.9504848787338411,0.42457511496389677
606240.0,5044.574420881318,4128.1175833984325,0.0,0.9504851195937185,0.4245764812097448
606300.0,5044.562625876766,4128.129373600158,0.0,0.9504852575682945,0.4245778474475507
606360.0,5044.550839467531,4128.141169806946,0.0,0.9504851206779936,0.4245792136604236
606420.0,5044.53905121696,4128.152964750508,0.0,0.9504850422338942,0.4245805798801804
606480.0,5044.527258011437,4128.164756244227,0.0,0.9504851220173738,0.4245819461151044
606540.0,5044.515473401576,4128.176553751826,0.0,0.9504849267634448,0.4245833123256575
606600.0,5044.503676645565,4128.188342796426,0.0,0.9504851194950916,0.4245846785729745
606660.0,5044.491882452649,4128.200133651192,0.0,0.9504852298962998,0.42458604481415074
606720.0,5044.48009513689,4128.211929312246,0.0,0.9504851203462781,0.4245874110354741
606780.0,5044.46830634514,4128.223723964971,0.0,0.9504850575658372,0.4245887772626011
606840.0,5044.456513587504,4128.235515857944,0.0,0.9504851214016036,0.42459014350197083
606900.0,5044.444727706303,4128.2473125652505,0.0,0.9504849651480971,0.4245915097220529
606960.0,5044.432932104201,4128.25910250171,0.0,0.9504851193667658,0.4245928759717277
607020.0,5044.421138550559,4128.270893889263,0.0,0.9504852077033522,0.4245942422167833
607080.0,5044.409350572442,4128.282689175371,0.0,0.9504851176816453,0.4245956084458647
607140.0,5044.397559181994,4128.294482095582,0.0,0.950485136440526,0.42459697468605934
607200.0,5044.385769170068,4128.306275991793,0.0,0.95048511087338,0.4245983409231085
607260.0,5044.373977930506,4128.318069045761,0.0,0.9504851242736915,0.4245997071647497
607320.0,5044.362188414333,4128.329863317308,0.0,0.9504850823075361,0.42460107340228564
607380.0,5044.350396384361,4128.3416558481385,0.0,0.9504851204366993,0.42460243964815747
607440.0,5044.338610654525,4128.3534527967795,0.0,0.9504849567905236,0.42460380587680513
607500.0,5044.326814726808,4128.365242635965,0.0,0.9504851189712591,0.424605172136097
607560.0,5044.315020953894,4128.377034000519,0.0,0.9504852118694398,0.4246065383904547
607620.0,5044.303233044398,4128.388829464721,0.0,0.9504851172034154,0.4246079046279858
607680.0,5044.291441546988,4128.400622440377,0.0,0.9504851369326535,0.4246092708771496
607740.0,5044.279651499648,4128.412416442008,0.0,0.9504851100479985,0.4246106371229562
607800.0,5044.267860161777,4128.424209557461,0.0,0.9504851241420869,0.42461200337354077
607860.0,5044.256070636662,4128.436003952915,0.0,0.9504850800120007,0.4246133696197555
607920.0,5044.244278468469,4128.447796517346,0.0,0.9504851201113039,0.42461473587468845
607980.0,5044.232492926096,4128.459593727083,0.0,0.9504849480207522,0.424616102111433
608040.0,5044.2206966599315,4128.47138346,0.0,0.9504851185744796,0.4246174683803788
608100.0,5044.208902660401,4128.483174796399,0.0,0.9504852162696549,0.42461883464405886
608160.0,5044.197114746001,4128.494970386921,0.0,0.9504851193182547,0.42462020089022573
608220.0,5044.185325524028,4128.506765086518,0.0,0.9504850637557642,0.4246215671416979
608280.0,5044.173532792106,4128.518557344217,0.0,0.9504851202426832,0.4246229334040658
608340.0,5044.161749395998,4128.530356138714,0.0,0.9504848779119477,0.4246242996402291
608400.0,5044.149950900011,4128.542144402001,0.0,0.9504851181120917,0.4246256659215377
608460.0,5044.138155601179,4128.553934918238,0.0,0.9504852557087458,0.4246270321948283
608520.0,5044.126368873397,4128.5657314237205,0.0,0.9504851191931684,0.42462839844325223
608580.0,5044.114580309446,4128.577526669329,0.0,0.9504850409637953,0.4246297646985449
608640.0,5044.1027868045185,4128.589318474197,0.0,0.9504851205286513,0.4246311309689662
608700.0,5044.091001870971,4128.601116277113,0.0,0.9504849258093203,0.4246324972150825
608760.0,5044.079204825539,4128.612905639351,0.0,0.9504851180130479,0.4246338634978682
608820.0,5044.067410335942,4128.624696807011,0.0,0.9504852281117822,0.42463522977453194
608880.0,5044.055622704079,4128.636492768295,0.0,0.9504851188616741,0.4246365960313959
608940.0,5044.043833600364,4128.648287723936,0.0,0.9504850562530582,0.4246379622940511
609000.0,5044.032040541948,4128.66007992711,0.0,0.9504851199138802,0.4246393285689182
609060.0,5044.020254340538,4128.671876931944,0.0,0.9504849640881969,0.42464069482455014
609120.0,5044.008458445652,4128.683667183796,0.0,0.9504851178843864,0.42464206110969904
609180.0,5043.996664593412,4128.695458882942,0.0,0.950485205978884,0.42464342739024385
609240.0,5043.984876300947,4128.707254470373,0.0,0.9504851162036525,0.4246447936548574
609300.0,5043.973084605763,4128.719047698163,0.0,0.9504851349110359,0.42464615993055693
609360.0,5043.961294285193,4128.730841899394,0.0,0.9504851094138067,0.42464752620312124
609420.0,5043.949502740434,4128.742635260622,0.0,0.9504851227772987,0.42464889248026777
609480.0,5043.93771291418,4128.754429836237,0.0,0.9504850809259825,0.42465025875332174
609540.0,5043.925920581205,4128.766222675741,0.0,0.9504851189505864,0.4246516250346914
609600.0,5043.914134530549,4128.7780199214285,0.0,0.9504849557526936,0.42465299129888506
609660.0,5043.902338310805,4128.7898100764205,0.0,0.9504851174889326,0.4246543575936437
609720.0,5043.890544239748,4128.801601752784,0.0,0.9504852101324371,0.4246557238834839
609780.0,5043.878756015539,4128.81339751799,0.0,0.9504851157257035,0.4246570901565426
609840.0,5043.86696421353,4128.8251908012335,0.0,0.9504851354007704,0.42465845644120576
609900.0,5043.855173857477,4128.836985107761,0.0,0.9504851085896621,0.42465982272252234
609960.0,5043.843382214517,4128.848778530464,0.0,0.9504851226450204,0.4246611890086064
610020.0,5043.831592379176,4128.860573229816,0.0,0.950485078635725,0.42466255529033375
610080.0,5043.819799908203,4128.872366102986,0.0,0.9504851186250513,0.42466392158075855
610140.0,5043.808014044311,4128.884163609236,0.0,0.9504849470059465,0.4246652878530455
610200.0,5043.796217486905,4128.895953658394,0.0,0.950485117092209,0.42466665415745036
610260.0,5043.784423189703,4128.907745306831,0.0,0.9504852145195293,0.42466802045660623
610320.0,5043.772634960434,4128.919541198176,0.0,0.9504851178337168,0.42466938673829574
610380.0,5043.7608454272595,4128.931336200975,0.0,0.9504850624233672,0.4246707530252797
610440.0,5043.74905239404,4128.943128768327,0.0,0.9504851187553829,0.42467211932313176
610500.0,5043.73726867024,4128.9549278552595,0.0,0.9504848770885554,0.4246734855948509
610560.0,5043.725469889197,4128.966716438768,0.0,0.9504851166304005,0.42467485191159793
610620.0,5043.71367429625,4128.97850726931,0.0,0.9504852538498487,0.4246762182203509
610680.0,5043.701887250137,4128.990304073306,0.0,0.9504851177082856,0.42467758450430343
610740.0,5043.690098373015,4129.0020996207795,0.0,0.9504850396931172,0.4246789507951097
610800.0,5043.678304568855,4129.0138917365975,0.0,0.95048511903988,0.42468031710100596
610860.0,5043.666519311855,4129.025689834658,0.0,0.9504849248539906,0.42468168338266304
610920.0,5043.654721977155,4129.037479514322,0.0,0.9504851165309403,0.424683049700895
610980.0,5043.642927191044,4129.049270994668,0.0,0.9504852263279384,0.4246844160130242
611040.0,5043.631139243295,4129.061067256009,0.0,0.9504851173770121,0.42468578230540655
611100.0,5043.619349827823,4129.072862514382,0.0,0.9504850549398075,0.4246871486035679
611160.0,5043.607556468804,4129.084655027554,0.0,0.9504851184261064,0.42468851491391013
611220.0,5043.595773601948,4129.096454886369,0.0,0.9504848460947248,0.424689881194618
611280.0,5043.583973767963,4129.108242907827,0.0,0.9504851160419041,0.424691247526007
611340.0,5043.572177528191,4129.120033459957,0.0,0.9504852706810223,0.4246926138481995
611400.0,5043.560390920199,4129.131830743316,0.0,0.9504851172670427,0.4246939801423801
611460.0,5043.548602250499,4129.143626609017,0.0,0.9504850293563297,0.4246953464440968
611520.0,5043.5368080292155,4129.155418606846,0.0,0.9504851187780876,0.4246967127627521
611580.0,5043.525017182028,4129.1672129755025,0.0,0.9504851000449078,0.42469807907244517
611640.0,5043.513224948047,4129.179006390013,0.0,0.9504851253828114,0.4246994453871715
611700.0,5043.501433917467,4129.190800659073,0.0,0.9504851119773798,0.4247008116992978
611760.0,5043.4896411562095,4129.202593734803,0.0,0.9504851536199732,0.42470217801753474
611820.0,5043.477850877958,4129.214388557517,0.0,0.9504851156279193,0.42470354432932544
611880.0,5043.466054312038,4129.226179011765,0.0,0.9504852782506829,0.4247049106611261
611940.0,5043.4542678750395,4129.237976544626,0.0,0.950485116920546,0.4247062769634421
612000.0,5043.442479270626,4129.249772585963,0.0,0.9504850244744902,0.4247076432736073
612060.0,5043.430684828445,4129.26156455945,0.0,0.9504851185138374,0.42470900960155866
612120.0,5043.418893934906,4129.273359025729,0.0,0.9504850988158741,0.4247103759200308
612180.0,5043.407101583451,4129.28515248816,0.0,0.9504851254637171,0.4247117422437465
612240.0,5043.395310497922,4129.296946848831,0.0,0.9504851113684929,0.42471310856467676
612300.0,5043.383517592878,4129.308739954094,0.0,0.9504851551625925,0.4247144748919804
612360.0,5043.371727299362,4129.320534896143,0.0,0.9504851152117084,0.42471584121245726
612420.0,5043.359930394421,4129.332325243487,0.0,0.9504852862303627,0.4247172075539026
612480.0,5043.348144141204,4129.344123034775,0.0,0.9504851165753079,0.4247185738643148
612540.0,5043.336355609407,4129.3559192568555,0.0,0.9504850193597464,0.42471994018290526
612600.0,5043.324561019975,4129.367711256933,0.0,0.9504851156714229,0.42472130651990325
612660.0,5043.312767704993,4129.379504168387,0.0,0.9504851708322472,0.4247226728545665
612720.0,5043.300977870097,4129.39129951729,0.0,0.9504851145879223,0.4247240391794463
612780.0,5043.289178729828,4129.403088390464,0.0,0.9504853554431456,0.424725405533266
612840.0,5043.2773945914705,4129.4148877450625,0.0,0.9504851165418758,0.4247267718431797
612900.0,5043.265607249523,4129.426684884578,0.0,0.9504849796541646,0.4247281381640086
612960.0,5043.253811378734,4129.438476076576,0.0,0.9504851153026269,0.42472950451055785
613020.0,5043.24201730787,4129.450268546854,0.0,0.9504851930000338,0.42473087085321726
613080.0,5043.230228139646,4129.4620644478855,0.0,0.9504851138104341,0.42473223718188335
613140.0,5043.218430432316,4129.473854402594,0.0,0.9504853073280044,0.424733603536863
613200.0,5043.206644750246,4129.485652766133,0.0,0.9504851161471852,0.4247349698571029
613260.0,5043.194856502107,4129.497449359639,0.0,0.9504850065992253,0.4247363361863719
613320.0,5043.183061428292,4129.509241194621,0.0,0.9504851151390487,0.42473770253632215
613380.0,5043.171267792246,4129.521034055058,0.0,0.9504851773055581,0.4247390688834539
613440.0,5043.159478078408,4129.532829661801,0.0,0.9504851139285018,0.4247404352194932
613500.0,5043.147677880133,4129.544617969145,0.0,0.9504853853558366,0.4247418015879631
613560.0,5043.135894587733,4129.5564180879655,0.0,0.9504851161408915,0.42474316790688976
613620.0,5043.124107686888,4129.568215708886,0.0,0.950484961886055,0.42474453423793
613680.0,5043.112311175623,4129.5800066267175,0.0,0.9504851147548307,0.42474590059789263
613740.0,5043.10051669427,4129.591798983486,0.0,0.9504852023180366,0.4247472669532843
613800.0,5043.088727738173,4129.603595205958,0.0,0.9504851130837243,0.42474863329283913
613860.0,5043.076935400429,4129.615389082547,0.0,0.9504851316780848,0.42474999964342053
613920.0,5043.065144428727,4129.627183926959,0.0,0.9504851063343043,0.42475136599088914
613980.0,5043.053352240388,4129.638977936284,0.0,0.9504851196169881,0.4247527323429177
614040.0,5043.041561759852,4129.650773152981,0.0,0.9504850780176973,0.42475409869088204
614100.0,5043.0297687881075,4129.662566643691,0.0,0.9504851158128398,0.4247554650471181
614160.0,5043.017982059642,4129.674364515033,0.0,0.9504849535984012,0.42475683138628384
614220.0,5043.006185225159,4129.686155336909,0.0,0.9504851143594925,0.42475819775584017
614280.0,5042.9943905259715,4129.697947671372,0.0,0.9504852064443039,0.424759564120513
614340.0,5042.982601637333,4129.709744070934,0.0,0.9504851126063879,0.4247609304685039
614400.0,5042.970809193046,4129.721538002998,0.0,0.9504851321626062,0.42476229682803657
614460.0,5042.9590181857075,4129.733332952436,0.0,0.9504851055128563,0.4247636631842464
614520.0,5042.947225899404,4129.745127023225,0.0,0.9504851194832409,0.4247650295452005
614580.0,5042.935435409463,4129.756922363279,0.0,0.9504850757389677,0.4247663959018278
614640.0,5042.9236423001985,4129.768715887804,0.0,0.9504851154869992,0.42476776226710633
614700.0,5042.9118557569645,4129.780514018537,0.0,0.9504849449021022,0.4247691286143582
614760.0,5042.90005858654,4129.792304735539,0.0,0.9504851139628926,0.4247704949935444
614820.0,5042.888263662236,4129.804097042581,0.0,0.9504852108027262,0.4247718613675187
614880.0,5042.876474768198,4129.815893567894,0.0,0.9504851146994269,0.4247732277241298
614940.0,5042.864684578282,4129.827689209879,0.0,0.9504850596227836,0.4247745940860113
615000.0,5042.852890910012,4129.839482430591,0.0,0.9504851156150343,0.4247759604587006
615060.0,5042.84110649335,4129.851282133051,0.0,0.9504848754044737,0.4247773268054143
615120.0,5042.829307112831,4129.863071393145,0.0,0.9504851135023552,0.42477869319689804
615180.0,5042.817510900569,4129.874862887272,0.0,0.9504852498946019,0.4247800595804403
615240.0,5042.8057231820985,4129.886660320159,0.0,0.9504851145732404,0.42478142593932766
615300.0,5042.793933643917,4129.898456503883,0.0,0.950485037028006,0.4247827923050356
615360.0,5042.782139209241,4129.910249275915,0.0,0.9504851158963058,0.42478415868574865
615420.0,5042.770353268657,4129.92204799547,0.0,0.9504849228803948,0.4247855250423676
615480.0,5042.758555325256,4129.933838345576,0.0,0.9504851134019826,0.42478689143535375
615540.0,5042.746759914573,4129.9456304859605,0.0,0.9504852225370536,0.42478825782227914
615600.0,5042.734971299813,4129.957427379576,0.0,0.950485114242452,0.4247896241895739
615660.0,5042.723181226371,4129.96922327611,0.0,0.9504850521812724,0.4247909905626209
615720.0,5042.711387233825,4129.981016443415,0.0,0.9504851152847198,0.42479235694778067
615780.0,5042.699603668294,4129.992816913735,0.0,0.9504848445943155,0.42479372330348375
615840.0,5042.687803240867,4130.0046056155,0.0,0.9504851129143823,0.42479508970957747
615900.0,5042.676006385293,4130.01639683329,0.0,0.9504852666213253,0.42479645610653427
615960.0,5042.664219101732,4130.028194743215,0.0,0.9504851141316338,0.424797822475643
616020.0,5042.65242976919,4130.039991243778,0.0,0.9504850267503984,0.4247991888522512
616080.0,5042.640634919476,4130.051783898964,0.0,0.9504851156330705,0.42480055524570265
616140.0,5042.628849642745,4130.063583255521,0.0,0.95048489812679,0.4248019216118645
616200.0,5042.617050841249,4130.075373179194,0.0,0.9504851128326545,0.42480328801890055
616260.0,5042.605254895434,4130.087165118802,0.0,0.9504852358232121,0.42480465441891907
616320.0,5042.593466608341,4130.098962414509,0.0,0.9504851137902485,0.4248060207967516
616380.0,5042.581676679103,4130.110758584941,0.0,0.9504850438581391,0.42480738718087946
616440.0,5042.56988233409,4130.122551679095,0.0,0.9504851149752513,0.4248087535785908
616500.0,5042.558095647573,4130.134350137735,0.0,0.9504849409150385,0.4248101199546785
616560.0,5042.546298136988,4130.146141049392,0.0,0.9504851127178432,0.42481148636364774
616620.0,5042.534502908995,4130.1579335767965,0.0,0.9504852111286168,0.4248128527672952
616680.0,5042.52271380869,4130.169730391165,0.0,0.9504851134676544,0.4248142191532878
616740.0,5042.510923391799,4130.181526307593,0.0,0.950485057498635,0.424815585544612
616800.0,5042.499129440476,4130.1933197632,0.0,0.9504851143994418,0.4248169519469114
616860.0,5042.487344890319,4130.205119806011,0.0,0.9504848702946496,0.42481831832278716
616920.0,5042.475545134813,4130.2169092361555,0.0,0.9504851122538408,0.4248196847441549
616980.0,5042.463748598923,4130.228700936538,0.0,0.9504852508582204,0.4248210511574269
617040.0,5042.451960694011,4130.24049867242,0.0,0.950485113343423,0.42482241754563355
617100.0,5042.440170940221,4130.252295138559,0.0,0.9504850345415888,0.42482378394074727
617160.0,5042.428376210975,4130.264088137316,0.0,0.9504851146892739,0.42482515035110197
617220.0,5042.416590113086,4130.275887180389,0.0,0.9504849185445554,0.4248265167369514
617280.0,5042.404791818751,4130.287677717461,0.0,0.9504851121558427,0.42482788315974696
617340.0,5042.392996098231,4130.29947007378,0.0,0.9504852230610452,0.42482924957635787
617400.0,5042.381207283408,4130.311267260741,0.0,0.9504851130112728,0.42483061597300964
617460.0,5042.369416986568,4130.323063434152,0.0,0.9504850499445084,0.42483198237548264
617520.0,5042.3576227074345,4130.334856833767,0.0,0.9504851140717739,0.42483334879025725
617580.0,5042.345835333311,4130.346655072075,0.0,0.95048495710531,0.4248347151856358
617640.0,5042.33403819804,4130.358446505114,0.0,0.9504851120280098,0.4248360816107526
617700.0,5042.322243119811,4130.370239396506,0.0,0.9504852007679252,0.4248374480312141
617760.0,5042.310453640255,4130.382036206198,0.0,0.950485110335558,0.4248388144356147
617820.0,5042.298660734287,4130.393830637913,0.0,0.9504851291802352,0.42484018085117703
617880.0,5042.286869212618,4130.405626050514,0.0,0.9504851034965778,0.42484154726357
617940.0,5042.2750764582825,4130.417420616528,0.0,0.9504851169582308,0.4248429136805705
618000.0,5042.263285434548,4130.429216406229,0.0,0.9504850748007082,0.42484428009343633
618060.0,5042.251491886648,4130.441010446314,0.0,0.9504851131040852,0.4248456465146731
618120.0,5042.239704665098,4130.452808926529,0.0,0.9504849487111093,0.4248470129185851
618180.0,5042.227907203412,4130.464600261169,0.0,0.9504851116323163,0.42484837935329534
618240.0,5042.216111905557,4130.476393128818,0.0,0.9504852049546695,0.4248497457830335
618300.0,5042.204322495461,4130.488190116882,0.0,0.950485109856763,0.42485111219585403
618360.0,5042.192529482643,4130.499984603699,0.0,0.9504851296762371,0.4248524786203587
618420.0,5042.180737925968,4130.511780121627,0.0,0.9504851026690426,0.42485384504148077
618480.0,5042.16894507347,4130.52357474881,0.0,0.9504851168276471,0.42485521146739746
618540.0,5042.157154041312,4130.535370662422,0.0,0.950485072496286,0.4248565778889134
618600.0,5042.145360355168,4130.547164735653,0.0,0.9504851127788239,0.42485794431918483
618660.0,5042.133573322412,4130.558963477663,0.0,0.9504849399029003,0.42485931073116223
618720.0,5042.12177552143,4130.570754704871,0.0,0.9504851112353443,0.4248606771755026
618780.0,5042.109979996573,4130.582547543596,0.0,0.9504852093766127,0.42486204361453805
618840.0,5042.098190582107,4130.594344657998,0.0,0.9504851119828741,0.424863410035966
618900.0,5042.086399854742,4130.60614087685,0.0,0.9504850561669231,0.4248647764627144
618960.0,5042.074605602904,4130.617934641374,0.0,0.9504851129118824,0.4248661429004102
619020.0,5042.062820725686,4130.629734975772,0.0,0.9504848694750725,0.42486750931175465
619080.0,5042.051020686,4130.641524725473,0.0,0.9504851107719247,0.424868875768473
619140.0,5042.039223856823,4130.653316739455,0.0,0.9504852489968328,0.42487024221711966
619200.0,5042.027435634266,4130.665114773045,0.0,0.950485111858296,0.42487160864076756
619260.0,5042.015645568021,4130.676911540263,0.0,0.9504850332719835,0.42487297507130733
619320.0,5042.003850540343,4130.688704849243,0.0,0.9504851132002344,0.4248743415170492
619380.0,5041.992064119657,4130.700504186635,0.0,0.9504849175921959,0.4248757079383522
619440.0,5041.980265536913,4130.712295040446,0.0,0.9504851106735079,0.42487707439650624
619500.0,5041.968469520694,4130.72408770874,0.0,0.9504852212750501,0.4248784408484948
619560.0,5041.95668039068,4130.735885194956,0.0,0.9504851115263677,0.42487980728057734
619620.0,5041.944889782803,4130.747681670318,0.0,0.950485048632107,0.4248811737184689
619680.0,5041.933095203857,4130.759475379202,0.0,0.950485112583737,0.4248825401686308
619740.0,5041.921307510422,4130.771273914046,0.0,0.9504849560468136,0.42488390659944975
619800.0,5041.909510083359,4130.783065661568,0.0,0.9504851105453382,0.4248852730599305
619860.0,5041.897714707509,4130.794858863626,0.0,0.9504851990422055,0.42488663951577127
619920.0,5041.885924914524,4130.8066559736735,0.0,0.9504851088572909,0.42488800595559434
619980.0,5041.874131704778,4130.818450712024,0.0,0.9504851276502644,0.4248893724065519
620040.0,5041.862339875404,4130.83024642869,0.0,0.9504851020368036,0.4248907388543502
620100.0,5041.850546816827,4130.842041301019,0.0,0.9504851154614897,0.424892105306746
620160.0,5041.8387554839455,4130.853837393831,0.0,0.9504850734192603,0.42489347175501985
620220.0,5041.826961634001,4130.865631741654,0.0,0.950485111617666,0.4248948382116447
620280.0,5041.815174092529,4130.877430517927,0.0,0.9504849476747077,0.42489620465099315
620340.0,5041.803376339812,4130.889222167467,0.0,0.9504851101496975,0.42489757112105997
620400.0,5041.791580744789,4130.901015346,0.0,0.9504852032164359,0.42489893758617087
620460.0,5041.779791020901,4130.912812634101,0.0,0.9504851083787764,0.4249003040344095
620520.0,5041.767997704438,4130.924607427561,0.0,0.9504851281438719,0.4249016704943036
620580.0,5041.75620583999,4130.936403249435,0.0,0.9504851012105061,0.424903036950826
620640.0,5041.744412683356,4130.948198182927,0.0,0.9504851153302312,0.4249044034121324
620700.0,5041.732621341907,4130.959994399474,0.0,0.9504850711201288,0.42490576986905143
620760.0,5041.720827353945,4130.971788780505,0.0,0.9504851112922645,0.4249071363347049
620820.0,5041.709040000571,4130.983587818041,0.0,0.9504849388894601,0.4249085027821152
620880.0,5041.697241909342,4130.995379360579,0.0,0.9504851097527809,0.42490986926180463
620940.0,5041.685446087786,4131.007172510415,0.0,0.950485207625346,0.424911235736206
621000.0,5041.673656359376,4131.018969924673,0.0,0.9504851104980359,0.42491260219304694
621060.0,5041.661865321741,4131.030766445767,0.0,0.9504850548347694,0.4249139686551973
621120.0,5041.6500707695695,4131.042560519008,0.0,0.9504851114242714,0.42491533512826757
621180.0,5041.6382855655365,4131.054361144835,0.0,0.9504848686538276,0.4249167015750583
621240.0,5041.6264852418135,4131.066151213865,0.0,0.9504851092899433,0.42491806806710497
621300.0,5041.614688119508,4131.077943541236,0.0,0.9504852471363384,0.42491943455110404
621360.0,5041.602899579532,4131.089741872361,0.0,0.9504851103731113,0.4249208010101708
621420.0,5041.59110920104,4131.1015389404765,0.0,0.9504850320018294,0.42492216747611444
621480.0,5041.579313875104,4131.113332559476,0.0,0.9504851117111472,0.4249235339572213
621540.0,5041.567527131856,4131.125132191021,0.0,0.9504849166384705,0.4249249004139555
621600.0,5041.555728260845,4131.136923361357,0.0,0.9504851091911086,0.424926266907446
621660.0,5041.543931949095,4131.148716341418,0.0,0.9504852194897147,0.42492763339479
621720.0,5041.532142504109,4131.160514126712,0.0,0.9504851100414046,0.42492899986228116
621780.0,5041.520351585402,4131.172310903843,0.0,0.9504850473192212,0.424930366335569
621840.0,5041.508556706821,4131.184104921795,0.0,0.9504851110956504,0.42493173282109614
621900.0,5041.496768694301,4131.1959037530105,0.0,0.9504849549871307,0.42493309928733314
621960.0,5041.484970975602,4131.207695814804,0.0,0.9504851090626026,0.4249344657831561
622020.0,5041.473175302301,4131.2194893273245,0.0,0.9504851973170922,0.424935832274354
622080.0,5041.461385196102,4131.231286737542,0.0,0.9504851073789472,0.4249371987495772
622140.0,5041.449591682759,4131.243081782334,0.0,0.9504851261203636,0.42493856523590773
622200.0,5041.437799545881,4131.254877802882,0.0,0.9504851005769006,0.4249399317190893
622260.0,5041.426006183246,4131.266672981334,0.0,0.9504851139647248,0.4249412982068582
622320.0,5041.414214541421,4131.278469377065,0.0,0.9504850720374617,0.42494266469051806
622380.0,5041.402420389617,4131.290264032424,0.0,0.9504851101311939,0.42494403118250873
622440.0,5041.3906325284615,4131.302063104593,0.0,0.9504849466367984,0.42494539765727113
622500.0,5041.378834484854,4131.313855068813,0.0,0.9504851086670143,0.42494676416267246
622560.0,5041.367038592831,4131.325648558023,0.0,0.9504852014788816,0.42494813066313375
622620.0,5041.355248555367,4131.337446145981,0.0,0.9504851069007121,0.4249494971467681
622680.0,5041.343454935443,4131.34924124589,0.0,0.9504851266115887,0.4249508636420295
622740.0,5041.331662763419,4131.361037371518,0.0,0.9504850997518346,0.4249522301339297
622800.0,5041.31986930284,4131.372832611122,0.0,0.950485113832795,0.42495359663060356
622860.0,5041.308077652304,4131.384629130421,0.0,0.9504850697435954,0.4249549631229034
622920.0,5041.296283362704,4131.396423819055,0.0,0.9504851098056524,0.4249563296239168
622980.0,5041.284495688946,4131.408223151948,0.0,0.9504849378746871,0.42495769610673745
623040.0,5041.272697307618,4131.420015009604,0.0,0.9504851082701542,0.4249590626217539
623100.0,5041.260901189534,4131.431808470347,0.0,0.9504852058746329,0.42496042913149895
623160.0,5041.249111147392,4131.443606184284,0.0,0.9504851090131395,0.42496179562373065
623220.0,5041.237319799692,4131.455403007435,0.0,0.950485053502137,0.4249631621212608
623280.0,5041.225524947363,4131.467197389192,0.0,0.9504851099366111,0.4249645286296832
623340.0,5041.213739416773,4131.4789983062965,0.0,0.9504848678305033,0.42496589511189775
623400.0,5041.201938809137,4131.490788694425,0.0,0.9504851078078959,0.4249672616392507
623460.0,5041.1901413938585,4131.502581334969,0.0,0.9504852452769061,0.42496862815858005
623520.0,5041.178352536691,4131.514379963462,0.0,0.9504851088878704,0.4249699946530434
623580.0,5041.166561846165,4131.526177332295,0.0,0.9504850307309528,0.4249713611543686
623640.0,5041.154766222138,4131.537971261107,0.0,0.9504851102220154,0.42497272767081856
623700.0,5041.1429791565715,4131.5497711866465,0.0,0.9504849156830887,0.42497409416296145
623760.0,5041.1311799974355,4131.561562673278,0.0,0.9504851077086446,0.42497546069176606
623820.0,5041.119383390312,4131.573355964893,0.0,0.9504852177053397,0.42497682721444335
623880.0,5041.107593630577,4131.585154049095,0.0,0.9504851085563847,0.42497819371732076
623940.0,5041.095802401248,4131.596951127814,0.0,0.950485046005745,0.42497956022598266
624000.0,5041.084007223205,4131.608745454628,0.0,0.9504851096075159,0.4249809267468528
624060.0,5041.072222551199,4131.620547144863,0.0,0.9504848367811785,0.42498229323800474
624120.0,5041.060420889749,4131.63233696895,0.0,0.9504851072191098,0.4249836597799628
624180.0,5041.04862282731,4131.644129329779,0.0,0.950485262139398,0.42498502631269175
624240.0,5041.036834409351,4131.655928438166,0.0,0.9504851084466056,0.4249863928173349
624300.0,5041.025043927037,4131.667726125374,0.0,0.9504850203761039,0.4249877593295242
624360.0,5041.01324788585,4131.679519935281,0.0,0.9504851099605285,0.4249891258586915
624420.0,5041.001455223249,4131.691316121722,0.0,0.9504850911933438,0.42499049237886727
624480.0,5040.989661172069,4131.703111351645,0.0,0.9504851165773962,0.4249918589040832
624540.0,5040.977868325917,4131.714907438145,0.0,0.9504851031476469,0.42499322542668627
624600.0,5040.966073746854,4131.726702328358,0.0,0.9504851448660608,0.42499459195540923
624660.0,5040.95428165411,4131.738498969754,0.0,0.9504851068049562,0.4249959584776638
624720.0,5040.942483265472,4131.750291231988,0.0,0.9504852697236366,0.4249973250199697
624780.0,5040.930695019124,4131.762090590021,0.0,0.9504851081000645,0.4249986915327137
624840.0,5040.9189046025695,4131.773888452823,0.0,0.9504850154859248,0.4250000580533173
624900.0,5040.907108340578,4131.785682237857,0.0,0.9504851096963831,0.42500142459174867
624960.0,5040.895315631949,4131.7974785216875,0.0,0.9504850899626605,0.42500279112067024
625020.0,5040.8835214635255,4131.809273799178,0.0,0.9504851166590339,0.42500415765484284
625080.0,5040.871728562741,4131.821069977042,0.0,0.9504851025382379,0.4250055241862167
625140.0,5040.859933840088,4131.832864896388,0.0,0.9504851464120665,0.4250068907239739
625200.0,5040.848141732443,4131.844661656941,0.0,0.9504851063885736,0.4250082572548812
625260.0,5040.836343004724,4131.85645381154,0.0,0.9504852777183908,0.4250096238068008
625320.0,5040.8245549427875,4131.868253428152,0.0,0.9504851077547837,0.42501099032760586
625380.0,5040.812764599331,4131.880051471665,0.0,0.950485010362457,0.4250123568566006
625440.0,5040.800968190277,4131.891845282885,0.0,0.9504851068493851,0.42501372340404625
625500.0,5040.789173057421,4131.90364000762,0.0,0.9504851621105317,0.425015089949142
625560.0,5040.777381409254,4131.915437175701,0.0,0.9504851057640453,0.4250164564844262
625620.0,5040.76558044353,4131.927227852241,0.0,0.9504853470570951,0.42501782304871455
625680.0,5040.753794499486,4131.939029035645,0.0,0.95048510772168,0.4250191895689832
625740.0,5040.742005347698,4131.950827998507,0.0,0.9504849705852036,0.42502055610018524
625800.0,5040.730207655863,4131.962620999373,0.0,0.9504851064803087,0.4250219226571694
625860.0,5040.718411766386,4131.9744152815465,0.0,0.9504851843189768,0.42502328921024474
625920.0,5040.706620786025,4131.986213002783,0.0,0.9504851049855341,0.4250246557492881
625980.0,5040.694821255366,4131.99800476319,0.0,0.9504852988549479,0.4250260223147047
626040.0,5040.683033765832,4132.009804952815,0.0,0.9504851073266618,0.4250273888452887
626100.0,5040.6712437069145,4132.021603368024,0.0,0.9504849975796927,0.42502875538491525
626160.0,5040.659446813364,4132.033397013122,0.0,0.9504851063168234,0.4250301219452721
626220.0,5040.647651359538,4132.045191686092,0.0,0.9504851685963049,0.42503148850279415
626280.0,5040.635859833102,4132.056989112006,0.0,0.9504851051042077,0.4250328550491923
626340.0,5040.624057808503,4132.068779220718,0.0,0.9504853770246173,0.4250342216280939
626400.0,5040.612272712027,4132.080581169566,0.0,0.9504851073207458,0.42503558815732423
626460.0,5040.60048400243,4132.092380614369,0.0,0.9504849527858001,0.4250369546986895
626520.0,5040.588685669795,4132.104173339776,0.0,0.9504851059322974,0.42503832126904706
626580.0,5040.576889369808,4132.115967507539,0.0,0.9504851936545918,0.4250396878348127
626640.0,5040.565098602361,4132.127765550368,0.0,0.950485104258286,0.4250410543846983
626700.0,5040.553304448867,4132.139561241559,0.0,0.9504851228864867,0.42504242094563177
626760.0,5040.541511663255,4132.151357902871,0.0,0.9504850974967343,0.42504378750343874
626820.0,5040.5297176594495,4132.163153727019,0.0,0.9504851108036124,0.42504515406581117
626880.0,5040.517925365735,4132.174950761413,0.0,0.9504850691288054,0.4250465206241026
626940.0,5040.506130577576,4132.18674606558,0.0,0.9504851069926837,0.4250478871906809
627000.0,5040.494342040977,4132.198545760946,0.0,0.9504849444834951,0.4250492537401368
627060.0,5040.482543385081,4132.21033838969,0.0,0.9504851055368254,0.42505062032005664
627120.0,5040.470746867356,4132.22213253462,0.0,0.9504851977890254,0.4250519868950716
627180.0,5040.458956167846,4132.233930754497,0.0,0.9504851037806652,0.4250533534533591
627240.0,5040.447161908057,4132.245726500826,0.0,0.9504851233724863,0.42505472002321115
627300.0,5040.435369087148,4132.25752326695,0.0,0.950485096674372,0.425056086589726
627360.0,5040.423574985634,4132.269319152238,0.0,0.9504851106702105,0.4250574531609909
627420.0,5040.411782682892,4132.281116309822,0.0,0.950485066846491,0.4250588197279118
627480.0,5040.399987757422,4132.292911647417,0.0,0.9504851066668363,0.42506018630350006
627540.0,5040.388199406686,4132.3047116023345,0.0,0.9504849357719063,0.4250615528610071
627600.0,5040.3764004147915,4132.31650412548,0.0,0.9504851051400891,0.42506291945052593
627660.0,5040.364603672038,4132.328298242452,0.0,0.9504852021559935,0.4250642860348105
627720.0,5040.35281296751,4132.340096587916,0.0,0.950485105878092,0.425065652601685
627780.0,5040.34102096546,4132.351894047829,0.0,0.9504850507014454,0.42506701917383394
627840.0,5040.329225480505,4132.3636890805565,0.0,0.950485106795493,0.4250683857568146
627900.0,5040.317439259389,4132.375490610704,0.0,0.950484866148519,0.42506975231374516
627960.0,5040.305638054753,4132.387281673091,0.0,0.9504851046791053,0.4250711189155555
628020.0,5040.293840022607,4132.399074974859,0.0,0.9504852413192071,0.42507248550939514
628080.0,5040.282050495448,4132.41087422979,0.0,0.9504851057520658,0.4250738520785147
628140.0,5040.270259146245,4132.422672232443,0.0,0.9504850280660365,0.42507521865446296
628200.0,5040.258462894134,4132.434466815087,0.0,0.9504851070776645,0.42507658524545083
628260.0,5040.246675147333,4132.446267359645,0.0,0.9504849137111735,0.425077951812277
628320.0,5040.234875381965,4132.458059514379,0.0,0.9504851045789402,0.42507931841555685
628380.0,5040.2230781527105,4132.469853463662,0.0,0.9504852139123243,0.42508068501275126
628440.0,5040.21128772834,4132.481652177696,0.0,0.950485105421066,0.4250820515902624
628500.0,5040.199495843432,4132.493449892147,0.0,0.9504850432471907,0.4250834181735311
628560.0,5040.187700034285,4132.505244870711,0.0,0.9504851064653574,0.42508478476893985
628620.0,5040.1759146659315,4132.517047169953,0.0,0.9504848352832473,0.42508615133480876
628680.0,5040.164112413523,4132.528837672032,0.0,0.9504851040908439,0.4250875179511921
628740.0,5040.1523137377335,4132.540630696165,0.0,0.9504852580770843,0.4250888845584065
628800.0,5040.140524646568,4132.552430428663,0.0,0.9504851053104363,0.4250902511376995
628860.0,5040.128733503789,4132.564228748294,0.0,0.9504850177705976,0.4250916177245016
628920.0,5040.116936836609,4132.576023213184,0.0,0.9504851068147288,0.425092984328186
628980.0,5040.105143527006,4132.587820040834,0.0,0.9504850881604228,0.4250943509229356
629040.0,5040.093348837399,4132.599615917563,0.0,0.9504851133912054,0.4250957175227004
629100.0,5040.081555345303,4132.611412645924,0.0,0.9504851000421597,0.42509708411987174
629160.0,5040.069760131001,4132.623208184996,0.0,0.9504851415088426,0.425098450723132
629220.0,5040.0579673875545,4132.635005465104,0.0,0.9504851036769186,0.42509981731996554
629280.0,5040.046168387219,4132.646798391559,0.0,0.9504852656132845,0.42510118393674073
629340.0,5040.034379466225,4132.658598372588,0.0,0.9504851049637159,0.425102550524127
629400.0,5040.022588388427,4132.670396867135,0.0,0.9504850129075989,0.4251039171193341
629460.0,5040.010791501441,4132.6821913076365,0.0,0.9504851065499083,0.42510528373226825
629520.0,5039.998998145727,4132.69398823245,0.0,0.9504850869348817,0.4251066503357522
629580.0,5039.987203339231,4132.70578415681,0.0,0.950485113470087,0.42510801694446093
629640.0,5039.975409792468,4132.7175809763485,0.0,0.9504850994341537,0.4251093835503916
629700.0,5039.963614435098,4132.729376544723,0.0,0.9504851430432829,0.42511075016267313
629760.0,5039.951821676471,4132.741173943636,0.0,0.9504851032607772,0.4251121167681485
629820.0,5039.940022338784,4132.752966763421,0.0,0.9504852735576803,0.42511348339452115
629880.0,5039.9282336006845,4132.7647670018705,0.0,0.9504851046182482,0.4251148499899613
629940.0,5039.9164425951585,4132.77656567642,0.0,0.9504850078127529,0.4251162165935503
630000.0,5039.904645561651,4132.788360143297,0.0,0.9504851037178031,0.4251175832154858
630060.0,5039.892849796359,4132.800155518434,0.0,0.9504851586456013,0.4251189498350916
630120.0,5039.881057494114,4132.811953322735,0.0,0.9504851026385012,0.4251203164449449
630180.0,5039.869255932061,4132.823744673279,0.0,0.9504853424768853,0.425121683083641
630240.0,5039.857469298468,4132.835546469642,0.0,0.9504851045838321,0.42512304967857395
630300.0,5039.845679476969,4132.847346058425,0.0,0.9504849682737597,0.4251244162843837
630360.0,5039.833881168393,4132.859139719879,0.0,0.9504851033494395,0.4251257829158287
630420.0,5039.822084650928,4132.870934655255,0.0,0.9504851807186747,0.4251271495433939
630480.0,5039.810293012097,4132.882733009725,0.0,0.9504851018631707,0.4251285161570107
630540.0,5039.7984928759715,4132.89452543805,0.0,0.9504852945637795,0.425129882796853
630600.0,5039.786704706231,4132.906326246636,0.0,0.9504851041896829,0.42513124940206787
630660.0,5039.774913982986,4132.918125291179,0.0,0.9504849951039516,0.4251326160162795
630720.0,5039.763116467489,4132.9299195933545,0.0,0.9504851031854273,0.4251339826511039
630780.0,5039.751320382723,4132.9417149174815,0.0,0.9504851650892853,0.4251353492831164
630840.0,5039.739528200959,4132.953512978573,0.0,0.9504851019796169,0.42513671590407165
630900.0,5039.727725586106,4132.965303765046,0.0,0.9504853722607619,0.4251380825573489
630960.0,5039.71593979433,4132.977106322862,0.0,0.9504851041822902,0.42513944916124413
631020.0,5039.704150411785,4132.9889063912415,0.0,0.9504849505785696,0.42514081577721075
631080.0,5039.692351465892,4133.000699779299,0.0,0.9504851028017068,0.4251421824220043
631140.0,5039.680554539968,4133.012494601385,0.0,0.9504851899949702,0.42514354906223917
631200.0,5039.668763112238,4133.024293276035,0.0,0.9504851011372821,0.4251449156866881
631260.0,5039.656962110277,4133.036085271059,0.0,0.9504853182984284,0.4251462823405562
631320.0,5039.645174593898,4133.047886709252,0.0,0.9504851037695122,0.4251476489552911
631380.0,5039.633384201645,4133.059686157849,0.0,0.9504849808451175,0.42514901557997864
631440.0,5039.621586155901,4133.071480261506,0.0,0.950485102648272,0.42515038222783297
631500.0,5039.609789724023,4133.0832755152405,0.0,0.9504851724134656,0.425151748872332
631560.0,5039.597997690923,4133.095073852812,0.0,0.9504851012998977,0.42515311550430335
631620.0,5039.5861979946385,4133.106866846994,0.0,0.950485275067453,0.42515448216002993
631680.0,5039.574409088095,4133.11866739936,0.0,0.9504851033897744,0.42515584878461293
631740.0,5039.562617877737,4133.1304663621195,0.0,0.9504850050155007,0.42515721541745294
631800.0,5039.55082054217,4133.1422610485515,0.0,0.9504851024760651,0.42515858206893037
631860.0,5039.539024495501,4133.154056657836,0.0,0.950485158295042,0.4251599487180153
631920.0,5039.527231967851,4133.165854735803,0.0,0.9504851013805992,0.42516131535718
631980.0,5039.515430031134,4133.177646254611,0.0,0.95048534510802,0.42516268202563384
632040.0,5039.503643263911,4133.189448389427,0.0,0.9504851033588025,0.4251640486496022
632100.0,5039.4918532575375,4133.201248280466,0.0,0.9504849648394782,0.42516541528460017
632160.0,5039.480054627166,4133.213042147497,0.0,0.9504851021057316,0.4251667819456431
632220.0,5039.468257817029,4133.224837308998,0.0,0.9504851807299737,0.4251681486027185
632280.0,5039.456465964346,4133.236635945244,0.0,0.9504851005967011,0.4251695152456091
632340.0,5039.444665477367,4133.248428558599,0.0,0.9504852964221195,0.42517088191513497
632400.0,5039.432877150048,4133.260229688685,0.0,0.9504851029622658,0.42517224854945407
632460.0,5039.421086228219,4133.272029025762,0.0,0.9504849921086171,0.425173615192892
632520.0,5039.409288404574,4133.283823543097,0.0,0.9504851019430629,0.42517498185727054
632580.0,5039.397492034966,4133.2956190988325,0.0,0.9504851648511783,0.42517634851876673
632640.0,5039.385699631431,4133.307417436066,0.0,0.9504851007190372,0.42517771516901637
632700.0,5039.373900316856,4133.319210955445,0.0,0.9504852574133704,0.42517908184079367
632760.0,5039.362110731011,4133.331011291646,0.0,0.9504851025955237,0.4251804484845691
632820.0,5039.350319066502,4133.342810195552,0.0,0.9504850138804684,0.42518181513593456
632880.0,5039.338521804324,4133.3546051921385,0.0,0.9504851041211222,0.4251831818044049
632940.0,5039.326727944424,4133.366402583539,0.0,0.9504850852168154,0.4251845484638032
633000.0,5039.314932686318,4133.378199010942,0.0,0.9504851107870315,0.42518591512827086
633060.0,5039.303138641741,4133.389996301456,0.0,0.9504850972592408,0.42518728179009513
633120.0,5039.291342852222,4133.4017923863485,0.0,0.9504851392834327,0.4251886484580765
633180.0,5039.279549566475,4133.413590235879,0.0,0.9504851009439206,0.4251900151195299
633240.0,5039.2677499409565,4133.425383672265,0.0,0.9504852650559137,0.42519138180117605
633300.0,5039.255960528648,4133.437184259262,0.0,0.950485102249103,0.4251927484530247
633360.0,5039.244168931084,4133.448983339342,0.0,0.9504850089570365,0.42519411511277916
633420.0,5039.232371447277,4133.46077831008,0.0,0.9504851038577031,0.4251954817904948
633480.0,5039.220577541748,4133.472575798843,0.0,0.950485083979755,0.4251968484586159
633540.0,5039.2087821663,4133.484372273401,0.0,0.9504851108719371,0.4251982151320191
633600.0,5039.19698806743,4133.496169655204,0.0,0.9504850966480205,0.4251995818025917
633660.0,5039.185192134041,4133.507965768673,0.0,0.950485140843472,0.425200948479587
633720.0,5039.1733988340075,4133.519763737504,0.0,0.950485100527146,0.4252023151496695
633780.0,5039.161598867754,4133.531557064639,0.0,0.9504852731120623,0.4252036818409134
633840.0,5039.149809641865,4133.543357911446,0.0,0.9504851019039521,0.4252050485007953
633900.0,5039.138018118631,4133.555157172856,0.0,0.9504850037987165,0.4252064151689156
633960.0,5039.126220487452,4133.566952169207,0.0,0.9504851009925137,0.4252077818556253
634020.0,5039.114424141509,4133.578748086006,0.0,0.950485156658682,0.4252091485399519
634080.0,5039.10263130465,4133.590546464997,0.0,0.9504850998998154,0.425210515214385
634140.0,5039.0908290852285,4133.602338302124,0.0,0.950485342960437,0.42521188191803366
634200.0,5039.079041992521,4133.614140727314,0.0,0.9504851018723786,0.42521324857731435
634260.0,5039.067251669768,4133.625940914662,0.0,0.9504849637318529,0.42521461524759857
634320.0,5039.055452747324,4133.637735093873,0.0,0.9504851006225066,0.4252159819438606
634380.0,5039.043655639953,4133.649530564168,0.0,0.9504851790315642,0.42521734863616834
634440.0,5039.031863476048,4133.661329500073,0.0,0.9504850991173746,0.42521871531432937
634500.0,5039.02006270217,4133.673122428961,0.0,0.9504852944070531,0.42522008201905825
634560.0,5039.008274053655,4133.68492385217,0.0,0.9504851014762398,0.4252214486886742
634620.0,5038.996482817917,4133.696723487115,0.0,0.9504849909257118,0.42522281536738793
634680.0,5038.984684699812,4133.7085183150175,0.0,0.9504851004595959,0.4252241820669886
634740.0,5038.972888031616,4133.720314178611,0.0,0.9504851631955231,0.4252255487637172
634800.0,5038.961095318304,4133.732112816391,0.0,0.9504850992386897,0.42522691544922986
634860.0,5038.949295713416,4133.743906649017,0.0,0.9504852555042769,0.42522828215621583
634920.0,5038.937505809812,4133.755707280531,0.0,0.9504851011098141,0.42522964883527514
634980.0,5038.925713833378,4133.767506483548,0.0,0.9504850126373148,0.42523101552190723
635040.0,5038.913916275046,4133.779301789542,0.0,0.9504851026310107,0.42523238222560056
635100.0,5038.90212210938,4133.791099484063,0.0,0.9504850837783012,0.4252337489202477
635160.0,5038.890326549433,4133.802896217141,0.0,0.9504851092784565,0.42523511561995275
635220.0,5038.878532199575,4133.814693811073,0.0,0.9504850957875557,0.42523648231702343
635280.0,5038.866736109677,4133.826490202576,0.0,0.9504851376966824,0.425237849020237
635340.0,5038.854942516472,4133.838288354087,0.0,0.9504850994619277,0.4252392157169413
635400.0,5038.843142601345,4133.850082104099,0.0,0.9504852631248475,0.4252405824337884
635460.0,5038.831352870617,4133.861882985901,0.0,0.9504851007633108,0.4252419491209171
635520.0,5038.819560960769,4133.873682364779,0.0,0.9504850077263702,0.42524331581593383
635580.0,5038.807763181269,4133.885477645147,0.0,0.9504851023672803,0.4252446825288659
635640.0,5038.795968969939,4133.897275436928,0.0,0.9504850825436078,0.42524604923223047
635700.0,5038.784173292814,4133.90907221719,0.0,0.9504851093620931,0.4252474159408652
635760.0,5038.772378888649,4133.920869902327,0.0,0.9504850951769811,0.42524878264667876
635820.0,5038.760582655121,4133.932666322484,0.0,0.9504851392513927,0.42525014935890026
635880.0,5038.748789047505,4133.944464593131,0.0,0.9504850990452638,0.4252515160642289
635940.0,5038.7369887924415,4133.956258234334,0.0,0.9504852711578056,0.4252528827906662
636000.0,5038.725199247442,4133.968059375409,0.0,0.9504851004180737,0.4252542494858247
636060.0,5038.713407411547,4133.97985893529,0.0,0.9504850025811851,0.4252556161892027
636120.0,5038.701609484929,4133.991654241357,0.0,0.9504850995089003,0.4252569829111227
636180.0,5038.689812839892,4134.003450465471,0.0,0.9504851550225856,0.4252583496306685
636240.0,5038.678019694033,4134.015249145298,0.0,0.9504850984189643,0.425259716340348
636300.0,5038.666217192053,4134.0270413005255,0.0,0.9504853408141025,0.4252610830791691
636360.0,5038.654429774099,4134.038844015926,0.0,0.9504851003858984,0.42526244977373945
636420.0,5038.642639135184,4134.050644499404,0.0,0.9504849626234477,0.4252638164792875
636480.0,5038.63083992083,4134.062438990585,0.0,0.9504850991392189,0.4252651832107464
636540.0,5038.619042516403,4134.074234769475,0.0,0.9504851773335166,0.4252665499382641
636600.0,5038.6072500414875,4134.08603400485,0.0,0.9504850976379783,0.4252679166516733
636660.0,5038.59544898087,4134.0978272490565,0.0,0.9504852923929431,0.42526928339158276
636720.0,5038.583660011387,4134.109628965217,0.0,0.9504850999901571,0.425270650096473
636780.0,5038.571868461951,4134.12142889785,0.0,0.9504849897421739,0.42527201681044025
636840.0,5038.56007004956,4134.133224036116,0.0,0.950485098976067,0.42527338354524064
636900.0,5038.548273082959,4134.14502020737,0.0,0.950485161540136,0.42527475027717937
636960.0,5038.536480060073,4134.156819145509,0.0,0.9504850977582736,0.4252761169979326
637020.0,5038.524680165033,4134.168613291173,0.0,0.9504852535960423,0.42527748374010504
637080.0,5038.512889943892,4134.180414217829,0.0,0.9504850996240471,0.42527885045442565
637140.0,5038.5010976557405,4134.1922137197735,0.0,0.9504850113936033,0.42528021717630216
637200.0,5038.489299801429,4134.204009334972,0.0,0.9504851011408507,0.42528158391519627
637260.0,5038.477505330194,4134.215807332422,0.0,0.9504850823396302,0.42528295064506993
637320.0,5038.46570946859,4134.22760437098,0.0,0.9504851077698728,0.42528431737999006
637380.0,5038.453914813645,4134.239402268141,0.0,0.9504850943157841,0.42528568411228457
637440.0,5038.442118423549,4134.251198966057,0.0,0.9504851361100843,0.42528705085070806
637500.0,5038.430324523084,4134.262997419361,0.0,0.9504850979798696,0.4252884175826414
637560.0,5038.418524318506,4134.274791482786,0.0,0.950485261194767,0.4252897843346674
637620.0,5038.406734269589,4134.286592659221,0.0,0.9504850992774619,0.42529115105705373
637680.0,5038.394942047671,4134.298392336717,0.0,0.9504850064950335,0.42529251778731036
637740.0,5038.383143972648,4134.310187926508,0.0,0.9504851008768129,0.4252938845354365
637800.0,5038.37134945571,4134.321986021114,0.0,0.950485081107275,0.4252952512740221
637860.0,5038.359553477094,4134.333783106884,0.0,0.9504851078522552,0.42529661801786606
637920.0,5038.347758767829,4134.345581095161,0.0,0.9504850937058471,0.42529798475889824
637980.0,5038.3359622343405,4134.357377821809,0.0,0.9504851376595342,0.4252993515063235
638040.0,5038.324168319342,4134.369176394087,0.0,0.9504850975633146,0.4253007182468757
638100.0,5038.312367775616,4134.38097034914,0.0,0.9504852692048473,0.4253020850084843
638160.0,5038.300577911741,4134.392771784321,0.0,0.9504850989321395,0.4253034517388969
638220.0,5038.288785763406,4134.404571642498,0.0,0.9504850013627636,0.42530481847751056
638280.0,5038.276987541511,4134.41636725807,0.0,0.9504850980252243,0.4253061852346185
638340.0,5038.265190597554,4134.428163789298,0.0,0.9504851533869678,0.4253075519893615
638400.0,5038.253397142898,4134.439962769783,0.0,0.9504850969380401,0.4253089187342651
638460.0,5038.241594358473,4134.451755242868,0.0,0.9504853386701559,0.42531028550823674
638520.0,5038.229806615542,4134.463558248337,0.0,0.9504850988993662,0.42531165223807443
638580.0,5038.218015660703,4134.475359027784,0.0,0.9504849615135484,0.42531301897886403
638640.0,5038.206216154588,4134.487153830716,0.0,0.9504850976558673,0.4253143857454975
638700.0,5038.194418453273,4134.498949917994,0.0,0.9504851756361836,0.42531575250820325
638760.0,5038.1826256675595,4134.510749452665,0.0,0.9504850961585042,0.4253171192568384
638820.0,5038.170824320332,4134.522543011959,0.0,0.9504852903806275,0.4253184860319066
638880.0,5038.159035030131,4134.5343450209175,0.0,0.9504850985040201,0.42531985277204876
638940.0,5038.147243167226,4134.54614525107,0.0,0.9504849885574764,0.4253212195212472
639000.0,5038.135444460706,4134.5579406994875,0.0,0.950485097492475,0.4253225862912252
639060.0,5038.12364719587,4134.569737178195,0.0,0.9504851598853401,0.425323953058352
639120.0,5038.111853863621,4134.581536416514,0.0,0.950485096277783,0.42532531981432364
639180.0,5038.100050019437,4134.593328319761,0.0,0.9504853686930725,0.42532668660287165
639240.0,5038.088263125712,4134.605132091909,0.0,0.9504850984984841,0.4253280533416201
639300.0,5038.076472614163,4134.616933353844,0.0,0.9504849436824374,0.4253294200925247
639360.0,5038.064672466924,4134.628727880019,0.0,0.9504850971076398,0.4253307868724916
639420.0,5038.052874355069,4134.640523851979,0.0,0.9504851849895958,0.425332153647846
639480.0,5038.041081783067,4134.652323708397,0.0,0.9504850954307131,0.42533352040727684
639540.0,5038.029285820603,4134.6641212074055,0.0,0.9504851140928753,0.425334887177777
639600.0,5038.017491227865,4134.675919678842,0.0,0.9504850886569864,0.42533625394513686
639660.0,5038.0056954153715,4134.687717311025,0.0,0.9504851019881453,0.42533762071706727
639720.0,5037.993901315266,4134.699516156345,0.0,0.9504850602375521,0.42533898748490023
639780.0,5037.982104717468,4134.711313267184,0.0,0.9504850981704113,0.42534035426103506
639840.0,5037.970314379531,4134.723114779821,0.0,0.95048493536559,0.42534172101999546
639900.0,5037.958513908984,4134.73490920863,0.0,0.9504850967120343,0.42534308780949365
639960.0,5037.946715579489,4134.74670515723,0.0,0.9504851891321734,0.42534445459406534
640020.0,5037.9349230759035,4134.758505190658,0.0,0.9504850949528083,0.4253458213618643
640080.0,5037.923127007389,4134.770302744467,0.0,0.9504851145803519,0.4253471881412501
640140.0,5037.911332379691,4134.782101320501,0.0,0.9504850878337099,0.42534855491728424
640200.0,5037.899536469746,4134.793899013506,0.0,0.9504851018550888,0.4253499216980745
640260.0,5037.887742360985,4134.805697981844,0.0,0.9504850579516525,0.42535128847450343
640320.0,5037.875945626078,4134.817495125719,0.0,0.9504850978445583,0.42535265525961563
640380.0,5037.864155474643,4134.829296898074,0.0,0.9504849266384547,0.42535402202659217
640440.0,5037.85235466803,4134.841091220545,0.0,0.9504850963151613,0.4253553888256581
640500.0,5037.84055611359,4134.852887140643,0.0,0.9504851935078626,0.42535675561946734
640560.0,5037.828763605365,4134.8646872995,0.0,0.9504850970546387,0.4253581223958195
640620.0,5037.81696979797,4134.876486570569,0.0,0.950485041777569,0.42535948917745026
640680.0,5037.8051725030955,4134.88828340852,0.0,0.950485097973841,0.4253608559699368
640740.0,5037.79338448435,4134.900086759625,0.0,0.9504848568886233,0.4253622227362984
640800.0,5037.7815814623345,4134.911879617473,0.0,0.9504850958537292,0.4253635895476501
640860.0,5037.7697816170585,4134.923674720072,0.0,0.9504852327427451,0.42536495635100174
640920.0,5037.7579902880125,4134.935475790293,0.0,0.9504850969287738,0.42536632312956774
640980.0,5037.746197134583,4134.947275605109,0.0,0.950485019101371,0.4253676899149705
641040.0,5037.734399071803,4134.9590719915695,0.0,0.9504850982569166,0.42536905671544756
641100.0,5037.722609525597,4134.970874354392,0.0,0.9504849045383125,0.4253704234916952
641160.0,5037.710807945006,4134.9826683069305,0.0,0.9504850957537728,0.425371790304483
641220.0,5037.69900890394,4134.994464058307,0.0,0.9504852052863126,0.425373157111161
641280.0,5037.6872166767525,4135.006264585999,0.0,0.9504850965975625,0.4253745238981031
641340.0,5037.675422987167,4135.018064111599,0.0,0.9504850343105629,0.425375890690808
641400.0,5037.66362536819,4135.02986089463,0.0,0.9504850976438857,0.42537725749568017
641460.0,5037.651838203842,4135.04166501607,0.0,0.950484825968083,0.425378624270929
641520.0,5037.640034133189,4135.053457311618,0.0,0.950485095265179,0.4253799910968169
641580.0,5037.628233643936,4135.065252135281,0.0,0.9504852495318976,0.42538135791350323
641640.0,5037.616442751973,4135.0770536836,0.0,0.9504850964871226,0.4253827247021947
641700.0,5037.604649805755,4135.08885381554,0.0,0.950485008787914,0.42538409149840484
641760.0,5037.592851327869,4135.100650083329,0.0,0.9504850979942855,0.42538545831153673
641820.0,5037.581056212036,4135.112448719573,0.0,0.9504850793060658,0.4253868251157047
641880.0,5037.569259714418,4135.12424640253,0.0,0.9504851045828732,0.4253881919248944
641940.0,5037.557464415935,4135.136044939143,0.0,0.9504850912095748,0.4253895587314781
642000.0,5037.545667393019,4135.147842283515,0.0,0.9504851327518746,0.42539092554415975
642060.0,5037.533872844259,4135.159641373115,0.0,0.9504850948510858,0.42539229235039266
642120.0,5037.522072030414,4135.171436098387,0.0,0.9504852570825598,0.42539365917660865
642180.0,5037.510281309238,4135.183237895375,0.0,0.9504850961403578,0.4253950259733585
642240.0,5037.498488428473,4135.195038202186,0.0,0.9504850039165917,0.42539639277793956
642300.0,5037.486689730873,4135.206834445055,0.0,0.950485097729571,0.4253977596002892
642360.0,5037.474894569254,4135.21863317823,0.0,0.9504850780788683,0.42539912641315814
642420.0,5037.463097954979,4135.230430908464,0.0,0.9504851046624914,0.42540049323125917
642480.0,5037.451302602143,4135.242229536003,0.0,0.9504850906010454,0.4254018600465689
642540.0,5037.439505436353,4135.25402690928,0.0,0.9504851342897214,0.42540322686823934
642600.0,5037.427710872778,4135.265826117504,0.0,0.9504850944347725,0.4254045936830807
642660.0,5037.415909721517,4135.277620735372,0.0,0.9504852650421716,0.4254059605188631
642720.0,5037.404119183869,4135.289422789945,0.0,0.9504850957948484,0.42540732732363185
642780.0,5037.392326375861,4135.301223276729,0.0,0.9504849988129391,0.42540869413656074
642840.0,5037.380527531928,4135.313019545569,0.0,0.9504850948928926,0.4254100609678793
642900.0,5037.368729957953,4135.324816724802,0.0,0.950485149920884,0.4254114277968531
642960.0,5037.356935851623,4135.336616339088,0.0,0.9504850938117535,0.4254127946160465
643020.0,5037.345132473312,4135.348409483825,0.0,0.9504853340874586,0.4254141614641466
643080.0,5037.333344043207,4135.360213099787,0.0,0.9504850957607609,0.4254155282683699
643140.0,5037.321552421048,4135.372014502715,0.0,0.9504849592022889,0.4254168950834883
643200.0,5037.309752300619,4135.383809963862,0.0,0.9504850945242488,0.42541826192430354
643260.0,5037.2979539737335,4135.39560670195,0.0,0.9504851720345953,0.42541962876122014
643320.0,5037.2861605319495,4135.40740686743,0.0,0.9504850930354011,0.4254209955841498
643380.0,5037.2743585816925,4135.419201092276,0.0,0.9504852860874203,0.4254223624333645
643440.0,5037.262568613666,4135.431003717746,0.0,0.9504850953662849,0.425423729247859
643500.0,5037.250776088826,4135.442804574795,0.0,0.9504849860817777,0.4254250960713636
643560.0,5037.238976762783,4135.454600677903,0.0,0.9504850943603292,0.4254264629155299
643620.0,5037.227178869425,4135.466397805374,0.0,0.9504851563771035,0.42542782975686805
643680.0,5037.215384884247,4135.478197676448,0.0,0.9504850931524503,0.4254291965871178
643740.0,5037.203580452255,4135.489990255109,0.0,0.9504853639265668,0.4254305634497621
643800.0,5037.191792865596,4135.501794633756,0.0,0.950485095359271,0.42543193026289666
643860.0,5037.180001683488,4135.513596516823,0.0,0.950484941475517,0.4254332970881238
643920.0,5037.168200925407,4135.525391703273,0.0,0.9504850939763007,0.4254346639422476
643980.0,5037.156402190036,4135.5371883271655,0.0,0.9504851813286577,0.42543603079179193
644040.0,5037.144608960149,4135.548988812976,0.0,0.9504850923089708,0.4254373976255071
644100.0,5037.132806143418,4135.5607826028345,0.0,0.9504853098663585,0.4254387644887091
644160.0,5037.121016830142,4135.572585858818,0.0,0.9504850949461325,0.42544013131267366
644220.0,5037.109224637252,4135.584387120282,0.0,0.9504849717975279,0.42544149814660676
644280.0,5037.09742478077,4135.596183023756,0.0,0.9504850938229776,0.4254428650037621
644340.0,5037.085626540352,4135.6079800800335,0.0,0.9504851637155494,0.4254442318575444
644400.0,5037.073832704554,4135.619780227635,0.0,0.9504850924722731,0.4254455986987641
644460.0,5037.062031195476,4135.631575018765,0.0,0.9504852665571174,0.4254469655637924
644520.0,5037.050240490461,4135.643377386457,0.0,0.9504850945660948,0.425448332397593
644580.0,5037.038447478643,4135.6551781605895,0.0,0.9504849960123296,0.42544969923966225
644640.0,5037.026648333536,4135.6669746479465,0.0,0.9504850936508483,0.42545106610041294
644700.0,5037.014850479094,4135.678772060326,0.0,0.9504851495717428,0.42545243295875607
644760.0,5037.003056148351,4135.690571947375,0.0,0.9504850925535142,0.4254537998071505
644820.0,5036.991252396156,4135.702365259208,0.0,0.9504853367257474,0.4254551666848991
644880.0,5036.979463833542,4135.71416921289,0.0,0.9504850945354575,0.4254565335180465
644940.0,5036.967672027556,4135.725970917249,0.0,0.9504849557634569,0.4254579003622424
645000.0,5036.955871586186,4135.737766582896,0.0,0.950485093280231,0.4254592672325461
645060.0,5036.944072967522,4135.749563546087,0.0,0.9504851720480333,0.42546063409886303
645120.0,5036.932279312895,4135.7613639924675,0.0,0.9504850917685769,0.4254620009509559
645180.0,5036.920477012592,4135.773158401217,0.0,0.9504852879515151,0.42546336782974487
645240.0,5036.908686888077,4135.784961347414,0.0,0.9504850941385896,0.42546473467323254
645300.0,5036.896894165684,4135.796762496146,0.0,0.9504849830827176,0.42546610152585307
645360.0,5036.885094532365,4135.8085588133645,0.0,0.9504850931176575,0.4254674683994641
645420.0,5036.87329635507,4135.820356171437,0.0,0.9504851561406278,0.425468835270176
645480.0,5036.861502149119,4135.832156317758,0.0,0.9504850918915292,0.4254702021296097
645540.0,5036.849701023031,4135.843951634425,0.0,0.950485248871918,0.42547156901061867
645600.0,5036.837909638584,4135.855753784481,0.0,0.9504850937715701,0.4254729358635498
645660.0,5036.826116172786,4135.867554498673,0.0,0.9504850048946959,0.42547430272408066
645720.0,5036.814317101936,4135.8793512959965,0.0,0.9504850953000834,0.4254756696017566
645780.0,5036.80252143791,4135.8911504939115,0.0,0.9504850763613418,0.4254770364703307
645840.0,5036.790724373869,4135.902948725433,0.0,0.9504851019782901,0.4254784033439812
645900.0,5036.778928525009,4135.914747822117,0.0,0.9504850884258743,0.42547977021497535
645960.0,5036.767130928941,4135.926545710184,0.0,0.9504851305268427,0.4254811370921361
646020.0,5036.7553358399955,4135.938345367143,0.0,0.9504850921174102,0.4254825039627465
646080.0,5036.743534402951,4135.950140600123,0.0,0.950485256529076,0.4254838708535915
646140.0,5036.731743192656,4135.961943001117,0.0,0.950485093425106,0.4254852377145606
646200.0,5036.719949794277,4135.973743891443,0.0,0.9504849999628248,0.42548660458344634
646260.0,5036.7081505018905,4135.985540662384,0.0,0.9504850950367728,0.42548797147033557
646320.0,5036.696354792564,4135.99733995743,0.0,0.9504850751226025,0.4254893383475993
646380.0,5036.684557611411,4136.0091382357505,0.0,0.9504851020639439,0.4254907052301524
646440.0,5036.67276170857,4136.0209374234755,0.0,0.9504850878141244,0.4254920721098617
646500.0,5036.660963968829,4136.03273533972,0.0,0.9504851320903406,0.4254934389960036
646560.0,5036.649168865971,4136.044535115798,0.0,0.9504850917004621,0.42549480587520966
646620.0,5036.637367088121,4136.056330238786,0.0,0.9504852646006963,0.42549617277562146
646680.0,5036.62557606489,4136.068132899757,0.0,0.9504850930799139,0.42549753964458886
646740.0,5036.613782741332,4136.079933971387,0.0,0.9504849947955107,0.4254989065218062
646800.0,5036.601983301759,4136.091730767529,0.0,0.9504850921669414,0.42550027341765717
646860.0,5036.590185149187,4136.103528486287,0.0,0.9504851479348468,0.4255016403111095
646920.0,5036.578390510373,4136.115328673213,0.0,0.9504850910723782,0.42550300719464024
646980.0,5036.566586476629,4136.127122302248,0.0,0.9504853345770172,0.4255043741074512
647040.0,5036.554797589658,4136.138926545138,0.0,0.950485093048675,0.42550574097577865
647100.0,5036.543005468427,4136.15072854465,0.0,0.9504849546558845,0.4255071078551286
647160.0,5036.531204736131,4136.162524521347,0.0,0.9504850917966509,0.425508474760519
647220.0,5036.51940582138,4136.174321792199,0.0,0.9504851703490022,0.4255098416619359
647280.0,5036.507611856669,4136.186122537083,0.0,0.9504850902889007,0.4255112085491671
647340.0,5036.495809270625,4136.197917260241,0.0,0.950485285935409,0.42551257546302645
647400.0,5036.484018826042,4136.209720498395,0.0,0.9504850926522055,0.42551394234167855
647460.0,5036.472225790874,4136.221521943843,0.0,0.950484981899794,0.4255153092294425
647520.0,5036.460425864239,4136.233318570502,0.0,0.9504850916338352,0.4255166761381431
647580.0,5036.448627389504,4136.245116235297,0.0,0.9504851544844274,0.4255180430439551
647640.0,5036.4368328749115,4136.256916681015,0.0,0.9504850904108295,0.4255194099385195
647700.0,5036.42503145966,4136.268712309805,0.0,0.9504852469620015,0.42552077685460493
647760.0,5036.413239758585,4136.280514754018,0.0,0.9504850922855032,0.4255221437426874
647820.0,5036.401445981998,4136.292315766171,0.0,0.9504850036514356,0.42552351063835275
647880.0,5036.3896466161395,4136.30411287177,0.0,0.9504850938096098,0.4255248775511192
647940.0,5036.377850647487,4136.315912371661,0.0,0.9504850749225177,0.42552624445481
648000.0,5036.36605328275,4136.327710907717,0.0,0.9504851004693348,0.4255276113635657
648060.0,5036.354257129748,4136.339510306677,0.0,0.9504850869538461,0.4255289782696741
648120.0,5036.342459234443,4136.351308500218,0.0,0.9504851289396324,0.4255303451819346
648180.0,5036.33066383918,4136.363108458014,0.0,0.9504850906350635,0.4255317120876637
648240.0,5036.318862113675,4136.374904003492,0.0,0.9504852545972582,0.4255330790135775
648300.0,5036.3070705861,4136.386706698138,0.0,0.9504850919389564,0.4255344459096945
648360.0,5036.295276876578,4136.398507886112,0.0,0.9504849987320034,0.42553581281371045
648420.0,5036.283477289641,4136.410304965549,0.0,0.9504850935459895,0.42553717973568367
648480.0,5036.27168127565,4136.422104562469,0.0,0.950485073686133,0.4255385466480587
648540.0,5036.259883793962,4136.433903145354,0.0,0.950485100553726,0.42553991356571114
648600.0,5036.248087586967,4136.445702635268,0.0,0.9504850863427381,0.42554128048052925
648660.0,5036.236289548223,4136.457500857061,0.0,0.950485130497832,0.4255426474017651
648720.0,5036.224494138919,4136.469300933814,0.0,0.9504850902182256,0.42554401431608485
648780.0,5036.2126920734045,4136.481096369742,0.0,0.9504852626457662,0.42554538125155783
648840.0,5036.200900732197,4136.492899323829,0.0,0.9504850915936784,0.4255467481556697
648900.0,5036.189107097119,4136.5047006927825,0.0,0.9504849935777714,0.4255481150680127
648960.0,5036.177307363246,4136.5164977975055,0.0,0.9504850906829724,0.4255494819989413
649020.0,5036.165508912721,4136.52829582244,0.0,0.950485146298373,0.42555084892748074
649080.0,5036.153713966047,4136.540096309059,0.0,0.950485089591172,0.4255522158461254
649140.0,5036.141909650883,4136.551890255063,0.0,0.9504853324301592,0.4255535827939767
649200.0,5036.130120439809,4136.563694787009,0.0,0.9504850915618385,0.4255549496974618
649260.0,5036.118328003559,4136.575497081502,0.0,0.950484953547228,0.42555631661194343
649320.0,5036.106526980498,4136.587293369035,0.0,0.9504850903130078,0.4255576835523984
649380.0,5036.094727769831,4136.599090947344,0.0,0.9504851686505517,0.42555905048889303
649440.0,5036.082933495248,4136.610891990553,0.0,0.9504850888091496,0.4255604174112401
649500.0,5036.071130623602,4136.622687027898,0.0,0.9504852839208107,0.42556178436014785
649560.0,5036.059339859196,4136.6344905578535,0.0,0.9504850911657664,0.42556315127394223
649620.0,5036.047546511477,4136.6462922998435,0.0,0.9504849807159338,0.4255645181968274
649680.0,5036.035746291697,4136.658089235727,0.0,0.9504850901499508,0.4255658851405953
649740.0,5036.023947519695,4136.669887207042,0.0,0.9504851528286737,0.42556725208148516
649800.0,5036.012152696672,4136.6816879519765,0.0,0.9504850889300583,0.42556861901115783
649860.0,5036.000350992407,4136.693483892668,0.0,0.9504852450533179,0.42556998596229745
649920.0,5035.988558974939,4136.705286630872,0.0,0.9504850907993799,0.4255713528855092
649980.0,5035.976764887777,4136.717087940807,0.0,0.9504850024074495,0.4255727198162867
650040.0,5035.964965227079,4136.728885354471,0.0,0.9504850923190922,0.42557408676412156
650100.0,5035.953168954,4136.740685156151,0.0,0.9504850734835082,0.42557545370290656
650160.0,5035.941371288748,4136.752483996546,0.0,0.9504850989603859,0.425576820646745
650220.0,5035.9295748318,4136.764283697593,0.0,0.9504850854817235,0.42557818758794524
650280.0,5035.917776637439,4136.7760821964075,0.0,0.9504851273526403,0.4255795545352834
650340.0,5035.90598093606,4136.78788245485,0.0,0.9504850891526508,0.425580921476109
650400.0,5035.894178922247,4136.79967831261,0.0,0.9504852526665599,0.4255822884370693
650460.0,5035.882387077621,4136.811481300737,0.0,0.9504850904527508,0.42558365536831183
650520.0,5035.87059305717,4136.823282786181,0.0,0.9504849975004541,0.42558502230743533
650580.0,5035.858793175853,4136.835080173906,0.0,0.9504850920551627,0.4255863892644702
650640.0,5035.846996857397,4136.8468800725095,0.0,0.9504850722494758,0.425587756211934
650700.0,5035.835199075362,4136.858678959759,0.0,0.9504850990435159,0.4255891231646635
650760.0,5035.823402564409,4136.870478751672,0.0,0.9504850848712568,0.42559049011456784
650820.0,5035.811604226848,4136.882277278817,0.0,0.9504851289055478,0.4255918570708753
650880.0,5035.799808511303,4136.894077656057,0.0,0.9504850887359227,0.42559322402028643
650940.0,5035.788006158275,4136.905873404707,0.0,0.9504852606920171,0.4255945909907983
651000.0,5035.776214499328,4136.91767665174,0.0,0.9504850901073869,0.42559595793003197
651060.0,5035.764420552942,4136.9294783178375,0.0,0.9504849923593315,0.42559732487747826
651120.0,5035.7526205249405,4136.941275730934,0.0,0.9504850891989419,0.4255986918434626
651180.0,5035.740821776643,4136.953074061847,0.0,0.9504851446621527,0.4256000588070668
651240.0,5035.729026522311,4136.964874847974,0.0,0.9504850881098975,0.4256014257608033
651300.0,5035.717221925863,4136.9766691107225,0.0,0.9504853302849001,0.42560279274367263
651360.0,5035.705432390933,4136.988473931566,0.0,0.9504850900749474,0.42560415968229287
651420.0,5035.693639639889,4137.000276520869,0.0,0.9504849524375301,0.4256055266318837
651480.0,5035.6818383262225,4137.012073119026,0.0,0.9504850888293022,0.4256068936073808
651540.0,5035.670038819816,4137.02387100459,0.0,0.9504851669525349,0.42560826057893103
651600.0,5035.658244235573,4137.0356723459445,0.0,0.9504850873293269,0.42560962753637177
651660.0,5035.646441078472,4137.047467697259,0.0,0.950485281907469,0.4256109945203058
651720.0,5035.634649994477,4137.059271518847,0.0,0.9504850896792716,0.42561236146921994
651780.0,5035.622856334419,4137.071073557201,0.0,0.9504849795313042,0.4256137284272041
651840.0,5035.6110558216615,4137.082870802106,0.0,0.9504850886660042,0.4256150954060172
651900.0,5035.599256752573,4137.094669079744,0.0,0.9504851511732303,0.4256164623819629
651960.0,5035.587461621325,4137.106470123704,0.0,0.9504850874492183,0.42561782934672165
652020.0,5035.575659628205,4137.1182663760865,0.0,0.9504852431455288,0.42561919633289325
652080.0,5035.5638672945715,4137.130069408109,0.0,0.9504850893132002,0.4256205632912115
652140.0,5035.552072897046,4137.141871015646,0.0,0.9504850011628148,0.4256219302570789
652200.0,5035.540272941683,4137.1536687371745,0.0,0.9504850908285285,0.42562329723996023
652260.0,5035.528476364369,4137.165468840453,0.0,0.9504850720443246,0.42562466421381717
652320.0,5035.516678398792,4137.177267984992,0.0,0.9504850974514375,0.4256260311927162
652380.0,5035.504881638092,4137.1890679879325,0.0,0.9504850840095094,0.4256273981689857
652440.0,5035.493083144859,4137.200866791825,0.0,0.9504851257658467,0.4256287651513793
652500.0,5035.4812871375625,4137.21266735073,0.0,0.9504850876701719,0.4256301321272793
652560.0,5035.469484835595,4137.224463520556,0.0,0.950485250736977,0.42563149912326403
652620.0,5035.457692674149,4137.236266801996,0.0,0.9504850889664889,0.4256328660896096
652680.0,5035.445898342982,4137.248068584732,0.0,0.9504849962681807,0.42563423306381853
652740.0,5035.434098167455,4137.259866280539,0.0,0.9504850905642918,0.4256356000558929
652800.0,5035.42230154473,4137.271666480638,0.0,0.9504850708126321,0.4256369670384235
652860.0,5035.410503462534,4137.283465672058,0.0,0.9504850975333125,0.4256383340262079
652920.0,5035.398706647817,4137.295265765777,0.0,0.950485083399681,0.4256397010111763
652980.0,5035.386908011622,4137.307064598075,0.0,0.950485127313485,0.42564106800253304
653040.0,5035.375111990035,4137.3188652756135,0.0,0.9504850872535533,0.4256424349870133
653100.0,5035.363309349641,4137.330661336767,0.0,0.9504852587395163,0.4256438019925419
653160.0,5035.3515173731885,4137.342464876585,0.0,0.9504850886210396,0.4256451689668752
653220.0,5035.339723115715,4137.35426683965,0.0,0.950484991140063,0.42564653594940244
653280.0,5035.32792279375,4137.366064560913,0.0,0.9504850877148491,0.42564790295042026
653340.0,5035.316123747857,4137.377863197603,0.0,0.950485143026351,0.425649269949067
653400.0,5035.304328186073,4137.389664283056,0.0,0.9504850866285528,0.4256506369378729
653460.0,5035.292523308471,4137.4014588623195,0.0,0.9504853281414467,0.4256520039557383
653520.0,5035.280733449943,4137.413263971905,0.0,0.9504850885880025,0.4256533709294715
653580.0,5035.268940384332,4137.425066855848,0.0,0.9504849513266761,0.4256547379141492
653640.0,5035.257138780214,4137.436863764416,0.0,0.9504850873455333,0.4256561049246666
653700.0,5035.245338978237,4137.448661957027,0.0,0.9504851652551246,0.42565747193125014
653760.0,5035.2335440845445,4137.460463596347,0.0,0.9504850858494294,0.42565883892376205
653820.0,5035.2217406421305,4137.472259261406,0.0,0.9504852798955741,0.4256602059427002
653880.0,5035.209949238791,4137.484063374465,0.0,0.9504850881927217,0.4256615729267117
653940.0,5035.198155266618,4137.495865709009,0.0,0.9504849783457086,0.42566293991977233
654000.0,5035.186354461042,4137.507663262722,0.0,0.9504850871819954,0.4256643069336086
654060.0,5035.174555095041,4137.5194618464775,0.0,0.9504851495182716,0.42566567394458765
654120.0,5035.162759655776,4137.5312631892875,0.0,0.9504850859683064,0.4256670409444102
654180.0,5035.1509537202855,4137.543057198395,0.0,0.9504853581367259,0.4256684079768001
654240.0,5035.1391647099945,4137.55486307409,0.0,0.9504850881868976,0.42566977495939257
654300.0,5035.1273720873105,4137.566666440005,0.0,0.9504849335110421,0.42567114195413397
654360.0,5035.115569843309,4137.578463071445,0.0,0.9504850867972157,0.42567250897793296
654420.0,5035.103769631697,4137.590261148337,0.0,0.9504851745995037,0.42567387599711365
654480.0,5035.091974951695,4137.602063108914,0.0,0.95048508512171,0.42567524300037
654540.0,5035.08017688631,4137.613862712502,0.0,0.9504851037669212,0.42567661001469026
654600.0,5035.068380188633,4137.625663288295,0.0,0.9504850783540186,0.4256779770258662
654660.0,5035.056582273043,4137.637463024963,0.0,0.9504850916730575,0.4256793440416081
654720.0,5035.044786067315,4137.649263974496,0.0,0.9504850499602072,0.4256807110532485
654780.0,5035.032987367639,4137.661063189848,0.0,0.9504850878586827,0.4256820780731862
654840.0,5035.021194918534,4137.672866806102,0.0,0.950484925201097,0.4256834450759448
654900.0,5035.009392351924,4137.684663339868,0.0,0.9504850864015277,0.42568481210923653
654960.0,5034.997591923216,4137.696461393084,0.0,0.9504851787379713,0.42568617913759577
655020.0,5034.985797311747,4137.708263530321,0.0,0.9504850846437967,0.42568754614918125
655080.0,5034.973999140688,4137.72006318838,0.0,0.9504851042535274,0.42568891317234847
655140.0,5034.9622024083255,4137.731863868433,0.0,0.9504850775310422,0.42569028019216015
655200.0,5034.950404395648,4137.74366366559,0.0,0.9504850915396845,0.42569164721672337
655260.0,5034.938608181496,4137.755464737802,0.0,0.9504850476759155,0.42569301423692124
655320.0,5034.9268093451365,4137.767263985866,0.0,0.9504850875326853,0.4256943812657977
655380.0,5034.915017082477,4137.779067861469,0.0,0.9504849164813765,0.4256957482765339
655440.0,5034.903214180523,4137.790864288601,0.0,0.9504850860045743,0.4256971153193546
655500.0,5034.891413527425,4137.802662313002,0.0,0.950485183109256,0.4256984823569128
655560.0,5034.8796189115465,4137.814464575326,0.0,0.9504850867432848,0.42569984937701333
655620.0,5034.867822998471,4137.826265949983,0.0,0.9504850315161503,0.4257012164023857
655680.0,5034.856023603122,4137.838064891968,0.0,0.9504850876615584,0.4257025834386105
655740.0,5034.844233470124,4137.849870345808,0.0,0.9504848467942772,0.42570395044870657
655800.0,5034.832428356209,4137.86166530838,0.0,0.9504850855432664,0.42570531750378665
655860.0,5034.820626414342,4137.873462515224,0.0,0.9504852223084289,0.42570668455086114
655920.0,5034.808832976035,4137.885265688526,0.0,0.950485086617241,0.4257080515731501
655980.0,5034.797037716097,4137.897067606612,0.0,0.9504850088601585,0.42570941860226874
656040.0,5034.785237554132,4137.908866096981,0.0,0.9504850879440854,0.4257107856464582
656100.0,5034.77344589609,4137.920670562529,0.0,0.950484894400508,0.4257121526664157
656160.0,5034.761642221598,4137.932466619372,0.0,0.9504850854431071,0.4257135197229067
656220.0,5034.749841082888,4137.944264474654,0.0,0.9504851948766044,0.425714886773282
656280.0,5034.738046747929,4137.9560671053205,0.0,0.9504850862860363,0.4257162538039209
656340.0,5034.726250952782,4137.967868734034,0.0,0.9504850240552891,0.42571762084031584
656400.0,5034.714451234107,4137.979667620683,0.0,0.9504850873313163,0.42571898788887486
656460.0,5034.702661954536,4137.991473844289,0.0,0.9504848159009032,0.4257203549078068
656520.0,5034.690855793839,4138.0032682442425,0.0,0.9504850849546619,0.4257217219773713
656580.0,5034.679053209247,4138.015065171777,0.0,0.9504852390818571,0.42572308903772876
656640.0,5034.667260207667,4138.026868822663,0.0,0.9504850861754032,0.42572445607009185
656700.0,5034.655465154927,4138.038671057388,0.0,0.9504849985554127,0.42572582310996654
656760.0,5034.643664578767,4138.050469428682,0.0,0.9504850876811063,0.4257271901667592
656820.0,5034.631867359684,4138.0622701679395,0.0,0.9504850690097253,0.42572855721458436
656880.0,5034.620068760896,4138.074069954058,0.0,0.9504850942636444,0.42572992426742673
656940.0,5034.608271359484,4138.085870593634,0.0,0.9504850809023796,0.42573129131765897
657000.0,5034.596472236228,4138.09767004116,0.0,0.950485122407111,0.42573265837398433
657060.0,5034.584675583472,4138.10947123355,0.0,0.9504850845405026,0.4257340254238576
657120.0,5034.572872674985,4138.121268062388,0.0,0.950485246625479,0.42573539249370607
657180.0,5034.561079844163,4138.1330719615835,0.0,0.9504850858285128,0.4257367595340888
657240.0,5034.549284857002,4138.144874370829,0.0,0.9504849936879934,0.4257381265822959
657300.0,5034.537484061677,4138.156672716889,0.0,0.9504850874161931,0.4257394936482677
657360.0,5034.525686797095,4138.168473552741,0.0,0.9504850677831836,0.42574086070475525
657420.0,5034.513888082044,4138.180273385809,0.0,0.9504850943427584,0.42574222776647036
657480.0,5034.502090626581,4138.192074115974,0.0,0.9504850802939566,0.4257435948253901
657540.0,5034.490291360883,4138.203873592078,0.0,0.9504851239431606,0.42574496189066563
657600.0,5034.478494693553,4138.215674902748,0.0,0.9504850841241258,0.42574632894910874
657660.0,5034.4666914483705,4138.227471623883,0.0,0.950485254577558,0.4257476960284849
657720.0,5034.454898801029,4138.239275780294,0.0,0.9504850854828767,0.42574906307684773
657780.0,5034.44310388674,4138.251078369159,0.0,0.9504849885884742,0.4257504301333639
657840.0,5034.43130294552,4138.262876740862,0.0,0.9504850845816373,0.42575179720826617
657900.0,5034.4195032724,4138.274676022734,0.0,0.9504851395599401,0.4257531642808175
657960.0,5034.4077070617805,4138.286477739177,0.0,0.9504850835013761,0.42575453134358693
658020.0,5034.395901593006,4138.298272987245,0.0,0.9504853235603046,0.42575589843525463
658080.0,5034.384111050222,4138.310078704538,0.0,0.9504850854485276,0.4257572654830468
658140.0,5034.372317320165,4138.321882209161,0.0,0.9504849490132062,0.425758632541727
658200.0,5034.36051510449,4138.33367977311,0.0,0.9504850842130338,0.4257599996260997
658260.0,5034.348714679728,4138.345478613706,0.0,0.9504851616533896,0.42576136670656783
658320.0,5034.336919132814,4138.357280881026,0.0,0.950485082725432,0.4257627337730479
658380.0,5034.325115090104,4138.369077208799,0.0,0.9504852756033205,0.42576410086580635
658440.0,5034.313323011835,4138.380881935578,0.0,0.9504850850541153,0.4257654679238436
658500.0,5034.301528380589,4138.392684894216,0.0,0.9504849758680826,0.4257668349908842
658560.0,5034.289726958264,4138.404483099791,0.0,0.9504850840489696,0.42576820207858257
658620.0,5034.277926966531,4138.416282329485,0.0,0.950485146009747,0.4257695691634467
658680.0,5034.266130877182,4138.428084302241,0.0,0.9504850828420831,0.42577093623722095
658740.0,5034.254324356588,4138.439878983915,0.0,0.9504853533718826,0.425772303343381
658800.0,5034.24253465629,4138.451685463319,0.0,0.9504850850468152,0.4257736704000332
658860.0,5034.230741365926,4138.463489447567,0.0,0.9504849313017902,0.4257750374687707
658920.0,5034.218938513843,4138.475286736449,0.0,0.9504850836649952,0.4257764045664005
658980.0,5034.2071376814965,4138.487085462447,0.0,0.9504851709384479,0.4257777716594448
659040.0,5034.195342346459,4138.498888049612,0.0,0.9504850819990733,0.425779138736659
659100.0,5034.183537438865,4138.510683942057,0.0,0.9504852993600476,0.42578050584335303
659160.0,5034.17174601466,4138.522489298799,0.0,0.9504850846337564,0.42578187291080927
659220.0,5034.15995171516,4138.534292661346,0.0,0.9504849615963029,0.4257832399882268
659280.0,5034.148149763485,4138.546090666905,0.0,0.9504850835115182,0.42578460708886257
659340.0,5034.136349425506,4138.557889824995,0.0,0.9504851533409021,0.4257859741861193
659400.0,5034.1245534856025,4138.5696920738,0.0,0.9504850821619363,0.42578734127081214
659460.0,5034.112749883868,4138.581488967117,0.0,0.9504852560894911,0.4257887083793071
659520.0,5034.100957070138,4138.593293435518,0.0,0.9504850842537689,0.4257900754565732
659580.0,5034.089161953076,4138.605096310611,0.0,0.9504849857889717,0.425791442542101
659640.0,5034.077360711861,4138.6168948997265,0.0,0.9504850833392517,0.4257928096463065
659700.0,5034.065560759429,4138.628694413636,0.0,0.9504851392096159,0.4257941767480983
659760.0,5034.053764325465,4138.640496401726,0.0,0.950485082242811,0.4257955438399399
659820.0,5034.041958484106,4138.652291815798,0.0,0.9504853261945274,0.4257969109611271
659880.0,5034.030167809737,4138.664097869675,0.0,0.9504850842228671,0.42579827803771475
659940.0,5034.018373896859,4138.675901674605,0.0,0.9504849455761364,0.42579964512534363
660000.0,5034.0065713614595,4138.687699441955,0.0,0.950485082968677,0.4258010122390759
660060.0,5033.994770646093,4138.699498506551,0.0,0.9504851616652297,0.42580237934881543
660120.0,5033.982974887385,4138.711301053651,0.0,0.9504850814582915,0.42580374644432994
660180.0,5033.9711704959,4138.723097564235,0.0,0.950485277463955,0.42580511356653367
660240.0,5033.9593782621005,4138.734902610601,0.0,0.9504850838260648,0.42580648065343535
660300.0,5033.947583434325,4138.746705859797,0.0,0.9504849728704767,0.42580784774946273
660360.0,5033.93578170592,4138.7585042783885,0.0,0.9504850828059573,0.4258092148664768
660420.0,5033.9239814314105,4138.770303737576,0.0,0.9504851457719756,0.42581058198058586
660480.0,5033.91218512235,4138.782105984461,0.0,0.9504850815808382,0.42581194908341535
660540.0,5033.900381903472,4138.793903402573,0.0,0.9504852384195214,0.42581331620781376
660600.0,5033.888588411765,4138.805707652745,0.0,0.9504850834590846,0.4258146833041328
660660.0,5033.87679284184,4138.817510467272,0.0,0.9504849946623928,0.42581605040804477
660720.0,5033.864991675215,4138.8293093656575,0.0,0.9504850849861206,0.4258174175290979
660780.0,5033.853193910373,4138.841110664141,0.0,0.9504850660644204,0.4258187846410459
660840.0,5033.841394747624,4138.852910996377,0.0,0.9504850916582054,0.4258201517580656
660900.0,5033.8295967982685,4138.864712193578,0.0,0.9504850781179678,0.42582151887242514
660960.0,5033.817797104332,4138.876512182355,0.0,0.9504851201809181,0.42582288599294615
661020.0,5033.805999913814,4138.888313939653,0.0,0.9504850818060756,0.4258242531069134
661080.0,5033.79419638467,4138.900111273758,0.0,0.9504852460694593,0.4258256202411075
661140.0,5033.78240306708,4138.911915774505,0.0,0.9504850831124947,0.42582698734542596
661200.0,5033.770607564699,4138.923718764815,0.0,0.9504849897344311,0.4258283544576542
661260.0,5033.758806177082,4138.935517636501,0.0,0.9504850847226113,0.4258297215878821
661320.0,5033.747008367229,4138.9473190317785,0.0,0.950485064826343,0.4258310887084809
661380.0,5033.735209087762,4138.959119410485,0.0,0.9504850917433527,0.4258324558343647
661440.0,5033.72341108473,4138.970920698391,0.0,0.9504850775063263,0.4258338229574005
661500.0,5033.7116112475505,4138.982720715016,0.0,0.950485121742604,0.42583519008686416
661560.0,5033.699814043358,4138.9945225910915,0.0,0.9504850813890652,0.42583655720938846
661620.0,5033.688010174135,4139.006319814907,0.0,0.9504852541333733,0.4258379243531105
661680.0,5033.676217043555,4139.018124575259,0.0,0.9504850827671756,0.4258392914653886
661740.0,5033.664421616103,4139.02992774652,0.0,0.9504849845713583,0.42584065858590975
661800.0,5033.652620081743,4139.041726643087,0.0,0.9504850818549291,0.4258420257250607
661860.0,5033.640819832508,4139.053526462039,0.0,0.9504851375725054,0.4258433928618071
661920.0,5033.6290230918175,4139.065328748673,0.0,0.9504850807612554,0.42584475998863053
661980.0,5033.617216970201,4139.077124478603,0.0,0.9504853240463275,0.42584612714472553
662040.0,5033.6054259728535,4139.088930820365,0.0,0.9504850827356723,0.4258474942563386
662100.0,5033.593631746086,4139.100734919118,0.0,0.9504849444676844,0.4258488613789669
662160.0,5033.5818289210765,4139.112532996181,0.0,0.9504850814846805,0.4258502285276313
662220.0,5033.570027910944,4139.1243323671,0.0,0.9504851599660961,0.4258515956723163
662280.0,5033.558231843501,4139.136135211374,0.0,0.9504850799781934,0.4258529628028145
662340.0,5033.546427167574,4139.147932035026,0.0,0.9504852754481677,0.4258543299599341
662400.0,5033.534634615073,4139.159737372025,0.0,0.950485082339268,0.4258556970818458
662460.0,5033.522839475876,4139.171540916606,0.0,0.9504849716867434,0.4258570642128621
662520.0,5033.511037455478,4139.183339643293,0.0,0.9504850813217192,0.4258584313648113
662580.0,5033.499236884851,4139.195139407867,0.0,0.9504851441156009,0.4258597985138658
662640.0,5033.4874402684945,4139.206941952818,0.0,0.9504850800997182,0.4258611656516713
662700.0,5033.47563676176,4139.218739681709,0.0,0.9504852365098174,0.4258625328109914
662760.0,5033.463842954789,4139.230544224712,0.0,0.9504850819726047,0.4258638999423072
662820.0,5033.452047075425,4139.242347335869,0.0,0.9504849934183341,0.42586526708119904
662880.0,5033.44024561511,4139.254146541189,0.0,0.9504850834952411,0.42586663423718835
662940.0,5033.42844754698,4139.265948140315,0.0,0.950485064625111,0.4258680013840981
663000.0,5033.416648084861,4139.277748775751,0.0,0.9504850901488724,0.4258693685360682
663060.0,5033.404849832701,4139.289550273894,0.0,0.9504850766455053,0.42587073568538725
663120.0,5033.393049840855,4139.301350566805,0.0,0.95048511859345,0.4258721028408534
663180.0,5033.381252345361,4139.313152623607,0.0,0.9504850803233107,0.4258734699897848
663240.0,5033.369448529061,4139.324950268868,0.0,0.9504852441379035,0.42587483715889307
663300.0,5033.357654895558,4139.336755061937,0.0,0.9504850816259325,0.4258762042982048
663360.0,5033.345859083384,4139.348558348565,0.0,0.9504849885028148,0.42587757144540844
663420.0,5033.33405740254,4139.360357527406,0.0,0.9504850832314222,0.4258789386105658
663480.0,5033.322259289362,4139.3721592232205,0.0,0.9504850633893857,0.4258803057661211
663540.0,5033.31045971069,4139.383959905154,0.0,0.9504850902327582,0.42588167292694945
663600.0,5033.29866140484,4139.395761493915,0.0,0.950485076034505,0.42588304008493927
663660.0,5033.286861269988,4139.407561814758,0.0,0.9504851201498453,0.42588440724934207
663720.0,5033.275063760693,4139.419363990176,0.0,0.9504850799064092,0.4258857744068254
663780.0,5033.263259605104,4139.431161525584,0.0,0.9504852521788988,0.4258871415854541
663840.0,5033.251466157918,4139.442966577728,0.0,0.9504850812805279,0.42588850873272205
663900.0,5033.2396704203,4139.454770044982,0.0,0.950484983352742,0.42588987588821414
663960.0,5033.227868592955,4139.466569248789,0.0,0.950485080370544,0.42589124306228826
664020.0,5033.216068047091,4139.478369372581,0.0,0.9504851359358223,0.42589261023396713
664080.0,5033.204270999883,4139.490171957576,0.0,0.9504850792796288,0.42589397739574986
664140.0,5033.192464598136,4139.50196800313,0.0,0.950485321900089,0.42589534458673056
664200.0,5033.180673278065,4139.5137746326245,0.0,0.9504850812484245,0.42589671173334653
664260.0,5033.1688787376415,4139.525579025032,0.0,0.9504849433579696,0.4258980788909518
664320.0,5033.1570756231695,4139.537377411587,0.0,0.9504850800006207,0.42589944607452623
664380.0,5033.145274318441,4139.549177088624,0.0,0.9504851582675611,0.42590081325413437
664440.0,5033.133477942476,4139.560980229891,0.0,0.9504850784980193,0.42590218041959393
664500.0,5033.121672982243,4139.572777366385,0.0,0.9504852734340445,0.42590354761160737
664560.0,5033.109880111293,4139.58458299386,0.0,0.9504850808524169,0.42590491476850645
664620.0,5033.098084660899,4139.596386833653,0.0,0.9504849705019656,0.4259062819344893
664680.0,5033.086282348669,4139.608185868224,0.0,0.9504850798374185,0.42590764912135115
664740.0,5033.0744814821,4139.619985937981,0.0,0.950485142459655,0.42590901630532885
664800.0,5033.0626845586585,4139.631788780814,0.0,0.9504850786185269,0.42591038347808785
664860.0,5033.05088076422,4139.643586820268,0.0,0.9504852346012578,0.4259117506723075
664920.0,5033.039086642217,4139.655391655931,0.0,0.9504850804860684,0.42591311783859787
664980.0,5033.027290453628,4139.667195063538,0.0,0.9504849921736502,0.42591448501244716
665040.0,5033.015488699795,4139.678994575588,0.0,0.9504850820043156,0.4259158522033503
665100.0,5033.003690328574,4139.690796475169,0.0,0.9504850631856308,0.42591721938519955
665160.0,5032.99189056727,4139.702597413608,0.0,0.9504850886395385,0.4259185865720979
665220.0,5032.980092012504,4139.714399212501,0.0,0.9504850751729523,0.4259199537563539
665280.0,5032.96829172293,4139.726199809353,0.0,0.9504851170061694,0.4259213209467431
665340.0,5032.956493922662,4139.738002165468,0.0,0.95048507884048,0.42592268813061634
665400.0,5032.944689819363,4139.749800121671,0.0,0.9504852422073458,0.4259240553346166
665460.0,5032.932895870169,4139.7616052068915,0.0,0.9504850801393138,0.42592542250889914
665520.0,5032.921099748414,4139.773408789658,0.0,0.9504849872705485,0.4259267896910558
665580.0,5032.909297774507,4139.785208275452,0.0,0.9504850817401874,0.42592815689112007
665640.0,5032.8974993582,4139.797010271614,0.0,0.950485061952258,0.4259295240816098
665700.0,5032.885699480511,4139.808811256581,0.0,0.9504850887221625,0.4259308912773605
665760.0,5032.873900872039,4139.8206131460065,0.0,0.9504850745625939,0.42593225847028215
665820.0,5032.862100439697,4139.832413770862,0.0,0.9504851185572651,0.42593362566960197
665880.0,5032.850302625501,4139.844216245433,0.0,0.9504850784236889,0.42593499286202224
665940.0,5032.838498183708,4139.8560140922245,0.0,0.9504852502252502,0.42593636007553526
666000.0,5032.826704420139,4139.867819435989,0.0,0.9504850797938235,0.4259377272577704
666060.0,5032.814908372567,4139.879623199056,0.0,0.9504849821335295,0.4259390944482112
666120.0,5032.803106252411,4139.891422709897,0.0,0.9504850788860976,0.4259404616571865
666180.0,5032.791305410099,4139.903223138329,0.0,0.9504851342994389,0.4259418288637755
666240.0,5032.779508056581,4139.915026021502,0.0,0.950485077797934,0.42594319606049535
666300.0,5032.767701374842,4139.926822382454,0.0,0.9504853197554106,0.42594456328633956
666360.0,5032.755909732295,4139.93862929952,0.0,0.9504850797611216,0.42594593046793605
666420.0,5032.7441148784355,4139.950433985408,0.0,0.9504849422472996,0.425947297660496
666480.0,5032.73231147467,4139.962232681251,0.0,0.9504850785164984,0.425948664878958
666540.0,5032.72050987552,4139.974032664204,0.0,0.9504851565694825,0.4259500320934671
666600.0,5032.708713191243,4139.985836102285,0.0,0.9504850770177742,0.42595139929386544
666660.0,5032.696907946856,4139.997633551401,0.0,0.9504852714210525,0.42595276652075054
666720.0,5032.685114757685,4140.009439469182,0.0,0.9504850793655095,0.4259541337126148
666780.0,5032.673318996309,4140.021243604009,0.0,0.9504849693165021,0.42595550091354195
666840.0,5032.661516392414,4140.033042946262,0.0,0.950485078353056,0.4259568681352944
666900.0,5032.649715230083,4140.044843321002,0.0,0.9504851408040529,0.42595823535417315
666960.0,5032.637917999759,4140.056646461532,0.0,0.9504850771372674,0.4259596025618637
667020.0,5032.626110259246,4140.068442250313,0.0,0.9504853498062272,0.4259609698021955
667080.0,5032.614319466569,4140.080249934729,0.0,0.9504850793600698,0.42596233699260005
667140.0,5032.602525056738,4140.092055103139,0.0,0.9504849243998926,0.4259637041951754
667200.0,5032.590721012756,4140.103853520547,0.0,0.9504850779679651,0.42596507142687917
667260.0,5032.578919003946,4140.115653386871,0.0,0.9504851659317106,0.4259664386539435
667320.0,5032.567122534156,4140.127457146368,0.0,0.9504850762895116,0.4259678058650398
667380.0,5032.555322674505,4140.139258543043,0.0,0.9504850949690626,0.4259691730872216
667440.0,5032.543524184434,4140.151060914254,0.0,0.9504850695095107,0.42597054030624515
667500.0,5032.531724474864,4140.162862444233,0.0,0.9504850828531006,0.42597190752983993
667560.0,5032.5199264774865,4140.174665189995,0.0,0.9504850410636233,0.4259732747493167
667620.0,5032.5081259828685,4140.186466197278,0.0,0.9504850790318459,0.42597464197710594
667680.0,5032.4963317472375,4140.198271616169,0.0,0.9504849160751827,0.4259760091876634
667740.0,5032.4845273805995,4140.21006993519,0.0,0.9504850775721431,0.42597737642882827
667800.0,5032.472725154784,4140.221869777306,0.0,0.9504851700784973,0.42597874366503913
667860.0,5032.46092875401,4140.233673713426,0.0,0.9504850758113105,0.4259801108844304
667920.0,5032.449128788931,4140.245475164234,0.0,0.9504850954571858,0.42598147811542625
667980.0,5032.437330264516,4140.257277639493,0.0,0.9504850686855998,0.42598284534305214
668040.0,5032.425530458113,4140.269079229634,0.0,0.9504850827200843,0.4259842125754352
668100.0,5032.41373245269,4140.280882097904,0.0,0.9504850387756598,0.4259855798034356
668160.0,5032.401931821586,4140.292683137507,0.0,0.9504850787058442,0.42598694704013096
668220.0,5032.3901377730435,4140.304488815918,0.0,0.9504849073398228,0.4259883142586308
668280.0,5032.378333070996,4140.31628702757,0.0,0.9504850771750534,0.4259896815092939
668340.0,5032.366530620876,4140.328086840328,0.0,0.9504851744584623,0.42599104875467175
668400.0,5032.354734216071,4140.339890901373,0.0,0.9504850779152549,0.42599241598254434
668460.0,5032.342936512399,4140.351694072496,0.0,0.9504850225865924,0.42599378321569303
668520.0,5032.331135321821,4140.363494804957,0.0,0.9504850788353493,0.4259951504597185
668580.0,5032.31934340604,4140.375302065154,0.0,0.950484837525075,0.4259965176775398
668640.0,5032.307536489331,4140.387098808347,0.0,0.9504850767132933,0.42599788494045643
668700.0,5032.2957327489785,4140.398897801231,0.0,0.9504852137301079,0.4259992521953379
668760.0,5032.283937523579,4140.41070277517,0.0,0.9504850777893753,0.42600061942536765
668820.0,5032.272140474175,4140.422506490739,0.0,0.9504849998893263,0.4260019866622353
668880.0,5032.260338516212,4140.434306770165,0.0,0.9504850791187925,0.42600335391420896
668940.0,5032.248545073592,4140.446113039356,0.0,0.9504848852192198,0.4260047211418822
669000.0,5032.236739598491,4140.457910879183,0.0,0.9504850766133457,0.4260060884061765
669060.0,5032.224936662627,4140.469710521781,0.0,0.950485186248212,0.42600745566433024
669120.0,5032.213140539631,4140.48151495144,0.0,0.9504850774579574,0.42600882290269426
669180.0,5032.2013429545605,4140.4933183766125,0.0,0.9504850151128135,0.42601019014681973
669240.0,5032.189541440742,4140.505119052974,0.0,0.9504850785052923,0.42601155740313684
669300.0,5032.177750380042,4140.516927084195,0.0,0.9504848065756776,0.42601292462974266
669360.0,5032.165942415669,4140.528723262762,0.0,0.9504850761243985,0.42601429190710666
669420.0,5032.154138032248,4140.540521975024,0.0,0.9504852305351926,0.42601565917523104
669480.0,5032.142343244672,4140.552327427087,0.0,0.9504850773475171,0.4260170264152866
669540.0,5032.1305464032575,4140.564131459442,0.0,0.9504849895664538,0.42601839366286376
669600.0,5032.118744031063,4140.575931618872,0.0,0.9504850788561214,0.4260197609273986
669660.0,5032.106945020478,4140.587734152013,0.0,0.9504850601504635,0.4260211281829366
669720.0,5032.095144628384,4140.599535729631,0.0,0.9504850854509004,0.4260224954434986
669780.0,5032.083345435311,4140.611338162742,0.0,0.9504850720651238,0.42602386270143794
669840.0,5032.071544518137,4140.623139400828,0.0,0.9504851136462806,0.42602522996547937
669900.0,5032.059746074803,4140.634942388004,0.0,0.9504850757100712,0.4260265972230466
669960.0,5032.047941367438,4140.646741000856,0.0,0.9504852380933281,0.42602796450063085
670020.0,5032.036146751239,4140.658546701369,0.0,0.9504850770005834,0.4260293317486712
670080.0,5032.024349975882,4140.670350908204,0.0,0.950484984690558,0.42603069900454654
670140.0,5032.012547384612,4140.682151041862,0.0,0.9504850785913175,0.4260320662782285
670200.0,5032.000748328853,4140.6939536713635,0.0,0.9504850589222411,0.42603343354239553
670260.0,5031.988947820729,4140.705755295569,0.0,0.9504850855307646,0.4260348008117975
670320.0,5031.977148573919,4140.717557819023,0.0,0.9504850714561707,0.426036168078391
670380.0,5031.965347514499,4140.729359085285,0.0,0.9504851151857902,0.4260375353513501
670440.0,5031.953549056962,4140.741162190563,0.0,0.9504850752935223,0.4260389026174534
670500.0,5031.9417440128345,4140.752960694974,0.0,0.950485246060746,0.42604026990453414
670560.0,5031.92994958075,4140.764766652864,0.0,0.9504850766549061,0.4260416371605196
670620.0,5031.918152878749,4140.776571039289,0.0,0.9504849795822079,0.4260430044246699
670680.0,5031.906350141774,4140.788371198184,0.0,0.9504850757521404,0.4260443717072499
670740.0,5031.894548674664,4140.8001722694025,0.0,0.9504851308316389,0.42604573898746373
670800.0,5031.882750674707,4140.81197578113,0.0,0.9504850746700243,0.42604710625786757
670860.0,5031.870943404277,4140.823772808555,0.0,0.9504853151706187,0.4260484735572341
670920.0,5031.859151079818,4140.835580330839,0.0,0.9504850766208895,0.42604984081261044
670980.0,5031.8473555638875,4140.847385634951,0.0,0.9504849399346406,0.42605120807889335
671040.0,5031.835551551014,4140.859184983803,0.0,0.9504850753832553,0.4260525753709311
671100.0,5031.823749331515,4140.870985612353,0.0,0.9504851529660856,0.4260539426590451
671160.0,5031.811951996406,4140.882789675994,0.0,0.9504850738930499,0.4260553099331322
671220.0,5031.8001461541935,4140.894587785477,0.0,0.9504852671257166,0.42605667723355767
671280.0,5031.78835229245,4140.906394314497,0.0,0.9504850762261479,0.4260580444991683
671340.0,5031.776555874384,4140.91819907097,0.0,0.9504849668393232,0.42605941177379586
671400.0,5031.7647526561805,4140.929999062707,0.0,0.9504850752192854,0.4260607790691307
671460.0,5031.752950870547,4140.941800080993,0.0,0.9504851372940875,0.4260621463616149
671520.0,5031.741152992534,4140.953603849034,0.0,0.9504850740103115,0.42606351364297773
671580.0,5031.7293446694,4140.965400308053,0.0,0.9504853450376828,0.4260648809567997
671640.0,5031.717553189062,4140.977208593684,0.0,0.9504850762192298,0.42606624822098477
671700.0,5031.7057581139225,4140.989014377964,0.0,0.9504849221915892,0.4260676154972768
671760.0,5031.693953464314,4141.00081345045,0.0,0.9504850748350012,0.4260689828025312
671820.0,5031.682150837202,4141.012613963493,0.0,0.9504851622690171,0.42607035010317956
671880.0,5031.670353714768,4141.024418347132,0.0,0.9504850731661475,0.42607171738795435
671940.0,5031.658553223433,4141.036220381705,0.0,0.9504850917330108,0.42607308468375504
672000.0,5031.64675409315,4141.048023385197,0.0,0.9504850664264518,0.42607445197641997
672060.0,5031.634953750886,4141.059825552375,0.0,0.9504850796894733,0.42607581927363425
672120.0,5031.623155110163,4141.071628928318,0.0,0.9504850381512758,0.4260771865667585
672180.0,5031.611353987637,4141.083430575905,0.0,0.9504850758907154,0.4260785538681514
672240.0,5031.599559085257,4141.095236609552,0.0,0.9504849139146188,0.4260799211524181
672300.0,5031.587754114621,4141.107035584552,0.0,0.9504850744392949,0.4260812884671178
672360.0,5031.575951271483,4141.118836073862,0.0,0.950485166388618,0.42608265577689847
672420.0,5031.5641542172725,4141.13064063344,0.0,0.9504850726885565,0.42608402306995896
672480.0,5031.552353620799,4141.142442722165,0.0,0.9504850922159352,0.4260853903745615
672540.0,5031.5405544560235,4141.154245829431,0.0,0.9504850656052304,0.4260867576758175
672600.0,5031.528754017162,4141.166048056757,0.0,0.9504850795549925,0.4260881249818077
672660.0,5031.516955368081,4141.177851554831,0.0,0.9504850358748056,0.42608949228344484
672720.0,5031.50515410955,4141.189653234884,0.0,0.9504850755644095,0.42609085959373083
672780.0,5031.493359392734,4141.201459526879,0.0,0.9504849052295474,0.4260922268859327
672840.0,5031.481554088402,4141.2132583954635,0.0,0.9504850740423285,0.42609359421011417
672900.0,5031.469751021983,4141.225058855921,0.0,0.9504851707399943,0.42609496152904736
672960.0,5031.457953963403,4141.236863540031,0.0,0.9504850747775715,0.4260963288305785
673020.0,5031.446155613943,4141.248667339437,0.0,0.9504850197816903,0.4260976961373617
673080.0,5031.434353799161,4141.260468714354,0.0,0.9504850756916242,0.42609906345496107
673140.0,5031.422561201648,4141.272276579179,0.0,0.9504848358335201,0.42610043074651394
673200.0,5031.410753696136,4141.284073988054,0.0,0.9504850735818372,0.426101798082904
673260.0,5031.398949347239,4141.295873633621,0.0,0.9504852097736742,0.42610316541131166
673320.0,5031.3871534605105,4141.30767922555,0.0,0.9504850746509382,0.42610453271501314
673380.0,5031.375355761021,4141.319483566465,0.0,0.9504849972195561,0.4261059000255195
673440.0,5031.363553183367,4141.3312844912025,0.0,0.9504850759718493,0.4261072673510469
673500.0,5031.351759068245,4141.34309137098,0.0,0.9504848832391662,0.426108634652419
673560.0,5031.339952995166,4141.354889870351,0.0,0.9504850734809804,0.42611000199020443
673620.0,5031.32814944553,4141.366690162086,0.0,0.9504851824556473,0.4261113693218912
673680.0,5031.316352666524,4141.378495213117,0.0,0.9504850743200044,0.4261127366339047
673740.0,5031.304554434441,4141.390299265547,0.0,0.9504850123499096,0.4261141039516528
673800.0,5031.292752297936,4141.402100585137,0.0,0.9504850753605305,0.4261154712815246
673860.0,5031.280960549714,4141.413909216954,0.0,0.9504848050676082,0.42611683858186267
673920.0,5031.269152002548,4141.425706064934,0.0,0.9504850729934655,0.426118205932668
673980.0,5031.257347014083,4141.437505431958,0.0,0.9504852264744792,0.4261195732742937
674040.0,5031.2455515619795,4141.449311499682,0.0,0.9504850742087174,0.4261209405880146
674100.0,5031.233754068703,4141.461116155993,0.0,0.9504849869558151,0.42612230790922023
674160.0,5031.221951078904,4141.472916961879,0.0,0.9504850757077367,0.426123675247288
674220.0,5031.210157626496,4141.484724477627,0.0,0.950484858520727,0.42612504255799966
674280.0,5031.198350699869,4141.496522548161,0.0,0.9504850729112259,0.42612640990963924
674340.0,5031.186546618438,4141.508322637007,0.0,0.950485195721039,0.42612777725422185
674400.0,5031.174750167215,4141.520128088796,0.0,0.9504850738672023,0.42612914457657164
674460.0,5031.162952080141,4141.531932413625,0.0,0.9504850040377159,0.4261305119051999
674520.0,5031.151149593824,4141.543733658118,0.0,0.9504850750502545,0.42613187924742535
674580.0,5031.139354737567,4141.555540273868,0.0,0.950484901245255,0.42613324656796986
674640.0,5031.127549097697,4141.5673393327315,0.0,0.9504850727959508,0.42613461392143615
674700.0,5031.115745732075,4141.579140009204,0.0,0.950485171062251,0.42613598126954416
674760.0,5031.103948471352,4141.590944978111,0.0,0.9504850735444512,0.4261373485999579
674820.0,5031.0921498991165,4141.602749047683,0.0,0.9504850176574445,0.4261387159356851
674880.0,5031.080347805686,4141.614550653165,0.0,0.9504850744746615,0.4261400832823964
674940.0,5031.068555078538,4141.6263588541515,0.0,0.9504848307277596,0.4261414506026121
675000.0,5031.056747202786,4141.638156428657,0.0,0.9504850723319983,0.4261428179683883
675060.0,5031.044942534814,4141.64995627611,0.0,0.9504852107329564,0.42614418532602755
675120.0,5031.0331464656965,4141.6617621667965,0.0,0.9504850734197712,0.4261455526585492
675180.0,5031.021348554762,4141.673566785864,0.0,0.9504849947334054,0.42614691999796256
675240.0,5031.009545686982,4141.6853679329815,0.0,0.950485074763438,0.42614828735263327
675300.0,5030.997751418511,4141.697175132073,0.0,0.950484878906011,0.42614965468273674
675360.0,5030.985944999149,4141.708973814008,0.0,0.9504850722335121,0.42615102204983335
675420.0,5030.9741411441755,4141.720774317317,0.0,0.9504851829760206,0.42615238941070743
675480.0,5030.962344169213,4141.732579657443,0.0,0.9504850730874774,0.4261537567515789
675540.0,5030.950545717924,4141.744383982476,0.0,0.9504850101131193,0.42615512409825423
675600.0,5030.93874329925,4141.756185530043,0.0,0.9504850741462124,0.4261564914572423
675660.0,5030.926947759969,4141.7679919223965,0.0,0.9504849174097043,0.4261578587967814
675720.0,5030.915142496021,4141.779791500535,0.0,0.9504850721052363,0.4261592261660934
675780.0,5030.903339281617,4141.791592538682,0.0,0.9504851607149092,0.42616059353071484
675840.0,5030.891541645074,4141.8033975001235,0.0,0.9504850704150559,0.42616196087923824
675900.0,5030.87974059501,4141.815200080341,0.0,0.9504850892320086,0.4261633282389228
675960.0,5030.867940924193,4141.827003642565,0.0,0.950485063585882,0.42616469559541487
676020.0,5030.856140025418,4141.83880635695,0.0,0.9504850770277101,0.426166062956504
676080.0,5030.844340850911,4141.850610296452,0.0,0.9504850349317868,0.4261674303134325
676140.0,5030.832539161745,4141.862412483923,0.0,0.9504850731790001,0.426168797678729
676200.0,5030.820743775528,4141.874219117059,0.0,0.9504849090264544,0.42617016502664445
676260.0,5030.808938187379,4141.886018595271,0.0,0.9504850717091754,0.4261715324054015
676320.0,5030.797134755167,4141.897819608251,0.0,0.9504851648948154,0.42617289977915074
676380.0,5030.785337188839,4141.909624746907,0.0,0.9504850699360111,0.42617426713594364
676440.0,5030.773536033327,4141.921427380904,0.0,0.9504850897263861,0.42617563450442103
676500.0,5030.7617363286445,4141.9332310472055,0.0,0.9504850627585884,0.42617700186949237
676560.0,5030.749935333078,4141.945033821448,0.0,0.9504850768963856,0.42617836923934815
676620.0,5030.738136151186,4141.956837883636,0.0,0.9504850326296848,0.4261797366047768
676680.0,5030.726334325298,4141.968640102902,0.0,0.9504850728532726,0.4261811039789588
676740.0,5030.7145391281965,4141.980446996796,0.0,0.9504849002296322,0.4261824713347886
676800.0,5030.702733203003,4141.992246366031,0.0,0.9504850713118378,0.4261838387230277
676860.0,5030.690929545631,4142.004047348652,0.0,0.9504851693096501,0.42618520610592536
676920.0,5030.679131975962,4142.01585261243,0.0,0.9504850720580652,0.426186573471176
676980.0,5030.667333098445,4142.027656979262,0.0,0.9504850163236065,0.42618794084172895
677040.0,5030.655530709639,4142.039458888495,0.0,0.9504850729855059,0.42618930822323825
677100.0,5030.643737660714,4142.051267375912,0.0,0.9504848299043249,0.42619067557832413
677160.0,5030.63192950583,4142.063065264797,0.0,0.9504850708484668,0.4261920429788523
677220.0,5030.620124549669,4142.074865420678,0.0,0.9504852088712432,0.4261934103712677
677280.0,5030.608328168139,4142.08667160391,0.0,0.9504850719330395,0.42619477773863224
677340.0,5030.596529949951,4142.098476518892,0.0,0.9504849934615336,0.4261961451128731
677400.0,5030.584726788867,4142.110277971063,0.0,0.9504850732728064,0.42619751250233257
677460.0,5030.572932202853,4142.122085459311,0.0,0.9504848779503761,0.426198879867291
677520.0,5030.561125500152,4142.133884452818,0.0,0.9504850707495637,0.4262002472691477
677580.0,5030.549321354592,4142.145685262932,0.0,0.9504851811894076,0.4262016146648009
677640.0,5030.537524069659,4142.157490897151,0.0,0.9504850716009671,0.4262029820405048
677700.0,5030.525725312529,4142.169295518971,0.0,0.9504850087985304,0.42620434942200014
677760.0,5030.513922599176,4142.181097370636,0.0,0.9504850726565816,0.42620571681577696
677820.0,5030.502126745826,4142.19290405437,0.0,0.9504849163480833,0.4262070841901578
677880.0,5030.490321195174,4142.204703941817,0.0,0.9504850706209516,0.42620845159423537
677940.0,5030.47851768827,4142.216505285461,0.0,0.950485158988484,0.42620981899363747
678000.0,5030.466719743508,4142.22831054209,0.0,0.9504850689351589,0.42621118637698463
678060.0,5030.454918394819,4142.240113423777,0.0,0.9504850877006036,0.426212553771466
678120.0,5030.443118421478,4142.251917284904,0.0,0.9504850621244081,0.42621392116276496
678180.0,5030.431317223616,4142.263720300439,0.0,0.9504850755294095,0.4262152885586509
678240.0,5030.419517745149,4142.275524537883,0.0,0.9504850335483416,0.42621665595038893
678300.0,5030.407715759086,4142.287327027922,0.0,0.9504850716909823,0.42621802335047504
678360.0,5030.395920058201,4142.299133951962,0.0,0.9504849079866405,0.4262193907332283
678420.0,5030.384114184095,4142.310933739898,0.0,0.9504850702249432,0.4262207581467436
678480.0,5030.37231045983,4142.3227350585885,0.0,0.9504851631559786,0.4262221255552669
678540.0,5030.360512584924,4142.334540492121,0.0,0.9504850684563926,0.4262234929468792
678600.0,5030.348711130921,4142.346343427599,0.0,0.9504850881926064,0.42622486035014767
678660.0,5030.336911123645,4142.35814739268,0.0,0.9504850612983422,0.4262262277500209
678720.0,5030.325109829102,4142.369950468065,0.0,0.9504850753974156,0.42622759515466796
678780.0,5030.313310343112,4142.381754828023,0.0,0.950485031251491,0.4262289625549013
678840.0,5030.3015082205475,4142.393557349922,0.0,0.9504850713651154,0.42623032996386695
678900.0,5030.289712708085,4142.405364534185,0.0,0.950484899212733,0.42623169735453104
678960.0,5030.277906497718,4142.417164213578,0.0,0.950485069827661,0.42623306477752065
679020.0,5030.266102548761,4142.4289655021375,0.0,0.9504851675578025,0.42623443219518575
679080.0,5030.254304670362,4142.440771060615,0.0,0.9504850705716226,0.42623579959525093
679140.0,5030.242505487773,4142.452575724527,0.0,0.950485014989149,0.42623716700060743
679200.0,5030.230702803765,4142.464377937303,0.0,0.9504850714963037,0.42623853441689274
679260.0,5030.218909433334,4142.476186711009,0.0,0.9504848290783896,0.4262399018068263
679320.0,5030.207100999431,4142.487984914033,0.0,0.9504850693648683,0.4262412692420846
679380.0,5030.195295755227,4142.4997853781215,0.0,0.9504852070108604,0.426242636669254
679440.0,5030.183499061525,4142.511591853734,0.0,0.9504850704462525,0.4262440040714387
679500.0,5030.171700536302,4142.523397064455,0.0,0.950484992188797,0.42624537148048486
679560.0,5030.159897082076,4142.53519882147,0.0,0.9504850717821346,0.42624673890471076
679620.0,5030.148102178779,4142.547006598726,0.0,0.9504848769926388,0.4262481063045018
679680.0,5030.136295192868,4142.558805903565,0.0,0.9504850692655495,0.42624947374109634
679740.0,5030.124490756877,4142.570607020268,0.0,0.9504851794038555,0.42625084117150647
679800.0,5030.112693162201,4142.58241294841,0.0,0.9504850701144008,0.4262522085820204
679860.0,5030.100894099442,4142.594217866839,0.0,0.9504850074832771,0.4262535759983135
679920.0,5030.089091091582,4142.606020022399,0.0,0.9504850711669051,0.42625494342685705
679980.0,5030.077294924402,4142.617826997352,0.0,0.9504849152849537,0.42625631083605725
680040.0,5030.065489087191,4142.629627193887,0.0,0.950485069136603,0.42625767827487837
680100.0,5030.0536852879495,4142.641428842819,0.0,0.9504851572628152,0.42625904570903905
680160.0,5030.041887035193,4142.653234394463,0.0,0.9504850674551837,0.4262604131271877
680220.0,5030.030085388067,4142.665037577423,0.0,0.9504850861692883,0.4262617805564435
680280.0,5030.018285112398,4142.676841737265,0.0,0.9504850606627966,0.42626314798252707
680340.0,5030.006483615637,4142.688645053752,0.0,0.9504850740310902,0.42626451541318755
680400.0,5029.9946838334145,4142.70044958896,0.0,0.9504850321645104,0.42626588283971306
680460.0,5029.982881550634,4142.712252381364,0.0,0.9504850702029128,0.42626725027456647
680520.0,5029.971085535319,4142.724059596144,0.0,0.9504849069453712,0.42626861769213514
680580.0,5029.959279375405,4142.735859693577,0.0,0.9504850687406471,0.42626998514038617
680640.0,5029.947475359253,4142.7476613177705,0.0,0.9504851614178946,0.42627135258366133
680700.0,5029.935677175992,4142.759467046002,0.0,0.9504850669766954,0.4262727200100707
680760.0,5029.923875423687,4142.771270282759,0.0,0.9504850866589214,0.4262740874481077
680820.0,5029.912075114018,4142.783074546432,0.0,0.9504850598379552,0.42627545488276025
680880.0,5029.900273520686,4142.794877922763,0.0,0.9504850738984292,0.42627682232217623
680940.0,5029.888473730799,4142.806682580308,0.0,0.9504850298728869,0.42627818975719184
681000.0,5029.87667131174,4142.818485404639,0.0,0.9504850698769067,0.42627955720091876
681060.0,5029.864875484155,4142.830292879108,0.0,0.9504848981943519,0.4262809246263948
681120.0,5029.85306898876,4142.842092868432,0.0,0.9504850683434207,0.42628229208411283
681180.0,5029.841264748386,4142.853894462721,0.0,0.9504851658066873,0.42628365953652303
681240.0,5029.82946656148,4142.865700315716,0.0,0.9504850690851229,0.42628502697138015
681300.0,5029.817667074025,4142.877505276523,0.0,0.9504850136542522,0.4262863944115176
681360.0,5029.805864094996,4142.889307792646,0.0,0.9504850700070514,0.42628776186255635
681420.0,5029.79407040331,4142.901116852484,0.0,0.9504848282506648,0.4262891292873151
681480.0,5029.782261690529,4142.9129153694175,0.0,0.9504850678812051,0.4262904967572812
681540.0,5029.770456158441,4142.9247161415005,0.0,0.9504852051514112,0.42629186421918225
681600.0,5029.758659152789,4142.936522909325,0.0,0.9504850689594092,0.426293231656165
681660.0,5029.746860320742,4142.948328415604,0.0,0.9504849909154105,0.426294599099994
681720.0,5029.735056573552,4142.960130477259,0.0,0.9504850702914173,0.4262959665589642
681780.0,5029.723261353213,4142.971938543359,0.0,0.950484876033354,0.42629733399356534
681840.0,5029.711454084235,4142.9837381593115,0.0,0.9504850677814712,0.42629870146487553
681900.0,5029.6996493579745,4142.995539582392,0.0,0.9504851776191543,0.4263000689300204
681960.0,5029.687851453777,4143.007345804288,0.0,0.9504850686277777,0.42630143637532203
682020.0,5029.6760520856,4143.0191510191435,0.0,0.9504850061674208,0.4263028038263906
682080.0,5029.664248783409,4143.0309534783955,0.0,0.9504850696771817,0.4263041712896786
682140.0,5029.652455948472,4143.042763310527,0.0,0.9504847972448184,0.4263055387231704
682200.0,5029.64064618713,4143.054561260817,0.0,0.9504850672920189,0.42630690620754674
682260.0,5029.628840011625,4143.066361750959,0.0,0.9504852219883337,0.42630827368265073
682320.0,5029.617043444899,4143.0781689974565,0.0,0.9504850685175313,0.4263096411296111
682380.0,5029.605244821635,4143.089974820673,0.0,0.9504849805743019,0.42631100858410326
682440.0,5029.593440660176,4143.10177676141,0.0,0.9504850700290565,0.426312376055593
682500.0,5029.581639864893,4143.11358108164,0.0,0.9504850512888938,0.42631374351805634
682560.0,5029.569837686286,4143.125384443947,0.0,0.9504850766361579,0.42631511098555064
682620.0,5029.558036708353,4143.1371886638,0.0,0.9504850632257065,0.4263164784504093
682680.0,5029.546234004044,4143.1489916856335,0.0,0.9504851048837963,0.4263178459213792
682740.0,5029.534433776944,4143.160796460809,0.0,0.9504850668775239,0.42631921338585277
682800.0,5029.522627277444,4143.172596850825,0.0,0.9504852295611038,0.4263205808703853
682860.0,5029.510830882718,4143.184404345913,0.0,0.9504850681705547,0.4263219483252956
682920.0,5029.499032325989,4143.196210343567,0.0,0.9504849756899498,0.4263233157880516
682980.0,5029.487227945544,4143.208012258002,0.0,0.9504850697643624,0.42632468326865647
683040.0,5029.475427105414,4143.2198166743565,0.0,0.9504850500589875,0.4263260507397155
683100.0,5029.463624811005,4143.2316200828955,0.0,0.9504850767167738,0.42632741821601683
683160.0,5029.451823779649,4143.24342439284,0.0,0.9504850626162227,0.4263287856894962
683220.0,5029.44002093329,4143.255227442448,0.0,0.950485106426777,0.4263301531693513
683280.0,5029.428220692358,4143.267032335549,0.0,0.9504850664608019,0.4263315206423274
683340.0,5029.416413856025,4143.278832616383,0.0,0.9504852375439803,0.4263328881363254
683400.0,5029.404617646049,4143.290640369011,0.0,0.9504850678248368,0.42633425559914573
683460.0,5029.392819163164,4143.302446546228,0.0,0.9504849705726912,0.42633562307014244
683520.0,5029.381014637199,4143.314248485487,0.0,0.9504850669205345,0.4263369905596127
683580.0,5029.369211382874,4143.326051339236,0.0,0.9504851221020021,0.42633835804670167
683640.0,5029.357411600391,4143.337856639474,0.0,0.950485065836549,0.42633972552395244
683700.0,5029.3456025350115,4143.349655439369,0.0,0.9504853067822432,0.4263410930302306
683760.0,5029.333808435764,4143.361464759928,0.0,0.9504850677911569,0.4263424604924034
683820.0,5029.322011140808,4143.373271856778,0.0,0.9504849308520769,0.4263438279655012
683880.0,5029.310205337485,4143.385072983682,0.0,0.950485066551366,0.42634519546441646
683940.0,5029.298401330016,4143.396875393358,0.0,0.950485144277808,0.4263465629593887
684000.0,5029.286602213539,4143.408681246552,0.0,0.950485065058536,0.4263479304402949
684060.0,5029.2747945785395,4143.420481130874,0.0,0.9504852586489229,0.4263492979476001
684120.0,5029.2629989401985,4143.432289455415,0.0,0.950485067396084,0.4263506654199963
684180.0,5029.251200742151,4143.444096002965,0.0,0.9504849578069338,0.42635203290142315
684240.0,5029.239395734823,4143.455897774023,0.0,0.9504850663874916,0.426353400403607
684300.0,5029.227592162061,4143.46770057408,0.0,0.9504851285772209,0.4263547679029237
684360.0,5029.215792502212,4143.479506130631,0.0,0.9504850651764133,0.4263561353910874
684420.0,5029.203982383224,4143.491304360091,0.0,0.9504853367054725,0.42635750291178404
684480.0,5029.192189129756,4143.503114445251,0.0,0.9504850673895524,0.42635887038271425
684540.0,5029.180392276704,4143.514922022824,0.0,0.950484913076953,0.4263602378657728
684600.0,5029.168585836299,4143.526722872051,0.0,0.9504850660028955,0.4263616053778648
684660.0,5029.156781421182,4143.538525165306,0.0,0.950485153598791,0.42636297288532954
684720.0,5029.144982518184,4143.550331338659,0.0,0.9504850643310859,0.42636434037687687
684780.0,5029.133180241794,4143.562135157105,0.0,0.9504850829323834,0.42636570787947164
684840.0,5029.1213793283305,4143.573939946805,0.0,0.9504850575790464,0.4263670753789167
684900.0,5029.109577201295,4143.5857438980765,0.0,0.9504850708666869,0.42636844288291675
684960.0,5029.09777677814,4143.597549061039,0.0,0.9504850292516485,0.4263698103828098
685020.0,5029.085973869872,4143.60935249134,0.0,0.9504850670610301,0.4263711778909869
685080.0,5029.074177190204,4143.621160318426,0.0,0.9504849047850774,0.4263725453819851
685140.0,5029.062370428723,4143.632961069456,0.0,0.9504850656070555,0.4263739129034911
685200.0,5029.0505657976755,4143.644763338449,0.0,0.9504851577266465,0.42637528042005607
685260.0,5029.038766963381,4143.6565696877,0.0,0.9504850638532096,0.4263766479198548
685320.0,5029.026964582096,4143.668373559964,0.0,0.9504850834168074,0.42637801543121867
685380.0,5029.015163634479,4143.680178453223,0.0,0.9504850567569006,0.4263793829392217
685440.0,5029.003361411104,4143.691982464326,0.0,0.9504850707325584,0.42638075045196483
685500.0,5028.991560979968,4143.703787749252,0.0,0.9504850269715466,0.4263821179603374
685560.0,5028.979757935901,4143.715591211627,0.0,0.9504850667347192,0.4263834854773751
685620.0,5028.967961442437,4143.727399297228,0.0,0.9504848960844954,0.4263848529762734
685680.0,5028.956154347194,4143.739199941113,0.0,0.9504850652099529,0.42638622050722996
685740.0,5028.94434949295,4143.751002180709,0.0,0.9504851620867545,0.42638758803291565
685800.0,5028.932550654671,4143.762808654333,0.0,0.9504850659466906,0.4263889555411518
685860.0,5028.920750523835,4143.774614240996,0.0,0.9504850108489891,0.4263903230546441
685920.0,5028.908946923023,4143.786417397171,0.0,0.9504850668625701,0.42639169057897713
685980.0,5028.8971525519855,4143.798227059166,0.0,0.9504848265601362,0.42639305807718786
686040.0,5028.885343252848,4143.8100262394255,0.0,0.9504850647490076,0.42639442562034724
686100.0,5028.873537114648,4143.821827661807,0.0,0.9504852011932744,0.4263957931554947
686160.0,5028.861739450061,4143.833635045178,0.0,0.9504850658202227,0.4263971606658697
686220.0,5028.849939970332,4143.845441174373,0.0,0.9504849882453803,0.4263985281830579
686280.0,5028.838135605875,4143.8572438789415,0.0,0.950485067143716,0.4263998957153021
686340.0,5028.82633971543,4143.869052553174,0.0,0.9504848740537923,0.4264012632233226
686400.0,5028.81453185091,4143.880852826295,0.0,0.950485064648363,0.42640263076784396
686460.0,5028.802726513306,4143.89265489612,0.0,0.9504851738251205,0.42640399830624204
686520.0,5028.790927955499,4143.904461736946,0.0,0.9504850654890755,0.42640536582491345
686580.0,5028.779127942719,4143.916267576631,0.0,0.9504850034041409,0.4264067333493249
686640.0,5028.767324020264,4143.928070676712,0.0,0.9504850665316648,0.42640810088588765
686700.0,5028.755530500193,4143.93988110697,0.0,0.950484795737566,0.4264094683928322
686760.0,5028.743720158501,4143.951679724313,0.0,0.9504850641603442,0.42641083595037027
686820.0,5028.731913380382,4143.9634808668325,0.0,0.9504852179259794,0.4264122034986956
686880.0,5028.720116151529,4143.975288726545,0.0,0.9504850653779824,0.42641357101904176
686940.0,5028.708316878811,4143.987095171284,0.0,0.9504849779633802,0.42641493854688256
687000.0,5028.696512102166,4143.998897756078,0.0,0.950485066879914,0.42641630609162523
687060.0,5028.684716875847,4144.010707067219,0.0,0.9504848492902717,0.42641767360893523
687120.0,5028.672908157138,4144.022506909819,0.0,0.9504850640783521,0.42641904116727253
687180.0,5028.661102287537,4144.034308775625,0.0,0.9504851871159513,0.4264204087185255
687240.0,5028.649304058473,4144.04611601757,0.0,0.9504850650362342,0.42642177624748556
687300.0,5028.637504191412,4144.057922129695,0.0,0.9504849950773897,0.42642314378273105
687360.0,5028.625699919193,4144.069725153865,0.0,0.9504850662216124,0.4264245113316049
687420.0,5028.613903287383,4144.081533562473,0.0,0.9504848920945298,0.42642587885873595
687480.0,5028.602095857432,4144.093334395524,0.0,0.9504850639632639,0.42642724641886753
687540.0,5028.5902907048685,4144.105136850093,0.0,0.9504851624117341,0.4264286139736179
687600.0,5028.578491665466,4144.116943607645,0.0,0.9504850647132845,0.42642998151062594
687660.0,5028.566691312844,4144.128749463569,0.0,0.9504850087228356,0.42643134905295144
687720.0,5028.554887434302,4144.140552849306,0.0,0.950485065645351,0.4264327166062859
687780.0,5028.543092934742,4144.152362846717,0.0,0.950484821447036,0.42643408413304806
687840.0,5028.5312832661575,4144.164162191446,0.0,0.9504850634988523,0.426435451705484
687900.0,5028.519476809747,4144.17596381464,0.0,0.9504852021562504,0.4264368192697531
687960.0,5028.507678963818,4144.187771495927,0.0,0.9504850645887731,0.4264381868088374
688020.0,5028.495879273648,4144.199577902385,0.0,0.9504849857567689,0.42643955435482156
688080.0,5028.48407461997,4144.211380828315,0.0,0.9504850659350614,0.4264409219160988
688140.0,5028.4722785772465,4144.2231898210675,0.0,0.9504848697149286,0.4264422894527393
688200.0,5028.460470367272,4144.234990275638,0.0,0.9504850634005836,0.42644365702646203
688260.0,5028.448664725217,4144.24679255599,0.0,0.9504851743482778,0.4264450245939371
688320.0,5028.436865972476,4144.258599685048,0.0,0.9504850642562638,0.4264463921413555
688380.0,5028.425065741481,4144.270405796433,0.0,0.9504850011653254,0.4264477596945834
688440.0,5028.41326153777,4144.282209123481,0.0,0.9504850653170936,0.42644912726015205
688500.0,5028.401464222785,4144.294017307197,0.0,0.9504849082902386,0.42645049480621533
688560.0,5028.389657170043,4144.30581865986,0.0,0.9504850632724693,0.42645186238212207
688620.0,5028.377852169677,4144.317621476053,0.0,0.9504851520464375,0.42645322995331714
688680.0,5028.366052754724,4144.329428225181,0.0,0.9504850615792899,0.42645459750836967
688740.0,5028.354249921687,4144.3412325871595,0.0,0.9504850804311858,0.42645596507460565
688800.0,5028.342448469804,4144.353037933513,0.0,0.9504850547375904,0.4264573326376349
688860.0,5028.330645788346,4144.364842429889,0.0,0.9504850682044013,0.4264587002052669
688920.0,5028.3188448335295,4144.376648154347,0.0,0.9504850260305008,0.42646006776872103
688980.0,5028.3070413606965,4144.388452122405,0.0,0.95048506434869,0.42646143534055897
689040.0,5028.29524419939,4144.400260547009,0.0,0.9504848998919301,0.42646280289496247
689100.0,5028.283436822394,4144.412061799027,0.0,0.9504850628762743,0.42646417048028323
689160.0,5028.271631604312,4144.4238645895175,0.0,0.9504851562347186,0.4264655380605741
689220.0,5028.259832260059,4144.435671515826,0.0,0.9504850610999562,0.4264669056238619
689280.0,5028.24802932182,4144.447475931247,0.0,0.9504850809270874,0.4264682731988578
689340.0,5028.23622783641,4144.459281381464,0.0,0.9504850539093589,0.4264696407704328
689400.0,5028.224425058418,4144.4710859373745,0.0,0.9504850680734356,0.42647100834679846
689460.0,5028.212624096599,4144.482891784346,0.0,0.9504850237247159,0.4264723759187192
689520.0,5028.200820487245,4144.494695783808,0.0,0.9504850640229595,0.42647374349941003
689580.0,5028.1890235157025,4144.506504469343,0.0,0.9504848910792526,0.4264751110616927
689640.0,5028.177215801587,4144.518305611642,0.0,0.9504850624787996,0.42647647865646443
689700.0,5028.165410358425,4144.530108371225,0.0,0.9504851606584548,0.42647784624587176
689760.0,5028.153611011218,4144.541915422497,0.0,0.9504850632265446,0.42647921381758386
689820.0,5028.141810354458,4144.553721574533,0.0,0.9504850073887519,0.42648058139460265
689880.0,5028.1300061816855,4144.56552526288,0.0,0.9504850641558393,0.42648194898260255
689940.0,5028.118211361485,4144.5773355455585,0.0,0.9504848206237306,0.4264833165441025
690000.0,5028.10640141492,4144.589135203541,0.0,0.9504850620149692,0.42648468415115787
690060.0,5028.094594671469,4144.6009371340315,0.0,0.9504852002938751,0.4264860517500704
690120.0,5028.082796514268,4144.61274510671,0.0,0.9504850631016872,0.42648741932386486
690180.0,5028.070996517987,4144.624551807932,0.0,0.9504849844846577,0.4264887869045441
690240.0,5028.059191572147,4144.636355037775,0.0,0.950485064444074,0.4264901545004775
690300.0,5028.047395213027,4144.648164318529,0.0,0.9504848687591816,0.4264915220718405
690360.0,5028.0355867208655,4144.659965083537,0.0,0.9504850619162827,0.4264928896801908
690420.0,5028.023780789368,4144.671767669558,0.0,0.9504851725611334,0.42649425728231244
690480.0,5028.0119817278,4144.683575091558,0.0,0.9504850627693995,0.42649562486443066
690540.0,5028.0001811921065,4144.695381498583,0.0,0.950484999850516,0.426496992452346
690600.0,5027.988376694865,4144.707185128594,0.0,0.9504850638271056,0.42649836005257097
690660.0,5027.97657906695,4144.7189936025325,0.0,0.950484907228629,0.42649972763334365
690720.0,5027.964771728654,4144.730795263374,0.0,0.9504850617878323,0.4265010952438836
690780.0,5027.952966436935,4144.7425983839275,0.0,0.9504851503194227,0.4265024628497268
690840.0,5027.941166714907,4144.754405427091,0.0,0.9504850600990448,0.4265038304394708
690900.0,5027.929363584392,4144.766210089396,0.0,0.9504850788993847,0.42650519804037096
690960.0,5027.917561831127,4144.778015733507,0.0,0.9504850532757855,0.4265065656380746
691020.0,5027.905758851729,4144.789820529889,0.0,0.950485066705735,0.4265079332403708
691080.0,5027.893957594093,4144.801626551143,0.0,0.9504850246467983,0.42650930083850225
691140.0,5027.8821538255115,4144.813430820626,0.0,0.9504850628603166,0.42651066844499713
691200.0,5027.870356350674,4144.825239534975,0.0,0.9504848988521613,0.4265120360341059
691260.0,5027.858548688871,4144.837041095583,0.0,0.9504850613916899,0.42651340365405216
691320.0,5027.8467431798845,4144.848844190649,0.0,0.950485154495293,0.4265147712689845
691380.0,5027.834943528197,4144.86065141068,0.0,0.9504850596199899,0.42651613886695927
691440.0,5027.823140292612,4144.872456126434,0.0,0.9504850793929068,0.42651750647661335
691500.0,5027.811338505756,4144.884261874283,0.0,0.9504850524487842,0.42651887408285766
691560.0,5027.79953542993,4144.896066730192,0.0,0.9504850665740989,0.4265202416938818
691620.0,5027.787734165152,4144.907872873787,0.0,0.950485022346272,0.4265216093004746
691680.0,5027.77593026027,4144.919677174739,0.0,0.9504850625344463,0.42652297691581637
691740.0,5027.7641329745,4144.931486149483,0.0,0.9504848900625055,0.42652434451280075
691800.0,5027.752324976366,4144.94328760081,0.0,0.9504850609942711,0.42652571214219037
691860.0,5027.74051924277,4144.9550906651975,0.0,0.9504851589059458,0.42652707976623244
691920.0,5027.728719587972,4144.966898010011,0.0,0.9504850617397472,0.4265284473726266
691980.0,5027.716918627278,4144.978704457974,0.0,0.9504850060542227,0.4265298149843162
692040.0,5027.705114160454,4144.990508448728,0.0,0.9504850626662773,0.42653118260695927
692100.0,5027.693319019867,4145.0023190165175,0.0,0.950484819798593,0.4265325502031743
692160.0,5027.681508795455,4145.014118987525,0.0,0.9504850605310208,0.4265339178448267
692220.0,5027.66970176512,4145.025921225097,0.0,0.9504851984324927,0.4265352854783605
692280.0,5027.657903296873,4145.037729488996,0.0,0.9504850616145449,0.42653665308684285
692340.0,5027.646102994692,4145.049536484803,0.0,0.9504849832119313,0.4265380207021948
692400.0,5027.634297756867,4145.061340018357,0.0,0.9504850629530396,0.4265393883327622
692460.0,5027.622501081585,4145.073149586946,0.0,0.9504848678020584,0.42654075593882534
692520.0,5027.610692307377,4145.084950662171,0.0,0.9504850604319182,0.4265421235817807
692580.0,5027.598886086605,4145.09675355365,0.0,0.9504851707747264,0.42654349121852664
692640.0,5027.587086716426,4145.108561268415,0.0,0.9504850612824782,0.4265448588353223
692700.0,5027.575285876243,4145.120367970895,0.0,0.9504849985351309,0.4265462264579028
692760.0,5027.563481085642,4145.132171903662,0.0,0.9504850623370706,0.42654759409276183
692820.0,5027.55168314503,4145.143980667657,0.0,0.9504849061656984,0.4265489617082213
692880.0,5027.539875521331,4145.1557826364615,0.0,0.9504850603031324,0.4265503293533722
692940.0,5027.5280699384275,4145.167586061168,0.0,0.950485148593047,0.4265516969938414
693000.0,5027.516269909539,4145.179393398191,0.0,0.9504850586187248,0.4265530646182542
693060.0,5027.504466481733,4145.191198360629,0.0,0.9504850773676498,0.42655443225379613
693120.0,5027.492664427285,4145.203004302307,0.0,0.9504850518138547,0.42655579988615183
693180.0,5027.480861150133,4145.214809398499,0.0,0.9504850652070447,0.42655716752309003
693240.0,5027.469059589884,4145.226615716361,0.0,0.950485023262757,0.426558535155876
693300.0,5027.457255525731,4145.238420287073,0.0,0.9504850613718906,0.4265599027970057
693360.0,5027.445457737597,4145.250229290999,0.0,0.9504848978110849,0.42656127042079733
693420.0,5027.433649791141,4145.262031159984,0.0,0.9504850599070421,0.42656263807534694
693480.0,5027.421843991417,4145.273834559417,0.0,0.9504851527565519,0.42656400572489866
693540.0,5027.41004403251,4145.285642072992,0.0,0.9504850581399467,0.4265653733575381
693600.0,5027.398240499765,4145.297447088884,0.0,0.9504850778588113,0.4265667410018282
693660.0,5027.386438411658,4145.309253134179,0.0,0.9504850509880742,0.4265681086427191
693720.0,5027.374635038187,4145.321058289886,0.0,0.9504850650747431,0.4265694762883795
693780.0,5027.362833470651,4145.332864729919,0.0,0.9504850209674478,0.426570843929622
693840.0,5027.35102927042,4145.344669332164,0.0,0.9504850610458815,0.4265722115795925
693900.0,5027.339231670662,4145.356478595952,0.0,0.9504848890443209,0.42657357921125627
693960.0,5027.327423388659,4145.368280356086,0.0,0.9504850595096792,0.42657494687524145
694020.0,5027.315617364795,4145.380083725068,0.0,0.9504851571541493,0.42657631453389605
694080.0,5027.303817402625,4145.391891363247,0.0,0.9504850602528933,0.4265776821749496
694140.0,5027.292016138207,4145.403698106954,0.0,0.9504850047191473,0.4265790498212878
694200.0,5027.280211377509,4145.415502399915,0.0,0.9504850611766675,0.4265804174785519
694260.0,5027.268415916792,4145.427313252665,0.0,0.9504848189713742,0.42658178510945965
694320.0,5027.256605414662,4145.439113536466,0.0,0.950485059047007,0.4265831527856874
694380.0,5027.244798097598,4145.450916080902,0.0,0.950485196572204,0.4265845204538203
694440.0,5027.232999318535,4145.462724635853,0.0,0.950485060127347,0.4265858880969682
694500.0,5027.221198710669,4145.4745319260655,0.0,0.9504849819384742,0.4265872557469705
694560.0,5027.2093931810305,4145.486335763123,0.0,0.9504850614619625,0.42658862341214937
694620.0,5027.197596189836,4145.49814561939,0.0,0.9504848668431334,0.42658999105289014
694680.0,5027.18578713372,4145.509947004605,0.0,0.950485058947489,0.42659135873042847
694740.0,5027.173980623833,4145.521750201331,0.0,0.9504851689892272,0.4265927264017765
694800.0,5027.162180945268,4145.533558208688,0.0,0.9504850597955006,0.42659409405322724
694860.0,5027.150379800804,4145.5453652064425,0.0,0.9504849972192331,0.4265954617104506
694920.0,5027.138574717026,4145.557169441764,0.0,0.9504850608469871,0.4265968293799215
694980.0,5027.12677646395,4145.568978495646,0.0,0.9504849051015544,0.42659819703004553
695040.0,5027.1149685550035,4145.580780772193,0.0,0.9504850588183692,0.426599564709785
695100.0,5027.103162681084,4145.592584500845,0.0,0.9504851468673574,0.42660093238485775
695160.0,5027.0913623455535,4145.60439213155,0.0,0.9504850571383269,0.4266023000439171
695220.0,5027.079558620641,4145.6161973939215,0.0,0.9504850758360042,0.4266036677140785
695280.0,5027.067756265209,4145.62800363298,0.0,0.9504850503517871,0.4266050353810637
695340.0,5027.055952690492,4145.639809028787,0.0,0.9504850637083357,0.42660640305262154
695400.0,5027.0441508278345,4145.651615643076,0.0,0.9504850218783246,0.4266077707200401
695460.0,5027.032346468297,4145.663420514813,0.0,0.950485059883413,0.42660913839578213
695520.0,5027.020548367106,4145.675229808155,0.0,0.9504848967685455,0.4266105060542342
695580.0,5027.00874013614,4145.687031985289,0.0,0.9504850584223311,0.4266118737433648
695640.0,5026.996934045848,4145.698835688881,0.0,0.9504851510184661,0.42661324142751345
695700.0,5026.98513377994,4145.710643495826,0.0,0.9504850566598271,0.426614609094795
695760.0,5026.973329950227,4145.72244881166,0.0,0.9504850763247917,0.426615976773699
695820.0,5026.961527561069,4145.734255154209,0.0,0.9504850495272339,0.42661734444921445
695880.0,5026.949723890144,4145.746060609525,0.0,0.9504850635753653,0.42661871212948876
695940.0,5026.937922020058,4145.757867345811,0.0,0.9504850195882645,0.42662007980535865
696000.0,5026.926117524663,4145.769672249147,0.0,0.9504850595572646,0.42662144748993536
696060.0,5026.9143196111545,4145.781481801815,0.0,0.9504848880246739,0.426622815156256
696120.0,5026.902511045424,4145.793283870535,0.0,0.9504850580250239,0.4266241828548148
696180.0,5026.8907047314615,4145.805087543906,0.0,0.9504851554030262,0.42662555054805956
696240.0,5026.878904462137,4145.816895475272,0.0,0.9504850587659822,0.4266269182237501
696300.0,5026.8671028942,4145.82870251454,0.0,0.9504850033836019,0.42662828590471447
696360.0,5026.855297839804,4145.8405071095,0.0,0.9504850596870082,0.4266296535965772
696420.0,5026.843502059213,4145.852318247056,0.0,0.9504848181422483,0.42663102126215513
696480.0,5026.8316912795,4145.864118843416,0.0,0.9504850575629283,0.4266323889729356
696540.0,5026.819883675867,4145.8759216945045,0.0,0.9504851947128531,0.4266337566756453
696600.0,5026.808084586212,4145.88773054033,0.0,0.9504850586400928,0.426635124353436
696660.0,5026.796283672873,4145.899538124766,0.0,0.9504849806644251,0.42663649203806614
696720.0,5026.78447785159,4145.9113422651235,0.0,0.9504850599708385,0.42663785973783425
696780.0,5026.772680544722,4145.923152408902,0.0,0.9504848658828542,0.4266392274132301
696840.0,5026.760871206849,4145.934954103889,0.0,0.9504850574629966,0.42664059512532926
696900.0,5026.749064408015,4145.946757605653,0.0,0.9504851672043926,0.42664196283125705
696960.0,5026.737264421281,4145.958565905422,0.0,0.9504850583084662,0.42664333051734055
697020.0,5026.725462972745,4145.970373198266,0.0,0.9504849959027898,0.42664469820918427
697080.0,5026.713657595962,4145.982177735944,0.0,0.9504850593568556,0.4266460659132445
697140.0,5026.701862671163,4145.993989645233,0.0,0.9504847871631179,0.426647433587504
697200.0,5026.690050844722,4146.005789674619,0.0,0.9504850569736875,0.4266488013126431
697260.0,5026.678242598911,4146.017592243385,0.0,0.9504852115344541,0.426650169028504
697320.0,5026.6664439478445,4146.029401567376,0.0,0.950485058198031,0.42665153671622064
697380.0,5026.654643243285,4146.041209468268,0.0,0.950484970331736,0.42665290441146236
697440.0,5026.642837008638,4146.053013487299,0.0,0.9504850597081382,0.42665427212369855
697500.0,5026.631034135273,4146.064819885394,0.0,0.9504850409843227,0.4266556398269042
697560.0,5026.61922988063,4146.076625325683,0.0,0.9504850663093668,0.4266570075351364
697620.0,5026.607426824932,4146.088431623345,0.0,0.950485052910597,0.4266583752407287
697680.0,5026.595622045406,4146.100236723148,0.0,0.9504850945322155,0.42665974295242765
697740.0,5026.583819739493,4146.112043575973,0.0,0.9504850565591255,0.4266611106576265
697800.0,5026.57201117038,4146.123846044301,0.0,0.9504852191003984,0.4266624783828772
697860.0,5026.560212691292,4146.135655616523,0.0,0.9504850578509304,0.426663846078505
697920.0,5026.548412053397,4146.1474636915045,0.0,0.9504849654511134,0.4266652137819718
697980.0,5026.536605600305,4146.159267683909,0.0,0.9504850594432507,0.4266665815032841
698040.0,5026.524802682386,4146.171074177791,0.0,0.950485039755044,0.42666794921504675
698100.0,5026.512998312332,4146.1828796639875,0.0,0.9504850663894949,0.4266693169320472
698160.0,5026.501195203515,4146.194686051406,0.0,0.9504850523012127,0.42667068464622177
698220.0,5026.489390282367,4146.2064911786565,0.0,0.9504850960734665,0.42667205236676703
698280.0,5026.4775879628705,4146.218298149065,0.0,0.9504850561423387,0.42667342008042974
698340.0,5026.465779057633,4146.230100507901,0.0,0.9504852270761284,0.4266747878151071
698400.0,5026.453980763258,4146.2419103373095,0.0,0.9504850575050877,0.4266761555186063
698460.0,5026.442180199329,4146.253718591505,0.0,0.9504849603377843,0.42667752323027514
698520.0,5026.430373601153,4146.265522608409,0.0,0.95048505660148,0.42667889096041445
698580.0,5026.418568272797,4146.2773275396,0.0,0.9504851117347296,0.4266802586881661
698640.0,5026.406766411233,4146.289134916866,0.0,0.9504850555183457,0.4266816264060778
698700.0,5026.394955280351,4146.300935794787,0.0,0.9504852962536716,0.4266829941530092
698760.0,5026.383159093775,4146.31274719166,0.0,0.9504850574711522,0.42668436185583536
698820.0,5026.371359716192,4146.324556365124,0.0,0.95048492065157,0.4266857295695797
698880.0,5026.359551842668,4146.336359569591,0.0,0.9504850562323487,0.426687097309138
698940.0,5026.347745762415,4146.348164056566,0.0,0.9504851338909107,0.4266884650447471
699000.0,5026.335944566034,4146.359971986484,0.0,0.9504850547407265,0.42668983276628863
699060.0,5026.324134863585,4146.371773948453,0.0,0.9504852481621697,0.42669120051422305
699120.0,5026.3123371403135,4146.383584349252,0.0,0.9504850570761398,0.4266925682272465
699180.0,5026.300536861107,4146.395392973292,0.0,0.9504849475825539,0.42669393594929383
699240.0,5026.2887297825655,4146.407196821592,0.0,0.9504850560683324,0.42669530369209496
699300.0,5026.276924136535,4146.41900169867,0.0,0.9504851182037626,0.4266966714320228
699360.0,5026.265122397722,4146.430809331783,0.0,0.950485054858216,0.42669803916079585
699420.0,5026.253310215065,4146.442609638929,0.0,0.9504853261503163,0.426699406922094
699480.0,5026.24151487334,4146.454421799849,0.0,0.950485057069329,0.42670077463362605
699540.0,5026.229715937317,4146.466231453532,0.0,0.9504849028912903,0.4267021423572796
699600.0,5026.217907427939,4146.478034379933,0.0,0.950485055683787,0.42670351010996277
699660.0,5026.206100940933,4146.489838750076,0.0,0.9504851432032287,0.42670487785801264
699720.0,5026.19429995802,4146.501646999674,0.0,0.9504850540133406,0.4267062455901437
699780.0,5026.182495606661,4146.5134528947065,0.0,0.9504850725983713,0.42670761333331714
699840.0,5026.170692616263,4146.5252597608,0.0,0.9504850472670918,0.42670898107333677
699900.0,5026.158888414088,4146.537065788566,0.0,0.9504850605431012,0.42671034881790687
699960.0,5026.147085913336,4146.548873027792,0.0,0.9504850189642814,0.4267117165583659
700020.0,5026.135280931118,4146.560678534599,0.0,0.9504850567406672,0.42671308430710464
700080.0,5026.123482168458,4146.572488437436,0.0,0.9504848946060573,0.4267144520386591
700140.0,5026.111673338695,4146.58429126533,0.0,0.9504850552878648,0.4267158198007174
700200.0,5026.099866636296,4146.59609561089,0.0,0.9504851473271385,0.4267171875578287
700260.0,5026.088065722214,4146.6079040360355,0.0,0.9504850535354523,0.42671855529817243
700320.0,5026.076261266338,4146.619709984554,0.0,0.9504850730819572,0.4267199230500762
700380.0,5026.064458242064,4146.631516953871,0.0,0.9504850464452297,0.426721290798615
700440.0,5026.052653943917,4146.643323041136,0.0,0.9504850604086658,0.4267226585518895
700500.0,5026.040851435422,4146.65513040198,0.0,0.9504850166857128,0.4267240263007893
700560.0,5026.029046317826,4146.666935940534,0.0,0.9504850564142147,0.42672539405834964
700620.0,5026.017247741329,4146.6787461015265,0.0,0.9504848859124386,0.4267267617977654
700680.0,5026.00543857851,4146.690548821965,0.0,0.950485054890681,0.4267281295692356
700740.0,5025.993631653461,4146.702353137809,0.0,0.9504851516830901,0.42672949733542886
700800.0,5025.9818307356245,4146.714161686989,0.0,0.9504850556266821,0.42673086508417135
700860.0,5025.970028527151,4146.725969349295,0.0,0.9504850005769871,0.4267322328381634
700920.0,5025.9582228537765,4146.737774581484,0.0,0.950485056541668,0.42673360060299337
700980.0,5025.946426396753,4146.749586318395,0.0,0.9504848164486925,0.4267349683416961
701040.0,5025.93461503341,4146.761387575232,0.0,0.9504850544298538,0.42673633612534284
701100.0,5025.922806826435,4146.773191073782,0.0,0.9504851907550774,0.42673770390097177
701160.0,5025.911007080732,4146.785000532341,0.0,0.9504850555000398,0.42673907165182756
701220.0,5025.899205522567,4146.796808736876,0.0,0.9504849779928142,0.4267404394094896
701280.0,5025.887399086809,4146.8086135173135,0.0,0.9504850568222836,0.4267418071822045
701340.0,5025.875601112732,4146.82042426642,0.0,0.950484863900631,0.42674317493069247
701400.0,5025.863791182064,4146.832226615729,0.0,0.9504850543290123,0.4267445427156757
701460.0,5025.851983774664,4146.844030761401,0.0,0.9504851634105644,0.4267459104945295
701520.0,5025.840183137192,4146.855839677293,0.0,0.9504850551688969,0.42674727825365555
701580.0,5025.828381046904,4146.867647592149,0.0,0.9504849931380198,0.4267486460185149
701640.0,5025.816575052653,4146.879452767821,0.0,0.9504850562104828,0.42675001379552263
701700.0,5025.804779445659,4146.891265272445,0.0,0.9504847856523078,0.4267513815429076
701760.0,5025.792967041572,4146.903065966021,0.0,0.9504850538411341,0.42675274934088103
701820.0,5025.781158195908,4146.91486918432,0.0,0.9504852074727349,0.426754117129636
701880.0,5025.7693588856,4146.926679118719,0.0,0.950485055057616,0.4267554848904112
701940.0,5025.7575575344445,4146.938487638318,0.0,0.9504849677191738,0.4267568526586743
702000.0,5025.745750687401,4146.950292298572,0.0,0.950485056558144,0.42675822044383593
702060.0,5025.733953376788,4146.962103684061,0.0,0.9504848391579861,0.4267595882015619
702120.0,5025.722142593472,4146.973905602483,0.0,0.9504850537589289,0.4267609560003091
702180.0,5025.7103346551485,4146.985709543737,0.0,0.9504851766893139,0.4267623237919661
702240.0,5025.698534346238,4146.997518860253,0.0,0.9504850547158816,0.4267636915613293
702300.0,5025.686732401758,4147.009327047078,0.0,0.9504849848179451,0.4267650593369712
702360.0,5025.674926058552,4147.021132146423,0.0,0.9504850559001323,0.4267664271262385
702420.0,5025.663127344649,4147.0329426293065,0.0,0.9504848819246153,0.42676779489375954
702480.0,5025.651317848364,4147.044745537811,0.0,0.9504850536436564,0.4267691626942756
702540.0,5025.639510626184,4147.05655006752,0.0,0.9504851520063153,0.42677053048940444
702600.0,5025.6277095082705,4147.068358899509,0.0,0.9504850543929291,0.42677189826678963
702660.0,5025.615907079089,4147.080166829959,0.0,0.9504849984511529,0.42677326604948573
702720.0,5025.604101129138,4147.091972290598,0.0,0.9504850553240893,0.426774633843188
702780.0,5025.592304544542,4147.103784361805,0.0,0.9504848113382478,0.42677600161031304
702840.0,5025.580492813029,4147.115585782002,0.0,0.9504850531793644,0.42677736942310734
702900.0,5025.56868428905,4147.127389480252,0.0,0.9504851917160515,0.4267787372277287
702960.0,5025.556884363023,4147.139199235614,0.0,0.9504850542682417,0.42678010500716446
703020.0,5025.545082595478,4147.151007716296,0.0,0.9504849755047693,0.42678147279349343
703080.0,5025.533275871664,4147.162812716981,0.0,0.9504850556132639,0.42678284059511234
703140.0,5025.521477746297,4147.1746237834905,0.0,0.9504848595637745,0.4267842083720912
703200.0,5025.509667471424,4147.186426313137,0.0,0.9504850530808969,0.4267855761861467
703260.0,5025.497859760764,4147.198230668226,0.0,0.9504851639319886,0.42678694399394845
703320.0,5025.4860589293985,4147.210039871232,0.0,0.9504850539357375,0.4267883117816923
703380.0,5025.474256621967,4147.2218480566735,0.0,0.9504849908996453,0.42678967957523906
703440.0,5025.462450347617,4147.233653458198,0.0,0.9504850549955499,0.4267910473811237
703500.0,5025.4506509519915,4147.245463715586,0.0,0.9504848981051712,0.42679241516749933
703560.0,5025.438841832809,4147.257267142968,0.0,0.9504850529526098,0.4267937829837132
703620.0,5025.427034763053,4147.269072033597,0.0,0.9504851416492689,0.4267951507952092
703680.0,5025.41523327059,4147.280880856514,0.0,0.9504850512608088,0.42679651859056134
703740.0,5025.403428365046,4147.292687292626,0.0,0.9504850700962596,0.4267978863970917
703800.0,5025.39162483867,4147.304494712923,0.0,0.9504850444249635,0.4267992542004112
703860.0,5025.379820084534,4147.316301283339,0.0,0.9504850578800158,0.426800622008329
703920.0,5025.368017054551,4147.328109081604,0.0,0.9504850157427346,0.4268019898120651
703980.0,5025.356211510241,4147.339915123717,0.0,0.9504850540275637,0.42680335762418053
704040.0,5025.3444122683095,4147.351725621619,0.0,0.9504848897136212,0.42680472541885595
704100.0,5025.332602825563,4147.363528948051,0.0,0.9504850525563326,0.4268060932444449
704160.0,5025.320795538629,4147.375333812655,0.0,0.9504851458336377,0.426807461064998
704220.0,5025.30899411699,4147.387142812408,0.0,0.9504850507814628,0.42680882886854654
704280.0,5025.297189106621,4147.398949301631,0.0,0.9504850705913284,0.4268101966837981
704340.0,5025.285385546995,4147.410756825451,0.0,0.9504850435970135,0.4268115644956251
704400.0,5025.273580696688,4147.4225634550685,0.0,0.9504850577487453,0.42681293231223805
704460.0,5025.261777659938,4147.43437137551,0.0,0.9504850134384694,0.42681430012440175
704520.0,5025.2499719795305,4147.446177448694,0.0,0.9504850537016909,0.4268156679453311
704580.0,5025.238172927314,4147.457988207166,0.0,0.9504848809080857,0.426817035747847
704640.0,5025.226363148165,4147.469791423568,0.0,0.9504850521587772,0.4268184035828482
704700.0,5025.214555636701,4147.481596256945,0.0,0.9504851502531724,0.426819771412479
704760.0,5025.202754212337,4147.49340538132,0.0,0.9504850529057784,0.4268211392244133
704820.0,5025.190951480364,4147.505213606547,0.0,0.9504849971164568,0.4268225070416475
704880.0,5025.179145237508,4147.5170193684535,0.0,0.950485053834171,0.42682387486986
704940.0,5025.1673483336535,4147.528831723602,0.0,0.9504848105135524,0.42682524267156763
705000.0,5025.1555363254565,4147.540633455705,0.0,0.9504850516950664,0.42682661051882625
705060.0,5025.1437275157505,4147.552437459906,0.0,0.9504851898537934,0.4268279783579362
705120.0,5025.131927279812,4147.5642475053255,0.0,0.9504850527807458,0.4268293461719273
705180.0,5025.120125207507,4147.576056279438,0.0,0.9504849742319783,0.4268307139927963
705240.0,5025.10831819286,4147.587861582696,0.0,0.9504850541218711,0.4268320818289164
705300.0,5025.096519752464,4147.599672935876,0.0,0.9504848586069021,0.42683344964046277
705360.0,5025.084709196703,4147.611475774617,0.0,0.9504850515961817,0.42683481748899066
705420.0,5025.072901197918,4147.62328043403,0.0,0.9504851621449184,0.426836185331284
705480.0,5025.061100059082,4147.635089928645,0.0,0.9504850524484628,0.42683755315357275
705540.0,5025.0492974483,4147.64689840839,0.0,0.9504849895841483,0.426838920981652
705600.0,5025.037490881748,4147.658704111537,0.0,0.9504850535051561,0.426840288822038
705660.0,5025.025691174557,4147.670514657816,0.0,0.9504848970425254,0.426841656642968
705720.0,5025.013881771133,4147.682318392031,0.0,0.9504850514675588,0.42684302449365996
705780.0,5025.002074411343,4147.694123585677,0.0,0.9504851399222815,0.42684439233964916
705840.0,5024.990272613158,4147.705932701299,0.0,0.9504850497801421,0.4268457601695375
705900.0,5024.978467411468,4147.7177394364,0.0,0.9504850685641276,0.4268471280105769
705960.0,5024.966663585052,4147.729547153117,0.0,0.9504850429627044,0.42684849584841594
706020.0,5024.954858534309,4147.7413540222005,0.0,0.9504850563809605,0.4268498636908431
706080.0,5024.943055202854,4147.753162115929,0.0,0.9504850143584401,0.42685123152910126
706140.0,5024.931249364124,4147.764968458125,0.0,0.9504850525387828,0.42685259937571857
706200.0,5024.919449810032,4147.776779244444,0.0,0.9504848886726571,0.4268539672049443
706260.0,5024.907640083785,4147.7885828781145,0.0,0.9504850510713341,0.4268553350650037
706320.0,5024.895832507266,4147.800388045951,0.0,0.9504851440942335,0.42685670292004335
706380.0,5024.884030779548,4147.812197338091,0.0,0.9504850493010745,0.4268580707581239
706440.0,5024.872225473167,4147.824004126307,0.0,0.9504850690568205,0.42685943860787867
706500.0,5024.860421613433,4147.835811946424,0.0,0.9504850421359831,0.42686080645421964
706560.0,5024.848616466628,4147.8476188747,0.0,0.9504850562490201,0.42686217430533596
706620.0,5024.836813128267,4147.859427090429,0.0,0.9504850120594274,0.42686354215201683
706680.0,5024.825007153661,4147.871233463765,0.0,0.9504850522127709,0.42686491000744203
706740.0,5024.813207788592,4147.883044510119,0.0,0.9504848798900515,0.4268662778445047
706800.0,5024.8013977267265,4147.8948480342,0.0,0.9504850506738345,0.42686764571396885
706860.0,5024.7895899261475,4147.906653171037,0.0,0.9504851485007103,0.4268690135780793
706920.0,5024.777788195553,4147.918462587623,0.0,0.9504850514185711,0.42687038142454053
706980.0,5024.765985160996,4147.930271107443,0.0,0.9504849957811831,0.4268717492762906
707040.0,5024.754178625415,4147.942077170412,0.0,0.9504850523442052,0.4268731171389913
707100.0,5024.742381402567,4147.953889809353,0.0,0.9504848096865921,0.42687448497525904
707160.0,5024.730569117807,4147.9656918531255,0.0,0.9504850502107022,0.4268758528569599
707220.0,5024.718760022523,4147.977496163059,0.0,0.9504851879927771,0.4268772207305361
707280.0,5024.706959476907,4147.989306498371,0.0,0.950485051293194,0.42687858857905986
707340.0,5024.695157100058,4148.001115565734,0.0,0.9504849729584246,0.42687995643444654
707400.0,5024.683349794747,4148.01292117136,0.0,0.9504850526304354,0.42688132430504544
707460.0,5024.671551039573,4148.024732811049,0.0,0.9504848576482866,0.42688269215113683
707520.0,5024.659740203063,4148.036535958653,0.0,0.9504850501114022,0.4268840600341149
707580.0,5024.647931916316,4148.048340922178,0.0,0.9504851603586884,0.42688542791087747
707640.0,5024.636130470229,4148.060150708229,0.0,0.9504850509611319,0.42688679576768856
707700.0,5024.624327556309,4148.071959482098,0.0,0.9504849882680521,0.42688816363027793
707760.0,5024.612520697725,4148.083765486662,0.0,0.9504850520147166,0.4268895315051429
707820.0,5024.600720679209,4148.095576321667,0.0,0.9504848959784327,0.4268908993606047
707880.0,5024.588910991687,4148.107380362496,0.0,0.9504850499824448,0.42689226724575263
707940.0,5024.577103342032,4148.119185858949,0.0,0.9504851381959563,0.42689363512621276
708000.0,5024.565301238347,4148.130995267098,0.0,0.9504850482993988,0.426895002990615
708060.0,5024.553495740702,4148.1428023009885,0.0,0.9504850670320713,0.4268963708661413
708120.0,5024.541691614445,4148.154610313937,0.0,0.9504850415003148,0.42689773873847725
708180.0,5024.529886267284,4148.16641748149,0.0,0.9504850548818833,0.42689910661539143
708240.0,5024.518082634563,4148.178225870491,0.0,0.9504850129737861,0.42690047448814916
708300.0,5024.5062765015955,4148.190032512572,0.0,0.9504850510499494,0.42690184236924605
708360.0,5024.494476635578,4148.201843587141,0.0,0.9504848876303833,0.4269032102329995
708420.0,5024.482666625982,4148.213647527838,0.0,0.9504850495862724,0.4269045781275072
708480.0,5024.470858760047,4148.225452998698,0.0,0.9504851423554865,0.426905946017011
708540.0,5024.459056726469,4148.237262583051,0.0,0.95048504782061,0.426907313889601
708600.0,5024.447251124265,4148.249069670068,0.0,0.9504850675223924,0.4269086817738368
708660.0,5024.435446964624,4148.2608777862915,0.0,0.9504850406748194,0.4269100496546694
708720.0,5024.423641521512,4148.272685013031,0.0,0.950485054749275,0.4269114175402669
708780.0,5024.411837881742,4148.284493523862,0.0,0.9504850106800105,0.4269127854214424
708840.0,5024.400031613116,4148.296300197148,0.0,0.9504850507237987,0.42691415331134136
708900.0,5024.388231935432,4148.308111531219,0.0,0.9504848788706146,0.42691552118292825
708960.0,5024.376421590996,4148.3199153627575,0.0,0.9504850491888285,0.42691688908683295
709020.0,5024.364613501469,4148.331720802847,0.0,0.9504851467489535,0.426918256985401
709080.0,5024.35281146486,4148.343530511464,0.0,0.9504850499313069,0.42691962486636664
709140.0,5024.341008127929,4148.355339325694,0.0,0.9504849944454093,0.4269209927526102
709200.0,5024.329201299798,4148.367145689526,0.0,0.9504850508541904,0.42692236064977684
709260.0,5024.31740375821,4148.378958612106,0.0,0.9504848088577342,0.42692372852058214
709320.0,5024.305591197017,4148.390760967315,0.0,0.9504850487262732,0.4269250964367033
709380.0,5024.293781816315,4148.402565582766,0.0,0.9504851861327402,0.4269264643447235
709440.0,5024.281980961248,4148.414376207798,0.0,0.9504850498055867,0.42692783222775765
709500.0,5024.270178280069,4148.426185568234,0.0,0.9504849716841474,0.42692920011763946
709560.0,5024.258370684264,4148.437991476021,0.0,0.9504850511389562,0.426930568022695
709620.0,5024.246571614555,4148.449803402064,0.0,0.9504848566879716,0.4269319359033089
709680.0,5024.234760497433,4148.461606858307,0.0,0.9504850486265586,0.4269333038207149
709740.0,5024.222951922888,4148.473412125733,0.0,0.9504851585732953,0.4269346717319245
709800.0,5024.211150169774,4148.485222203044,0.0,0.9504850494737443,0.42693603962323573
709860.0,5024.199346952925,4148.49703127085,0.0,0.9504849869514311,0.42693740752031284
709920.0,5024.187539802483,4148.508837576626,0.0,0.9504850505242294,0.4269387754296345
709980.0,5024.175743118376,4148.520651272226,0.0,0.9504847778214649,0.4269401433090698
710040.0,5024.163929509545,4148.532453058424,0.0,0.9504850481367391,0.42694151123951246
710100.0,5024.152119486305,4148.544257390223,0.0,0.9504852029866369,0.42694287916064383
710160.0,5024.140319070945,4148.556068493977,0.0,0.9504850493635071,0.42694424705355555
710220.0,5024.128516599349,4148.567878171025,0.0,0.9504849613329633,0.4269456149540023
710280.0,5024.116708590132,4148.579683956554,0.0,0.9504850508765733,0.42694698287148386
710340.0,5024.104903946835,4148.591492126993,0.0,0.9504850321178075,0.42694835077990523
710400.0,5024.093097920413,4148.603299337202,0.0,0.9504850574902837,0.4269497186933602
710460.0,5024.081293094619,4148.615107406857,0.0,0.9504850440665203,0.4269510866041623
710520.0,5024.069486542683,4148.626914275624,0.0,0.9504850857660699,0.4269524545210806
710580.0,5024.057682467786,4148.6387229017155,0.0,0.9504850477220079,0.426953822431476
710640.0,5024.045872121187,4148.650527132353,0.0,0.9504852105674575,0.42695519036196583
710700.0,5024.034071878431,4148.662338484485,0.0,0.9504850490163644,0.42695655826275347
710760.0,5024.0222694739805,4148.674148335584,0.0,0.9504849564437673,0.42695792617139106
710820.0,5024.010461246405,4148.685954093947,0.0,0.9504850506117982,0.42695929409791666
710880.0,5023.998656558882,4148.6977623599405,0.0,0.9504850308868279,0.4269606620148616
710940.0,5023.986850417281,4148.709569615698,0.0,0.9504850575711735,0.4269620299370519
711000.0,5023.975045538687,4148.721377774859,0.0,0.9504850434566007,0.4269633978564029
711060.0,5023.963238845326,4148.733184670669,0.0,0.9504850873108269,0.4269647657821347
711120.0,5023.951434757214,4148.744993414167,0.0,0.9504850473050489,0.42696613370096054
711180.0,5023.939624074421,4148.75679753457,0.0,0.9504852185586552,0.4269675016408458
711240.0,5023.927824017018,4148.768609144055,0.0,0.9504850486704818,0.42696886954946967
711300.0,5023.916021687023,4148.78041917434,0.0,0.9504849513214513,0.42697023746627494
711360.0,5023.904213314549,4148.792224956794,0.0,0.9504850477653186,0.426971605401595
711420.0,5023.892406213699,4148.804031655726,0.0,0.9504851030017415,0.42697297333451223
711480.0,5023.880602584402,4148.815840806772,0.0,0.9504850466802938,0.4269743412575608
711540.0,5023.868789673184,4148.827643442274,0.0,0.9504852878659202,0.42697570920969463
711600.0,5023.856991726714,4148.839456622793,0.0,0.9504850486368869,0.42697707711760674
711660.0,5023.845190584942,4148.851267574311,0.0,0.9504849115615208,0.42697844503645593
711720.0,5023.833380935644,4148.863072542,0.0,0.9504850473959019,0.4269798129811824
711780.0,5023.821573082128,4148.874878795299,0.0,0.9504851251997695,0.4269811809219402
711840.0,5023.809770119183,4148.886688500055,0.0,0.9504850459016257,0.426982548848591
711900.0,5023.797958638592,4148.898492221998,0.0,0.9504852396848851,0.42698391680169584
711960.0,5023.786159153588,4148.910304403661,0.0,0.9504850482415407,0.42698528471979447
712020.0,5023.774357109221,4148.922114804079,0.0,0.950484938543257,0.4269866526469311
712080.0,5023.76254825625,4148.933920416884,0.0,0.9504850472319837,0.4269880205948716
712140.0,5023.750740837811,4148.945727060939,0.0,0.950485109483685,0.42698938853992235
712200.0,5023.73893733195,4148.957536467838,0.0,0.9504850460197382,0.42699075647378637
712260.0,5023.727123368033,4148.969338530516,0.0,0.9504853178194235,0.42699212444025003
712320.0,5023.715326268092,4148.981152476355,0.0,0.9504850482351219,0.42699349235681655
712380.0,5023.703525569004,4148.992963908657,0.0,0.9504848937687671,0.4269948602855266
712440.0,5023.691715283499,4149.0047685969585,0.0,0.9504850468471236,0.42699622824333766
712500.0,5023.6799070231955,4149.016574732508,0.0,0.9504851345302618,0.42699759619649436
712560.0,5023.668104274526,4149.028384757107,0.0,0.9504850451736891,0.42699896413368804
712620.0,5023.656298152853,4149.040192421246,0.0,0.950485063793537,0.4270003320819461
712680.0,5023.644493394046,4149.052001058804,0.0,0.9504850384149597,0.42700170002703636
712740.0,5023.632687421849,4149.063808855903,0.0,0.9504850517158617,0.42700306797668247
712800.0,5023.620883153444,4149.07561786741,0.0,0.9504850100593484,0.42700443592220055
712860.0,5023.609076400221,4149.087425142156,0.0,0.950485047906452,0.4270058038760138
712920.0,5023.59727587512,4149.099236823757,0.0,0.9504848854686605,0.4270071718125897
712980.0,5023.585465269179,4149.111041412835,0.0,0.9504850464510674,0.4270085397797448
713040.0,5023.573656793571,4149.122847523268,0.0,0.9504851386625999,0.4270099077419309
713100.0,5023.5618541142185,4149.1346577233835,0.0,0.9504850446955111,0.42701127568730307
713160.0,5023.550047888273,4149.146465440667,0.0,0.9504850642786586,0.4270126436442584
713220.0,5023.538243095928,4149.158274181233,0.0,0.9504850375921545,0.42701401159783425
713280.0,5023.526437028015,4149.170082037502,0.0,0.9504850515817889,0.42701537955615165
713340.0,5023.514632752246,4149.1818911704595,0.0,0.9504850077770696,0.42701674751007684
713400.0,5023.5028258638495,4149.193698476556,0.0,0.9504850475799976,0.42701811547267926
713460.0,5023.491025525562,4149.205510416487,0.0,0.9504848767591393,0.4270194834170812
713520.0,5023.479214586489,4149.21731489737,0.0,0.9504850460537472,0.42702085139361684
713580.0,5023.467405888315,4149.229120977539,0.0,0.9504851430274113,0.4270222193648528
713640.0,5023.455603205596,4149.240931301524,0.0,0.9504850467912611,0.4270235873185899
713700.0,5023.443799230537,4149.252740736359,0.0,0.9504849916385328,0.42702495527758094
713760.0,5023.431991785853,4149.264547735013,0.0,0.9504850477080957,0.42702632324743445
713820.0,5023.420193570205,4149.276361254468,0.0,0.9504848071655383,0.4270276911910846
713880.0,5023.408380427849,4149.288164267797,0.0,0.9504850455924618,0.4270290591797914
713940.0,5023.396570446249,4149.299969528326,0.0,0.950485182173032,0.4270304271604505
714000.0,5023.384768937523,4149.311780763639,0.0,0.9504850466647867,0.4270317951162695
714060.0,5023.372965613921,4149.323590741735,0.0,0.9504849690124979,0.42703316307890316
714120.0,5023.361157406073,4149.335397287201,0.0,0.9504850479896416,0.4270345310566253
714180.0,5023.349357671537,4149.347209816102,0.0,0.950484854706758,0.42703589901005123
714240.0,5023.337545964078,4149.3590139243,0.0,0.9504850454918367,0.42703726700006095
714300.0,5023.3257367834085,4149.370819833244,0.0,0.9504851547777295,0.4270386349839162
714360.0,5023.313934381953,4149.382630524226,0.0,0.9504850463334291,0.4270400029479898
714420.0,5023.302130525758,4149.394440211608,0.0,0.9504849841865123,0.4270413709178023
714480.0,5023.29032276028,4149.406247152979,0.0,0.950485047377099,0.42704273889979116
714540.0,5023.278525396334,4149.418061441415,0.0,0.9504847763125991,0.427044106852072
714600.0,5023.26671121234,4149.429863889463,0.0,0.950485045003451,0.4270454748550683
714660.0,5023.254900591698,4149.44166886842,0.0,0.950485198922695,0.4270468428488133
714720.0,5023.243099519483,4149.453480580118,0.0,0.9504850462223449,0.4270482108145033
714780.0,5023.23129640369,4149.465290873429,0.0,0.9504849587204725,0.4270495787876913
714840.0,5023.219487784511,4149.477097297788,0.0,0.9504850477258168,0.42705094677781824
714900.0,5023.2076825103895,4149.4889060932765,0.0,0.9504850290795057,0.4270523147589417
714960.0,5023.195875861661,4149.500713934135,0.0,0.9504850542992886,0.42705368274507355
715020.0,5023.184070406091,4149.512522629497,0.0,0.9504850409559253,0.4270550507285724
715080.0,5023.1722632350165,4149.5243301309665,0.0,0.95048508240469,0.42705641871815625
715140.0,5023.160458525621,4149.536139379615,0.0,0.9504850445889472,0.4270577867012588
715200.0,5023.148647583259,4149.547944258325,0.0,0.9504852064557663,0.4270591547043463
715260.0,5023.136846682224,4149.559756217294,0.0,0.9504850458750239,0.42706052267790473
715320.0,5023.125043632804,4149.571566683978,0.0,0.9504849538583955,0.4270618906592743
715380.0,5023.113234796259,4149.583373081657,0.0,0.950485047460368,0.42706325865843114
715440.0,5023.101429477826,4149.595181972479,0.0,0.950485027853663,0.4270646266480669
715500.0,5023.089622714274,4149.60698985895,0.0,0.9504850543774257,0.42706599464292194
715560.0,5023.077817205871,4149.618798643631,0.0,0.9504850403474073,0.4270673626349583
715620.0,5023.066009893889,4149.630606172316,0.0,0.9504850839378928,0.42706873063334294
715680.0,5023.0542051710045,4149.642415538016,0.0,0.9504850441722289,0.4270700986248653
715740.0,5023.042393894169,4149.654220307459,0.0,0.9504852143967335,0.42707146663733186
715800.0,5023.030593176983,4149.666032522616,0.0,0.9504850455289554,0.4270728346187194
715860.0,5023.0187902012,4149.677843167778,0.0,0.9504849487645656,0.42707420260824736
715920.0,5023.006981220298,4149.689649589734,0.0,0.9504850446287276,0.42707557061618556
715980.0,5022.995173503093,4149.701456922915,0.0,0.950485099533023,0.427076938621741
716040.0,5022.983369235946,4149.713266694022,0.0,0.9504850435497194,0.4270783066174869
716100.0,5022.971555744239,4149.72506998739,0.0,0.9504852832858596,0.4270796746421567
716160.0,5022.959757124683,4149.736883764696,0.0,0.9504850454940525,0.4270810426228615
716220.0,5022.947955329533,4149.748695325972,0.0,0.9504849092420862,0.42708241061444685
716280.0,5022.936145079469,4149.760500938108,0.0,0.9504850442600212,0.4270837786317625
716340.0,5022.924336614018,4149.772307828459,0.0,0.9504851215961021,0.4270851466451387
716400.0,5022.912533008859,4149.784118150286,0.0,0.9504850427742203,0.42708651464449143
716460.0,5022.900720938705,4149.795922524005,0.0,0.9504852353928639,0.4270878826701504
716520.0,5022.888920789897,4149.807735308464,0.0,0.9504850450995721,0.4270892506610085
716580.0,5022.877118097498,4149.819546322052,0.0,0.9504849360601337,0.42709061866085873
716640.0,5022.865308638592,4149.83135257578,0.0,0.9504850440955778,0.42709198668139525
716700.0,5022.853500605284,4149.843159854841,0.0,0.9504851059730159,0.4270933546990648
716760.0,5022.841696460332,4149.85496988076,0.0,0.9504850428901126,0.42709472270561427
716820.0,5022.829881921954,4149.866772605057,0.0,0.9504853130565544,0.4270960907445818
716880.0,5022.818084143218,4149.8785871436885,0.0,0.950485045091683,0.4270974587339416
716940.0,5022.806282787538,4149.8903991833995,0.0,0.9504848915531561,0.4270988267353813
717000.0,5022.794471904722,4149.902204518205,0.0,0.950485043711521,0.42710019476575656
717060.0,5022.782663034518,4149.914011291924,0.0,0.9504851308676133,0.4271015627915106
717120.0,5022.770859641835,4149.925821932184,0.0,0.950485042047637,0.4271029308013957
717180.0,5022.759046711266,4149.937625868083,0.0,0.9504852591168808,0.4271042988407945
717240.0,5022.747247215534,4149.949439281536,0.0,0.9504850446785814,0.4271056668408675
717300.0,5022.735444855049,4149.961250697738,0.0,0.9504849218061684,0.42710703485089246
717360.0,5022.7236348700635,4149.973056749295,0.0,0.9504850435576506,0.42710840288416874
717420.0,5022.71182649312,4149.98486395478,0.0,0.9504851132932155,0.42710977091403224
717480.0,5022.70002249844,4149.9966742552715,0.0,0.9504850422096803,0.4271111389312992
717540.0,5022.688210869695,4150.00847919252,0.0,0.9504852159039852,0.42711250697239156
717600.0,5022.676409990138,4150.0202917154475,0.0,0.9504850442985063,0.42711387498218173
717660.0,5022.664606815728,4150.032102642575,0.0,0.950484945965627,0.4271152430002211
717720.0,5022.652797539317,4150.043909277577,0.0,0.9504850433850167,0.42711661103696297
717780.0,5022.640989547211,4150.055716838451,0.0,0.950485099180306,0.42711797907125926
717840.0,5022.629185060932,4150.0675268769255,0.0,0.9504850422898472,0.4271193470955773
717900.0,5022.617371201368,4150.079330331843,0.0,0.9504852859143744,0.4271207151492676
717960.0,5022.605572454135,4150.091144441556,0.0,0.9504850442670475,0.42712208315826766
718020.0,5022.5937704802445,4150.1029562989015,0.0,0.9504849058061738,0.42712345117830136
718080.0,5022.581959914999,4150.114762110042,0.0,0.950485043014341,0.4271248192244769
718140.0,5022.570151163391,4150.126569220031,0.0,0.9504851216052224,0.4271261872666248
718200.0,5022.558347350618,4150.138379817367,0.0,0.9504850415057823,0.42712755529451185
718260.0,5022.546534936331,4150.150184369471,0.0,0.9504852372487081,0.4271289233491167
718320.0,5022.534734635982,4150.161997469315,0.0,0.95048504387018,0.4271302913683387
718380.0,5022.522931751181,4150.173808769208,0.0,0.9504849330631688,0.4271316593966755
718440.0,5022.5111219906985,4150.18561523157,0.0,0.9504850428512409,0.4271330274460281
718500.0,5022.499313679036,4150.197422735774,0.0,0.950485105732785,0.42713439549244275
718560.0,5022.487509318577,4150.2092330315445,0.0,0.950485041627564,0.4271357635275474
718620.0,5022.475698073343,4150.2210384915215,0.0,0.9504851982562287,0.4271371315842404
718680.0,5022.463896520309,4150.2328507931115,0.0,0.9504850435030946,0.4271384996127864
718740.0,5022.452092896721,4150.244661656789,0.0,0.9504849548251254,0.4271398676489115
718800.0,5022.440283696672,4150.256468598684,0.0,0.9504850450278887,0.4271412357021993
718860.0,5022.428477886259,4150.268277943918,0.0,0.9504850261313936,0.4271426037463456
718920.0,5022.416670683091,4150.280086321383,0.0,0.9504850516908583,0.4271439717955551
718980.0,5022.404864689057,4150.291895564885,0.0,0.9504850381686191,0.4271453398420811
719040.0,5022.393056956843,4150.303703598086,0.0,0.9504850801753004,0.42714670789476095
719100.0,5022.381251719133,4150.315513402178,0.0,0.9504850418515988,0.4271480759408578
719160.0,5022.369440165798,4150.327318776557,0.0,0.9504852058956138,0.4271494440071916
719220.0,5022.357638787298,4150.339131327688,0.0,0.9504850431560741,0.4271508120435857
719280.0,5022.3458352320395,4150.350942366001,0.0,0.9504849499026524,0.42715218008787637
719340.0,5022.33402581281,4150.362749279754,0.0,0.9504850447638412,0.42715354815018985
719400.0,5022.322219958573,4150.3745587205185,0.0,0.9504850248940282,0.42715491620283697
719460.0,5022.310412640126,4150.386367143116,0.0,0.9504850517750213,0.42715628426076085
719520.0,5022.298606593632,4150.39817647605,0.0,0.9504850375568867,0.42715765231581315
719580.0,5022.286798719707,4150.409984535734,0.0,0.9504850817341123,0.4271590203772861
719640.0,5022.274993469403,4150.421794457372,0.0,0.9504850414342471,0.42716038843178955
719700.0,5022.26318157822,4150.433599719889,0.0,0.9504852139484674,0.4271617565075028
719760.0,5022.251380387091,4150.445412529605,0.0,0.9504850428103232,0.42716312455170496
719820.0,5022.2395769075265,4150.457223747731,0.0,0.9504849447451889,0.4271644926041377
719880.0,5022.227767343088,4150.469030684996,0.0,0.9504850418990938,0.42716586067522516
719940.0,5022.215959059323,4150.480838545728,0.0,0.9504850975422829,0.42716722874387614
720000.0,5022.204154271531,4150.492648877572,0.0,0.9504850408066795,0.4271685968025759
720060.0,5022.192340136751,4150.504452643147,0.0,0.9504852837674203,0.427169964890574
720120.0,5022.180541071852,4150.516267035585,0.0,0.9504850427782653,0.4271713329339993
720180.0,5022.168738789329,4150.528079181588,0.0,0.950484904694491,0.42717270098843235
720240.0,5022.156927939574,4150.5398852972485,0.0,0.950485041528743,0.4271740690689401
720300.0,5022.145118898335,4150.551692708375,0.0,0.9504851199054106,0.4271754371454335
720360.0,5022.133314782047,4150.563503597713,0.0,0.9504850400240659,0.4271768052077042
720420.0,5022.121502088387,4150.575308457688,0.0,0.950485235233587,0.42717817329662505
720480.0,5022.109701474625,4150.587121843003,0.0,0.9504850423817938,0.427179541350257
720540.0,5022.097898283641,4150.598933433112,0.0,0.9504849318765629,0.4271809094129827
720600.0,5022.086088236281,4150.610740198384,0.0,0.9504850413654026,0.42718227749667037
720660.0,5022.074279633645,4150.62254800279,0.0,0.9504851040755063,0.4271836455774305
720720.0,5022.062474971106,4150.634358591447,0.0,0.9504850401448314,0.4271850136469112
720780.0,5022.050663443109,4150.646164357012,0.0,0.9504851963466424,0.4271863817379258
720840.0,5022.038861580077,4150.657976946264,0.0,0.9504850420150236,0.42718774980086865
720900.0,5022.027057652274,4150.669788101398,0.0,0.950484953578582,0.4271891178713736
720960.0,5022.015248163667,4150.681595345046,0.0,0.9504850435354343,0.4271904859589976
721020.0,5022.0034420551565,4150.693404985745,0.0,0.9504850246903122,0.42719185403750576
721080.0,5021.991634557782,4150.705213661229,0.0,0.9504850501800216,0.4271932221210657
721140.0,5021.979828266129,4150.717023200492,0.0,0.9504850366945118,0.4271945902019511
721200.0,5021.96802024116,4150.728831532646,0.0,0.9504850785866277,0.42719595828897616
721260.0,5021.956214703676,4150.740641631061,0.0,0.9504850403672281,0.42719732636943714
721320.0,5021.944402868277,4150.752447311406,0.0,0.9504852039641649,0.427198694470085
721380.0,5021.932601179121,4150.764260149692,0.0,0.950485041667921,0.42720006254087217
721440.0,5021.920797319298,4150.77607147915,0.0,0.9504849486684355,0.4272014306195382
721500.0,5021.908987611967,4150.787878694874,0.0,0.9504850432710799,0.4272027987161811
721560.0,5021.897181459596,4150.799688430999,0.0,0.9504850234552872,0.42720416680318474
721620.0,5021.88537384711,4150.811497151642,0.0,0.9504850502629298,0.4272055348954532
721680.0,5021.873567502983,4150.823306780253,0.0,0.9504850360834174,0.4272069029848595
721740.0,5021.861759336545,4150.83511513897,0.0,0.9504850801401724,0.4272082710806715
721800.0,5021.849953786339,4150.84692535477,0.0,0.9504850399499859,0.4272096391695341
721860.0,5021.838141613881,4150.858730923692,0.0,0.9504852119940965,0.4272110072795538
721920.0,5021.826340111414,4150.870544020031,0.0,0.9504850413220847,0.4272123753581456
721980.0,5021.814536326911,4150.882355528976,0.0,0.9504849435240326,0.4272137434449492
722040.0,5021.80272647462,4150.894162768294,0.0,0.9504850404131095,0.42721511155035996
722100.0,5021.790917899375,4150.905970928683,0.0,0.9504850959045976,0.42721647965334325
722160.0,5021.779112810277,4150.9177815537105,0.0,0.9504850393234427,0.42721784774640226
722220.0,5021.767298400415,4150.929585629711,0.0,0.9504852816222338,0.4272192158686861
722280.0,5021.755499018101,4150.941400304723,0.0,0.9504850412894293,0.42722058394651424
722340.0,5021.743696427173,4150.953212739211,0.0,0.9504849035816684,0.4272219520353242
722400.0,5021.731885293063,4150.965019159174,0.0,0.9504850400430827,0.42722332015014197
722460.0,5021.720075962364,4150.976826871233,0.0,0.9504851182061304,0.4272246882609584
722520.0,5021.708271542778,4150.988638052395,0.0,0.9504850385422762,0.4272260563575902
722580.0,5021.696458569887,4151.000443220015,0.0,0.9504852332199358,0.42722742448080486
722640.0,5021.684657642952,4151.012256890639,0.0,0.950485040893353,0.4272287925688243
722700.0,5021.672854146007,4151.024068770787,0.0,0.9504849306890588,0.42723016066591646
722760.0,5021.661043811936,4151.035875838759,0.0,0.9504850398795024,0.42723152878391685
722820.0,5021.649234918503,4151.047683943164,0.0,0.9504851024186529,0.4272328968990002
722880.0,5021.637429954091,4151.059494824532,0.0,0.950485038662028,0.4272342650028344
722940.0,5021.625618143485,4151.071300895469,0.0,0.9504851944381948,0.42723563312814866
723000.0,5021.613815970679,4151.083113772214,0.0,0.9504850405268969,0.4272370012254659
723060.0,5021.602011738879,4151.0949252186265,0.0,0.9504849523312477,0.42723836933032827
723120.0,5021.590201961882,4151.106732763815,0.0,0.9504850420429376,0.4272397374522661
723180.0,5021.57839555547,4151.118542699788,0.0,0.9504850232490385,0.42724110556511397
723240.0,5021.566587764079,4151.130351673094,0.0,0.9504850486691959,0.4272424736830021
723300.0,5021.554781175006,4151.14216150793,0.0,0.9504850352203081,0.4272438417982247
723360.0,5021.5429728574645,4151.153970138836,0.0,0.950485076998192,0.4272452099195726
723420.0,5021.531167020405,4151.165780531391,0.0,0.9504850388827916,0.4272465780343751
723480.0,5021.519354903094,4151.177586517482,0.0,0.9504852020339449,0.42724794616931483
723540.0,5021.5075529035175,4151.189399642753,0.0,0.9504850401797128,0.4272493142744726
723600.0,5021.495748739345,4151.201211263178,0.0,0.9504849474334655,0.4272506823874915
723660.0,5021.48393874408,4151.213018780663,0.0,0.9504850417782758,0.4272520505184412
723720.0,5021.472132293771,4151.224828811959,0.0,0.9504850220163532,0.42725341863977906
723780.0,5021.460324387428,4151.236637830453,0.0,0.9504850487508495,0.4272547867663698
723840.0,5021.44851774587,4151.248447754549,0.0,0.9504850346098519,0.4272561548901077
723900.0,5021.436709287096,4151.260256412095,0.0,0.950485078546471,0.4272575230202365
723960.0,5021.4249034371915,4151.272066921874,0.0,0.9504850384656585,0.4272588911434358
724020.0,5021.413090983607,4151.283872796981,0.0,0.9504852100409699,0.42726025928773986
724080.0,5021.401289170039,4151.295686179778,0.0,0.9504850398337911,0.42726162740069895
724140.0,5021.3894850808165,4151.307497979367,0.0,0.9504849423020142,0.42726299552185115
724200.0,5021.377674940836,4151.319305520529,0.0,0.9504850389270637,0.4272643636615629
724260.0,5021.3658660742885,4151.331113980371,0.0,0.9504850942673368,0.4272657317988563
724320.0,5021.354060684092,4151.342924898398,0.0,0.9504850378401357,0.4272670999262522
724380.0,5021.3422459992735,4151.35472928459,0.0,0.9504852794789946,0.42726846808279945
724440.0,5021.330446299803,4151.366544242019,0.0,0.9504850398005407,0.42726983619500775
724500.0,5021.318643400701,4151.378356964822,0.0,0.9504849024676798,0.42727120431817206
724560.0,5021.306831982394,4151.390163688873,0.0,0.9504850385573599,0.42727257246727735
724620.0,5021.2950223624075,4151.401971701658,0.0,0.950485116507457,0.4272739406123946
724680.0,5021.283217639735,4151.413783174462,0.0,0.9504850370604119,0.4272753087433651
724740.0,5021.271404387754,4151.425588649506,0.0,0.9504852312078392,0.42727667690085125
724800.0,5021.259603147894,4151.43740260528,0.0,0.9504850394048583,0.4272780450232355
724860.0,5021.247799345213,4151.449214775294,0.0,0.9504849295005526,0.4272794131546718
724920.0,5021.235988724591,4151.461022145757,0.0,0.9504850383935403,0.42728078130696273
724980.0,5021.224179540537,4151.472830549957,0.0,0.9504851007622555,0.42728214945634707
725040.0,5021.212374274463,4151.48464172385,0.0,0.9504850371791532,0.42728351759451266
725100.0,5021.20055853602,4151.496445535166,0.0,0.9504853094895043,0.42728488576535295
725160.0,5021.188759684758,4151.508261259188,0.0,0.9504850393988342,0.42728625388616415
725220.0,5021.176957229464,4151.5200744633385,0.0,0.9504848846423932,0.42728762201914094
725280.0,5021.165145174598,4151.531880906683,0.0,0.9504850380083643,0.4272889901812907
725340.0,5021.15333514778,4151.543688800796,0.0,0.9504851258563165,0.42729035833876494
725400.0,5021.141530640198,4151.555500593609,0.0,0.9504850363319209,0.4272917264802317
725460.0,5021.12972275502,4151.567310020029,0.0,0.9504850549868237,0.42729309463278475
725520.0,5021.117916234623,4151.579120422241,0.0,0.9504850295606262,0.4272944627821558
725580.0,5021.106108499212,4151.59092998185,0.0,0.9504850428865909,0.42729583093608836
725640.0,5021.094302469978,4151.60274075884,0.0,0.9504850011518551,0.42729719908587593
725700.0,5021.082493952553,4151.61454979469,0.0,0.9504850390701585,0.42729856724397414
725760.0,5021.070691671881,4151.626363248294,0.0,0.9504848763270902,0.42729993538478156
725820.0,5021.058879296519,4151.638169591695,0.0,0.9504850376121742,0.42730130355624407
725880.0,5021.047069054491,4151.649977460157,0.0,0.9504851299970447,0.42730267172271563
725940.0,5021.03526461671,4151.66178942845,0.0,0.9504850358534552,0.42730403987232646
726000.0,5021.0234566275085,4151.673598907678,0.0,0.9504850554734682,0.42730540803354383
726060.0,5021.011650073922,4151.685409412683,0.0,0.9504850287368853,0.42730677619136703
726120.0,5020.999842243052,4151.697219031143,0.0,0.9504850427528767,0.42730814435393794
726180.0,5020.988036206836,4151.709029929412,0.0,0.9504849988658967,0.42730951251209887
726240.0,5020.976227554438,4151.720838996222,0.0,0.950485038743701,0.4273108806789534
726300.0,5020.964425461223,4151.732652708327,0.0,0.950484867601862,0.42731224882755175
726360.0,5020.952612752663,4151.74445894279,0.0,0.9504850372147178,0.42731361700836373
726420.0,5020.940802288149,4151.756266780439,0.0,0.9504851343707161,0.42731498518385314
726480.0,5020.928997847384,4151.768078872445,0.0,0.9504850379537533,0.42731635334179546
726540.0,5020.917192112567,4151.779890073006,0.0,0.9504849826974846,0.4273177215049959
726600.0,5020.905382903379,4151.791698831297,0.0,0.9504850388724456,0.42731908967908366
726660.0,5020.893582935975,4151.803514126537,0.0,0.9504847978781095,0.4273204578268913
726720.0,5020.8817680213715,4151.8153188894785,0.0,0.9504850367529734,0.42732182601986873
726780.0,5020.869956271929,4151.827125905135,0.0,0.9504851735901858,0.42732319420476844
726840.0,5020.8581530070305,4151.838938910419,0.0,0.9504850378274481,0.4273245623647609
726900.0,5020.846347924824,4151.850750655278,0.0,0.950484960029361,0.42732593053157636
726960.0,5020.834537951682,4151.86255895894,0.0,0.9504850391549272,0.42732729871351594
727020.0,5020.822736463549,4151.874373260867,0.0,0.9504848455089615,0.4273286668710899
727080.0,5020.810922986068,4151.88617912109,0.0,0.950485036652566,0.42733003506533673
727140.0,5020.799112038917,4151.897986786462,0.0,0.9504851461438204,0.42733140325340385
727200.0,5020.787307880322,4151.909799245745,0.0,0.9504850374958748,0.4273327714216352
727260.0,5020.77550226505,4151.9216106988515,0.0,0.9504849752322971,0.42733413959561106
727320.0,5020.763692735146,4151.933419399085,0.0,0.950485038541641,0.42733550778179136
727380.0,5020.751893621134,4151.945235464593,0.0,0.9504847669680117,0.42733687593817804
727440.0,5020.740077663978,4151.957039660219,0.0,0.9504850361636701,0.427338244145408
727500.0,5020.728265275136,4151.968846392977,0.0,0.9504851903720404,0.42733961234335344
727560.0,5020.716462447864,4151.980659875204,0.0,0.9504850373849887,0.42734098051316843
727620.0,5020.70465757427,4151.992471935434,0.0,0.9504849497188419,0.4273423486904916
727680.0,5020.692847189752,4152.004280117055,0.0,0.9504850388914199,0.42734371688479394
727740.0,5020.681040154933,4152.016090675655,0.0,0.9504850202101569,0.4273450850700632
727800.0,5020.66923174366,4152.027900277198,0.0,0.9504850454773741,0.4273464532603479
727860.0,5020.6574245272295,4152.039710735318,0.0,0.9504850321090162,0.42734782144798655
727920.0,5020.64561559298,4152.051519996518,0.0,0.9504850736357101,0.4273491896417197
727980.0,5020.633809123833,4152.063331009195,0.0,0.9504850357489975,0.4273505578289492
728040.0,5020.621996413215,4152.075137640983,0.0,0.9504851979199924,0.4273519260362059
728100.0,5020.61019375775,4152.086951370624,0.0,0.950485037037626,0.42735329421385443
728160.0,5020.598388951011,4152.098763604187,0.0,0.9504849448481649,0.4273546623993249
728220.0,5020.5865783492145,4152.110571758592,0.0,0.9504850386260852,0.4273560306026253
728280.0,5020.574771270412,4152.122382412289,0.0,0.9504850189825974,0.42735739879637336
728340.0,5020.562962744546,4152.134192059083,0.0,0.9504850455562809,0.4273587669953482
728400.0,5020.5511554755985,4152.1460026062705,0.0,0.9504850314999588,0.4273601351914909
728460.0,5020.539346400632,4152.157811894282,0.0,0.9504850751724595,0.4273615033939919
728520.0,5020.5275399183665,4152.169623023829,0.0,0.9504850353321054,0.42736287158960723
728580.0,5020.5157268731955,4152.181429545599,0.0,0.9504852058767645,0.42736423980621185
728640.0,5020.503924402231,4152.193243531603,0.0,0.9504850366915186,0.4273656079916542
728700.0,5020.492119669624,4152.205055943621,0.0,0.9504849397452293,0.4273669761852486
728760.0,5020.480308923654,4152.21686412189,0.0,0.9504850357897338,0.42736834439729765
728820.0,5020.468499443183,4152.2286732135735,0.0,0.9504850907973855,0.42736971260694867
728880.0,5020.4566934175455,4152.24048474923,0.0,0.9504850347088308,0.42737108080676156
728940.0,5020.444878154703,4152.252289790927,0.0,0.95048527489617,0.427372449035564
729000.0,5020.4330777845225,4152.2641053426605,0.0,0.9504850366569585,0.42737381722028506
729060.0,5020.421274234438,4152.275918672764,0.0,0.9504849001486588,0.42737518541590513
729120.0,5020.40946221781,4152.287726038875,0.0,0.9504850354207411,0.4273765536373189
729180.0,5020.397651988323,4152.299534686309,0.0,0.9504851129024022,0.42737792185477386
729240.0,5020.385846625844,4152.311346773742,0.0,0.9504850339322806,0.4273792900581658
729300.0,5020.374032786757,4152.32315289819,0.0,0.9504852269134404,0.4273806582879252
729360.0,5020.362230885477,4152.334967454287,0.0,0.9504850362621434,0.4273820264827886
729420.0,5020.350426437165,4152.346780235021,0.0,0.9504849270176474,0.4273833946866581
729480.0,5020.33861521305,4152.358588244008,0.0,0.9504850352563965,0.4273847629112642
729540.0,5020.326805416561,4152.370397280808,0.0,0.950485097250279,0.42738613113298657
729600.0,5020.314999513803,4152.382209071279,0.0,0.9504850340487998,0.42738749934355696
729660.0,5020.303183203374,4152.394013541863,0.0,0.9504853047234874,0.4273888675866201
729720.0,5020.291383675683,4152.405829856187,0.0,0.9504850362546469,0.4273902357799443
729780.0,5020.279580566191,4152.417643665287,0.0,0.950484882427366,0.42739160398537046
729840.0,5020.267767916462,4152.429450752747,0.0,0.9504850348720247,0.42739297221980377
729900.0,5020.255957282184,4152.441259282631,0.0,0.9504851221921276,0.4273943404495945
729960.0,5020.244152132993,4152.453071688658,0.0,0.9504850332051467,0.42739570866347226
730020.0,5020.232337432828,4152.464877373568,0.0,0.9504852506828095,0.4273970769069329
730080.0,5020.22053618604,4152.476692559597,0.0,0.9504850358411759,0.427398445110961
730140.0,5020.208732070616,4152.488505743319,0.0,0.950484912737706,0.4273998133249575
730200.0,5020.196920320215,4152.500313549007,0.0,0.9504850347182727,0.4274011815622623
730260.0,5020.185110180136,4152.512122511419,0.0,0.950485104585046,0.4274025497961363
730320.0,5020.1733044283765,4152.523934576518,0.0,0.9504850333679039,0.42740391801737776
730380.0,5020.1614910320895,4152.535741264959,0.0,0.9504852073889524,0.4274052862624996
730440.0,5020.149688399825,4152.547555557927,0.0,0.9504850354607932,0.427406654476233
730500.0,5020.1378834696125,4152.559368251041,0.0,0.9504849369430768,0.42740802269822775
730560.0,5020.126072429023,4152.571176641315,0.0,0.9504850345457216,0.4274093909389704
730620.0,5020.114262674569,4152.582985959687,0.0,0.9504850904460478,0.42741075917725174
730680.0,5020.102456430796,4152.594797761802,0.0,0.9504850334486276,0.4274121274055258
730740.0,5020.09064080089,4152.606602963882,0.0,0.9504852775315706,0.42741349566323883
730800.0,5020.0788403041515,4152.618418847274,0.0,0.9504850354296832,0.4274148638761431
730860.0,5020.067036576374,4152.630232472611,0.0,0.9504848967083945,0.4274162321001003
730920.0,5020.055224245436,4152.642040036652,0.0,0.9504850341747562,0.427417600350264
730980.0,5020.043413730694,4152.653848902702,0.0,0.9504851129135474,0.4274189685963802
731040.0,5020.03160816161,4152.665661264761,0.0,0.9504850326634949,0.42742033682819536
731100.0,5020.019793979213,4152.677467566465,0.0,0.9504852287747859,0.4274217050867907
731160.0,5020.007991927476,4152.689282437159,0.0,0.9504850350324766,0.42742307330990653
731220.0,5019.996187287791,4152.701095503339,0.0,0.9504849240171056,0.4274244415421515
731280.0,5019.9843757629815,4152.712903719914,0.0,0.950485034011757,0.42742580979546324
731340.0,5019.972565689051,4152.724712980846,0.0,0.950485097011609,0.42742717804582037
731400.0,5019.960759571787,4152.736525040267,0.0,0.9504850327859147,0.42742854628483495
731460.0,5019.948946560316,4152.748332251795,0.0,0.9504851897092452,0.4274299145454869
731520.0,5019.937143254428,4152.760146321932,0.0,0.9504850346651081,0.42743128277791387
731580.0,5019.925337875196,4152.771958950494,0.0,0.9504849458204749,0.42743265101793027
731640.0,5019.913526911854,4152.78376764748,0.0,0.9504850361929048,0.42743401927515035
731700.0,5019.901719342861,4152.795578753734,0.0,0.9504850172609433,0.42743538752319876
731760.0,5019.889910379231,4152.807388889759,0.0,0.9504850428685417,0.42743675577631757
731820.0,5019.878102626447,4152.819199893922,0.0,0.9504850293209398,0.4274381240267399
731880.0,5019.866293133133,4152.831009684716,0.0,0.950485071406698,0.4274394922833253
731940.0,5019.8544861378,4152.842821250765,0.0,0.9504850330109822,0.42744086053330504
732000.0,5019.84267281821,4152.854628375991,0.0,0.9504851973635587,0.42744222880356486
732060.0,5019.830869687484,4152.8664426958185,0.0,0.9504850343180464,0.4274435970438045
732120.0,5019.819064377068,4152.878255498981,0.0,0.9504849408892667,0.42744496529195214
732180.0,5019.80725319463,4152.890064167282,0.0,0.9504850359289743,0.4274463335581658
732240.0,5019.795445582142,4152.901875368833,0.0,0.9504850160218488,0.4274477018146816
732300.0,5019.7836365034655,4152.913685549633,0.0,0.9504850429534816,0.42744907007648186
732360.0,5019.771828698536,4152.925496642981,0.0,0.9504850287086639,0.4274504383353971
732420.0,5019.760019063706,4152.937306459856,0.0,0.9504850729690864,0.4274518066007429
732480.0,5019.748212056152,4152.949118143271,0.0,0.9504850325934553,0.4274531748590955
732540.0,5019.736398398631,4152.9609251558795,0.0,0.9504852054324109,0.4274545431387038
732600.0,5019.7245954559285,4152.97273973447,0.0,0.950485033972257,0.42745591138671657
732660.0,5019.712790221701,4152.984552717425,0.0,0.9504849357226777,0.4274572796429718
732720.0,5019.7009788942405,4152.996361408822,0.0,0.950485033059449,0.42745864791792676
732780.0,5019.689168849281,4153.008171025911,0.0,0.9504850888074177,0.4274600161904298
732840.0,5019.677362305135,4153.019983120238,0.0,0.9504850319651146,0.42746138445295256
732900.0,5019.665546401185,4153.031788631858,0.0,0.9504852753832194,0.4274627527448404
732960.0,5019.653745587902,4153.0436047968005,0.0,0.9504850339405468,0.4274641209920372
733020.0,5019.641941552626,4153.0554187096295,0.0,0.9504848955969478,0.42746548925026095
733080.0,5019.630128938336,4153.067226577061,0.0,0.950485032688809,0.4274668575346236
733140.0,5019.618318135117,4153.07903574311,0.0,0.950485111213047,0.42746822581495225
733200.0,5019.606512263659,4153.090848396013,0.0,0.9504850311814358,0.42746959408101826
733260.0,5019.594697803054,4153.102655004464,0.0,0.9504852267585149,0.4274709623737966
733320.0,5019.582895439032,4153.1144701594585,0.0,0.9504850335437371,0.4274723306311895
733380.0,5019.571090494302,4153.126283514694,0.0,0.9504849228306185,0.42747369889769044
733440.0,5019.559278683772,4153.138092033044,0.0,0.9504850325255693,0.42747506718520434
733500.0,5019.547468320022,4153.149901593038,0.0,0.9504850953537186,0.427476435469774
733560.0,5019.535661901816,4153.161713944194,0.0,0.9504850313028375,0.4274778037430318
733620.0,5019.523848608744,4153.173521460182,0.0,0.9504851877986568,0.42747917203787245
733680.0,5019.512044993985,4153.185335816814,0.0,0.9504850331766844,0.42748054030456323
733740.0,5019.500239311681,4153.197148735675,0.0,0.9504849445738751,0.42748190857882656
733800.0,5019.488428060933,4153.2089577332745,0.0,0.9504850347000926,0.4274832768702498
733860.0,5019.476620194987,4153.220769133843,0.0,0.9504850158195693,0.4274846451525272
733920.0,5019.464810938302,4153.232579566741,0.0,0.9504850413573236,0.4274860134398635
733980.0,5019.453002889047,4153.2443908655205,0.0,0.9504850278464978,0.42748738172451206
734040.0,5019.4411931041295,4153.256200954127,0.0,0.9504850698175468,0.4274887500153099
734100.0,5019.429385810164,4153.268012813348,0.0,0.950485031526264,0.4274901182995208
734160.0,5019.41757220967,4153.2798202434105,0.0,0.9504851954312002,0.4274914866039618
734220.0,5019.405768769426,4153.2916348492245,0.0,0.9504850328295408,0.42749285487846184
734280.0,5019.393963155585,4153.303447942374,0.0,0.9504849396550568,0.42749422316085184
734340.0,5019.382151686201,4153.315256911508,0.0,0.9504850344358535,0.4274955914612618
734400.0,5019.370343776722,4153.32706840727,0.0,0.9504850145828245,0.4274969597520012
734460.0,5019.358534405157,4153.338878884972,0.0,0.9504850414410034,0.427498328048013
734520.0,5019.346726303744,4153.350690272847,0.0,0.9504850272348628,0.4274996963411492
734580.0,5019.33491637755,4153.3625003876095,0.0,0.9504850713746464,0.42750106464070126
734640.0,5019.323109071235,4153.374312364039,0.0,0.9504850311088471,0.4275024329332801
734700.0,5019.311295133599,4153.386119681925,0.0,0.9504852034770259,0.4275038012470619
734760.0,5019.299491880691,4153.397934545971,0.0,0.9504850324836659,0.4275051695293313
734820.0,5019.287686342666,4153.409747818588,0.0,0.9504849345014702,0.42750653781982473
734880.0,5019.275874728504,4153.421556810899,0.0,0.9504850315731151,0.42750790612897005
734940.0,5019.264064393215,4153.433366726503,0.0,0.9504850871692037,0.4275092744356725
735000.0,5019.252257548906,4153.445179112864,0.0,0.9504850304815318,0.42751064273242173
735060.0,5019.240441371038,4153.4569849337895,0.0,0.9504852732367993,0.42751201105846226
735120.0,5019.2286402414675,4153.468801380127,0.0,0.9504850324513575,0.4275133793399291
735180.0,5019.216835898923,4153.480615580277,0.0,0.950484894484313,0.42751474763239683
735240.0,5019.205023001438,4153.49242375088,0.0,0.9504850312027995,0.42751611595093636
735300.0,5019.193211909912,4153.504233216722,0.0,0.9504851095131593,0.42751748426545516
735360.0,5019.181405736298,4153.516046160291,0.0,0.950485029699301,0.42751885256574934
735420.0,5019.169590997622,4153.527853075262,0.0,0.9504852247439082,0.4275202208926885
735480.0,5019.157788321567,4153.539668514403,0.0,0.9504850320549441,0.4275215891843359
735540.0,5019.145983072019,4153.551482158521,0.0,0.9504849216430387,0.4275229574850706
735600.0,5019.134170975928,4153.56329097843,0.0,0.9504850310393191,0.42752432580676425
735660.0,5019.122360322531,4153.575100837281,0.0,0.9504850936963528,0.42752569412552416
735720.0,5019.110553603597,4153.5869134799905,0.0,0.9504850298196873,0.42752706243300265
735780.0,5019.098740029069,4153.598721300217,0.0,0.9504851858894422,0.4275284307620098
735840.0,5019.08693610568,4153.610535943181,0.0,0.9504850316882056,0.42752979906294214
735900.0,5019.075130120519,4153.622349152164,0.0,0.9504849433265061,0.42753116737143004
735960.0,5019.063318582536,4153.634158450168,0.0,0.9504850332072379,0.4275325356970341
736020.0,5019.051510419834,4153.645970144863,0.0,0.9504850143780066,0.42753390401351804
736080.0,5019.039700870281,4153.657780874439,0.0,0.9504850398461147,0.42753527233504957
736140.0,5019.027892524749,4153.669592467641,0.0,0.9504850263719608,0.4275366406539023
736200.0,5019.01608244841,4153.681402853857,0.0,0.9504850682286216,0.42753800897889
736260.0,5019.004274856014,4153.6932150060675,0.0,0.9504850300414793,0.42753937729730984
736320.0,5018.992460974764,4153.705022740745,0.0,0.9504851935001317,0.42754074563590977
736380.0,5018.980657225238,4153.716837632385,0.0,0.9504850313409801,0.4275421139446478
736440.0,5018.968851308189,4153.728651015344,0.0,0.950484938420044,0.42754348226125793
736500.0,5018.957039552022,4153.740460285101,0.0,0.9504850329426917,0.4275448505958419
736560.0,5018.94523134575,4153.752272074882,0.0,0.9504850131435941,0.42754621892078243
736620.0,5018.933421681479,4153.764082849288,0.0,0.950485039928544,0.4275475872509836
736680.0,5018.921613283778,4153.775894531499,0.0,0.9504850257609622,0.4275489555783185
736740.0,5018.909803066401,4153.7877049439485,0.0,0.9504850697804726,0.42755032391205444
736800.0,5018.897995461532,4153.799517213201,0.0,0.9504850296241721,0.427551692238837
736860.0,5018.88618124393,4153.811324836143,0.0,0.9504852015229841,0.42755306058676995
736920.0,5018.874377681056,4153.823139985479,0.0,0.95048503099502,0.42755442890327355
736980.0,5018.862571839452,4153.83495354758,0.0,0.9504849332794594,0.42755579722798254
737040.0,5018.850759938758,4153.846762840603,0.0,0.9504850300867199,0.4275571655712958
737100.0,5018.83894931332,4153.85857305452,0.0,0.9504850855313305,0.42755853391217535
737160.0,5018.827142169053,4153.870385732731,0.0,0.9504850289978802,0.4275599022431287
737220.0,5018.815325717401,4153.882191862732,0.0,0.9504852710921465,0.4275612706032996
737280.0,5018.8035242718,4153.894008590311,0.0,0.950485030962115,0.427562638919014
737340.0,5018.791719622215,4153.905823077613,0.0,0.950484893370541,0.4275640072457034
737400.0,5018.779906441691,4153.917631551176,0.0,0.9504850297167279,0.42756537559839786
737460.0,5018.768095062033,4153.929441316606,0.0,0.9504851078137817,0.42756674394708455
737520.0,5018.756288586472,4153.941254550656,0.0,0.9504850282170946,0.4275681122815848
737580.0,5018.744473569873,4153.9530617719265,0.0,0.950485222730594,0.42756948064266237
737640.0,5018.732670582018,4153.964877495042,0.0,0.9504850305660961,0.4275708489685419
737700.0,5018.72086502787,4153.976691427864,0.0,0.9504849204546337,0.42757221730348766
737760.0,5018.709052646386,4153.988500549127,0.0,0.9504850295530078,0.4275735856593389
737820.0,5018.6972417035195,4154.000310706632,0.0,0.9504850920394056,0.42757495401226664
737880.0,5018.685434684068,4154.012123640713,0.0,0.9504850283364672,0.4275763223539433
737940.0,5018.67362082824,4154.023931764959,0.0,0.9504851839813584,0.4275776907170947
738000.0,5018.661816596452,4154.035746694087,0.0,0.950485030199672,0.427579059052246
738060.0,5018.650010308652,4154.047560193013,0.0,0.950484942078331,0.4275804273949359
738120.0,5018.638198483601,4154.059369791214,0.0,0.9504850317143422,0.42758179575469857
738180.0,5018.626390024343,4154.071181779843,0.0,0.9504850129362351,0.4275831641053667
738240.0,5018.6145801821085,4154.082992805899,0.0,0.9504850383349259,0.42758453246107103
738300.0,5018.602771540498,4154.0948046933345,0.0,0.9504850248973231,0.4275859008141054
738360.0,5018.590961172917,4154.106615376964,0.0,0.9504850666399731,0.42758726917326084
738420.0,5018.579153282294,4154.1184278219735,0.0,0.9504850285566285,0.42758863752586723
738480.0,5018.567339120436,4154.130235861046,0.0,0.9504851915703394,0.4275900058986038
738540.0,5018.555535061864,4154.142051038342,0.0,0.9504850298523649,0.427591374241557
738600.0,5018.543728841826,4154.153864710935,0.0,0.9504849371841868,0.42759274259236474
738660.0,5018.531916799046,4154.1656742811065,0.0,0.9504850314494894,0.42759411096110056
738720.0,5018.520108296179,4154.177486364719,0.0,0.9504850117041584,0.42759547932022013
738780.0,5018.508298339387,4154.189297435629,0.0,0.9504850384161028,0.4275968476845881
738840.0,5018.496489645597,4154.201109411985,0.0,0.9504850242869616,0.4275982160460992
738900.0,5018.484679137215,4154.212920121923,0.0,0.9504850681865682,0.42759958441399665
738960.0,5018.472871233997,4154.224732683815,0.0,0.9504850281394305,0.42760095277496063
739020.0,5018.461056736572,4154.236540611589,0.0,0.9504851995703407,0.42760232115702257
739080.0,5018.449252863973,4154.248356046052,0.0,0.9504850295063196,0.4276036895077381
739140.0,5018.437446719009,4154.2601698974595,0.0,0.950484932056608,0.42760505786664016
739200.0,5018.425634531951,4154.271979490983,0.0,0.9504850286002633,0.42760642624409906
739260.0,5018.413823616543,4154.28379000301,0.0,0.9504850838938614,0.42760779461913334
739320.0,5018.402016172527,4154.295602972881,0.0,0.9504850275141589,0.4276091629842681
739380.0,5018.390199447216,4154.307409411724,0.0,0.9504852689494265,0.42761053137854727
739440.0,5018.378397685838,4154.3192264203935,0.0,0.9504850294728197,0.42761189972848634
739500.0,5018.366592729442,4154.331041194676,0.0,0.9504848922556087,0.42761326808937494
739560.0,5018.354779266038,4154.342849970975,0.0,0.9504850282305939,0.42761463647620135
739620.0,5018.34296759842,4154.354660035789,0.0,0.9504851061149779,0.42761600485903356
739680.0,5018.331160821128,4154.366473560147,0.0,0.950485026734814,0.4276173732277171
739740.0,5018.319345526746,4154.378281087491,0.0,0.9504852207187662,0.427618741622911
739800.0,5018.307542227339,4154.3900970944205,0.0,0.9504850290771939,0.42762010998300015
739860.0,5018.295736368811,4154.401911315771,0.0,0.950484919265375,0.42762147835213465
739920.0,5018.2839237021035,4154.413720738178,0.0,0.9504850280666354,0.427622846742121
739980.0,5018.272112469947,4154.425531194136,0.0,0.9504850903827693,0.42762421512919435
740040.0,5018.260305150183,4154.437344419401,0.0,0.950485026853179,0.427625583505047
740100.0,5018.248487373058,4154.449150283007,0.0,0.9504852989341792,0.42762695191356714
740160.0,5018.236686458984,4154.460968057735,0.0,0.9504850290708982,0.4276283202720574
740220.0,5018.224881946071,4154.472783312869,0.0,0.9504848744446821,0.4276296886427065
740280.0,5018.2130678473195,4154.484591808067,0.0,0.950485027681507,0.42763105704252574
740340.0,5018.201255773757,4154.4964017537895,0.0,0.9504851154554259,0.42763242543766317
740400.0,5018.1894492115525,4154.5082155976825,0.0,0.950485026006383,0.4276337938167912
740460.0,5018.1776392766105,4154.52002707545,0.0,0.9504850446455351,0.42763516220700065
740520.0,5018.165830704525,4154.53183952885,0.0,0.9504850192406942,0.4276365305940242
740580.0,5018.1540209191835,4154.543651139719,0.0,0.9504850325553972,0.4276378989856047
740640.0,5018.14221283761,4154.555463967773,0.0,0.950484990855728,0.4276392673730359
740700.0,5018.130402271423,4154.567275054884,0.0,0.9504850287420846,0.42764063576877365
740760.0,5018.118597933115,4154.579090559117,0.0,0.9504848661358503,0.42764200414721465
740820.0,5018.106783514552,4154.590898954051,0.0,0.9504850272852344,0.4276433725563078
740880.0,5018.094971226312,4154.6027088737965,0.0,0.9504851195923871,0.4276447409604036
740940.0,5018.083164734045,4154.614522892823,0.0,0.9504850255279013,0.4276461093476368
741000.0,5018.071354695453,4154.626334423066,0.0,0.9504850451313842,0.4276474777464718
741060.0,5018.059546090453,4154.6381469789185,0.0,0.950485018417216,0.4276488461419085
741120.0,5018.047736210017,4154.649958648302,0.0,0.9504850324213885,0.4276502145420885
741180.0,5018.035928121701,4154.661771597297,0.0,0.9504849885712102,0.42765158293785427
741240.0,5018.02411742096,4154.673582715034,0.0,0.9504850284154882,0.4276529513423094
741300.0,5018.012313270079,4154.685398477413,0.0,0.9504848574172784,0.42765431972850243
741360.0,5018.000498519018,4154.697206763092,0.0,0.9504850268876968,0.42765568814690613
741420.0,5017.988686008836,4154.709016651702,0.0,0.9504851239620528,0.4276570565599809
741480.0,5017.976879513819,4154.720830794101,0.0,0.9504850276260194,0.4276584249555068
741540.0,5017.965071726635,4154.732644045115,0.0,0.9504849724160986,0.4276597933562844
741600.0,5017.953260470054,4154.744454854154,0.0,0.9504850285438489,0.4276611617679466
741660.0,5017.941458442107,4154.756272199249,0.0,0.9504847877517034,0.4276625301533232
741720.0,5017.929641488298,4154.768079013381,0.0,0.9504850264260638,0.4276638985838663
741780.0,5017.917827695176,4154.779888079888,0.0,0.9504851631483282,0.4276652670063254
741840.0,5017.906022374497,4154.791703135227,0.0,0.950485027499544,0.4276666354038756
741900.0,5017.894215239145,4154.803516930252,0.0,0.9504849497667653,0.4276680038082424
741960.0,5017.882403219854,4154.815327284507,0.0,0.9504850288258158,0.4276693722277305
742020.0,5017.870599673487,4154.827143636211,0.0,0.9504848353424163,0.42767074062284904
742080.0,5017.858784154911,4154.838951547271,0.0,0.9504850263254645,0.4276721090546358
742140.0,5017.846971163085,4154.850761263191,0.0,0.9504851357247541,0.42767347748023676
742200.0,5017.835164950139,4154.862575772386,0.0,0.9504850271679731,0.4276748458860002
742260.0,5017.823357282637,4154.874389275481,0.0,0.9504849649565663,0.4276762142975016
742320.0,5017.811545706102,4154.886200026039,0.0,0.9504850282127708,0.42767758272120493
742380.0,5017.799744530642,4154.898018140873,0.0,0.9504847568667502,0.4276789511151089
742440.0,5017.787926536065,4154.909824387326,0.0,0.9504850258367018,0.42768031955985275
742500.0,5017.776112104757,4154.921633170532,0.0,0.9504851799157213,0.427681687995306
742560.0,5017.764307221393,4154.933448702323,0.0,0.9504850270569041,0.4276830564026273
742620.0,5017.752500294665,4154.945262812246,0.0,0.9504849394642317,0.42768442481745017
742680.0,5017.7406878648835,4154.957073044036,0.0,0.9504850285619802,0.42768579324924944
742740.0,5017.728878780054,4154.968885652461,0.0,0.9504850098963294,0.4276871616720112
742800.0,5017.717068320757,4154.980697303917,0.0,0.9504850351423246,0.42768853009978414
742860.0,5017.705259054623,4154.992509811804,0.0,0.9504850217851232,0.42768989852490663
742920.0,5017.693448073149,4155.0043211228885,0.0,0.9504850632769852,0.4276912669561191
742980.0,5017.681639553287,4155.016134185194,0.0,0.9504850254219623,0.42769263538082414
743040.0,5017.669824800885,4155.027942867112,0.0,0.9504851874570992,0.4276940038255497
743100.0,5017.658020089321,4155.039758645964,0.0,0.9504850267094196,0.42769537224066545
743160.0,5017.6462132295865,4155.051572928875,0.0,0.9504849345971242,0.4276967406635966
743220.0,5017.634400583065,4155.063383133124,0.0,0.9504850282964565,0.4276981091043549
743280.0,5017.622591454545,4155.075195836312,0.0,0.9504850086693698,0.4276994775355567
743340.0,5017.610780881045,4155.087007532689,0.0,0.9504850352207598,0.427700845971981
743400.0,5017.5989715627,4155.09882012931,0.0,0.950485021176158,0.4277022144055687
743460.0,5017.587160440937,4155.110631466873,0.0,0.9504850648120714,0.4277035828455104
743520.0,5017.575351908204,4155.122444645713,0.0,0.9504850250050051,0.4277049512785626
743580.0,5017.563536821951,4155.1342532172985,0.0,0.9504851954069484,0.42770631973259726
743640.0,5017.551732294857,4155.146069252159,0.0,0.9504850263631889,0.42770768815546795
743700.0,5017.539925509381,4155.157883713177,0.0,0.9504849294979839,0.42770905658648434
743760.0,5017.52811271912,4155.169693940963,0.0,0.9504850254620669,0.42771042503595275
743820.0,5017.516301192595,4155.181505081995,0.0,0.9504850804236056,0.42771179348301686
743880.0,5017.504493115993,4155.19331866667,0.0,0.9504850243819771,0.42771316192024067
743940.0,5017.492675815384,4155.205125758155,0.0,0.9504852643682263,0.42771453038644713
744000.0,5017.480873386233,4155.216943358333,0.0,0.9504850263283816,0.427715898808571
744060.0,5017.469067781745,4155.228758737102,0.0,0.9504848899343405,0.4277172672415874
744120.0,5017.4572537227905,4155.240568152616,0.0,0.9504850250931075,0.4277186357003946
744180.0,5017.445441448468,4155.252378849237,0.0,0.950485102509864,0.4277200041552367
744240.0,5017.433634034235,4155.264192985402,0.0,0.9504850236058007,0.42772137259601384
744300.0,5017.4218181554925,4155.276001159293,0.0,0.9504852164254849,0.42772274106315306
744360.0,5017.410014197577,4155.28781776374,0.0,0.9504850259336217,0.42772410949539325
744420.0,5017.398207696296,4155.299632592993,0.0,0.9504849167805126,0.4277254779366329
744480.0,5017.386394428877,4155.31144265109,0.0,0.9504850249286245,0.42772684639860664
744540.0,5017.374582587089,4155.323253736809,0.0,0.9504850868705812,0.4277282148576903
744600.0,5017.3627746335005,4155.335067575831,0.0,0.9504850237219465,0.42772958330561983
744660.0,5017.350956287101,4155.34687409584,0.0,0.9504852941701121,0.42773095178603515
744720.0,5017.339154699552,4155.358692458074,0.0,0.9504850259258556,0.4277323202167105
744780.0,5017.327349535337,4155.370508315345,0.0,0.9504848722272651,0.4277336886594809
744840.0,5017.31553484449,4155.3823174518075,0.0,0.950485024544299,0.42773505713125587
744900.0,5017.30372216626,4155.394128030459,0.0,0.950485111791266,0.42773642559838193
744960.0,5017.291914965314,4155.405942484742,0.0,0.9504850228787242,0.427737794049593
745020.0,5017.28009822703,4155.417750218717,0.0,0.950485240174422,0.4277391625303816
745080.0,5017.268294922985,4155.429567452581,0.0,0.9504850255124555,0.42774053097173453
745140.0,5017.256488754428,4155.441382684339,0.0,0.9504849025118809,0.42774189942304947
745200.0,5017.244674961777,4155.453192538721,0.0,0.9504850243903997,0.42774326789767003
745260.0,5017.232862777193,4155.465003549626,0.0,0.9504850941987013,0.4277446363688534
745320.0,5017.221054974694,4155.476817662808,0.0,0.9504850230410676,0.42774600482740227
745380.0,5017.209239538577,4155.488626399967,0.0,0.9504851969166578,0.4277473733098263
745440.0,5017.1974348511885,4155.500442740671,0.0,0.9504850251321157,0.42774874176085875
745500.0,5017.185627869157,4155.512257481665,0.0,0.9504849266966817,0.427750110220146
745560.0,5017.173814785458,4155.52406792034,0.0,0.9504850242177176,0.4277514786981783
745620.0,5017.162002986104,4155.535879286944,0.0,0.9504850800712352,0.42775284717374307
745680.0,5017.1501946924445,4155.547693136957,0.0,0.9504850231214497,0.42775421563929844
745740.0,5017.138377026059,4155.559500387717,0.0,0.9504852670001278,0.42775558413428605
745800.0,5017.126574471301,4155.571318318423,0.0,0.9504850251007559,0.4277569525844636
745860.0,5017.114768690144,4155.583133991303,0.0,0.9504848864954846,0.4277583210456875
745920.0,5017.10295431809,4155.594943603636,0.0,0.950485023846787,0.42775968953311505
745980.0,5017.091141759686,4155.6067545177575,0.0,0.9504851025196278,0.42776105801648884
746040.0,5017.079334139907,4155.618568927425,0.0,0.9504850223366991,0.4277624264855597
746100.0,5017.067517919112,4155.6303772774645,0.0,0.9504852182838943,0.42776379498140543
746160.0,5017.055713811724,4155.642194195382,0.0,0.9504850247036062,0.42776516344176846
746220.0,5017.043907120111,4155.654009308959,0.0,0.9504849137810617,0.42776653191125397
746280.0,5017.03209355319,4155.665819573525,0.0,0.9504850236836488,0.4277679004018038
746340.0,5017.020281435123,4155.677630882262,0.0,0.9504850866307388,0.42776926888939265
746400.0,5017.008473268101,4155.689444989114,0.0,0.9504850224587404,0.42777063736563686
746460.0,5016.996658216716,4155.7012542486455,0.0,0.9504851792507715,0.4277720058635133
746520.0,5016.984852857112,4155.713070365889,0.0,0.9504850243362697,0.4277733743331616
746580.0,5016.973045427159,4155.724885041686,0.0,0.9504849355658886,0.4277747428103927
746640.0,5016.96123242106,4155.736695786382,0.0,0.9504850258626973,0.42777611130482496
746700.0,5016.949422804506,4155.748508940006,0.0,0.9504850069465145,0.42777747979008096
746760.0,5016.937611795326,4155.7603211234855,0.0,0.9504850325326645,0.4277788482804032
746820.0,5016.9258019952895,4155.772134174961,0.0,0.9504850189963377,0.4277802167680246
746880.0,5016.913990457232,4155.78394601318,0.0,0.950485061046897,0.4277815852618046
746940.0,5016.902181413622,4155.795759626394,0.0,0.9504850226832048,0.427782953748975
747000.0,5016.890366054791,4155.8075687992905,0.0,0.9504851868984945,0.4277843222564188
747060.0,5016.878560870338,4155.819385165872,0.0,0.9504850239890856,0.4277856907338408
747120.0,5016.8667535093355,4155.831200015924,0.0,0.9504849306383126,0.4277870592191642
747180.0,5016.854940284686,4155.843010731613,0.0,0.9504850255985754,0.42778842772255105
747240.0,5016.843130624927,4155.854823980195,0.0,0.9504850057080353,0.42778979621623564
747300.0,5016.831319501092,4155.866636208116,0.0,0.9504850326171241,0.4277911647152004
747360.0,5016.81950964922,4155.878449348438,0.0,0.950485018384159,0.4277925332112758
747420.0,5016.807697970076,4155.890261212407,0.0,0.9504850626075816,0.4277939017137774
747480.0,5016.795888914488,4155.902074942654,0.0,0.9504850222656143,0.42779527020928193
747540.0,5016.784073218438,4155.913884002621,0.0,0.9504851949601829,0.42779663872603535
747600.0,5016.772268221973,4155.925700627609,0.0,0.9504850236431726,0.4277980072111919
747660.0,5016.760460937282,4155.937515657105,0.0,0.9504849254755718,0.4277993757045842
747720.0,5016.74864756804,4155.949326395562,0.0,0.950485022731035,0.42780074421667386
747780.0,5016.736835479511,4155.961138059538,0.0,0.9504850784324317,0.42780211272630503
747840.0,5016.72502688683,4155.972952200427,0.0,0.9504850216375222,0.4278034812259537
747900.0,5016.713208947695,4155.9847597593725,0.0,0.9504852648524171,0.42780484975496075
747960.0,5016.701406077778,4155.9965779703,0.0,0.9504850236112139,0.4278062182392755
748020.0,5016.689599990488,4156.008393929337,0.0,0.9504848853830391,0.42780758673461056
748080.0,5016.677785336397,4156.020203843711,0.0,0.9504850223604293,0.4278089552560819
748140.0,5016.665972490842,4156.032015056486,0.0,0.9504851008190822,0.4278103237735128
748200.0,5016.654164570047,4156.043829755661,0.0,0.9504850208542223,0.427811692276679
748260.0,5016.642348072346,4156.055638411097,0.0,0.9504852162681152,0.42781306080655235
748320.0,5016.630543654052,4156.067455611985,0.0,0.9504850232144608,0.42781442930103697
748380.0,5016.618736658757,4156.079271013282,0.0,0.9504849125936283,0.4278157978046232
748440.0,5016.606922807439,4156.0910815782745,0.0,0.9504850221970507,0.42781716632921984
748500.0,5016.59511040088,4156.102893184728,0.0,0.9504850849727553,0.4278185348508658
748560.0,5016.58330193427,4156.114707581978,0.0,0.9504850209752469,0.42781990336119774
748620.0,5016.571486602592,4156.126517144618,0.0,0.9504851773405791,0.42782127189310765
748680.0,5016.559680935495,4156.138333547027,0.0,0.9504850228474394,0.42782264039686435
748740.0,5016.547873203826,4156.150148511787,0.0,0.9504849343185036,0.427824008908187
748800.0,5016.5360599116475,4156.16195955575,0.0,0.9504850243694848,0.427825377436667
748860.0,5016.524249999484,4156.17377300235,0.0,0.9504850055046633,0.4278267459559967
748920.0,5016.512438698586,4156.185585481363,0.0,0.9504850310210735,0.4278281144803811
748980.0,5016.500628603421,4156.19739882611,0.0,0.950485017521468,0.42782948300207363
749040.0,5016.488816775092,4156.209210960795,0.0,0.9504850594574867,0.42783085152991057
749100.0,5016.4770074342,4156.221024865845,0.0,0.9504850211980738,0.4278322200511567
749160.0,5016.4651917957735,4156.232834342226,0.0,0.9504851849664744,0.42783358859262627
749220.0,5016.453386303175,4156.244650993464,0.0,0.9504850225001735,0.42783495710415326
749280.0,5016.441578640106,4156.256466132168,0.0,0.9504849294032633,0.4278363256235637
749340.0,5016.429765129827,4156.268277147341,0.0,0.9504850241050569,0.42783769416099154
749400.0,5016.417955174421,4156.280090688792,0.0,0.9504850042685157,0.4278390626887444
749460.0,5016.406143759033,4156.291903212274,0.0,0.9504850311042831,0.42784043122176535
749520.0,5016.394333612019,4156.3037166457825,0.0,0.9504850169099253,0.4278417997519063
749580.0,5016.382521642843,4156.315528806296,0.0,0.9504850610129228,0.4278431682884587
749640.0,5016.370712289851,4156.327342828214,0.0,0.9504850207805923,0.42784453681803397
749700.0,5016.358896314991,4156.339152192104,0.0,0.9504851930052785,0.4278459053688055
749760.0,5016.3470910096985,4156.350969101215,0.0,0.9504850221541752,0.4278472738880631
749820.0,5016.335283422571,4156.362784419037,0.0,0.9504849242535193,0.427848642415538
749880.0,5016.323469767949,4156.374595457061,0.0,0.9504850212442912,0.42785001096166253
749940.0,5016.311657390423,4156.386407418208,0.0,0.9504850767940386,0.42785137950533764
750000.0,5016.29984849893,4156.398221849791,0.0,0.950485020153525,0.42785274803905754
750060.0,5016.288030287174,4156.410029716687,0.0,0.9504852627066925,0.4278541166020618
750120.0,5016.276227102358,4156.42184820768,0.0,0.9504850221216192,0.42785548512049093
750180.0,5016.264420709166,4156.433664452707,0.0,0.9504848842693805,0.42785685364991444
750240.0,5016.252605773198,4156.445474668906,0.0,0.9504850208740095,0.42785822220540715
750300.0,5016.240792640664,4156.45728618013,0.0,0.9504850991190983,0.42785959075687285
750360.0,5016.228984419068,4156.46910116863,0.0,0.9504850193716718,0.42786095929411183
750420.0,5016.217167644603,4156.480910129233,0.0,0.95048521425387,0.42786232785799044
750480.0,5016.205362915648,4156.492727612932,0.0,0.9504850217252613,0.4278636963865743
750540.0,5016.1935556168955,4156.504543301774,0.0,0.9504849114052283,0.42786506492423865
750600.0,5016.181741481336,4156.51635416698,0.0,0.9504850207103909,0.42786643348285963
750660.0,5016.16992878646,4156.528166070945,0.0,0.950485083315219,0.42786780203854036
750720.0,5016.158120020476,4156.53998075841,0.0,0.9504850194916827,0.42786917058293755
750780.0,5016.146304408659,4156.551790623939,0.0,0.9504851754315354,0.42787053914885836
750840.0,5016.1344984342995,4156.5636073113465,0.0,0.9504850213585542,0.4278719076867009
750900.0,5016.122690401134,4156.57542256489,0.0,0.9504849330703333,0.42787327623209265
750960.0,5016.110876823045,4156.5872339079115,0.0,0.9504850228762312,0.42787464479459797
751020.0,5016.099066615469,4156.599047647295,0.0,0.9504850040626135,0.4278760133479788
751080.0,5016.08725502304,4156.610860421639,0.0,0.9504850295094975,0.42787738190640284
751140.0,5016.075444632946,4156.622674059471,0.0,0.9504850160465006,0.42787875046214396
751200.0,5016.063632514527,4156.634486490426,0.0,0.9504850578683312,0.4278801190240155
751260.0,5016.051822876553,4156.646300687123,0.0,0.950485019712877,0.42788148757931527
751320.0,5016.040006958683,4156.658110466769,0.0,0.9504851830356698,0.4278828561547884
751380.0,5016.028201158175,4156.669927402495,0.0,0.9504850210112067,0.42788422470039783
751440.0,5016.0163931932575,4156.681742829671,0.0,0.9504849281674365,0.4278855932538728
751500.0,5016.0045793975205,4156.693554144122,0.0,0.9504850226114957,0.42788696182531916
751560.0,5015.99276914667,4156.705367978255,0.0,0.9504850028288008,0.42788833038711765
751620.0,5015.980957439914,4156.717180797096,0.0,0.9504850295914553,0.42788969895417256
751680.0,5015.969146997957,4156.7289945236,0.0,0.9504850154355945,0.4278910675183569
751740.0,5015.957334738929,4156.740806980458,0.0,0.9504850594185132,0.42789243608893773
751800.0,5015.94552508873,4156.752621293862,0.0,0.9504850192955047,0.4278938046525613
751860.0,5015.93370883521,4156.764430961456,0.0,0.9504851910516274,0.42789517323732873
751920.0,5015.921903221327,4156.776248154526,0.0,0.9504850206651235,0.42789654179066516
751980.0,5015.910095331982,4156.788063760497,0.0,0.9504849230305922,0.4278979103522002
752040.0,5015.898281392149,4156.799875097883,0.0,0.9504850197574859,0.42789927893233715
752100.0,5015.886468725805,4156.811687355998,0.0,0.9504850751560316,0.42790064751003404
752160.0,5015.874659535709,4156.82350207809,0.0,0.9504850186694588,0.4279020160778024
752220.0,5015.862841051461,4156.835310252705,0.0,0.9504852605627592,0.42790338467478173
752280.0,5015.851037551999,4156.847129023617,0.0,0.9504850206319717,0.4279047532273029
752340.0,5015.8392308531365,4156.85894555446,0.0,0.9504848831545598,0.4279061217907927
752400.0,5015.827415635442,4156.870756072266,0.0,0.9504850193875274,0.42790749038028475
752460.0,5015.815602216102,4156.882567881732,0.0,0.9504850974196282,0.42790885896576286
752520.0,5015.803793693915,4156.894383159379,0.0,0.9504850178890492,0.42791022753705243
752580.0,5015.791976642833,4156.906192424932,0.0,0.9504852122409513,0.4279115961349142
752640.0,5015.780171603458,4156.918010191274,0.0,0.9504850202360074,0.4279129646975747
752700.0,5015.768364001467,4156.929826167485,0.0,0.9504849102159743,0.4279143332692948
752760.0,5015.756549581838,4156.941637332699,0.0,0.9504850192236696,0.4279157018619179
752820.0,5015.744736598825,4156.953449533976,0.0,0.9504850816580754,0.42791707045161115
752880.0,5015.7329275336715,4156.965264511473,0.0,0.9504850180080486,0.4279184390300512
752940.0,5015.721107996664,4156.977072108782,0.0,0.9504852906052252,0.42791980764123466
753000.0,5015.709305346206,4156.988891647042,0.0,0.9504850202301115,0.4279211762022551
753060.0,5015.697499091962,4157.000708659311,0.0,0.9504848653107141,0.42792254477545694
753120.0,5015.6856832385565,4157.012518894673,0.0,0.9504850188382227,0.42792391337790153
753180.0,5015.6738694132255,4157.02433058412,0.0,0.950485106778701,0.4279252819756427
753240.0,5015.6620611069475,4157.03614618148,0.0,0.9504850171600585,0.4279266505573297
753300.0,5015.650249423279,4157.047959406728,0.0,0.9504850358346336,0.42792801915012035
753360.0,5015.638439104411,4157.059773610003,0.0,0.9504850103816732,0.4279293877397107
753420.0,5015.62662757064,4157.071586968583,0.0,0.9504850237217018,0.42793075633386374
753480.0,5015.614817743055,4157.083401547342,0.0,0.9504849819429874,0.4279321249238506
753540.0,5015.603005427438,4157.095214380746,0.0,0.9504850199012927,0.42793349352215954
753600.0,5015.591199348435,4157.107031642269,0.0,0.9504848569866252,0.4279348621031179
753660.0,5015.579383175164,4157.11884177665,0.0,0.9504850184418162,0.4279362307148049
753720.0,5015.567569135246,4157.130653439582,0.0,0.950485110924133,0.42793759932147246
753780.0,5015.55576089939,4157.142469212038,0.0,0.950485016681287,0.4279389679112304
753840.0,5015.543949112321,4157.154282489421,0.0,0.950485036322025,0.4279403365126135
753900.0,5015.532138760879,4157.166096794934,0.0,0.9504850095572495,0.4279417051105835
753960.0,5015.520327132272,4157.177910211703,0.0,0.9504850235880579,0.42794307371330287
754020.0,5015.5085172983245,4157.189724911237,0.0,0.9504849796547459,0.42794444231159023
754080.0,5015.496704848356,4157.201537774872,0.0,0.9504850195746951,0.42794581091858397
754140.0,5015.484898957432,4157.213355294719,0.0,0.9504848482520649,0.427947179507259
754200.0,5015.47308245158,4157.225165319096,0.0,0.9504850180441422,0.4279485481282252
754260.0,5015.461268189799,4157.236976950342,0.0,0.9504851153027867,0.4279499167438396
754320.0,5015.449459951582,4157.248792846015,0.0,0.9504850187840033,0.42795128534185634
754380.0,5015.437650419465,4157.260607847991,0.0,0.9504849634693479,0.4279526539451293
754440.0,5015.42583741314,4157.272420401839,0.0,0.950485019703712,0.4279540225593117
754500.0,5015.41403364837,4157.284239508056,0.0,0.9504847784546056,0.42795539114713127
754560.0,5015.402214936963,4157.296048056881,0.0,0.950485017582045,0.4279567597802317
754620.0,5015.3903993907115,4157.307858863646,0.0,0.9504851545638875,0.42795812840521785
754680.0,5015.378592328731,4157.319675674238,0.0,0.9504850186577001,0.42795949700522734
754740.0,5015.366783449614,4157.331491221274,0.0,0.9504849407774478,0.42796086561206187
754800.0,5015.354969679774,4157.343303318883,0.0,0.9504850199866269,0.42796223423405383
754860.0,5015.343164394715,4157.3551214289255,0.0,0.9504848261359475,0.42796360283160606
754920.0,5015.331347120795,4157.366931077108,0.0,0.9504850174816668,0.42796497146591644
754980.0,5015.319532377217,4157.3787425346,0.0,0.9504851270886927,0.4279663400940156
755040.0,5015.307724421985,4157.390558797362,0.0,0.9504850183259123,0.42796770870222267
755100.0,5015.295915010234,4157.402374051421,0.0,0.9504849559965064,0.42796907731617323
755160.0,5015.284101684028,4157.4141865460115,0.0,0.95048501937283,0.4279704459423542
755220.0,5015.272298773452,4157.426006423269,0.0,0.9504847475118813,0.4279718145386494
755280.0,5015.260479020351,4157.4378144023585,0.0,0.9504850169923891,0.42797318318591343
755340.0,5015.248662835544,4157.449624924483,0.0,0.950485171363948,0.4279745518238534
755400.0,5015.236856212007,4157.461442212092,0.0,0.9504850182150443,0.42797592043358534
755460.0,5015.225047542322,4157.473258074185,0.0,0.9504849304562748,0.42797728905082905
755520.0,5015.213233361945,4157.485070048397,0.0,0.950485019723113,0.42797865768509014
755580.0,5015.20142253122,4157.496884405145,0.0,0.9504850010221189,0.4279800263102837
755640.0,5015.189610324159,4157.508697802471,0.0,0.9504850263160798,0.4279813949404955
755700.0,5015.177799311965,4157.520512058326,0.0,0.9504850129336041,0.4279827635680437
755760.0,5015.165986582085,4157.532325114324,0.0,0.950485054504273,0.4279841322016915
755820.0,5015.154176317285,4157.544139925882,0.0,0.950485016577481,0.427985500828809
755880.0,5015.142359811329,4157.555950345994,0.0,0.9504851789202028,0.4279868694759899
755940.0,5015.130553360218,4157.567767880809,0.0,0.9504850178675186,0.4279882380934811
756000.0,5015.11874475801,4157.579583915852,0.0,0.950484925580503,0.42798960671879877
756060.0,5015.106930360979,4157.591395861981,0.0,0.9504850194577042,0.4279909753619867
756120.0,5015.095119486894,4157.603210313256,0.0,0.9504849997934417,0.4279923439955867
756180.0,5015.083307165859,4157.615023755145,0.0,0.9504850263952861,0.4279937126344166
756240.0,5015.071496101773,4157.6268380994825,0.0,0.9504850123240991,0.42799508127039665
756300.0,5015.059683231798,4157.6386511815535,0.0,0.9504850560429065,0.42799644991274083
756360.0,5015.047872954502,4157.650466109469,0.0,0.9504850161603502,0.42799781854817165
756420.0,5015.036056114617,4157.6622764184995,0.0,0.9504851868858257,0.42799918720463054
756480.0,5015.024249848628,4157.674094209491,0.0,0.9504850175212495,0.42800055582984137
756540.0,5015.012441321172,4157.685910422618,0.0,0.9504849204722357,0.42800192446320984
756600.0,5015.000626780586,4157.697722391869,0.0,0.9504850166185544,0.42800329311507523
756660.0,5014.988813505562,4157.709535276579,0.0,0.9504850716845088,0.42800466176452073
756720.0,5014.977003685291,4157.721350611033,0.0,0.9504850155365515,0.4280060304040971
756780.0,5014.96518462822,4157.733159435934,0.0,0.9504852559785095,0.42800739907272256
756840.0,5014.953380463359,4157.744978795855,0.0,0.9504850174867887,0.42800876769714763
756900.0,5014.941573118799,4157.75679592872,0.0,0.9504848808338564,0.4280101363324842
756960.0,5014.929757308012,4157.768607083347,0.0,0.950485016249307,0.4280115049936756
757020.0,5014.917943284408,4157.780419522216,0.0,0.9504850938131091,0.4280128736508823
757080.0,5014.906134127688,4157.792235409231,0.0,0.9504850147593138,0.42801424229398427
757140.0,5014.894316494707,4157.804045318956,0.0,0.950485207945233,0.42801561096351026
757200.0,5014.882510799214,4157.81586368034,0.0,0.9504850170916923,0.42801697959804097
757260.0,5014.870702556874,4157.8276802619985,0.0,0.9504849077313265,0.4280183482415854
757320.0,5014.858887538984,4157.839492060503,0.0,0.9504850160849241,0.4280197169059147
757380.0,5014.8470739487775,4157.851304889133,0.0,0.9504850781445582,0.4280210855673372
757440.0,5014.835264252213,4157.863120477943,0.0,0.9504850148760925,0.42802245421757334
757500.0,5014.823444148415,4157.874928729304,0.0,0.9504852858378372,0.42802382290037055
757560.0,5014.811640826847,4157.8867488525675,0.0,0.9504850170843234,0.4280251915332955
757620.0,5014.799833923692,4157.898566464507,0.0,0.9504848630939863,0.42802656017833773
757680.0,5014.788017480649,4157.910377338757,0.0,0.9504850157002815,0.4280279288524567
757740.0,5014.776203053094,4157.922189658733,0.0,0.9504851031129395,0.4280292975219056
757800.0,5014.764394110479,4157.934005864035,0.0,0.9504850140316823,0.4280306661753949
757860.0,5014.752581811297,4157.945819710987,0.0,0.9504850325939774,0.42803203483992835
757920.0,5014.740770868442,4157.957634530343,0.0,0.9504850072934571,0.42803340350128377
757980.0,5014.728958718158,4157.9694485099235,0.0,0.9504850205532083,0.42803477216717994
758040.0,5014.717148263475,4157.9812637026635,0.0,0.9504849790248666,0.42803614082893787
758100.0,5014.705335336091,4157.993077160178,0.0,0.9504850167552149,0.4280375094989741
758160.0,5014.693528606743,4158.004895020249,0.0,0.9504848548176024,0.42803887815176545
758220.0,5014.6817118454555,4158.016705794419,0.0,0.950485015303991,0.42804024683511077
758280.0,5014.669897204288,4158.028518088356,0.0,0.9504851072312526,0.4280416155134716
758340.0,5014.658088331312,4158.040334468065,0.0,0.9504850135535204,0.42804298417502223
758400.0,5014.646275929017,4158.052148367173,0.0,0.9504850330761846,0.4280443528481356
758460.0,5014.634464953447,4158.063963288497,0.0,0.9504850064717155,0.4280457215178596
758520.0,5014.6226527085555,4158.075777326253,0.0,0.9504850204181042,0.4280470901923098
758580.0,5014.610842247199,4158.087592639392,0.0,0.9504849767480907,0.4280484588623577
758640.0,5014.599029185942,4158.099406127285,0.0,0.9504850164283143,0.42804982754106563
758700.0,5014.587222643161,4158.111224244509,0.0,0.9504848461331679,0.42805119620156634
758760.0,5014.5754055510015,4158.123034909634,0.0,0.9504850149064406,0.4280525648941746
758820.0,5014.56359068899,4158.13484717239,0.0,0.9504851115813544,0.4280539335814679
758880.0,5014.551781813316,4158.146663674924,0.0,0.9504850156413603,0.42805530225126687
758940.0,5014.539971651674,4158.158479288983,0.0,0.9504849606583305,0.428056670926298
759000.0,5014.528158037264,4158.170292469099,0.0,0.9504850165550485,0.4280580396121783
759060.0,5014.516353607266,4158.18211216373,0.0,0.9504847767530327,0.42805940827185324
759120.0,5014.504534322941,4158.193921362054,0.0,0.9504850144456075,0.42806077697655054
759180.0,5014.492718184161,4158.205732805314,0.0,0.9504851506054168,0.4280621456731864
759240.0,5014.480910477224,4158.217550217686,0.0,0.9504850155143065,0.42806351434499135
759300.0,5014.469100964315,4158.229366373866,0.0,0.9504849381010732,0.42806488302358825
759360.0,5014.457286590876,4158.241179100593,0.0,0.9504850168347572,0.42806625171725743
759420.0,5014.44548064976,4158.2529978050125,0.0,0.9504848241469014,0.428067620386632
759480.0,5014.433662793813,4158.264808096553,0.0,0.9504850143443238,0.4280689890925569
759540.0,5014.421847452516,4158.276620186993,0.0,0.950485123293461,0.4280703577923125
759600.0,5014.41003885761,4158.288437054919,0.0,0.9504850151830009,0.4280717264722926
759660.0,5014.398228815125,4158.300252920033,0.0,0.9504849532273153,0.42807309515798936
759720.0,5014.386414882343,4158.312066041662,0.0,0.9504850162231346,0.42807446385584835
759780.0,5014.374611300789,4158.323886503299,0.0,0.9504847459930639,0.4280758325239995
759840.0,5014.362790980742,4158.335695135622,0.0,0.9504850138564733,0.42807720124282833
759900.0,5014.350974206886,4158.34750629632,0.0,0.9504851673015425,0.4280785699523931
759960.0,5014.339166935211,4158.359324183378,0.0,0.9504850150712899,0.42807993863391425
760020.0,5014.327357629973,4158.371140653223,0.0,0.9504849278387646,0.4280813073229099
760080.0,5014.315542848066,4158.382953257697,0.0,0.9504850165698085,0.42808267602882716
760140.0,5014.303737569485,4158.394772597596,0.0,0.9504847994331023,0.42808404470723493
760200.0,5014.291918865243,4158.406582455705,0.0,0.9504850137738025,0.4280854134267277
760260.0,5014.280102996257,4158.418394339528,0.0,0.9504851365549802,0.4280867821390886
760320.0,5014.268294730155,4158.430211606812,0.0,0.9504850147294057,0.42808815082910273
760380.0,5014.256484834354,4158.442027742431,0.0,0.9504849449161406,0.4280895195253801
760440.0,5014.244670555214,4158.45384078573,0.0,0.9504850159120324,0.4280908882352996
760500.0,5014.23286387893,4158.465659220696,0.0,0.9504848421471214,0.42809225692341013
760560.0,5014.2210464579175,4158.477470069462,0.0,0.9504850136581043,0.42809362564456377
760620.0,5014.209231303265,4158.4892825417,0.0,0.9504851119015403,0.4280949943602918
760680.0,5014.197422231673,4158.501099322773,0.0,0.9504850144062804,0.4280963630582322
760740.0,5014.1856118535525,4158.51291520068,0.0,0.9504849585322783,0.4280977317614661
760800.0,5014.173797966994,4158.524728604888,0.0,0.9504850153361232,0.4280991004757177
760860.0,5014.161993413325,4158.536548629619,0.0,0.9504847716459826,0.42810046916331296
760920.0,5014.150173765577,4158.54835798685,0.0,0.9504850131938121,0.4281018378966573
760980.0,5014.138357314362,4158.560169625411,0.0,0.9504851515623295,0.4281032066217848
761040.0,5014.126549431189,4158.571987330332,0.0,0.9504850142811793,0.42810457532166835
761100.0,5014.11473971309,4158.583803758376,0.0,0.9504849356131855,0.4281059440284308
761160.0,5014.10292505606,4158.5956167009845,0.0,0.9504850156243817,0.428107312750503
761220.0,5014.091118967641,4158.60743571859,0.0,0.9504848198123418,0.42810868144786696
761280.0,5014.079300772142,4158.619246186037,0.0,0.9504850130948982,0.4281100501823635
761340.0,5014.067485132096,4158.631058481504,0.0,0.9504851238115931,0.4281114189105663
761400.0,5014.055676347436,4158.64287563228,0.0,0.9504850139485144,0.4281127876186628
761460.0,5014.043866092025,4158.654691763689,0.0,0.9504849509887536,0.42811415633254557
761520.0,5014.032051883584,4158.666505106812,0.0,0.9504850150068536,0.4281155250587805
761580.0,5014.020244530029,4158.678323313109,0.0,0.9504848583063611,0.42811689376544804
761640.0,5014.008427486884,4158.69013467873,0.0,0.9504850129662017,0.42811826250199586
761700.0,5013.9966124862,4158.701947509619,0.0,0.950485101555356,0.4281196312337887
761760.0,5013.984803043447,4158.713764278772,0.0,0.9504850112762616,0.4281209999493962
761820.0,5013.9729901996225,4158.725578657276,0.0,0.950485030088826,0.42812236867618386
761880.0,5013.961178730275,4158.737394021331,0.0,0.9504850044484928,0.42812373739973647
761940.0,5013.9493660375565,4158.7492085340355,0.0,0.9504850178871798,0.42812510612787785
762000.0,5013.937555063109,4158.761024276325,0.0,0.9504849758007085,0.42812647485180994
762060.0,5013.9257415831935,4158.772838259601,0.0,0.9504850140391977,0.42812784358412037
762120.0,5013.9139343838915,4158.784656705321,0.0,0.9504848499236658,0.42812921229892953
762180.0,5013.902117019336,4158.796467968409,0.0,0.9504850125695573,0.4281305810447032
762240.0,5013.890301803264,4158.8082807718165,0.0,0.9504851057340218,0.4281319497854035
762300.0,5013.8784924321335,4158.820097716674,0.0,0.9504850107966447,0.4281333185090562
762360.0,5013.866679484889,4158.831912146957,0.0,0.9504850305824869,0.4281346872444148
762420.0,5013.854867983448,4158.8437276132845,0.0,0.950485003620679,0.42813605597632404
762480.0,5013.8430551959345,4158.855542183872,0.0,0.9504850177552325,0.42813742471301003
762540.0,5013.831244215787,4158.867358047115,0.0,0.9504849734982989,0.4281387934452193
762600.0,5013.819430601283,4158.879172060096,0.0,0.9504850137128764,0.42814016218619394
762660.0,5013.807623592092,4158.890990765388,0.0,0.9504848411273722,0.4281415309086916
762720.0,5013.795805893325,4158.902801916856,0.0,0.9504850121716353,0.4281428996637289
762780.0,5013.783990454534,4158.914614687568,0.0,0.950485110147675,0.4281442684133575
762840.0,5013.772181081733,4158.926431755841,0.0,0.9504850129175478,0.4281456371452455
762900.0,5013.760370406042,4158.938247923336,0.0,0.9504849571953469,0.42814700588241617
762960.0,5013.748556231738,4158.9500616236155,0.0,0.9504850138446346,0.42814837463057676
763020.0,5013.736751364135,4158.9618819271145,0.0,0.9504847708169533,0.42814974335215317
763080.0,5013.72493144476,4158.973691591043,0.0,0.9504850117079202,0.42815111211936047
763140.0,5013.713114712929,4158.985503530351,0.0,0.950485149700112,0.4281524808783752
763200.0,5013.701306525111,4158.997321520151,0.0,0.9504850127921031,0.4281538496122124
763260.0,5013.689496507486,4159.009138236439,0.0,0.9504849343379057,0.4281552183529134
763320.0,5013.677681564768,4159.020951476418,0.0,0.9504850141314253,0.42815658710888527
763380.0,5013.665875166621,4159.032770775517,0.0,0.9504848188516527,0.42815795584021515
763440.0,5013.654056695317,4159.0445815468465,0.0,0.9504850116085917,0.4281593246085827
763500.0,5013.64224077228,4159.056394141437,0.0,0.9504851220241142,0.4281606933706755
763560.0,5013.630431685398,4159.0682115786385,0.0,0.9504850124596586,0.42816206211271535
763620.0,5013.6186211318645,4159.080027999164,0.0,0.9504849496709743,0.42816343086052905
763680.0,5013.606806636374,4159.091841638707,0.0,0.950485013514892,0.4281647996206638
763740.0,5013.594998976531,4159.103660128716,0.0,0.9504848572403577,0.42816616836128407
763800.0,5013.58318165425,4159.115471795964,0.0,0.9504850114795611,0.42816753713170824
763860.0,5013.571366368677,4159.127284924671,0.0,0.9504850998277383,0.42816890589739265
763920.0,5013.559556625441,4159.139101981345,0.0,0.9504850097939878,0.42817027464693475
763980.0,5013.547743490654,4159.150916653642,0.0,0.9504850285552844,0.42817164340763
764040.0,5013.535931726468,4159.162732308924,0.0,0.950485002984557,0.4281730121651004
764100.0,5013.524118742328,4159.174547115104,0.0,0.9504850163865887,0.42817438092714943
764160.0,5013.512307471623,4159.186363147668,0.0,0.950484974414437,0.4281757496850021
764220.0,5013.500493702461,4159.198177425834,0.0,0.9504850125488421,0.42817711845121315
764280.0,5013.4886861962805,4159.209996154792,0.0,0.9504848488793008,0.428178487199971
764340.0,5013.476868553325,4159.221807719919,0.0,0.9504850110829685,0.4281798559796139
764400.0,5013.465053052807,4159.2336208213555,0.0,0.9504851039941089,0.4281812247541992
764460.0,5013.453243380841,4159.245438053416,0.0,0.9504850093146461,0.428182593511782
764520.0,5013.441430142763,4159.257252777498,0.0,0.9504850290466054,0.4281839622810425
764580.0,5013.42961834642,4159.269068534931,0.0,0.9504850021579531,0.42818533104686435
764640.0,5013.4178052675925,4159.280883398981,0.0,0.9504850162539816,0.4281866998174524
764700.0,5013.4059939910485,4159.292699552324,0.0,0.9504849721172042,0.4281880685835771
764760.0,5013.394180087515,4159.304513860259,0.0,0.9504850122223827,0.428189437358446
764820.0,5013.382372770759,4159.316332848256,0.0,0.9504848401057651,0.4281908061148888
764880.0,5013.370554794373,4159.328144302194,0.0,0.9504850106851022,0.42819217490378725
764940.0,5013.358739071602,4159.339957371164,0.0,0.9504851083947816,0.42819354368729406
765000.0,5013.346929397814,4159.351774726463,0.0,0.9504850114287596,0.4281949124531075
765060.0,5013.335118424762,4159.3635911833635,0.0,0.9504849558578992,0.4281962812241924
765120.0,5013.323303962893,4159.3754051795095,0.0,0.9504850123530987,0.42819765000623966
765180.0,5013.311498781614,4159.387225761625,0.0,0.9504847699858816,0.42819901876177446
765240.0,5013.299678590743,4159.399035732011,0.0,0.9504850102219641,0.4282003875628224
765300.0,5013.287861578456,4159.41084797185,0.0,0.9504851478389352,0.42820175635570185
765360.0,5013.276053086224,4159.42266624636,0.0,0.9504850113029719,0.4282031251234703
765420.0,5013.264242769287,4159.434483250712,0.0,0.9504849330619333,0.4282044938980873
765480.0,5013.252427541053,4159.446296787858,0.0,0.9504850126384253,0.42820586268793653
765540.0,5013.240620833421,4159.458116368289,0.0,0.9504848178893861,0.42820723145320966
765600.0,5013.22880208646,4159.469927443278,0.0,0.950485010122222,0.42820860025542573
765660.0,5013.2169858805955,4159.481740336781,0.0,0.9504851202374531,0.4282099690513863
765720.0,5013.205176491715,4159.493558060231,0.0,0.950485010970747,0.42821133782734677
765780.0,5013.193365640266,4159.505374769689,0.0,0.9504849483526746,0.428212706609069
765840.0,5013.181550857901,4159.517188705452,0.0,0.9504850120228835,0.42821407540308126
765900.0,5013.169742892003,4159.529007479003,0.0,0.950484856173102,0.4282154441776317
765960.0,5013.157925290737,4159.540819447662,0.0,0.9504850099928583,0.4282168129819102
766020.0,5013.146109720446,4159.552632873979,0.0,0.9504850981007169,0.428218181781464
766080.0,5013.134299676945,4159.564450217996,0.0,0.9504850083116392,0.42821955056491845
766140.0,5013.122486251383,4159.576265183889,0.0,0.9504850270218201,0.42822091935949885
766200.0,5013.110674192565,4159.588081130213,0.0,0.9504850015204912,0.42822228815086477
766260.0,5013.098860917192,4159.599896229671,0.0,0.9504850148859759,0.4282236569467992
766320.0,5013.0870493504335,4159.611712552316,0.0,0.9504849730278124,0.42822502573854987
766380.0,5013.0752352922045,4159.623527125174,0.0,0.9504850110584343,0.4282263945386389
766440.0,5013.063427479376,4159.6353461372,0.0,0.950484847833724,0.428227763321323
766500.0,5013.051609558178,4159.647158004144,0.0,0.9504850095963179,0.4282291321348128
766560.0,5013.039793773388,4159.658971403408,0.0,0.9504851022547222,0.42823050094326065
766620.0,5013.027983800799,4159.670788922492,0.0,0.9504850078325758,0.42823186973475147
766680.0,5013.016170272081,4159.682603940178,0.0,0.950485027510771,0.4282332385378912
766740.0,5013.004358181039,4159.6944199885265,0.0,0.9504850006951128,0.42823460733760305
766800.0,5012.992544811089,4159.706235145846,0.0,0.9504850147527018,0.42823597614207065
766860.0,5012.980733238349,4159.718051589102,0.0,0.9504849707358141,0.4282373449420883
766920.0,5012.96891904597,4159.729866191793,0.0,0.9504850107318362,0.4282387137508292
766980.0,5012.957111421877,4159.741685462322,0.0,0.9504848390830645,0.4282400825411947
767040.0,5012.945293168028,4159.753497218517,0.0,0.9504850091985073,0.4282414513639324
767100.0,5012.933477161452,4159.76531058554,0.0,0.950485106642416,0.428242820181295
767160.0,5012.921667186891,4159.77712822768,0.0,0.9504850099399149,0.42824418898101124
767220.0,5012.9098559166805,4159.788944973799,0.0,0.9504849545200729,0.42824555778598794
767280.0,5012.898041167429,4159.800759265612,0.0,0.9504850108615116,0.4282469266018994
767340.0,5012.886235672717,4159.812580126179,0.0,0.9504847691533581,0.4282482953913701
767400.0,5012.874415210495,4159.824390402801,0.0,0.950485008735945,0.4282496642262365
767460.0,5012.862597917916,4159.83620294296,0.0,0.9504851459785456,0.4282510330529583
767520.0,5012.850789121492,4159.848021502,0.0,0.9504850098137849,0.42825240185463526
767580.0,5012.838978505454,4159.859838794233,0.0,0.9504849317854087,0.42825377066314585
767640.0,5012.827162991885,4159.871652628346,0.0,0.9504850111453784,0.42825513948684996
767700.0,5012.815355975002,4159.883472489941,0.0,0.9504848169258416,0.428256508286044
767760.0,5012.803536952533,4159.895283868369,0.0,0.9504850086357897,0.4282578771220864
767820.0,5012.79172046401,4159.907097060574,0.0,0.9504851184515029,0.42825924595189235
767880.0,5012.779910773346,4159.918915070096,0.0,0.9504850094817794,0.4282606147617512
767940.0,5012.768099624191,4159.930732068302,0.0,0.950484947033855,0.42826198357735956
768000.0,5012.756284555132,4159.942546300081,0.0,0.950485010530827,0.4282633524052266
768060.0,5012.744479916324,4159.954367932994,0.0,0.950484738152652,0.42826472120312115
768120.0,5012.732658411472,4159.966177637824,0.0,0.9504850081459948,0.4282660900521142
768180.0,5012.720840479967,4159.977989892,0.0,0.9504851628113428,0.4282674588917498
768240.0,5012.709032123117,4159.989808928626,0.0,0.9504850093711142,0.4282688277031007
768300.0,5012.697221717324,4160.001626536079,0.0,0.9504849214454134,0.4282701965219738
768360.0,5012.6854057931605,4160.013440245856,0.0,0.9504850108821907,0.42827156535790517
768420.0,5012.673593223378,4160.025256344099,0.0,0.9504849921456728,0.4282729341847389
768480.0,5012.661779275373,4160.037071480461,0.0,0.9504850174878455,0.42827430301659786
768540.0,5012.6499665239535,4160.048887477455,0.0,0.9504850040799661,0.4282756718457803
768600.0,5012.638152052487,4160.060702271521,0.0,0.9504850457298413,0.4282770406810718
768660.0,5012.626340049591,4160.072518825512,0.0,0.9504850077309169,0.42827840950981033
768720.0,5012.614521796872,4160.084330976943,0.0,0.950485170382759,0.42827977835865555
768780.0,5012.602713613083,4160.096150260931,0.0,0.9504850090235482,0.4282811471777304
768840.0,5012.590903275253,4160.107968041299,0.0,0.9504849165609114,0.42828251600464307
768900.0,5012.57908713452,4160.119781722448,0.0,0.9504850106168995,0.428283884849469
768960.0,5012.567274521707,4160.131597914984,0.0,0.9504849909152647,0.4282852536846756
769020.0,5012.555460459961,4160.143413095547,0.0,0.9504850175678304,0.4282866225251201
769080.0,5012.543647656965,4160.155229180774,0.0,0.9504850034699184,0.42828799136270096
769140.0,5012.5318330456,4160.167044000507,0.0,0.9504850472720517,0.4282893602066561
769200.0,5012.520021030583,4160.178860670673,0.0,0.9504850073136126,0.42829072904367405
769260.0,5012.508202443857,4160.1906727102705,0.0,0.9504851783642305,0.4282920979017658
769320.0,5012.496394445842,4160.20249225061,0.0,0.9504850086772411,0.4282934667285251
769380.0,5012.484584183262,4160.214310209038,0.0,0.9504849114435092,0.428294835563454
769440.0,5012.472767899159,4160.226123912899,0.0,0.9504850077729655,0.428296204416925
769500.0,5012.460952882455,4160.23793853444,0.0,0.9504850629438193,0.42829757326796053
769560.0,5012.449141325361,4160.249755611853,0.0,0.9504850066890407,0.42829894210909797
769620.0,5012.437320518612,4160.261566163279,0.0,0.9504852475887859,0.42830031097935095
769680.0,5012.4255146249225,4160.273387276169,0.0,0.9504850086431282,0.4283016798052854
769740.0,5012.413705547149,4160.285206156331,0.0,0.9504848717301697,0.42830304864215063
769800.0,5012.401887991332,4160.297019043208,0.0,0.9504850074034293,0.4283044175049349
769860.0,5012.390072225262,4160.308833217475,0.0,0.9504850851149307,0.4283057863637149
769920.0,5012.378261332904,4160.320650848519,0.0,0.9504850059107383,0.4283071552083501
769980.0,5012.366441952481,4160.332462487202,0.0,0.9504851994644542,0.42830852407947134
770040.0,5012.354634526277,4160.344282598732,0.0,0.9504850082476937,0.4283098929155009
770100.0,5012.342824549726,4160.356100925987,0.0,0.9504848986792436,0.4283112617605584
770160.0,5012.3310077881715,4160.367914458044,0.0,0.9504850072391473,0.4283126306264517
770220.0,5012.319192456365,4160.379729022735,0.0,0.9504850694169753,0.42831399948942145
770280.0,5012.307381023667,4160.391546354515,0.0,0.9504850060281532,0.4283153683411725
770340.0,5012.295559169251,4160.403356330335,0.0,0.9504852775056363,0.42831673722556035
770400.0,5012.283754120548,4160.415178207857,0.0,0.9504850082407246,0.42831810605994297
770460.0,5012.271945485317,4160.426997567666,0.0,0.9504848539573844,0.4283194749064652
770520.0,5012.260127296882,4160.438810172833,0.0,0.9504850068541866,0.42832084378213686
770580.0,5012.2483111268175,4160.450624227278,0.0,0.9504850944332757,0.428322212653117
770640.0,5012.236500449384,4160.462442176781,0.0,0.9504850051825495,0.42832358150809263
770700.0,5012.224686410738,4160.474257761955,0.0,0.950485023780248,0.42832495037413465
770760.0,5012.2128737303565,4160.486074321923,0.0,0.9504849984316337,0.42832631923698433
770820.0,5012.201059840899,4160.497890039959,0.0,0.9504850117166973,0.42832768810438043
770880.0,5012.18924764946,4160.509706974149,0.0,0.9504849701093492,0.42832905696762125
770940.0,5012.1774329819,4160.521522168699,0.0,0.9504850079116115,0.4283304258391562
771000.0,5012.165624521114,4160.533341776798,0.0,0.9504848456656632,0.4283317946933924
771060.0,5012.153806014374,4160.545154281158,0.0,0.9504850064577619,0.4283331635782589
771120.0,5012.141989630783,4160.556968309025,0.0,0.9504850985601918,0.4283345324581189
771180.0,5012.130179023479,4160.56878643291,0.0,0.9504850047040954,0.4283359013211215
771240.0,5012.118364881962,4160.5806020699,0.0,0.9504850242640175,0.4283372701957104
771300.0,5012.106552169205,4160.592418731627,0.0,0.9504849976089366,0.42833863906689534
771360.0,5012.094738185399,4160.604234507512,0.0,0.9504850115819635,0.42834000794281263
771420.0,5012.082925987669,4160.616051561929,0.0,0.9504849678288099,0.42834137681430984
771480.0,5012.071111186439,4160.627866786462,0.0,0.9504850075847104,0.4283427456944838
771540.0,5012.059302912876,4160.63968665189,0.0,0.9504848369651753,0.428344114556394
771600.0,5012.047484075182,4160.651499046457,0.0,0.9504850060600752,0.42834548345049234
771660.0,5012.035667470827,4160.663313042592,0.0,0.9504851029192742,0.4283468523392526
771720.0,5012.023856861214,4160.67513128914,0.0,0.9504850067965332,0.42834822121047006
771780.0,5012.012044963896,4160.6869486449,0.0,0.9504849517087948,0.4283495900869239
771840.0,5012.000229608999,4160.698763560567,0.0,0.9504850077121011,0.4283509589742517
771900.0,5011.98842345144,4160.7105850070575,0.0,0.9504847674531284,0.4283523278352969
771960.0,5011.976602418769,4160.722395930819,0.0,0.9504850055987785,0.4283536967414787
772020.0,5011.964784536117,4160.734209105083,0.0,0.9504851420180827,0.42835506563956904
772080.0,5011.952975097136,4160.746028263443,0.0,0.950485006669652,0.4283564345127606
772140.0,5011.9411638497195,4160.7578461623725,0.0,0.9504849291089608,0.4283578033927526
772200.0,5011.92934773499,4160.7696606232,0.0,0.9504850079927573,0.4283591722878529
772260.0,5011.917540064441,4160.781481076695,0.0,0.9504848149376643,0.42836054115858857
772320.0,5011.905720462404,4160.793293096108,0.0,0.9504850054977155,0.4283619100659644
772380.0,5011.893903378608,4160.805106918861,0.0,0.9504851146546381,0.42836327896714566
772440.0,5011.882093050677,4160.816925531092,0.0,0.9504850063381296,0.4283646478484966
772500.0,5011.870281273204,4160.828743137909,0.0,0.9504849442644159,0.42836601673557
772560.0,5011.858465600007,4160.840557994315,0.0,0.9504850073803841,0.42836738563483384
772620.0,5011.846660292605,4160.852380209114,0.0,0.9504847366352478,0.42836875450430356
772680.0,5011.834838223275,4160.864190564816,0.0,0.9504850050093498,0.4283701234245801
772740.0,5011.8230197051735,4160.876003455176,0.0,0.9504851587470009,0.428371492335559
772800.0,5011.811210702586,4160.887823088789,0.0,0.9504850062266204,0.428372861218418
772860.0,5011.799399663653,4160.899641301545,0.0,0.9504849188278854,0.42837423010876197
772920.0,5011.787583140402,4160.911455639179,0.0,0.9504850077281334,0.42837559901606836
772980.0,5011.775776133839,4160.923276729123,0.0,0.9504847901775545,0.4283769678957867
773040.0,5011.763955682842,4160.935088313378,0.0,0.9504850049269362,0.42837833681669185
773100.0,5011.752138071139,4160.946901928368,0.0,0.9504851279422084,0.42837970573043727
773160.0,5011.740328072994,4160.958720940333,0.0,0.9504850058844988,0.42838107462177466
773220.0,5011.7285164429295,4160.970538817705,0.0,0.9504849359382559,0.4283824435193823
773280.0,5011.716700423414,4160.982353594952,0.0,0.9504850070695176,0.42838381243066426
773340.0,5011.7048920174475,4160.994173777371,0.0,0.9504848329735154,0.42838518132007364
773400.0,5011.693072851742,4161.005986354464,0.0,0.9504850048114325,0.42838655024260663
773460.0,5011.681255955636,4161.017800559036,0.0,0.9504851032421135,0.42838791915969093
773520.0,5011.669445151128,4161.0296190832505,0.0,0.9504850055611722,0.42838928805893806
773580.0,5011.65763303833,4161.04143670195,0.0,0.9504849495807045,0.42839065696348333
773640.0,5011.6458174122,4161.053251840698,0.0,0.9504850064929266,0.4283920258790716
773700.0,5011.6340111321015,4161.06507361655,0.0,0.95048476233823,0.4283933947679252
773760.0,5011.622189736792,4161.076884698042,0.0,0.9504850043466689,0.42839476370264407
773820.0,5011.610371542561,4161.088698066521,0.0,0.9504851429790919,0.4283961326291155
773880.0,5011.598561928404,4161.100517516595,0.0,0.9504850054362478,0.4283975015302739
773940.0,5011.586750476813,4161.112335686501,0.0,0.9504849266183097,0.42839887043832
774000.0,5011.574934079392,4161.124150362172,0.0,0.9504850067821502,0.42840023936171245
774060.0,5011.563126262644,4161.135971128074,0.0,0.9504848105966769,0.4284016082603254
774120.0,5011.551306321874,4161.1477833222525,0.0,0.9504850042479812,0.4284029771961623
774180.0,5011.539488940208,4161.159597348974,0.0,0.9504851151759188,0.42840434612568007
774240.0,5011.527678423559,4161.171416243196,0.0,0.9504850051033633,0.42840571503503594
774300.0,5011.515866434164,4161.183234115407,0.0,0.9504849420236086,0.42840708395018395
774360.0,5011.504050486217,4161.195049192285,0.0,0.9504850061638594,0.4284084528777129
774420.0,5011.492241402816,4161.206869144521,0.0,0.9504848491645425,0.4284098217856169
774480.0,5011.480422616279,4161.2186822388185,0.0,0.9504850041194545,0.4284111907234735
774540.0,5011.468605875133,4161.230496801995,0.0,0.9504850928776178,0.4284125596565535
774600.0,5011.456794699729,4161.242315313317,0.0,0.9504850024264302,0.4284139285734026
774660.0,5011.4449801185365,4161.25413142792,0.0,0.9504850212749362,0.42841529750145463
774720.0,5011.433166913785,4161.265948530502,0.0,0.9504849955857794,0.42841666642625725
774780.0,5011.421352483993,4161.277764779542,0.0,0.9504850090501626,0.42841803535565437
774840.0,5011.409539774927,4161.289582261205,0.0,0.9504849668834942,0.4284194042808249
774900.0,5011.3977245569195,4161.301397979378,0.0,0.9504850051949816,0.42842077321439
774960.0,5011.385915628401,4161.313218171152,0.0,0.9504848407663475,0.4284221421303991
775020.0,5011.374096520386,4161.325031162187,0.0,0.9504850037226751,0.4284235110774505
775080.0,5011.362279563935,4161.336845697339,0.0,0.9504850970650065,0.42842488001940593
775140.0,5011.35046846065,4161.348664384339,0.0,0.9504850019465173,0.42842624894426595
775200.0,5011.338653776274,4161.360480550379,0.0,0.9504850217701976,0.428427617880856
775260.0,5011.326840539776,4161.372297755023,0.0,0.9504849947569898,0.42842898681398167
775320.0,5011.315026015444,4161.384114061615,0.0,0.9504850089185963,0.4284303557518907
775380.0,5011.303213301064,4161.395931664064,0.0,0.9504849645772343,0.4284317246853045
775440.0,5011.291397948669,4161.407747411542,0.0,0.9504850048686617,0.4284330936275007
775500.0,5011.279589210925,4161.419567863075,0.0,0.9504848319536378,0.4284344625511629
775560.0,5011.267769768615,4161.431380741728,0.0,0.950485003324616,0.42843583150744646
775620.0,5011.2559525895185,4161.443195243628,0.0,0.9504851014878353,0.4284372004582979
775680.0,5011.244141484951,4161.455014053885,0.0,0.9504850040720915,0.4284385693913596
775740.0,5011.2323290757295,4161.466831961018,0.0,0.9504849482435929,0.42843993832970834
775800.0,5011.220513163009,4161.478647394693,0.0,0.9504850050010863,0.42844130727907237
775860.0,5011.208706570114,4161.490469448141,0.0,0.9504847615095502,0.42844267620177384
775920.0,5011.196884904343,4161.502280835196,0.0,0.9504850028604318,0.4284440451702222
775980.0,5011.185066430657,4161.514094503286,0.0,0.9504851411160862,0.42844541413044734
776040.0,5011.173256512996,4161.525914237076,0.0,0.9504850039468224,0.4284467830654263
776100.0,5011.1614447630245,4161.537732694069,0.0,0.9504849253429348,0.42844815200727765
776160.0,5011.14962808107,4161.54954766597,0.0,0.9504850052888398,0.42844952096443645
776220.0,5011.1378199557275,4161.561368712194,0.0,0.9504848096363162,0.4284508898968821
776280.0,5011.12599974032,4161.573181209128,0.0,0.9504850027613289,0.4284522588664567
776340.0,5011.114182076821,4161.584995533835,0.0,0.9504851133877061,0.4284536278297312
776400.0,5011.102371259093,4161.596814713321,0.0,0.9504850036141588,0.4284549967728971
776460.0,5011.09055897272,4161.608632873492,0.0,0.950484940705692,0.42845636572184287
776520.0,5011.078742738881,4161.620448245649,0.0,0.9504850046715453,0.4284577346831383
776580.0,5011.066933350333,4161.632268480429,0.0,0.950484848098721,0.4284591036248617
776640.0,5011.0551142858185,4161.644081875223,0.0,0.9504850026324673,0.42846047259646164
776700.0,5011.043297260939,4161.655896735076,0.0,0.9504850911493619,0.4284618415633001
776760.0,5011.031485786196,4161.667715532762,0.0,0.9504850009438144,0.4284632105139508
776820.0,5011.0196709151905,4161.679531940011,0.0,0.9504850197410054,0.4284645794757772
776880.0,5011.007857416753,4161.691349332669,0.0,0.9504849941215172,0.42846594843436453
776940.0,5010.996042696692,4161.7031658740325,0.0,0.950485007549212,0.4284673173975362
777000.0,5010.984229692517,4161.7149836448125,0.0,0.9504849654969671,0.42846868635649404
777060.0,5010.972414186412,4161.726799656731,0.0,0.950485003704275,0.4284700553238263
777120.0,5010.960604952151,4161.7386201305735,0.0,0.9504848397222245,0.428471424273651
777180.0,5010.948785566903,4161.750433422515,0.0,0.9504850022357405,0.4284727932544382
777240.0,5010.936968327165,4161.762248254558,0.0,0.9504850953243706,0.42847416223014534
777300.0,5010.925156924185,4161.7740672275995,0.0,0.9504850004641797,0.4284755311888026
777360.0,5010.91334195013,4161.785883686291,0.0,0.9504850202338928,0.4284769001591611
777420.0,5010.901528419883,4161.797701180885,0.0,0.9504849932939554,0.4284782691260661
777480.0,5010.889713605389,4161.809517779793,0.0,0.9504850074169767,0.4284796380977436
777540.0,5010.877900595755,4161.821335671188,0.0,0.9504849631959557,0.4284810070649397
777600.0,5010.866084955481,4161.833151712475,0.0,0.950485003377816,0.42848237604089706
777660.0,5010.854275911305,4161.84497244554,0.0,0.9504848309324347,0.4284837449983712
777720.0,5010.842456192542,4161.856785625538,0.0,0.9504850018377373,0.4284851139883828
777780.0,5010.8306387306275,4161.868600424558,0.0,0.9504850997341516,0.4284864829729792
777840.0,5010.818827326214,4161.880419520679,0.0,0.9504850025829541,0.4284878519398328
777900.0,5010.807014620777,4161.892237716062,0.0,0.9504849469059962,0.4284892209119627
777960.0,5010.795198421645,4161.904053444465,0.0,0.9504850035091981,0.42849058989508015
778020.0,5010.783391516212,4161.915875775354,0.0,0.9504847606788571,0.4284919588516071
778080.0,5010.771569580106,4161.9276874677425,0.0,0.9504850013741298,0.42849332785376304
778140.0,5010.759750827121,4161.939501435227,0.0,0.9504851392541506,0.42849469684771974
778200.0,5010.747940606191,4161.9513214525605,0.0,0.9504850024573418,0.4284960658164968
778260.0,5010.736128558054,4161.96314019646,0.0,0.9504849240668394,0.428497434792131
778320.0,5010.72431159174,4161.974955464391,0.0,0.9504850037954864,0.4284988037830338
778380.0,5010.712503158054,4161.986776790777,0.0,0.9504848086742643,0.42850017274928986
778440.0,5010.700682668147,4161.998589590239,0.0,0.9504850012746123,0.42850154175257976
778500.0,5010.688864722975,4162.010404212718,0.0,0.95048511160041,0.4285029107495887
778560.0,5010.677053604395,4162.022223677292,0.0,0.9504850021248983,0.4285042797265422
778620.0,5010.665241021256,4162.0340421252395,0.0,0.9504849393871466,0.4285056487092633
778680.0,5010.653424501697,4162.045857792473,0.0,0.9504850031791858,0.428507017704303
778740.0,5010.641614808243,4162.057678309634,0.0,0.9504848470313756,0.4285083866798236
778800.0,5010.629795465899,4162.0694920047,0.0,0.950485001145417,0.42850975568514427
778860.0,5010.617978157453,4162.081307161019,0.0,0.9504850894218673,0.4285111246857188
778920.0,5010.606166383597,4162.093126244887,0.0,0.950484999461121,0.4285124936701486
778980.0,5010.594351222965,4162.104942944582,0.0,0.9504850182071621,0.428513862665727
779040.0,5010.5825374310425,4162.11676062713,0.0,0.9504849926571192,0.42851523165807637
779100.0,5010.570722420897,4162.128577460621,0.0,0.9504850060482429,0.4285166006550001
779160.0,5010.558909121816,4162.140395520333,0.0,0.9504849641100571,0.428517969647723
779220.0,5010.5470933277975,4162.152211825792,0.0,0.9504850022135176,0.42851933864880004
779280.0,5010.535283788037,4162.1640325815415,0.0,0.9504848386765261,0.42852070763241756
779340.0,5010.523464125699,4162.17584617416,0.0,0.9504850007487424,0.42852207664691805
779400.0,5010.511646602841,4162.187661302884,0.0,0.950485093584474,0.4285234456563544
779460.0,5010.49983490039,4162.199480561795,0.0,0.950484998981765,0.42852481464878617
779520.0,5010.488019636843,4162.2112973129415,0.0,0.9504850186976804,0.42852618365289086
779580.0,5010.476205813041,4162.223115097299,0.0,0.9504849918307826,0.42852755265355275
779640.0,5010.464390708574,4162.234931988326,0.0,0.9504850059153404,0.42852892165897655
779700.0,5010.452577403897,4162.24675016848,0.0,0.9504849618142814,0.4285302906599323
779760.0,5010.44076147593,4162.258566503378,0.0,0.9504850018869199,0.4285316596696283
779820.0,5010.428952125565,4162.270387517811,0.0,0.9504848299096841,0.42853302866089193
779880.0,5010.417132130497,4162.282200998925,0.0,0.9504850003507953,0.4285343976846093
779940.0,5010.405314385928,4162.294016094856,0.0,0.9504850979812433,0.42853576670292826
780000.0,5010.393502681891,4162.305835476663,0.0,0.9504850010937604,0.4285371357035516
780060.0,5010.381689680446,4162.317653960108,0.0,0.9504849455679107,0.42853850470944
780120.0,5010.369873195081,4162.329469983028,0.0,0.9504850020172605,0.4285398737262884
780180.0,5010.358065977359,4162.3412925912,0.0,0.9504847598464312,0.428541242716618
780240.0,5010.346243771058,4162.353104588693,0.0,0.950484999887764,0.4285426117524588
780300.0,5010.334424738933,4162.364918855357,0.0,0.9504851373931602,0.4285439807801245
780360.0,5010.322614214957,4162.376739156064,0.0,0.9504850009678059,0.4285453497826769
780420.0,5010.310801868867,4162.388558186687,0.0,0.9504849227901149,0.4285467187920714
780480.0,5010.298984618366,4162.400373750437,0.0,0.9504850023020874,0.428548087816696
780540.0,5010.287175876574,4162.412195356823,0.0,0.9504848077107795,0.4285494568167397
780600.0,5010.275355112317,4162.424008458588,0.0,0.9504849997878335,0.42855082585372284
780660.0,5010.26353688564,4162.435823378629,0.0,0.9504851098138243,0.42855219488444374
780720.0,5010.251725466425,4162.447643128115,0.0,0.9504850006355817,0.42855356389516225
780780.0,5010.239912586729,4162.459461863656,0.0,0.950484938068128,0.42855493291163604
780840.0,5010.2280957816265,4162.471277825758,0.0,0.9504850016867777,0.4285563019403974
780900.0,5010.216285783492,4162.483098625131,0.0,0.950484845962988,0.42855767094969244
780960.0,5010.204466163476,4162.494912620251,0.0,0.9504849996583054,0.4285590399887118
781020.0,5010.192648571637,4162.506728072831,0.0,0.950485087694885,0.42856040902299997
781080.0,5010.180836498878,4162.518547442703,0.0,0.950484997978356,0.42856177804118634
781140.0,5010.1690210488105,4162.530364434649,0.0,0.9504850166733689,0.42856314707049425
781200.0,5010.157206963605,4162.542182406893,0.0,0.9504849911926058,0.42856451609658347
781260.0,5010.145391663569,4162.553999532316,0.0,0.9504850045472457,0.42856588512723676
781320.0,5010.133578069788,4162.5658178807735,0.0,0.9504849627228482,0.42856725415370184
781380.0,5010.121761988041,4162.577634479576,0.0,0.9504850007227073,0.4285686231885012
781440.0,5010.10995214301,4162.589455517059,0.0,0.9504848376297947,0.4285699922058892
781500.0,5010.098132203742,4162.6012694101455,0.0,0.9504849992616826,0.42857136125408096
781560.0,5010.086314397934,4162.613084835343,0.0,0.9504850918452327,0.42857273029722426
781620.0,5010.074502396225,4162.624904379943,0.0,0.9504849974992747,0.4285740993234081
781680.0,5010.062686843378,4162.636721423348,0.0,0.9504850171615431,0.4285754683612364
781740.0,5010.050872726226,4162.648539497279,0.0,0.9504849903674812,0.4285768373956325
781800.0,5010.039057331974,4162.6603566802305,0.0,0.9504850044136824,0.4285782064347802
781860.0,5010.027243732457,4162.672175148954,0.0,0.9504849604322504,0.4285795754694734
781920.0,5010.01542751698,4162.683991777261,0.0,0.9504850003959723,0.42858094451288575
781980.0,5010.003617860663,4162.695813072899,0.0,0.9504848288855181,0.42858231353791626
782040.0,5009.991797589433,4162.707626854907,0.0,0.9504849988637906,0.42858368259531693
782100.0,5009.979979562379,4162.719442247538,0.0,0.9504850962290505,0.4285850516473361
782160.0,5009.968167558934,4162.731261914854,0.0,0.9504849996045109,0.4285864206817066
782220.0,5009.95635426169,4162.74308068618,0.0,0.9504849442292799,0.4285877897213311
782280.0,5009.944537490272,4162.754897003417,0.0,0.9504850005252766,0.42858915877188813
782340.0,5009.932729960527,4162.766719888725,0.0,0.95048475901171,0.4285905277959978
782400.0,5009.920907484151,4162.7785321910815,0.0,0.950484998401333,0.4285918968655014
782460.0,5009.90908817304,4162.790346756705,0.0,0.9504851355333747,0.4285932659268539
782520.0,5009.897277346254,4162.8021673406165,0.0,0.9504849994782154,0.428594634963159
782580.0,5009.885464702428,4162.813986657785,0.0,0.9504849215126248,0.42859600400629144
782640.0,5009.873647167909,4162.825802517145,0.0,0.9504850008086478,0.42859737306461515
782700.0,5009.861838118267,4162.837624403375,0.0,0.9504848067453504,0.4285987420984239
782760.0,5009.850017079791,4162.849437807211,0.0,0.9504849983009905,0.42860011116907754
782820.0,5009.838198571769,4162.861253024599,0.0,0.9504851080282428,0.42860148023348815
782880.0,5009.826386852148,4162.873073058822,0.0,0.9504849991462101,0.42860284927794934
782940.0,5009.814573676105,4162.884892081774,0.0,0.9504849367484998,0.4286042183281535
783000.0,5009.802756585637,4162.896708338541,0.0,0.9504850001943241,0.4286055873906143
783060.0,5009.790949910922,4162.908531995686,0.0,0.9504847280352822,0.42860695642309576
783120.0,5009.779126393678,4162.920343725866,0.0,0.9504849978113222,0.4286083255066742
783180.0,5009.76730644484,4162.932158005091,0.0,0.9504851523521957,0.4286096945808885
783240.0,5009.755496057329,4162.9439790661045,0.0,0.9504849990353667,0.42861106362681567
783300.0,5009.743683623769,4162.955798698026,0.0,0.950484911180355,0.42861243268025856
783360.0,5009.7318656795405,4162.967614432626,0.0,0.9504850005451385,0.42861380175075775
783420.0,5009.720051085048,4162.979432555421,0.0,0.9504849818236447,0.42861517081215456
783480.0,5009.70823511428,4162.991249716393,0.0,0.9504850071453937,0.42861653987857234
783540.0,5009.696420338454,4163.003067737876,0.0,0.95048499374825,0.4286179089423094
783600.0,5009.684603845006,4163.014884556509,0.0,0.9504850353646063,0.42861927801215094
783660.0,5009.672789816715,4163.026703134865,0.0,0.9504849973961764,0.42862064707543523
783720.0,5009.66096954734,4163.038517311025,0.0,0.9504851599172671,0.4286220161588202
783780.0,5009.649159332887,4163.05033861905,0.0,0.9504849986876798,0.4286233852124322
783840.0,5009.637346967432,4163.062158423542,0.0,0.9504849062993204,0.4286247542738758
783900.0,5009.625528807167,4163.073974129183,0.0,0.9504850002796615,0.4286261233532307
783960.0,5009.613714169937,4163.085792345933,0.0,0.9504849805938119,0.4286274924229614
784020.0,5009.601898085818,4163.097609550773,0.0,0.9504850072249204,0.4286288614979256
784080.0,5009.59008325872,4163.1094276601525,0.0,0.9504849931382889,0.42863023057002203
784140.0,5009.578266625798,4163.121244504121,0.0,0.9504850369052055,0.42863159964848824
784200.0,5009.5664525856355,4163.133063198315,0.0,0.9504849969788063,0.4286329687200132
784260.0,5009.554631982948,4163.144877262318,0.0,0.9504851678920849,0.4286343378126059
784320.0,5009.542821954247,4163.156698826347,0.0,0.9504849983412511,0.4286357068738636
784380.0,5009.531009664174,4163.168518808556,0.0,0.9504849011855319,0.4286370759432845
784440.0,5009.519191360973,4163.180334536573,0.0,0.9504849974376127,0.4286384450312456
784500.0,5009.507374323445,4163.192151182134,0.0,0.9504850525641036,0.42863981411676455
784560.0,5009.4955607407255,4163.203970283314,0.0,0.95048499635447,0.4286411831923829
784620.0,5009.483737921265,4163.215782859069,0.0,0.9504852370606676,0.4286425522971109
784680.0,5009.471929994114,4163.22760599528,0.0,0.9504849983068986,0.4286439213575176
784740.0,5009.460118887353,4163.239426898915,0.0,0.9504848615038756,0.4286452904288488
784800.0,5009.448299314363,4163.251241809808,0.0,0.9504849970681069,0.42864665952609726
784860.0,5009.43648152867,4163.263058007918,0.0,0.9504850747170832,0.4286480286193348
784920.0,5009.424668609916,4163.27487766246,0.0,0.9504849955765267,0.42864939769842497
784980.0,5009.412847214941,4163.286691325163,0.0,0.9504851889747157,0.4286507668039969
785040.0,5009.40103775757,4163.298513459886,0.0,0.9504849979115145,0.4286521358744729
785100.0,5009.389225753438,4163.310333810446,0.0,0.9504848884310739,0.4286535049539703
785160.0,5009.377406973766,4163.3221493662395,0.0,0.9504849969036898,0.4286548740543017
785220.0,5009.365589621888,4163.333965954517,0.0,0.950485059031491,0.4286562431517029
785280.0,5009.3537761637035,4163.345785309602,0.0,0.9504849956935797,0.4286576122378832
785340.0,5009.341952298346,4163.357597309366,0.0,0.950485266952938,0.4286589813566941
785400.0,5009.330145215319,4163.369421209695,0.0,0.9504849979042841,0.42866035042549705
785460.0,5009.318334550797,4163.381242592494,0.0,0.9504848437448247,0.42866171950643334
785520.0,5009.30651434638,4163.393057221266,0.0,0.9504849965187715,0.4286630886165172
785580.0,5009.294696157569,4163.404873299127,0.0,0.9504850840273893,0.4286644577219029
785640.0,5009.2828834537495,4163.416693271657,0.0,0.9504849948483899,0.42866582681128174
785700.0,5009.271067393429,4163.428510880045,0.0,0.9504850134310929,0.4286671959117222
785760.0,5009.259252689506,4163.440329463098,0.0,0.9504849881028103,0.4286685650089665
785820.0,5009.247436778215,4163.452147204262,0.0,0.9504850013771518,0.4286699341107527
785880.0,5009.235622562609,4163.463966161424,0.0,0.950484959803191,0.42867130320837915
785940.0,5009.223805874354,4163.475783379081,0.0,0.9504849975750354,0.42867267231429573
786000.0,5009.211995384268,4163.487605009816,0.0,0.9504848354593678,0.42867404140290694
786060.0,5009.200174862225,4163.499419537461,0.0,0.9504849961222649,0.4286754105221468
786120.0,5009.188356460419,4163.511235588417,0.0,0.9504850881506223,0.42867677963637346
786180.0,5009.1765438268685,4163.523055734984,0.0,0.9504849943699191,0.42867814873374027
786240.0,5009.164727664056,4163.53487339485,0.0,0.9504850139140785,0.42867951784268893
786300.0,5009.152912928039,4163.546692079321,0.0,0.9504849872803712,0.42868088694822926
786360.0,5009.141096922768,4163.558509877996,0.0,0.9504850012421275,0.42868225605849763
786420.0,5009.129282701116,4163.57032895505,0.0,0.9504849575240656,0.4286836251643411
786480.0,5009.11746587961,4163.582146202357,0.0,0.950484997247997,0.42868499427885776
786540.0,5009.105655576724,4163.593968090071,0.0,0.9504848267653614,0.4286863633751041
786600.0,5009.093834724424,4163.6057825076,0.0,0.9504849957244969,0.42868773250353664
786660.0,5009.082016102391,4163.617598526495,0.0,0.9504850925058964,0.4286891016266247
786720.0,5009.07020346677,4163.629418795385,0.0,0.9504849964602748,0.42869047073216754
786780.0,5009.058389545277,4163.64123817352,0.0,0.9504849414166976,0.42869183984294024
786840.0,5009.046572171032,4163.653055111768,0.0,0.9504849973750189,0.42869320896458485
786900.0,5009.0347639813635,4163.664878580177,0.0,0.9504847573087754,0.42869457805994016
786960.0,5009.022940937293,4163.67669152682,0.0,0.9504849952633032,0.4286959472004304
787020.0,5009.011121038897,4163.688506723699,0.0,0.9504851315731483,0.4286973163328226
787080.0,5008.999309572439,4163.7003279041,0.0,0.9504849963332287,0.42869868544031353
787140.0,5008.9874963001,4163.712147825135,0.0,0.9504849188346793,0.4287000545545984
787200.0,5008.975678167234,4163.723964308363,0.0,0.9504849976551842,0.4287014236839894
787260.0,5008.9638684668325,4163.735786783668,0.0,0.950484804754799,0.42870279278901086
787320.0,5008.952046851559,4163.747600825635,0.0,0.9504849951620544,0.42870416193066896
787380.0,5008.940227751063,4163.759416670724,0.0,0.9504851042314139,0.4287055310661261
787440.0,5008.92841539705,4163.77123730483,0.0,0.9504849960017056,0.42870690018175045
787500.0,5008.916601595546,4163.783056933558,0.0,0.9504849339777737,0.4287082693030909
787560.0,5008.904783903758,4163.79487381211,0.0,0.9504849970430339,0.4287096384366199
787620.0,5008.892976563372,4163.806698048315,0.0,0.9504847265152321,0.42871100754034774
787680.0,5008.881152484403,4163.81851042651,0.0,0.9504849946738149,0.42871237669488066
787740.0,5008.869331951758,4163.830325339074,0.0,0.9504851482880012,0.42871374584010935
787800.0,5008.8575209214,4163.8421469942405,0.0,0.950484995890019,0.4287151149572156
787860.0,5008.845707857565,4163.8539672286315,0.0,0.9504849085613889,0.4287164840818004
787920.0,5008.833889317058,4163.865783588244,0.0,0.9504849973902383,0.42871785322334577
787980.0,5008.822080280027,4163.877606699495,0.0,0.9504847800141352,0.4287192223372979
788040.0,5008.81025781729,4163.88942030591,0.0,0.9504849945912,0.4287205914924335
788100.0,5008.798438189934,4163.901235942814,0.0,0.9504851175077769,0.4287219606404028
788160.0,5008.78662616556,4163.9130569761755,0.0,0.9504849955479056,0.4287233297659616
788220.0,5008.774812511573,4163.924876874995,0.0,0.9504849256577528,0.42872469889778425
788280.0,5008.762994474258,4163.936693673957,0.0,0.9504849967318842,0.42872606804327906
788340.0,5008.751184039929,4163.94851587755,0.0,0.9504848227754333,0.4287274371668963
788400.0,5008.7393628608515,4163.9603304764905,0.0,0.9504849944755221,0.428728806323634
788460.0,5008.727543948254,4163.972146702704,0.0,0.9504850928272497,0.42873017547491626
788520.0,5008.715731118795,4163.983967248142,0.0,0.9504849952245719,0.42873154460835905
788580.0,5008.703916982904,4163.995786888095,0.0,0.950484939288935,0.42873291374709344
788640.0,5008.692099338581,4164.007604048305,0.0,0.9504849961554906,0.42873428289686866
788700.0,5008.6802910273345,4164.0194278449535,0.0,0.950484752196382,0.4287356520199026
788760.0,5008.6684676219065,4164.031240948206,0.0,0.9504849940108644,0.4287370211888
788820.0,5008.656647413144,4164.043056338182,0.0,0.9504851325321272,0.4287383903494435
788880.0,5008.644835772536,4164.054877809176,0.0,0.9504849950994808,0.4287397594847713
788940.0,5008.633022297087,4164.066698000063,0.0,0.9504849163447406,0.42874112862698055
789000.0,5008.621203882703,4164.078514697018,0.0,0.9504849964442145,0.428742497784534
789060.0,5008.609394037086,4164.090337483599,0.0,0.950484800416022,0.4287438669173029
789120.0,5008.5975720843335,4164.1021516992205,0.0,0.9504849939119897,0.42874523608729254
789180.0,5008.585752687164,4164.11396774716,0.0,0.9504851047509194,0.42874660525095637
789240.0,5008.573940145478,4164.125788662132,0.0,0.950484994766597,0.428747974394456
789300.0,5008.562126133132,4164.137608555133,0.0,0.9504849317373933,0.4287493435437412
789360.0,5008.550308167756,4164.149425653042,0.0,0.9504849958261532,0.4287507127054052
789420.0,5008.538497057405,4164.161247625815,0.0,0.9504848389526774,0.42875208184743924
789480.0,5008.5266762574365,4164.173062741254,0.0,0.9504849937832994,0.4287534510194226
789540.0,5008.514857500052,4164.18487932538,0.0,0.9504850824702648,0.4287548201866227
789600.0,5008.5030443006835,4164.196699857269,0.0,0.9504849920915425,0.4287561893375894
789660.0,5008.491227700289,4164.20851799262,0.0,0.9504850109249079,0.4287575584997546
789720.0,5008.479412474448,4164.220337115822,0.0,0.9504849852562794,0.4287589276586662
789780.0,5008.467596025298,4164.232155385521,0.0,0.9504849987098373,0.42876029682216776
789840.0,5008.455781294508,4164.243974887697,0.0,0.9504849565768716,0.42876166598143844
789900.0,5008.443964058288,4164.255792626508,0.0,0.9504849948576541,0.42876303514909947
789960.0,5008.4321531028545,4164.267614838459,0.0,0.9504848305605798,0.4287644042991981
790020.0,5008.420331982082,4164.279429850309,0.0,0.9504849933864379,0.4287657734803373
790080.0,5008.408513009924,4164.291246406081,0.0,0.9504850866539633,0.42876714265637383
790140.0,5008.396699882808,4164.303067113301,0.0,0.9504849916116139,0.42876851181531245
790200.0,5008.384883179611,4164.314885299755,0.0,0.9504850114193749,0.42876988098597674
790260.0,5008.373067922304,4164.326704524678,0.0,0.9504849844277534,0.4287712501531723
790320.0,5008.361251378977,4164.338522851598,0.0,0.9504849985779775,0.4287726193251469
790380.0,5008.34943664311,4164.35034247422,0.0,0.950484954272057,0.42877398849262194
790440.0,5008.337619272923,4164.362160242011,0.0,0.9504849945311963,0.42877535766887526
790500.0,5008.325808508234,4164.373982713369,0.0,0.9504848217545142,0.42877672682658813
790560.0,5008.313987053867,4164.385797612518,0.0,0.9504849929882978,0.42877809601692063
790620.0,5008.302167859607,4164.39761413471,0.0,0.9504850910729132,0.42877946520181437
790680.0,5008.29035473145,4164.409434964851,0.0,0.9504849937350862,0.4287808343689159
790740.0,5008.278540300489,4164.421254891894,0.0,0.9504849379512361,0.4287822035412981
790800.0,5008.266722370913,4164.433072345685,0.0,0.9504849946632489,0.4287835727246934
790860.0,5008.254913748251,4164.44489641859,0.0,0.9504847513665344,0.42878494188141947
790920.0,5008.2430900736645,4164.4567098260595,0.0,0.9504849925242188,0.42878631108389087
790980.0,5008.231269586768,4164.468525514299,0.0,0.9504851306692017,0.42878768027813247
791040.0,5008.219457644025,4164.480347267666,0.0,0.9504849936096512,0.42878904944712526
791100.0,5008.207643871554,4164.492167744298,0.0,0.9504849150686575,0.42879041862298406
791160.0,5008.195825173969,4164.503984736142,0.0,0.9504849949505052,0.4287917878141482
791220.0,5008.1840150211365,4164.51580780171,0.0,0.9504847994545155,0.4287931569805942
791280.0,5008.172192795058,4164.527622318736,0.0,0.950484992424929,0.42879452618416575
791340.0,5008.160373117381,4164.5394386633125,0.0,0.9504851029627129,0.4287958953814306
791400.0,5008.148560275978,4164.551259862207,0.0,0.9504849932769873,0.4287972645585845
791460.0,5008.136745968006,4164.563080041823,0.0,0.9504849304188903,0.4287986337415118
791520.0,5008.1249277180705,4164.574897433664,0.0,0.9504849943334375,0.4288000029367865
791580.0,5008.11311630394,4164.586719687641,0.0,0.9504848378859725,0.4288013721124843
791640.0,5008.101295227313,4164.598535102227,0.0,0.9504849922959048,0.42880274131805507
791700.0,5008.089476187526,4164.6103519816825,0.0,0.950485080741877,0.42880411051885786
791760.0,5008.077662690177,4164.622172798589,0.0,0.9504849906085152,0.4288054797034704
791820.0,5008.0658458013095,4164.63399122524,0.0,0.9504850093906138,0.4288068488992542
791880.0,5008.054030283131,4164.6458106371765,0.0,0.9504849837915892,0.42880821809179476
791940.0,5008.042213545052,4164.6576291978545,0.0,0.9504849972084924,0.42880958728891505
792000.0,5008.030398520502,4164.6694489878055,0.0,0.950484955189847,0.42881095648181716
792060.0,5008.018580997525,4164.681267019015,0.0,0.9504849933665441,0.4288123256830898
792120.0,5008.006769737717,4164.693089511694,0.0,0.9504848295155689,0.42881369486684817
792180.0,5007.994948341033,4164.704904823099,0.0,0.9504849918990954,0.4288150640815672
792240.0,5007.983129086916,4164.716721674415,0.0,0.9504850849132743,0.42881643329119973
792300.0,5007.971315661469,4164.728542666335,0.0,0.9504849901288623,0.4288178024837797
792360.0,5007.959498669934,4164.740361144093,0.0,0.9504850098827293,0.42881917168805667
792420.0,5007.947683120224,4164.752180657624,0.0,0.950484982964279,0.42882054088887583
792480.0,5007.935866288076,4164.763999275515,0.0,0.95048499707597,0.428821910094463
792540.0,5007.924051258313,4164.775819185737,0.0,0.9504849528902293,0.42882327929556435
792600.0,5007.912233601586,4164.787637245987,0.0,0.9504849930399486,0.4288246485054232
792660.0,5007.90042253184,4164.799459997538,0.0,0.9504848207322429,0.428826017696792
792720.0,5007.888600802331,4164.811275196676,0.0,0.9504849915010115,0.4288273869206968
792780.0,5007.876781326581,4164.8230920146425,0.0,0.9504850893191334,0.4288287561391796
792840.0,5007.864967899935,4164.834913129302,0.0,0.9504849922455441,0.4288301253399173
792900.0,5007.853153174112,4164.846733343249,0.0,0.9504849366130821,0.4288314945459246
792960.0,5007.841334959461,4164.858551090415,0.0,0.9504849931709579,0.4288328637629174
793020.0,5007.829526025634,4164.870375439418,0.0,0.9504847505349283,0.42883423295331285
793080.0,5007.81770208203,4164.882189150873,0.0,0.9504849910375098,0.4288356021893357
793140.0,5007.805881317164,4164.89400513716,0.0,0.9504851288071731,0.42883697141715277
793200.0,5007.794069072512,4164.905827172733,0.0,0.950484992119766,0.4288383406197877
793260.0,5007.78225500323,4164.917647934927,0.0,0.9504849137919669,0.4288397098292735
793320.0,5007.770436022619,4164.9294652214485,0.0,0.9504849934567507,0.4288410790540258
793380.0,5007.758625562808,4164.941288565837,0.0,0.9504847984916033,0.4288424482541261
793440.0,5007.746803063552,4164.953103384042,0.0,0.9504849909378059,0.4288438174912571
793500.0,5007.734983105533,4164.964920025044,0.0,0.9504851011752968,0.42884518672210054
793560.0,5007.723169964635,4164.976741507681,0.0,0.9504849917873225,0.4288465559328861
793620.0,5007.711355361252,4164.9885619737315,0.0,0.9504849290997566,0.42884792514943276
793680.0,5007.699536826932,4165.000379659299,0.0,0.9504849928406767,0.42884929437829594
793740.0,5007.687725109257,4165.012202194313,0.0,0.9504848368178747,0.4288506635876348
793800.0,5007.675903756128,4165.024017907823,0.0,0.9504849908084483,0.4288520328267706
793860.0,5007.664084434109,4165.0358350824,0.0,0.9504850790141319,0.4288534020611535
793920.0,5007.652270639,4165.047656184147,0.0,0.9504849891254129,0.4288547712793892
793980.0,5007.640453461851,4165.059474901897,0.0,0.9504850078563951,0.42885614050876913
794040.0,5007.628637651539,4165.071294602374,0.0,0.95048498232677,0.4288575097349158
794100.0,5007.61682062472,4165.083113453838,0.0,0.9504849957071265,0.4288588789656323
794160.0,5007.605005306616,4165.0949335313735,0.0,0.9504849538024657,0.4288602481921435
794220.0,5007.593187497063,4165.106751854783,0.0,0.9504849918753832,0.4288616174270051
794280.0,5007.5813759331195,4165.118574628023,0.0,0.9504848284691829,0.4288629866444006
794340.0,5007.569554260673,4165.130390238766,0.0,0.9504849904116913,0.42886435589267724
794400.0,5007.55773472477,4165.142207385417,0.0,0.9504850831731865,0.4288657251358833
794460.0,5007.545921001207,4165.15402866186,0.0,0.950484988646037,0.42886709436208204
794520.0,5007.534103721521,4165.16584743073,0.0,0.9504850083461549,0.4288684635999493
794580.0,5007.522287879607,4165.1776672326805,0.0,0.9504849815006783,0.4288698328343696
794640.0,5007.51047075883,4165.189486141346,0.0,0.9504849955739404,0.4288712020735474
794700.0,5007.498655435374,4165.201306338982,0.0,0.950484951508053,0.42887257130825274
794760.0,5007.486837492292,4165.213124691493,0.0,0.9504849915486493,0.4288739405516943
794820.0,5007.475026117722,4165.22494772307,0.0,0.9504848197086828,0.4288753097766968
794880.0,5007.46320411323,4165.23676322198,0.0,0.9504849900136627,0.42887667903415133
794940.0,5007.451384356157,4165.2485803355075,0.0,0.9504850875661512,0.4288780482862009
795000.0,5007.439570631247,4165.260401734512,0.0,0.9504849907559463,0.4288794175205523
795060.0,5007.42775561077,4165.27222223518,0.0,0.9504849352743595,0.42888078676016245
795120.0,5007.415937111219,4165.284040275521,0.0,0.9504849916786209,0.42888215601073043
795180.0,5007.404127866494,4165.295864900475,0.0,0.9504847497010105,0.4288835252347728
795240.0,5007.392303653996,4165.307678915678,0.0,0.9504849895507355,0.4288848945043248
795300.0,5007.380482611311,4165.319495199793,0.0,0.9504851269463328,0.4288862637656953
795360.0,5007.368670064981,4165.331317517397,0.0,0.9504849906298266,0.42888763300194993
795420.0,5007.356855699106,4165.343138564975,0.0,0.9504849125145141,0.4288890022450403
795480.0,5007.345036435639,4165.354956145967,0.0,0.9504849919629541,0.42889037150335846
795540.0,5007.333225669105,4165.366779769019,0.0,0.9504847975268729,0.4288917407370907
795600.0,5007.321402896805,4165.378594888173,0.0,0.9504849894506191,0.4288931100077591
795660.0,5007.309582658606,4165.390411825388,0.0,0.9504850993887677,0.42889447927215874
795720.0,5007.2977692184395,4165.402233591598,0.0,0.950484990297602,0.4288958485165536
795780.0,5007.285954319853,4165.414054343898,0.0,0.9504849277801158,0.42889721776669726
795840.0,5007.274135501324,4165.4258723229905,0.0,0.9504849913478685,0.42889858702912637
795900.0,5007.26232711335,4165.4376977210995,0.0,0.9504847186661929,0.42889995626148864
795960.0,5007.250501859039,4165.449511162052,0.0,0.9504849889604297,0.4289013255450785
796020.0,5007.238680178249,4165.4613271584185,0.0,0.9504851437981606,0.42890269481927057
796080.0,5007.226868072332,4165.473149953698,0.0,0.950484990186964,0.42890406406509834
796140.0,5007.215053917537,4165.484971316192,0.0,0.9504849021633448,0.4289054333184523
796200.0,5007.203234244304,4165.496788771478,0.0,0.9504849916997739,0.4289068025889038
796260.0,5007.191417925588,4165.508608620949,0.0,0.9504849729424057,0.42890817185022256
796320.0,5007.179600228693,4165.5204275061105,0.0,0.9504849983128417,0.42890954111656965
796380.0,5007.167783728474,4165.5322472539065,0.0,0.9504849848900446,0.4289109103802227
796440.0,5007.155965508249,4165.544065795756,0.0,0.9504850265863861,0.4289122796499899
796500.0,5007.144149756708,4165.555886101733,0.0,0.9504849885451147,0.42891364891317696
796560.0,5007.132327755319,4165.567701994301,0.0,0.9504851513784314,0.42891501819650824
796620.0,5007.1205158231005,4165.579525036746,0.0,0.9504849898392377,0.4289163874499857
796680.0,5007.108701736898,4165.591346571777,0.0,0.9504848972735409,0.4289177567113058
796740.0,5007.096881847715,4165.603163997562,0.0,0.9504849914344157,0.42891912599058074
796800.0,5007.085065486595,4165.614983940753,0.0,0.9504849717108329,0.4289204952601998
796860.0,5007.073247676581,4165.62680286942,0.0,0.9504849983931527,0.42892186453506026
796920.0,5007.061431125411,4165.638622704867,0.0,0.9504849842795375,0.4289232338070391
796980.0,5007.049612765905,4165.650441271646,0.0,0.950485028130591,0.4289246030853981
797040.0,5007.037797002867,4165.662261693281,0.0,0.9504849881275703,0.4289259723567918
797100.0,5007.025974668081,4165.674077472935,0.0,0.9504851593692519,0.4289273416492997
797160.0,5007.014162922271,4165.685900771559,0.0,0.9504849894927716,0.4289287109103873
797220.0,5007.002348911949,4165.697722484284,0.0,0.950484892150509,0.4289300801796503
797280.0,5006.990528880013,4165.709539932033,0.0,0.9504849885875372,0.4289314494674988
797340.0,5006.978710115604,4165.721358299565,0.0,0.9504850438200383,0.4289328187528897
797400.0,5006.966894810918,4165.733179128904,0.0,0.9504849875024522,0.42893418802835076
797460.0,5006.955070256477,4165.744993416225,0.0,0.9504852286713121,0.42893555733298877
797520.0,5006.943260615454,4165.756818290698,0.0,0.9504849894587726,0.42893692659318633
797580.0,5006.9314477903845,4165.768640926869,0.0,0.9504848523929124,0.42893829586432763
797640.0,5006.91962648712,4165.780457555112,0.0,0.95048498821774,0.428939665161451
797700.0,5006.907806973748,4165.7922754737465,0.0,0.9504850660159861,0.42894103445454373
797760.0,5006.89599233423,4165.804096857531,0.0,0.9504849867234335,0.4289424037334489
797820.0,5006.884169206537,4165.815912234258,0.0,0.9504851804933402,0.42894377303889836
797880.0,5006.872358033382,4165.827736104396,0.0,0.9504849890630476,0.4289451423091545
797940.0,5006.860544309931,4165.839558185777,0.0,0.9504848793722787,0.4289465115884465
798000.0,5006.848723801367,4165.851375460236,0.0,0.950484988053426,0.428947880888624
798060.0,5006.836904722684,4165.86319376971,0.0,0.950485050300685,0.4289492501858545
798120.0,5006.825089543229,4165.8750148529625,0.0,0.95048498684113,0.4289506194718311
798180.0,5006.813263941932,4165.886828562207,0.0,0.950485258621868,0.42895198879051494
798240.0,5006.80145514675,4165.898654202107,0.0,0.9504849890562221,0.4289533580590566
798300.0,5006.789642765065,4165.9104773180225,0.0,0.9504848346006205,0.42895472733975426
798360.0,5006.777820830003,4165.922293662799,0.0,0.9504849876681869,0.42895609664967266
798420.0,5006.766000913462,4165.934111460251,0.0,0.950485075345076,0.42895746595487155
798480.0,5006.754186489705,4165.945933162199,0.0,0.9504849859947341,0.4289588352440182
798540.0,5006.74236870474,4165.957752493966,0.0,0.9504850046132258,0.42896020454424916
798600.0,5006.730552278136,4165.969572802814,0.0,0.9504849792363271,0.4289615738412694
798660.0,5006.718734642495,4165.981392267589,0.0,0.9504849925362558,0.42896294314283734
798720.0,5006.706918704985,4165.99321295139,0.0,0.950484950882435,0.42896431244022826
798780.0,5006.695100291365,4166.005031891232,0.0,0.95048498872697,0.4289656817459254
798840.0,5006.68328808476,4166.016855255245,0.0,0.9504848262996609,0.42896705103426264
798900.0,5006.671465832007,4166.028671498161,0.0,0.9504849872715463,0.4289684203533058
798960.0,5006.659645702558,4166.040489268165,0.0,0.9504850794768989,0.4289697896673133
799020.0,5006.64783134956,4166.05231114412,0.0,0.950484985515971,0.42897115896441357
799080.0,5006.636013462345,4166.064130527024,0.0,0.950485005097779,0.4289725282731194
799140.0,5006.624197003991,4166.075950937075,0.0,0.9504849784129299,0.42897389757840176
799200.0,5006.6123792746275,4166.087770459036,0.0,0.9504849924016036,0.42897526688841864
799260.0,5006.600563331453,4166.099591262559,0.0,0.9504849485995358,0.4289766361939929
799320.0,5006.588744784785,4166.111410231653,0.0,0.9504849883999321,0.42897800550825715
799380.0,5006.576932766039,4166.123233852825,0.0,0.9504848175894729,0.42897937480419407
799440.0,5006.565110182947,4166.135049984872,0.0,0.9504849868736421,0.4289807441323985
799500.0,5006.5532898333495,4166.146867722262,0.0,0.9504850838412395,0.42898211345523524
799560.0,5006.54147547867,4166.158689720381,0.0,0.9504849876109747,0.42898348276047743
799620.0,5006.52965983636,4166.170510825408,0.0,0.9504849324616305,0.4289848520709542
799680.0,5006.517840736428,4166.182329484346,0.0,0.9504849885276176,0.428986221392328
799740.0,5006.5060308341535,4166.194154689901,0.0,0.9504847479998015,0.42898759068733455
799800.0,5006.494206056449,4166.205969347024,0.0,0.9504849864119811,0.42898896002759146
799860.0,5006.482384428939,4166.217786260003,0.0,0.9504851229840039,0.4289903293597197
799920.0,5006.470571245341,4166.229609171627,0.0,0.9504849874841034,0.42899169866687836
799980.0,5006.458756253363,4166.241430820615,0.0,0.9504849098366566,0.4289930679808396
800040.0,5006.446936393995,4166.253249023068,0.0,0.95048498880874,0.42899443730994324
800100.0,5006.435124979089,4166.2650732327065,0.0,0.9504847955375264,0.4289958066146067
800160.0,5006.423301632466,4166.276888987612,0.0,0.9504849863109571,0.42899717595599746
800220.0,5006.411480804249,4166.288706550127,0.0,0.9504850955901095,0.4289985452911617
800280.0,5006.399666732097,4166.300528913756,0.0,0.9504849871523625,0.4289999146064382
800340.0,5006.387851210469,4166.312350269386,0.0,0.9504849250091845,0.42900128392743647
800400.0,5006.3760317930655,4166.324168867846,0.0,0.9504849881958347,0.4290026532606518
800460.0,5006.3642227418095,4166.3359948425195,0.0,0.950484717147495,0.42900402256397896
800520.0,5006.352396928248,4166.347808929123,0.0,0.9504849858221968,0.42900539191824133
800580.0,5006.3405746661065,4166.359625556434,0.0,0.9504851397320191,0.42900676126316606
800640.0,5006.328761919748,4166.371448943402,0.0,0.9504849870408806,0.4290081305798915
800700.0,5006.316947137096,4166.383270905913,0.0,0.9504848995443298,0.42900949990410586
800760.0,5006.305126870028,4166.395088983805,0.0,0.9504849885441258,0.42901086924532184
800820.0,5006.293309936744,4166.406909442088,0.0,0.9504849698988699,0.42901223857746174
800880.0,5006.2814916337475,4166.418728941665,0.0,0.9504849951170772,0.429013607914605
800940.0,5006.269674520004,4166.430549298932,0.0,0.9504849817744353,0.42901497724907367
801000.0,5006.257855696823,4166.442368457254,0.0,0.9504850232207543,0.4290163465896255
801060.0,5006.246039327062,4166.454189369544,0.0,0.9504849854071079,0.42901771592363896
801120.0,5006.234216745948,4166.466005893967,0.0,0.9504851472648268,0.4290190852776868
801180.0,5006.222404171876,4166.477829526992,0.0,0.9504849866929773,0.4290204546020543
801240.0,5006.210589457053,4166.489651661361,0.0,0.9504848946814324,0.42902182393422544
801300.0,5006.19876897502,4166.501469710236,0.0,0.9504849882780992,0.4290231932842507
801360.0,5006.186951999249,4166.513290262014,0.0,0.9504849686723919,0.42902456262467975
801420.0,5006.175133583481,4166.525109805161,0.0,0.9504849951946581,0.4290259319703237
801480.0,5006.163316418754,4166.536930249885,0.0,0.9504849811653191,0.4290273013131067
801540.0,5006.151497456809,4166.548749433307,0.0,0.9504850247535006,0.42902867066223743
801600.0,5006.13968107528,4166.560570460905,0.0,0.9504849849898037,0.4290300400044467
801660.0,5006.127858162478,4166.57238687338,0.0,0.950485155205651,0.4290314093676547
801720.0,5006.116045773325,4166.584210761422,0.0,0.9504849863463264,0.429032778699625
801780.0,5006.1042311335705,4166.596033072776,0.0,0.9504848895867869,0.42903414803972967
801840.0,5006.092410509318,4166.6078511438045,0.0,0.9504849854460113,0.4290355173983152
801900.0,5006.080591144721,4166.619670129353,0.0,0.9504850403474272,0.4290368867544634
801960.0,5006.068775218486,4166.631491562509,0.0,0.9504849843669234,0.429038256100741
802020.0,5006.056950099491,4166.643306491482,0.0,0.9504852240910581,0.42903962547603364
802080.0,5006.045139801912,4166.65513194648,0.0,0.9504849863110241,0.42904099480714303
802140.0,5006.033326339869,4166.666955176156,0.0,0.9504848500658531,0.42904236414913943
802200.0,5006.021504451901,4166.678772432616,0.0,0.9504849850769223,0.4290437335169706
802260.0,5006.009684342729,4166.69059097207,0.0,0.9504850624090071,0.4290451028808005
802320.0,5005.997869077332,4166.7024129566835,0.0,0.9504849835910624,0.4290464722305265
802380.0,5005.986045376066,4166.714228968964,0.0,0.9504851762003116,0.4290478416066487
802440.0,5005.974233555583,4166.726053425642,0.0,0.950484985916163,0.429049210947783
802500.0,5005.962419200472,4166.7378761039445,0.0,0.9504848768820755,0.4290505802979076
802560.0,5005.950598102074,4166.749694003099,0.0,0.9504849849120856,0.42905194966879967
802620.0,5005.938778424681,4166.761512931345,0.0,0.9504850467863437,0.4290533190367677
802680.0,5005.92696262245,4166.7733346173745,0.0,0.9504849837065471,0.4290546883935487
802740.0,5005.915136462589,4166.785148972023,0.0,0.9504852538595046,0.42905605778285505
802800.0,5005.903327005184,4166.796975188457,0.0,0.9504849859078721,0.42905742712230915
802860.0,5005.891513983335,4166.808798895533,0.0,0.9504848323769775,0.42905879647385553
802920.0,5005.879691467005,4166.8206158705825,0.0,0.9504849845276467,0.4290601658544568
802980.0,5005.867870956689,4166.832434289972,0.0,0.9504850716792543,0.4290615352303717
803040.0,5005.856055905268,4166.844256591335,0.0,0.9504849828637131,0.42906290459032875
803100.0,5005.844231348756,4166.856072161069,0.0,0.9504851999223809,0.42906427397990415
803160.0,5005.832420181343,4166.867897246311,0.0,0.9504849854943909,0.429065643329946
803220.0,5005.820606159239,4166.879720325888,0.0,0.9504848626279505,0.4290670126899422
803280.0,5005.808784538783,4166.891538019093,0.0,0.9504849843733827,0.42906838207328274
803340.0,5005.796964521152,4166.9033568705045,0.0,0.9504850541053913,0.429069751453151
803400.0,5005.785148870905,4166.915178829252,0.0,0.9504849830253453,0.4290711208203488
803460.0,5005.773325612876,4166.926995402885,0.0,0.9504851567113455,0.42907249021145066
803520.0,5005.761513067484,4166.93881959254,0.0,0.950484985113934,0.42907385957107963
803580.0,5005.7496982353505,4166.950642179594,0.0,0.9504848867857284,0.4290752289389524
803640.0,5005.737877322157,4166.962460457112,0.0,0.9504849842003555,0.42907659832559963
803700.0,5005.726057689158,4166.974279663859,0.0,0.9504850399929294,0.42907796770974627
803760.0,5005.714241550112,4166.986101358054,0.0,0.9504849831051041,0.4290793370838527
803820.0,5005.702416070062,4166.997916441808,0.0,0.9504852267181488,0.4290807064874249
803880.0,5005.690605650832,4167.00974222316,0.0,0.9504849850820764,0.4290820758460849
803940.0,5005.678792016235,4167.0215657427,0.0,0.9504848466277075,0.42908344521578606
804000.0,5005.666969819723,4167.033383191553,0.0,0.9504849838292968,0.4290848146117357
804060.0,5005.65514943093,4167.045201944119,0.0,0.9504850624163411,0.4290861840035952
804120.0,5005.643333964197,4167.05702419795,0.0,0.9504849823206762,0.42908755338111215
804180.0,5005.631509925523,4167.068840381915,0.0,0.9504851780546247,0.42908892278543914
804240.0,5005.619697959595,4167.080665147852,0.0,0.9504849846848278,0.4290902921541935
804300.0,5005.607883418315,4167.092488106215,0.0,0.9504848738828702,0.4290916615320612
804360.0,5005.596062024923,4167.104306207429,0.0,0.9504849836658036,0.42909303093102724
804420.0,5005.584242075685,4167.116125354314,0.0,0.9504850465443019,0.4290944003269982
804480.0,5005.572426064257,4167.12794730388,0.0,0.9504849824420505,0.4290957697115911
804540.0,5005.560603191757,4167.1397643978935,0.0,0.9504851390636087,0.4290971391178406
804600.0,5005.548789978539,4167.151588360883,0.0,0.9504849843173595,0.4290985084957869
804660.0,5005.53697470211,4167.163410879791,0.0,0.9504848956434013,0.42909987788130394
804720.0,5005.525153868358,4167.17522946098,0.0,0.9504849858419505,0.4291012472840475
804780.0,5005.513336412871,4167.187050454931,0.0,0.9504849669462285,0.4291026166775762
804840.0,5005.501517569555,4167.198870476971,0.0,0.9504849925045015,0.4291039860761634
804900.0,5005.489699931436,4167.210691368292,0.0,0.9504849789827816,0.4291053554720255
804960.0,5005.477880561253,4167.222511044177,0.0,0.9504850209876513,0.42910672487403967
805020.0,5005.466063677246,4167.234332497864,0.0,0.9504849826654689,0.4291080942694129
805080.0,5005.4542404994145,4167.246149503604,0.0,0.9504851467027784,0.42910946368507424
805140.0,5005.442427461825,4167.2579737149335,0.0,0.9504849839697571,0.42911083307064235
805200.0,5005.430612255174,4167.2697964069675,0.0,0.9504848907201024,0.42911220246410003
805260.0,5005.418791204648,4167.281614957669,0.0,0.9504849855773253,0.42911357187564847
805320.0,5005.406973707158,4167.293436045315,0.0,0.9504849657082403,0.42911494127745464
805380.0,5005.395154750627,4167.305256110445,0.0,0.950484992588103,0.42911631068453376
805440.0,5005.383337061897,4167.317077089341,0.0,0.9504849783704544,0.42911768008869905
805500.0,5005.371517552156,4167.328896789591,0.0,0.9504850225459763,0.4291190494992845
805560.0,5005.359700657273,4167.3407183590825,0.0,0.9504849822475318,0.42912041890284075
805620.0,5005.347877144392,4167.352535250271,0.0,0.9504851547554314,0.42912178832766257
805680.0,5005.336064295231,4167.364359719023,0.0,0.950484983623424,0.4291231577208122
805740.0,5005.324249165699,4167.376182589383,0.0,0.9504848855618543,0.429124527122187
805800.0,5005.312427972111,4167.388001161466,0.0,0.9504849827120965,0.42912589654228844
805860.0,5005.300608055111,4167.399820660377,0.0,0.9504850383531632,0.42912726595989836
805920.0,5005.288791622281,4167.411642640245,0.0,0.9504849816195893,0.4291286353674953
805980.0,5005.276965874556,4167.42345802696,0.0,0.9504852245715545,0.42913000480448393
806040.0,5005.265155145501,4167.435284083345,0.0,0.9504849835909694,0.429131374196678
806100.0,5005.253341210049,4167.447107883847,0.0,0.9504848455121753,0.4291327435998871
806160.0,5005.2415187366305,4167.458925629526,0.0,0.9504849823413618,0.4291341130292774
806220.0,5005.22969806585,4167.4707446755365,0.0,0.9504850607150169,0.429135482454591
806280.0,5005.217882303347,4167.482567213671,0.0,0.950484980836608,0.4291368518656002
806340.0,5005.206057992876,4167.494383697815,0.0,0.9504851760392116,0.4291382213033516
806400.0,5005.1942457213445,4167.50620874153,0.0,0.9504849831941153,0.4291395907056245
806460.0,5005.182430881639,4167.518031982412,0.0,0.9504848726928405,0.42914096011698977
806520.0,5005.170609208999,4167.529850378845,0.0,0.9504849821776293,0.4291423295493995
806580.0,5005.158788976441,4167.54166981824,0.0,0.9504850448853326,0.42914369897882465
806640.0,5005.146972670662,4167.553492053001,0.0,0.9504849809569703,0.42914506839690253
806700.0,5005.135149522997,4167.565309444913,0.0,0.9504851371532755,0.42914643783658235
806760.0,5005.123336007562,4167.577133687867,0.0,0.950484982826961,0.4291478072480342
806820.0,5005.111520434664,4167.5889564905365,0.0,0.950484894393568,0.4291491766670397
806880.0,5005.09969931999,4167.600775365783,0.0,0.950484984347186,0.42915054610322817
806940.0,5005.087881574105,4167.6125966475065,0.0,0.950484965502639,0.42915191553022736
807000.0,5005.076062444262,4167.624416959873,0.0,0.9504849909914254,0.4291532849622737
807060.0,5005.064244516223,4167.636238139264,0.0,0.9504849775062931,0.42915465439160383
807120.0,5005.0524248609545,4167.648058106408,0.0,0.9504850193970393,0.42915602382707196
807180.0,5005.040607684886,4167.659879846726,0.0,0.9504849811787571,0.42915739325591806
807240.0,5005.028784232585,4167.67169715074,0.0,0.9504851447706605,0.4291587627050022
807300.0,5005.016970892131,4167.6835216415275,0.0,0.950484982479277,0.42916013212407217
807360.0,5005.005155388666,4167.695344617013,0.0,0.950484889482575,0.42916150155101385
807420.0,5004.993334057668,4167.707163461991,0.0,0.9504849840822553,0.4291628709960002
807480.0,5004.981516269745,4167.718984837304,0.0,0.9504849642669764,0.4291642404312716
807540.0,5004.969697026849,4167.7308051927885,0.0,0.9504849910737799,0.4291656098718041
807600.0,5004.957879048191,4167.742626459666,0.0,0.9504849768946005,0.42916697930943193
807660.0,5004.946059253598,4167.754446451252,0.0,0.9504850209501292,0.42916834875346516
807720.0,5004.934242066529,4167.766268307214,0.0,0.9504849807609289,0.4291697181904892
807780.0,5004.92241827996,4167.778085497113,0.0,0.9504851528005748,0.4291710876487263
807840.0,5004.910605127257,4167.789910244795,0.0,0.9504849821328596,0.4291724570753743
807900.0,5004.898789700543,4167.801733398281,0.0,0.9504848843372604,0.4291738265102288
807960.0,5004.886968226733,4167.813552264722,0.0,0.9504849812237774,0.42917519596376213
808020.0,5004.875148025913,4167.825372055598,0.0,0.9504850367136742,0.42917656541481314
808080.0,5004.863331299499,4167.837194320957,0.0,0.9504849801340087,0.4291779348558782
808140.0,5004.851505284245,4167.849010010413,0.0,0.9504852224262574,0.4291793043262611
808200.0,5004.839694245604,4167.860836341666,0.0,0.9504849820998089,0.4291806737519667
808260.0,5004.8278800095195,4167.872660422954,0.0,0.9504848443957599,0.4291820431886615
808320.0,5004.816057259363,4167.8844784652465,0.0,0.9504849808533659,0.4291834126514703
808380.0,5004.804236306772,4167.896297804497,0.0,0.9504850590141396,0.4291847821102156
808440.0,5004.792420248708,4167.908120626758,0.0,0.9504849793524689,0.42918615155469475
808500.0,5004.780595666585,4167.91993741086,0.0,0.9504851740251019,0.4291875210258486
808560.0,5004.76878308969,4167.9317627321825,0.0,0.950484981703349,0.4291888904616175
808620.0,5004.7569679517865,4167.943586255408,0.0,0.9504848715018345,0.4291902599064579
808680.0,5004.745146000061,4167.955404946846,0.0,0.9504849806893941,0.4291916293722891
808740.0,5004.7333254843625,4167.967224678545,0.0,0.9504850432268077,0.4291929988351459
808800.0,5004.721508884442,4167.979047198315,0.0,0.9504849794718199,0.4291943682866855
808860.0,5004.709685461766,4167.990864887904,0.0,0.9504851352441558,0.42919573775977343
808920.0,5004.697871644349,4168.002689410658,0.0,0.9504849813365082,0.4291971072047082
808980.0,5004.6860557752,4168.0145124969085,0.0,0.9504848931430131,0.42919847665717975
809040.0,5004.674234379778,4168.026331666006,0.0,0.9504849828523795,0.4291998461267904
809100.0,5004.662416343697,4168.038153235309,0.0,0.9504849640588613,0.4292012155872379
809160.0,5004.650596927516,4168.049973837802,0.0,0.9504849894783591,0.429202585052721
809220.0,5004.638778709759,4168.06179530507,0.0,0.9504849760297105,0.4292039545154967
809280.0,5004.626958769587,4168.073615563275,0.0,0.9504850178066573,0.42920532398439637
809340.0,5004.615141301659,4168.085437590036,0.0,0.9504849796919798,0.4292066934466928
809400.0,5004.603317575038,4168.097255192102,0.0,0.9504851428398784,0.4292080629291774
809460.0,5004.591503931961,4168.109079962175,0.0,0.9504849809887429,0.42920943238172643
809520.0,5004.579688131897,4168.12090322093,0.0,0.9504848882443091,0.4292108018421295
809580.0,5004.5678665206015,4168.132722359977,0.0,0.9504849825871428,0.4292121713205314
809640.0,5004.556048442447,4168.144544022766,0.0,0.9504849628255282,0.42921354078924556
809700.0,5004.544228913373,4168.156364668403,0.0,0.950484989559465,0.4292149102632088
809760.0,5004.532410644983,4168.168186223067,0.0,0.9504849754186532,0.42921627973427673
809820.0,5004.520590565726,4168.18000650579,0.0,0.9504850193545068,0.42921764921173516
809880.0,5004.5087730866735,4168.191828648031,0.0,0.9504849792742606,0.4292190186822044
809940.0,5004.496949026566,4168.2036461364205,0.0,0.9504851508469692,0.4292203881738341
810000.0,5004.485135570558,4168.21547116286,0.0,0.9504849806422406,0.42922175763395765
810060.0,5004.473319846876,4168.227294599291,0.0,0.9504848831119443,0.429223127102269
810120.0,5004.461498093011,4168.239113759884,0.0,0.9504849797353978,0.42922449658921175
810180.0,5004.44967760855,4168.250933842518,0.0,0.950485035074651,0.42922586607368124
810240.0,5004.437860588765,4168.262756393185,0.0,0.9504849786483573,0.4292272355481914
810300.0,5004.426034306101,4168.2745723851385,0.0,0.9504852202832319,0.42922860505194627
810360.0,5004.414222958144,4168.286398991114,0.0,0.9504849806085973,0.4292299745111406
810420.0,5004.4024084216635,4168.29822335302,0.0,0.950484843277982,0.4292313439812983
810480.0,5004.390585394923,4168.310041691709,0.0,0.9504849793653078,0.42923271347750325
810540.0,5004.378764160691,4168.321861323991,0.0,0.9504850573139262,0.42923408296965787
810600.0,5004.366947807286,4168.333684430195,0.0,0.9504849778682553,0.4292354524475843
810660.0,5004.35512295365,4168.345501514026,0.0,0.9504851720126168,0.4292368219521181
810720.0,5004.343310071636,4168.357327112798,0.0,0.9504849802125296,0.42923819142136055
810780.0,5004.331494635754,4168.369150918192,0.0,0.9504848703099109,0.4292395608996534
810840.0,5004.319672405107,4168.380969904421,0.0,0.9504849792010982,0.42924093039888356
810900.0,5004.307851606443,4168.392789928221,0.0,0.9504850415687218,0.4292422998951497
810960.0,5004.296034712594,4168.40461273282,0.0,0.9504849779865999,0.4292436693801291
811020.0,5004.2842073820975,4168.416428144596,0.0,0.9504852502926702,0.4292450388978929
811080.0,5004.272396881709,4168.428255517312,0.0,0.9504849802061134,0.4292464083653796
811140.0,5004.260582789769,4168.440080359556,0.0,0.9504848254520954,0.42924777784504486
811200.0,5004.248759130849,4168.451898413427,0.0,0.9504849788155367,0.42924914735400466
811260.0,5004.236937493394,4168.46371792359,0.0,0.9504850666618945,0.4292505168582233
811320.0,5004.225121356579,4168.475541348138,0.0,0.9504849771389909,0.4292518863463441
811380.0,5004.213301853806,4168.487362396428,0.0,0.9504849957935304,0.4292532558455719
811440.0,5004.2014837113775,4168.499184424233,0.0,0.9504849703676636,0.4292546253415745
811500.0,5004.18966435823,4168.5110056057665,0.0,0.9504849836933648,0.42925599484213084
811560.0,5004.177846705681,4168.522828009369,0.0,0.9504849419591077,0.4292573643384927
811620.0,5004.166026573532,4168.534648664529,0.0,0.950484979876858,0.4292587338431767
811680.0,5004.154212657315,4168.546473755029,0.0,0.9504848171356691,0.4292601033304462
811740.0,5004.142388680638,4168.5582917063075,0.0,0.9504849784187621,0.4292614728484992
811800.0,5004.130566830359,4168.570111188479,0.0,0.9504850708024253,0.42926284236149415
811860.0,5004.1187507648,4168.5819347870065,0.0,0.9504849766599334,0.42926421185753405
811920.0,5004.106931160023,4168.5937558860915,0.0,0.9504849962796726,0.42926558136520365
811980.0,5004.0951129861905,4168.605578014885,0.0,0.9504849695432975,0.42926695086943484
812040.0,5004.083293539579,4168.61739925328,0.0,0.9504849835590906,0.4292683203784069
812100.0,5004.07147588175,4168.629221776437,0.0,0.9504849396723843,0.42926968988291814
812160.0,5004.059655616749,4168.641042460452,0.0,0.9504849795498225,0.4292710593961365
812220.0,5004.047841889058,4168.652867808299,0.0,0.9504848084090218,0.4292724288909702
812280.0,5004.036017581958,4168.664685647954,0.0,0.9504849780207207,0.4292737984181535
812340.0,5004.024195511604,4168.676505096952,0.0,0.9504850751759728,0.4292751679399455
812400.0,5004.012379444754,4168.688328817485,0.0,0.9504849787596201,0.42927653744409366
812460.0,5004.000562088496,4168.700151642577,0.0,0.9504849235037353,0.4292779069534809
812520.0,5003.988741269705,4168.711972015336,0.0,0.9504849796781757,0.42927927647379044
812580.0,5003.976929661761,4168.723798951271,0.0,0.9504847386854399,0.4292806459676545
812640.0,5003.965103157184,4168.73561531194,0.0,0.9504849775585903,0.4292820155068847
812700.0,5003.953279807361,4168.747433934121,0.0,0.9504851143946986,0.42928338503795577
812760.0,5003.941464913517,4168.759258570163,0.0,0.9504849786329255,0.4292847545439884
812820.0,5003.929648208781,4168.771081940283,0.0,0.9504849008354386,0.4292861240568322
812880.0,5003.917826629734,4168.782901855079,0.0,0.9504849799602639,0.4292874935848551
812940.0,5003.906013507245,4168.794727792274,0.0,0.9504847863154281,0.42928886308836667
813000.0,5003.894188436048,4168.806545253201,0.0,0.9504849774577931,0.4292902326286968
813060.0,5003.88236588692,4168.818364526254,0.0,0.9504850869482058,0.42929160216277484
813120.0,5003.870550103513,4168.8301886125955,0.0,0.9504849783009652,0.42929297167690966
813180.0,5003.858732868629,4168.842011688296,0.0,0.9504849160378039,0.4292943411967722
813240.0,5003.846911732437,4168.853831999795,0.0,0.9504849793465934,0.4292957107288806
813300.0,5003.835100977231,4168.865659706164,0.0,0.9504847077748066,0.42929708023101326
813360.0,5003.823273435854,4168.877475494243,0.0,0.9504849769685113,0.42929844978421194
813420.0,5003.811449451025,4168.8892938294075,0.0,0.9504851311756526,0.4292998193280391
813480.0,5003.79963499556,4168.901118941364,0.0,0.9504849781896892,0.42930118884358975
813540.0,5003.787818500964,4168.912942625171,0.0,0.9504848905242235,0.42930255836663983
813600.0,5003.775996514158,4168.924762414466,0.0,0.9504849796959784,0.42930392790673283
813660.0,5003.764177865936,4168.93658459014,0.0,0.9504849610147786,0.4293052974377194
813720.0,5003.752357846088,4168.948405804624,0.0,0.9504849862817685,0.42930666697371656
813780.0,5003.740539017234,4168.960227878923,0.0,0.9504849729134223,0.4293080365070259
813840.0,5003.728718476552,4168.972048751179,0.0,0.950485014439888,0.42930940604642825
813900.0,5003.7169003928275,4168.983871381808,0.0,0.9504849765532533,0.429310775579269
813960.0,5003.705076088959,4168.99568961335,0.0,0.950485138723702,0.4293121451321879
814020.0,5003.693261806419,4169.00751497152,0.0,0.9504849778417468,0.42931351465534545
814080.0,5003.68144538014,4169.01933882715,0.0,0.9504848856525722,0.4293148841863178
814140.0,5003.669623178455,4169.031158586882,0.0,0.9504849794300708,0.42931625373518767
814200.0,5003.657804488074,4169.042980855817,0.0,0.9504849597865656,0.42931762327442985
814260.0,5003.645984355689,4169.05480211351,0.0,0.950484986360131,0.42931899281889463
814320.0,5003.634165476173,4169.066624275015,0.0,0.9504849723037624,0.4293203623604848
814380.0,5003.622344796916,4169.078445171959,0.0,0.9504850159762241,0.4293217319084329
814440.0,5003.610526701799,4169.090267917718,0.0,0.9504849761357749,0.42932310144943564
814500.0,5003.598702066158,4169.102086036552,0.0,0.9504851466806314,0.42932447101148336
814560.0,5003.586887969193,4169.113911649921,0.0,0.9504849774950594,0.42932584054220796
814620.0,5003.575071618485,4169.125735682516,0.0,0.9504848805486169,0.4293272100810794
814680.0,5003.563249274765,4169.1375554639835,0.0,0.9504849765931453,0.4293285796384773
814740.0,5003.551428192563,4169.149376162219,0.0,0.9504850316007264,0.429329949193422
814800.0,5003.539610553651,4169.161199314254,0.0,0.9504849755121128,0.42933131873846686
814860.0,5003.52778370893,4169.173015945502,0.0,0.9504852156996101,0.4293326883125942
814920.0,5003.515971706787,4169.184843129492,0.0,0.9504849774601108,0.42933405784241896
814980.0,5003.504156535731,4169.196668082428,0.0,0.9504848409516855,0.42933542738315006
815040.0,5003.492332926756,4169.208487046945,0.0,0.9504849762237649,0.42933679694978083
815100.0,5003.480511099177,4169.220307297636,0.0,0.9504850537053802,0.4293381665123906
815160.0,5003.468694122304,4169.232131002213,0.0,0.9504849747351738,0.42933953606085595
815220.0,5003.456868697576,4169.243948719222,0.0,0.950485167716789,0.4293409056357803
815280.0,5003.445055170618,4169.255774902045,0.0,0.9504849770649089,0.42934227517561935
815340.0,5003.433239105482,4169.267599301895,0.0,0.9504848678201032,0.42934364472446307
815400.0,5003.421416287459,4169.279418910424,0.0,0.9504849760590314,0.4293450142941258
815460.0,5003.409594892533,4169.291239550582,0.0,0.9504850380529539,0.42934638386084767
815520.0,5003.397777378323,4169.303062955503,0.0,0.9504849748513029,0.42934775341634973
815580.0,5003.385949491765,4169.314879010333,0.0,0.9504852455266266,0.4293491230044538
815640.0,5003.374138331521,4169.326706957066,0.0,0.9504849770570242,0.4293504925425714
815700.0,5003.362323601811,4169.3385323879875,0.0,0.9504848232294111,0.4293518620928037
815760.0,5003.350499364096,4169.350351069749,0.0,0.9504849756742719,0.4293532316721642
815820.0,5003.338677135324,4169.362171199445,0.0,0.9504850629943481,0.4293546012468169
815880.0,5003.326860373251,4169.373995220948,0.0,0.9504849740072633,0.42935597080546645
815940.0,5003.3150340925795,4169.3858124936605,0.0,0.9504851914855054,0.42935734039380563
816000.0,5003.303221220143,4169.397639306014,0.0,0.9504849766431654,0.4293587099425018
816060.0,5003.29140548901,4169.409464107526,0.0,0.95048485353932,0.42936007950116933
816120.0,5003.279582148708,4169.421283508953,0.0,0.9504849755201316,0.4293614490832395
816180.0,5003.267760413584,4169.433104071452,0.0,0.9504850453869506,0.429362818661819
816240.0,5003.255943052096,4169.444927749152,0.0,0.9504849741696303,0.42936418822769123
816300.0,5003.244118072021,4169.456746027999,0.0,0.9504851481913608,0.4293655578175238
816360.0,5003.232303819898,4169.4685719421705,0.0,0.9504849762623954,0.4293669273757953
816420.0,5003.220487277841,4169.4803962495935,0.0,0.9504848777442176,0.42936829694232304
816480.0,5003.20866464607,4169.4922162365,0.0,0.9504849753471922,0.42936966652767156
816540.0,5003.196843296386,4169.504037154923,0.0,0.950485031247654,0.4293710361105036
816600.0,5003.185025445659,4169.515860567083,0.0,0.9504849742499648,0.4293724056832658
816660.0,5003.173198240673,4169.527677351932,0.0,0.9504852183338888,0.42937377528556214
816720.0,5003.161386118008,4169.539504861533,0.0,0.9504849762308981,0.4293751448428251
816780.0,5003.149570775454,4169.551330103494,0.0,0.9504848375090549,0.42937651441114905
816840.0,5003.137746858796,4169.563149259318,0.0,0.9504849749758385,0.42937788400578747
816900.0,5003.125924752502,4169.574969722092,0.0,0.950485053714798,0.4293792535963157
816960.0,5003.114107575313,4169.586793694995,0.0,0.9504849734644435,0.42938062317246034
817020.0,5003.1022818140045,4169.598611582555,0.0,0.9504851695767218,0.4293819927754788
817080.0,5003.0904681426955,4169.610438073845,0.0,0.9504849758333039,0.42938336234282565
817140.0,5003.078651892425,4169.6222627528905,0.0,0.9504848648173334,0.42938473191930066
817200.0,5003.066828780297,4169.634082562423,0.0,0.9504849748124514,0.4293861015169265
817260.0,5003.055007114447,4169.6459034202035,0.0,0.9504850378124875,0.42938747111154013
817320.0,5003.043189392041,4169.657727087753,0.0,0.950484973586475,0.42938884069474254
817380.0,5003.03136479883,4169.669545887362,0.0,0.950485130510725,0.4293902102996518
817440.0,5003.0195498787125,4169.681371573351,0.0,0.9504849754655474,0.429391579876178
817500.0,5003.0077328925045,4169.693195811509,0.0,0.9504848866203262,0.4293929494602856
817560.0,5002.995910341073,4169.705016101918,0.0,0.9504849769932251,0.4293943190616619
817620.0,5002.984091172771,4169.716838811166,0.0,0.9504849580610593,0.42939568865379246
817680.0,5002.972270614704,4169.728660545983,0.0,0.9504849836687929,0.42939705825098884
817740.0,5002.960451263596,4169.740483152235,0.0,0.9504849701210116,0.42939842784544713
817800.0,5002.948630178002,4169.752304539907,0.0,0.9504850122071418,0.4293997974460671
817860.0,5002.936811582168,4169.76412770985,0.0,0.9504849738109565,0.42940116704002285
817920.0,5002.924986683593,4169.775946420466,0.0,0.950485138165424,0.4294025366543111
817980.0,5002.913171939747,4169.787772354956,0.0,0.9504849751179065,0.4294039062384236
818040.0,5002.901355023813,4169.799596766212,0.0,0.9504848816880445,0.4294052758304374
818100.0,5002.88953225569,4169.811417025582,0.0,0.9504849767287236,0.4294066454405863
818160.0,5002.8777130457165,4169.823239828287,0.0,0.950484956821292,0.4294080150409607
818220.0,5002.865892374664,4169.83506160583,0.0,0.9504849837531991,0.42940938464661615
818280.0,5002.854072973266,4169.846884299407,0.0,0.9504849695081288,0.4294107542493436
818340.0,5002.8422517482995,4169.858705711035,0.0,0.950485013769154,0.429412123858502
818400.0,5002.830433141965,4169.870528996605,0.0,0.9504849733928438,0.42941349346060703
818460.0,5002.818607908249,4169.882347591902,0.0,0.9504851462344748,0.42941486308402443
818520.0,5002.8067933534985,4169.894173783998,0.0,0.9504849747715378,0.42941623267568313
818580.0,5002.794976515187,4169.905998373562,0.0,0.9504848765203806,0.42941760227557935
818640.0,5002.783153604183,4169.917818653897,0.0,0.9504849738585889,0.42941897189424855
818700.0,5002.771331971657,4169.929639863338,0.0,0.9504850296072862,0.42942034151041036
818760.0,5002.759513828292,4169.941463560017,0.0,0.9504849727641105,0.42942171111652944
818820.0,5002.747686356808,4169.953280646708,0.0,0.9504852161857951,0.4294230807521087
818880.0,5002.735873925443,4169.965108430159,0.0,0.9504849747394423,0.42942445034277243
818940.0,5002.724058283174,4169.9769339519125,0.0,0.9504848363937881,0.4294258199444711
819000.0,5002.712234090777,4169.988753403429,0.0,0.9504849734875596,0.4294271895724168
819060.0,5002.700411703656,4170.000574158503,0.0,0.9504850520128267,0.42942855919626566
819120.0,5002.68859423184,4170.012398414551,0.0,0.9504849719800365,0.4294299288057692
819180.0,5002.676768199898,4170.02421660116,0.0,0.9504851675602682,0.4294312984420786
819240.0,5002.664954224126,4170.036043369051,0.0,0.9504849743422438,0.4294326680428108
819300.0,5002.65313767658,4170.047868329451,0.0,0.9504848636272583,0.4294340376526499
819360.0,5002.64131428636,4170.059688433056,0.0,0.9504849733239326,0.4294354072835858
819420.0,5002.629492338347,4170.071509582199,0.0,0.9504850361529877,0.42943677691152
819480.0,5002.617674322741,4170.083333533786,0.0,0.9504849721010535,0.4294381465280735
819540.0,5002.605849455526,4170.095152630154,0.0,0.9504851285996093,0.42943951616627957
819600.0,5002.5940342343365,4170.10697859494,0.0,0.9504849739748019,0.4294408857761778
819660.0,5002.582216952809,4170.118803115698,0.0,0.9504848853704331,0.42944225539364045
819720.0,5002.570394121615,4170.130623699021,0.0,0.9504849754981083,0.429443625028328
819780.0,5002.558574664068,4170.142446694883,0.0,0.9504849566171764,0.4294449946537956
819840.0,5002.5467538206285,4170.154268718872,0.0,0.9504849821553437,0.4294463642843176
819900.0,5002.534934180754,4170.166091612037,0.0,0.9504849686441922,0.4294477339121099
819960.0,5002.523112811226,4170.177913289819,0.0,0.9504850106160656,0.4294491035460499
820020.0,5002.511293924477,4170.1897367452375,0.0,0.9504849723239018,0.42945047317334495
820080.0,5002.499468752594,4170.201555752989,0.0,0.9504851362325377,0.4294518428209223
820140.0,5002.487653707031,4170.213381965771,0.0,0.9504849736270797,0.4294532124384032
820200.0,5002.47583649543,4170.225206659315,0.0,0.9504848804504624,0.4294545820637674
820260.0,5002.464013447992,4170.237027211815,0.0,0.9504849752333014,0.42945595170722073
820320.0,5002.452193948739,4170.248850301033,0.0,0.9504849553797375,0.42945732134092685
820380.0,5002.4403729924725,4170.260672367778,0.0,0.9504849822385018,0.42945869097990175
820440.0,5002.428553302296,4170.272495348183,0.0,0.9504849680319444,0.42946006061595826
820500.0,5002.416731793636,4170.284317049997,0.0,0.9504850121728418,0.4294614302584308
820560.0,5002.404912896266,4170.296140620879,0.0,0.9504849719058981,0.4294627998938699
820620.0,5002.393087390023,4170.307959513751,0.0,0.9504851442787807,0.4294641695505687
820680.0,5002.381272532876,4170.319785983608,0.0,0.9504849732806265,0.42946553917559216
820740.0,5002.36945539853,4170.331610855136,0.0,0.9504848752957222,0.42946690880883454
820800.0,5002.357632208459,4170.343431428684,0.0,0.9504849723699249,0.42946827846080204
820860.0,5002.3458102932655,4170.355252928938,0.0,0.9504850279674332,0.4294696481102713
820920.0,5002.333991857474,4170.36707690995,0.0,0.950484971278185,0.42947101774972474
820980.0,5002.322164119608,4170.378894298236,0.0,0.9504852140401056,0.42947238741856464
821040.0,5002.310351379818,4170.390722355391,0.0,0.9504849732479362,0.4294737570426061
821100.0,5002.2985354380735,4170.402548156772,0.0,0.9504848352770582,0.42947512667765675
821160.0,5002.286710970089,4170.414367903753,0.0,0.9504849719992186,0.42947649633888707
821220.0,5002.274888302308,4170.426188950917,0.0,0.9504850503115826,0.429477865996034
821280.0,5002.263070536085,4170.438013489934,0.0,0.950484970495553,0.42947923563887375
821340.0,5002.25124423364,4170.449831975355,0.0,0.9504851655457149,0.4294806053084519
821400.0,5002.239429953659,4170.461659019697,0.0,0.9504849728511316,0.42948197494254653
821460.0,5002.227613109065,4170.473484261282,0.0,0.950484862436078,0.4294833445857273
821520.0,5002.215789440914,4170.485304658744,0.0,0.9504849718353525,0.4294847142499511
821580.0,5002.203967210911,4170.497126099041,0.0,0.9504850344940508,0.4294860839111835
821640.0,5002.192148902316,4170.5089503344825,0.0,0.9504849706155597,0.4294874535610657
821700.0,5002.180323761244,4170.5207697273845,0.0,0.9504851266899242,0.4294888232325461
821760.0,5002.168508239225,4170.532595970805,0.0,0.9504849724840032,0.42949019287579376
821820.0,5002.156690662599,4170.5444207739865,0.0,0.9504848841196316,0.4294915625265887
821880.0,5002.144867551809,4170.556241650009,0.0,0.9504849740029543,0.4294929321945648
821940.0,5002.133047805218,4170.568064932295,0.0,0.9504849551730757,0.4294943018533468
822000.0,5002.1212266765915,4170.579887245257,0.0,0.9504849806419207,0.4294956715171717
822060.0,5002.109406748149,4170.591710425145,0.0,0.9504849671672706,0.429497041178276
822120.0,5002.097585094872,4170.603532392836,0.0,0.9504850090252885,0.42949841084551393
822180.0,5002.085765917419,4170.6153561335395,0.0,0.9504849708367813,0.4294997805061255
822240.0,5002.073940472373,4170.627175438203,0.0,0.9504851343010334,0.42950115018696944
822300.0,5002.062125125333,4170.639001929105,0.0,0.9504849721361995,0.42950251983779586
822360.0,5002.050307618284,4170.650826904758,0.0,0.9504848792120477,0.4295038894964879
822420.0,5002.038484291706,4170.662647750182,0.0,0.9504849737378396,0.429505259173223
822480.0,5002.0266645033735,4170.674471125721,0.0,0.9504849539379796,0.429506628840238
822540.0,5002.014843262085,4170.686293481466,0.0,0.9504849807238233,0.4295079985125102
822600.0,5002.003023283329,4170.698116748504,0.0,0.9504849665556621,0.42950936818187324
822660.0,5001.991201491154,4170.709938740304,0.0,0.9504850105767921,0.4295107378576373
822720.0,5001.979382302955,4170.721762596312,0.0,0.9504849704188872,0.42951210752638785
822780.0,5001.967556524335,4170.733581786535,0.0,0.9504851423243879,0.42951347721634575
822840.0,5001.955741365028,4170.745408533983,0.0,0.9504849717896614,0.4295148468747113
822900.0,5001.943923934864,4170.7572336872945,0.0,0.9504848740702896,0.42951621654127703
822960.0,5001.932100465901,4170.769054553849,0.0,0.9504849708812012,0.42951758622652025
823020.0,5001.920278268224,4170.780876344716,0.0,0.9504850263278268,0.42951895590927436
823080.0,5001.90845954021,4170.792700609873,0.0,0.9504849697921943,0.4295203255820398
823140.0,5001.896631536111,4170.804518299535,0.0,0.9504852118956832,0.42952169528411777
823200.0,5001.884818488137,4170.816346630227,0.0,0.9504849717563763,0.4295230649415146
823260.0,5001.8730022471345,4170.828172711055,0.0,0.9504848341595764,0.4295244346098946
823320.0,5001.8611775037325,4170.839992753294,0.0,0.9504849705108175,0.42952580430438725
823380.0,5001.849354555471,4170.851814092346,0.0,0.9504850486106657,0.4295271739948098
823440.0,5001.8375364950525,4170.863638914141,0.0,0.9504849690110029,0.42952854367096316
823500.0,5001.825709922268,4170.875457698164,0.0,0.9504851635320296,0.4295299133737875
823560.0,5001.813895338305,4170.8872850187745,0.0,0.9504849713599649,0.4295312830412218
823620.0,5001.802078196876,4170.89911054136,0.0,0.9504848612442459,0.42953265271772145
823680.0,5001.790254250966,4170.910931232478,0.0,0.950484970346713,0.4295340224152105
823740.0,5001.778431739159,4170.92275296373,0.0,0.9504850328353589,0.4295353921097185
823800.0,5001.766613137784,4170.934577482837,0.0,0.9504849691300008,0.42953676179290656
823860.0,5001.754787723021,4170.946397172063,0.0,0.9504851247809505,0.4295381314976388
823920.0,5001.742971900391,4170.958223693939,0.0,0.9504849709931491,0.42953950117421336
823980.0,5001.731154028878,4170.970048779359,0.0,0.9504848828683066,0.42954087085831816
824040.0,5001.719330638671,4170.98186994788,0.0,0.9504849725077531,0.4295422405595604
824100.0,5001.707510603233,4170.993693516398,0.0,0.9504849537288249,0.4295436102516345
824160.0,5001.695689189609,4171.005516118142,0.0,0.9504849791284887,0.4295449799487401
824220.0,5001.6838689727965,4171.017339584561,0.0,0.9504849656902654,0.4295463496431338
824280.0,5001.672047035953,4171.029161841965,0.0,0.9504850074346631,0.42954771934364727
824340.0,5001.660227568001,4171.0409858677685,0.0,0.9504849693495971,0.4295490890375532
824400.0,5001.648401849952,4171.052805469129,0.0,0.9504851323705206,0.4295504587516416
824460.0,5001.636586201668,4171.064632237983,0.0,0.9504849706452644,0.42955182843579137
824520.0,5001.624768399386,4171.076457495565,0.0,0.9504848779729337,0.42955319812778886
824580.0,5001.6129447938365,4171.088278633704,0.0,0.9504849722423342,0.4295545678377837
824640.0,5001.601124716622,4171.100102295371,0.0,0.9504849524960451,0.4295559375380854
824700.0,5001.589303190498,4171.1119249399235,0.0,0.9504849792091489,0.4295573072436321
824760.0,5001.577482923362,4171.123748493403,0.0,0.9504849650792888,0.4295586769462792
824820.0,5001.565660847858,4171.13557077499,0.0,0.9504850089809481,0.42956004665531256
824880.0,5001.5538413690365,4171.147394915932,0.0,0.9504849689318116,0.42956141635735223
824940.0,5001.542015318193,4171.159214403289,0.0,0.9504851403711176,0.42956278608054677
825000.0,5001.530199856964,4171.171041428158,0.0,0.9504849702986417,0.4295641557722319
825060.0,5001.5183821312,4171.182866863073,0.0,0.9504848728440839,0.42956552547209853
825120.0,5001.506558383512,4171.194688022426,0.0,0.9504849693924169,0.42956689519059504
825180.0,5001.494735903531,4171.2065101037015,0.0,0.9504850246886228,0.42956826490661165
825240.0,5001.482916883501,4171.218334652817,0.0,0.9504849683061345,0.42956963461266623
825300.0,5001.471088613296,4171.230152643619,0.0,0.9504852097532592,0.4295710043479601
825360.0,5001.459275257395,4171.241981247697,0.0,0.9504849702647644,0.4295723740386896
825420.0,5001.447458717368,4171.2538076078035,0.0,0.9504848330408371,0.4295737437403765
825480.0,5001.4356336986975,4171.265627945085,0.0,0.9504849690223547,0.4295751134681092
825540.0,5001.42381047013,4171.2774495758185,0.0,0.9504850469103625,0.42957648319178504
825600.0,5001.41199211573,4171.2892746802145,0.0,0.9504849675263783,0.4295778529012297
825660.0,5001.400165272745,4171.30109376261,0.0,0.9504851615199492,0.429579222637278
825720.0,5001.3883503850475,4171.312921359334,0.0,0.9504849698687448,0.4295805923380298
825780.0,5001.37653294701,4171.3247471627465,0.0,0.9504848600514286,0.4295819620478259
825840.0,5001.364708723505,4171.336568147306,0.0,0.9504849688580124,0.4295833317785578
825900.0,5001.352885930069,4171.348390169308,0.0,0.9504850311771171,0.4295847015063191
825960.0,5001.341067036122,4171.360214971897,0.0,0.9504849676443713,0.4295860712227909
826020.0,5001.329237719836,4171.372032382118,0.0,0.9504852397388108,0.4295874409720419
826080.0,5001.317425210661,4171.383861752443,0.0,0.9504849698620731,0.42958881067101157
826140.0,5001.305609114884,4171.395688592412,0.0,0.9504848152282573,0.42959018038215396
826200.0,5001.293783465221,4171.407508644457,0.0,0.9504849684724901,0.42959155012258965
826260.0,5001.281959834298,4171.419330152636,0.0,0.9504850562505623,0.4295929198582776
826320.0,5001.270141696512,4171.431155574915,0.0,0.9504849667971604,0.42959428957786455
826380.0,5001.258320197395,4171.442978621058,0.0,0.9504849854371696,0.4295956593085545
826440.0,5001.246500056786,4171.454802646612,0.0,0.9504849600310027,0.4295970290360149
826500.0,5001.234678707146,4171.466625825915,0.0,0.9504849733463145,0.4295983987680245
826560.0,5001.222859055804,4171.478450227165,0.0,0.9504849316444053,0.42959976849583525
826620.0,5001.211036928275,4171.490272880062,0.0,0.9504849695326844,0.4296011382319643
826680.0,5001.199221008225,4171.502099967941,0.0,0.9504848069177363,0.42960250795067184
826740.0,5001.187395041475,4171.513919917065,0.0,0.9504849680756334,0.42960387770016195
826800.0,5001.175571198256,4171.525741396922,0.0,0.950485060387549,0.4296052474445872
826860.0,5001.163753131864,4171.537566992835,0.0,0.9504849663180832,0.42960661717205445
826920.0,5001.151931531122,4171.549390089439,0.0,0.9504849859225538,0.42960798691114715
826980.0,5001.140111359395,4171.561214215643,0.0,0.9504849592068818,0.4296093566467972
827040.0,5001.128289916651,4171.57303745147,0.0,0.9504849732117577,0.42961072638718356
827100.0,5001.116470260277,4171.584861971937,0.0,0.9504849293590403,0.42961209612310464
827160.0,5001.104648000318,4171.596684653351,0.0,0.9504849692055133,0.42961346586772897
827220.0,5001.092832268777,4171.608511998228,0.0,0.9504847981973947,0.4296148355939616
827280.0,5001.081005972286,4171.620331835402,0.0,0.9504849676775112,0.42961620535254275
827340.0,5001.069181909529,4171.632153281754,0.0,0.9504850647573663,0.4296175751057259
827400.0,5001.057363842087,4171.6439789993365,0.0,0.9504849684157508,0.4296189448412624
827460.0,5001.045544487043,4171.6558038214835,0.0,0.9504849132026334,0.4296203145820316
827520.0,5001.033721674204,4171.66762619144,0.0,0.9504849693335083,0.4296216843337213
827580.0,5001.02190805968,4171.679455124085,0.0,0.9504847285273983,0.42962305405895795
827640.0,5001.010079568867,4171.691273482145,0.0,0.9504849672154786,0.42962442382956045
827700.0,5000.998254228542,4171.703094101511,0.0,0.9504851039455526,0.4296257935919969
827760.0,5000.986437332669,4171.714920734323,0.0,0.950484968288895,0.4296271633293917
827820.0,5000.974618628416,4171.72674610124,0.0,0.9504848905516441,0.4296285330735915
827880.0,5000.962795056518,4171.7385680130465,0.0,0.9504849696151183,0.42962990283296865
827940.0,5000.950979929667,4171.750395946809,0.0,0.9504847761201886,0.4296312725678287
828000.0,5000.9391528704355,4171.76221540483,0.0,0.9504849671144997,0.4296326423395048
828060.0,5000.92732832987,4171.774036674803,0.0,0.9504850765201343,0.42963401210492214
828120.0,5000.915510545811,4171.785862757728,0.0,0.9504849679569325,0.4296353818503931
828180.0,5000.903691312294,4171.797687830024,0.0,0.9504849057419144,0.42963675160158554
828240.0,5000.891868182805,4171.809510138283,0.0,0.9504849690016655,0.429638121365022
828300.0,5000.880055420185,4171.8213398408725,0.0,0.9504846976398883,0.4296394910984751
828360.0,5000.868225894293,4171.8331576259325,0.0,0.950484966625337,0.4296408608829941
828420.0,5000.856399920141,4171.844977957853,0.0,0.950485120713152,0.42964223065813467
828480.0,5000.8445834623735,4171.85680506611,0.0,0.9504849678454835,0.42964360040499533
828540.0,5000.832764968293,4171.868630746252,0.0,0.9504848802478219,0.42964497015934927
828600.0,5000.820940989512,4171.8804525321175,0.0,0.9504849693505204,0.4296463399307446
828660.0,5000.8091203447875,4171.892276704168,0.0,0.950484950683734,0.4296477096930282
828720.0,5000.797298330332,4171.904099915054,0.0,0.9504849759311286,0.4296490794603185
828780.0,5000.785477505272,4171.9159239856635,0.0,0.9504849625730822,0.4296504492249165
828840.0,5000.773654970744,4171.927746854269,0.0,0.9504850040673919,0.4296518189956032
828900.0,5000.761834889852,4171.939571481099,0.0,0.9504849662100108,0.4296531887597241
828960.0,5000.750008597334,4171.951391709071,0.0,0.9504851282550215,0.4296545585439175
829020.0,5000.738192312495,4171.96321906319,0.0,0.9504849674974216,0.429655928298346
829080.0,5000.726373886879,4171.975044914813,0.0,0.9504848753794826,0.42965729806058306
829140.0,5000.714549693749,4171.986866670784,0.0,0.9504849690844308,0.4296586678407161
829200.0,5000.702729007163,4171.998690935756,0.0,0.9504849494560701,0.42966003761121624
829260.0,5000.690906880562,4172.010514189516,0.0,0.9504849760090482,0.42966140738693515
829320.0,5000.679086005147,4172.022338346993,0.0,0.950484961963502,0.4296627771597749
829380.0,5000.667263332475,4172.0341612399525,0.0,0.9504850056021736,0.4296641469389686
829440.0,5000.655443240442,4172.045985981571,0.0,0.9504849657924666,0.4296655167112123
829500.0,5000.643616616841,4172.05780609651,0.0,0.9504851362054229,0.4296668865044954
829560.0,5000.6318005175635,4172.069633705479,0.0,0.9504849671506137,0.4296682562664519
829620.0,5000.619982167654,4172.081459733722,0.0,0.950484870279088,0.4296696260365489
829680.0,5000.608157832921,4172.0932815110955,0.0,0.9504849662493109,0.4296709958251708
829740.0,5000.596334758023,4172.105104205123,0.0,0.9504850212142777,0.429672365611333
829800.0,5000.58451512173,4172.116929352771,0.0,0.9504849651690289,0.4296737353875925
829860.0,5000.572686292228,4172.128747980004,0.0,0.9504852051705568,0.42967510519292945
829920.0,5000.56087228507,4172.14057715927,0.0,0.9504849671154322,0.42967647495395983
829980.0,5000.54905511336,4172.152404107571,0.0,0.9504848307126581,0.42967784472589055
830040.0,5000.5372295152565,4172.164225067828,0.0,0.9504849658799572,0.42967921452371965
830100.0,5000.52540569616,4172.17604731412,0.0,0.9504850433014889,0.42968058431752104
830160.0,5000.513586721164,4172.187873014048,0.0,0.9504849643924334,0.4296819540971753
830220.0,5000.50175930987,4172.199692726766,0.0,0.9504851572245714,0.42968332390328456
830280.0,5000.489943780131,4172.211520904702,0.0,0.9504849667202767,0.42968469367430334
830340.0,5000.478125715719,4172.2233472997295,0.0,0.95048485756005,0.4296860634543206
830400.0,5000.4663009076485,4172.235168903734,0.0,0.9504849657150923,0.42968743325515557
830460.0,5000.454477520776,4172.246991539247,0.0,0.9504850276608858,0.4296888030530428
830520.0,5000.442658009332,4172.258816939315,0.0,0.9504849645082143,0.42969017283970745
830580.0,5000.430828139746,4172.270634989734,0.0,0.9504852349735835,0.429691542658969
830640.0,5000.419014973643,4172.282464931238,0.0,0.9504849667121379,0.42969291242823987
830700.0,5000.407198242987,4172.294292357044,0.0,0.9504848130038035,0.4296942822096195
830760.0,5000.395372017327,4172.306113034125,0.0,0.9504849653303716,0.4296956520201263
830820.0,5000.383547797904,4172.317935158987,0.0,0.9504850525827186,0.4296970218259185
830880.0,5000.371729037731,4172.329761175374,0.0,0.9504849636645686,0.4296983916157046
830940.0,5000.359900771981,4172.3415804433835,0.0,0.9504851809742949,0.4296997614351767
831000.0,5000.3480858961875,4172.353409250368,0.0,0.950484966298341,0.4297011312150003
831060.0,5000.336268165638,4172.3652360465885,0.0,0.9504848432898709,0.4297025010047892
831120.0,5000.3244428363205,4172.377057443067,0.0,0.9504849651760912,0.4297038708179795
831180.0,5000.312619110031,4172.3888800004825,0.0,0.9504850349887318,0.42970524062767257
831240.0,5000.300799751422,4172.4007056728715,0.0,0.9504849638265496,0.42970661042465547
831300.0,5000.288972784652,4172.4125259467255,0.0,0.9504851377134949,0.42970798024559487
831360.0,5000.277156531222,4172.42435385537,0.0,0.9504849659176068,0.42970935003496813
831420.0,5000.265337991019,4172.436180157314,0.0,0.9504848674756514,0.42971071983259146
831480.0,5000.253513369424,4172.44800213901,0.0,0.9504849650030257,0.42971208964903423
831540.0,5000.241690028205,4172.459825052104,0.0,0.950485020860153,0.42971345946295375
831600.0,5000.229870181187,4172.471650458754,0.0,0.9504849639065616,0.42971482926680066
831660.0,5000.218040992708,4172.483469238472,0.0,0.9504852078014683,0.42971619910017655
831720.0,5000.206226865982,4172.495298742217,0.0,0.9504849658858744,0.429717568888515
831780.0,5000.194409523802,4172.507125978416,0.0,0.9504848272714095,0.42971893868790845
831840.0,5000.182583619236,4172.518947128864,0.0,0.9504849646317005,0.4297203085136151
831900.0,5000.170759522601,4172.5307695861175,0.0,0.9504850433096064,0.42972167833520497
831960.0,5000.158940348354,4172.542595553247,0.0,0.9504849631213897,0.4297230481424083
832020.0,5000.147112601732,4172.5544154353975,0.0,0.9504851590817889,0.4297244179764817
832080.0,5000.135296928639,4172.566243920681,0.0,0.9504849654883285,0.42972578777487846
832140.0,5000.123478680141,4172.578070593778,0.0,0.9504848545583049,0.4297271575823971
832200.0,5000.1116535791625,4172.5898923976665,0.0,0.9504849644681803,0.4297285274110652
832260.0,5000.0998299225275,4172.601715249678,0.0,0.950485027419402,0.42972989723671434
832320.0,5000.088010203971,4172.613540911256,0.0,0.9504849632430664,0.42973126705094944
832380.0,5000.07618362401,4172.625361705168,0.0,0.9504851200458806,0.4297326368868874
832440.0,5000.064366703975,4172.637189384979,0.0,0.950484965120598,0.4297340066944373
832500.0,5000.052547720706,4172.649015617,0.0,0.9504848763440628,0.42973537650956234
832560.0,5000.040723179815,4172.66083790151,0.0,0.9504849666470075,0.4297367463419546
832620.0,5000.028902017468,4172.672662604659,0.0,0.9504849477294385,0.4297381161650959
832680.0,5000.017079467277,4172.6844863334045,0.0,0.9504849733173288,0.42973948599329886
832740.0,5000.005258122428,4172.696310933493,0.0,0.9504849597799783,0.4297408558187591
832800.0,4999.993435045484,4172.70813431504,0.0,0.9504850018335415,0.4297422256503771
832860.0,4999.98161445493,4172.719959478712,0.0,0.9504849634669841,0.4297435954753263
832920.0,4999.969787570265,4172.731780183289,0.0,0.9504851276944482,0.42974496532060263
832980.0,4999.957970826508,4172.74360811126,0.0,0.9504849647728381,0.4297463351356998
833040.0,4999.9461519136585,4172.755434516037,0.0,0.9504848714150891,0.429747704958692
833100.0,4999.934327156604,4172.767256769173,0.0,0.9504849663823252,0.4297490747998178
833160.0,4999.922505952881,4172.779081565443,0.0,0.9504849464902209,0.42975044463116396
833220.0,4999.910683290095,4172.79090533658,0.0,0.9504849734012923,0.4297518144677871
833280.0,4999.898861895263,4172.802730023657,0.0,0.9504849591671748,0.4297531843014779
833340.0,4999.887038679374,4172.814553428828,0.0,0.9504850033940042,0.4297545541415951
833400.0,4999.875218078576,4172.826378707787,0.0,0.9504849630488048,0.42975592397465445
833460.0,4999.863390859459,4172.838199296714,0.0,0.95048513575709,0.429757293829021
833520.0,4999.851574304782,4172.850027481949,0.0,0.9504849644263492,0.4297586636516252
833580.0,4999.839755469692,4172.861854064693,0.0,0.9504848662509056,0.4297600334824609
833640.0,4999.827930570189,4172.873676338457,0.0,0.950484963514018,0.42976140333206814
833700.0,4999.816106947462,4172.885499541216,0.0,0.9504850192197447,0.4297627731791613
833760.0,4999.804286809166,4172.897325231036,0.0,0.9504849624202966,0.42976414301620885
833820.0,4999.792457355479,4172.909144311225,0.0,0.950485205654491,0.4297655128827114
833880.0,4999.780642921463,4172.920974087492,0.0,0.9504849643940205,0.42976688270429436
833940.0,4999.768825280949,4172.932801602147,0.0,0.9504848261548928,0.4297682525369061
834000.0,4999.7569991019545,4172.944623046927,0.0,0.9504849631430163,0.42976962239576383
834060.0,4999.745174725819,4172.956445795125,0.0,0.9504850416077436,0.42977099225051807
834120.0,4999.733355258317,4172.96827204406,0.0,0.9504849616365687,0.4297723620909239
834180.0,4999.721527242362,4172.980092223892,0.0,0.950485157066134,0.4297737319581321
834240.0,4999.709711266197,4172.991920984444,0.0,0.9504849639968698,0.4297751017897576
834300.0,4999.697892721798,4173.00374793756,0.0,0.9504848533670993,0.42977647163048405
834360.0,4999.686067344046,4173.015570034164,0.0,0.9504849629792569,0.4297778414923061
834420.0,4999.674243406581,4173.027393176184,0.0,0.9504850257598793,0.42977921135111957
834480.0,4999.6624233961875,4173.039219120453,0.0,0.950484961757234,0.42978058119854956
834540.0,4999.650596543535,4173.051040209765,0.0,0.9504851181352248,0.4297819510676282
834600.0,4999.638779323809,4173.062868167038,0.0,0.9504849636294527,0.42978332090839383
834660.0,4999.626960046587,4173.0746946803165,0.0,0.9504848750932959,0.42978469075671766
834720.0,4999.615135227263,4173.0865172563845,0.0,0.9504849651514999,0.4297860606222647
834780.0,4999.603313777025,4173.098342244803,0.0,0.9504849462850634,0.4297874304785868
834840.0,4999.591490942803,4173.110166261371,0.0,0.9504849718035248,0.42978880033995925
834900.0,4999.5796693105385,4173.121991147024,0.0,0.9504849583027313,0.4297901701985977
834960.0,4999.567845950999,4173.1338148173345,0.0,0.9504850002422616,0.42979154006337966
835020.0,4999.5560250708895,4173.145640265134,0.0,0.9504849619795225,0.42979290992151215
835080.0,4999.54419791423,4173.157461265488,0.0,0.9504851257619975,0.4297942797999214
835140.0,4999.532380870134,4173.169289470407,0.0,0.9504849632816111,0.42979564964823064
835200.0,4999.520561662982,4173.181116156128,0.0,0.9504848701767149,0.42979701950441707
835260.0,4999.50873662795,4173.192938701045,0.0,0.9504849648865098,0.42979838937869086
835320.0,4999.496915136302,4173.204763782483,0.0,0.9504849450481878,0.42979975924321245
835380.0,4999.4850921896505,4173.21658784147,0.0,0.9504849718862326,0.4298011291129989
835440.0,4999.473270507391,4173.228412814026,0.0,0.9504849576905668,0.4298024989798625
835500.0,4999.461447009145,4173.2402365080325,0.0,0.9504850017974598,0.42980386885313787
835560.0,4999.449626118668,4173.252062070957,0.0,0.950484961561453,0.4298052387193753
835620.0,4999.43779862834,4173.263882956103,0.0,0.9504851338017217,0.42980660860686704
835680.0,4999.425981772646,4173.275711417753,0.0,0.9504849629350375,0.4298079784626798
835740.0,4999.414162642885,4173.287538281115,0.0,0.9504848650255111,0.4298093483267052
835800.0,4999.40233746565,4173.299360846741,0.0,0.950484962024951,0.42981071820945427
835860.0,4999.390513561598,4173.311184338964,0.0,0.950485017579592,0.4298120880896985
835920.0,4999.378693132229,4173.3230103117685,0.0,0.9504849609339656,0.42981345795992404
835980.0,4999.366863413478,4173.334829692204,0.0,0.9504852035089282,0.42981482785953096
836040.0,4999.355048672414,4173.346659740828,0.0,0.9504849629021138,0.4298161977143354
836100.0,4999.343230733791,4173.358487533764,0.0,0.9504848250374541,0.4298175675801429
836160.0,4999.3314042805405,4173.370309272658,0.0,0.9504849616542721,0.4298189374721292
836220.0,4999.319579625084,4173.382132311598,0.0,0.9504850399062778,0.4298203073600252
836280.0,4999.30775986453,4173.393958842154,0.0,0.9504849601516785,0.4298216772336112
836340.0,4999.295931579397,4173.405779319449,0.0,0.9504851550516603,0.4298230471339319
836400.0,4999.2841153003965,4173.4176083551,0.0,0.9504849625053571,0.4298244169987635
836460.0,4999.272296460314,4173.429435588054,0.0,0.9504848521752145,0.42982578687267525
836520.0,4999.2604708059625,4173.441257977167,0.0,0.9504849614902737,0.42982715676762867
836580.0,4999.248646587848,4173.453081408993,0.0,0.9504850241006897,0.42982852665958415
836640.0,4999.236826285824,4173.464907635772,0.0,0.9504849602713338,0.4298298965401865
836700.0,4999.224999160639,4173.476729020265,0.0,0.9504851162255884,0.42983126644238323
836760.0,4999.213181641453,4173.488557254827,0.0,0.950484962138253,0.4298326363163422
836820.0,4999.201362070494,4173.500384049184,0.0,0.950484873841837,0.4298340061978423
836880.0,4999.189536972907,4173.512206916602,0.0,0.9504849636559489,0.429835376096522
836940.0,4999.177715234975,4173.524032190097,0.0,0.9504849448405134,0.4298367459860024
837000.0,4999.165892116911,4173.535856494294,0.0,0.9504849702897245,0.42983811588052184
837060.0,4999.154070197428,4173.547681665327,0.0,0.9504849568253942,0.4298394857723161
837120.0,4999.142246555482,4173.559505624197,0.0,0.9504849986511915,0.4298408556702399
837180.0,4999.13042538602,4173.571331355937,0.0,0.9504849604919967,0.42984222556153295
837240.0,4999.118597957521,4173.5831526518505,0.0,0.9504851238306193,0.4298435954730528
837300.0,4999.106780613322,4173.5949811335495,0.0,0.9504849617903303,0.4298449653545517
837360.0,4999.094961112087,4173.606808100037,0.0,0.9504848689375422,0.4298463352439098
837420.0,4999.083135799245,4173.618630936522,0.0,0.9504849633906538,0.4298477051513094
837480.0,4999.071314019869,4173.630456302932,0.0,0.9504849436059616,0.42984907504898384
837540.0,4999.059490789537,4173.642280649574,0.0,0.9504849703711864,0.42985044495191127
837600.0,4999.047668820051,4173.654105907417,0.0,0.9504849562138638,0.4298518148519252
837660.0,4999.035845039633,4173.66592989006,0.0,0.9504850002011549,0.429853184758336
837720.0,4999.024023859682,4173.677755736762,0.0,0.9504849600740362,0.4298545546577288
837780.0,4999.012196098297,4173.6895769179055,0.0,0.9504851318475331,0.4298559245783235
837840.0,4999.00037894182,4173.7014056558055,0.0,0.9504849614436718,0.4298572944673222
837900.0,4998.988559517606,4173.713232799608,0.0,0.95048486379929,0.42985866436451486
837960.0,4998.976734062809,4173.7250556568915,0.0,0.9504849605358233,0.42986003428038366
838020.0,4998.964909877611,4173.7368794383765,0.0,0.9504850159398348,0.4298614041937567
838080.0,4998.953089157378,4173.7487056939835,0.0,0.9504849594475666,0.4298627740971382
838140.0,4998.941259173696,4173.760525374433,0.0,0.950485201365155,0.42986414402982726
838200.0,4998.92944412584,4173.772355695259,0.0,0.9504849614101546,0.42986551391783084
838260.0,4998.917625889332,4173.784183766301,0.0,0.9504848239189587,0.42986688381681154
838320.0,4998.905799161986,4173.7960057990995,0.0,0.9504849601654666,0.42986825374190396
838380.0,4998.893974227383,4173.807829128575,0.0,0.9504850382052912,0.4298696236629195
838440.0,4998.882154173996,4173.819655940567,0.0,0.9504849586667178,0.42987099356966285
838500.0,4998.870325619836,4173.831476715103,0.0,0.9504851530383607,0.4298723635030737
838560.0,4998.858509038235,4173.8433060256875,0.0,0.95048496101379,0.42987373340108903
838620.0,4998.846689902684,4173.855133538297,0.0,0.9504848509825683,0.42987510330816353
838680.0,4998.834863971908,4173.86695621971,0.0,0.9504849600012303,0.42987647323622613
838740.0,4998.8230394733255,4173.878779941139,0.0,0.9504850224418604,0.429877843161301
838800.0,4998.811218879879,4173.890606450241,0.0,0.9504849587853661,0.4298792130750532
838860.0,4998.799387849126,4173.902425547993,0.0,0.9504852314101531,0.4298805830216624
838920.0,4998.787573649746,4173.914256636397,0.0,0.9504849610075318,0.42988195291785397
838980.0,4998.775755858653,4173.926085187899,0.0,0.9504848060724594,0.42988332282624125
839040.0,4998.76392849992,4173.937906934097,0.0,0.9504849596153835,0.4298846927639964
839100.0,4998.752103162905,4173.949730140075,0.0,0.9504850475645605,0.42988606269698176
839160.0,4998.740283326967,4173.9615572701305,0.0,0.9504849579369312,0.42988743261382056
839220.0,4998.728460124902,4173.973382017919,0.0,0.9504849766133378,0.4298888025417848
839280.0,4998.716638283347,4173.985207747574,0.0,0.9504849511577278,0.4298901724665053
839340.0,4998.704815231055,4173.997032628761,0.0,0.9504849644990625,0.42989154239578087
839400.0,4998.69299387956,4174.008858734965,0.0,0.9504849227159329,0.4298929123208399
839460.0,4998.681170048344,4174.0206830882935,0.0,0.9504849606781415,0.42989428225423354
839520.0,4998.669352433627,4174.032511887871,0.0,0.9504847977462652,0.4298956521701505
839580.0,4998.657524757739,4174.044333530413,0.0,0.9504849592183927,0.4298970221169284
839640.0,4998.645699208513,4174.056156707523,0.0,0.9504850517103067,0.42989839205861885
839700.0,4998.633879444471,4174.067984011186,0.0,0.950484957457559,0.42989976198330304
839760.0,4998.622056141026,4174.079808809093,0.0,0.9504849771003173,0.42990113191963697
839820.0,4998.6102342687,4174.091634639184,0.0,0.9504849503326355,0.42990250185251316
839880.0,4998.598411123566,4174.103459576568,0.0,0.9504849643648859,0.4299038717901323
839940.0,4998.586589767423,4174.115285801824,0.0,0.9504849204267296,0.4299052417232679
840000.0,4998.574765803978,4174.127110183273,0.0,0.9504849603509734,0.42990661166512384
840060.0,4998.56294837844,4174.138939240038,0.0,0.9504847890093799,0.42990798158853055
840120.0,4998.551120372721,4174.150760769864,0.0,0.9504849588201336,0.4299093515443683
840180.0,4998.539294604028,4174.16258391291,0.0,0.9504850560893878,0.42991072149478454
840240.0,4998.527474839328,4174.1744113380855,0.0,0.9504849595599555,0.4299120914275043
840300.0,4998.51565378523,4174.186237865458,0.0,0.950484904239185,0.4299134613654614
840360.0,4998.50382926837,4174.198061934334,0.0,0.9504849604796459,0.4299148313143646
840420.0,4998.492013963171,4174.209892582617,0.0,0.9504847192037633,0.4299162012367356
840480.0,4998.48018376022,4174.22171262923,0.0,0.9504849583576264,0.42991757120458934
840540.0,4998.468356712373,4174.233534942857,0.0,0.9504850953545319,0.4299189411642463
840600.0,4998.456538121196,4174.2453632852885,0.0,0.9504849594332792,0.4299203110987923
840660.0,4998.44471771909,4174.257190358509,0.0,0.9504848815444571,0.429921681040152
840720.0,4998.432892442334,4174.269013967749,0.0,0.950484960762232,0.42992305099672595
840780.0,4998.4210756228695,4174.280843614299,0.0,0.9504847668898606,0.42992442092871114
840840.0,4998.409246853832,4174.292664763378,0.0,0.9504849582568777,0.4299257908976048
840900.0,4998.397420607161,4174.304487728961,0.0,0.9504850678760156,0.4299271608602136
840960.0,4998.385601126778,4174.316315519787,0.0,0.9504849591010961,0.4299285308028203
841020.0,4998.3737801949055,4174.328142297319,0.0,0.9504848967647742,0.4299299007511542
841080.0,4998.361955361459,4174.339966303712,0.0,0.9504849601480096,0.42993127071176146
841140.0,4998.350140909915,4174.35179772328,0.0,0.9504846882568685,0.4299326406422968
841200.0,4998.338309670918,4174.363617194798,0.0,0.9504849577671874,0.42993401062403025
841260.0,4998.326481988852,4174.375439219616,0.0,0.9504851121556994,0.42993538059635117
841320.0,4998.314663836934,4174.38726803808,0.0,0.9504849589898567,0.4299367505403142
841380.0,4998.302843645829,4174.399095424697,0.0,0.9504848712213658,0.42993812049178104
841440.0,4998.291017962125,4174.410918907045,0.0,0.950484960497972,0.42993949046033086
841500.0,4998.279195617336,4174.422744781628,0.0,0.9504849417948354,0.4299408604197386
841560.0,4998.2673719008835,4174.4345696925375,0.0,0.9504849670915642,0.4299422303841602
841620.0,4998.255549375587,4174.446395465316,0.0,0.9504849537075234,0.4299436003458763
841680.0,4998.243725138401,4174.45822003296,0.0,0.9504849952828819,0.4299449703136908
841740.0,4998.231903358432,4174.4700463632835,0.0,0.950484957351691,0.4299463402749163
841800.0,4998.220075357927,4174.481868283411,0.0,0.9504851197130704,0.4299477102562585
841860.0,4998.208257379585,4174.493697347902,0.0,0.9504849586417566,0.42994908020775385
841920.0,4998.196437257437,4174.505524905968,0.0,0.9504848663440997,0.42995045016706945
841980.0,4998.184611359461,4174.517348357873,0.0,0.9504849602320057,0.42995182014432515
842040.0,4998.172788973147,4174.529174325145,0.0,0.9504849405654032,0.42995319011191574
842100.0,4998.160965144778,4174.540999278566,0.0,0.9504849671702839,0.42995456008473304
842160.0,4998.149142569448,4174.552825137965,0.0,0.9504849530973901,0.42995593005465743
842220.0,4998.137318194305,4174.564649729554,0.0,0.9504849968213318,0.429957300030946
842280.0,4998.125496403572,4174.576476174484,0.0,0.9504849569339713,0.42995867000026056
842340.0,4998.113668071891,4174.588297980812,0.0,0.9504851276798796,0.4299600399906612
842400.0,4998.10185027978,4174.600127300334,0.0,0.9504849582949136,0.429961409949649
842460.0,4998.090030233842,4174.611955035005,0.0,0.9504848612342716,0.4299627799167897
842520.0,4998.078204194448,4174.623778507894,0.0,0.950484957391993,0.4299641499025015
842580.0,4998.066379416777,4174.635602899704,0.0,0.9504850124644054,0.4299655198857377
842640.0,4998.054558082706,4174.64742975139,0.0,0.9504849563097425,0.42996688985904186
842700.0,4998.04272754219,4174.659250065883,0.0,0.9504851967803358,0.42996825986149123
842760.0,4998.03091184549,4174.671080959412,0.0,0.9504849582600917,0.4299696298195136
842820.0,4998.01909297972,4174.682909616184,0.0,0.9504848215908691,0.4299709997884559
842880.0,4998.007265675387,4174.694732269546,0.0,0.9504849570223454,0.42997236978336223
842940.0,4997.995440152702,4174.706556212161,0.0,0.9504850345952303,0.4299737397742209
843000.0,4997.9836194811505,4174.718383617229,0.0,0.9504849555320573,0.4299751097508915
843060.0,4997.971790361136,4174.730205019692,0.0,0.9504851487411324,0.42997647975408076
843120.0,4997.959973139916,4174.742034909015,0.0,0.9504849578645922,0.4299778497220811
843180.0,4997.948153380417,4174.753863010782,0.0,0.9504848484910712,0.4299792196990944
843240.0,4997.9363268675215,4174.765686309224,0.0,0.9504849568575856,0.4299805896969776
843300.0,4997.924501777944,4174.777510641738,0.0,0.9504850189245914,0.4299819596918961
843360.0,4997.912680569431,4174.789337745866,0.0,0.95048495564849,0.42998332967555886
843420.0,4997.900848987834,4174.801157481429,0.0,0.9504852266428903,0.42998469969189596
843480.0,4997.88903413394,4174.812989138531,0.0,0.9504849578568666,0.42998606965810665
843540.0,4997.877215710398,4174.824818273408,0.0,0.9504848038479401,0.42998743963644903
843600.0,4997.865387778114,4174.836640642229,0.0,0.9504849564725408,0.4299888096439926
843660.0,4997.853561855042,4174.84846446247,0.0,0.9504850438955612,0.4299901796468
843720.0,4997.84174139915,4174.86029218418,0.0,0.9504849548036234,0.4299915496335554
843780.0,4997.82991759782,4174.872117537398,0.0,0.9504849733681001,0.4299929196313768
843840.0,4997.818095148583,4174.883943866853,0.0,0.9504849480644556,0.42999428962597663
843900.0,4997.806271496029,4174.895769352767,0.0,0.9504849613257631,0.4299956596251096
843960.0,4997.794449533762,4174.907596056672,0.0,0.950484919792226,0.42999702962005437
844020.0,4997.782625107009,4174.919421017838,0.0,0.9504849575271883,0.4299983996232896
844080.0,4997.770806858419,4174.931250399671,0.0,0.9504847955692605,0.4299997696091541
844140.0,4997.758978610593,4174.943072665745,0.0,0.950484956075666,0.43000113962570435
844200.0,4997.747152476278,4174.954896457592,0.0,0.9504850480143043,0.43000250963720255
844260.0,4997.735332091502,4174.966724352223,0.0,0.9504849543248586,0.4300038796317942
844320.0,4997.723508189078,4174.978549755577,0.0,0.9504849738499223,0.43000524963797293
844380.0,4997.711685708922,4174.990376185198,0.0,0.9504849472420324,0.4300066196407174
844440.0,4997.699861963762,4175.002201727295,0.0,0.9504849611901341,0.43000798964818165
844500.0,4997.6880399965385,4175.014028549872,0.0,0.9504849175144335,0.4300093596511921
844560.0,4997.676215438032,4175.025853539308,0.0,0.9504849571997185,0.4300107296628767
844620.0,4997.664397377116,4175.037683177153,0.0,0.9504847868824191,0.43001209965622356
844680.0,4997.652568801158,4175.049505331472,0.0,0.9504849556775306,0.4300134696818176
844740.0,4997.640742448392,4175.061329089762,0.0,0.9504850523649011,0.430014839702027
844800.0,4997.628922062627,4175.073157105512,0.0,0.9504849564124265,0.4300162097046434
844860.0,4997.617100395346,4175.0849842286825,0.0,0.9504849014222724,0.43001757971247306
844920.0,4997.605275286611,4175.096808907555,0.0,0.9504849573261143,0.43001894973118804
844980.0,4997.593459332742,4175.10864012794,0.0,0.9504847174930416,0.4300203197235289
845040.0,4997.581628572866,4175.1204608078115,0.0,0.9504849552162847,0.4300216897610939
845100.0,4997.569800948606,4175.132283741676,0.0,0.9504850913935567,0.4300230597905148
845160.0,4997.557981728906,4175.144112669593,0.0,0.9504849562850018,0.4300244297949707
845220.0,4997.546160709375,4175.15594033567,0.0,0.9504848788618014,0.43002579980620714
845280.0,4997.5343348452025,4175.167764557761,0.0,0.950484957605504,0.4300271698325726
845340.0,4997.522517386183,4175.179594782382,0.0,0.9504847648924499,0.4300285398344948
845400.0,4997.510688051166,4175.191416558568,0.0,0.950484955114633,0.4300299098731171
845460.0,4997.498861222923,4175.203240140836,0.0,0.9504850640778424,0.4300312799054966
845520.0,4997.487041119266,4175.215068520532,0.0,0.9504849559533,0.4300326499179906
845580.0,4997.475219573007,4175.2268958928325,0.0,0.9504848939895642,0.430034019936185
845640.0,4997.463394149183,4175.238720509994,0.0,0.9504849569934501,0.43003538996658436
845700.0,4997.4515790432615,4175.250552497629,0.0,0.9504846867282307,0.4300367599670901
845760.0,4997.439747253272,4175.262372606135,0.0,0.9504849546263661,0.43003813001850244
845820.0,4997.42791899825,4175.274195253269,0.0,0.9504851080911936,0.4300395000605621
845880.0,4997.416100214652,4175.286024654886,0.0,0.9504849558412203,0.4300408700744285
845940.0,4997.404279404373,4175.297852632966,0.0,0.9504848685973997,0.43004224009576153
846000.0,4997.392453135308,4175.309676729314,0.0,0.9504849573398146,0.43004361013408193
846060.0,4997.380636338932,4175.321507589106,0.0,0.9504847401745457,0.4300449801447285
846120.0,4997.3688061606235,4175.33332892705,0.0,0.9504849545433295,0.43004635019663184
846180.0,4997.356978808655,4175.345152298853,0.0,0.9504850773404612,0.43004772024132504
846240.0,4997.345159034989,4175.356981076605,0.0,0.9504849554989385,0.43004909026354926
846300.0,4997.333337637194,4175.368808717566,0.0,0.9504848856765349,0.43005046029202293
846360.0,4997.321511870392,4175.380633253083,0.0,0.9504849566816018,0.4300518303341885
846420.0,4997.309693681982,4175.392463202654,0.0,0.9504847828936098,0.4300532003544082
846480.0,4997.297864783861,4175.404285533924,0.0,0.9504849544272622,0.43005457040780415
846540.0,4997.286038145032,4175.4161094951205,0.0,0.950485052683552,0.4300559404557045
846600.0,4997.274217569621,4175.427937783131,0.0,0.9504849551754179,0.4300573104857169
846660.0,4997.2623956922,4175.439765163807,0.0,0.9504848992940391,0.4300586805210044
846720.0,4997.250570317828,4175.451590060258,0.0,0.9504849561052645,0.4300600505673467
846780.0,4997.238754246335,4175.463421604687,0.0,0.9504847123830595,0.4300614205868617
846840.0,4997.226923129834,4175.475242436672,0.0,0.9504849539625562,0.43006279065233094
846900.0,4997.215095199778,4175.4870655592,0.0,0.9504850923491002,0.4300641607095
846960.0,4997.20327581005,4175.498894773447,0.0,0.9504849550499467,0.43006553074128884
847020.0,4997.1914545916325,4175.51072270508,0.0,0.9504848763716793,0.4300669007799457
847080.0,4997.179628450421,4175.5225471365,0.0,0.9504849563932062,0.43006827083397026
847140.0,4997.167810850222,4175.534377668178,0.0,0.9504847605551829,0.43006964086313565
847200.0,4997.155981182378,4175.546199613548,0.0,0.9504849538632755,0.43007101092958633
847260.0,4997.1441540619835,4175.558023394248,0.0,0.9504850645944772,0.4300723809896692
847320.0,4997.132333774827,4175.569852050537,0.0,0.9504849547168851,0.4300737510295344
847380.0,4997.12051202197,4175.581679682799,0.0,0.9504848917488411,0.43007512107516976
847440.0,4997.108686329011,4175.593504514931,0.0,0.9504849557752452,0.43007649113320096
847500.0,4997.096867468909,4175.605334230401,0.0,0.9504847990538459,0.4300778611715387
847560.0,4997.085038950806,4175.617157076226,0.0,0.9504849537342085,0.4300792312398746
847620.0,4997.073212468825,4175.628981393107,0.0,0.9504850423350218,0.4300806013033887
847680.0,4997.061391526842,4175.640809664672,0.0,0.950484952043926,0.43008197135062387
847740.0,4997.049567195022,4175.652635535275,0.0,0.9504849708589493,0.4300833414090619
847800.0,4997.037744233404,4175.66446239533,0.0,0.9504849452151157,0.430084711464221
847860.0,4997.02592005257,4175.67628840021,0.0,0.9504849586555575,0.4300860815239615
847920.0,4997.014097584633,4175.68811563959,0.0,0.9504849165632717,0.43008745157944217
847980.0,4997.002272619523,4175.699941112323,0.0,0.950484954806939,0.4300888216433141
848040.0,4996.990453914961,4175.711771065915,0.0,0.9504847906686151,0.4300901916895575
848100.0,4996.978625078153,4175.723593806521,0.0,0.950484953336979,0.4300915617668998
848160.0,4996.966798383155,4175.735418093558,0.0,0.9504850465142392,0.43009293183910013
848220.0,4996.954977514271,4175.747246539338,0.0,0.9504849515637044,0.43009430189415515
848280.0,4996.943153081052,4175.7590724597,0.0,0.9504849713522469,0.43009567196094123
848340.0,4996.931330089138,4175.770899420226,0.0,0.9504849443866097,0.430097042024233
848400.0,4996.919505815502,4175.782725480991,0.0,0.9504849585230913,0.43009841209229527
848460.0,4996.90768334358,4175.794552839602,0.0,0.9504849142598027,0.43009978215582867
848520.0,4996.895858245999,4175.806378339924,0.0,0.9504849544800494,0.43010115222814205
848580.0,4996.884039732648,4175.818208551961,0.0,0.9504847818697884,0.4301025222818467
848640.0,4996.872210564379,4175.830031178225,0.0,0.9504849529384726,0.4301038923682327
848700.0,4996.860383649061,4175.8418554301825,0.0,0.950485050928423,0.43010526244914016
848760.0,4996.848562780209,4175.8536839976805,0.0,0.9504849536843736,0.43010663251220677
848820.0,4996.836740612961,4175.865511660232,0.0,0.950484897954259,0.43010800258053755
848880.0,4996.824914958522,4175.877336845045,0.0,0.9504849546114743,0.4301093726598954
848940.0,4996.81309858095,4175.889168660525,0.0,0.9504847115492832,0.43011074271249816
849000.0,4996.801267200391,4175.900989791495,0.0,0.9504849524743423,0.4301121128109369
849060.0,4996.789438997349,4175.912813207059,0.0,0.9504850904859536,0.4301134829010996
849120.0,4996.777619310773,4175.924642698471,0.0,0.9504849535585602,0.4301148529659486
849180.0,4996.765797800589,4175.936470910636,0.0,0.950484875093236,0.43011622303765057
849240.0,4996.753971381349,4175.948295631722,0.0,0.9504849548979549,0.4301175931246814
849300.0,4996.742153479251,4175.9601264371795,0.0,0.9504847595901406,0.43011896318691933
849360.0,4996.730323543201,4175.971948678719,0.0,0.9504849523746478,0.4301203332863476
849420.0,4996.718496147459,4175.983772750831,0.0,0.9504850628058636,0.430121703379427
849480.0,4996.70667556586,4175.995601685829,0.0,0.9504849532257182,0.4301230734523421
849540.0,4996.694853522629,4176.007429599495,0.0,0.9504848904280719,0.4301244435310149
849600.0,4996.683027550293,4176.019254720332,0.0,0.9504849542809851,0.4301258136220523
849660.0,4996.67120839171,4176.0310847118035,0.0,0.9504847979838565,0.43012718369344916
849720.0,4996.659379602088,4176.042907851545,0.0,0.950484952245248,0.43012855379476805
849780.0,4996.647552842874,4176.054732458531,0.0,0.9504850406060308,0.43012992389128035
849840.0,4996.635731608177,4176.066561009903,0.0,0.9504849505593157,0.43013129397155675
849900.0,4996.623906993093,4176.078387166588,0.0,0.9504849693232738,0.4301326640630089
849960.0,4996.612083744367,4176.090214310163,0.0,0.9504849437487704,0.43013403415119245
850020.0,4996.600259279812,4176.102040600801,0.0,0.9504849571527015,0.4301354042439471
850080.0,4996.588436523356,4176.113868122739,0.0,0.9504849151742868,0.4301367743324548
850140.0,4996.576611276685,4176.125693882649,0.0,0.9504849533142775,0.4301381444293337
850200.0,4996.564792273052,4176.137524111762,0.0,0.9504847896203417,0.4301395145086322
850260.0,4996.5529631654645,4176.149347146695,0.0,0.950484951848071,0.4301408846189499
850320.0,4996.541136193679,4176.161171724051,0.0,0.9504850447728805,0.43014225472414164
850380.0,4996.5293150317275,4176.17300044932,0.0,0.950484950079371,0.43014362481223345
850440.0,4996.5174903153775,4176.184826655767,0.0,0.9504849698142123,0.4301449949120278
850500.0,4996.505667036293,4176.196653899686,0.0,0.950484942921484,0.4301463650083384
850560.0,4996.493842479046,4176.208480246202,0.0,0.9504849570195711,0.43014773510940896
850620.0,4996.4820197184645,4176.220307887198,0.0,0.9504849128760272,0.4301491052059643
850680.0,4996.470194339543,4176.232133674764,0.0,0.9504849529872504,0.43015047531127837
850740.0,4996.458375526439,4176.2439641617875,0.0,0.9504847808442023,0.4301518453980346
850800.0,4996.446546088163,4176.255787082809,0.0,0.9504849514496202,0.43015321551738844
850860.0,4996.434718896522,4176.267611625314,0.0,0.9504850491741095,0.43015458563128045
850920.0,4996.422897734452,4176.279440472119,0.0,0.9504849521932741,0.43015595572737886
850980.0,4996.411075277586,4176.29126841636,0.0,0.9504848966139872,0.4301573258287303
851040.0,4996.399249343261,4176.303093889327,0.0,0.9504849531176367,0.430158695941081
851100.0,4996.387432659867,4176.314925975703,0.0,0.9504847107135674,0.43016006602674867
851160.0,4996.375601015381,4176.326747405422,0.0,0.9504849509860648,0.43016143615813407
851220.0,4996.363772539514,4176.338571113807,0.0,0.9504850886238219,0.43016280628126774
851280.0,4996.351952556316,4176.350400882211,0.0,0.9504849520671191,0.43016417637915444
851340.0,4996.340130754579,4176.362229374723,0.0,0.9504848738142042,0.43016554648387884
851400.0,4996.328304057491,4176.3740543852655,0.0,0.9504849534026586,0.4301669166038931
851460.0,4996.316485853734,4176.385885464337,0.0,0.9504847586236853,0.4301682866991809
851520.0,4996.304655649624,4176.397708001825,0.0,0.9504849508859584,0.4301696568315642
851580.0,4996.292827978702,4176.409532365138,0.0,0.9504850610179603,0.4301710269576177
851640.0,4996.281007102881,4176.421361578666,0.0,0.9504849517344964,0.4301723970635598
851700.0,4996.269184769485,4176.433189773549,0.0,0.9504848891068276,0.4301737671752474
851760.0,4996.257358517952,4176.445015182893,0.0,0.9504849527866776,0.4301751372992685
851820.0,4996.24553906112,4176.4568454501905,0.0,0.9504847969127332,0.430176507403702
851880.0,4996.233710000137,4176.46866888363,0.0,0.9504849507562267,0.4301778775379813
851940.0,4996.221882963866,4176.480493780514,0.0,0.9504850388775677,0.4301792476674692
852000.0,4996.21006143667,4176.492322611511,0.0,0.9504849490746329,0.4301806177807642
852060.0,4996.198236538512,4176.504149054076,0.0,0.9504849677876583,0.43018198790520795
852120.0,4996.186413002879,4176.515976480974,0.0,0.9504849422823052,0.43018335802639307
852180.0,4996.174588254799,4176.527803057176,0.0,0.9504849556498206,0.4301847281521394
852240.0,4996.162765210025,4176.5396308614845,0.0,0.9504849137849805,0.4301860982736515
852300.0,4996.1509396819765,4176.551456908372,0.0,0.9504849518215651,0.4301874684035147
852360.0,4996.139120379507,4176.563287412835,0.0,0.9504847885707848,0.4301888385158457
852420.0,4996.127291001293,4176.575110741878,0.0,0.950484950359102,0.43019020865911645
852480.0,4996.115463752893,4176.586935609347,0.0,0.9504850430321345,0.4301915787972771
852540.0,4996.103642298089,4176.598764613924,0.0,0.9504849485949644,0.430192948918383
852600.0,4996.091817298796,4176.6105911062605,0.0,0.9504849682762494,0.430194319051163
852660.0,4996.079993732738,4176.622418633377,0.0,0.9504849414562333,0.43019568918047
852720.0,4996.068168892072,4176.634245265446,0.0,0.9504849555160291,0.4301970593145263
852780.0,4996.056345843039,4176.646073188637,0.0,0.9504849114919119,0.4301984294440807
852840.0,4996.044520182958,4176.657899263243,0.0,0.9504849514944007,0.43019979958237314
852900.0,4996.032701070336,4176.6697300250835,0.0,0.9504847798173615,0.4302011697021582
852960.0,4996.020871362204,4176.681553240645,0.0,0.9504849499607066,0.4302025398544573
853020.0,4996.00904389441,4176.693378073489,0.0,0.9504850474205135,0.4302039100013113
853080.0,4995.9972224393405,4176.705207199424,0.0,0.9504849507021197,0.4302052801304188
853140.0,4995.985399693067,4176.71703542517,0.0,0.9504848952731583,0.43020665026476823
853200.0,4995.973573479034,4176.728861186089,0.0,0.9504849516237529,0.4302080204100895
853260.0,4995.96175649008,4176.740693543207,0.0,0.9504847098757888,0.43020939052879925
853320.0,4995.949924581798,4176.752515271444,0.0,0.9504849494977239,0.4302107606931097
853380.0,4995.938095833263,4176.764339272431,0.0,0.9504850867627515,0.430212130849192
853440.0,4995.926275553676,4176.776169317656,0.0,0.9504849505756242,0.4302135009800936
853500.0,4995.9144534606,4176.787998090336,0.0,0.9504848725344732,0.4302148711178178
853560.0,4995.902626485835,4176.799823390124,0.0,0.9504849519073202,0.4302162412707933
853620.0,4995.890807980665,4176.811654742647,0.0,0.9504847576555898,0.43021761139910825
853680.0,4995.878977508637,4176.823477575857,0.0,0.9504849493972066,0.4302189815644239
853740.0,4995.8671495626995,4176.835302230158,0.0,0.9504850592309246,0.43022035172342893
853800.0,4995.8553283928795,4176.8471317220465,0.0,0.9504849502432199,0.4302217218623756
853860.0,4995.8435057695315,4176.858960197965,0.0,0.9504848877849721,0.43022309200705566
853920.0,4995.831679238976,4176.8707858956095,0.0,0.9504849512923254,0.4302244621640382
853980.0,4995.81986310544,4176.882619025364,0.0,0.9504846788691412,0.43022583229086003
854040.0,4995.808030160133,4176.894440176399,0.0,0.950484948906987,0.4302272024690128
854100.0,4995.79620077698,4176.9062638872065,0.0,0.9504851035977113,0.43022857263771874
854160.0,4995.784380937815,4176.918094409058,0.0,0.9504849501321916,0.43022994277798854
854220.0,4995.772559056568,4176.929923495309,0.0,0.9504848621920248,0.4302313129257728
854280.0,4995.760731674784,4176.941748667254,0.0,0.9504849516434015,0.43023268309068236
854340.0,4995.748907636804,4176.953576237509,0.0,0.9504849329037279,0.43023405324641895
854400.0,4995.737082225212,4176.96540284157,0.0,0.9504849582500442,0.43023542340717674
854460.0,4995.725258006551,4176.977230309659,0.0,0.9504849448398753,0.43023679356521566
854520.0,4995.713432073555,4176.989056569466,0.0,0.9504849864967019,0.4302381637293628
854580.0,4995.701608601385,4177.000884596421,0.0,0.9504849484913201,0.43023953388689756
854640.0,4995.689778899724,4177.012708201796,0.0,0.9504851111705486,0.4302409040645934
854700.0,4995.677959234778,4177.024538969829,0.0,0.9504849497840537,0.43024227421236005
854760.0,4995.6661374229825,4177.036368227497,0.0,0.9504848573058279,0.4302436443679584
854820.0,4995.6543098270095,4177.048193368441,0.0,0.9504849513775585,0.4302450145415412
854880.0,4995.642485747834,4177.06002103115,0.0,0.950484931672528,0.43024638470542664
854940.0,4995.630660224553,4177.071847677357,0.0,0.9504849583295641,0.4302477548745467
855000.0,4995.618835956175,4177.083675231815,0.0,0.9504849442291902,0.43024912504076
855060.0,4995.607009885418,4177.095501515157,0.0,0.9504849880388182,0.4302504952133481
855120.0,4995.595186402862,4177.1073296565455,0.0,0.9504849480734259,0.43025186537893806
855180.0,4995.583356369933,4177.119153147355,0.0,0.9504851191537049,0.43025323556566086
855240.0,4995.571536891884,4177.130984170606,0.0,0.9504849494371755,0.4302546057208845
855300.0,4995.5597151568045,4177.142813604862,0.0,0.9504848521865563,0.43025597588427344
855360.0,4995.547887419598,4177.154638766374,0.0,0.9504849485326302,0.4302573460662795
855420.0,4995.536060946008,4177.166464849088,0.0,0.9504850037129597,0.4302587162457943
855480.0,4995.524237921041,4177.178293397961,0.0,0.9504849474484034,0.43026008641534735
855540.0,4995.51240567633,4177.190115392791,0.0,0.9504851883900151,0.43026145661411414
855600.0,4995.500588296995,4177.201947993777,0.0,0.9504849494027147,0.4302628267683327
855660.0,4995.488767744058,4177.213778352184,0.0,0.9504848124659503,0.43026419693349105
855720.0,4995.476938740339,4177.225602691752,0.0,0.9504849481626878,0.4302655671246792
855780.0,4995.465111520915,4177.237428323803,0.0,0.9504850258875444,0.4302669373117998
855840.0,4995.453289159685,4177.249257427161,0.0,0.9504849466696245,0.4302683074846913
855900.0,4995.441458337781,4177.261080512459,0.0,0.950485140257179,0.43026967768416524
855960.0,4995.429639431977,4177.272912106347,0.0,0.9504849490068699,0.4302710478483514
856020.0,4995.417817984276,4177.284741908012,0.0,0.9504848394192634,0.43027241802156535
856080.0,4995.405989773402,4177.296566894004,0.0,0.9504849479980344,0.43027378821570145
856140.0,4995.394162987976,4177.3083929166405,0.0,0.9504850101866302,0.43027515840685576
856200.0,4995.382340089269,4177.320221717974,0.0,0.9504849467867146,0.4302765285867212
856260.0,4995.370506802495,4177.3320431317625,0.0,0.9504852183117669,0.4302778987993387
856320.0,4995.35869026771,4177.343876497646,0.0,0.9504849489995576,0.4302792689616938
856380.0,4995.3468701581605,4177.355707334755,0.0,0.9504847946892205,0.4302806391362033
856440.0,4995.335040526103,4177.367531388431,0.0,0.9504849476126649,0.43028200933998867
856500.0,4995.323212906235,4177.379356897166,0.0,0.9504850352069376,0.4302833795390159
856560.0,4995.311390761501,4177.391186317351,0.0,0.9504849459406226,0.4302847497219454
856620.0,4995.299565266524,4177.403013362913,0.0,0.9504849645415243,0.43028611991596355
856680.0,4995.287741125644,4177.414841387164,0.0,0.9504849391883994,0.4302874901067458
856740.0,4995.275915779743,4177.426668565658,0.0,0.950484952475749,0.4302888603020668
856800.0,4995.264092126627,4177.438496965214,0.0,0.9504849108609355,0.430290230493182
856860.0,4995.25226600549,4177.450323617509,0.0,0.9504849486698779,0.430291600692604
856920.0,4995.240446071544,4177.462154701737,0.0,0.9504847863948427,0.43029297087460017
856980.0,4995.228616123877,4177.473978651925,0.0,0.950484947215656,0.43029434108736064
857040.0,4995.216788292851,4177.48580413172,0.0,0.9504850393344277,0.4302957112950463
857100.0,4995.2049662197305,4177.497633724796,0.0,0.950484945461563,0.4302970814857771
857160.0,4995.193140623905,4177.509460820148,0.0,0.9504849650249371,0.4302984516881192
857220.0,4995.181316452453,4177.521288944353,0.0,0.9504849383650075,0.4302998218870122
857280.0,4995.169491014204,4177.533116178701,0.0,0.9504849523404993,0.4303011920906311
857340.0,4995.157667356517,4177.544944696761,0.0,0.9504849085793137,0.43030256228977815
857400.0,4995.1458411038275,4177.556771376923,0.0,0.9504849483424115,0.4303039324976165
857460.0,4995.134021358226,4177.568602717352,0.0,0.9504847776914398,0.43030530268705935
857520.0,4995.122191082338,4177.580426555021,0.0,0.9504849468173843,0.4303066729088319
857580.0,4995.1103630329335,4177.592252000699,0.0,0.9504850436942742,0.43030804312519644
857640.0,4995.098540959212,4177.604081714738,0.0,0.9504849475538633,0.430309413323918
857700.0,4995.086717602183,4177.615910533829,0.0,0.9504848924560088,0.4303107835278575
857760.0,4995.074890798725,4177.62773690232,0.0,0.9504849484694852,0.4303121537427082
857820.0,4995.063073163496,4177.639569829039,0.0,0.9504847081664203,0.43031352393110556
857880.0,4995.051240700773,4177.651392188158,0.0,0.9504849463556638,0.4303148941648439
857940.0,4995.039411378287,4177.663216806978,0.0,0.9504850827999014,0.43031626439040743
858000.0,4995.027590472591,4177.675047435214,0.0,0.9504849474266187,0.4303176345909366
858060.0,4995.015767764515,4177.6868767982905,0.0,0.9504848698517314,0.4303190047982551
858120.0,4995.003940204782,4177.698702708513,0.0,0.9504849487498523,0.43032037502073955
858180.0,4994.992121062464,4177.710534636619,0.0,0.9504847556590521,0.43032174521870903
858240.0,4994.980290026928,4177.722358094548,0.0,0.9504849462542421,0.43032311545347074
858300.0,4994.968461501874,4177.73418336312,0.0,0.950485055431182,0.4303244856819638
858360.0,4994.956639711201,4177.746013441412,0.0,0.9504849470946963,0.4303258558905154
858420.0,4994.944816475893,4177.757842509643,0.0,0.9504848850096008,0.43032722610477336
858480.0,4994.932989357416,4177.769668815633,0.0,0.9504849481370276,0.43032859633126536
858540.0,4994.921172571883,4177.7815025109385,0.0,0.9504846773423183,0.43032996652777533
858600.0,4994.909339078078,4177.793324296599,0.0,0.9504849457654487,0.430331336775324
858660.0,4994.89750912444,4177.805148627325,0.0,0.9504850995310499,0.4303327070134859
858720.0,4994.885688656002,4177.816979729843,0.0,0.9504849469828263,0.4303340772233767
858780.0,4994.873866158001,4177.828809405092,0.0,0.9504848595681898,0.43033544744074465
858840.0,4994.862038193316,4177.84063518862,0.0,0.9504849484844989,0.4303368176751418
858900.0,4994.850219715117,4177.852467752892,0.0,0.9504847308938501,0.43033818788178485
858960.0,4994.838387835596,4177.8642907708345,0.0,0.9504849456826793,0.4303395581297888
859020.0,4994.826558786585,4177.876115827774,0.0,0.9504850687204724,0.43034092837055443
859080.0,4994.814737326904,4177.887946304515,0.0,0.9504849466403033,0.4303422985887884
859140.0,4994.802914240797,4177.899775641465,0.0,0.9504848766812081,0.4303436688132791
859200.0,4994.791086779365,4177.911601864977,0.0,0.950484947825426,0.4303450390514949
859260.0,4994.779266907373,4177.9234335163765,0.0,0.9504847736970595,0.4303464092676998
859320.0,4994.767436310163,4177.93525752988,0.0,0.9504849455668138,0.4303477795171636
859380.0,4994.75560797559,4177.947083177413,0.0,0.9504850440156529,0.43034914976110794
859440.0,4994.743785713259,4177.958913162837,0.0,0.9504849463165784,0.4303505199871136
859500.0,4994.731962147093,4177.970742238524,0.0,0.9504848903257157,0.43035189021839926
859560.0,4994.720135078916,4177.982568823576,0.0,0.9504849472483922,0.4303532604607658
859620.0,4994.7083173272085,4177.994402073604,0.0,0.9504847030482753,0.4303546306762247
859680.0,4994.696484508644,4178.006224583648,0.0,0.9504849451016253,0.43035600093775694
859740.0,4994.684654881222,4178.018049390041,0.0,0.9504850837596129,0.4303573711909577
859800.0,4994.672833806566,4178.029880303769,0.0,0.9504849461912914,0.4303587414187075
859860.0,4994.661010900625,4178.041709931512,0.0,0.9504848673588201,0.4303601116533346
859920.0,4994.649183064755,4178.053536050027,0.0,0.9504849475373284,0.43036148190336687
859980.0,4994.637363782363,4178.0653682844095,0.0,0.9504847513152914,0.43036285212846725
860040.0,4994.625532414822,4178.077191910379,0.0,0.9504849450025796,0.43036422239094674
860100.0,4994.6137035985,4178.089017376318,0.0,0.9504850559510101,0.4303655926470321
860160.0,4994.60188162537,4178.100847730341,0.0,0.9504849458580067,0.430366962882843
860220.0,4994.590058184475,4178.11267705763,0.0,0.9504848827665396,0.4303683331244301
860280.0,4994.578230797775,4178.124503577567,0.0,0.950484946918586,0.43036970337844266
860340.0,4994.566410253913,4178.136334993332,0.0,0.9504847898898029,0.43037107361270277
860400.0,4994.554580038046,4178.148159521753,0.0,0.9504849448736894,0.43037244387703527
860460.0,4994.542751861325,4178.159985524934,0.0,0.9504850336483779,0.4303738141365239
860520.0,4994.530929232681,4178.17181549293,0.0,0.950484943180235,0.43037518437968714
860580.0,4994.51910320932,4178.183643053741,0.0,0.9504849620322398,0.43037655463407637
860640.0,4994.507278558192,4178.195471606496,0.0,0.9504849363381701,0.430377924885172
860700.0,4994.49545268612,4178.207299301825,0.0,0.9504849498050523,0.43037929514085516
860760.0,4994.483628529482,4178.219128234772,0.0,0.9504849076302466,0.4303806653922607
860820.0,4994.471801872078,4178.230955396484,0.0,0.9504849459490263,0.43038203565207395
860880.0,4994.459981484396,4178.242787050493,0.0,0.9504847814886734,0.4303834058942029
860940.0,4994.448150949746,4178.254611472953,0.0,0.9504849444763255,0.4303847761675105
861000.0,4994.436322560089,4178.266437445739,0.0,0.9504850378365293,0.4303861464356531
861060.0,4994.424500005047,4178.27826758793,0.0,0.9504849426997138,0.43038751668660147
861120.0,4994.412673880528,4178.290095198154,0.0,0.9504849625271693,0.43038888694930566
861180.0,4994.400849199457,4178.301923851166,0.0,0.9504849355086734,0.43039025720850016
861240.0,4994.389023234843,4178.3137516020515,0.0,0.9504849496729769,0.4303916274724717
861300.0,4994.377199074609,4178.325580654065,0.0,0.9504849053228557,0.43039299773189593
861360.0,4994.365372284937,4178.3374078429615,0.0,0.9504849456221423,0.4303943680001177
861420.0,4994.353552089143,4178.349239755612,0.0,0.9504847726729823,0.4303957382496723
861480.0,4994.341721222938,4178.361064062959,0.0,0.9504849440776818,0.4303971085319921
861540.0,4994.329892613031,4178.372890000102,0.0,0.950485042260079,0.4303984788088096
861600.0,4994.3180700584135,4178.38472026385,0.0,0.9504849448251909,0.4303998490677359
861660.0,4994.306246203575,4178.39654962025,0.0,0.9504848889857245,0.4304012193319309
861720.0,4994.294418856492,4178.408376492513,0.0,0.9504849457542557,0.4304025896071789
861780.0,4994.282600799849,4178.420210012413,0.0,0.9504847022148313,0.43040395985559166
861840.0,4994.2707677183935,4178.432032820308,0.0,0.9504849436130707,0.43040533014995913
861900.0,4994.258937819151,4178.443857918594,0.0,0.9504850818957076,0.4304067004360195
861960.0,4994.24711644879,4178.455689108318,0.0,0.9504849446995607,0.43040807069669573
862020.0,4994.235293252232,4178.467519015427,0.0,0.9504848660803453,0.43040944096423395
862080.0,4994.223465139498,4178.479345422457,0.0,0.950484946041727,0.43041081124713837
862140.0,4994.211645556348,4178.491177929441,0.0,0.9504847503506297,0.4304121815051774
862200.0,4994.199813921772,4178.503001850449,0.0,0.9504849435136119,0.43041355180050017
862260.0,4994.187984831268,4178.514827606658,0.0,0.950485054161571,0.43041492208944815
862320.0,4994.176162564843,4178.526658238222,0.0,0.9504849443664957,0.43041629235817486
862380.0,4994.164338834726,4178.538487845751,0.0,0.9504848814456888,0.43041766263266557
862440.0,4994.152511169809,4178.550314653248,0.0,0.950484945423977,0.43041903291955036
862500.0,4994.140690328608,4178.562146343836,0.0,0.950484788820139,0.43042040318673586
862560.0,4994.12885984239,4178.5739711650385,0.0,0.9504849433843882,0.4304217734839174
862620.0,4994.117031389599,4178.585797457179,0.0,0.9504850319187106,0.43042314377627033
862680.0,4994.105208469392,4178.597627703814,0.0,0.9504849416952892,0.4304245140523409
862740.0,4994.093382163923,4178.609455549551,0.0,0.9504849604961608,0.4304258843396104
862800.0,4994.081557226841,4178.6212843846615,0.0,0.950484934871514,0.4304272546235964
862860.0,4994.069731072207,4178.633112364595,0.0,0.9504849483018367,0.4304286249121597
862920.0,4994.057906628201,4178.644941578939,0.0,0.9504849062410543,0.43042999519645825
862980.0,4994.0460796903935,4178.6567690266775,0.0,0.9504849444560189,0.4304313654891446
863040.0,4994.034259004782,4178.668600955031,0.0,0.9504847804406784,0.4304327357641949
863100.0,4994.0224282005265,4178.680425670683,0.0,0.9504849429870768,0.43043410607034377
863160.0,4994.010599535246,4178.692251932645,0.0,0.9504850360944427,0.4304354763713438
863220.0,4993.998776688282,4178.704082353155,0.0,0.9504849412150467,0.430436846655195
863280.0,4993.986950281789,4178.715910248311,0.0,0.9504849609887216,0.4304382169507734
863340.0,4993.975125314697,4178.727739183556,0.0,0.9504849340432429,0.430439587242853
863400.0,4993.963299067626,4178.739567219038,0.0,0.9504849481690942,0.4304409575396989
863460.0,4993.951474619886,4178.751396552276,0.0,0.9504849039389006,0.4304423278320112
863520.0,4993.93964755003,4178.763224027266,0.0,0.9504849441289963,0.4304436981331001
863580.0,4993.9278270556215,4178.775056213724,0.0,0.9504847716478453,0.4304450684155724
863640.0,4993.915995920581,4178.786880814697,0.0,0.950484942588489,0.4304464387307261
863700.0,4993.9041670355155,4178.798707041245,0.0,0.9504850405050338,0.4304478090403941
863760.0,4993.892344188828,4178.810537583133,0.0,0.9504849433337476,0.4304491793322179
863820.0,4993.8805200455245,4178.82236722006,0.0,0.9504848876453078,0.4304505496292996
863880.0,4993.868692419715,4178.834194379329,0.0,0.9504849442600701,0.4304519199374067
863940.0,4993.856874058385,4178.84602816894,0.0,0.9504847013797659,0.4304532902187506
864000.0,4993.845040714182,4178.85785127446,0.0,0.9504849421244537,0.43045466054593107
864060.0,4993.833210543281,4178.869676664427,0.0,0.9504850800326694,0.4304560308648285
864120.0,4993.821388877443,4178.881508129969,0.0,0.9504849432077753,0.4304574011584084
864180.0,4993.80956539048,4178.893338316262,0.0,0.9504848648012492,0.43045877145883527
864240.0,4993.7977370010585,4178.9051650116035,0.0,0.9504849445460812,0.43046014177458936
864300.0,4993.7859171173895,4178.91699779102,0.0,0.9504847493846027,0.4304615120655444
864360.0,4993.774085215923,4178.928822006844,0.0,0.9504849420245821,0.4304628823936882
864420.0,4993.762255851403,4178.940648053111,0.0,0.9504850523729467,0.43046425271547617
864480.0,4993.750433291903,4178.952478962039,0.0,0.9504849428749298,0.43046562301709634
864540.0,4993.73860927277,4178.964308849622,0.0,0.9504848801243535,0.4304669933244681
864600.0,4993.726781329816,4178.976135944476,0.0,0.9504849439293208,0.4304683636442027
864660.0,4993.714960191507,4178.987967909715,0.0,0.9504847877493289,0.43046973394429083
864720.0,4993.703129435098,4178.9997930234795,0.0,0.9504849418950263,0.43047110427429885
864780.0,4993.691300706414,4179.011619604373,0.0,0.9504850301895589,0.4304724745994934
864840.0,4993.679477494855,4179.023450129466,0.0,0.9504849402102723,0.4304738449084489
864900.0,4993.667650907468,4179.035278259933,0.0,0.950484958960137,0.43047521522857596
864960.0,4993.655825684635,4179.047107377212,0.0,0.9504849334047407,0.4304765855454299
865020.0,4993.643999247628,4179.058935641556,0.0,0.9504849467985952,0.4304779558668509
865080.0,4993.63217451646,4179.07076513711,0.0,0.9504849048515516,0.43047932618402013
865140.0,4993.620347298437,4179.0825928706745,0.0,0.9504849429629602,0.43048069650955695
865200.0,4993.608526315129,4179.094425073203,0.0,0.9504847793914655,0.43048206681750595
865260.0,4993.596695241415,4179.106250081825,0.0,0.950484941497767,0.4304834371564738
865320.0,4993.584866300683,4179.118076632753,0.0,0.9504850343530205,0.4304848074903088
865380.0,4993.573043162018,4179.129907331407,0.0,0.950484939730306,0.43048617780704035
865440.0,4993.561216473742,4179.141735511302,0.0,0.9504849594503442,0.43048754813547063
865500.0,4993.549391220831,4179.153564728588,0.0,0.950484932577687,0.4304889184604128
865560.0,4993.537564691499,4179.165393048471,0.0,0.9504849466651896,0.43049028879011075
865620.0,4993.525739956454,4179.177222662741,0.0,0.9504849025546022,0.4304916591152885
865680.0,4993.513912606599,4179.189050423621,0.0,0.9504849426357997,0.4304930294492216
865740.0,4993.50209181381,4179.200882883717,0.0,0.9504847706214345,0.430494399764589
865800.0,4993.490260410091,4179.212707778096,0.0,0.9504849410992353,0.430495770112554
865860.0,4993.478431250039,4179.2245342938395,0.0,0.9504850387506064,0.4304971404550501
865920.0,4993.466608111496,4179.236365113693,0.0,0.950484941842249,0.43049851077974927
865980.0,4993.454783679933,4179.248195030961,0.0,0.9504848863044263,0.43049988110969534
866040.0,4993.44295577558,4179.260022477035,0.0,0.9504849427658372,0.43050125145063917
866100.0,4993.43113710982,4179.271856536201,0.0,0.9504847005427364,0.43050262176489157
866160.0,4993.419303503,4179.28367993911,0.0,0.9504849406357733,0.43050399212486257
866220.0,4993.4074730606,4179.295505620541,0.0,0.9504850781706466,0.4305053624765746
866280.0,4993.395651099514,4179.307337361731,0.0,0.9504849417159359,0.43050673280303575
866340.0,4993.383827322364,4179.319167827025,0.0,0.95048486352144,0.4305081031363285
866400.0,4993.371998656427,4179.330994810467,0.0,0.9504849430503937,0.4305094734849098
866460.0,4993.360178472488,4179.342827862159,0.0,0.9504847484168375,0.43051084380875826
866520.0,4993.348346304275,4179.354652372572,0.0,0.9504849405354895,0.43051221416970065
866580.0,4993.336516665903,4179.366478708681,0.0,0.9504850505852072,0.43051358452430627
866640.0,4993.324693813552,4179.378309894798,0.0,0.9504849413833097,0.4305149548587969
866700.0,4993.31286950562,4179.3901400622535,0.0,0.9504848788023051,0.43051632519902705
866760.0,4993.301041284803,4179.401967444257,0.0,0.9504849424346227,0.43051769555158914
866820.0,4993.289219849636,4179.413799683987,0.0,0.9504847866768174,0.4305190658845573
866880.0,4993.277388823175,4179.425625090088,0.0,0.9504849404056018,0.4305204362473694
866940.0,4993.265559818762,4179.437451959521,0.0,0.9504850284612288,0.4305218066053833
867000.0,4993.253736316074,4179.449282762897,0.0,0.9504849387251773,0.4305231769472009
867060.0,4993.24190944696,4179.461111177894,0.0,0.9504849574242176,0.43052454730016304
867120.0,4993.230083938576,4179.472940577149,0.0,0.950484931937825,0.4305259176498622
867180.0,4993.218257219392,4179.484769125704,0.0,0.9504849452953409,0.43052728800411844
867240.0,4993.2064322012675,4179.4965989022785,0.0,0.9504849034616302,0.4305286583541356
867300.0,4993.194604703211,4179.508426921466,0.0,0.9504849414698523,0.43053002871250046
867360.0,4993.1827834224505,4179.520259398006,0.0,0.9504847783406971,0.43053139905332544
867420.0,4993.1709520794275,4179.532084699379,0.0,0.950484940008395,0.4305327694250899
867480.0,4993.159122863411,4179.543911539062,0.0,0.9504850326123621,0.43053413979173744
867540.0,4993.1472994332635,4179.555742515681,0.0,0.950484938245487,0.4305355101413267
867600.0,4993.135472463393,4179.567570980113,0.0,0.9504849579120763,0.43053688050258615
867660.0,4993.123646924867,4179.579400479249,0.0,0.9504849311119856,0.4305382508603682
867720.0,4993.111820113463,4179.591229083337,0.0,0.9504849451612738,0.4305396212228955
867780.0,4993.099995091326,4179.603058978457,0.0,0.9504849011698702,0.43054099158091613
867840.0,4993.088167461657,4179.614887025027,0.0,0.9504849411425548,0.43054236194767115
867900.0,4993.076346370738,4179.626719758603,0.0,0.9504847695932459,0.43054373229591103
867960.0,4993.064514698478,4179.638544946163,0.0,0.9504849396099183,0.4305451026766651
868020.0,4993.052685263602,4179.650371750889,0.0,0.9504850369970909,0.4305464730519671
868080.0,4993.04086183343,4179.662202848524,0.0,0.9504849403506954,0.43054784340951907
868140.0,4993.029037113821,4179.674033045951,0.0,0.950484884962981,0.43054921377230676
868200.0,4993.0172089311,4179.685860778622,0.0,0.9504849412715579,0.43055058414606456
868260.0,4993.005389961171,4179.697695107191,0.0,0.9504846997035848,0.43055195449320266
868320.0,4992.99355609186,4179.709518807256,0.0,0.9504849391470289,0.4305533248859421
868380.0,4992.9817253781175,4179.721344779932,0.0,0.9504850763097542,0.4305546952704465
868440.0,4992.969903122019,4179.733176796599,0.0,0.9504849402240423,0.43055606562976606
868500.0,4992.958079054895,4179.745007540714,0.0,0.9504848622409798,0.43055743599590224
868560.0,4992.946250112619,4179.75683481205,0.0,0.9504849415546623,0.43055880637728816
868620.0,4992.934429628654,4179.768668135852,0.0,0.9504847474475355,0.4305601767340072
868680.0,4992.922597193844,4179.7804929406275,0.0,0.9504849390463347,0.4305615471277257
868740.0,4992.910767281787,4179.792319566369,0.0,0.9504850487982073,0.43056291751512654
868800.0,4992.898944136808,4179.804151029498,0.0,0.9504849398916339,0.43056428788246537
868860.0,4992.887119540282,4179.815981476639,0.0,0.9504848774798881,0.43056565825553134
868920.0,4992.875291041786,4179.827809145591,0.0,0.9504849409398736,0.4305670286408983
868980.0,4992.863472926452,4179.839644246318,0.0,0.9504846687196122,0.430568398996096
869040.0,4992.851638021829,4179.851467368762,0.0,0.9504849385562287,0.43056976940262603
869100.0,4992.8398066746395,4179.863293050823,0.0,0.9504850931316653,0.430571139799702
869160.0,4992.827984858694,4179.875125543651,0.0,0.9504849397804364,0.4305725101683376
869220.0,4992.81616100344,4179.886956600878,0.0,0.9504848519057547,0.43057388054448154
869280.0,4992.804331655015,4179.898783743926,0.0,0.950484941290436,0.4305752509377494
869340.0,4992.792505645953,4179.910613285157,0.0,0.950484922564685,0.43057662132183905
869400.0,4992.7806782651405,4179.922441860191,0.0,0.9504849478920734,0.4305779917109462
869460.0,4992.768852075689,4179.934271299182,0.0,0.950484934491853,0.4305793620973298
869520.0,4992.757024174227,4179.9460995299005,0.0,0.950484976117614,0.4305807324898173
869580.0,4992.745198730328,4179.957929527667,0.0,0.9504849381404931,0.43058210287568804
869640.0,4992.733367065295,4179.969755103962,0.0,0.9504851006986317,0.4305834732817147
869700.0,4992.7215454235875,4179.9815878426325,0.0,0.9504849394321806,0.43058484365780786
869760.0,4992.709721637935,4179.993419070937,0.0,0.9504848470227355,0.4305862140417268
869820.0,4992.697892075847,4180.005246182653,0.0,0.950484941024416,0.430587584443629
869880.0,4992.686066025887,4180.017075815999,0.0,0.950484921334002,0.4305889548358286
869940.0,4992.674238533779,4180.028904432844,0.0,0.950484947971168,0.4305903252332588
870000.0,4992.662412294922,4180.040733957867,0.0,0.950484933881239,0.43059169562777766
870060.0,4992.650584256122,4180.052562211782,0.0,0.9504849776582555,0.4305930660286672
870120.0,4992.638758802094,4180.064392323646,0.0,0.9504849377225315,0.43059443642255385
870180.0,4992.626926806473,4180.07621778504,0.0,0.9504851086756215,0.43059580683756854
870240.0,4992.615105351659,4180.088050778586,0.0,0.9504849390851838,0.4305971772210796
870300.0,4992.603281642867,4180.099882183137,0.0,0.9504848419068259,0.4305985476127499
870360.0,4992.59145193997,4180.11170931508,0.0,0.9504849381812273,0.4305999180230364
870420.0,4992.579623499047,4180.123537368138,0.0,0.9504849933204604,0.4306012884308248
870480.0,4992.567798502154,4180.135367887244,0.0,0.9504849370977235,0.43060265882864834
870540.0,4992.5559642978715,4180.147191852494,0.0,0.950485177859997,0.4306040292556812
870600.0,4992.5441449391255,4180.159026423488,0.0,0.9504849390504966,0.4306053996381606
870660.0,4992.532322411055,4180.170858751932,0.0,0.9504848022156174,0.4306067700315739
870720.0,4992.520491443505,4180.182685061741,0.0,0.9504849378113089,0.4306081404510166
870780.0,4992.5086622579065,4180.194512663928,0.0,0.9504850154783051,0.43060951086638477
870840.0,4992.496837924027,4180.20634373728,0.0,0.9504849363192722,0.43061088126752056
870900.0,4992.485005140803,4180.218168792746,0.0,0.95048512976283,0.4306122516952359
870960.0,4992.473184257791,4180.230002356461,0.0,0.9504849386546953,0.43061362208765713
871020.0,4992.461360836317,4180.241834127963,0.0,0.9504848291484886,0.43061499248910023
871080.0,4992.4495306607105,4180.253661083947,0.0,0.9504849376465263,0.4306163629114647
871140.0,4992.4377019086905,4180.265489076482,0.0,0.9504849997888758,0.4306177333308406
871200.0,4992.425877038218,4180.277319847591,0.0,0.9504849364360226,0.43061910373892437
871260.0,4992.414041793578,4180.289143231365,0.0,0.9504852077593331,0.43062047417975596
871320.0,4992.4022232785865,4180.300978566793,0.0,0.9504849386471376,0.4306218445703194
871380.0,4992.390401193642,4180.312811373478,0.0,0.9504847844514106,0.43062321497303163
871440.0,4992.378569598911,4180.324637396958,0.0,0.9504849372611917,0.4306245854050196
871500.0,4992.366740013724,4180.336464875385,0.0,0.9504850247903365,0.43062595583224245
871560.0,4992.3549158963815,4180.348296265104,0.0,0.9504849355903077,0.43062732624336403
871620.0,4992.343088433293,4180.360125280242,0.0,0.9504849541773525,0.43062869666557035
871680.0,4992.331262322523,4180.371955273998,0.0,0.950484928843014,0.43063006708453605
871740.0,4992.319435008369,4180.383784421992,0.0,0.9504849421204559,0.43063143750803673
871800.0,4992.307609384765,4180.395614790965,0.0,0.9504849005364867,0.43063280792732667
871860.0,4992.295781296459,4180.407443412707,0.0,0.950484938317327,0.4306341783549199
871920.0,4992.283959387131,4180.419276466172,0.0,0.9504847761626307,0.4306355487650796
871980.0,4992.272127477447,4180.431102385824,0.0,0.9504849368641005,0.4306369192060036
872040.0,4992.260297681622,4180.442929834975,0.0,0.9504850289144978,0.43063828964184564
872100.0,4992.24847363604,4180.4547613972445,0.0,0.9504849351112246,0.4306396600607294
872160.0,4992.236646072478,4180.466590461838,0.0,0.9504849546600548,0.4306410304912205
872220.0,4992.22481993142,4180.47842055521,0.0,0.9504849280198437,0.43064240091825795
872280.0,4992.212992525278,4180.490249758718,0.0,0.950484941984937,0.43064377135001725
872340.0,4992.201166897354,4180.50208024586,0.0,0.9504848982561277,0.4306451417772998
872400.0,4992.1893386779075,4180.513908895132,0.0,0.9504849379897283,0.4306465122132702
872460.0,4992.177516956923,4180.525742204459,0.0,0.9504847674651173,0.4306478826308374
872520.0,4992.165684719689,4180.5375680112575,0.0,0.9504849364657475,0.4306492530807344
872580.0,4992.153854706019,4180.549395425956,0.0,0.9504850332708098,0.4306506235252164
872640.0,4992.142030660084,4180.561227108853,0.0,0.9504849372015971,0.43065199395205195
872700.0,4992.130205332591,4180.573057896776,0.0,0.9504848821445173,0.43065336438409924
872760.0,4992.118376563276,4180.584886234162,0.0,0.9504849381164573,0.43065473482705596
872820.0,4992.106556950014,4180.596721129502,0.0,0.9504846979912992,0.43065610524355113
872880.0,4992.094722529026,4180.608545457578,0.0,0.9504849360041181,0.4306574757053884
872940.0,4992.082891244131,4180.620372045222,0.0,0.9504850723472291,0.43065884615904365
873000.0,4992.071068364823,4180.632204642062,0.0,0.950484937074196,0.4306602165876604
873060.0,4992.0592436855795,4180.644035973729,0.0,0.9504848595567577,0.4306615870230604
873120.0,4992.047414161161,4180.6558638526385,0.0,0.9504849383963652,0.430662957473625
873180.0,4992.035593042968,4180.667697749187,0.0,0.9504847454486105,0.4306643278996682
873240.0,4992.02376004743,4180.679523175812,0.0,0.9504849359025214,0.43066569836250224
873300.0,4992.01192955907,4180.691350412965,0.0,0.950485044998467,0.43066706881906075
873360.0,4992.000105796126,4180.703182459656,0.0,0.9504849367422687,0.4306684392556741
873420.0,4991.9882805905145,4180.715013496262,0.0,0.9504848747031607,0.4306698096979876
873480.0,4991.976451506924,4180.726841770704,0.0,0.9504849377837441,0.43067118015253364
873540.0,4991.964632742549,4180.738677434157,0.0,0.950484667189587,0.43067255057708914
873600.0,4991.952797292176,4180.750501188343,0.0,0.9504849354138393,0.43067392105268454
873660.0,4991.9409653772955,4180.762327487457,0.0,0.9504850890654699,0.430675291518886
873720.0,4991.929142934984,4180.774160558115,0.0,0.9504849366302309,0.430676661956812
873780.0,4991.917318465859,4180.785992201496,0.0,0.950484849280357,0.43067803240220925
873840.0,4991.905488537351,4180.797819953266,0.0,0.9504849381307061,0.4306794028646344
873900.0,4991.893668082714,4180.8096544855125,0.0,0.9504847207013125,0.4306807732992989
873960.0,4991.881834244644,4180.8214794717205,0.0,0.9504849353308807,0.43068214377532327
874020.0,4991.87000323335,4180.833306496802,0.0,0.9504850582773895,0.4306835142441022
874080.0,4991.858179801284,4180.845138941479,0.0,0.9504849362877108,0.4306848846903456
874140.0,4991.846354744997,4180.856970246347,0.0,0.9504848663804725,0.43068625514283965
874200.0,4991.834525319234,4180.868798437863,0.0,0.950484937471871,0.4306876256090571
874260.0,4991.8227034728225,4180.880632057042,0.0,0.9504847634725724,0.43068899605325744
874320.0,4991.810870915515,4180.892458038554,0.0,0.9504849352148504,0.43069036653071524
874380.0,4991.799040617866,4180.904285653983,0.0,0.9504850335906778,0.43069173700264657
874440.0,4991.787216384377,4180.916117607137,0.0,0.9504849359639753,0.4306931074566357
874500.0,4991.775390848834,4180.927948650527,0.0,0.9504848800146376,0.43069447791589865
874560.0,4991.7635618159675,4180.939777203352,0.0,0.9504849368950136,0.43069584838624086
874620.0,4991.751742087181,4180.951612420862,0.0,0.9504846928761018,0.43069721882966716
874680.0,4991.739907311648,4180.963436898745,0.0,0.9504849347497568,0.4306985893191677
874740.0,4991.728075723041,4180.975263672843,0.0,0.9504850733047758,0.4306999598003296
874800.0,4991.716252675805,4180.987096554042,0.0,0.9504849358385299,0.4307013302560366
874860.0,4991.704427799765,4180.998928149244,0.0,0.9504848570645901,0.43070270071861466
874920.0,4991.692598000392,4181.010756235325,0.0,0.950484937183483,0.43070407119659665
874980.0,4991.680776743113,4181.022590437014,0.0,0.9504847411070795,0.43070544164964014
875040.0,4991.668943416831,4181.034416030564,0.0,0.950484934650534,0.43070681214006146
875100.0,4991.657112638405,4181.046243463963,0.0,0.9504850455165337,0.4307081826240818
875160.0,4991.645288694054,4181.058075785251,0.0,0.9504849355052418,0.4307095530878238
875220.0,4991.633463283939,4181.069907079788,0.0,0.9504848724605575,0.43071092355733603
875280.0,4991.621633933296,4181.081735567051,0.0,0.9504849365649504,0.4307122940392722
875340.0,4991.609811416394,4181.09356894993,0.0,0.9504847796526256,0.43071366450144954
875400.0,4991.597979240407,4181.105395445673,0.0,0.9504849345214879,0.43071503499369757
875460.0,4991.58614910089,4181.1172234160695,0.0,0.9504850232302691,0.4307164054810949
875520.0,4991.574324502067,4181.129055351122,0.0,0.9504849328292061,0.43071777595216304
875580.0,4991.56249651308,4181.1408848790325,0.0,0.9504849516671853,0.4307191464344536
875640.0,4991.550669894525,4181.152715398819,0.0,0.9504849259921311,0.4307205169134459
875700.0,4991.538842056677,4181.1645450611695,0.0,0.9504849394489848,0.4307218873970216
875760.0,4991.527015932007,4181.1763759610585,0.0,0.9504848973053971,0.430723257876315
875820.0,4991.515187309927,4181.188205089738,0.0,0.9504849355957349,0.4307246283640126
875880.0,4991.503364949254,4181.200038710508,0.0,0.9504847712572089,0.430725998834018
875940.0,4991.491532455153,4181.2118650999555,0.0,0.9504849341240421,0.430727369335202
876000.0,4991.479702103225,4181.223693039621,0.0,0.9504850274149962,0.4307287398312142
876060.0,4991.467877578149,4181.235525148526,0.0,0.9504849323486632,0.43073011031002867
876120.0,4991.456049488383,4181.247354725513,0.0,0.9504849521613891,0.4307314808005948
876180.0,4991.444222840167,4181.2591853452195,0.0,0.9504849251628644,0.4307328512876469
876240.0,4991.432394910142,4181.271015062792,0.0,0.950484939316636,0.43073422177947196
876300.0,4991.420568782124,4181.282846081408,0.0,0.9504848949993069,0.43073559226674485
876360.0,4991.408740028194,4181.294675236936,0.0,0.9504849352687179,0.43073696276281187
876420.0,4991.396917859403,4181.306509116008,0.0,0.9504847624474821,0.4307383332402038
876480.0,4991.3850850344215,4181.318335390004,0.0,0.9504849337253171,0.43073970375036114
876540.0,4991.373254462774,4181.330163293688,0.0,0.950485031835069,0.430741074255009
876600.0,4991.361429938369,4181.34199552382,0.0,0.9504849344721895,0.430742444741762
876660.0,4991.349604115515,4181.353826846575,0.0,0.9504848786739859,0.4307438152337777
876720.0,4991.33777480508,4181.365655685257,0.0,0.9504849354004834,0.4307451857368449
876780.0,4991.325954772756,4181.377491171303,0.0,0.9504846920411825,0.4307465562130685
876840.0,4991.314119735636,4181.389315945672,0.0,0.9504849332607991,0.4307479267352479
876900.0,4991.3022878765305,4181.401143010303,0.0,0.9504850714411637,0.4307492972491129
876960.0,4991.290464534971,4181.412976166155,0.0,0.9504849343464021,0.43075066773758974
877020.0,4991.278639369684,4181.42480803938,0.0,0.9504848557852246,0.43075203823292246
877080.0,4991.266809294781,4181.436636412618,0.0,0.9504849356874937,0.4307534087436201
877140.0,4991.254987738142,4181.448470885575,0.0,0.9504847401408534,0.4307547792294458
877200.0,4991.243154146128,4181.460296772795,0.0,0.9504849331611628,0.430756149752554
877260.0,4991.231323094843,4181.4721244951,0.0,0.9504850437274331,0.4307575202692803
877320.0,4991.219498858576,4181.48395709259,0.0,0.9504849340133334,0.4307588907657818
877380.0,4991.207673160604,4181.495788666021,0.0,0.9504848711389211,0.43076026126804096
877440.0,4991.195843533079,4181.507617439489,0.0,0.9504849350699511,0.43076163178269294
877500.0,4991.1840207202295,4181.519451095855,0.0,0.9504847785815659,0.43076300227763914
877560.0,4991.172188275205,4181.531277883013,0.0,0.9504849330317842,0.4307643728025797
877620.0,4991.160357860948,4181.543106141009,0.0,0.9504850215007155,0.43076574332268464
877680.0,4991.148532971932,4181.554938353361,0.0,0.9504849313438484,0.4307671138265038
877740.0,4991.136704702184,4181.566768164844,0.0,0.9504849501308072,0.43076848434151804
877800.0,4991.124877799031,4181.578598965638,0.0,0.9504849245250225,0.43076985485324415
877860.0,4991.1130496799715,4181.590428911243,0.0,0.9504849379453977,0.4307712253695435
877920.0,4991.1012232692965,4181.602260091181,0.0,0.9504848959155835,0.43077259588157346
877980.0,4991.089394368158,4181.614089504532,0.0,0.9504849341023333,0.43077396640198745
878040.0,4991.077571710947,4181.62592339831,0.0,0.9504847702078136,0.4307753369047577
878100.0,4991.065738948545,4181.637750079583,0.0,0.9504849326343906,0.43077670743862667
878160.0,4991.053908322321,4181.649578307063,0.0,0.9504850256731248,0.4307780779673398
878220.0,4991.042083506699,4181.661410692949,0.0,0.9504849308635823,0.4307794484789005
878280.0,4991.030255136306,4181.673240553518,0.0,0.9504849506226567,0.43078081900218446
878340.0,4991.018428203427,4181.685071454107,0.0,0.9504849236969736,0.430782189521965
878400.0,4991.0065999922945,4181.696901454921,0.0,0.9504849378123854,0.43078356004650803
878460.0,4990.994773578131,4181.7087327534155,0.0,0.9504848936146977,0.4307849305665124
878520.0,4990.982944545358,4181.720562193682,0.0,0.9504849337751785,0.43078630109528987
878580.0,4990.971122079347,4181.732396345226,0.0,0.9504847614208569,0.430787671605443
878640.0,4990.959288986842,4181.744222911482,0.0,0.9504849322357215,0.4307890421482777
878700.0,4990.947458141364,4181.756051103211,0.0,0.9504850300801881,0.43079041268561974
878760.0,4990.935633326261,4181.76788361014,0.0,0.9504849329803485,0.430791783205114
878820.0,4990.923807216305,4181.7797152120775,0.0,0.9504848773328161,0.43079315372986
878880.0,4990.9119776284815,4181.791544336405,0.0,0.9504849339059069,0.43079452426562986
878940.0,4990.900157292883,4181.803380090834,0.0,0.9504846912041232,0.4307958947746279
879000.0,4990.8883219943045,4181.815205161454,0.0,0.9504849317717778,0.43079726532946366
879060.0,4990.876489864858,4181.827032516401,0.0,0.9504850695785962,0.43079863587600925
879120.0,4990.864666229205,4181.8388659467355,0.0,0.9504849328542199,0.4308000063972332
879180.0,4990.8528407748845,4181.850698097799,0.0,0.9504848545052668,0.4308013769252979
879240.0,4990.841010424624,4181.862526757988,0.0,0.9504849341914596,0.4308027474686888
879300.0,4990.829188568864,4181.874361502046,0.0,0.9504847391732286,0.43080411798727386
879360.0,4990.817354711267,4181.886187682713,0.0,0.9504849316717296,0.4308054885430466
879420.0,4990.805523387291,4181.898015693714,0.0,0.9504850419390724,0.43080685909245653
879480.0,4990.793698859325,4181.909848567226,0.0,0.9504849325213703,0.4308082296216948
879540.0,4990.781872873706,4181.921680419366,0.0,0.9504848698167713,0.43080960015667835
879600.0,4990.770042969479,4181.933509478832,0.0,0.950484933574905,0.4308109707040236
879660.0,4990.758219860912,4181.945343408513,0.0,0.9504847775093676,0.4308123412317158
879720.0,4990.746387147008,4181.957170486867,0.0,0.9504849315420197,0.43081371178932637
879780.0,4990.7345564581865,4181.968999032255,0.0,0.9504850197717507,0.4308150823421165
879840.0,4990.722731279193,4181.98083152172,0.0,0.9504849298584187,0.4308164528786639
879900.0,4990.7109027288725,4181.992661616581,0.0,0.9504849485944918,0.4308178234263791
879960.0,4990.6990755413235,4182.004492698193,0.0,0.9504849230577933,0.4308191939708165
880020.0,4990.687247141241,4182.016322926855,0.0,0.9504849364417864,0.43082056451981715
880080.0,4990.6754204447625,4182.028154386656,0.0,0.9504848945254424,0.4308219350645612
880140.0,4990.663591264749,4182.039984084476,0.0,0.950484932608881,0.4308233056176691
880200.0,4990.651768311232,4182.051818251092,0.0,0.9504847691571838,0.4308246761531813
880260.0,4990.6399352806875,4182.063645223971,0.0,0.9504849311446787,0.43082604671971264
880320.0,4990.628104380343,4182.07547373906,0.0,0.9504850239317908,0.4308274172811042
880380.0,4990.616279274388,4182.087306401744,0.0,0.9504849293784304,0.4308287878253886
880440.0,4990.6044506235585,4182.099136545694,0.0,0.9504849490839732,0.43083015838136784
880500.0,4990.592623406218,4182.110967726974,0.0,0.9504849222309695,0.43083152893385435
880560.0,4990.580794914175,4182.122798010838,0.0,0.9504849363081078,0.4308328994910926
880620.0,4990.568968214072,4182.134629589018,0.0,0.950484892229785,0.4308342700438058
880680.0,4990.557138902646,4182.146459313817,0.0,0.9504849322815879,0.4308356406052709
880740.0,4990.5453161396445,4182.1582937376625,0.0,0.9504847603930712,0.4308370111481624
880800.0,4990.53348277977,4182.170120595961,0.0,0.9504849307460653,0.43083838172365185
880860.0,4990.521651660635,4182.181949075526,0.0,0.950485028325927,0.4308397522936654
880920.0,4990.5098265550505,4182.19378185907,0.0,0.9504849314884523,0.43084112284587844
880980.0,4990.498000158199,4182.20561374,0.0,0.9504848759912836,0.4308424934033319
881040.0,4990.486170293169,4182.217443149777,0.0,0.9504849324112808,0.43084386397178176
881100.0,4990.474349654538,4182.229279172424,0.0,0.9504846903655999,0.4308452345135315
881160.0,4990.462514094651,4182.241104539071,0.0,0.950484930282695,0.4308466051010013
881220.0,4990.450681695032,4182.252932184123,0.0,0.950485067716764,0.430847975680205
881280.0,4990.438857765507,4182.26476588876,0.0,0.9504849313619829,0.43084934623415355
881340.0,4990.427032022362,4182.276598317476,0.0,0.9504848532248145,0.43085071679492765
881400.0,4990.415201396926,4182.28842726441,0.0,0.9504849326953786,0.43085208737098907
881460.0,4990.403379242276,4182.300262279396,0.0,0.950484738204465,0.4308534579223107
881520.0,4990.391545119256,4182.312088753292,0.0,0.9504849301822361,0.43085482851072543
881580.0,4990.379713522763,4182.323917052782,0.0,0.9504850401512726,0.4308561990927963
881640.0,4990.367888703315,4182.335750202136,0.0,0.9504849310293518,0.4308575696547486
881700.0,4990.3560624302545,4182.347582332798,0.0,0.9504848684942089,0.43085894022243404
881760.0,4990.3442322495075,4182.3594116780605,0.0,0.9504849320798104,0.43086031080244996
881820.0,4990.332412467258,4182.371248474235,0.0,0.950484659321009,0.430861681352207
881880.0,4990.320575871051,4182.38307326113,0.0,0.9504849296915949,0.4308630519534305
881940.0,4990.308742837578,4182.394900614185,0.0,0.9504850845728778,0.43086442254516544
882000.0,4990.296919349384,4182.406734795582,0.0,0.9504849309183692,0.43086579310838086
882060.0,4990.285093818948,4182.418567537594,0.0,0.9504848428698923,0.43086716367911554
882120.0,4990.2732627872865,4182.430396355276,0.0,0.9504849324315018,0.4308685342670166
882180.0,4990.261435099945,4182.442227577286,0.0,0.9504849136687683,0.4308699048457085
882240.0,4990.249606038879,4182.454057830551,0.0,0.9504849390463487,0.43087127542942494
882300.0,4990.23777817097,4182.465888949957,0.0,0.9504849256196821,0.4308726460104044
882360.0,4990.225948588575,4182.477718857911,0.0,0.950484967327904,0.4308740165974981
882420.0,4990.214121467399,4182.489550537433,0.0,0.9504849292756877,0.4308753871779515
882480.0,4990.202288116001,4182.501377783971,0.0,0.950485092155684,0.4308767577786057
882540.0,4990.190464802697,4182.513212211383,0.0,0.9504849305700768,0.43087812834924316
882600.0,4990.17863934236,4182.525045124443,0.0,0.9504848379778237,0.43087949892771815
882660.0,4990.166808097112,4182.536873910242,0.0,0.9504849321656078,0.43088086952422133
882720.0,4990.154980369207,4182.548705224134,0.0,0.9504849124362986,0.4308822401109894
882780.0,4990.143151197073,4182.560535518847,0.0,0.9504849391262538,0.43088361070299613
882840.0,4990.131323280078,4182.5723667240345,0.0,0.9504849250085106,0.43088498129207753
882900.0,4990.119493560537,4182.584196654772,0.0,0.9504849688722554,0.4308863518875402
882960.0,4990.107666429611,4182.596028448212,0.0,0.950484928857551,0.4308877224759754
883020.0,4990.095832747532,4182.607855579079,0.0,0.9504851001491336,0.43088909308558626
883080.0,4990.08400962179,4182.61969026155,0.0,0.9504849302230456,0.430890463663606
883140.0,4990.07218423882,4182.63152335084,0.0,0.9504848328523932,0.43089183424979766
883200.0,4990.06035285295,4182.643352156447,0.0,0.9504849293174449,0.4308932048546522
883260.0,4990.0485227309755,4182.655181885472,0.0,0.9504849845658507,0.43089457545699283
883320.0,4990.0366960581205,4182.667014086891,0.0,0.9504849282319425,0.4308959460493386
883380.0,4990.024860164399,4182.678839717435,0.0,0.9504851694706615,0.4308973166709627
883440.0,4990.013039138066,4182.690675981118,0.0,0.9504849301887239,0.4308986872479111
883500.0,4990.001214937815,4182.702509996374,0.0,0.9504847930831387,0.4309000578358134
883560.0,4989.98938228569,4182.714337977408,0.0,0.9504849289472297,0.4309014284498117
883620.0,4989.977551418208,4182.7261672540835,0.0,0.9504850067679214,0.4309027990597154
883680.0,4989.965725409601,4182.738000010865,0.0,0.950484927452387,0.43090416965534534
883740.0,4989.953890939275,4182.749826734149,0.0,0.950485121278696,0.4309055402776191
883800.0,4989.9420683866965,4182.761661987627,0.0,0.950484929792574,0.43090691086449884
883860.0,4989.930243291987,4182.773495444182,0.0,0.9504848200698581,0.43090828146041543
883920.0,4989.918411433238,4182.785324072745,0.0,0.950484928782556,0.4309096520773061
883980.0,4989.906581000237,4182.797153740463,0.0,0.9504849910478372,0.430911022691191
884040.0,4989.894754454507,4182.808986193911,0.0,0.9504849275698039,0.4309123932937506
884100.0,4989.882917519435,4182.820811240856,0.0,0.9504851994296226,0.4309137639291365
884160.0,4989.871097338609,4182.832648270306,0.0,0.9504849297854349,0.4309151345141166
884220.0,4989.8592735826505,4182.844482764403,0.0,0.9504847752849483,0.43091650511126883
884280.0,4989.84744030296,4182.856310457737,0.0,0.9504849283968944,0.43091787573777185
884340.0,4989.835609035832,4182.868139609705,0.0,0.9504850160991098,0.4309192463594878
884400.0,4989.823783244598,4182.879972683038,0.0,0.9504849267228527,0.4309206169650561
884460.0,4989.811954102751,4182.8918033756045,0.0,0.9504849453467107,0.43092198758173234
884520.0,4989.800126315249,4182.903635049267,0.0,0.9504849199623647,0.4309233581951534
884580.0,4989.788297322642,4182.915465874928,0.0,0.9504849332661268,0.4309247288131153
884640.0,4989.776470023115,4182.92729792467,0.0,0.9504848916000121,0.4309260994268489
884700.0,4989.764640255304,4182.939128222615,0.0,0.9504849294556246,0.43092747004890225
884760.0,4989.752816675617,4182.95096296366,0.0,0.9504847669803138,0.4309288406534664
884820.0,4989.740983080899,4182.96279055243,0.0,0.9504849279996692,0.4309302112888742
884880.0,4989.729151603214,4182.974619674574,0.0,0.9504850202321942,0.4309315819191772
884940.0,4989.717325884243,4182.986452920436,0.0,0.9504849262434713,0.43093295253247316
885000.0,4989.705496642171,4182.998283662113,0.0,0.9504849458310392,0.4309343231574009
885060.0,4989.693668824732,4183.010115435174,0.0,0.9504849191382079,0.4309356937788599
885120.0,4989.681839740397,4183.021946316022,0.0,0.9504849331309972,0.43093706440504714
885180.0,4989.670012436938,4183.033778483767,0.0,0.9504848893157501,0.4309384350267393
885240.0,4989.65818253819,4183.0456088088395,0.0,0.9504849291280306,0.43093980565713697
885300.0,4989.646359147521,4183.057443805938,0.0,0.9504847582660902,0.4309411762690731
885360.0,4989.634525225163,4183.069271281087,0.0,0.9504849276011798,0.43094254691342243
885420.0,4989.622693529704,4183.081100368215,0.0,0.9504850245978163,0.4309439175523329
885480.0,4989.610867810776,4183.092933734546,0.0,0.9504849283386297,0.4309452881735467
885540.0,4989.599040808468,4183.104766203513,0.0,0.9504848731727444,0.4309466587999769
885600.0,4989.587210359304,4183.116596215579,0.0,0.9504849292554439,0.43094802943734245
885660.0,4989.575389079713,4183.128432802473,0.0,0.9504846886554623,0.4309494000481666
885720.0,4989.563552970657,4183.140258794763,0.0,0.9504849271390724,0.4309507707044509
885780.0,4989.55172000237,4183.152087052386,0.0,0.9504850637518827,0.4309521413525222
885840.0,4989.539895452044,4183.163921334705,0.0,0.950484928211411,0.4309535119754848
885900.0,4989.5280690992,4183.175754348505,0.0,0.9504848505407644,0.4309548826052398
885960.0,4989.516237894085,4183.187583900597,0.0,0.9504849295363397,0.43095625325019665
886020.0,4989.504415107599,4183.1994194858235,0.0,0.9504847362069958,0.4309576238705597
886080.0,4989.492580426348,4183.211246579189,0.0,0.9504849270377087,0.43095899452780667
886140.0,4989.480748256024,4183.223075487682,0.0,0.950485036349545,0.43096036517875197
886200.0,4989.468922821028,4183.234909218119,0.0,0.9504849278792623,0.4309617358096958
886260.0,4989.457095941309,4183.246741935784,0.0,0.9504848657174525,0.43096310644634583
886320.0,4989.44526517793,4183.25857188411,0.0,0.9504849289229437,0.43096447709525776
886380.0,4989.433444749009,4183.270409240479,0.0,0.9504846577933699,0.4309658477140898
886440.0,4989.421607609574,4183.2822346567655,0.0,0.9504849265484938,0.43096721838409535
886500.0,4989.40977401089,4183.294062624476,0.0,0.9504850805043011,0.4309685890446726
886560.0,4989.397949898735,4183.305897381219,0.0,0.9504849277674375,0.4309699596768956
886620.0,4989.386123756849,4183.317730706914,0.0,0.9504848402447235,0.4309713303166007
886680.0,4989.374292147568,4183.329560130906,0.0,0.9504849292710289,0.430972700973376
886740.0,4989.362463861989,4183.341391945409,0.0,0.9504849106201309,0.4309740716209988
886800.0,4989.350634211101,4183.35322279678,0.0,0.9504849358458589,0.43097544227362145
886860.0,4989.338805745995,4183.365054509336,0.0,0.9504849224991496,0.43097681292352663
886920.0,4989.326975576914,4183.376885017452,0.0,0.9504849639579707,0.4309781835795149
886980.0,4989.315147853876,4183.3887172869645,0.0,0.9504849261328132,0.4309795542289043
887040.0,4989.30331393889,4183.400545149074,0.0,0.9504850880396012,0.4309809248983847
887100.0,4989.29149000022,4183.412380150712,0.0,0.9504849274189691,0.43098229553802225
887160.0,4989.279663927675,4183.424213646775,0.0,0.9504848353794955,0.4309836661854581
887220.0,4989.267832105788,4183.436043039362,0.0,0.9504849290044693,0.4309850368508207
887280.0,4989.256003779565,4183.447874945524,0.0,0.9504849093927437,0.4309864075065082
887340.0,4989.244174017965,4183.459705838406,0.0,0.9504849359230415,0.4309877781674082
887400.0,4989.232345503743,4183.471537636553,0.0,0.9504849218893658,0.4309891488254035
887460.0,4989.220515198026,4183.483368167624,0.0,0.9504849654908862,0.43099051948974776
887520.0,4989.208687464966,4183.495200550701,0.0,0.9504849257149163,0.43099189014710837
887580.0,4989.196853220998,4183.507028298106,0.0,0.9504850959832425,0.43099326082552886
887640.0,4989.185029468413,4183.518863553646,0.0,0.950484927071754,0.43099463147254113
887700.0,4989.173203472431,4183.53069722523,0.0,0.9504848302823559,0.4309960021276843
887760.0,4989.161371510452,4183.542526637815,0.0,0.9504849261710603,0.43099737280138545
887820.0,4989.149540804539,4183.55435696855,0.0,0.9504849810893452,0.4309987434725929
887880.0,4989.137713526517,4183.566189757461,0.0,0.9504849250915373,0.4310001141338648
887940.0,4989.125877084278,4183.578016013375,0.0,0.9504851648896777,0.4310014848242531
888000.0,4989.114055417979,4183.589852841232,0.0,0.9504849270361343,0.4310028554702234
888060.0,4989.1022305972265,4183.601687433655,0.0,0.9504847907488954,0.4310042261270908
888120.0,4989.090397376559,4183.613516026611,0.0,0.9504849258015509,0.43100559680990663
888180.0,4989.078565929502,4183.625345907801,0.0,0.9504850031573817,0.4310069674886571
888240.0,4989.066739311422,4183.63717924908,0.0,0.9504849243151314,0.4310083381532176
888300.0,4989.0549042836155,4183.649006591629,0.0,0.950485116984044,0.4310097088442736
888360.0,4989.043081100242,4183.660842415301,0.0,0.9504849266408457,0.4310110795001415
888420.0,4989.031255390312,4183.672676452444,0.0,0.950484817572921,0.43101245016500034
888480.0,4989.019422957921,4183.6845056894035,0.0,0.9504849256363561,0.4310138208507151
888540.0,4989.007591942451,4183.696335959585,0.0,0.9504849875296881,0.43101519153344725
888600.0,4988.995764790333,4183.708168999479,0.0,0.9504849244303425,0.43101656220492074
888660.0,4988.983927312698,4183.719994675553,0.0,0.9504851946670105,0.43101793290903845
888720.0,4988.972106486277,4183.731832265177,0.0,0.9504849266322456,0.4310193035630409
888780.0,4988.960282106648,4183.743667334092,0.0,0.9504847730538106,0.43102067422915163
888840.0,4988.948448261827,4183.755495641409,0.0,0.9504849252514929,0.4310220449244469
888900.0,4988.93661641714,4183.767325399011,0.0,0.9504850124299025,0.43102341561498847
888960.0,4988.924790014659,4183.779159055426,0.0,0.9504849235869431,0.4310247862894769
889020.0,4988.912954136513,4183.790985950494,0.0,0.9504851407130092,0.43102615699369906
889080.0,4988.901131606483,4183.802822402489,0.0,0.9504849262183309,0.4310275276581648
889140.0,4988.88930623082,4183.814656839664,0.0,0.9504848033136952,0.4310288983325905
889200.0,4988.87747328025,4183.826485866774,0.0,0.9504849250968739,0.4310302690304619
889260.0,4988.865641927868,4183.8383160567855,0.0,0.9504849948504617,0.4310316397247995
889320.0,4988.8538149295455,4183.850149367591,0.0,0.9504849237483164,0.4310330104063877
889380.0,4988.841980347022,4183.861977269443,0.0,0.9504850974885083,0.43103438111196674
889440.0,4988.830156444399,4183.873812820436,0.0,0.950484925837451,0.43103575178589026
889500.0,4988.81833026234,4183.885646761437,0.0,0.950484827478535,0.43103712246805453
889560.0,4988.806498017999,4183.897476373912,0.0,0.9504849249234867,0.43103849316907206
889620.0,4988.794667050203,4183.909306919313,0.0,0.9504849807333609,0.4310398638675321
889680.0,4988.782839565727,4183.921139962912,0.0,0.9504849238277923,0.4310412345558863
889740.0,4988.771002769222,4183.932966366772,0.0,0.9504851675168038,0.4310426052738096
889800.0,4988.759180987363,4183.944803514925,0.0,0.9504849258052774,0.4310439759465821
889860.0,4988.747356000299,4183.9566383909905,0.0,0.9504847873077631,0.4310453466304068
889920.0,4988.735522477726,4183.968467169678,0.0,0.9504849245520072,0.43104671734059585
889980.0,4988.723690757601,4183.980297257411,0.0,0.950485003163417,0.43104808804663014
890040.0,4988.711863944511,4183.992130861592,0.0,0.9504849230428154,0.43104945873823464
890100.0,4988.700028586018,4184.003958369068,0.0,0.9504851188380103,0.4310508294567504
890160.0,4988.688205263361,4184.01579449587,0.0,0.9504849254076003,0.4310522001394905
890220.0,4988.676379373543,4184.027628806806,0.0,0.9504848145710088,0.4310535708313453
890280.0,4988.66454665276,4184.039458239208,0.0,0.9504849243881571,0.4310549415443887
890340.0,4988.652715371979,4184.051288721487,0.0,0.9504849872861689,0.4310563122543779
890400.0,4988.6408880170075,4184.063122018575,0.0,0.9504849231639215,0.4310576829529166
890460.0,4988.6290538222465,4184.074950438586,0.0,0.9504850798345099,0.4310590536731876
890520.0,4988.617229257274,4184.086785757426,0.0,0.9504849250397123,0.4310604243649886
890580.0,4988.605402635706,4184.098619625486,0.0,0.9504848363379305,0.43106179506435377
890640.0,4988.593570473985,4184.110449538454,0.0,0.9504849265646795,0.43106316578101567
890700.0,4988.581741680355,4184.122281874482,0.0,0.950484907662965,0.4310645364883853
890760.0,4988.569911503343,4184.134113234103,0.0,0.9504849332292343,0.43106590720080984
890820.0,4988.558082528016,4184.145945466562,0.0,0.9504849197031967,0.4310672779104663
890880.0,4988.546251826138,4184.157776477998,0.0,0.9504849617213503,0.43106864862627514
890940.0,4988.53442360299,4184.169609274794,0.0,0.9504849233869449,0.43107001933538225
891000.0,4988.52258910559,4184.181437603784,0.0,0.9504850874764437,0.43107139006483536
891060.0,4988.510764717443,4184.193273169819,0.0,0.9504849246915459,0.4310727607640303
891120.0,4988.498938167167,4184.2051072095255,0.0,0.95048483141216,0.43107413147110996
891180.0,4988.487105791034,4184.2169370896145,0.0,0.9504849262995252,0.4310755021963548
891240.0,4988.475276957245,4184.228769517504,0.0,0.9504849064240399,0.43107687291177754
891300.0,4988.463446669071,4184.240600918152,0.0,0.9504849333124527,0.43107824363247116
891360.0,4988.451617645005,4184.252433236321,0.0,0.9504849190901944,0.43107961435020675
891420.0,4988.439786805701,4184.264264269975,0.0,0.9504849632799126,0.43108098507436404
891480.0,4988.427958573423,4184.276097180837,0.0,0.9504849229684142,0.43108235579142934
891540.0,4988.416123743686,4184.287925392501,0.0,0.9504850955321518,0.431083726529823
891600.0,4988.404299545125,4184.29976121486,0.0,0.9504849243446499,0.43108509723637156
891660.0,4988.392473073457,4184.311595431436,0.0,0.9504848262512915,0.4310864679511422
891720.0,4988.380640556391,4184.323425330747,0.0,0.9504849234329275,0.43108783868471817
891780.0,4988.36880931229,4184.335256160581,0.0,0.9504849790919174,0.43108920941574597
891840.0,4988.356981541791,4184.347089482124,0.0,0.950484922339966,0.4310905801366949
891900.0,4988.345144485189,4184.358916181213,0.0,0.950485165370575,0.4310919508871391
891960.0,4988.333322401386,4184.37075359667,0.0,0.9504849243118819,0.4310933215925501
892020.0,4988.321497121283,4184.382588745967,0.0,0.9504847861884242,0.43109469230898717
892080.0,4988.309663329446,4184.394417813748,0.0,0.9504849230617707,0.4310960630517212
892140.0,4988.297831335016,4184.406248187193,0.0,0.9504850014606647,0.4310974337903139
892200.0,4988.286004233936,4184.418082067951,0.0,0.9504849215564294,0.43109880451451493
892260.0,4988.2741686112495,4184.429909867873,0.0,0.9504851168225283,0.4311001752655597
892320.0,4988.262344990845,4184.441746264719,0.0,0.9504849239145982,0.43110154598092293
892380.0,4988.250518810406,4184.453580850446,0.0,0.9504848133773505,0.4311029167053796
892440.0,4988.2386858180325,4184.4654105703285,0.0,0.9504849228976822,0.431104287450971
892500.0,4988.226854261622,4184.477241337383,0.0,0.9504849856256417,0.43110565819351854
892560.0,4988.215026620072,4184.489074911936,0.0,0.9504849216765268,0.43110702892464625
892620.0,4988.203192157775,4184.500903622107,0.0,0.950485077923756,0.43110839967745185
892680.0,4988.191367298414,4184.512739213184,0.0,0.950484923547023,0.43110977040186255
892740.0,4988.179540388167,4184.524573357276,0.0,0.9504848350847838,0.43111114113382043
892800.0,4988.167707953197,4184.536403556568,0.0,0.9504849250676433,0.4311125118830312
892860.0,4988.155878876915,4184.548236172637,0.0,0.9504849062168761,0.4311138826229757
892920.0,4988.144048421089,4184.560067814849,0.0,0.9504849317139682,0.43111525336796375
892980.0,4988.132219163583,4184.571900327646,0.0,0.9504849182243558,0.4311166241101924
893040.0,4988.12038818432,4184.5837316226125,0.0,0.95048496012889,0.43111799485855945
893100.0,4988.108559676864,4184.595564698313,0.0,0.950484921897926,0.4311193656002436
893160.0,4988.09672491262,4184.6073933178395,0.0,0.9504850855440095,0.4311207363622239
893220.0,4988.084900229444,4184.6192291556035,0.0,0.9504849231987755,0.43112210709402493
893280.0,4988.073073390143,4184.631063471029,0.0,0.9504848301712965,0.43112347783369304
893340.0,4988.061240741212,4184.642893637659,0.0,0.9504849248021836,0.43112484859148026
893400.0,4988.049411624734,4184.65472634548,0.0,0.9504849049802778,0.4311262193394724
893460.0,4988.037581057909,4184.666558028748,0.0,0.9504849317959397,0.43112759009272333
893520.0,4988.025751751655,4184.678390627166,0.0,0.9504849176119881,0.4311289608430256
893580.0,4988.0139206352005,4184.690221944426,0.0,0.9504849616822197,0.43113033159973474
893640.0,4988.002092118497,4184.702055134028,0.0,0.9504849214795043,0.4311317023493719
893700.0,4987.990257022692,4184.713883636669,0.0,0.9504850935769297,0.4311330731202851
893760.0,4987.978432528431,4184.725719730224,0.0,0.9504849228517949,0.43113444385943644
893820.0,4987.966605767371,4184.737554222193,0.0,0.9504848250233753,0.43113581460679096
893880.0,4987.954772977752,4184.74938440813,0.0,0.9504849219423088,0.4311371853729031
893940.0,4987.942941457528,4184.761215522193,0.0,0.9504849774507724,0.43113855613647606
894000.0,4987.931113401215,4184.773049121494,0.0,0.9504849208520741,0.4311399268899972
894060.0,4987.919276084661,4184.784876115588,0.0,0.9504851632257694,0.4311412976729398
894120.0,4987.907453699158,4184.796713798184,0.0,0.9504849228184338,0.4311426684109665
894180.0,4987.895628126242,4184.808549220536,0.0,0.9504847850681526,0.43114403915999333
894240.0,4987.883794065313,4184.8203785772,0.0,0.9504849215714738,0.4311454099352502
894300.0,4987.871961796754,4184.832209236152,0.0,0.9504849997583624,0.43114678070637885
894360.0,4987.860134407894,4184.844043393301,0.0,0.9504849200699741,0.43114815146315405
894420.0,4987.8482985211685,4184.855871485449,0.0,0.9504851148082055,0.4311495222467053
894480.0,4987.836474603248,4184.867708152174,0.0,0.950484922421542,0.4311508929946686
894540.0,4987.824648132405,4184.87954301251,0.0,0.9504848121829279,0.4311522637517046
894600.0,4987.812814868608,4184.891373019671,0.0,0.9504849214071474,0.4311536345298216
894660.0,4987.800983036748,4184.903204071296,0.0,0.9504849839654942,0.4311550053049052
894720.0,4987.789155108828,4184.915037923128,0.0,0.9504849201890646,0.4311563760685993
894780.0,4987.777320379154,4184.926866923243,0.0,0.950485076013987,0.4311577468539172
894840.0,4987.765495225638,4184.938702786383,0.0,0.9504849220542794,0.43115911761091513
894900.0,4987.753668026925,4184.950537206323,0.0,0.9504848338310141,0.43116048837544324
894960.0,4987.741835318881,4184.9623676917345,0.0,0.9504849235705627,0.4311618591571805
895020.0,4987.7300059601475,4184.974200587648,0.0,0.9504849047706309,0.43116322992967726
895080.0,4987.718175225698,4184.986032512255,0.0,0.9504849301986971,0.43116460070720625
895140.0,4987.706345686214,4184.997865305196,0.0,0.9504849167454297,0.43116597148198477
895200.0,4987.694514429754,4185.0096968834905,0.0,0.9504849585365938,0.4311673422628873
895260.0,4987.682685638197,4185.0215302378965,0.0,0.9504849204088439,0.431168713037126
895320.0,4987.670850607265,4185.033359147744,0.0,0.9504850836125853,0.4311700838316107
895380.0,4987.659025629292,4185.045195257063,0.0,0.9504849217059509,0.43117145459599515
895440.0,4987.647198501179,4185.057029848025,0.0,0.9504848289297467,0.43117282536822876
895500.0,4987.635365579621,4185.068860300993,0.0,0.9504849233047993,0.4311741961585357
895560.0,4987.623536180655,4185.080693288558,0.0,0.9504849035363434,0.4311755669390747
895620.0,4987.611705335369,4185.092525254248,0.0,0.9504849302794297,0.43117693772486054
895680.0,4987.599875747122,4185.104358132721,0.0,0.9504849161336927,0.43117830850770705
895740.0,4987.588044353705,4185.116189733382,0.0,0.9504849600847244,0.43117967929694584
895800.0,4987.5762155527755,4185.12802320153,0.0,0.9504849199905309,0.43118105007913243
895860.0,4987.56438019106,4185.13985199493,0.0,0.9504850916228185,0.4311824208825423
895920.0,4987.55255540133,4185.151688359507,0.0,0.9504849213588864,0.4311837916542733
895980.0,4987.540728351098,4185.163523126688,0.0,0.9504848237946514,0.43118516243418886
896040.0,4987.528895289098,4185.175353599044,0.0,0.9504849204516306,0.43118653323281436
896100.0,4987.517063492931,4185.187184997134,0.0,0.9504849758100051,0.43118790402890994
896160.0,4987.505235151015,4185.199018874008,0.0,0.9504849193641144,0.43118927481498065
896220.0,4987.493397574639,4185.210846162871,0.0,0.9504851610828595,0.43119064563039927
896280.0,4987.481574887694,4185.222684112448,0.0,0.9504849213249345,0.43119201640101906
896340.0,4987.469749022194,4185.234519807685,0.0,0.9504847839466914,0.43119338718261296
896400.0,4987.457914692329,4185.246349453008,0.0,0.9504849200811165,0.4311947579903698
896460.0,4987.446082149814,4185.25818039726,0.0,0.9504849980566601,0.43119612879401176
896520.0,4987.434254473393,4185.27001483062,0.0,0.9504849185834466,0.4311974995833384
896580.0,4987.422418322768,4185.281843214766,0.0,0.9504851127954249,0.4311988703993736
896640.0,4987.4105941075795,4185.293680151204,0.0,0.950484920928434,0.4312002411799145
896700.0,4987.398767346559,4185.305515285974,0.0,0.9504848109875351,0.4312016119695071
896760.0,4987.386933811507,4185.317345580199,0.0,0.9504849199165526,0.43120298278012714
896820.0,4987.375101704377,4185.3291769161915,0.0,0.9504849823057964,0.4312043535877242
896880.0,4987.3632734903,4185.341011045115,0.0,0.9504849187015334,0.431205724383962
896940.0,4987.351434871555,4185.3528377482335,0.0,0.9504851911023611,0.4312070952131053
897000.0,4987.3396130319,4185.364676464941,0.0,0.9504849209217187,0.43120846599170454
897060.0,4987.327787611879,4185.376512639634,0.0,0.9504847661138689,0.43120983678249925
897120.0,4987.315952654039,4185.388341995882,0.0,0.9504849195305611,0.43121120760272036
897180.0,4987.304119711808,4185.40017281447,0.0,0.9504850074073954,0.4312125784181325
897240.0,4987.292292253609,4185.412007564581,0.0,0.9504849178533334,0.43121394921735023
897300.0,4987.280461439878,4185.423839927683,0.0,0.9504849365143345,0.43121532002769936
897360.0,4987.268631982545,4185.435673274378,0.0,0.9504849110795335,0.4312166908347786
897420.0,4987.256801318363,4185.44750577082,0.0,0.9504849244098511,0.4312180616464046
897480.0,4987.244972349814,4185.459339494466,0.0,0.9504848826608544,0.4312194324537847
897540.0,4987.233140909364,4185.471171461714,0.0,0.9504849205919095,0.43122080326950085
897600.0,4987.221315666275,4185.483007883527,0.0,0.9504847577932067,0.4312221740676719
897660.0,4987.209480393331,4185.49483713446,0.0,0.9504849191332019,0.4312235448967662
897720.0,4987.197647240625,4185.506667922673,0.0,0.9504850115493533,0.43122491572073274
897780.0,4987.18581985519,4185.518502845285,0.0,0.950484917373655,0.43122628652764333
897840.0,4987.173988941479,4185.530335257153,0.0,0.9504849370002797,0.43122765734621055
897900.0,4987.162159454555,4185.542168703034,0.0,0.950484910254395,0.4312290281612935
897960.0,4987.150328698901,4185.554001254331,0.0,0.9504849242751083,0.43123039898111154
898020.0,4987.138499726808,4185.565835095814,0.0,0.9504848803727135,0.431231769796416
898080.0,4987.126668155621,4185.577667089791,0.0,0.95048492026432,0.4312331406204433
898140.0,4987.11484310222,4185.589503767848,0.0,0.9504847490623716,0.4312345114259507
898200.0,4987.103007501544,4185.601332904395,0.0,0.950484918734576,0.43123588226395504
898260.0,4987.091174131131,4185.613163657028,0.0,0.9504850159244063,0.431237253096497
898320.0,4987.079346746133,4185.624998699952,0.0,0.9504849194736401,0.43123862391129164
898380.0,4987.067518075919,4185.636832843103,0.0,0.9504848641979611,0.4312399947313073
898440.0,4987.055685953758,4185.6486645229415,0.0,0.9504849203924266,0.4312413655622844
898500.0,4987.043863014838,4185.660502794614,0.0,0.9504846793132784,0.43124273636663973
898560.0,4987.032025224479,4185.672330444129,0.0,0.9504849182719862,0.4312441072165744
898620.0,4987.020190579612,4185.684160364786,0.0,0.9504850551569413,0.43124547805826463
898680.0,4987.008364365213,4185.695996325766,0.0,0.9504849193466064,0.4312468488747756
898740.0,4986.996536345689,4185.707831014851,0.0,0.9504848415213385,0.431248219698088
898800.0,4986.984703466721,4185.719662233208,0.0,0.95048492067432,0.4312495905366398
898860.0,4986.972879018916,4185.731499500314,0.0,0.9504847269599666,0.43125096135052504
898920.0,4986.961042658739,4185.743328253451,0.0,0.9504849181708588,0.431252332201388
898980.0,4986.949208813282,4185.755158826354,0.0,0.95048502770047,0.43125370304592303
899040.0,4986.937381713164,4185.7669942337,0.0,0.9504849190142343,0.4312550738703998
899100.0,4986.925553166244,4185.778828625564,0.0,0.9504848567287242,0.4312564447005887
899160.0,4986.913720729929,4185.79066024087,0.0,0.9504849200601398,0.4312578155430692
899220.0,4986.901898643461,4185.802499283384,0.0,0.9504846483907261,0.43125918635538
899280.0,4986.890059821721,4185.814326354769,0.0,0.9504849176811083,0.43126055721899875
899340.0,4986.878224546051,4185.826155984132,0.0,0.9504850719435262,0.43126192807315455
899400.0,4986.866398770998,4185.837992420133,0.0,0.950484918902625,0.4312632988988768
899460.0,4986.854570963267,4185.84982742129,0.0,0.9504848312057586,0.431264669732092
899520.0,4986.842737680064,4185.861658510582,0.0,0.9504849204093555,0.43126604058241996
899580.0,4986.8309077255335,4185.873491996542,0.0,0.950484901721398,0.4312674114235643
899640.0,4986.819076403714,4185.885324516815,0.0,0.950484926997423,0.43126878226971593
899700.0,4986.807246269474,4185.897157900454,0.0,0.9504849136242126,0.43127015311313666
899760.0,4986.795414428778,4185.908990076473,0.0,0.9504849551656637,0.4312715239626504
899820.0,4986.783585037792,4185.920824018416,0.0,0.9504849172652573,0.4312728948055419
899880.0,4986.771749445743,4185.93265354143,0.0,0.9504850794945656,0.43127426566856925
899940.0,4986.75992384483,4185.944490222495,0.0,0.9504849185541201,0.4312756365016705
900000.0,4986.748096106939,4185.956325393992,0.0,0.9504848263314573,0.4312770073425818
900060.0,4986.736262611202,4185.968156451332,0.0,0.9504849201429233,0.4312783782014649
900120.0,4986.724432616361,4185.979990028713,0.0,0.9504849004922163,0.43127974905064026
900180.0,4986.712601184055,4185.991822590131,0.0,0.9504849270754205,0.43128111990503637
900240.0,4986.700771001024,4186.003656059115,0.0,0.9504849130138695,0.43128249075651354
900300.0,4986.688939023884,4186.015488257679,0.0,0.950484956702311,0.43128386161435034
900360.0,4986.67710962326,4186.027322313008,0.0,0.950484916847185,0.43128523246517897
900420.0,4986.665273702132,4186.039151720546,0.0,0.9504850874547164,0.43128660333711505
900480.0,4986.6534482879715,4186.050988655703,0.0,0.9504849182068711,0.43128797417755554
900540.0,4986.641620627151,4186.062824002705,0.0,0.9504848212247928,0.4312893450261395
900600.0,4986.629786991508,4186.074655079617,0.0,0.9504849173045299,0.43129071589332824
900660.0,4986.617954613861,4186.0864870769865,0.0,0.9504849723322115,0.4312920867580073
900720.0,4986.606125669203,4186.09832153889,0.0,0.9504849162230037,0.43129345761272087
900780.0,4986.594287546812,4186.110149450749,0.0,0.950485156498698,0.43129482849661993
900840.0,4986.582464222291,4186.121987961985,0.0,0.9504849181716183,0.43129619933597857
900900.0,4986.570637738703,4186.133824231903,0.0,0.9504847816130855,0.43129757018625436
900960.0,4986.558802842771,4186.145654486745,0.0,0.950484916934723,0.43129894106254524
901020.0,4986.546969723142,4186.1574860330875,0.0,0.9504849944446714,0.4313003119347506
901080.0,4986.535141439675,4186.16932104848,0.0,0.950484915445489,0.43130168279272474
901140.0,4986.523304734056,4186.1811500495005,0.0,0.9504851084982371,0.43130305367725874
901200.0,4986.511479890472,4186.1929875536325,0.0,0.9504849177759812,0.4313044245265047
901260.0,4986.4996525166525,4186.204823266513,0.0,0.9504848084909585,0.43130579538475655
901320.0,4986.487818410426,4186.216654166717,0.0,0.9504849167696376,0.43130716626391724
901380.0,4986.475985723289,4186.228486102747,0.0,0.9504849787862412,0.43130853714007805
901440.0,4986.46415690525,4186.240320815655,0.0,0.9504849155613692,0.4313099080049467
901500.0,4986.452317746457,4186.252148145541,0.0,0.9504851863360826,0.4313112789025382
901560.0,4986.440495263578,4186.263987419892,0.0,0.9504849177678016,0.4313126497498767
901620.0,4986.428669222292,4186.275824166909,0.0,0.9504847638836995,0.4313140206093467
901680.0,4986.416833701806,4186.287654134739,0.0,0.9504849163844463,0.4313153914980768
901740.0,4986.405000184485,4186.299485556545,0.0,0.9504850037364645,0.43131676238203104
901800.0,4986.393172117457,4186.311320887261,0.0,0.9504849147167294,0.43131813324988566
901860.0,4986.381334560767,4186.32314943901,0.0,0.9504851322751617,0.43131950414754716
901920.0,4986.369510372019,4186.3349875724625,0.0,0.950484917353501,0.43132087500534017
901980.0,4986.357683333484,4186.346823685783,0.0,0.9504847942042953,0.43132224587311047
902040.0,4986.345848708841,4186.358654374963,0.0,0.9504849162299577,0.43132361676438646
902100.0,4986.334015684817,4186.3704862299855,0.0,0.9504849861224511,0.4313249876521099
902160.0,4986.322187021332,4186.382321213877,0.0,0.950484914878862,0.4313263585270462
902220.0,4986.310350762449,4186.39415077471,0.0,0.9504850889650074,0.43132772942603137
902280.0,4986.298525199334,4186.405988004503,0.0,0.950484916972301,0.43132910029327054
902340.0,4986.286697353472,4186.417823620047,0.0,0.9504848184176315,0.4313304711687633
902400.0,4986.274863436364,4186.4296548957955,0.0,0.9504849160566635,0.4313318420631567
902460.0,4986.263030797761,4186.441487106817,0.0,0.9504849719776656,0.43133321295497673
902520.0,4986.251201647662,4186.453321822493,0.0,0.9504849149589352,0.43133458383666046
902580.0,4986.239363171804,4186.465149881118,0.0,0.9504851591328929,0.4313359547479837
902640.0,4986.227539732852,4186.476988711899,0.0,0.9504849169405005,0.4313373256140321
902700.0,4986.215713084012,4186.488825264617,0.0,0.9504847781675207,0.43133869649115275
902760.0,4986.203877887045,4186.500655704104,0.0,0.9504849156848829,0.4313400673947052
902820.0,4986.192044495262,4186.512487455956,0.0,0.9504849944527427,0.4313414382940829
902880.0,4986.180216017805,4186.524322733355,0.0,0.950484914172835,0.4313428091789887
902940.0,4986.1683789823355,4186.536151898165,0.0,0.9504851103576423,0.43134418009087144
903000.0,4986.156554000567,4186.54798970463,0.0,0.95048491654247,0.431345550966877
903060.0,4986.1447264478975,4186.559825690437,0.0,0.9504848054854547,0.4313469218520125
903120.0,4986.132892054169,4186.5716567850195,0.0,0.9504849155211447,0.43134829275839043
903180.0,4986.121059102642,4186.583488932125,0.0,0.9504849785443572,0.4313496636616967
903240.0,4986.109230082763,4186.59532390132,0.0,0.9504849142946189,0.4313510345535183
903300.0,4986.097394213009,4186.607153980717,0.0,0.950485071277055,0.431352405467124
903360.0,4986.085567987347,4186.618990976807,0.0,0.950484916174288,0.4313537763521777
903420.0,4986.073739702109,4186.630826518274,0.0,0.950484827296089,0.4313551472448068
903480.0,4986.061905868533,4186.642658094354,0.0,0.9504849177024357,0.43135651815477577
903540.0,4986.050075408087,4186.65449209973,0.0,0.9504848987631784,0.4313578890554209
903600.0,4986.038243562249,4186.666325126111,0.0,0.9504849243804011,0.43135925996112867
903660.0,4986.026412919923,4186.678159027544,0.0,0.9504849108275162,0.43136063086405474
903720.0,4986.014580548533,4186.689991704732,0.0,0.9504849529293792,0.4313620017731433
903780.0,4986.0027506595825,4186.701826171864,0.0,0.9504849145187421,0.4313633726755065
903840.0,4985.990914487149,4186.713656159509,0.0,0.9504850789349568,0.4313647435982613
903900.0,4985.979088438971,4186.725493402969,0.0,0.9504849158260857,0.43136611449067347
903960.0,4985.967260225525,4186.737329116057,0.0,0.9504848223611058,0.43136748539098235
904020.0,4985.955426177613,4186.749160658697,0.0,0.9504849174374121,0.43136885630950195
904080.0,4985.94359567734,4186.760994755696,0.0,0.9504848975224285,0.4313702272181664
904140.0,4985.931763720569,4186.772827822738,0.0,0.9504849244644503,0.4313715981321099
904200.0,4985.919933029824,4186.784661809629,0.0,0.9504849102139465,0.4313729690430811
904260.0,4985.908100521195,4186.79649450862,0.0,0.950484954491737,0.431374339960485
904320.0,4985.896270623502,4186.808329089645,0.0,0.9504849141000347,0.4313757108707722
904380.0,4985.884434118628,4186.820158959187,0.0,0.9504850870074355,0.4313770818024362
904440.0,4985.872608260716,4186.831996459164,0.0,0.9504849154791566,0.43137845270216657
904500.0,4985.860780126392,4186.843832349109,0.0,0.9504848171905609,0.43137982361013166
904560.0,4985.848945937725,4186.855663910549,0.0,0.9504849145657651,0.4313811945369495
904620.0,4985.837113023979,4186.867496404851,0.0,0.9504849703356513,0.431382565461203
904680.0,4985.825283589009,4186.8793313973065,0.0,0.9504849134707738,0.4313839363753475
904740.0,4985.813444854233,4186.891159750032,0.0,0.9504851569853214,0.4313853073190573
904800.0,4985.801621114475,4186.902998846934,0.0,0.9504849154467617,0.4313866782176099
904860.0,4985.789794173745,4186.91483567171,0.0,0.9504847770483174,0.43138804912720896
904920.0,4985.777958708682,4186.926666399145,0.0,0.9504849141943075,0.4313894200631726
904980.0,4985.766125043755,4186.938498435557,0.0,0.9504849927493982,0.43139079099497446
905040.0,4985.754296279459,4186.950333988366,0.0,0.9504849126861145,0.43139216191234275
905100.0,4985.742458980965,4186.962163444484,0.0,0.9504851083411923,0.43139353285662013
905160.0,4985.730633702593,4186.974001519818,0.0,0.9504849150491254,0.43139490376511447
905220.0,4985.718805860454,4186.985837779244,0.0,0.9504848042918053,0.43139627468271774
905280.0,4985.7069711963,4186.997669160164,0.0,0.9504849140303303,0.4313976456215094
905340.0,4985.695137970306,4187.009501590893,0.0,0.9504849768833098,0.4313990165572399
905400.0,4985.683308665001,4187.021336836387,0.0,0.9504849128068885,0.4314003874815164
905460.0,4985.671472528878,4187.0331672048005,0.0,0.9504850693654717,0.43140175842752243
905520.0,4985.65964600998,4187.045004471955,0.0,0.9504849146812566,0.4314031293450518
905580.0,4985.647817437214,4187.056840288285,0.0,0.9504848260429009,0.4314045002701395
905640.0,4985.6359833315555,4187.0686721495385,0.0,0.9504849162050513,0.4314058712125231
905700.0,4985.624152589613,4187.080506433792,0.0,0.9504848973168144,0.4314072421456089
905760.0,4985.612320466123,4187.09233974161,0.0,0.9504849228647605,0.43140861308374584
905820.0,4985.600489542776,4187.104173922219,0.0,0.9504849093483531,0.4314099840191099
905880.0,4985.588656895163,4187.11600688178,0.0,0.9504849513364354,0.43141135496062255
905940.0,4985.576826723062,4187.127841626649,0.0,0.9504849130293862,0.43141272589542845
906000.0,4985.564990284954,4187.139671903692,0.0,0.950485077001562,0.43141409685057597
906060.0,4985.553163942895,4187.1515094177,0.0,0.9504849143329732,0.4314154677754599
906120.0,4985.541335441573,4187.163345405337,0.0,0.9504848211202581,0.4314168387082229
906180.0,4985.529501122029,4187.175177233375,0.0,0.9504849159397218,0.43141820965915034
906240.0,4985.517670340224,4187.1870116091495,0.0,0.9504848960783996,0.43141958060025004
906300.0,4985.505838105961,4187.198844957655,0.0,0.9504849229475586,0.4314209515466166
906360.0,4985.494007134185,4187.210679223636,0.0,0.9504849087354205,0.4314223224900206
906420.0,4985.482174349568,4187.222512205077,0.0,0.9504849528935405,0.43142369343984227
906480.0,4985.470344168599,4187.234347063674,0.0,0.9504849126107884,0.4314250643825674
906540.0,4985.458507398832,4187.246177223055,0.0,0.9504850850512161,0.43142643534661634
906600.0,4985.446681246364,4187.258014993046,0.0,0.9504849139859595,0.4314278062788149
906660.0,4985.434852823798,4187.269851157214,0.0,0.9504848159626874,0.4314291772192295
906720.0,4985.423018363749,4187.281683004135,0.0,0.9504849130748078,0.43143054817844895
906780.0,4985.411185175044,4187.2935157815145,0.0,0.9504849686939296,0.43143191913511336
906840.0,4985.3993554554145,4187.305351050562,0.0,0.950484911982547,0.4314332900816957
906900.0,4985.387516461867,4187.317179697162,0.0,0.9504851548392343,0.4314346610577695
906960.0,4985.375692421546,4187.329019060011,0.0,0.9504849139529705,0.4314360319888035
907020.0,4985.363865189148,4187.340856156666,0.0,0.9504847759282739,0.4314374029308581
907080.0,4985.352029456164,4187.352687171837,0.0,0.9504849127036724,0.43143877389920987
907140.0,4985.3401955182735,4187.364519492607,0.0,0.9504849910464845,0.43144014486341326
907200.0,4985.328366467349,4187.37635532064,0.0,0.9504849111993259,0.4314415158132213
907260.0,4985.316528905989,4187.388185067847,0.0,0.950485106325853,0.43144288678987086
907320.0,4985.304703331245,4187.400023411877,0.0,0.9504849135557273,0.4314442577308314
907380.0,4985.292875199854,4187.411859944742,0.0,0.9504848030974581,0.43144562868087977
907440.0,4985.281040265447,4187.423691611789,0.0,0.9504849125394571,0.4314469996520626
907500.0,4985.269206765167,4187.435524325938,0.0,0.9504849752225641,0.4314483706201947
907560.0,4985.2573771746465,4187.4473598475415,0.0,0.9504849113190926,0.43144974157690325
907620.0,4985.24554077232,4187.459190504762,0.0,0.9504850674547202,0.4314511125552871
907680.0,4985.233713960408,4187.471028042804,0.0,0.9504849131881713,0.43145248350526944
907740.0,4985.22188510033,4187.482864133815,0.0,0.9504848247890649,0.4314538544627931
907800.0,4985.2100507227615,4187.494696280037,0.0,0.9504849147076244,0.43145522543756903
907860.0,4985.198219699523,4187.506530842977,0.0,0.9504848958702771,0.4314565964030728
907920.0,4985.186387298571,4187.5183644320305,0.0,0.9504849213491241,0.43145796737361647
907980.0,4985.174556094401,4187.530198891624,0.0,0.9504849078691006,0.431459338341396
908040.0,4985.16272317075,4187.542032133359,0.0,0.950484949743693,0.43146070931530983
908100.0,4985.150892715703,4187.553867155775,0.0,0.9504849115399672,0.431462080282536
908160.0,4985.139056012077,4187.565697721997,0.0,0.9504850750692906,0.43146345127005375
908220.0,4985.127229376372,4187.577535506389,0.0,0.9504849128398073,0.431464822227387
908280.0,4985.115400587396,4187.589371768397,0.0,0.9504848198786036,0.4314661931925815
908340.0,4985.10356599639,4187.601203881615,0.0,0.9504849144419917,0.43146756417589444
908400.0,4985.091734933257,4187.613038535969,0.0,0.9504848946341705,0.4314689351494068
908460.0,4985.079902421693,4187.624872165739,0.0,0.9504849214306847,0.4314703061281741
908520.0,4985.068071169083,4187.636706710616,0.0,0.9504849072567974,0.4314716771039879
908580.0,4985.056238108666,4187.648539974303,0.0,0.9504849512956085,0.43147304808620485
908640.0,4985.04440764463,4187.660375110286,0.0,0.9504849111214778,0.43147441906134476
908700.0,4985.032570610121,4187.672205559283,0.0,0.9504850830962215,0.4314757900577562
908760.0,4985.020744163331,4187.684043599125,0.0,0.9504849124927092,0.43147716102240036
908820.0,4985.008915452741,4187.695880037336,0.0,0.9504848147339938,0.4314785319952419
908880.0,4984.997080721479,4187.7077121695265,0.0,0.9504849115837904,0.4314799029868407
908940.0,4984.985247257991,4187.719545229779,0.0,0.9504849670526825,0.43148127397589353
909000.0,4984.973417253913,4187.731380775235,0.0,0.950484910494251,0.4314826449548912
909060.0,4984.961578001714,4187.743209715467,0.0,0.9504851526953126,0.4314840159633066
909120.0,4984.949753661101,4187.75504934412,0.0,0.950484912459129,0.4314853869267995
909180.0,4984.937926137272,4187.766886712488,0.0,0.9504847748068612,0.431486757901287
909240.0,4984.926090136519,4187.778718015178,0.0,0.950484911212976,0.43148812890200483
909300.0,4984.914255925835,4187.790550620096,0.0,0.9504849893442017,0.43148949989858737
909360.0,4984.902426588504,4187.8023867231705,0.0,0.9504849097124631,0.4314908708808128
909420.0,4984.890588764413,4187.814216761232,0.0,0.9504851043122047,0.4314922418898119
909480.0,4984.878762893551,4187.826055373797,0.0,0.9504849120622774,0.43149361286321564
909540.0,4984.866934473134,4187.837892179927,0.0,0.9504848019020272,0.43149498384568635
909600.0,4984.855099268634,4187.849724132887,0.0,0.9504849110485233,0.43149635484923776
909660.0,4984.843265494247,4187.861557130251,0.0,0.9504849735623174,0.431497725849749
909720.0,4984.83143561872,4187.873392927782,0.0,0.9504849098312262,0.4314990968388673
909780.0,4984.81959895034,4187.885223873584,0.0,0.9504850655452861,0.43150046784960655
909840.0,4984.807771845657,4187.897061682344,0.0,0.9504849116950328,0.43150183883201887
909900.0,4984.795942698484,4187.9088980478555,0.0,0.9504848235344581,0.4315032098219558
909960.0,4984.784108049179,4187.920730478836,0.0,0.950484913210157,0.43150458082910115
910020.0,4984.772276744844,4187.93256532027,0.0,0.9504848944235482,0.43150595182700047
910080.0,4984.760444066617,4187.944399190364,0.0,0.9504849198335009,0.43150732282992815
910140.0,4984.748612581825,4187.9562339287495,0.0,0.9504849063897534,0.43150869383010065
910200.0,4984.7367793823205,4187.968067452452,0.0,0.9504849481511954,0.4315100648363932
910260.0,4984.72494864453,4187.979902752229,0.0,0.9504849100504835,0.43151143583601714
910320.0,4984.713111675538,4187.991733607408,0.0,0.9504850731382593,0.43151280685588267
910380.0,4984.701284746423,4188.00357166201,0.0,0.950484911346588,0.4315141778456427
910440.0,4984.689455670007,4188.0154081982055,0.0,0.9504848186362502,0.4315155488432459
910500.0,4984.677620807712,4188.027240596402,0.0,0.9504849129442192,0.43151691985892177
910560.0,4984.665789463445,4188.039075529146,0.0,0.9504848931897636,0.431518290864824
910620.0,4984.653956674768,4188.05090943998,0.0,0.9504849199138173,0.4315196618759694
910680.0,4984.64212514152,4188.06274426356,0.0,0.950484905778084,0.43152103288417065
910740.0,4984.630291805484,4188.074577809294,0.0,0.9504849496978847,0.43152240389876
910800.0,4984.618461058586,4188.086413222474,0.0,0.9504849096321029,0.43152377490629257
910860.0,4984.606623759484,4188.098243960866,0.0,0.9504850811425596,0.43152514593504404
910920.0,4984.5947970186135,4188.11008227039,0.0,0.9504849109994061,0.4315265169321111
910980.0,4984.582968020224,4188.121918982466,0.0,0.9504848135044175,0.431527887937357
911040.0,4984.571133017911,4188.133751399712,0.0,0.9504849100927139,0.4315292589613124
911100.0,4984.559299279825,4188.145584742634,0.0,0.9504849654117449,0.43153062998273106
911160.0,4984.547468991502,4188.15742056431,0.0,0.9504849090058887,0.43153200099412137
911220.0,4984.53562948079,4188.169249797944,0.0,0.9504851505530585,0.43153337203485603
911280.0,4984.523804840131,4188.18108969224,0.0,0.950484910965236,0.4315347430307851
911340.0,4984.5119770250985,4188.192927332143,0.0,0.9504847736844169,0.43153611403768277
911400.0,4984.500140756735,4188.204758922136,0.0,0.9504849097222199,0.4315374850707439
911460.0,4984.488306273437,4188.216591810994,0.0,0.9504849876424151,0.431538856099683
911520.0,4984.476476649908,4188.228428188933,0.0,0.9504849082255308,0.4315402271143029
911580.0,4984.464638563239,4188.240258517629,0.0,0.9504851022998468,0.43154159815562926
911640.0,4984.452812396496,4188.252097398566,0.0,0.950484910568775,0.43154296916145385
911700.0,4984.4409836872765,4188.263934477783,0.0,0.9504848007057138,0.4315443401763244
911760.0,4984.429148212854,4188.275766716444,0.0,0.95048490955753,0.4315457112122221
911820.0,4984.417314164536,4188.2875999968155,0.0,0.9504849719025366,0.43154708224509
911880.0,4984.405484004221,4188.299436070096,0.0,0.9504849083432906,0.4315484532665951
911940.0,4984.393643452814,4188.311264717528,0.0,0.950485180551156,0.4315498243210026
912000.0,4984.381819658682,4188.323105378504,0.0,0.9504849105618224,0.4315511953248586
912060.0,4984.369992288884,4188.334943497415,0.0,0.9504847558635856,0.43155256634090455
912120.0,4984.358155393688,4188.346774797877,0.0,0.9504849091715698,0.4315539373863777
912180.0,4984.346320511523,4188.358607560621,0.0,0.9504849969860522,0.4315553084270347
912240.0,4984.334491106264,4188.370444254856,0.0,0.9504849074954506,0.4315566794514934
912300.0,4984.322658349874,4188.382278562049,0.0,0.9504849261431839,0.4315580504870797
912360.0,4984.310826948139,4188.394113852798,0.0,0.9504849007263695,0.4315594215193914
912420.0,4984.298994341152,4188.405948293254,0.0,0.9504849140472009,0.4315607925562461
912480.0,4984.287163427623,4188.4177839608765,0.0,0.9504848723277362,0.43156216358884963
912540.0,4984.275330045434,4188.429617872071,0.0,0.9504849102318829,0.43156353462978614
912600.0,4984.263502852581,4188.441456237761,0.0,0.9504847475485609,0.4315649056531692
912660.0,4984.251665642942,4188.453287432572,0.0,0.950484908774129,0.4315662767074763
912720.0,4984.239830550822,4188.465120164604,0.0,0.9504850011247095,0.4315676477566487
912780.0,4984.22800121848,4188.476957031002,0.0,0.9504849070157487,0.43156901878876097
912840.0,4984.216168362485,4188.48879138662,0.0,0.9504849266284225,0.43157038983252616
912900.0,4984.204336931448,4188.5006267762155,0.0,0.9504848999014517,0.4315717608728025
912960.0,4984.192504233359,4188.5124612711925,0.0,0.9504849139121904,0.4315731319178101
913020.0,4984.180673316538,4188.52429705631,0.0,0.9504848700408463,0.43157450295829886
913080.0,4984.1688398040305,4188.536130993892,0.0,0.9504849099041628,0.4315758740075074
913140.0,4984.15701280087,4188.54796961549,0.0,0.9504847388234441,0.43157724503818734
913200.0,4984.14517526417,4188.559800695575,0.0,0.9504849083754219,0.43157861610136555
913260.0,4984.133339954874,4188.571633391686,0.0,0.9504850054963383,0.431579987159074
913320.0,4984.121510623215,4188.58347037806,0.0,0.9504849091138813,0.431581358199031
913380.0,4984.109680008054,4188.5953064646055,0.0,0.9504848538773867,0.43158272924420304
913440.0,4984.097845945457,4188.607140087829,0.0,0.9504849100319347,0.4315841003003353
913500.0,4984.0860210541805,4188.618980302807,0.0,0.9504846691238147,0.4315854713298366
913560.0,4984.074181330816,4188.630809895645,0.0,0.9504849079129184,0.4315868424049195
913620.0,4984.062344748893,4188.64264175956,0.0,0.9504850447006936,0.43158821347175047
913680.0,4984.050516586472,4188.65447966376,0.0,0.9504849089866949,0.4315895845133976
913740.0,4984.0386866213175,4188.666316296011,0.0,0.9504848312166321,0.43159095556184
913800.0,4984.026851803062,4188.67814945753,0.0,0.9504849103133856,0.4315923266255211
913860.0,4984.015025405021,4188.6899886677365,0.0,0.9504847167364002,0.4315936976645282
913920.0,4984.003187110147,4188.701819363966,0.0,0.9504849078116201,0.43159506874051295
913980.0,4983.991351326758,4188.713651879899,0.0,0.950485017263476,0.43159643981016244
914040.0,4983.979522279937,4188.725489230241,0.0,0.9504849086543161,0.4315978108597493
914100.0,4983.967691788239,4188.737325565047,0.0,0.9504848464129824,0.4315991819150424
914160.0,4983.9558574122275,4188.7491591232865,0.0,0.9504849096993987,0.4316005529826258
914220.0,4983.944033372623,4188.761000108653,0.0,0.9504846382227092,0.43160192402003
914280.0,4983.9321926195535,4188.772829122913,0.0,0.9504849073219745,0.4316032951087451
914340.0,4983.920355407978,4188.784660695084,0.0,0.9504850614748999,0.43160466618798965
914400.0,4983.908527684661,4188.796499073853,0.0,0.9504849085425436,0.4316060372387956
914460.0,4983.896697931356,4188.808336017726,0.0,0.9504848209078007,0.43160740829708855
914520.0,4983.884862709718,4188.8201690497235,0.0,0.9504849100481254,0.43160877937249353
914580.0,4983.87303081245,4188.832004478343,0.0,0.9504848913733712,0.4316101504387094
914640.0,4983.8611975497,4188.843838941241,0.0,0.9504849166314453,0.43161152150992854
914700.0,4983.849365473014,4188.85567426747,0.0,0.950484903267669,0.43161289257841207
914760.0,4983.837531692119,4188.867508386041,0.0,0.9504849447796646,0.4316142636529847
914820.0,4983.825700357772,4188.8793442704955,0.0,0.9504849069060537,0.4316156347209303
914880.0,4983.813862830471,4188.891175735975,0.0,0.9504850690204032,0.4316170058090072
914940.0,4983.802035281317,4188.903014359471,0.0,0.9504849081939225,0.43161837686715254
915000.0,4983.790205598008,4188.914851473346,0.0,0.9504848160365806,0.43161974793310226
915060.0,4983.778370164366,4188.926684473049,0.0,0.9504849097815192,0.43162111901702316
915120.0,4983.76653822709,4188.938519992752,0.0,0.9504848901446941,0.4316224900912306
915180.0,4983.7547048542465,4188.950354496459,0.0,0.9504849167090259,0.4316238611706548
915240.0,4983.742872729079,4188.962189907693,0.0,0.9504849026573942,0.43162523224715565
915300.0,4983.731038812165,4188.974024048465,0.0,0.9504849463148639,0.431626603330012
915360.0,4983.719207468441,4188.985860045968,0.0,0.9504849064879136,0.4316279744058554
915420.0,4983.707369612733,4188.997691395631,0.0,0.9504850769746974,0.4316293455028019
915480.0,4983.695542250343,4189.0095302728805,0.0,0.9504849078465568,0.43163071656824714
915540.0,4983.683712644256,4189.021367561924,0.0,0.9504848109330529,0.4316320876418302
915600.0,4983.6718770711295,4189.033200580866,0.0,0.9504849069447734,0.43163345873401765
915660.0,4983.660042754405,4189.045034520208,0.0,0.9504849619334386,0.43163482982368856
915720.0,4983.6482118662225,4189.056870924057,0.0,0.9504849058639329,0.4316362009033906
915780.0,4983.636371812286,4189.068700777823,0.0,0.9504851459693584,0.43163757201227465
915840.0,4983.624546536976,4189.080541230924,0.0,0.9504849078110857,0.43163894307661144
915900.0,4983.6127181067495,4189.092379442652,0.0,0.9504847713493405,0.4316403141518599
915960.0,4983.6008812751425,4189.104211639301,0.0,0.950484906574987,0.43164168525312396
916020.0,4983.589046217572,4189.116045127393,0.0,0.9504849840298419,0.4316430563502952
916080.0,4983.577215989874,4189.1278820845,0.0,0.95048490508673,0.4316444274332313
916140.0,4983.5653773510285,4189.139713027218,0.0,0.9504850980024001,0.431645798542725
916200.0,4983.553550558792,4189.151552472985,0.0,0.9504849074154862,0.4316471696169235
916260.0,4983.541721239655,4189.16339012745,0.0,0.9504847982079598,0.43164854070012204
916320.0,4983.529885196893,4189.175222969234,0.0,0.9504849064097763,0.4316499118042294
916380.0,4983.518050571414,4189.1870568467875,0.0,0.9504849683823184,0.4316512829053298
916440.0,4983.506219810009,4189.198893501187,0.0,0.9504849052022849,0.4316526539951346
916500.0,4983.494378721359,4189.210722772537,0.0,0.950485175784768,0.4316540251176589
916560.0,4983.482554286916,4189.222563988294,0.0,0.9504849074070697,0.43165539618992305
916620.0,4983.470726298741,4189.234402676664,0.0,0.9504847536321694,0.43165676727431324
916680.0,4983.45888884373,4189.246234585853,0.0,0.9504849060246158,0.4316581383879641
916740.0,4983.447053389313,4189.2580679489565,0.0,0.9504849933146193,0.4316595094968319
916800.0,4983.435223378104,4189.269905220937,0.0,0.9504849043580011,0.4316608805895963
916860.0,4983.423383889621,4189.281735713931,0.0,0.9504851217621175,0.4316622517121656
916920.0,4983.411557751702,4189.293575788564,0.0,0.9504849069928214,0.4316636227948583
916980.0,4983.399728767744,4189.305413843018,0.0,0.9504847839308932,0.43166499388752283
917040.0,4983.387892207569,4189.317246473329,0.0,0.9504849058699943,0.4316663650036931
917100.0,4983.376057245972,4189.329080269423,0.0,0.9504849757128401,0.43166773611630394
917160.0,4983.364226639249,4189.340917194355,0.0,0.9504849045197765,0.43166910721612406
917220.0,4983.352388447051,4189.3527486962075,0.0,0.9504850784823629,0.4316704783399905
917280.0,4983.340560936718,4189.364587866959,0.0,0.9504849066116489,0.4316718494321038
917340.0,4983.328731146647,4189.376425423409,0.0,0.9504848081269002,0.4316732205324648
917400.0,4983.316895293253,4189.388258640063,0.0,0.9504849056965804,0.4316745916517262
917460.0,4983.305060716737,4189.400092791928,0.0,0.9504849615779134,0.4316759627684073
917520.0,4983.2932296242,4189.41192944842,0.0,0.9504849045995486,0.43167733387494867
917580.0,4983.281389218078,4189.423759447821,0.0,0.9504851486005347,0.4316787050111261
917640.0,4983.269563829312,4189.435600219342,0.0,0.9504849065796293,0.4316800761020216
917700.0,4983.257735234875,4189.447438712742,0.0,0.9504847679048959,0.4316814472039841
917760.0,4983.245898103445,4189.4592710929055,0.0,0.9504849053248207,0.4316828183323791
917820.0,4983.234062774894,4189.471104785374,0.0,0.9504849840368834,0.4316841894565919
917880.0,4983.222232354291,4189.482942003364,0.0,0.9504849038137618,0.431685560566329
917940.0,4983.210393386835,4189.494773108734,0.0,0.9504850998597373,0.43168693170304095
918000.0,4983.198566457429,4189.506612855712,0.0,0.9504849061816392,0.43168830280386805
918060.0,4983.186736960506,4189.5184507819795,0.0,0.9504847952031652,0.4316896739138194
918120.0,4983.174900631434,4189.530283817012,0.0,0.9504849051609559,0.43169104504501327
918180.0,4983.16306574273,4189.542117904509,0.0,0.950484968139534,0.43169241617312837
918240.0,4983.151234780576,4189.5539548140705,0.0,0.9504849039352175,0.4316937872897552
918300.0,4983.139396977483,4189.565786833798,0.0,0.950485060806617,0.4316951584281636
918360.0,4983.127568805966,4189.57762577018,0.0,0.9504849058134758,0.4316965295380133
918420.0,4983.115738577593,4189.589463251882,0.0,0.9504848169981307,0.43169790065543234
918480.0,4983.103902808115,4189.601296768182,0.0,0.9504849073404614,0.4316992717901906
918540.0,4983.092070407406,4189.613132713736,0.0,0.9504848884145618,0.4317006429156193
918600.0,4983.0802366231355,4189.62496768026,0.0,0.9504849140136236,0.43170201404610703
918660.0,4983.068404040838,4189.636803521796,0.0,0.9504849004702837,0.43170338517380824
918720.0,4983.056569731751,4189.64863813905,0.0,0.9504849425423436,0.4317047563076682
918780.0,4983.044737901904,4189.660474546212,0.0,0.9504849041588184,0.4317061274347975
918840.0,4983.032899796782,4189.672306473834,0.0,0.9504850684587587,0.4317074985823143
918900.0,4983.021071802768,4189.684145657247,0.0,0.950484905465157,0.4317088696994829
918960.0,4983.009241646342,4189.695983310232,0.0,0.9504848120662559,0.4317102408245425
919020.0,4982.997405663052,4189.707816792755,0.0,0.9504849070752627,0.43171161196781227
919080.0,4982.985573222815,4189.719652829595,0.0,0.950484887174324,0.43171298310122125
919140.0,4982.973739328003,4189.73148783644,0.0,0.9504849140972521,0.4317143542399053
919200.0,4982.961906697599,4189.743323763098,0.0,0.9504848998567843,0.4317157253756125
919260.0,4982.950072251697,4189.755158401813,0.0,0.9504849441032392,0.4317170965177484
919320.0,4982.938240413365,4189.766994922526,0.0,0.9504849037400439,0.4317184676527626
919380.0,4982.926401976479,4189.778826731705,0.0,0.9504850765252775,0.4317198388091493
919440.0,4982.914574172733,4189.790666171298,0.0,0.9504849051181108,0.4317212099335967
919500.0,4982.902744095575,4189.802504000802,0.0,0.9504848068989398,0.43172258106627315
919560.0,4982.890907971957,4189.814337501784,0.0,0.9504849042052844,0.431723952217802
919620.0,4982.879073121644,4189.826171935572,0.0,0.9504849599357246,0.4317253233667596
919680.0,4982.8672417456,4189.838008867492,0.0,0.9504849031109857,0.4317266945056047
919740.0,4982.855401081874,4189.849839159629,0.0,0.9504851464535142,0.43172806567401173
919800.0,4982.843575393698,4189.861680195919,0.0,0.9504849050854971,0.43172943679725456
919860.0,4982.831746508748,4189.873518960028,0.0,0.9504847667848162,0.43173080793153845
919920.0,4982.819909110562,4189.885351626784,0.0,0.9504849038338474,0.43173217909218736
919980.0,4982.80807351021,4189.897185602459,0.0,0.9504849823333643,0.4317335502486675
920040.0,4982.796242804135,4189.909023094507,0.0,0.95048490232664,0.4317349213907103
920100.0,4982.784403574981,4189.920854489826,0.0,0.9504850978434536,0.43173629255966
920160.0,4982.772576350353,4189.932694504324,0.0,0.9504849046878997,0.4317376636928191
920220.0,4982.760746565332,4189.94453270286,0.0,0.9504847940087813,0.43173903483508136
920280.0,4982.748909967175,4189.956366022872,0.0,0.9504849036697441,0.4317404059985321
920340.0,4982.737074805349,4189.968200392636,0.0,0.9504849664782493,0.43174177715891454
920400.0,4982.725243559132,4189.980037577142,0.0,0.9504849024470867,0.4317431483078396
920460.0,4982.713405491003,4189.991869884533,0.0,0.950485058895024,0.4317445194784915
920520.0,4982.7015770276275,4190.003709090625,0.0,0.9504849043200492,0.4317458906206598
920580.0,4982.689746513092,4190.015546845837,0.0,0.95048481574432,0.43174726177038053
920640.0,4982.67791047287,4190.027380645956,0.0,0.9504849058426862,0.4317486329373967
920700.0,4982.666077792023,4190.039216869034,0.0,0.9504848869677566,0.43175000409510916
920760.0,4982.654243731451,4190.051052115639,0.0,0.9504849124976101,0.43175137525786905
920820.0,4982.642410869489,4190.062888234997,0.0,0.9504848989907114,0.43175274641785155
920880.0,4982.630576285527,4190.074723133268,0.0,0.9504849409491033,0.43175411758397825
920940.0,4982.618744173891,4190.086559816813,0.0,0.9504849026690635,0.43175548874339353
921000.0,4982.606905804426,4190.098392032476,0.0,0.9504850665254544,0.431756859923146
921060.0,4982.595077517909,4190.110231485088,0.0,0.9504849039716495,0.4317582310726295
921120.0,4982.5832470749765,4190.12206941127,0.0,0.9504848108246977,0.43175960222998616
921180.0,4982.571410821393,4190.133903177831,0.0,0.9504849055771832,0.43176097340550684
921240.0,4982.559578100985,4190.145739492087,0.0,0.9504848857298381,0.43176234457119406
921300.0,4982.547743930031,4190.157574779042,0.0,0.9504849125799957,0.4317637157421445
921360.0,4982.53591101995,4190.169410983433,0.0,0.9504848983778448,0.4317650869101273
921420.0,4982.524076299411,4190.181245903244,0.0,0.9504849425047834,0.4317664580845241
921480.0,4982.5122441791655,4190.193082700179,0.0,0.9504849022503981,0.43176782925181917
921540.0,4982.500405478714,4190.204914797837,0.0,0.9504850745692298,0.43176920044043393
921600.0,4982.488577381793,4190.216754506095,0.0,0.9504849036245191,0.43177057159719257
921660.0,4982.476747017763,4190.2285926084705,0.0,0.9504848056703168,0.4317719427621616
921720.0,4982.4649106240995,4190.240426393577,0.0,0.9504849027139293,0.43177331394593516
921780.0,4982.4530755001715,4190.252261109086,0.0,0.9504849582938208,0.43177468512714684
921840.0,4982.441243840831,4190.264098316244,0.0,0.9504849016223578,0.43177605629827287
921900.0,4982.429402919646,4190.275928900891,0.0,0.9504851443079236,0.43177742749888703
921960.0,4982.417576932305,4190.287770201786,0.0,0.9504849035913123,0.43177879865445457
922020.0,4982.405747757065,4190.299609236426,0.0,0.9504847656638338,0.431780169821037
922080.0,4982.393910092285,4190.311442189557,0.0,0.9504849023428141,0.43178154101391714
922140.0,4982.382074220309,4190.32327644823,0.0,0.9504849806303806,0.43178291220264187
922200.0,4982.370243228974,4190.335114214153,0.0,0.950484900839447,0.4317842833769675
922260.0,4982.358403738274,4190.346945899196,0.0,0.9504850958285104,0.43178565457813234
922320.0,4982.346576218666,4190.358786181041,0.0,0.9504849031941078,0.43178702574360067
922380.0,4982.334746145767,4190.370624651667,0.0,0.9504847928135498,0.43178839691815096
922440.0,4982.32290927869,4190.382458256446,0.0,0.950484902178473,0.43178976811383585
922500.0,4982.311073843923,4190.394292908272,0.0,0.9504849648173888,0.431791139306463
922560.0,4982.299242313855,4190.40613036754,0.0,0.9504849009588878,0.43179251048766315
922620.0,4982.287403980848,4190.41796296237,0.0,0.9504850569845901,0.4317938816905359
922680.0,4982.275575225845,4190.429802438004,0.0,0.9504849028265697,0.4317952528650002
922740.0,4982.2637444253705,4190.441640466548,0.0,0.9504848144896427,0.43179662404699987
922800.0,4982.251908114577,4190.453474550277,0.0,0.9504849043448733,0.43179799524625123
922860.0,4982.240075153789,4190.465311050687,0.0,0.9504848855207374,0.4317993664362248
922920.0,4982.228240817101,4190.477146577174,0.0,0.9504849109816225,0.43180073763123455
922980.0,4982.2164076756735,4190.488982974164,0.0,0.9504848975110387,0.43180210882347553
923040.0,4982.204572817023,4190.50081815325,0.0,0.9504849393561555,0.43180348002184676
923100.0,4982.192740423801,4190.512655112991,0.0,0.9504849011792434,0.43180485121352546
923160.0,4982.180901790137,4190.524487616466,0.0,0.9504850645936421,0.4318062224254913
923220.0,4982.169073211366,4190.536327338117,0.0,0.9504849024780897,0.4318075936072673
923280.0,4982.157242482151,4190.5481655373205,0.0,0.9504848095822163,0.4318089647968985
923340.0,4982.145405958439,4190.559999587704,0.0,0.9504849040790672,0.43181033600464785
923400.0,4982.133572958058,4190.571836179189,0.0,0.9504848842851318,0.43181170720259066
923460.0,4982.12173851115,4190.58367174605,0.0,0.950484911062768,0.43181307840578476
923520.0,4982.109905321592,4190.595508227984,0.0,0.9504848968988029,0.4318144496060206
923580.0,4982.098070326598,4190.607343428686,0.0,0.9504849409066342,0.43181582081265557
923640.0,4982.086237924649,4190.619180501657,0.0,0.9504849007606863,0.4318171920122088
923700.0,4982.0743989607745,4190.631012887565,0.0,0.9504850726147082,0.4318185632330292
923760.0,4982.062570570925,4190.642852864332,0.0,0.950484902130875,0.43181993442207667
923820.0,4982.050739920248,4190.654691239403,0.0,0.9504848044407083,0.4318213056193158
923880.0,4982.0389032567045,4190.6665253084175,0.0,0.9504849012225142,0.4318226768353119
923940.0,4982.027067859341,4190.678360305442,0.0,0.9504849566523899,0.431824048048755
924000.0,4982.015235916915,4190.690197787658,0.0,0.95048490013366,0.4318254192521395
924060.0,4982.003394738394,4190.702028664572,0.0,0.9504851421645337,0.4318267904849385
924120.0,4981.99156845215,4190.713870229928,0.0,0.9504849020970771,0.4318281616728079
924180.0,4981.979738986857,4190.7257095349305,0.0,0.9504847645415127,0.43182953287166637
924240.0,4981.9679010556365,4190.737542774219,0.0,0.9504849008517198,0.4318309040967557
924300.0,4981.9560649122095,4190.749377315682,0.0,0.9504849789279886,0.4318322753177027
924360.0,4981.944233635833,4190.761215355294,0.0,0.9504848993521813,0.4318336465242886
924420.0,4981.932393883725,4190.77304732983,0.0,0.9504850938151634,0.43183501775764616
924480.0,4981.920566069382,4190.784887878868,0.0,0.9504849017002637,0.43183638895540083
924540.0,4981.90873570883,4190.796726621406,0.0,0.9504847916173734,0.43183776016221664
924600.0,4981.896898573001,4190.808560510738,0.0,0.9504849006871419,0.4318391313901131
924660.0,4981.88506286547,4190.8203954444225,0.0,0.9504849631569621,0.4318405026149624
924720.0,4981.873231051763,4190.832233178262,0.0,0.95048489947062,0.4318418738284151
924780.0,4981.861388831528,4190.844063466822,0.0,0.950485172223268,0.4318432450748497
924840.0,4981.849563393588,4190.855905800222,0.0,0.9504849016937377,0.4318446162705933
924900.0,4981.837734374714,4190.867745584848,0.0,0.9504847466860484,0.43184598747855085
924960.0,4981.825895816257,4190.879578533224,0.0,0.9504849003008505,0.4318473587160118
925020.0,4981.814059273896,4190.891412947615,0.0,0.9504849882911373,0.4318487299486343
925080.0,4981.802228216639,4190.903251303718,0.0,0.950484898621524,0.4318501011650115
925140.0,4981.790393803294,4190.9150872665,0.0,0.9504849173066535,0.43185147239253985
925200.0,4981.778560746671,4190.926924215353,0.0,0.95048489183904,0.43185284361677867
925260.0,4981.766726483038,4190.938760311643,0.0,0.9504849051866081,0.4318542148455666
925320.0,4981.7548939154385,4190.950597638244,0.0,0.9504848633837001,0.4318555860700857
925380.0,4981.743058875534,4190.962433203787,0.0,0.9504849013638011,0.43185695730295437
925440.0,4981.731230034271,4190.974273235368,0.0,0.9504847383547956,0.43185832851821326
925500.0,4981.719391161285,4190.986106077341,0.0,0.9504848999032753,0.43185969976447647
925560.0,4981.707554409047,4190.997940460465,0.0,0.9504849924388588,0.4318610710055819
925620.0,4981.695723425212,4191.009778988711,0.0,0.9504848981415209,0.43186244222957804
925680.0,4981.6838889125065,4191.021614999578,0.0,0.950484917793548,0.43186381346525193
925740.0,4981.672055826933,4191.033452047062,0.0,0.950484891013121,0.4318651846974218
925800.0,4981.660221472457,4191.045288197543,0.0,0.9504849050519961,0.43186655593432915
925860.0,4981.648388901956,4191.05712564148,0.0,0.9504848610928415,0.43186792716669925
925920.0,4981.636553731929,4191.068961233007,0.0,0.9504849010360881,0.43186929840780686
925980.0,4981.624725081044,4191.080801520698,0.0,0.9504847296125943,0.431870669630327
926040.0,4981.612885880897,4191.092634247166,0.0,0.950484899504431,0.43187204088543
926100.0,4981.601048911549,4191.104468593801,0.0,0.9504849968200291,0.43187341213503916
926160.0,4981.589217928795,4191.116307241867,0.0,0.9504849002445176,0.43187478336684587
926220.0,4981.577385660686,4191.128144987679,0.0,0.9504848448974081,0.43187615460387246
926280.0,4981.565549940013,4191.1399802637125,0.0,0.9504849011645582,0.43187752585188566
926340.0,4981.553723404432,4191.1518221486285,0.0,0.9504846597736776,0.4318788970731869
926400.0,4981.541882014612,4191.163653383651,0.0,0.9504848990414425,0.4318802683401896
926460.0,4981.530043770996,4191.1754868956,0.0,0.9504850361034676,0.43188163959890896
926520.0,4981.518213959491,4191.1873264635715,0.0,0.9504849001175184,0.4318830108323733
926580.0,4981.506382342624,4191.1991647562,0.0,0.9504848221916393,0.431884382072642
926640.0,4981.494545865426,4191.210999569005,0.0,0.9504849014470159,0.4318857533281874
926700.0,4981.48271782108,4191.222840446237,0.0,0.9504847074819712,0.43188712455898537
926760.0,4981.470877862144,4191.234672787215,0.0,0.9504848989403828,0.43188849582685523
926820.0,4981.459040418516,4191.246506952569,0.0,0.9504850086117415,0.43188986708836374
926880.0,4981.447209721555,4191.258345964929,0.0,0.9504848997849156,0.4318912383297524
926940.0,4981.435377577621,4191.270183959021,0.0,0.9504848374188449,0.4318926095768534
927000.0,4981.423541543585,4191.282019169267,0.0,0.9504849008322414,0.4318939808362748
927060.0,4981.411715861485,4191.2938618259595,0.0,0.950484628811214,0.43189535206542623
927120.0,4981.399873440938,4191.305692480259,0.0,0.9504848984501975,0.43189672334602397
927180.0,4981.388034567249,4191.317525699072,0.0,0.9504850529123163,0.4318980946171165
927240.0,4981.376205196035,4191.329365742227,0.0,0.9504848996733611,0.4318994658596905
927300.0,4981.364373791859,4191.3412043466615,0.0,0.9504848118630322,0.4319008371097625
927360.0,4981.352536911199,4191.353039028982,0.0,0.9504849011821083,0.4319022083769895
927420.0,4981.340703359927,4191.364876114123,0.0,0.9504848824699889,0.431903579634996
927480.0,4981.328868441172,4191.376712230972,0.0,0.9504849077787751,0.43190495089801334
927540.0,4981.317034710298,4191.388549213352,0.0,0.950484894388279,0.43190632215828156
927600.0,4981.305199272712,4191.400384984865,0.0,0.9504849359835869,0.4319076934246489
927660.0,4981.293366285374,4191.412222526826,0.0,0.9504848980341055,0.4319090646843656
927720.0,4981.28152709588,4191.424055638195,0.0,0.9504850604736764,0.43191043596425893
927780.0,4981.269697899486,4191.435895926247,0.0,0.9504848993247046,0.43191180721413697
927840.0,4981.257866565808,4191.447734700657,0.0,0.9504848069826256,0.431913178471831
927900.0,4981.246029473215,4191.459569350124,0.0,0.9504849009156321,0.4319145497475416
927960.0,4981.234195882266,4191.471406526115,0.0,0.9504848812394984,0.4319159210135059
928020.0,4981.222360853646,4191.4832426834055,0.0,0.9504849078571816,0.4319172922846951
928080.0,4981.2105270746115,4191.495079750539,0.0,0.9504848937774397,0.43191866355294667
928140.0,4981.198691501195,4191.506915543842,0.0,0.9504849375225608,0.43192003482756486
928200.0,4981.18685850486,4191.518753198674,0.0,0.9504848976157898,0.43192140609514523
928260.0,4981.175018986859,4191.530586193449,0.0,0.9504850684446683,0.4319227773838767
928320.0,4981.163189977904,4191.542426735447,0.0,0.9504848989773059,0.43192414864101886
928380.0,4981.15135872196,4191.554265685012,0.0,0.9504848018694709,0.43192551990631145
928440.0,4981.139521490069,4191.566100353295,0.0,0.9504848980738614,0.4319268911902557
928500.0,4981.127685516523,4191.577935944303,0.0,0.950484953172915,0.4319282624716672
928560.0,4981.115852976674,4191.58977400623,0.0,0.9504848969909998,0.43192963374307963
928620.0,4981.104011257416,4191.601605500887,0.0,0.9504851375782009,0.43193100504374393
928680.0,4981.09218433893,4191.613447622536,0.0,0.9504848989422063,0.4319323762997376
928740.0,4981.08035426087,4191.625287496881,0.0,0.9504847622067417,0.4319337475666631
928800.0,4981.068515768873,4191.637121340409,0.0,0.9504848977037751,0.4319351188596712
928860.0,4981.056679053633,4191.648956478673,0.0,0.9504849753141608,0.43193649014856644
928920.0,4981.044847175526,4191.660795094988,0.0,0.9504848962126785,0.4319378614231847
928980.0,4981.033006873716,4191.672627681141,0.0,0.9504850895157042,0.43193923272442586
929040.0,4981.0211784363055,4191.684468792517,0.0,0.9504848985462563,0.43194060399027073
929100.0,4981.009347468272,4191.696308107831,0.0,0.9504847891195953,0.4319419752651309
929160.0,4980.997509766562,4191.708142597864,0.0,0.9504848975386752,0.4319433465609534
929220.0,4980.985673484324,4191.7199781262925,0.0,0.9504849596356901,0.43194471785375155
929280.0,4980.973841071969,4191.731816438796,0.0,0.9504848963289073,0.43194608913522026
929340.0,4980.961998316965,4191.743647348878,0.0,0.9504851674546658,0.43194746044948795
929400.0,4980.950172241142,4191.755490234552,0.0,0.9504848985382657,0.43194883171335635
929460.0,4980.938342606327,4191.76733058616,0.0,0.9504847444547364,0.4319502029893745
929520.0,4980.926503490512,4191.779164140845,0.0,0.9504848971531841,0.43195157429472925
929580.0,4980.914666378357,4191.790999153164,0.0,0.9504849846184749,0.43195294559527886
929640.0,4980.902834717588,4191.802838084547,0.0,0.9504848954833717,0.4319543168796781
929700.0,4980.890999721312,4191.8146746364055,0.0,0.9504849140568181,0.43195568817516883
929760.0,4980.879166073388,4191.826512168697,0.0,0.9504848887408349,0.4319570594673926
929820.0,4980.867331225836,4191.838348853361,0.0,0.9504849020085525,0.43195843076414303
929880.0,4980.855498063858,4191.850186761297,0.0,0.9504848604546855,0.431959802056653
929940.0,4980.843662444726,4191.862022918332,0.0,0.9504848982080422,0.4319611733574685
930000.0,4980.831832986109,4191.873863515772,0.0,0.9504847361708719,0.4319625446407803
930060.0,4980.819993557377,4191.885696964961,0.0,0.950484896755725,0.4319639159549213
930120.0,4980.808156236308,4191.897531946488,0.0,0.950484988739265,0.43196528726393946
930180.0,4980.796324648191,4191.9093710493225,0.0,0.9504848950039748,0.43196665855594807
930240.0,4980.784489552843,4191.921207649282,0.0,0.9504849145385674,0.43196802985957194
930300.0,4980.772655875823,4191.933045279938,0.0,0.9504848879175795,0.43196940115971527
930360.0,4980.760820937659,4191.944882018776,0.0,0.9504849018724914,0.4319707724645729
930420.0,4980.748987772474,4191.956720043668,0.0,0.9504848581752091,0.43197214376492316
930480.0,4980.737152023696,4191.968556226833,0.0,0.9504848978800291,0.4319735150739645
930540.0,4980.725322753966,4191.980397079209,0.0,0.9504847274784529,0.43197488636453013
930600.0,4980.713482999755,4191.992230413854,0.0,0.9504848963570042,0.43197625768749426
930660.0,4980.7016454625855,4192.004065359398,0.0,0.9504849930920641,0.4319776290050016
930720.0,4980.689813875218,4192.01590458166,0.0,0.9504848970921763,0.43197900030481023
930780.0,4980.677981010336,4192.027742906902,0.0,0.9504848420748797,0.4319803716098147
930840.0,4980.66614471408,4192.039578776583,0.0,0.9504848980062286,0.4319817429257447
930900.0,4980.654317546438,4192.051421217191,0.0,0.9504846580547841,0.4319831142151212
930960.0,4980.6424756157985,4192.063253069171,0.0,0.9504848958952742,0.43198448554993973
931020.0,4980.630636811976,4192.075087185031,0.0,0.9504850321395992,0.43198585687652796
931080.0,4980.618806388447,4192.086927322106,0.0,0.9504848969644312,0.43198722817800755
931140.0,4980.606974170592,4192.098766191219,0.0,0.9504848195030181,0.43198859948625845
931200.0,4980.595137122241,4192.110601600535,0.0,0.9504848982854991,0.4319899708097003
931260.0,4980.583308454905,4192.122443039441,0.0,0.9504847054769164,0.4319913421085406
931320.0,4980.571467946136,4192.134275991208,0.0,0.9504848957933133,0.4319927134442442
931380.0,4980.559629937171,4192.146110756911,0.0,0.9504850048103912,0.43199408477362833
931440.0,4980.547798633407,4192.157950341761,0.0,0.9504848966323085,0.4319954560830095
931500.0,4980.535965891507,4192.1697889142515,0.0,0.9504848346379422,0.43199682739807604
931560.0,4980.524129283383,4192.1816247189245,0.0,0.9504848976728864,0.43199819872539463
931620.0,4980.512302963544,4192.1934679272645,0.0,0.9504846272740214,0.431999570022622
931680.0,4980.50046000808,4192.205299202255,0.0,0.9504848953045487,0.4320009413710033
931740.0,4980.4886205776265,4192.21713302706,0.0,0.9504850488451247,0.43200231270993933
931800.0,4980.476790591246,4192.228973636978,0.0,0.9504848965199157,0.43200368402052175
931860.0,4980.464958584343,4192.240812816497,0.0,0.9504848092330463,0.4320050553385652
931920.0,4980.453121134581,4192.252648096478,0.0,0.9504848980191634,0.4320064266736675
931980.0,4980.441293130275,4192.2644901704325,0.0,0.9504846807462695,0.4320077979809211
932040.0,4980.429451782968,4192.276322678948,0.0,0.9504848952212128,0.43200916932961797
932100.0,4980.417613254101,4192.28815723021,0.0,0.9504850180790752,0.43201054067102335
932160.0,4980.405782281681,4192.299997211917,0.0,0.950484896177208,0.4320119119898292
932220.0,4980.39394969012,4192.311836051276,0.0,0.9504848263202861,0.432013283314872
932280.0,4980.382112742318,4192.323671770919,0.0,0.9504848973603697,0.4320146546536614
932340.0,4980.370283351166,4192.335512929,0.0,0.9504847234861278,0.43201602597035954
932400.0,4980.358443281487,4192.347346433855,0.0,0.9504848951048303,0.4320173973203788
932460.0,4980.346605464844,4192.359181575685,0.0,0.9504849934098052,0.4320187686648298
932520.0,4980.334773694159,4192.371021063913,0.0,0.9504848958532707,0.43202013999128547
932580.0,4980.322940625519,4192.382859640298,0.0,0.9504848399441259,0.43202151132299926
932640.0,4980.311104070157,4192.394695721007,0.0,0.9504848967834939,0.4320228826658089
932700.0,4980.299276791026,4192.406538479614,0.0,0.9504846529400492,0.43202425398160954
932760.0,4980.2874345105365,4192.4183704768375,0.0,0.9504848946396367,0.4320256253435862
932820.0,4980.275595407557,4192.43020477467,0.0,0.9504850330948549,0.4320269966971756
932880.0,4980.26376482028,4192.442045191845,0.0,0.9504848957274804,0.43202836802523914
932940.0,4980.2519324098885,4192.453884320187,0.0,0.9504848170101836,0.4320297393601616
933000.0,4980.240095091061,4192.465719932242,0.0,0.9504848970713204,0.43203111071051514
933060.0,4980.228266288735,4192.4775616720735,0.0,0.9504847011357269,0.4320324820358489
933120.0,4980.2164254538575,4192.489394786244,0.0,0.9504848945400497,0.43203385339863437
933180.0,4980.204587159348,4192.501229743737,0.0,0.950485005326259,0.4320352247549747
933240.0,4980.192755678391,4192.513069598905,0.0,0.9504848953939972,0.4320365960909781
933300.0,4980.180922736264,4192.524908425005,0.0,0.9504848323946522,0.4320379674327369
933360.0,4980.169085865547,4192.536744438081,0.0,0.9504848964527978,0.4320393387869397
933420.0,4980.157255808121,4192.5485853564805,0.0,0.9504847396531655,0.43204071012131495
933480.0,4980.145416120811,4192.560419373699,0.0,0.9504848944106614,0.432042081485817
933540.0,4980.133578464017,4192.572254868304,0.0,0.9504849830556237,0.4320434528454281
933600.0,4980.121746331293,4192.584094335485,0.0,0.9504848927194499,0.4320448241886605
933660.0,4980.109910818746,4192.595931390492,0.0,0.9504849115438424,0.43204619554312196
933720.0,4980.098076672623,4192.607769439222,0.0,0.9504848858871279,0.43204756689425894
933780.0,4980.086241311003,4192.619606628624,0.0,0.9504848993342653,0.43204893824997115
933840.0,4980.074407657527,4192.631445057897,0.0,0.9504848572207575,0.43205030960137103
933900.0,4980.062571514271,4192.643281712229,0.0,0.9504848954836314,0.4320516809611776
933960.0,4980.050741613765,4192.655122867495,0.0,0.9504847312625746,0.43205305230322116
934020.0,4980.038901610377,4192.666956776735,0.0,0.9504848940128475,0.4320544236765092
934080.0,4980.027063742901,4192.678792239089,0.0,0.9504849872369443,0.43205579504458436
934140.0,4980.015231684809,4192.690631879025,0.0,0.9504848922385947,0.4320571663954099
934200.0,4980.003396072882,4192.702468981755,0.0,0.950484912037083,0.43205853775799546
934260.0,4979.991561898287,4192.714307129153,0.0,0.9504848850577813,0.43205990911703984
934320.0,4979.979726445861,4192.726144372429,0.0,0.950484899201372,0.4320612804808499
934380.0,4979.967892790152,4192.737982919218,0.0,0.95048485491557,0.43206265184007686
934440.0,4979.9560565165375,4192.749819599001,0.0,0.9504848951561994,0.43206402320810156
934500.0,4979.944226808445,4192.7616610116465,0.0,0.9504847224581261,0.4320653945573778
934560.0,4979.932386476259,4192.77349480374,0.0,0.9504848936137559,0.43206676593948945
934620.0,4979.920548390819,4192.785330228582,0.0,0.9504849916533682,0.4320681373160496
934680.0,4979.908716334496,4192.797169988541,0.0,0.9504848943599502,0.4320695086746619
934740.0,4979.89688298381,4192.809008839049,0.0,0.9504848386015265,0.43207088003852095
934800.0,4979.8850461561005,4192.820845200368,0.0,0.9504848952874373,0.43207225141344807
934860.0,4979.873218578781,4192.83268822227,0.0,0.950484652101675,0.43207362276143846
934920.0,4979.861376041842,4192.844520510737,0.0,0.9504848931491365,0.4320749941554868
934980.0,4979.849536673549,4192.856355093861,0.0,0.9504850312307069,0.43207636554117185
935040.0,4979.8377057972475,4192.868195780447,0.0,0.9504848942338187,0.4320777369013976
935100.0,4979.825873102884,4192.880035181568,0.0,0.9504848157287429,0.4320791082684673
935160.0,4979.814035513736,4192.891871075535,0.0,0.9504848955738073,0.432080479650929
935220.0,4979.802206417373,4192.90371308139,0.0,0.9504847001665612,0.43208185100843743
935280.0,4979.7903653219255,4192.91554648399,0.0,0.9504848930491372,0.4320832224033024
935340.0,4979.778526759753,4192.927381725146,0.0,0.9504850035364439,0.43208459379174136
935400.0,4979.766694992165,4192.939221851272,0.0,0.950484893900555,0.43208596515989683
935460.0,4979.754861767451,4192.951060951024,0.0,0.9504848310709759,0.43208733653379533
935520.0,4979.743024625069,4192.962897245061,0.0,0.9504848949562735,0.4320887079201064
935580.0,4979.731194277005,4192.974738431707,0.0,0.9504847385793302,0.4320900792866431
935640.0,4979.719354325827,4192.9865727350925,0.0,0.9504848929194172,0.4320914506832302
935700.0,4979.707516399498,4192.998408512054,0.0,0.9504849813252207,0.4320928220749416
935760.0,4979.695683981864,4193.010248251287,0.0,0.9504848912325398,0.43209419345031735
935820.0,4979.683848193789,4193.022085584625,0.0,0.9504849100060565,0.43209556483689493
935880.0,4979.672013768325,4193.033923909118,0.0,0.9504848844184148,0.4320969362201582
935940.0,4979.660178130725,4193.045761376528,0.0,0.9504848978291774,0.43209830760798673
936000.0,4979.648344196503,4193.057600080607,0.0,0.9504848558291171,0.4320996789915157
936060.0,4979.6365077794135,4193.069437014365,0.0,0.9504848939887008,0.4321010503834312
936120.0,4979.624677587685,4193.0812784374,0.0,0.9504847302102883,0.432102421757632
936180.0,4979.612837321168,4193.093112633219,0.0,0.9504848925216557,0.43210379316299763
936240.0,4979.600999184597,4193.104948378143,0.0,0.9504849854943069,0.4321051645631663
936300.0,4979.589166841246,4193.116788289818,0.0,0.9504848907519592,0.4321065359461307
936360.0,4979.5773309539245,4193.128625670881,0.0,0.9504849104969592,0.43210790734082655
936420.0,4979.565496499923,4193.140464093918,0.0,0.9504848835902777,0.43210927873199195
936480.0,4979.5536607716285,4193.152301615197,0.0,0.9504848976956256,0.43211065012791217
936540.0,4979.541826835035,4193.164140436618,0.0,0.9504848535290956,0.4321120215192632
936600.0,4979.529990287805,4193.175977395888,0.0,0.9504848936611322,0.43211339291939055
936660.0,4979.518160287815,4193.18781907577,0.0,0.9504847214284258,0.43211476430082035
936720.0,4979.506319693265,4193.199653154874,0.0,0.9504848921226193,0.4321161357150016
936780.0,4979.49448133919,4193.211488862514,0.0,0.9504849898978738,0.43211750712364844
936840.0,4979.482648997459,4193.223328894033,0.0,0.9504848928665758,0.4321188785143947
936900.0,4979.470815364942,4193.235168018481,0.0,0.9504848372583328,0.43212024991037656
936960.0,4979.458978265057,4193.247004660206,0.0,0.950484893791336,0.43212162131739884
937020.0,4979.44715038982,4193.258847945255,0.0,0.9504846512609203,0.4321229926975563
937080.0,4979.435307596554,4193.270680524717,0.0,0.9504848916585722,0.4321243641236536
937140.0,4979.423467963095,4193.282515392906,0.0,0.950485029367912,0.4321257355414118
937200.0,4979.411636798009,4193.294356348737,0.0,0.9504848927401044,0.4321271069337772
937260.0,4979.3998038198915,4193.306196022456,0.0,0.9504848144465069,0.4321284783329714
937320.0,4979.38796596059,4193.318032198129,0.0,0.950484894076254,0.43212984974751883
937380.0,4979.376136570441,4193.329874469849,0.0,0.9504846991956589,0.4321312211371793
937440.0,4979.364295214563,4193.341708160643,0.0,0.9504848915581627,0.4321325925641012
937500.0,4979.35245638489,4193.353543685248,0.0,0.9504850017475404,0.4321339639846163
937560.0,4979.340624330899,4193.365384082156,0.0,0.9504848924070588,0.43213533538490073
937620.0,4979.328790823811,4193.377223455376,0.0,0.9504848297466904,0.43213670679091615
937680.0,4979.316953409939,4193.389060030166,0.0,0.9504848934597059,0.43213807820931305
937740.0,4979.3051227714805,4193.400901484889,0.0,0.9504847375040737,0.43213944960798845
937800.0,4979.293282556591,4193.412736074221,0.0,0.9504848914281122,0.4321408210366383
937860.0,4979.281444360896,4193.424572133327,0.0,0.9504849795955356,0.43214219246042734
937920.0,4979.269611658571,4193.436412144437,0.0,0.9504848897455545,0.43214356386792374
937980.0,4979.2577755951625,4193.448249755906,0.0,0.9504849084683603,0.4321449352865951
938040.0,4979.245940890556,4193.460088355973,0.0,0.9504848829495678,0.4321463067019622
938100.0,4979.23410497717,4193.471926101195,0.0,0.9504848963240734,0.43214767812188437
938160.0,4979.2222707624105,4193.483765079894,0.0,0.9504848544370936,0.43214904953751976
938220.0,4979.2104340716705,4193.495602292876,0.0,0.9504848924937208,0.4321504209615216
938280.0,4979.198603588961,4193.507443983515,0.0,0.9504847291565246,0.432151792367857
938340.0,4979.1867630594625,4193.519278465688,0.0,0.9504848910304025,0.4321531638052777
938400.0,4979.174924653966,4193.531114492969,0.0,0.9504849837524025,0.4321545352375173
938460.0,4979.163092025573,4193.542954676203,0.0,0.9504848892652483,0.43215590665259773
938520.0,4979.1512558630475,4193.554792335404,0.0,0.9504849089569269,0.43215727807938126
938580.0,4979.13942112984,4193.566631033892,0.0,0.9504848821226395,0.43215864950264515
938640.0,4979.127585125868,4193.578468832971,0.0,0.9504848961898634,0.43216002093065325
938700.0,4979.1157509086,4193.590307928839,0.0,0.9504848521422365,0.43216139235410556
938760.0,4979.103914087937,4193.602145167397,0.0,0.9504848921660157,0.43216276378631324
938820.0,4979.09208379629,4193.613987114347,0.0,0.9504847203972531,0.4321641351998739
938880.0,4979.080242939528,4193.625821480236,0.0,0.9504848906314217,0.43216550664610254
938940.0,4979.068404316987,4193.637657470459,0.0,0.9504849881431288,0.4321668780868133
939000.0,4979.056571690069,4193.649497773362,0.0,0.9504848913731471,0.43216824950967037
939060.0,4979.044737775931,4193.661337171564,0.0,0.9504848359145884,0.43216962093775235
939120.0,4979.032900404053,4193.673174093486,0.0,0.9504848922951897,0.4321709923768473
939180.0,4979.02107223116,4193.685017641532,0.0,0.9504846504180446,0.43217236378914886
939240.0,4979.009229181691,4193.696850511758,0.0,0.9504848901679449,0.43217373524727287
939300.0,4978.997389283226,4193.708685664795,0.0,0.9504850275061592,0.43217510669708176
939360.0,4978.985557829587,4193.720526889696,0.0,0.9504848912463367,0.43217647812156407
939420.0,4978.9737245679335,4193.732366835832,0.0,0.9504848131635399,0.4321778495528601
939480.0,4978.961886438655,4193.744203293001,0.0,0.9504848925786611,0.43217922099947076
939540.0,4978.950056754974,4193.75604583043,0.0,0.9504846982228566,0.4321805924212604
939600.0,4978.938215138801,4193.7678798091865,0.0,0.950484890067126,0.432181963880217
939660.0,4978.926376041789,4193.779715617023,0.0,0.950484999959587,0.4321833353327857
939720.0,4978.914543701623,4193.791556284541,0.0,0.950484890913509,0.43218470676517695
939780.0,4978.902709912375,4193.803395931046,0.0,0.9504848284217929,0.4321860782032867
939840.0,4978.89087222719,4193.815232786383,0.0,0.9504848919630944,0.4321874496537469
939900.0,4978.879044909598,4193.827077107605,0.0,0.9504846193937648,0.4321888210738462
939960.0,4978.867200828365,4193.8389093949445,0.0,0.9504848895763971,0.4321901925455281
940020.0,4978.8553602994,4193.850744253441,0.0,0.9504850443499527,0.4321915640076697
940080.0,4978.8435292872455,4193.862585954141,0.0,0.9504848908021748,0.43219293544121223
940140.0,4978.831696239134,4193.874426212273,0.0,0.9504848028148698,0.43219430688226407
940200.0,4978.819857706308,4193.886262537979,0.0,0.9504848923141124,0.43219567834051414
940260.0,4978.808022507934,4193.898101272751,0.0,0.9504848735643379,0.43219704978951196
940320.0,4978.796185940061,4193.909939036642,0.0,0.95048489892423,0.43219842124352836
940380.0,4978.784350561901,4193.92177766828,0.0,0.9504848855068063,0.43219979269478204
940440.0,4978.772513474502,4193.933615085824,0.0,0.9504849271860764,0.43220116415214505
940500.0,4978.7606788410885,4193.945454278405,0.0,0.950484889160133,0.43220253560283356
940560.0,4978.7488379962315,4193.957289028701,0.0,0.9504850519274202,0.43220390707374445
940620.0,4978.737007159563,4193.969130974474,0.0,0.9504848904534834,0.4322052785145556
940680.0,4978.725174182453,4193.980971402557,0.0,0.9504847979252042,0.4322066499631947
940740.0,4978.713335437769,4193.992807694849,0.0,0.9504848920477692,0.43220802142989584
940800.0,4978.701500200056,4194.004646520236,0.0,0.9504848723320123,0.4322093928868177
940860.0,4978.689663522545,4194.016484324202,0.0,0.9504848990034737,0.4322107643489727
940920.0,4978.67782809655,4194.028323040344,0.0,0.9504848848953975,0.432212135808176
940980.0,4978.665990873512,4194.0401604792605,0.0,0.9504849287288663,0.4322135072737567
941040.0,4978.654156231481,4194.05199978454,0.0,0.9504848887416409,0.43221487873227493
941100.0,4978.642315058013,4194.063834417461,0.0,0.9504850599152695,0.43221625021199245
941160.0,4978.630484409464,4194.075676617376,0.0,0.9504848901060524,0.43221762166003175
941220.0,4978.6186515106,4194.0875172206015,0.0,0.9504847928023699,0.4322189931162345
941280.0,4978.606812626801,4194.099353531288,0.0,0.9504848892009337,0.4322203645911363
941340.0,4978.594975003311,4194.111190767044,0.0,0.950484944411215,0.4322217360634894
941400.0,4978.583140818719,4194.123030480169,0.0,0.950484888116036,0.43222310752581317
941460.0,4978.571297440937,4194.134863608721,0.0,0.9504851291887512,0.4322244790174589
941520.0,4978.559468886272,4194.146707392117,0.0,0.9504848900713274,0.43222585046430967
941580.0,4978.547637167332,4194.1585489222325,0.0,0.9504847530600851,0.43222722192211277
941640.0,4978.53579702179,4194.170384405687,0.0,0.9504848888305465,0.4322285934060662
941700.0,4978.523958655753,4194.182221187197,0.0,0.9504849665975293,0.43222996488588633
941760.0,4978.512125134159,4194.194061455847,0.0,0.9504848873365914,0.43223133635138744
941820.0,4978.500283176214,4194.205895678466,0.0,0.9504850810295852,0.43223270784357704
941880.0,4978.488453100588,4194.2177384486195,0.0,0.9504848896750236,0.43223407930026886
941940.0,4978.476620490592,4194.229579417921,0.0,0.9504847800277758,0.43223545076599124
942000.0,4978.464781136793,4194.241415549263,0.0,0.9504848886655594,0.4322368222527296
942060.0,4978.452943204673,4194.2532527216445,0.0,0.9504849508878824,0.4322381937364262
942120.0,4978.4411091482925,4194.265092685373,0.0,0.9504848874534996,0.43223956520875934
942180.0,4978.429264733735,4194.276925227191,0.0,0.950485159126223,0.4322409367139714
942240.0,4978.417437023524,4194.288769775982,0.0,0.9504848896674625,0.43224230816864445
942300.0,4978.405605749022,4194.3006117839805,0.0,0.9504847352732434,0.43224367963549093
942360.0,4978.393764979251,4194.312446977205,0.0,0.9504848882797363,0.4322450511317505
942420.0,4978.381926216225,4194.3242836318095,0.0,0.9504849759214811,0.4322464226231827
942480.0,4978.370092912827,4194.336124215727,0.0,0.9504848866067049,0.4322477940984175
942540.0,4978.358256268942,4194.347962413826,0.0,0.9504849052176811,0.4322491655847671
942600.0,4978.34642097548,4194.359801594876,0.0,0.9504848798507181,0.43225053706783506
942660.0,4978.334584480626,4194.371639926025,0.0,0.9504848931452677,0.4322519085554358
942720.0,4978.322749673933,4194.383479483596,0.0,0.9504848515076599,0.43225328003877833
942780.0,4978.310912406427,4194.3953172856245,0.0,0.9504848893372413,0.432254651530443
942840.0,4978.2990813087845,4194.40715953963,0.0,0.9504847269732466,0.4322560230045475
942900.0,4978.287240226018,4194.4189946266115,0.0,0.9504848878821429,0.4322573945095616
942960.0,4978.275401254158,4194.43083124987,0.0,0.9504849800512994,0.43225876600942986
943020.0,4978.263568023917,4194.442672005213,0.0,0.9504848861270078,0.43226013749223924
943080.0,4978.251731281202,4194.4545102510665,0.0,0.9504849057010814,0.4322615089866886
943140.0,4978.2398959589955,4194.466349530265,0.0,0.9504848790264641,0.43226288047764205
943200.0,4978.2280593737905,4194.478187915257,0.0,0.9504848930096038,0.4322642519733164
943260.0,4978.216224564281,4194.490027589619,0.0,0.950484849224226,0.43226562346446495
943320.0,4978.204387167328,4194.501865417377,0.0,0.9504848890092352,0.4322669949643224
943380.0,4978.192556259256,4194.513707926517,0.0,0.9504847182638907,0.432268366445645
943440.0,4978.180714850911,4194.525542898177,0.0,0.9504848874832856,0.43226973795945084
943500.0,4978.168875663016,4194.537379484884,0.0,0.9504849844136551,0.4322711094677759
943560.0,4978.15704243392,4194.549220359502,0.0,0.95048488822009,0.4322724809583511
943620.0,4978.14520792545,4194.56106033467,0.0,0.9504848330917881,0.43227385245412697
943680.0,4978.133369980451,4194.572897847806,0.0,0.950484889136137,0.43227522396085494
943740.0,4978.121541177912,4194.58474194904,0.0,0.9504846487001267,0.43227659544094815
943800.0,4978.109697590105,4194.59657543382,0.0,0.9504848870210684,0.43227796696660364
943860.0,4978.097857133906,4194.608411188348,0.0,0.9504850235405633,0.4322793384839973
943920.0,4978.08602507067,4194.6202529798675,0.0,0.9504848880925325,0.43228070997621115
943980.0,4978.074191210465,4194.632093500017,0.0,0.9504848104748727,0.4322820814752053
944040.0,4978.062352512501,4194.643930551263,0.0,0.950484889416415,0.4322834529894286
944100.0,4978.050522208242,4194.655773647864,0.0,0.950484696218718,0.43228482447897665
944160.0,4978.038680044722,4194.66760823501,0.0,0.9504848869193483,0.43228619600548246
944220.0,4978.026840384844,4194.679444640773,0.0,0.9504849961565776,0.4322875675256426
944280.0,4978.015007440309,4194.691285878304,0.0,0.9504848877601856,0.43228893902574256
944340.0,4978.003173055533,4194.70312610074,0.0,0.950484825640721,0.432290310531534
944400.0,4977.991334798723,4194.714963548065,0.0,0.9504848888030137,0.43229168204960733
944460.0,4977.979506845794,4194.726808418414,0.0,0.9504846178581381,0.4322930535374988
944520.0,4977.967662232139,4194.738641324064,0.0,0.950484886430042,0.4322944250766799
944580.0,4977.9558211488875,4194.75047678614,0.0,0.9504850402807908,0.43229579660638096
944640.0,4977.943989523993,4194.762319051112,0.0,0.9504848876480121,0.4322971681076484
944700.0,4977.932155875588,4194.774159881856,0.0,0.9504848001849486,0.4322985396163877
944760.0,4977.92031677613,4194.785996802794,0.0,0.9504848891504362,0.432299911142229
944820.0,4977.908487136438,4194.797840535486,0.0,0.9504846714387609,0.4323012826401391
944880.0,4977.8966441336315,4194.809674677581,0.0,0.950484886346984,0.4323026541795997
944940.0,4977.884803953591,4194.821510867707,0.0,0.9504850094530561,0.43230402571173965
945000.0,4977.872971341432,4194.833352502507,0.0,0.9504848873050583,0.4323053972212154
945060.0,4977.86113710775,4194.845192991882,0.0,0.9504848173071341,0.4323067687369362
945120.0,4977.849298511274,4194.857030353326,0.0,0.950484888490758,0.4323081402664377
945180.0,4977.8374674829065,4194.8688731674265,0.0,0.9504847142654118,0.43230951177378124
945240.0,4977.825625759921,4194.880708308163,0.0,0.9504848862308123,0.43231088331453094
945300.0,4977.813786293444,4194.892545090092,0.0,0.9504849847344183,0.43231225484968794
945360.0,4977.801952882072,4194.904386229803,0.0,0.950484886980913,0.43231362636679793
945420.0,4977.790118170855,4194.916226455199,0.0,0.950484830958936,0.4323149978891708
945480.0,4977.778279967673,4194.928064178339,0.0,0.9504848879131633,0.43231636942266644
945540.0,4977.766451054793,4194.939908596829,0.0,0.9504846435773575,0.4323177409290706
945600.0,4977.754607117928,4194.951742225662,0.0,0.9504848857651256,0.4323191124817731
945660.0,4977.742766363437,4194.963578161064,0.0,0.9504850245000109,0.4323204840260564
945720.0,4977.730934137524,4194.975420231848,0.0,0.9504848868553146,0.43232185554474134
945780.0,4977.719100085812,4194.987261010334,0.0,0.9504848079791115,0.4323232270702947
945840.0,4977.707261118276,4194.999098263274,0.0,0.9504848882020176,0.43232459861131767
945900.0,4977.695430680151,4195.010941660023,0.0,0.9504846918706948,0.43232597012724633
945960.0,4977.683588191341,4195.022776408416,0.0,0.9504848856657829,0.4323273416807228
946020.0,4977.671748246799,4195.034613004893,0.0,0.9504849966759006,0.4323287132277275
946080.0,4977.659915126124,4195.046454511879,0.0,0.9504848865216045,0.43233008475433704
946140.0,4977.64808054214,4195.058294987019,0.0,0.9504848233949896,0.4323314562867083
946200.0,4977.636242023653,4195.070132641719,0.0,0.950484887582694,0.43233282783155397
946260.0,4977.624410328804,4195.081975214569,0.0,0.9504847304661269,0.43233419935651174
946320.0,4977.612568989546,4195.093810868061,0.0,0.9504848855365787,0.4323355709116726
946380.0,4977.6007296839425,4195.105648002744,0.0,0.9504849743608133,0.43233694246192
946440.0,4977.588895910788,4195.117489120408,0.0,0.9504848838420975,0.43233831399574085
946500.0,4977.577058752743,4195.129327819506,0.0,0.9504849027046213,0.4323396855408148
946560.0,4977.565222963233,4195.141167514887,0.0,0.95048487699611,0.43234105708254905
946620.0,4977.553385956429,4195.15300634863,0.0,0.9504848904705098,0.43234242862886485
946680.0,4977.541550660401,4195.1648464254495,0.0,0.95048484827192,0.43234380017085033
946740.0,4977.529712870867,4195.176684722614,0.0,0.9504848866122397,0.4323451717212596
946800.0,4977.517881333591,4195.188527532465,0.0,0.9504847220590794,0.4323465432538486
946860.0,4977.506039678171,4195.200363077221,0.0,0.9504848851386302,0.43234791481776386
946920.0,4977.494200161961,4195.212200179092,0.0,0.9504849785513227,0.43234928637644293
946980.0,4977.482366463947,4195.224041469498,0.0,0.9504848833609382,0.4323506579178221
947040.0,4977.470529206768,4195.23588021597,0.0,0.9504849031995435,0.4323520294709868
947100.0,4977.458693389138,4195.2477200098065,0.0,0.9504848761657487,0.43235340102059466
947160.0,4977.446856291788,4195.2595588970935,0.0,0.9504848903380221,0.43235477257497484
947220.0,4977.4350209939175,4195.271399091264,0.0,0.9504848459627018,0.4323561441247533
947280.0,4977.42318307422,4195.283237413469,0.0,0.9504848862848169,0.43235751568334735
947340.0,4977.411351730049,4195.295080480907,0.0,0.9504847132373289,0.4323588872231331
947400.0,4977.3995097457255,4195.306915907733,0.0,0.9504848847394008,0.4323602587958404
947460.0,4977.387670011612,4195.318752971521,0.0,0.9504849829775152,0.4323616303629719
947520.0,4977.375836315768,4195.330594381799,0.0,0.9504848854872543,0.43236300191210375
947580.0,4977.364001323666,4195.342434880153,0.0,0.9504848296160457,0.4323643734664875
947640.0,4977.3521628492945,4195.354272882745,0.0,0.9504848864167681,0.43236574503196623
947700.0,4977.34033363939,4195.366117563358,0.0,0.9504846427387886,0.4323671165704258
947760.0,4977.328489447231,4195.377951482283,0.0,0.950484884274288,0.43236848815506523
947820.0,4977.316648428581,4195.38978770182,0.0,0.9504850226354931,0.43236985973130965
947880.0,4977.304815914807,4195.401630040845,0.0,0.9504848853613149,0.43237123128202243
947940.0,4977.292981580283,4195.413471090943,0.0,0.9504848066974154,0.4323726028395885
948000.0,4977.281142343587,4195.425308624641,0.0,0.9504848867041644,0.43237397441258524
948060.0,4977.269311612583,4195.437152286238,0.0,0.9504846909014883,0.43237534596055405
948120.0,4977.257468864364,4195.448987321911,0.0,0.950484884174534,0.43237671754597534
948180.0,4977.245628653322,4195.460824200898,0.0,0.950484994885537,0.432378089124944
948240.0,4977.233795247174,4195.472665977672,0.0,0.9504848850278238,0.4323794606835708
948300.0,4977.22196038176,4195.4845067252945,0.0,0.9504848220711823,0.4323808322479472
948360.0,4977.210121592768,4195.4963446597985,0.0,0.950484886085828,0.4323822038247667
948420.0,4977.198289608433,4195.508187499716,0.0,0.9504847293924743,0.43238357538175126
948480.0,4977.186448006483,4195.520023438234,0.0,0.9504848840449989,0.4323849469688627
948540.0,4977.174608432511,4195.531860854121,0.0,0.9504849726297759,0.4323863185510758
948600.0,4977.162774375599,4195.543702242668,0.0,0.950484882354857,0.4323876901169056
948660.0,4977.15093694319,4195.555541218937,0.0,0.95048490116644,0.4323890616939612
948720.0,4977.139100875495,4195.567381188917,0.0,0.95048487552709,0.43239043326768734
948780.0,4977.127263593877,4195.57922029951,0.0,0.9504848889650684,0.4323918048459849
948840.0,4977.115428018261,4195.591060649971,0.0,0.9504848468800697,0.43239317641996505
948900.0,4977.1035899560575,4195.602899225401,0.0,0.9504848851169682,0.4323945480023488
948960.0,4977.091758128706,4195.61474230184,0.0,0.9504847210071175,0.4323959195669605
949020.0,4977.079916211327,4195.6265781320335,0.0,0.950484883647103,0.4323972911628187
949080.0,4977.068076427191,4195.638415515326,0.0,0.9504849768079671,0.43239866275345656
949140.0,4977.056242445068,4195.650257076294,0.0,0.9504848818739745,0.4324000343268401
949200.0,4977.044404913659,4195.662096099944,0.0,0.9504849016590073,0.4324014059119805
949260.0,4977.03256881778,4195.673936168256,0.0,0.9504848746979477,0.43240277749357486
949320.0,4977.020731445721,4195.685775332383,0.0,0.9504848888319175,0.43240414907993063
949380.0,4977.008895868124,4195.6976158000225,0.0,0.9504848445760625,0.4324055206616985
949440.0,4976.997057675978,4195.709454400564,0.0,0.9504848847894078,0.432406892252261
949500.0,4976.985226041052,4195.721297734052,0.0,0.9504847122081062,0.43240826382406594
949560.0,4976.973383795544,4195.733133446751,0.0,0.9504848832479296,0.4324096354287084
949620.0,4976.961543793967,4195.744970792186,0.0,0.9504849812212224,0.432411007027792
949680.0,4976.9497098138645,4195.756812472847,0.0,0.9504848839935411,0.4324123786089231
949740.0,4976.937874541085,4195.768653243971,0.0,0.9504848282728007,0.4324137501952951
949800.0,4976.926035795709,4195.780491525816,0.0,0.9504848849203228,0.4324151217927342
949860.0,4976.914206289019,4195.79233646838,0.0,0.9504846418989581,0.4324164933632264
949920.0,4976.902361841721,4195.804170677177,0.0,0.9504848827833905,0.43241786497978024
949980.0,4976.890520559089,4195.816007180641,0.0,0.9504850207715322,0.43241923658796316
950040.0,4976.878687757674,4195.827849787726,0.0,0.9504848838672608,0.4324206081706811
950100.0,4976.866853140547,4195.83969110925,0.0,0.9504848054152768,0.43242197976023716
950160.0,4976.855013634873,4195.851528923502,0.0,0.9504848852062644,0.432423351365185
950220.0,4976.843182611221,4195.863372849775,0.0,0.9504846899312018,0.4324247229451712
950280.0,4976.831339603754,4195.87520817251,0.0,0.9504848826832252,0.43242609456251496
950340.0,4976.819499126386,4195.8870453337995,0.0,0.9504849930957378,0.43242746617342515
950400.0,4976.807665434984,4195.898887380178,0.0,0.9504848835339886,0.43242883776404684
950460.0,4976.795830288349,4195.910728400098,0.0,0.9504848207469064,0.4324302093604056
950520.0,4976.783991229039,4195.922566614203,0.0,0.9504848845889142,0.4324315809691763
950580.0,4976.772158955446,4195.934409721013,0.0,0.9504847283177547,0.43243295255816505
950640.0,4976.760317090963,4195.946245944334,0.0,0.9504848825533592,0.43243432417720434
950700.0,4976.748477248799,4195.958083641217,0.0,0.9504849708992906,0.4324356957913604
950760.0,4976.736642908344,4195.969925300463,0.0,0.9504848808675456,0.4324370673891761
950820.0,4976.724805201763,4195.981764553705,0.0,0.9504848996283176,0.4324384389981906
950880.0,4976.712968856086,4195.993604798095,0.0,0.9504848740579529,0.43243981060388603
950940.0,4976.701131299843,4196.005444185338,0.0,0.9504848874596025,0.4324411822141426
951000.0,4976.689295444842,4196.017284809249,0.0,0.9504848454879126,0.4324425538200946
951060.0,4976.677457110154,4196.029123662752,0.0,0.9504848836216464,0.43244392543443005
951120.0,4976.665624992961,4196.040967005606,0.0,0.9504847199539495,0.4324452970310419
951180.0,4976.653782813788,4196.052803121015,0.0,0.9504848821555154,0.43244666865882037
951240.0,4976.641942761899,4196.0646407855165,0.0,0.9504849750652686,0.43244804028139455
951300.0,4976.630108495884,4196.07648261687,0.0,0.9504848803869375,0.4324494118867596
951360.0,4976.618270690434,4196.088321917499,0.0,0.9504849001185536,0.4324507835038532
951420.0,4976.60643431651,4196.100162260095,0.0,0.9504848732300167,0.4324521551174114
951480.0,4976.594596669939,4196.112001700868,0.0,0.9504848873257948,0.43245352673572063
951540.0,4976.582760812824,4196.123842441786,0.0,0.9504848431890552,0.43245489834945533
951600.0,4976.570922348409,4196.135681320458,0.0,0.9504848832939494,0.4324562699719634
951660.0,4976.5590904229675,4196.147524919829,0.0,0.9504847111775,0.43245764157576483
951720.0,4976.547247916425,4196.1593609181755,0.0,0.9504848817563977,0.43245901321231994
951780.0,4976.535407647557,4196.171198545049,0.0,0.9504849794655958,0.43246038484333305
951840.0,4976.523573383414,4196.1830404959155,0.0,0.9504848824997736,0.43246175645644086
951900.0,4976.511737830167,4196.194881539623,0.0,0.9504848269290839,0.4324631280747784
951960.0,4976.4998988139705,4196.206720100514,0.0,0.9504848834238303,0.43246449970415557
952020.0,4976.488069010744,4196.218565304868,0.0,0.9504846410573834,0.4324658713066576
952080.0,4976.47622430845,4196.230399803308,0.0,0.950484881292431,0.4324672429551032
952140.0,4976.464382761994,4196.242236590481,0.0,0.9504850189085887,0.432468614595202
952200.0,4976.452549673167,4196.2540794654515,0.0,0.9504848823731535,0.4324699862099023
952260.0,4976.440714773653,4196.265921058217,0.0,0.9504848041324905,0.43247135783142565
952320.0,4976.4288749991765,4196.2777591528165,0.0,0.9504848837083214,0.4324727294683019
952380.0,4976.417043683122,4196.289603343597,0.0,0.9504846889594256,0.43247410108028284
952440.0,4976.405200416558,4196.30143895317,0.0,0.9504848811918554,0.4324754727295263
952500.0,4976.393359673033,4196.3132763965505,0.0,0.9504849913066968,0.4324768443723554
952560.0,4976.381525696597,4196.325118712359,0.0,0.9504848820400992,0.43247821599494896
952620.0,4976.369690268952,4196.33696000439,0.0,0.9504848194221025,0.43247958762326755
952680.0,4976.357850939499,4196.34879849789,0.0,0.9504848830919559,0.4324809592639669
952740.0,4976.346018376882,4196.360641871424,0.0,0.9504847272417791,0.43248233088493726
952800.0,4976.334176250028,4196.372478379335,0.0,0.9504848810616592,0.432483702535882
952860.0,4976.322336139844,4196.3843163570045,0.0,0.950484969169417,0.43248507418195864
952920.0,4976.310501516066,4196.396158286772,0.0,0.9504848793801612,0.4324864458117382
952980.0,4976.298663535505,4196.407997816789,0.0,0.9504848980902719,0.4324878174526892
953040.0,4976.286826912047,4196.419838335398,0.0,0.9504848725886886,0.43248918909033124
953100.0,4976.274989081374,4196.431677999095,0.0,0.9504848859541167,0.43249056073252445
953160.0,4976.263152947198,4196.44351889627,0.0,0.9504848440953939,0.43249193237042577
953220.0,4976.251314340211,4196.45535802764,0.0,0.9504848821262747,0.43249330401669045
953280.0,4976.239481933415,4196.467201636743,0.0,0.9504847188993868,0.4324946756452797
953340.0,4976.227639492596,4196.479038037149,0.0,0.950484880663867,0.432496047304956
953400.0,4976.2157991731265,4196.49087598265,0.0,0.9504849733231839,0.432497418959444
953460.0,4976.203964623441,4196.502718084206,0.0,0.9504848788998279,0.4324987905967681
953520.0,4976.192126544142,4196.514557661615,0.0,0.9504848985781672,0.432500162245792
953580.0,4976.180289892375,4196.5263982783035,0.0,0.9504848717619631,0.4325015338912916
953640.0,4976.16845197148,4196.538237995523,0.0,0.9504848858196497,0.4325029055415314
953700.0,4976.1566158350515,4196.55007900953,0.0,0.9504848418017129,0.4325042771872104
953760.0,4976.144777098554,4196.561918166134,0.0,0.9504848817984407,0.4325056488416416
953820.0,4976.132944882833,4196.573762031217,0.0,0.950484710145578,0.43250702047741674
953880.0,4976.121102115415,4196.585598314991,0.0,0.9504848802648048,0.432508392145862
953940.0,4976.109261579426,4196.597436223092,0.0,0.9504849777106561,0.4325097638087819
954000.0,4976.097427031467,4196.609278443978,0.0,0.9504848810059515,0.4325111354538433
954060.0,4976.085591197961,4196.621119760082,0.0,0.9504848255848237,0.4325125071041237
954120.0,4976.073751911121,4196.632958599815,0.0,0.9504848819272932,0.4325138787654161
954180.0,4976.061921811627,4196.644804065811,0.0,0.9504846402134974,0.43251525039990507
954240.0,4976.05007685446,4196.656638853648,0.0,0.950484879801408,0.43251662208022007
954300.0,4976.038235044338,4196.668475924311,0.0,0.9504850170467714,0.4325179937522122
954360.0,4976.026401668334,4196.680319066996,0.0,0.9504848808789927,0.43251936539887226
954420.0,4976.01456648665,4196.692160930823,0.0,0.950484802848947,0.4325207370523402
954480.0,4976.00272644354,4196.703999305559,0.0,0.9504848822103384,0.4325221087211223
954540.0,4975.990894835333,4196.715843760691,0.0,0.9504846879858115,0.43252348036507515
954600.0,4975.979051309808,4196.7276796568685,0.0,0.9504848797004234,0.43252485204619595
954660.0,4975.967210300289,4196.739517382122,0.0,0.9504849895185855,0.43252622372092137
954720.0,4975.955376039052,4196.751359967182,0.0,0.9504848805461561,0.4325275953754645
954780.0,4975.94354033061,4196.76320153114,0.0,0.950484818096683,0.43252896703572
954840.0,4975.9317007311965,4196.77504030383,0.0,0.9504848815949536,0.4325303387083253
954900.0,4975.919871486247,4196.786886542564,0.0,0.9504846092099424,0.4325317103505591
954960.0,4975.908025498968,4196.798720747051,0.0,0.9504848792097931,0.4325330820443801
955020.0,4975.896183059486,4196.810557522714,0.0,0.9504850338785618,0.43253445372865296
955080.0,4975.884350124736,4196.8224011407565,0.0,0.950484880434663,0.43253582538432056
955140.0,4975.872515156656,4196.8342433161315,0.0,0.9504847925068904,0.43253719704749183
955200.0,4975.860674710849,4196.846081558951,0.0,0.950484881945499,0.43253856872786123
955260.0,4975.848837595285,4196.857922210862,0.0,0.9504848632083743,0.43253994039897237
955320.0,4975.836999111987,4196.8697618918295,0.0,0.9504848885510668,0.4325413120750983
955380.0,4975.825161816921,4196.88160244053,0.0,0.950484875142682,0.4325426837484568
955440.0,4975.8133228148145,4196.893441775062,0.0,0.950484916793727,0.4325440554279208
955500.0,4975.8014862636,4196.905282884646,0.0,0.9504848787934592,0.43254542710070526
955560.0,4975.789643508876,4196.917119551761,0.0,0.950485041450637,0.4325467987937081
955620.0,4975.77781074964,4196.9289634145425,0.0,0.9504848800858571,0.4325481704566049
955680.0,4975.765975852725,4196.940805759534,0.0,0.950484787620097,0.432549542127324
955740.0,4975.754135195578,4196.952643968596,0.0,0.9504848816789871,0.4325509138161053
955800.0,4975.7422980409765,4196.964484710785,0.0,0.9504848619765152,0.43255228549510116
955860.0,4975.730459448432,4196.976324431484,0.0,0.950484888629915,0.4325536571793265
955920.0,4975.718622105844,4196.988165064348,0.0,0.9504848745313315,0.4325550288605951
955980.0,4975.706782968521,4197.00000441991,0.0,0.9504849183351599,0.43255640054823746
956040.0,4975.694946408955,4197.011845641858,0.0,0.9504848783748981,0.4325577722288121
956100.0,4975.683103326282,4197.023682191248,0.0,0.9504850494329792,0.4325591439305824
956160.0,4975.671270755188,4197.035526307843,0.0,0.9504848797383106,0.43256051560066805
956220.0,4975.659435936674,4197.047368827642,0.0,0.9504847825002889,0.4325618872789115
956280.0,4975.647595140835,4197.0592070547555,0.0,0.9504848788337251,0.43256325897585424
956340.0,4975.635755603748,4197.071046206907,0.0,0.9504849340066971,0.4325646306702412
956400.0,4975.6239195012095,4197.082887836483,0.0,0.9504848777494819,0.4325660023545949
956460.0,4975.612074217189,4197.094722881232,0.0,0.950485118659429,0.4325673740682681
956520.0,4975.600243737488,4197.106568581124,0.0,0.9504848797033757,0.432568745737138
956580.0,4975.58841009757,4197.118412027615,0.0,0.9504847427845602,0.43257011741695495
956640.0,4975.576568041757,4197.130249427242,0.0,0.9504848784633545,0.43257148912292365
956700.0,4975.564727763233,4197.142088124908,0.0,0.9504849561777702,0.4325728608247516
956760.0,4975.552892323021,4197.153930309799,0.0,0.9504848769703306,0.43257423251225635
956820.0,4975.541048457192,4197.165766448434,0.0,0.9504850705325495,0.4325756042264481
956880.0,4975.529216458629,4197.177611134829,0.0,0.9504848793071058,0.4325769759051336
956940.0,4975.517381928953,4197.189454020262,0.0,0.950484769733782,0.43257834759284397
957000.0,4975.505540664046,4197.201292067568,0.0,0.9504848782982446,0.4325797193015709
957060.0,4975.493700819053,4197.213131155887,0.0,0.9504849404785904,0.43258109100724895
957120.0,4975.4818648449,4197.22497303562,0.0,0.9504848770869242,0.4325824627015597
957180.0,4975.470018525746,4197.2368074931555,0.0,0.9504851485764967,0.4325838344287471
957240.0,4975.458188889771,4197.248653958018,0.0,0.9504848792993167,0.4325852061053864
957300.0,4975.446355694065,4197.260497881952,0.0,0.9504847250091353,0.43258657779419407
957360.0,4975.434513015148,4197.272334990882,0.0,0.9504848779124485,0.43258794951241636
957420.0,4975.422672340473,4197.284173561182,0.0,0.9504849654950505,0.4325893212258041
957480.0,4975.410837118514,4197.296016060894,0.0,0.9504848762404673,0.4325906929229899
957540.0,4975.398998560332,4197.307856174674,0.0,0.9504848948388614,0.4325920646312872
957600.0,4975.387161350894,4197.3196972713995,0.0,0.9504848694889542,0.43259343633629815
957660.0,4975.3753229416125,4197.331537518159,0.0,0.9504848827745077,0.432594808045838
957720.0,4975.363486218381,4197.3433789913415,0.0,0.9504848411649004,0.4325961797511145
957780.0,4975.351647037482,4197.35521870889,0.0,0.9504848789689689,0.43259755146470996
957840.0,4975.339814018668,4197.367062878502,0.0,0.9504847167142167,0.4325989231607363
957900.0,4975.327971027396,4197.378899880839,0.0,0.9504848775147727,0.4326002948876741
957960.0,4975.3161301444,4197.390738419447,0.0,0.9504849696218356,0.43260166660945865
958020.0,4975.304294995759,4197.402581090254,0.0,0.9504848757607413,0.43260303831417946
958080.0,4975.292456339126,4197.4144212514475,0.0,0.9504848953216057,0.43260441003053723
958140.0,4975.28061910123,4197.426262445982,0.0,0.9504848686648956,0.4326057817433943
958200.0,4975.268780601962,4197.438102746245,0.0,0.9504848826385904,0.43260715346096845
958260.0,4975.256943876173,4197.449944335881,0.0,0.9504848388826111,0.43260852517401155
958320.0,4975.24510456624,4197.461784078815,0.0,0.9504848786408351,0.4326098968957605
958380.0,4975.233271737013,4197.473628503231,0.0,0.9504847080102162,0.43261126859896537
958440.0,4975.221428420823,4197.485465389901,0.0,0.9504848771158341,0.43261264033465563
958500.0,4975.209587322316,4197.497303891615,0.0,0.9504849739809376,0.4326140120648578
958560.0,4975.197752175075,4197.509146681362,0.0,0.9504848778520649,0.4326153837773055
958620.0,4975.185915750119,4197.520988571569,0.0,0.9504848227608583,0.4326167554949478
958680.0,4975.1740758930055,4197.532827999648,0.0,0.9504848787674172,0.4326181272235412
958740.0,4975.1622451668045,4197.544674015975,0.0,0.9504846384932908,0.4326194989254898
958800.0,4975.150399674092,4197.556509415497,0.0,0.9504848766536953,0.43262087067300464
958860.0,4975.138557309058,4197.568347084779,0.0,0.9504850130812162,0.4326222424122497
958920.0,4975.126723326365,4197.580190791221,0.0,0.9504848777243601,0.4326236141263093
958980.0,4975.114887549021,4197.592033226199,0.0,0.9504848001589093,0.43262498584714326
959040.0,4975.103046940065,4197.603872192143,0.0,0.9504848790472739,0.43262635758320594
959100.0,4975.091214714209,4197.615717203596,0.0,0.9504846859795223,0.4326277292945852
959160.0,4975.079370644141,4197.627553705284,0.0,0.9504848765518102,0.43262910104292357
959220.0,4975.067529074586,4197.639392025593,0.0,0.9504849857154749,0.4326304727849085
959280.0,4975.055694211878,4197.651235177806,0.0,0.950484877392004,0.4326318445068281
959340.0,4975.043857910795,4197.663077314833,0.0,0.9504848153142962,0.4326332162344334
959400.0,4975.032017742602,4197.674916676641,0.0,0.9504848784340527,0.43263458797431975
959460.0,4975.020187865274,4197.686763461658,0.0,0.9504846076714062,0.4326359596840137
959520.0,4975.0083413483435,4197.698598281567,0.0,0.9504848760626001,0.43263733144500216
959580.0,4974.996498357385,4197.710435657931,0.0,0.9504850298098051,0.43263870319650244
959640.0,4974.984664812811,4197.722279837393,0.0,0.9504848772796729,0.4326400749195629
959700.0,4974.972829247336,4197.734122582521,0.0,0.9504847898753858,0.4326414466500896
959760.0,4974.960988237727,4197.745961417699,0.0,0.9504848787810091,0.4326428183977182
959820.0,4974.949156675935,4197.757807064809,0.0,0.9504846612156232,0.4326441901174069
959880.0,4974.937311767977,4197.769643120973,0.0,0.9504848759793646,0.43264556187864783
959940.0,4974.9254696792495,4197.781481225181,0.0,0.9504849990026836,0.4326469336325604
960000.0,4974.913635148834,4197.793324774222,0.0,0.9504848769367173,0.43264830536380344
960060.0,4974.901798998993,4197.805167177745,0.0,0.9504848069857423,0.4326496771012856
960120.0,4974.889958491894,4197.81700645321,0.0,0.950484878121544,0.4326510488525478
960180.0,4974.878125543359,4197.828851181476,0.0,0.9504847040130079,0.43265242058164416
960240.0,4974.866281913763,4197.840688236082,0.0,0.9504848758630376,0.43265379234414736
960300.0,4974.85444053786,4197.8525269318825,0.0,0.9504849743005066,0.4326551641010504
960360.0,4974.842605209417,4197.864369985592,0.0,0.9504848766125573,0.4326565358399017
960420.0,4974.830768582813,4197.876212124898,0.0,0.9504848206281552,0.43265790758400985
960480.0,4974.818928468681,4197.8880517618445,0.0,0.9504848775441046,0.4326592793392398
960540.0,4974.807097633136,4197.899898094313,0.0,0.9504846333721801,0.43266065106736806
960600.0,4974.795251792628,4197.91173363674,0.0,0.9504848753974307,0.4326620228417988
960660.0,4974.783409130508,4197.923571485755,0.0,0.9504850140392311,0.4326633946078024
960720.0,4974.77157498619,4197.935415470342,0.0,0.9504848764868107,0.43266476634820183
960780.0,4974.7597390184255,4197.947258162531,0.0,0.9504847976634887,0.43266613809546406
960840.0,4974.747898141072,4197.959097329033,0.0,0.9504848778325327,0.43266750985819563
960900.0,4974.73606578237,4197.970942639514,0.0,0.9504846816328285,0.43266888159582445
960960.0,4974.724221388252,4197.982779301307,0.0,0.9504848752979222,0.4326702533710024
961020.0,4974.712379535226,4197.994617811192,0.0,0.9504849862335254,0.43267162513970087
961080.0,4974.700544497447,4198.006461231736,0.0,0.9504848761530919,0.432672996887999
961140.0,4974.68870799825,4198.018303620337,0.0,0.9504848130688548,0.43267436864205316
961200.0,4974.676867569546,4198.030143188388,0.0,0.9504848772133911,0.43267574040858103
961260.0,4974.6650339558755,4198.04198767471,0.0,0.9504847202022839,0.4326771121552133
961320.0,4974.653190710025,4198.053825241409,0.0,0.9504848751685728,0.43267848393204883
961380.0,4974.641349495299,4198.065664289293,0.0,0.950484963933091,0.4326798557039635
961440.0,4974.629513806031,4198.07750732027,0.0,0.9504848734751522,0.43268122745944704
961500.0,4974.617674736189,4198.089347932562,0.0,0.950484892324968,0.4326825992261804
961560.0,4974.605837033175,4198.101189541132,0.0,0.9504848666336838,0.43268397098956934
961620.0,4974.593998114437,4198.1130302879965,0.0,0.950484880098997,0.4326853427575361
961680.0,4974.58216090434,4198.124872277939,0.0,0.9504848379286921,0.4326867145211671
961740.0,4974.570321203919,4198.136712488132,0.0,0.9504848762432403,0.4326880862932189
961800.0,4974.558487747887,4198.14855721111,0.0,0.9504847118004359,0.43268945804744136
961860.0,4974.546644186525,4198.160394668725,0.0,0.9504848747705421,0.4326908298329922
961920.0,4974.534802761707,4198.172233683452,0.0,0.9504849681205565,0.43269220161329924
961980.0,4974.52296714774,4198.184076886832,0.0,0.9504848729939643,0.4326935733763015
962040.0,4974.51112797914,4198.195917546157,0.0,0.9504848928192338,0.43269494515108614
962100.0,4974.499290248295,4198.207759252846,0.0,0.9504848658035185,0.43269631692230925
962160.0,4974.487451239379,4198.219600052913,0.0,0.9504848799662561,0.432697688698301
962220.0,4974.475614027695,4198.231442159872,0.0,0.9504848356206193,0.4326990604696856
962280.0,4974.463774197527,4198.243282394763,0.0,0.9504848759156895,0.4327004322498828
962340.0,4974.451940934613,4198.255127375,0.0,0.9504847029840398,0.43270180401126246
962400.0,4974.440097045006,4198.266964714335,0.0,0.9504848743712314,0.4327031758055661
962460.0,4974.42825540281,4198.278803690631,0.0,0.9504849725435167,0.4327045475942865
962520.0,4974.416419791261,4198.290647013551,0.0,0.9504848751185065,0.4327059193650023
962580.0,4974.4045828851395,4198.30248942446,0.0,0.9504848192847022,0.432707291140964
962640.0,4974.392742501164,4198.314329339501,0.0,0.9504848760473199,0.43270866292801985
962700.0,4974.380911369986,4198.32617593274,0.0,0.9504846325325516,0.4327100346880462
962760.0,4974.36906527551,4198.3380117638935,0.0,0.9504848739061982,0.4327114064942566
962820.0,4974.357222350573,4198.349849895684,0.0,0.9504850121746556,0.43271277829206406
962880.0,4974.3453879197705,4198.361694147157,0.0,0.950484874992419,0.43271415006433406
962940.0,4974.333551670562,4198.373537109602,0.0,0.9504847963812223,0.4327155218434516
963000.0,4974.321710525395,4198.385376555502,0.0,0.9504848763342911,0.4327168936379995
963060.0,4974.309877875199,4198.397222129475,0.0,0.9504846806627253,0.4327182654075112
963120.0,4974.2980332230045,4198.409059077187,0.0,0.9504848738062787,0.4327196372144767
963180.0,4974.286191104821,4198.420897868224,0.0,0.950484984443051,0.43272100901498184
963240.0,4974.2743557829435,4198.432741557201,0.0,0.9504848746589192,0.4327223807951401
963300.0,4974.262519003686,4198.444584216932,0.0,0.9504848117444122,0.43272375258104206
963360.0,4974.250678305829,4198.456424063424,0.0,0.9504848757161369,0.4327251243793865
963420.0,4974.238844404053,4198.468268815463,0.0,0.9504847191276695,0.4327264961578883
963480.0,4974.2270008968435,4198.480106665821,0.0,0.950484873676598,0.4327278679665171
963540.0,4974.215159415093,4198.491945993547,0.0,0.9504849622019833,0.4327292397702401
963600.0,4974.203323443441,4198.503789294052,0.0,0.950484871987511,0.4327306115575751
963660.0,4974.19148410059,4198.515630182155,0.0,0.9504848907864585,0.4327319833561326
963720.0,4974.179646120756,4198.527472063968,0.0,0.9504848651642368,0.4327333551513561
963780.0,4974.167806928558,4198.539313086324,0.0,0.9504848785931805,0.43273472695114723
963840.0,4974.155969440237,4198.551155348554,0.0,0.9504848365363028,0.4327360987466155
963900.0,4974.144129468497,4198.562995835655,0.0,0.9504848747475791,0.43273747055048434
963960.0,4974.132295723774,4198.57484082387,0.0,0.9504847107474441,0.4327388423365722
964020.0,4974.1204519017865,4198.586678565555,0.0,0.9504848732786197,0.4327402141539085
964080.0,4974.108610210385,4198.5985178603405,0.0,0.9504849663771628,0.43274158596601714
964140.0,4974.0967743136825,4198.610361332934,0.0,0.9504848715065994,0.4327429577608665
964200.0,4974.084934872209,4198.622202268075,0.0,0.9504848912783735,0.4327443295674696
964260.0,4974.073096864481,4198.6340442478795,0.0,0.9504848643352872,0.4327457013705218
964320.0,4974.0612575822115,4198.64588532343,0.0,0.9504848784597776,0.4327470731783319
964380.0,4974.049420092167,4198.657727702501,0.0,0.950484834233433,0.4327484449815485
964440.0,4974.037579990899,4198.669568214366,0.0,0.9504848744198908,0.43274981679355695
964500.0,4974.025746438617,4198.681413459302,0.0,0.9504847019537885,0.4327511885867985
964560.0,4974.013902289155,4198.693251083145,0.0,0.950484872879365,0.43275256041288007
964620.0,4974.002060380839,4198.705090339729,0.0,0.9504849707871643,0.43275393223339514
964680.0,4973.99022448641,4198.716933931679,0.0,0.950484873624401,0.4327553040359529
964740.0,4973.978387300977,4198.7287766140025,0.0,0.9504848179408549,0.43275667584374555
964800.0,4973.966546647349,4198.740616806934,0.0,0.9504848745504861,0.43275804766260473
964860.0,4973.954715220781,4198.752463660774,0.0,0.9504846316914649,0.43275941945450636
964920.0,4973.942868872483,4198.764299780432,0.0,0.9504848724149049,0.4327607912924738
964980.0,4973.931025684897,4198.776138194788,0.0,0.9504850103107921,0.43276216312206245
965040.0,4973.919190967835,4198.787982712971,0.0,0.9504848734979733,0.4327635349261803
965100.0,4973.907354437394,4198.799825945485,0.0,0.9504847950984081,0.4327649067371306
965160.0,4973.895513024594,4198.8116656705815,0.0,0.9504848748360042,0.43276627856347233
965220.0,4973.8836800831405,4198.823511507881,0.0,0.9504846796913575,0.43276765036484416
965280.0,4973.871835173024,4198.83534874129,0.0,0.9504848723145745,0.4327690222035748
965340.0,4973.859992789855,4198.847187813267,0.0,0.9504849826532435,0.4327703940358642
965400.0,4973.8481571840975,4198.859031770491,0.0,0.9504848731646919,0.43277176584785987
965460.0,4973.836320124986,4198.870874701163,0.0,0.9504848104195128,0.43277313766558684
965520.0,4973.824479158155,4198.882714825895,0.0,0.9504848742188362,0.432774509495725
965580.0,4973.812644968507,4198.894559843476,0.0,0.950484718051937,0.43277588130607353
965640.0,4973.800801200096,4198.906397977276,0.0,0.950484872184563,0.4327772531464728
965700.0,4973.788959451494,4198.918237584637,0.0,0.9504849604714958,0.43277862498198166
965760.0,4973.777123197675,4198.930081154487,0.0,0.9504848704997968,0.4327799968011456
965820.0,4973.765283582006,4198.941922318203,0.0,0.9504848892480198,0.43278136863150496
965880.0,4973.753445325554,4198.95376447307,0.0,0.9504848636946658,0.4327827404585402
965940.0,4973.741605860088,4198.965605770718,0.0,0.9504848770873426,0.4327841122901331
966000.0,4973.72976809375,4198.977448305042,0.0,0.9504848351435784,0.4327854841174158
966060.0,4973.717927850875,4198.989289068852,0.0,0.9504848732518679,0.4327868559530791
966120.0,4973.706093817698,4199.001134322133,0.0,0.9504847096931588,0.4327882277710097
966180.0,4973.694249735238,4199.012972347668,0.0,0.950484871786637,0.43278959962010916
966240.0,4973.682407777426,4199.024811922302,0.0,0.950484964634399,0.43279097146399675
966300.0,4973.670571598208,4199.036655663927,0.0,0.9504848700191615,0.43279234329067046
966360.0,4973.658731884047,4199.04849687469,0.0,0.9504848897375847,0.43279371512906945
966420.0,4973.646893599632,4199.0603391274235,0.0,0.9504848628669326,0.4327950869639283
966480.0,4973.635054044203,4199.07218047826,0.0,0.9504848769532779,0.4327964588035344
966540.0,4973.623216276003,4199.084023129252,0.0,0.9504848328458999,0.4327978306385607
966600.0,4973.611375903819,4199.095863917893,0.0,0.9504848729240425,0.4327992024823574
966660.0,4973.599542062407,4199.10770942736,0.0,0.9504847009221689,0.4328005743074381
966720.0,4973.587697653247,4199.119547335485,0.0,0.950484871387438,0.43280194616527484
966780.0,4973.575855478982,4199.131386872146,0.0,0.9504849690314792,0.4328033180175621
966840.0,4973.564019301888,4199.143230732945,0.0,0.9504848721302414,0.43280468985193915
966900.0,4973.552181837353,4199.155073686496,0.0,0.9504848165965403,0.43280606169154007
966960.0,4973.540340914249,4199.166914157113,0.0,0.950484873053606,0.4328074335421798
967020.0,4973.528509192547,4199.178761271398,0.0,0.9504846308485009,0.4328088053659339
967080.0,4973.5166625905695,4199.19059767933,0.0,0.9504848709235489,0.43281017723563603
967140.0,4973.504819140495,4199.202436376029,0.0,0.9504850084480023,0.43281154909698333
967200.0,4973.4929841374,4199.2142811607455,0.0,0.9504848720034743,0.43281292093292634
967260.0,4973.481147325944,4199.226124663148,0.0,0.9504847938148879,0.43281429277568656
967320.0,4973.4693056456845,4199.237964667228,0.0,0.9504848733376761,0.43281566463379934
967380.0,4973.457472413218,4199.249810767688,0.0,0.9504846787183439,0.43281703646700853
967440.0,4973.445627245326,4199.261648286566,0.0,0.950484870822809,0.43281840833748164
967500.0,4973.433784597338,4199.27348763927,0.0,0.9504849808642775,0.4328197802015326
967560.0,4973.421948707926,4199.285331864572,0.0,0.950484871670411,0.4328211520453431
967620.0,4973.410111369174,4199.297175066,0.0,0.9504848090940643,0.43282252389487247
967680.0,4973.398270133551,4199.309015468767,0.0,0.95048487272149,0.432823895756782
967740.0,4973.386435656264,4199.320860751718,0.0,0.9504847169749766,0.4328252675989547
967800.0,4973.3745916268135,4199.332699168742,0.0,0.950484870692468,0.43282663947110217
967860.0,4973.362749611536,4199.344539055527,0.0,0.9504849587415269,0.4328280113383742
967920.0,4973.350913075764,4199.356382894543,0.0,0.9504848690120126,0.4328293831893441
967980.0,4973.339073187469,4199.368224333675,0.0,0.9504848877096326,0.43283075505148244
968040.0,4973.327234654595,4199.3800667614005,0.0,0.9504848622249812,0.43283212691030715
968100.0,4973.315394916055,4199.391908334144,0.0,0.9504848755814784,0.4328334987736791
968160.0,4973.303556871905,4199.403751140374,0.0,0.9504848337505493,0.43283487063275383
968220.0,4973.291716358085,4199.415592180691,0.0,0.9504848717561059,0.4328362425001891
968280.0,4973.279882036689,4199.427437698868,0.0,0.9504847086376812,0.4328376143499396
968340.0,4973.268037693919,4199.439276008036,0.0,0.9504848702945939,0.4328389862307795
968400.0,4973.256195469869,4199.451115862308,0.0,0.9504849628922509,0.43284035810642346
968460.0,4973.244359008353,4199.4629598727815,0.0,0.9504848685316506,0.4328417299648988
968520.0,4973.232519021695,4199.474801358965,0.0,0.9504848881968699,0.43284310183507074
968580.0,4973.2206804608,4199.486643884435,0.0,0.9504848613984521,0.4328444737017136
968640.0,4973.208840632406,4199.498485510356,0.0,0.9504848754467581,0.43284584557309286
968700.0,4973.197002586258,4199.510328433081,0.0,0.9504848314580194,0.4328472174399059
968760.0,4973.185161943345,4199.522169498295,0.0,0.9504848714281444,0.43284858931546843
968820.0,4973.173327813039,4199.534015272121,0.0,0.9504846998892422,0.43284996117236546
968880.0,4973.16148314433,4199.545853464313,0.0,0.9504848698954502,0.43285133306193513
968940.0,4973.149640704285,4199.557693280838,0.0,0.9504849672765318,0.43285270494597194
969000.0,4973.137804244746,4199.569537410305,0.0,0.9504848706360274,0.43285407681214544
969060.0,4973.12596650132,4199.581380634898,0.0,0.9504848152516753,0.4328554486835318
969120.0,4973.114125308922,4199.593221382997,0.0,0.9504848715566804,0.4328568205659294
969180.0,4973.102293292351,4199.605068757575,0.0,0.9504846300033156,0.4328581924215131
969240.0,4973.090446436816,4199.6169054535385,0.0,0.9504848694321301,0.4328595643229273
969300.0,4973.078602724408,4199.6287444323625,0.0,0.9504850065863688,0.43286093621601074
969360.0,4973.066767435519,4199.640589483441,0.0,0.9504848705089225,0.432862308083756
969420.0,4973.0549303432645,4199.652433255548,0.0,0.950484792530682,0.4328636799583034
969480.0,4973.043088395716,4199.664273538401,0.0,0.9504848718393065,0.4328650518481647
969540.0,4973.031254872486,4199.67611990186,0.0,0.9504846777437227,0.4328664237131883
969600.0,4973.019409446963,4199.687957705981,0.0,0.9504848693309821,0.43286779561538125
969660.0,4973.007566534321,4199.699797339196,0.0,0.9504849790761467,0.4328691675111712
969720.0,4972.995730361478,4199.711641832393,0.0,0.9504848701760761,0.43287053938677356
969780.0,4972.983892743296,4199.723485304392,0.0,0.9504848077680772,0.4328719112680826
969840.0,4972.972051239057,4199.73532598499,0.0,0.950484871224099,0.4328732831617406
969900.0,4972.960220076281,4199.747174131875,0.0,0.9504845990201596,0.4328746550250164
969960.0,4972.948372192277,4199.7590102440145,0.0,0.9504848688404476,0.4328760269398845
970020.0,4972.936527851644,4199.770848927374,0.0,0.9504850234063484,0.43287739884519627
970080.0,4972.924693003783,4199.782694453367,0.0,0.9504848700644257,0.4328787707218965
970140.0,4972.912856125198,4199.794538536577,0.0,0.9504847821950997,0.4328801426060947
970200.0,4972.901013775801,4199.806378687056,0.0,0.9504848715741802,0.4328815145074911
970260.0,4972.889174752483,4199.818221246682,0.0,0.9504848528494736,0.4328828863996233
970320.0,4972.877334363181,4199.830062835289,0.0,0.9504848781752816,0.4328842582967666
970380.0,4972.86549516064,4199.841905291626,0.0,0.9504848647757697,0.43288563019113735
970440.0,4972.853654253237,4199.853746533705,0.0,0.9504849063991057,0.43288700209160996
970500.0,4972.84181579367,4199.865589550875,0.0,0.9504848684240439,0.43288837398539776
970560.0,4972.8299711384425,4199.877428125338,0.0,0.9504850309730906,0.4328897458994004
970620.0,4972.818136466132,4199.889273895738,0.0,0.9504848697155056,0.43289111778329037
970680.0,4972.806299658876,4199.90111814823,0.0,0.9504847773111772,0.43289248967499705
970740.0,4972.7944570986565,4199.912958264607,0.0,0.9504848713074996,0.43289386158476595
970800.0,4972.782618036601,4199.924800914173,0.0,0.9504848516180853,0.4328952334847433
970860.0,4972.7707775384415,4199.936642542169,0.0,0.9504848782537318,0.43289660538994656
970920.0,4972.758938288691,4199.94848508233,0.0,0.9504848641644783,0.4328979772921883
970980.0,4972.747097246493,4199.960326345099,0.0,0.9504849079391787,0.4328993492007997
971040.0,4972.735258778837,4199.972169474293,0.0,0.950484868005414,0.43290072110233846
971100.0,4972.723413796324,4199.984007930682,0.0,0.9504850389499033,0.4329020930250694
971160.0,4972.711579312172,4199.995853954567,0.0,0.9504848693678444,0.43290346491610865
971220.0,4972.699742583473,4200.007698381533,0.0,0.9504847721943486,0.4329048368153002
971280.0,4972.687899884986,4200.019538515622,0.0,0.9504848684637827,0.4329062087331914
971340.0,4972.676058443709,4200.031379574727,0.0,0.9504849236000847,0.43290758064851986
971400.0,4972.664220432671,4200.043223111337,0.0,0.9504848673801825,0.4329089525538112
971460.0,4972.652373251748,4200.055060062795,0.0,0.9504851081301615,0.43291032448841965
971520.0,4972.640540856528,4200.066907669815,0.0,0.9504848693327017,0.43291169637821614
971580.0,4972.628705305109,4200.078753023282,0.0,0.9504847325047894,0.43291306827895454
971640.0,4972.616861348403,4200.090592329621,0.0,0.9504848680934274,0.43291444020584596
971700.0,4972.605019166791,4200.102432933993,0.0,0.9504849457562143,0.43291581212858954
971760.0,4972.593181817413,4200.114277025715,0.0,0.9504848666013174,0.4329171840370054
971820.0,4972.581336053053,4200.126115070888,0.0,0.9504850600350913,0.43291855597210727
971880.0,4972.569502141057,4200.1379616641425,0.0,0.9504848689364647,0.4329199278716938
971940.0,4972.5576657011725,4200.149806456301,0.0,0.9504847594358078,0.43292129978029964
972000.0,4972.545822534542,4200.161646410115,0.0,0.9504848679281965,0.4329226717099228
972060.0,4972.533980786085,4200.17348740493,0.0,0.950484930067188,0.43292404363648995
972120.0,4972.522142903609,4200.185331191249,0.0,0.9504848667176039,0.4329254155516857
972180.0,4972.510294689197,4200.197167555017,0.0,0.9504851380268089,0.4329267874997562
972240.0,4972.498463136974,4200.209015926575,0.0,0.9504848689284497,0.43292815939726925
972300.0,4972.486628029547,4200.2208617570495,0.0,0.9504847147406864,0.4329295313069455
972360.0,4972.474783450862,4200.232700772222,0.0,0.9504848675424258,0.43293090324603845
972420.0,4972.462940873933,4200.244541248767,0.0,0.9504849550668593,0.4329322751802893
972480.0,4972.451103742874,4200.256385654865,0.0,0.9504848658714773,0.43293364709833343
972540.0,4972.439263279822,4200.268227674892,0.0,0.9504848844574946,0.43293501902748605
972600.0,4972.4274241638395,4200.28007067787,0.0,0.9504848591243642,0.43293639095334735
972660.0,4972.415583849555,4200.291912830806,0.0,0.9504848724010683,0.4329377628837338
972720.0,4972.403745219229,4200.303756210177,0.0,0.9504848308190053,0.43293913480985147
972780.0,4972.3919041343515,4200.315597833809,0.0,0.9504848685979764,0.4329405067442853
972840.0,4972.380069203853,4200.327443909632,0.0,0.9504847064507366,0.4329418786611408
972900.0,4972.368224313446,4200.339282817861,0.0,0.9504848671446676,0.43294325060891004
972960.0,4972.35638152871,4200.351123262369,0.0,0.9504849591906177,0.4329446225515185
973020.0,4972.344544471133,4200.362967839229,0.0,0.9504848653917225,0.43294599447705845
973080.0,4972.332703910004,4200.374809906328,0.0,0.9504848849395793,0.43294736641423237
973140.0,4972.320864765857,4200.386653006776,0.0,0.9504848583005031,0.43294873834790054
973200.0,4972.309024361952,4200.398495212877,0.0,0.9504848722648975,0.43295011028628205
973260.0,4972.297185729323,4200.410338708365,0.0,0.950484828537866,0.432951482220127
973320.0,4972.285344515824,4200.422180357035,0.0,0.9504848682697149,0.4329528541626749
973380.0,4972.273509774928,4200.434026687331,0.0,0.9504846977521074,0.4329542260866695
973440.0,4972.261664560267,4200.445865479544,0.0,0.9504848667456477,0.4329555980431519
973500.0,4972.249821560543,4200.457705886813,0.0,0.9504849635465467,0.4329569699941387
973560.0,4972.237984504614,4200.469550582275,0.0,0.9504848674813137,0.43295834192736615
973620.0,4972.226146172624,4200.481394378103,0.0,0.9504848124265695,0.4329597138657822
973680.0,4972.214304412804,4200.493235711677,0.0,0.9504848683959829,0.4329610858151485
973740.0,4972.20247177246,4200.505083633723,0.0,0.9504846282809767,0.4329624577378595
973800.0,4972.190624384179,4200.516920938495,0.0,0.950484866283585,0.4329638297061413
973860.0,4972.178780119689,4200.528760513067,0.0,0.9504850026206766,0.43296520166614516
973920.0,4972.166944227015,4200.540606125039,0.0,0.9504848673534633,0.4329665736009576
973980.0,4972.155106541987,4200.552450465431,0.0,0.9504847898394272,0.43296794554253887
974040.0,4972.143264031441,4200.564291336626,0.0,0.9504848686754224,0.4329693174993487
974100.0,4972.131429893481,4200.576138253539,0.0,0.9504846757356354,0.4329706894314666
974160.0,4972.119583926229,4200.587976660299,0.0,0.9504848661815374,0.4329720614005449
974220.0,4972.107740456388,4200.599816885699,0.0,0.9504849752728067,0.43297343336326216
974280.0,4972.095903684973,4200.611661943186,0.0,0.9504848670210968,0.4329748053059089
974340.0,4972.084065477033,4200.623505985386,0.0,0.9504848049845709,0.43297617725423543
974400.0,4972.0722234068635,4200.635347252233,0.0,0.9504848680623768,0.43297754921484244
974460.0,4972.06039161465,4200.647195942536,0.0,0.9504845974794615,0.43297892114524605
974520.0,4972.048543203792,4200.659032667226,0.0,0.9504848656924222,0.4329802931269492
974580.0,4972.03669831451,4200.670871948419,0.0,0.9504850193374454,0.43298166509915614
974640.0,4972.024862859739,4200.682718032964,0.0,0.9504848669086093,0.43298303704291696
974700.0,4972.013025386648,4200.694562683059,0.0,0.9504847795623841,0.4329844089941383
974760.0,4972.001182476296,4200.706403423027,0.0,0.9504848684088704,0.4329857809624616
974820.0,4971.989349001894,4200.718250975162,0.0,0.9504846509879817,0.43298715290283607
974880.0,4971.977502198153,4200.730088935931,0.0,0.9504848656090114,0.43298852488476497
974940.0,4971.965658210138,4200.741928944768,0.0,0.9504849885504925,0.43298989685935757
975000.0,4971.9538217709305,4200.753774398638,0.0,0.9504848665656506,0.4329912688112752
975060.0,4971.941983714377,4200.765618706884,0.0,0.9504847966611983,0.43299264076942595
975120.0,4971.930141306069,4200.777459886929,0.0,0.9504848677496114,0.43299401274135646
975180.0,4971.918306446835,4200.78930651995,0.0,0.9504846937568585,0.43299538469111293
975240.0,4971.90646092002,4200.801145478972,0.0,0.9504848654925315,0.432996756674277
975300.0,4971.894617644103,4200.8129860792,0.0,0.9504849638644246,0.4329981286518334
975360.0,4971.882780408039,4200.8248310374875,0.0,0.9504848662414751,0.43299950061133324
975420.0,4971.870941875492,4200.83667508128,0.0,0.9504848102942932,0.4330008725760839
975480.0,4971.859099859826,4200.8485166225955,0.0,0.9504848671723255,0.4330022445519557
975540.0,4971.847267111097,4200.86036485964,0.0,0.9504846231628212,0.4330036165007152
975600.0,4971.835419376324,4200.872202306196,0.0,0.9504848650270035,0.4330049884957817
975660.0,4971.8235748159805,4200.884042059379,0.0,0.9504850035764372,0.43300636048241303
975720.0,4971.811738762716,4200.8958879483525,0.0,0.9504848661155809,0.4330077324434344
975780.0,4971.799900888346,4200.90773254482,0.0,0.9504847873447002,0.43300910441131263
975840.0,4971.788058110592,4200.919573615443,0.0,0.9504848674603299,0.43301047639465995
975900.0,4971.776223840784,4200.931420830243,0.0,0.9504846713911577,0.43301184835289613
975960.0,4971.76437755075,4200.943259395985,0.0,0.9504848649273299,0.4330132203486829
976020.0,4971.752533798648,4200.955099809833,0.0,0.9504849757890647,0.43301459233798245
976080.0,4971.740696853219,4200.9669451345135,0.0,0.9504848657818533,0.4330159643068765
976140.0,4971.728858448254,4200.978789427155,0.0,0.9504848027395745,0.4330173362815207
976200.0,4971.717016118752,4200.990630899109,0.0,0.9504848668413696,0.433018708268638
976260.0,4971.7051805957235,4201.00247728949,0.0,0.9504847099347082,0.43302008023585187
976320.0,4971.693335452678,4201.014316759944,0.0,0.9504848647978357,0.4330214522332693
976380.0,4971.681492338241,4201.026157711583,0.0,0.9504849535032461,0.4330228242257585
976440.0,4971.669654742314,4201.038002646452,0.0,0.9504848631054648,0.4330241962018118
976500.0,4971.657813770103,4201.049845162499,0.0,0.9504848819427041,0.43302556818911175
976560.0,4971.645974163023,4201.061688674828,0.0,0.9504848562684679,0.4330269401730624
976620.0,4971.634133341781,4201.073531325378,0.0,0.950484869724789,0.4330283121615871
976680.0,4971.622294227054,4201.085375219017,0.0,0.9504848275824719,0.43302968414577075
976740.0,4971.610452625169,4201.097217332799,0.0,0.9504848658715191,0.4330310561383721
976800.0,4971.598617259849,4201.109063959492,0.0,0.9504847015379607,0.433032428113135
976860.0,4971.586771801935,4201.1209033205105,0.0,0.950484864399723,0.4330338001192283
976920.0,4971.574928477922,4201.13274423865,0.0,0.950484957687608,0.43303517212007064
976980.0,4971.563090957453,4201.144589345591,0.0,0.9504848626242501,0.4330365441036035
977040.0,4971.55124988686,4201.156431908332,0.0,0.9504848824363007,0.43303791609891557
977100.0,4971.5394102522405,4201.16827551844,0.0,0.9504848554385055,0.4330392880906613
977160.0,4971.527569341184,4201.180118221856,0.0,0.950484869591792,0.4330406600871714
977220.0,4971.515730225126,4201.191962232176,0.0,0.9504848252755745,0.43304203207906944
977280.0,4971.5038884939095,4201.203804370315,0.0,0.9504848655438404,0.4330434040797771
977340.0,4971.49205332172,4201.215651253937,0.0,0.9504846927270079,0.4330447760616579
977400.0,4971.480207536231,4201.227490496328,0.0,0.9504848640003313,0.43304614807646513
977460.0,4971.468363995364,4201.239331375691,0.0,0.9504849621073821,0.4330475200856816
977520.0,4971.456526477573,4201.251176601835,0.0,0.9504848647470326,0.4330488920768887
977580.0,4971.444687666873,4201.2630209158715,0.0,0.9504848089503095,0.4330502640733357
977640.0,4971.4328453827175,4201.274862733919,0.0,0.9504848656751513,0.4330516360808759
977700.0,4971.421012339742,4201.286711230375,0.0,0.9504846223222969,0.43305300806137614
977760.0,4971.40916435233,4201.298548964298,0.0,0.9504848635353769,0.4330543800880648
977820.0,4971.397319530509,4201.310388998894,0.0,0.9504850017118338,0.4330557521063425
977880.0,4971.385483192138,4201.322235153396,0.0,0.9504848646207981,0.4330571240990769
977940.0,4971.373645037693,4201.334080018762,0.0,0.9504847860618321,0.43305849609865305
978000.0,4971.361801993473,4201.345921367424,0.0,0.9504848659617008,0.4330598681136594
978060.0,4971.349967433553,4201.357768844362,0.0,0.9504846704201712,0.433061240103621
978120.0,4971.338120886772,4201.3696076946635,0.0,0.9504848634352925,0.4330626121310379
978180.0,4971.3262768708555,4201.381448388302,0.0,0.9504849739985153,0.4330639841519868
978240.0,4971.3144396427015,4201.393293980055,0.0,0.9504848642872892,0.43306535615258346
978300.0,4971.302600959043,4201.405138542467,0.0,0.9504848014145614,0.43306672815891806
978360.0,4971.290758361734,4201.416980291507,0.0,0.9504848653437278,0.4330681001776945
978420.0,4971.278922551985,4201.42882694625,0.0,0.9504847088592221,0.43306947217662056
978480.0,4971.2670771489165,4201.440666699,0.0,0.950484863305467,0.4330708442056738
978540.0,4971.255233768799,4201.452507929121,0.0,0.9504849517720293,0.433072216229814
978600.0,4971.243395891859,4201.464353132162,0.0,0.9504848616174247,0.43307358823756137
978660.0,4971.231554647996,4201.476195922661,0.0,0.9504848804038533,0.4330749602565282
978720.0,4971.219714765456,4201.488039706873,0.0,0.9504848547986019,0.43307633227215603
978780.0,4971.207873672111,4201.499882631556,0.0,0.9504848682185943,0.4330777042923476
978840.0,4971.196034280528,4201.511726796123,0.0,0.9504848261895806,0.4330790763082112
978900.0,4971.184192408676,4201.523569185455,0.0,0.9504848643754684,0.43308044833247206
978960.0,4971.172356756048,4201.535416076031,0.0,0.9504847004840589,0.4330818203389431
979020.0,4971.160511038846,4201.547255719757,0.0,0.9504848629074066,0.43308319237666476
979080.0,4971.148667449593,4201.559096916591,0.0,0.9504849559441908,0.4330845644091513
979140.0,4971.136829647764,4201.570942291387,0.0,0.9504848611364841,0.43308593642437365
979200.0,4971.124988305651,4201.582785128586,0.0,0.9504848808951153,0.43308730845134674
979260.0,4971.113148395509,4201.594629010454,0.0,0.950484853969847,0.4330886804747642
979320.0,4971.101307212458,4201.606471987993,0.0,0.9504848680849397,0.43309005250293553
979380.0,4971.089467819405,4201.618316269066,0.0,0.9504848238878455,0.4330914245265081
979440.0,4971.077625818438,4201.6301586828195,0.0,0.9504848640476533,0.4330927965588695
979500.0,4971.06579035827,4201.642005829789,0.0,0.9504846916956414,0.43309416857245464
979560.0,4971.053944314255,4201.653845355319,0.0,0.9504848625080704,0.4330955406188822
979620.0,4971.042100508607,4201.665686513605,0.0,0.9504849603510817,0.43309691265973593
979680.0,4971.030262709309,4201.677532007422,0.0,0.9504848632525368,0.43309828468262745
979740.0,4971.018423620668,4201.689376591517,0.0,0.9504848076057912,0.4330996567107478
979800.0,4971.006581068202,4201.701218686094,0.0,0.9504848641779327,0.43310102874993367
979860.0,4970.994747731248,4201.71306744181,0.0,0.9504846214795013,0.4331024007621517
979920.0,4970.982899491324,4201.724905462865,0.0,0.9504848620436874,0.43310377282044005
979980.0,4970.971054408184,4201.736745778655,0.0,0.9504849998483476,0.43310514487034163
980040.0,4970.959217784941,4201.748592198519,0.0,0.9504848631259627,0.43310651689476637
980100.0,4970.94737935064,4201.760437332601,0.0,0.9504847847781894,0.4331078889260178
980160.0,4970.935536040127,4201.772278959092,0.0,0.9504848644630322,0.43310926097266056
980220.0,4970.92370119035,4201.784126698009,0.0,0.9504846694473686,0.4331106329943248
980280.0,4970.911854386971,4201.795965832632,0.0,0.9504848619431934,0.43311200505334946
980340.0,4970.900010107405,4201.807806805845,0.0,0.9504849722088484,0.4331133771059251
980400.0,4970.888172596752,4201.819652664498,0.0,0.9504848627926716,0.43311474913820186
980460.0,4970.876333634612,4201.831497496496,0.0,0.9504848000889827,0.43311612117620396
980520.0,4970.864490769676,4201.843339522414,0.0,0.9504848638460416,0.4331174932266167
980580.0,4970.852654673442,4201.85518644135,0.0,0.9504847077823878,0.43311886525723203
980640.0,4970.840809010504,4201.867026476175,0.0,0.9504848618130379,0.4331202373178986
980700.0,4970.828965364877,4201.878867984566,0.0,0.9504849500415383,0.43312160937366717
980760.0,4970.817127207146,4201.8907134556,0.0,0.9504848601293094,0.4331229814130861
980820.0,4970.805285691817,4201.902556520354,0.0,0.9504848788650926,0.43312435346369726
980880.0,4970.793445534023,4201.914400576262,0.0,0.9504848533286019,0.43312572551097966
980940.0,4970.781604168766,4201.926243774877,0.0,0.950484866712384,0.43312709756281564
981000.0,4970.769764500532,4201.938088210183,0.0,0.9504848247963052,0.4331284696103363
981060.0,4970.757922358896,4201.94993087486,0.0,0.950484862879369,0.4331298416662344
981120.0,4970.7460864192035,4201.961778029151,0.0,0.9504846994286952,0.43313121370439056
981180.0,4970.734240442864,4201.97361795536,0.0,0.9504848614150297,0.433132585773718
981240.0,4970.722396588541,4201.985459430679,0.0,0.95048495420142,0.43313395783782593
981300.0,4970.710558505571,4201.9973050731505,0.0,0.9504848596486448,0.4331353298847151
981360.0,4970.698716892126,4202.00914818461,0.0,0.9504848793540124,0.43313670194332643
981420.0,4970.686876706663,4202.020992338048,0.0,0.9504848525010592,0.4331380739983928
981480.0,4970.675035251808,4202.032835589511,0.0,0.9504848665780694,0.4331394460582026
981540.0,4970.66319558197,4202.044680141149,0.0,0.9504848224997511,0.4331408181134273
981600.0,4970.6513533114385,4202.056522830316,0.0,0.9504848625514168,0.4331421901774194
981660.0,4970.63951756353,4202.068370240465,0.0,0.9504846906629358,0.43314356222268624
981720.0,4970.627671261141,4202.080210048915,0.0,0.9504848610157492,0.43314493430071166
981780.0,4970.615827190886,4202.092051485914,0.0,0.9504849585953795,0.43314630637318013
981840.0,4970.603989110297,4202.103897247227,0.0,0.9504848617579863,0.4331476784277334
981900.0,4970.592149743924,4202.115742101195,0.0,0.9504848062608287,0.4331490504875046
981960.0,4970.580306923333,4202.127584472097,0.0,0.9504848626806661,0.4331504225583138
982020.0,4970.568473292649,4202.139433486912,0.0,0.9504846206350677,0.43315179460222686
982080.0,4970.556624800357,4202.151271794866,0.0,0.9504848605519363,0.43315316669209253
982140.0,4970.5447794560605,4202.163112391636,0.0,0.9504849979857539,0.4331545387735954
982200.0,4970.532942548171,4202.17495907668,0.0,0.9504848616310735,0.43315591082968785
982260.0,4970.521103834227,4202.1868044792955,0.0,0.9504847834939776,0.43315728289259176
982320.0,4970.509260257598,4202.198646383408,0.0,0.9504848629643192,0.43315865497084827
982380.0,4970.497425118203,4202.210494384136,0.0,0.9504846684731921,0.4331600270241925
982440.0,4970.485578058372,4202.222333802859,0.0,0.9504848604510332,0.4331613991148021
982500.0,4970.473733515324,4202.234175055432,0.0,0.950484970419998,0.43316277119898194
982560.0,4970.461895722397,4202.2460211808075,0.0,0.9504848612980004,0.43316414326291586
982620.0,4970.450056481987,4202.257866282207,0.0,0.9504847987628091,0.43316551533256287
982680.0,4970.438213349604,4202.269708584798,0.0,0.9504848623483116,0.43316688741458936
982740.0,4970.426380574562,4202.281558373342,0.0,0.950484589589203,0.43316825946614146
982800.0,4970.414531052743,4202.293396095287,0.0,0.9504848599599494,0.4331696315694239
982860.0,4970.40268507978,4202.305236395175,0.0,0.9504850148411981,0.4331710036631146
982920.0,4970.390848614127,4202.317083555765,0.0,0.9504848611865746,0.4331723757281127
982980.0,4970.37901011471,4202.328929269678,0.0,0.9504847731381135,0.4331737478006197
983040.0,4970.36716613614,4202.340771040432,0.0,0.9504848626995583,0.4331751198903686
983100.0,4970.35532548878,4202.352615226648,0.0,0.950484843936737,0.4331764919708214
983160.0,4970.34348347339,4202.364458439223,0.0,0.9504848693142754,0.43317786405629316
983220.0,4970.331642646622,4202.376302521771,0.0,0.9504848558875071,0.4331792361389788
983280.0,4970.319800112429,4202.388145386799,0.0,0.9504848975958344,0.43318060822777643
983340.0,4970.307960029856,4202.399990031561,0.0,0.9504848595433733,0.4331819803098652
983400.0,4970.296113742209,4202.41183022179,0.0,0.9504850224242287,0.433183352412215
983460.0,4970.284277452777,4202.423677626967,0.0,0.9504848608376212,0.4331847244843668
983520.0,4970.272439025199,4202.43552351014,0.0,0.9504847682447619,0.4331860965643475
983580.0,4970.260594835877,4202.447365246227,0.0,0.9504848624330156,0.4331874686624365
983640.0,4970.248754150119,4202.459209522148,0.0,0.9504848427034815,0.4331888407507007
983700.0,4970.236912026099,4202.471052773749,0.0,0.9504848693935807,0.43319021284419906
983760.0,4970.225071152445,4202.482896939874,0.0,0.9504848552756379,0.43319158493472165
983820.0,4970.213228483647,4202.4947398251725,0.0,0.9504848991397945,0.43319295703162514
983880.0,4970.201388393372,4202.506584581784,0.0,0.9504848591245663,0.43319432912143074
983940.0,4970.189541778329,4202.518424653151,0.0,0.9504850304181356,0.4331957012324774
984000.0,4970.177705677743,4202.530272312012,0.0,0.9504848604899289,0.43319707331174284
984060.0,4970.16586732924,4202.542118369651,0.0,0.9504847631180708,0.43319844539917346
984120.0,4970.154023001825,4202.553960123022,0.0,0.9504848595841723,0.4331998175053519
984180.0,4970.142179933616,4202.565802803782,0.0,0.9504849148331251,0.43320118960895126
984240.0,4970.130340300923,4202.577647968575,0.0,0.9504848584985104,0.4332025617024827
984300.0,4970.118491484367,4202.589486530712,0.0,0.9504850997401595,0.43320393382540245
984360.0,4970.106657476178,4202.601335776584,0.0,0.9504848604551671,0.4332053059033846
984420.0,4970.094820307023,4202.6131827628615,0.0,0.950484723347889,0.4332066779923293
984480.0,4970.082974719729,4202.625023685978,0.0,0.950484859213513,0.4332080501074955
984540.0,4970.071130910311,4202.636865910485,0.0,0.9504849370350147,0.43320942221849335
984600.0,4970.059291940558,4202.648711631546,0.0,0.9504848577185055,0.4332107943151209
984660.0,4970.047444542973,4202.660551289992,0.0,0.9504850515475711,0.4332121664385008
984720.0,4970.03560901595,4202.672399519105,0.0,0.950484860058574,0.4332135385262628
984780.0,4970.023770957235,4202.684245942276,0.0,0.9504847503342901,0.4332149106230596
984840.0,4970.011926161492,4202.696087514263,0.0,0.950484859048397,0.43321628274092794
984900.0,4970.000082786157,4202.707930129931,0.0,0.9504849213144126,0.43321765485572283
984960.0,4969.988243282751,4202.719775544468,0.0,0.950484857835482,0.43321902695911196
985020.0,4969.976393431639,4202.73161351672,0.0,0.9504851296991028,0.43322039909545695
985080.0,4969.964560268275,4202.7434635285335,0.0,0.9504848600509953,0.43322177118110283
985140.0,4969.952723544321,4202.755310992454,0.0,0.9504847055483113,0.4332231432789361
985200.0,4969.940877334613,4202.767151623002,0.0,0.9504848586622909,0.4332245154062636
985260.0,4969.9290331298025,4202.7789937187135,0.0,0.950484946365584,0.43322588752872637
985320.0,4969.917194379229,4202.790839754354,0.0,0.9504848569880802,0.43322725963493475
985380.0,4969.905352291605,4202.80268339755,0.0,0.9504848756121391,0.4332286317522755
985440.0,4969.8935115531585,4202.814528026246,0.0,0.9504848502273342,0.43323000386630994
985500.0,4969.881669614616,4202.8263718026,0.0,0.9504848635312364,0.43323137598487577
985560.0,4969.8698293626585,4202.838216808583,0.0,0.950484821864293,0.4332327480991548
985620.0,4969.857986652424,4202.850060054126,0.0,0.9504848597205262,0.43323412022176677
985680.0,4969.846150106067,4202.861907763573,0.0,0.9504846972420897,0.4332354923267435
985740.0,4969.834303584562,4202.873748286422,0.0,0.9504848582643992,0.4332368644627153
985800.0,4969.82245917202,4202.885590349539,0.0,0.9504849504984629,0.4332382365935032
985860.0,4969.810620495437,4202.897436555917,0.0,0.9504848565080238,0.4332396087071725
985920.0,4969.7987783099825,4202.909280245841,0.0,0.9504848760958946,0.43324098083250084
985980.0,4969.786937543719,4202.9211249717955,0.0,0.9504848494024654,0.4332423529543082
986040.0,4969.775095515812,4202.932968800982,0.0,0.9504848633954684,0.43324372508083553
986100.0,4969.763255261943,4202.944813922916,0.0,0.9504848195791569,0.43324509720280757
986160.0,4969.751412423291,4202.9566571930945,0.0,0.9504848593922737,0.4332464693335005
986220.0,4969.739576067228,4202.96850515722,0.0,0.9504846885261966,0.43324784144558043
986280.0,4969.727729221363,4202.980345563268,0.0,0.9504848578652425,0.4332492135902341
986340.0,4969.715884593897,4202.992187588573,0.0,0.9504849548640981,0.43325058572936775
986400.0,4969.704045919368,4203.004033913401,0.0,0.9504848586025633,0.4332519578506903
986460.0,4969.69220596688,4203.015879336137,0.0,0.9504848034353482,0.43325332997720656
986520.0,4969.68036258133,4203.0277222900695,0.0,0.9504848595192527,0.43325470211469974
986580.0,4969.668528329303,4203.039571849847,0.0,0.9504846189135256,0.43325607422545565
986640.0,4969.656679306748,4203.051410764199,0.0,0.9504848574026883,0.43325744638190383
986700.0,4969.64483341284,4203.063251954289,0.0,0.9504849940185395,0.4332588185300424
986760.0,4969.6329959036075,4203.07509919774,0.0,0.9504848584749043,0.4332601906529175
986820.0,4969.621156599339,4203.086945166167,0.0,0.9504847808024767,0.43326156278257066
986880.0,4969.609312462174,4203.09878765618,0.0,0.9504848597997174,0.43326293492749074
986940.0,4969.597476710487,4203.110636207869,0.0,0.950484666465488,0.43326430704764474
987000.0,4969.585629111401,4203.122476226814,0.0,0.9504848573008846,0.4332656792048548
987060.0,4969.573784013623,4203.134318069138,0.0,0.9504849666152538,0.4332670513556772
987120.0,4969.561945624568,4203.146164756324,0.0,0.9504848581423118,0.433268423486371
987180.0,4969.55010579685,4203.158010425455,0.0,0.9504847959789847,0.43326979562275103
987240.0,4969.538262100999,4203.169853311853,0.0,0.9504848591858726,0.433271167771442
987300.0,4969.526428698944,4203.1817036413,0.0,0.9504845880495716,0.43327253988983766
987360.0,4969.514578652756,4203.193541973398,0.0,0.950484856811222,0.43327391205967025
987420.0,4969.50273213362,4203.205382868696,0.0,0.9504850107705922,0.4332752842199714
987480.0,4969.490895063493,4203.2172305853455,0.0,0.9504848580300476,0.4332766563517455
987540.0,4969.479055972015,4203.2290768636685,0.0,0.9504847705052618,0.4332780284909913
987600.0,4969.467211434954,4203.240919221476,0.0,0.9504848595335283,0.4332794006473826
987660.0,4969.455370208646,4203.252763980919,0.0,0.9504848408821,0.4332807727945346
987720.0,4969.4435276226595,4203.26460777234,0.0,0.9504848661083863,0.4332821449466806
987780.0,4969.431686217975,4203.276452428774,0.0,0.9504848527612593,0.43328351709605994
987840.0,4969.419843116299,4203.288295874702,0.0,0.9504848942211702,0.4332848892515203
987900.0,4969.408002451179,4203.300141090186,0.0,0.9504848563948721,0.4332862614003135
987960.0,4969.39615561897,4203.31198187674,0.0,0.9504850183063156,0.4332876335692576
988020.0,4969.384318723668,4203.323829836864,0.0,0.9504848576809186,0.4332890057081777
988080.0,4969.372479703273,4203.335676283763,0.0,0.9504847656387897,0.43329037785488755
988140.0,4969.360634956436,4203.3475186073865,0.0,0.9504848592663188,0.4332917500196044
988200.0,4969.348793691651,4203.359363456307,0.0,0.950484839653936,0.4332931221745564
988260.0,4969.336950997388,4203.371207286811,0.0,0.9504848661849652,0.4332944943347161
988320.0,4969.325109545787,4203.383052026627,0.0,0.9504848521507803,0.43329586649192087
988380.0,4969.313266310012,4203.394895492998,0.0,0.9504848957536841,0.433297238655474
988440.0,4969.301425636922,4203.406740819978,0.0,0.9504848559763056,0.4332986108119728
988500.0,4969.289578479011,4203.41858148864,0.0,0.9504850262503903,0.43329998298959704
988560.0,4969.277741771082,4203.430429701281,0.0,0.9504848573330434,0.43330135513562323
988620.0,4969.265902828964,4203.442276321934,0.0,0.9504847605403604,0.43330272728977365
988680.0,4969.254057944573,4203.45411866303,0.0,0.9504848564321761,0.43330409946256665
988740.0,4969.242214311613,4203.465961926243,0.0,0.9504849113521245,0.43330547163280086
988800.0,4969.230374093087,4203.477807659253,0.0,0.9504848553524735,0.43330684379302664
988860.0,4969.218524746949,4203.489646827536,0.0,0.9504850951584386,0.4333082159824784
988920.0,4969.206690118382,4203.501496618273,0.0,0.9504848572969873,0.4333095881272508
988980.0,4969.194852348174,4203.513344162428,0.0,0.950484721005271,0.43331096028292876
989040.0,4969.183006211416,4203.525185678225,0.0,0.950484856062221,0.43331233246468037
989100.0,4969.171161841583,4203.5370284879955,0.0,0.9504849334203634,0.43331370464229285
989160.0,4969.159322281724,4203.548874774273,0.0,0.9504848545756103,0.43331507680561915
989220.0,4969.1474743456665,4203.56071503276,0.0,0.9504850472509212,0.4333164489955491
989280.0,4969.135638207363,4203.572563812762,0.0,0.9504848569012521,0.4333178211500677
989340.0,4969.123799552833,4203.584410797231,0.0,0.950484747829722,0.433319193313575
989400.0,4969.1119542025635,4203.59625295837,0.0,0.9504848558965864,0.43332056549803555
989460.0,4969.100110263944,4203.60809615725,0.0,0.9504849177917837,0.43332193767944566
989520.0,4969.088270173493,4203.619942138953,0.0,0.9504848546903893,0.4333233098495169
989580.0,4969.07641979873,4203.631780721126,0.0,0.9504851249358295,0.43332468205236135
989640.0,4969.064586009383,4203.6436312737915,0.0,0.950484856892217,0.433326054204798
989700.0,4969.052748681222,4203.655479293228,0.0,0.9504847033087784,0.4333274263693579
989760.0,4969.040901925451,4203.667320518528,0.0,0.9504848555112765,0.43332879856324563
989820.0,4969.029057162232,4203.679163200626,0.0,0.9504849426923538,0.43333017075230196
989880.0,4969.017217819787,4203.691009800059,0.0,0.9504848538465295,0.4333315429251986
989940.0,4969.005369039424,4203.702849605424,0.0,0.9504850709799267,0.4333329151279549
990000.0,4968.993533554555,4203.714699013263,0.0,0.9504848564778556,0.43333428729070606
990060.0,4968.98169523564,4203.726546396191,0.0,0.950484733569095,0.43333565946342045
990120.0,4968.969849371916,4203.738388342983,0.0,0.9504848553562179,0.4333370316596921
990180.0,4968.958005100387,4203.750231457813,0.0,0.9504849251119782,0.4333384038523592
990240.0,4968.946165165799,4203.762077708235,0.0,0.9504848540074716,0.4333397760321884
990300.0,4968.934317677262,4203.77391852346,0.0,0.9504850277536983,0.43334114823610287
990360.0,4968.922480826569,4203.785767024237,0.0,0.9504848560965298,0.4333425204081577
990420.0,4968.91064170579,4203.79761390687,0.0,0.9504847577341674,0.43334389258844713
990480.0,4968.89879654683,4203.8094564400835,0.0,0.9504848551823906,0.4333452647876759
990540.0,4968.8869526597,4203.821299910261,0.0,0.9504849109940401,0.433346636984282
990600.0,4968.875112242219,4203.833145890449,0.0,0.9504848540865148,0.43334800917070837
990660.0,4968.863262549887,4203.844985198652,0.0,0.9504850977837864,0.43334938138681606
990720.0,4968.851427812898,4203.856835302497,0.0,0.9504848560639204,0.4333507535575076
990780.0,4968.839589883716,4203.868683122926,0.0,0.9504847175617249,0.4333521257392605
990840.0,4968.827743452919,4203.88052481661,0.0,0.9504848548104653,0.4333534979475053
990900.0,4968.815898817774,4203.89236782518,0.0,0.9504849334243681,0.4333548701515211
990960.0,4968.80405907036,4203.904214366892,0.0,0.9504848533010787,0.4333562423410094
991020.0,4968.7922108115945,4203.9160547823585,0.0,0.9504850491031547,0.4333576145575195
991080.0,4968.780374541251,4203.927903858218,0.0,0.9504848556657971,0.43335898673802714
991140.0,4968.768535714228,4203.939751109067,0.0,0.950484744825287,0.43336035892764824
991200.0,4968.756690083381,4203.951593457852,0.0,0.950484854646175,0.4333617311385572
991260.0,4968.744845887171,4203.9634368611105,0.0,0.9504849175462786,0.43336310334634365
991320.0,4968.733005601355,4203.975283092516,0.0,0.9504848534217524,0.43336447554259827
991380.0,4968.721158503045,4203.987124423141,0.0,0.9504850100980606,0.43336584776066733
991440.0,4968.70932099664,4203.998972685422,0.0,0.9504848552974634,0.4333672199500796
991500.0,4968.697481442102,4204.010819489528,0.0,0.9504847665924276,0.43336859214704626
991560.0,4968.685636369445,4204.022662319426,0.0,0.9504848568223421,0.4333699643613865
991620.0,4968.673794651794,4204.034507583694,0.0,0.950484837919841,0.43337133656634674
991680.0,4968.6619515564435,4204.0463518665865,0.0,0.9504848634870169,0.4333727087763565
991740.0,4968.650109658255,4204.058197026213,0.0,0.9504848499603782,0.43337408098354857
991800.0,4968.638266040565,4204.070040958659,0.0,0.9504848919801905,0.4333754531968914
991860.0,4968.626424892018,4204.081886684759,0.0,0.9504848536441267,0.4333768254034634
991920.0,4968.614577494328,4204.093727921177,0.0,0.9504850177404965,0.4333781976304431
991980.0,4968.602740166075,4204.105576429235,0.0,0.9504848549486373,0.43337956982698067
992040.0,4968.590900684564,4204.117423403202,0.0,0.9504847616653513,0.43338094203139493
992100.0,4968.579055400332,4204.12926619743,0.0,0.9504848565565396,0.43338231425405593
992160.0,4968.5672136446865,4204.141111551377,0.0,0.9504848366801302,0.43338368646680425
992220.0,4968.555370440615,4204.1529558728735,0.0,0.9504848635696371,0.4333850586848191
992280.0,4968.543528495884,4204.164801116001,0.0,0.9504848493466783,0.4333864308998252
992340.0,4968.531684743304,4204.176645068148,0.0,0.9504848935383723,0.4333878031212531
992400.0,4968.519843587679,4204.188490906248,0.0,0.9504848532249268,0.43338917533551785
992460.0,4968.507995860944,4204.200332022142,0.0,0.9504850257966679,0.43339054757117823
992520.0,4968.49615872356,4204.212180785153,0.0,0.9504848546010818,0.43339191977480057
992580.0,4968.484319322368,4204.224027934229,0.0,0.9504847565031378,0.433393291986639
992640.0,4968.472473899739,4204.2358707451485,0.0,0.950484853689175,0.43339466421736894
992700.0,4968.460629745391,4204.247714490631,0.0,0.9504849093505721,0.4333960364454852
992760.0,4968.448789051054,4204.259560739635,0.0,0.9504848525960211,0.4333974086634488
992820.0,4968.436939107587,4204.271400333948,0.0,0.9504850956375845,0.4333987809110197
992880.0,4968.4251040779445,4204.283250695958,0.0,0.9504848545678808,0.4334001531132923
992940.0,4968.413265864945,4204.295098780486,0.0,0.9504847164381665,0.43340152532660003
993000.0,4968.401419173922,4204.306940754142,0.0,0.9504848533175712,0.43340289756633205
993060.0,4968.389574273542,4204.318784039298,0.0,0.9504849317198525,0.4334042698018488
993120.0,4968.377734247316,4204.330630848455,0.0,0.9504848518120192,0.4334056420228764
993180.0,4968.36588573335,4204.342471547244,0.0,0.9504850470872237,0.4334070142708579
993240.0,4968.354049174515,4204.354320884013,0.0,0.9504848541701494,0.43340838648293095
993300.0,4968.3422100660755,4204.366168400521,0.0,0.9504847436276884,0.4334097587040965
993360.0,4968.330364172686,4204.378011027662,0.0,0.9504848531530435,0.4334111309464958
993420.0,4968.31851970993,4204.389854706567,0.0,0.9504849158838699,0.4334125031857831
993480.0,4968.306679146709,4204.401701206307,0.0,0.9504848519316869,0.43341387541356924
993540.0,4968.294831789876,4204.4135428179625,0.0,0.9504850081866333,0.4334152476631153
993600.0,4968.282993998322,4204.42539134335,0.0,0.950484853802128,0.4334166198840797
993660.0,4968.271154164297,4204.43723841436,0.0,0.9504847653354915,0.43341799211258153
993720.0,4968.259308827452,4204.449081521452,0.0,0.9504848553226801,0.433419364358413
993780.0,4968.2474668362875,4204.460927056629,0.0,0.9504848364708893,0.43342073659489044
993840.0,4968.235623471233,4204.472771612985,0.0,0.95048486196921,0.433422108836406
993900.0,4968.223781300003,4204.4846170438195,0.0,0.9504848484788267,0.4334234810751127
993960.0,4968.211937414026,4204.496461250662,0.0,0.9504848903855482,0.43342485331995606
994020.0,4968.200095990329,4204.508307246534,0.0,0.9504848521524445,0.4334262255580475
994080.0,4968.188248334801,4204.520148764359,0.0,0.9504850158075548,0.43342759781649653
994140.0,4968.176410720773,4204.531997535022,0.0,0.9504848534532219,0.43342897004458253
994200.0,4968.164570959436,4204.543844775582,0.0,0.9504847604205153,0.43343034228052757
994260.0,4968.152725411459,4204.5556878472225,0.0,0.9504848550565771,0.4334317145346734
994320.0,4968.140883382267,4204.567533471977,0.0,0.9504848352334688,0.4334330867789337
994380.0,4968.129039908653,4204.579378066959,0.0,0.9504848620506025,0.4334344590284485
994440.0,4968.117197690868,4204.591223581208,0.0,0.9504848478657517,0.4334358312749639
994500.0,4968.105353670237,4204.603067807827,0.0,0.9504848919385772,0.43343720352788623
994560.0,4968.093512239342,4204.614913915534,0.0,0.9504848517333522,0.4334385757736651
994620.0,4968.081664255536,4204.62675531327,0.0,0.9504850238412151,0.43343994804078717
994680.0,4968.06982683171,4204.638604338354,0.0,0.9504848531055825,0.43344132027595444
994740.0,4968.057987150328,4204.650451753696,0.0,0.9504847552711853,0.433442692519319
994800.0,4968.0461414642,4204.66229484211,0.0,0.9504848521959005,0.4334440647815274
994860.0,4968.034297042813,4204.674138862691,0.0,0.9504849077076092,0.4334454370411312
994920.0,4968.022456071834,4204.685985380326,0.0,0.9504848511054577,0.4334468092906093
994980.0,4968.010605877348,4204.6978252604995,0.0,0.9504850934938553,0.43344818156962095
995040.0,4967.998770555327,4204.709675880534,0.0,0.9504848530717925,0.43344955380345146
995100.0,4967.986932058752,4204.721524228996,0.0,0.9504847153131089,0.4334509260482914
995160.0,4967.975085107652,4204.733366482394,0.0,0.9504848518246165,0.4334522983194886
995220.0,4967.963239942209,4204.745210043923,0.0,0.950484930016114,0.43345367058648365
995280.0,4967.951399637396,4204.757057120345,0.0,0.950484850322884,0.43345504283902775
995340.0,4967.939550868359,4204.7688981022175,0.0,0.9504850450732341,0.4334564151184581
995400.0,4967.927714021293,4204.780747699746,0.0,0.9504848526744512,0.43345778736207385
995460.0,4967.915874631666,4204.792595481741,0.0,0.9504847424289233,0.4334591596147609
995520.0,4967.904028475897,4204.804438387023,0.0,0.9504848516598525,0.433460531888628
995580.0,4967.8921837467715,4204.816282341368,0.0,0.9504849142219629,0.4334619041593936
995640.0,4967.880342906358,4204.828129109257,0.0,0.9504848504415525,0.4334632764186883
995700.0,4967.868495291158,4204.839971001724,0.0,0.9504850062764059,0.4334646486996889
995760.0,4967.856657214694,4204.851819790053,0.0,0.9504848523067402,0.433466020952183
995820.0,4967.844817101401,4204.863667127786,0.0,0.9504847640777286,0.4334673932121974
995880.0,4967.832971500538,4204.87551051186,0.0,0.9504848538229799,0.43346876548949775
995940.0,4967.821129236066,4204.887356317752,0.0,0.9504848350217391,0.4334701377574697
996000.0,4967.809285601496,4204.899201147371,0.0,0.950484860451421,0.4334715100304684
996060.0,4967.797443157424,4204.911046849221,0.0,0.9504848469971795,0.4334728823006671
996120.0,4967.785599003342,4204.9228913302595,0.0,0.9504848887911704,0.43347425457698846
996180.0,4967.7737573047025,4204.934737595711,0.0,0.9504848506606983,0.43347562684657676
996240.0,4967.761909391486,4204.94657939472,0.0,0.9504850138758913,0.43347699913647264
996300.0,4967.750071491918,4204.958428427817,0.0,0.9504848519577536,0.43347837139608447
996360.0,4967.7382314509705,4204.9702759347865,0.0,0.9504847591750154,0.4334797436635374
996420.0,4967.726385639426,4204.982119283628,0.0,0.9504848535565725,0.4334811159491451
996480.0,4967.71454333689,4204.993965178993,0.0,0.9504848337866362,0.43348248822489455
996540.0,4967.702699593918,4205.005810047266,0.0,0.9504848605315718,0.4334838605058865
996600.0,4967.690857103282,4205.017655832443,0.0,0.9504848463847371,0.43348523278388823
996660.0,4967.679012814782,4205.029500333332,0.0,0.950484890338986,0.43348660506828224
996720.0,4967.667171108821,4205.041346710459,0.0,0.9504848502417148,0.43348797734555283
996780.0,4967.6553228681005,4205.053188389817,0.0,0.9504850218869053,0.43348934964411395
996840.0,4967.643485158064,4205.0650376768,0.0,0.950484851610031,0.43349072191080357
996900.0,4967.631645196713,4205.0768853582285,0.0,0.950484754038431,0.4334920941856715
996960.0,4967.619799247263,4205.08872872393,0.0,0.9504848507025672,0.43349346647933557
997020.0,4967.607954559017,4205.100573019403,0.0,0.9504849060650168,0.43349483877040434
997080.0,4967.596113311605,4205.112419805481,0.0,0.9504848496148279,0.4334962110513741
997140.0,4967.584262866235,4205.1242599712805,0.0,0.9504850913518808,0.433497583361804
997200.0,4967.572427252091,4205.136110849181,0.0,0.9504848515756534,0.43349895562716984
997260.0,4967.560588472171,4205.147959461402,0.0,0.9504847141870055,0.43350032790351917
997320.0,4967.5487412611565,4205.159801994327,0.0,0.9504848503316025,0.43350170020615886
997380.0,4967.536895830827,4205.171645832022,0.0,0.9504849283128489,0.4335030725046095
997440.0,4967.525055247642,4205.183493175529,0.0,0.9504848488336798,0.4335044447886473
997500.0,4967.513206223687,4205.195334440261,0.0,0.9504850430605425,0.433505817099504
997560.0,4967.501369088625,4205.207184298377,0.0,0.950484851178701,0.43350718937463956
997620.0,4967.489529418033,4205.219032345677,0.0,0.9504847412293689,0.43350856165882545
997680.0,4967.477683000055,4205.230875528884,0.0,0.9504848501666031,0.4335099339641378
997740.0,4967.465838004741,4205.242719758464,0.0,0.9504849125604358,0.4335113062663589
997800.0,4967.453996887345,4205.254566794317,0.0,0.9504848489513515,0.43351267855713965
997860.0,4967.442145406368,4205.266406368045,0.0,0.9504851213727754,0.4335140508809576
997920.0,4967.430310638868,4205.2782580132825,0.0,0.9504848511715615,0.4335154231539342
997980.0,4967.418472305357,4205.2901071037795,0.0,0.9504846963520335,0.43351679543912247
998040.0,4967.406624471509,4205.301949342735,0.0,0.9504848497801602,0.43351816775388285
998100.0,4967.394778645708,4205.313793050664,0.0,0.9504849376634017,0.433519540063756
998160.0,4967.382938282565,4205.325640708954,0.0,0.9504848481026675,0.4335209123573268
998220.0,4967.371094577281,4205.337485968392,0.0,0.9504848667650021,0.43352228466205406
998280.0,4967.359252223294,4205.349332215895,0.0,0.9504848413282047,0.43352365696345985
998340.0,4967.347408667407,4205.361177608741,0.0,0.9504848546594726,0.4335250292694034
998400.0,4967.335566800746,4205.373024234426,0.0,0.9504848129071216,0.43352640157104183
998460.0,4967.323722472069,4205.384869094948,0.0,0.9504848508410974,0.4335277738810306
998520.0,4967.311884316827,4205.396718431154,0.0,0.9504846880293424,0.43352914617332644
998580.0,4967.300036171092,4205.408560561648,0.0,0.9504848493821343,0.4335305184966996
998640.0,4967.288190137633,4205.420404236423,0.0,0.9504849418055457,0.4335318908148652
998700.0,4967.276349848994,4205.432252065437,0.0,0.9504848476223062,0.4335332631158619
998760.0,4967.264506046123,4205.4440973712535,0.0,0.9504848672504541,0.4335346354285431
998820.0,4967.252663664675,4205.455943715802,0.0,0.9504848405023149,0.4335360077376878
998880.0,4967.240820019681,4205.467789161149,0.0,0.9504848545241148,0.43353738005155923
998940.0,4967.2289781515055,4205.479635902626,0.0,0.9504848106179312,0.43353875236085654
999000.0,4967.217133694603,4205.491480787376,0.0,0.9504848505128551,0.43354012467889314
999060.0,4967.20529573035,4205.5033303784685,0.0,0.9504846792960735,0.43354149697825634
999120.0,4967.193447260143,4205.515172391373,0.0,0.950484848982841,0.43354286931027947
999180.0,4967.181601011822,4205.52701602776,0.0,0.9504849461808906,0.43354424163675837
999240.0,4967.169760725634,4205.538863975065,0.0,0.9504848497218269,0.43354561394537405
999300.0,4967.157919159586,4205.550711017805,0.0,0.95048479444144,0.4335469862591885
999360.0,4967.146074155206,4205.562555585154,0.0,0.9504848506405507,0.4335483585840068
999420.0,4967.1342382985,4205.574406775825,0.0,0.9504846095408837,0.43354973088200544
999480.0,4967.122387648509,4205.5862472927565,0.0,0.9504848485197924,0.43355110322581875
999540.0,4967.1105401320565,4205.598090091393,0.0,0.9504849854162083,0.43355247556129034
999600.0,4967.098701013231,4205.609938959454,0.0,0.9504848495943616,0.433553847871426
999660.0,4967.08686009667,4205.6217865490225,0.0,0.9504847717624831,0.43355522018834924
999720.0,4967.07501433978,4205.633630650904,0.0,0.9504848509220478,0.433556592520578
999780.0,4967.063176981355,4205.645480830517,0.0,0.9504846571907143,0.4335579648279658
999840.0,4967.051327757285,4205.6573224546555,0.0,0.9504848484182343,0.4335593371725063
999900.0,4967.03948103845,4205.669165906941,0.0,0.9504849579572856,0.43356070951063225
999960.0,4967.027641038713,4205.681014216944,0.0,0.9504848492615418,0.43356208182857137
1000020.0,4967.015799598159,4205.692861506106,0.0,0.950484786970621,0.4335634541522029
1000080.0,4967.003954283527,4205.70470600511,0.0,0.9504848503073975,0.4335648264881758
1000140.0,4966.992119278634,4205.716557966869,0.0,0.9504845786143361,0.4335661987937613
1000200.0,4966.980267603961,4205.7283978993655,0.0,0.9504848479280222,0.43356757115092187
1000260.0,4966.968419461843,4205.740240401796,0.0,0.9504850022036138,0.43356894349851566
1000320.0,4966.956580783326,4205.7520897436825,0.0,0.9504848491495025,0.43357031581750066
1000380.0,4966.94474008041,4205.76393764334,0.0,0.9504847614450629,0.4335716881439689
1000440.0,4966.932893923537,4205.77578161203,0.0,0.9504848506562221,0.43357306048762645
1000500.0,4966.92105108257,4205.787627988688,0.0,0.9504848319665712,0.43357443282201286
1000560.0,4966.909206879868,4205.799473394697,0.0,0.9504848572447337,0.4335758051614009
1000620.0,4966.897363860334,4205.811319667966,0.0,0.9504848438702744,0.4335771774980084
1000680.0,4966.885519141235,4205.8231647274615,0.0,0.9504848854154072,0.4335785498407073
1000740.0,4966.873676862492,4205.835011561165,0.0,0.9504848475115011,0.4335799221767151
1000800.0,4966.8618284072145,4205.84685395409,0.0,0.9504850097555076,0.43358129453292005
1000860.0,4966.849989904193,4205.858703539625,0.0,0.9504848488003401,0.43358266685901553
1000920.0,4966.838149272867,4205.870551607834,0.0,0.9504847565692565,0.43358403919291294
1000980.0,4966.826302906288,4205.882395541783,0.0,0.9504848503891483,0.4335854115448634
1001040.0,4966.814460027178,4205.894242007683,0.0,0.9504848307365602,0.43358678388701577
1001100.0,4966.802615716429,4205.906087452412,0.0,0.950484857322158,0.43358815623438435
1001160.0,4966.790772650303,4205.917933808819,0.0,0.9504848432592228,0.4335895285787836
1001220.0,4966.778927797294,4205.929778888338,0.0,0.9504848869517696,0.4335909009295422
1001280.0,4966.767085510966,4205.941625833362,0.0,0.9504848470927575,0.43359227327322164
1001340.0,4966.755236729874,4205.953468107606,0.0,0.9504850177167858,0.43359364563807534
1001400.0,4966.743398414918,4205.965317945859,0.0,0.9504848484524346,0.43359501797124106
1001460.0,4966.731557862388,4205.977166187814,0.0,0.9504847514609374,0.43359639031254404
1001520.0,4966.719711358437,4205.989010138807,0.0,0.9504848475498683,0.4335977626725378
1001580.0,4966.707866107914,4206.000855014292,0.0,0.9504849025826949,0.43359913502995645
1001640.0,4966.6960242771165,4206.012702366111,0.0,0.9504848464681,0.4336005073773358
1001700.0,4966.684173304687,4206.024543135674,0.0,0.9504850867667369,0.4336018797540125
1001760.0,4966.6723370725595,4206.036394555905,0.0,0.9504848484167595,0.4336032520858839
1001820.0,4966.660497694007,4206.0482437235005,0.0,0.9504847118452462,0.43360462442868175
1001880.0,4966.648649936023,4206.060086846691,0.0,0.9504848471796095,0.4336059967976218
1001940.0,4966.636803947756,4206.071931267214,0.0,0.9504849246966706,0.43360736916240217
1002000.0,4966.624962776901,4206.083779173453,0.0,0.9504848456900977,0.4336087415128537
1002060.0,4966.613113216978,4206.095621035824,0.0,0.9504850387612541,0.4336101138899753
1002120.0,4966.601275473049,4206.107471442314,0.0,0.9504848480206673,0.4336114862315827
1002180.0,4966.589435209076,4206.119320048421,0.0,0.9504847387251988,0.43361285858219445
1002240.0,4966.577588239059,4206.131163818354,0.0,0.9504848470140901,0.43361423095381396
1002300.0,4966.565742682932,4206.143008628704,0.0,0.9504849090364856,0.4336156033223653
1002360.0,4966.553900980937,4206.154856229246,0.0,0.9504848458055678,0.4336169756795434
1002420.0,4966.542048978829,4206.166696410515,0.0,0.9504851166060773,0.43361834806957567
1002480.0,4966.530213587737,4206.178548594064,0.0,0.950484848012069,0.4336197204090585
1002540.0,4966.518374652443,4206.190398237574,0.0,0.9504846941133253,0.4336210927606888
1002600.0,4966.5065262750195,4206.202241068863,0.0,0.9504848466284449,0.4336224651417242
1002660.0,4966.494679893285,4206.214085360744,0.0,0.950484933988684,0.4336238375179059
1002720.0,4966.482838940714,4206.225933580346,0.0,0.95048484496043,0.4336252098778803
1002780.0,4966.470988535705,4206.237774987759,0.0,0.9504850625399968,0.43362658226778955
1002840.0,4966.459151446749,4206.24962602313,0.0,0.9504848475973131,0.4336279546175784
1002900.0,4966.44731151944,4206.261475028127,0.0,0.9504847244361136,0.43362932697734863
1002960.0,4966.435464035698,4206.273318582508,0.0,0.9504848464735235,0.4336306993607377
1003020.0,4966.423618146678,4206.285163307958,0.0,0.9504849163725868,0.4336320717405031
1003080.0,4966.411776601313,4206.297011177303,0.0,0.9504848451221597,0.4336334441073921
1003140.0,4966.3999274903945,4206.308853596948,0.0,0.9504850192252814,0.4336348164984259
1003200.0,4966.388089033767,4206.320703722525,0.0,0.9504848472156594,0.43363618885750693
1003260.0,4966.376248303618,4206.33255222558,0.0,0.9504847486513551,0.433637561224836
1003320.0,4966.364401525994,4206.344396367628,0.0,0.950484846299795,0.4336389336111534
1003380.0,4966.35255602223,4206.356241449053,0.0,0.9504849022261177,0.43364030599483167
1003440.0,4966.34071399349,4206.368089047135,0.0,0.9504848452018216,0.4336416783682988
1003500.0,4966.328862675662,4206.379929955424,0.0,0.9504850893994603,0.43364305077151993
1003560.0,4966.317026336255,4206.391781688014,0.0,0.9504848471834382,0.4336444231291971
1003620.0,4966.305186799801,4206.403631131041,0.0,0.9504847083970109,0.4336457954979569
1003680.0,4966.293338748649,4206.415474431019,0.0,0.950484845927562,0.433647167893278
1003740.0,4966.281492495983,4206.427319049299,0.0,0.9504849247028749,0.43364854028434957
1003800.0,4966.269651138603,4206.439167210078,0.0,0.9504848444152297,0.4336499126608504
1003860.0,4966.257801256802,4206.451009228279,0.0,0.9504850406192688,0.4336512850644406
1003920.0,4966.24596338194,4206.46285992983,0.0,0.9504848467849528,0.4336526574319241
1003980.0,4966.234122946523,4206.474708801447,0.0,0.9504847357170572,0.43365402980853657
1004040.0,4966.2222756968185,4206.486552757951,0.0,0.9504848457633904,0.4336554022064922
1004100.0,4966.210429884031,4206.498397771654,0.0,0.9504849087926014,0.4336567746013076
1004160.0,4966.198587987684,4206.510245620983,0.0,0.9504848445366071,0.43365814698455635
1004220.0,4966.186739268393,4206.522088556458,0.0,0.9504850015345843,0.4336595193896726
1004280.0,4966.174900155827,4206.533938441959,0.0,0.9504848464163188,0.43366089176604794
1004340.0,4966.1630589920405,4206.545786865334,0.0,0.9504847575292927,0.43366226414998926
1004400.0,4966.151212301652,4206.557631303914,0.0,0.9504848479444791,0.4336636365513485
1004460.0,4966.139368971486,4206.5694781832735,0.0,0.9504848290032487,0.4336650089432955
1004520.0,4966.127524261543,4206.581324078601,0.0,0.95048485462299,0.43366638134030006
1004580.0,4966.115680750649,4206.593170852939,0.0,0.9504848410686556,0.433667753734473
1004640.0,4966.103835517648,4206.60501639678,0.0,0.9504848831748266,0.4336691261348072
1004700.0,4966.091992757637,4206.616863738997,0.0,0.9504848447601192,0.43367049852834616
1004760.0,4966.080143738911,4206.62870657952,0.0,0.9504850091935595,0.43367187094234
1004820.0,4966.068304805179,4206.640556710988,0.0,0.9504848460674603,0.4336732433258049
1004880.0,4966.056463714931,4206.652405304205,0.0,0.9504847525926665,0.4336746157171592
1004940.0,4966.044616813031,4206.664249706544,0.0,0.950484847678817,0.4336759881268071
1005000.0,4966.0327734452085,4206.676096675351,0.0,0.9504848277616555,0.4336773605265083
1005060.0,4966.020928626771,4206.687942608909,0.0,0.950484854706474,0.4336787329314845
1005120.0,4966.009085069659,4206.699789466501,0.0,0.9504848404543735,0.4336801053334376
1005180.0,4965.997239701956,4206.711635029623,0.0,0.9504848847369339,0.43368147774182375
1005240.0,4965.985396935252,4206.723482483663,0.0,0.9504848443407403,0.4336828501430211
1005300.0,4965.973547587361,4206.735325202864,0.0,0.9504850172672159,0.433684222565664
1005360.0,4965.961708845193,4206.747175589492,0.0,0.9504848457198752,0.43368559495617803
1005420.0,4965.949867835786,4206.759024357813,0.0,0.9504847474204359,0.4336869673549213
1005480.0,4965.938020795669,4206.770868776419,0.0,0.9504848448062465,0.43368833977260485
1005540.0,4965.926175025855,4206.782714131989,0.0,0.9504849005821812,0.4336897121876584
1005600.0,4965.91433272142,4206.7945619977145,0.0,0.9504848437109964,0.43369108459252803
1005660.0,4965.902481153628,4206.806403190965,0.0,0.9504850872524742,0.43369245702707737
1005720.0,4965.890644522729,4206.818255180541,0.0,0.9504848456870632,0.4336938294162006
1005780.0,4965.8788047036205,4206.830104886492,0.0,0.9504847072733478,0.43369520181638044
1005840.0,4965.866956393407,4206.841948465285,0.0,0.9504848444343348,0.43369657424305413
1005900.0,4965.855109876675,4206.853793358991,0.0,0.9504849229978805,0.43369794666549155
1005960.0,4965.843268241648,4206.865641786045,0.0,0.9504848429258397,0.43369931907339665
1006020.0,4965.831418105815,4206.877484086416,0.0,0.9504850386026472,0.43370069150832313
1006080.0,4965.819579943624,4206.889335047702,0.0,0.9504848452889699,0.4337020639072371
1006140.0,4965.807739227954,4206.901184183806,0.0,0.950484734519294,0.43370343631525915
1006200.0,4965.795891716878,4206.913028417511,0.0,0.9504848442699251,0.43370480874457024
1006260.0,4965.784045638708,4206.9248737057,0.0,0.9504849071297807,0.43370618117075166
1006320.0,4965.772203466119,4206.936721822193,0.0,0.95048484304621,0.4337075535853968
1006380.0,4965.760354489473,4206.948565037546,0.0,0.9504849996224825,0.4337089260218552
1006440.0,4965.748515092921,4206.960415184978,0.0,0.9504848449206482,0.433710298429648
1006500.0,4965.736673650807,4206.972263874082,0.0,0.9504847562722272,0.4337116708449896
1006560.0,4965.724826697397,4206.984108588699,0.0,0.9504848464444782,0.4337130432777051
1006620.0,4965.712983094885,4206.995955737803,0.0,0.9504848275540084,0.43371441570103453
1006680.0,4965.701138116404,4207.007801905432,0.0,0.9504848531048247,0.43371578812941003
1006740.0,4965.689294333632,4207.019648949812,0.0,0.9504848395867825,0.4337171605549627
1006800.0,4965.6774488335095,4207.031494766891,0.0,0.9504848815797505,0.4337185329866624
1006860.0,4965.665605799513,4207.043342377709,0.0,0.9504848432681053,0.43371990541158595
1006920.0,4965.653756524122,4207.055185498491,0.0,0.9504850072597706,0.4337212778569141
1006980.0,4965.641917305765,4207.067035891376,0.0,0.9504848445717088,0.43372265027179274
1007040.0,4965.630075936846,4207.078884750009,0.0,0.9504847513478859,0.43372402269454263
1007100.0,4965.618228772376,4207.090729428608,0.0,0.9504848461785113,0.4337253951355399
1007160.0,4965.606385132174,4207.102576667055,0.0,0.9504848263147337,0.4337267675666181
1007220.0,4965.5945400453575,4207.114422872942,0.0,0.9504848531870664,0.4337281400029593
1007280.0,4965.5826962163555,4207.126270000488,0.0,0.950484838973133,0.43372951243628666
1007340.0,4965.570850581768,4207.138115836922,0.0,0.9504848831366477,0.4337308848760322
1007400.0,4965.559007540957,4207.149963559402,0.0,0.9504848428488352,0.4337322573086092
1007460.0,4965.547157937173,4207.161806559299,0.0,0.9504850153107965,0.43373362976257884
1007520.0,4965.535318909715,4207.173657206814,0.0,0.9504848442240402,0.43373500218450267
1007580.0,4965.5234776212765,4207.1855062402265,0.0,0.9504847461884565,0.43373637461463715
1007640.0,4965.511630318832,4207.197350935172,0.0,0.9504848433126392,0.433737747063664
1007700.0,4965.499784283149,4207.209196564683,0.0,0.9504848989386145,0.43373911951007016
1007760.0,4965.48794170323,4207.221044697867,0.0,0.9504848422201054,0.4337404919463194
1007820.0,4965.476089885613,4207.232886175848,0.0,0.9504850851071693,0.4337418644121745
1007880.0,4965.464252963474,4207.244738422243,0.0,0.950484844190637,0.43374323683272104
1007940.0,4965.452412861938,4207.256588390943,0.0,0.9504847061486982,0.43374460926429803
1008000.0,4965.440564292831,4207.268432248334,0.0,0.9504848429410481,0.43374598172230155
1008060.0,4965.428717512207,4207.280277417258,0.0,0.9504849212934434,0.4337473541760822
1008120.0,4965.41687559975,4207.292126110402,0.0,0.9504848414363792,0.4337487266153688
1008180.0,4965.405025210033,4207.30396869272,0.0,0.9504850365873991,0.433750099081609
1008240.0,4965.393186760752,4207.315819913571,0.0,0.9504848437929351,0.4337514715119307
1008300.0,4965.381345765047,4207.3276693139815,0.0,0.950484733320742,0.4337528439513395
1008360.0,4965.369497992766,4207.339513824673,0.0,0.9504848427764021,0.43375421641198336
1008420.0,4965.357651649401,4207.351359387146,0.0,0.950484905467198,0.433755588869508
1008480.0,4965.345809200777,4207.363207770617,0.0,0.9504848415557497,0.433756961315527
1008540.0,4965.333959966951,4207.375051265641,0.0,0.9504849977110629,0.43375833378330475
1008600.0,4965.322120286634,4207.386901674823,0.0,0.9504848434249237,0.43375970622249205
1008660.0,4965.310278566405,4207.398750629471,0.0,0.9504847550146729,0.43376107866921126
1008720.0,4965.2984313501565,4207.410595619918,0.0,0.9504848449444313,0.4337624511332607
1008780.0,4965.286587475495,4207.422443038571,0.0,0.9504848261046225,0.4337638235879495
1008840.0,4965.274742228667,4207.4342894783,0.0,0.9504848515866504,0.43376519604767305
1008900.0,4965.262898174215,4207.446136792528,0.0,0.9504848381048286,0.43376656850458273
1008960.0,4965.2510524071595,4207.457982882641,0.0,0.9504848799848192,0.43376794096762544
1009020.0,4965.239209099378,4207.46983076187,0.0,0.9504848417760303,0.4337693134239107
1009080.0,4965.227359567486,4207.481674162694,0.0,0.9504850053269057,0.4337706859005505
1009140.0,4965.215520064731,4207.493524816821,0.0,0.9504848430759046,0.4337720583468198
1009200.0,4965.203678417358,4207.505373940686,0.0,0.9504847501024665,0.43377343080094266
1009260.0,4965.191830990495,4207.517218895333,0.0,0.9504848446781632,0.4337748032732669
1009320.0,4965.1799870781115,4207.529066403226,0.0,0.9504848248676482,0.4337761757356992
1009380.0,4965.168141723112,4207.540912881241,0.0,0.9504848516676594,0.43377754820338266
1009440.0,4965.156297622424,4207.552760278545,0.0,0.9504848374918069,0.43377892066806156
1009500.0,4965.144451721138,4207.564606388091,0.0,0.9504848815365372,0.4337802931391438
1009560.0,4965.132608406424,4207.576454378819,0.0,0.9504848413568688,0.4337816656030772
1009620.0,4965.120758546913,4207.588297659199,0.0,0.9504850133552302,0.4337830380883507
1009680.0,4965.108919234389,4207.600148567426,0.0,0.9504848427281518,0.4337844105416619
1009740.0,4965.097077667132,4207.611997865743,0.0,0.9504847449559332,0.43378578300316484
1009800.0,4965.085230102543,4207.623842836823,0.0,0.9504848418189737,0.43378715548351265
1009860.0,4965.0733838011765,4207.635688740072,0.0,0.9504848972953488,0.4337885279612486
1009920.0,4965.061540945984,4207.647537140522,0.0,0.9504848407291498,0.4337899004288546
1009980.0,4965.049688878685,4207.659378903005,0.0,0.9504850829634033,0.4337912729259927
1010040.0,4965.03785166555,4207.6712314060605,0.0,0.9504848426941597,0.43379264537793966
1010100.0,4965.026011281813,4207.683081637331,0.0,0.9504847050230543,0.43379401784089106
1010160.0,4965.014162453978,4207.694925773105,0.0,0.9504848414477025,0.433795390330202
1010220.0,4965.002315409643,4207.706771217041,0.0,0.9504849195894398,0.43379676281530316
1010280.0,4964.990473219968,4207.7186201760915,0.0,0.9504848399468507,0.43379813528594846
1010340.0,4964.978622576522,4207.730463040131,0.0,0.9504850345733731,0.43379950778347975
1010400.0,4964.966783840389,4207.74231452038,0.0,0.9504848422968479,0.43380088024518626
1010460.0,4964.954942564872,4207.754164184916,0.0,0.9504847321213842,0.43380225271595896
1010520.0,4964.94309453156,4207.766008972386,0.0,0.9504848412828201,0.43380362520791305
1010580.0,4964.931247923177,4207.7778548089345,0.0,0.950484903805114,0.43380499769675823
1010640.0,4964.9194051987315,4207.789703459197,0.0,0.95048484006522,0.43380637017412826
1010700.0,4964.907555707873,4207.801547233662,0.0,0.9504849958009933,0.4338077426732029
1010760.0,4964.895715744033,4207.813397904427,0.0,0.9504848419291475,0.4338091151437618
1010820.0,4964.883873745911,4207.82524712444,0.0,0.9504847537561827,0.43381048762183577
1010880.0,4964.872026266993,4207.837092390501,0.0,0.950484843444349,0.4338118601171962
1010940.0,4964.8601821203865,4207.848940078511,0.0,0.9504848246550178,0.4338132326032219
1011000.0,4964.848336605397,4207.860786790139,0.0,0.9504848500685058,0.4338146050942708
1011060.0,4964.836492279467,4207.872634374022,0.0,0.9504848366227736,0.43381597758251467
1011120.0,4964.824646245664,4207.884480736969,0.0,0.950484878390191,0.4338173500768775
1011180.0,4964.812802664302,4207.896328884421,0.0,0.9504848402838912,0.43381872256450205
1011240.0,4964.800952876059,4207.908172565061,0.0,0.9504850033953864,0.4338200950724311
1011300.0,4964.78911308915,4207.9200234802665,0.0,0.9504848415800483,0.4338214675500685
1011360.0,4964.777271163544,4207.931872869184,0.0,0.950484748856188,0.4338228400355416
1011420.0,4964.765423474457,4207.943718099666,0.0,0.9504848431777777,0.43382421253917014
1011480.0,4964.753579290092,4207.955565876807,0.0,0.9504848234203539,0.4338255850329338
1011540.0,4964.741733667092,4207.967412626747,0.0,0.9504848501482771,0.43382695753193645
1011600.0,4964.729889294915,4207.979260293617,0.0,0.9504848360103823,0.4338283300279441
1011660.0,4964.718043127114,4207.991106676072,0.0,0.9504848799367144,0.4338297025303403
1011720.0,4964.7061995387,4208.002954934861,0.0,0.9504848398648382,0.43383107502560775
1011780.0,4964.6943494236075,4208.014798495495,0.0,0.9504850114011525,0.4338324475421626
1011840.0,4964.6825098262625,4208.026649664264,0.0,0.9504848412322123,0.4338338200268382
1011900.0,4964.670667980413,4208.038499227309,0.0,0.9504847437224563,0.4338351925196868
1011960.0,4964.6588201538425,4208.050344474307,0.0,0.9504848403252499,0.4338365650313325
1012020.0,4964.6469735869705,4208.062190651085,0.0,0.9504848956525218,0.4338379375403756
1012080.0,4964.635130456716,4208.07403931862,0.0,0.9504848392381269,0.4338393100393157
1012140.0,4964.62327813986,4208.085881365362,0.0,0.9504850808217367,0.4338406825677142
1012200.0,4964.6114406359975,4208.097734124927,0.0,0.9504848411976335,0.43384205505103846
1012260.0,4964.599599970296,4208.109584618598,0.0,0.9504847038961293,0.43384342754534144
1012320.0,4964.587750883887,4208.1214290325315,0.0,0.9504848399542977,0.43384480006593695
1012380.0,4964.575903576014,4208.133274751268,0.0,0.9504849178860719,0.433846172582336
1012440.0,4964.564061109339,4208.145123976041,0.0,0.95048483845725,0.4338475450843171
1012500.0,4964.552210212304,4208.156967121572,0.0,0.9504850325610319,0.4338489176131169
1012560.0,4964.540371189572,4208.168818861059,0.0,0.9504848408007106,0.43385029010618537
1012620.0,4964.52852963447,4208.180668789543,0.0,0.9504847309209761,0.4338516626082992
1012680.0,4964.516681340291,4208.192513853576,0.0,0.9504848397891797,0.43385303513154094
1012740.0,4964.50483446707,4208.204359963996,0.0,0.9504849021434347,0.4338544076516841
1012800.0,4964.4929914670165,4208.2162088808645,0.0,0.9504848385746237,0.43385578016038245
1012860.0,4964.481138116161,4208.2280503350285,0.0,0.9504851108234339,0.43385715270211705
1012920.0,4964.469301458252,4208.239903861532,0.0,0.9504848407933525,0.43385852519299933
1012980.0,4964.457461238757,4208.251754833056,0.0,0.9504846860718835,0.4338598976960885
1013040.0,4964.4456115306175,4208.263598952538,0.0,0.9504848394027589,0.4338612702287527
1013100.0,4964.4337638281,4208.275444541039,0.0,0.9504849272302975,0.43386264275652187
1013160.0,4964.42192158154,4208.287294080157,0.0,0.9504848377262541,0.43386401526798357
1013220.0,4964.410075996976,4208.299141220216,0.0,0.9504848563767376,0.4338653877905986
1013280.0,4964.398231762077,4208.3109893483725,0.0,0.950484830956004,0.43386676030988736
1013340.0,4964.386386326783,4208.322836621774,0.0,0.9504848442787979,0.43386813283371
1013400.0,4964.374542578674,4208.334685128063,0.0,0.9504848025528193,0.4338695053532222
1013460.0,4964.362696371595,4208.346531869028,0.0,0.9504848404627646,0.43387087788108203
1013520.0,4964.350856330413,4208.358383085937,0.0,0.950484677753944,0.4338722503912393
1013580.0,4964.339006311024,4208.370227096598,0.0,0.9504848390046506,0.4338736229324767
1013640.0,4964.327158401358,4208.382072651595,0.0,0.9504849313695531,0.43387499546849906
1013700.0,4964.315316229468,4208.393922361106,0.0,0.9504848372458617,0.43387636798734713
1013760.0,4964.303470547697,4208.4057695472,0.0,0.9504848568615595,0.433877740517877
1013820.0,4964.291626285629,4208.417617772065,0.0,0.9504848301302969,0.43387911304486504
1013880.0,4964.279780761595,4208.4294650976235,0.0,0.950484844143195,0.43388048557657627
1013940.0,4964.2679370122305,4208.441313719366,0.0,0.9504848002647206,0.433881858103708
1014000.0,4964.256090677344,4208.453160484214,0.0,0.950484840134397,0.4338832306395761
1014060.0,4964.244250827175,4208.4650119556845,0.0,0.950484669025774,0.43388460315676103
1014120.0,4964.232400483967,4208.476855848405,0.0,0.9504848386052758,0.4338859757066094
1014180.0,4964.220552359958,4208.488701364664,0.0,0.9504849357418729,0.43388734825090564
1014240.0,4964.208710190776,4208.5005511921345,0.0,0.9504848393437204,0.4338887207773333
1014300.0,4964.196866743348,4208.512400114914,0.0,0.950484784098278,0.4338900933089539
1014360.0,4964.1850198618295,4208.524246562106,0.0,0.9504848402617885,0.4338914658515776
1014420.0,4964.173182116786,4208.536099633035,0.0,0.9504845993146146,0.4338928383673704
1014480.0,4964.161329596648,4208.547942029446,0.0,0.9504848381422982,0.43389421092898356
1014540.0,4964.149480206239,4208.559786707668,0.0,0.9504849749520925,0.4338955834822469
1014600.0,4964.137639203155,4208.571637455723,0.0,0.9504848392161133,0.4338969560101674
1014660.0,4964.125796404584,4208.58348692514,0.0,0.9504847614334864,0.43389832854487
1014720.0,4964.113948771649,4208.5953329066015,0.0,0.9504848405428843,0.4338997010948783
1014780.0,4964.1021095268925,4208.607184966186,0.0,0.9504846469341397,0.43390107362003644
1014840.0,4964.090258431095,4208.619028469654,0.0,0.9504848380405823,0.4339024461823495
1014900.0,4964.078409837496,4208.630873801343,0.0,0.9504849475102422,0.4339038187382404
1014960.0,4964.066567954751,4208.64272399107,0.0,0.9504848388832816,0.43390519127393873
1015020.0,4964.054724633004,4208.654573159829,0.0,0.9504847766317661,0.4339065638153235
1015080.0,4964.042877441957,4208.666419538213,0.0,0.9504848399284009,0.4339079363690494
1015140.0,4964.03104054802,4208.678273379823,0.0,0.9504845684072837,0.43390930889237594
1015200.0,4964.0191870048,4208.6901151913,0.0,0.9504848375504581,0.4339106814672842
1015260.0,4964.00733698984,4208.701959572836,0.0,0.9504849917283494,0.43391205403261734
1015320.0,4963.995496426866,4208.713810794292,0.0,0.9504848387710906,0.4339134265693347
1015380.0,4963.983653842022,4208.725660573358,0.0,0.9504847511221659,0.4339147991135296
1015440.0,4963.97180580994,4208.737506421162,0.0,0.9504848402767823,0.4339161716749142
1015500.0,4963.959961089718,4208.749354677059,0.0,0.9504848215989214,0.4339175442270214
1015560.0,4963.948115009464,4208.761201962206,0.0,0.9504848468610526,0.43391891678412664
1015620.0,4963.9362701109485,4208.7730501146325,0.0,0.9504848334950167,0.4339202893384466
1015680.0,4963.924423514989,4208.7848970531595,0.0,0.9504848750138479,0.43392166189885417
1015740.0,4963.912579356418,4208.796745765987,0.0,0.9504848371338653,0.4339230344525652
1015800.0,4963.900729028933,4208.808590037659,0.0,0.9504849992753848,0.4339244070264702
1015860.0,4963.888888641504,4208.82044150244,0.0,0.950484838421816,0.4339257795702583
1015920.0,4963.877046128423,4208.8322914497285,0.0,0.9504847462489824,0.43392715212184274
1015980.0,4963.8651978871485,4208.844137262439,0.0,0.9504848400095464,0.43392852469148113
1016040.0,4963.85335312909,4208.8559856072425,0.0,0.9504848203693336,0.43392989725131476
1016100.0,4963.841506941178,4208.867832930765,0.0,0.9504848469381051,0.43393126981636104
1016160.0,4963.829661996389,4208.879681165989,0.0,0.950484832884012,0.433932642378433
1016220.0,4963.81781526694,4208.891528124194,0.0,0.9504848765489495,0.43393401494686074
1016280.0,4963.805971101047,4208.903376948006,0.0,0.950484836715052,0.43393538750820393
1016340.0,4963.7941204484,4208.915221100639,0.0,0.950485007231428,0.4339367600907184
1016400.0,4963.782280249067,4208.927072817817,0.0,0.9504848380737974,0.433938132641537
1016460.0,4963.770437814946,4208.93892293852,0.0,0.9504847411434636,0.4339395052004876
1016520.0,4963.758589436717,4208.950768767932,0.0,0.9504848371717267,0.4339408777781299
1016580.0,4963.746742310422,4208.962615521842,0.0,0.9504848921698186,0.43394225035318995
1016640.0,4963.734898599676,4208.97446475225,0.0,0.9504848360905663,0.43394362291820654
1016700.0,4963.723045758549,4208.986307399862,0.0,0.9504850762376635,0.4339449955125189
1016760.0,4963.711207639663,4208.998160698903,0.0,0.9504848380379229,0.433946368062016
1016820.0,4963.699366378252,4209.010011745086,0.0,0.9504847015524676,0.43394774062243446
1016880.0,4963.687516747699,4209.0218567464,0.0,0.9504848368014791,0.43394911320899743
1016940.0,4963.675668884735,4209.033703045084,0.0,0.950484914269661,0.4339504857913932
1017000.0,4963.663825833295,4209.045552829722,0.0,0.9504848353128317,0.43395185835945527
1017060.0,4963.651974403098,4209.057396570001,0.0,0.9504850282623644,0.4339532309541871
1017120.0,4963.640134774439,4209.069248854999,0.0,0.9504848376418591,0.4339546035133946
1017180.0,4963.628292628867,4209.081099339423,0.0,0.9504847284151923,0.4339559760816011
1017240.0,4963.616443785485,4209.0929449872965,0.0,0.9504848366358422,0.4339573486708167
1017300.0,4963.604596354304,4209.104791675606,0.0,0.9504848986191274,0.43395872125695695
1017360.0,4963.592752772544,4209.116641154293,0.0,0.9504848354280069,0.4339600938317195
1017420.0,4963.5808989033385,4209.128483213103,0.0,0.9504851060579645,0.43396146643933536
1017480.0,4963.569061624806,4209.14033727506,0.0,0.9504848376330443,0.4339628389963907
1017540.0,4963.557220806454,4209.152188796733,0.0,0.9504846838312089,0.4339642115655887
1017600.0,4963.545370557565,4209.164033505659,0.0,0.9504848362502181,0.43396558416419456
1017660.0,4963.533522301961,4209.175879675232,0.0,0.9504849235553245,0.4339669567579391
1017720.0,4963.521679468875,4209.187729772791,0.0,0.9504848345831808,0.433968329335471
1017780.0,4963.509827194975,4209.199573057621,0.0,0.9504850520256305,0.4339697019429382
1017840.0,4963.497988220828,4209.211425971083,0.0,0.9504848372183279,0.43397107451027395
1017900.0,4963.4861464118485,4209.223276853965,0.0,0.9504847141347155,0.4339724470875861
1017960.0,4963.474297055719,4209.235122285813,0.0,0.9504848360951724,0.433973819688519
1018020.0,4963.462449292395,4209.246968888756,0.0,0.950484905950205,0.4339751922858208
1018080.0,4963.450605867416,4209.258818635806,0.0,0.9504848347445851,0.4339765648702413
1018140.0,4963.438754886186,4209.2706629327095,0.0,0.9504850087381463,0.4339779374788061
1018200.0,4963.426914546221,4209.282514936086,0.0,0.950484836836693,0.43397931005540846
1018260.0,4963.41507193556,4209.294365316759,0.0,0.9504847383344184,0.4339806826402537
1018320.0,4963.40322328485,4209.306211336084,0.0,0.9504848359213316,0.43398205524408845
1018380.0,4963.391375906483,4209.318058294799,0.0,0.9504848918123784,0.4339834278452766
1018440.0,4963.379531998891,4209.329907770333,0.0,0.9504848348239754,0.4339848004362495
1018500.0,4963.36767881364,4209.3417505555235,0.0,0.9504850788678938,0.4339861730569749
1018560.0,4963.355840588473,4209.3536041658,0.0,0.9504848368042705,0.4339875456321459
1018620.0,4963.343999170216,4209.365455486286,0.0,0.9504846981051283,0.43398891821839475
1018680.0,4963.332149247708,4209.377300663246,0.0,0.9504848355491111,0.4339902908312075
1018740.0,4963.320301121526,4209.38914715855,0.0,0.9504849142747971,0.433991663439763
1018800.0,4963.308457884647,4209.400997196593,0.0,0.9504848340376572,0.4339930360337427
1018860.0,4963.296606133824,4209.412841091561,0.0,0.9504850301182158,0.43399440865481154
1018920.0,4963.284766375254,4209.424693670495,0.0,0.9504848364058146,0.4339957812397634
1018980.0,4963.272924059308,4209.436544419299,0.0,0.9504847254077472,0.4339971538338393
1019040.0,4963.261074937437,4209.448390252607,0.0,0.950484835384821,0.43399852644925974
1019100.0,4963.249227250766,4209.460237143131,0.0,0.9504848983743562,0.4339998990615327
1019160.0,4963.237383475754,4209.472086869475,0.0,0.9504848341587353,0.43400127166223457
1019220.0,4963.225532886184,4209.483931681554,0.0,0.9504849910579501,0.43400264428480273
1019280.0,4963.2136918915985,4209.495783444144,0.0,0.9504848360371908,0.43400401687862095
1019340.0,4963.201848848345,4209.507633744441,0.0,0.9504847472060517,0.4340053894799996
1019400.0,4963.190000285276,4209.5194800596255,0.0,0.950484837564316,0.4340067620987967
1019460.0,4963.178155078346,4209.531328815733,0.0,0.9504848186349644,0.43400813470817523
1019520.0,4963.166308493355,4209.543176587695,0.0,0.9504848442385528,0.4340095073226078
1019580.0,4963.154463105973,4209.555025238695,0.0,0.9504848306927063,0.4340108799342036
1019640.0,4963.142615998622,4209.5668726590675,0.0,0.9504848727723716,0.4340122525519572
1019700.0,4963.130771361267,4209.578721877912,0.0,0.9504848343817743,0.43401362516291
1019760.0,4963.118920472895,4209.590566594671,0.0,0.9504849987118464,0.4340149977943147
1019820.0,4963.107079657185,4209.602418602903,0.0,0.95048483568822,0.4340163703951828
1019880.0,4963.095236687642,4209.614269072711,0.0,0.9504847422720993,0.4340177430039348
1019940.0,4963.083387913579,4209.626115351308,0.0,0.9504848372984908,0.4340191156309812
1020000.0,4963.071542669298,4209.637964196524,0.0,0.9504848173937976,0.4340204882480745
1020060.0,4963.059695976201,4209.649812006374,0.0,0.9504848443216637,0.43402186087043937
1020120.0,4963.047850542916,4209.661660740291,0.0,0.9504848300784716,0.4340232334897759
1020180.0,4963.036003301285,4209.673508179598,0.0,0.9504848743332174,0.4340246061155421
1020240.0,4963.0241586575,4209.685357509933,0.0,0.9504848339623255,0.4340259787341141
1020300.0,4963.012307440617,4209.69720210501,0.0,0.9504850067803421,0.4340273513741287
1020360.0,4963.000466816499,4209.709054368081,0.0,0.9504848353405219,0.43402872398200626
1020420.0,4962.9886239279585,4209.720905012663,0.0,0.9504847371026907,0.4340300965981077
1020480.0,4962.976775016101,4209.732751307179,0.0,0.9504848344273927,0.4340314692331506
1020540.0,4962.964927373034,4209.744598538674,0.0,0.9504848901682563,0.43403284186555624
1020600.0,4962.9530831911225,4209.756448280491,0.0,0.9504848333327572,0.43403421448777374
1020660.0,4962.941229757234,4209.768291349276,0.0,0.9504850767212101,0.43403558713966955
1020720.0,4962.929391241967,4209.780145215178,0.0,0.9504848353075083,0.434036959746129
1020780.0,4962.917549542436,4209.791996797228,0.0,0.9504846969807175,0.43403833236364
1020840.0,4962.905699362211,4209.803842251638,0.0,0.9504848340554937,0.4340397050076474
1020900.0,4962.893850973313,4209.815689021006,0.0,0.9504849125696198,0.4340410776474109
1020960.0,4962.882007460159,4209.827539323962,0.0,0.9504848325478731,0.43404245027263716
1021020.0,4962.87015545664,4209.839383499737,0.0,0.9504850281016997,0.4340438229248845
1021080.0,4962.858315412124,4209.851236337043,0.0,0.950484834909444,0.434045195541109
1021140.0,4962.8464728173,4209.863087348973,0.0,0.950484724209335,0.43404656816643644
1021200.0,4962.834623435404,4209.874933458115,0.0,0.9504848338909662,0.4340479408130544
1021260.0,4962.822775484705,4209.886780621764,0.0,0.9504848967112627,0.4340493134565354
1021320.0,4962.81093143482,4209.898630613908,0.0,0.9504848326679465,0.4340506860884757
1021380.0,4962.799080589241,4209.910475704503,0.0,0.950484989145791,0.4340520587422281
1021440.0,4962.787239312051,4209.922327727662,0.0,0.9504848345411324,0.4340534313673057
1021500.0,4962.7753959918455,4209.934178292328,0.0,0.9504847459483718,0.43405480399992685
1021560.0,4962.763547167107,4209.946024882188,0.0,0.9504848360639313,0.43405617664992263
1021620.0,4962.7517016891925,4209.9578739066765,0.0,0.950484817185289,0.43405754929052565
1021680.0,4962.73985483702,4209.969721949578,0.0,0.950484842720023,0.4340589219361713
1021740.0,4962.728009179125,4209.981570869259,0.0,0.9504848292104315,0.4340602945789892
1021800.0,4962.716161806009,4209.9934185615075,0.0,0.9504848711770084,0.43406166722795053
1021860.0,4962.704316896029,4210.005268047596,0.0,0.9504848328893692,0.43406303987013034
1021920.0,4962.692465752333,4210.017113043248,0.0,0.9504849967781102,0.43406441253271166
1021980.0,4962.68062465338,4210.028965311537,0.0,0.9504848341920811,0.4340657851648356
1022040.0,4962.668781406541,4210.040816045401,0.0,0.9504847410266766,0.4340671578048255
1022100.0,4962.656932371256,4210.05266259889,0.0,0.9504848357978025,0.43406853046306376
1022160.0,4962.645086855956,4210.064511712383,0.0,0.9504848159464382,0.434069903111376
1022220.0,4962.633239895842,4210.076359793197,0.0,0.9504848428018933,0.4340712757649479
1022280.0,4962.621394192033,4210.088208795705,0.0,0.950484828596829,0.4340726484155009
1022340.0,4962.60954668487,4210.100056506962,0.0,0.9504848727326499,0.43407402107246873
1022400.0,4962.597701768344,4210.111906104374,0.0,0.9504848324700295,0.4340753937222622
1022460.0,4962.585850296909,4210.1237509787825,0.0,0.9504850048239606,0.43407676639344556
1022520.0,4962.574009388884,4210.1356035013805,0.0,0.9504848338442994,0.43407813903257525
1022580.0,4962.562166222687,4210.147454409693,0.0,0.9504847358700914,0.4340795116799101
1022640.0,4962.550317049852,4210.159300979181,0.0,0.9504848329333958,0.43408088434613845
1022700.0,4962.538469142271,4210.171148483253,0.0,0.9504848885244801,0.43408225700973874
1022760.0,4962.526624686248,4210.182998491168,0.0,0.9504848318414731,0.43408362966317776
1022820.0,4962.514771003859,4210.194841843314,0.0,0.9504850745763528,0.4340850023462214
1022880.0,4962.502932198751,4210.2066959646845,0.0,0.9504848338106964,0.434086374983946
1022940.0,4962.491090218178,4210.2185478081265,0.0,0.9504846958551794,0.4340877476326964
1023000.0,4962.4792397804,4210.23039353977,0.0,0.9504848325618166,0.434089120307876
1023060.0,4962.46739112896,4210.242240582989,0.0,0.950484910865133,0.43409049297882507
1023120.0,4962.455547339752,4210.254091150679,0.0,0.9504848310580153,0.4340918656352751
1023180.0,4962.443695083672,4210.2659356070235,0.0,0.9504850260869911,0.4340932383186785
1023240.0,4962.431854753467,4210.2777887025495,0.0,0.9504848334130233,0.4340946109661529
1023300.0,4962.420011879994,4210.28963997743,0.0,0.9504847230098566,0.43409598362270935
1023360.0,4962.408162238232,4210.301486362192,0.0,0.9504848323970524,0.4340973563005025
1023420.0,4962.396314023684,4210.313333798756,0.0,0.9504848950486955,0.43409872897516905
1023480.0,4962.384469699142,4210.325184056521,0.0,0.9504848311770878,0.43410010163832535
1023540.0,4962.372618597702,4210.337029425406,0.0,0.9504849872350114,0.4341014743232395
1023600.0,4962.360777038145,4210.348881708968,0.0,0.9504848330450225,0.43410284697955376
1023660.0,4962.34893344121,4210.360732537825,0.0,0.9504847446898094,0.4341042196433946
1023720.0,4962.337084354971,4210.372579402143,0.0,0.9504848345635103,0.43410559232456636
1023780.0,4962.325238606277,4210.3844286948215,0.0,0.9504848157354,0.4341069649963712
1023840.0,4962.313391487115,4210.396277008458,0.0,0.9504848412015204,0.43410833767320717
1023900.0,4962.301545558907,4210.408126196627,0.0,0.950484827728057,0.43410971034722406
1023960.0,4962.2896979202105,4210.419974160542,0.0,0.9504848695819442,0.4341110830273704
1024020.0,4962.277852737816,4210.43182391368,0.0,0.9504848313968997,0.434112455700754
1024080.0,4962.26600133894,4210.4436691879955,0.0,0.9504849948459297,0.43411382839448925
1024140.0,4962.254159956992,4210.455521716183,0.0,0.9504848326958911,0.43411520105784607
1024200.0,4962.242316433082,4210.467372713925,0.0,0.9504847397803318,0.4341165737290511
1024260.0,4962.230467136746,4210.479219542094,0.0,0.9504848342970784,0.4341179464184584
1024320.0,4962.218621350631,4210.491068923671,0.0,0.9504848144988631,0.43411931909796714
1024380.0,4962.206774123685,4210.502917275251,0.0,0.9504848412821508,0.43412069178272356
1024440.0,4962.194928149553,4210.514766546156,0.0,0.9504848271150861,0.4341220644644704
1024500.0,4962.183080377046,4210.526614529159,0.0,0.9504848711323743,0.43412343715261703
1024560.0,4962.171235187987,4210.538464393459,0.0,0.9504848309776688,0.43412480983360924
1024620.0,4962.159383462144,4210.550309546973,0.0,0.9504850028690608,0.4341261825359388
1024680.0,4962.147542270456,4210.562162328935,0.0,0.9504848323480258,0.43412755520629775
1024740.0,4962.135698826826,4210.5740135008,0.0,0.9504847346365636,0.4341289278848433
1024800.0,4962.123849393183,4210.5858603450515,0.0,0.9504848314393399,0.4341303005822348
1024860.0,4962.112001221266,4210.597708121493,0.0,0.9504848868811877,0.4341316732770072
1024920.0,4962.100156491343,4210.609558395321,0.0,0.9504848303501204,0.4341330459616453
1024980.0,4962.0883025605735,4210.6214020305815,0.0,0.9504850724337353,0.43413441867581437
1025040.0,4962.076463465893,4210.633256407274,0.0,0.9504848323138352,0.43413579134478164
1025100.0,4962.064621204514,4210.645108511937,0.0,0.9504846947282972,0.43413716402474856
1025160.0,4962.0527705093355,4210.656954520586,0.0,0.9504848310680801,0.4341385367310778
1025220.0,4962.040921595529,4210.668801837447,0.0,0.9504849091611756,0.4341399094331895
1025280.0,4962.029077530485,4210.680652669689,0.0,0.9504848295680879,0.43414128212084013
1025340.0,4962.017225021994,4210.69249740638,0.0,0.9504850240736504,0.43414265483537695
1025400.0,4962.005384406343,4210.704350759952,0.0,0.9504848319165509,0.4341440275140784
1025460.0,4961.993541254443,4210.716202297604,0.0,0.9504847218095249,0.4341454002018408
1025520.0,4961.98169135299,4210.7280489577715,0.0,0.9504848309030806,0.43414677291078624
1025580.0,4961.969842874776,4210.739896667047,0.0,0.9504848933864415,0.43414814561661547
1025640.0,4961.957998275782,4210.751747190246,0.0,0.9504848296861645,0.43414951831096504
1025700.0,4961.946146918648,4210.763592837206,0.0,0.9504849853251336,0.4341508910270182
1025760.0,4961.934305076955,4210.7754453809985,0.0,0.9504848315488594,0.43415226371454674
1025820.0,4961.922461203502,4210.78729647386,0.0,0.9504847434306776,0.43415363640958454
1025880.0,4961.910611855943,4210.799143612431,0.0,0.9504848330630455,0.4341550091219095
1025940.0,4961.898765836668,4210.810993173103,0.0,0.9504848142853568,0.4341563818248933
1026000.0,4961.886918450704,4210.822841757278,0.0,0.9504848396830136,0.434157754532897
1026060.0,4961.875072252381,4210.834691213739,0.0,0.9504848262455994,0.4341591272380906
1026120.0,4961.8632243482925,4210.846539449123,0.0,0.9504848679870392,0.43416049994939926
1026180.0,4961.851378893688,4210.858389469122,0.0,0.9504848299043689,0.4341618726539643
1026240.0,4961.839527239798,4210.870235021886,0.0,0.9504849929145809,0.4341632453788308
1026300.0,4961.827685575086,4210.882087809794,0.0,0.950484831199648,0.4341646180733977
1026360.0,4961.81584177432,4210.893939071229,0.0,0.9504847385333559,0.4341659907757951
1026420.0,4961.803992217106,4210.905786173868,0.0,0.9504848327963117,0.4341673634963489
1026480.0,4961.792146160377,4210.917635823335,0.0,0.9504848130511196,0.4341687362070311
1026540.0,4961.780298666793,4210.92948444548,0.0,0.9504848397624112,0.43417010892294905
1026600.0,4961.768452422536,4210.941333984587,0.0,0.9504848256332563,0.43417148163586683
1026660.0,4961.756604384868,4210.953182239133,0.0,0.9504848695322986,0.43417285435516967
1026720.0,4961.744758923479,4210.965032370131,0.0,0.950484829485246,0.43417422706733794
1026780.0,4961.732906943388,4210.976877802528,0.0,0.9504850009152362,0.43417559980079107
1026840.0,4961.721065468272,4210.98873084368,0.0,0.9504848308516994,0.43417697250235665
1026900.0,4961.709221747427,4211.0005822789135,0.0,0.95048473340237,0.43417834521209
1026960.0,4961.6973720531505,4211.01242939772,0.0,0.9504848299452264,0.4341797179406216
1027020.0,4961.685523617084,4211.024277446328,0.0,0.950484885238145,0.4341810906665433
1027080.0,4961.67367861347,4211.036127985879,0.0,0.9504848288587048,0.4341824633823578
1027140.0,4961.661824434472,4211.047971904031,0.0,0.9504850702923928,0.43418383612762945
1027200.0,4961.649985050458,4211.059826535874,0.0,0.9504848308169221,0.4341852088278162
1027260.0,4961.638142508496,4211.071678901579,0.0,0.9504846936005896,0.4341865815389769
1027320.0,4961.626291556088,4211.083525187021,0.0,0.9504848295742849,0.4341879542764327
1027380.0,4961.614442380094,4211.095372777319,0.0,0.9504849074576713,0.43418932700968443
1027440.0,4961.602598039424,4211.107223873926,0.0,0.9504848280780929,0.4341906997285132
1027500.0,4961.59074527868,4211.119068890741,0.0,0.9504850220614639,0.43419207247416075
1027560.0,4961.578904377822,4211.130922502192,0.0,0.9504848304200264,0.4341934451840664
1027620.0,4961.567060947715,4211.142774302433,0.0,0.9504847206084149,0.4341948179030122
1027680.0,4961.555210786743,4211.154621237795,0.0,0.95048482940905,0.4341961906430873
1027740.0,4961.543362045044,4211.166469219577,0.0,0.9504848917245985,0.43419756338005655
1027800.0,4961.531517171813,4211.178320008021,0.0,0.9504848281951743,0.4341989361055764
1027860.0,4961.519661960416,4211.190163333083,0.0,0.9504851002751038,0.43420030886413213
1027920.0,4961.507823421673,4211.202018731468,0.0,0.9504848304124536,0.4342016815718237
1027980.0,4961.495981325718,4211.213871574603,0.0,0.9504846757869603,0.43420305429171774
1028040.0,4961.484129752679,4211.22571756511,0.0,0.9504848290226499,0.43420442704118994
1028100.0,4961.472280182866,4211.2375650246995,0.0,0.950484916795662,0.43420579978575946
1028160.0,4961.460436062391,4211.249416435212,0.0,0.9504848273471118,0.43420717251401586
1028220.0,4961.448588608001,4211.261265446425,0.0,0.9504848459859946,0.43420854525342295
1028280.0,4961.4367425016635,4211.273115445783,0.0,0.9504848205809842,0.43420991798949876
1028340.0,4961.424895196419,4211.284964590276,0.0,0.9504848338954835,0.43421129073010467
1028400.0,4961.413049576333,4211.296814967719,0.0,0.950484792195322,0.4342126634663949
1028460.0,4961.401201500299,4211.308663579652,0.0,0.9504848300817429,0.4342140362110298
1028520.0,4961.389359582706,4211.320516667851,0.0,0.9504846674736384,0.4342154089379522
1028580.0,4961.377507699049,4211.3323625491785,0.0,0.950484828624459,0.4342167816959584
1028640.0,4961.365657922594,4211.344209974913,0.0,0.9504849209321072,0.4342181544487417
1028700.0,4961.353813876956,4211.356061555492,0.0,0.9504848268666864,0.434219527184345
1028760.0,4961.341966325733,4211.367910612398,0.0,0.9504848464702014,0.4342208999316275
1028820.0,4961.330120192516,4211.379760708125,0.0,0.9504848197554525,0.43422227267536323
1028880.0,4961.318272798895,4211.391609904433,0.0,0.9504848337596402,0.43422364542381825
1028940.0,4961.306427177817,4211.403460396994,0.0,0.950484789908277,0.4342250181676883
1029000.0,4961.294578974383,4211.415309032467,0.0,0.9504848297532505,0.43422639092029214
1029060.0,4961.282737247832,4211.427162374905,0.0,0.9504846587504436,0.4342277636542027
1029120.0,4961.270885041003,4211.43900813793,0.0,0.9504848282250027,0.43422913642078037
1029180.0,4961.2590350507235,4211.4508555245775,0.0,0.9504849253014055,0.43423050918179823
1029240.0,4961.2471910080485,4211.462707222777,0.0,0.9504848289629173,0.43423188192494183
1029300.0,4961.235345688724,4211.474558016154,0.0,0.9504847737516009,0.4342332546732725
1029360.0,4961.223496939494,4211.486406333711,0.0,0.950484829880345,0.43423462743260616
1029420.0,4961.211657315686,4211.498261275514,0.0,0.9504845890820837,0.43423600016509695
1029480.0,4961.1998029347415,4211.510105541873,0.0,0.9504848277620926,0.4342373729434145
1029540.0,4961.187951679773,4211.521952090178,0.0,0.9504849644871931,0.43423874571337373
1029600.0,4961.176108801951,4211.53380470881,0.0,0.95048482883517,0.43424011845798305
1029660.0,4961.164264130868,4211.545656048638,0.0,0.9504847511006479,0.43424149120936895
1029720.0,4961.152414631312,4211.557503900197,0.0,0.9504848301610471,0.4342428639760609
1029780.0,4961.140573509772,4211.56935783035,0.0,0.9504846366720248,0.4342442367178932
1029840.0,4961.1287205516155,4211.581203203629,0.0,0.9504848276602208,0.4342456094968834
1029900.0,4961.11687009266,4211.593050405227,0.0,0.9504849370621191,0.4342469822694434
1029960.0,4961.105026336423,4211.604902465257,0.0,0.9504848285023255,0.4342483550218047
1030020.0,4961.093181142971,4211.616753504171,0.0,0.9504847662893099,0.43424972777984683
1030080.0,4961.0813320849375,4211.6286017524535,0.0,0.9504848295467251,0.43425110055022986
1030140.0,4961.069493311542,4211.640457464537,0.0,0.9504845581936201,0.4342524732902013
1030200.0,4961.05763790911,4211.652301145454,0.0,0.950484827170181,0.4342538460817619
1030260.0,4961.045786030692,4211.6641473965865,0.0,0.9504849812526445,0.4342552188637387
1030320.0,4961.0339435927945,4211.676000488201,0.0,0.950484828389985,0.4342565916170919
1030380.0,4961.022099135524,4211.687852137245,0.0,0.9504847407952461,0.4342579643779174
1030440.0,4961.010249237649,4211.699699854674,0.0,0.9504848298946724,0.43425933715593346
1030500.0,4960.9984026476395,4211.711549980358,0.0,0.9504848112283242,0.43426070992466537
1030560.0,4960.986554699278,4211.723399135171,0.0,0.9504848364748003,0.434262082698392
1030620.0,4960.97470793125,4211.735249157302,0.0,0.9504848231169903,0.4342634554693282
1030680.0,4960.962859467865,4211.747097965388,0.0,0.9504848646101303,0.4342648282463486
1030740.0,4960.9510134389375,4211.758948547891,0.0,0.950484826753517,0.43426620101666685
1030800.0,4960.939161248631,4211.770794688802,0.0,0.9504849887947799,0.4342675738071763
1030860.0,4960.9273189863225,4211.782648023414,0.0,0.9504848280405986,0.4342689465675607
1030920.0,4960.915474600986,4211.794499840348,0.0,0.9504847359247195,0.4342703193357362
1030980.0,4960.903624494432,4211.806347522333,0.0,0.9504848296272743,0.43427169212196665
1031040.0,4960.891777866892,4211.818197736583,0.0,0.9504848099991631,0.4342730648983855
1031100.0,4960.879929811262,4211.830046929429,0.0,0.9504848365514804,0.4342744376800137
1031160.0,4960.868082997275,4211.841897034017,0.0,0.9504848225060333,0.4342758104586625
1031220.0,4960.856234400823,4211.8537458614355,0.0,0.9504848661439723,0.43427718324366354
1031280.0,4960.844388364843,4211.865596554584,0.0,0.9504848263346339,0.4342785560215741
1031340.0,4960.832535850023,4211.8774425760985,0.0,0.9504849967456825,0.43427992882065364
1031400.0,4960.820693775847,4211.889296162786,0.0,0.9504848276924672,0.43428130158802897
1031460.0,4960.808849469635,4211.901148152804,0.0,0.9504847308219715,0.434282674363531
1031520.0,4960.796999226549,4211.912995851146,0.0,0.9504848267908808,0.4342840471577261
1031580.0,4960.785150233917,4211.924844474005,0.0,0.9504848817549816,0.43428541994933156
1031640.0,4960.7733046527055,4211.93669557355,0.0,0.9504848257103155,0.43428679273088916
1031700.0,4960.761449952236,4211.948540089683,0.0,0.950485065709113,0.43428816554174143
1031760.0,4960.7496099561495,4211.960395258138,0.0,0.9504848276563966,0.43428953830776756
1031820.0,4960.7377668213985,4211.972248173484,0.0,0.9504846912551705,0.43429091108471035
1031880.0,4960.725915327677,4211.984095043423,0.0,0.9504848264206436,0.4342922838878002
1031940.0,4960.714065599445,4211.995943210787,0.0,0.9504849038409188,0.4342936566867155
1032000.0,4960.70222067691,4212.007794864383,0.0,0.9504848249328435,0.4342950294712918
1032060.0,4960.690367385821,4212.019640473061,0.0,0.9504850177631524,0.43429640228253796
1032120.0,4960.678525881969,4212.031494627157,0.0,0.9504848272603585,0.434297775058249
1032180.0,4960.6666818643025,4212.043346980466,0.0,0.9504847181011136,0.43429914784295415
1032240.0,4960.65483115697,4212.055194496789,0.0,0.9504848262548904,0.43430052064867025
1032300.0,4960.642981860168,4212.067043053581,0.0,0.950484888199852,0.4343018934513033
1032360.0,4960.631136408127,4212.078894400967,0.0,0.9504848250477286,0.4343032662425542
1032420.0,4960.619280681174,4212.090738327787,0.0,0.9504850955104874,0.4343046390666579
1032480.0,4960.607441524765,4212.102594258761,0.0,0.9504848272513307,0.4343060118401891
1032540.0,4960.595598832879,4212.114447649176,0.0,0.950484673544461,0.43430738462585855
1032600.0,4960.583746721919,4212.126294226244,0.0,0.9504848258692862,0.4343087574409394
1032660.0,4960.571896601868,4212.138142264024,0.0,0.9504849131204183,0.43431013025115095
1032720.0,4960.560051897766,4212.149994230106,0.0,0.9504848242032059,0.4343115030451444
1032780.0,4960.548197764341,4212.161839382831,0.0,0.9504850415113822,0.4343128758690739
1032840.0,4960.536356914554,4212.173694164983,0.0,0.950484826836652,0.4343142486528604
1032900.0,4960.524513233416,4212.185546916321,0.0,0.9504847038289921,0.4343156214466182
1032960.0,4960.512662014303,4212.197394216138,0.0,0.9504848257141175,0.43431699426399895
1033020.0,4960.500812386105,4212.209242687092,0.0,0.950484895525987,0.4343183670777411
1033080.0,4960.488967091007,4212.221094302406,0.0,0.9504848243642908,0.4343197398785971
1033140.0,4960.4771142488535,4212.23294046706,0.0,0.9504849982505069,0.4343211127035971
1033200.0,4960.4652720350805,4212.244794338819,0.0,0.9504848264550347,0.43432248549662467
1033260.0,4960.453427553408,4212.256646587675,0.0,0.9504847280134949,0.4343238582978897
1033320.0,4960.44157703903,4212.268494474789,0.0,0.9504848255401652,0.43432523111814564
1033380.0,4960.429727795493,4212.280343301315,0.0,0.9504848813967104,0.4343266039357476
1033440.0,4960.417882018541,4212.292194644855,0.0,0.9504848244434132,0.43432797674313
1033500.0,4960.406026975224,4212.30403929742,0.0,0.9504850683367329,0.43432934958026376
1033560.0,4960.394186873855,4212.315894775985,0.0,0.9504848264224136,0.4343307223718323
1033620.0,4960.382343583312,4212.327747964504,0.0,0.9504846878088389,0.43433209517447385
1033680.0,4960.3704917988525,4212.339595008952,0.0,0.9504848251679561,0.43433346800368205
1033740.0,4960.358641808582,4212.351443371796,0.0,0.9504849038450485,0.43433484082862545
1033800.0,4960.346796701698,4212.363295277667,0.0,0.9504848236573611,0.4343362136389879
1033860.0,4960.334943091223,4212.375141039884,0.0,0.9504850196170955,0.4343375864764398
1033920.0,4960.323101458488,4212.386995486792,0.0,0.9504848260239855,0.4343389592777637
1033980.0,4960.311257271522,4212.398848103352,0.0,0.9504847150942735,0.43434033208820655
1034040.0,4960.299406286899,4212.4106958039665,0.0,0.9504848250035486,0.4343417049199958
1034100.0,4960.287556735778,4212.422544561833,0.0,0.9504848879542374,0.43434307774863
1034160.0,4960.275711091588,4212.434396155745,0.0,0.9504848237781456,0.43434445056568843
1034220.0,4960.26385864113,4212.446242834922,0.0,0.9504849805807515,0.4343458234046125
1034280.0,4960.2520157740555,4212.458096465185,0.0,0.9504848256553713,0.4343471962147771
1034340.0,4960.240170860839,4212.469948632968,0.0,0.950484736878856,0.43434856903249686
1034400.0,4960.228320434511,4212.481796815268,0.0,0.9504848271814841,0.4343499418676359
1034460.0,4960.216473360285,4212.493647438666,0.0,0.950484808263739,0.43435131469334975
1034520.0,4960.204624909695,4212.505497077795,0.0,0.9504848338515453,0.4343526875241142
1034580.0,4960.192777655294,4212.517347596,0.0,0.9504848203139908,0.4343540603520368
1034640.0,4960.180928683035,4212.52919688343,0.0,0.950484862367761,0.4343554331861136
1034700.0,4960.169082177803,4212.541047969452,0.0,0.9504848240007188,0.4343568060133842
1034760.0,4960.157229429173,4212.552894552934,0.0,0.950484988229745,0.4343581788611038
1034820.0,4960.1453867410155,4212.564748428514,0.0,0.9504848253062885,0.4343595516782785
1034880.0,4960.133541901679,4212.576600765478,0.0,0.9504847319475769,0.4343609245033319
1034940.0,4960.121691264869,4212.58844891084,0.0,0.950484826915497,0.43436229734668086
1035000.0,4960.109844153596,4212.600299623005,0.0,0.9504848070230018,0.43436367018006994
1035060.0,4960.097995595291,4212.612149299678,0.0,0.9504848339342821,0.4343650430187272
1035120.0,4960.0861482953,4212.623999900459,0.0,0.9504848196998059,0.434366415854351
1035180.0,4960.07429918918,4212.635849206476,0.0,0.950484863927336,0.4343677886964009
1035240.0,4960.06245267779,4212.647700403655,0.0,0.9504848235812008,0.434369161531251
1035300.0,4960.050599601303,4212.659546865096,0.0,0.9504849962930739,0.43437053438754114
1035360.0,4960.038757104771,4212.671400995197,0.0,0.950484824958478,0.43437190721168584
1035420.0,4960.0269123466005,4212.683253506605,0.0,0.9504847267809444,0.43437328004404924
1035480.0,4960.015061572419,4212.695101667541,0.0,0.9504848240458373,0.4343746528953555
1035540.0,4960.003212065538,4212.706950765483,0.0,0.9504848797524001,0.43437602574401707
1035600.0,4959.991366015633,4212.718802373948,0.0,0.9504848229518017,0.4343773985824862
1035660.0,4959.979510724999,4212.730647308733,0.0,0.9504850661906916,0.43437877145063253
1035720.0,4959.967670334935,4212.742503041574,0.0,0.9504848249252669,0.4343801442733314
1035780.0,4959.955826764505,4212.754356490303,0.0,0.950484686683464,0.4343815171070773
1035840.0,4959.94397472367,4212.76620381083,0.0,0.9504848236739488,0.4343828899673223
1035900.0,4959.932124472032,4212.77805244637,0.0,0.9504849021398443,0.434384262823316
1035960.0,4959.920279090251,4212.789904615795,0.0,0.9504848221671807,0.4343856356647671
1036020.0,4959.908425228409,4212.801750657446,0.0,0.950485017601018,0.4343870085332398
1036080.0,4959.896583311127,4212.813605361375,0.0,0.9504848245272298,0.43438838136567853
1036140.0,4959.884738846666,4212.825458239703,0.0,0.9504847138949906,0.43438975420721515
1036200.0,4959.8728876033565,4212.837306214785,0.0,0.9504848235093044,0.4343911270700441
1036260.0,4959.861037789558,4212.849155244409,0.0,0.9504848862910242,0.43439249992972856
1036320.0,4959.849191871869,4212.861007102764,0.0,0.9504848222869623,0.43439387277786773
1036380.0,4959.837339166736,4212.872854059085,0.0,0.9504849786688773,0.4343952456478182
1036440.0,4959.825496018444,4212.884707948561,0.0,0.950484824158927,0.4343966184890843
1036500.0,4959.813650829652,4212.896560379355,0.0,0.9504847356204622,0.43439799133788864
1036560.0,4959.801800143002,4212.908408834964,0.0,0.9504848256807196,0.43439936420406833
1036620.0,4959.789952799157,4212.920259725381,0.0,0.9504848068136104,0.43440073706084886
1036680.0,4959.778104082745,4212.932109634083,0.0,0.9504848323326623,0.43440210992266826
1036740.0,4959.766256559193,4212.943960419607,0.0,0.9504848188313103,0.434403482781655
1036800.0,4959.754407322527,4212.955809977545,0.0,0.9504848607721592,0.43440485564678183
1036860.0,4959.742560546047,4212.967661329448,0.0,0.9504848225079218,0.43440622850512134
1036920.0,4959.730707543423,4212.979508190451,0.0,0.9504849862963896,0.4344076013838596
1036980.0,4959.71886457342,4212.99136232474,0.0,0.9504848238097642,0.4344089742321323
1037040.0,4959.70701945817,4213.003214924403,0.0,0.9504847307013058,0.4344103470882658
1037100.0,4959.69516856148,4213.0150633432895,0.0,0.9504848254144314,0.43441171996264866
1037160.0,4959.683321180557,4213.026914322371,0.0,0.9504848055751668,0.434413092827099
1037220.0,4959.67147235659,4213.038764268644,0.0,0.9504848324141697,0.4344144656968053
1037280.0,4959.6596247874395,4213.0506151366535,0.0,0.9504848182177511,0.4344158385634878
1037340.0,4959.647775417146,4213.062464713257,0.0,0.9504848623265719,0.4344172114365814
1037400.0,4959.635928634387,4213.074316176152,0.0,0.9504848220885123,0.43441858430249525
1037460.0,4959.624075304675,4213.0861629155515,0.0,0.9504849943370952,0.4344199571897964
1037520.0,4959.612232525632,4213.098017303824,0.0,0.9504848234618699,0.4344213300450353
1037580.0,4959.600387491186,4213.109870077606,0.0,0.9504847255475166,0.4344227029084741
1037640.0,4959.588536457369,4213.1217185121495,0.0,0.950484822551451,0.43442407579080805
1037700.0,4959.576686687324,4213.133567881301,0.0,0.9504848781085182,0.4344254486705065
1037760.0,4959.564840364683,4213.145419754506,0.0,0.9504848214601237,0.43442682154003937
1037820.0,4959.552984826863,4213.1572649712725,0.0,0.9504850640465596,0.4344281944391758
1037880.0,4959.541144148368,4213.169120958234,0.0,0.9504848234280702,0.43442956729298216
1037940.0,4959.529300298286,4213.180974666998,0.0,0.9504846855568816,0.43443094015780953
1038000.0,4959.517448001232,4213.192822263385,0.0,0.9504848221798823,0.43443231304906893
1038060.0,4959.505597488402,4213.20467117141,0.0,0.950484900435217,0.43443368593609005
1038120.0,4959.493751831941,4213.2165236042065,0.0,0.9504848206769295,0.43443505880860694
1038180.0,4959.481897718873,4213.228369925059,0.0,0.9504850155865323,0.4344364317080775
1038240.0,4959.470055517294,4213.240224885846,0.0,0.9504848230304231,0.4344378045716082
1038300.0,4959.458210775562,4213.252078025765,0.0,0.9504847126947934,0.4344391774442156
1038360.0,4959.446359273738,4213.263926275099,0.0,0.9504848220150018,0.4344405503380617
1038420.0,4959.434509197446,4213.275775576275,0.0,0.9504848846282131,0.4344419232287736
1038480.0,4959.4226630064695,4213.287627698888,0.0,0.9504848207957126,0.4344432961079708
1038540.0,4959.410810046823,4213.299474932135,0.0,0.9504849767580333,0.4344446690089249
1038600.0,4959.3989666175485,4213.311329080654,0.0,0.9504848226624302,0.4344460418812698
1038660.0,4959.3871211534,4213.323181774275,0.0,0.9504847343613296,0.4344474147611358
1038720.0,4959.375270206604,4213.335030502977,0.0,0.9504848241799151,0.4344487876583338
1038780.0,4959.363422593344,4213.346881660218,0.0,0.9504848053632995,0.434450160546158
1038840.0,4959.3515736112995,4213.358731838295,0.0,0.9504848308137895,0.43445153343900983
1038900.0,4959.3397258188015,4213.370582890943,0.0,0.9504848173485387,0.43445290632903777
1038960.0,4959.327876317912,4213.38243271919,0.0,0.950484859176777,0.43445427922519164
1039020.0,4959.316029270382,4213.394284336783,0.0,0.9504848210150632,0.4344556521145773
1039080.0,4959.304176013928,4213.406131475089,0.0,0.950484984363996,0.4344570250243117
1039140.0,4959.29233276231,4213.417985867907,0.0,0.9504848223131869,0.4344583979036594
1039200.0,4959.280487371359,4213.429838730082,0.0,0.9504847294544645,0.4344597707908501
1039260.0,4959.268636214974,4213.441687422285,0.0,0.9504848239133217,0.4344611436962441
1039320.0,4959.2567885646,4213.453538668087,0.0,0.9504848041271833,0.43446251659173274
1039380.0,4959.244939475164,4213.46538888376,0.0,0.9504848308940503,0.43446388949246556
1039440.0,4959.233091637056,4213.477240018804,0.0,0.9504848167356147,0.4344652623901838
1039500.0,4959.221242002775,4213.489089865788,0.0,0.9504848607259594,0.4344666352942983
1039560.0,4959.209394948848,4213.500941594209,0.0,0.9504848205957623,0.43446800819125275
1039620.0,4959.197541366077,4213.5127886113505,0.0,0.9504849923820566,0.4344693811095421
1039680.0,4959.185698304754,4213.5246432576205,0.0,0.9504848219652091,0.43447075399585217
1039740.0,4959.173852994248,4213.536496293589,0.0,0.9504847243134766,0.4344721268903437
1039800.0,4959.162001700978,4213.548345001531,0.0,0.9504848210570069,0.4344734998036825
1039860.0,4959.150151667956,4213.560194641689,0.0,0.9504848764648786,0.43447487271439494
1039920.0,4959.138305072782,4213.572046779441,0.0,0.9504848199683822,0.4344762456149687
1039980.0,4959.126449287925,4213.583892277964,0.0,0.9504850619037889,0.43447761854507244
1040040.0,4959.114608321239,4213.5957485188765,0.0,0.9504848219308222,0.4344789914299633
1040100.0,4959.102764191726,4213.6076024874965,0.0,0.9504846844294628,0.43448036432584924
1040160.0,4959.09091163862,4213.619450359527,0.0,0.9504848206857576,0.4344817372481
1040220.0,4959.0790608647785,4213.631299539833,0.0,0.9504848987309986,0.4344831101661259
1040280.0,4959.0672149338525,4213.643152235814,0.0,0.9504848191866118,0.4344844830696854
1040340.0,4959.055360569719,4213.654998835649,0.0,0.9504850135731304,0.4344858560001313
1040400.0,4959.043518084078,4213.666854053121,0.0,0.9504848215335642,0.4344872288947308
1040460.0,4959.031673065293,4213.678707454445,0.0,0.9504847114938901,0.4344886017983864
1040520.0,4959.019821305128,4213.690555977823,0.0,0.9504848205206415,0.4344899747232268
1040580.0,4959.007970966524,4213.702405550346,0.0,0.9504848829657606,0.4344913476449436
1040640.0,4958.9961245024715,4213.714257937028,0.0,0.9504848193043974,0.434492720555176
1040700.0,4958.9842676841245,4213.726102840239,0.0,0.9504850919498662,0.4344940934985267
1040760.0,4958.972427564566,4213.737959849121,0.0,0.9504848215264387,0.43449546639086917
1040820.0,4958.960583882294,4213.749814295826,0.0,0.9504846665795998,0.43449683929543864
1040880.0,4958.948730708112,4213.7616618714965,0.0,0.9504848201339008,0.43449821222966506
1040940.0,4958.936879540362,4213.773510920112,0.0,0.9504849080893802,0.43449958515896625
1041000.0,4958.925033830503,4213.7853639302175,0.0,0.9504848184550352,0.434500958071906
1041060.0,4958.913184781561,4213.797214534535,0.0,0.9504848371327301,0.43450233099602054
1041120.0,4958.901337082822,4213.809066129593,0.0,0.9504848116749992,0.4345037039167887
1041180.0,4958.889488183342,4213.820916867441,0.0,0.9504848250172478,0.4345050768420934
1041240.0,4958.877640971709,4213.832768841493,0.0,0.950484783230484,0.434506449763064
1041300.0,4958.865791300321,4213.844619045254,0.0,0.9504848211957351,0.4345078226923964
1041360.0,4958.853947797086,4213.856473737208,0.0,0.9504846582496768,0.43450919560395845
1041420.0,4958.8420943121955,4213.8683212029355,0.0,0.950484819735576,0.43451056854668757
1041480.0,4958.830242937876,4213.880170217132,0.0,0.9504849122351681,0.43451194148416983
1041540.0,4958.818397303373,4213.8920233972885,0.0,0.9504848179743041,0.4345133144044212
1041600.0,4958.8065481578415,4213.90387404695,0.0,0.9504848376186464,0.4345146873363777
1041660.0,4958.794700432581,4213.915725738164,0.0,0.9504848108484406,0.43451606026477163
1041720.0,4958.7828514449875,4213.927576527497,0.0,0.9504848248818185,0.4345174331978918
1041780.0,4958.771004232755,4213.939428616505,0.0,0.9504847809393566,0.4345188061264079
1041840.0,4958.759154434166,4213.951278843396,0.0,0.9504848208672544,0.4345201790636762
1041900.0,4958.7473111226755,4213.963133789802,0.0,0.950484649508861,0.4345215519821904
1041960.0,4958.735457314498,4213.974981136434,0.0,0.9504848193359826,0.4345229249334594
1042020.0,4958.723605726411,4213.986830110964,0.0,0.9504849166143872,0.43452429787914376
1042080.0,4958.711760095276,4213.998683408589,0.0,0.9504848200755863,0.43452567080690124
1042140.0,4958.699913185557,4214.010535798886,0.0,0.9504847647495,0.43452704373985085
1042200.0,4958.688062840577,4214.022385706691,0.0,0.9504848209950769,0.4345284166838307
1042260.0,4958.676221635394,4214.034242256442,0.0,0.9504845796959737,0.43452978960088423
1042320.0,4958.664365649956,4214.0460881020745,0.0,0.9504848188725723,0.4345311625638884
1042380.0,4958.65251279546,4214.0579362356975,0.0,0.9504849558822043,0.43453253551850207
1042440.0,4958.640668331273,4214.069790455915,0.0,0.9504848199480365,0.43453390844769263
1042500.0,4958.628822071076,4214.081643393815,0.0,0.9504847420518794,0.4345352813836691
1042560.0,4958.616970974858,4214.093492834057,0.0,0.9504848212768261,0.43453665433499084
1042620.0,4958.605128269844,4214.105348369151,0.0,0.9504846273852585,0.4345380272613772
1042680.0,4958.593273709685,4214.117195324357,0.0,0.9504848187709516,0.43453940022501925
1042740.0,4958.581421652715,4214.12904411271,0.0,0.9504849284005403,0.4345407731822039
1042800.0,4958.569576308997,4214.140897772508,0.0,0.9504848196149627,0.4345421461191307
1042860.0,4958.557729525878,4214.152750408372,0.0,0.9504847572725622,0.434543519061745
1042920.0,4958.545878872141,4214.164600246086,0.0,0.9504848206616902,0.43454489201673113
1042980.0,4958.534038519239,4214.176457567559,0.0,0.9504845487439335,0.4345462649412122
1043040.0,4958.522181511235,4214.1883028255415,0.0,0.9504848182803551,0.43454763791742257
1043100.0,4958.510328032841,4214.200150660564,0.0,0.9504849726835204,0.4345490108840131
1043160.0,4958.498484009797,4214.2120053544,0.0,0.9504848195028515,0.43455038382189776
1043220.0,4958.486637964276,4214.223858601716,0.0,0.9504847317259624,0.43455175676726604
1043280.0,4958.474786469644,4214.235707906837,0.0,0.9504848210108234,0.43455312972986926
1043340.0,4958.462938288111,4214.247559626621,0.0,0.950484802305717,0.4345545026831561
1043400.0,4958.451088746137,4214.259410372879,0.0,0.9504848276047974,0.4345558756414455
1043460.0,4958.439240386396,4214.271261988729,0.0,0.9504848142192714,0.43455724859693057
1043520.0,4958.427390328684,4214.283112387221,0.0,0.9504848557988322,0.4345586215585104
1043580.0,4958.4155427092865,4214.294964564843,0.0,0.9504848178635188,0.43455999451336386
1043640.0,4958.403688918909,4214.306812288875,0.0,0.9504849802420552,0.43456136748845536
1043700.0,4958.391845072128,4214.318667225893,0.0,0.9504848191534332,0.4345627404333352
1043760.0,4958.379999099055,4214.330520641079,0.0,0.9504847268459264,0.43456411338601864
1043820.0,4958.3681473958095,4214.342369910187,0.0,0.9504848207435652,0.43456548635680364
1043880.0,4958.356299177084,4214.354221718305,0.0,0.950484801074681,0.4345668593177435
1043940.0,4958.344449528069,4214.366072502223,0.0,0.9504848276823382,0.4345682322839011
1044000.0,4958.332601122693,4214.377924200276,0.0,0.9504848136077345,0.43456960524706484
1044060.0,4958.320750932098,4214.389774617682,0.0,0.9504848573365908,0.4345709782165922
1044120.0,4958.3089033060405,4214.401626905777,0.0,0.9504848174444582,0.4345723511790036
1044180.0,4958.2970491910355,4214.413474509616,0.0,0.9504849882103539,0.4345737241626336
1044240.0,4958.2852055330795,4214.4253296989145,0.0,0.9504848188052727,0.4345750971144684
1044300.0,4958.273359639654,4214.437183287179,0.0,0.9504847217331707,0.4345764700744432
1044360.0,4958.261507800057,4214.449032572215,0.0,0.9504848179019638,0.4345778430531598
1044420.0,4958.249657212944,4214.460882784175,0.0,0.950484872980583,0.43457921602927035
1044480.0,4958.237810042626,4214.472735479444,0.0,0.9504848168193029,0.434580588995302
1044540.0,4958.225953738799,4214.484581573542,0.0,0.9504850573179581,0.43458196199070054
1044600.0,4958.214112162467,4214.496438348541,0.0,0.9504848187695909,0.43458333494114554
1044660.0,4958.202267442607,4214.508292864304,0.0,0.9504846820844385,0.43458470790252823
1044720.0,4958.190414350675,4214.520141318397,0.0,0.9504848175314194,0.4345860808901275
1044780.0,4958.17856302707,4214.5319910733215,0.0,0.9504848951130156,0.43458745387353115
1044840.0,4958.166716516732,4214.543844323813,0.0,0.950484816040675,0.4345888268425528
1044900.0,4958.154861624745,4214.555691513092,0.0,0.9504850092727325,0.4345901998383116
1044960.0,4958.143018538548,4214.567547270694,0.0,0.9504848183731924,0.43459157279843136
1045020.0,4958.1311729346535,4214.579401222598,0.0,0.9504847089866344,0.4345929457675608
1045080.0,4958.119320630609,4214.591250324496,0.0,0.9504848173657845,0.43459431875775617
1045140.0,4958.107469739375,4214.603100469581,0.0,0.9504848794398537,0.4345956917448512
1045200.0,4958.095622698968,4214.614953412727,0.0,0.9504848161562626,0.4345970647205291
1045260.0,4958.083765367572,4214.626798915295,0.0,0.9504850871825139,0.434598437729142
1045320.0,4958.071924632772,4214.638656454238,0.0,0.9504848183646096,0.43459981068703896
1045380.0,4958.060080357006,4214.65051144572,0.0,0.9504846643376151,0.4346011836570986
1045440.0,4958.0482266473955,4214.662359605526,0.0,0.9504848169798408,0.43460255665664826
1045500.0,4958.036374931885,4214.674209229888,0.0,0.9504849044128233,0.43460392965130584
1045560.0,4958.024528640855,4214.686062793077,0.0,0.9504848153104437,0.434605302629697
1045620.0,4958.012679031131,4214.697913964283,0.0,0.9504848338769879,0.43460667561920335
1045680.0,4958.00083076332,4214.709766120588,0.0,0.9504848085701647,0.43460804860538566
1045740.0,4957.988981302081,4214.721617424623,0.0,0.9504848218329431,0.4346094215960823
1045800.0,4957.977133518327,4214.733469957816,0.0,0.950484780294037,0.43461079458247315
1045860.0,4957.96528328983,4214.745320730878,0.0,0.9504848180336208,0.43461216757718185
1045920.0,4957.953439191704,4214.757175966486,0.0,0.9504846560548238,0.43461354055422635
1045980.0,4957.941585172975,4214.769024017252,0.0,0.9504848165816319,0.43461491356226195
1046040.0,4957.929733251852,4214.780873607671,0.0,0.9504849085318061,0.43461628656508616
1046100.0,4957.917887035414,4214.7927273402165,0.0,0.9504848148303172,0.4346176595507797
1046160.0,4957.9060373293905,4214.804578556784,0.0,0.9504848343577768,0.43461903254811535
1046220.0,4957.894189034914,4214.816430808975,0.0,0.9504848077462619,0.43462040554191195
1046280.0,4957.882339485795,4214.828282164477,0.0,0.9504848216960708,0.43462177854041156
1046340.0,4957.870491701142,4214.840134812246,0.0,0.9504847780142491,0.4346231515343371
1046400.0,4957.858641345921,4214.851985608585,0.0,0.9504848177048424,0.43462452453696826
1046460.0,4957.846797438065,4214.863841097471,0.0,0.9504846473635489,0.43462589752095737
1046520.0,4957.834943097719,4214.875689030106,0.0,0.950484816182162,0.4346272705375166
1046580.0,4957.82309096383,4214.887538581363,0.0,0.9504849128827787,0.43462864354852837
1046640.0,4957.811244750435,4214.899392430985,0.0,0.9504848169168749,0.43463001654171723
1046700.0,4957.799397266227,4214.911245378519,0.0,0.9504847619189687,0.4346313895400739
1046760.0,4957.787546367755,4214.923095857789,0.0,0.9504848178304074,0.4346327625493999
1046820.0,4957.775704553122,4214.934952941031,0.0,0.9504845779634643,0.43463413553195823
1046880.0,4957.763848048626,4214.946799381436,0.0,0.9504848157200031,0.4346355085602074
1046940.0,4957.751994655868,4214.958648096784,0.0,0.9504849519160734,0.43463688158011904
1047000.0,4957.740149602079,4214.9705028639,0.0,0.9504848167885834,0.43463825457475397
1047060.0,4957.7283027632175,4214.982356356089,0.0,0.9504847393545668,0.4346396275761416
1047120.0,4957.716451117897,4214.994206370656,0.0,0.9504848181089854,0.43464100059278926
1047180.0,4957.704607812416,4215.006062445223,0.0,0.950484625368166,0.43464237358464725
1047240.0,4957.692752724277,4215.017909989037,0.0,0.9504848156174868,0.43464374661355193
1047300.0,4957.680900123965,4215.029759355554,0.0,0.950484924596013,0.4346451196360413
1047360.0,4957.6690541958205,4215.041613565647,0.0,0.9504848164559878,0.4346464926383899
1047420.0,4957.6572068370315,4215.053466757715,0.0,0.95048475448342,0.43464786564639896
1047480.0,4957.645355631279,4215.065317167668,0.0,0.9504848174960017,0.4346492386667115
1047540.0,4957.633514663308,4215.077175018588,0.0,0.9504845471921815,0.4346506116566978
1047600.0,4957.621657142093,4215.089020875081,0.0,0.9504848151283037,0.43465198469812044
1047660.0,4957.609803128848,4215.100869293911,0.0,0.9504849686145858,0.43465335772998365
1047720.0,4957.597958513094,4215.11272453231,0.0,0.9504848163430428,0.4346547307333061
1047780.0,4957.586111887189,4215.124578332515,0.0,0.950484729086988,0.43465610374407504
1047840.0,4957.574259845486,4215.136428213109,0.0,0.9504848178415631,0.43465747677198274
1047900.0,4957.562417202811,4215.148284921991,0.0,0.9504846006448184,0.43465884977183444
1047960.0,4957.55056128332,4215.160132016312,0.0,0.9504848150444055,0.4346602228133398
1048020.0,4957.538708168722,4215.171981163315,0.0,0.9504849378589348,0.4346615958474522
1048080.0,4957.526862573334,4215.183835768314,0.0,0.9504848159998658,0.43466296885881167
1048140.0,4957.515015367189,4215.195689224635,0.0,0.9504847461675059,0.43466434187638664
1048200.0,4957.503163826483,4215.207539545144,0.0,0.9504848171824134,0.4346657149077684
1048260.0,4957.491319805348,4215.2193953314945,0.0,0.9504846433688646,0.4346670879168858
1048320.0,4957.479465158687,4215.23124342525,0.0,0.9504848149274725,0.43466846095948697
1048380.0,4957.467612754312,4215.2430931638455,0.0,0.9504849131978561,0.43466983399642833
1048440.0,4957.455766366131,4215.254947270858,0.0,0.9504848156754524,0.43467120701524853
1048500.0,4957.443918686793,4215.266800460879,0.0,0.9504847597858304,0.4346725800392991
1048560.0,4957.432067538108,4215.278651142308,0.0,0.9504848166051533,0.43467395307449036
1048620.0,4957.420225620175,4215.290508535246,0.0,0.9504845728467981,0.43467532608245557
1048680.0,4957.408368775154,4215.302355111684,0.0,0.9504848144618513,0.43467669913685036
1048740.0,4957.396515092323,4215.314203999983,0.0,0.9504849528684641,0.43467807218274956
1048800.0,4957.384669883225,4215.326059038702,0.0,0.9504848155491156,0.4346794452029523
1048860.0,4957.372822860403,4215.337912781508,0.0,0.950484736859341,0.434680818229996
1048920.0,4957.360970953551,4215.3497629898975,0.0,0.9504848168922875,0.434682191272541
1048980.0,4957.349127521387,4215.361619356999,0.0,0.9504846210247669,0.43468356428987576
1049040.0,4957.3372721163505,4215.373467054091,0.0,0.9504848143617075,0.43468493734484903
1049100.0,4957.32541923951,4215.385316603426,0.0,0.9504849251092329,0.43468631039328076
1049160.0,4957.313573142676,4215.397171075281,0.0,0.9504848152151597,0.4346876834212354
1049220.0,4957.301725592276,4215.409024512318,0.0,0.9504847522377022,0.4346890564549213
1049280.0,4957.289874132839,4215.42087512179,0.0,0.9504848162733945,0.43469042950110354
1049340.0,4957.278029453311,4215.432730661283,0.0,0.9504846595278591,0.4346918025272986
1049400.0,4957.26617519168,4215.444579264038,0.0,0.9504848142317738,0.43469317558376425
1049460.0,4957.254322950924,4215.4564293512385,0.0,0.95048490284584,0.4346945486352514
1049520.0,4957.242476207084,4215.46828343113,0.0,0.9504848125409526,0.4346959216702421
1049580.0,4957.230626100387,4215.480135086172,0.0,0.9504848313587446,0.4346972947164867
1049640.0,4957.218777353612,4215.491987739694,0.0,0.9504848057107798,0.43469866775934923
1049700.0,4957.206927397595,4215.503839529162,0.0,0.9504848191531947,0.434700040806775
1049760.0,4957.195079141556,4215.515692564503,0.0,0.9504847770539682,0.43470141384982247
1049820.0,4957.183228408261,4215.527543815513,0.0,0.9504848153036888,0.4347027869012899
1049880.0,4957.171383887288,4215.5393995899985,0.0,0.95048465113831,0.4347041599348317
1049940.0,4957.159529313398,4215.5512480812195,0.0,0.9504848138332105,0.4347055329997832
1050000.0,4957.147676865268,4215.563098133007,0.0,0.9504849070254511,0.43470690605943246
1050060.0,4957.1358301979935,4215.574952383571,0.0,0.9504848120593653,0.4347082791017092
1050120.0,4957.12397999469,4215.58680408359,0.0,0.95048483185105,0.43470965215577384
1050180.0,4957.112131221877,4215.598656833305,0.0,0.9504848048807737,0.43471102520623844
1050240.0,4957.100281177785,4215.610508673941,0.0,0.9504848190194971,0.43471239826145763
1050300.0,4957.088432921816,4215.622361824422,0.0,0.9504847747484213,0.4347137713120265
1050360.0,4957.076582061082,4215.634213098019,0.0,0.9504848149754932,0.43471514437140835
1050420.0,4957.064737733896,4215.646069128244,0.0,0.950484642334789,0.43471651741187345
1050480.0,4957.052882835083,4215.657917498712,0.0,0.9504848134333695,0.43471789048534876
1050540.0,4957.04103017233,4215.669767509798,0.0,0.9504849114402156,0.43471926355318125
1050600.0,4957.029183509115,4215.681621878038,0.0,0.9504848141791186,0.43472063660293986
1050660.0,4957.017335558295,4215.693475331671,0.0,0.9504847584392433,0.43472200965791785
1050720.0,4957.0054841477195,4215.70532628319,0.0,0.9504848151061006,0.43472338272400857
1050780.0,4956.993641942332,4215.717183928922,0.0,0.9504845720012236,0.4347247557629455
1050840.0,4956.981784851153,4215.729030786069,0.0,0.9504848129683195,0.43472612884819345
1050900.0,4956.969930913392,4215.740879949136,0.0,0.950484951003721,0.43472750192497017
1050960.0,4956.958085425905,4215.7527352467605,0.0,0.9504848140524428,0.4347288749761172
1051020.0,4956.9462381296935,4215.764589251835,0.0,0.9504847355735786,0.43473024803409
1051080.0,4956.934385962962,4215.776439731621,0.0,0.950484815391787,0.4347316211075252
1051140.0,4956.922542247447,4215.788296354241,0.0,0.9504846200493585,0.43473299415581657
1051200.0,4956.91068659218,4215.800144329235,0.0,0.950484812867767,0.4347343672416513
1051260.0,4956.89883345809,4215.811994151714,0.0,0.9504849233182167,0.4347357403209635
1051320.0,4956.886987085239,4215.823848884018,0.0,0.9504848137187047,0.4347371133798521
1051380.0,4956.875139262818,4215.835702584194,0.0,0.9504847509100041,0.43473848644445945
1051440.0,4956.86328754217,4215.847553464108,0.0,0.9504848147738764,0.434739859521532
1051500.0,4956.851442582655,4215.859409261339,0.0,0.9504846584485059,0.43474123257867037
1051560.0,4956.839588067539,4215.871258139746,0.0,0.9504848127375036,0.4347426056660029
1051620.0,4956.82773556768,4215.883108498783,0.0,0.9504849011139124,0.4347439787483723
1051680.0,4956.815888549521,4215.894962840218,0.0,0.9504848110509898,0.43474535181428814
1051740.0,4956.804038177792,4215.906814763074,0.0,0.9504848298182191,0.4347467248914309
1051800.0,4956.792189162208,4215.918667681845,0.0,0.9504848042389026,0.43474809796520164
1051860.0,4956.780338940713,4215.930519738809,0.0,0.9504848176451661,0.43474947104352557
1051920.0,4956.768490414477,4215.942373038446,0.0,0.9504847756586933,0.4347508441174841
1051980.0,4956.756639417824,4215.954224558364,0.0,0.9504848138057547,0.43475221719984225
1052040.0,4956.7447946162865,4215.966080590109,0.0,0.9504846500803605,0.43475359026432325
1052100.0,4956.732939789636,4215.97792935739,0.0,0.9504848123389928,0.4347549633601342
1052160.0,4956.721087082841,4215.989779681228,0.0,0.9504849052813126,0.4347563364506589
1052220.0,4956.709240140903,4216.001634193016,0.0,0.9504848105696767,0.43475770952385623
1052280.0,4956.6973896727,4216.013486160856,0.0,0.9504848303081986,0.4347590826088131
1052340.0,4956.685540631016,4216.025339175696,0.0,0.9504848034101,0.43476045569018074
1052400.0,4956.673690321556,4216.037191283817,0.0,0.9504848175108136,0.4347618287762922
1052460.0,4956.661841795256,4216.049044698419,0.0,0.9504847733582859,0.434763201857767
1052520.0,4956.649990671383,4216.0608962409915,0.0,0.9504848134774235,0.43476457494803356
1052580.0,4956.638146062963,4216.072752527941,0.0,0.9504846412993309,0.43476594801943413
1052640.0,4956.6262909121515,4216.0846011749,0.0,0.9504848119392072,0.43476732112376126
1052700.0,4956.614437991191,4216.096451458264,0.0,0.9504849096832384,0.4347686942224622
1052760.0,4956.602591053167,4216.108306087549,0.0,0.9504848126827314,0.4347700673031365
1052820.0,4956.590742831075,4216.120159804607,0.0,0.950484757092185,0.434771440389019
1052880.0,4956.5788911587915,4216.132011026017,0.0,0.9504848136070021,0.43477281348598673
1052940.0,4956.567048666203,4216.143868924384,0.0,0.9504845711538479,0.43477418655587263
1053000.0,4956.555191329007,4216.155716062013,0.0,0.9504848114747273,0.4347755596719515
1053060.0,4956.543337136482,4216.167565499631,0.0,0.9504849491398883,0.4347769327795831
1053120.0,4956.531491370839,4216.17942105598,0.0,0.9504848125557176,0.43477830586165156
1053180.0,4956.519643801455,4216.191275323138,0.0,0.9504847342871435,0.43477967895053066
1053240.0,4956.507791375014,4216.203126074114,0.0,0.9504848138912455,0.4347810520548332
1053300.0,4956.495947376397,4216.214982952089,0.0,0.9504846190723646,0.4347824251340583
1053360.0,4956.484091471046,4216.226831204761,0.0,0.9504848113737663,0.43478379825073193
1053420.0,4956.472238079874,4216.238681300169,0.0,0.9504849215279929,0.43478517136090206
1053480.0,4956.460391431228,4216.250536292743,0.0,0.9504848122221968,0.4347865444507017
1053540.0,4956.448543337001,4216.262390255873,0.0,0.9504847495817665,0.4347879175462078
1053600.0,4956.436691355324,4216.274241406023,0.0,0.9504848132743137,0.434789290654148
1053660.0,4956.424846116055,4216.2860974608175,0.0,0.9504846573679485,0.4347906637422068
1053720.0,4956.412991347612,4216.29794661465,0.0,0.9504848112431745,0.43479203686038376
1053780.0,4956.401138588826,4216.309797245313,0.0,0.9504848993825694,0.43479340997361254
1053840.0,4956.389291296568,4216.321651848107,0.0,0.9504848095609552,0.43479478307043096
1053900.0,4956.377440660002,4216.333504038577,0.0,0.9504848282777678,0.434796156178449
1053960.0,4956.365591375813,4216.34535722241,0.0,0.9504848027669015,0.4347975292831053
1054020.0,4956.353740889034,4216.357209546669,0.0,0.9504848161371177,0.4347989023923046
1054080.0,4956.341892092812,4216.369063110407,0.0,0.9504847742630707,0.4348002754971512
1054140.0,4956.330040832991,4216.380914899035,0.0,0.9504848123077716,0.4348016486103775
1054200.0,4956.318195751124,4216.39277118787,0.0,0.9504846490211216,0.4348030217057748
1054260.0,4956.306340671869,4216.4046202309855,0.0,0.9504848108447156,0.43480439483242256
1054320.0,4956.294487706585,4216.4164708266635,0.0,0.9504849035378062,0.4348057679537998
1054380.0,4956.2826404902,4216.428325599496,0.0,0.9504848090799163,0.4348071410578951
1054440.0,4956.270789757289,4216.4401778349575,0.0,0.9504848287654162,0.43480851417372135
1054500.0,4956.258940446935,4216.4520311147335,0.0,0.9504848019393048,0.43480988728596914
1054560.0,4956.247089872299,4216.463883490141,0.0,0.9504848160021091,0.4348112604029501
1054620.0,4956.235241075876,4216.475737168675,0.0,0.9504847719678153,0.4348126335153079
1054680.0,4956.22338968905,4216.487588980022,0.0,0.9504848119793039,0.4348140066364367
1054740.0,4956.211544799631,4216.4994455235255,0.0,0.9504846402626497,0.43481537973875
1054800.0,4956.199689396978,4216.511294446749,0.0,0.9504848104449857,0.4348167528739061
1054860.0,4956.187836217985,4216.523145002181,0.0,0.9504849079268916,0.4348181260034528
1054920.0,4956.175989005371,4216.534999892335,0.0,0.9504848111862909,0.43481949911501977
1054980.0,4956.164140512218,4216.546853872631,0.0,0.9504847557446097,0.4348208722317842
1055040.0,4956.152288578409,4216.558705363723,0.0,0.9504848121078591,0.4348222453596063
1055100.0,4956.140445798885,4216.570563514573,0.0,0.9504845703042852,0.43482361846041806
1055160.0,4956.128588215801,4216.582410932442,0.0,0.9504848099810722,0.43482499160730537
1055220.0,4956.116733768666,4216.594260644387,0.0,0.9504849472772392,0.43482636474576936
1055280.0,4956.104887725102,4216.606116459293,0.0,0.9504848110589402,0.43482773785873635
1055340.0,4956.093039882762,4216.617970988354,0.0,0.9504847329999784,0.43482911097849897
1055400.0,4956.0811871967935,4216.629822010304,0.0,0.9504848123906638,0.43483048411364633
1055460.0,4956.069342915323,4216.641679143471,0.0,0.9504846180936731,0.4348318572237822
1055520.0,4956.057486760028,4216.6535276735885,0.0,0.9504848098797047,0.43483323037127214
1055580.0,4956.045633111942,4216.665378041712,0.0,0.9504849197386258,0.43483460351227743
1055640.0,4956.033786187727,4216.677233294378,0.0,0.9504848107256361,0.4348359766329653
1055700.0,4956.021937821904,4216.689087520274,0.0,0.9504847482529599,0.4348373497593473
1055760.0,4956.010085579376,4216.700938940452,0.0,0.9504848117747074,0.43483872289813236
1055820.0,4955.99824365401,4216.712797864476,0.0,0.9504845392884307,0.43484009600631834
1055880.0,4955.986385047274,4216.724644692482,0.0,0.9504848093885487,0.4348414691663743
1055940.0,4955.974529975784,4216.736494104392,0.0,0.9504849641146658,0.4348428423167747
1056000.0,4955.962684374594,4216.748350393568,0.0,0.9504848106137564,0.43484421543838636
1056060.0,4955.950836747799,4216.760205232248,0.0,0.9504847226534016,0.4348455885674931
1056120.0,4955.938983663316,4216.772056118087,0.0,0.9504848121250371,0.43484696171387943
1056180.0,4955.92713389721,4216.783909425036,0.0,0.9504847933808909,0.43484833485091706
1056240.0,4955.915282768558,4216.795761755785,0.0,0.9504848187329576,0.43484970799296513
1056300.0,4955.903432824048,4216.807614958416,0.0,0.9504848053195144,0.4348510811321949
1056360.0,4955.89158117893,4216.819466940356,0.0,0.9504848469861263,0.43485245427753
1056420.0,4955.879731976022,4216.831320706171,0.0,0.9504848089715388,0.43485382741611417
1056480.0,4955.867876592451,4216.843170006316,0.0,0.950484971689865,0.43485520057498384
1056540.0,4955.856031168202,4216.8550265388585,0.0,0.9504848102643068,0.43485657370355457
1056600.0,4955.844183614369,4216.866881545389,0.0,0.9504847177637978,0.43485794683994144
1056660.0,4955.832330321338,4216.878732394642,0.0,0.9504848118579203,0.43485931999447686
1056720.0,4955.820480518379,4216.890585789689,0.0,0.9504847921479718,0.4348606931391333
1056780.0,4955.808629282913,4216.902438157728,0.0,0.9504848188113638,0.434862066289016
1056840.0,4955.796779293092,4216.914291442315,0.0,0.9504848047073955,0.4348634394358905
1056900.0,4955.78492751528,4216.926143442743,0.0,0.9504848485278161,0.4348648125891399
1056960.0,4955.773078306094,4216.937997318851,0.0,0.9504848085523013,0.4348661857352478
1057020.0,4955.76122259778,4216.949846498007,0.0,0.9504849796754853,0.43486755890262413
1057080.0,4955.749377363052,4216.961703283038,0.0,0.9504848099161176,0.4348689320381136
1057140.0,4955.73752988939,4216.973558462642,0.0,0.9504847126410463,0.4348703051817567
1057200.0,4955.725676460188,4216.985409327395,0.0,0.950484809011075,0.4348716783441905
1057260.0,4955.713824285515,4216.997261121492,0.0,0.9504848642049404,0.43487305150400196
1057320.0,4955.701975533051,4217.009115405561,0.0,0.9504848079263055,0.43487442465370313
1057380.0,4955.69011763273,4217.020963070597,0.0,0.9504850489279351,0.43487579783284397
1057440.0,4955.6782744831735,4217.032821445286,0.0,0.950484809880827,0.43487717096690304
1057500.0,4955.666428185192,4217.0446775545715,0.0,0.9504846729099166,0.43487854411192106
1057560.0,4955.654573501947,4217.056527585831,0.0,0.9504848086402218,0.43487991728322545
1057620.0,4955.642720589885,4217.068378921347,0.0,0.9504848863841305,0.4348812904503135
1057680.0,4955.630872498711,4217.080233761821,0.0,0.9504848071465151,0.43488266360297634
1057740.0,4955.6190160127035,4217.092082524693,0.0,0.9504850007828146,0.434884036782444
1057800.0,4955.607171351165,4217.103939878932,0.0,0.9504848094840658,0.434885409926168
1057860.0,4955.59532416802,4217.115795422524,0.0,0.9504846998688272,0.4348867830789175
1057920.0,4955.583470274168,4217.127646103018,0.0,0.9504848084747066,0.43488815625278854
1057980.0,4955.5716177954255,4217.13949782943,0.0,0.9504848706786311,0.43488952942354125
1058040.0,4955.55976917361,4217.151352361415,0.0,0.9504848072628117,0.4348909025828419
1058100.0,4955.547910244631,4217.163199432702,0.0,0.9504850788557333,0.43489227577516
1058160.0,4955.536067938459,4217.175058572757,0.0,0.9504848094759303,0.4348936489166179
1058220.0,4955.524222085799,4217.18691515841,0.0,0.9504846551270575,0.43489502207026326
1058280.0,4955.512366784431,4217.198764893961,0.0,0.9504848080884223,0.43489639525347756
1058340.0,4955.500513480378,4217.2106160979365,0.0,0.9504848957042036,0.43489776843177697
1058400.0,4955.488665609387,4217.222471251316,0.0,0.9504848064156922,0.43489914159376136
1058460.0,4955.476814414515,4217.234324006216,0.0,0.950484825021117,0.43490051476688524
1058520.0,4955.464964563714,4217.246177748821,0.0,0.9504847996614798,0.43490188793667023
1058580.0,4955.453113517646,4217.258030636804,0.0,0.9504848129520568,0.4349032611109757
1058640.0,4955.441264151754,4217.269884757203,0.0,0.9504847713263934,0.4349046342809572
1058700.0,4955.429412337308,4217.281737112681,0.0,0.9504848091449486,0.4349060074592738
1058760.0,4955.417566662968,4217.293593942648,0.0,0.9504846468275774,0.4349073806198681
1058820.0,4955.40571105239,4217.305443568395,0.0,0.9504848076900798,0.4349087538115367
1058880.0,4955.393857542798,4217.317294737863,0.0,0.9504848998324861,0.43491012699797016
1058940.0,4955.382009746912,4217.329150060583,0.0,0.9504848059352601,0.43491150016722185
1059000.0,4955.370158455982,4217.341002860495,0.0,0.9504848255036152,0.43491287334814155
1059060.0,4955.358308578872,4217.352856698769,0.0,0.9504847988365503,0.43491424652550653
1059120.0,4955.346457445183,4217.3647096378845,0.0,0.9504848128155986,0.43491561970758136
1059180.0,4955.334608078789,4217.376563872697,0.0,0.9504847690425295,0.43491699288506297
1059240.0,4955.322756137811,4217.388416251042,0.0,0.9504848088161817,0.4349183660712688
1059300.0,4955.310910654435,4217.400273334496,0.0,0.9504846381188712,0.43491973923877164
1059360.0,4955.299054722133,4217.412122841318,0.0,0.9504848072904736,0.43492111243893206
1059420.0,4955.287200999836,4217.423973971046,0.0,0.9504849041932935,0.4349224856335203
1059480.0,4955.275353207395,4217.435829410689,0.0,0.9504848080268774,0.43492385881023293
1059540.0,4955.2635041422,4217.447683945734,0.0,0.9504847529141589,0.4349252319921187
1059600.0,4955.251651657382,4217.45953600584,0.0,0.9504848089424732,0.43492660518500087
1059660.0,4955.239808270789,4217.471394687622,0.0,0.9504845685744994,0.434927978351032
1059720.0,4955.227950171195,4217.48324269789,0.0,0.9504848068278158,0.43492935156287776
1059780.0,4955.216095188313,4217.495092989147,0.0,0.9504849433084351,0.4349307247663538
1059840.0,4955.204248557568,4217.506949348437,0.0,0.9504848078987831,0.43493209794447973
1059900.0,4955.192400139001,4217.518804429289,0.0,0.9504847303031023,0.43493347112936803
1059960.0,4955.180546906421,4217.53065602313,0.0,0.9504848092220985,0.4349348443295554
1060020.0,4955.168702026879,4217.542513693227,0.0,0.9504846160786622,0.4349362175048775
1060080.0,4955.156845346142,4217.55436280956,0.0,0.9504848067255506,0.43493759071734384
1060140.0,4955.144991157219,4217.566213753424,0.0,0.9504849159318413,0.43493896392336784
1060200.0,4955.133143651008,4217.578069553878,0.0,0.9504848075659582,0.4349403371091921
1060260.0,4955.121294711959,4217.589924333485,0.0,0.9504847454640329,0.4349417103006833
1060320.0,4955.109441919906,4217.601776323459,0.0,0.9504848086083,0.43494308350450883
1060380.0,4955.097599381837,4217.6136357743535,0.0,0.9504845377399156,0.43494445667791476
1060440.0,4955.085740264456,4217.625483198512,0.0,0.9504848062358114,0.4349458299028971
1060500.0,4955.073884660639,4217.637333191823,0.0,0.9504849600428019,0.43494720311828405
1060560.0,4955.062038469149,4217.649190023033,0.0,0.9504848074532432,0.4349485763050478
1060620.0,4955.050190264404,4217.661045412101,0.0,0.9504847200149815,0.4349499494992695
1060680.0,4955.038336635347,4217.672896870977,0.0,0.9504848089550494,0.4349513227106744
1060740.0,4955.026492420185,4217.68475517647,0.0,0.95048459130453,0.43495269589393853
1060800.0,4955.01463490731,4217.696603841468,0.0,0.9504848061522033,0.43495406911896684
1060860.0,4955.002780203819,4217.708454564597,0.0,0.9504849292234299,0.43495544233657235
1060920.0,4954.9909330314185,4217.720310760389,0.0,0.9504848071098149,0.43495681553135856
1060980.0,4954.979084245784,4217.732165804335,0.0,0.9504847371316325,0.43495818873236847
1061040.0,4954.967231118781,4217.744017703998,0.0,0.9504848082949885,0.43495956194722024
1061100.0,4954.955385523252,4217.755875084163,0.0,0.9504846341182915,0.43496093513973905
1061160.0,4954.943529285479,4217.767724750971,0.0,0.9504848060354913,0.4349623083658292
1061220.0,4954.931675293595,4217.779576066971,0.0,0.9504849045113172,0.4349636815862348
1061280.0,4954.919827327416,4217.791431763126,0.0,0.9504848067851894,0.43496505478846564
1061340.0,4954.907978068107,4217.803286539737,0.0,0.9504847507789181,0.4349664279959323
1061400.0,4954.896125334006,4217.815138800976,0.0,0.950484807716987,0.4349678012145672
1061460.0,4954.884281845268,4217.82699779171,0.0,0.9504845634496482,0.43496917440589145
1061520.0,4954.872423405945,4217.838845936808,0.0,0.9504848055693641,0.43497054764377113
1061580.0,4954.86056813386,4217.850696399912,0.0,0.9504849442650857,0.43497192087312253
1061640.0,4954.848721348875,4217.8625530299605,0.0,0.9504848066590537,0.4349732940767028
1061700.0,4954.836872747379,4217.874408360529,0.0,0.950484727805087,0.434974667287134
1061760.0,4954.825019254185,4217.886260147145,0.0,0.9504848080051853,0.4349760405131063
1061820.0,4954.813174249076,4217.898118108988,0.0,0.9504846117287337,0.4349774137137916
1061880.0,4954.80131725227,4217.909967377443,0.0,0.950484805469477,0.43497878695221487
1061940.0,4954.789462787711,4217.921818503047,0.0,0.9504849164483206,0.4349801601840689
1062000.0,4954.777615113867,4217.933674564392,0.0,0.9504848063248661,0.434981533395386
1062060.0,4954.765765984227,4217.945529588054,0.0,0.9504847432159929,0.4349829066124409
1062120.0,4954.753912939415,4217.957381776514,0.0,0.9504848073854659,0.43498427984202365
1062180.0,4954.742066685245,4217.969238908207,0.0,0.9504846503126471,0.43498565305155695
1062240.0,4954.730210833911,4217.9810890844465,0.0,0.9504848053397369,0.43498702629143954
1062300.0,4954.7183570067,4217.992940749046,0.0,0.9504848941390032,0.43498839952632057
1062360.0,4954.7065086850935,4218.004796417057,0.0,0.9504848036455387,0.4349897727446559
1062420.0,4954.694656995375,4218.016649653638,0.0,0.9504848225027206,0.43499114597426997
1062480.0,4954.682806667764,4218.028503891335,0.0,0.9504847968012511,0.4349925192004866
1062540.0,4954.670955129053,4218.040357262602,0.0,0.9504848102718279,0.43499389243127307
1062600.0,4954.659105293044,4218.052211883039,0.0,0.9504847680847145,0.4349952656576628
1062660.0,4954.647252975915,4218.06406471429,0.0,0.9504848064144348,0.43499663889248985
1062720.0,4954.63540688097,4218.0759220811215,0.0,0.9504846419060653,0.43499801210933275
1062780.0,4954.623550717272,4218.087772145053,0.0,0.9504848049410393,0.43499938535766963
1062840.0,4954.611696682757,4218.099623773673,0.0,0.9504848983281032,0.4350007586006803
1062900.0,4954.599848438237,4218.111479612343,0.0,0.9504848031636427,0.4350021318262667
1062960.0,4954.587996652157,4218.123332893549,0.0,0.9504848229967667,0.4350035050636673
1063020.0,4954.576146298866,4218.135187227225,0.0,0.9504847959702021,0.435004878297452
1063080.0,4954.564294672337,4218.147040649324,0.0,0.9504848101385535,0.4350062515359983
1063140.0,4954.552444836797,4218.158895384741,0.0,0.9504847657750146,0.43500762476987515
1063200.0,4954.540592392424,4218.170748238172,0.0,0.9504848060862523,0.4350089980125836
1063260.0,4954.528746491968,4218.1826058609595,0.0,0.9504846330848116,0.43501037123631364
1063320.0,4954.516890003235,4218.194455803338,0.0,0.9504848045410612,0.43501174449314267
1063380.0,4954.505035754155,4218.206307390675,0.0,0.9504849027527624,0.4350131177443039
1063440.0,4954.493187514097,4218.218163346871,0.0,0.9504848052885236,0.4350144909773378
1063500.0,4954.481337984468,4218.230018385918,0.0,0.9504847494322782,0.4350158642155965
1063560.0,4954.469484989652,4218.241870916088,0.0,0.9504848062175975,0.4350172374649957
1063620.0,4954.457641214601,4218.253730158416,0.0,0.9504845626049091,0.43501861068715647
1063680.0,4954.445782530314,4218.265578583089,0.0,0.9504848040755058,0.43501998395575403
1063740.0,4954.433927004485,4218.277429319811,0.0,0.9504849423993282,0.43502135721584745
1063800.0,4954.422079942269,4218.289286207576,0.0,0.9504848051620487,0.43502273045023676
1063860.0,4954.410231068544,4218.301141799235,0.0,0.9504847265193264,0.43502410369146177
1063920.0,4954.398377316644,4218.312993856087,0.0,0.9504848065043465,0.4350254769481888
1063980.0,4954.386532029334,4218.324852072254,0.0,0.9504846107538513,0.43502685017969533
1064040.0,4954.374674783483,4218.336701617468,0.0,0.950484803975209,0.4350282234488442
1064100.0,4954.362820062855,4218.348553015063,0.0,0.9504849146564647,0.4350295967114432
1064160.0,4954.350972114145,4218.3604093356735,0.0,0.9504848048280793,0.4350309699535588
1064220.0,4954.339122713647,4218.372264621298,0.0,0.9504847418882768,0.4350323432013999
1064280.0,4954.327269408803,4218.384117079043,0.0,0.9504848058856097,0.4350337164617376
1064340.0,4954.315422875793,4218.395974467281,0.0,0.9504846492338088,0.43503508970207894
1064400.0,4954.30356677216,4218.407824918025,0.0,0.9504848038451392,0.4350364629726931
1064460.0,4954.291712687028,4218.4196768533075,0.0,0.9504848924062319,0.4350378362383209
1064520.0,4954.279864092261,4218.431532781679,0.0,0.9504848021552569,0.43503920948744623
1064580.0,4954.268012138683,4218.4433862849055,0.0,0.9504848209617751,0.4350405827478229
1064640.0,4954.256161543431,4218.45524078668,0.0,0.9504847953290907,0.4350419560048125
1064700.0,4954.24430974041,4218.467094424272,0.0,0.9504848087634445,0.43504332926636163
1064760.0,4954.2324596353665,4218.478949307828,0.0,0.9504847666893032,0.435044702523527
1064820.0,4954.220607056053,4218.490802406831,0.0,0.9504848049161653,0.43504607578910964
1064880.0,4954.208760681687,4218.502660029727,0.0,0.9504846408487397,0.4350474490367564
1064940.0,4954.196904266424,4218.514510368573,0.0,0.9504848034464939,0.43504882231581715
1065000.0,4954.185049974427,4218.5263622680895,0.0,0.9504848965830832,0.4350501955895677
1065060.0,4954.173201456398,4218.538218366802,0.0,0.9504848016736362,0.43505156884593943
1065120.0,4954.16134940659,4218.550071914662,0.0,0.9504848214534785,0.43505294211409684
1065180.0,4954.149498785591,4218.561926512292,0.0,0.9504847944992542,0.43505431537864897
1065240.0,4954.137646894864,4218.573780200709,0.0,0.9504848086295102,0.43505568864795213
1065300.0,4954.1257967901565,4218.585635199068,0.0,0.9504847643847858,0.4350570619125993
1065360.0,4954.113944083821,4218.597488320311,0.0,0.9504848045878471,0.4350584351860571
1065420.0,4954.102097903277,4218.609346198629,0.0,0.9504846320499423,0.43505980844058734
1065480.0,4954.090241163734,4218.621196416357,0.0,0.9504848030465715,0.43506118172813246
1065540.0,4954.078386657628,4218.633048274816,0.0,0.9504849009949816,0.4350625550100268
1065600.0,4954.066538143919,4218.644904490877,0.0,0.9504848037918047,0.4350639282738411
1065660.0,4954.054688344179,4218.656759792172,0.0,0.950484748085172,0.43506530154286893
1065720.0,4954.042835088832,4218.668612591069,0.0,0.9504848047181622,0.4350666748230094
1065780.0,4954.030991027721,4218.6804720848295,0.0,0.9504845617583557,0.4350680480759838
1065840.0,4954.019132098612,4218.6923207888485,0.0,0.9504848025815866,0.43506942137527665
1065900.0,4954.007276319199,4218.7041717989705,0.0,0.9504849405345415,0.43507079466608956
1065960.0,4953.995428979982,4218.716028944276,0.0,0.9504848036649913,0.4350721679312651
1066020.0,4953.983579834245,4218.727884796839,0.0,0.9504847252329113,0.435073541203261
1066080.0,4953.971725823816,4218.739737123723,0.0,0.9504848050034662,0.43507491449072
1066140.0,4953.9598802545515,4218.751595594049,0.0,0.9504846097774089,0.43507628775302504
1066200.0,4953.948022759805,4218.763445415792,0.0,0.9504848024808805,0.4350776610528773
1066260.0,4953.936167783275,4218.7752970851625,0.0,0.9504849128654154,0.43507903434619877
1066320.0,4953.924319559925,4218.787153664861,0.0,0.9504848033312397,0.43508040761909
1066380.0,4953.912469888781,4218.799009212262,0.0,0.9504847405599858,0.43508178089769445
1066440.0,4953.90061632408,4218.8108619390805,0.0,0.9504848043857104,0.43508315418876425
1066500.0,4953.888769512471,4218.822719583694,0.0,0.9504846481535453,0.4350845274598907
1066560.0,4953.876913156692,4218.834570308716,0.0,0.950484802350482,0.4350859007612136
1066620.0,4953.865058813811,4218.846422514468,0.0,0.9504848906741645,0.43508727405756537
1066680.0,4953.8532099461045,4218.858278703018,0.0,0.9504848006649024,0.4350886473374578
1066740.0,4953.84135772886,4218.870132472693,0.0,0.9504848194209127,0.43509002062857444
1066800.0,4953.829506866168,4218.881987238351,0.0,0.9504847938568021,0.435091393916314
1066860.0,4953.817654799037,4218.893841142073,0.0,0.9504848072550435,0.4350927672086032
1066920.0,4953.805804425171,4218.905696288557,0.0,0.9504847652935343,0.4350941404965212
1066980.0,4953.793951583862,4218.917549655099,0.0,0.9504848034178486,0.4350955137928364
1067040.0,4953.782104930321,4218.929407533895,0.0,0.9504846397898383,0.4350968870712639
1067100.0,4953.7702482636405,4218.941258147425,0.0,0.950484801951889,0.43509826038102584
1067160.0,4953.75839371433,4218.953110317625,0.0,0.950484894838832,0.4350996336854934
1067220.0,4953.746544923012,4218.964966676201,0.0,0.9504848001835552,0.4351010069726276
1067280.0,4953.734692609667,4218.976820490518,0.0,0.9504848199102945,0.43510238027151893
1067340.0,4953.72284172117,4218.98867535191,0.0,0.9504847930281669,0.43510375356681574
1067400.0,4953.710989566438,4219.000529306447,0.0,0.9504848071204558,0.43510512686685304
1067460.0,4953.69913919277,4219.012384567561,0.0,0.9504847629941474,0.43510650016224783
1067520.0,4953.687286224652,4219.024237956411,0.0,0.9504848030893942,0.4351078734664319
1067580.0,4953.675439764263,4219.036096090092,0.0,0.9504846310136581,0.43510924675173945
1067640.0,4953.6635827740665,4219.0479465829385,0.0,0.9504848015520221,0.4351106200699781
1067700.0,4953.651728011106,4219.05979871231,0.0,0.9504848992378756,0.4351119933825826
1067760.0,4953.6398792239615,4219.071655188053,0.0,0.9504848022950332,0.4351133666771543
1067820.0,4953.628029154325,4219.083510751411,0.0,0.9504847467374979,0.43511473997692857
1067880.0,4953.616175638626,4219.095363818828,0.0,0.9504848032186837,0.43511611328778793
1067940.0,4953.604331291724,4219.10722356387,0.0,0.950484560909575,0.43511748657155297
1068000.0,4953.59247211792,4219.11907254699,0.0,0.9504848010876056,0.43511885990151844
1068060.0,4953.5806160850825,4219.130923830289,0.0,0.9504849386709096,0.43512023322302806
1068120.0,4953.568768469099,4219.142781232965,0.0,0.9504848021678823,0.43512160651896664
1068180.0,4953.556919051567,4219.15463734625,0.0,0.9504847239457885,0.43512297982171066
1068240.0,4953.545064782785,4219.16648994295,0.0,0.950484803502546,0.43512435313987896
1068300.0,4953.533218931815,4219.178348667272,0.0,0.9504846087993242,0.43512572643295944
1068360.0,4953.521361188318,4219.190198765321,0.0,0.9504848009864919,0.43512709976349223
1068420.0,4953.5095059560535,4219.202050706251,0.0,0.95048491107524,0.4351284730875134
1068480.0,4953.497657458294,4219.213907544856,0.0,0.9504848018343477,0.4351298463911575
1068540.0,4953.485807516719,4219.225763353847,0.0,0.9504847392311018,0.4351312197005024
1068600.0,4953.473953692342,4219.237616349535,0.0,0.9504848028857686,0.4351325930222816
1068660.0,4953.462106602374,4219.249474250356,0.0,0.9504846470719186,0.4351339663241702
1068720.0,4953.450249994606,4219.261325249431,0.0,0.9504848008557656,0.4351353396561793
1068780.0,4953.438395394149,4219.273177725442,0.0,0.9504848889427409,0.4351367129832323
1068840.0,4953.42654625372,4219.285034173992,0.0,0.9504847991744755,0.435138086293869
1068900.0,4953.414693772999,4219.296888209918,0.0,0.950484817880132,0.43513945961570283
1068960.0,4953.402842643075,4219.308743239272,0.0,0.9504847923843854,0.43514083293416983
1069020.0,4953.390990312021,4219.320597408924,0.0,0.9504848057466253,0.4351422062571762
1069080.0,4953.379139669538,4219.332452818151,0.0,0.950484763897398,0.4351435795758245
1069140.0,4953.367286566422,4219.344306452034,0.0,0.9504848019194829,0.43514495290284966
1069200.0,4953.355439633943,4219.356164586559,0.0,0.9504846387296855,0.4351463262120355
1069260.0,4953.3435827159965,4219.368015474554,0.0,0.9504848004572244,0.43514769955247595
1069320.0,4953.331727909545,4219.379867915225,0.0,0.9504848930952792,0.43514907288763804
1069380.0,4953.3198788451655,4219.391724533483,0.0,0.9504847986934009,0.43515044620551196
1069440.0,4953.308026268477,4219.403578614055,0.0,0.9504848183671923,0.43515181953511456
1069500.0,4953.296175112681,4219.415433739016,0.0,0.9504847915569515,0.4351531928611335
1069560.0,4953.284322694137,4219.427287959474,0.0,0.9504848056113835,0.43515456619188214
1069620.0,4953.272472051717,4219.439143483157,0.0,0.9504847616031453,0.43515593951800174
1069680.0,4953.260618822006,4219.450997139413,0.0,0.9504848015908929,0.43515731285288994
1069740.0,4953.248772082013,4219.462855528289,0.0,0.9504846299759124,0.435158686168952
1069800.0,4953.236914841312,4219.474706296029,0.0,0.9504848000574126,0.4351600595178616
1069860.0,4953.225059821667,4219.486558696098,0.0,0.9504848974815099,0.4351614328611536
1069920.0,4953.213210761316,4219.49841543134,0.0,0.9504848007982081,0.43516280618645975
1069980.0,4953.201360421993,4219.510271256571,0.0,0.9504847453893522,0.4351641795169575
1070040.0,4953.189506646122,4219.522124592305,0.0,0.9504848017191594,0.43516555285851277
1070100.0,4953.177662013685,4219.533984588471,0.0,0.9504845600588601,0.4351669261730455
1070160.0,4953.16580259532,4219.5458338504595,0.0,0.9504847995935628,0.43516829953366093
1070220.0,4953.153946309218,4219.557685406718,0.0,0.9504849368083199,0.4351696728858447
1070280.0,4953.142098416701,4219.569543066588,0.0,0.9504848006707209,0.4351710462125237
1070340.0,4953.130248727591,4219.581399440412,0.0,0.9504847226579854,0.435172419545993
1070400.0,4953.118394200631,4219.593252306721,0.0,0.950484802001585,0.4351737928948481
1070460.0,4953.106548068201,4219.605111284876,0.0,0.9504846078196332,0.43517516621868113
1070520.0,4953.094690076102,4219.616961658997,0.0,0.9504847994920429,0.43517653957987196
1070580.0,4953.082834588271,4219.628813871271,0.0,0.9504849092858751,0.43517791293457003
1070640.0,4953.070985816326,4219.640670968606,0.0,0.9504848003374026,0.43517928626894414
1070700.0,4953.059135604534,4219.652527039001,0.0,0.9504847379016443,0.43518065960900665
1070760.0,4953.04728152066,4219.6643803033485,0.0,0.9504848013857834,0.43518203296147245
1070820.0,4953.035437741728,4219.676241072317,0.0,0.9504845290605527,0.43518340628332597
1070880.0,4953.023577301267,4219.688089743902,0.0,0.9504847990009652,0.43518477965705826
1070940.0,4953.011720391896,4219.699940999622,0.0,0.9504849536355544,0.4351861530211261
1071000.0,4952.999872941579,4219.711799133351,0.0,0.9504848002253778,0.43518752635639657
1071060.0,4952.988023468113,4219.723655816366,0.0,0.9504847123169614,0.43518889969915703
1071120.0,4952.9761685434605,4219.735508546078,0.0,0.9504848017356949,0.43519027305919816
1071180.0,4952.964316933272,4219.74736369713,0.0,0.9504847830025877,0.43519164640988367
1071240.0,4952.952463962184,4219.759217871834,0.0,0.9504848083396429,0.4351930197655765
1071300.0,4952.940612173859,4219.77107291848,0.0,0.9504847949340866,0.4351943931184457
1071360.0,4952.92875868698,4219.782926744259,0.0,0.9504848365760659,0.43519576647741687
1071420.0,4952.916907639433,4219.794782354075,0.0,0.9504847985838835,0.43519713982963143
1071480.0,4952.905050418606,4219.806633497664,0.0,0.9504849612061874,0.435198513202129
1071540.0,4952.893203145291,4219.818491874445,0.0,0.9504847998758182,0.43519988654431885
1071600.0,4952.881353744964,4219.830348724984,0.0,0.9504847074298348,0.43520125989431974
1071660.0,4952.869498612271,4219.842201417759,0.0,0.9504848014684216,0.43520263326247083
1071720.0,4952.857646965534,4219.854056656571,0.0,0.9504847817700524,0.43520400662073566
1071780.0,4952.845793888023,4219.8659108682195,0.0,0.9504848084176999,0.43520537998422354
1071840.0,4952.833942054705,4219.877765996482,0.0,0.9504847943220045,0.4352067533446978
1071900.0,4952.822088435548,4219.889619840402,0.0,0.9504848381165901,0.4352081267115438
1071960.0,4952.810237381997,4219.901475560181,0.0,0.9504847981645749,0.4352095000712426
1072020.0,4952.798379837069,4219.913326582414,0.0,0.9504849691870185,0.43521087345220777
1072080.0,4952.78653275332,4219.925185211368,0.0,0.9504847995275179,0.435212246801277
1072140.0,4952.774683433333,4219.937042234652,0.0,0.9504847023097298,0.4352136201584945
1072200.0,4952.7628281648895,4219.948894942576,0.0,0.9504847986229381,0.43521499353450466
1072260.0,4952.750974149529,4219.960748579892,0.0,0.950484853784252,0.4352163669078848
1072320.0,4952.739123552336,4219.972604707441,0.0,0.9504847975387372,0.43521774027114996
1072380.0,4952.72726381818,4219.98445421515,0.0,0.9504850383984069,0.43521911366385446
1072440.0,4952.7154188173,4219.996314433707,0.0,0.9504847994920366,0.4352204870114652
1072500.0,4952.703570671773,4220.008172386544,0.0,0.9504846626017949,0.4352218603700304
1072560.0,4952.69171415095,4220.020024260652,0.0,0.9504847982520924,0.4352232337548853
1072620.0,4952.6798593992535,4220.031877439105,0.0,0.9504848759500846,0.4352246071355162
1072680.0,4952.6680094627345,4220.043734122887,0.0,0.9504847967591967,0.4352259805017161
1072740.0,4952.65615114138,4220.05558472834,0.0,0.9504849902813248,0.43522735389472184
1072800.0,4952.644304630485,4220.067443926095,0.0,0.9504847990952978,0.4352287272519721
1072860.0,4952.63245560102,4220.079301312942,0.0,0.9504846895446185,0.435230100618243
1072920.0,4952.6205998688265,4220.091153836124,0.0,0.9504847980864634,0.43523147400563783
1072980.0,4952.6087455501065,4220.103007405282,0.0,0.9504848602537397,0.43523284738990664
1073040.0,4952.596895083753,4220.11486378031,0.0,0.9504847968752108,0.43523422076271834
1073100.0,4952.585034322502,4220.126712693733,0.0,0.9504850683083776,0.43523559416854807
1073160.0,4952.573190164362,4220.138573677283,0.0,0.9504847990869572,0.4352369675235043
1073220.0,4952.561342463984,4220.150432106081,0.0,0.9504846448287951,0.43523834089064384
1073280.0,4952.549485326115,4220.162283683975,0.0,0.9504847977001951,0.4352397142873562
1073340.0,4952.537630183236,4220.174136730402,0.0,0.9504848852644519,0.43524108767914593
1073400.0,4952.525780466991,4220.185993726666,0.0,0.9504847960283771,0.43524246105461467
1073460.0,4952.513927430837,4220.197848324135,0.0,0.9504848146228416,0.43524383444122045
1073520.0,4952.50207573719,4220.2097039093815,0.0,0.9504847892780588,0.43524520782448195
1073580.0,4952.490222849722,4220.221558639871,0.0,0.9504848025607991,0.43524658121226056
1073640.0,4952.478371640473,4220.233414602876,0.0,0.9504847609595213,0.43524795459570936
1073700.0,4952.466517985593,4220.245268800723,0.0,0.9504847987558557,0.43524932798749094
1073760.0,4952.454670463593,4220.25712747352,0.0,0.9504846365336292,0.4352507013615396
1073820.0,4952.442813017136,4220.268978941241,0.0,0.9504847973017699,0.43525207476666694
1073880.0,4952.430957669219,4220.280831952804,0.0,0.950484889390171,0.4352534481665512
1073940.0,4952.419108028262,4220.29268911808,0.0,0.9504847955479075,0.43525482154924766
1074000.0,4952.407254896428,4220.304543760215,0.0,0.9504848151047741,0.4352561949436097
1074060.0,4952.395403176767,4220.316399440798,0.0,0.9504847884532805,0.4352575683344116
1074120.0,4952.383550202042,4220.328254222076,0.0,0.9504848024241146,0.43525894172992
1074180.0,4952.371698992555,4220.340110299162,0.0,0.9504847586766078,0.4352603151208294
1074240.0,4952.359845211556,4220.3519645195265,0.0,0.9504847984269678,0.43526168852046065
1074300.0,4952.347997880568,4220.363823445497,0.0,0.9504846278293942,0.43526306190137803
1074360.0,4952.336140113021,4220.375674793924,0.0,0.9504847969020818,0.43526443531495773
1074420.0,4952.32428455291,4220.3875277653915,0.0,0.9504848937482195,0.43526580872295745
1074480.0,4952.312434915659,4220.3993850472625,0.0,0.9504847976379848,0.43526718211307525
1074540.0,4952.300584007203,4220.411241424369,0.0,0.9504847425574479,0.4352685555083605
1074600.0,4952.288729683182,4220.423095326225,0.0,0.9504847985529755,0.43526992891464217
1074660.0,4952.276884446672,4220.434955850479,0.0,0.9504845583254601,0.43527130229406
1074720.0,4952.265024514571,4220.446805701943,0.0,0.9504847964394845,0.4352726757193004
1074780.0,4952.253167695542,4220.458657834608,0.0,0.9504849328402835,0.4352740491361622
1074840.0,4952.241319218789,4220.470516035999,0.0,0.9504847975097557,0.4352754225276661
1074900.0,4952.229468956371,4220.482372958743,0.0,0.950484719959372,0.43527679592592694
1074960.0,4952.217613885648,4220.494226394047,0.0,0.9504847988322284,0.4352781693394877
1075020.0,4952.205767158123,4220.506085906281,0.0,0.9504846058014884,0.4352795427281728
1075080.0,4952.193908643371,4220.517936863706,0.0,0.9504847963370685,0.43528091615400627
1075140.0,4952.182052617534,4220.529789648819,0.0,0.9504849054795578,0.43528228957338927
1075200.0,4952.170203266528,4220.5416472910765,0.0,0.9504847971769156,0.4352836629725657
1075260.0,4952.158352484421,4220.553503912311,0.0,0.9504847351111898,0.4352850363774034
1075320.0,4952.146497853878,4220.565357743559,0.0,0.9504847982185785,0.43528640979457567
1075380.0,4952.134653465245,4220.577219036554,0.0,0.95048452750832,0.43528778318131495
1075440.0,4952.122792516901,4220.58906830137,0.0,0.9504847958474058,0.4352891566196397
1075500.0,4952.110935078017,4220.6009201355855,0.0,0.950484949564554,0.43529053004836016
1075560.0,4952.099087040351,4220.61277880849,0.0,0.9504847970640565,0.43529190344844876
1075620.0,4952.087236991854,4220.624636039021,0.0,0.9504847096768183,0.4352932768559901
1075680.0,4952.075381525471,4220.636489338877,0.0,0.9504847985649157,0.43529465028071596
1075740.0,4952.063535461892,4220.648349486117,0.0,0.9504845810414108,0.4352960236772899
1075800.0,4952.05167611634,4220.6601999916875,0.0,0.9504847957636366,0.43529739711563326
1075860.0,4952.039819576894,4220.672052555574,0.0,0.9504849187629765,0.4352987705465452
1075920.0,4952.027970559653,4220.683910592753,0.0,0.9504847967206191,0.43530014395463057
1075980.0,4952.016119931131,4220.6957674778905,0.0,0.9504847267832274,0.43530151736893413
1076040.0,4952.00426496638,4220.70762121835,0.0,0.9504847979050314,0.4353028907970803
1076100.0,4951.992417524243,4220.7194804399205,0.0,0.9504846238298897,0.4353042642028834
1076160.0,4951.980559452457,4220.731331947184,0.0,0.9504847956467828,0.43530563764226116
1076220.0,4951.968703623949,4220.743185103775,0.0,0.950484894065158,0.43530701107594627
1076280.0,4951.956853814047,4220.7550426410235,0.0,0.9504847963959735,0.43530838449145026
1076340.0,4951.945002712584,4220.766899258561,0.0,0.9504847404223586,0.4353097579121844
1076400.0,4951.93314814045,4220.778753360408,0.0,0.9504847973271573,0.43531113134408683
1076460.0,4951.921302802802,4220.790614192493,0.0,0.9504845532022546,0.43531250474866584
1076520.0,4951.909442532239,4220.802464177631,0.0,0.9504847951807179,0.43531387819980816
1076580.0,4951.8975854252185,4220.814316480993,0.0,0.9504849337955142,0.4353152516424135
1076640.0,4951.885736795294,4220.826174952016,0.0,0.9504847962697021,0.4353166250592398
1076700.0,4951.873886351046,4220.838032123346,0.0,0.9504847174615962,0.43531799848291164
1076760.0,4951.862031020885,4220.849885750278,0.0,0.9504847976149806,0.43531937192212544
1076820.0,4951.850184168832,4220.861745553137,0.0,0.9504846014526551,0.43532074533604176
1076880.0,4951.838325339249,4220.873596661524,0.0,0.9504847950806785,0.4353221187877002
1076940.0,4951.8264690389715,4220.88544962723,0.0,0.950484905994903,0.4353234922327813
1077000.0,4951.814619521414,4220.897307529251,0.0,0.9504847959355002,0.43532486565731854
1077060.0,4951.80276854982,4220.909164393406,0.0,0.9504847328633002,0.435326239087588
1077120.0,4951.790913667691,4220.9210184219955,0.0,0.9504847969954132,0.4353276125303856
1077180.0,4951.7790655682265,4220.932877394373,0.0,0.9504846400138589,0.43532898595312436
1077240.0,4951.767207882937,4220.944729410422,0.0,0.9504847949508043,0.4353303594062151
1077300.0,4951.75535221943,4220.956582914954,0.0,0.9504848836984043,0.4353317328542963
1077360.0,4951.74350205505,4220.968440423359,0.0,0.9504847932575216,0.4353331062858257
1077420.0,4951.731648526562,4220.9802955,0.0,0.9504848121037102,0.4353344797286316
1077480.0,4951.719796358605,4220.992151577839,0.0,0.9504847864171397,0.43533585316803475
1077540.0,4951.707942981003,4221.004006789104,0.0,0.9504847998798562,0.4353372266120042
1077600.0,4951.696091304126,4221.015863249652,0.0,0.9504847577172005,0.43533860005157105
1077660.0,4951.68423714908,4221.0277179207615,0.0,0.950484796024634,0.43533997349957293
1077720.0,4951.6723892089285,4221.039577127944,0.0,0.9504846316117814,0.4353413469295799
1077780.0,4951.660531211909,4221.0514290313195,0.0,0.9504847945520246,0.4353427203910855
1077840.0,4951.648675341603,4221.0632824995155,0.0,0.9504848878848128,0.43534409384725686
1077900.0,4951.636825254484,4221.075140178251,0.0,0.9504847927755905,0.43534546728599766
1077960.0,4951.624971630012,4221.086995299173,0.0,0.9504848125971668,0.4353468407365504
1078020.0,4951.613119436668,4221.098851472656,0.0,0.950484785586254,0.43534821418348196
1078080.0,4951.601265971615,4221.11070673441,0.0,0.9504847997463488,0.4353495876351717
1078140.0,4951.589414295471,4221.122563309602,0.0,0.9504847554085049,0.435350961082186
1078200.0,4951.577560013594,4221.134418002543,0.0,0.9504847956963302,0.4353523345380297
1078260.0,4951.565712267976,4221.146277465368,0.0,0.9504846227950376,0.43535370797488393
1078320.0,4951.553853946556,4221.15812924682,0.0,0.9504847941519647,0.4353550814448424
1078380.0,4951.541997862197,4221.169982673376,0.0,0.9504848923067457,0.4353564549091249
1078440.0,4951.530147779803,4221.181840469308,0.0,0.9504847948989245,0.43535782835527365
1078500.0,4951.518296409398,4221.1936973479205,0.0,0.9504847390749964,0.4353592018066415
1078560.0,4951.5064415779,4221.205551717327,0.0,0.9504847958273904,0.43536057526914984
1078620.0,4951.494595955356,4221.217412799657,0.0,0.9504845523558367,0.435361948704407
1078680.0,4951.482735441144,4221.22926306299,0.0,0.9504847936864708,0.43536332218610924
1078740.0,4951.470878081715,4221.241115638593,0.0,0.9504849319301156,0.4353646956592985
1078800.0,4951.459029175956,4221.252974365973,0.0,0.9504847947723143,0.43536606910677533
1078860.0,4951.44717846086,4221.264831797031,0.0,0.9504847161750963,0.43536744256108256
1078920.0,4951.4353228733435,4221.276685692832,0.0,0.9504847961137649,0.43536881603089295
1078980.0,4951.423475740491,4221.288545748659,0.0,0.950484600476545,0.4353701894754721
1079040.0,4951.411616663196,4221.3003971324315,0.0,0.9504847935860229,0.4353715629576983
1079100.0,4951.399760108195,4221.3122503687555,0.0,0.9504849042031391,0.43537293643336616
1079160.0,4951.387910317157,4221.324108528679,0.0,0.9504847944383299,0.43537430988854364
1079220.0,4951.376059076082,4221.335965653433,0.0,0.9504847315349374,0.435375683349441
1079280.0,4951.3642039352735,4221.347819949937,0.0,0.9504847954951785,0.43537705682283523
1079340.0,4951.352355558363,4221.359679177501,0.0,0.9504846389339427,0.43537843027622364
1079400.0,4951.340497622116,4221.371531466681,0.0,0.9504847934558199,0.43537980375988755
1079460.0,4951.328641702039,4221.383385240525,0.0,0.9504848819656069,0.4353811772385573
1079520.0,4951.316791265879,4221.395243007929,0.0,0.9504847917668466,0.4353825507007185
1079580.0,4951.304937474895,4221.407098349849,0.0,0.9504848105624444,0.4353839241741288
1079640.0,4951.293085040666,4221.4189546904,0.0,0.9504847849445603,0.43538529764414635
1079700.0,4951.281231400118,4221.430810166623,0.0,0.9504847983711058,0.4353866711187202
1079760.0,4951.269379455581,4221.4426668889255,0.0,0.9504847563212635,0.4353880445889044
1079820.0,4951.257525039711,4221.454521826413,0.0,0.9504847945259837,0.43538941806750336
1079880.0,4951.245676821536,4221.466381288303,0.0,0.9504846305533415,0.4353907915281558
1079940.0,4951.233818574285,4221.478233465218,0.0,0.9504847930570924,0.43539216502022693
1080000.0,4951.221962447844,4221.490087202939,0.0,0.9504848861398265,0.4353935385069799
1080060.0,4951.2101120886,4221.501945140357,0.0,0.9504847912851896,0.4353949119763476
1080120.0,4951.198258201763,4221.513800526567,0.0,0.9504848110535752,0.43539628545749887
1080180.0,4951.1864057420835,4221.525656962638,0.0,0.9504847841148786,0.4353976589350397
1080240.0,4951.174552014197,4221.537512489342,0.0,0.9504847982369433,0.4353990324173279
1080300.0,4951.162700070261,4221.549369326112,0.0,0.950484754017711,0.4354004058949543
1080360.0,4951.150845527778,4221.561224285496,0.0,0.9504847941975437,0.43540177938138913
1080420.0,4951.138997503465,4221.573084002493,0.0,0.9504846217591935,0.43540315284888526
1080480.0,4951.127138932576,4221.5849360579205,0.0,0.9504847926570882,0.4354045263494015
1080540.0,4951.115282592539,4221.59678975423,0.0,0.950484890548932,0.43540589984425876
1080600.0,4951.103432237875,4221.608647808663,0.0,0.9504847934018222,0.4354072733210295
1080660.0,4951.091580598737,4221.6205049481605,0.0,0.950484737727244,0.4354086468030083
1080720.0,4951.079725508065,4221.632359584925,0.0,0.9504847943275769,0.4354100202960999
1080780.0,4951.067879600878,4221.644220917337,0.0,0.9504845515076953,0.43541139376201227
1080840.0,4951.056018843162,4221.656071458631,0.0,0.9504847921921634,0.4354127672742513
1080900.0,4951.04416123149,4221.66792430626,0.0,0.9504849300655596,0.4354141407780018
1080960.0,4951.032312050118,4221.6797832898255,0.0,0.9504847932748738,0.43541551425610664
1081020.0,4951.020461064388,4221.691640980425,0.0,0.9504847148880251,0.43541688774102666
1081080.0,4951.0086052197,4221.703495144883,0.0,0.9504847946125067,0.43541826124141075
1081140.0,4950.99675780629,4221.715355453512,0.0,0.9504845994990199,0.4354196347166301
1081200.0,4950.984898481433,4221.727207112443,0.0,0.9504847920913075,0.4354210082294013
1081260.0,4950.973041671878,4221.73906061917,0.0,0.9504849024121467,0.43542238173563325
1081320.0,4950.961191607586,4221.750919036819,0.0,0.9504847929411068,0.4354237552214281
1081380.0,4950.949340097243,4221.762776421985,0.0,0.9504847302060013,0.4354251287129305
1081440.0,4950.9374846979335,4221.774630986197,0.0,0.9504847939949004,0.43542650221689855
1081500.0,4950.925636043817,4221.786490468778,0.0,0.9504846378527285,0.43542787570091374
1081560.0,4950.913777856764,4221.798343030862,0.0,0.9504847919607762,0.4354292492151284
1081620.0,4950.901921680288,4221.810197073806,0.0,0.9504848802334886,0.4354306227243638
1081680.0,4950.89007097257,4221.822055100029,0.0,0.9504847902760997,0.43543199621713374
1081740.0,4950.878216919282,4221.833910707031,0.0,0.9504848090212588,0.4354333697211256
1081800.0,4950.866364218985,4221.845767310103,0.0,0.9504847834718544,0.4354347432217352
1081860.0,4950.854510315687,4221.857623051089,0.0,0.9504847968623372,0.43543611672689075
1081920.0,4950.842658103697,4221.869480034957,0.0,0.9504847549249682,0.4354374902276696
1081980.0,4950.8308034271895,4221.881335238622,0.0,0.9504847930272851,0.435438863736843
1082040.0,4950.818954931232,4221.8931949550515,0.0,0.9504846294934868,0.43544023722811814
1082100.0,4950.807096433902,4221.905047405279,0.0,0.9504847915621009,0.4354416107507324
1082160.0,4950.795240051501,4221.9169014123145,0.0,0.9504848843954994,0.43544298426804423
1082220.0,4950.78338942035,4221.928759608232,0.0,0.9504847897947165,0.4354443577680163
1082280.0,4950.7715352713385,4221.94061525953,0.0,0.9504848095100601,0.4354457312797433
1082340.0,4950.7596825455275,4221.952471957996,0.0,0.9504847826433781,0.43544710478787046
1082400.0,4950.747828554998,4221.9643277494515,0.0,0.9504847967275192,0.43544847830073447
1082460.0,4950.735976343474,4221.976184847615,0.0,0.9504847526265656,0.43544985180895024
1082520.0,4950.724121540571,4221.988040073236,0.0,0.9504847926987092,0.43545122532595315
1082580.0,4950.712273237806,4221.999900044235,0.0,0.9504846207219048,0.4354525988240683
1082640.0,4950.700414417597,4222.01175237341,0.0,0.9504847911621525,0.4354539723551197
1082700.0,4950.688557822058,4222.02360633926,0.0,0.9504848887917785,0.4354553458805288
1082760.0,4950.676707195341,4222.035464652014,0.0,0.9504847919046668,0.4354567193878986
1082820.0,4950.6648552876795,4222.047322052208,0.0,0.9504847363790302,0.4354580929004654
1082880.0,4950.652999938014,4222.059176956126,0.0,0.9504847928277176,0.4354594664241174
1082940.0,4950.641153746436,4222.071038538461,0.0,0.9504845506577777,0.4354608399206622
1083000.0,4950.629292745358,4222.082889357482,0.0,0.9504847906977952,0.4354622134634156
1083060.0,4950.617434881607,4222.094742476919,0.0,0.950484928201965,0.4354635869977045
1083120.0,4950.605585424854,4222.106601716488,0.0,0.9504847917773817,0.43546496050641414
1083180.0,4950.593734168709,4222.118459666445,0.0,0.9504847136002261,0.43546633402192386
1083240.0,4950.581878067019,4222.1303140993505,0.0,0.9504847931112088,0.43546770755285896
1083300.0,4950.570030373299,4222.142174660616,0.0,0.9504845985198587,0.4354690810586954
1083360.0,4950.558170801028,4222.154026594477,0.0,0.9504847905965325,0.4354704546019889
1083420.0,4950.546313737086,4222.165880371394,0.0,0.9504849006219453,0.4354718281387623
1083480.0,4950.534463399767,4222.177739046591,0.0,0.9504847914438314,0.43547320165515163
1083540.0,4950.522611620369,4222.189596691983,0.0,0.9504847288765533,0.4354745751772362
1083600.0,4950.5107559627395,4222.201451523695,0.0,0.9504847924945782,0.4354759487117553
1083660.0,4950.498907031651,4222.213311261119,0.0,0.9504846367702768,0.43547732222637436
1083720.0,4950.487048593952,4222.225164095885,0.0,0.9504847904656739,0.4354786957711167
1083780.0,4950.475192161254,4222.237018407717,0.0,0.9504848785019706,0.4354800693108951
1083840.0,4950.463341182196,4222.2488766925735,0.0,0.9504847887852808,0.4354814428342509
1083900.0,4950.451486866794,4222.260732564454,0.0,0.9504848074801575,0.43548281636880165
1083960.0,4950.4396339006325,4222.272589429856,0.0,0.9504847819990201,0.4354841898999801
1084020.0,4950.427779734779,4222.284445435405,0.0,0.9504847953535525,0.43548556343569467
1084080.0,4950.415927255546,4222.296302680646,0.0,0.9504847535283092,0.4354869369670451
1084140.0,4950.404072318593,4222.308158150284,0.0,0.9504847915285384,0.43548831050677017
1084200.0,4950.39222354509,4222.320018121081,0.0,0.9504846284323344,0.43548968402864496
1084260.0,4950.380364797836,4222.331870844402,0.0,0.9504847900670502,0.43549105758177936
1084320.0,4950.368508159647,4222.343725120538,0.0,0.9504848826518901,0.4354924311296273
1084380.0,4950.356657256814,4222.355583574776,0.0,0.9504847883041702,0.4354938046601807
1084440.0,4950.344802845821,4222.36743949096,0.0,0.9504848079666399,0.4354951782024604
1084500.0,4950.332949854083,4222.379296451631,0.0,0.9504847811717435,0.4354965517411512
1084560.0,4950.321095601108,4222.39115250764,0.0,0.9504847952180812,0.4354979252845683
1084620.0,4950.309243122208,4222.403009867005,0.0,0.9504847512350328,0.43549929882335053
1084680.0,4950.297388059073,4222.414865358665,0.0,0.9504847911998273,0.435500672370899
1084740.0,4950.2855394781,4222.4267255835,0.0,0.9504846196830782,0.43550204589961017
1084800.0,4950.2736804087235,4222.438578186196,0.0,0.9504847896671568,0.43550341946117405
1084860.0,4950.26182355785,4222.450432421372,0.0,0.9504848870354177,0.43550479301711253
1084920.0,4950.249972659304,4222.462290992261,0.0,0.9504847904074587,0.4355061665550585
1084980.0,4950.238120483332,4222.474148652964,0.0,0.9504847350303358,0.43550754009819054
1085040.0,4950.226264874855,4222.486003823827,0.0,0.950484791327813,0.43550891365238004
1085100.0,4950.214418399143,4222.497865655923,0.0,0.9504845498059905,0.43551028717953405
1085160.0,4950.202557154836,4222.50971675244,0.0,0.950484789203366,0.4355116607527792
1085220.0,4950.190699039166,4222.5215701434645,0.0,0.9504849263394285,0.4355130343175838
1085280.0,4950.178849307264,4222.5334296388655,0.0,0.9504847902798377,0.4355144078568755
1085340.0,4950.166997780919,4222.545287847997,0.0,0.9504847123117816,0.4355157814029521
1085400.0,4950.155141422403,4222.557142549143,0.0,0.95048479160987,0.4355171549644155
1085460.0,4950.143293448622,4222.56900336288,0.0,0.9504845975391143,0.43551852850084605
1085520.0,4950.1314336290825,4222.580855571437,0.0,0.9504847891016973,0.43551990207463903
1085580.0,4950.1195763109245,4222.592709618328,0.0,0.9504848988325818,0.435521275641931
1085640.0,4950.107725700803,4222.60456855089,0.0,0.9504847899465033,0.4355226491888919
1085700.0,4950.095873652562,4222.6164264563195,0.0,0.9504847275465673,0.43552402274153573
1085760.0,4950.084017736794,4222.628281555321,0.0,0.9504847909942123,0.4355253963065833
1085820.0,4950.072172113928,4222.640144159844,0.0,0.9504845188254141,0.43552676984100475
1085880.0,4950.0603098490865,4222.651994665426,0.0,0.9504847886106956,0.4355281434273145
1085940.0,4950.048451111238,4222.6638477554125,0.0,0.950484943156376,0.4355295170039507
1086000.0,4950.036601821364,4222.675707724263,0.0,0.950484789834335,0.4355308905517807
1086060.0,4950.0247505107545,4222.687566242155,0.0,0.9504847019764824,0.4355322641070955
1086120.0,4950.012893755372,4222.699420806226,0.0,0.9504847913437136,0.4355336376796927
1086180.0,4950.001040310595,4222.711277791901,0.0,0.9504847726213473,0.43553501124292726
1086240.0,4949.989185506546,4222.723133801065,0.0,0.9504847979437957,0.43553638481116574
1086300.0,4949.977331883901,4222.734990682244,0.0,0.9504847845459128,0.43553775837657527
1086360.0,4949.965476564721,4222.746846342359,0.0,0.9504848261639298,0.43553913194808347
1086420.0,4949.953623682042,4222.7587037867015,0.0,0.9504847881935424,0.4355405055128292
1086480.0,4949.941764633367,4222.770556764192,0.0,0.9504849507223736,0.4355418790978559
1086540.0,4949.929915520553,4222.782416975773,0.0,0.9504847894846654,0.4355432526525655
1086600.0,4949.918064283264,4222.794275660862,0.0,0.9504846970917837,0.43554462621508105
1086660.0,4949.906207320347,4222.806130187634,0.0,0.9504847910762845,0.4355459997957484
1086720.0,4949.89435383933,4222.81798726073,0.0,0.9504847713892012,0.4355473733665225
1086780.0,4949.8824989292425,4222.829843306495,0.0,0.9504847980215014,0.43554874694251633
1086840.0,4949.870645261923,4222.841700268949,0.0,0.9504847839338695,0.43555012051549125
1086900.0,4949.858789810884,4222.853555946857,0.0,0.9504848277032744,0.4355514940948347
1086960.0,4949.846936922475,4222.865413500828,0.0,0.9504847877741631,0.4355528676670249
1087020.0,4949.835077550338,4222.877266356593,0.0,0.9504849586984436,0.43555424126047976
1087080.0,4949.823228627135,4222.889126820035,0.0,0.9504847891362549,0.4355556148220289
1087140.0,4949.811377470361,4222.900985677543,0.0,0.9504846919741698,0.4355569883917214
1087200.0,4949.799520372111,4222.91284021912,0.0,0.950484788232125,0.4355583619802087
1087260.0,4949.787664525522,4222.924695690147,0.0,0.9504848433617984,0.4355597355660585
1087320.0,4949.775812093112,4222.93655365171,0.0,0.9504847871484763,0.43556110914178847
1087380.0,4949.763950534481,4222.9484049925195,0.0,0.950485027870108,0.43556248274695786
1087440.0,4949.752103691891,4222.960267045534,0.0,0.9504847891005873,0.4355638563070205
1087500.0,4949.740253708379,4222.972126832484,0.0,0.9504846522887513,0.4355652298780335
1087560.0,4949.728395359392,4222.9839805399,0.0,0.9504847878612848,0.43556660347534004
1087620.0,4949.716538777505,4222.995835551771,0.0,0.9504848655147184,0.43556797706841455
1087680.0,4949.704687005169,4223.007694069401,0.0,0.9504847863691758,0.4355693506470524
1087740.0,4949.692826857852,4223.019546507879,0.0,0.9504849797804097,0.4355707242524971
1087800.0,4949.680978507189,4223.03140753973,0.0,0.950484788703869,0.435572097822174
1087860.0,4949.669127640948,4223.043266760382,0.0,0.9504846792159578,0.43557347140086683
1087920.0,4949.657270079843,4223.055121116722,0.0,0.9504847876955441,0.435574845000686
1087980.0,4949.645413930604,4223.066976519117,0.0,0.9504848498270974,0.4355762185973717
1088040.0,4949.633561629234,4223.078834727719,0.0,0.9504847864849181,0.43557759218259523
1088100.0,4949.621699045074,4223.090685473707,0.0,0.9504850577622113,0.4355789658008376
1088160.0,4949.609853044579,4223.102548291345,0.0,0.9504847886953252,0.43558033936819246
1088220.0,4949.598003506039,4223.1144085538435,0.0,0.9504846345257456,0.4355817129477265
1088280.0,4949.586144541089,4223.126261964544,0.0,0.9504847873092908,0.4355830865568379
1088340.0,4949.574287568835,4223.138116843909,0.0,0.9504848748231602,0.43558446016101865
1088400.0,4949.562436016868,4223.149975673592,0.0,0.9504847856383651,0.43558583374887216
1088460.0,4949.550581148915,4223.161832104132,0.0,0.9504848042221045,0.4355872073478605
1088520.0,4949.538727621923,4223.1736895225395,0.0,0.9504847788918572,0.4355885809434993
1088580.0,4949.526872902541,4223.1855460860415,0.0,0.9504847921669284,0.4355899545436516
1088640.0,4949.5150198594365,4223.19740388218,0.0,0.9504847505895145,0.4355913281394685
1088700.0,4949.5031643736,4223.209259912896,0.0,0.9504847883641027,0.43559270174361553
1088760.0,4949.491315013493,4223.2211204190735,0.0,0.9504846262350399,0.43559407533001904
1088820.0,4949.47945574058,4223.232973719239,0.0,0.9504847869107834,0.4355954489475061
1088880.0,4949.467598563792,4223.244828563385,0.0,0.9504848789462028,0.43559682255974197
1088940.0,4949.455747087286,4223.256687561753,0.0,0.9504847851578604,0.4355981961547835
1089000.0,4949.443892124026,4223.268544036615,0.0,0.9504848047034533,0.4355995697614884
1089060.0,4949.432038571315,4223.280401550019,0.0,0.9504847780672394,0.4356009433646281
1089120.0,4949.420183765041,4223.292258163966,0.0,0.950484792030013,0.4356023169724707
1089180.0,4949.408330721964,4223.304116073847,0.0,0.9504847483075891,0.4356036905757085
1089240.0,4949.396475110419,4223.315972126733,0.0,0.950484788035093,0.43560506418766587
1089300.0,4949.384625941366,4223.327832885768,0.0,0.9504846175354444,0.43560643778089825
1089360.0,4949.372766348003,4223.339686066272,0.0,0.9504847865110138,0.4356078114067982
1089420.0,4949.360908959534,4223.351540869967,0.0,0.9504848833014885,0.43560918502710994
1089480.0,4949.349057486991,4223.3633999845915,0.0,0.9504847872464249,0.43561055862953335
1089540.0,4949.337204744779,4223.375258194281,0.0,0.9504847321975319,0.43561193223711847
1089600.0,4949.325348591026,4223.3871139283865,0.0,0.9504847881608199,0.4356133058557001
1089660.0,4949.313501514162,4223.398976285669,0.0,0.9504845480714774,0.43561467944740506
1089720.0,4949.301639758968,4223.4108279687935,0.0,0.9504847860484761,0.4356160530849407
1089780.0,4949.289781113238,4223.422681933349,0.0,0.9504849223707188,0.43561742671408904
1089840.0,4949.277930800003,4223.434541967379,0.0,0.9504847871180615,0.4356188003178715
1089900.0,4949.266078703245,4223.44640072254,0.0,0.9504847096123621,0.43562017392840546
1089960.0,4949.254221803846,4223.458255989798,0.0,0.9504847884397022,0.4356215475542403
1090020.0,4949.242373237877,4223.47011733471,0.0,0.9504845955202137,0.43562292115518886
1090080.0,4949.230512898547,4223.481970123705,0.0,0.9504847859459119,0.43562429479329023
1090140.0,4949.218655045257,4223.493824740559,0.0,0.9504848950254507,0.43562566842493267
1090200.0,4949.2068038589705,4223.505684215146,0.0,0.9504847867852056,0.4356270420363616
1090260.0,4949.1949512433075,4223.517542668524,0.0,0.9504847247552604,0.4356284156534463
1090320.0,4949.183094783748,4223.529398331545,0.0,0.9504847878261987,0.43562978928286583
1090380.0,4949.17124855411,4223.541261457193,0.0,0.9504845172719397,0.4356311628818388
1090440.0,4949.159385784228,4223.553112553133,0.0,0.9504847854563239,0.43563253653240674
1090500.0,4949.147526519726,4223.564966218738,0.0,0.9504849390848371,0.4356339101733612
1090560.0,4949.135676645417,4223.576826723869,0.0,0.9504847866722036,0.43563528378567495
1090620.0,4949.12382476268,4223.588685786388,0.0,0.9504846993353351,0.43563665740543633
1090680.0,4949.11196746844,4223.600540917718,0.0,0.9504847881721283,0.43563803104238363
1090740.0,4949.100119565989,4223.612402897249,0.0,0.9504845707739258,0.4356394046511676
1090800.0,4949.088258397183,4223.624255233866,0.0,0.9504847853723951,0.4356407783017265
1090860.0,4949.076400031238,4223.636109629,0.0,0.9504849083007925,0.43564215194484546
1090920.0,4949.064549178677,4223.647969498092,0.0,0.9504847863287568,0.4356435255651302
1090980.0,4949.0526967167725,4223.65982821494,0.0,0.9504847164316437,0.43564489919162774
1091040.0,4949.04083992375,4223.671683786694,0.0,0.9504847875124172,0.4356462728319685
1091100.0,4949.028990644538,4223.683544840208,0.0,0.9504846135374895,0.4356476464499562
1091160.0,4949.017130748181,4223.695398178407,0.0,0.9504847852554008,0.43564902010152246
1091220.0,4949.005273092516,4223.707253166087,0.0,0.9504848836170288,0.4356503937473876
1091280.0,4948.9934214484,4223.719112534953,0.0,0.9504847860040907,0.4356517673750654
1091340.0,4948.981568514288,4223.730970983936,0.0,0.9504847300626533,0.4356531410079674
1091400.0,4948.969712113593,4223.742826916886,0.0,0.9504847869346698,0.4356545146520378
1091460.0,4948.957864936591,4223.754689580871,0.0,0.9504845429501997,0.4356558882687718
1091520.0,4948.946002844213,4223.76654139652,0.0,0.9504847847893966,0.4356572619320774
1091580.0,4948.93414391171,4223.778395530627,0.0,0.9504849233243934,0.43565863558683726
1091640.0,4948.922293446367,4223.7902558331525,0.0,0.9504847858776844,0.4356600092158097
1091700.0,4948.910441168872,4223.802114835763,0.0,0.9504847071149847,0.4356613828516226
1091760.0,4948.898584011221,4223.8139702935105,0.0,0.9504847872221182,0.43566275650297853
1091820.0,4948.886735321752,4223.825831927918,0.0,0.9504845911727138,0.4356641301290262
1091880.0,4948.8748746688425,4223.837684866727,0.0,0.9504847846892074,0.4356655037928207
1091940.0,4948.863016542314,4223.849539663029,0.0,0.9504848955394938,0.43566687745002936
1092000.0,4948.851165190552,4223.861399396247,0.0,0.9504847855434672,0.43566825108668716
1092060.0,4948.839312386508,4223.87325809141,0.0,0.9504847225075708,0.43566962472907167
1092120.0,4948.827455676534,4223.885113950631,0.0,0.9504847866027005,0.4356709983839848
1092180.0,4948.815605741293,4223.89697475422,0.0,0.9504846297115088,0.43567237201882925
1092240.0,4948.803746231511,4223.90882860057,0.0,0.9504847845592005,0.4356737456840286
1092300.0,4948.79188874118,4223.920683935533,0.0,0.9504848732556532,0.4356751193442106
1092360.0,4948.780036743537,4223.932543274851,0.0,0.9504847828668235,0.43567649298783445
1092420.0,4948.768181385766,4223.944400182057,0.0,0.9504848017021272,0.4356778666427324
1092480.0,4948.756327386956,4223.956258090549,0.0,0.950484776030309,0.4356792402942224
1092540.0,4948.74447217995,4223.96811513232,0.0,0.9504847894852425,0.4356806139502752
1092600.0,4948.732618671704,4223.97997342349,0.0,0.9504847473468074,0.4356819876019197
1092660.0,4948.720762688225,4223.991829924961,0.0,0.9504847856321702,0.4356833612619968
1092720.0,4948.7089129123915,4224.003690963023,0.0,0.9504846213137922,0.43568473490406806
1092780.0,4948.697053091501,4224.015544696334,0.0,0.9504847841603387,0.43568610857764306
1092840.0,4948.685195394877,4224.027399994604,0.0,0.9504848774394015,0.43568748224587556
1092900.0,4948.673343474669,4224.039259503927,0.0,0.9504847823848568,0.4356888558966709
1092960.0,4948.661488021288,4224.051116455069,0.0,0.9504848021950038,0.43569022955927633
1093020.0,4948.649633997385,4224.062974458868,0.0,0.9504847751995824,0.4356916032182552
1093080.0,4948.637778703295,4224.074831550783,0.0,0.9504847893515052,0.4356929768819885
1093140.0,4948.625925196049,4224.0866899562625,0.0,0.9504847450390942,0.43569435054104066
1093200.0,4948.614069086151,4224.098546479213,0.0,0.9504847853037445,0.43569572420892
1093260.0,4948.602219504889,4224.110407772601,0.0,0.9504846125017659,0.4356970978577988
1093320.0,4948.590359360242,4224.122261383622,0.0,0.9504847837601974,0.4356984715397869
1093380.0,4948.578501450076,4224.134116639894,0.0,0.9504848818585777,0.4356998452160911
1093440.0,4948.566649534852,4224.145976266081,0.0,0.9504847845066589,0.43570121887425506
1093500.0,4948.554796333172,4224.1578349747715,0.0,0.950484728714787,0.4357025925376325
1093560.0,4948.542939674475,4224.169691173918,0.0,0.9504847854345225,0.43570396621215063
1093620.0,4948.531092213976,4224.181554086786,0.0,0.9504845421027313,0.43570533985940446
1093680.0,4948.519229879284,4224.19340617925,0.0,0.9504847832947636,0.4357067135531116
1093740.0,4948.507370695719,4224.205260584228,0.0,0.9504849214589628,0.4357080872382969
1093800.0,4948.495519955924,4224.217121141748,0.0,0.9504847843799142,0.4357094608977616
1093860.0,4948.483667408959,4224.2289804027205,0.0,0.950484705827841,0.43571083456405146
1093920.0,4948.471809995306,4224.240836127963,0.0,0.9504847857205249,0.43571220824584533
1093980.0,4948.459961026435,4224.252698013977,0.0,0.9504845901956107,0.43571358190239745
1094040.0,4948.44810012715,4224.264551226797,0.0,0.9504847831941664,0.4357149555966011
1094100.0,4948.436241747247,4224.276406292346,0.0,0.9504848937477168,0.43571632928423815
1094160.0,4948.424390123393,4224.288266282103,0.0,0.9504847840459146,0.43571770295137774
1094220.0,4948.412537051245,4224.300125236499,0.0,0.950484721178619,0.4357190766242316
1094280.0,4948.400680083947,4224.311981362265,0.0,0.9504847851020872,0.4357204503095828
1094340.0,4948.388829872655,4224.323842419678,0.0,0.9504846286306988,0.43572182397491854
1094400.0,4948.376970113256,4224.335696537785,0.0,0.9504847830638312,0.4357231976705327
1094460.0,4948.36511236771,4224.347552140691,0.0,0.9504848715227248,0.4357245713611447
1094520.0,4948.353260099666,4224.3594117376415,0.0,0.9504847813757591,0.4357259450352418
1094580.0,4948.341404480763,4224.37126890876,0.0,0.9504848001605314,0.4357273187205856
1094640.0,4948.329550217051,4224.383127078599,0.0,0.9504847745573182,0.4357286924025318
1094700.0,4948.317694748467,4224.394984383961,0.0,0.9504847879761236,0.4357300660890307
1094760.0,4948.305840973935,4224.406842935521,0.0,0.9504847459503676,0.43573143977113404
1094820.0,4948.293984730996,4224.418699702002,0.0,0.9504847841331392,0.43573281346165
1094880.0,4948.282134678532,4224.43056099341,0.0,0.9504846202544353,0.4357341871342083
1094940.0,4948.270274608754,4224.442414998885,0.0,0.9504847826650212,0.4357355608381904
1095000.0,4948.258416657349,4224.454270565311,0.0,0.9504848756943305,0.43573693453684614
1095060.0,4948.246564466396,4224.466130331951,0.0,0.9504847808940656,0.43573830821811016
1095120.0,4948.234708752013,4224.477987547012,0.0,0.9504848006510804,0.43573968191115553
1095180.0,4948.222854463146,4224.489845812035,0.0,0.950484773727796,0.4357410556005853
1095240.0,4948.210998907586,4224.501703167534,0.0,0.9504847878417308,0.4357424292947589
1095300.0,4948.199145133916,4224.513561833228,0.0,0.9504847436477951,0.4357438029842649
1095360.0,4948.187288764772,4224.525418621255,0.0,0.9504847838045776,0.4357451766825768
1095420.0,4948.175438906209,4224.537280167453,0.0,0.9504846114649533,0.4357465503619391
1095480.0,4948.163578513434,4224.549134051073,0.0,0.9504847822649359,0.4357479240743267
1095540.0,4948.151720348946,4224.56098957573,0.0,0.9504848801006605,0.4357492977810473
1095600.0,4948.1398681628325,4224.572849459052,0.0,0.950484783009174,0.43575067146967483
1095660.0,4948.128014693794,4224.584708427263,0.0,0.9504847273664769,0.4357520451635048
1095720.0,4948.116157777282,4224.596564892397,0.0,0.9504847839343293,0.4357534188684476
1095780.0,4948.10431003354,4224.608428053984,0.0,0.9504845412535405,0.43575479254619826
1095840.0,4948.092447456678,4224.620280423045,0.0,0.9504847818000705,0.4357561662702839
1095900.0,4948.080588022219,4224.632135098678,0.0,0.950484919594468,0.43575753998587213
1095960.0,4948.068737008199,4224.643995911017,0.0,0.9504847828820918,0.43575891367580655
1096020.0,4948.05688419198,4224.655855430166,0.0,0.9504847045401065,0.43576028737255074
1096080.0,4948.045026522508,4224.6677114226995,0.0,0.9504847842188898,0.43576166108476017
1096140.0,4948.033177274478,4224.6795735601545,0.0,0.9504845892170162,0.435763034771794
1096200.0,4948.021316128968,4224.6914270467605,0.0,0.9504847816990655,0.4357644084963843
1096260.0,4948.009457495859,4224.703282381342,0.0,0.9504848919567294,0.4357657822144272
1096320.0,4947.997605600135,4224.715142627461,0.0,0.9504847825483094,0.4357671559120258
1096380.0,4947.985752260096,4224.727001840905,0.0,0.9504847198490786,0.43576852961532636
1096440.0,4947.973895035656,4224.738858233007,0.0,0.950484783601431,0.4357699033310931
1096500.0,4947.962044548548,4224.750719544074,0.0,0.9504846275485213,0.4357712770268972
1096560.0,4947.950184539688,4224.762573933714,0.0,0.9504847815684019,0.43577265075290356
1096620.0,4947.938326539095,4224.774429804346,0.0,0.9504848697905781,0.4357740244739229
1096680.0,4947.926474000874,4224.78628965875,0.0,0.95048477988462,0.43577539817847033
1096740.0,4947.914618121029,4224.79814709358,0.0,0.9504847986190318,0.4357767718942375
1096800.0,4947.902763592621,4224.810005524575,0.0,0.9504847730841922,0.4357781456066171
1096860.0,4947.890907862654,4224.821863093334,0.0,0.9504847864669909,0.4357795193235391
1096920.0,4947.879053822044,4224.833721905094,0.0,0.9504847445535336,0.4357808930360786
1096980.0,4947.867197319827,4224.84557893638,0.0,0.9504847826340603,0.43578226675701054
1097040.0,4947.855346990971,4224.857440480963,0.0,0.9504846191936633,0.4357836404600331
1097100.0,4947.843486672458,4224.86929475838,0.0,0.9504847811696445,0.43578501419439963
1097160.0,4947.831628466443,4224.881150592748,0.0,0.9504848739499929,0.4357863879234558
1097220.0,4947.819776004969,4224.8930106165235,0.0,0.9504847794032004,0.4357877616351657
1097280.0,4947.807920029777,4224.904868095304,0.0,0.9504847991072564,0.43578913535862823
1097340.0,4947.796065476152,4224.916726621355,0.0,0.9504847722558732,0.4357905090784859
1097400.0,4947.784209659316,4224.928584240237,0.0,0.9504847863319434,0.43579188280307685
1097460.0,4947.772355619435,4224.940443165959,0.0,0.9504847422561046,0.43579325652301365
1097520.0,4947.760498991233,4224.952300218854,0.0,0.950484782305363,0.43579463025173537
1097580.0,4947.748648855613,4224.964162017693,0.0,0.9504846104266701,0.4357960039615582
1097640.0,4947.736788214862,4224.976016173688,0.0,0.9504847807696147,0.43579737770432264
1097700.0,4947.724929796223,4224.987871966515,0.0,0.9504848783434545,0.43579875144143676
1097760.0,4947.713077339439,4224.999732106792,0.0,0.9504847815116362,0.4358001251605049
1097820.0,4947.701223603254,4225.011591334333,0.0,0.950484726017696,0.4358014988847645
1097880.0,4947.689366429105,4225.02344806525,0.0,0.9504847824340903,0.43580287262010936
1097940.0,4947.677518402374,4225.035311475396,0.0,0.9504845404025455,0.43580424632833387
1098000.0,4947.6656555834825,4225.047164120811,0.0,0.9504847803053168,0.43580562008277557
1098060.0,4947.653795898292,4225.059019066882,0.0,0.9504849177309052,0.43580699382874377
1098120.0,4947.641944610279,4225.070880133863,0.0,0.9504847813842173,0.43580836754912455
1098180.0,4947.630091525023,4225.082739911005,0.0,0.9504847032517143,0.43580974127630007
1098240.0,4947.6182335999065,4225.094596170614,0.0,0.9504847827172132,0.4358111150189019
1098300.0,4947.6063840729585,4225.10645855934,0.0,0.9504845882369858,0.4358124887363944
1098360.0,4947.59452268138,4225.1183123195015,0.0,0.9504847802039054,0.4358138624913485
1098420.0,4947.5826637952405,4225.130167922904,0.0,0.950484890166422,0.43581523623977414
1098480.0,4947.570811627869,4225.1420284252035,0.0,0.950484781050651,0.43581660996780874
1098540.0,4947.55895802015,4225.153887897506,0.0,0.9504847185190878,0.43581798370153296
1098600.0,4947.547100538752,4225.165744555738,0.0,0.9504847821007294,0.43581935744769223
1098660.0,4947.535253366761,4225.177608739778,0.0,0.9504845093574081,0.43582073116313075
1098720.0,4947.523389526231,4225.189460792024,0.0,0.9504847797123384,0.4358221049305999
1098780.0,4947.511529218396,4225.201315435608,0.0,0.9504849345843569,0.43582347868835913
1098840.0,4947.499678373651,4225.213176976694,0.0,0.9504847809387182,0.4358248524172282
1098900.0,4947.487825505009,4225.225037062807,0.0,0.9504846928954398,0.435826226153594
1098960.0,4947.475967182918,4225.2368931843375,0.0,0.9504847824514414,0.43582759990728737
1099020.0,4947.464112176767,4225.24875173399,0.0,0.9504847636896192,0.4358289736515851
1099080.0,4947.452255809215,4225.260609304433,0.0,0.9504847890656193,0.4358303474008948
1099140.0,4947.440400625,4225.272467749205,0.0,0.9504847756395218,0.43583172114736163
1099200.0,4947.428543741585,4225.284324969545,0.0,0.9504848173455145,0.435833094899938
1099260.0,4947.416689298607,4225.296183978908,0.0,0.9504847792950115,0.4358344686457271
1099320.0,4947.404828679842,4225.308038509216,0.0,0.9504849421671924,0.435835842411845
1099380.0,4947.392978012841,4225.319900293225,0.0,0.9504847805890186,0.43583721614755794
1099440.0,4947.381125218036,4225.331760546518,0.0,0.9504846880010771,0.4358385898910893
1099500.0,4947.369266688473,4225.343616630183,0.0,0.9504847821841572,0.43583996365282013
1099560.0,4947.357411646423,4225.3554752670225,0.0,0.9504847624555678,0.4358413374046235
1099620.0,4947.345555173062,4225.367332873694,0.0,0.950484789144203,0.43584271116165524
1099680.0,4947.3336999445,4225.379191399493,0.0,0.9504847750268905,0.43584408491565346
1099740.0,4947.321842929416,4225.391048637204,0.0,0.9504848188888456,0.4358454586760317
1099800.0,4947.309988481094,4225.402907756019,0.0,0.9504847788754539,0.4358468324292309
1099860.0,4947.298127538742,4225.414762163797,0.0,0.950484950160993,0.43584820620374526
1099920.0,4947.286277062059,4225.42662419988,0.0,0.9504847802405809,0.4358495799462614
1099980.0,4947.274424348297,4225.438484625592,0.0,0.9504846828732876,0.4358509536969346
1100040.0,4947.262565683582,4225.450340723624,0.0,0.9504847793346981,0.4358523274664521
1100100.0,4947.250708272594,4225.462197753556,0.0,0.9504848345809149,0.4358537012333155
1100160.0,4947.23885428127,4225.474057280756,0.0,0.950484778248918,0.43585507499002746
1100220.0,4947.226991149198,4225.485910169154,0.0,0.9504850194791612,0.43585644877625246
1100280.0,4947.215142756714,4225.497773798814,0.0,0.9504847802053099,0.4358578225172413
1100340.0,4947.203291218355,4225.509635156173,0.0,0.9504846431045451,0.43585919626920183
1100400.0,4947.19143130117,4225.521490417469,0.0,0.950484778963547,0.4358605700475266
1100460.0,4947.179573153974,4225.533346986685,0.0,0.9504848567810985,0.4358619438215981
1100520.0,4947.167719824045,4225.545207071147,0.0,0.9504847774684431,0.43586331758118924
1100580.0,4947.155858105789,4225.557061059895,0.0,0.9504849712884269,0.4358646913676557
1100640.0,4947.1440082030895,4225.568923665303,0.0,0.950484779808226,0.43586606511824866
1100700.0,4947.132155780856,4225.580784454514,0.0,0.9504846700890772,0.43586743887787366
1100760.0,4947.12029665308,4225.592640366182,0.0,0.950484778797928,0.4358688126586811
1100820.0,4947.108438939489,4225.604497326666,0.0,0.9504848410608288,0.4358701864363371
1100880.0,4947.096585079942,4225.616357100947,0.0,0.9504847775849016,0.4358715602024955
1100940.0,4947.084720921227,4225.628209392276,0.0,0.9504850494355086,0.43587293400175636
1101000.0,4947.072873372724,4225.640073788004,0.0,0.9504847798001363,0.4358743077499839
1101060.0,4947.061022280582,4225.651935621578,0.0,0.950484625304848,0.4358756815104156
1101120.0,4947.049161746975,4225.663790584724,0.0,0.9504847784113309,0.4358770553005045
1101180.0,4947.0373032093175,4225.675647020443,0.0,0.9504848661102208,0.43587842908563973
1101240.0,4947.025450100641,4225.687507417177,0.0,0.9504847767370315,0.43587980285439865
1101300.0,4947.01359367072,4225.6993654082,0.0,0.9504847953601278,0.4358811766343172
1101360.0,4947.001738583948,4225.71122438972,0.0,0.9504847699764198,0.43588255041087076
1101420.0,4946.989882302923,4225.723082513962,0.0,0.9504847832796305,0.4358839241919443
1101480.0,4946.978027700902,4225.734941874133,0.0,0.9504847416143984,0.4358852979686639
1101540.0,4946.966170652282,4225.746799464039,0.0,0.9504847794689233,0.4358866717537314
1101600.0,4946.9543197392595,4225.758661541484,0.0,0.9504846169972372,0.4358880455209965
1101660.0,4946.942458897592,4225.770516393321,0.0,0.95048477801269,0.4358894193194292
1101720.0,4946.930600155471,4225.782372793254,0.0,0.9504848702426837,0.43589079311258677
1101780.0,4946.918747122774,4225.794233358659,0.0,0.9504847762562202,0.4358921668884985
1101840.0,4946.906890597796,4225.806091393651,0.0,0.9504847958432006,0.4358935406760998
1101900.0,4946.895035485662,4225.817950469953,0.0,0.9504847691507693,0.43589491446011996
1101960.0,4946.8831791180055,4225.829808644304,0.0,0.9504847831431336,0.43589628824884985
1102020.0,4946.871324516412,4225.841668118055,0.0,0.9504847393283639,0.4358976620329558
1102080.0,4946.8594673422795,4225.853525729719,0.0,0.9504847791399271,0.43589903582580003
1102140.0,4946.847616621015,4225.865388060237,0.0,0.9504846082799451,0.4359004095998578
1102200.0,4946.835755458781,4225.877242791616,0.0,0.950484777612784,0.4359017834066716
1102260.0,4946.823896505034,4225.889099150513,0.0,0.9504848746079934,0.43590315720787237
1102320.0,4946.812043476707,4225.900959832027,0.0,0.9504847783499074,0.43590453099113163
1102380.0,4946.8001891767435,4225.912819606067,0.0,0.9504847231846718,0.43590590477955793
1102440.0,4946.7883314598,4225.924676897771,0.0,0.9504847792663945,0.43590727857900824
1102500.0,4946.77648283435,4225.936540830572,0.0,0.9504845386692373,0.4359086523514976
1102560.0,4946.764619507082,4225.94839406018,0.0,0.9504847771497398,0.4359100261699432
1102620.0,4946.7527592943225,4225.9602495773415,0.0,0.9504849137604716,0.43591139997996853
1102680.0,4946.740907427431,4225.972111180444,0.0,0.9504847782217456,0.4359127737645538
1102740.0,4946.729053774223,4225.983971501125,0.0,0.950484700552134,0.4359141475559002
1102800.0,4946.717195310704,4225.995828324397,0.0,0.9504847795463409,0.4359155213625873
1102860.0,4946.705345194016,4226.007691241785,0.0,0.9504845862186118,0.4359168951443114
1102920.0,4946.693483285141,4226.019545579952,0.0,0.9504847770474315,0.43591826896328734
1102980.0,4946.681623866355,4226.031401750871,0.0,0.9504848863578447,0.435919642775777
1103040.0,4946.669771125276,4226.0432627926975,0.0,0.9504847778886585,0.43592101656799326
1103100.0,4946.657916952598,4226.055122810461,0.0,0.9504847157275422,0.43592239036587205
1103160.0,4946.646058929886,4226.066980030258,0.0,0.9504847789320118,0.435923764176117
1103220.0,4946.6342111535505,4226.078844732884,0.0,0.9504845078054207,0.43592513795582094
1103280.0,4946.622346810498,4226.090697373082,0.0,0.950484776557281,0.43592651178726155
1103340.0,4946.610485978506,4226.102552589851,0.0,0.9504849305108768,0.4359278856090525
1103400.0,4946.5986345517695,4226.114414664707,0.0,0.9504847777758908,0.4359292594021192
1103460.0,4946.586781113456,4226.126275292952,0.0,0.9504846902543284,0.4359306332026453
1103520.0,4946.574922254996,4226.138131979295,0.0,0.9504847792791463,0.43593200702040213
1103580.0,4946.56306669218,4226.149991079912,0.0,0.950484760628302,0.4359333808288207
1103640.0,4946.551209776248,4226.161849206945,0.0,0.9504847858536136,0.43593475464222586
1103700.0,4946.539354036388,4226.173708203339,0.0,0.9504847725068608,0.43593612845280777
1103760.0,4946.52749660768,4226.18556598233,0.0,0.9504848139653608,0.4359375022694681
1103820.0,4946.515641604465,4226.1974255401465,0.0,0.9504847761401803,0.43593887607938303
1103880.0,4946.503780463143,4226.209280644556,0.0,0.9504849380466012,0.4359402499095163
1103940.0,4946.491929212774,4226.221142961219,0.0,0.9504847774260169,0.4359416237094191
1104000.0,4946.480075847549,4226.23300375596,0.0,0.9504846853867124,0.43594299751710114
1104060.0,4946.468216782584,4226.244860404921,0.0,0.9504847790111994,0.435944371342881
1104120.0,4946.456361183793,4226.256719592498,0.0,0.9504847593993132,0.43594574515879353
1104180.0,4946.444504162401,4226.268577755821,0.0,0.950484785929487,0.435947118979908
1104240.0,4946.432648378169,4226.280436833048,0.0,0.950484771895613,0.43594849279800973
1104300.0,4946.420790818295,4226.292294629581,0.0,0.9504848154973075,0.43594986662245866
1104360.0,4946.408935809475,4226.304154296497,0.0,0.9504847757208623,0.4359512404397725
1104420.0,4946.397074346248,4226.316009279346,0.0,0.9504849459907863,0.43595261427828563
1104480.0,4946.385223284738,4226.327871846914,0.0,0.9504847770773978,0.43595398808498426
1104540.0,4946.3733699997665,4226.339732813359,0.0,0.9504846802869954,0.43595536189979855
1104600.0,4946.361510800179,4226.351589476879,0.0,0.9504847761763854,0.43595673573335175
1104660.0,4946.34965284661,4226.363447067014,0.0,0.9504848310948668,0.4359581095642712
1104720.0,4946.337798291797,4226.375307140158,0.0,0.9504847750965418,0.4359594833850989
1104780.0,4946.325934652025,4226.387160612491,0.0,0.9504850148966374,0.4359608572352767
1104840.0,4946.314085661789,4226.399024764711,0.0,0.9504847770408378,0.4359622310404773
1104900.0,4946.302233544844,4226.410886657661,0.0,0.9504846407524639,0.43596360485659247
1104960.0,4946.290373100238,4226.422742489403,0.0,0.9504847758059359,0.43596497869892364
1105020.0,4946.278514414759,4226.434599621635,0.0,0.9504848531620058,0.43596635253703103
1105080.0,4946.266660517106,4226.446460249041,0.0,0.9504847743191941,0.4359677263607422
1105140.0,4946.254798282325,4226.4583148156,0.0,0.950484966990144,0.4359691002111796
1105200.0,4946.242947790903,4226.470177949604,0.0,0.9504847766446096,0.4359704740259505
1105260.0,4946.2310947952865,4226.482039277834,0.0,0.9504846675755083,0.4359718478497073
1105320.0,4946.219235135067,4226.493895756412,0.0,0.9504847756398004,0.43597322169452785
1105380.0,4946.207376880346,4226.505753277855,0.0,0.9504848375334614,0.4359745955362201
1105440.0,4946.195522456111,4226.517613597031,0.0,0.9504847744334635,0.43597596936648186
1105500.0,4946.183657795563,4226.529466476061,0.0,0.9504850446727144,0.43597734322966303
1105560.0,4946.171809643763,4226.541331390335,0.0,0.9504847766350706,0.4359787170421028
1105620.0,4946.159957969917,4226.553193757141,0.0,0.9504846230551651,0.4359800908666824
1105680.0,4946.148096912256,4226.565049292799,0.0,0.9504847752539967,0.4359814647207525
1105740.0,4946.1362378383055,4226.576906292657,0.0,0.9504848624328583,0.43598283856990216
1105800.0,4946.124384160156,4226.58876723091,0.0,0.9504847735891214,0.4359842124027705
1105860.0,4946.112521088066,4226.600621337881,0.0,0.950484990717853,0.4359855862656414
1105920.0,4946.100671250155,4226.612485099128,0.0,0.9504847762202167,0.4359869600882236
1105980.0,4946.088818591699,4226.6243468239745,0.0,0.9504846533140305,0.43598833392077213
1106040.0,4946.076958423493,4226.636203083027,0.0,0.9504847750984372,0.43598970777700463
1106100.0,4946.065099840498,4226.648060515959,0.0,0.9504848448525072,0.43599108162955125
1106160.0,4946.053245574501,4226.659921101306,0.0,0.9504847737495535,0.43599245546915893
1106220.0,4946.041383789798,4226.671776221608,0.0,0.950484947492263,0.43599382933295905
1106280.0,4946.029532593939,4226.6836390688695,0.0,0.9504847758383965,0.4359952031646664
1106340.0,4946.01767913888,4226.695500288704,0.0,0.9504846774779767,0.4359965770046007
1106400.0,4946.005819673718,4226.707357135357,0.0,0.95048477492411,0.43599795086357257
1106460.0,4945.993961474887,4226.719214923556,0.0,0.9504848307344431,0.43599932471984637
1106520.0,4945.982106729781,4226.731075235201,0.0,0.9504847738280905,0.43600069856585594
1106580.0,4945.970242753135,4226.74292883818,0.0,0.950485017520162,0.4360020724416739
1106640.0,4945.958393662733,4226.754793295201,0.0,0.950484775805284,0.4360034462717731
1106700.0,4945.9465413952985,4226.766655455915,0.0,0.9504846373060094,0.4360048201129438
1106760.0,4945.934680665739,4226.778511456483,0.0,0.95048477455169,0.43600619398075136
1106820.0,4945.922821723907,4226.790368778571,0.0,0.9504848531637169,0.4360075678442447
1106880.0,4945.910967647309,4226.802229652782,0.0,0.9504847730421696,0.4360089416930992
1106940.0,4945.899105099035,4226.8140843671445,0.0,0.9504849688403599,0.4360103155691007
1107000.0,4945.887254483936,4226.825947788602,0.0,0.9504847754066674,0.436011689408841
1107060.0,4945.8754013243715,4226.837809374646,0.0,0.9504846645682714,0.4360130632576924
1107120.0,4945.863541392602,4226.849666031859,0.0,0.9504847743868996,0.4360144371279443
1107180.0,4945.851682889218,4226.8615237487675,0.0,0.9504848372855916,0.4360158109949953
1107240.0,4945.8398282782655,4226.873384308985,0.0,0.950484773162334,0.43601718485042174
1107300.0,4945.827966886615,4226.88523994146,0.0,0.9504849298358833,0.4360185587277553
1107360.0,4945.816115042729,4226.897102542929,0.0,0.9504847750378398,0.43601993257621907
1107420.0,4945.804261160569,4226.908963677806,0.0,0.9504846863343253,0.4360213064322253
1107480.0,4945.792401785952,4226.920820816725,0.0,0.9504847765625241,0.43602268030569213
1107540.0,4945.780545751101,4226.932680402871,0.0,0.950484757660243,0.4360240541696788
1107600.0,4945.76868834517,4226.94453900199,0.0,0.9504847832269391,0.4360254280387084
1107660.0,4945.756832131121,4226.956398482273,0.0,0.9504847697004135,0.4360268019048634
1107720.0,4945.7449742057825,4226.96825672836,0.0,0.9504848117196337,0.4360281757771666
1107780.0,4945.733118738423,4226.980116777539,0.0,0.950484773383942,0.4360295496426201
1107840.0,4945.721257051165,4226.991972312141,0.0,0.9504849374784866,0.4360309235285508
1107900.0,4945.709405386964,4227.003835157741,0.0,0.9504847746882701,0.43603229738382965
1107960.0,4945.697551579833,4227.0156964604075,0.0,0.9504846814059608,0.4360336712469755
1108020.0,4945.685691996925,4227.027553560441,0.0,0.9504847762959883,0.4360350451284607
1108080.0,4945.673835926579,4227.039413233755,0.0,0.950484756419678,0.43603641899992956
1108140.0,4945.6619784147415,4227.051271868675,0.0,0.95048478330887,0.43603779287665967
1108200.0,4945.650122156691,4227.063131429909,0.0,0.9504847690859372,0.4360391667503229
1108260.0,4945.638264099402,4227.074989692792,0.0,0.9504848132773178,0.4360405406304072
1108320.0,4945.626408627326,4227.086849851576,0.0,0.9504847729639891,0.43604191450324686
1108380.0,4945.6145466148255,4227.098705261965,0.0,0.9504849455350908,0.4360432883975578
1108440.0,4945.602695142971,4227.110568360922,0.0,0.9504847743399716,0.4360446622596111
1108500.0,4945.59084141813,4227.122429836658,0.0,0.9504846762423849,0.4360460361298725
1108560.0,4945.578981699764,4227.134286950466,0.0,0.9504847734279035,0.43604741001912367
1108620.0,4945.56712324421,4227.146145003421,0.0,0.9504848290889468,0.43604878390568586
1108680.0,4945.555268232844,4227.158005573339,0.0,0.9504847723345885,0.43605015778201067
1108740.0,4945.54340401539,4227.169859451866,0.0,0.950485015375107,0.43605153168807004
1108800.0,4945.531554643099,4227.181724156519,0.0,0.9504847743062714,0.4360529055485284
1108860.0,4945.519702102519,4227.193586570793,0.0,0.9504846361771033,0.43605427942003205
1108920.0,4945.5078411231525,4227.2054428407755,0.0,0.9504847730558029,0.43605565331810525
1108980.0,4945.4959819265605,4227.217300428897,0.0,0.9504848514575838,0.43605702721187767
1109040.0,4945.484127581772,4227.229161560013,0.0,0.9504847715500927,0.43605840109104943
1109100.0,4945.4722647886665,4227.241016547141,0.0,0.950484966824712,0.43605977499730053
1109160.0,4945.460413895792,4227.252880218975,0.0,0.9504847739080439,0.43606114886738423
1109220.0,4945.448560465453,4227.264742060135,0.0,0.9504846633658993,0.4360625227465582
1109280.0,4945.43670028159,4227.276598985153,0.0,0.9504847728907773,0.4360638966470787
1109340.0,4945.42484152215,4227.288456967161,0.0,0.9504848356211657,0.4360652705444088
1109400.0,4945.41298664439,4227.300317785169,0.0,0.9504847716692609,0.43606664443014476
1109460.0,4945.401125004634,4227.3121736881285,0.0,0.9504849279236827,0.4360680183377337
1109520.0,4945.389272886271,4227.32403654216,0.0,0.9504847735395257,0.43606939221652774
1109580.0,4945.377418735241,4227.3358979333925,0.0,0.9504846850731156,0.43607076610284756
1109640.0,4945.365559106909,4227.347755338957,0.0,0.9504847750599071,0.436072140006584
1109700.0,4945.353702809104,4227.359615185466,0.0,0.9504847562080636,0.4360735139008663
1109760.0,4945.341845143993,4227.3714740475025,0.0,0.9504847817062742,0.4360748878001797
1109820.0,4945.329988667459,4227.383333788443,0.0,0.9504847682158097,0.43607626169662744
1109880.0,4945.318130484344,4227.395192298381,0.0,0.9504848101225465,0.4360776355992095
1109940.0,4945.306274752408,4227.407052606781,0.0,0.9504847718892616,0.43607900949496053
1110000.0,4945.2944128177205,4227.418908412244,0.0,0.9504849355448908,0.43608038341113864
1110060.0,4945.282560878421,4227.430771509898,0.0,0.9504847731898765,0.43608175729674414
1110120.0,4945.2707068020845,4227.442633068609,0.0,0.9504846801568526,0.43608313119019876
1110180.0,4945.2588469659,4227.454490435512,0.0,0.9504847747930711,0.4360845051019468
1110240.0,4945.2469906325705,4227.466350369082,0.0,0.9504847549697886,0.43608587900370555
1110300.0,4945.235132861718,4227.478209266943,0.0,0.9504847817869784,0.4360872529107135
1110360.0,4945.223276341173,4227.49006908875,0.0,0.950484767601958,0.4360886268146638
1110420.0,4945.21141802634,4227.501927615558,0.0,0.9504848116750805,0.43609000072502063
1110480.0,4945.199562289576,4227.513788033403,0.0,0.9504847714694167,0.43609137462815256
1110540.0,4945.187700030411,4227.525643715089,0.0,0.9504849435790281,0.4360927485527033
1110600.0,4945.175848282798,4227.537507065568,0.0,0.950484772841495,0.43609412244507983
1110660.0,4945.163994288394,4227.549368797022,0.0,0.9504846750060312,0.43609549634564554
1110720.0,4945.152134316991,4227.561226177778,0.0,0.9504847719316398,0.4360968702651532
1110780.0,4945.140275604898,4227.573084495282,0.0,0.9504848274437814,0.4360982441819809
1110840.0,4945.128420327483,4227.584945323282,0.0,0.9504847708410215,0.4360996180885984
1110900.0,4945.116555869354,4227.59679947712,0.0,0.9504850132318963,0.4361009920248765
1110960.0,4945.104706215429,4227.608664429247,0.0,0.9504847728072092,0.43610236591567103
1111020.0,4945.092853401932,4227.620527096906,0.0,0.9504846350471226,0.43610373981748485
1111080.0,4945.080992172925,4227.632383636081,0.0,0.9504847715598578,0.43610511374580085
1111140.0,4945.069132721751,4227.644241490027,0.0,0.9504848497519556,0.43610648766982946
1111200.0,4945.057278108986,4227.65610287786,0.0,0.9504847700579465,0.4361078615792955
1111260.0,4945.045415071197,4227.667958137523,0.0,0.9504849648105603,0.43610923551577324
1111320.0,4945.033563900794,4227.6798220595665,0.0,0.9504847724093702,0.4361106094161777
1111380.0,4945.021710199907,4227.691684155666,0.0,0.9504846621625436,0.43611198332565126
1111440.0,4945.0098497641175,4227.703541348274,0.0,0.9504847713945969,0.4361133572564176
1111500.0,4944.9979907488,4227.71539959517,0.0,0.9504848339572853,0.4361147311840039
1111560.0,4944.986135604448,4227.727260670781,0.0,0.9504847701761182,0.4361161051000266
1111620.0,4944.974273716731,4227.739116843994,0.0,0.950484926013068,0.43611747903784787
1111680.0,4944.962421324145,4227.750979950422,0.0,0.9504847720411617,0.43611885294694946
1111740.0,4944.950566904472,4227.762841597833,0.0,0.9504846838109327,0.43612022686355956
1111800.0,4944.93870702259,4227.774699269829,0.0,0.9504847735572572,0.43612160079754264
1111860.0,4944.926850462038,4227.786559376506,0.0,0.9504847547556545,0.4361229747220973
1111920.0,4944.914992537934,4227.798418501256,0.0,0.9504847801856467,0.43612434865167204
1111980.0,4944.903135799117,4227.810278502663,0.0,0.950484766731102,0.4361257225783898
1112040.0,4944.89127735841,4227.822137276248,0.0,0.9504848085257994,0.4361270965112277
1112100.0,4944.879421362111,4227.833997843683,0.0,0.9504847703945176,0.4361284704372536
1112160.0,4944.867559180141,4227.8458539197745,0.0,0.9504849336128498,0.43612984438365643
1112220.0,4944.855706965989,4227.857717269319,0.0,0.9504847716914328,0.4361312182995656
1112280.0,4944.843852620672,4227.869579083896,0.0,0.9504846789068344,0.4361325922233061
1112340.0,4944.831992531383,4227.8814367174455,0.0,0.950484773290119,0.436133966165294
1112400.0,4944.820135935274,4227.89329691108,0.0,0.9504847535196815,0.43613534009731975
1112460.0,4944.808277905592,4227.9051560716825,0.0,0.950484780265117,0.4361367140345828
1112520.0,4944.796421122754,4227.917016153865,0.0,0.9504847661178791,0.4361380879687977
1112580.0,4944.784562550558,4227.928874944395,0.0,0.9504848100731498,0.4361394619094041
1112640.0,4944.772706549307,4227.940735621111,0.0,0.9504847699747807,0.43614083584280566
1112700.0,4944.760844043623,4227.952591573863,0.0,0.9504849416245118,0.4361422097975734
1112760.0,4944.748992020498,4227.9644551757,0.0,0.9504847713429683,0.4361435837202497
1112820.0,4944.737137756755,4227.976317162694,0.0,0.9504846737687846,0.4361449576510968
1112880.0,4944.725277532488,4227.988174810181,0.0,0.9504847704353189,0.436146331600838
1112940.0,4944.713418564039,4228.000033392029,0.0,0.9504848257990267,0.43614770554790855
1113000.0,4944.701563020788,4228.011894477927,0.0,0.9504847693473895,0.4361490794847958
1113060.0,4944.689698322122,4228.023748906841,0.0,0.9504850110904484,0.43615045345127007
1113120.0,4944.67784838682,4228.035614106285,0.0,0.9504847713080977,0.43615182737237773
1113180.0,4944.665995300637,4228.047477027151,0.0,0.9504846339160642,0.4361532013044788
1113240.0,4944.654133822152,4228.059333835304,0.0,0.9504847700638547,0.4361545752630152
1113300.0,4944.642274116573,4228.071191954865,0.0,0.9504848480468655,0.43615594921727724
1113360.0,4944.630419236048,4228.083053599231,0.0,0.9504847685657322,0.4361573231570148
1113420.0,4944.618555953726,4228.094909131203,0.0,0.9504849627976921,0.4361586971236966
1113480.0,4944.606704506037,4228.106773303287,0.0,0.9504847709106456,0.4361600710543987
1113540.0,4944.594850534822,4228.118635654142,0.0,0.9504846609584041,0.436161444994149
1113600.0,4944.58298984728,4228.130493114125,0.0,0.9504847698983596,0.4361628189551383
1113660.0,4944.5711305762725,4228.142351625707,0.0,0.9504848322936343,0.436164192912958
1113720.0,4944.55927516554,4228.154212958732,0.0,0.9504847686829142,0.43616556685924457
1113780.0,4944.547409439114,4228.166066788323,0.0,0.9504850411112373,0.43616694083871765
1113840.0,4944.535560349676,4228.177932755291,0.0,0.9504847709030142,0.4361683147670108
1113900.0,4944.523707710958,4228.18979615304,0.0,0.9504846160795901,0.43616968870753303
1113960.0,4944.511845615592,4228.201652661605,0.0,0.950484769511417,0.4361710626777931
1114020.0,4944.499985519457,4228.213510646679,0.0,0.9504848573966552,0.43617243664307614
1114080.0,4944.488130861067,4228.225372603538,0.0,0.9504847678337203,0.4361738105919336
1114140.0,4944.476272876134,4228.237232148071,0.0,0.9504847864964519,0.43617518455197535
1114200.0,4944.464416236556,4228.249092685752,0.0,0.9504847610589058,0.43617655850863685
1114260.0,4944.452558400843,4228.260952363765,0.0,0.950484774390454,0.4361779324698249
1114320.0,4944.440702246888,4228.272813281021,0.0,0.950484732636787,0.4361793064266404
1114380.0,4944.428843642434,4228.284672423137,0.0,0.9504847705718112,0.4361806803918215
1114440.0,4944.416991183525,4228.296536064952,0.0,0.9504846077549263,0.4361820543391411
1114500.0,4944.405128779999,4228.308392461431,0.0,0.950484769112642,0.4361834283177131
1114560.0,4944.393268479469,4228.320250410148,0.0,0.9504848615386997,0.4361848022909859
1114620.0,4944.38141389758,4228.332112535667,0.0,0.9504847673525988,0.4361861762469608
1114680.0,4944.3695558178315,4228.34397212382,0.0,0.9504847869812764,0.436187550214652
1114740.0,4944.35769915325,4228.355832756071,0.0,0.9504847602322078,0.43618892417874594
1114800.0,4944.345841231164,4228.36769248386,0.0,0.950484774254384,0.4361902981475569
1114860.0,4944.333985078034,4228.379553514537,0.0,0.95048473034658,0.43619167211172444
1114920.0,4944.322126348264,4228.391412677998,0.0,0.9504847702428301,0.43619304608464904
1114980.0,4944.310274081823,4228.403276573108,0.0,0.9504845990197235,0.4361944200387252
1115040.0,4944.298411357611,4228.415132848326,0.0,0.9504847687125993,0.43619579402564673
1115100.0,4944.286550845511,4228.4269907554235,0.0,0.9504848659140213,0.43619716800693004
1115160.0,4944.2746962684,4228.4388529969,0.0,0.9504847694514478,0.4361985419702181
1115220.0,4944.262840417669,4228.450714328348,0.0,0.9504847141690708,0.4361999159386787
1115280.0,4944.250981144477,4228.462573170663,0.0,0.950484770370041,0.4362012899181912
1115340.0,4944.239130977489,4228.474438672108,0.0,0.9504845292616753,0.4362026638706577
1115400.0,4944.227266085021,4228.486293441148,0.0,0.9504847682490473,0.4362040378692066
1115460.0,4944.215404312146,4228.4981505038995,0.0,0.9504849051501518,0.4362054118593025
1115520.0,4944.203550898605,4228.510013669161,0.0,0.9504847693234895,0.4362067858238834
1115580.0,4944.191695695936,4228.521875548425,0.0,0.9504846914889357,0.4362081597952354
1115640.0,4944.17983567523,4228.533733920718,0.0,0.950484770651057,0.436209533781968
1115700.0,4944.167984014851,4228.545598403685,0.0,0.9504845769126014,0.4362109077436607
1115760.0,4944.156120543329,4228.557454283992,0.0,0.950484768146997,0.43621228174270466
1115820.0,4944.14425956597,4228.569312001968,0.0,0.9504848776898459,0.4362136557352349
1115880.0,4944.1324052771015,4228.581174604113,0.0,0.9504847689901704,0.43621502970743165
1115940.0,4944.120549554394,4228.593036179321,0.0,0.9504847066969931,0.4362164036852975
1116000.0,4944.108689975473,4228.604894948903,0.0,0.9504847700359006,0.436217777675561
1116060.0,4944.096840659507,4228.6167612216495,0.0,0.9504844983329597,0.4362191516351887
1116120.0,4944.0849747501425,4228.628615399038,0.0,0.9504847676562801,0.4362205256466955
1116180.0,4944.073112357566,4228.640472159948,0.0,0.950484921937229,0.4362218996485164
1116240.0,4944.061259385428,4228.652335797625,0.0,0.9504847688776387,0.43622327362152935
1116300.0,4944.049404398533,4228.664197984665,0.0,0.95048468117011,0.4362246476020132
1116360.0,4944.037543982777,4228.676056219027,0.0,0.9504847703842485,0.43622602159977303
1116420.0,4944.025686868028,4228.687916874188,0.0,0.950484751693832,0.4362273955881617
1116480.0,4944.013828398027,4228.6997765530605,0.0,0.9504847769728534,0.4362287695815452
1116540.0,4944.001971106039,4228.711637103612,0.0,0.9504847635978025,0.43623014357209144
1116600.0,4943.990112122519,4228.723496433387,0.0,0.950484805144544,0.4362315175687265
1116660.0,4943.978255568449,4228.73535754679,0.0,0.9504847672390055,0.4362328915585915
1116720.0,4943.966392866437,4228.747214194559,0.0,0.9504849294898341,0.43623426556872286
1116780.0,4943.954540071349,4228.759078074232,0.0,0.9504847685277353,0.4362356395485356
1116840.0,4943.942685158062,4228.770940427754,0.0,0.9504846762927757,0.43623701353614025
1116900.0,4943.930824535869,4228.782798624158,0.0,0.9504847701164477,0.43623838754189026
1116960.0,4943.918967385484,4228.794659366046,0.0,0.9504847504629279,0.43623976153773864
1117020.0,4943.907108810248,4228.806519080837,0.0,0.9504847770496107,0.43624113553879784
1117080.0,4943.895251474212,4228.818379711972,0.0,0.9504847629859641,0.4362425095368297
1117140.0,4943.883392359715,4228.830239058863,0.0,0.9504848066804951,0.43624388354122023
1117200.0,4943.87153580043,4228.842100281194,0.0,0.9504847668195094,0.43624525753845006
1117260.0,4943.85967277639,4228.853956806598,0.0,0.9504849374516995,0.4362466315569296
1117320.0,4943.847820170866,4228.8658209373925,0.0,0.9504847681790888,0.43624800554350185
1117380.0,4943.835965338362,4228.877683462615,0.0,0.950484671182906,0.4362493795382036
1117440.0,4943.824104581724,4228.889541673145,0.0,0.9504847672763191,0.43625075355169374
1117500.0,4943.812245073182,4228.901400812741,0.0,0.9504848223116671,0.43625212756253373
1117560.0,4943.800388968898,4228.913262442091,0.0,0.9504847661943376,0.43625350156325027
1117620.0,4943.788523765072,4228.925117452544,0.0,0.950485006504511,0.4362548755933905
1117680.0,4943.776673234423,4228.936983171996,0.0,0.9504847681429271,0.4362562495784236
1117740.0,4943.76481957209,4228.948846625936,0.0,0.9504846315648274,0.43625762357439296
1117800.0,4943.752957568691,4228.960704002107,0.0,0.950484766905558,0.436258997596649
1117860.0,4943.7410973273245,4228.9725626822365,0.0,0.9504848444262062,0.43626037161466025
1117920.0,4943.729241881528,4228.984424867044,0.0,0.9504847654158134,0.43626174561823133
1117980.0,4943.7173780852045,4228.996280974416,0.0,0.9504849584966448,0.4362631196485974
1118040.0,4943.705526051219,4229.008145672559,0.0,0.950484767746333,0.436264493643191
1118100.0,4943.693671509068,4229.020008559925,0.0,0.9504846584453323,0.4362658676467866
1118160.0,4943.681810291586,4229.03186658438,0.0,0.9504847667395454,0.4362672416715022
1118220.0,4943.669950481938,4229.043725654467,0.0,0.9504848287648777,0.43626861569307146
1118280.0,4943.658094508977,4229.055587529895,0.0,0.9504847655308023,0.4362699897031748
1118340.0,4943.6462282832645,4229.0674419448005,0.0,0.9504850363447345,0.4362713637462813
1118400.0,4943.634378592933,4229.0793084277575,0.0,0.9504847677372487,0.4362727377385003
1118460.0,4943.622525374945,4229.091172356216,0.0,0.9504846138309269,0.4362741117428842
1118520.0,4943.610662758037,4229.103029434862,0.0,0.9504847663533976,0.43627548577683845
1118580.0,4943.598802128104,4229.114887981629,0.0,0.9504848537176576,0.43627685980584924
1118640.0,4943.586946902694,4229.126750477504,0.0,0.9504847646851419,0.4362782338185296
1118700.0,4943.575082268249,4229.138606123405,0.0,0.9504849822756075,0.43627960786129033
1118760.0,4943.563230889354,4229.1504714498715,0.0,0.9504847673219889,0.4362809818636435
1118820.0,4943.551376685433,4229.162334734305,0.0,0.9504846441545993,0.43628235587598185
1118880.0,4943.539514959682,4229.174192538009,0.0,0.9504847661979837,0.436283729912068
1118940.0,4943.5276548217635,4229.186051518717,0.0,0.9504848361003776,0.4362851039444484
1119000.0,4943.515799007824,4229.1979136604095,0.0,0.9504847648463915,0.43628647796385017
1119060.0,4943.5039356631105,4229.209770322093,0.0,0.950484938958501,0.4362878520075058
1119120.0,4943.492082924345,4229.221634731766,0.0,0.9504847669398329,0.4362892260189729
1119180.0,4943.480227922802,4229.233497509495,0.0,0.9504846683704435,0.436290600038681
1119240.0,4943.468366901494,4229.24535590209,0.0,0.9504847660237618,0.4362919740774771
1119300.0,4943.456507148625,4229.25721523872,0.0,0.9504848219527915,0.43629334811355847
1119360.0,4943.444650855067,4229.269077105655,0.0,0.9504847649255713,0.4362947221393434
1119420.0,4943.432785315163,4229.280932245547,0.0,0.9504850091356309,0.43629609619501175
1119480.0,4943.420934685509,4229.292798269052,0.0,0.9504847669071252,0.4362974702048296
1119540.0,4943.409080873767,4229.304661989909,0.0,0.9504846281136177,0.4362988442257408
1119600.0,4943.397218586293,4229.316519533798,0.0,0.9504847656510264,0.4363002182733607
1119660.0,4943.385358089493,4229.328378402733,0.0,0.9504848444301379,0.43630159231664506
1119720.0,4943.373502465784,4229.340240833445,0.0,0.9504847641384574,0.436302966345246
1119780.0,4943.361638356805,4229.35209708746,0.0,0.9504849603527523,0.43630434040106364
1119840.0,4943.349786200256,4229.363962072261,0.0,0.950484766508137,0.4363057144205125
1119900.0,4943.337931495209,4229.375825216564,0.0,0.9504846554344202,0.43630708844908916
1119960.0,4943.326070007076,4229.387683418577,0.0,0.9504847654863616,0.43630846249912325
1120020.0,4943.314209949695,4229.399542683095,0.0,0.9504848285187426,0.4363098365459384
1120080.0,4943.302353791037,4229.411404798645,0.0,0.9504847642593534,0.436311210581093
1120140.0,4943.29049084081,4229.423261972961,0.0,0.9504849212658327,0.4363125846382098
1120200.0,4943.278637453764,4229.43512613522,0.0,0.9504847661390016,0.43631395866637
1120260.0,4943.266782025225,4229.446988826815,0.0,0.9504846772471218,0.4363153327020848
1120320.0,4943.254921095409,4229.458847511529,0.0,0.9504847676670836,0.4363167067553059
1120380.0,4943.243063510781,4229.470708650089,0.0,0.9504847487247207,0.4363180807990138
1120440.0,4943.2312045529125,4229.482568798879,0.0,0.9504847743458186,0.43631945484777274
1120500.0,4943.21934678889,4229.494429831177,0.0,0.9504847607906306,0.4363208288936427
1120560.0,4943.207487310869,4229.506289625865,0.0,0.9504848028992262,0.43632220294567203
1120620.0,4943.195630294823,4229.51815122851,0.0,0.9504847644821443,0.43632357699082663
1120680.0,4943.18376704892,4229.530008304192,0.0,0.9504849289255798,0.436324951056507
1120740.0,4943.1719138422495,4229.541872710786,0.0,0.950484765789403,0.43632632509144614
1120800.0,4943.160058489261,4229.553735570158,0.0,0.950484672308938,0.4363276991342653
1120860.0,4943.148197351214,4229.565594215413,0.0,0.9504847674006962,0.43632907319547215
1120920.0,4943.136339731436,4229.577455440904,0.0,0.9504847474822257,0.43633044724662806
1120980.0,4943.12448066789,4229.58931562512,0.0,0.9504847744286411,0.43633182130305403
1121040.0,4943.112622860192,4229.601176738125,0.0,0.9504847601755598,0.4363331953563982
1121100.0,4943.100763250401,4229.613036549182,0.0,0.950484804460951,0.4363345694161755
1121160.0,4943.088906230028,4229.624898261263,0.0,0.9504847640620124,0.4363359434686816
1121220.0,4943.077042658759,4229.636755211922,0.0,0.9504849370000638,0.4363373175427107
1121280.0,4943.0651896451445,4229.648619872091,0.0,0.9504847654410782,0.4363386915843882
1121340.0,4943.0533343749785,4229.660482904534,0.0,0.950484667135054,0.4363400656342878
1121400.0,4943.041473101647,4229.672341563128,0.0,0.9504847645272302,0.43634143970322725
1121460.0,4943.029613093233,4229.68420116335,0.0,0.950484820306682,0.43634281376946116
1121520.0,4943.017756534579,4229.696063287375,0.0,0.9504847634317489,0.4363441878254258
1121580.0,4943.005890755062,4229.707918701674,0.0,0.9504850069891781,0.4363455619111996
1121640.0,4942.994039844665,4229.719784971606,0.0,0.9504847654077827,0.43634693595124086
1121700.0,4942.982185760936,4229.731648944833,0.0,0.9504846269849969,0.4363483100023493
1121760.0,4942.970323224843,4229.743506756984,0.0,0.9504847641548144,0.4363496840800991
1121820.0,4942.958462474461,4229.755365890789,0.0,0.9504848427233702,0.43635105815352665
1121880.0,4942.946606583727,4229.767228577224,0.0,0.9504847626460606,0.4363524322123092
1121940.0,4942.934742231102,4229.779085102853,0.0,0.9504849583361052,0.43635380629824044
1122000.0,4942.9228897979365,4229.790950336837,0.0,0.950484765009185,0.43635518034789733
1122060.0,4942.91103482328,4229.802813735074,0.0,0.9504846542320442,0.4363565544066608
1122120.0,4942.899173084234,4229.814672203731,0.0,0.9504847639899139,0.43635792848682775
1122180.0,4942.8873127719735,4229.826531732182,0.0,0.9504848268537897,0.43635930256378613
1122240.0,4942.875456347676,4229.838394104339,0.0,0.9504847627659583,0.4363606766291146
1122300.0,4942.863593150526,4229.850251547985,0.0,0.9504849193528547,0.43636205071635065
1122360.0,4942.8517394901655,4229.8621159616205,0.0,0.9504847646403596,0.43636342477470547
1122420.0,4942.839883793925,4229.87397890839,0.0,0.9504846759858475,0.4363647988405978
1122480.0,4942.828022611571,4229.885837858588,0.0,0.9504847661641339,0.43636617292395263
1122540.0,4942.816164765165,4229.897699256336,0.0,0.9504847472722644,0.43636754699782004
1122600.0,4942.804305549289,4229.909559666871,0.0,0.9504847728248007,0.4363689210767272
1122660.0,4942.7924475239515,4229.921420958661,0.0,0.9504847593057137,0.4363702951527542
1122720.0,4942.780587789325,4229.933281016031,0.0,0.9504848013017045,0.4363716692349266
1122780.0,4942.768730509875,4229.9451428767225,0.0,0.9504847629871408,0.436373043310243
1122840.0,4942.7568670177325,4229.957000222112,0.0,0.9504849269910146,0.43637441740603494
1122900.0,4942.745013537122,4229.9688648795645,0.0,0.9504847642906809,0.43637579147116495
1122960.0,4942.733157916091,4229.980727993796,0.0,0.9504846710598911,0.4363771655441571
1123020.0,4942.721296525952,4229.992586904754,0.0,0.9504847658974434,0.4363785396354906
1123080.0,4942.709438644361,4230.004448389327,0.0,0.9504847460320799,0.4363799137168005
1123140.0,4942.697579322968,4230.016308835316,0.0,0.950484772906386,0.43638128780336843
1123200.0,4942.6857212539435,4230.028170207717,0.0,0.950484758691274,0.43638266188686414
1123260.0,4942.673861387783,4230.040030281534,0.0,0.9504848028582292,0.43638403597677783
1123320.0,4942.66200410389,4230.051892251498,0.0,0.9504847625671174,0.43638541005944065
1123380.0,4942.650140287144,4230.063749472302,0.0,0.9504849350429319,0.43638678416357346
1123440.0,4942.638286998925,4230.0756143828,0.0,0.9504847639422728,0.43638815823543825
1123500.0,4942.626431460357,4230.087477669776,0.0,0.9504846658988368,0.4363895323155063
1123560.0,4942.6145699351755,4230.099336594154,0.0,0.9504847630306419,0.4363909064145664
1123620.0,4942.602709671402,4230.111196457762,0.0,0.950484818660889,0.43639228051093
1123680.0,4942.590852847868,4230.123058838686,0.0,0.9504847619378634,0.4363936545970514
1123740.0,4942.578986828887,4230.134914527165,0.0,0.9504850048441551,0.4363950287129078
1123800.0,4942.5671356379935,4230.146781043362,0.0,0.9504847639083895,0.4363964027831496
1123860.0,4942.555281282498,4230.158645268778,0.0,0.9504846258555654,0.43639777686443243
1123920.0,4942.543418497955,4230.1705033489725,0.0,0.9504847626585456,0.43639915097228915
1123980.0,4942.531557494175,4230.182362747443,0.0,0.9504848410169321,0.436400525075837
1124040.0,4942.519701336622,4230.19422568941,0.0,0.9504847611535999,0.4364018991647781
1124100.0,4942.507836740516,4230.206082486434,0.0,0.9504849563204039,0.4364032732808002
1124160.0,4942.495984030966,4230.217947969422,0.0,0.9504847635101814,0.4364046473606421
1124220.0,4942.4841287869185,4230.229811621408,0.0,0.9504846530289923,0.4364060214495693
1124280.0,4942.472266797135,4230.241670356498,0.0,0.9504847624934091,0.43640739555984615
1124340.0,4942.46040623018,4230.253530148676,0.0,0.9504848251891835,0.4364087696669248
1124400.0,4942.448549540451,4230.265392777255,0.0,0.9504847612724993,0.4364101437624039
1124460.0,4942.436686096537,4230.2772504900095,0.0,0.9504849174408346,0.4364115178797365
1124520.0,4942.4248321630985,4230.289115154843,0.0,0.9504847631416661,0.436412891968263
1124580.0,4942.412976199372,4230.300978356602,0.0,0.950484674723928,0.43641426606431005
1124640.0,4942.401114764656,4230.3128375720735,0.0,0.9504847646611438,0.4364156401777757
1124700.0,4942.389256656674,4230.324699228813,0.0,0.9504847458196383,0.43641701428177976
1124760.0,4942.377397182983,4230.336559900894,0.0,0.9504847713037894,0.43641838839081204
1124820.0,4942.3655388965335,4230.348421451974,0.0,0.9504847578207104,0.4364197624969733
1124880.0,4942.353678905493,4230.360281771823,0.0,0.9504847997043826,0.4364211366092656
1124940.0,4942.341821362845,4230.372143890371,0.0,0.9504847614920754,0.436422510714721
1125000.0,4942.329957624613,4230.384001505242,0.0,0.950484925057759,0.43642388484060174
1125060.0,4942.3181038703,4230.39586641339,0.0,0.9504847627919082,0.4364252589358998
1125120.0,4942.306247981449,4230.4077297823005,0.0,0.9504846698100318,0.43642663303904206
1125180.0,4942.294386339389,4230.419588958748,0.0,0.9504847643941539,0.4364280071604798
1125240.0,4942.282528196187,4230.431450702209,0.0,0.9504847445817405,0.43642938127192105
1125300.0,4942.270668617139,4230.443311409769,0.0,0.9504847713841494,0.43643075538860815
1125360.0,4942.258810286994,4230.455173041374,0.0,0.9504847572068945,0.43643212950223254
1125420.0,4942.246950164654,4230.467033377744,0.0,0.9504848012557656,0.43643350362225997
1125480.0,4942.235092617445,4230.478895605401,0.0,0.9504847610721601,0.4364348777350564
1125540.0,4942.223228555375,4230.490753096123,0.0,0.9504849330872147,0.43643625186927026
1125600.0,4942.211374992798,4230.502618256779,0.0,0.9504847624434175,0.4364376259712992
1125660.0,4942.199519186055,4230.514481798108,0.0,0.9504846646616749,0.4364390000815127
1125720.0,4942.187657409195,4230.526340988059,0.0,0.9504847615339956,0.43644037421067045
1125780.0,4942.175796890242,4230.538201114843,0.0,0.9504848170155924,0.4364417483371409
1125840.0,4942.163939802036,4230.550063752483,0.0,0.95048476044391,0.43644312245339606
1125900.0,4942.152073543709,4230.5619197148935,0.0,0.9504850027014782,0.4364444965993126
1125960.0,4942.14022207259,4230.5737864772045,0.0,0.9504847624089494,0.4364458706997318
1126020.0,4942.1283674455735,4230.585650954643,0.0,0.9504846247246046,0.436447244811166
1126080.0,4942.116504412734,4230.597509302657,0.0,0.9504847611622175,0.43644861894910686
1126140.0,4942.104643155727,4230.609368965579,0.0,0.9504848393112864,0.4364499930827523
1126200.0,4942.092786731583,4230.621232162901,0.0,0.9504847596610648,0.4364513672018291
1126260.0,4942.0809218921295,4230.6330892310825,0.0,0.9504849543066375,0.4364527413479194
1126320.0,4942.069068906458,4230.644954962921,0.0,0.9504847620111289,0.436454115457923
1126380.0,4942.05721339325,4230.65681886848,0.0,0.9504846518248188,0.4364554895769913
1126440.0,4942.04535115289,4230.668677869785,0.0,0.9504847609968462,0.4364568637173554
1126500.0,4942.033490331418,4230.680537925482,0.0,0.9504848235250862,0.4364582378545318
1126560.0,4942.02163337648,4230.692400810301,0.0,0.9504847597789712,0.4364596119801392
1126620.0,4942.009769685956,4230.704258791938,0.0,0.9504849155302101,0.4364609861275457
1126680.0,4941.997915479679,4230.716123707801,0.0,0.9504847616429217,0.43646236024622104
1126740.0,4941.986059248689,4230.727987164368,0.0,0.9504846734611881,0.4364637343723999
1126800.0,4941.974197561786,4230.739846644898,0.0,0.9504847631581163,0.43646510851595355
1126860.0,4941.962339192426,4230.751708560438,0.0,0.9504847443668163,0.43646648265007154
1126920.0,4941.950479461108,4230.763569493861,0.0,0.9504847697827971,0.43646785678920624
1126980.0,4941.938620913747,4230.775431304038,0.0,0.9504847563356127,0.4364692309254787
1127040.0,4941.926760666478,4230.787291886162,0.0,0.9504847981073212,0.4364706050678682
1127100.0,4941.914902860839,4230.799154262373,0.0,0.9504847599969481,0.4364719792034396
1127160.0,4941.903038876676,4230.811012146502,0.0,0.950484923125667,0.4364733533593864
1127220.0,4941.891184848898,4230.82287730517,0.0,0.9504847612930842,0.43647472748482957
1127280.0,4941.879328692447,4230.834740928576,0.0,0.9504846685594235,0.43647610161809897
1127340.0,4941.867466798639,4230.846600370302,0.0,0.9504847628908254,0.436477475769618
1127400.0,4941.855608394027,4230.858462372458,0.0,0.9504847431312127,0.43647884991116753
1127460.0,4941.843748557514,4230.870323341389,0.0,0.9504847698619278,0.4364802240579511
1127520.0,4941.831889966449,4230.882185232001,0.0,0.9504847557224233,0.4364815982016812
1127580.0,4941.8200295881115,4230.894045830721,0.0,0.9504847996535463,0.43648297235179956
1127640.0,4941.808171777795,4230.905908315876,0.0,0.950484759577141,0.4364843464947068
1127700.0,4941.796307470556,4230.917766076293,0.0,0.9504849311326766,0.43648572065897884
1127760.0,4941.784453633856,4230.929631486944,0.0,0.9504847609445106,0.436487094791149
1127820.0,4941.772597559156,4230.9414952824445,0.0,0.9504846634238341,0.4364884689314852
1127880.0,4941.76073553079,4230.953354737758,0.0,0.9504847600372925,0.4364898430907181
1127940.0,4941.748874756843,4230.965215127515,0.0,0.9504848153706096,0.4364912172472727
1128000.0,4941.737017404178,4230.977078021681,0.0,0.9504847589498928,0.43649259139363905
1128060.0,4941.725150906649,4230.988934257793,0.0,0.9504850005603711,0.436493965569593
1128120.0,4941.7132991555545,4231.000801266056,0.0,0.9504847609094592,0.4364953397001666
1128180.0,4941.701444257242,4231.012665995338,0.0,0.9504846235927088,0.4364967138417294
1128240.0,4941.689580976273,4231.024524610952,0.0,0.9504847596658316,0.43649808800973194
1128300.0,4941.677719466221,4231.036384538116,0.0,0.9504848376060333,0.43649946217345215
1128360.0,4941.6658627757,4231.048247990602,0.0,0.9504847581684638,0.43650083632264164
1128420.0,4941.653997693056,4231.060105329718,0.0,0.9504849522939779,0.4365022104987773
1128480.0,4941.6421444314965,4231.071971310232,0.0,0.9504847605120248,0.43650358463891975
1128540.0,4941.630288649347,4231.08383546918,0.0,0.9504846506200277,0.436504958788106
1128600.0,4941.618426158594,4231.095694736489,0.0,0.9504847595002266,0.4365063329585343
1128660.0,4941.6065650827895,4231.107555055499,0.0,0.9504848218613238,0.43650770712578535
1128720.0,4941.59470786285,4231.119418196362,0.0,0.9504847582853794,0.4365090812814976
1128780.0,4941.582840339085,4231.1312738325805,0.0,0.9504850305646918,0.4365104554703983
1128840.0,4941.570989433256,4231.143141608026,0.0,0.9504847605041981,0.4365118296081037
1128900.0,4941.559134982257,4231.155006813798,0.0,0.9504846057654088,0.4365132037580345
1128960.0,4941.5472710854665,4231.166865129304,0.0,0.9504847591132953,0.43651457793770815
1129020.0,4941.535409185658,4231.1787249214885,0.0,0.9504848469504446,0.43651595211239674
1129080.0,4941.5235527173745,4231.190588686046,0.0,0.9504847574364489,0.4365173262706531
1129140.0,4941.511692926393,4231.202450037866,0.0,0.9504847760889503,0.4365187004400917
1129200.0,4941.499834479257,4231.21431238295,0.0,0.9504847506652678,0.4365200746061447
1129260.0,4941.487974837386,4231.226173868194,0.0,0.9504847639895011,0.43652144877672083
1129320.0,4941.476116875375,4231.238036592834,0.0,0.9504847222585929,0.4365228229429184
1129380.0,4941.464256465702,4231.24989754202,0.0,0.9504847601728768,0.43652419711747936
1129440.0,4941.452402194577,4231.261762991545,0.0,0.9504845974449214,0.4365255712741675
1129500.0,4941.440537990246,4231.273621194593,0.0,0.9504847587144383,0.4365269454621137
1129560.0,4941.428675886542,4231.28548095006,0.0,0.9504848510900162,0.4365283196447524
1129620.0,4941.416819494948,4231.297344882956,0.0,0.9504847569552884,0.4365296938100865
1129680.0,4941.404959609532,4231.309206278049,0.0,0.9504847765732298,0.4365310679871347
1129740.0,4941.393101137688,4231.321068717366,0.0,0.9504847498387112,0.43653244216058024
1129800.0,4941.381241409811,4231.332930252043,0.0,0.9504847638532109,0.4365338163387394
1129860.0,4941.369383448898,4231.344793089768,0.0,0.9504847199692933,0.43653519051224926
1129920.0,4941.357522914317,4231.356654059951,0.0,0.9504847598437771,0.4365365646945142
1129980.0,4941.345668835716,4231.368519762462,0.0,0.9504845887139077,0.4365379388579191
1130040.0,4941.333804311321,4231.380377843871,0.0,0.9504847583143138,0.4365393130541754
1130100.0,4941.321941996554,4231.3922375573575,0.0,0.9504848554627323,0.4365406872447852
1130160.0,4941.310085609998,4231.404101605878,0.0,0.9504847590526929,0.4365420614173929
1130220.0,4941.298227951327,4231.415964744171,0.0,0.9504847038004094,0.43654343559516723
1130280.0,4941.2863668741265,4231.42782539292,0.0,0.950484759970719,0.4365448097839939
1130340.0,4941.274514892754,4231.43969270178,0.0,0.9504845189936832,0.4365461839457607
1130400.0,4941.262648202766,4231.451549276544,0.0,0.9504847578508148,0.4365475581536195
1130460.0,4941.250784628847,4231.463408145319,0.0,0.9504848946772742,0.43654893235301634
1130520.0,4941.238929404711,4231.475273117533,0.0,0.9504847589246047,0.43655030652688936
1130580.0,4941.227072393538,4231.487136803492,0.0,0.9504846811324403,0.4365516807075282
1130640.0,4941.215210569859,4231.498996981911,0.0,0.9504847602513827,0.43655305490354906
1130700.0,4941.2033570969725,4231.510863271916,0.0,0.9504845666184203,0.4365544290745185
1130760.0,4941.191491826481,4231.522720957884,0.0,0.9504847577486206,0.43655580328284477
1130820.0,4941.179629047347,4231.53458048175,0.0,0.9504848672317023,0.4365571774846488
1130880.0,4941.167772949063,4231.546444890524,0.0,0.9504847585912679,0.4365585516661118
1130940.0,4941.1559154186225,4231.558308272144,0.0,0.950484696332051,0.4365599258532384
1131000.0,4941.144054036401,4231.570168847681,0.0,0.9504847596363609,0.43656130005276333
1131060.0,4941.132202905429,4231.582036927492,0.0,0.9504844880815497,0.4365626742216378
1131120.0,4941.120335200069,4231.593892910044,0.0,0.9504847572579722,0.43656404844240243
1131180.0,4941.108471007517,4231.605751476462,0.0,0.9504849114547043,0.4365654226534717
1131240.0,4941.096616224629,4231.617616920692,0.0,0.9504847584785977,0.4365667968357231
1131300.0,4941.084759429339,4231.6294809140045,0.0,0.9504846708188791,0.4365681710254406
1131360.0,4941.07289721142,4231.641340954002,0.0,0.9504847599843192,0.4365695452324361
1131420.0,4941.061038290761,4231.653203415134,0.0,0.9504847413040624,0.4365709194300532
1131480.0,4941.049178016426,4231.6650648997875,0.0,0.9504847665692661,0.43657229363266187
1131540.0,4941.037318918786,4231.676927256219,0.0,0.9504847532014736,0.43657366783242796
1131600.0,4941.025458131585,4231.68878839164,0.0,0.9504847947255417,0.43657504203827974
1131660.0,4941.013599771077,4231.7006513109345,0.0,0.9504847568406253,0.43657641623735527
1131720.0,4941.00173526971,4231.712509763838,0.0,0.9504849190029955,0.43657779045669565
1131780.0,4940.989880663941,4231.724375449751,0.0,0.9504847581285862,0.4365791646457071
1131840.0,4940.978023942444,4231.7362396092185,0.0,0.9504846659438415,0.43658053884250564
1131900.0,4940.966161518589,4231.748099610897,0.0,0.9504847597163667,0.4365819130574518
1131960.0,4940.954302562603,4231.7599621584195,0.0,0.9504847400735174,0.4365832872624889
1132020.0,4940.942442183425,4231.771823678643,0.0,0.9504847666456891,0.43658466147273367
1132080.0,4940.930583042057,4231.7836861153155,0.0,0.9504847525896658,0.4365860356799456
1132140.0,4940.918722124294,4231.795547267502,0.0,0.9504847962603917,0.43658740989351297
1132200.0,4940.906863758846,4231.807410295385,0.0,0.9504847564210575,0.4365887840999134
1132260.0,4940.894998936079,4231.819268625547,0.0,0.9504849269604576,0.43659015832756237
1132320.0,4940.883144519936,4231.831134562274,0.0,0.9504847577798313,0.4365915325232935
1132380.0,4940.8712878794,4231.842998893119,0.0,0.9504846608363431,0.43659290672714934
1132440.0,4940.859425321518,4231.854858908571,0.0,0.9504847568774862,0.43659428094979613
1132500.0,4940.847564010351,4231.866719853179,0.0,0.9504848118828582,0.436595655169785
1132560.0,4940.835706099563,4231.878583287911,0.0,0.9504847557960275,0.4365970293796453
1132620.0,4940.823839099686,4231.890440102654,0.0,0.9504849959753432,0.4365984036189302
1132680.0,4940.81198675622,4231.90230762805,0.0,0.9504847577434894,0.43659977781309406
1132740.0,4940.800131284695,4231.914172887521,0.0,0.9504846212397229,0.43660115201819005
1132800.0,4940.788267481664,4231.926032068253,0.0,0.9504847565067278,0.43660252624957724
1132860.0,4940.77640543869,4231.937892553089,0.0,0.9504848339851115,0.43660390047671155
1132920.0,4940.764548185814,4231.949756543133,0.0,0.950484755017728,0.4366052746893996
1132980.0,4940.7526825919995,4231.961614454744,0.0,0.9504849479934018,0.4366066489288844
1133040.0,4940.740828747095,4231.973480958437,0.0,0.9504847573469117,0.43660802313258357
1133100.0,4940.728972396936,4231.98534565101,0.0,0.9504846481053641,0.4366093973452801
1133160.0,4940.717109379097,4231.997205479893,0.0,0.9504847563406059,0.4366107715790998
1133220.0,4940.705247767525,4232.0090663545125,0.0,0.9504848183321486,0.4366121458097654
1133280.0,4940.693389988267,4232.020930034889,0.0,0.950484755132454,0.43661352002895976
1133340.0,4940.681521968026,4232.032786253518,0.0,0.9504850257990389,0.43661489428115885
1133400.0,4940.669670464277,4232.044654542068,0.0,0.9504847573376335,0.436616268482455
1133460.0,4940.657815436947,4232.0565202756625,0.0,0.9504846035149905,0.4366176426959122
1133520.0,4940.645951021461,4232.068379158352,0.0,0.9504847559544688,0.43661901693894506
1133580.0,4940.634088590719,4232.080239509332,0.0,0.9504848432712134,0.4366203911770262
1133640.0,4940.622231558341,4232.092103810019,0.0,0.9504847542870534,0.4366217653987703
1133700.0,4940.61036512771,4232.1039612596105,0.0,0.9504849717592952,0.4366231396505974
1133760.0,4940.598511937508,4232.115828391259,0.0,0.950484756922401,0.43662451386200235
1133820.0,4940.586655925555,4232.127693480495,0.0,0.9504846338218654,0.43662588808338826
1133880.0,4940.574792400379,4232.13955308812,0.0,0.95048475579894,0.4366272623285256
1133940.0,4940.562930461269,4232.1514138728735,0.0,0.9504848256633167,0.43662863656994966
1134000.0,4940.55107284121,4232.16327781909,0.0,0.9504847544480161,0.4366300107983892
1134060.0,4940.539207699014,4232.175136284388,0.0,0.9504849284655786,0.43663138505108384
1134120.0,4940.527353150677,4232.187002498867,0.0,0.9504847565402534,0.4366327592715776
1134180.0,4940.515496342194,4232.198867081082,0.0,0.9504846580243239,0.43663413350030744
1134240.0,4940.503633520835,4232.21072727745,0.0,0.9504847556246135,0.4366355077481279
1134300.0,4940.491771966511,4232.222588417947,0.0,0.9504848115232494,0.43663688199322603
1134360.0,4940.479913867563,4232.234452089122,0.0,0.9504847545269525,0.43663825622802255
1134420.0,4940.468046532869,4232.246309032135,0.0,0.9504849986045598,0.4366396304927034
1134480.0,4940.456194091417,4232.258176860464,0.0,0.9504847565073655,0.4366410047115194
1134540.0,4940.444338471556,4232.270042385724,0.0,0.950484617789087,0.4366423789414247
1134600.0,4940.432474385655,4232.2819017330185,0.0,0.9504847552518815,0.4366437531980434
1134660.0,4940.420612088426,4232.2937624055085,0.0,0.9504848339882697,0.4366451274503185
1134720.0,4940.408754658743,4232.305626640321,0.0,0.9504847537400658,0.436646501687904
1134780.0,4940.396888753506,4232.31748469741,0.0,0.950484949848052,0.4366478759527082
1134840.0,4940.385034787087,4232.329351486641,0.0,0.9504847561083951,0.43664925018113027
1134900.0,4940.373178275121,4232.341216435023,0.0,0.950484645094781,0.4366506244186753
1134960.0,4940.361314987825,4232.3530764403085,0.0,0.9504847550871071,0.4366519986776812
1135020.0,4940.349453129693,4232.3649375082105,0.0,0.9504848180853172,0.43665337293346035
1135080.0,4940.337595165849,4232.376801427575,0.0,0.950484753860697,0.4366547471775734
1135140.0,4940.325730418219,4232.388660404876,0.0,0.9504849107821581,0.4366561214436494
1135200.0,4940.313875222886,4232.400526371202,0.0,0.9504847557392611,0.43665749568075707
1135260.0,4940.302017988434,4232.412390866568,0.0,0.9504846668954554,0.4366588699254144
1135320.0,4940.290155258998,4232.424251354396,0.0,0.95048475726645,0.4366602441875802
1135380.0,4940.278295870966,4232.436114296415,0.0,0.9504847383343014,0.4366616184402254
1135440.0,4940.266435111285,4232.44797624847,0.0,0.9504847639415076,0.43666299269791853
1135500.0,4940.254575544121,4232.459839084137,0.0,0.9504847503936171,0.4366643669527173
1135560.0,4940.242714264938,4232.471700681954,0.0,0.9504847924794219,0.43666574121367235
1135620.0,4940.2308554449555,4232.483564087978,0.0,0.950484754083069,0.4366671154677464
1135680.0,4940.218990402267,4232.495422966263,0.0,0.9504849184374483,0.4366684897423447
1135740.0,4940.207135387374,4232.507289176607,0.0,0.950484755389554,0.4366698639861914
1135800.0,4940.195278228656,4232.519153839424,0.0,0.9504846619596043,0.4366712382379133
1135860.0,4940.1834152914935,4232.531014287427,0.0,0.9504847569999102,0.43667261250802525
1135920.0,4940.171555868618,4232.542877316037,0.0,0.9504847370921699,0.43667398676807856
1135980.0,4940.159695003649,4232.55473930317,0.0,0.9504847640239935,0.43667536103339877
1136040.0,4940.147835393126,4232.566602219203,0.0,0.9504847497785782,0.4366767352956319
1136100.0,4940.135973982594,4232.578463833038,0.0,0.9504847940400294,0.436678109564295
1136160.0,4940.124115158563,4232.590327348163,0.0,0.9504847536628653,0.4366794838256807
1136220.0,4940.1122497911365,4232.602186101043,0.0,0.9504849265075688,0.4366808581085883
1136280.0,4940.100394969355,4232.614052564655,0.0,0.950484755041121,0.4366822323591334
1136340.0,4940.088537893637,4232.625917400222,0.0,0.9504846567880619,0.43668360661789585
1136400.0,4940.076674821609,4232.637777861212,0.0,0.9504847541277002,0.4366849808957009
1136460.0,4940.064813013101,4232.6496392639265,0.0,0.9504848098770005,0.4366863551707927
1136520.0,4940.0529546504395,4232.661503190825,0.0,0.9504847530327446,0.4366877294356102
1136580.0,4940.041087077465,4232.673360406867,0.0,0.9504849964585907,0.4366891037302377
1136640.0,4940.029234356679,4232.685228480265,0.0,0.9504847550076448,0.43669047797911836
1136700.0,4940.01737846622,4232.697094256529,0.0,0.9504846166596294,0.4366918522390622
1136760.0,4940.005514133047,4232.708953870707,0.0,0.9504847537552878,0.4366932265256519
1136820.0,4939.993651583597,4232.720814806696,0.0,0.9504848322813219,0.43669460080791145
1136880.0,4939.98179388827,4232.732679295861,0.0,0.9504847522472837,0.4366959750755196
1136940.0,4939.969927740733,4232.74453762319,0.0,0.9504849478315579,0.43669734937027865
1137000.0,4939.958073499091,4232.756404660238,0.0,0.9504847546090643,0.4366987236287497
1137060.0,4939.946216718903,4232.768269861186,0.0,0.9504846438916916,0.43670009789632286
1137120.0,4939.934353182045,4232.780130131741,0.0,0.9504847535902776,0.4367014721853027
1137180.0,4939.922491070395,4232.791991462203,0.0,0.9504848164201498,0.4367028464710664
1137240.0,4939.910632842291,4232.803855636809,0.0,0.9504847523669173,0.4367042207451944
1137300.0,4939.898767849084,4232.815714882064,0.0,0.9504849088692636,0.4367055950412309
1137360.0,4939.886912381831,4232.827581098397,0.0,0.95048475424024,0.4367069693083745
1137420.0,4939.8750548810585,4232.839445847568,0.0,0.9504846656335746,0.4367083435830507
1137480.0,4939.863191900443,4232.851306599506,0.0,0.9504847557631253,0.43670971787519147
1137540.0,4939.851332252004,4232.863169799342,0.0,0.9504847368814215,0.4367110921578374
1137600.0,4939.839471235682,4232.8750320117715,0.0,0.9504847624201325,0.4367124664455198
1137660.0,4939.827611408573,4232.886895105555,0.0,0.950484748908308,0.43671384073031694
1137720.0,4939.815749874153,4232.898756964682,0.0,0.950484790881613,0.43671521502125593
1137780.0,4939.803890792143,4232.910620627386,0.0,0.9504847525876817,0.4367165893053328
1137840.0,4939.792025504554,4232.922479774,0.0,0.9504849165031712,0.43671796360988396
1137900.0,4939.7801702171155,4232.934346233841,0.0,0.9504847538904537,0.4367193378837629
1137960.0,4939.768312791742,4232.946211150153,0.0,0.9504846607097988,0.436720712165499
1138020.0,4939.756449603838,4232.9580718624875,0.0,0.950484755496286,0.43672208646557914
1138080.0,4939.744589920525,4232.969935148813,0.0,0.9504847356415758,0.43672346075562785
1138140.0,4939.7327287990765,4232.981797396349,0.0,0.950484762501394,0.43672483505093146
1138200.0,4939.720868928603,4232.993660570407,0.0,0.950484748293893,0.4367262093431574
1138260.0,4939.709007263067,4233.005522445627,0.0,0.9504847924370792,0.4367275836417983
1138320.0,4939.697148176888,4233.0173862172705,0.0,0.9504847521675864,0.43672895793318195
1138380.0,4939.685282565326,4233.0292452389185,0.0,0.9504849245507534,0.4367303322460346
1138440.0,4939.673427470342,4233.041111951499,0.0,0.9504847535419375,0.4367317065266082
1138500.0,4939.6615701276105,4233.052977040233,0.0,0.9504846555510613,0.4367330808153804
1138560.0,4939.649706805083,4233.0648377656335,0.0,0.95048475263073,0.4367344551231474
1138620.0,4939.637844742576,4233.07669943036,0.0,0.9504848082310668,0.4367358294282102
1138680.0,4939.625986116411,4233.088563612794,0.0,0.9504847515384728,0.43673720372302566
1138740.0,4939.614118305297,4233.100421101632,0.0,0.9504849943142639,0.43673857804757726
1138800.0,4939.602265305428,4233.112289419936,0.0,0.9504847535078749,0.43673995232649965
1138860.0,4939.590409144602,4233.124155447028,0.0,0.9504846155291207,0.43674132661645915
1138920.0,4939.578544564321,4233.136015327873,0.0,0.9504847522586365,0.4367427009329972
1138980.0,4939.566681762828,4233.147876527152,0.0,0.9504848305748883,0.4367440752452184
1139040.0,4939.554823802069,4233.159741270487,0.0,0.9504847507544337,0.4367454495428265
1139100.0,4939.542957412382,4233.17159986783,0.0,0.9504849458163627,0.43674682386751784
1139160.0,4939.531102895764,4233.183467152522,0.0,0.9504847531096827,0.4367481981560151
1139220.0,4939.519245847573,4233.195332605852,0.0,0.9504846426878577,0.4367495724535933
1139280.0,4939.507382061332,4233.207193141467,0.0,0.9504847520933912,0.43675094677252435
1139340.0,4939.495519696345,4233.219054734282,0.0,0.9504848147554577,0.43675232108824963
1139400.0,4939.483661204196,4233.2309191639415,0.0,0.9504847508730706,0.4367536953923697
1139460.0,4939.471795965567,4233.242778676928,0.0,0.9504849069575988,0.43675506971834405
1139520.0,4939.459940226634,4233.254645143098,0.0,0.950484752741168,0.4367564440155007
1139580.0,4939.448082459762,4233.266510145893,0.0,0.9504846643709151,0.43675781832017285
1139640.0,4939.436219228138,4233.278371161729,0.0,0.950484754259763,0.43675919264226576
1139700.0,4939.424359319493,4233.29023461919,0.0,0.9504847354283477,0.4367605669548897
1139760.0,4939.412498046724,4233.302097091795,0.0,0.9504847608987758,0.4367619412725387
1139820.0,4939.400637959875,4233.313960443502,0.0,0.950484747422905,0.43676331558731113
1139880.0,4939.3887761704045,4233.325822563738,0.0,0.9504847892840665,0.4367646899082116
1139940.0,4939.376916826573,4233.337686482931,0.0,0.9504847510922325,0.43676606422226877
1140000.0,4939.365051294239,4233.349545897649,0.0,0.9504849145701245,0.4367674385567501
1140060.0,4939.353195734494,4233.36141260682,0.0,0.950484752391302,0.4367688128606382
1140120.0,4939.341338042685,4233.373277776443,0.0,0.9504846594592491,0.4367701871723657
1140180.0,4939.329474604215,4233.385138752893,0.0,0.9504847539926228,0.4367715615023911
1140240.0,4939.317614660663,4233.397002296736,0.0,0.950484734190797,0.43677293582241233
1140300.0,4939.305753282926,4233.408864804471,0.0,0.9504847609788077,0.4367743101476765
1140360.0,4939.293893152704,4233.4207282363595,0.0,0.9504847468091168,0.4367756844698722
1140420.0,4939.28203123235,4233.432590372762,0.0,0.9504847908343669,0.436777058798468
1140480.0,4939.270171884233,4233.444454400725,0.0,0.9504847506722454,0.43677843311982656
1140540.0,4939.25830602869,4233.456313690914,0.0,0.9504849225952421,0.4367798074626014
1140600.0,4939.246450660742,4233.468180652289,0.0,0.9504847520427032,0.4367811817731804
1140660.0,4939.234593051219,4233.480045994009,0.0,0.9504846543132287,0.4367825560919393
1140720.0,4939.222729478366,4233.49190698361,0.0,0.9504847511337025,0.43678393042964525
1140780.0,4939.21086716204,4233.503768910141,0.0,0.9504848065855798,0.43678530476465616
1140840.0,4939.199008272584,4233.515633347923,0.0,0.9504847500441341,0.4367866790894467
1140900.0,4939.187140223456,4233.527491109311,0.0,0.9504849921721094,0.4367880534438996
1140960.0,4939.1752869447755,4233.539359672371,0.0,0.9504847520080569,0.4367894277528405
1141020.0,4939.163430513821,4233.55122595012,0.0,0.9504846143972616,0.4367908020727927
1141080.0,4939.151565686593,4233.563086097408,0.0,0.950484750761926,0.4367921764192564
1141140.0,4939.139702633229,4233.574947559762,0.0,0.9504848288691867,0.4367935507614164
1141200.0,4939.127844407264,4233.586812557079,0.0,0.9504847492615103,0.43679492508900125
1141260.0,4939.11597777556,4233.598671424196,0.0,0.950484943803088,0.4367962994436018
1141320.0,4939.104122984225,4233.610538956378,0.0,0.9504847516102525,0.43679767376210205
1141380.0,4939.092265668265,4233.622404661918,0.0,0.9504846414828061,0.43679904808966236
1141440.0,4939.0804016328,4233.634265462369,0.0,0.9504847505964465,0.43680042243852174
1141500.0,4939.068539014655,4233.646127317327,0.0,0.9504848130912633,0.4368017967841857
1141560.0,4939.0566802586745,4233.657992001856,0.0,0.9504847493791565,0.43680317111827505
1141620.0,4939.0448147747775,4233.669851782344,0.0,0.9504849050472374,0.43680454547416436
1141680.0,4939.032958764406,4233.681718498183,0.0,0.9504847512420457,0.4368059198013107
1141740.0,4939.021100731658,4233.6935837544215,0.0,0.9504846631073545,0.4368072941359558
1141800.0,4939.009237249197,4233.705445033939,0.0,0.9504847527563657,0.43680866848797795
1141860.0,4938.99737708055,4233.717308748831,0.0,0.9504847339750621,0.43681004283055685
1141920.0,4938.9855155515215,4233.7291714814055,0.0,0.9504847593774469,0.4368114171781494
1141980.0,4938.973655205136,4233.741035090839,0.0,0.9504847459374045,0.4368127915228744
1142040.0,4938.9617931608,4233.752897471974,0.0,0.9504847876868083,0.43681416587371324
1142100.0,4938.949933555358,4233.764761647461,0.0,0.950484749596721,0.4368155402177276
1142160.0,4938.938067778432,4233.776621330055,0.0,0.9504849126384303,0.43681691458211613
1142220.0,4938.926211946627,4233.788488288383,0.0,0.9504847508921004,0.4368182889159902
1142280.0,4938.9143539886045,4233.800353711137,0.0,0.9504846582078543,0.436819663257686
1142340.0,4938.902490299741,4233.812214951488,0.0,0.9504847524889243,0.43682103761763386
1142400.0,4938.890630096154,4233.824078752657,0.0,0.9504847327398103,0.4368224119676045
1142460.0,4938.87876846232,4233.83594152039,0.0,0.9504847594562476,0.43682378632280616
1142520.0,4938.866908072548,4233.847805209918,0.0,0.9504847453242437,0.436825160674949
1142580.0,4938.85504589756,4233.8596676072975,0.0,0.9504847892319418,0.43682653503347685
1142640.0,4938.843186287713,4233.871531891397,0.0,0.9504847491768419,0.43682790938478744
1142700.0,4938.831320188342,4233.883391449902,0.0,0.9504849206410222,0.4368292837574619
1142760.0,4938.819464547673,4233.895258659904,0.0,0.9504847505434185,0.4368306580980234
1142820.0,4938.807606671581,4233.907124254428,0.0,0.9504846530746056,0.43683203244674607
1142880.0,4938.795742848577,4233.918985508015,0.0,0.950484749636618,0.4368334068143681
1142940.0,4938.783880278618,4233.930847696145,0.0,0.950484804940418,0.4368347811793043
1143000.0,4938.77202112608,4233.9427123890855,0.0,0.9504847485497326,0.4368361555340468
1143060.0,4938.760152839084,4233.954570422796,0.0,0.9504849900314332,0.43683752991837843
1143120.0,4938.748299281836,4233.966439230442,0.0,0.9504847505081891,0.436838904257315
1143180.0,4938.736442580979,4233.978305758668,0.0,0.9504846132645194,0.43684027860723684
1143240.0,4938.724577506971,4233.9901661721815,0.0,0.9504847492651587,0.4368416529836033
1143300.0,4938.71271420192,4234.002027897405,0.0,0.9504848271638429,0.4368430273556792
1143360.0,4938.7008557109575,4234.013893148523,0.0,0.950484747768522,0.43684440171321814
1143420.0,4938.688988837402,4234.025752285194,0.0,0.9504849417908213,0.43684577609770536
1143480.0,4938.677133771583,4234.037620064691,0.0,0.9504847501107708,0.43684715044618566
1143540.0,4938.665276188071,4234.049486022255,0.0,0.9504846402771203,0.4368485248037052
1143600.0,4938.65341190356,4234.061347087332,0.0,0.9504847490994455,0.43684989918247025
1143660.0,4938.6415490324425,4234.07320920423,0.0,0.9504848114273525,0.43685127355805015
1143720.0,4938.629690012842,4234.085074143436,0.0,0.9504847478851788,0.43685264792208583
1143780.0,4938.61782070112,4234.096931576674,0.0,0.9504850200196928,0.436854022319312
1143840.0,4938.605967988547,4234.108801151169,0.0,0.9504847501027521,0.4368553966653265
1143900.0,4938.594111734859,4234.120668155496,0.0,0.9504845954462188,0.4368567710235629
1143960.0,4938.582246046082,4234.132528268376,0.0,0.9504847487125241,0.43685814541154794
1144020.0,4938.570382352074,4234.144389858124,0.0,0.9504848365029339,0.4368595197945396
1144080.0,4938.5585240834625,4234.156255420897,0.0,0.9504847470365037,0.43686089416109203
1144140.0,4938.546662495945,4234.168118570483,0.0,0.9504847656790592,0.4368622685388248
1144200.0,4938.53480225078,4234.179982713464,0.0,0.9504847402688535,0.4368636429131667
1144260.0,4938.5229408122605,4234.191845996419,0.0,0.9504847535859756,0.4368650172920283
1144320.0,4938.511081051735,4234.203710518938,0.0,0.9504847118771926,0.4368663916665056
1144380.0,4938.499218846338,4234.215573265665,0.0,0.950484749771314,0.436867766049344
1144440.0,4938.487362772597,4234.227440513438,0.0,0.9504845871296189,0.436869140414298
1144500.0,4938.475496776889,4234.239300513481,0.0,0.950484748313584,0.4368705148105161
1144560.0,4938.46363287948,4234.25116206615,0.0,0.9504848406400963,0.4368718892014183
1144620.0,4938.451774687742,4234.263027796935,0.0,0.9504847465553025,0.4368732635750087
1144680.0,4938.43991300616,4234.274890989445,0.0,0.9504847661628032,0.4368746379603115
1144740.0,4938.428052736584,4234.286755226321,0.0,0.9504847394424338,0.4368760123420062
1144800.0,4938.416191212423,4234.29861855836,0.0,0.9504847534494688,0.43687738672841114
1144860.0,4938.404331453261,4234.31048319363,0.0,0.9504847095887771,0.43687876111016055
1144920.0,4938.392469123366,4234.3223459610035,0.0,0.9504847494420953,0.4368801355006632
1144980.0,4938.380613242201,4234.334213461452,0.0,0.9504845784029308,0.43688150987229385
1145040.0,4938.368746927063,4234.346073339482,0.0,0.9504847479133782,0.4368828842767826
1145100.0,4938.356882819099,4234.35793484981,0.0,0.9504848450102246,0.4368842586756163
1145160.0,4938.345024632664,4234.3698006958875,0.0,0.9504847486513003,0.4368856330564407
1145220.0,4938.3331651755925,4234.381665631523,0.0,0.9504846934283191,0.4368870074424262
1145280.0,4938.321302303875,4234.393528077172,0.0,0.9504847495687736,0.4368883818394643
1145340.0,4938.3094485177435,4234.405397184004,0.0,0.9504845087196254,0.4368897562094287
1145400.0,4938.297580039642,4234.417255554899,0.0,0.9504847474499297,0.4368911306254954
1145460.0,4938.28571467413,4234.429116220136,0.0,0.9504848842037297,0.4368925050330906
1145520.0,4938.273857648974,4234.440982989829,0.0,0.9504847485230842,0.43689387941515256
1145580.0,4938.261998838849,4234.452848472988,0.0,0.9504846707721809,0.4368952538039755
1145640.0,4938.250135221676,4234.464710447994,0.0,0.9504847498490923,0.4368966282081822
1145700.0,4938.238279945888,4234.4765785355785,0.0,0.9504845563188001,0.4368980025873256
1145760.0,4938.226412885854,4234.488438017628,0.0,0.9504847473475939,0.43689937700383186
1145820.0,4938.214548314408,4234.50029933783,0.0,0.9504848567725704,0.43690075141380713
1145880.0,4938.202690416273,4234.5121655437515,0.0,0.9504847481897285,0.4369021258034335
1145940.0,4938.190831087648,4234.524030722284,0.0,0.9504846859635152,0.43690350019871815
1146000.0,4938.178967911613,4234.535893094237,0.0,0.950484749234202,0.4369048746064021
1146060.0,4938.167114975283,4234.54776297168,0.0,0.9504844778234032,0.4369062489834203
1146120.0,4938.1552454833145,4234.559620749789,0.0,0.9504847468570098,0.4369076234123404
1146180.0,4938.143379500227,4234.571481112144,0.0,0.950484900971938,0.4369089978315557
1146240.0,4938.131522916185,4234.583348353461,0.0,0.9504847480769225,0.4369103722219429
1146300.0,4938.119664322058,4234.595214143554,0.0,0.9504846604636807,0.43691174661979126
1146360.0,4938.107800311448,4234.60707597964,0.0,0.9504847495817798,0.4369131210349199
1146420.0,4938.095939594399,4234.61894023723,0.0,0.9504847309114003,0.43691449544066246
1146480.0,4938.084077525238,4234.630803518137,0.0,0.9504847561631697,0.43691586985139347
1146540.0,4938.072216631471,4234.642667670932,0.0,0.9504847428024338,0.43691724425927647
1146600.0,4938.060354050084,4234.6545306024655,0.0,0.950484784304465,0.43691861867324217
1146660.0,4938.048493892676,4234.666395318138,0.0,0.9504847464395905,0.43691999308042545
1146720.0,4938.0366276013865,4234.678255566604,0.0,0.9504849085160653,0.43692136750787214
1146780.0,4938.02477119454,4234.690123049296,0.0,0.9504847477268038,0.4369227419049794
1146840.0,4938.012912674396,4234.701989005221,0.0,0.950484655590855,0.4369241163098689
1146900.0,4938.001048458352,4234.713850802627,0.0,0.9504847493136781,0.43692549073290854
1146960.0,4937.989187706289,4234.725715146268,0.0,0.9504847296811968,0.4369268651460314
1147020.0,4937.977325532669,4234.737578462398,0.0,0.9504847562392678,0.4369282395643589
1147080.0,4937.965464595494,4234.749442695095,0.0,0.9504847421906523,0.4369296139796481
1147140.0,4937.953601883959,4234.761305643046,0.0,0.9504847858382396,0.4369309884012899
1147200.0,4937.941741721886,4234.773170466975,0.0,0.9504847460199507,0.4369323628157583
1147260.0,4937.929875109826,4234.785030592321,0.0,0.950484916469148,0.43693373725147433
1147320.0,4937.918018892658,4234.796898325519,0.0,0.9504847473779405,0.4369351116552613
1147380.0,4937.9061604536555,4234.808764452498,0.0,0.9504846504857196,0.4369364860671683
1147440.0,4937.894296104002,4234.820626263327,0.0,0.9504847464760078,0.4369378604978693
1147500.0,4937.882432999699,4234.83248900341,0.0,0.9504848014522739,0.4369392349259046
1147560.0,4937.870573291958,4234.844354234024,0.0,0.9504847453950552,0.43694060934380596
1147620.0,4937.858704505421,4234.8562128434505,0.0,0.9504849854474806,0.4369419837911332
1147680.0,4937.846850358775,4234.868082165355,0.0,0.9504847473414229,0.4369433581933247
1147740.0,4937.834993087644,4234.879949220885,0.0,0.9504846109097627,0.43694473260644434
1147800.0,4937.82312749442,4234.891810196608,0.0,0.9504847461052501,0.43694610704586007
1147860.0,4937.811263659316,4234.903672476604,0.0,0.9504848235426507,0.4369474814810147
1147920.0,4937.79940460892,4234.915538262386,0.0,0.9504847446169726,0.4369488559017167
1147980.0,4937.787537227027,4234.9273979686495,0.0,0.950484937490682,0.4369502303492177
1148040.0,4937.775681580817,4234.939266268439,0.0,0.9504847469448597,0.43695160476091915
1148100.0,4937.763823432223,4234.951132756738,0.0,0.9504846377610261,0.4369529791816135
1148160.0,4937.751958623487,4234.962994380489,0.0,0.950484745939021,0.4369543536234346
1148220.0,4937.740095219478,4234.9748570501,0.0,0.9504848078977766,0.43695572806209365
1148280.0,4937.728235643472,4234.986722525928,0.0,0.9504847447314428,0.4369571024892757
1148340.0,4937.716365838086,4234.99858053867,0.0,0.9504850152549065,0.4369584769494649
1148400.0,4937.704512530566,4235.010450623386,0.0,0.9504847469353914,0.43695985135873483
1148460.0,4937.692655703489,4235.022318152649,0.0,0.9504845931939744,0.4369612257801623
1148520.0,4937.680789498865,4235.034178829811,0.0,0.9504847455528929,0.43696260023117106
1148580.0,4937.668925276792,4235.046040975457,0.0,0.9504848328234287,0.43696397467722004
1148640.0,4937.657066447003,4235.0579070714675,0.0,0.9504847438862937,0.436965349106925
1148700.0,4937.6451982295985,4235.069766315163,0.0,0.9504849612436256,0.4369667235667163
1148760.0,4937.633343237714,4235.081635242545,0.0,0.9504847465201831,0.4369680979860702
1148820.0,4937.621485427304,4235.0935021271025,0.0,0.9504846234846505,0.4369694724154008
1148880.0,4937.609620112164,4235.105363529087,0.0,0.9504847453972507,0.43697084686848686
1148940.0,4937.597756381344,4235.117226108343,0.0,0.9504848152247171,0.43697222131785174
1149000.0,4937.585896964718,4235.129091849583,0.0,0.9504847440469755,0.4369735957542262
1149060.0,4937.574030034473,4235.14095210892,0.0,0.9504849179726645,0.4369749702148571
1149120.0,4937.562173686164,4235.152820118741,0.0,0.9504847461380429,0.4369763446432742
1149180.0,4937.550315080304,4235.164686495958,0.0,0.9504846476740818,0.43697771907992283
1149240.0,4937.538450468365,4235.176548486548,0.0,0.9504847452228211,0.43697909353566494
1149300.0,4937.526587122075,4235.188411421372,0.0,0.9504848010919695,0.436980467988677
1149360.0,4937.514727227285,4235.200276887291,0.0,0.9504847441256737,0.4369818424313822
1149420.0,4937.502858107201,4235.212135623825,0.0,0.9504849880746207,0.4369832169039731
1149480.0,4937.491003863591,4235.224005247544,0.0,0.9504847461049777,0.4369845913306843
1149540.0,4937.479146445196,4235.235872567733,0.0,0.9504846074597599,0.4369859657684808
1149600.0,4937.4672805703185,4235.247733708867,0.0,0.9504847448500904,0.43698734023299574
1149660.0,4937.455416482141,4235.259596175366,0.0,0.9504848235449834,0.43698871469315903
1149720.0,4937.443557256041,4235.271462204785,0.0,0.9504847433390059,0.4369900891386261
1149780.0,4937.431689563965,4235.283322055363,0.0,0.9504849393437867,0.4369914636113144
1149840.0,4937.4198337972875,4235.295190639567,0.0,0.9504847457060236,0.43699283804760625
1149900.0,4937.407975487979,4235.307057382546,0.0,0.9504846347507379,0.4369942124930168
1149960.0,4937.396110410981,4235.318919181545,0.0,0.9504847446852077,0.43699558695989177
1150020.0,4937.384246761583,4235.3307820432865,0.0,0.9504848076502941,0.43699696142353217
1150080.0,4937.372387002108,4235.342647756969,0.0,0.9504847434593772,0.43699833587550074
1150140.0,4937.360520466512,4235.35450852768,0.0,0.9504849002984073,0.4369997103494332
1150200.0,4937.34866347249,4235.366376288607,0.0,0.9504847453368894,0.43700108479438526
1150260.0,4937.336804441689,4235.378242578256,0.0,0.9504846565396923,0.4370024592468822
1150320.0,4937.324939922102,4235.390104859639,0.0,0.950484746863212,0.43700383371688994
1150380.0,4937.313078740192,4235.401969595607,0.0,0.9504847279409652,0.43700520817736943
1150440.0,4937.301216188204,4235.413833341399,0.0,0.9504847535347041,0.43700658264289377
1150500.0,4937.289354827421,4235.425697970919,0.0,0.9504847399938875,0.4370079571055182
1150560.0,4937.277491756578,4235.4375613623315,0.0,0.9504847820575952,0.43700933157429606
1150620.0,4937.265631142199,4235.449426562232,0.0,0.9504847436813391,0.4370107060361867
1150680.0,4937.253764312148,4235.461287233532,0.0,0.9504849079496989,0.4370120805186005
1150740.0,4937.241907498642,4235.473155238169,0.0,0.9504847449870751,0.4370134549702518
1150800.0,4937.230048543764,4235.485021694947,0.0,0.9504846516060306,0.43701482942977343
1150860.0,4937.218183816951,4235.49688393615,0.0,0.9504847465965232,0.4370162039076878
1150920.0,4937.2063226005075,4235.508748758371,0.0,0.9504847266991725,0.43701757837553584
1150980.0,4937.19445994362,4235.520612538895,0.0,0.9504847536168666,0.4370189528486478
1151040.0,4937.182598539801,4235.5324772484355,0.0,0.9504847393788738,0.43702032731866713
1151100.0,4937.170735338027,4235.54434065551,0.0,0.9504847836171422,0.43702170179511324
1151160.0,4937.158874719875,4235.556205964178,0.0,0.9504847432610647,0.4370230762642759
1151220.0,4937.1470075657235,4235.568066509701,0.0,0.9504849160151749,0.4370244507549593
1151280.0,4937.135150945382,4235.579934767295,0.0,0.9504847446385332,0.437025825213269
1151340.0,4937.123292073678,4235.5918013964965,0.0,0.9504846464369521,0.43702719967979126
1151400.0,4937.111427212419,4235.603663650334,0.0,0.9504847437255265,0.4370285741653593
1151460.0,4937.099563613306,4235.615526846001,0.0,0.9504847994455884,0.4370299486482062
1151520.0,4937.087703456182,4235.627392566278,0.0,0.9504847426310795,0.43703132312077336
1151580.0,4937.075834099138,4235.639251574453,0.0,0.9504849859294717,0.4370326976231522
1151640.0,4937.063979577611,4235.651121441883,0.0,0.950484744604881,0.4370340720797692
1151700.0,4937.052121890017,4235.662989011715,0.0,0.9504846063292633,0.4370354465474454
1151760.0,4937.0402557692105,4235.674850418353,0.0,0.9504847433531151,0.43703682104177266
1151820.0,4937.028391430167,4235.686713146975,0.0,0.9504848218380204,0.43703819553176154
1151880.0,4937.016531939807,4235.69857942938,0.0,0.9504847418458355,0.4370395700070925
1151940.0,4937.004664006764,4235.710439548815,0.0,0.9504849373277626,0.43704094450957676
1152000.0,4936.992807966278,4235.722308379475,0.0,0.9504847442063153,0.4370423189757588
1152060.0,4936.980949390136,4235.734175373652,0.0,0.9504846335468571,0.43704369345103844
1152120.0,4936.969084064929,4235.746037436545,0.0,0.9504847431879974,0.4370450679477285
1152180.0,4936.957220163375,4235.757900559473,0.0,0.9504848059849825,0.43704644244119445
1152240.0,4936.9453601410205,4235.769766527026,0.0,0.9504847419652122,0.43704781692301914
1152300.0,4936.933493361191,4235.781627564313,0.0,0.9504848983857214,0.4370491914267532
1152360.0,4936.9216360966475,4235.793495573881,0.0,0.9504847438374904,0.43705056590158226
1152420.0,4936.9097768009115,4235.805362115966,0.0,0.950484655277123,0.4370519403839391
1152480.0,4936.897912031502,4235.81722466009,0.0,0.950484745359515,0.4370533148837631
1152540.0,4936.886050590559,4235.829089652504,0.0,0.9504847264876466,0.4370546893740845
1152600.0,4936.874187783299,4235.840953657296,0.0,0.9504847520129804,0.43705606386943924
1152660.0,4936.862326163947,4235.852818543562,0.0,0.9504847385081823,0.4370574383619031
1152720.0,4936.850462839231,4235.86468219491,0.0,0.9504847804595443,0.437058812860506
1152780.0,4936.838601964202,4235.876547650119,0.0,0.9504847421855693,0.4370601873522405
1152840.0,4936.826734890599,4235.888408588374,0.0,0.950484906015489,0.4370615618644482
1152900.0,4936.814877805942,4235.900276841141,0.0,0.9504847434875966,0.4370629363459728
1152960.0,4936.803018585792,4235.912143550044,0.0,0.9504846503555612,0.43706431083534975
1153020.0,4936.791153609599,4235.924006054198,0.0,0.950484745092526,0.4370656853430732
1153080.0,4936.779292134091,4235.93587113276,0.0,0.9504847252481455,0.4370670598407577
1153140.0,4936.767429222088,4235.947735172309,0.0,0.9504847520939156,0.4370684343436939
1153200.0,4936.755567559692,4235.959600138509,0.0,0.9504847378937944,0.43706980884354685
1153260.0,4936.743704104276,4235.971463805596,0.0,0.950484782013934,0.4370711833498118
1153320.0,4936.731843225351,4235.983329369407,0.0,0.9504847417654024,0.4370725578488132
1153380.0,4936.719975828406,4235.995190182317,0.0,0.950484914058693,0.43707393236928277
1153440.0,4936.708118936257,4236.007058687515,0.0,0.9504847431389726,0.437075306857462
1153500.0,4936.6962597989295,4236.018925568518,0.0,0.950484645199158,0.43707668135383504
1153560.0,4936.684394688529,4236.030788085391,0.0,0.9504847422281757,0.43707805586920595
1153620.0,4936.672530836777,4236.042651541694,0.0,0.9504847977995408,0.4370794303818649
1153680.0,4936.660670417531,4236.054517516137,0.0,0.9504847411364222,0.43708080488427115
1153740.0,4936.648800823672,4236.066376795719,0.0,0.9504849837859152,0.4370821794164152
1153800.0,4936.63694602448,4236.078246906701,0.0,0.9504847431047352,0.4370835539029148
1153860.0,4936.625088067917,4236.0901147259965,0.0,0.9504846051977269,0.43708492840044777
1153920.0,4936.61322170135,4236.101976397918,0.0,0.9504847418560826,0.4370863029245644
1153980.0,4936.60135711162,4236.113839388454,0.0,0.9504848201315628,0.43708767744435595
1154040.0,4936.589497357218,4236.125705923659,0.0,0.9504847403525979,0.4370890519495277
1154100.0,4936.577629183361,4236.137566311724,0.0,0.9504849353131191,0.4370904264817852
1154160.0,4936.565772869305,4236.149435388671,0.0,0.9504847427065574,0.43709180097783434
1154220.0,4936.553914026553,4236.161302633867,0.0,0.9504846323421015,0.4370931754829602
1154280.0,4936.542048453314,4236.173164960439,0.0,0.95048474169073,0.4370945500094427
1154340.0,4936.530184299783,4236.1850283443455,0.0,0.950484804320135,0.43709592453271134
1154400.0,4936.518324014765,4236.196894565587,0.0,0.9504847404709805,0.43709729904436917
1154460.0,4936.50645699086,4236.208755869224,0.0,0.9504848964742751,0.43709867357788224
1154520.0,4936.494599456033,4236.220624127263,0.0,0.950484742338041,0.4371000480825653
1154580.0,4936.482739895584,4236.232490921605,0.0,0.9504846540137273,0.4371014225947591
1154640.0,4936.470874876524,4236.244353728249,0.0,0.9504847438557816,0.43710279712437605
1154700.0,4936.45901317675,4236.256218976917,0.0,0.9504847250341276,0.43710417164451654
1154760.0,4936.447150114409,4236.268083240512,0.0,0.9504847504912791,0.437105546169679
1154820.0,4936.435288236691,4236.279948383328,0.0,0.9504847370223823,0.4371069206919595
1154880.0,4936.423424658289,4236.2918122944075,0.0,0.9504847788617585,0.4371082952203647
1154940.0,4936.411563522814,4236.303678004733,0.0,0.9504847406897379,0.4371096697419205
1155000.0,4936.399696205811,4236.315539209714,0.0,0.9504849040826537,0.43711104428389935
1155060.0,4936.387838850247,4236.327407710445,0.0,0.950484741988068,0.43711241879527407
1155120.0,4936.375979365048,4236.339274671292,0.0,0.9504846491042998,0.4371137933144834
1155180.0,4936.364114139643,4236.351137438189,0.0,0.950484743588492,0.43711516785199334
1155240.0,4936.3522524052705,4236.3630027729005,0.0,0.9504847237969217,0.43711654237949127
1155300.0,4936.340389238348,4236.374867071277,0.0,0.950484750570985,0.4371179169122292
1155360.0,4936.328527317574,4236.386732293937,0.0,0.950484736408621,0.43711929144189315
1155420.0,4936.316663608702,4236.398596220832,0.0,0.9504847804109859,0.4371206659779542
1155480.0,4936.304802469217,4236.410462039597,0.0,0.9504847402696793,0.43712204050677156
1155540.0,4936.292934829636,4236.422323119671,0.0,0.9504849121033767,0.4371234150570046
1155600.0,4936.2810776659235,4236.434191872301,0.0,0.9504847416393609,0.43712478957503015
1155660.0,4936.269218263189,4236.44605900492,0.0,0.9504846439606724,0.4371261641012312
1155720.0,4936.257352903822,4236.457921784618,0.0,0.9504847407307683,0.4371275386463822
1155780.0,4936.245488799617,4236.469785501353,0.0,0.9504847961538037,0.43712891318883046
1155840.0,4936.233628118459,4236.48165172977,0.0,0.9504847396417015,0.43713028772105283
1155900.0,4936.221758287927,4236.4935112805315,0.0,0.9504849816439257,0.43713166228293937
1155960.0,4936.209903211325,4236.505381634895,0.0,0.9504847416045398,0.4371330367992986
1156020.0,4936.19804498602,4236.517249703476,0.0,0.9504846040652406,0.4371344113266652
1156080.0,4936.18617837386,4236.52911164047,0.0,0.9504847403589924,0.43713578588054836
1156140.0,4936.174313533624,4236.5409748927095,0.0,0.9504848184255881,0.4371371604301198
1156200.0,4936.162453515392,4236.552841680528,0.0,0.9504847388592926,0.4371385349651095
1156260.0,4936.150585100872,4236.564702336998,0.0,0.9504849332997372,0.43713990952711745
1156320.0,4936.138728513487,4236.576571660063,0.0,0.950484741206749,0.4371412840530109
1156380.0,4936.126869404348,4236.588439156094,0.0,0.950484631136526,0.43714265858796
1156440.0,4936.115003583246,4236.600301746134,0.0,0.950484740193406,0.43714403314421185
1156500.0,4936.1031391779225,4236.612165390814,0.0,0.9504848026556381,0.4371454076972604
1156560.0,4936.09127863045,4236.624031865551,0.0,0.9504847389766852,0.4371467822387286
1156620.0,4936.079407774056,4236.635890813563,0.0,0.9504850116974428,0.43714815681347263
1156680.0,4936.067553544035,4236.64776193625,0.0,0.9504847411991961,0.43714953133685647
1156740.0,4936.055695767163,4236.659630481613,0.0,0.9504845862095992,0.4371509058724876
1156800.0,4936.043828539762,4236.671492116516,0.0,0.950484739806135,0.43715228043794885
1156860.0,4936.031963310466,4236.6833552322805,0.0,0.9504848277856728,0.43715365499839326
1156920.0,4936.020103515479,4236.695222331985,0.0,0.9504847381266669,0.4371550295423485
1156980.0,4936.008240396195,4236.7070870118,0.0,0.950484756809449,0.43715640409750944
1157040.0,4935.996378621505,4236.718952687692,0.0,0.9504847313446028,0.4371577786492636
1157100.0,4935.984515651551,4236.730817501138,0.0,0.9504847446904857,0.4371591532055443
1157160.0,4935.972654362386,4236.742683557509,0.0,0.9504847028919461,0.4371605277574218
1157220.0,4935.9607906243855,4236.754547833148,0.0,0.95048474086777,0.4371619023176786
1157280.0,4935.948933028155,4236.7664166221575,0.0,0.9504845778757642,0.43716327685999107
1157340.0,4935.9370654937175,4236.778278143441,0.0,0.950484739407061,0.4371646514336533
1157400.0,4935.925200061084,4236.790141221549,0.0,0.9504848319326082,0.4371660260019755
1157460.0,4935.913340343498,4236.8020084892605,0.0,0.9504847376451514,0.4371674005529334
1157520.0,4935.9014771303955,4236.813873211646,0.0,0.9504847572949922,0.43716877511563057
1157580.0,4935.889615331657,4236.825738981221,0.0,0.9504847305171122,0.4371701496747033
1157640.0,4935.877752276321,4236.837603843414,0.0,0.9504847445544192,0.4371715242384936
1157700.0,4935.865890988923,4236.84947001238,0.0,0.9504847005992566,0.43717289879760884
1157760.0,4935.854027126621,4236.861334308249,0.0,0.950484740538569,0.4371742733654963
1157820.0,4935.84216972369,4236.873203350163,0.0,0.9504845691307777,0.43717564791444913
1157880.0,4935.830301869689,4236.885064748624,0.0,0.9504847390067181,0.4371770224963503
1157940.0,4935.818436226553,4236.896927783801,0.0,0.9504848363129237,0.43717839707257133
1158000.0,4935.806576514681,4236.908795166655,0.0,0.9504847397463918,0.43717977163072863
1158060.0,4935.794715530154,4236.920661636476,0.0,0.9504846844044808,0.4371811461940527
1158120.0,4935.782851125404,4236.932525609423,0.0,0.9504847406660039,0.43718252076845754
1158180.0,4935.770995821205,4236.9443962618325,0.0,0.9504844992978634,0.4371838953157026
1158240.0,4935.759125800964,4236.956256148691,0.0,0.950484738542755,0.4371852699091779
1158300.0,4935.747258898485,4236.968118336135,0.0,0.9504848755913482,0.43718664449414857
1158360.0,4935.735400350059,4236.979986644834,0.0,0.9504847396183834,0.4371880190535104
1158420.0,4935.723540013803,4236.991853663373,0.0,0.9504846617000267,0.4371893936196431
1158480.0,4935.711674862641,4237.003717164062,0.0,0.9504847409474104,0.4371907682011999
1158540.0,4935.699818066591,4237.01558679412,0.0,0.9504845470001233,0.43719214275761553
1158600.0,4935.687949467013,4237.02744779488,0.0,0.9504847384406825,0.4371935173514948
1158660.0,4935.676083360167,4237.03931063878,0.0,0.9504848481015846,0.4371948919388154
1158720.0,4935.6642239376,4237.051178381837,0.0,0.9504847392847935,0.43719626650572596
1158780.0,4935.652363082262,4237.063045094597,0.0,0.9504846769245341,0.4371976410783019
1158840.0,4935.640498373227,4237.074908993013,0.0,0.95048474033168,0.43719901566330904
1158900.0,4935.628643920761,4237.086780417532,0.0,0.9504844683358615,0.4372003902175542
1158960.0,4935.616772885514,4237.098639709338,0.0,0.950484737949525,0.437201764823846
1159020.0,4935.604905364977,4237.110501592436,0.0,0.9504848923967475,0.43720313942039596
1159080.0,4935.593047258924,4237.122370373433,0.0,0.9504847391722284,0.43720451398803284
1159140.0,4935.581187139555,4237.134237699124,0.0,0.9504846513702402,0.4372058885631429
1159200.0,4935.569321594845,4237.146101059884,0.0,0.9504847406804907,0.4372072631555791
1159260.0,4935.557459349147,4237.1579668487675,0.0,0.9504847219699436,0.43720863773859614
1159320.0,4935.545595749158,4237.169831658223,0.0,0.9504847472762318,0.4372100123266099
1159380.0,4935.533733326538,4237.181697341915,0.0,0.9504847338867718,0.43721138691176137
1159440.0,4935.52186921357,4237.193561800929,0.0,0.9504847754783665,0.4372127615030064
1159500.0,4935.510007528605,4237.20542804895,0.0,0.9504847375319314,0.43721413608744397
1159560.0,4935.498139699756,4237.217289817371,0.0,0.9504848999579265,0.43721551069219355
1159620.0,4935.48628177159,4237.2291588399385,0.0,0.9504847388220813,0.43721688526651425
1159680.0,4935.474421726724,4237.241026331448,0.0,0.9504846464875947,0.4372182598486303
1159740.0,4935.46255597664,4237.2528896529475,0.0,0.950484740412538,0.43721963444894474
1159800.0,4935.450693696267,4237.264755527644,0.0,0.950484720737809,0.4372210090393077
1159860.0,4935.438829992047,4237.2766203719475,0.0,0.9504847473532229,0.43722238363488397
1159920.0,4935.426967526346,4237.288486135292,0.0,0.950484733274396,0.4372237582274072
1159980.0,4935.415103283417,4237.300350610296,0.0,0.9504847770161939,0.4372251328262948
1160040.0,4935.403241594177,4237.312216966401,0.0,0.9504847371121128,0.437226507417983
1160100.0,4935.391373444429,4237.32407861089,0.0,0.9504849079290042,0.4372278820309702
1160160.0,4935.379515706658,4237.3359478841785,0.0,0.9504847384731928,0.43722925661193446
1160220.0,4935.36765574347,4237.347815546745,0.0,0.9504846413720773,0.43723063120103256
1160280.0,4935.355789859949,4237.359678881231,0.0,0.9504847375694763,0.43723200580897476
1160340.0,4935.343925223892,4237.3715431474575,0.0,0.9504847926643707,0.43723338041423465
1160400.0,4935.332063989994,4237.383409911054,0.0,0.9504847364863545,0.4372347550093285
1160460.0,4935.320193662466,4237.395270035129,0.0,0.9504849770565424,0.43723612963392305
1160520.0,4935.30833799888,4237.407140901193,0.0,0.9504847384370808,0.43723750421325047
1160580.0,4935.296479205747,4237.419009494555,0.0,0.9504846017112851,0.43723887880352774
1160640.0,4935.284612076886,4237.430871991322,0.0,0.9504847371984037,0.43724025342017286
1160700.0,4935.272746709095,4237.4427357958775,0.0,0.9504848148028889,0.4372416280325357
1160760.0,4935.26088613389,4237.454603115861,0.0,0.9504847357070776,0.4372430026304014
1160820.0,4935.249017213561,4237.466464339503,0.0,0.9504849289969002,0.43724437725513565
1160880.0,4935.237160048214,4237.478334180321,0.0,0.9504847380401471,0.4372457518439632
1160940.0,4935.225300376446,4237.490202204577,0.0,0.9504846286208385,0.4372471264418
1161000.0,4935.2134340336215,4237.50206535084,0.0,0.9504847370323004,0.43724850106082047
1161060.0,4935.201569097899,4237.51392954577,0.0,0.9504847991247707,0.4372498756766608
1161120.0,4935.189707996488,4237.525796554628,0.0,0.9504847358222785,0.4372512502809883
1161180.0,4935.177836648964,4237.5376560797395,0.0,0.9504850069294652,0.43725262491840766
1161240.0,4935.1659818264225,4237.549527710096,0.0,0.9504847380311429,0.4372539995047599
1161300.0,4935.154123478607,4237.561396777872,0.0,0.950484583958181,0.43725537410329507
1161360.0,4935.142255737869,4237.573258974622,0.0,0.9504847366458238,0.4372567487314926
1161420.0,4935.1303899830045,4237.585122643828,0.0,0.9504848241046973,0.437258123354707
1161480.0,4935.118529629301,4237.596990274266,0.0,0.9504847349757909,0.43725949796152747
1161540.0,4935.106665971533,4237.608855498646,0.0,0.950484753547814,0.4372608725794936
1161600.0,4935.0948036501295,4237.620721713452,0.0,0.9504847282333443,0.4372622471940756
1161660.0,4935.082940140721,4237.632587070762,0.0,0.9504847415000366,0.43726362181316175
1161720.0,4935.071078301818,4237.644453663937,0.0,0.9504846999484794,0.43726499642787325
1161780.0,4935.059214028978,4237.656318486564,0.0,0.9504847376994332,0.4372663710509196
1161840.0,4935.047355860417,4237.6681877968595,0.0,0.9504845756713506,0.43726774565612825
1161900.0,4935.035487814227,4237.6800498809,0.0,0.9504847362468662,0.4372691202925107
1161960.0,4935.02362185698,4237.691913512929,0.0,0.9504848282247633,0.4372704949235883
1162020.0,4935.0117615799145,4237.703781310675,0.0,0.9504847344948819,0.43727186953740194
1162080.0,4934.999897828613,4237.71564657765,0.0,0.9504847540282212,0.4372732441628916
1162140.0,4934.98803548302,4237.727512885868,0.0,0.9504847274085141,0.4372746187847808
1162200.0,4934.976171888461,4237.739378291909,0.0,0.9504847413625251,0.4372759934113642
1162260.0,4934.964310051026,4237.7512449972955,0.0,0.9504846976671533,0.4372773680333024
1162320.0,4934.952445654357,4237.763109840301,0.0,0.9504847373699352,0.43727874266396616
1162380.0,4934.94058767763,4237.774979402323,0.0,0.950484566975819,0.4372801172758078
1162440.0,4934.928719313538,4237.7868413645,0.0,0.9504847358466467,0.4372814919204125
1162500.0,4934.916853146781,4237.7987049541025,0.0,0.9504848325770546,0.4372828665593742
1162560.0,4934.90499287511,4237.810572866599,0.0,0.9504847365814465,0.4372842411803764
1162620.0,4934.8931313384965,4237.822439871315,0.0,0.9504846815666412,0.43728561580652103
1162680.0,4934.881266402496,4237.834304393411,0.0,0.9504847374951201,0.43728699044368546
1162740.0,4934.869410511517,4237.846175556919,0.0,0.950484497554396,0.437288365053849
1162800.0,4934.857539994196,4237.858036016288,0.0,0.9504847353839317,0.4372897397099823
1162860.0,4934.845672575583,4237.869898763168,0.0,0.9504848716215897,0.4372911143576641
1162920.0,4934.833813460074,4237.881767596398,0.0,0.9504847364526989,0.437292488979884
1162980.0,4934.8219525675895,4237.8936351468765,0.0,0.9504846589949845,0.4372938636088413
1163040.0,4934.810086889536,4237.905499199586,0.0,0.9504847377733662,0.4372952382531372
1163100.0,4934.7982295156235,4237.917369346738,0.0,0.9504845449729513,0.43729661287243815
1163160.0,4934.786360410109,4237.929230913832,0.0,0.9504847352809667,0.4372979875289932
1163220.0,4934.774493782086,4237.941094313596,0.0,0.9504848442929978,0.4372993621790317
1163280.0,4934.762633797575,4237.952962584592,0.0,0.9504847361195861,0.43730073680877773
1163340.0,4934.750772388981,4237.9648298312095,0.0,0.9504846741279376,0.4373021114441618
1163400.0,4934.738907150166,4237.976694279549,0.0,0.9504847371597811,0.43730348609190844
1163460.0,4934.727052105341,4237.988566211108,0.0,0.9504844667726617,0.4373048607090725
1163520.0,4934.715180578827,4238.000426079172,0.0,0.9504847347912185,0.43730623537798957
1163580.0,4934.703312545542,4238.012288523791,0.0,0.9504848883245953,0.437307610037225
1163640.0,4934.691453869329,4238.024157826976,0.0,0.9504847360061907,0.4373089846677131
1163700.0,4934.679593192026,4238.036025683205,0.0,0.9504846487232872,0.43731035930563705
1163760.0,4934.66772712244,4238.04788959713,0.0,0.9504847375050329,0.43731173396079065
1163820.0,4934.655870411622,4238.059760378213,0.0,0.9504845202408645,0.43731310858766154
1163880.0,4934.6440004814785,4238.0716214891845,0.0,0.9504847347068774,0.43731448325642397
1163940.0,4934.632133344526,4238.083484664135,0.0,0.9504848575593007,0.4373158579176854
1164000.0,4934.6202736944815,4238.095353328271,0.0,0.950484735662493,0.43731723255602517
1164060.0,4934.608412441016,4238.107220836625,0.0,0.9504846658085571,0.4373186072005618
1164120.0,4934.596546871832,4238.119085190973,0.0,0.9504847368452668,0.4373199818589745
1164180.0,4934.584688790077,4238.1309550422075,0.0,0.9504845629775577,0.4373213564949338
1164240.0,4934.572820128837,4238.142817156336,0.0,0.950484734589492,0.43732273116456116
1164300.0,4934.560953700611,4238.154680924256,0.0,0.9504848328903028,0.43732410582843223
1164360.0,4934.5490932627645,4238.16654908553,0.0,0.9504847353375646,0.4373254804740437
1164420.0,4934.537231539721,4238.178416324035,0.0,0.9504846794305963,0.43732685512486036
1164480.0,4934.525366362436,4238.190281039355,0.0,0.9504847362674148,0.4373282297868693
1164540.0,4934.513510376476,4238.202152504258,0.0,0.9504844924333777,0.437329604421416
1164600.0,4934.501639527935,4238.214013090334,0.0,0.9504847341233125,0.4373309791026759
1164660.0,4934.489771828343,4238.225876001057,0.0,0.9504848725726736,0.4373323537753254
1164720.0,4934.477912566061,4238.237745097368,0.0,0.9504847352107729,0.43733372842209034
1164780.0,4934.46605149827,4238.249612889815,0.0,0.950484656496681,0.4373351030756818
1164840.0,4934.4541855676625,4238.261477127363,0.0,0.9504847365542217,0.4373364777448546
1164900.0,4934.4423280754845,4238.27334755865,0.0,0.9504845406255246,0.4373378523886091
1164960.0,4934.430458662277,4238.285209269796,0.0,0.9504847340227215,0.4373392270702138
1165020.0,4934.418591766764,4238.297072843329,0.0,0.9504848448046044,0.4373406017451745
1165080.0,4934.406731622155,4238.308941367504,0.0,0.9504847348762994,0.4373419763995043
1165140.0,4934.3948700306355,4238.320808850408,0.0,0.9504846718792759,0.43734335105954336
1165200.0,4934.38300454708,4238.33267348932,0.0,0.9504847359347238,0.4373447257321393
1165260.0,4934.37114581449,4238.344543086225,0.0,0.9504845791401106,0.43734610038457405
1165320.0,4934.359277541331,4238.356405706217,0.0,0.9504847338923318,0.4373474750674427
1165380.0,4934.347411280726,4238.368269818685,0.0,0.9504848225340424,0.4373488497452408
1165440.0,4934.3355504934825,4238.380137946615,0.0,0.9504847322008431,0.4373502244064133
1165500.0,4934.323686358156,4238.3920036354,0.0,0.9504847510244862,0.43735159907887117
1165560.0,4934.311823577144,4238.403870328081,0.0,0.9504847253683696,0.43735297374788623
1165620.0,4934.299959592361,4238.415736151404,0.0,0.9504847388149645,0.437354348421455
1165680.0,4934.288097300507,4238.427603227421,0.0,0.9504846967022624,0.43735572309057597
1165740.0,4934.276232542307,4238.439468508522,0.0,0.9504847349641037,0.4373570977681345
1165800.0,4934.26437397008,4238.451338338642,0.0,0.9504845707460969,0.4373584724275921
1165860.0,4934.252505388326,4238.4632008434055,0.0,0.9504847334930194,0.4373598471186455
1165920.0,4934.240638923579,4238.475064917215,0.0,0.950484826714977,0.4373612218043023
1165980.0,4934.228778214949,4238.486933213783,0.0,0.950484731718469,0.4373625964724514
1166040.0,4934.216913985782,4238.498798944773,0.0,0.9504847515164467,0.43736397115242354
1166100.0,4934.205051181207,4238.510665731176,0.0,0.9504847245374177,0.43736534582873376
1166160.0,4934.193187111084,4238.522531602928,0.0,0.9504847386806387,0.43736672050979
1166220.0,4934.181324821669,4238.534398791724,0.0,0.950484694395087,0.43736809518612446
1166280.0,4934.169459938928,4238.546264092509,0.0,0.9504847346351906,0.43736946987129255
1166340.0,4934.157601562044,4238.558134176835,0.0,0.950484561938079,0.4373708445373616
1166400.0,4934.1457326590935,4238.569996557097,0.0,0.9504847330924286,0.43737221923663727
1166460.0,4934.133865982985,4238.581860586928,0.0,0.9504848311310992,0.4373735939301739
1166520.0,4934.122005280766,4238.59372899885,0.0,0.950484733838282,0.437374968605498
1166580.0,4934.110143296862,4238.605596490387,0.0,0.9504846780802856,0.43737634328601654
1166640.0,4934.098277868217,4238.61746146522,0.0,0.9504847347654277,0.4373777179776996
1166700.0,4934.086421605575,4238.629333172336,0.0,0.950484491581464,0.4373790926419925
1166760.0,4934.074550521261,4238.641194028546,0.0,0.9504847326268179,0.43738046735288
1166820.0,4934.062682577204,4238.653057203458,0.0,0.9504848707068854,0.43738184205518144
1166880.0,4934.050823047226,4238.664926548094,0.0,0.9504847337111535,0.43738321673166497
1166940.0,4934.038961716687,4238.676794592229,0.0,0.9504846552068321,0.43738459141495994
1167000.0,4934.027095536706,4238.688659090594,0.0,0.950484735050795,0.4373859661137974
1167060.0,4934.015237771913,4238.70052976682,0.0,0.950484539644426,0.437387340787283
1167120.0,4934.003368118897,4238.712391745288,0.0,0.9504847325258201,0.4373887154985232
1167180.0,4933.991500976623,4238.724255581387,0.0,0.9504848430121684,0.4373900902031388
1167240.0,4933.979640566662,4238.736124355431,0.0,0.9504847333768969,0.4373914648871769
1167300.0,4933.967778713751,4238.747992090894,0.0,0.95048467054773,0.43739283957691183
1167360.0,4933.955912979507,4238.759856989669,0.0,0.9504847344322747,0.4373942142791725
1167420.0,4933.944053977635,4238.771726833731,0.0,0.9504845780555455,0.43739558896132497
1167480.0,4933.93218546144,4238.783589718792,0.0,0.9504847323951028,0.43739696367383496
1167540.0,4933.9203189522395,4238.795454092519,0.0,0.9504848208003627,0.4373983383812896
1167600.0,4933.908457901328,4238.8073224714135,0.0,0.9504847307078991,0.43739971307216163
1167660.0,4933.896593511533,4238.819188417433,0.0,0.9504847494812423,0.4374010877742918
1167720.0,4933.884730472311,4238.8310553647825,0.0,0.9504847238934168,0.4374024624729898
1167780.0,4933.872866232618,4238.84292144502,0.0,0.9504847373040488,0.43740383717623094
1167840.0,4933.861003681181,4238.854788774747,0.0,0.9504846953035099,0.4374052118750371
1167900.0,4933.8491386701735,4238.866654314179,0.0,0.9504847334632298,0.43740658658226095
1167960.0,4933.837279828089,4238.878524390977,0.0,0.9504845696829729,0.4374079612714321
1168020.0,4933.8254110040225,4238.890387161221,0.0,0.9504847319958427,0.43740933599211895
1168080.0,4933.813544291115,4238.902251496503,0.0,0.9504848249691351,0.43741071070742543
1168140.0,4933.801683318474,4238.914120043716,0.0,0.9504847302257985,0.4374120854052695
1168200.0,4933.789818834973,4238.925986031948,0.0,0.950484749970881,0.4374134601149083
1168260.0,4933.777955772125,4238.937853072897,0.0,0.9504847230636669,0.43741483482089566
1168320.0,4933.766091447202,4238.949719201554,0.0,0.9504847371690689,0.43741620953161864
1168380.0,4933.754228898067,4238.961586643888,0.0,0.9504846930014715,0.4374175842376333
1168440.0,4933.742363762733,4238.973452203069,0.0,0.950484733134182,0.43741895895246025
1168500.0,4933.730505115331,4238.985322533539,0.0,0.9504845608972732,0.4374203336482392
1168560.0,4933.71863597082,4238.997185179714,0.0,0.9504847315953072,0.437421708377141
1168620.0,4933.706769047005,4239.009049471244,0.0,0.9504848293725618,0.43742308310032046
1168680.0,4933.694908080631,4239.020918133631,0.0,0.9504847323389479,0.43742445780533473
1168740.0,4933.683045836081,4239.032785878016,0.0,0.9504846767293993,0.43742583251553213
1168800.0,4933.671180156258,4239.044651112155,0.0,0.9504847332633983,0.43742720723686634
1168860.0,4933.659323617203,4239.056523061336,0.0,0.9504844907272914,0.4374285819308825
1168920.0,4933.6474522972385,4239.068384187434,0.0,0.9504847311302619,0.4374299566713752
1168980.0,4933.635584108875,4239.080247626311,0.0,0.9504848688423095,0.43743133140330587
1169040.0,4933.623724311436,4239.092117219098,0.0,0.9504847322114837,0.43743270610948526
1169100.0,4933.611862718368,4239.103985514739,0.0,0.9504846539162402,0.4374340808224608
1169160.0,4933.599996289196,4239.11585027371,0.0,0.9504847335473303,0.43743545555094
1169220.0,4933.588138252042,4239.127721194711,0.0,0.9504845386615489,0.4374368302541335
1169280.0,4933.576268359356,4239.139583440269,0.0,0.950484731028859,0.4374382049949869
1169340.0,4933.564400970484,4239.151447538715,0.0,0.9504848412207139,0.43743957972923453
1169400.0,4933.5525402954,4239.163316562453,0.0,0.9504847318774431,0.4374409544429578
1169460.0,4933.540678181313,4239.1751845502895,0.0,0.9504846692155933,0.43744232916236564
1169520.0,4933.528812196565,4239.187049708717,0.0,0.9504847329297835,0.437443703894268
1169580.0,4933.516952925651,4239.198919799766,0.0,0.9504845769696448,0.4374450786061151
1169640.0,4933.505084166574,4239.21078294967,0.0,0.9504847308978155,0.4374464533482435
1169700.0,4933.493217408951,4239.22264758444,0.0,0.9504848190674238,0.4374478280853318
1169760.0,4933.481356094594,4239.234516214115,0.0,0.950484729214882,0.4374492028058807
1169820.0,4933.4694914505235,4239.246382417169,0.0,0.9504847479380949,0.4374505775376605
1169880.0,4933.4576281533,4239.258249618998,0.0,0.9504847224183306,0.4374519522660179
1169940.0,4933.445763658892,4239.270115955949,0.0,0.9504847357931204,0.43745332699890876
1170000.0,4933.43390084808,4239.281983539204,0.0,0.9504846939043665,0.43745470172737744
1170060.0,4933.422035584449,4239.293849336761,0.0,0.9504847319623098,0.43745607646424356
1170120.0,4933.410176472756,4239.305719660071,0.0,0.9504845686182515,0.43745745118310525
1170180.0,4933.398307406528,4239.317582695567,0.0,0.950484730498607,0.437458825933403
1170240.0,4933.386440445632,4239.329447292105,0.0,0.9504848232240843,0.43746020067833635
1170300.0,4933.374579209204,4239.341316089785,0.0,0.9504847287330536,0.4374615754058526
1170360.0,4933.362714471558,4239.353182335056,0.0,0.9504847484254221,0.437462950145135
1170420.0,4933.350851150646,4239.365049630357,0.0,0.9504847215897768,0.4374643248807768
1170480.0,4933.338986571113,4239.37691601572,0.0,0.9504847356574898,0.43746569962114334
1170540.0,4933.327123762473,4239.388783711406,0.0,0.9504846916074403,0.4374670743568153
1170600.0,4933.315258374732,4239.400649528775,0.0,0.9504847316331264,0.4374684491012786
1170660.0,4933.303399457057,4239.41252010522,0.0,0.9504845598549847,0.4374698238267444
1170720.0,4933.291530071139,4239.424383017076,0.0,0.9504847300981272,0.43747119858524935
1170780.0,4933.279662899789,4239.436247570091,0.0,0.9504848276147079,0.4374725733380487
1170840.0,4933.267801669487,4239.448116482759,0.0,0.9504847308395612,0.4374739480727297
1170900.0,4933.2559391645,4239.459984479799,0.0,0.9504846753781349,0.437475322812583
1170960.0,4933.244073233685,4239.471849973037,0.0,0.9504847317613225,0.4374766975635454
1171020.0,4933.232216418464,4239.483722164112,0.0,0.950484489871601,0.43747807228726165
1171080.0,4933.220344863005,4239.495583559876,0.0,0.9504847296336473,0.4374794470573367
1171140.0,4933.2084764305055,4239.507447262503,0.0,0.9504848669784894,0.4374808218188737
1171200.0,4933.196616365833,4239.519317103258,0.0,0.950484730711762,0.43748219655472587
1171260.0,4933.184754510451,4239.531185650217,0.0,0.9504846526250823,0.43748357129735893
1171320.0,4933.172887832263,4239.543050669581,0.0,0.9504847320438237,0.43748494605545685
1171380.0,4933.161029522989,4239.554921835189,0.0,0.9504845376773139,0.43748632078833516
1171440.0,4933.149159390791,4239.566784347617,0.0,0.9504847295318396,0.43748769555877864
1171500.0,4933.137291755499,4239.578648708198,0.0,0.9504848394298535,0.43748907032263545
1171560.0,4933.125430815512,4239.590517981441,0.0,0.9504847303779371,0.4374904450660211
1171620.0,4933.113568440462,4239.602386221462,0.0,0.9504846678829255,0.43749181981507895
1171680.0,4933.101702205395,4239.614251639339,0.0,0.9504847314272491,0.4374931945766002
1171740.0,4933.089846243846,4239.626124604032,0.0,0.9504844588434436,0.4374945693072629
1171800.0,4933.07797367224,4239.63798540247,0.0,0.950484729040106,0.4374959440901173
1171860.0,4933.0661046211935,4239.649848799278,0.0,0.9504848838213162,0.43749731886319304
1171920.0,4933.054245000154,4239.6617191130135,0.0,0.9504847302656146,0.43749869360727023
1171980.0,4933.04238336255,4239.673587967346,0.0,0.950484642273904,0.43750006835883276
1172040.0,4933.030516290695,4239.685452845766,0.0,0.9504847317772992,0.4375014431277674
1172100.0,4933.018652523332,4239.697320158962,0.0,0.950484713026385,0.43750281788724943
1172160.0,4933.006787399491,4239.709186489971,0.0,0.9504847383874618,0.4375041926517366
1172220.0,4932.994923455002,4239.721053697579,0.0,0.950484724969136,0.4375055674133471
1172280.0,4932.983057817428,4239.732919677073,0.0,0.9504847666507411,0.4375069421810622
1172340.0,4932.971194611896,4239.744787450469,0.0,0.9504847286223382,0.4375083169419446
1172400.0,4932.95932525243,4239.7566507318115,0.0,0.9504848913996432,0.4375096917231881
1172460.0,4932.9474658099725,4239.768521287315,0.0,0.9504847299154398,0.437511066473913
1172520.0,4932.9356042473955,4239.780390307454,0.0,0.9504846373813793,0.4375124412324461
1172580.0,4932.923736970228,4239.7922551460315,0.0,0.9504847315094974,0.43751381600922623
1172640.0,4932.911873168532,4239.804122544807,0.0,0.9504847117923045,0.43751519077601997
1172700.0,4932.900007940689,4239.81598891029,0.0,0.9504847384653548,0.43751656554803603
1172760.0,4932.888143953448,4239.8278561973,0.0,0.9504847243561623,0.4375179403169841
1172820.0,4932.876278186098,4239.839722192355,0.0,0.9504847681926484,0.43751931509230835
1172880.0,4932.864414976684,4239.85159007366,0.0,0.9504847282023404,0.4375206898604068
1172940.0,4932.852545296183,4239.863453230253,0.0,0.9504848993888328,0.4375220646498561
1173000.0,4932.840686044839,4239.875324036707,0.0,0.9504847295665264,0.4375234394071881
1173060.0,4932.828824564474,4239.887193227904,0.0,0.950484632255473,0.437524814172668
1173120.0,4932.81695715405,4239.899058079038,0.0,0.9504847286610176,0.43752618895704254
1173180.0,4932.805090993209,4239.910923864405,0.0,0.9504847838751559,0.43752756373871804
1173240.0,4932.793228240155,4239.922792154014,0.0,0.9504847275757146,0.43752893851019525
1173300.0,4932.781356378554,4239.934653785678,0.0,0.9504849686663903,0.43753031331124825
1173360.0,4932.769499205076,4239.946526188992,0.0,0.9504847295308226,0.43753168806690185
1173420.0,4932.757638896962,4239.9583963132445,0.0,0.950484592509316,0.43753306283352744
1173480.0,4932.7457702394095,4239.970260324027,0.0,0.9504847282896284,0.437534437626593
1173540.0,4932.733903345895,4239.982125646134,0.0,0.950484806062041,0.4375358124153549
1173600.0,4932.722041252882,4239.993994493353,0.0,0.9504847267952394,0.437537187189575
1173660.0,4932.710170801045,4240.0058572273265,0.0,0.9504849205032739,0.4375385619907336
1173720.0,4932.698312123602,4240.017728602247,0.0,0.9504847291335166,0.43753993675587766
1173780.0,4932.68645093567,4240.029598155505,0.0,0.9504846194776413,0.43754131153004744
1173840.0,4932.674583065718,4240.041462817264,0.0,0.9504847281236521,0.4375426863254582
1173900.0,4932.66271660525,4240.053328530511,0.0,0.9504847903504734,0.4375440611176706
1173960.0,4932.650853985432,4240.0651970654335,0.0,0.9504847269111759,0.437545435898334
1174020.0,4932.638981102693,4240.077058095854,0.0,0.9504849986047053,0.43754681071217477
1174080.0,4932.627124772171,4240.0889312649415,0.0,0.9504847291249785,0.4375481854747997
1174140.0,4932.615264910636,4240.100801864286,0.0,0.9504845747189772,0.43754956024963304
1174200.0,4932.6033956407355,4240.112665573597,0.0,0.9504847277368264,0.43755093505421033
1174260.0,4932.591528360044,4240.124530759354,0.0,0.9504848153848884,0.437552309853781
1174320.0,4932.5796664894315,4240.136399917258,0.0,0.9504847260633446,0.4375536846369078
1174380.0,4932.567801309361,4240.148266662403,0.0,0.950484744675607,0.4375550594312055
1174440.0,4932.555937467898,4240.160134400659,0.0,0.9504847193064792,0.43755643422210344
1174500.0,4932.544072436517,4240.172001278996,0.0,0.9504847326019414,0.4375578090175122
1174560.0,4932.53220907844,4240.183869396561,0.0,0.9504846909606002,0.43755918380852754
1174620.0,4932.520343282463,4240.195735738635,0.0,0.9504847287932817,0.4375605586078958
1174680.0,4932.508483600885,4240.207606580705,0.0,0.9504845664147095,0.4375619333893665
1174740.0,4932.496614025419,4240.2194701765175,0.0,0.9504847273377345,0.43756330820209677
1174800.0,4932.484746542408,4240.231335324521,0.0,0.9504848195147138,0.43756468300949797
1174860.0,4932.472884748961,4240.243204649728,0.0,0.9504847255821216,0.4375660577995827
1174920.0,4932.461019475601,4240.255071437109,0.0,0.9504847451578069,0.4375674326013702
1174980.0,4932.44915561031,4240.266939268563,0.0,0.9504847184805816,0.43756880739954107
1175040.0,4932.43729049404,4240.278806195296,0.0,0.9504847324648684,0.4375701822024131
1175100.0,4932.425427137836,4240.29067442491,0.0,0.9504846886750142,0.4375715570006205
1175160.0,4932.413561218219,4240.302540786945,0.0,0.9504847284638007,0.4375729318075726
1175220.0,4932.40170172919,4240.314411880966,0.0,0.9504845577010876,0.4375743065956399
1175280.0,4932.3898318357,4240.3262753541085,0.0,0.9504847269373785,0.4375756814165606
1175340.0,4932.377964143231,4240.3381404590955,0.0,0.9504848238771963,0.43757705623181303
1175400.0,4932.36610235559,4240.3500098989,0.0,0.9504847276739306,0.4375784310290517
1175460.0,4932.354239300986,4240.361878428337,0.0,0.9504846725401264,0.43757980583143824
1175520.0,4932.342372841414,4240.373744468261,0.0,0.9504847285897439,0.43758118064487256
1175580.0,4932.33051544184,4240.385617167883,0.0,0.9504844881298045,0.4375825554312201
1175640.0,4932.3186433918345,4240.397479133747,0.0,0.9504847264741486,0.43758393026366527
1175700.0,4932.306774445711,4240.409343393367,0.0,0.9504848630067655,0.4375853050876259
1175760.0,4932.294913816407,4240.421213756142,0.0,0.9504847275453907,0.43758667988604893
1175820.0,4932.283051407259,4240.433082832535,0.0,0.9504846499201304,0.4375880546912195
1175880.0,4932.2711842046765,4240.44494840146,0.0,0.9504847288690782,0.43758942951176893
1175940.0,4932.259325319975,4240.456820081621,0.0,0.9504845356514846,0.4375908043072454
1176000.0,4932.247454684372,4240.4686831579575,0.0,0.9504847263714473,0.4375921791400768
1176060.0,4932.235586530409,4240.480548071954,0.0,0.9504848356194813,0.43759355396636396
1176120.0,4932.223725030934,4240.492417870621,0.0,0.9504847272120436,0.4375949287722976
1176180.0,4932.211862105092,4240.504286642,0.0,0.9504846650863182,0.43759630358387636
1176240.0,4932.199995342742,4240.51615260734,0.0,0.9504847282546522,0.4375976784078496
1176300.0,4932.188138791252,4240.52802607651,0.0,0.9504844572823635,0.4375990532011441
1176360.0,4932.17626573092,4240.539887448803,0.0,0.9504847258811256,0.43760042804633614
1176420.0,4932.164396169644,4240.551751404697,0.0,0.9504848797469008,0.4376018028818098
1176480.0,4932.152535980891,4240.563622238096,0.0,0.9504847270988893,0.43760317768845103
1176540.0,4932.140673787812,4240.575491620458,0.0,0.9504846396271769,0.4376045525025401
1176600.0,4932.128806193585,4240.587357049589,0.0,0.9504847286011376,0.4376059273339046
1176660.0,4932.1169479736045,4240.599229364805,0.0,0.9504845108667712,0.43760730213689897
1176720.0,4932.105076512541,4240.611091983132,0.0,0.9504847257970884,0.437608676981899
1176780.0,4932.093207849341,4240.622956671063,0.0,0.9504848489155364,0.4376100518193676
1176840.0,4932.081346685416,4240.634826863329,0.0,0.9504847267549348,0.437611426633846
1176900.0,4932.069483915494,4240.646695896541,0.0,0.9504846567498381,0.43761280145452974
1176960.0,4932.057616822761,4240.658561766998,0.0,0.9504847279404318,0.4376141762891257
1177020.0,4932.045757229855,4240.670433149487,0.0,0.9504845536962868,0.43761555110119765
1177080.0,4932.033887040053,4240.6822967734215,0.0,0.9504847256799352,0.4376169259470282
1177140.0,4932.022019087013,4240.694162055646,0.0,0.9504848241936549,0.43761830078707703
1177200.0,4932.010157134256,4240.706031743347,0.0,0.9504847264297899,0.43761967560881093
1177260.0,4931.998293894247,4240.71790050565,0.0,0.9504846704018617,0.4376210504357558
1177320.0,4931.986427194323,4240.729766737761,0.0,0.9504847273618156,0.43762242527392153
1177380.0,4931.97456970095,4240.741639738046,0.0,0.9504844829999197,0.4376238000845377
1177440.0,4931.962697320502,4240.753501829391,0.0,0.9504847252132337,0.4376251749419971
1177500.0,4931.9508280942655,4240.765366251733,0.0,0.9504848639624233,0.43762654979081256
1177560.0,4931.938967319276,4240.777236876743,0.0,0.9504847263032107,0.43762792461366623
1177620.0,4931.927104735869,4240.7891061942055,0.0,0.9504846474187576,0.437629299443357
1177680.0,4931.915237281645,4240.80097194691,0.0,0.9504847276497307,0.4376306742886702
1177740.0,4931.903378279822,4240.812843910428,0.0,0.9504845312968242,0.4376320491084859
1177800.0,4931.891507337344,4240.824707129638,0.0,0.9504847251129116,0.4376334239662543
1177860.0,4931.879638916779,4240.836572216312,0.0,0.9504848361347134,0.4376347988173507
1177920.0,4931.8677772582805,4240.848442267289,0.0,0.9504847259684998,0.4376361736477544
1177980.0,4931.855914150546,4240.860311274038,0.0,0.9504846628351354,0.4376375484838742
1178040.0,4931.844047144377,4240.872177428903,0.0,0.950484727029379,0.43763892333258353
1178100.0,4931.832186900364,4240.884048555417,0.0,0.9504845698952,0.4376402981610675
1178160.0,4931.820317100074,4240.895912685672,0.0,0.950484724982726,0.4376416730200665
1178220.0,4931.808449315728,4240.907778312453,0.0,0.9504848138165363,0.4376430478739716
1178280.0,4931.7965870138,4240.919647965781,0.0,0.9504847232877359,0.43764442271120035
1178340.0,4931.784721358309,4240.931515173158,0.0,0.9504847421522332,0.43764579755974026
1178400.0,4931.772857059414,4240.943383387156,0.0,0.9504847164406242,0.43764717240482165
1178460.0,4931.760991554804,4240.955250729338,0.0,0.9504847299164281,0.43764854725446345
1178520.0,4931.749127745965,4240.967119327625,0.0,0.9504846877125704,0.4376499220996384
1178580.0,4931.737261466749,4240.9789861259815,0.0,0.9504847260573881,0.4376512969532693
1178640.0,4931.725401383782,4240.990857485868,0.0,0.9504845614837016,0.4376526717887386
1178700.0,4931.713531274788,4241.002721500102,0.0,0.9504847245832792,0.4376540466558905
1178760.0,4931.7016632863615,4241.014587087646,0.0,0.9504848180072503,0.43765542151762155
1178820.0,4931.689801063578,4241.026456909604,0.0,0.9504847228050471,0.4376567963617915
1178880.0,4931.677935314491,4241.03832415883,0.0,0.9504847426459959,0.43765817121781186
1178940.0,4931.66607099239,4241.050192466339,0.0,0.9504847156085998,0.43765954607015384
1179000.0,4931.654205402699,4241.062059856614,0.0,0.9504847297825437,0.43766092092724923
1179060.0,4931.642341596699,4241.073928567524,0.0,0.9504846854011172,0.43766229577960303
1179120.0,4931.630475193134,4241.085795385149,0.0,0.9504847257284933,0.43766367064081
1179180.0,4931.618615306233,4241.097666999474,0.0,0.9504845526572858,0.4376650454828544
1179240.0,4931.606744875907,4241.1095308883905,0.0,0.9504847241825514,0.43766642035819736
1179300.0,4931.59487667617,4241.121396431365,0.0,0.9504848224336936,0.43766779522777544
1179360.0,4931.583014460203,4241.133266368526,0.0,0.9504847249301833,0.43766917007908607
1179420.0,4931.571150960505,4241.145135382681,0.0,0.9504846690514341,0.4376705449355965
1179480.0,4931.559284010403,4241.157001873138,0.0,0.9504847258595007,0.4376719198033
1179540.0,4931.547426241505,4241.168875114433,0.0,0.9504844821485802,0.4376732946435264
1179600.0,4931.53555362648,4241.180737474766,0.0,0.9504847237164188,0.43767466953047746
1179660.0,4931.523684156966,4241.192602160138,0.0,0.9504848620957634,0.4376760444088086
1179720.0,4931.511823115445,4241.20447303228,0.0,0.9504847248032663,0.4376774192612452
1179780.0,4931.499960270456,4241.216342600244,0.0,0.9504846461289492,0.43767879412050326
1179840.0,4931.488092568045,4241.2282086126015,0.0,0.9504847261459723,0.43768016899534484
1179900.0,4931.476233294763,4241.240080819855,0.0,0.950484530316307,0.43768154384475544
1179960.0,4931.464362113668,4241.251944305241,0.0,0.9504847236156898,0.43768291873202325
1180020.0,4931.4524934475285,4241.263809653318,0.0,0.9504848343414583,0.4376842936126382
1180080.0,4931.440631524835,4241.2756799529725,0.0,0.9504847244687729,0.437685668472614
1180140.0,4931.428768156879,4241.287549211099,0.0,0.9504846615035356,0.43768704333829356
1180200.0,4931.416900901208,4241.299415624659,0.0,0.9504847255266001,0.43768841821653137
1180260.0,4931.4050403890715,4241.3112869971355,0.0,0.9504845688110393,0.43768979307459677
1180320.0,4931.393170346936,4241.323151391302,0.0,0.9504847234851763,0.437691167963101
1180380.0,4931.38130231518,4241.335017278178,0.0,0.9504848120821178,0.4376925428465263
1180440.0,4931.369439750748,4241.346887181279,0.0,0.9504847217944785,0.4376939177133185
1180500.0,4931.357573841967,4241.358754644715,0.0,0.950484740608593,0.4376952925913945
1180560.0,4931.345709286034,4241.370623112205,0.0,0.9504847149653876,0.43769666746602226
1180620.0,4931.333843527689,4241.382490710126,0.0,0.9504847284051692,0.4376980423452003
1180680.0,4931.3219794604365,4241.394359560945,0.0,0.9504846863136618,0.4376994172199243
1180740.0,4931.31011292959,4241.40622661646,0.0,0.9504847245561876,0.43770079210308405
1180800.0,4931.298252577926,4241.418098221828,0.0,0.9504845604209322,0.4377021669681307
1180860.0,4931.28638222781,4241.42996250039,0.0,0.9504847230857819,0.43770354186478
1180920.0,4931.274513992407,4241.441828348243,0.0,0.9504848162607014,0.4377049167560244
1180980.0,4931.262651506778,4241.453698419656,0.0,0.9504847213120632,0.4377062916297533
1181040.0,4931.250785504535,4241.465565924948,0.0,0.9504847411000343,0.4377076665153039
1181100.0,4931.238920925337,4241.477434485823,0.0,0.9504847141345653,0.43770904139718686
1181160.0,4931.22705508202,4241.489302131827,0.0,0.9504847282706311,0.4377104162838125
1181220.0,4931.215191017473,4241.501171095091,0.0,0.9504846840073408,0.43771179116571024
1181280.0,4931.203324362495,4241.513038169939,0.0,0.9504847242271582,0.43771316605643984
1181340.0,4931.191464206236,4241.52491002921,0.0,0.9504845516168887,0.43771454092805784
1181400.0,4931.179593535544,4241.536774182884,0.0,0.9504847226851096,0.4377159158328901
1181460.0,4931.167725089284,4241.548639986393,0.0,0.950484820674428,0.43771729073197463
1181520.0,4931.155862610333,4241.5605101728315,0.0,0.950484723430525,0.437718665612839
1181580.0,4931.143998851159,4241.572379438648,0.0,0.9504846677005079,0.4377200404988922
1181640.0,4931.132131651062,4241.584246187241,0.0,0.9504847243571423,0.43772141539611054
1181700.0,4931.120273606898,4241.596119669389,0.0,0.9504844812952815,0.437722790265924
1181760.0,4931.108400757427,4241.607982298472,0.0,0.9504847222195439,0.43772416518234364
1181820.0,4931.096531044797,4241.619847246653,0.0,0.9504848602302385,0.4377255400901677
1181880.0,4931.084669736974,4241.631718365754,0.0,0.9504847233032722,0.4377269149721639
1181940.0,4931.072806630626,4241.643588184039,0.0,0.9504846448383435,0.4377282898609664
1182000.0,4931.060938680203,4241.655454455835,0.0,0.9504847246421783,0.43772966476531355
1182060.0,4931.049079135721,4241.667326906666,0.0,0.9504845293338463,0.43773103964429605
1182120.0,4931.037207716151,4241.679190657987,0.0,0.9504847221184086,0.43773241456104056
1182180.0,4931.0253388046,4241.691056267249,0.0,0.950484832549219,0.4377337894711513
1182240.0,4931.01347661795,4241.702926815408,0.0,0.9504847229689949,0.4377351643606763
1182300.0,4931.001612989987,4241.7147963247235,0.0,0.9504846601713928,0.4377365392558926
1182360.0,4930.989745484993,4241.726662996769,0.0,0.950484724023779,0.43773791416363594
1182420.0,4930.977884704972,4241.738534615032,0.0,0.9504845677256366,0.43773928905125986
1182480.0,4930.966014421154,4241.75039927289,0.0,0.9504847219875691,0.43774066396924627
1182540.0,4930.954146142162,4241.762265419648,0.0,0.9504848103483436,0.43774203888216895
1182600.0,4930.942283315451,4241.774135572342,0.0,0.9504847203011506,0.4377434137785017
1182660.0,4930.930417153572,4241.78600329164,0.0,0.9504847390650263,0.437744788686091
1182720.0,4930.918552340807,4241.7978720124265,0.0,0.9504847134900295,0.4377461635902424
1182780.0,4930.906686328926,4241.809739865889,0.0,0.9504847268938914,0.4377475384989337
1182840.0,4930.894822003472,4241.821608969051,0.0,0.9504846849144092,0.43774891340318406
1182900.0,4930.8829552211855,4241.833476281523,0.0,0.9504847230549396,0.43775028831585
1182960.0,4930.871094601063,4241.8453481322,0.0,0.9504845593568569,0.43775166321045106
1183020.0,4930.859224009985,4241.857212674861,0.0,0.9504847215882265,0.437753038136575
1183080.0,4930.847355527782,4241.86907878281,0.0,0.9504848145147897,0.4377544130573099
1183140.0,4930.835492779529,4241.880949103501,0.0,0.9504847198190092,0.4377557879605748
1183200.0,4930.823626524319,4241.892816864662,0.0,0.9504847395541446,0.4377571628756328
1183260.0,4930.811761688227,4241.904685678713,0.0,0.9504847126604092,0.43775853778703394
1183320.0,4930.79989559148,4241.9165535802495,0.0,0.9504847267586993,0.43775991270316716
1183380.0,4930.7880312685975,4241.928422795683,0.0,0.9504846826132268,0.437761287614586
1183440.0,4930.776164362395,4241.940290127552,0.0,0.9504847227257748,0.4377626625348157
1183500.0,4930.764303937016,4241.952162231596,0.0,0.9504845505752184,0.4377640374359846
1183560.0,4930.752433026117,4241.964026649799,0.0,0.9504847211876096,0.4377654123702838
1183620.0,4930.7405643335105,4241.975892713631,0.0,0.9504848189157619,0.437766787298852
1183680.0,4930.728701591792,4241.98776314916,0.0,0.9504847219308143,0.437768162209247
1183740.0,4930.71683757335,4241.999632666449,0.0,0.9504846663491726,0.43776953712481986
1183800.0,4930.704970123442,4242.011499672976,0.0,0.9504847228547374,0.43777091205153024
1183860.0,4930.69311180426,4242.023373395809,0.0,0.950484480440428,0.43777228695090764
1183920.0,4930.681238720496,4242.035236293411,0.0,0.95048472072261,0.4377736618967734
1183980.0,4930.669368764921,4242.047101504186,0.0,0.9504848583654238,0.4377750368340675
1184040.0,4930.657507191025,4242.0589728700625,0.0,0.9504847218032255,0.43777641174560017
1184100.0,4930.645643823528,4242.070842938478,0.0,0.950484643547298,0.4377777866639241
1184160.0,4930.633775625277,4242.082709469501,0.0,0.9504847231383384,0.43777916159775365
1184220.0,4930.621915809822,4242.094582163733,0.0,0.9504845283503889,0.4377805365062849
1184280.0,4930.610044151939,4242.106446180777,0.0,0.9504847206210698,0.43778191145248324
1184340.0,4930.598174995156,4242.118312051014,0.0,0.9504848307575089,0.437783286392067
1184400.0,4930.586312544764,4242.130182847491,0.0,0.9504847214691644,0.4377846613111179
1184460.0,4930.574448657005,4242.1420526078045,0.0,0.9504846588387603,0.4377860362358481
1184520.0,4930.562580902874,4242.153919538133,0.0,0.9504847225209133,0.4377874111730741
1184580.0,4930.5507198552,4242.16579140201,0.0,0.9504845666390813,0.4377887860902337
1184640.0,4930.538849329861,4242.177656323335,0.0,0.9504847204899038,0.43779016103767954
1184700.0,4930.526980803812,4242.1895227297655,0.0,0.950484808615126,0.4377915359800767
1184760.0,4930.5151177150365,4242.201393131865,0.0,0.950484718807754,0.4377929109059269
1184820.0,4930.503251300253,4242.213261106822,0.0,0.9504847375215223,0.4377942858430066
1184880.0,4930.49138623086,4242.225130080713,0.0,0.9504847120145553,0.43779566077665855
1184940.0,4930.479519965635,4242.236998189517,0.0,0.9504847253825917,0.43779703571484035
1185000.0,4930.467655382181,4242.2488675448285,0.0,0.9504846835148473,0.43779841064859387
1185060.0,4930.455788348642,4242.260735114052,0.0,0.9504847215536432,0.43779978559074295
1185120.0,4930.443927460296,4242.272607209864,0.0,0.950484558291625,0.43780116051487544
1185180.0,4930.432056628416,4242.284472016405,0.0,0.9504847200906134,0.437802535470451
1185240.0,4930.420187899589,4242.296338384238,0.0,0.9504848127694605,0.4378039104206536
1185300.0,4930.40832488893,4242.308208954019,0.0,0.9504847183258845,0.4378052853534313
1185360.0,4930.396458380948,4242.320076970847,0.0,0.9504847380083267,0.43780666029797377
1185420.0,4930.384593288169,4242.3319460378725,0.0,0.9504847111861331,0.4378080352388701
1185480.0,4930.372726938188,4242.343814194741,0.0,0.9504847252467484,0.43780941018448793
1185540.0,4930.3608623571745,4242.355683662149,0.0,0.9504846812187783,0.43781078512540483
1185600.0,4930.3489951999345,4242.367551250835,0.0,0.950484721224344,0.4378121600751113
1185660.0,4930.337134505672,4242.37942359948,0.0,0.9504845495323001,0.4378135350058079
1185720.0,4930.325263354723,4242.391288281997,0.0,0.9504847196900519,0.43781490996955114
1185780.0,4930.3133944159445,4242.40315460594,0.0,0.95048481715772,0.43781628492758007
1185840.0,4930.301531411678,4242.41502529038,0.0,0.9504847204310515,0.437817659867483
1185900.0,4930.2896671341805,4242.426895058951,0.0,0.9504846649973713,0.43781903481255274
1185960.0,4930.277799434648,4242.438762323205,0.0,0.9504847213522882,0.43782040976873243
1186020.0,4930.265940840706,4242.450636286564,0.0,0.9504844795836948,0.43782178469765093
1186080.0,4930.254067522785,4242.46249945245,0.0,0.9504847192256164,0.43782315967293983
1186140.0,4930.242197324429,4242.474364925599,0.0,0.950484856501602,0.4378245346396811
1186200.0,4930.230335484689,4242.486236538077,0.0,0.950484720303128,0.4378259095807275
1186260.0,4930.218471856263,4242.498106856438,0.0,0.9504846422555537,0.4378272845285499
1186320.0,4930.206603410363,4242.509973646485,0.0,0.9504847216344593,0.43782865949183936
1186380.0,4930.194743324187,4242.5218465839525,0.0,0.9504845273652814,0.43783003442989643
1186440.0,4930.182871428141,4242.5337108664835,0.0,0.9504847191236717,0.43783140940552573
1186500.0,4930.1710020262935,4242.545576997478,0.0,0.9504848289666215,0.4378327843745595
1186560.0,4930.15913931239,4242.55744804209,0.0,0.9504847199692824,0.4378341593231136
1186620.0,4930.147275165047,4242.569318053215,0.0,0.9504846575056323,0.4378355342773346
1186680.0,4930.135407161962,4242.581185241617,0.0,0.9504847210180041,0.4378369092440204
1186740.0,4930.123549421104,4242.593059978265,0.0,0.9504844485710907,0.43783828417983145
1186800.0,4930.111675088534,4242.604922546238,0.0,0.9504847186319978,0.43783965916784745
1186860.0,4930.099804272683,4242.616787713037,0.0,0.9504848733353887,0.43784103414607484
1186920.0,4930.08794287645,4242.628659798104,0.0,0.9504847198568276,0.4378424090952926
1186980.0,4930.07607946592,4242.640530423422,0.0,0.9504846319093225,0.437843784051991
1187040.0,4930.064210627154,4242.652397072024,0.0,0.9504847213676897,0.43784515902606425
1187100.0,4930.052345089266,4242.664266155837,0.0,0.9504847026261621,0.43784653399067713
1187160.0,4930.040478196424,4242.676134257235,0.0,0.9504847279744718,0.4378479089602921
1187220.0,4930.028612481664,4242.688003235365,0.0,0.9504847145628512,0.4378492839270247
1187280.0,4930.016745075718,4242.699870985097,0.0,0.9504847562235124,0.4378506588998592
1187340.0,4930.00488009916,4242.711740529047,0.0,0.9504847182141566,0.43785203386585436
1187400.0,4929.993008975498,4242.723605579998,0.0,0.9504848809098028,0.43785340885220997
1187460.0,4929.981147757924,4242.735477906527,0.0,0.9504847195065468,0.43785478380803544
1187520.0,4929.969284422616,4242.7473486973295,0.0,0.9504846270188594,0.4378561587716644
1187580.0,4929.957415379031,4242.759215305723,0.0,0.9504847210997427,0.4378575337535435
1187640.0,4929.945549807123,4242.771084474778,0.0,0.9504847013924005,0.4378589087254281
1187700.0,4929.933682810666,4242.7829526103005,0.0,0.950484728052053,0.4378602837025321
1187760.0,4929.921817053474,4242.794821667493,0.0,0.9504847139498978,0.4378616586765627
1187820.0,4929.909949518167,4242.806689432431,0.0,0.9504847577644044,0.43786303365696655
1187880.0,4929.898084538008,4242.8185590839585,0.0,0.9504847177940866,0.43786440863013804
1187940.0,4929.886213093935,4242.830424009776,0.0,0.9504848888948003,0.43786578362465983
1188000.0,4929.874352067542,4242.84229658695,0.0,0.9504847191575264,0.4378671585870524
1188060.0,4929.862488814628,4242.85416754849,0.0,0.950484621895219,0.4378685335575882
1188120.0,4929.850619638207,4242.8660341690875,0.0,0.950484718252409,0.4378699085470222
1188180.0,4929.838751710036,4242.877901724044,0.0,0.9504847734388662,0.43787128353374927
1188240.0,4929.826887185913,4242.889771783721,0.0,0.950484717167587,0.4378726585102725
1188300.0,4929.815013563325,4242.901635184069,0.0,0.950484958137476,0.4378740335163736
1188360.0,4929.8031546126895,4242.913509358183,0.0,0.9504847191216527,0.43787540847705936
1188420.0,4929.791292530917,4242.925381252726,0.0,0.9504845821687753,0.43787678344871334
1188480.0,4929.7794221089225,4242.937247032567,0.0,0.9504847178810181,0.4378781584468128
1188540.0,4929.767553449069,4242.949114123934,0.0,0.9504847956144111,0.43787953344060027
1188600.0,4929.755689584442,4242.96098474109,0.0,0.9504847163873149,0.4378809084198392
1188660.0,4929.743817370235,4242.972849243744,0.0,0.9504849099983294,0.43788228342601965
1188720.0,4929.731956917475,4242.9847223890265,0.0,0.950484718724358,0.43788365839617055
1188780.0,4929.720093957038,4242.996593712224,0.0,0.9504846091233605,0.437885033375343
1188840.0,4929.708224321958,4243.0084601429335,0.0,0.9504847177149369,0.4378864083757604
1188900.0,4929.696356094855,4243.020327625279,0.0,0.950484779910574,0.43788778337297146
1188960.0,4929.68449170419,4243.032197929837,0.0,0.9504847165030047,0.4378891583586277
1189020.0,4929.67261706195,4243.044060728345,0.0,0.9504849880605504,0.4378905333774642
1189080.0,4929.660758953707,4243.055935667911,0.0,0.9504847187156367,0.43789190834506714
1189140.0,4929.64889731839,4243.067808037169,0.0,0.9504845643868427,0.43789328332487515
1189200.0,4929.637026285083,4243.079673515,0.0,0.9504847173281168,0.4378946583344336
1189260.0,4929.625157238843,4243.091540469513,0.0,0.9504848049322616,0.4378960333389771
1189320.0,4929.613293596735,4243.10341139694,0.0,0.9504847156554103,0.43789740832706925
1189380.0,4929.601426648848,4243.115279911086,0.0,0.950484734258331,0.43789878332633075
1189440.0,4929.589561038127,4243.127149418503,0.0,0.9504847089018597,0.437900158322187
1189500.0,4929.577694238827,4243.13901806579,0.0,0.9504847221906432,0.4379015333225508
1189560.0,4929.565829111018,4243.150887952511,0.0,0.950484680570079,0.43790290831851475
1189620.0,4929.553961548021,4243.1627560633515,0.0,0.950484718383825,0.43790428332282977
1189680.0,4929.542100092738,4243.174628675027,0.0,0.9504845560863737,0.4379056583092351
1189740.0,4929.530228754475,4243.186494038981,0.0,0.9504847169289428,0.43790703332690706
1189800.0,4929.518359506408,4243.198360955376,0.0,0.9504848090598131,0.4379084083392414
1189860.0,4929.506495941659,4243.210232049785,0.0,0.9504847151741449,0.4379097833342515
1189920.0,4929.494628900858,4243.2221006058235,0.0,0.9504847347400188,0.43791115834096306
1189980.0,4929.482763266606,4243.233970206104,0.0,0.9504847080760881,0.4379125333440522
1190040.0,4929.47089638278,4243.245838901439,0.0,0.9504847220533602,0.4379139083518396
1190100.0,4929.459031257115,4243.257708899879,0.0,0.9504846782853282,0.43791528335495594
1190160.0,4929.44716357089,4243.26957703033,0.0,0.9504847180542282,0.43791665836681537
1190220.0,4929.435302308223,4243.281449893655,0.0,0.9504845473765986,0.43791803335977736
1190280.0,4929.423430652551,4243.293315134554,0.0,0.9504847165285052,0.43791940838560045
1190340.0,4929.41156119553,4243.305182007566,0.0,0.9504848134198769,0.43792078340574647
1190400.0,4929.399697636854,4243.317053216242,0.0,0.9504847172646268,0.43792215840787085
1190460.0,4929.387832812654,4243.32892351431,0.0,0.9504846621583115,0.43792353341513773
1190520.0,4929.375964587249,4243.340791322348,0.0,0.9504847181799203,0.4379249084334534
1190580.0,4929.364105411918,4243.352665791356,0.0,0.9504844778399782,0.43792628342466716
1190640.0,4929.352231602289,4243.364529524439,0.0,0.950484716065319,0.4379276584619901
1190700.0,4929.340360893176,4243.376395551677,0.0,0.9504848525297229,0.4379290334908189
1190760.0,4929.328498491743,4243.388267683269,0.0,0.9504847171359636,0.4379304084940999
1190820.0,4929.316634312471,4243.400138528165,0.0,0.9504846395494222,0.4379317835041236
1190880.0,4929.304765345056,4243.4120058648705,0.0,0.9504847184589282,0.43793315852952835
1190940.0,4929.292904686405,4243.423879313993,0.0,0.9504845253376377,0.43793453352984746
1191000.0,4929.281032289802,4243.4357441575285,0.0,0.9504847159624811,0.4379359085675288
1191060.0,4929.269162372156,4243.447610839035,0.0,0.9504848251560136,0.4379372835986568
1191120.0,4929.257299101693,4243.459482406173,0.0,0.9504847168025958,0.4379386586094229
1191180.0,4929.245434406481,4243.471352945758,0.0,0.950484654707785,0.4379400336258287
1191240.0,4929.2335658789925,4243.483220678716,0.0,0.9504847178446227,0.43794140865463027
1191300.0,4929.2217075511835,4243.495095916957,0.0,0.9504844470072726,0.4379427836527369
1191360.0,4929.209832732695,4243.5069590558705,0.0,0.9504847154722165,0.4379441587027544
1191420.0,4929.197961409464,4243.518824778845,0.0,0.9504848692612513,0.4379455337430437
1191480.0,4929.186099448463,4243.530697380684,0.0,0.9504847166893107,0.43794690875448944
1191540.0,4929.174235485389,4243.542568531135,0.0,0.950484629261195,0.43794828377337824
1191600.0,4929.162366127123,4243.554435727541,0.0,0.9504847181907472,0.43794965880954534
1191660.0,4929.150506132828,4243.566309811372,0.0,0.9504845005648792,0.43795103381732864
1191720.0,4929.138632912036,4243.578174196332,0.0,0.950484715388034,0.43795240886712616
1191780.0,4929.126762486077,4243.590040651252,0.0,0.9504848384450386,0.43795378390938283
1191840.0,4929.114899551157,4243.601912611592,0.0,0.9504847163453402,0.4379551589286401
1191900.0,4929.103035012053,4243.613783412585,0.0,0.9504846463751755,0.43795653395409756
1191960.0,4929.091166154911,4243.625651050168,0.0,0.9504847175301825,0.4379579089934691
1192020.0,4929.079304789377,4243.637524200843,0.0,0.9504845433729842,0.4379592840103045
1192080.0,4929.067432838633,4243.649389591377,0.0,0.9504847152707524,0.4379606590609045
1192140.0,4929.055563122236,4243.661256640474,0.0,0.950484813735333,0.43796203410571416
1192200.0,4929.043699399536,4243.673128095914,0.0,0.9504847160201702,0.43796340913220116
1192260.0,4929.031834391046,4243.684998625706,0.0,0.9504846600202006,0.4379647841638937
1192320.0,4929.019965926463,4243.69686662478,0.0,0.9504847169516677,0.4379661592068079
1192380.0,4929.008106658344,4243.708741393322,0.0,0.9504844727117494,0.4379675342221575
1192440.0,4928.996232519552,4243.720605250725,0.0,0.9504847148040964,0.43796890928436216
1192500.0,4928.984361531543,4243.732471439531,0.0,0.9504848534839906,0.43797028433791324
1192560.0,4928.9724989854985,4243.744343832224,0.0,0.9504847158934665,0.4379716593654925
1192620.0,4928.960634633067,4243.756214917049,0.0,0.9504846370484118,0.43797303439990365
1192680.0,4928.948765415198,4243.7680824363815,0.0,0.9504847172392508,0.4379744094499395
1192740.0,4928.936904640457,4243.779956167725,0.0,0.9504845209844146,0.437975784474465
1192800.0,4928.925031938234,4243.791821152979,0.0,0.9504847147036373,0.43797715953695066
1192860.0,4928.913161755193,4243.803688006011,0.0,0.9504848256699567,0.43797853459275515
1192920.0,4928.9012983267885,4243.815559824319,0.0,0.9504847155587355,0.43797990962785843
1192980.0,4928.88943345079,4243.827430598132,0.0,0.9504846524568826,0.43798128466867253
1193040.0,4928.87756468067,4243.839298519466,0.0,0.9504847166190219,0.43798265972207734
1193100.0,4928.865702665291,4243.851171413403,0.0,0.9504845595633205,0.4379840347552456
1193160.0,4928.853831104181,4243.863037309646,0.0,0.9504847145733295,0.4379854098189342
1193220.0,4928.841961556844,4243.874904702658,0.0,0.9504848033626596,0.43798678487752024
1193280.0,4928.8300974859,4243.886776122994,0.0,0.9504847128791245,0.43798815991942236
1193340.0,4928.818230065121,4243.898645096852,0.0,0.9504847317341631,0.43798953497263404
1193400.0,4928.806363999472,4243.910515077494,0.0,0.9504847060353697,0.4379909100223817
1193460.0,4928.794496729467,4243.922384186109,0.0,0.9504847195044112,0.43799228507668647
1193520.0,4928.782631153396,4243.934254551037,0.0,0.9504846773215889,0.4379936601265184
1193580.0,4928.770763109697,4243.946123115641,0.0,0.9504847156472358,0.4379950351848045
1193640.0,4928.758901255473,4243.957996242626,0.0,0.9504845511556721,0.43799641022491664
1193700.0,4928.747029386272,4243.969862022471,0.0,0.9504847141738006,0.4379977852967187
1193760.0,4928.735159635351,4243.981729375881,0.0,0.950484807551039,0.43799916036309106
1193820.0,4928.72329564374,4243.993600964528,0.0,0.9504847123963948,0.4380005354118946
1193880.0,4928.711428129744,4244.0054699798875,0.0,0.9504847322274036,0.4380019104725471
1193940.0,4928.699562041191,4244.017340053701,0.0,0.9504847052034766,0.4380032855295156
1194000.0,4928.68769468647,4244.029209210062,0.0,0.9504847193703138,0.4380046605912343
1194060.0,4928.675829113511,4244.041079687278,0.0,0.9504846750109969,0.4380060356482053
1194120.0,4928.663960945876,4244.052948270794,0.0,0.9504847153182248,0.4380074107140276
1194180.0,4928.652099287779,4244.064821651915,0.0,0.9504845423332401,0.4380087857606747
1194240.0,4928.64022709787,4244.076687306058,0.0,0.9504847137729914,0.43801016084062805
1194300.0,4928.628357136141,4244.08855461453,0.0,0.9504848119751186,0.43801153591480785
1194360.0,4928.616493151615,4244.100426318051,0.0,0.9504847145201877,0.43801291097071243
1194420.0,4928.604627884816,4244.112297098321,0.0,0.9504846586692538,0.4380142860318113
1194480.0,4928.592759171422,4244.124165354362,0.0,0.9504847154489798,0.43801566110410406
1194540.0,4928.580899629182,4244.136040362542,0.0,0.9504844718594654,0.4380170361489045
1194600.0,4928.569025257155,4244.147904487552,0.0,0.9504847133069035,0.4380184112404413
1194660.0,4928.557154027226,4244.159770938012,0.0,0.9504848516172935,0.43801978632334865
1194720.0,4928.545291216038,4244.1716435764665,0.0,0.9504847143931473,0.4380211613803513
1194780.0,4928.5334266034115,4244.183514910421,0.0,0.9504846357579655,0.4380225364441705
1194840.0,4928.52155713872,4244.19538268803,0.0,0.9504847157351229,0.43802391152357545
1194900.0,4928.509696093925,4244.207256661743,0.0,0.9504845200028,0.4380252865775367
1194960.0,4928.497823154431,4244.219121911791,0.0,0.9504847132060371,0.43802666166936244
1195020.0,4928.485952727172,4244.230989024849,0.0,0.9504848238767439,0.4380280367545264
1195080.0,4928.47408903597,4244.2428610904635,0.0,0.9504847140586334,0.43802941181904237
1195140.0,4928.462223901135,4244.254732114279,0.0,0.9504846511246805,0.43803078688925706
1195200.0,4928.4503548828725,4244.266600292933,0.0,0.9504847151158725,0.4380321619720311
1195260.0,4928.4384926007715,4244.278473431464,0.0,0.9504845584781743,0.43803353703462183
1195320.0,4928.426620799166,4244.29033959024,0.0,0.9504847130754014,0.4380349121276563
1195380.0,4928.414751005775,4244.302207241966,0.0,0.9504848016282997,0.4380362872156034
1195440.0,4928.40288667372,4244.31407891071,0.0,0.950484711385481,0.4380376622869099
1195500.0,4928.39101900102,4244.325948139251,0.0,0.9504847301902232,0.4380390373694986
1195560.0,4928.379152679715,4244.3378183720115,0.0,0.9504847045597165,0.4380404124486335
1195620.0,4928.367285157347,4244.34968773499,0.0,0.950484717992797,0.4380417875323154
1195680.0,4928.355419324246,4244.361558351078,0.0,0.9504846759221336,0.4380431626115371
1195740.0,4928.343551030283,4244.373427171462,0.0,0.9504847141456633,0.4380445376991927
1195800.0,4928.331688908769,4244.3853005425635,0.0,0.9504845500917363,0.43804591276872296
1195860.0,4928.319816799787,4244.397166585348,0.0,0.9504847126759247,0.438047287869863
1195920.0,4928.307946803245,4244.409034197685,0.0,0.9504848058046053,0.43804866296558953
1195980.0,4928.296082550181,4244.420906034422,0.0,0.9504847109030231,0.4380500380437928
1196040.0,4928.284214784397,4244.432775304475,0.0,0.9504847306811541,0.4380514131338164
1196100.0,4928.272348440125,4244.444645630285,0.0,0.950484703729019,0.43805278822016674
1196160.0,4928.260480833151,4244.456515040999,0.0,0.9504847178580496,0.43805416331125663
1196220.0,4928.248615003031,4244.468385769202,0.0,0.9504846736166451,0.4380555383976123
1196280.0,4928.236746585347,4244.480254608565,0.0,0.9504847138165174,0.4380569134927982
1196340.0,4928.2248846592975,4244.492128233266,0.0,0.9504845412917298,0.43805828856885975
1196400.0,4928.213012230363,4244.5039941507775,0.0,0.9504847122751711,0.4380596636781434
1196460.0,4928.201142023468,4244.515861718404,0.0,0.9504848102158824,0.43806103878167035
1196520.0,4928.18927777735,4244.527733669835,0.0,0.9504847130201545,0.43806241386696904
1196580.0,4928.177412252458,4244.539604700393,0.0,0.9504846573177552,0.4380637889574514
1196640.0,4928.1655432904345,4244.551473213197,0.0,0.9504847139462496,0.4380651640590999
1196700.0,4928.153683474342,4244.563348460864,0.0,0.9504844710049534,0.4380665391333282
1196760.0,4928.141808869208,4244.575212853242,0.0,0.9504847118096501,0.4380679142541747
1196820.0,4928.129937397519,4244.587079565133,0.0,0.9504848497517719,0.43806928936641576
1196880.0,4928.118074321428,4244.5989524491715,0.0,0.9504847128927776,0.43807066445281867
1196940.0,4928.106209448826,4244.610824032072,0.0,0.9504846344668294,0.4380720395460231
1197000.0,4928.094339737486,4244.622692067746,0.0,0.9504847142309557,0.43807341465477434
1197060.0,4928.082478422887,4244.634566283663,0.0,0.9504845190196024,0.43807478973814823
1197120.0,4928.070605246269,4244.646431798273,0.0,0.9504847117083783,0.4380761648592916
1197180.0,4928.058734574962,4244.65829917114,0.0,0.9504848220843252,0.438077539973792
1197240.0,4928.046870621187,4244.670171483885,0.0,0.9504847125584799,0.4380789150676979
1197300.0,4928.035005227726,4244.682042757515,0.0,0.9504846497920229,0.4380802901672901
1197360.0,4928.023135961507,4244.693911193282,0.0,0.9504847136126784,0.43808166527941067
1197420.0,4928.011273412914,4244.705784576227,0.0,0.9504845573919999,0.43808304037140067
1197480.0,4927.99940137098,4244.71765099732,0.0,0.9504847115774167,0.4380844154937582
1197540.0,4927.987531331719,4244.729518907554,0.0,0.9504847998943297,0.4380857906110434
1197600.0,4927.97566673877,4244.741390824512,0.0,0.9504847098917726,0.4380871657117311
1197660.0,4927.963798814346,4244.753260307541,0.0,0.9504847286463147,0.43808854082367393
1197720.0,4927.951932237585,4244.765130792226,0.0,0.9504847030839639,0.43808991593217317
1197780.0,4927.940064463052,4244.77700040937,0.0,0.9504847164811522,0.43809129104520905
1197840.0,4927.928198373125,4244.788871276425,0.0,0.9504846745224332,0.4380926661537977
1197900.0,4927.916329829094,4244.80074035239,0.0,0.9504847126440409,0.43809404127080026
1197960.0,4927.904467440514,4244.812613967427,0.0,0.950484549026956,0.4380954163697256
1198020.0,4927.892595091927,4244.824480272938,0.0,0.9504847111779919,0.43809679150018105
1198080.0,4927.880724849948,4244.836348143996,0.0,0.9504848040585276,0.4380981666252388
1198140.0,4927.868860335649,4244.848220228632,0.0,0.9504847094095873,0.4380995417328188
1198200.0,4927.856992318271,4244.860089753177,0.0,0.9504847291349329,0.43810091685219055
1198260.0,4927.845125718485,4244.8719603307845,0.0,0.9504847022544635,0.4381022919678997
1198320.0,4927.833257859457,4244.883829995656,0.0,0.9504847163457542,0.43810366708833776
1198380.0,4927.821391772381,4244.895700974652,0.0,0.9504846722220542,0.4381050422040551
1198440.0,4927.809523104843,4244.9075700696585,0.0,0.9504847123147605,0.4381064173285815
1198500.0,4927.797660911072,4244.9194439377625,0.0,0.9504845402491687,0.4381077924340345
1198560.0,4927.785788243279,4244.931310118431,0.0,0.950484710777293,0.4381091675726256
1198620.0,4927.773917791396,4244.943177945002,0.0,0.950484808457154,0.43811054270547695
1198680.0,4927.762053283901,4244.955050144152,0.0,0.9504847115200684,0.43811191782014725
1198740.0,4927.750187501124,4244.96692142481,0.0,0.9504846559658637,0.4381132929399901
1198800.0,4927.738318290655,4244.97879019417,0.0,0.9504847124434732,0.43811466807097127
1198860.0,4927.7264582009575,4244.990665681155,0.0,0.950484470148877,0.4381160431746043
1198920.0,4927.7145833628665,4245.00253034067,0.0,0.9504847103123374,0.43811741832473744
1198980.0,4927.702711649584,4245.014397313774,0.0,0.950484847887094,0.43811879346628935
1199040.0,4927.690848308813,4245.026270443219,0.0,0.9504847113923566,0.4381201685820694
1199100.0,4927.678983176451,4245.038142274879,0.0,0.9504846331750747,0.438121543704636
1199160.0,4927.667113218646,4245.050010568403,0.0,0.9504847127267474,0.4381229188427105
1199220.0,4927.655251634485,4245.0618850263545,0.0,0.9504845180349762,0.43812429395547386
1199280.0,4927.643378220895,4245.073750805301,0.0,0.9504847102106608,0.4381256691059117
1199340.0,4927.63150730571,4245.085618437762,0.0,0.9504848202926726,0.43812704424972587
1199400.0,4927.61964308959,4245.097490997451,0.0,0.9504847110582746,0.4381284193729987
1199460.0,4927.607777437718,4245.1093625207095,0.0,0.9504846484587648,0.4381297945019454
1199520.0,4927.595907923727,4245.121231213378,0.0,0.9504847121094427,0.43813116964338916
1199580.0,4927.584045108886,4245.13310484057,0.0,0.950484556304425,0.43813254476475527
1199640.0,4927.5721728267745,4245.144971523747,0.0,0.9504847100793734,0.438133919916413
1199700.0,4927.560302541814,4245.156839692273,0.0,0.9504847981611144,0.4381352950630134
1199760.0,4927.548437688193,4245.16871185727,0.0,0.9504847083979908,0.4381366701930594
1199820.0,4927.536569512237,4245.180581594582,0.0,0.9504847271025055,0.43813804533433337
1199880.0,4927.524702680228,4245.192452330998,0.0,0.9504847016080763,0.4381394204721738
1199940.0,4927.512834653727,4245.204322202107,0.0,0.9504847149694964,0.4381407956145409
1200000.0,4927.500968307185,4245.216193319938,0.0,0.9504846731223311,0.4381421707524735
1200060.0,4927.489099513268,4245.228062651278,0.0,0.9504847111423725,0.43814354589879995
1200120.0,4927.477236857871,4245.239936510086,0.0,0.9504845479605777,0.43814492102709734
1200180.0,4927.465364269823,4245.251803078089,0.0,0.9504847096800005,0.4381462961868453
1200240.0,4927.453493782578,4245.263671207652,0.0,0.9504848023132075,0.4381476713412114
1200300.0,4927.441629007265,4245.275543540008,0.0,0.9504847079160783,0.43814904647814495
1200360.0,4927.429760738485,4245.2874133188425,0.0,0.9504847275888093,0.43815042162684176
1200420.0,4927.417893883389,4245.299284148056,0.0,0.950484700779774,0.4381517967718867
1200480.0,4927.406025772495,4245.311154066882,0.0,0.9504847148334463,0.43815317192164993
1200540.0,4927.394159428668,4245.323025296481,0.0,0.950484670827074,0.4381545470667062
1200600.0,4927.38229051146,4245.334894646928,0.0,0.9504847108129572,0.4381559222205502
1200660.0,4927.370428050209,4245.346768758264,0.0,0.9504845392052583,0.4381572973553716
1200720.0,4927.358555143715,4245.358635201863,0.0,0.9504847092793572,0.43815867252324747
1200780.0,4927.34668444702,4245.370503287167,0.0,0.9504848066991062,0.43816004768540034
1200840.0,4927.334819678365,4245.382375733854,0.0,0.9504847100199308,0.43816142282941933
1200900.0,4927.322953637918,4245.394247264423,0.0,0.950484654613448,0.4381627979785996
1200960.0,4927.311084179191,4245.406116290132,0.0,0.9504847109406537,0.4381641731388908
1201020.0,4927.299223816152,4245.417992016282,0.0,0.9504844692907211,0.4381655482719054
1201080.0,4927.287348745233,4245.429856942694,0.0,0.9504847088149647,0.4381669234513025
1201140.0,4927.275476790519,4245.441724176788,0.0,0.9504848460234909,0.43816829862214224
1201200.0,4927.263613185301,4245.453597551467,0.0,0.9504847098918849,0.438169673767277
1201260.0,4927.251747793398,4245.465469631701,0.0,0.9504846318826459,0.43817104891918274
1201320.0,4927.2398775893025,4245.477338182869,0.0,0.9504847112225,0.4381724240865577
1201380.0,4927.228015735829,4245.48921288269,0.0,0.9504845170486964,0.4381737992286875
1201440.0,4927.216142085417,4245.501078925742,0.0,0.9504847087128848,0.43817517440839715
1201500.0,4927.204270926525,4245.512946817581,0.0,0.950484818501847,0.43817654958150215
1201560.0,4927.192406448281,4245.52481962404,0.0,0.950484709558018,0.43817792473411865
1201620.0,4927.180540538213,4245.536691396737,0.0,0.950484647124995,0.43817929989239696
1201680.0,4927.168670776629,4245.5485603461,0.0,0.9504847106061638,0.4381806750631414
1201740.0,4927.1568112661125,4245.560436845227,0.0,0.950484438292841,0.4381820502029945
1201800.0,4927.144935182014,4245.572301173122,0.0,0.9504847082212665,0.43818342539506666
1201860.0,4927.133062610843,4245.584168100325,0.0,0.950484862848749,0.43818480057733994
1201920.0,4927.121199449016,4245.596041947217,0.0,0.9504847094454336,0.4381861757305922
1201980.0,4927.109334275139,4245.607914333997,0.0,0.9504846215410274,0.4381875508913204
1202040.0,4927.097463678971,4245.6197827432115,0.0,0.9504847109554933,0.4381889260694264
1202100.0,4927.085596380106,4245.631653588103,0.0,0.9504846922231234,0.43819030123806413
1202160.0,4927.0737277277985,4245.643523450336,0.0,0.9504847175589759,0.4381916764117008
1202220.0,4927.061860252317,4245.655394189445,0.0,0.9504847041538977,0.43819305158245
1202280.0,4927.049991087527,4245.667263699859,0.0,0.9504847457941243,0.4381944267592978
1202340.0,4927.038124349502,4245.679135004826,0.0,0.9504847078033519,0.43819580192929986
1202400.0,4927.026251471126,4245.691001815796,0.0,0.9504848704193052,0.43819717711966183
1202460.0,4927.014388488044,4245.70287590385,0.0,0.9504847090950472,0.4381985522794818
1202520.0,4927.002523389582,4245.7147484557945,0.0,0.9504846166526185,0.43819992744710085
1202580.0,4926.990652589091,4245.726616824432,0.0,0.9504847106874013,0.4382013026329731
1202640.0,4926.97878525652,4245.73848775423,0.0,0.9504846909896758,0.43820267780884287
1202700.0,4926.966916500984,4245.750357650234,0.0,0.9504847176362486,0.4382040529899291
1202760.0,4926.955048983392,4245.762228468064,0.0,0.9504847035409631,0.43820542816793623
1202820.0,4926.943179689654,4245.774097993327,0.0,0.9504847473340128,0.43820680335231366
1202880.0,4926.931312948307,4245.78596940554,0.0,0.9504847073832093,0.4382081785294521
1202940.0,4926.91943975014,4245.797836090991,0.0,0.9504848784002533,0.43820955372794074
1203000.0,4926.907576958306,4245.809710429387,0.0,0.9504847087459211,0.43821092889428764
1203060.0,4926.895711942428,4245.821583151751,0.0,0.950484611531119,0.4382123040687736
1203120.0,4926.883841009514,4245.833451532235,0.0,0.9504847078411847,0.43821367926216104
1203180.0,4926.871971323539,4245.845320847219,0.0,0.9504847630005617,0.4382150544528337
1203240.0,4926.860105037911,4245.857192667424,0.0,0.9504847067568325,0.4382164296332969
1203300.0,4926.848229663793,4245.869057826852,0.0,0.9504849476087194,0.43821780484334016
1203360.0,4926.836368945634,4245.880933762283,0.0,0.9504847087098793,0.43821918000795174
1203420.0,4926.8245050997975,4245.892807417604,0.0,0.9504845718240624,0.43822055518352804
1203480.0,4926.812632922859,4245.904674956924,0.0,0.9504847074697907,0.4382219303855558
1203540.0,4926.800762506182,4245.916543807984,0.0,0.9504847851650859,0.438223305583263
1203600.0,4926.788896879517,4245.9284161855485,0.0,0.9504847059767574,0.43822468076641474
1203660.0,4926.7770229124135,4245.940282447288,0.0,0.9504848994930215,0.4382260559765111
1203720.0,4926.765160693949,4245.952157353434,0.0,0.9504847083125946,0.43822743115056256
1203780.0,4926.753295970591,4245.964030437053,0.0,0.9504845987652066,0.43822880633363154
1203840.0,4926.741424579891,4245.975898627138,0.0,0.9504847073036058,0.43823018153794974
1203900.0,4926.729554595674,4245.98776786902,0.0,0.9504847694687937,0.43823155673905356
1203960.0,4926.717688443727,4245.999639933685,0.0,0.9504847060922047,0.43823293192859647
1204020.0,4926.70581205143,4246.011504490667,0.0,0.9504849775169348,0.43823430715132317
1204080.0,4926.693952175117,4246.023381191235,0.0,0.9504847083036926,0.4382356823227979
1204140.0,4926.682088775617,4246.035255320895,0.0,0.9504845540503775,0.4382370575064746
1204200.0,4926.670215988396,4246.047122557666,0.0,0.9504847069167902,0.43823843271990864
1204260.0,4926.65834518612,4246.058991271368,0.0,0.9504847944780177,0.4382398079283191
1204320.0,4926.6464797820945,4246.070863958795,0.0,0.9504847052448409,0.43824118312027077
1204380.0,4926.634611075931,4246.082734232393,0.0,0.9504847238386266,0.43824255832339004
1204440.0,4926.622743705502,4246.094605499431,0.0,0.9504846984945324,0.4382439335230986
1204500.0,4926.610875147821,4246.106475906119,0.0,0.9504847117767838,0.4382453087273113
1204560.0,4926.599008259841,4246.11834755246,0.0,0.9504846701765362,0.43824668392711813
1204620.0,4926.587138939356,4246.130217422511,0.0,0.9504847079717667,0.4382480591352742
1204680.0,4926.575275719971,4246.142091794285,0.0,0.9504845457535903,0.43824943432550817
1204740.0,4926.563402628399,4246.153958916792,0.0,0.9504847065175338,0.43825080954701606
1204800.0,4926.5515316247875,4246.165827592008,0.0,0.9504847986033862,0.4382521847631776
1204860.0,4926.539666298316,4246.177700446097,0.0,0.9504847047635312,0.43825355996200704
1204920.0,4926.527797499613,4246.189570761236,0.0,0.950484724319825,0.4382549351725366
1204980.0,4926.515930105955,4246.2014421208005,0.0,0.9504846976688752,0.43825631037943824
1205040.0,4926.504061464119,4246.21331257519,0.0,0.9504847116392973,0.43825768559103484
1205100.0,4926.492194578559,4246.225184332916,0.0,0.9504846678925762,0.43825906079795407
1205160.0,4926.480325135254,4246.237054222221,0.0,0.9504847076420547,0.4382604360136146
1205220.0,4926.468462108555,4246.248928845343,0.0,0.9504845370476361,0.43826181121036495
1205280.0,4926.456588700189,4246.260795844409,0.0,0.9504847061170143,0.4382631864399843
1205340.0,4926.444717488123,4246.272664475873,0.0,0.9504848029611113,0.43826456166391786
1205400.0,4926.432852167991,4246.284537443895,0.0,0.9504847068527156,0.43826593686982174
1205460.0,4926.42098558376,4246.296409501059,0.0,0.9504846517732755,0.4382673120808627
1205520.0,4926.409115602049,4246.308279067649,0.0,0.950484707767501,0.43826868730295343
1205580.0,4926.397254660595,4246.320155296555,0.0,0.950484467544736,0.438270062497927
1205640.0,4926.385379100802,4246.3320207872475,0.0,0.9504847056538699,0.4382714377390218
1205700.0,4926.373506638191,4246.343888572523,0.0,0.9504848420516878,0.43827281297161275
1205760.0,4926.361642474227,4246.355762463422,0.0,0.9504847067239307,0.4382741881786457
1205820.0,4926.349776534405,4246.367635067293,0.0,0.9504846291751834,0.43827556339241636
1205880.0,4926.337905811672,4246.37950416221,0.0,0.950484708046189,0.43827693862157047
1205940.0,4926.326043388687,4246.391379370795,0.0,0.9504845150189158,0.4382783138256259
1206000.0,4926.314169240557,4246.4032459719365,0.0,0.9504847055508974,0.438279689067051
1206060.0,4926.302297568733,4246.415114411378,0.0,0.9504848146911757,0.43828106430191394
1206120.0,4926.290432536868,4246.426987737467,0.0,0.9504847063905411,0.4382824395164061
1206180.0,4926.27856608185,4246.438860035722,0.0,0.9504846443260084,0.43828381473653283
1206240.0,4926.2666957987485,4246.450729526738,0.0,0.9504847074319972,0.43828518996905685
1206300.0,4926.254835704253,4246.462606524559,0.0,0.9504844367269063,0.43828656517086934
1206360.0,4926.242959137074,4246.474471420485,0.0,0.9504847050606884,0.43828794042460634
1206420.0,4926.231086061385,4246.486338900958,0.0,0.9504848587745875,0.43828931566860524
1206480.0,4926.219222337735,4246.498213261722,0.0,0.9504847062771262,0.4382906908837493
1206540.0,4926.207356614239,4246.510086170734,0.0,0.9504846188916958,0.43829206610633165
1206600.0,4926.195485501449,4246.521955124848,0.0,0.950484707777768,0.43829344134619513
1206660.0,4926.183623742458,4246.5338309677945,0.0,0.9504844902580883,0.43829481655766095
1206720.0,4926.17174877141,4246.545697109787,0.0,0.9504847049763623,0.43829619181114987
1206780.0,4926.159876592196,4246.55756532212,0.0,0.950484827973299,0.4382975670570886
1206840.0,4926.148011895877,4246.569439041017,0.0,0.9504847059331395,0.43829894228001837
1206900.0,4926.136145597165,4246.581311600262,0.0,0.9504846359970558,0.4383003175091434
1206960.0,4926.1242749851335,4246.593180995408,0.0,0.9504847071173429,0.4383016927521841
1207020.0,4926.112411856585,4246.605055904766,0.0,0.9504845330449809,0.43830306797267693
1207080.0,4926.100538154382,4246.616923052306,0.0,0.950484704858953,0.4383044432269408
1207140.0,4926.088666684138,4246.628791858702,0.0,0.9504848032754946,0.4383058184754054
1207200.0,4926.076801201078,4246.6406650723475,0.0,0.950484705607944,0.4383071937055391
1207260.0,4926.064934433673,4246.652537360095,0.0,0.9504846496352266,0.43830856894087294
1207320.0,4926.053064213958,4246.664407116568,0.0,0.9504847065389265,0.43830994418742947
1207380.0,4926.041203180738,4246.676283643886,0.0,0.9504844624179223,0.43831131940640594
1207440.0,4926.029327293049,4246.68814925773,0.0,0.95048470439234,0.43831269467224987
1207500.0,4926.017454552762,4246.700017203415,0.0,0.9504848430046174,0.43831406992943034
1207560.0,4926.005590245256,4246.711891354278,0.0,0.9504847054811176,0.43831544516062854
1207620.0,4925.99372413338,4246.723764196938,0.0,0.9504846266744372,0.43831682039865383
1207680.0,4925.981853161385,4246.735633473332,0.0,0.9504847068261851,0.4383181956523062
1207740.0,4925.969990623356,4246.747508963008,0.0,0.9504845106668571,0.43831957088043527
1207800.0,4925.958116170854,4246.759375704703,0.0,0.9504847042917453,0.43832094614653216
1207860.0,4925.946244234838,4246.771244314515,0.0,0.9504848152040521,0.43832232140593885
1207920.0,4925.934379046121,4246.783117890638,0.0,0.9504847051463656,0.4383236966446353
1207980.0,4925.922512411432,4246.794990421982,0.0,0.9504846420752149,0.4383250718890376
1208040.0,4925.910641886873,4246.806860100223,0.0,0.9504847062060748,0.438326447146032
1208100.0,4925.898778109743,4246.81873475208,0.0,0.9504845492266863,0.4383278223827785
1208160.0,4925.886904797291,4246.8306024047215,0.0,0.9504847041613164,0.4383291976500508
1208220.0,4925.875033496468,4246.842471554388,0.0,0.9504847929074701,0.4383305729122119
1208280.0,4925.863167666101,4246.854344732216,0.0,0.950484702467873,0.4383319481576813
1208340.0,4925.851298489571,4246.866215463001,0.0,0.9504847213137245,0.43833332341445885
1208400.0,4925.839430666728,4246.878087200747,0.0,0.9504846956273788,0.43833469866776675
1208460.0,4925.827561640867,4246.889958066237,0.0,0.9504847090898512,0.4383360739256285
1208520.0,4925.815694307133,4246.90183018827,0.0,0.9504846669274644,0.438337449179011
1208580.0,4925.803824508481,4246.9137005095545,0.0,0.9504847052344872,0.43833882444084604
1208640.0,4925.791960892623,4246.925575394141,0.0,0.9504845408226006,0.4383401996844944
1208700.0,4925.780087272685,4246.9374429299905,0.0,0.950484703761705,0.43834157495984033
1208760.0,4925.76821576877,4246.9493120396855,0.0,0.9504847970937205,0.43834295022974784
1208820.0,4925.756350017928,4246.961185385502,0.0,0.9504847019850982,0.43834432548207836
1208880.0,4925.744480748555,4246.973056157441,0.0,0.9504847218064809,0.43834570074625673
1208940.0,4925.732612903109,4246.984927988024,0.0,0.9504846947955974,0.4383470760067455
1209000.0,4925.720743792905,4246.996798900914,0.0,0.9504847089555519,0.43834845127198124
1209060.0,4925.708876462556,4247.008671134904,0.0,0.9504846646176431,0.43834982653246296
1209120.0,4925.697006540374,4247.020541474746,0.0,0.9504847049053616,0.4383512018017944
1209180.0,4925.685143120713,4247.032416613171,0.0,0.9504845320039268,0.4383525770519376
1209240.0,4925.673269180682,4247.0442840229325,0.0,0.9504847033608139,0.4383539523353952
1209300.0,4925.66139746646,4247.05615308732,0.0,0.9504848015154435,0.4383553276130705
1209360.0,4925.64953172297,4247.068026547684,0.0,0.950484704107588,0.43835670287246237
1209420.0,4925.6376646986455,4247.079899084537,0.0,0.9504846482836327,0.4383580781370433
1209480.0,4925.625794231484,4247.091769096599,0.0,0.9504847050358698,0.4383594534128192
1209540.0,4925.613932925567,4247.103645862195,0.0,0.9504844615640887,0.4383608286610871
1209600.0,4925.60205680597,4247.115511742258,0.0,0.9504847028947684,0.4383622039561039
1209660.0,4925.59018382511,4247.1273799482115,0.0,0.950484841138235,0.4383635792424816
1209720.0,4925.5783192538665,4247.139254343469,0.0,0.9504847039804254,0.4383649545029438
1209780.0,4925.566452883186,4247.151127433887,0.0,0.9504846253832708,0.4383663297702179
1209840.0,4925.554581665724,4247.162996967176,0.0,0.95048470532169,0.4383677050530801
1209900.0,4925.542718859054,4247.174872697855,0.0,0.9504845096840213,0.43836908031048544
1209960.0,4925.53084417062,4247.186739702962,0.0,0.9504847027937678,0.4383704556057631
1210020.0,4925.518971991744,4247.19860857142,0.0,0.95048481341082,0.43837183089436993
1210080.0,4925.507106541622,4247.210482393481,0.0,0.9504847036458898,0.43837320616232006
1210140.0,4925.495239649482,4247.222355173455,0.0,0.9504846407423908,0.43837458143596353
1210200.0,4925.483368878149,4247.234225107637,0.0,0.9504847047025556,0.4383759567221679
1210260.0,4925.471504835697,4247.246100002716,0.0,0.9504845481406259,0.4383773319881773
1210320.0,4925.459631284102,4247.2579679165065,0.0,0.9504847026630118,0.4383787072846361
1210380.0,4925.4477597385885,4247.26983732351,0.0,0.9504847911729737,0.43838008257599886
1210440.0,4925.435893648498,4247.281710748367,0.0,0.950484700973849,0.4383814578507131
1210500.0,4925.424024221421,4247.2935817324615,0.0,0.9504847197694504,0.4383828331367082
1210560.0,4925.4121561443,4247.30545372095,0.0,0.9504846941513286,0.43838420841924386
1210620.0,4925.400286867453,4247.31732483943,0.0,0.9504847075778733,0.43838558370632313
1210680.0,4925.38841927807,4247.329197211249,0.0,0.9504846655275381,0.43838695898893615
1210740.0,4925.376549230527,4247.341067786939,0.0,0.9504847037325415,0.43838833427998136
1210800.0,4925.3646853487735,4247.352942914267,0.0,0.95048453975796,0.4383897095528885
1210860.0,4925.352811490414,4247.364810711684,0.0,0.9504847022634528,0.4383910848574131
1210920.0,4925.340939742243,4247.37668007893,0.0,0.9504847953470594,0.4383924601565155
1210980.0,4925.329073731333,4247.388553671462,0.0,0.9504847004913475,0.4383938354380864
1211040.0,4925.317204211547,4247.400424696716,0.0,0.9504847202598891,0.43839521073147664
1211100.0,4925.30533611176,4247.412296777917,0.0,0.9504846933207473,0.4383965860211877
1211160.0,4925.293466750674,4247.4241679437855,0.0,0.9504847074429215,0.4383979613156351
1211220.0,4925.281599164546,4247.436040427386,0.0,0.9504846632228466,0.4383993366053422
1211280.0,4925.269728993684,4247.447911021701,0.0,0.9504847034032811,0.4384007119038777
1211340.0,4925.257865307467,4247.459786402333,0.0,0.9504845309616434,0.4384020871832761
1211400.0,4925.2459911297665,4247.4716540740865,0.0,0.950484701862617,0.43840346249590484
1211460.0,4925.234119171741,4247.483523396251,0.0,0.9504847997560786,0.438404837802768
1211520.0,4925.222253168045,4247.495397103147,0.0,0.9504847026071803,0.4384062130913949
1211580.0,4925.21038588701,4247.507269888916,0.0,0.9504846469316004,0.4384075883851999
1211640.0,4925.198515172586,4247.519140156364,0.0,0.9504847035327681,0.4384089636901721
1211700.0,4925.186653594224,4247.531017160076,0.0,0.9504844607085025,0.43841033896770853
1211760.0,4925.174777242862,4247.542883306122,0.0,0.9504847013971374,0.4384117142918756
1211820.0,4925.162904021593,4247.554751772124,0.0,0.9504848392728367,0.43841308960742753
1211880.0,4925.151039186841,4247.566626411597,0.0,0.9504847024796824,0.43841446489713076
1211940.0,4925.139172557574,4247.57849974959,0.0,0.9504846240914266,0.4384158401936305
1212000.0,4925.127301094827,4247.590369539562,0.0,0.9504847038171561,0.43841721550567964
1212060.0,4925.115438019762,4247.602245511082,0.0,0.9504845086995869,0.4384185907923381
1212120.0,4925.103563095544,4247.614112779362,0.0,0.950484701295731,0.4384199661167739
1212180.0,4925.091690673972,4247.625981906245,0.0,0.9504848116185911,0.43842134143455785
1212240.0,4925.079824962677,4247.637855974065,0.0,0.950484702145363,0.43842271673173805
1212300.0,4925.067957813299,4247.649729002483,0.0,0.9504846394090468,0.43842409203459964
1212360.0,4925.056086795376,4247.661599192397,0.0,0.9504847031989937,0.438425467349991
1212420.0,4925.044222487839,4247.673474330526,0.0,0.9504845470533414,0.4384268426452403
1212480.0,4925.032348697258,4247.685342505246,0.0,0.9504847011646496,0.43842821797086273
1212540.0,4925.020476907231,4247.697212169374,0.0,0.9504847894391149,0.43842959329140424
1212600.0,4925.008610557636,4247.709085841081,0.0,0.950484699479754,0.4384309685953404
1212660.0,4924.996740880205,4247.720957078284,0.0,0.9504847182252626,0.4384323439105302
1212720.0,4924.984872549011,4247.732829317322,0.0,0.950484692675151,0.43843371922227087
1212780.0,4924.973003021373,4247.74470068859,0.0,0.9504847060658803,0.4384350945385449
1212840.0,4924.961135176551,4247.756573310005,0.0,0.95048466412725,0.43843646985036544
1212900.0,4924.949264880303,4247.768444139897,0.0,0.950484702230549,0.43843784517059825
1212960.0,4924.937400732896,4247.7803195097995,0.0,0.9504845386918781,0.43843922047274114
1213020.0,4924.925526636269,4247.7921875685515,0.0,0.9504847007651425,0.43844059580642186
1213080.0,4924.913654644016,4247.804057193135,0.0,0.9504847936011156,0.4384419711346962
1213140.0,4924.901788373265,4247.8159310322,0.0,0.9504846989975249,0.43844334644548444
1213200.0,4924.889918603256,4247.827802310569,0.0,0.9504847187133852,0.43844472176806326
1213260.0,4924.8780502493355,4247.839674642193,0.0,0.9504846918457684,0.4384460970869739
1213320.0,4924.866180637564,4247.851546060841,0.0,0.9504847059302763,0.4384474724106102
1213380.0,4924.854312795862,4247.8634187938615,0.0,0.9504846618276784,0.43844884772951953
1213440.0,4924.842442376517,4247.875289642443,0.0,0.9504847019011541,0.43845022305723635
1213500.0,4924.830578423989,4247.887165265113,0.0,0.9504845299178648,0.4384515983658667
1213560.0,4924.818704008771,4247.899033198635,0.0,0.950484700364362,0.4384529737076438
1213620.0,4924.8068318071155,4247.910902778363,0.0,0.9504847979974418,0.438454349043672
1213680.0,4924.794965543438,4247.922776731613,0.0,0.9504847011067211,0.4384557243615108
1213740.0,4924.783098005905,4247.934649766109,0.0,0.9504846455790261,0.43845709968451685
1213800.0,4924.7712270444,4247.946520288731,0.0,0.950484702029624,0.4384584750186625
1213860.0,4924.759365193861,4247.958397530406,0.0,0.9504844598507487,0.43845985032544416
1213920.0,4924.747488610865,4247.970263942194,0.0,0.950484699899446,0.4384612256787386
1213980.0,4924.73561514935,4247.982132668023,0.0,0.9504848374084925,0.4384626010234419
1214040.0,4924.723750051326,4247.994007551537,0.0,0.9504847009788887,0.43846397634236295
1214100.0,4924.71188316369,4248.005881136919,0.0,0.9504846227989028,0.43846535166806544
1214160.0,4924.700011455836,4248.0177511833635,0.0,0.9504847023125826,0.4384667270092785
1214220.0,4924.688148112626,4248.0296273955555,0.0,0.9504845077135508,0.43846810232516703
1214280.0,4924.676272952772,4248.041494926782,0.0,0.9504846997976357,0.4384694776787382
1214340.0,4924.664400288675,4248.053364311875,0.0,0.9504848098271621,0.4384708530256764
1214400.0,4924.6525343164285,4248.065238625271,0.0,0.9504847006447846,0.4384722283520641
1214460.0,4924.640666910029,4248.077111901945,0.0,0.9504846380751052,0.43847360368412075
1214520.0,4924.628795645693,4248.08898234738,0.0,0.9504847016953909,0.4384749790286761
1214580.0,4924.616931073312,4248.100857728389,0.0,0.9504845459646007,0.43847635435314203
1214640.0,4924.6050570439,4248.112726163807,0.0,0.9504846996662293,0.4384777297079051
1214700.0,4924.593185009531,4248.124596084845,0.0,0.9504847877059666,0.43847910505760235
1214760.0,4924.581318400657,4248.136470003219,0.0,0.9504846979855875,0.43848048039073717
1214820.0,4924.569448473066,4248.148341493327,0.0,0.9504847166811642,0.4384818557350987
1214880.0,4924.557579888002,4248.160213982724,0.0,0.9504846911988439,0.43848323107602116
1214940.0,4924.5457101097645,4248.1720856065795,0.0,0.9504847045538732,0.43848460642146697
1215000.0,4924.53384200971,4248.183958477397,0.0,0.9504846627265858,0.4384859817624721
1215060.0,4924.521971464945,4248.195829561284,0.0,0.9504847007285107,0.4384873571118694
1215120.0,4924.510107052128,4248.2077051735905,0.0,0.9504845376243696,0.43848873244322484
1215180.0,4924.498232717384,4248.219573493448,0.0,0.9504846992667743,0.43849010780603853
1215240.0,4924.486360481222,4248.2314433751535,0.0,0.950484791855909,0.4384914831634617
1215300.0,4924.474493950852,4248.24331746057,0.0,0.9504846975036301,0.4384928585034441
1215360.0,4924.4626239308145,4248.255188991853,0.0,0.9504847171669809,0.43849423385518876
1215420.0,4924.450755322964,4248.267061573709,0.0,0.9504846903706554,0.43849560920327574
1215480.0,4924.438885460702,4248.278933244936,0.0,0.9504847044176205,0.438496984556078
1215540.0,4924.427017363637,4248.290806227187,0.0,0.9504846604321125,0.4384983599041666
1215600.0,4924.415146695987,4248.302677329826,0.0,0.9504847003989808,0.43849973526104163
1215660.0,4924.4032824773885,4248.314553194365,0.0,0.950484528872755,0.4385011105988809
1215720.0,4924.391407824811,4248.326421389429,0.0,0.9504846988660492,0.4385024859697832
1215780.0,4924.379535379699,4248.338291226507,0.0,0.9504847962394878,0.4385038613349535
1215840.0,4924.36766885626,4248.350165425925,0.0,0.9504846996062105,0.4385052366819816
1215900.0,4924.35580106244,4248.362038708958,0.0,0.9504846442260735,0.43850661203416574
1215960.0,4924.343929854043,4248.37390948655,0.0,0.9504847005264345,0.4385079873974619
1216020.0,4924.332067731576,4248.3857869660205,0.0,0.9504844589914183,0.43850936273346575
1216080.0,4924.320190917097,4248.397653643325,0.0,0.9504846984016965,0.4385107381158648
1216140.0,4924.3083172155075,4248.409522628766,0.0,0.9504848355449216,0.4385121134896967
1216200.0,4924.296451854435,4248.421397756143,0.0,0.9504846994780438,0.43851348883781255
1216260.0,4924.284584708644,4248.433271588725,0.0,0.9504846215059075,0.4385148641926949
1216320.0,4924.272712755865,4248.445141891433,0.0,0.9504847008079651,0.4385162395630491
1216380.0,4924.26084914474,4248.457018344122,0.0,0.9504845067264887,0.43851761490814484
1216440.0,4924.248973749419,4248.468886138078,0.0,0.9504846982994837,0.43851899029082847
1216500.0,4924.237100842978,4248.480755781173,0.0,0.9504848080361684,0.43852036566689817
1216560.0,4924.225234610001,4248.492630339961,0.0,0.9504846991441543,0.4385217410224703
1216620.0,4924.213366946788,4248.504503864698,0.0,0.9504846367408111,0.4385231163836991
1216680.0,4924.201495436229,4248.516374565452,0.0,0.950484700191741,0.43852449175739555
1216740.0,4924.189634165732,4248.528252817593,0.0,0.9504844280079213,0.4385258671001839
1216800.0,4924.177756339532,4248.540118895773,0.0,0.9504846978079179,0.4385272424952057
1216860.0,4924.165882022517,4248.551987573777,0.0,0.9504848523618292,0.4385286178804187
1216920.0,4924.154017104721,4248.563863172994,0.0,0.950484699031442,0.4385299932365991
1216980.0,4924.142150177089,4248.575737311713,0.0,0.9504846111688465,0.43853136860025044
1217040.0,4924.130277833029,4248.587607471958,0.0,0.9504847005407224,0.4385327439812827
1217100.0,4924.1184087827505,4248.599480068379,0.0,0.9504846818172321,0.4385341193528387
1217160.0,4924.106538380516,4248.611351681887,0.0,0.9504847071410059,0.4385354947293908
1217220.0,4924.094669153871,4248.623224172426,0.0,0.9504846937422706,0.4385368701030495
1217280.0,4924.082798239767,4248.635095433953,0.0,0.9504847353626802,0.43853824548280407
1217340.0,4924.070929749842,4248.6469684904,0.0,0.9504846973899292,0.43853962085570647
1217400.0,4924.059055126226,4248.658837051785,0.0,0.9504848599286243,0.4385409962489684
1217460.0,4924.047190387261,4248.670712891861,0.0,0.9504846986809506,0.43854237161167603
1217520.0,4924.035323535241,4248.682587195423,0.0,0.9504846062824235,0.43854374698217824
1217580.0,4924.023450987353,4248.694457314726,0.0,0.950484700272488,0.438545122370937
1217640.0,4924.011581903678,4248.706329995713,0.0,0.9504846805840852,0.4385464977496851
1217700.0,4923.999711398603,4248.7182016426395,0.0,0.9504847072179773,0.43854787313364674
1217760.0,4923.98784213017,4248.730074211558,0.0,0.9504846931293518,0.4385492485145236
1217820.0,4923.975971087531,4248.741945487579,0.0,0.9504847369015998,0.4385506239017681
1217880.0,4923.964102594566,4248.753818650936,0.0,0.9504846969697138,0.4385519992817668
1217940.0,4923.952227651774,4248.765687086412,0.0,0.9504848679056633,0.4385533746831158
1218000.0,4923.940363104132,4248.777563176532,0.0,0.9504846983317192,0.4385547500523103
1218060.0,4923.928496334886,4248.789437650196,0.0,0.9504846011629504,0.4385561254296393
1218120.0,4923.916623654988,4248.801307780987,0.0,0.9504846974273513,0.43855750082587364
1218180.0,4923.90475222073,4248.813178846427,0.0,0.9504847525605851,0.4385588762193854
1218240.0,4923.892884183179,4248.82505241763,0.0,0.9504846963434522,0.43856025160268186
1218300.0,4923.881007066957,4248.836919326498,0.0,0.9504849370812993,0.4385616270155611
1218360.0,4923.869144590949,4248.848797013776,0.0,0.9504846982955142,0.43856300238299145
1218420.0,4923.857278990672,4248.86067242037,0.0,0.950484561474458,0.43856437776138296
1218480.0,4923.845405068268,4248.872541709565,0.0,0.9504846970559527,0.43856575316623225
1218540.0,4923.833532904278,4248.8844123107365,0.0,0.9504847747144415,0.4385671285667526
1218600.0,4923.821665525164,4248.896286439187,0.0,0.950484695563566,0.43856850395271
1218660.0,4923.809789814614,4248.908154450389,0.0,0.95048488898823,0.43856987936561603
1218720.0,4923.797925840102,4248.92003110791,0.0,0.9504846978982366,0.43857125474246134
1218780.0,4923.786059363431,4248.931905942435,0.0,0.9504845884026782,0.4385726301283198
1218840.0,4923.774186226605,4248.943775882304,0.0,0.9504846968896656,0.4385740055354321
1218900.0,4923.762314494796,4248.9556468741475,0.0,0.9504847590253672,0.438575380939322
1218960.0,4923.750446591147,4248.967520689388,0.0,0.9504846956787784,0.4385767563316446
1219020.0,4923.738568458213,4248.979386995199,0.0,0.950484966974888,0.43857813175715504
1219080.0,4923.72670682351,4248.991265447309,0.0,0.9504846978891578,0.43857950713139465
1219140.0,4923.7148416694545,4249.003141327869,0.0,0.9504845437089275,0.43858088251783306
1219200.0,4923.702967137798,4249.01501031397,0.0,0.9504846965028528,0.438582257934036
1219260.0,4923.691094588994,4249.026880777277,0.0,0.9504847840225101,0.43858363334520684
1219320.0,4923.679227432648,4249.038755215178,0.0,0.9504846948316361,0.43858500873991085
1219380.0,4923.66735697775,4249.0506272386665,0.0,0.9504847134165777,0.4385863841457812
1219440.0,4923.65548785718,4249.062500255782,0.0,0.9504846880844652,0.43858775954823515
1219500.0,4923.643617550665,4249.074372412313,0.0,0.9504847013603929,0.43858913495519
1219560.0,4923.631748912087,4249.086245808734,0.0,0.9504846597798178,0.43859051035773283
1219620.0,4923.619877843648,4249.098117428429,0.0,0.950484697557118,0.4385918857686232
1219680.0,4923.608012869791,4249.1099935508,0.0,0.9504845354157517,0.43859326116157865
1219740.0,4923.596138034381,4249.121862422254,0.0,0.9504846961035143,0.43859463658581593
1219800.0,4923.584265284736,4249.133732846708,0.0,0.9504847881456424,0.43859601200469805
1219860.0,4923.572398206135,4249.1456074509515,0.0,0.9504846943502835,0.4385973874062399
1219920.0,4923.560527659073,4249.157479515635,0.0,0.9504847138972707,0.43859876281948074
1219980.0,4923.548658515574,4249.169352624937,0.0,0.9504846872589312,0.4386001382290879
1220040.0,4923.536788125269,4249.1812248288215,0.0,0.950484701222699,0.4386015136433868
1220100.0,4923.524919489383,4249.193098336295,0.0,0.9504846574966734,0.4386028890530021
1220160.0,4923.513048298532,4249.204969974889,0.0,0.9504846972272913,0.43860426447135703
1220220.0,4923.501183517432,4249.216846348308,0.0,0.9504845267136333,0.4386056398707888
1220280.0,4923.489308365848,4249.228715095933,0.0,0.9504846957029132,0.4386070153030978
1220340.0,4923.4774354082465,4249.2405854762665,0.0,0.9504847925011076,0.4386083907297123
1220400.0,4923.465568336255,4249.252460194115,0.0,0.9504846964382055,0.4386097661382889
1220460.0,4923.4537000015725,4249.26433400084,0.0,0.9504846413847763,0.4386111415519972
1220520.0,4923.441828273078,4249.276205316402,0.0,0.9504846973524986,0.43861251697675635
1220580.0,4923.429965575168,4249.288083295732,0.0,0.9504844572432619,0.43861389237438253
1220640.0,4923.418088274647,4249.299950534404,0.0,0.9504846952398068,0.4386152678181427
1220700.0,4923.406214068025,4249.3118200681165,0.0,0.9504848315731257,0.43861664325338917
1220760.0,4923.394348151145,4249.323695708811,0.0,0.9504846963093012,0.438618018663067
1220820.0,4923.382480460363,4249.335570062126,0.0,0.9504846187972352,0.4386193940794777
1220880.0,4923.370607991832,4249.347440905676,0.0,0.9504846976308733,0.43862076951127427
1220940.0,4923.358743814158,4249.359317864229,0.0,0.9504845046948611,0.43862214491795887
1221000.0,4923.3468679239695,4249.3711862133605,0.0,0.9504846951367025,0.4386235203620214
1221060.0,4923.33499450747,4249.383056401149,0.0,0.9504848042253373,0.43862489579951236
1221120.0,4923.323127723809,4249.394931476665,0.0,0.9504846959758886,0.43862627121662356
1221180.0,4923.3112595185685,4249.406805524058,0.0,0.9504846339406916,0.43862764663936415
1221240.0,4923.299387489376,4249.418676763557,0.0,0.9504846970167924,0.43862902207450355
1221300.0,4923.287525637885,4249.430555511499,0.0,0.9504844264395993,0.4386303974789146
1221360.0,4923.275647331429,4249.442422154791,0.0,0.9504846946465446,0.438631772935265
1221420.0,4923.263772512759,4249.454291383154,0.0,0.9504848482877202,0.43863314838186684
1221480.0,4923.251907036085,4249.466167493341,0.0,0.950484695862347,0.438634523799602
1221540.0,4923.240039561763,4249.478042151389,0.0,0.95048460851821,0.4386358992247709
1221600.0,4923.228166703961,4249.489912853625,0.0,0.9504846973622192,0.4386372746672241
1221660.0,4923.216303189937,4249.501790446208,0.0,0.9504844799452493,0.4386386500812651
1221720.0,4923.20442647808,4249.513658335609,0.0,0.9504846945620778,0.4386400255373391
1221780.0,4923.192552555104,4249.52552829576,0.0,0.9504848175008296,0.4386414009858533
1221840.0,4923.180686106995,4249.537403763695,0.0,0.9504846955183422,0.43864277641134874
1221900.0,4923.1688180582605,4249.549278071657,0.0,0.950484625615313,0.4386441518430343
1221960.0,4923.156945700862,4249.561149214785,0.0,0.9504846967019257,0.4386455272886377
1222020.0,4923.145080818937,4249.573025873329,0.0,0.9504845227117477,0.43864690271168044
1222080.0,4923.133205374745,4249.584894768269,0.0,0.9504846944445433,0.4386482781685011
1222140.0,4923.12133216016,4249.596765322376,0.0,0.9504847928145421,0.4386496536195138
1222200.0,4923.109464926343,4249.608640284709,0.0,0.9504846951931198,0.4386510290521872
1222260.0,4923.097596409605,4249.6205143208745,0.0,0.950484639246834,0.4386524044900555
1222320.0,4923.085724444283,4249.6323858251735,0.0,0.9504846961236019,0.43865377993914767
1222380.0,4923.0738616556255,4249.644264101785,0.0,0.9504844521180337,0.43865515536064376
1222440.0,4923.061984028486,4249.656131462441,0.0,0.9504846939779708,0.4386565308290203
1222500.0,4923.050109545409,4249.668001155405,0.0,0.9504848325246358,0.43865790628872353
1222560.0,4923.038243486063,4249.6798770549285,0.0,0.950484695066173,0.43865928172243374
1222620.0,4923.026375624331,4249.691751645891,0.0,0.9504846162967795,0.43866065716296604
1222680.0,4923.014502907721,4249.703622669765,0.0,0.9504846964105437,0.4386620326191281
1222740.0,4923.002638616049,4249.715499908278,0.0,0.9504845003438889,0.43866340804975334
1222800.0,4922.9907624227335,4249.727368396803,0.0,0.9504846938772428,0.4386647835183546
1222860.0,4922.978888743248,4249.739238753805,0.0,0.950484804737045,0.43866615898025657
1222920.0,4922.967021803822,4249.751114078219,0.0,0.9504846947313986,0.43866753442143935
1222980.0,4922.9551534200245,4249.762988357558,0.0,0.9504846316900282,0.43866890986832263
1223040.0,4922.943281150556,4249.774859783129,0.0,0.9504846957905468,0.4386702853277997
1223100.0,4922.931415621295,4249.786736183394,0.0,0.9504845388852995,0.438671660767017
1223160.0,4922.91954056699,4249.798605582827,0.0,0.950484693746695,0.4386730362367659
1223220.0,4922.907667522196,4249.810476479565,0.0,0.9504847824508965,0.438674411701395
1223280.0,4922.895799941996,4249.822351405352,0.0,0.9504846920539913,0.43867578714932437
1223340.0,4922.883929019264,4249.8342238835,0.0,0.9504847108909147,0.4386771626085606
1223400.0,4922.872059448793,4249.846097368801,0.0,0.9504846852166648,0.4386785380643215
1223460.0,4922.86018867663,4249.857969981608,0.0,0.9504846986727531,0.4386799135246329
1223520.0,4922.848319594803,4249.869843851201,0.0,0.9504846565302221,0.4386812889804588
1223580.0,4922.836448050736,4249.881715919602,0.0,0.9504846948191488,0.4386826644447355
1223640.0,4922.824582682868,4249.893592552281,0.0,0.9504845304847827,0.43868403989081295
1223700.0,4922.8127073216765,4249.905461834539,0.0,0.9504846933470015,0.438685415368596
1223760.0,4922.8008340742845,4249.917332690937,0.0,0.9504847866349388,0.4386867908409318
1223820.0,4922.788966573799,4249.929207784398,0.0,0.9504846915711728,0.4386881662956826
1223880.0,4922.777095558601,4249.9410803033525,0.0,0.9504847113831779,0.4386895417622799
1223940.0,4922.765225965827,4249.952953881151,0.0,0.9504846843850003,0.4386909172251817
1224000.0,4922.753355109682,4249.964826541012,0.0,0.9504846985382499,0.4386922926928274
1224060.0,4922.741486031516,4249.97670052223,0.0,0.9504846542212003,0.4386936681557127
1224120.0,4922.729614364327,4249.988572608837,0.0,0.9504846944899092,0.4386950436274462
1224180.0,4922.717749192729,4250.000449495058,0.0,0.9504845216697677,0.4386964190799784
1224240.0,4922.70587351206,4250.012318650833,0.0,0.9504846929460282,0.4386977945658339
1224300.0,4922.6940000548575,4250.02418946155,0.0,0.9504847910545055,0.43869917004589776
1224360.0,4922.682132562004,4250.03606466923,0.0,0.950484693692391,0.43870054550766974
1224420.0,4922.670263789731,4250.0479389531265,0.0,0.9504846378946604,0.43870192097462557
1224480.0,4922.6583915783285,4250.059810711636,0.0,0.9504846946201758,0.4387032964527776
1224540.0,4922.646528518389,4250.0716892251585,0.0,0.950484451262924,0.43870467190340573
1224600.0,4922.634650660676,4250.083556850648,0.0,0.9504846924800222,0.43870604740079566
1224660.0,4922.622775938379,4250.095426802499,0.0,0.9504848306584244,0.43870742288953657
1224720.0,4922.610909616695,4250.107302945042,0.0,0.9504846935651082,0.4387087983523512
1224780.0,4922.5990414975495,4250.1191777823915,0.0,0.9504846150048925,0.43871017382197286
1224840.0,4922.587168536838,4250.131049061779,0.0,0.9504846949056827,0.4387115493071852
1224900.0,4922.575303977935,4250.14292653993,0.0,0.95048449935986,0.43871292476692725
1224960.0,4922.563427550031,4250.154795290474,0.0,0.9504846923788883,0.43871430026454994
1225020.0,4922.551553629039,4250.166665904737,0.0,0.9504848029440078,0.4387156757554925
1225080.0,4922.539686429604,4250.178541473716,0.0,0.9504846932305503,0.438717051225769
1225140.0,4922.5278177897435,4250.190416000311,0.0,0.950484630356595,0.43871842670173383
1225200.0,4922.515945274867,4250.202287680445,0.0,0.9504846942866593,0.4387198021902613
1225260.0,4922.504079481689,4250.214164322564,0.0,0.9504845377982364,0.43872117765858193
1225320.0,4922.492204189588,4250.226033981764,0.0,0.9504846922480146,0.43872255315735786
1225380.0,4922.480330901466,4250.23790513446,0.0,0.9504847807163447,0.4387239286510291
1225440.0,4922.4684630629345,4250.249780305907,0.0,0.9504846905595853,0.4387253041280439
1225500.0,4922.456591891026,4250.26165303599,0.0,0.9504847093463333,0.4387266796163384
1225560.0,4922.444722067656,4250.273526770661,0.0,0.9504846837402057,0.43872805510116764
1225620.0,4922.432851045879,4250.2853996350805,0.0,0.9504846971604201,0.43872943059053743
1225680.0,4922.420981709788,4250.297273753085,0.0,0.9504846551297752,0.4387308060754346
1225740.0,4922.409109918201,4250.309146074512,0.0,0.9504846933168327,0.4387321815687623
1225800.0,4922.397244285843,4250.321022948566,0.0,0.9504845294190424,0.438733557043939
1225860.0,4922.385368687578,4250.332892491,0.0,0.950484691848373,0.4387349325507413
1225920.0,4922.37349519729,4250.344763603569,0.0,0.9504847848882838,0.4387363080521125
1225980.0,4922.361627438132,4250.356638942371,0.0,0.9504846900770394,0.4387376835359439
1226040.0,4922.3497561738905,4250.3685117132645,0.0,0.9504847098362815,0.43873905903159355
1226100.0,4922.337886328159,4250.380385540307,0.0,0.9504846829097395,0.43874043452355826
1226160.0,4922.3260152225075,4250.392258451768,0.0,0.9504846970252648,0.43874181002025636
1226220.0,4922.314145889944,4250.404132681221,0.0,0.9504846528258708,0.4387431855122074
1226280.0,4922.302273975449,4250.416005020918,0.0,0.9504846929874581,0.4387445610129856
1226340.0,4922.290408538699,4250.427882147977,0.0,0.9504845206264734,0.43874593649461335
1226400.0,4922.278532621709,4250.4397515643595,0.0,0.9504846914474556,0.4387473120094801
1226460.0,4922.266658922065,4250.451622631475,0.0,0.9504847892950756,0.4387486875185723
1226520.0,4922.254791170394,4250.463498084312,0.0,0.9504846921916105,0.43875006300941977
1226580.0,4922.242922142794,4250.475372615749,0.0,0.9504846365421055,0.43875143850544013
1226640.0,4922.231049685498,4250.487244628265,0.0,0.950484693116704,0.43875281401262894
1226700.0,4922.219186354523,4250.499123378531,0.0,0.9504844504063072,0.43875418949236594
1226760.0,4922.20730826639,4250.510991268625,0.0,0.9504846909820155,0.4387555650187465
1226820.0,4922.195433305045,4250.522861479147,0.0,0.9504848287929506,0.4387569405365022
1226880.0,4922.183566721244,4250.534737864533,0.0,0.9504846920639923,0.43875831602839827
1226940.0,4922.171698344896,4250.54661294808,0.0,0.9504846137125205,0.4387596915270862
1227000.0,4922.1598251402675,4250.558484482772,0.0,0.9504846934007782,0.4387610670413261
1227060.0,4922.147960314367,4250.570362200384,0.0,0.9504844983747098,0.4387624425301617
1227120.0,4922.136083652035,4250.582231212729,0.0,0.9504846908804772,0.4387638180567831
1227180.0,4922.124209489714,4250.594102084043,0.0,0.9504848011515361,0.4387651935767433
1227240.0,4922.112342030496,4250.605977897402,0.0,0.9504846917296503,0.43876656907609074
1227300.0,4922.100473134781,4250.6178526710655,0.0,0.9504846290227222,0.43876794458111423
1227360.0,4922.088600374679,4250.629724605553,0.0,0.9504846927827275,0.4387693200986692
1227420.0,4922.076734317812,4250.6416014893475,0.0,0.9504845367101629,0.4387706955960703
1227480.0,4922.064858788085,4250.653471408094,0.0,0.9504846907492773,0.43877207112385036
1227540.0,4922.052985256815,4250.665342816537,0.0,0.950484778982309,0.4387734466465408
1227600.0,4922.041117160166,4250.677218233456,0.0,0.9504846890651122,0.4387748221526179
1227660.0,4922.029245739278,4250.689091215269,0.0,0.950484707801806,0.43877619766994747
1227720.0,4922.017375663215,4250.700965199112,0.0,0.9504846822636361,0.4387775731838221
1227780.0,4922.005504392022,4250.712838314944,0.0,0.9504846956480629,0.43877894870222695
1227840.0,4921.993634801873,4250.724712681166,0.0,0.9504846537290335,0.43878032421617197
1227900.0,4921.981762762952,4250.7365852554185,0.0,0.9504846918144684,0.43878169973852776
1227960.0,4921.969896866335,4250.748462370668,0.0,0.9504845283523079,0.4387830752427806
1228020.0,4921.958021031162,4250.76033217306,0.0,0.9504846903496882,0.43878445077857925
1228080.0,4921.946147298159,4250.772203541589,0.0,0.950484783142157,0.4387858263089628
1228140.0,4921.934279280548,4250.78407912555,0.0,0.9504846885828383,0.43878720182185205
1228200.0,4921.922407767458,4250.795952148181,0.0,0.9504847082894448,0.4387885773465307
1228260.0,4921.91053766897,4250.807826224271,0.0,0.9504846814343657,0.4387899528675355
1228320.0,4921.898666314009,4250.819699387135,0.0,0.9504846955122576,0.438791328393263
1228380.0,4921.886796727254,4250.831573864634,0.0,0.9504846514302393,0.43879270391425695
1228440.0,4921.874924565641,4250.84344645722,0.0,0.9504846914849592,0.4387940794440569
1228500.0,4921.8630588639735,4250.855323824939,0.0,0.950484519582073,0.43879545495475725
1228560.0,4921.851182710826,4250.867193501716,0.0,0.9504846899488261,0.43879683049861273
1228620.0,4921.83930876892,4250.879064825021,0.0,0.9504847875361793,0.43879820603671055
1228680.0,4921.827440758648,4250.890940522831,0.0,0.950484690690778,0.43879958155661086
1228740.0,4921.815571475932,4250.902815301619,0.0,0.9504846351890714,0.4388009570816728
1228800.0,4921.803698772927,4250.914687567935,0.0,0.9504846916131892,0.4388023326178756
1228860.0,4921.791835171181,4250.92656655479,0.0,0.9504844495476357,0.4388037081266984
1228920.0,4921.7799568527635,4250.938434709246,0.0,0.9504846894839488,0.438805083682047
1228980.0,4921.768081652533,4250.950305178217,0.0,0.9504848269285745,0.4388064592287947
1229040.0,4921.756214806851,4250.962181806267,0.0,0.9504846905628258,0.4388078347497492
1229100.0,4921.74434617352,4250.974057135826,0.0,0.950484612419504,0.4388092102774803
1229160.0,4921.732472725151,4250.985928925615,0.0,0.9504846918958338,0.4388105858207246
1229220.0,4921.720607632499,4250.997806882521,0.0,0.9504844973880542,0.4388119613386309
1229280.0,4921.708730735893,4251.009676156438,0.0,0.9504846893820076,0.43881333689422797
1229340.0,4921.696856332415,4251.0215472845875,0.0,0.9504847993598287,0.43881471244318304
1229400.0,4921.684988613632,4251.03342334215,0.0,0.9504846902286987,0.43881608797157856
1229460.0,4921.673119462277,4251.045298362691,0.0,0.950484627688355,0.4388174635056377
1229520.0,4921.661246457135,4251.057170551325,0.0,0.950484691278752,0.4388188390521971
1229580.0,4921.649383709323,4251.069050312382,0.0,0.9504844184970873,0.4388202145677504
1229640.0,4921.637504378022,4251.080917865411,0.0,0.9504846888898579,0.4388215901356846
1229700.0,4921.625628561868,4251.0927880254585,0.0,0.9504848437833293,0.43882296569377244
1229760.0,4921.6137621607395,4251.104665126041,0.0,0.9504846901162347,0.4388243412227407
1229820.0,4921.601893746469,4251.1165407619665,0.0,0.9504846020607118,0.4388257167591927
1229880.0,4921.590019906693,4251.128412408266,0.0,0.9504846916289957,0.4388270923130724
1229940.0,4921.578149366281,4251.140286497501,0.0,0.9504846728644563,0.438828467857442
1230000.0,4921.566277471686,4251.15215960102,0.0,0.9504846982439453,0.4388298434068162
1230060.0,4921.554406754699,4251.164033583969,0.0,0.9504846848158564,0.43883121895328253
1230120.0,4921.542534347464,4251.175906334417,0.0,0.9504847265278015,0.4388325945058559
1230180.0,4921.530664368524,4251.187780884758,0.0,0.950484688471694,0.4388339700515517
1230240.0,4921.518788245649,4251.199650927386,0.0,0.9504848513676432,0.43883534561765675
1230300.0,4921.506922024059,4251.211528269036,0.0,0.9504846897657174,0.4388367211531164
1230360.0,4921.49505368593,4251.223404069796,0.0,0.9504845971642342,0.4388380966963838
1230420.0,4921.483179642385,4251.235275674567,0.0,0.950484691360917,0.43883947225795716
1230480.0,4921.47130906892,4251.247149848131,0.0,0.9504846716293305,0.4388408478094844
1230540.0,4921.45943707171,4251.259022984692,0.0,0.9504846983218368,0.43884222336623435
1230600.0,4921.447566313262,4251.2708970457725,0.0,0.9504846842023309,0.4388435989198845
1230660.0,4921.435693777678,4251.282769810285,0.0,0.9504847280708726,0.4388449744799144
1230720.0,4921.423823796093,4251.294644467361,0.0,0.9504846880512985,0.43884635003267186
1230780.0,4921.411947353901,4251.306514383254,0.0,0.9504848593631149,0.4388477256068321
1230840.0,4921.400081324364,4251.318391975179,0.0,0.9504846894164627,0.4388491011487421
1230900.0,4921.388213069547,4251.330267946047,0.0,0.9504845920342586,0.4388504766988008
1230960.0,4921.376338894169,4251.342139561869,0.0,0.950484688510273,0.4388518522678165
1231020.0,4921.3644659665915,4251.354012114876,0.0,0.9504847437647181,0.4388532278340923
1231080.0,4921.352596441452,4251.365887180626,0.0,0.9504846874241578,0.4388546033901201
1231140.0,4921.340717822455,4251.377755565334,0.0,0.9504849286909551,0.4388559789758071
1231200.0,4921.3288538682855,4251.389634758562,0.0,0.9504846893806733,0.43885735451591096
1231260.0,4921.316986784666,4251.401511664652,0.0,0.9504845522591401,0.4388587300669985
1231320.0,4921.3051113649635,4251.413382436213,0.0,0.9504846881385544,0.4388601056446169
1231380.0,4921.293237706695,4251.425254523341,0.0,0.9504847659677391,0.4388614812178848
1231440.0,4921.281368841365,4251.437130147581,0.0,0.9504846866430534,0.4388628567765446
1231500.0,4921.269491630648,4251.448999637409,0.0,0.9504848804928634,0.4388642323622239
1231560.0,4921.257626175727,4251.460877797695,0.0,0.9504846889830192,0.43886560791173324
1231620.0,4921.24575821451,4251.472754129803,0.0,0.9504845792469656,0.4388669834702726
1231680.0,4921.233883581969,4251.484625553542,0.0,0.9504846879723977,0.43886835905012395
1231740.0,4921.2220103568725,4251.496498032119,0.0,0.9504847502447142,0.4388697346267344
1231800.0,4921.210140966394,4251.508373341964,0.0,0.9504846867590151,0.43887111019174085
1231860.0,4921.198261329506,4251.520241121299,0.0,0.9504849586513695,0.43887248579002197
1231920.0,4921.186398218591,4251.5321210808725,0.0,0.9504846889744166,0.43887386133688117
1231980.0,4921.174531582479,4251.54399846163,0.0,0.9504845344554449,0.43887523689596525
1232040.0,4921.16265555303,4251.555868928621,0.0,0.9504846875852306,0.4388766124848967
1232100.0,4921.150781509833,4251.567740876869,0.0,0.9504847752973132,0.43887798806877226
1232160.0,4921.138912868179,4251.579616810799,0.0,0.9504846859105063,0.4388793636361302
1232220.0,4921.127040922478,4251.591490323511,0.0,0.9504847045363792,0.43888073921468024
1232280.0,4921.115170313388,4251.6033648325765,0.0,0.9504846791486696,0.438882114789798
1232340.0,4921.1032985164065,4251.615238478597,0.0,0.9504846924538619,0.4388834903694238
1232400.0,4921.091428390211,4251.627113367923,0.0,0.950484650781957,0.4388848659446183
1232460.0,4921.079555830113,4251.638986475502,0.0,0.9504846886423923,0.4388862415281788
1232520.0,4921.067689374908,4251.650864098279,0.0,0.9504845261446396,0.4388876170937436
1232580.0,4921.055813041591,4251.662734449828,0.0,0.9504846871857584,0.43888899269067744
1232640.0,4921.043938797612,4251.674606358642,0.0,0.950484779430347,0.43889036828223144
1232700.0,4921.032070234238,4251.686482458914,0.0,0.9504846854288378,0.4388917438563919
1232760.0,4921.0201981966175,4251.698356012464,0.0,0.9504847050188944,0.4388931194422785
1232820.0,4921.008327564965,4251.710230613504,0.0,0.950484678322054,0.43889449502451505
1232880.0,4920.996455684452,4251.722104306541,0.0,0.9504846923166155,0.43889587061145074
1232940.0,4920.984585561355,4251.733979306764,0.0,0.9504846484944949,0.43889724619368314
1233000.0,4920.972712879036,4251.745852432826,0.0,0.9504846883125863,0.4388986217846747
1233060.0,4920.9608466173195,4251.757730306888,0.0,0.9504845174238832,0.43889999735667945
1233120.0,4920.948969967689,4251.769600533786,0.0,0.9504846867850201,0.43890137296165316
1233180.0,4920.937095515799,4251.781472397883,0.0,0.9504847837962883,0.4389027485609067
1233240.0,4920.925226959447,4251.793348611611,0.0,0.9504846875220957,0.43890412414206736
1233300.0,4920.9133571383445,4251.805223911585,0.0,0.9504846323476506,0.43890549972836523
1233360.0,4920.901483917743,4251.817096713397,0.0,0.9504846884385656,0.43890687532574274
1233420.0,4920.889619742989,4251.828976197552,0.0,0.9504844478011523,0.4389082508958998
1233480.0,4920.877740941075,4251.840844910958,0.0,0.9504846863213917,0.43890962651232096
1233540.0,4920.865865238331,4251.85271592575,0.0,0.9504848229547413,0.4389110021201947
1233600.0,4920.853997839303,4251.864593064592,0.0,0.9504846873934045,0.4389123777024228
1233660.0,4920.842128663453,4251.876468912373,0.0,0.95048460971088,0.43891375329139404
1233720.0,4920.830254701837,4251.888341240536,0.0,0.9504846887180499,0.4389151288957923
1233780.0,4920.818389045081,4251.900219700765,0.0,0.9504844953575756,0.43891650447499947
1233840.0,4920.8065116561365,4251.912089527424,0.0,0.9504846862185572,0.43891788009168714
1233900.0,4920.794636745112,4251.923961197809,0.0,0.9504847955472666,0.43891925570177504
1233960.0,4920.782768478109,4251.935837769577,0.0,0.9504846870597551,0.43892063129142134
1234020.0,4920.7708987872,4251.9477133102655,0.0,0.9504846248881922,0.438922006886704
1234080.0,4920.759025265929,4251.959586035172,0.0,0.950484688103114,0.43892338249441787
1234140.0,4920.74716193955,4251.971466289461,0.0,0.9504844169307811,0.43892475807130577
1234200.0,4920.735282130541,4251.983334405193,0.0,0.9504846857278182,0.4389261337002797
1234260.0,4920.7234058152535,4251.995205113154,0.0,0.9504848397070825,0.43892750931946795
1234320.0,4920.711538857707,4252.007082722176,0.0,0.9504846869464604,0.43892888490970305
1234380.0,4920.699669899215,4252.018958874915,0.0,0.9504845994102447,0.4389302605073843
1234440.0,4920.687795548206,4252.030831060743,0.0,0.950484688449798,0.4389316361223964
1234500.0,4920.675924476456,4252.042705675637,0.0,0.9504846697957234,0.4389330117279555
1234560.0,4920.6640520587325,4252.0545793104475,0.0,0.950484695025221,0.43893438733849405
1234620.0,4920.652180811422,4252.066453819717,0.0,0.9504846816761099,0.43893576294614434
1234680.0,4920.640307884114,4252.078327103523,0.0,0.9504847231417053,0.43893713855987054
1234740.0,4920.628437370302,4252.090202177007,0.0,0.9504846853098801,0.4389385141667611
1234800.0,4920.61656074988,4252.102072768466,0.0,0.9504848472444782,0.4389398897939501
1234860.0,4920.604693970506,4252.113950617437,0.0,0.9504846865957705,0.43894126539066863
1234920.0,4920.592825087418,4252.125826934326,0.0,0.9504845945403979,0.4389426409951557
1234980.0,4920.580950533598,4252.137699079111,0.0,0.9504846881810605,0.4389440166178468
1235040.0,4920.569079428723,4252.149573778108,0.0,0.9504846685656406,0.43894539223055223
1235100.0,4920.557206908732,4252.1614474460275,0.0,0.9504846951004136,0.4389467678484538
1235160.0,4920.545335619939,4252.17332203323,0.0,0.9504846810639623,0.4389481434632763
1235220.0,4920.5334625647865,4252.185195331272,0.0,0.9504847246734397,0.43894951908444557
1235280.0,4920.521592048071,4252.197070511136,0.0,0.9504846848897235,0.4389508946983868
1235340.0,4920.509715109999,4252.208940976832,0.0,0.9504848551905586,0.4389522703336142
1235400.0,4920.49784852123,4252.220819074905,0.0,0.9504846862463355,0.4389536459367754
1235460.0,4920.485979720674,4252.232695561186,0.0,0.9504845894383722,0.4389550215480441
1235520.0,4920.474105035543,4252.24456771721,0.0,0.9504846853449939,0.4389563971781642
1235580.0,4920.462231590582,4252.256440805127,0.0,0.9504847402733066,0.43895777280556475
1235640.0,4920.450361527353,4252.268316391513,0.0,0.9504846842647864,0.43895914842277706
1235700.0,4920.438482425514,4252.28018533489,0.0,0.950484924108448,0.4389605240694855
1235760.0,4920.426617899326,4252.292065025338,0.0,0.9504846862092652,0.4389618996708703
1235820.0,4920.41475026267,4252.303942441696,0.0,0.9504845498961303,0.43896327528318135
1235880.0,4920.402874340594,4252.315813758424,0.0,0.9504846849739738,0.43896465092187487
1235940.0,4920.391000169202,4252.32768638328,0.0,0.9504847623438417,0.43896602655624734
1236000.0,4920.379130761586,4252.339562525147,0.0,0.9504846834867965,0.438967402176096
1236060.0,4920.367253059297,4252.35143256752,0.0,0.9504848761929506,0.43896877782281485
1236120.0,4920.355387041294,4252.363311231061,0.0,0.9504846858124624,0.4389701534335711
1236180.0,4920.3435185321905,4252.375188076867,0.0,0.9504845767233863,0.4389715290533111
1236240.0,4920.331643392308,4252.3870600422315,0.0,0.9504846848073036,0.43897290469424416
1236300.0,4920.319769651269,4252.398933056477,0.0,0.9504847467120991,0.43897428033195945
1236360.0,4920.307899721516,4252.410808885904,0.0,0.9504846836005792,0.4389756559581381
1236420.0,4920.296019607608,4252.422677227685,0.0,0.9504849538891141,0.4389770316174079
1236480.0,4920.284155919178,4252.434557680455,0.0,0.9504846858024172,0.43897840722554826
1236540.0,4920.272288726939,4252.446435569114,0.0,0.9504845321945166,0.4389797828458491
1236600.0,4920.26041219846,4252.458306583339,0.0,0.9504846844209264,0.4389811584958303
1236660.0,4920.248537644109,4252.470179070438,0.0,0.9504847716154821,0.4389825341407889
1236720.0,4920.236668458446,4252.482055520571,0.0,0.9504846827555811,0.4389839097693249
1236780.0,4920.224789926622,4252.4939250959,0.0,0.9504848999243183,0.43898528542803117
1236840.0,4920.212924562389,4252.505804386104,0.0,0.9504846853869855,0.4389866610461191
1236900.0,4920.201056392298,4252.517681626482,0.0,0.9504845624582142,0.43898803667417846
1236960.0,4920.189180750552,4252.52955336639,0.0,0.9504846842648345,0.4389894123260699
1237020.0,4920.177306686452,4252.541426287018,0.0,0.9504847540315178,0.43899078797418206
1237080.0,4920.1654369176895,4252.553302379748,0.0,0.9504846829155364,0.4389921636092382
1237140.0,4920.153559668523,4252.565172972525,0.0,0.9504848566904813,0.43899353926861256
1237200.0,4920.141692954984,4252.577051340709,0.0,0.9504846850045934,0.43899491489562353
1237260.0,4920.129823994097,4252.588928070621,0.0,0.9504845866259148,0.43899629053085404
1237320.0,4920.117949053611,4252.600800399555,0.0,0.9504846840899716,0.4389976661852366
1237380.0,4920.106075373507,4252.612673675417,0.0,0.950484739910489,0.43899904183683497
1237440.0,4920.09420512984,4252.624549490449,0.0,0.9504846829935818,0.4390004174780712
1237500.0,4920.082325701693,4252.636418553914,0.0,0.950484926730738,0.43900179314926535
1237560.0,4920.070461084758,4252.648298539735,0.0,0.9504846849709712,0.4390031687743887
1237620.0,4920.058593307272,4252.660176214189,0.0,0.9504845464460779,0.4390045444105965
1237680.0,4920.0467171105565,4252.6720476894325,0.0,0.9504846837169807,0.43900592007361044
1237740.0,4920.034842692986,4252.683920493971,0.0,0.9504847623432804,0.43900729573221253
1237800.0,4920.022973116222,4252.695796872842,0.0,0.9504846822070159,0.4390086713760463
1237860.0,4920.011095110892,4252.707667052571,0.0,0.9504848780416234,0.43901004704717417
1237920.0,4919.999228978737,4252.719545994027,0.0,0.9504846845717791,0.43901142268174026
1237980.0,4919.9873603154065,4252.731423087913,0.0,0.9504845737128064,0.4390127983254163
1238040.0,4919.9754849142255,4252.7432952216695,0.0,0.9504846835516562,0.4390141739906244
1238100.0,4919.96361093466,4252.755168421244,0.0,0.9504847464619015,0.43901554965254197
1238160.0,4919.951740828021,4252.76704448187,0.0,0.9504846823266957,0.4390169253027273
1238220.0,4919.939863975241,4252.778915583226,0.0,0.9504848390297107,0.43901830097492905
1238280.0,4919.927996622298,4252.790793697252,0.0,0.9504846842023816,0.4390196766180135
1238340.0,4919.916127241808,4252.802670334857,0.0,0.9504845954821204,0.43902105226862814
1238400.0,4919.904252396748,4252.814542951065,0.0,0.9504846857271863,0.4390224279368052
1238460.0,4919.892380874906,4252.8264180295555,0.0,0.9504846668212289,0.4390238035953863
1238520.0,4919.880507989192,4252.838292114419,0.0,0.9504846923927168,0.4390251792590036
1238580.0,4919.868636289642,4252.8501670856285,0.0,0.9504846788635141,0.4390265549196807
1238640.0,4919.856762887738,4252.862040814454,0.0,0.9504847208908247,0.4390279305865046
1238700.0,4919.844891931699,4252.873916357412,0.0,0.9504846825475828,0.4390293062463873
1238760.0,4919.833014787548,4252.8857873567,0.0,0.9504848466741392,0.43903068192682954
1238820.0,4919.8211476160795,4252.897665713017,0.0,0.9504846838519971,0.4390320575763763
1238880.0,4919.809278312925,4252.909542516074,0.0,0.9504845905514274,0.4390334332337801
1238940.0,4919.79740326327,4252.921415089736,0.0,0.9504846854598629,0.4390348089096316
1239000.0,4919.785531708785,4252.933290252533,0.0,0.9504846655795508,0.43903618457534727
1239060.0,4919.773658720363,4252.945164370005,0.0,0.9504846924739778,0.43903756024631857
1239120.0,4919.761786979703,4252.9570394192715,0.0,0.9504846782481335,0.43903893591415627
1239180.0,4919.749913449171,4252.968913161582,0.0,0.9504847224483427,0.4390403115884155
1239240.0,4919.738042491114,4252.980788811435,0.0,0.9504846821267907,0.4390416872553356
1239300.0,4919.726165025988,4252.992659682284,0.0,0.950484854732895,0.43904306294381684
1239360.0,4919.714298048607,4253.004538290174,0.0,0.9504846835028845,0.4390444385997848
1239420.0,4919.702428830016,4253.016415264001,0.0,0.9504845853853545,0.43904581426395356
1239480.0,4919.690553648219,4253.028287848106,0.0,0.9504846825904674,0.4390471899472266
1239540.0,4919.678679723325,4253.0401613767335,0.0,0.9504847382626483,0.4390485656277245
1239600.0,4919.666809225438,4253.052037438049,0.0,0.9504846814967649,0.43904994129788744
1239660.0,4919.654929568235,4253.063906765068,0.0,0.9504849245865723,0.43905131699793404
1239720.0,4919.643064681625,4253.075786986543,0.0,0.9504846834686789,0.4390526926520277
1239780.0,4919.63119664311,4253.08766490257,0.0,0.9504845453115265,0.43905406831717975
1239840.0,4919.619320208447,4253.099536635236,0.0,0.9504846822177938,0.4390554440090706
1239900.0,4919.607445548026,4253.111409693816,0.0,0.9504847606352397,0.43905681969656285
1239960.0,4919.595575715135,4253.123286317605,0.0,0.9504846807116134,0.43905819536932505
1240020.0,4919.58369747677,4253.1351567581005,0.0,0.950484876026187,0.4390595710693136
1240080.0,4919.571831079017,4253.147035937948,0.0,0.9504846830698741,0.43906094673283425
1240140.0,4919.559962157007,4253.158913274967,0.0,0.9504845725050951,0.43906232240544385
1240200.0,4919.548086515612,4253.170785664535,0.0,0.9504846820522352,0.4390636980995317
1240260.0,4919.536212291916,4253.182659117216,0.0,0.9504847447953334,0.4390650737903394
1240320.0,4919.524341930519,4253.194535423644,0.0,0.9504846808303031,0.4390664494694453
1240380.0,4919.512464841464,4253.206406783486,0.0,0.9504848371171688,0.4390678251705133
1240440.0,4919.500597226186,4253.218285138095,0.0,0.9504846827007848,0.43906920084253925
1240500.0,4919.4887275889005,4253.23016202007,0.0,0.9504845942159661,0.4390705765220783
1240560.0,4919.476852502023,4253.242034890935,0.0,0.9504846842213165,0.4390719522191361
1240620.0,4919.464980729235,4253.2539102178,0.0,0.9504846653654422,0.4390733279066237
1240680.0,4919.453107596302,4253.265784553585,0.0,0.9504846908689262,0.4390747035991358
1240740.0,4919.44123564627,4253.2776597734655,0.0,0.9504846773755308,0.4390760792887168
1240800.0,4919.429361998534,4253.2895337541495,0.0,0.9504847192911483,0.43907745498443035
1240860.0,4919.417490789946,4253.301409544343,0.0,0.9504846810495936,0.43907883067322173
1240920.0,4919.405613410188,4253.313280802492,0.0,0.9504848447403771,0.4390802063825225
1240980.0,4919.393745975774,4253.325159398879,0.0,0.9504846823503214,0.43908158206100695
1241040.0,4919.381876415495,4253.337036445996,0.0,0.9504845892972877,0.4390829577473304
1241100.0,4919.370001124456,4253.348909274523,0.0,0.9504846839536946,0.4390843334520557
1241160.0,4919.3581293189945,4253.36078468559,0.0,0.9504846641260478,0.43908570914667217
1241220.0,4919.346256083512,4253.3726590540155,0.0,0.9504846909489645,0.4390870848465324
1241280.0,4919.334384092362,4253.384534351866,0.0,0.9504846767607738,0.4390884605432683
1241340.0,4919.3225103162285,4253.396408346108,0.0,0.9504847208435293,0.4390898362464109
1241400.0,4919.310639105507,4253.408284243033,0.0,0.9504846806289102,0.43909121194223444
1241460.0,4919.2987614055355,4253.420155373183,0.0,0.9504848527766496,0.4390925876595663
1241520.0,4919.286894164548,4253.432034220613,0.0,0.950484682001126,0.4390939633444683
1241580.0,4919.275024688476,4253.443911438171,0.0,0.9504845841440261,0.43909533903755227
1241640.0,4919.263149265541,4253.455784277228,0.0,0.9504846810909073,0.4390967147496928
1241700.0,4919.251275096044,4253.467658058415,0.0,0.9504847366151317,0.43909809045906717
1241760.0,4919.239404344149,4253.479534365824,0.0,0.9504846799998847,0.43909946615813356
1241820.0,4919.227524458034,4253.491403956162,0.0,0.9504849224440903,0.4391008418870099
1241880.0,4919.215659302002,4253.503284413123,0.0,0.9504846819663381,0.4391022175700505
1241940.0,4919.203791002687,4253.515162570547,0.0,0.9504845441759722,0.4391035932641237
1242000.0,4919.19191433024,4253.527034560415,0.0,0.9504846807185507,0.43910496898486856
1242060.0,4919.180039427153,4253.538907872829,0.0,0.9504847589275991,0.43910634470122795
1242120.0,4919.168169338347,4253.550784741344,0.0,0.950484679216147,0.43910772040289553
1242180.0,4919.156290867109,4253.562655442386,0.0,0.9504848740117996,0.43910909613172167
1242240.0,4919.144424203992,4253.574534860455,0.0,0.9504846815679192,0.4391104718241739
1242300.0,4919.132555023522,4253.586412440422,0.0,0.9504845712967037,0.43911184752569415
1242360.0,4919.120679142091,4253.598285085584,0.0,0.9504846805527593,0.43911322324863866
1242420.0,4919.10880467445,4253.610158791165,0.0,0.9504847431290759,0.4391145989683134
1242480.0,4919.096934058508,4253.622035343205,0.0,0.9504846793338484,0.43911597467631686
1242540.0,4919.085056733346,4253.633906961316,0.0,0.9504848352054593,0.4391173504062282
1242600.0,4919.073188855964,4253.645785556326,0.0,0.9504846811991369,0.43911872610717245
1242660.0,4919.061318962098,4253.6576626824835,0.0,0.9504845929493169,0.43912010181561284
1242720.0,4919.049443633583,4253.669535807791,0.0,0.9504846827154035,0.43912147754152814
1242780.0,4919.0375716100525,4253.681411382831,0.0,0.9504846639095198,0.4391228532578992
1242840.0,4919.025698230095,4253.693285969341,0.0,0.9504846893451254,0.4391242289792833
1242900.0,4919.01382602978,4253.705161437699,0.0,0.9504846758874713,0.43912560469774514
1242960.0,4919.0019521364065,4253.71703567004,0.0,0.9504847176916059,0.43912698042232545
1243020.0,4918.990080675473,4253.728911707275,0.0,0.9504846795515479,0.43912835614000223
1243080.0,4918.978203060286,4253.740783224072,0.0,0.9504848428071744,0.43912973187813853
1243140.0,4918.966335363139,4253.7526620603485,0.0,0.950484680848594,0.43913110758553764
1243200.0,4918.954465545943,4253.764539351334,0.0,0.9504845880427644,0.43913248330075794
1243260.0,4918.942590013711,4253.776412434525,0.0,0.9504846824474821,0.43913385903433394
1243320.0,4918.930717957474,4253.788288093664,0.0,0.9504846626724128,0.4391352347578283
1243380.0,4918.918844475127,4253.80016271284,0.0,0.9504846894239386,0.4391366104865546
1243440.0,4918.906972233683,4253.812038259075,0.0,0.9504846752733387,0.43913798621216593
1243500.0,4918.895098212141,4253.8239125050495,0.0,0.9504847192388435,0.439139361944169
1243560.0,4918.88322674896,4253.835788648854,0.0,0.9504846791309715,0.43914073766887296
1243620.0,4918.871348814313,4253.847660038085,0.0,0.9504848508212242,0.4391421134150327
1243680.0,4918.859481309948,4253.859539124876,0.0,0.9504846804993171,0.43914348912884554
1243740.0,4918.847611576611,4253.871416585978,0.0,0.9504845829020752,0.43914486485082177
1243800.0,4918.8357359127185,4253.88328967978,0.0,0.950484679591292,0.4391462405918067
1243860.0,4918.823861498804,4253.89516371332,0.0,0.9504847349679345,0.43914761633003474
1243920.0,4918.81199049311,4253.90704026663,0.0,0.9504846785029429,0.4391489920579817
1243980.0,4918.800110378231,4253.918910120057,0.0,0.9504849203030628,0.4391503678156648
1244040.0,4918.788244953025,4253.93079081234,0.0,0.9504846804639487,0.43915174352762976
1244100.0,4918.776376393139,4253.942669210982,0.0,0.9504845430394395,0.439153119250601
1244160.0,4918.76449948308,4253.954541457833,0.0,0.9504846792192512,0.43915449500017684
1244220.0,4918.752624337506,4253.9664150238705,0.0,0.9504847572204974,0.43915587074538043
1244280.0,4918.740753993004,4253.978292136928,0.0,0.9504846777206124,0.43915724647593024
1244340.0,4918.728875289039,4253.990163098287,0.0,0.9504848719989114,0.43915862223357116
1244400.0,4918.717008360809,4254.002042754408,0.0,0.9504846800659154,0.43915999795493177
1244460.0,4918.705138922107,4254.013920577142,0.0,0.9504845700873857,0.4391613736853396
1244520.0,4918.693262800809,4254.025793477688,0.0,0.9504846790532265,0.439162749437118
1244580.0,4918.681388089406,4254.03766743596,0.0,0.9504847414632687,0.439164125185637
1244640.0,4918.669517219135,4254.049544233426,0.0,0.9504846778373286,0.43916550092251516
1244700.0,4918.657636085175,4254.061413479149,0.0,0.9504849503307314,0.43916687669275534
1244760.0,4918.645771505187,4254.073294939304,0.0,0.9504846800577932,0.43916825241142166
1244820.0,4918.633903394099,4254.085173813318,0.0,0.9504845251974045,0.43916962814233895
1244880.0,4918.6220258737985,4254.09704575412,0.0,0.9504846786657035,0.43917100390318725
1244940.0,4918.610150343178,4254.108919180259,0.0,0.9504847665717069,0.4391723796589556
1245000.0,4918.598280223267,4254.12079660325,0.0,0.9504846769874444,0.4391737553981553
1245060.0,4918.586406793763,4254.132671598164,0.0,0.9504846956545672,0.43917513114857304
1245120.0,4918.574534703174,4254.144547592178,0.0,0.9504846702108278,0.4391765068955427
1245180.0,4918.56266142273,4254.156422720674,0.0,0.9504846835455122,0.4391778826470272
1245240.0,4918.550789815947,4254.168299095915,0.0,0.9504846417815722,0.4391792583940612
1245300.0,4918.5389157711825,4254.180173684354,0.0,0.9504846797257848,0.4391806341494795
1245360.0,4918.527047841714,4254.192052800602,0.0,0.9504845168687752,0.4391820098868412
1245420.0,4918.515170017427,4254.2039246251625,0.0,0.9504846782660966,0.43918338565565984
1245480.0,4918.503294286082,4254.215798011284,0.0,0.9504847707147246,0.43918476141907375
1245540.0,4918.491424244985,4254.227675600612,0.0,0.9504846765054582,0.43918613716504046
1245600.0,4918.479550723806,4254.239550636005,0.0,0.9504846961389145,0.43918751292276076
1245660.0,4918.467678611021,4254.251426721787,0.0,0.9504846693831254,0.43918888867681455
1245720.0,4918.455805247302,4254.263301896959,0.0,0.9504846834087163,0.43919026443557485
1245780.0,4918.443933644024,4254.275178382935,0.0,0.950484639489764,0.439191640189612
1245840.0,4918.432059477229,4254.287052989436,0.0,0.9504846793959998,0.43919301595242777
1245900.0,4918.42019174198,4254.2989323572065,0.0,0.9504845081293865,0.4391943916961928
1245960.0,4918.408313601238,4254.310804056289,0.0,0.9504846778652218,0.4391957674730194
1246020.0,4918.39643766203,4254.322677397097,0.0,0.9504847750911025,0.4391971432441
1246080.0,4918.38456762837,4254.334555099733,0.0,0.9504846786040939,0.43919851899703194
1246140.0,4918.372696327882,4254.34643188597,0.0,0.9504846233077322,0.43919989475510707
1246200.0,4918.360821622162,4254.358306166997,0.0,0.950484679522757,0.4392012705242905
1246260.0,4918.348955977675,4254.3701871490675,0.0,0.9504844383533408,0.43920264626616573
1246320.0,4918.337075681275,4254.382057330097,0.0,0.9504846774010685,0.43920402205443615
1246380.0,4918.325198489363,4254.393929818902,0.0,0.9504848143365847,0.43920539783412516
1246440.0,4918.313329615249,4254.405808448937,0.0,0.9504846784756178,0.4392067735880911
1246500.0,4918.301458961371,4254.417685784206,0.0,0.9504846006214522,0.43920814934881064
1246560.0,4918.289583513649,4254.429559589942,0.0,0.9504846798033578,0.43920952512499856
1246620.0,4918.277716384898,4254.441439544914,0.0,0.9504844860154792,0.43921090087591574
1246680.0,4918.265837504132,4254.453310842011,0.0,0.950484677298506,0.4392122766644165
1246740.0,4918.253961105545,4254.465183987936,0.0,0.9504847868690671,0.43921365244628935
1246800.0,4918.242091362256,4254.477062048991,0.0,0.9504846781417303,0.4392150282076581
1246860.0,4918.230220192717,4254.488939075991,0.0,0.9504846158327857,0.4392164039746706
1246920.0,4918.218345186355,4254.500813279271,0.0,0.9504846791875623,0.4392177797541469
1246980.0,4918.20648039221,4254.5126950330105,0.0,0.9504844074158122,0.4392191555026992
1247040.0,4918.194599087549,4254.524564614059,0.0,0.9504846768071818,0.43922053130348526
1247100.0,4918.182721282591,4254.536436794544,0.0,0.9504848311269196,0.439221907094448
1247160.0,4918.170852851244,4254.548315895453,0.0,0.9504846780286843,0.4392232828563709
1247220.0,4918.158982415625,4254.560193535907,0.0,0.9504845902991024,0.43922465862575216
1247280.0,4918.147106578387,4254.57206719828,0.0,0.9504846795355107,0.4392260344125112
1247340.0,4918.135234026006,4254.583943296483,0.0,0.950484660840287,0.43922741018978323
1247400.0,4918.123360125414,4254.595818411803,0.0,0.9504846861256365,0.4392287859720432
1247460.0,4918.11148739726,4254.607694403983,0.0,0.9504846727470996,0.4392301617514005
1247520.0,4918.099612986312,4254.6195691672065,0.0,0.9504847143044521,0.4392315375368451
1247580.0,4918.087740992988,4254.631445725086,0.0,0.9504846763890691,0.4392329133154283
1247640.0,4918.075862882778,4254.64331778827,0.0,0.9504848386818026,0.43923428911435985
1247700.0,4918.063994630301,4254.655197129331,0.0,0.9504846776779691,0.4392356648827295
1247760.0,4918.052124270615,4254.667074933927,0.0,0.9504845854191792,0.43923704065888114
1247820.0,4918.040248230624,4254.678948554671,0.0,0.9504846792669298,0.4392384164532864
1247880.0,4918.02837564546,4254.690824736743,0.0,0.9504846596082305,0.4392397922376702
1247940.0,4918.01650164283,4254.702699884793,0.0,0.9504846862017469,0.43924116802725943
1248000.0,4918.004628873527,4254.714575954658,0.0,0.9504846721343473,0.4392425438137545
1248060.0,4917.992754334916,4254.726450731687,0.0,0.950484715840333,0.43924391960660847
1248120.0,4917.980882339084,4254.738327395777,0.0,0.9504846759687331,0.4392452953922076
1248180.0,4917.969003911086,4254.750199332373,0.0,0.9504848466462228,0.43924667119914584
1248240.0,4917.9571358499425,4254.762078922769,0.0,0.9504846773285114,0.4392480469739219
1248300.0,4917.945265573333,4254.773956896764,0.0,0.9504845803065676,0.4392494227568198
1248360.0,4917.933389402209,4254.785830528306,0.0,0.9504846764253432,0.43925079855862026
1248420.0,4917.921514473418,4254.7977050942845,0.0,0.9504847314751437,0.4392521743576845
1248480.0,4917.909642932108,4254.809582165718,0.0,0.9504846753429149,0.4392535501465274
1248540.0,4917.897762336951,4254.821452575407,0.0,0.9504849157168049,0.439254925964943
1248600.0,4917.885896342141,4254.833333762333,0.0,0.9504846772918579,0.43925630173790053
1248660.0,4917.874027231663,4254.8452126687,0.0,0.9504845406775788,0.43925767752180694
1248720.0,4917.862149821765,4254.857085458278,0.0,0.950484676054003,0.439259053332169
1248780.0,4917.850274165581,4254.86895955958,0.0,0.9504847535949441,0.43926042913818847
1248840.0,4917.838403281259,4254.880837187744,0.0,0.9504846745637054,0.4392618049296387
1248900.0,4917.826524088271,4254.892708699222,0.0,0.9504848676959353,0.43926318074803034
1248960.0,4917.81465659939,4254.904588856042,0.0,0.9504846768946779,0.43926455653034974
1249020.0,4917.802786615256,4254.9164671899425,0.0,0.9504845675645704,0.43926593232166977
1249080.0,4917.790909989146,4254.928340629665,0.0,0.9504846758874641,0.43926730813424103
1249140.0,4917.779034764311,4254.940215121138,0.0,0.9504847379291326,0.43926868394357615
1249200.0,4917.767163357235,4254.952092435671,0.0,0.9504846746782396,0.439270059741338
1249260.0,4917.755281748835,4254.963962241451,0.0,0.9504849455642049,0.4392714355722779
1249320.0,4917.743416593736,4254.97584419221,0.0,0.9504846768851096,0.4392728113519371
1249380.0,4917.731547928961,4254.987723571578,0.0,0.9504845229378247,0.4392741871437829
1249440.0,4917.719669912166,4254.999596057173,0.0,0.9504846755007327,0.4392755629653919
1249500.0,4917.70779387291,4255.011470019705,0.0,0.9504847628880535,0.4392769387819545
1249560.0,4917.69592321145,4255.023347956373,0.0,0.9504846738318738,0.43927831458204386
1249620.0,4917.684043188063,4255.035218998871,0.0,0.9504848914806434,0.43927969041238396
1249680.0,4917.672176354592,4255.047099783485,0.0,0.9504846764692596,0.43928106620198276
1249740.0,4917.660306710578,4255.058978512439,0.0,0.9504845532688623,0.43928244200157274
1249800.0,4917.648429582281,4255.070851725447,0.0,0.9504846753447952,0.43928381782506065
1249860.0,4917.636554034372,4255.082726122413,0.0,0.9504847452657126,0.4392851936447493
1249920.0,4917.624682789095,4255.094603700359,0.0,0.9504846739926825,0.4392865694513409
1249980.0,4917.612804050802,4255.106475762849,0.0,0.9504848481517107,0.4392879452823143
1250040.0,4917.600935866008,4255.118355622536,0.0,0.9504846760865219,0.43928932108082525
1250100.0,4917.589065430127,4255.130233839276,0.0,0.9504845774904789,0.4392906968875704
1250160.0,4917.577189004549,4255.1421076426495,0.0,0.9504846751700452,0.4392920727135201
1250220.0,4917.565313841553,4255.153982395533,0.0,0.9504847311140388,0.4392934485366682
1250280.0,4917.553442120834,4255.16585969469,0.0,0.9504846740713985,0.43929482434942096
1250340.0,4917.541561200151,4255.177730223237,0.0,0.9504849183474671,0.4392962001922094
1250400.0,4917.529695115778,4255.189611704801,0.0,0.9504846760533252,0.4392975759887906
1250460.0,4917.517825865569,4255.201490868423,0.0,0.9504845372223152,0.4392989517964792
1250520.0,4917.505948181902,4255.213363815394,0.0,0.9504846747967294,0.4393003276310488
1250580.0,4917.494072280455,4255.225238095313,0.0,0.9504847535969598,0.4393017034611842
1250640.0,4917.482201228037,4255.2371159595805,0.0,0.9504846732835923,0.43930307927650536
1250700.0,4917.47032173283,4255.24898760723,0.0,0.950484869551318,0.43930445511919286
1250760.0,4917.458454130942,4255.260868041185,0.0,0.9504846756537508,0.43930583092520725
1250820.0,4917.44658399366,4255.272746622298,0.0,0.9504845645496831,0.43930720674034895
1250880.0,4917.434707107136,4255.284620229315,0.0,0.9504846746315389,0.4393085825770821
1250940.0,4917.422831644703,4255.296494905067,0.0,0.9504847376809837,0.4393099584105059
1251000.0,4917.410960061784,4255.308372449882,0.0,0.9504846734040361,0.43931133423216023
1251060.0,4917.3990817213435,4255.320245021435,0.0,0.9504848304536939,0.439312710075888
1251120.0,4917.387212896866,4255.332124625316,0.0,0.9504846752840365,0.4393140858904088
1251180.0,4917.375342041474,4255.344002748549,0.0,0.9504845863677079,0.43931546171247243
1251240.0,4917.363465712284,4255.355876839062,0.0,0.9504846768123784,0.4393168375521462
1251300.0,4917.351592711987,4255.367753398717,0.0,0.9504846578647046,0.43931821338218957
1251360.0,4917.33971834555,4255.3796289619,0.0,0.9504846834928141,0.43931958921727765
1251420.0,4917.327845167332,4255.391505413872,0.0,0.9504846699337801,0.439320965049411
1251480.0,4917.315970283921,4255.403380619916,0.0,0.9504847120541126,0.43932234088770256
1251540.0,4917.304097850559,4255.415257645139,0.0,0.9504846736261611,0.4393237167190273
1251600.0,4917.292219218668,4255.427130113846,0.0,0.9504848381157922,0.43932509257096214
1251660.0,4917.280350576377,4255.439009960227,0.0,0.9504846749336269,0.4393264683919088
1251720.0,4917.268479798854,4255.450888248909,0.0,0.950484581426822,0.43932784422072607
1251780.0,4917.256603265122,4255.462762296279,0.0,0.9504846765452148,0.4393292200680414
1251840.0,4917.244730232529,4255.47463894001,0.0,0.9504846566210239,0.43933059590518464
1251900.0,4917.232855763609,4255.486514535429,0.0,0.9504846835750081,0.4393319717475931
1251960.0,4917.220982544611,4255.498391065205,0.0,0.9504846693177869,0.43933334758685266
1252020.0,4917.2091075327535,4255.510266284297,0.0,0.950484713615836,0.43933472343254604
1252080.0,4917.197235097773,4255.522143416246,0.0,0.9504846732051886,0.4393360992708734
1252140.0,4917.185356144763,4255.534015755683,0.0,0.9504848461931659,0.43933747513081545
1252200.0,4917.173487697284,4255.54589585388,0.0,0.9504846745844925,0.439338850958147
1252260.0,4917.16161700487,4255.557774313342,0.0,0.9504845762500411,0.4393402267936938
1252320.0,4917.1497403391695,4255.569648370719,0.0,0.9504846736702238,0.4393416026483972
1252380.0,4917.137864932568,4255.581523375194,0.0,0.9504847294656454,0.43934297850030823
1252440.0,4917.1259929588,4255.593400919449,0.0,0.9504846725742687,0.439344354341851
1252500.0,4917.114111810266,4255.6052717104,0.0,0.9504849162019284,0.43934573021335516
1252560.0,4917.102245457372,4255.617153426404,0.0,0.9504846745507114,0.4393471060387701
1252620.0,4917.090375947301,4255.629032830403,0.0,0.9504845360880309,0.4393484818752663
1252680.0,4917.078498026876,4255.640906033632,0.0,0.9504846732972263,0.4393498577385758
1252740.0,4917.066621883769,4255.652780566425,0.0,0.9504847518882159,0.4393512335974647
1252800.0,4917.054750576392,4255.6646586744155,0.0,0.9504846717878807,0.43935260944157745
1252860.0,4917.042870849347,4255.676530581677,0.0,0.9504848675346562,0.4393539853129887
1252920.0,4917.031002983021,4255.688411252818,0.0,0.950484674151525,0.4393553611478214
1252980.0,4917.019132588226,4255.700290075867,0.0,0.9504845633422374,0.4393567369917601
1253040.0,4917.007255462681,4255.712163937528,0.0,0.9504846731318017,0.439358112857236
1253100.0,4916.995379757304,4255.724038865216,0.0,0.9504847360137847,0.4393594887194131
1253160.0,4916.9835079208,4255.7359166546485,0.0,0.9504846719073333,0.4393608645698512
1253220.0,4916.971629345281,4255.747789483531,0.0,0.9504848285400012,0.4393622404423084
1253280.0,4916.9597602596305,4255.759669326792,0.0,0.950484673782119,0.4393636162856341
1253340.0,4916.947889148613,4255.771547693204,0.0,0.9504845851016935,0.43936499213648555
1253400.0,4916.936012578793,4255.783422037204,0.0,0.9504846753061799,0.43936636800490314
1253460.0,4916.9241393287275,4255.79529884405,0.0,0.9504846564086872,0.4393677438637164
1253520.0,4916.912264716255,4255.807174656985,0.0,0.9504846819686595,0.4393691197275629
1253580.0,4916.900391288731,4255.819051356446,0.0,0.9504846684455031,0.4393704955884636
1253640.0,4916.888516160675,4255.830926813173,0.0,0.9504847104539269,0.4393718714555082
1253700.0,4916.876643475939,4255.8428040844465,0.0,0.9504846721278594,0.4393732473156048
1253760.0,4916.864764609645,4255.85467681086,0.0,0.9504848361807706,0.4393746231962613
1253820.0,4916.852895705564,4255.866556896112,0.0,0.9504846734316302,0.43937599904600916
1253880.0,4916.841024672082,4255.8784354276595,0.0,0.9504845801729103,0.4393773749036097
1253940.0,4916.829147898161,4255.890309728733,0.0,0.950484675038716,0.4393787507796619
1254000.0,4916.817274615766,4255.902186619549,0.0,0.9504846551672983,0.4393801266455695
1254060.0,4916.805399900972,4255.91406246474,0.0,0.9504846820496263,0.4393815025167302
1254120.0,4916.79352643266,4255.925939241916,0.0,0.9504846678301355,0.43938287838475126
1254180.0,4916.781651176388,4255.937814711769,0.0,0.950484712010497,0.43938425425919125
1254240.0,4916.769778489916,4255.949692089605,0.0,0.9504846717069948,0.4393856301262853
1254300.0,4916.757899303262,4255.961564687187,0.0,0.9504848442356952,0.4393870060149412
1254360.0,4916.746030593343,4255.973445023717,0.0,0.9504846730824135,0.43938838187107004
1254420.0,4916.734159644617,4255.9853237257175,0.0,0.9504845750088275,0.43938975773539546
1254480.0,4916.7222827389705,4255.997198036878,0.0,0.9504846721703473,0.4393911336188294
1254540.0,4916.710407088952,4256.00907329274,0.0,0.9504847278175359,0.4393925094994802
1254600.0,4916.698534862352,4256.020951081901,0.0,0.9504846710770775,0.4393938853697899
1254660.0,4916.686653486116,4256.032822135027,0.0,0.9504849140578497,0.43939526126998685
1254720.0,4916.67478686495,4256.044704085302,0.0,0.9504846730480487,0.43939663712421234
1254780.0,4916.662917095243,4256.056583729497,0.0,0.9504845349528451,0.43939801298949305
1254840.0,4916.651038938232,4256.068457188769,0.0,0.950484671797667,0.4393993888815197
1254900.0,4916.639162553647,4256.080331974226,0.0,0.9504847501798928,0.4394007647691389
1254960.0,4916.627290991529,4256.0922103257535,0.0,0.9504846702921045,0.4394021406420203
1255020.0,4916.615411032811,4256.104082492409,0.0,0.9504848655190955,0.43940351654213244
1255080.0,4916.603542902281,4256.115963400562,0.0,0.9504846726492492,0.43940489240576003
1255140.0,4916.591672250196,4256.127842465364,0.0,0.9504845621340097,0.43940626827847257
1255200.0,4916.579794885805,4256.1397165814615,0.0,0.9504846716320088,0.43940764417266853
1255260.0,4916.567918937671,4256.151591760878,0.0,0.9504847343469313,0.4394090200635761
1255320.0,4916.556046847791,4256.163469794729,0.0,0.9504846704105665,0.4394103959427753
1255380.0,4916.5441680373615,4256.175342880719,0.0,0.9504848266273387,0.43941177184393904
1255440.0,4916.532298690775,4256.1872229631845,0.0,0.9504846722801509,0.43941314771604645
1255500.0,4916.520427324349,4256.199101572587,0.0,0.9504845838350646,0.4394145235956626
1255560.0,4916.508550514083,4256.21097616986,0.0,0.9504846737999412,0.439415899492801
1255620.0,4916.496677014453,4256.222853223704,0.0,0.9504846549525063,0.4394172753803609
1255680.0,4916.484802156137,4256.234729286182,0.0,0.9504846804445088,0.4394186512729427
1255740.0,4916.472928479509,4256.246606232937,0.0,0.9504846669571418,0.4394200271625875
1255800.0,4916.4610531069975,4256.258481940144,0.0,0.9504847088539298,0.439421403058362
1255860.0,4916.449180171094,4256.270359457271,0.0,0.9504846706294975,0.43942277894720755
1255920.0,4916.437301070557,4256.282232441166,0.0,0.9504848342468655,0.4394241548565628
1255980.0,4916.425431904918,4256.294112765112,0.0,0.9504846719295834,0.43942553073508844
1256040.0,4916.413560615696,4256.305991539338,0.0,0.9504845789183406,0.43942690662144895
1256100.0,4916.4016836017645,4256.317866093905,0.0,0.9504846735321785,0.4394282825262151
1256160.0,4916.389810069774,4256.329743231611,0.0,0.9504846537134003,0.4394296584208638
1256220.0,4916.377935109296,4256.3416193263765,0.0,0.9504846805242533,0.4394310343207536
1256280.0,4916.366061391871,4256.353496350757,0.0,0.9504846663423978,0.43943241021751345
1256340.0,4916.354185891375,4256.365372071167,0.0,0.9504847104053669,0.4394337861206773
1256400.0,4916.342312953621,4256.377249694693,0.0,0.9504846702087413,0.43943516201651517
1256460.0,4916.330433533486,4256.389122550197,0.0,0.9504848422793057,0.4394365379338619
1256520.0,4916.318564561353,4256.401003124887,0.0,0.9504846715802842,0.439437913818765
1256580.0,4916.306693356533,4256.4128820692395,0.0,0.9504845737669734,0.43943928971184587
1256640.0,4916.294816211118,4256.424756633977,0.0,0.9504846706704152,0.4394406656239875
1256700.0,4916.282940317868,4256.43663214102,0.0,0.9504847261697602,0.4394420415333551
1256760.0,4916.271067838645,4256.448510174895,0.0,0.9504846695798232,0.4394434174324086
1256820.0,4916.259186234847,4256.460381489961,0.0,0.9504849119154515,0.4394447933612755
1256880.0,4916.247319345667,4256.472263674344,0.0,0.950484671545338,0.4394461692442885
1256940.0,4916.235449316554,4256.484143558557,0.0,0.9504845338166521,0.43944754513833056
1257000.0,4916.223570923129,4256.496017273652,0.0,0.9504846702980515,0.4394489210590512
1257060.0,4916.211694297246,4256.507892311564,0.0,0.9504847484720379,0.4394502969753779
1257120.0,4916.1998224806,4256.519770906442,0.0,0.9504846687962625,0.4394516728770051
1257180.0,4916.187942290365,4256.531643332263,0.0,0.9504848635047267,0.43945304880579517
1257240.0,4916.176073895874,4256.543524477258,0.0,0.9504846711469235,0.43945442469819446
1257300.0,4916.164202986718,4256.555403783628,0.0,0.9504845609250661,0.43945580059965794
1257360.0,4916.152325383657,4256.567278153945,0.0,0.9504846701321603,0.439457176522551
1257420.0,4916.140449192951,4256.579153584883,0.0,0.9504847326803952,0.4394585524421659
1257480.0,4916.128576849909,4256.591031862966,0.0,0.9504846689137384,0.43945992835010295
1257540.0,4916.116697804737,4256.60290520585,0.0,0.9504848247154292,0.43946130427995034
1257600.0,4916.104828197437,4256.614785527333,0.0,0.9504846707781323,0.43946268018081636
1257660.0,4916.092956575821,4256.626664379541,0.0,0.9504845825678249,0.43946405608917416
1257720.0,4916.081079525285,4256.638539229877,0.0,0.9504846722936618,0.43946543201501037
1257780.0,4916.069205776293,4256.65041653052,0.0,0.9504846534961711,0.4394668079312941
1257840.0,4916.057330672329,4256.662292842342,0.0,0.9504846789203582,0.439468183852588
1257900.0,4916.045456746797,4256.674170036193,0.0,0.9504846654686995,0.4394695597709539
1257960.0,4916.033581130017,4256.686045993677,0.0,0.9504847072541059,0.43947093569543555
1258020.0,4916.021707943154,4256.697923756468,0.0,0.9504846691310774,0.439472311613007
1258080.0,4916.009828608544,4256.709796997631,0.0,0.9504848323137498,0.43947368755103794
1258140.0,4915.997959181577,4256.72167756009,0.0,0.9504846704274862,0.43947506345831855
1258200.0,4915.986087636833,4256.733556576808,0.0,0.9504845776631141,0.4394764393734161
1258260.0,4915.974210383071,4256.7454313846565,0.0,0.9504846720256013,0.43947781530687313
1258320.0,4915.962336601688,4256.757308769057,0.0,0.9504846522593396,0.43947919123024015
1258380.0,4915.95046139572,4256.769185113193,0.0,0.9504846789988843,0.4394805671588362
1258440.0,4915.938587429382,4256.781062384582,0.0,0.9504846648545762,0.43948194308431154
1258500.0,4915.92671168485,4256.792938355341,0.0,0.9504847088004277,0.43948331901617615
1258560.0,4915.91483849602,4256.804816224366,0.0,0.9504846687104281,0.4394846949407345
1258620.0,4915.902958842563,4256.81668933757,0.0,0.9504848403240114,0.4394860708867493
1258680.0,4915.891089608456,4256.828570150245,0.0,0.9504846700781051,0.4394874468004035
1258740.0,4915.879218147763,4256.840449336764,0.0,0.9504845725243984,0.43948882272221684
1258800.0,4915.867340762755,4256.852324154866,0.0,0.9504846691704276,0.4394901986630431
1258860.0,4915.855464626461,4256.864199912882,0.0,0.9504847245222782,0.4394915746011046
1258920.0,4915.8435918948235,4256.876078191279,0.0,0.9504846680825076,0.43949295052887893
1258980.0,4915.831710063616,4256.8879497680555,0.0,0.9504849097744632,0.43949432648639286
1259040.0,4915.819842906663,4256.899832186382,0.0,0.9504846700425783,0.4394957023981702
1259100.0,4915.807972618371,4256.9117123104315,0.0,0.9504845326795082,0.43949707832095064
1259160.0,4915.796093988696,4256.923586281134,0.0,0.9504846687983795,0.4394984542703424
1259220.0,4915.784217121697,4256.935461571291,0.0,0.9504847467647204,0.4394998302153536
1259280.0,4915.772345050742,4256.947340409336,0.0,0.950484667300353,0.4395012061457034
1259340.0,4915.76046462914,4256.959213094093,0.0,0.9504848614918233,0.4395025821031487
1259400.0,4915.748595970932,4256.971094475759,0.0,0.9504846696445494,0.4395039580242968
1259460.0,4915.736724804936,4256.982974023519,0.0,0.9504845597151421,0.4395053339544881
1259520.0,4915.724846963377,4256.994848647837,0.0,0.9504846686322554,0.4395067099060551
1259580.0,4915.712970530279,4257.006724330086,0.0,0.9504847310143791,0.43950808585435447
1259640.0,4915.701097934295,4257.0186028522185,0.0,0.9504846674168425,0.4395094617910065
1259700.0,4915.689215085445,4257.030473820656,0.0,0.9504849397885269,0.4395108377610252
1259760.0,4915.6773487732025,4257.042357006572,0.0,0.9504846696362571,0.43951221367944954
1259820.0,4915.6654789336135,4257.054237605636,0.0,0.9504845148449997,0.43951358961012227
1259880.0,4915.653599694703,4257.066111269725,0.0,0.9504846682447318,0.43951496557073394
1259940.0,4915.6417224434335,4257.077986419469,0.0,0.9504847561114257,0.439516341526257
1260000.0,4915.629850597208,4257.089865567043,0.0,0.9504846665671647,0.4395177174652031
1260060.0,4915.617975444899,4257.101742285889,0.0,0.9504846852259214,0.43951909341536605
1260120.0,4915.606101630128,4257.113620004047,0.0,0.950484659793515,0.43952046936207506
1260180.0,4915.59422662678,4257.125496856429,0.0,0.9504846731222177,0.4395218453132957
1260240.0,4915.582353295372,4257.137374955831,0.0,0.9504846313768793,0.43952322126005944
1260300.0,4915.5704775285685,4257.1492512679415,0.0,0.9504846693041372,0.43952459721520615
1260360.0,4915.558607870689,4257.16113210894,0.0,0.9504845065197738,0.439525973152283
1260420.0,4915.5467283283915,4257.173005656401,0.0,0.9504846678450427,0.43952734912082536
1260480.0,4915.534850876885,4257.184880765755,0.0,0.9504847602524095,0.43952872508395424
1260540.0,4915.522979109671,4257.1967600793505,0.0,0.9504846660851318,0.4395301010296272
1260600.0,4915.51110386606,4257.208636838326,0.0,0.9504846857098085,0.43953147698705286
1260660.0,4915.499230029397,4257.220514647912,0.0,0.9504846589659135,0.4395328529408061
1260720.0,4915.487354943143,4257.232391546624,0.0,0.9504846729852269,0.43953422889926297
1260780.0,4915.475481615517,4257.244269756426,0.0,0.9504846290857981,0.4395356048529898
1260840.0,4915.463605727093,4257.256146086239,0.0,0.9504846689742403,0.43953698081549414
1260900.0,4915.451736263515,4257.268027178468,0.0,0.9504844977837985,0.439538356758934
1260960.0,4915.439856405371,4257.279900600055,0.0,0.950484667444086,0.4395397327354448
1261020.0,4915.427978746496,4257.29177566372,0.0,0.950484764626688,0.43954110870620045
1261080.0,4915.416106986994,4257.303655090294,0.0,0.9504846681825715,0.4395424846587987
1261140.0,4915.404233962039,4257.315533600177,0.0,0.9504846129107893,0.4395438606165349
1261200.0,4915.392357535437,4257.327409604199,0.0,0.9504846691007679,0.43954523658538075
1261260.0,4915.380490160616,4257.339292310895,0.0,0.9504844280386435,0.43954661252690186
1261320.0,4915.368608149256,4257.351164213801,0.0,0.9504846669799663,0.4395479885148321
1261380.0,4915.356729239179,4257.363038425006,0.0,0.950484803854488,0.4395493644941708
1261440.0,4915.344858638195,4257.374918778975,0.0,0.9504846680539792,0.43955074044777515
1261500.0,4915.332986259358,4257.386797837789,0.0,0.9504845902344334,0.4395521164081283
1261560.0,4915.3211090917175,4257.398673366156,0.0,0.9504846693810711,0.43955349238395286
1261620.0,4915.309240234366,4257.410555045271,0.0,0.9504844756792932,0.43955486833449253
1261680.0,4915.2973596373395,4257.422428064286,0.0,0.950484666877276,0.4395562443226249
1261740.0,4915.28548151994,4257.434302932536,0.0,0.9504847763990993,0.43955762030411993
1261800.0,4915.27361005088,4257.44618271714,0.0,0.9504846677200677,0.4395589962651015
1261860.0,4915.2617371571105,4257.458061467369,0.0,0.9504846054387368,0.4395603722317214
1261920.0,4915.249860430552,4257.469937393139,0.0,0.950484668765379,0.4395617482108072
1261980.0,4915.237993905569,4257.4818208712295,0.0,0.9504843971140333,0.4395631241589509
1262040.0,4915.226110887362,4257.493692173516,0.0,0.950484666385996,0.43956450015934456
1262100.0,4915.214231365244,4257.505566075838,0.0,0.950484820637322,0.43956587614990456
1262160.0,4915.202361206938,4257.517446900323,0.0,0.9504846676068995,0.43956725211141173
1262220.0,4915.19048904651,4257.5293262639225,0.0,0.950484579916189,0.43956862808037306
1262280.0,4915.178611490131,4257.541201648406,0.0,0.9504846691130003,0.43957000406671576
1262340.0,4915.166737215203,4257.553079469299,0.0,0.9504846504260371,0.4395713800435631
1262400.0,4915.154861593509,4257.564956307019,0.0,0.9504846757001473,0.43957275602539564
1262460.0,4915.142987143056,4257.57683402178,0.0,0.9504846623275118,0.4395741320043198
1262520.0,4915.131111011601,4257.5887105072325,0.0,0.9504847038664266,0.43957550798932826
1262580.0,4915.119237295269,4257.600588787756,0.0,0.950484665967809,0.4395768839674687
1262640.0,4915.107357468495,4257.612462572384,0.0,0.9504848281887216,0.4395782599659576
1262700.0,4915.095487489162,4257.624343636722,0.0,0.950484667256081,0.4395796359338715
1262760.0,4915.08361540487,4257.636223164147,0.0,0.950484575038067,0.43958101190956284
1262820.0,4915.071737646226,4257.648098506629,0.0,0.9504846688442813,0.4395823879035118
1262880.0,4915.059863338834,4257.659976411052,0.0,0.9504846491942452,0.4395837638874309
1262940.0,4915.047987615484,4257.671853281148,0.0,0.950484675775977,0.4395851398765527
1263000.0,4915.0361131242025,4257.683731073256,0.0,0.9504846617147654,0.43958651586257447
1263060.0,4915.024236865497,4257.695607572156,0.0,0.950484705401423,0.4395878918549526
1263120.0,4915.012363146942,4257.70748595856,0.0,0.9504846655473991,0.4395892678400688
1263180.0,4915.000483002986,4257.719359616202,0.0,0.9504848361495765,0.4395906438465249
1263240.0,4914.98861321507,4257.7312409295855,0.0,0.9504846669065199,0.439592019820805
1263300.0,4914.976741214049,4257.743120626094,0.0,0.9504845699273328,0.43959339580320267
1263360.0,4914.964863324687,4257.754995979013,0.0,0.9504846660036931,0.4395947718045075
1263420.0,4914.952986676407,4257.766872266551,0.0,0.9504847210291706,0.4395961478030677
1263480.0,4914.941113412084,4257.7787510601665,0.0,0.9504846649216849,0.43959752379140066
1263540.0,4914.929231103419,4257.790623190272,0.0,0.9504849051894956,0.43959889980930983
1263600.0,4914.9173633798655,4257.802506100352,0.0,0.9504846668697103,0.4396002757817423
1263660.0,4914.905492543946,4257.814386729231,0.0,0.950484530315649,0.43960165176512056
1263720.0,4914.893613417291,4257.826261239733,0.0,0.9504846656323442,0.4396030277749614
1263780.0,4914.881736042562,4257.838137062233,0.0,0.950484743139106,0.43960440378045107
1263840.0,4914.86986343473,4257.85001641248,0.0,0.9504846641426455,0.43960577977136384
1263900.0,4914.857982526939,4257.861889644427,0.0,0.9504848571898059,0.4396071557892225
1263960.0,4914.8461133110695,4257.873771523905,0.0,0.9504846664725339,0.43960853177099185
1264020.0,4914.834241602595,4257.885651579932,0.0,0.9504845571905214,0.43960990776175807
1264080.0,4914.822363259091,4257.897526740499,0.0,0.9504846654657064,0.4396112837737807
1264140.0,4914.810486315448,4257.909402953031,0.0,0.9504847274800168,0.439612659782559
1264200.0,4914.798613185595,4257.921281989328,0.0,0.9504846642569577,0.4396140357797572
1264260.0,4914.7867298651145,4257.933153514884,0.0,0.9504849350235267,0.4396154118101385
1264320.0,4914.774862980769,4257.945037188517,0.0,0.9504846664627973,0.4396167877892185
1264380.0,4914.762992590459,4257.956918290037,0.0,0.9504845125833938,0.4396181637804823
1264440.0,4914.751112857916,4257.968792495999,0.0,0.9504846650789737,0.4396195398015175
1264500.0,4914.739235100892,4257.980668179214,0.0,0.9504847524276803,0.43962091581749757
1264560.0,4914.727362716058,4257.992547837562,0.0,0.9504846634107937,0.4396222918169959
1264620.0,4914.715480979111,4258.0044205999275,0.0,0.9504848809635916,0.4396236678467507
1264680.0,4914.703612418334,4258.016303106871,0.0,0.9504846660469586,0.4396250438357455
1264740.0,4914.6917410499955,4258.028183557571,0.0,0.9504845429008704,0.43962641983472783
1264800.0,4914.679862205207,4258.040058490889,0.0,0.9504846649229327,0.4396277958576143
1264860.0,4914.667984939201,4258.051934608408,0.0,0.9504847348130223,0.4396291718766931
1264920.0,4914.65611197135,4258.063813907704,0.0,0.950484663571358,0.4396305478826675
1264980.0,4914.6442315183385,4258.0756876900805,0.0,0.950484837653722,0.4396319239130273
1265040.0,4914.632361607839,4258.087569271626,0.0,0.9504846656642176,0.43963329991090894
1265100.0,4914.620489448648,4258.09944920974,0.0,0.9504845671116131,0.43963467591702066
1265160.0,4914.608611306031,4258.111324733335,0.0,0.9504846647480877,0.4396360519423415
1265220.0,4914.596734424722,4258.123201206623,0.0,0.9504847206673819,0.4396374279648527
1265280.0,4914.5848609821105,4258.135080226816,0.0,0.9504846636498678,0.43963880397696226
1265340.0,4914.572978349191,4258.146952474603,0.0,0.9504849078182375,0.4396401800191113
1265400.0,4914.561110537104,4258.158835678195,0.0,0.9504846656308634,0.43964155601503413
1265460.0,4914.549239562532,4258.170716563193,0.0,0.9504845268610003,0.43964293202206123
1265520.0,4914.5373601633255,4258.182591229924,0.0,0.9504846643747642,0.43964430805597654
1265580.0,4914.5254825445245,4258.194467229886,0.0,0.9504847431402184,0.43964568408544913
1265640.0,4914.513609769702,4258.206346815094,0.0,0.950484662862237,0.43964706010009946
1265700.0,4914.501728560941,4258.218220182043,0.0,0.9504848590434962,0.439648436142121
1265760.0,4914.489859233112,4258.230102337517,0.0,0.9504846652312933,0.4396498121474521
1265820.0,4914.477987372579,4258.241982639614,0.0,0.9504845541762065,0.4396511881619066
1265880.0,4914.466108769871,4258.253857966321,0.0,0.9504846642094749,0.439652564197958
1265940.0,4914.454231589816,4258.265734361979,0.0,0.9504847272309886,0.4396539402306917
1266000.0,4914.4423582852305,4258.27761362741,0.0,0.950484662982459,0.43965531625164916
1266060.0,4914.430478230229,4258.289487918267,0.0,0.9504848199625958,0.43965669229468285
1266120.0,4914.418607681263,4258.3013692432105,0.0,0.9504846648615689,0.4396580683084951
1266180.0,4914.406735103552,4258.313249087068,0.0,0.9504845759845781,0.4396594443298457
1266240.0,4914.394857057789,4258.3251248971565,0.0,0.950484666389177,0.4396608203688102
1266300.0,4914.382982337466,4258.337003176974,0.0,0.9504846474498582,0.43966219639813603
1266360.0,4914.371106252465,4258.3488804600265,0.0,0.9504846730666008,0.4396635724325036
1266420.0,4914.359231354471,4258.360758632055,0.0,0.950484659513535,0.43966494846391074
1266480.0,4914.347354753099,4258.372635557792,0.0,0.9504847016152219,0.43966632450147364
1266540.0,4914.335480599242,4258.384514303139,0.0,0.9504846632042253,0.43966770053206256
1266600.0,4914.32360025338,4258.396388490746,0.0,0.9504848276212146,0.439669076583262
1266660.0,4914.311729886695,4258.408270057896,0.0,0.9504846645110561,0.43967045260345994
1266720.0,4914.299857387056,4258.420150066886,0.0,0.9504845710454917,0.43967182863152415
1266780.0,4914.28797913724,4258.4320258334565,0.0,0.9504846661218757,0.4396732046780904
1266840.0,4914.276104384933,4258.443904197011,0.0,0.9504846462064422,0.43967458071447607
1266900.0,4914.264228197834,4258.455781511945,0.0,0.950484673148514,0.4396759567561242
1266960.0,4914.252353259385,4258.467659761438,0.0,0.950484658897548,0.43967733279461774
1267020.0,4914.240476529979,4258.479536699867,0.0,0.9504847031760576,0.4396787088395424
1267080.0,4914.228602374787,4258.491415551604,0.0,0.9504846627831793,0.4396800848770938
1267140.0,4914.216721708419,4258.503289609543,0.0,0.9504848356949102,0.4396814609362608
1267200.0,4914.204851536629,4258.515171428212,0.0,0.9504846641618179,0.4396828369628033
1267260.0,4914.192979122293,4258.527051607666,0.0,0.9504845658706693,0.43968421299755683
1267320.0,4914.181100740923,4258.538927383884,0.0,0.9504846632478952,0.43968558905147137
1267380.0,4914.169223617386,4258.550804107386,0.0,0.950484719018639,0.4396869651025855
1267440.0,4914.157349923112,4258.562683371294,0.0,0.9504846621523665,0.4396883411433253
1267500.0,4914.145467063703,4258.574555880113,0.0,0.9504849056724465,0.43968971721403005
1267560.0,4914.133598984492,4258.586439316758,0.0,0.9504846641278789,0.4396910932386269
1267620.0,4914.121727751444,4258.598320440747,0.0,0.9504845257263537,0.4396924692743017
1267680.0,4914.109848116853,4258.610195362361,0.0,0.9504846628748903,0.439693845336797
1267740.0,4914.097970257766,4258.6220716138205,0.0,0.9504847414311252,0.43969522139486306
1267800.0,4914.086097229373,4258.633951441371,0.0,0.950484661366154,0.43969659743814543
1267860.0,4914.074215790145,4258.645825066564,0.0,0.9504848570264819,0.4396979735087308
1267920.0,4914.062346199268,4258.657707457843,0.0,0.9504846637286964,0.4396993495427202
1267980.0,4914.05047408261,4258.6695880004945,0.0,0.9504845529682989,0.4397007255858121
1268040.0,4914.03859524225,4258.681463580469,0.0,0.9504846627093665,0.4397021016504466
1268100.0,4914.026717820625,4258.693340226684,0.0,0.9504847255635092,0.4397034777117738
1268160.0,4914.01484426384,4258.705219735348,0.0,0.9504846614853816,0.43970485376135543
1268220.0,4914.002963975122,4258.717094282153,0.0,0.9504848180488858,0.4397062298329588
1268280.0,4913.991093166382,4258.728975845098,0.0,0.9504846633592816,0.4397076058754161
1268340.0,4913.979220334438,4258.740855930755,0.0,0.9504845747179316,0.43970898192539465
1268400.0,4913.967342049413,4258.7527319929495,0.0,0.9504846648826135,0.4397103579929431
1268460.0,4913.955467080706,4258.76461051858,0.0,0.9504846459934169,0.4397117340508789
1268520.0,4913.943590751044,4258.776488050002,0.0,0.9504846715421029,0.4397131101138451
1268580.0,4913.931715605125,4258.7883664681385,0.0,0.9504846580248724,0.4397144861738596
1268640.0,4913.91983876048,4258.8002436431825,0.0,0.9504847000147824,0.4397158622400156
1268700.0,4913.907964356635,4258.812122633199,0.0,0.9504846617055492,0.43971723829921644
1268760.0,4913.896083777724,4258.823997077126,0.0,0.9504848256863765,0.43971861437897775
1268820.0,4913.884213150652,4258.835878881769,0.0,0.9504846630086901,0.4397199904278169
1268880.0,4913.872340396447,4258.847759132246,0.0,0.9504845697909282,0.4397213664845044
1268940.0,4913.860461907808,4258.859635151139,0.0,0.9504846646150124,0.4397227425596477
1269000.0,4913.848586907086,4258.871513760399,0.0,0.9504846447522965,0.43972411862463795
1269060.0,4913.836710475487,4258.883391323725,0.0,0.9504846716227869,0.4397254946948784
1269120.0,4913.824835289102,4258.895269819241,0.0,0.9504846574095123,0.4397268707619736
1269180.0,4913.812958316656,4258.90714700705,0.0,0.9504847015704538,0.43972824683548506
1269240.0,4913.801083911357,4258.919026103297,0.0,0.9504846612846115,0.4397296229016435
1269300.0,4913.789203012698,4258.930900417995,0.0,0.9504848337376284,0.4397309989893646
1269360.0,4913.777332579869,4258.942782473625,0.0,0.9504846626593694,0.4397323750445446
1269420.0,4913.765459910613,4258.954662894239,0.0,0.9504845646288274,0.43973375110791685
1269480.0,4913.7535812906635,4258.966538922861,0.0,0.9504846617476467,0.43973512719040203
1269540.0,4913.7417039250795,4258.9784158963685,0.0,0.9504847173703648,0.43973650327009617
1269600.0,4913.72982997936,4258.990295403805,0.0,0.9504846606547992,0.4397378793394429
1269660.0,4913.717946893587,4259.002168173407,0.0,0.9504849035289751,0.43973925543868075
1269720.0,4913.706078547525,4259.014051842959,0.0,0.9504846626248484,0.4397406314919284
1269780.0,4913.694207056247,4259.025933205772,0.0,0.9504845245901823,0.439742007556228
1269840.0,4913.682327186425,4259.037808382043,0.0,0.9504846613749581,0.4397433836472807
1269900.0,4913.670449087225,4259.049684884783,0.0,0.9504847397227688,0.43974475973391747
1269960.0,4913.658575805483,4259.061564954495,0.0,0.950484659869999,0.43974613580580874
1270020.0,4913.646694135927,4259.073438837688,0.0,0.9504848550113799,0.43974751190493516
1270080.0,4913.634824282259,4259.085321464607,0.0,0.9504846622260522,0.43974888796755973
1270140.0,4913.622951909709,4259.097202247637,0.0,0.9504845517592648,0.4397502640392656
1270200.0,4913.611072831866,4259.109078080662,0.0,0.9504846612092013,0.4397516401324602
1270260.0,4913.59919516885,4259.120954977221,0.0,0.9504847238965581,0.43975301622235796
1270320.0,4913.587321360083,4259.132834728934,0.0,0.950484659988238,0.43975439230054075
1270380.0,4913.575440837803,4259.144709531462,0.0,0.9504848161364496,0.43975576840069086
1270440.0,4913.56356976953,4259.156591332235,0.0,0.9504846618569447,0.43975714447177017
1270500.0,4913.551696683573,4259.168471659509,0.0,0.9504845734505417,0.4397585205503536
1270560.0,4913.539818159461,4259.180347973592,0.0,0.9504846633760127,0.439759896646463
1270620.0,4913.527942942572,4259.192226744836,0.0,0.9504846445367953,0.43976127273298554
1270680.0,4913.516066368441,4259.204104524422,0.0,0.9504846700176185,0.4397626488245271
1270740.0,4913.504190974799,4259.215983188473,0.0,0.9504846565361211,0.439764024913126
1270800.0,4913.49231388707,4259.227860612614,0.0,0.950484698414572,0.439765401007852
1270860.0,4913.480439233445,4259.23973984711,0.0,0.9504846602068135,0.43976677709564194
1270920.0,4913.468558421645,4259.251614547133,0.0,0.9504848237526962,0.4397681532039421
1270980.0,4913.456687534425,4259.2634965890975,0.0,0.9504846615062746,0.4397695292813991
1271040.0,4913.444814525876,4259.2753770808795,0.0,0.9504845685355727,0.4397709053666869
1271100.0,4913.432935798588,4259.28725335188,0.0,0.950484663108114,0.4397722814703845
1271160.0,4913.421060549652,4259.299132206651,0.0,0.950484643297948,0.43977365756395587
1271220.0,4913.409183873745,4259.311010018168,0.0,0.9504846700970855,0.4397750336627657
1271280.0,4913.397308439629,4259.322888759507,0.0,0.9504846559213816,0.43977640975843957
1271340.0,4913.385431224327,4259.334766196487,0.0,0.9504846999651333,0.4397777858605149
1271400.0,4913.373556569136,4259.34664553705,0.0,0.9504846597859832,0.4397791619552572
1271460.0,4913.361675438342,4259.358520108281,0.0,0.9504848317816377,0.43978053807150924
1271520.0,4913.349804744712,4259.370402400699,0.0,0.950484661156872,0.43978191415530365
1271580.0,4913.33793182076,4259.382283062292,0.0,0.950484563386143,0.43978329024727153
1271640.0,4913.326052962402,4259.394159343106,0.0,0.9504846602473427,0.4397846663583047
1271700.0,4913.314175354955,4259.40603656641,0.0,0.950484715722479,0.4397860424665558
1271760.0,4913.3023011580035,4259.417916317183,0.0,0.9504846591571685,0.43978741856448644
1271820.0,4913.290417846005,4259.429789347332,0.0,0.9504849013872545,0.4397887946922345
1271880.0,4913.278549233348,4259.4416732496275,0.0,0.9504846611217703,0.43979017077410953
1271940.0,4913.266677484068,4259.453554851087,0.0,0.950484523453023,0.4397915468670107
1272000.0,4913.25479737918,4259.465430281796,0.0,0.9504846598749702,0.43979292298659783
1272060.0,4913.242919040048,4259.477307035606,0.0,0.9504847380149023,0.43979429910178225
1272120.0,4913.23104550517,4259.489187347294,0.0,0.9504846583737778,0.4397956752022594
1272180.0,4913.219163605437,4259.501061488261,0.0,0.9504848529975723,0.43979705132990404
1272240.0,4913.207293489225,4259.512944350653,0.0,0.9504846607233591,0.4397984274211406
1272300.0,4913.195420861007,4259.524825373879,0.0,0.9504845505494125,0.43979980352143744
1272360.0,4913.183541545852,4259.536701459739,0.0,0.9504846597089804,0.4398011796431691
1272420.0,4913.1716636416295,4259.5485786064355,0.0,0.9504847222299906,0.43980255576161453
1272480.0,4913.159789581094,4259.560458601006,0.0,0.9504846584910311,0.43980393186837535
1272540.0,4913.147908825418,4259.572333659034,0.0,0.9504848142250448,0.43980530799704937
1272600.0,4913.136037497847,4259.584215697461,0.0,0.9504846603545578,0.43980668409672735
1272660.0,4913.1241641580955,4259.596096266166,0.0,0.9504845721825315,0.4398080602038926
1272720.0,4913.112285395078,4259.607972831927,0.0,0.9504846618693727,0.4398094363285402
1272780.0,4913.100409930209,4259.6198518485935,0.0,0.9504846430800098,0.43981081244362663
1272840.0,4913.088533111804,4259.631729876141,0.0,0.9504846684931393,0.4398121885637208
1272900.0,4913.07665747064,4259.643608785909,0.0,0.9504846550472859,0.43981356468088084
1272960.0,4913.0647801400155,4259.655486458944,0.0,0.9504846968145548,0.439814940804154
1273020.0,4913.052905236815,4259.667365937726,0.0,0.9504846587080187,0.43981631692051015
1273080.0,4913.041024192287,4259.679240893623,0.0,0.95048482182007,0.4398176930573263
1273140.0,4913.029153045151,4259.691123172733,0.0,0.9504846600038094,0.4398190691633784
1273200.0,4913.017279782478,4259.7030039056335,0.0,0.9504845672795386,0.4398204452772433
1273260.0,4913.005400816722,4259.714880428531,0.0,0.9504846616011763,0.43982182140947196
1273320.0,4912.993525319776,4259.726759528618,0.0,0.9504846418434338,0.4398231975316017
1273380.0,4912.981648399755,4259.738637588124,0.0,0.9504846685713895,0.43982457365895805
1273440.0,4912.969772718112,4259.750516575089,0.0,0.9504846544331665,0.4398259497831876
1273500.0,4912.957895260146,4259.762394261041,0.0,0.9504846983600088,0.4398273259138037
1273560.0,4912.9460203552635,4259.774273845727,0.0,0.9504846582872953,0.43982870203710667
1273620.0,4912.934138992496,4259.786148673266,0.0,0.9504848298267414,0.43983007818186703
1273680.0,4912.922268038304,4259.7980312023,0.0,0.9504846596543249,0.43983145429425263
1273740.0,4912.910394859878,4259.809912104686,0.0,0.9504845621427112,0.43983283041479315
1273800.0,4912.898515763287,4259.821788637476,0.0,0.9504846587469831,0.4398342065543512
1273860.0,4912.8866379141655,4259.833666110369,0.0,0.9504847140748787,0.4398355826911363
1273920.0,4912.87476346619,4259.8455461042895,0.0,0.9504846576594763,0.43983695881762785
1273980.0,4912.862879928114,4259.8574193947525,0.0,0.9504848992470546,0.43983833497386315
1274040.0,4912.851011049114,4259.869303529624,0.0,0.9504846596186436,0.4398397110843426
1274100.0,4912.839139042062,4259.881185369548,0.0,0.9504845223148934,0.4398410872058221
1274160.0,4912.827258702282,4259.893061054474,0.0,0.950484658374926,0.43984246335392063
1274220.0,4912.8153801234,4259.904938059144,0.0,0.9504847363075173,0.4398438394976296
1274280.0,4912.803506335607,4259.916818612619,0.0,0.9504846568774906,0.43984521562666934
1274340.0,4912.791624205854,4259.928693011134,0.0,0.950484850985051,0.4398465917828092
1274400.0,4912.779753827339,4259.940576108828,0.0,0.9504846592206168,0.43984796790263453
1274460.0,4912.767880943677,4259.952457372067,0.0,0.9504845493387373,0.4398493440314992
1274520.0,4912.756001391387,4259.964333710544,0.0,0.9504846582087042,0.43985072018174504
1274580.0,4912.744123246145,4259.976211107171,0.0,0.9504847205637487,0.439852096328715
1274640.0,4912.732248934054,4259.98809134441,0.0,0.9504846569937618,0.4398534724640308
1274700.0,4912.720364379779,4259.999964025903,0.0,0.9504849292472874,0.4398548486327186
1274760.0,4912.708496344972,4260.01184892807,0.0,0.9504846592121567,0.4398562247497908
1274820.0,4912.696624786523,4260.023731242645,0.0,0.9504845044880565,0.43985760087910875
1274880.0,4912.684743838523,4260.035606620401,0.0,0.9504846578211789,0.4398589770383743
1274940.0,4912.672864876147,4260.047483484142,0.0,0.9504847456497016,0.43986035319254213
1275000.0,4912.6609913132215,4260.0593643467455,0.0,0.9504846561442831,0.4398617293301244
1275060.0,4912.649114447677,4260.071242779936,0.0,0.950484674794917,0.4398631054789226
1275120.0,4912.637238918315,4260.083122212668,0.0,0.9504846493735133,0.4398644816242611
1275180.0,4912.625362201641,4260.0950007793535,0.0,0.950484662696408,0.4398658577741082
1275240.0,4912.613487155202,4260.106880593343,0.0,0.9504846209691259,0.4398672339194919
1275300.0,4912.601609675924,4260.11875861953,0.0,0.9504846588799268,0.43986861007325717
1275360.0,4912.5897382992825,4260.130641175747,0.0,0.9504844961659928,0.43986998620893897
1275420.0,4912.577857048484,4260.142516436474,0.0,0.9504846574214074,0.4398713623760952
1275480.0,4912.565977886356,4260.15439325945,0.0,0.9504847497887479,0.43987273853782893
1275540.0,4912.554104402646,4260.166274287759,0.0,0.9504846556622012,0.43987411468209786
1275600.0,4912.542227446178,4260.178152760729,0.0,0.950484675278361,0.4398754908381189
1275660.0,4912.530351895224,4260.19003228455,0.0,0.9504846485460038,0.43987686699046136
1275720.0,4912.51847509601,4260.2019108972145,0.0,0.9504846625592276,0.4398782431475045
1275780.0,4912.50660005363,4260.213790821275,0.0,0.9504846186787377,0.4398796192998112
1275840.0,4912.494722453137,4260.22566886481,0.0,0.9504846585499187,0.43988099546089415
1275900.0,4912.482851270881,4260.237551671968,0.0,0.9504844874333902,0.43988237160289867
1275960.0,4912.470969704837,4260.249426806426,0.0,0.9504846570203689,0.4398837477779838
1276020.0,4912.459090335837,4260.261303583339,0.0,0.9504847541609336,0.4398851239473046
1276080.0,4912.447216860111,4260.273184724298,0.0,0.9504846577584785,0.4398865000984591
1276140.0,4912.43534212029,4260.285064948262,0.0,0.9504846025105746,0.43988787625474624
1276200.0,4912.423463982366,4260.296942665676,0.0,0.9504846586762211,0.4398892524221446
1276260.0,4912.4115948868875,4260.308827087485,0.0,0.9504844177182858,0.43989062856220135
1276320.0,4912.399711170052,4260.320700702624,0.0,0.95048465655628,0.43989200474868173
1276380.0,4912.387830551332,4260.3325766266125,0.0,0.9504847933716024,0.43989338092656044
1276440.0,4912.375958233109,4260.344458694969,0.0,0.950484657629772,0.43989475707869286
1276500.0,4912.364084138925,4260.3563394677685,0.0,0.9504845798438384,0.4398961332375696
1276560.0,4912.352205260917,4260.368216709166,0.0,0.9504846589562336,0.4398975094119207
1276620.0,4912.340334684622,4260.380100102898,0.0,0.9504844653380868,0.43989888556097273
1276680.0,4912.328452380836,4260.391974834197,0.0,0.9504846564534642,0.4399002617476271
1276740.0,4912.316572554159,4260.403851415162,0.0,0.9504847659279438,0.4399016379276346
1276800.0,4912.304699368949,4260.4157329137615,0.0,0.9504846572958351,0.4399030140871185
1276860.0,4912.292824760553,4260.427613377652,0.0,0.9504845950414001,0.43990439025223604
1276920.0,4912.280946323356,4260.4394910163155,0.0,0.9504846583406374,0.4399057664298213
1276980.0,4912.269078077208,4260.45137620924,0.0,0.9504843868067339,0.43990714257644636
1277040.0,4912.257193354944,4260.463249223117,0.0,0.9504846559622274,0.43990851877533804
1277100.0,4912.245312125195,4260.475124837659,0.0,0.9504848101467533,0.4399098949643853
1277160.0,4912.233440249567,4260.487007376174,0.0,0.9504846571825457,0.43991127112436695
1277220.0,4912.22156637394,4260.498888453358,0.0,0.9504845695296983,0.43991264729179824
1277280.0,4912.209687107971,4260.5107655503525,0.0,0.9504846586879392,0.4399140234766146
1277340.0,4912.197811120086,4260.522645084357,0.0,0.9504846400090171,0.4399153996519274
1277400.0,4912.185933786858,4260.534523634891,0.0,0.9504846652721872,0.43991677583222244
1277460.0,4912.174057623692,4260.54640306266,0.0,0.9504846519052954,0.4399181520096033
1277520.0,4912.162179781294,4260.558281260746,0.0,0.9504846934262676,0.439919528193066
1277580.0,4912.15030435155,4260.570161254347,0.0,0.9504846555439649,0.4399209043696534
1277640.0,4912.138422817735,4260.582036750797,0.0,0.9504848176948593,0.43992228056659005
1277700.0,4912.126551121181,4260.593919528875,0.0,0.9504846568316244,0.4399236567329379
1277760.0,4912.114677321893,4260.605800769566,0.0,0.9504845646533819,0.43992503290705914
1277820.0,4912.102797854148,4260.617677824183,0.0,0.9504846584190834,0.4399264090994421
1277880.0,4912.090921834112,4260.62955744138,0.0,0.9504846387774899,0.43992778528178655
1277940.0,4912.079044399617,4260.641436023933,0.0,0.9504846653477365,0.4399291614693309
1278000.0,4912.067168195945,4260.653315528703,0.0,0.9504846512925553,0.43993053765376944
1278060.0,4912.055290226707,4260.66519373988,0.0,0.9504846949603718,0.4399319138445617
1278120.0,4912.043414795021,4260.6770738390305,0.0,0.9504846551234813,0.43993329002808496
1278180.0,4912.031532944627,4260.688949208096,0.0,0.9504848256521867,0.439934666232949
1278240.0,4912.019661439577,4260.700832234923,0.0,0.9504846564819602,0.4399360424056226
1278300.0,4912.007787723758,4260.712713644383,0.0,0.9504845595445347,0.43993741858640995
1278360.0,4911.995908125705,4260.724590709079,0.0,0.9504846555794658,0.43993879478610903
1278420.0,4911.984029767497,4260.736468708581,0.0,0.9504847105812206,0.43994017098305543
1278480.0,4911.972154789763,4260.748349214808,0.0,0.9504846544978675,0.4399415471697682
1278540.0,4911.960270777091,4260.760223055689,0.0,0.9504848946621476,0.43994292338606106
1278600.0,4911.948401334455,4260.772107679398,0.0,0.9504846564449968,0.4399442995568583
1278660.0,4911.936528782718,4260.783990021236,0.0,0.95048451994978,0.43994567573859816
1278720.0,4911.924647948844,4260.795866243048,0.0,0.950484655208108,0.43994705194680794
1278780.0,4911.91276886513,4260.80774377715,0.0,0.9504847326813525,0.4399484281506578
1278840.0,4911.9008945433925,4260.819624839913,0.0,0.9504846537189973,0.43994980433992303
1278900.0,4911.889011930328,4260.831499782708,0.0,0.9504848466827441,0.43995118055613874
1278960.0,4911.877140997095,4260.843383375291,0.0,0.9504846560478214,0.43995255673624767
1279020.0,4911.865267573889,4260.855265143879,0.0,0.9504845468130485,0.43995393292534973
1279080.0,4911.853387522544,4260.867142015696,0.0,0.9504846550413727,0.4399553091357136
1279140.0,4911.841508869657,4260.879019939692,0.0,0.9504847170288445,0.43995668534282495
1279200.0,4911.829634026623,4260.890900688178,0.0,0.9504846538330894,0.43995806153834954
1279260.0,4911.817749003566,4260.902773923874,0.0,0.9504849244826805,0.4399594377670622
1279320.0,4911.805880399634,4260.914659310847,0.0,0.9504846560379197,0.43996081394445236
1279380.0,4911.794008293418,4260.926542124967,0.0,0.9504845022248866,0.4399621901340239
1279440.0,4911.782126854658,4260.9384180416755,0.0,0.9504846546546372,0.4399635663533752
1279500.0,4911.770247389417,4260.950295435972,0.0,0.9504847419656572,0.4399649425676624
1279560.0,4911.758373290824,4260.962176806436,0.0,0.9504846529871199,0.43996631876545933
1279620.0,4911.746489849827,4260.97405127904,0.0,0.9504848704461794,0.4399676949935188
1279680.0,4911.734619571394,4260.985935498785,0.0,0.9504846556220915,0.43996907118079914
1279740.0,4911.722746488352,4260.997817661673,0.0,0.9504845325290108,0.4399704473780635
1279800.0,4911.710865936614,4261.00969430569,0.0,0.9504846544984935,0.43997182359923864
1279860.0,4911.698986962068,4261.021572134163,0.0,0.9504847243584746,0.4399731998165974
1279920.0,4911.687112281247,4261.033453145241,0.0,0.9504846531474439,0.4399745760208444
1279980.0,4911.675230123042,4261.045328637883,0.0,0.9504848271549245,0.4399759522494808
1280040.0,4911.663358496477,4261.057211931743,0.0,0.9504846552393464,0.4399773284456229
1280100.0,4911.6514846235905,4261.069093581669,0.0,0.9504845567290865,0.4399787046499909
1280160.0,4911.63960477348,4261.080970815879,0.0,0.9504846543235541,0.43998008087357265
1280220.0,4911.627726183421,4261.092848999973,0.0,0.950484710218785,0.4399814570943367
1280280.0,4911.615851028521,4261.1047297316345,0.0,0.9504846532257498,0.43998283330469284
1280340.0,4911.603966692857,4261.116603689018,0.0,0.9504848972891752,0.4399842095450925
1280400.0,4911.592097162723,4261.128488605118,0.0,0.9504846552058375,0.4399855857392466
1280460.0,4911.58022447342,4261.14037120194,0.0,0.9504845164956117,0.439986961944502
1280520.0,4911.568343368203,4261.152247578814,0.0,0.9504846539502222,0.4399883381766527
1280580.0,4911.556464041603,4261.164125289218,0.0,0.9504847326817467,0.4399897144043523
1280640.0,4911.54458955399,4261.1760065858,0.0,0.9504846524382895,0.4399910906172218
1280700.0,4911.53270664119,4261.18788166242,0.0,0.9504848485351667,0.43999246685746723
1280760.0,4911.520835597067,4261.199765529876,0.0,0.95048465480627,0.4399938430610046
1280820.0,4911.508962022907,4261.211647543402,0.0,0.9504845437988534,0.4399952192736616
1280880.0,4911.4970817135545,4261.2235245801885,0.0,0.9504846537848344,0.439996595507921
1280940.0,4911.48520282543,4261.23540268615,0.0,0.9504847167792982,0.43999797173885447
1281000.0,4911.47332780879,4261.24728366263,0.0,0.9504846525582871,0.4399993479580048
1281060.0,4911.461446048734,4261.259159663157,0.0,0.950484809471223,0.4400007241992344
1281120.0,4911.449573784934,4261.27104269963,0.0,0.9504846544365365,0.4400021004112275
1281180.0,4911.4376994945305,4261.282924254557,0.0,0.9504845655975163,0.4400034766307548
1281240.0,4911.42581974173,4261.294801774609,0.0,0.9504846559634349,0.44000485286789975
1281300.0,4911.413943310973,4261.30668176501,0.0,0.9504846370321806,0.4400062290953976
1281360.0,4911.402065516976,4261.318560758337,0.0,0.950484662637952,0.44000760532793454
1281420.0,4911.390188908792,4261.330440640839,0.0,0.9504846490906461,0.44000898155750523
1281480.0,4911.378310599021,4261.342319276674,0.0,0.9504846911743422,0.4400103577932288
1281540.0,4911.366434734272,4261.354199732572,0.0,0.950484652779704,0.44001173402197136
1281600.0,4911.3545526839425,4261.366075629438,0.0,0.950484817126571,0.4400131102713253
1281660.0,4911.342680602525,4261.377958907823,0.0,0.9504846540859212,0.4400144864896639
1281720.0,4911.330806390397,4261.3898406275675,0.0,0.950484560660209,0.44001586271586457
1281780.0,4911.318926434033,4261.401718103724,0.0,0.9504846556959975,0.44001723896057165
1281840.0,4911.30704997161,4261.4135981775225,0.0,0.9504846357890303,0.4400186151950894
1281900.0,4911.295172075904,4261.425477202379,0.0,0.9504846627195843,0.4400199914348668
1281960.0,4911.283295427587,4261.437357162007,0.0,0.9504846484746657,0.44002136767148364
1282020.0,4911.271416990195,4261.449235810174,0.0,0.9504846927342856,0.44002274391452917
1282080.0,4911.259541124395,4261.461116372132,0.0,0.9504846523585843,0.4400241201501945
1282140.0,4911.247658754165,4261.47299213893,0.0,0.9504848251967114,0.44002549640747635
1282200.0,4911.235786867726,4261.484875668547,0.0,0.9504846537365799,0.4400268726321191
1282260.0,4911.223912741096,4261.496757558441,0.0,0.9504845554872612,0.44002824886496894
1282320.0,4911.212032653591,4261.508635043886,0.0,0.9504846528229904,0.44002962511698457
1282380.0,4911.200153822672,4261.52051347681,0.0,0.9504847085699858,0.44003100136619167
1282440.0,4911.188278417503,4261.532394450809,0.0,0.9504846517278716,0.440032377605018
1282500.0,4911.176393856677,4261.544268667824,0.0,0.9504848951444035,0.4400337538738136
1282560.0,4911.164524060851,4261.556153815617,0.0,0.9504846537024877,0.44003513009648154
1282620.0,4911.152651114484,4261.568036650064,0.0,0.9504845153597704,0.44003650633022473
1282680.0,4911.140769775237,4261.5799132804295,0.0,0.9504846524499758,0.44003788259079585
1282740.0,4911.128890209712,4261.59179124094,0.0,0.95048473097277,0.44003925884692907
1282800.0,4911.117015469926,4261.603672778496,0.0,0.9504846509418255,0.4400406350882705
1282860.0,4911.105132327994,4261.61554811196,0.0,0.9504848465189649,0.44004201135692006
1282920.0,4911.093261022248,4261.627432213857,0.0,0.9504846533033071,0.4400433875889556
1282980.0,4911.081387193368,4261.639314466567,0.0,0.950484542589947,0.44004476383009
1283040.0,4911.069506647723,4261.651191755233,0.0,0.9504846522843543,0.44004614009277254
1283100.0,4911.057627519396,4261.663070110366,0.0,0.9504847151117535,0.4400475163521398
1283160.0,4911.045752251952,4261.674951328702,0.0,0.9504846510608338,0.4400488925997544
1283220.0,4911.033870259532,4261.686827583789,0.0,0.9504848075578101,0.4400502688693938
1283280.0,4911.021997737367,4261.698710856888,0.0,0.9504846529338813,0.440051645109872
1283340.0,4911.010123194124,4261.710592652239,0.0,0.9504845643301661,0.4400530213578672
1283400.0,4910.998243203428,4261.722470423008,0.0,0.95048465445651,0.44005439762343634
1283460.0,4910.986366525671,4261.734350657842,0.0,0.9504846355753086,0.4400557738793842
1283520.0,4910.974488488391,4261.746229898156,0.0,0.9504846611131164,0.4400571501403598
1283580.0,4910.962611633666,4261.758110025389,0.0,0.950484647601597,0.44005852639837784
1283640.0,4910.950733081995,4261.769988909146,0.0,0.9504846895736634,0.4400599026625347
1283700.0,4910.938856968645,4261.781869608338,0.0,0.9504846512806553,0.44006127891972935
1283760.0,4910.926974686622,4261.793745760137,0.0,0.9504848151919157,0.4400626551974852
1283820.0,4910.915102346223,4261.805629274642,0.0,0.9504846525831873,0.44006403144430506
1283880.0,4910.903227880923,4261.817511234497,0.0,0.950484559404938,0.440065407698969
1283940.0,4910.891347687101,4261.829388961592,0.0,0.9504846541887727,0.44006678397209326
1284000.0,4910.879470977646,4261.841269279718,0.0,0.9504846343344442,0.44006816023505535
1284060.0,4910.867592838814,4261.853148551588,0.0,0.9504846611935246,0.44006953650326536
1284120.0,4910.855715943948,4261.865028755857,0.0,0.9504846469862407,0.44007091276832416
1284180.0,4910.843837264885,4261.876907652022,0.0,0.9504846911284708,0.44007228903979667
1284240.0,4910.831961150367,4261.8887884571095,0.0,0.9504846508596434,0.4400736653039089
1284300.0,4910.820078549201,4261.90066447928,0.0,0.9504848232396553,0.4400750415895848
1284360.0,4910.808206403127,4261.9125482444815,0.0,0.9504846522337638,0.4400764178427052
1284420.0,4910.796332022974,4261.92443037416,0.0,0.9504845542446652,0.4400777941040139
1284480.0,4910.784451698253,4261.936308110624,0.0,0.9504846513223711,0.44007917038444033
1284540.0,4910.772572626658,4261.9481867921695,0.0,0.9504847069215205,0.4400805466620675
1284600.0,4910.76069697143,4261.960068008316,0.0,0.9504846502299305,0.44008192292934073
1284660.0,4910.748812185585,4261.971942484727,0.0,0.9504848930012935,0.44008329922650935
1284720.0,4910.736942124325,4261.98382786405,0.0,0.9504846521990897,0.44008467547766805
1284780.0,4910.725068921124,4261.995710935943,0.0,0.9504845142228759,0.4400860517398759
1284840.0,4910.713187348007,4262.0075878195785,0.0,0.9504846509496732,0.44008742802884443
1284900.0,4910.70130754374,4262.019466029988,0.0,0.9504847292642504,0.44008880431338826
1284960.0,4910.6894325519925,4262.031347808325,0.0,0.9504846494452961,0.4400901805831786
1285020.0,4910.677549181086,4262.0432233984075,0.0,0.9504848445039961,0.44009155688020923
1285080.0,4910.665677613958,4262.055107734571,0.0,0.950484651800295,0.44009293314071996
1285140.0,4910.65380353058,4262.06699022628,0.0,0.9504845413802652,0.4400943094103084
1285200.0,4910.641922748816,4262.0788677666105,0.0,0.9504846507838187,0.4400956857013911
1285260.0,4910.630043380471,4262.090746370705,0.0,0.9504847134446162,0.44009706198916887
1285320.0,4910.6181678624325,4262.102627830714,0.0,0.9504846495633169,0.4400984382652246
1285380.0,4910.606285637814,4262.114504340137,0.0,0.9504848056454215,0.44009981456325076
1285440.0,4910.594412857514,4262.126387849688,0.0,0.9504846514311761,0.4401011908321909
1285500.0,4910.582538061649,4262.138269885276,0.0,0.9504845630622282,0.44010256710863105
1285560.0,4910.5706578332365,4262.1501479065555,0.0,0.9504846529495442,0.4401039434026012
1285620.0,4910.558780908681,4262.162028385625,0.0,0.9504846341182815,0.440105319686976
1285680.0,4910.546902628311,4262.173907872724,0.0,0.9504846595882815,0.44010669597636703
1285740.0,4910.535025527243,4262.185788244489,0.0,0.9504846461124661,0.4401080722628096
1285800.0,4910.5231467338635,4262.197667375965,0.0,0.9504846879731658,0.44010944855537665
1285860.0,4910.511270372116,4262.209548318252,0.0,0.950484649781548,0.44011082484100056
1285920.0,4910.499387858565,4262.221424724766,0.0,0.9504848132582411,0.4401122011471354
1285980.0,4910.487515259414,4262.233308475211,0.0,0.9504846510804035,0.44011357742241314
1286040.0,4910.475640541162,4262.245190674989,0.0,0.9504845581490342,0.44011495370551734
1286100.0,4910.463760110061,4262.257068652808,0.0,0.9504846526815088,0.4401163300070358
1286160.0,4910.451883153773,4262.268949215065,0.0,0.9504846328796969,0.4401177062984193
1286220.0,4910.440004772013,4262.280828733743,0.0,0.9504846596674691,0.44011908259503857
1286280.0,4910.428127630798,4262.292709182455,0.0,0.9504846454977327,0.44012045888851586
1286340.0,4910.416248710258,4262.304588326413,0.0,0.9504846895228445,0.4401218351883922
1286400.0,4910.404372347225,4262.316469374433,0.0,0.9504846493606443,0.44012321148092814
1286460.0,4910.392489515287,4262.328345651754,0.0,0.9504848212836376,0.44012458779497515
1286520.0,4910.380617109817,4262.340229652364,0.0,0.950484650730898,0.44012596407654975
1286580.0,4910.368742476359,4262.352112021639,0.0,0.9504845530014294,0.44012734036629403
1286640.0,4910.356861914602,4262.363990008912,0.0,0.9504846498216972,0.4401287166751084
1286700.0,4910.34498260252,4262.375868938874,0.0,0.950484705273329,0.4401300929811325
1286760.0,4910.333106697444,4262.387750396981,0.0,0.950484648731929,0.4401314692768298
1286820.0,4910.321221686733,4262.399625132561,0.0,0.9504848908595203,0.4401328456023486
1286880.0,4910.3093513602835,4262.411510743242,0.0,0.9504846506956433,0.44013422188197504
1286940.0,4910.297477900476,4262.423394052397,0.0,0.9504845130851269,0.44013559817262443
1287000.0,4910.28559609366,4262.4352711890915,0.0,0.9504846494493152,0.4401369744899674
1287060.0,4910.273716050833,4262.447149649191,0.0,0.9504847275561771,0.44013835080289887
1287120.0,4910.261840807343,4262.45903166812,0.0,0.9504846479487016,0.4401397271011149
1287180.0,4910.249957207619,4262.470907514594,0.0,0.950484842490221,0.44014110342650364
1287240.0,4910.238085379346,4262.482792084849,0.0,0.9504846502972337,0.4401424797154664
1287300.0,4910.226211041692,4262.494674815374,0.0,0.9504845401698032,0.4401438560134858
1287360.0,4910.214330023985,4262.506552607155,0.0,0.9504846492832282,0.4401452323329457
1287420.0,4910.202450415809,4262.518431460007,0.0,0.9504847117777768,0.44014660864911104
1287480.0,4910.190574647392,4262.530313161491,0.0,0.9504846480657385,0.44014798495358487
1287540.0,4910.178692190742,4262.542189925035,0.0,0.9504848037338813,0.4401493612799748
1287600.0,4910.1668191525405,4262.554073670856,0.0,0.9504846499284207,0.4401507375773535
1287660.0,4910.154944104272,4262.565955946492,0.0,0.9504845617936604,0.4401521138822154
1287720.0,4910.143063638324,4262.577834218068,0.0,0.9504846514425394,0.4401534902045637
1287780.0,4910.1311864671725,4262.5897149411785,0.0,0.9504846326610914,0.4401548665173423
1287840.0,4910.119307943903,4262.60159467486,0.0,0.9504846580634518,0.4401562428351258
1287900.0,4910.1074305966995,4262.613475290963,0.0,0.9504846446232519,0.44015761914996954
1287960.0,4910.095551561801,4262.625354669953,0.0,0.9504846863728584,0.4401589954709235
1288020.0,4910.083674951865,4262.637235855143,0.0,0.9504846482823822,0.4401603717849536
1288080.0,4910.071792206951,4262.649112516151,0.0,0.9504848113255179,0.4401617481194445
1288140.0,4910.059919349283,4262.660996502359,0.0,0.9504846495775698,0.44016312442315725
1288200.0,4910.048044378295,4262.672878941875,0.0,0.950484556892481,0.4401645007346787
1288260.0,4910.0361637101005,4262.684757170211,0.0,0.950484651174206,0.44016587706456833
1288320.0,4910.024286507186,4262.696637976402,0.0,0.9504846314247837,0.4401672533843502
1288380.0,4910.012407882685,4262.708517741687,0.0,0.9504846581414197,0.440168629709356
1288440.0,4910.000530495323,4262.720398434645,0.0,0.9504846440091403,0.44017000603122913
1288500.0,4909.988651333494,4262.73227782619,0.0,0.950484687917414,0.44017138235948633
1288560.0,4909.976774722158,4262.744159116951,0.0,0.9504846478615858,0.440172758680423
1288620.0,4909.964891659609,4262.756035649202,0.0,0.9504848193286597,0.44017413502281816
1288680.0,4909.953018994972,4262.767919885046,0.0,0.9504846492279827,0.4401755113328241
1288740.0,4909.941144108431,4262.779802493734,0.0,0.9504845517574461,0.44017688765098095
1288800.0,4909.929263309813,4262.791680731601,0.0,0.9504846483209679,0.44017826398815985
1288860.0,4909.917383757429,4262.803559909772,0.0,0.9504847036255538,0.44017964032255796
1288920.0,4909.905507602722,4262.815441609646,0.0,0.9504846472338628,0.4401810166466562
1288980.0,4909.893622367275,4262.827316604151,0.0,0.9504848887197932,0.4401823930005024
1289040.0,4909.881751775898,4262.839202446037,0.0,0.9504846491921501,0.4401837693085731
1289100.0,4909.869878059721,4262.8510859922835,0.0,0.9504845119461298,0.440185145627641
1289160.0,4909.857996019371,4262.862963381812,0.0,0.9504846479489004,0.4401865219733353
1289220.0,4909.846115738163,4262.874842091388,0.0,0.9504847258486754,0.4401878983146315
1289280.0,4909.834240243149,4262.8867243507275,0.0,0.9504846464520392,0.44018927464125024
1289340.0,4909.8223564147565,4262.89860045336,0.0,0.9504848404779711,0.4401906509949743
1289400.0,4909.8104843255915,4262.910485257543,0.0,0.9504846487941242,0.44019202731236595
1289460.0,4909.798609733893,4262.922368226705,0.0,0.9504845389583504,0.4401934036387933
1289520.0,4909.78672848041,4262.934246269717,0.0,0.9504846477825812,0.44019477998660733
1289580.0,4909.774848632582,4262.946125371114,0.0,0.9504847101114782,0.4401961563311373
1289640.0,4909.762972614001,4262.958007313889,0.0,0.9504846465680925,0.4401975326640061
1289700.0,4909.751086363761,4262.96988169876,0.0,0.9504849187075601,0.44019890903025255
1289760.0,4909.739216616101,4262.981768307681,0.0,0.9504846487855025,0.4402002853448615
1289820.0,4909.7273433484515,4262.993652328232,0.0,0.950484494126163,0.4402016616717137
1289880.0,4909.715460700874,4263.005529410016,0.0,0.9504846473950517,0.4402030380285223
1289940.0,4909.703580036936,4263.017407978136,0.0,0.9504847351867872,0.44020441438022434
1290000.0,4909.691704766941,4263.02929054621,0.0,0.9504846457188023,0.44020579071533195
1290060.0,4909.679826197738,4263.041170684155,0.0,0.9504846643616061,0.44020716706165486
1290120.0,4909.667948963384,4263.053051821877,0.0,0.9504846389508078,0.44020854340451193
1290180.0,4909.656070542964,4263.064932093273,0.0,0.9504846522681037,0.44020991975187473
1290240.0,4909.644193791101,4263.076813612278,0.0,0.9504846105582335,0.4402112960947676
1290300.0,4909.632314608915,4263.088693342948,0.0,0.9504846484531628,0.44021267244604084
1290360.0,4909.620441523175,4263.10057760485,0.0,0.9504844858071778,0.44021404877921666
1290420.0,4909.608558573389,4263.112454569207,0.0,0.9504846469951977,0.4402154251438766
1290480.0,4909.596677710184,4263.124333096188,0.0,0.9504847393239173,0.4402168015031048
1290540.0,4909.584802519609,4263.136215829654,0.0,0.950484645236671,0.44021817784485906
1290600.0,4909.572923859858,4263.148096007025,0.0,0.9504846648446102,0.4402195541983648
1290660.0,4909.561046604215,4263.159977235499,0.0,0.9504846381233887,0.44022093054818606
1290720.0,4909.549168101618,4263.171857552521,0.0,0.9504846521307349,0.44022230690270486
1290780.0,4909.537291354096,4263.183739181267,0.0,0.9504846082685222,0.44022368325248057
1290840.0,4909.5254120511,4263.195618928927,0.0,0.9504846481230437,0.44022505961103137
1290900.0,4909.5135391598305,4263.207503441477,0.0,0.9504844770779115,0.44022643595048955
1290960.0,4909.501655895398,4263.219380279164,0.0,0.9504846465940775,0.4402278123230386
1291020.0,4909.489774825811,4263.231258759705,0.0,0.9504847436940722,0.44022918868981403
1291080.0,4909.477899643495,4263.243141605491,0.0,0.9504846473318234,0.44023056503841385
1291140.0,4909.466023198422,4263.255023533965,0.0,0.9504845921069437,0.4402319413921411
1291200.0,4909.454143358733,4263.266902955171,0.0,0.9504846482491279,0.4402333177569812
1291260.0,4909.4422725523,4263.278789082583,0.0,0.9504844073916514,0.4402346940944624
1291320.0,4909.430387139463,4263.29066440028,0.0,0.950484646130016,0.4402360704783826
1291380.0,4909.418504821621,4263.302542027414,0.0,0.9504847828882499,0.4402374468536906
1291440.0,4909.406630795815,4263.314425800616,0.0,0.9504846472030046,0.4402388232032401
1291500.0,4909.394754995906,4263.326308277837,0.0,0.9504845694495234,0.44024019955952937
1291560.0,4909.382874417078,4263.338187222647,0.0,0.9504846485288572,0.4402415759312964
1291620.0,4909.371002131516,4263.350072321468,0.0,0.950484454991462,0.4402429522777496
1291680.0,4909.359118130475,4263.3619487554,0.0,0.9504846460270775,0.44024432866181523
1291740.0,4909.347236604056,4263.373827039455,0.0,0.9504847554558269,0.4402457050392243
1291800.0,4909.3353617123375,4263.385710242501,0.0,0.9504846468690411,0.44024708139609964
1291860.0,4909.32348539893,4263.397592410484,0.0,0.9504845846405962,0.44024845775860366
1291920.0,4909.311605260654,4263.409471752432,0.0,0.9504846479133517,0.44024983413357777
1291980.0,4909.299735303057,4263.42135865069,0.0,0.9504843764927875,0.44025121047757276
1292040.0,4909.287848886197,4263.43323336648,0.0,0.9504846455358799,0.4402525868738519
1292100.0,4909.27596595833,4263.4451106836,0.0,0.9504847996559824,0.4402539632602757
1292160.0,4909.264092375038,4263.456994926608,0.0,0.950484646755633,0.44025533961762037
1292220.0,4909.25221679384,4263.4688777078145,0.0,0.9504845591393597,0.4402567159824105
1292280.0,4909.240335827822,4263.480756507699,0.0,0.950484648260343,0.44025809236458996
1292340.0,4909.228458136575,4263.492637745234,0.0,0.9504846295891879,0.4402594687372571
1292400.0,4909.216579101389,4263.504517998983,0.0,0.9504846548417899,0.44026084511490376
1292460.0,4909.2047012350995,4263.516399130171,0.0,0.9504846414804455,0.44026222148963035
1292520.0,4909.192821691329,4263.528279031291,0.0,0.9504846829840847,0.44026359787043623
1292580.0,4909.180944557776,4263.540160728393,0.0,0.9504846451175423,0.4402649742443598
1292640.0,4909.16906132643,4263.552037927023,0.0,0.9504848072008358,0.4402663506386334
1292700.0,4909.157187922317,4263.5639224092965,0.0,0.9504846464046101,0.44026772700230427
1292760.0,4909.145312417665,4263.5758053536965,0.0,0.9504845542647251,0.4402691033737442
1292820.0,4909.1334312503595,4263.587684110828,0.0,0.9504846479913529,0.44027047976345046
1292880.0,4909.121553527278,4263.599565431214,0.0,0.950484628357904,0.44027185614310904
1292940.0,4909.109674391208,4263.611445716627,0.0,0.9504846549170698,0.44027323252796513
1293000.0,4909.097796484739,4263.623326924478,0.0,0.9504846408677068,0.44027460890970926
1293060.0,4909.08591681454,4263.635206838327,0.0,0.9504846845173458,0.44027598529780476
1293120.0,4909.074039679331,4263.647088640643,0.0,0.9504846446969846,0.4402773616786242
1293180.0,4909.062156132009,4263.658965711487,0.0,0.9504848151547425,0.44027873808078544
1293240.0,4909.050282919491,4263.670850442224,0.0,0.9504846460548431,0.44028011445074194
1293300.0,4909.038407498507,4263.682733555078,0.0,0.9504845491577252,0.44028149082880774
1293360.0,4909.0265262013045,4263.694612321931,0.0,0.9504846451526694,0.44028286722578996
1293420.0,4909.014646142733,4263.706492023791,0.0,0.9504847001314659,0.44028424362001156
1293480.0,4909.002769461201,4263.718374233054,0.0,0.9504846440714668,0.44028562000399296
1293540.0,4908.990883754002,4263.73024977505,0.0,0.9504848841355845,0.440286996417559
1293600.0,4908.979012601973,4263.742136102868,0.0,0.9504846460177289,0.44028837278560945
1293660.0,4908.967138344067,4263.754020148117,0.0,0.9504845095793766,0.44028974916459973
1293720.0,4908.955255812497,4263.765898071607,0.0,0.9504846447813007,0.44029112557006767
1293780.0,4908.943375029347,4263.777777307694,0.0,0.950484722222246,0.4402925019711669
1293840.0,4908.93149900333,4263.789660073408,0.0,0.9504846432927538,0.44029387835767336
1293900.0,4908.919614694478,4263.801536717395,0.0,0.9504848361762774,0.4402952547711354
1293960.0,4908.907742053575,4263.813422013564,0.0,0.950484645620554,0.44029663114847295
1294020.0,4908.8958669252825,4263.825305485166,0.0,0.9504845364311681,0.4402980075347998
1294080.0,4908.883985175631,4263.837184058598,0.0,0.9504846446144688,0.4402993839423943
1294140.0,4908.872104823056,4263.849063684445,0.0,0.9504847065761246,0.44030076034672766
1294200.0,4908.860228276465,4263.860946135554,0.0,0.9504846434066333,0.44030213673946733
1294260.0,4908.848341560282,4263.872821071705,0.0,0.9504849139436045,0.4403035131654009
1294320.0,4908.836471246489,4263.884708162526,0.0,0.9504846456104904,0.44030488953999
1294380.0,4908.82459743403,4263.896592679708,0.0,0.9504844918615011,0.4403062659267579
1294440.0,4908.812714298568,4263.908470297527,0.0,0.9504846442277289,0.4403076423433147
1294500.0,4908.80083313466,4263.920349393287,0.0,0.9504847315022932,0.4403090187547983
1294560.0,4908.788957331934,4263.932232466306,0.0,0.950484642560852,0.4403103951497829
1294620.0,4908.777072196381,4263.944108639491,0.0,0.950484859929236,0.44031177157503615
1294680.0,4908.765200209976,4263.955994562503,0.0,0.9504846451946691,0.44031314795949056
1294740.0,4908.7533254218715,4263.967878428028,0.0,0.950484522152924,0.4403145243539258
1294800.0,4908.741443172716,4263.979756773117,0.0,0.9504846440714849,0.44031590077227833
1294860.0,4908.729562499192,4263.991636302935,0.0,0.9504847139022503,0.44031727718680613
1294920.0,4908.717686115023,4264.003519016223,0.0,0.9504846427209448,0.44031865358821487
1294980.0,4908.705802261141,4264.015396209492,0.0,0.9504848166557687,0.44032003001401676
1295040.0,4908.693928928167,4264.027281206119,0.0,0.9504846448119179,0.44032140640730794
1295100.0,4908.682053351214,4264.039164558296,0.0,0.9504845463427434,0.4403227828088211
1295160.0,4908.670171803159,4264.051043493503,0.0,0.9504846438964524,0.4403241592295529
1295220.0,4908.658291513915,4264.0629233787995,0.0,0.9504846997683386,0.44032553564745885
1295280.0,4908.646414656339,4264.074805812351,0.0,0.9504846427990509,0.44032691205495045
1295340.0,4908.634528627423,4264.086681469673,0.0,0.9504848867606683,0.4403282884924899
1295400.0,4908.622657388927,4264.098568088756,0.0,0.9504846447782571,0.4403296648837639
1295460.0,4908.610782994537,4264.110452387853,0.0,0.9504845061258558,0.4403310412861362
1295520.0,4908.598900192849,4264.122330465242,0.0,0.9504846435231105,0.440332417715412
1295580.0,4908.587019168005,4264.1342098764735,0.0,0.9504847222217665,0.4403337941402276
1295640.0,4908.575142977222,4264.146092874862,0.0,0.9504846420117531,0.44033517055020494
1295700.0,4908.563258369891,4264.157969651507,0.0,0.9504848380268931,0.44033654698756347
1295760.0,4908.551385619142,4264.169855221415,0.0,0.9504846443786904,0.44033792338819566
1295820.0,4908.539510340986,4264.181738936811,0.0,0.9504845334175634,0.44033929979794406
1295880.0,4908.527628334534,4264.193617674056,0.0,0.9504846433576258,0.4403406762293008
1295940.0,4908.515747747906,4264.205497480713,0.0,0.9504847063257923,0.4403420526573231
1296000.0,4908.503871028827,4264.2173801586705,0.0,0.9504846421315345,0.4403434290735553
1296060.0,4908.49198757325,4264.229257859239,0.0,0.9504847989790807,0.44034480551187
1296120.0,4908.4801136042615,4264.241142597686,0.0,0.9504846440089455,0.44034618192093294
1296180.0,4908.468237610783,4264.253025854112,0.0,0.9504845552069465,0.4403475583375257
1296240.0,4908.456356160503,4264.264905074511,0.0,0.9504846455351523,0.4403489347717403
1296300.0,4908.4444780289095,4264.2767867659095,0.0,0.950484626611759,0.44035031119629897
1296360.0,4908.432598535496,4264.2886674599185,0.0,0.9504846522068343,0.44035168762589416
1296420.0,4908.420720226719,4264.30054904331,0.0,0.9504846386651434,0.4403530640525172
1296480.0,4908.4088402181205,4264.312429379643,0.0,0.950484680731296,0.44035444048529065
1296540.0,4908.396962652081,4264.3243115365085,0.0,0.9504846423526101,0.44035581691107595
1296600.0,4908.385078906822,4264.336189133008,0.0,0.9504848066309785,0.44035719335747353
1296660.0,4908.373205120311,4264.348074113074,0.0,0.9504846436582278,0.4403585697728414
1296720.0,4908.3613292053105,4264.359957534001,0.0,0.9504845502714354,0.44035994619606733
1296780.0,4908.349447551961,4264.371836710134,0.0,0.9504846452675776,0.44036132263780425
1296840.0,4908.337569389017,4264.383718484591,0.0,0.9504846253688751,0.4403626990693427
1296900.0,4908.32568979428,4264.395599209771,0.0,0.9504846522881856,0.4403640755061386
1296960.0,4908.313811445694,4264.407480869943,0.0,0.9504846380491704,0.44036545193976767
1297020.0,4908.301931309888,4264.419361218248,0.0,0.9504846822903497,0.44036682837982305
1297080.0,4908.290053743079,4264.431243480843,0.0,0.9504846419314169,0.4403682048124909
1297140.0,4908.278169678526,4264.443120946874,0.0,0.9504848146975958,0.44036958126677656
1297200.0,4908.266296087081,4264.455006177879,0.0,0.950484643308784,0.44037095768840845
1297260.0,4908.254420257777,4264.466889768643,0.0,0.9504845451002935,0.44037233411824334
1297320.0,4908.242538473699,4264.478768953701,0.0,0.9504846423955193,0.440373710567249
1297380.0,4908.230657944969,4264.490649086443,0.0,0.9504846981193324,0.44037508701343786
1297440.0,4908.218780838511,4264.502531760955,0.0,0.9504846413008001,0.4403764634492394
1297500.0,4908.206894585779,4264.514407676521,0.0,0.9504848846162262,0.4403778399150148
1297560.0,4908.195023083007,4264.526294525919,0.0,0.9504846432745409,0.44037921633464255
1297620.0,4908.183148432953,4264.538179061261,0.0,0.9504845049892343,0.4403805927653426
1297680.0,4908.1712653985915,4264.550057390757,0.0,0.9504846420224945,0.44038196922287853
1297740.0,4908.159384136195,4264.561937050713,0.0,0.9504847205126272,0.4403833456759677
1297800.0,4908.147507694629,4264.573820288693,0.0,0.9504846405149155,0.44038472211425694
1297860.0,4908.135622859521,4264.585697320796,0.0,0.9504848360108467,0.4403860985798594
1297920.0,4908.123749848557,4264.597583123765,0.0,0.9504846428753608,0.44038747500883
1297980.0,4908.111874317079,4264.609467076964,0.0,0.9504845322079473,0.44038885144689555
1298040.0,4908.0999920756985,4264.621346064703,0.0,0.9504846418567762,0.4403902279065154
1298100.0,4908.08811125024,4264.633226119147,0.0,0.9504847046580746,0.4403916043628113
1298160.0,4908.076234281743,4264.645109037584,0.0,0.9504846406337083,0.4403929808073477
1298220.0,4908.064350595162,4264.656986991325,0.0,0.9504847970657903,0.44039435727391196
1298280.0,4908.052476369209,4264.66887196502,0.0,0.9504846425059235,0.44039573371129975
1298340.0,4908.040600124287,4264.680755460491,0.0,0.9504845539389322,0.44039711015620037
1298400.0,4908.028718437479,4264.692634930224,0.0,0.9504846440278656,0.44039848661867903
1298460.0,4908.016840060271,4264.704516864675,0.0,0.9504846251544632,0.4403998630715277
1298520.0,4908.004960324953,4264.716397804288,0.0,0.95048465068166,0.44040123952940113
1298580.0,4907.993081771018,4264.728279631027,0.0,0.9504846371757105,0.4404026159843114
1298640.0,4907.981201521897,4264.740160213897,0.0,0.9504846791303762,0.440403992445358
1298700.0,4907.9693237086385,4264.752042612677,0.0,0.9504846408531898,0.44040536889943543
1298760.0,4907.957439733039,4264.76392046272,0.0,0.9504848046966228,0.4404067453740748
1298820.0,4907.945565688956,4264.775805677532,0.0,0.9504846421551277,0.4404081218177639
1298880.0,4907.933689522182,4264.787689337193,0.0,0.9504845490154159,0.44040949826929315
1298940.0,4907.921807632738,4264.7995687628745,0.0,0.9504846437599938,0.44041087473928703
1299000.0,4907.909929224143,4264.8114507802775,0.0,0.9504846239138496,0.4404122511991099
1299060.0,4907.89804938766,4264.8233317510885,0.0,0.9504846507617954,0.4404136276641781
1299120.0,4907.886170793906,4264.8352136545245,0.0,0.9504846365603575,0.4404150041260889
1299180.0,4907.874290417806,4264.847094249443,0.0,0.9504846806843273,0.4404163805944113
1299240.0,4907.862412603668,4264.858976753789,0.0,0.9504846404321039,0.44041775705536607
1299300.0,4907.850528309529,4264.8708544738,0.0,0.9504848127409402,0.44041913353788587
1299360.0,4907.838654459864,4264.88273993902,0.0,0.9504846418056018,0.4404205099878352
1299420.0,4907.826778378437,4264.894623768192,0.0,0.9504845438569193,0.4404218864459689
1299480.0,4907.814896358506,4264.906503202881,0.0,0.9504846408945306,0.44042326292322526
1299540.0,4907.803015590473,4264.918383582862,0.0,0.9504846964707225,0.4404246393976741
1299600.0,4907.79113823535,4264.9302664981415,0.0,0.9504846398024853,0.44042601586176267
1299660.0,4907.77925175894,4264.94214267171,0.0,0.9504848824737434,0.4404273923557511
1299720.0,4907.767379992157,4264.954029751271,0.0,0.9504846417707777,0.44042876880370957
1299780.0,4907.755505086677,4264.965914522684,0.0,0.9504845038514127,0.44043014526271423
1299840.0,4907.743621819803,4264.9777931040635,0.0,0.9504846405218217,0.4404315217484876
1299900.0,4907.73174032003,4264.989673012531,0.0,0.9504847188040724,0.4404328982298274
1299960.0,4907.719863627903,4265.001556489918,0.0,0.9504846390180102,0.44043427469640534
1300020.0,4907.707978565167,4265.013433777245,0.0,0.9504848339963122,0.440435651190229
1300080.0,4907.696105294237,4265.025319813109,0.0,0.9504846413719827,0.44043702764751463
1300140.0,4907.684229509662,4265.037204003932,0.0,0.9504845309974366,0.44043840411387425
1300200.0,4907.672347033527,4265.049083241946,0.0,0.9504846403558708,0.44043978060173394
1300260.0,4907.660465969422,4265.06096354397,0.0,0.9504847029908221,0.4404411570862804
1300320.0,4907.6485887517265,4265.072846702694,0.0,0.9504846391358165,0.4404425335590977
1300380.0,4907.636704834297,4265.084724909382,0.0,0.950484795153719,0.4404439100538888
1300440.0,4907.624830351624,4265.096610118158,0.0,0.950484641002852,0.4404452865195785
1300500.0,4907.612953855479,4265.10849385249,0.0,0.9504845526701892,0.4404466629927639
1300560.0,4907.601071932321,4265.120373571343,0.0,0.9504846425205418,0.4404480394834835
1300620.0,4907.5891933096955,4265.132255748649,0.0,0.950484623696984,0.44044941596459886
1300680.0,4907.577313332664,4265.1441369336635,0.0,0.9504846491565004,0.44045079245072793
1300740.0,4907.5654345337725,4265.156019003555,0.0,0.9504846356861881,0.4404521689339025
1300800.0,4907.553554044317,4265.167899832758,0.0,0.9504846775296956,0.44045354542319926
1300860.0,4907.541675984054,4265.1797824732585,0.0,0.9504846393537097,0.44045492190554575
1300920.0,4907.529791778274,4265.191660576623,0.0,0.9504848027633831,0.44045629840840417
1300980.0,4907.517917476854,4265.203546026005,0.0,0.9504846406519778,0.4404576748803913
1301040.0,4907.506041058528,4265.215429924215,0.0,0.9504845477586422,0.44045905136020064
1301100.0,4907.494158933168,4265.227309599234,0.0,0.950484642252373,0.4404604278584286
1301160.0,4907.482280279127,4265.239191859387,0.0,0.9504846224586391,0.44046180434651283
1301220.0,4907.4704002010885,4265.251073075623,0.0,0.9504846492354214,0.44046318083983016
1301280.0,4907.458521362371,4265.2629552221215,0.0,0.9504846350714546,0.44046455732999984
1301340.0,4907.446640746163,4265.274836063447,0.0,0.9504846790785416,0.44046593382656607
1301400.0,4907.434762684904,4265.286718809348,0.0,0.9504846389327316,0.44046731031578457
1301460.0,4907.422878161338,4265.298596783116,0.0,0.9504848107853954,0.44046868682651547
1301520.0,4907.411004053688,4265.310482482373,0.0,0.9504846403023703,0.4404700633047589
1301580.0,4907.399127720357,4265.322366549766,0.0,0.9504845426128631,0.4404714397911681
1301640.0,4907.387245464754,4265.334246233877,0.0,0.9504846393934868,0.44047281629665225
1301700.0,4907.375364457605,4265.346126860888,0.0,0.9504846948224224,0.440474192799338
1301760.0,4907.363486854025,4265.3580100167455,0.0,0.9504846383041092,0.4404755692916904
1301820.0,4907.351600154082,4265.369886448086,0.0,0.9504848803327314,0.4404769458138689
1301880.0,4907.339728123536,4265.381773757639,0.0,0.9504846402669662,0.44047832229013495
1301940.0,4907.327852962854,4265.393658764941,0.0,0.9504845027126807,0.44047969877742105
1302000.0,4907.3159694636415,4265.405537597987,0.0,0.9504846390210935,0.44048107529140856
1302060.0,4907.304087726678,4265.417417754758,0.0,0.9504847170959259,0.44048245180097584
1302120.0,4907.292210784202,4265.429301471358,0.0,0.9504846375210401,0.4404838282958196
1302180.0,4907.280325493998,4265.441179013686,0.0,0.9504848319829571,0.44048520481784126
1302240.0,4907.268451963339,4265.453065282269,0.0,0.9504846398685558,0.4404865813034186
1302300.0,4907.256575925891,4265.464949710532,0.0,0.9504845297861526,0.44048795779804906
1302360.0,4907.244693215178,4265.476829198613,0.0,0.9504846388549105,0.440489334314126
1302420.0,4907.2328119126105,4265.488709748007,0.0,0.9504847013238804,0.44049071082689994
1302480.0,4907.220934445927,4265.500593146831,0.0,0.9504846376378633,0.4404920873279752
1302540.0,4907.209046729976,4265.512468966181,0.0,0.9504849103887651,0.44049346386251703
1302600.0,4907.197175545134,4265.524357044324,0.0,0.9504846398604242,0.4404948403452669
1302660.0,4907.18530083429,4265.536242526652,0.0,0.9504844848537634,0.44049621684028684
1302720.0,4907.173416727339,4265.548121050451,0.0,0.95048463846702,0.440497593365348
1302780.0,4907.1615346075205,4265.5600010647395,0.0,0.9504847264560244,0.4404989698852783
1302840.0,4907.149657890983,4265.571885090326,0.0,0.9504846367871757,0.4405003463885623
1302900.0,4907.137777869588,4265.5837666788175,0.0,0.950484655471942,0.4405017229030878
1302960.0,4907.125899185391,4265.59564926988,0.0,0.9504846300041462,0.44050309941413174
1303020.0,4907.114019313121,4265.6075309921,0.0,0.9504846433514444,0.4405044759296882
1303080.0,4907.102141112341,4265.619413965422,0.0,0.9504846015479436,0.44050585244075535
1303140.0,4907.090260477082,4265.631295145276,0.0,0.9504846395281032,0.4405072289602216
1303200.0,4907.078385948866,4265.643180869175,0.0,0.9504844765167314,0.4405086054615284
1303260.0,4907.06650153958,4265.6550592747435,0.0,0.9504846380670322,0.4405099819944087
1303320.0,4907.05461922055,4265.666939247304,0.0,0.9504847306032518,0.4405113585218322
1303380.0,4907.042742583973,4265.678823438284,0.0,0.9504846363047249,0.4405127350317272
1303440.0,4907.030862472274,4265.690705065845,0.0,0.9504846559568038,0.44051411155340164
1303500.0,4907.018983767153,4265.702587747451,0.0,0.9504846291756287,0.440515488071375
1303560.0,4907.007103812969,4265.714469514958,0.0,0.9504846432145337,0.44051686459405354
1303620.0,4906.995225616939,4265.726352597868,0.0,0.9504845992538369,0.4405182411119687
1303680.0,4906.983344861059,4265.738233794288,0.0,0.9504846391980077,0.4405196176386791
1303740.0,4906.971470528055,4265.750119769081,0.0,0.9504844677684996,0.44052099414623186
1303800.0,4906.959585803979,4265.76199804715,0.0,0.9504846376657748,0.4405223706869694
1303860.0,4906.94770327861,4265.773877972667,0.0,0.9504847349840866,0.44052374722190724
1303920.0,4906.935826650709,4265.785762275824,0.0,0.950484638405349,0.44052512373861313
1303980.0,4906.923948757936,4265.79764565898,0.0,0.9504845830564077,0.44052650026045237
1304040.0,4906.912067464701,4265.809526527705,0.0,0.9504846393248858,0.4405278767934338
1304100.0,4906.900195220408,4265.821414121645,0.0,0.9504843979260166,0.44052925329896714
1304160.0,4906.888308344473,4265.833290875084,0.0,0.9504846372011804,0.4405306298510724
1304220.0,4906.876424568959,4265.845169944453,0.0,0.9504847742668542,0.4405320063945312
1304280.0,4906.864549099833,4265.857055177348,0.0,0.9504846382767504,0.44053338291215294
1304340.0,4906.852671853607,4265.868939110498,0.0,0.9504845603486323,0.44053475943652504
1304400.0,4906.840789820226,4265.880819501159,0.0,0.9504846396057524,0.44053613597641716
1304460.0,4906.828916094496,4265.892706063283,0.0,0.9504844456334469,0.4405375124909142
1304520.0,4906.817030633071,4265.9045839358205,0.0,0.9504846370985205,0.4405388890431287
1304580.0,4906.805147650616,4265.916463663666,0.0,0.9504847467732831,0.44054026558865805
1304640.0,4906.793271314348,4265.928348324472,0.0,0.9504846379425463,0.4405416421135905
1304700.0,4906.781393554003,4265.940231947191,0.0,0.9504845755743456,0.44054301864415873
1304760.0,4906.769511962201,4265.952112735807,0.0,0.9504846389893741,0.4405443951872303
1304820.0,4906.757640568742,4265.964001102155,0.0,0.9504843669588802,0.44054577169922304
1304880.0,4906.745752687595,4265.975877251348,0.0,0.9504846366067291,0.44054714826365016
1304940.0,4906.733868301536,4265.9877560091945,0.0,0.9504847910732837,0.4405485248181839
1305000.0,4906.72199327623,4265.999641712604,0.0,0.9504846378293931,0.44054990134355015
1305060.0,4906.710116249624,4266.011525949976,0.0,0.9504845500163794,0.4405512778763746
1305120.0,4906.698233828922,4266.023406194675,0.0,0.9504846393376528,0.44055265442663605
1305180.0,4906.6863546886925,4266.0352888839,0.0,0.9504846206246373,0.4405540309673506
1305240.0,4906.674474202249,4266.047170586491,0.0,0.9504846459340568,0.44055540751305344
1305300.0,4906.662594886765,4266.059053168968,0.0,0.9504846325427783,0.44055678405582166
1305360.0,4906.650713890945,4266.070934517825,0.0,0.9504846741397592,0.4405581606046807
1305420.0,4906.638835309551,4266.082817667719,0.0,0.9504846361882164,0.44055953714663154
1305480.0,4906.6269506198905,4266.094696306268,0.0,0.9504847986358768,0.440560913708983
1305540.0,4906.61507577447,4266.106582249159,0.0,0.9504846374783464,0.44056229024063875
1305600.0,4906.603198824948,4266.118466649722,0.0,0.9504845451314572,0.4405636667800775
1305660.0,4906.5913162030065,4266.130346851072,0.0,0.9504846390688261,0.4405650433378327
1305720.0,4906.579437031289,4266.142229622916,0.0,0.9504846193913312,0.44056641988550443
1305780.0,4906.567556444186,4266.154111356793,0.0,0.9504846460102817,0.4405677964383829
1305840.0,4906.555677088855,4266.165994015676,0.0,0.9504846319294217,0.44056917298813425
1305900.0,4906.543795966788,4266.177875376826,0.0,0.9504846756772799,0.4405705495442491
1305960.0,4906.531917384139,4266.189758631766,0.0,0.9504846357674773,0.44057192609306073
1306020.0,4906.520032378351,4266.201637141691,0.0,0.9504848066086419,0.44057330266326794
1306080.0,4906.508157725268,4266.213523333286,0.0,0.9504846371285591,0.44057467920117266
1306140.0,4906.496280859961,4266.225407902314,0.0,0.9504845400136446,0.44057605574720154
1306200.0,4906.4843981082995,4266.237288112946,0.0,0.9504846362245268,0.4405774323121994
1306260.0,4906.472516597474,4266.249169261167,0.0,0.9504846913270586,0.44057880887441925
1306320.0,4906.460638469554,4266.261052923902,0.0,0.9504846351410619,0.4405801854263658
1306380.0,4906.448751300413,4266.272929900307,0.0,0.9504848757453774,0.4405815620079746
1306440.0,4906.436878711657,4266.284817693222,0.0,0.9504846370918724,0.4405829385439313
1306500.0,4906.425003011713,4266.296703196988,0.0,0.9504845003467064,0.4405843150908507
1306560.0,4906.4131190238095,4266.308582561541,0.0,0.950484635852833,0.44058569166432254
1306620.0,4906.40123678742,4266.3204632423485,0.0,0.9504847134680614,0.44058706823340354
1306680.0,4906.389359316418,4266.332347462806,0.0,0.950484634361108,0.44058844478784565
1306740.0,4906.377473548296,4266.344225544046,0.0,0.9504848276786461,0.44058982136931574
1306800.0,4906.365599468352,4266.356112302061,0.0,0.9504846366943147,0.44059119791455
1306860.0,4906.353722896785,4266.367997230234,0.0,0.9504845272593286,0.4405925744687907
1306920.0,4906.341839692419,4266.379877246268,0.0,0.9504846356861362,0.44059395104435845
1306980.0,4906.329957887615,4266.391758317632,0.0,0.9504846977872912,0.4405953276166464
1307040.0,4906.318079895408,4266.403642222273,0.0,0.9504846344757529,0.4405967041773034
1307100.0,4906.30619171607,4266.415518590481,0.0,0.9504849056215745,0.44059808077124263
1307160.0,4906.294319967537,4266.427407147946,0.0,0.9504846366847394,0.44059945731368355
1307220.0,4906.2824447143485,4266.439293124366,0.0,0.9504844825898375,0.44060083386833004
1307280.0,4906.270560122042,4266.451172181747,0.0,0.9504846352990367,0.44060221045284975
1307340.0,4906.258677504768,4266.463052721201,0.0,0.9504847227700762,0.44060358703227215
1307400.0,4906.24680025798,4266.47493724921,0.0,0.9504846336285792,0.44060496359514384
1307460.0,4906.234919726352,4266.486819353978,0.0,0.9504846522031577,0.4406063401691969
1307520.0,4906.223040523782,4266.498702455655,0.0,0.9504846268849628,0.44060771673979066
1307580.0,4906.211160140315,4266.510584693445,0.0,0.9504846401534789,0.4406090933148748
1307640.0,4906.199281418168,4266.522468175272,0.0,0.9504845985956947,0.44061046988549807
1307700.0,4906.187400276282,4266.534349873826,0.0,0.9504846363521365,0.440611846464476
1307760.0,4906.175525204349,4266.546236090684,0.0,0.9504844742996551,0.44061322302540157
1307820.0,4906.163640311274,4266.558115030745,0.0,0.9504846348991652,0.44061459961772387
1307880.0,4906.151757495732,4266.569995528948,0.0,0.9504847268907037,0.4406159762046248
1307940.0,4906.139880328156,4266.581880221653,0.0,0.950484633146729,0.44061735277409775
1308000.0,4906.127999706507,4266.59376236551,0.0,0.9504846526829371,0.44061872935528695
1308060.0,4906.116120482876,4266.605645557457,0.0,0.9504846260590792,0.44062010593279893
1308120.0,4906.10424001773,4266.61752784052,0.0,0.9504846400151391,0.4406214825149927
1308180.0,4906.0923613000405,4266.629411431551,0.0,0.9504845963128276,0.4406228590924531
1308240.0,4906.080480038003,4266.64129314682,0.0,0.9504846360217465,0.44062423567866194
1308300.0,4906.068605159836,4266.653179613391,0.0,0.9504844656005735,0.44062561224582575
1308360.0,4906.05671995362,4266.665058426913,0.0,0.9504846344980313,0.4406269888459886
1308420.0,4906.044836932725,4266.676938878579,0.0,0.9504847312435488,0.4406283654403891
1308480.0,4906.032959773511,4266.688823683062,0.0,0.9504846352327571,0.44062974201666194
1308540.0,4906.021081357051,4266.700707572805,0.0,0.9504845802092446,0.4406311185980438
1308600.0,4906.009199560744,4266.712588962396,0.0,0.9504846361463856,0.4406324951905066
1308660.0,4905.997326758433,4266.7244770390835,0.0,0.9504843961677569,0.4406338717556807
1308720.0,4905.985439413241,4266.736354336791,0.0,0.9504846340346796,0.44063524836716556
1308780.0,4905.973555149612,4266.748233937329,0.0,0.9504847702935905,0.44063662497005723
1308840.0,4905.961679141963,4266.760119666437,0.0,0.9504846351034236,0.44063800154725935
1308900.0,4905.9498013679495,4266.772004103213,0.0,0.9504845576336047,0.44063937813117826
1308960.0,4905.937918835812,4266.783885017618,0.0,0.950484636424108,0.44064075473053116
1309020.0,4905.926044560888,4266.795772068495,0.0,0.9504844435929332,0.44064213130463586
1309080.0,4905.9141586214455,4266.8076504791115,0.0,0.9504846339311324,0.4406435079162479
1309140.0,4905.90227514589,4266.81953073455,0.0,0.9504847429602956,0.44064488452121686
1309200.0,4905.890398276184,4266.8314158949715,0.0,0.9504846347696944,0.44064626110570665
1309260.0,4905.878519990995,4266.843300023238,0.0,0.950484572768247,0.4406476376958052
1309320.0,4905.86663789758,4266.855181333496,0.0,0.9504846358098644,0.44064901429833825
1309380.0,4905.854765940587,4266.867070178529,0.0,0.9504843653799335,0.4406503908699722
1309440.0,4905.842877595929,4266.878946875742,0.0,0.9504846334407434,0.4406517674937463
1309500.0,4905.83099272511,4266.890826166847,0.0,0.9504847869980944,0.4406531441076873
1309560.0,4905.819117158232,4266.902712364123,0.0,0.9504846346557154,0.44065452069262706
1309620.0,4905.807239602155,4266.914597103716,0.0,0.9504845473591521,0.44065589728498744
1309680.0,4905.7953566846945,4266.926477873302,0.0,0.9504846361546034,0.440657273894688
1309740.0,4905.7834830730735,4266.9383655574675,0.0,0.9504844188556422,0.4406586504758264
1309800.0,4905.771596317678,4266.950243503716,0.0,0.9504846333558227,0.44066002709914626
1309860.0,4905.759712340069,4266.962123527705,0.0,0.9504847562276888,0.44066140371483115
1309920.0,4905.747835806904,4266.974009078945,0.0,0.9504846343114004,0.44066278030738665
1309980.0,4905.735957679944,4266.98589346571,0.0,0.9504845644463176,0.44066415690611405
1310040.0,4905.724075262017,4266.997774676253,0.0,0.9504846354941741,0.44066553351880133
1310100.0,4905.712200289267,4267.009661421563,0.0,0.950484461598178,0.44066691010880216
1310160.0,4905.700314797531,4267.021540375418,0.0,0.9504846332378531,0.4406682867326954
1310220.0,4905.688431526598,4267.0334209939765,0.0,0.9504847315544196,0.44066966335071234
1310280.0,4905.676554212115,4267.045306036321,0.0,0.9504846339858569,0.44067103995029894
1310340.0,4905.664675620243,4267.057190148826,0.0,0.9504845780699016,0.4406724165550582
1310400.0,4905.652793593973,4267.069071720321,0.0,0.9504846349156675,0.440673793171072
1310460.0,4905.640920707193,4267.080960087858,0.0,0.9504843910423693,0.4406751697593322
1310520.0,4905.629033042602,4267.092837500477,0.0,0.9504846327710363,0.4406765463946523
1310580.0,4905.6171485095365,4267.104717253331,0.0,0.9504847712423907,0.44067792302121933
1310640.0,4905.60527236591,4267.116603234698,0.0,0.9504846338584804,0.4406792996216706
1310700.0,4905.593394427548,4267.128487902473,0.0,0.9504845551318152,0.44068067622892837
1310760.0,4905.581511654237,4267.140368990341,0.0,0.9504846352019547,0.44068205285186496
1310820.0,4905.569637271688,4267.152256314688,0.0,0.9504844392413543,0.4406834294491267
1310880.0,4905.557751036242,4267.164134857685,0.0,0.9504846326698644,0.4406848060844965
1310940.0,4905.545867304664,4267.176015275437,0.0,0.9504847434694896,0.4406861827130949
1311000.0,4905.533990285731,4267.187900678148,0.0,0.9504846335233905,0.44068755932087295
1311060.0,4905.522111828618,4267.199785031693,0.0,0.9504845705161611,0.44068893593433145
1311120.0,4905.510229501802,4267.211666521183,0.0,0.950484634581798,0.4406903125604203
1311180.0,4905.498353887904,4267.223553002802,0.0,0.9504844777612349,0.440691689166133
1311240.0,4905.486468787998,4267.235432458448,0.0,0.9504846325388888,0.44069306580247836
1311300.0,4905.474585689699,4267.247313416356,0.0,0.9504847211950037,0.44069444243363853
1311360.0,4905.462708033796,4267.259198417518,0.0,0.9504846308469347,0.4406958190480139
1311420.0,4905.450827049209,4267.271080962066,0.0,0.9504846496736108,0.44069719567371185
1311480.0,4905.438947411559,4267.282964517108,0.0,0.9504846240131211,0.4406985722958915
1311540.0,4905.427066577315,4267.2948471963,0.0,0.9504846374618814,0.4406999489226113
1311600.0,4905.415187426721,4267.3067311365,0.0,0.9504845953418779,0.44070132554479646
1311660.0,4905.403305824107,4267.3186132688525,0.0,0.9504846336101859,0.4407027021754401
1311720.0,4905.39143037281,4267.330499981386,0.0,0.9504844693636852,0.4407040787877655
1311780.0,4905.379544969014,4267.3423793171705,0.0,0.9504846321386627,0.44070545543191353
1311840.0,4905.367661670699,4267.354260232335,0.0,0.9504847253764935,0.4407068320705476
1311900.0,4905.355784095971,4267.366145399529,0.0,0.9504846303636203,0.4407082086915077
1311960.0,4905.343903021064,4267.378027982776,0.0,0.9504846501649477,0.4407095853243325
1312020.0,4905.3320233629765,4267.389911628402,0.0,0.9504846231811145,0.44071096195341786
1312080.0,4905.320142446863,4267.401794352562,0.0,0.9504846373267285,0.4407123385872374
1312140.0,4905.308263301692,4267.4136784025395,0.0,0.9504845930331621,0.44071371521624636
1312200.0,4905.296381578223,4267.42556055091,0.0,0.9504846332803826,0.4407150918541128
1312260.0,4905.284506324188,4267.437447515658,0.0,0.9504844605518776,0.4407164684726548
1312320.0,4905.27262060396,4267.449326722242,0.0,0.9504846317371575,0.4407178451246436
1312380.0,4905.260737098447,4267.461207589304,0.0,0.9504847297934047,0.4407192217707731
1312440.0,4905.248859533095,4267.473092868889,0.0,0.9504846324829577,0.4407205983985195
1312500.0,4905.236980693826,4267.484977221022,0.0,0.9504845767148842,0.4407219750314275
1312560.0,4905.225098429541,4267.496859038624,0.0,0.9504846334100836,0.4407233516755624
1312620.0,4905.213225279741,4267.508747634977,0.0,0.9504843901821449,0.44072472829201575
1312680.0,4905.201337392524,4267.520625304321,0.0,0.950484631270905,0.44072610495541076
1312740.0,4905.189452628252,4267.532505307953,0.0,0.9504847693756426,0.4407274816100767
1312800.0,4905.177576230479,4267.544391524238,0.0,0.950484632355247,0.4407288582386936
1312860.0,4905.165698042857,4267.556276430298,0.0,0.950484553836836,0.44073023487410173
1312920.0,4905.153815033496,4267.5681577655705,0.0,0.950484633694942,0.4407316115251498
1312980.0,4905.14194039195,4267.580045321453,0.0,0.9504844382528338,0.4407329881505893
1313040.0,4905.130053929891,4267.59192411836,0.0,0.950484631169329,0.4407343648140414
1313100.0,4905.118169964836,4267.603804785265,0.0,0.9504847416756422,0.44073574147074146
1313160.0,4905.106292694075,4267.6156904244435,0.0,0.9504846320203725,0.4407371181066746
1313220.0,4905.094413989042,4267.627575017143,0.0,0.9504845691797764,0.4407384947482757
1313280.0,4905.082531424877,4267.639456753088,0.0,0.9504846330757554,0.440739871402476
1313340.0,4905.070655555266,4267.651343468461,0.0,0.9504844766700794,0.44074124803635323
1313400.0,4905.058770225563,4267.663223175765,0.0,0.9504846310380289,0.4407426247007867
1313460.0,4905.04688689198,4267.675104381521,0.0,0.9504847194593958,0.44074400136005015
1313520.0,4905.0350089859085,4267.686989620244,0.0,0.9504846293503288,0.44074537800257213
1313580.0,4905.023127760239,4267.6988724086195,0.0,0.9504846481270682,0.44074675465638935
1313640.0,4905.011247877813,4267.710756204925,0.0,0.9504846225343765,0.44074813130669854
1313700.0,4904.999366802048,4267.722639127622,0.0,0.9504846359474336,0.4407495079615375
1313760.0,4904.98748740532,4267.73452330813,0.0,0.9504845939387855,0.44075088461185485
1313820.0,4904.975605563261,4267.7464056854005,0.0,0.9504846321057075,0.44075226127061035
1313880.0,4904.963729855685,4267.758292631211,0.0,0.9504844682937835,0.44075363791109595
1313940.0,4904.951844222808,4267.770172219062,0.0,0.9504846306378548,0.4407550145833242
1314000.0,4904.939960689639,4267.782053382289,0.0,0.9504847236288456,0.4407563912500547
1314060.0,4904.928082864406,4267.7939387867245,0.0,0.9504846288672857,0.44075776789915677
1314120.0,4904.916201548546,4267.805821613802,0.0,0.950484648616106,0.4407591445600949
1314180.0,4904.904321645622,4267.817705500566,0.0,0.9504846217035606,0.4407605212173043
1314240.0,4904.892440488096,4267.829588468221,0.0,0.9504846358116336,0.4407618978792371
1314300.0,4904.880561096657,4267.841472758332,0.0,0.9504845916351541,0.44076327453637265
1314360.0,4904.868679133956,4267.853355151686,0.0,0.9504846317757706,0.4407646512023448
1314420.0,4904.856803622991,4267.865242349175,0.0,0.9504844595042052,0.4407660278490434
1314480.0,4904.844917674432,4267.877121808257,0.0,0.9504846302364053,0.4407674045291049
1314540.0,4904.833033934514,4267.889002923607,0.0,0.9504847280330369,0.4407687812033238
1314600.0,4904.821156118515,4267.900888440253,0.0,0.9504846309800081,0.44077015785920703
1314660.0,4904.809277032063,4267.912773031824,0.0,0.9504845753593758,0.44077153452024054
1314720.0,4904.797394529948,4267.924655095328,0.0,0.9504846319044572,0.4407729111924733
1314780.0,4904.785521117392,4267.9365439203375,0.0,0.9504843893199397,0.44077428783709655
1314840.0,4904.773633007685,4267.948421846161,0.0,0.950484629770715,0.44077566452854333
1314900.0,4904.761748012371,4267.9603021003495,0.0,0.9504847675099184,0.44077704121128514
1314960.0,4904.749871360685,4267.97218855138,0.0,0.950484630851964,0.4407784178680445
1315020.0,4904.7379929240215,4267.9840736955375,0.0,0.9504845525411836,0.44077979453158
1315080.0,4904.72610967879,4267.995955278005,0.0,0.9504846321878905,0.4407811712107165
1315140.0,4904.714234778487,4268.00784306526,0.0,0.9504844372627832,0.4407825478643107
1315200.0,4904.702348089967,4268.019722115848,0.0,0.9504846296687367,0.44078392455582255
1315260.0,4904.690463891609,4268.031603031691,0.0,0.9504847398825031,0.4407853012406014
1315320.0,4904.678586369242,4268.043488907154,0.0,0.9504846305173043,0.4407866779046666
1315380.0,4904.666707416502,4268.055373738818,0.0,0.9504845678429237,0.4407880545743874
1315440.0,4904.654824615172,4268.067255721009,0.0,0.9504846315696696,0.44078943125667625
1315500.0,4904.642948490084,4268.079142669959,0.0,0.9504844755778625,0.44079080791869485
1315560.0,4904.631062930753,4268.091022628695,0.0,0.950484629537113,0.44079218461119346
1315620.0,4904.619179362065,4268.102904082089,0.0,0.9504847177243155,0.4407935612985371
1315680.0,4904.607301206044,4268.114789558182,0.0,0.9504846278536565,0.44079493796918223
1315740.0,4904.595419739488,4268.126672590181,0.0,0.9504846465805796,0.4407963146510957
1315800.0,4904.583539612487,4268.138556627557,0.0,0.9504846210555234,0.44079769132951113
1315860.0,4904.5716582954,4268.150439793561,0.0,0.9504846344329622,0.4407990680124464
1315920.0,4904.559778652744,4268.162324214182,0.0,0.9504845925354043,0.4408004446908729
1315980.0,4904.547896571432,4268.174206836173,0.0,0.9504846306011819,0.44080182137771734
1316040.0,4904.536020607813,4268.186094015081,0.0,0.9504844672227745,0.44080319804634016
1316100.0,4904.524134746023,4268.197973854778,0.0,0.9504846291369912,0.44080457474662593
1316160.0,4904.5122509781795,4268.2098552658545,0.0,0.9504847218817138,0.4408059514414298
1316220.0,4904.500372902661,4268.221740907342,0.0,0.9504846273708848,0.4408073281186505
1316280.0,4904.488491346044,4268.23362397805,0.0,0.9504846470673161,0.44080870480767864
1316340.0,4904.476611198485,4268.245508105758,0.0,0.9504846202258989,0.4408100814929889
1316400.0,4904.4647297997435,4268.25739131671,0.0,0.9504846342965152,0.440811458183012
1316460.0,4904.452850162246,4268.269275846759,0.0,0.950484590236857,0.44081283486825146
1316520.0,4904.440967960507,4268.281158484895,0.0,0.9504846302711112,0.4408142115623062
1316580.0,4904.429092192843,4268.293045914946,0.0,0.9504844584554536,0.44081558823713823
1316640.0,4904.417206016115,4268.304925626305,0.0,0.9504846287355969,0.44081696494524936
1316700.0,4904.405322041973,4268.316806989733,0.0,0.9504847262732308,0.44081834164753464
1316760.0,4904.393443975546,4268.328692743253,0.0,0.9504846294770074,0.4408197183315313
1316820.0,4904.38156464212,4268.340577574071,0.0,0.9504845740034916,0.4408210950206673
1316880.0,4904.369681902363,4268.352459883263,0.0,0.9504846303987858,0.4408224717209749
1316940.0,4904.357808227295,4268.36434893676,0.0,0.950484388456249,0.4408238483937449
1317000.0,4904.345919895252,4268.3762271188325,0.0,0.9504846282704676,0.4408252251132206
1317060.0,4904.334034669066,4268.38810762336,0.0,0.9504847656450177,0.4408266018240152
1317120.0,4904.3221577636905,4268.399994308956,0.0,0.950484629348631,0.4408279785088938
1317180.0,4904.3102790781995,4268.4118796910225,0.0,0.9504845512450257,0.44082935520053346
1317240.0,4904.29839559728,4268.423761520475,0.0,0.9504846306807977,0.44083073190773525
1317300.0,4904.286520438464,4268.435649538927,0.0,0.9504844362714716,0.440832108589461
1317360.0,4904.274633523646,4268.447528842971,0.0,0.9504846281680878,0.44083348530900934
1317420.0,4904.262749092161,4268.459410007539,0.0,0.9504847380900077,0.44083486202184385
1317480.0,4904.250871318407,4268.471296119097,0.0,0.9504846290141853,0.4408362387140179
1317540.0,4904.238992118174,4268.483181189535,0.0,0.950484566505587,0.44083761541183514
1317600.0,4904.227109079868,4268.495063417763,0.0,0.9504846300635414,0.4408389921221892
1317660.0,4904.2152362576435,4268.5069532452435,0.0,0.9504843574203716,0.44084036880136424
1317720.0,4904.203346919178,4268.518830820723,0.0,0.9504846276757003,0.4408417455331245
1317780.0,4904.191461081926,4268.530711012216,0.0,0.9504847824903114,0.44084312225495315
1317840.0,4904.179584621671,4268.542598169041,0.0,0.950484628901289,0.4408444989475258
1317900.0,4904.167706156718,4268.5544838555725,0.0,0.9504845408904979,0.4408458756475693
1317960.0,4904.1558222883405,4268.5663655380185,0.0,0.9504846304131179,0.4408472523650975
1318020.0,4904.143941706173,4268.578249671906,0.0,0.9504846116580171,0.44084862907304456
1318080.0,4904.1320597754975,4268.590132816294,0.0,0.9504846370245598,0.44085000578598854
1318140.0,4904.120179017857,4268.602016843023,0.0,0.9504846236031862,0.44085138249598316
1318200.0,4904.108296577013,4268.613899632563,0.0,0.9504846652940135,0.44085275921208006
1318260.0,4904.096416554825,4268.625784228226,0.0,0.9504846272570109,0.4408541359212428
1318320.0,4904.084530413839,4268.637664299606,0.0,0.9504847900709175,0.44085551265085715
1318380.0,4904.072654134192,4268.649551696128,0.0,0.9504846285502193,0.44085688934968265
1318440.0,4904.060775746859,4268.661437545845,0.0,0.9504845359953022,0.44085826605630474
1318500.0,4904.048891677294,4268.673319184353,0.0,0.9504846301444533,0.44085964278129375
1318560.0,4904.037011063984,4268.685203400627,0.0,0.9504846104226989,0.4408610194961634
1318620.0,4904.025129032875,4268.697086575924,0.0,0.9504846371017243,0.44086239621624923
1318680.0,4904.013248235718,4268.708970678813,0.0,0.9504846229892149,0.44086377293319257
1318740.0,4904.001365668809,4268.7208534802085,0.0,0.9504846668357679,0.44086514965651197
1318800.0,4903.989485645766,4268.73273818075,0.0,0.9504846268360913,0.4408665263725009
1318860.0,4903.977599188505,4268.7446181226705,0.0,0.9504847980624127,0.4408679031099392
1318920.0,4903.965723101927,4268.756505768137,0.0,0.9504846282004115,0.4408692798149771
1318980.0,4903.95384479936,4268.768391786332,0.0,0.950484530866663,0.4408706565281538
1319040.0,4903.941960600247,4268.780273433674,0.0,0.9504846272945122,0.4408720332603521
1319100.0,4903.930077644189,4268.792156021202,0.0,0.9504846825213462,0.4408734099897551
1319160.0,4903.918198076928,4268.804041130386,0.0,0.9504846262087756,0.4408747867088512
1319220.0,4903.906309452829,4268.8159195341,0.0,0.9504848673555215,0.4408761634576879
1319280.0,4903.894435434429,4268.82780878514,0.0,0.950484628164154,0.4408775401607354
1319340.0,4903.882558299511,4268.839695740426,0.0,0.9504844911108261,0.44087891687476854
1319400.0,4903.87067286228,4268.851576538966,0.0,0.9504846269224928,0.44088029361542896
1319460.0,4903.85878917967,4268.863458657436,0.0,0.9504847047127263,0.4408816703516766
1319520.0,4903.84691027073,4268.875344325623,0.0,0.9504846254275765,0.440883047073239
1319580.0,4903.835023050331,4268.887223837029,0.0,0.9504848191809434,0.44088442382190224
1319640.0,4903.8231475384255,4268.8991120499,0.0,0.9504846277662122,0.44088580053421766
1319700.0,4903.811269530639,4268.910998427638,0.0,0.9504845180846759,0.440887177255557
1319760.0,4903.7993848785745,4268.922879879202,0.0,0.9504846267559324,0.44088855399828286
1319820.0,4903.787501628567,4268.93476238903,0.0,0.9504846889971129,0.44088993073771027
1319880.0,4903.775622197788,4268.946647740185,0.0,0.9504846255429921,0.4408913074654694
1319940.0,4903.76373256228,4268.958525533345,0.0,0.9504848972999174,0.44089268422659933
1320000.0,4903.751859386091,4268.970415550483,0.0,0.9504846277571265,0.4408940609360768
1320060.0,4903.739982699236,4268.9823029791405,0.0,0.9504844733151107,0.4408954376577864
1320120.0,4903.728096657091,4268.994183469012,0.0,0.9504846263684724,0.44089681440945383
1320180.0,4903.716212593471,4269.006065445101,0.0,0.9504847140367034,0.44089819115599993
1320240.0,4903.704333909674,4269.017951421087,0.0,0.9504846246944214,0.4408995678859434
1320300.0,4903.692451935389,4269.029834966869,0.0,0.950484643310939,0.44090094462709467
1320360.0,4903.680571292506,4269.041719512353,0.0,0.9504846179357793,0.44090232136477064
1320420.0,4903.668689466727,4269.053603191434,0.0,0.9504846312342805,0.44090369810694396
1320480.0,4903.656809305194,4269.0654881180435,0.0,0.9504845895829205,0.4409050748446371
1320540.0,4903.644926719766,4269.0773712562495,0.0,0.9504846274245423,0.44090645159070363
1320600.0,4903.633050214884,4269.0892589255645,0.0,0.9504844650069022,0.4409078283186558
1320660.0,4903.621163871851,4269.10113929731,0.0,0.950484625968467,0.44090920507809384
1320720.0,4903.609279610019,4269.113021231558,0.0,0.9504847181674521,0.4409105818320855
1320780.0,4903.5974010059745,4269.124907372242,0.0,0.950484624212251,0.4409119585685948
1320840.0,4903.585518941912,4269.136790956753,0.0,0.9504846437925887,0.4409133353168482
1320900.0,4903.573638278335,4269.148675592294,0.0,0.950484617108791,0.4409147120614075
1320960.0,4903.561756371134,4269.160559316308,0.0,0.9504846310964022,0.4409160888106562
1321020.0,4903.549876214466,4269.172444351964,0.0,0.9504845872956311,0.44091746555515143
1321080.0,4903.53799350908,4269.184327506458,0.0,0.9504846270941769,0.440918842308415
1321140.0,4903.526117198709,4269.1962154257335,0.0,0.9504844562887563,0.44092021904256873
1321200.0,4903.514230542382,4269.208095670104,0.0,0.9504846255671964,0.44092159580981544
1321260.0,4903.50234607524,4269.219977557213,0.0,0.9504847225309526,0.4409229725712737
1321320.0,4903.490467479971,4269.231863809529,0.0,0.9504846263037495,0.44092434931454816
1321380.0,4903.478587625344,4269.243749144417,0.0,0.9504845711562229,0.44092572606293734
1321440.0,4903.466704385028,4269.255631971994,0.0,0.9504846272196097,0.44092710282243663
1321500.0,4903.454830154387,4269.267521505668,0.0,0.9504843866997374,0.4409284795545582
1321560.0,4903.442941355639,4269.279400229583,0.0,0.9504846251033117,0.4409298563331234
1321620.0,4903.43105564387,4269.291281262822,0.0,0.9504847616696666,0.4409312331030613
1321680.0,4903.41917820244,4269.303168442086,0.0,0.950484626174637,0.4409326098472308
1321740.0,4903.407298991644,4269.315054325256,0.0,0.950484548530127,0.44093398659812777
1321800.0,4903.395415014484,4269.326936675975,0.0,0.9504846274984716,0.4409353633645009
1321860.0,4903.383539308927,4269.338825180621,0.0,0.9504844342322972,0.44093674010554484
1321920.0,4903.371651918634,4269.350705020301,0.0,0.9504846250000427,0.44093811688420076
1321980.0,4903.359766996571,4269.362586709994,0.0,0.9504847342752999,0.44093949365618523
1322040.0,4903.347888691855,4269.37447331864,0.0,0.9504846258406676,0.4409408704076272
1322100.0,4903.336008969265,4269.3863588921095,0.0,0.9504845636993697,0.44094224716468533
1322160.0,4903.324125431855,4269.398241639498,0.0,0.9504846268833564,0.44094362393421116
1322220.0,4903.312252048546,4269.410131943092,0.0,0.9504843558431012,0.4409450006727382
1322280.0,4903.3003622491215,4269.422010064162,0.0,0.9504846245090592,0.4409463774635554
1322340.0,4903.288475929637,4269.433890786453,0.0,0.9504847784131204,0.44094775424450167
1322400.0,4903.2765989302825,4269.4457784346,0.0,0.9504846257269444,0.44094913099635835
1322460.0,4903.264719938341,4269.457664620826,0.0,0.9504845382334244,0.4409505077556482
1322520.0,4903.252835575723,4269.469546825688,0.0,0.9504846272293866,0.440951884532326
1322580.0,4903.240954479357,4269.481431468115,0.0,0.9504846085843208,0.44095326129947976
1322640.0,4903.229072042631,4269.493315126683,0.0,0.9504846338014552,0.44095463807160534
1322700.0,4903.2171907717975,4269.505199662615,0.0,0.9504846204587527,0.44095601484080116
1322760.0,4903.205307827938,4269.517082968398,0.0,0.9504846619041861,0.440957391616068
1322820.0,4903.19342728804,4269.528968070092,0.0,0.9504846240905955,0.44095876838444276
1322880.0,4903.181540666404,4269.54084867319,0.0,0.9504847859468739,0.4409601451731581
1322940.0,4903.169663846297,4269.552736559911,0.0,0.9504846253757028,0.44096152193126
1323000.0,4903.157784931243,4269.564622908638,0.0,0.9504845333647722,0.4409628986971188
1323060.0,4903.145900368394,4269.576505070045,0.0,0.9504846269600659,0.4409642754812427
1323120.0,4903.1340192408115,4269.588389794631,0.0,0.9504846073540266,0.4409656522553073
1323180.0,4903.122136704,4269.600273484169,0.0,0.9504846338759315,0.44096702903456153
1323240.0,4903.110255393631,4269.612158096065,0.0,0.9504846198461546,0.4409684058106942
1323300.0,4903.098372324209,4269.624041413877,0.0,0.9504846634346467,0.4409697825931701
1323360.0,4903.086491783199,4269.63592662009,0.0,0.9504846236699145,0.44097115936835973
1323420.0,4903.074604846942,4269.647807094699,0.0,0.9504847938891947,0.4409725361648823
1323480.0,4903.062728218475,4269.659695229191,0.0,0.950484625025716,0.44097391292918864
1323540.0,4903.05084938741,4269.671581745679,0.0,0.9504845282640247,0.44097528970159255
1323600.0,4903.038964695535,4269.683463916107,0.0,0.9504846241246463,0.44097666649291223
1323660.0,4903.027081239137,4269.695347021433,0.0,0.9504846790264652,0.44097804328145684
1323720.0,4903.0152011509745,4269.7072326341295,0.0,0.950484623044798,0.44097942005975443
1323780.0,4903.003312060848,4269.719111579417,0.0,0.9504848627731975,0.44098079686762937
1323840.0,4902.991437487842,4269.731001310535,0.0,0.9504846249881803,0.4409821736299748
1323900.0,4902.979559817172,4269.7428887589585,0.0,0.9504844887405188,0.44098355040324844
1323960.0,4902.967673894516,4269.754770085558,0.0,0.9504846237533235,0.4409849272030007
1324020.0,4902.955789715796,4269.766652724645,0.0,0.9504847010858831,0.44098630399836974
1324080.0,4902.943910281793,4269.77853889333,0.0,0.9504846222667008,0.440987680779138
1324140.0,4902.9320225866895,4269.790418940174,0.0,0.9504848148805275,0.44098905758685747
1324200.0,4902.920146529061,4269.802307639173,0.0,0.9504846245910877,0.4409904343584368
1324260.0,4902.908267990641,4269.814194513481,0.0,0.9504845155542341,0.4409918111389937
1324320.0,4902.896382848213,4269.826076489561,0.0,0.9504846235862515,0.44099318794081815
1324380.0,4902.8844990992975,4269.837959517944,0.0,0.95048468546119,0.4409945647393672
1324440.0,4902.87261914644,4269.849845371556,0.0,0.9504846223799468,0.4409959415263152
1324500.0,4902.860729050685,4269.861723710066,0.0,0.950484892538618,0.4409973183464505
1324560.0,4902.848855314437,4269.87361420326,0.0,0.9504846245805645,0.440998695115226
1324620.0,4902.836978088762,4269.885502122687,0.0,0.9504844710464733,0.4410000718961693
1324680.0,4902.82509156451,4269.897383142684,0.0,0.9504846231995792,0.44100144870690305
1324740.0,4902.813207006741,4269.909265640512,0.0,0.9504847103520626,0.4410028255125489
1324800.0,4902.80132779616,4269.921152115571,0.0,0.9504846215348746,0.4410042023016874
1324860.0,4902.789439277228,4269.93303169068,0.0,0.9504848385994941,0.4410055791210909
1324920.0,4902.777563873109,4269.944921015601,0.0,0.9504846241648524,0.4410069558996791
1324980.0,4902.765685674706,4269.956808282906,0.0,0.950484501294909,0.4410083326882365
1325040.0,4902.753800034799,4269.968690029708,0.0,0.9504846230430798,0.4410097095007116
1325100.0,4902.741915966487,4269.980572961129,0.0,0.95048469277621,0.44101108630934743
1325160.0,4902.730036176344,4269.992459075994,0.0,0.9504846216942684,0.4410124631048565
1325220.0,4902.718148936087,4270.004339670725,0.0,0.9504847953861516,0.4410138399247539
1325280.0,4902.706272189279,4270.016228068794,0.0,0.9504846237821629,0.4410152167121258
1325340.0,4902.694393204448,4270.028114822283,0.0,0.9504845254504792,0.4410165935077078
1325400.0,4902.682508264162,4270.03999715874,0.0,0.9504846228678191,0.4410179703225079
1325460.0,4902.670624579486,4270.051880445178,0.0,0.9504846786615154,0.4410193471344677
1325520.0,4902.65874431753,4270.063766279839,0.0,0.9504846217717944,0.44102072393600616
1325580.0,4902.6468549083165,4270.075645338128,0.0,0.9504848653922982,0.44102210076758536
1325640.0,4902.634980250859,4270.087535358192,0.0,0.9504846237480753,0.44102347755288485
1325700.0,4902.623102445852,4270.099423058138,0.0,0.950484485289455,0.4410248543492714
1325760.0,4902.611216255572,4270.111304536313,0.0,0.9504846224945261,0.44102623117256234
1325820.0,4902.59933183758,4270.123187348218,0.0,0.9504847010830435,0.4410276079913786
1325880.0,4902.587452241032,4270.135073747257,0.0,0.9504846209851245,0.4410289847953486
1325940.0,4902.575564250021,4270.146953924437,0.0,0.9504848167261881,0.44103036162669546
1326000.0,4902.563688084628,4270.1588428948535,0.0,0.9504846233485942,0.4410317384213005
1326060.0,4902.5518093985265,4270.170730010632,0.0,0.9504845125425057,0.4410331152250099
1326120.0,4902.539924001763,4270.182612148197,0.0,0.9504846223287994,0.44103449205032746
1326180.0,4902.528040021198,4270.194495355066,0.0,0.9504846852088522,0.4410358688722962
1326240.0,4902.516159898091,4270.206381433208,0.0,0.9504846211042646,0.4410372456824674
1326300.0,4902.504273056175,4270.218262533847,0.0,0.950484777732584,0.44103862251471576
1326360.0,4902.492395676088,4270.230150672335,0.0,0.9504846229788931,0.44103999931769833
1326420.0,4902.480516276896,4270.242037328679,0.0,0.9504845343008715,0.44104137612819855
1326480.0,4902.468631435208,4270.253919948936,0.0,0.9504846245028106,0.44104275295631956
1326540.0,4902.4567499035875,4270.2658050401205,0.0,0.9504846056057636,0.4410441297747729
1326600.0,4902.444867013765,4270.277689133834,0.0,0.9504846311650225,0.44104550659825476
1326660.0,4902.432985305543,4270.289574116858,0.0,0.9504846176421573,0.4410468834187547
1326720.0,4902.421101902004,4270.301457852735,0.0,0.9504846596495325,0.44104826024539706
1326780.0,4902.4092209346945,4270.313343409088,0.0,0.9504846213243183,0.44104963706504136
1326840.0,4902.3973338044025,4270.3252244049245,0.0,0.95048478537351,0.4410510139052887
1326900.0,4902.385456606866,4270.337112784348,0.0,0.9504846226279572,0.44105239071449537
1326960.0,4902.37357728649,4270.348999604502,0.0,0.9504845293713364,0.4410537675315481
1327020.0,4902.361692242792,4270.360882179787,0.0,0.9504846242349051,0.4410551443671107
1327080.0,4902.349810680438,4270.372767353335,0.0,0.9504846043638653,0.44105652119246314
1327140.0,4902.337927690094,4270.38465147752,0.0,0.9504846312455726,0.44105789802306505
1327200.0,4902.326045942705,4270.396536536629,0.0,0.9504846170263239,0.4410592748504905
1327260.0,4902.314162412827,4270.40842028378,0.0,0.9504846612057913,0.44106065168433417
1327320.0,4902.3022814452925,4270.420305945167,0.0,0.9504846209030022,0.4410620285107801
1327380.0,4902.290393997067,4270.432186809828,0.0,0.9504847934285161,0.44106340535883504
1327440.0,4902.278516994635,4270.444075439502,0.0,0.9504846222782932,0.4410647821742245
1327500.0,4902.266637760274,4270.4559624288,0.0,0.9504845242065442,0.4410661589978053
1327560.0,4902.254752586719,4270.467845012311,0.0,0.9504846213661439,0.44106753584055625
1327620.0,4902.242868665326,4270.4797285434015,0.0,0.9504846770121715,0.4410689126804761
1327680.0,4902.230988157299,4270.491614616241,0.0,0.9504846202727938,0.44107028951000155
1327740.0,4902.21909852698,4270.503493929967,0.0,0.950484863248903,0.44107166636949374
1327800.0,4902.207223608114,4270.515384177576,0.0,0.9504846222436246,0.4410730431828242
1327860.0,4902.195345550277,4270.527272110992,0.0,0.950484484151038,0.4410744200072155
1327920.0,4902.1834591300685,4270.539153838472,0.0,0.9504846209931669,0.4410757968584436
1327980.0,4902.171574477284,4270.551036896308,0.0,0.9504846993737848,0.44107717370521043
1328040.0,4902.159694632765,4270.562923532153,0.0,0.9504846194875324,0.44107855053716927
1328100.0,4902.147806416698,4270.574803961984,0.0,0.9504848147109746,0.44107992739643714
1328160.0,4902.135929993941,4270.586693162689,0.0,0.9504846218445294,0.4410813042190572
1328220.0,4902.124051057343,4270.598580513494,0.0,0.9504845113312717,0.44108268105076065
1328280.0,4902.112165428404,4270.610462898756,0.0,0.9504846208272074,0.44108405790401817
1328340.0,4902.100281211775,4270.6223463506185,0.0,0.9504846835408917,0.44108543475393747
1328400.0,4902.088400842063,4270.634232666455,0.0,0.9504846196056865,0.44108681159208973
1328460.0,4902.076513771875,4270.646114017466,0.0,0.9504847758197821,0.44108818845226494
1328520.0,4902.064636137666,4270.658002388431,0.0,0.9504846214751349,0.44108956528324944
1328580.0,4902.052756489847,4270.669889281037,0.0,0.95048453303149,0.4410909421217345
1328640.0,4902.040871414388,4270.681772147831,0.0,0.9504846229947991,0.4410923189777964
1328700.0,4902.028989639946,4270.69365747928,0.0,0.9504846041476082,0.4410936958242164
1328760.0,4902.017106511,4270.705541815807,0.0,0.9504846296391711,0.4410950726756539
1328820.0,4902.00522456041,4270.717427039394,0.0,0.9504846161519516,0.4410964495241182
1328880.0,4901.993340919124,4270.729311019019,0.0,0.9504846580481391,0.4410978263787107
1328940.0,4901.981459707399,4270.741196814497,0.0,0.9504846198241527,0.44109920322632395
1329000.0,4901.969572349507,4270.7530780610805,0.0,0.9504847834394049,0.4411005800944902
1329060.0,4901.9576948972335,4270.764966672467,0.0,0.9504846211241204,0.44110195693169496
1329120.0,4901.9458153279,4270.776853728571,0.0,0.9504845281140091,0.4411033337767278
1329180.0,4901.93393005087,4270.788736550614,0.0,0.9504846227265948,0.44110471064022444
1329240.0,4901.922048245664,4270.800621964319,0.0,0.9504846029079962,0.4411060874935381
1329300.0,4901.910165016352,4270.8125063313455,0.0,0.9504846297184973,0.4411074643520892
1329360.0,4901.898283026589,4270.824391630928,0.0,0.9504846155367422,0.4411088412074733
1329420.0,4901.886399259188,4270.836275621903,0.0,0.9504846595992607,0.4411102180692607
1329480.0,4901.8745180471215,4270.848161522254,0.0,0.950484619402944,0.4411115949236705
1329540.0,4901.862630372049,4270.860042638099,0.0,0.9504847914721213,0.4411129717996366
1329600.0,4901.850753114232,4270.871931499205,0.0,0.9504846207743745,0.44111434864302046
1329660.0,4901.838873630563,4270.883818724125,0.0,0.9504845229618664,0.4411157254945769
1329720.0,4901.826988223921,4270.8957015544775,0.0,0.9504846198644137,0.44111710236525553
1329780.0,4901.815104065998,4270.907585330014,0.0,0.9504846753631642,0.44111847923311237
1329840.0,4901.803223312108,4270.919471640835,0.0,0.9504846187737315,0.4411198560906016
1329900.0,4901.791333460826,4270.931351209761,0.0,0.9504848611071772,0.4411212329779839
1329960.0,4901.7794582808065,4270.943241684752,0.0,0.9504846207391265,0.44112260981932183
1330020.0,4901.767579970369,4270.955129851456,0.0,0.9504844830116788,0.4411239866716945
1330080.0,4901.7556933204,4270.967011828025,0.0,0.9504846194917522,0.44112536355083687
1330140.0,4901.743808433006,4270.9788951315795,0.0,0.9504846976649476,0.4411267404255312
1330200.0,4901.731928340738,4270.990782004047,0.0,0.9504846179898764,0.4411281172854557
1330260.0,4901.720039899773,4271.002662686305,0.0,0.9504848126968838,0.4411294941726216
1330320.0,4901.7081632198915,4271.0145521171235,0.0,0.9504846203404158,0.4411308710232335
1330380.0,4901.696284033018,4271.026439702769,0.0,0.9504845101193286,0.44113224788290784
1330440.0,4901.684398172078,4271.038322335512,0.0,0.9504846193255607,0.4411336247640823
1330500.0,4901.672513719572,4271.0502060321605,0.0,0.950484681873232,0.44113500164192904
1330560.0,4901.660633103465,4271.0620925855,0.0,0.9504846181070478,0.4411363785080392
1330620.0,4901.648745805181,4271.073974186665,0.0,0.950484773907765,0.441137755396118
1330680.0,4901.6368679170755,4271.0858627899215,0.0,0.9504846199713268,0.4411391322550809
1330740.0,4901.624988020843,4271.097749918603,0.0,0.9504845317615722,0.44114050912152764
1330800.0,4901.613102711798,4271.109633031729,0.0,0.9504846214867464,0.44114188600550763
1330860.0,4901.601220694734,4271.121518603245,0.0,0.9504846026893083,0.44114326287987166
1330920.0,4901.589337326856,4271.1334031823835,0.0,0.9504846281133156,0.44114463975924134
1330980.0,4901.577455134102,4271.145288646333,0.0,0.9504846146616676,0.4411460166356469
1331040.0,4901.565571255259,4271.157172869502,0.0,0.9504846564468998,0.44114739351816634
1331100.0,4901.553689799326,4271.169058903911,0.0,0.9504846183239288,0.4411487703937256
1331160.0,4901.541802213998,4271.18094040102,0.0,0.9504847815062989,0.44115014728978763
1331220.0,4901.52992450722,4271.192829244194,0.0,0.9504846196202341,0.4411515241549672
1331280.0,4901.518044689147,4271.204716536061,0.0,0.9504845268560127,0.4411529010279571
1331340.0,4901.506159178962,4271.216599604649,0.0,0.9504846212182471,0.4411542779193647
1331400.0,4901.494277131104,4271.228485258314,0.0,0.95048460145195,0.44115565480061664
1331460.0,4901.482393663022,4271.24036986798,0.0,0.9504846281914349,0.44115703168709397
1331520.0,4901.4705114310855,4271.252255407839,0.0,0.9504846140470734,0.4411584085704138
1331580.0,4901.458627426357,4271.264139642429,0.0,0.9504846579929552,0.44115978546012197
1331640.0,4901.446745969971,4271.276025781548,0.0,0.950484617902827,0.4411611623424724
1331700.0,4901.4348580682135,4271.287907148354,0.0,0.9504847895168242,0.44116253924632653
1331760.0,4901.422980555243,4271.299796240718,0.0,0.9504846192704067,0.4411639161176816
1331820.0,4901.411100822485,4271.311683701077,0.0,0.9504845217164726,0.4411652929971905
1331880.0,4901.399215182927,4271.323566778055,0.0,0.9504846183626288,0.4411666698957738
1331940.0,4901.387330788658,4271.335450797829,0.0,0.9504846737145294,0.4411680467915445
1332000.0,4901.375449789117,4271.347337346446,0.0,0.9504846172746064,0.4411694236769747
1332060.0,4901.363559717011,4271.359217170333,0.0,0.9504848589672623,0.4411708005922241
1332120.0,4901.351684276096,4271.371107872549,0.0,0.9504846192345819,0.4411721774615462
1332180.0,4901.339805713296,4271.382996272367,0.0,0.9504844818710805,0.4411735543418772
1332240.0,4901.32791883373,4271.394878497801,0.0,0.9504846179902816,0.4411749312489109
1332300.0,4901.316033711906,4271.406762046862,0.0,0.9504846959567124,0.4411763081515097
1332360.0,4901.304153372106,4271.418649155762,0.0,0.9504846164921522,0.4411776850393767
1332420.0,4901.292264706394,4271.430530090213,0.0,0.9504848106843312,0.4411790619544177
1332480.0,4901.280387769642,4271.442419750986,0.0,0.9504846188362542,0.44118043883299846
1332540.0,4901.26850833272,4271.454307571292,0.0,0.9504845089064606,0.4411818157206206
1332600.0,4901.256622239949,4271.4661904513,0.0,0.9504846178238586,0.4411831926296891
1332660.0,4901.2447375517495,4271.478074392524,0.0,0.9504846802060589,0.4411845695354402
1332720.0,4901.232856689466,4271.489961183177,0.0,0.9504846166083439,0.4411859464294854
1332780.0,4901.220965604718,4271.501840394135,0.0,0.9504848889806428,0.4411873233569909
1332840.0,4901.209091008023,4271.513731864022,0.0,0.9504846188276627,0.4411887002326886
1332900.0,4901.197212894604,4271.525620737941,0.0,0.9504844640360565,0.4411900771206454
1332960.0,4901.185325409599,4271.537502653195,0.0,0.9504846174360363,0.4411914540386453
1333020.0,4901.173439906637,4271.549386058842,0.0,0.950484705302791,0.44119283095149964
1333080.0,4901.161559792904,4271.561273475801,0.0,0.950484615758368,0.4411942078476991
1333140.0,4901.14967638299,4271.57315845555,0.0,0.9504846344171155,0.4411955847551329
1333200.0,4901.137794306848,4271.585044437806,0.0,0.9504846089845949,0.44119696165907524
1333260.0,4901.125911045788,4271.59692955113,0.0,0.9504846223132899,0.4411983385675221
1333320.0,4901.114029451925,4271.608815915497,0.0,0.9504845805677041,0.4411997154714691
1333380.0,4901.102145429981,4271.620700486295,0.0,0.9504846184950982,0.44120109238380867
1333440.0,4901.090267499256,4271.632589601093,0.0,0.9504844557097297,0.44120246927797135
1333500.0,4901.078379713238,4271.6444713974115,0.0,0.9504846170358973,0.44120384620370995
1333560.0,4901.0664940121205,4271.656354760629,0.0,0.9504847094436878,0.44120522312397664
1333620.0,4901.054613978681,4271.668242342287,0.0,0.9504846152758774,0.4412066000267061
1333680.0,4901.0427304792365,4271.680127360407,0.0,0.9504846349006297,0.4412079769412079
1333740.0,4901.030848382764,4271.692013432511,0.0,0.9504846081565055,0.44120935385199883
1333800.0,4901.018965040542,4271.7038985904255,0.0,0.950484622175872,0.44121073076748707
1333860.0,4901.007083451955,4271.715785063683,0.0,0.9504845782760043,0.4412121076782013
1333920.0,4900.995199310243,4271.727669650348,0.0,0.9504846181647566,0.441213484597704
1333980.0,4900.9833215747685,4271.739559015351,0.0,0.950484446972667,0.44121486149803163
1334040.0,4900.971433475314,4271.7514406834625,0.0,0.9504846166344904,0.44121623843154667
1334100.0,4900.959547568929,4271.763323998935,0.0,0.9504847138178534,0.4412176153592471
1334160.0,4900.947667544683,4271.775211692078,0.0,0.9504846173728825,0.441218992268707
1334220.0,4900.935786258947,4271.787098465089,0.0,0.9504845621006324,0.4412203691832876
1334280.0,4900.923901581642,4271.798982723589,0.0,0.9504846182909871,0.44122174610900783
1334340.0,4900.912025929787,4271.810873707292,0.0,0.9504843772268077,0.4412231230072607
1334400.0,4900.9001356844465,4271.822753850289,0.0,0.9504846161700707,0.44122449995209095
1334460.0,4900.888248531537,4271.834636309139,0.0,0.9504847530455676,0.44122587688825926
1334520.0,4900.876369663405,4271.846524931568,0.0,0.9504846172439919,0.44122725379858035
1334580.0,4900.864489022888,4271.858412254114,0.0,0.9504845394238908,0.4412286307156395
1334640.0,4900.8526036077255,4271.870296034076,0.0,0.9504846185709935,0.4412300076482169
1334700.0,4900.840726478632,4271.882185985513,0.0,0.9504844248675229,0.441231384555384
1334760.0,4900.828837644474,4271.894067247159,0.0,0.9504846160670828,0.4412327615002685
1334820.0,4900.816951282915,4271.905950364028,0.0,0.9504847255896988,0.4412341384384529
1334880.0,4900.805071550258,4271.917838413891,0.0,0.9504846169097811,0.4412355153560312
1334940.0,4900.793190397323,4271.929725425539,0.0,0.9504845546279722,0.4412368922792329
1335000.0,4900.781305422946,4271.941609603001,0.0,0.9504846179550006,0.44123826921493586
1335060.0,4900.769430620429,4271.953501358195,0.0,0.9504843463015675,0.4412396461195398
1335120.0,4900.75753937321,4271.965380896005,0.0,0.9504846155755031,0.4412410230765848
1335180.0,4900.745651612063,4271.977263042394,0.0,0.9504847698278532,0.4412424000237208
1335240.0,4900.733773187309,4271.989152134415,0.0,0.9504846167963149,0.4412437769416783
1335300.0,4900.721892766562,4272.00103976026,0.0,0.9504845291049715,0.4412451538670819
1335360.0,4900.7100069658045,4272.012923393329,0.0,0.9504846183023271,0.44124653080992143
1335420.0,4900.698124437035,4272.0248094708795,0.0,0.9504845996151657,0.4412479077432024
1335480.0,4900.686240565614,4272.036694561703,0.0,0.9504846248894369,0.44124928468146374
1335540.0,4900.674357862165,4272.048580532346,0.0,0.9504846115166324,0.4412506616167806
1335600.0,4900.662473482818,4272.06046526927,0.0,0.9504846530559334,0.44125203855818007
1335660.0,4900.650591511664,4272.072351807194,0.0,0.950484615156864,0.4412534154926614
1335720.0,4900.638703448239,4272.084233833581,0.0,0.9504847773794651,0.4412547924475344
1335780.0,4900.626825203451,4272.096123164393,0.0,0.9504846164450502,0.4412561693717006
1335840.0,4900.614944860128,4272.108010952735,0.0,0.9504845242260069,0.4412575463036375
1335900.0,4900.60305885919,4272.119894541755,0.0,0.9504846180331704,0.44125892325388993
1335960.0,4900.591176299556,4272.1317807012265,0.0,0.9504845983828416,0.44126030019404716
1336020.0,4900.579292328279,4272.143665822639,0.0,0.9504846249648631,0.44126167713940334
1336080.0,4900.567409585626,4272.155551868998,0.0,0.9504846109034147,0.44126305408162275
1336140.0,4900.555525080901,4272.167436617516,0.0,0.9504846545906678,0.44126443103019747
1336200.0,4900.5436431090375,4272.1793232597865,0.0,0.9504846147360017,0.4412658079714588
1336260.0,4900.531754730839,4272.191205156843,0.0,0.9504847853407179,0.441267184934107
1336320.0,4900.519876678429,4272.203094735669,0.0,0.9504846160950436,0.44126856186444086
1336380.0,4900.507996419647,4272.214982691784,0.0,0.9504845191144218,0.4412699388028871
1336440.0,4900.49611028986,4272.226866289381,0.0,0.950484615192106,0.44127131576030193
1336500.0,4900.484225397769,4272.238750824471,0.0,0.9504846702183088,0.4412726927149243
1336560.0,4900.472343879809,4272.250637874079,0.0,0.950484614109984,0.4412740696592663
1336620.0,4900.460453344249,4272.262518237123,0.0,0.9504848543812718,0.4412754466332637
1336680.0,4900.448577351155,4272.274409416832,0.0,0.950484616057938,0.4412768235615943
1336740.0,4900.43669825506,4272.286298307236,0.0,0.9504844795019074,0.4412782005008763
1336800.0,4900.424810892609,4272.298181058278,0.0,0.9504846148204573,0.441279577466712
1336860.0,4900.412925277203,4272.310065125482,0.0,0.9504846923281467,0.44128095442814214
1336920.0,4900.401044414808,4272.3219527323545,0.0,0.9504846133306408,0.4412823313749254
1336980.0,4900.3891552769555,4272.333834199814,0.0,0.9504848063806592,0.44128370834873254
1337040.0,4900.37727779692,4272.345724344138,0.0,0.9504846156604613,0.4412850852862876
1337100.0,4900.365397831829,4272.357612658471,0.0,0.9504845063768466,0.4412864622328376
1337160.0,4900.353511251236,4272.369496060535,0.0,0.9504846146535216,0.4412878392007147
1337220.0,4900.341626066651,4272.381380517836,0.0,0.9504846766686563,0.44128921616529754
1337280.0,4900.329744684766,4272.393267808421,0.0,0.9504846134446576,0.441290593118242
1337340.0,4900.317853142359,4272.405147562327,0.0,0.950484884215132,0.4412919701044626
1337400.0,4900.305977988017,4272.417039505668,0.0,0.9504846156504293,0.4412933470391691
1337460.0,4900.294099338231,4272.428928867799,0.0,0.9504844617687802,0.44129472398607006
1337520.0,4900.282211373667,4272.440811310734,0.0,0.9504846142664888,0.4412961009628461
1337580.0,4900.270325379087,4272.45269523565,0.0,0.9504847016163661,0.4412974779345102
1337640.0,4900.258444741044,4272.46458314915,0.0,0.9504846125981868,0.4412988548896151
1337700.0,4900.2465547784595,4272.476464142899,0.0,0.9504848301544165,0.44130023187506745
1337760.0,4900.234677953604,4272.488354914314,0.0,0.9504846152342905,0.44130160881957886
1337820.0,4900.222798329659,4272.500243622144,0.0,0.950484492086253,0.44130298577407984
1337880.0,4900.210911251249,4272.51212679365,0.0,0.9504846141101502,0.4413043627525659
1337940.0,4900.199025747249,4272.5240111530875,0.0,0.9504846840011965,0.44130573972719217
1338000.0,4900.187144528897,4272.535898705047,0.0,0.9504846127584576,0.44130711668864975
1338060.0,4900.175255847489,4272.547780721024,0.0,0.9504847868436499,0.4413084936745609
1338120.0,4900.1633776778735,4272.559670562617,0.0,0.9504846148512495,0.4413098706278453
1338180.0,4900.151497266396,4272.571558754848,0.0,0.9504845162970272,0.4413112475893548
1338240.0,4900.139610889103,4272.583442517386,0.0,0.9504846139350074,0.4413126245701358
1338300.0,4900.127725769674,4272.595327232542,0.0,0.9504846698550902,0.4413140015480593
1338360.0,4900.115844078957,4272.607214503185,0.0,0.9504846128366725,0.4413153785155273
1338420.0,4900.103953225093,4272.619094977992,0.0,0.95048485700886,0.4413167555131157
1338480.0,4900.092077148739,4272.630986445907,0.0,0.9504846148175994,0.4413181324642851
1338540.0,4900.08019791941,4272.642875586989,0.0,0.9504844760456147,0.4413195094265649
1338600.0,4900.068310290211,4272.654758488474,0.0,0.9504846135613841,0.44132088641582523
1338660.0,4900.056424436454,4272.666642727429,0.0,0.9504846923278991,0.44132226340058855
1338720.0,4900.044543412569,4272.678530563748,0.0,0.9504846120487368,0.44132364037045857
1338780.0,4900.03265397963,4272.690412160354,0.0,0.9504848082331119,0.4413250173677796
1338840.0,4900.020776392976,4272.702302575307,0.0,0.9504846144177289,0.4413263943282452
1338900.0,4900.008896281285,4272.714191130239,0.0,0.9504845033608293,0.44132777129783274
1338960.0,4899.997009447251,4272.72607469269,0.0,0.9504846133957969,0.441329148289089
1339020.0,4899.985124031951,4272.737959327425,0.0,0.9504846764182651,0.4413305252769776
1339080.0,4899.973242480862,4272.749846841618,0.0,0.9504846121686625,0.44133190225303065
1339140.0,4899.961354199298,4272.761729364015,0.0,0.9504847691515769,0.4413332792512192
1339200.0,4899.949475396095,4272.773618944345,0.0,0.9504846140477052,0.44133465622005025
1339260.0,4899.937594570335,4272.785507038213,0.0,0.9504845251690699,0.44133603319641207
1339320.0,4899.925708292613,4272.79739108442,0.0,0.950484615575243,0.44133741019044337
1339380.0,4899.913825330779,4272.809277608571,0.0,0.9504845966355119,0.44133878717477204
1339440.0,4899.901941008419,4272.821163132347,0.0,0.9504846222527066,0.4413401641641382
1339500.0,4899.890057869764,4272.833049547924,0.0,0.9504846086993187,0.4413415411505075
1339560.0,4899.878173032881,4272.8449347127325,0.0,0.9504846508018694,0.441342918143031
1339620.0,4899.866290636516,4272.856821703175,0.0,0.9504846123899856,0.44134429512852996
1339680.0,4899.854402066487,4272.868704119979,0.0,0.9504847768106552,0.44134567213468384
1339740.0,4899.842523446555,4272.880593941464,0.0,0.9504846136967473,0.44134704910970246
1339800.0,4899.830642700152,4272.892482199142,0.0,0.9504845202291028,0.441348426092581
1339860.0,4899.81875622047,4272.904366199779,0.0,0.9504846153075043,0.4413498030940207
1339920.0,4899.806873228253,4272.916252806058,0.0,0.9504845953915697,0.4413511800852137
1339980.0,4899.7949888055955,4272.928138359925,0.0,0.9504846223342136,0.44135255708166576
1340040.0,4899.783105628107,4272.940024851336,0.0,0.950484608082862,0.44135393407492585
1340100.0,4899.771220665062,4272.951910026982,0.0,0.9504846523624393,0.44135531107461684
1340160.0,4899.759338268876,4272.963797122289,0.0,0.9504846119684883,0.4413566880668827
1340220.0,4899.747449380765,4272.975679407075,0.0,0.9504847848845563,0.44135806508081227
1340280.0,4899.735570956676,4272.987569479056,0.0,0.9504846133470635,0.4413594420619769
1340340.0,4899.723690296837,4272.999457905892,0.0,0.9504845150534444,0.44136081905134794
1340400.0,4899.711803687475,4273.011341914315,0.0,0.9504846124330216,0.44136219605994254
1340460.0,4899.699918332523,4273.0232268729505,0.0,0.9504846682050452,0.44136357306568863
1340520.0,4899.6880363969085,4273.035114380571,0.0,0.9504846113373688,0.4413649500610064
1340580.0,4899.6761453231675,4273.046995109675,0.0,0.9504848548634581,0.44136632708637025
1340640.0,4899.664268986546,4273.058886803904,0.0,0.950484613312831,0.44136770406543313
1340700.0,4899.652389505547,4273.070776177244,0.0,0.9504844749078826,0.4413690810555803
1340760.0,4899.6405016476265,4273.082659326877,0.0,0.9504846120597156,0.4413704580726405
1340820.0,4899.6286155602775,4273.094543810591,0.0,0.950484690617734,0.44137183508521705
1340880.0,4899.616734289598,4273.106431882518,0.0,0.9504846105508465,0.44137321208293867
1340940.0,4899.604844632828,4273.11831373063,0.0,0.9504848062160888,0.44137458910804317
1341000.0,4899.592966789959,4273.130204374652,0.0,0.950484612913347,0.4413759660963867
1341060.0,4899.581086428935,4273.142093163402,0.0,0.9504845021501351,0.4413773430938311
1341120.0,4899.569199363928,4273.153976972384,0.0,0.9504846118938951,0.4413787201128901
1341180.0,4899.5573137137635,4273.165861850941,0.0,0.9504846747494992,0.4413800971285918
1341240.0,4899.545431917238,4273.177749601629,0.0,0.9504846106697833,0.44138147413248874
1341300.0,4899.533543408618,4273.189632373243,0.0,0.9504847672373006,0.44138285115846654
1341360.0,4899.52166435245,4273.201522184831,0.0,0.950484612543631,0.44138422815516226
1341420.0,4899.509783279231,4273.21341051376,0.0,0.9504845239000219,0.44138560515937164
1341480.0,4899.497896768944,4273.22529480534,0.0,0.950484614066904,0.4413869821812064
1341540.0,4899.486013565468,4273.237181568566,0.0,0.9504845951771659,0.44138835919336455
1341600.0,4899.474129005172,4273.2490673339735,0.0,0.9504846207264787,0.4413897362105488
1341660.0,4899.462245625331,4273.260953988925,0.0,0.950484607208834,0.441391113224745
1341720.0,4899.450360551892,4273.272839396305,0.0,0.9504846491998936,0.4413924902450812
1341780.0,4899.43847791229,4273.284726624681,0.0,0.950484610889514,0.44139386725841173
1341840.0,4899.426589115877,4273.296609291078,0.0,0.9504847748750516,0.4413952442923471
1341900.0,4899.414710242368,4273.308499343311,0.0,0.9504846121925943,0.4413966212952267
1341960.0,4899.4028292481735,4273.320387835736,0.0,0.9504845189721296,0.44139799830594834
1342020.0,4899.390942536362,4273.332272081966,0.0,0.9504846137988661,0.4413993753351848
1342080.0,4899.37905930247,4273.344158927213,0.0,0.9504845939355079,0.4414007523542018
1342140.0,4899.367174642036,4273.356044722739,0.0,0.9504846208067628,0.44140212937846585
1342200.0,4899.3552912233545,4273.3679314534365,0.0,0.9504846065930009,0.4414035063995474
1342260.0,4899.343406023983,4273.379816871727,0.0,0.9504846507553287,0.44140488342704487
1342320.0,4899.331523384441,4273.391704204803,0.0,0.9504846104681237,0.4414062604471373
1342380.0,4899.319634270694,4273.403586739618,0.0,0.9504847829268118,0.4414076374888405
1342440.0,4899.307755592381,4273.415477041818,0.0,0.9504846118428294,0.44140901449786235
1342500.0,4899.295874684406,4273.427365703077,0.0,0.9504845138089908,0.4414103915150717
1342560.0,4899.2839878431505,4273.43924995717,0.0,0.9504846109309806,0.44141176855145664
1342620.0,4899.272102252858,4273.451135159074,0.0,0.9504846665555031,0.4414131455850023
1342680.0,4899.260220072561,4273.463022903488,0.0,0.9504846098379994,0.4414145226081468
1342740.0,4899.248328779066,4273.4749038866385,0.0,0.9504848527203886,0.44141589966126327
1342800.0,4899.236452182453,4273.486795807036,0.0,0.9504846118080172,0.4414172766681966
1342860.0,4899.224572450028,4273.498685412463,0.0,0.9504844737687506,0.4414186536861881
1342920.0,4899.212684363543,4273.510568810016,0.0,0.9504846105579902,0.44142003073102515
1342980.0,4899.200798042778,4273.522453538275,0.0,0.9504846889082497,0.4414214077713919
1343040.0,4899.188916525524,4273.534341845629,0.0,0.9504846090528857,0.441422784796942
1343100.0,4899.177026645061,4273.546223945005,0.0,0.9504848042008487,0.44142416184980726
1343160.0,4899.165148546237,4273.558114817931,0.0,0.9504846114089182,0.4414255388660055
1343220.0,4899.153267936111,4273.570003840322,0.0,0.9504845009383621,0.4414269158912836
1343280.0,4899.141380640302,4273.581887895616,0.0,0.9504846103919373,0.44142829293812225
1343340.0,4899.12949475545,4273.593773017781,0.0,0.950484673081301,0.4414296699816141
1343400.0,4899.117612713712,4273.605661004782,0.0,0.9504846091708375,0.4414310470133315
1343460.0,4899.10572397819,4273.617544025381,0.0,0.9504847653244165,0.44143242406707556
1343520.0,4899.093844669301,4273.629434068062,0.0,0.9504846110395085,0.4414338010916128
1343580.0,4899.081963348848,4273.641322631871,0.0,0.9504845226300954,0.4414351781236467
1343640.0,4899.070076606166,4273.653207168602,0.0,0.9504846125585313,0.441436555173262
1343700.0,4899.058193161254,4273.665094170706,0.0,0.9504845937186104,0.4414379322132265
1343760.0,4899.046308363214,4273.676980177541,0.0,0.9504846192002806,0.4414393092582057
1343820.0,4899.034424742394,4273.688867071669,0.0,0.9504846057182531,0.44144068630020594
1343880.0,4899.022539432586,4273.700752721412,0.0,0.9504846475982165,0.44144206334833175
1343940.0,4899.010656549959,4273.712640187528,0.0,0.9504846093889807,0.4414434403894711
1344000.0,4898.998767527307,4273.724523103285,0.0,0.9504847729410675,0.4414448174511649
1344060.0,4898.9868884004645,4273.736413386101,0.0,0.950484610688394,0.44144619448188194
1344120.0,4898.975007158711,4273.748302113095,0.0,0.9504845177141081,0.44144757152042324
1344180.0,4898.963120214938,4273.760186604695,0.0,0.9504846122901986,0.4414489485774334
1344240.0,4898.95123673958,4273.772073688718,0.0,0.9504845924792037,0.44145032562425146
1344300.0,4898.93935184156,4273.783959725699,0.0,0.950484619279359,0.4414517026763044
1344360.0,4898.92746818189,4273.795846695482,0.0,0.9504846051030348,0.4414530797251843
1344420.0,4898.915582746377,4273.807732356207,0.0,0.9504846491485869,0.4414544567804652
1344480.0,4898.903699863697,4273.819619926863,0.0,0.9504846089676968,0.4414558338283608
1344540.0,4898.891810524458,4273.8315027114695,0.0,0.9504847809706887,0.4414572108978146
1344600.0,4898.87993159217,4273.843393243726,0.0,0.9504846103385476,0.4414585879346705
1344660.0,4898.8680504362865,4273.855282139228,0.0,0.9504845125635886,0.4414599649796951
1344720.0,4898.85616336331,4273.867166638771,0.0,0.9504846094288845,0.44146134204384735
1344780.0,4898.8442775378635,4273.879052083734,0.0,0.9504846649062697,0.44146271910516943
1344840.0,4898.832395113096,4273.890940064747,0.0,0.9504846083385691,0.44146409615611726
1344900.0,4898.8205035999945,4273.90282130171,0.0,0.9504848505788336,0.4414654732369633
1344960.0,4898.808626743642,4273.914713448108,0.0,0.950484610303156,0.44146685027174354
1345020.0,4898.796746760019,4273.926603285442,0.0,0.9504844726286092,0.4414682273175561
1345080.0,4898.784858445142,4273.938486930695,0.0,0.9504846090562092,0.44146960439014693
1345140.0,4898.7729718911405,4273.950371903286,0.0,0.950484687199292,0.4414709814582807
1345200.0,4898.76109012753,4273.962260445878,0.0,0.9504846075548589,0.4414723585116361
1345260.0,4898.749200023528,4273.974142796291,0.0,0.9504848021869846,0.4414737355922388
1345320.0,4898.737321668993,4273.986033897951,0.0,0.9504846099044413,0.4414751126362686
1345380.0,4898.725440809991,4273.997923153801,0.0,0.9504844997257501,0.4414764896893571
1345440.0,4898.713553283549,4274.009807455192,0.0,0.9504846088899243,0.44147786676395223
1345500.0,4898.701667164196,4274.021692820756,0.0,0.9504846714135298,0.4414792438352111
1345560.0,4898.689784877458,4274.033581043874,0.0,0.9504846076718276,0.4414806208947262
1345620.0,4898.6778959151925,4274.0454643132325,0.0,0.950484763412713,0.44148199797621346
1345680.0,4898.666016353822,4274.057354586831,0.0,0.9504846095353376,0.4414833750285688
1345740.0,4898.654134786359,4274.069243385333,0.0,0.9504845213593969,0.4414847520884039
1345800.0,4898.642247811457,4274.081128167007,0.0,0.9504846110501235,0.4414861291657768
1345860.0,4898.6303641253135,4274.093015407794,0.0,0.9504845922598675,0.4414875062335247
1345920.0,4898.618479089721,4274.104901655854,0.0,0.9504846176741011,0.4414888833062758
1345980.0,4898.606595228123,4274.1167887889615,0.0,0.9504846042275825,0.4414902603760566
1346040.0,4898.594709682134,4274.128674680859,0.0,0.9504846459967862,0.4414916374519491
1346100.0,4898.58282655669,4274.140562384524,0.0,0.9504846078883882,0.44149301452087386
1346160.0,4898.57093730796,4274.152445549413,0.0,0.9504847710082291,0.441494391610303
1346220.0,4898.559057928023,4274.16433606264,0.0,0.9504846091841448,0.44149576866883455
1346280.0,4898.5471764389295,4274.1762250240145,0.0,0.9504845164554434,0.4414971457351724
1346340.0,4898.535289263372,4274.188109760771,0.0,0.9504846107814928,0.4414985228199332
1346400.0,4898.52340554675,4274.199997083371,0.0,0.9504845910227395,0.44149989989452887
1346460.0,4898.511520411338,4274.211883361599,0.0,0.95048461775196,0.4415012769743475
1346520.0,4898.499636510884,4274.223770570274,0.0,0.9504846036129868,0.44150265405100236
1346580.0,4898.487750839421,4274.235656473233,0.0,0.950484647542032,0.44150403113404346
1346640.0,4898.475867713809,4274.247544281274,0.0,0.9504846074672127,0.4415054082097193
1346700.0,4898.46397814925,4274.259427315455,0.0,0.9504847790154418,0.44150678530690074
1346760.0,4898.452098963222,4274.271318077584,0.0,0.9504846088342164,0.44150816237156737
1346820.0,4898.440217559649,4274.283207207138,0.0,0.9504845113175933,0.4415095394443839
1346880.0,4898.4283302551285,4274.295091951922,0.0,0.9504846079267343,0.4415109165362804
1346940.0,4898.416444194717,4274.306977639738,0.0,0.9504846632573577,0.4415122936253559
1347000.0,4898.404561525694,4274.318865857163,0.0,0.9504846068390772,0.4415136707040841
1347060.0,4898.39266979313,4274.330747347703,0.0,0.9504848484389223,0.44151504781263684
1347120.0,4898.380792677287,4274.34263971994,0.0,0.9504846087982476,0.44151642487524084
1347180.0,4898.368912442697,4274.3545297890005,0.0,0.9504844714874998,0.4415178019488513
1347240.0,4898.357023899591,4274.366413681735,0.0,0.9504846075543729,0.441519179049173
1347300.0,4898.345137112536,4274.378298898449,0.0,0.9504846854908353,0.4415205561450508
1347360.0,4898.333255102789,4274.390187676088,0.0,0.9504846060567667,0.4415219332261884
1347420.0,4898.321364775404,4274.40207027731,0.0,0.9504848001744135,0.44152331033450576
1347480.0,4898.3094861654,4274.4139616075345,0.0,0.9504846083999161,0.4415246874063438
1347540.0,4898.297605057747,4274.42585109666,0.0,0.950484498512258,0.44152606448721965
1347600.0,4898.285717300849,4274.437735643929,0.0,0.9504846073878569,0.44152744158954826
1347660.0,4898.27383094718,4274.449621252685,0.0,0.9504846697460638,0.4415288186885511
1347720.0,4898.261948415657,4274.461509711735,0.0,0.9504846061727563,0.44153019577584046
1347780.0,4898.250055671832,4274.473390588667,0.0,0.950484878440548,0.4415315728965971
1347840.0,4898.238179399758,4274.485283728327,0.0,0.950484608391171,0.4415329499655222
1347900.0,4898.226299614489,4274.4971742711505,0.0,0.9504844536589248,0.4415343270467042
1347960.0,4898.214410466927,4274.509057853123,0.0,0.9504846070000263,0.44153570415793914
1348020.0,4898.202523299493,4274.520942925889,0.0,0.9504846948330589,0.4415370812640194
1348080.0,4898.190641515971,4274.532832011197,0.0,0.9504846053229485,0.4415384583534355
1348140.0,4898.178756439566,4274.544718658491,0.0,0.9504846239745225,0.4415398354540854
1348200.0,4898.166872695642,4274.556606308567,0.0,0.9504845985517164,0.44154121255123774
1348260.0,4898.154987768006,4274.5684930894,0.0,0.9504846118752817,0.44154258965289184
1348320.0,4898.143104505949,4274.580381121627,0.0,0.9504845701456401,0.4415439667500394
1348380.0,4898.131218818243,4274.592267359681,0.0,0.9504846080584995,0.44154534385557836
1348440.0,4898.11933921578,4274.604158143097,0.0,0.9504844453353855,0.4415467209429259
1348500.0,4898.107449767781,4274.616041605724,0.0,0.950484606599805,0.44154809806185963
1348560.0,4898.095562402672,4274.627926635681,0.0,0.9504846989721965,0.4415494751753124
1348620.0,4898.083680699652,4274.639815885377,0.0,0.9504846048404066,0.44155085227121815
1348680.0,4898.071795534091,4274.651702570686,0.0,0.950484624457626,0.4415522293788958
1348740.0,4898.059911770146,4274.663590310272,0.0,0.9504845977237038,0.4415536064828566
1348800.0,4898.048026761711,4274.675477135341,0.0,0.9504846117376845,0.44155498359151174
1348860.0,4898.036143505214,4274.687365276124,0.0,0.950484567854559,0.4415563606953861
1348920.0,4898.024257698143,4274.699251529686,0.0,0.9504846077280504,0.44155773780804797
1348980.0,4898.012378291029,4274.711142563025,0.0,0.9504844366012493,0.44155911490151994
1349040.0,4898.000488530186,4274.723025897035,0.0,0.9504846061983162,0.4415604920281906
1349100.0,4897.988600960295,4274.734910878865,0.0,0.9504847033445798,0.44156186914903706
1349160.0,4897.976719266749,4274.746800239715,0.0,0.9504846069363745,0.44156324625163285
1349220.0,4897.964836313007,4274.758688680087,0.0,0.9504845516851883,0.44156462335934454
1349280.0,4897.952949971064,4274.770574605137,0.0,0.9504846078540768,0.44156600047819783
1349340.0,4897.941072645705,4274.782467257442,0.0,0.950484366881803,0.44156737756956543
1349400.0,4897.929180741288,4274.794349065618,0.0,0.9504846057339175,0.4415687547075274
1349460.0,4897.917291926295,4274.806233190311,0.0,0.950484742557201,0.4415701318368166
1349520.0,4897.905411387914,4274.818123480499,0.0,0.9504846068073768,0.4415715089402455
1349580.0,4897.893529078947,4274.830012470336,0.0,0.9504845290168826,0.4415728860504081
1349640.0,4897.881642000064,4274.841897916456,0.0,0.950484608133821,0.44157426317609305
1349700.0,4897.869763199108,4274.853789535946,0.0,0.9504844145040414,0.4415756402763517
1349760.0,4897.857872704664,4274.865672462873,0.0,0.950484605630812,0.4415770174143395
1349820.0,4897.845984680429,4274.877557245548,0.0,0.9504847151116906,0.4415783945456169
1349880.0,4897.83410327857,4274.889446962749,0.0,0.9504846064731374,0.44157977165627743
1349940.0,4897.822220457882,4274.901335641347,0.0,0.9504845442150262,0.44158114877255655
1350000.0,4897.8103338195415,4274.9132214848405,0.0,0.9504846075179068,0.44158252590133956
1350060.0,4897.798457343069,4274.925114908396,0.0,0.950484335967866,0.4415839029990035
1350120.0,4897.786564438137,4274.936996110702,0.0,0.9504846051392636,0.441585280149128
1350180.0,4897.774675015887,4274.948879922349,0.0,0.950484759332829,0.441586657289332
1350240.0,4897.762794920833,4274.960770681792,0.0,0.9504846063595579,0.4415880344003431
1350300.0,4897.750912831801,4274.972659974536,0.0,0.9504845187015862,0.4415894115187962
1350360.0,4897.739025368085,4274.984545273228,0.0,0.9504846078649447,0.44159078865468976
1350420.0,4897.727141173166,4274.996433017126,0.0,0.9504845891848706,0.4415921657810159
1350480.0,4897.71525563695,4275.008319773947,0.0,0.9504846144494967,0.44159354291231984
1350540.0,4897.703371267582,4275.020207410826,0.0,0.9504846010817541,0.4415949200406734
1350600.0,4897.691485224002,4275.032093813554,0.0,0.9504846426052384,0.4415962971751072
1350660.0,4897.679601586272,4275.043982017809,0.0,0.9504846047205485,0.4415976743026153
1350720.0,4897.667711862321,4275.055865709045,0.0,0.9504847668815581,0.4415990514505167
1350780.0,4897.655831947348,4275.067756706991,0.0,0.9504846060081935,0.441600428567696
1350840.0,4897.643949935953,4275.079646161918,0.0,0.9504845138241855,0.4416018056926422
1350900.0,4897.63206227254,4275.091531416178,0.0,0.9504846075956574,0.4416031828359089
1350960.0,4897.620178047071,4275.103419241657,0.0,0.950484587952776,0.441604559969071
1351020.0,4897.6082924113825,4275.115306028712,0.0,0.950484614524663,0.44160593710742974
1351080.0,4897.596408003138,4275.127193740966,0.0,0.950484600468534,0.44160731424264554
1351140.0,4897.5845218345885,4275.139080154926,0.0,0.9504846441391707,0.4416086913842146
1351200.0,4897.572638196436,4275.150968463199,0.0,0.950484604299612,0.4416100685184627
1351260.0,4897.560748158309,4275.162852024699,0.0,0.9504847748395708,0.4416114456740995
1351320.0,4897.5488684358115,4275.174743270373,0.0,0.950484605658086,0.4416128227974062
1351380.0,4897.536986509162,4275.186632892764,0.0,0.9504845087142673,0.4416141999288214
1351440.0,4897.525098717309,4275.198518155242,0.0,0.9504846047554395,0.4416155770792106
1351500.0,4897.513212161983,4275.210404355446,0.0,0.9504846597606865,0.4416169542267992
1351560.0,4897.501328977478,4275.22229307094,0.0,0.9504846036736769,0.44161833136410034
1351620.0,4897.489436784312,4275.234175097703,0.0,0.9504848438536445,0.44161970853106236
1351680.0,4897.477559119289,4275.24606794452,0.0,0.9504846056208381,0.4416210856523362
1351740.0,4897.46567835437,4275.257958501248,0.0,0.9504844691167094,0.44162246278455886
1351800.0,4897.453789331265,4275.269842916658,0.0,0.9504846043837761,0.4416238399433438
1351860.0,4897.441902053529,4275.281728648585,0.0,0.9504846818619933,0.44162521709771424
1351920.0,4897.430019524132,4275.293617921275,0.0,0.9504846028944737,0.4416265942374291
1351980.0,4897.4181287274705,4275.30550105257,0.0,0.9504847958712186,0.4416279714041739
1352040.0,4897.406249577162,4275.317392863436,0.0,0.950484605223357,0.44162934853464747
1352100.0,4897.394367944298,4275.329282843671,0.0,0.95048449598118,0.44163072567411243
1352160.0,4897.382479702467,4275.341167910063,0.0,0.9504846042167481,0.44163210283491094
1352220.0,4897.370592855317,4275.353054031965,0.0,0.9504846662083108,0.4416334799924067
1352280.0,4897.358709807137,4275.364942988028,0.0,0.9504846030082901,0.4416348571382567
1352340.0,4897.346816608492,4275.376824404968,0.0,0.9504848736760825,0.44163623431738963
1352400.0,4897.33493978178,4275.388718015172,0.0,0.9504846052131734,0.44163761144498465
1352460.0,4897.323059463116,4275.400609043292,0.0,0.9504844513898676,0.4416389885847719
1352520.0,4897.311169838871,4275.412493150012,0.0,0.950484603829706,0.4416403657544444
1352580.0,4897.299282182715,4275.424378739119,0.0,0.9504846911464233,0.4416417429189956
1352640.0,4897.287399877834,4275.436268318045,0.0,0.9504846021619852,0.441643120066978
1352700.0,4897.275508257637,4275.44815097499,0.0,0.9504848196357326,0.44164449724531546
1352760.0,4897.263629762252,4275.460043412657,0.0,0.950484604797037,0.44164587438269065
1352820.0,4897.251748470583,4275.471933786028,0.0,0.9504844816956213,0.44164725153005246
1352880.0,4897.239859731808,4275.483818621304,0.0,0.9504846036732707,0.441648628701407
1352940.0,4897.227972565937,4275.495704644824,0.0,0.9504846735378649,0.441650005868893
1353000.0,4897.216089681515,4275.507593861858,0.0,0.9504846023220368,0.44165138302320217
1353060.0,4897.204199341413,4275.519477541106,0.0,0.9504847763414469,0.44165276020197014
1353120.0,4897.1923195027875,4275.531369048421,0.0,0.9504846044139859,0.44165413734809345
1353180.0,4897.180437424556,4275.543258905788,0.0,0.9504845058969831,0.4416555145024381
1353240.0,4897.1685493863915,4275.555144332035,0.0,0.9504846034980385,0.4416568916760601
1353300.0,4897.156662604905,4275.567030711143,0.0,0.950484659396944,0.44165826884681597
1353360.0,4897.144779248772,4275.578919646527,0.0,0.9504846024000674,0.44165964600710944
1353420.0,4897.132886738559,4275.590801783859,0.0,0.9504848464799021,0.4416610231975289
1353480.0,4897.121008991326,4275.602694917766,0.0,0.950484604380193,0.4416624003415076
1353540.0,4897.109128094269,4275.614585724042,0.0,0.9504844656606488,0.44166377749659425
1353600.0,4897.097238805627,4275.626470288717,0.0,0.9504846031244012,0.4416651546786701
1353660.0,4897.085351290728,4275.63835619123,0.0,0.9504846818610841,0.4416665318562401
1353720.0,4897.073468600962,4275.650245692225,0.0,0.9504846016122747,0.4416679090189081
1353780.0,4897.061577510454,4275.662128951485,0.0,0.9504847977224491,0.4416692862090332
1353840.0,4897.049698254606,4275.674021031852,0.0,0.9504846039803181,0.4416706633622832
1353900.0,4897.037816476247,4275.685911251547,0.0,0.9504844929654025,0.4416720405246519
1353960.0,4897.02592798218,4275.697796477157,0.0,0.9504846029587211,0.44167341770869595
1354020.0,4897.0140409054975,4275.70968277533,0.0,0.9504846659573283,0.4416747948893637
1354080.0,4897.002157689239,4275.721571953852,0.0,0.9504846017319986,0.4416761720581884
1354140.0,4896.99026774916,4275.733456138952,0.0,0.9504847586556318,0.44167754924915276
1354200.0,4896.97838727815,4275.745347384189,0.0,0.9504846036102791,0.4416789264107431
1354260.0,4896.966504786617,4275.75723714243,0.0,0.9504845147651995,0.4416803035798602
1354320.0,4896.954616848507,4275.769122851706,0.0,0.9504846051371884,0.44168168076665154
1354380.0,4896.942732223055,4275.781011039666,0.0,0.9504845862045794,0.4416830579437311
1354440.0,4896.930846238446,4275.792898226893,0.0,0.9504846118120817,0.44168443512584554
1354500.0,4896.918961436406,4275.804786306166,0.0,0.9504845982637806,0.44168581230495724
1354560.0,4896.9070749378425,4275.816673134231,0.0,0.9504846403504391,0.44168718949022057
1354620.0,4896.895190877429,4275.828561788473,0.0,0.9504846019530038,0.44168856666845213
1354680.0,4896.883300649465,4275.84044586756,0.0,0.9504847663117163,0.4416899438673403
1354740.0,4896.871420361839,4275.852337353666,0.0,0.9504846032592212,0.4416913210350776
1354800.0,4896.859537949876,4275.864227275407,0.0,0.9504845098267828,0.44169269821067114
1354860.0,4896.847649810285,4275.876112938731,0.0,0.9504846048693198,0.4416940754048312
1354920.0,4896.835765154765,4275.888001208483,0.0,0.9504845849608555,0.4416954525887348
1354980.0,4896.8238790702435,4275.899888425446,0.0,0.9504846118933352,0.44169682977789526
1355040.0,4896.811994229697,4275.911776580212,0.0,0.9504845976473186,0.4416982069638577
1355100.0,4896.800107605384,4275.923663418749,0.0,0.9504846419102305,0.4416995841562486
1355160.0,4896.788223545437,4275.935552177523,0.0,0.9504846015314311,0.4417009613412068
1355220.0,4896.7763329999825,4275.947436124179,0.0,0.9504847743826594,0.4417023385478308
1355280.0,4896.764452908303,4275.959327860501,0.0,0.9504846029094377,0.4417037157216737
1355340.0,4896.752570583111,4275.971217951092,0.0,0.9504845046526484,0.4417050929037193
1355400.0,4896.74068231425,4275.983103621836,0.0,0.9504846019956871,0.441706470104994
1355460.0,4896.728795298617,4275.994990243034,0.0,0.9504846577467634,0.4417078473034119
1355520.0,4896.716911698983,4276.006879414014,0.0,0.950484600900394,0.44170922449139466
1355580.0,4896.705018970236,4276.018761804247,0.0,0.9504848443350855,0.44171060170942916
1355640.0,4896.693140964164,4276.030655163092,0.0,0.9504846028750631,0.4417119788811408
1355700.0,4896.681259816846,4276.042546200245,0.0,0.9504844645220165,0.4417133560639342
1355760.0,4896.669370300847,4276.05443101168,0.0,0.9504846016223664,0.44171473327364946
1355820.0,4896.657482553726,4276.0663171575625,0.0,0.9504846801508858,0.4417161104788721
1355880.0,4896.645599618564,4276.078206892785,0.0,0.9504846001140118,0.441717487669231
1355940.0,4896.633708305574,4276.090090402153,0.0,0.950484795705899,0.44171886488697915
1356000.0,4896.621828794928,4276.101982710206,0.0,0.9504846024755744,0.4417202420679464
1356060.0,4896.609946768641,4276.11387316234,0.0,0.9504844917538775,0.4417216192580114
1356120.0,4896.598058044967,4276.125758633089,0.0,0.9504846014564534,0.44172299646969754
1356180.0,4896.586170734792,4276.137645173695,0.0,0.9504846642884855,0.4417243736780179
1356240.0,4896.574287274496,4276.149534587331,0.0,0.9504846002327484,0.44172575087452587
1356300.0,4896.562397108718,4276.161419020251,0.0,0.9504847567416859,0.44172712809311887
1356360.0,4896.5505163861535,4276.173310495372,0.0,0.950484602105843,0.4417285052824133
1356420.0,4896.538633648565,4276.185200487294,0.0,0.9504845134953473,0.44172988247921746
1356480.0,4896.526745479254,4276.197086440548,0.0,0.9504846036284954,0.4417312596936518
1356540.0,4896.514860613549,4276.2089748662,0.0,0.9504845847457863,0.44173263689840025
1356600.0,4896.502974392384,4276.220862293674,0.0,0.9504846102855334,0.4417340141081724
1356660.0,4896.4910893505485,4276.232750610937,0.0,0.9504845967729088,0.44173539131495054
1356720.0,4896.479202616807,4276.244637680181,0.0,0.9504846387482871,0.4417367685278662
1356780.0,4896.4673183145505,4276.256526570972,0.0,0.9504846004521632,0.4417381457337688
1356840.0,4896.455427861552,4276.268410898254,0.0,0.9504847643766472,0.4417395229602778
1356900.0,4896.443547321763,4276.280302613735,0.0,0.9504846017547072,0.44174090015571554
1356960.0,4896.431664663414,4276.292192768846,0.0,0.9504845085688822,0.4417422773589914
1357020.0,4896.419776293058,4276.304078676366,0.0,0.9504846033603306,0.4417436545807875
1357080.0,4896.407891397255,4276.315967183701,0.0,0.9504845835043283,0.44174503179235475
1357140.0,4896.396005076336,4276.3278546409365,0.0,0.9504846103655735,0.4417464090091666
1357200.0,4896.384119995986,4276.339743033603,0.0,0.9504845961570658,0.4417477862227898
1357260.0,4896.372233136724,4276.351630113397,0.0,0.9504846403029769,0.44174916344282666
1357320.0,4896.360348834817,4276.36351910856,0.0,0.950484600030698,0.4417505406554508
1357380.0,4896.34845806508,4276.375403303848,0.0,0.9504847724253149,0.4417519178896879
1357440.0,4896.3365777205945,4276.387295269014,0.0,0.9504846014048417,0.4417532950912275
1357500.0,4896.324695148669,4276.399185592648,0.0,0.9504845034074223,0.44175467230095095
1357560.0,4896.312806649283,4276.411071507671,0.0,0.9504846004932809,0.4417560495298557
1357620.0,4896.300919399687,4276.422958370751,0.0,0.9504846560970067,0.44175742675591273
1357680.0,4896.289035556763,4276.434847777137,0.0,0.9504845994006567,0.44175880397156164
1357740.0,4896.277142609613,4276.4467304200225,0.0,0.9504848421924068,0.44176018121718813
1357800.0,4896.265264344969,4276.458624003658,0.0,0.9504846013698877,0.44176155841660947
1357860.0,4896.253382947631,4276.470515271516,0.0,0.9504844633820806,0.4417629356270867
1357920.0,4896.24149320443,4276.48240032948,0.0,0.9504846001202756,0.44176431286441825
1357980.0,4896.229605225267,4276.494286718518,0.0,0.9504846784413243,0.4417656900972705
1358040.0,4896.217722044928,4276.506176687783,0.0,0.9504845986156801,0.44176706731529736
1358100.0,4896.205830509601,4276.518060447024,0.0,0.9504847936910362,0.4417684445606456
1358160.0,4896.193950744411,4276.529952982611,0.0,0.9504846009707838,0.4417698217693073
1358220.0,4896.182068470426,4276.541843667004,0.0,0.9504844905413341,0.4417711989870455
1358280.0,4896.170179517316,4276.553729382675,0.0,0.9504845999541305,0.4417725762263508
1358340.0,4896.158291973831,4276.565616165502,0.0,0.9504846626200946,0.4417739534623008
1358400.0,4896.146408269716,4276.577505814067,0.0,0.9504845987334343,0.441775330686469
1358460.0,4896.1345178784,4276.589390494584,0.0,0.9504847548288577,0.4417767079326678
1358520.0,4896.1226369045235,4276.6012821994145,0.0,0.9504846006013579,0.44177808514964345
1358580.0,4896.110753921098,4276.613172424832,0.0,0.9504845122248343,0.44177946237411153
1358640.0,4896.098865520766,4276.625058621853,0.0,0.950484602119764,0.44178083961616593
1358700.0,4896.086980415011,4276.636947284998,0.0,0.950484583286829,0.44178221684856034
1358760.0,4896.075093957483,4276.648834952514,0.0,0.9504846087589915,0.44178359408596696
1358820.0,4896.063208676055,4276.660723507568,0.0,0.9504845952819535,0.44178497132038835
1358880.0,4896.051321707323,4276.672610817792,0.0,0.9504846371463264,0.44178634856093324
1358940.0,4896.039437163428,4276.68449994494,0.0,0.9504845989512642,0.44178772579448417
1359000.0,4896.027546485561,4276.696384520195,0.0,0.9504847624425831,0.4417891030485912
1359060.0,4896.015665693846,4276.708276464875,0.0,0.9504846002501434,0.44179048027170603
1359120.0,4896.00378278933,4276.720166853165,0.0,0.9504845073104533,0.44179185750264116
1359180.0,4895.991894188392,4276.732053004672,0.0,0.9504846018513001,0.44179323475205035
1359240.0,4895.98000905251,4276.743941749394,0.0,0.9504845820476533,0.4417946119912579
1359300.0,4895.968122495387,4276.755829446698,0.0,0.9504846088378096,0.44179598923569796
1359360.0,4895.956237175436,4276.767718077066,0.0,0.9504845946667334,0.44179736647695894
1359420.0,4895.944350081414,4276.779605397911,0.0,0.9504846386958892,0.44179874372461875
1359480.0,4895.932465537756,4276.791494629265,0.0,0.9504845985299065,0.4418001209648858
1359540.0,4895.9205745439,4276.803379072962,0.0,0.9504847704689812,0.44180149822671294
1359600.0,4895.908693946836,4276.815271266795,0.0,0.9504845999001965,0.441802875455926
1359660.0,4895.896811128397,4276.827161823283,0.0,0.9504845021615527,0.441804252693304
1359720.0,4895.884922398662,4276.839047982373,0.0,0.9504845989908203,0.44180562994981526
1359780.0,4895.87303491529,4276.850935087125,0.0,0.9504846544475694,0.4418070072034882
1359840.0,4895.861150829289,4276.862824728729,0.0,0.9504845979008589,0.44180838444678006
1359900.0,4895.849257663887,4276.874707624039,0.0,0.9504848400510929,0.44180976171997566
1359960.0,4895.837379140919,4276.886601432293,0.0,0.9504845998646643,0.44181113894708346
1360020.0,4895.825497493785,4276.8984929306735,0.0,0.9504844622412707,0.4418125161852212
1360080.0,4895.81360752356,4276.91037823495,0.0,0.95048459861813,0.4418138934501462
1360140.0,4895.801719312538,4276.922264866935,0.0,0.9504846767321478,0.441815270710605
1360200.0,4895.78983588724,4276.93415507005,0.0,0.9504845971172861,0.4418166479562765
1360260.0,4895.77794412974,4276.946039078942,0.0,0.9504847916771418,0.44181802522920177
1360320.0,4895.766064110247,4276.957931841878,0.0,0.9504845994659442,0.4418194024655343
1360380.0,4895.7541815887835,4276.969822758344,0.0,0.9504844893281228,0.4418207797109224
1360440.0,4895.742292406415,4276.981708718724,0.0,0.9504845984517529,0.4418221569778237
1360500.0,4895.730404629806,4276.993595743563,0.0,0.9504846609521254,0.44182353424138016
1360560.0,4895.718520682082,4277.005485626862,0.0,0.9504845972340563,0.4418249114931853
1360620.0,4895.706630065391,4277.01737055475,0.0,0.9504847529171863,0.44182628876696683
1360680.0,4895.694748840436,4277.029262489114,0.0,0.950484599096824,0.44182766601159984
1360740.0,4895.682865611397,4277.0411529478415,0.0,0.9504845109535639,0.4418290432637086
1360800.0,4895.670976980219,4277.0530393884155,0.0,0.9504846006109973,0.44183042053335997
1360860.0,4895.6590916346195,4277.064928288858,0.0,0.950484581827679,0.44183179779337717
1360920.0,4895.647204940922,4277.076816196212,0.0,0.9504846072324709,0.44183317505839514
1360980.0,4895.635319420105,4277.08870498886,0.0,0.9504845937909072,0.4418345523204367
1361040.0,4895.623432216574,4277.10059253985,0.0,0.9504846355446271,0.4418359295885876
1361100.0,4895.611547431253,4277.112481903162,0.0,0.9504845974503059,0.44183730684976336
1361160.0,4895.599656528672,4277.1243667261615,0.0,0.9504847605097901,0.4418386841314452
1361220.0,4895.587775485265,4277.136258899868,0.0,0.9504845987455319,0.44184006138221377
1361280.0,4895.57589233481,4277.1481495211565,0.0,0.9504845060510789,0.4418414386407849
1361340.0,4895.564003503459,4277.160035916431,0.0,0.9504846003422386,0.4418428159177841
1361400.0,4895.552118127701,4277.171924898347,0.0,0.9504845805907618,0.44184419318460894
1361460.0,4895.540231334568,4277.183812835516,0.0,0.9504846073100802,0.4418455704566544
1361520.0,4895.528345775219,4277.195701703387,0.0,0.9504845931763038,0.44184694772553
1361580.0,4895.516458446626,4277.207589265074,0.0,0.9504846370891106,0.4418483250007895
1361640.0,4895.504573661428,4277.219478732429,0.0,0.950484597029055,0.4418497022686761
1361700.0,4895.492682443606,4277.2313634243055,0.0,0.9504847685140995,0.4418510795580703
1361760.0,4895.480801594219,4277.243255846634,0.0,0.9504845983955039,0.4418524568149334
1361820.0,4895.468918529492,4277.255146635795,0.0,0.950484500914758,0.44185383407994283
1361880.0,4895.457029569587,4277.267033038732,0.0,0.9504845974883049,0.44185521136403805
1361940.0,4895.445141852624,4277.278920384948,0.0,0.9504846527985447,0.4418565886453038
1362000.0,4895.4332575237595,4277.290810261576,0.0,0.9504845964009971,0.4418579659162153
1362060.0,4895.421364140235,4277.302693409062,0.0,0.9504848379119626,0.44185934321695697
1362120.0,4895.409485359207,4277.314587441785,0.0,0.9504845983593956,0.441860720471728
1362180.0,4895.3976034625175,4277.326479170515,0.0,0.9504844610991774,0.4418620977375029
1362240.0,4895.385713265425,4277.338364720879,0.0,0.9504845971159283,0.44186347502999795
1362300.0,4895.37382482272,4277.350251595596,0.0,0.9504846750236668,0.44186485231804024
1362360.0,4895.361941152682,4277.36214203238,0.0,0.9504845956188221,0.44186622959133326
1362420.0,4895.350049173149,4277.374026290681,0.0,0.9504847896650552,0.44186760689181265
1362480.0,4895.338168899607,4277.385919280809,0.0,0.9504845979610581,0.44186898415579284
1362540.0,4895.326286130899,4277.397810429172,0.0,0.9504844881137793,0.44187036142880765
1362600.0,4895.314396719439,4277.40969663404,0.0,0.9504845969493202,0.4418717387232821
1362660.0,4895.3025087098895,4277.421583900681,0.0,0.9504846592845946,0.4418731160144221
1362720.0,4895.29062451878,4277.433474018526,0.0,0.9504845957346152,0.441874493293841
1362780.0,4895.278730125361,4277.4453565517115,0.0,0.9504848679023802,0.44187587060673444
1362840.0,4895.2668521876685,4277.457251351622,0.0,0.9504845979521638,0.44187724786777177
1362900.0,4895.254970740249,4277.469143553784,0.0,0.9504844432767605,0.441878625141064
1362960.0,4895.24307993967,4277.481028792794,0.0,0.9504845965614799,0.44188000244441983
1363020.0,4895.231191117341,4277.492915523027,0.0,0.9504846843621766,0.4418813797426114
1363080.0,4895.219307673692,4277.50480626709,0.0,0.950484594884968,0.44188275702412894
1363140.0,4895.207420940404,4277.5166945723,0.0,0.9504846135296601,0.4418841343168801
1363200.0,4895.195535538332,4277.528583880581,0.0,0.9504845881161721,0.44188551160612777
1363260.0,4895.183648953733,4277.540472319292,0.0,0.9504846014348172,0.4418868888998741
1363320.0,4895.1717640331235,4277.552362009767,0.0,0.9504845597204672,0.441888266189107
1363380.0,4895.159876689256,4277.564249905445,0.0,0.9504845976193863,0.4418896434867304
1363440.0,4895.147995424756,4277.576142347915,0.0,0.9504844349559185,0.4418910207661477
1363500.0,4895.13610432432,4277.588027467173,0.0,0.9504845961611763,0.44189239807716246
1363560.0,4895.124215304793,4277.599914154215,0.0,0.9504846884996349,0.4418937753826866
1363620.0,4895.112331941861,4277.611805062356,0.0,0.9504845944023729,0.44189515267065377
1363680.0,4895.100445119792,4277.623693405229,0.0,0.9504846140123694,0.4418965299703928
1363740.0,4895.088559698005,4277.6355828026835,0.0,0.9504845872882282,0.4418979072664085
1363800.0,4895.076673032974,4277.647471285283,0.0,0.9504846012970449,0.4418992845671158
1363860.0,4895.064788118209,4277.6593610839855,0.0,0.9504845574299698,0.4419006618630356
1363920.0,4895.052900655382,4277.671248994806,0.0,0.9504845972888304,0.4419020391677421
1363980.0,4895.041019586332,4277.683141686916,0.0,0.9504844262246426,0.4419034164532433
1364040.0,4895.029128173642,4277.6950266771455,0.0,0.9504845957596056,0.4419047937719552
1364100.0,4895.017238949819,4277.706913315676,0.0,0.9504846928702726,0.44190617108483304
1364160.0,4895.0053555966415,4277.718804334646,0.0,0.9504845964973425,0.44190754837945007
1364220.0,4894.993470984541,4277.730694432774,0.0,0.9504845412663944,0.44190892567917794
1364280.0,4894.981582987553,4277.742582014734,0.0,0.9504845974146573,0.44191030299004985
1364340.0,4894.969703998422,4277.754476326096,0.0,0.9504843565307013,0.4419116802734171
1364400.0,4894.957810444437,4277.766359789751,0.0,0.9504845952952249,0.44191305760339633
1364460.0,4894.945919976917,4277.778245570621,0.0,0.9504847320683218,0.4419144349246919
1364520.0,4894.934037777971,4277.790137518988,0.0,0.9504845963682397,0.44191581222011356
1364580.0,4894.92215381021,4277.802028166517,0.0,0.9504845186062603,0.4419171895222648
1364640.0,4894.910265077194,4277.813915269145,0.0,0.9504845976941467,0.4419185668399423
1364700.0,4894.8983846140845,4277.825808547127,0.0,0.9504844041352466,0.4419199441321776
1364760.0,4894.886492468891,4277.837693129654,0.0,0.9504845951920045,0.44192132146215385
1364820.0,4894.874602791552,4277.849579568478,0.0,0.9504847046327393,0.4419226987854098
1364880.0,4894.862719730162,4277.861470943424,0.0,0.9504845960339702,0.44192407608803735
1364940.0,4894.85083525137,4277.873361279367,0.0,0.9504845337986765,0.4419254533962789
1365000.0,4894.838946958656,4277.885248779257,0.0,0.9504845970783057,0.4419268307170271
1365060.0,4894.827068817971,4277.8971438616345,0.0,0.9504843256277594,0.44192820800663596
1365120.0,4894.815174264827,4277.909026718734,0.0,0.950484594700484,0.4419295853487253
1365180.0,4894.803283191026,4277.920912185967,0.0,0.9504847488374688,0.44193096268088294
1365240.0,4894.791401435356,4277.932804603255,0.0,0.9504845959202799,0.4419323399838327
1365300.0,4894.7795176877,4277.9446955533,0.0,0.9504845082944509,0.4419337172942205
1365360.0,4894.767628570612,4277.956582507962,0.0,0.9504845974250634,0.44193509462205366
1365420.0,4894.755742719168,4277.968471908588,0.0,0.9504845787518121,0.4419364719403102
1365480.0,4894.743855527763,4277.980360321777,0.0,0.950484604007153,0.4419378492635421
1365540.0,4894.731969502106,4277.992249615268,0.0,0.9504845906442829,0.4419392265838174
1365600.0,4894.720081803896,4278.004137674161,0.0,0.9504846321525393,0.4419406039101706
1365660.0,4894.708196509228,4278.016027535136,0.0,0.9504845942816935,0.4419419812295906
1365720.0,4894.696305134306,4278.02791288155,0.0,0.9504847563832957,0.4419433585694056
1365780.0,4894.684423558836,4278.039805537058,0.0,0.9504845955688161,0.4419447358784829
1365840.0,4894.672539889032,4278.051696648977,0.0,0.9504845034185188,0.4419461131953233
1365900.0,4894.660650572724,4278.063583558825,0.0,0.9504845971556484,0.4419474905304896
1365960.0,4894.648764691053,4278.075473040695,0.0,0.9504845775199243,0.44194886785554177
1366020.0,4894.636877400562,4278.08736148376,0.0,0.9504846040820718,0.44195024518578824
1366080.0,4894.624991336355,4278.099250852285,0.0,0.9504845900310543,0.44195162251288544
1366140.0,4894.613103513586,4278.111138922048,0.0,0.9504846336857198,0.44195299984633374
1366200.0,4894.601218218784,4278.123028886711,0.0,0.9504845938606817,0.44195437717245356
1366260.0,4894.589326530275,4278.134914102976,0.0,0.9504847643383487,0.4419557545199642
1366320.0,4894.577445147387,4278.146807005929,0.0,0.9504845952186088,0.44195713183512847
1366380.0,4894.5655615625365,4278.158698285001,0.0,0.9504844983101484,0.4419585091583976
1366440.0,4894.553672118201,4278.170585202705,0.0,0.9504845943162413,0.4419598865006466
1366500.0,4894.541783909236,4278.182473058382,0.0,0.9504846493013628,0.44196126384008644
1366560.0,4894.529899067832,4278.194363430152,0.0,0.9504845932348235,0.44196264116923195
1366620.0,4894.518005226571,4278.206247110931,0.0,0.9504848333270295,0.4419640185280439
1366680.0,4894.506125899347,4278.21814161531,0.0,0.9504845951812223,0.4419653958411456
1366740.0,4894.494243475289,4278.230033828784,0.0,0.9504844587269237,0.4419667731651937
1366800.0,4894.482352801088,4278.2419198988955,0.0,0.950484593944562,0.441968150515813
1366860.0,4894.470463870608,4278.253807285899,0.0,0.9504846713944153,0.44196952786200894
1366920.0,4894.458579683872,4278.265698214808,0.0,0.9504845924557536,0.4419709051935403
1366980.0,4894.44668723794,4278.2775830002565,0.0,0.9504847853619132,0.44197228255210813
1367040.0,4894.434806427068,4278.289476468093,0.0,0.9504845947837341,0.4419736598743849
1367100.0,4894.422923136101,4278.30136810464,0.0,0.9504844855814478,0.44197503720564973
1367160.0,4894.411033242608,4278.3132548257045,0.0,0.9504845937774424,0.4419764145582548
1367220.0,4894.399144742488,4278.325142602567,0.0,0.9504846557463275,0.4419777919075486
1367280.0,4894.387260037663,4278.3370332145005,0.0,0.9504845925693757,0.4419791692451891
1367340.0,4894.375365192287,4278.348916284768,0.0,0.9504848631382212,0.4419805466161198
1367400.0,4894.363486702949,4278.360811552298,0.0,0.9504845947734021,0.44198192393548813
1367460.0,4894.351604725097,4278.372704236831,0.0,0.9504844410062656,0.4419833012670467
1367520.0,4894.339713450726,4278.384589997661,0.0,0.9504845933903899,0.44198467862850105
1367580.0,4894.32782414258,4278.396477241308,0.0,0.9504846806751344,0.4419860559848246
1367640.0,4894.3159401805215,4278.408368476068,0.0,0.9504845917232282,0.4419874333245698
1367700.0,4894.304046912238,4278.42025278652,0.0,0.9504848091174946,0.44198881069467777
1367760.0,4894.292166756038,4278.4321468808785,0.0,0.9504845943572655,0.44199018802380174
1367820.0,4894.280283806316,4278.444038910199,0.0,0.9504844713008695,0.4419915653629093
1367880.0,4894.268393416749,4278.455925399582,0.0,0.9504845932338597,0.4419929427260174
1367940.0,4894.256504598604,4278.467813077542,0.0,0.9504846630728369,0.4419943200852482
1368000.0,4894.244620057758,4278.479703950044,0.0,0.9504845918830701,0.44199569743129397
1368060.0,4894.232728068521,4278.491589282892,0.0,0.9504847658387917,0.4419970748018037
1368120.0,4894.220846570575,4278.503482446346,0.0,0.9504845939742024,0.44199845213965067
1368180.0,4894.20896283525,4278.5153739592515,0.0,0.9504844954931957,0.4419998294857153
1368240.0,4894.197073145805,4278.527261039559,0.0,0.9504845930585394,0.44200120685106314
1368300.0,4894.185184711861,4278.539149072977,0.0,0.9504846489369829,0.44200258421353644
1368360.0,4894.17329969996,4278.551039663491,0.0,0.9504845919609186,0.44200396156554045
1368420.0,4894.161405542924,4278.5629234536555,0.0,0.9504848359515448,0.44200533894767624
1368480.0,4894.149526134532,4278.574818243993,0.0,0.9504845939402697,0.4420067162833487
1368540.0,4894.137643579426,4278.586710705874,0.0,0.9504844552714051,0.4420080936301268
1368600.0,4894.125752640909,4278.598596924083,0.0,0.9504845926848862,0.4420094710039034
1368660.0,4894.113863474457,4278.610484480503,0.0,0.950484671392808,0.44201084837316496
1368720.0,4894.101979128468,4278.622375636571,0.0,0.9504845911732615,0.44201222572751536
1368780.0,4894.090086389933,4278.634260548802,0.0,0.9504847872118634,0.4420136031093297
1368840.0,4894.078205474585,4278.646154285012,0.0,0.9504845935403894,0.4420149804542487
1368900.0,4894.066322039228,4278.658046159876,0.0,0.9504844825659882,0.44201635780828324
1368960.0,4894.054431894703,4278.669933038987,0.0,0.950484592519115,0.442017735184
1369020.0,4894.042543166237,4278.681820990958,0.0,0.9504846554946356,0.442019112556332
1369080.0,4894.030658294457,4278.6937118242,0.0,0.9504845912927905,0.44202048991681325
1369140.0,4894.018766705431,4278.705597662334,0.0,0.950484748159023,0.4420218672994384
1369200.0,4894.006884576294,4278.717490562894,0.0,0.9504845931703334,0.44202324465267273
1369260.0,4893.9950004286475,4278.729381975909,0.0,0.950484504357682,0.44202462201342996
1369320.0,4893.983110839731,4278.7412693386,0.0,0.9504845946966342,0.44202599939186626
1369380.0,4893.971224560288,4278.753159180752,0.0,0.9504845757709138,0.4420273767605817
1369440.0,4893.9593369230415,4278.765048021801,0.0,0.950484601369041,0.4420287541343296
1369500.0,4893.947450467249,4278.776937755149,0.0,0.95048458782566,0.4420301315050686
1369560.0,4893.935562316614,4278.788826236836,0.0,0.9504846298969412,0.4420315088819571
1369620.0,4893.923676601791,4278.800716545262,0.0,0.9504845915134856,0.44203288625180626
1369680.0,4893.911784725454,4278.812602276963,0.0,0.9504847558122735,0.4420342636423138
1369740.0,4893.8999027798145,4278.824495418109,0.0,0.9504845928191763,0.44203564100165466
1369800.0,4893.888018711949,4278.836386994311,0.0,0.9504844994207589,0.44203701836884796
1369860.0,4893.876128922041,4278.848274310667,0.0,0.9504845944286375,0.4420383957546131
1369920.0,4893.864242612853,4278.860164234269,0.0,0.9504845745274004,0.4420397731301124
1369980.0,4893.8523548760795,4278.872053104699,0.0,0.950484601450045,0.4420411505108661
1370040.0,4893.840468382106,4278.8839429132,0.0,0.95048458720919,0.4420425278884157
1370100.0,4893.828580106129,4278.895831404996,0.0,0.9504846314559732,0.4420439052723917
1370160.0,4893.816694392059,4278.9077218176235,0.0,0.9504845910918378,0.4420452826489272
1370220.0,4893.804802198822,4278.919607416479,0.0,0.9504847638802123,0.4420466600471307
1370280.0,4893.79292044923,4278.931500807563,0.0,0.9504845924692928,0.44204803741253673
1370340.0,4893.781036468346,4278.943392552308,0.0,0.9504844942481658,0.4420494147861417
1370400.0,4893.7691465495745,4278.955279875718,0.0,0.9504845915558239,0.4420507921789818
1370460.0,4893.757257882861,4278.9671681498385,0.0,0.9504846472866555,0.44205216956895654
1370520.0,4893.7453726288495,4278.979058974563,0.0,0.9504845904608773,0.4420535469484891
1370580.0,4893.733478254624,4278.99094301623,0.0,0.9504848338073186,0.4420549243580792
1370640.0,4893.721598588819,4279.002838030134,0.0,0.9504845924347798,0.442056301721324
1370700.0,4893.709715784861,4279.014730721512,0.0,0.9504844541318722,0.44205767909564836
1370760.0,4893.697824620346,4279.026617185085,0.0,0.9504845911824873,0.44205905649690375
1370820.0,4893.685935223049,4279.038504983488,0.0,0.9504846696824796,0.4420604338936574
1370880.0,4893.674050633061,4279.050396372399,0.0,0.9504845896746295,0.44206181127553834
1370940.0,4893.662157673401,4279.062281533343,0.0,0.9504847851956065,0.4420631886848151
1371000.0,4893.650276504675,4279.0741754958635,0.0,0.9504845920352849,0.44206456605729105
1371060.0,4893.638392822792,4279.086067601784,0.0,0.9504844813537143,0.44206594343886124
1371120.0,4893.626502450029,4279.097954724648,0.0,0.950484591016483,0.44206732084205946
1371180.0,4893.614613489446,4279.109842917661,0.0,0.9504846538256824,0.44206869824188344
1371240.0,4893.602728375026,4279.121733984635,0.0,0.9504845897931716,0.4420700756298874
1371300.0,4893.59083656166,4279.133620069197,0.0,0.9504847462453159,0.44207145303998074
1371360.0,4893.578954182381,4279.14551319826,0.0,0.9504845916655359,0.4420728304207587
1371420.0,4893.567069790077,4279.157404843571,0.0,0.9504845030872138,0.4420742078090423
1371480.0,4893.555179971338,4279.169292448854,0.0,0.9504845931875842,0.4420755852149612
1371540.0,4893.543293453033,4279.181182527311,0.0,0.9504845743117097,0.442076962611185
1371600.0,4893.531405580614,4279.193071607219,0.0,0.9504845998421549,0.44207834001242985
1371660.0,4893.5195188864145,4279.2049615771675,0.0,0.9504845863344116,0.4420797174106747
1371720.0,4893.50763050198,4279.216850298647,0.0,0.9504846282945328,0.44208109481505464
1371780.0,4893.495744546705,4279.228740842237,0.0,0.9504845900122796,0.44208247221241415
1371840.0,4893.483852446698,4279.240626820743,0.0,0.950484753877282,0.4420838496303819
1371900.0,4893.471970250303,4279.252520189882,0.0,0.9504845913143003,0.44208522701726244
1371960.0,4893.460085937452,4279.264411998068,0.0,0.9504844981622893,0.4420866044119774
1372020.0,4893.44819591815,4279.276299557235,0.0,0.9504845929192902,0.4420879818252181
1372080.0,4893.436309370067,4279.2881897170355,0.0,0.9504845730704665,0.4420893592282203
1372140.0,4893.424421398279,4279.30007882635,0.0,0.9504845999219436,0.44209073663646475
1372200.0,4893.41253466589,4279.311968871364,0.0,0.9504845857185622,0.44209211404151455
1372260.0,4893.400646156345,4279.323857603028,0.0,0.9504846298484532,0.44209349145297583
1372320.0,4893.388760201707,4279.335748250659,0.0,0.9504845895907391,0.4420948688570166
1372380.0,4893.3768677855505,4279.347634096756,0.0,0.9504847619229826,0.4420962462826727
1372440.0,4893.364985784561,4279.359527715298,0.0,0.9504845909643355,0.44209762367561467
1372500.0,4893.353101558342,4279.371419691701,0.0,0.9504844930023237,0.44209900107673683
1372560.0,4893.341211410419,4279.3833072580055,0.0,0.9504845900530539,0.4421003784970461
1372620.0,4893.329322511123,4279.395195772619,0.0,0.9504846456366749,0.44210175591449935
1372680.0,4893.31743701522,4279.407086831367,0.0,0.950484588960774,0.44210313332153744
1372740.0,4893.305542423949,4279.418971124299,0.0,0.9504848316648051,0.4421045107585591
1372800.0,4893.293662500986,4279.4308663616075,0.0,0.9504845909292433,0.44210588814935314
1372860.0,4893.281779448412,4279.442759282307,0.0,0.9504844529912149,0.4421072655512006
1372920.0,4893.26988805807,4279.454645991019,0.0,0.9504845896800322,0.44210864297991176
1372980.0,4893.2579984301055,4279.4665340311885,0.0,0.9504846679727703,0.4421100204041344
1373040.0,4893.24611359634,4279.478425652757,0.0,0.9504845881759296,0.44211139781352254
1373100.0,4893.234220415705,4279.4903110621835,0.0,0.9504847831808769,0.44211277525023884
1373160.0,4893.222338993848,4279.502205250851,0.0,0.9504845905301329,0.4421141526502482
1373220.0,4893.210455065669,4279.514097587647,0.0,0.9504844801405005,0.44211553005933096
1373280.0,4893.198564464845,4279.525984954045,0.0,0.950484589513796,0.44211690748998783
1373340.0,4893.18667527233,4279.537873387891,0.0,0.9504846521571365,0.44211828491728083
1373400.0,4893.174789915484,4279.549764688407,0.0,0.9504845882934895,0.44211966233278427
1373460.0,4893.162897877942,4279.561651019171,0.0,0.9504847443326662,0.44212103977032274
1373520.0,4893.151015248758,4279.5735443765625,0.0,0.9504845901606894,0.44212241717862094
1373580.0,4893.1391306120195,4279.585436253986,0.0,0.9504845018159596,0.44212379459440776
1373640.0,4893.12724056363,4279.597324101644,0.0,0.9504845916784986,0.44212517202778606
1373700.0,4893.115353806663,4279.6092144162085,0.0,0.9504845728523149,0.442126549451495
1373760.0,4893.103465699261,4279.62110373477,0.0,0.9504845983152894,0.4421279268802136
1373820.0,4893.091578766856,4279.632993941125,0.0,0.9504845848430724,0.44212930430594094
1373880.0,4893.079690148812,4279.64488290219,0.0,0.950484626692382,0.4421306817377896
1373940.0,4893.067803953291,4279.656773680754,0.0,0.9504845885110147,0.44213205916263676
1374000.0,4893.055911629775,4279.66865990584,0.0,0.9504847519434156,0.44213343660804183
1374060.0,4893.0440291828645,4279.680553502798,0.0,0.9504845898093757,0.4421348140224389
1374120.0,4893.03214462525,4279.692445542783,0.0,0.9504844969030797,0.44213619144465255
1374180.0,4893.0202543767355,4279.704333344543,0.0,0.9504845914099066,0.4421375688853456
1374240.0,4893.008367589961,4279.716223740345,0.0,0.9504845716133544,0.4421389463158275
1374300.0,4892.9964793833515,4279.728113088339,0.0,0.9504845983938557,0.4421403237515397
1374360.0,4892.984592412749,4279.740003369669,0.0,0.950484584227847,0.4421417011840664
1374420.0,4892.972703669824,4279.7518923409925,0.0,0.950484628241168,0.4421430786229898
1374480.0,4892.960817474832,4279.76378322343,0.0,0.9504845880895817,0.4421444560545128
1374540.0,4892.948924835918,4279.775669316545,0.0,0.9504847599668874,0.4421458335075983
1374600.0,4892.93704258377,4279.787563162372,0.0,0.9504845894593292,0.4421472109280531
1374660.0,4892.925158112437,4279.799455370245,0.0,0.950484491755764,0.44214858835666915
1374720.0,4892.91326773554,4279.811343179222,0.0,0.9504845885502297,0.44214996580442445
1374780.0,4892.901378603849,4279.823231934121,0.0,0.9504846439870074,0.44215134324933286
1374840.0,4892.88949286626,4279.835123226698,0.0,0.9504845874606102,0.4421527206838531
1374900.0,4892.877598058094,4279.847007770662,0.0,0.9504848295237747,0.44215409814828305
1374960.0,4892.865717878225,4279.858903231208,0.0,0.9504845894236589,0.4421554755666028
1375020.0,4892.853834577258,4279.870796381044,0.0,0.9504844518497649,0.4421568529959501
1375080.0,4892.841942961259,4279.882683334682,0.0,0.950484588177523,0.4421582304520939
1375140.0,4892.8300531028135,4279.894571616412,0.0,0.95048466626338,0.44215960790376235
1375200.0,4892.818168025479,4279.906463470443,0.0,0.9504845866771698,0.44216098534063447
1375260.0,4892.806274624037,4279.918349128134,0.0,0.9504847811669477,0.44216236280476706
1375320.0,4892.79439294928,4279.9302435427635,0.0,0.9504845890249315,0.44216374023228666
1375380.0,4892.782508775021,4279.942136110244,0.0,0.9504844789267435,0.44216511766885863
1375440.0,4892.770617946315,4279.954023719963,0.0,0.9504845880110556,0.4421664951269508
1375500.0,4892.758728522058,4279.965912394435,0.0,0.9504846504888227,0.4421678725816895
1375560.0,4892.7468429229975,4279.9778039282955,0.0,0.9504845867937488,0.44216925002466917
1375620.0,4892.7349506614555,4279.98969050505,0.0,0.950484742420688,0.44217062748962943
1375680.0,4892.723067782592,4280.0015840905835,0.0,0.9504845886557934,0.44217200492542436
1375740.0,4892.711182901631,4280.013476199927,0.0,0.9504845005443195,0.44217338236869114
1375800.0,4892.699292623779,4280.025364289752,0.0,0.9504845901693698,0.4421747598295057
1375860.0,4892.687405628357,4280.037254840226,0.0,0.9504845713928014,0.4421761372806769
1375920.0,4892.675517286174,4280.04914439724,0.0,0.9504845967884067,0.44217751473684624
1375980.0,4892.663630115767,4280.061034839802,0.0,0.9504845833516632,0.4421788921900331
1376040.0,4892.651741264309,4280.0729240402525,0.0,0.9504846250903222,0.442180269649327
1376100.0,4892.639854828752,4280.08481505359,0.0,0.9504845870096924,0.44218164710163826
1376160.0,4892.627962281895,4280.096701525035,0.0,0.950484750010521,0.4421830245744575
1376220.0,4892.616079584702,4280.108595349629,0.0,0.9504845883044022,0.44218440201634757
1376280.0,4892.6041947825415,4280.120487621223,0.0,0.9504844956432776,0.4421857794660365
1376340.0,4892.592304304995,4280.132375665365,0.0,0.9504845899004841,0.4421871569341589
1376400.0,4892.580417279734,4280.144266296973,0.0,0.9504845701560816,0.4421885343920973
1376460.0,4892.568528838498,4280.156155883443,0.0,0.9504845968657734,0.44218991185525414
1376520.0,4892.556641629888,4280.16804640089,0.0,0.9504845827370495,0.4421912893152347
1376580.0,4892.544752653773,4280.179935611671,0.0,0.9504846266340728,0.44219266678159713
1376640.0,4892.532866218629,4280.191826728722,0.0,0.9504845865883661,0.4421940442405789
1376700.0,4892.520973357119,4280.203713068629,0.0,0.9504847580118881,0.4421954217210708
1376760.0,4892.509090854046,4280.215607141567,0.0,0.9504845879542745,0.442196799169015
1376820.0,4892.497206137821,4280.227499580725,0.0,0.950484490508533,0.44219817662510186
1376880.0,4892.485315532131,4280.239387632168,0.0,0.9504845870473514,0.4421995541002803
1376940.0,4892.473426168231,4280.251276627145,0.0,0.9504846423376763,0.44220093157262086
1377000.0,4892.46154018917,4280.2631681533585,0.0,0.9504845859603845,0.44220230903460017
1377060.0,4892.449645164248,4280.275052948117,0.0,0.9504848273844861,0.44220368652641556
1377120.0,4892.43776472773,4280.286948631734,0.0,0.9504845879180285,0.44220506397223797
1377180.0,4892.425881178606,4280.29884201053,0.0,0.9504844507071291,0.44220644142906174
1377240.0,4892.413989337117,4280.310729208872,0.0,0.950484586674958,0.44220781891261496
1377300.0,4892.402099248368,4280.322617731947,0.0,0.9504846645546583,0.4422091963917062
1377360.0,4892.390213927691,4280.334509818262,0.0,0.95048458517834,0.44221057385603924
1377420.0,4892.37832030558,4280.346395723976,0.0,0.9504847791548848,0.4422119513475653
1377480.0,4892.366438378182,4280.35829036441,0.0,0.9504845875196837,0.44221332880257197
1377540.0,4892.354553958074,4280.370183162399,0.0,0.9504844777118867,0.4422147062666101
1377600.0,4892.342662901649,4280.382071015219,0.0,0.9504845865082595,0.44221608375211474
1377660.0,4892.330773245829,4280.393959930105,0.0,0.9504846488211169,0.44221746123427624
1377720.0,4892.318887404776,4280.405851697132,0.0,0.9504845852939405,0.4422188387047091
1377780.0,4892.306991371318,4280.417735876893,0.0,0.9504848573639437,0.44222021620862406
1377840.0,4892.295111777707,4280.429632327474,0.0,0.9504845875106421,0.4422215936606577
1377900.0,4892.283228677803,4280.441526179372,0.0,0.9504844328908244,0.44222297112494463
1377960.0,4892.2713362337945,4280.453413065765,0.0,0.950484586120408,0.44222434861930565
1378020.0,4892.259445766173,4280.465301443818,0.0,0.9504846738895533,0.4422257261084932
1378080.0,4892.247560672056,4280.477193837028,0.0,0.9504845844444473,0.44222710358099687
1378140.0,4892.23567229151,4280.489083790522,0.0,0.9504846030824258,0.44222848106473406
1378200.0,4892.2237852409235,4280.500974747387,0.0,0.9504845776780281,0.44222985854496133
1378260.0,4892.211897008982,4280.512864834347,0.0,0.9504845909918723,0.44223123602968467
1378320.0,4892.200010439459,4280.524756173446,0.0,0.9504845492924429,0.44223261350988763
1378380.0,4892.188121449046,4280.536645717107,0.0,0.9504845871777595,0.44223399099848015
1378440.0,4892.176238532182,4280.548539809031,0.0,0.9504844245725519,0.44223536846885164
1378500.0,4892.164345788889,4280.560426575262,0.0,0.9504845857200219,0.44223674597083185
1378560.0,4892.152455124547,4280.572314909741,0.0,0.9504846780254019,0.44223812346731195
1378620.0,4892.140570111356,4280.584207466718,0.0,0.9504845839617978,0.4422395009462246
1378680.0,4892.128681642403,4280.596097457519,0.0,0.9504846035647558,0.4422408784369095
1378740.0,4892.116794572412,4280.6079885032195,0.0,0.9504845768501454,0.44224225592386485
1378800.0,4892.104906260408,4280.619878633715,0.0,0.9504845908539296,0.442243633415509
1378860.0,4892.093019697014,4280.631770080715,0.0,0.9504845470024991,0.44224501090235824
1378920.0,4892.081130588045,4280.6436596391595,0.0,0.9504845868470978,0.4422463883979937
1378980.0,4892.06924786674,4280.655553980448,0.0,0.9504844158439221,0.44224776587440856
1379040.0,4892.057354811776,4280.667440617235,0.0,0.9504845853183691,0.44224914338404614
1379100.0,4892.045463943621,4280.679328902816,0.0,0.9504846823943547,0.44225052088784006
1379160.0,4892.033578940472,4280.691221570299,0.0,0.9504845860557928,0.44225189837336276
1379220.0,4892.021692679659,4280.703113316566,0.0,0.9504845308444656,0.4422532758639913
1379280.0,4892.009803037235,4280.715002545789,0.0,0.9504845869727313,0.4422546533657662
1379340.0,4891.997922394042,4280.726898506635,0.0,0.9504843461744616,0.4422560308400173
1379400.0,4891.986027200033,4280.738783616077,0.0,0.9504845848540036,0.44225740836089855
1379460.0,4891.974135089567,4280.750671043461,0.0,0.9504847215783904,0.4422587858730849
1379520.0,4891.962251239731,4280.762564640409,0.0,0.9504845859265864,0.4422601633593837
1379580.0,4891.950365622831,4280.774456936018,0.0,0.9504845081922633,0.4422615408524076
1379640.0,4891.938475245279,4280.786345685505,0.0,0.9504845872519717,0.4422629183609622
1379700.0,4891.92659312971,4280.798240612393,0.0,0.9504843937618761,0.44226429584405813
1379760.0,4891.91469934333,4280.8101268408445,0.0,0.9504845847506703,0.4422656733649074
1379820.0,4891.902808022478,4280.82201492616,0.0,0.9504846941524238,0.44226705087902624
1379880.0,4891.890923311219,4280.833907949249,0.0,0.9504845855922863,0.44226842837250535
1379940.0,4891.879037183971,4280.84579993292,0.0,0.9504845233791401,0.4422698058715936
1380000.0,4891.867147246495,4280.857689079559,0.0,0.9504845866362,0.4422711833831913
1380060.0,4891.855267451315,4280.8695858111905,0.0,0.9504843152823148,0.44227256086362904
1380120.0,4891.843371259499,4280.881470313386,0.0,0.9504845842591756,0.44227393839656803
1380180.0,4891.831478543724,4280.893357426538,0.0,0.9504847383412094,0.4422753159195636
1380240.0,4891.819595137123,4280.905251492075,0.0,0.950484585478487,0.44227669341333603
1380300.0,4891.8077097405,4280.917144089814,0.0,0.9504844978838155,0.4422780709145426
1380360.0,4891.795818979632,4280.929032690792,0.0,0.9504845869826855,0.4422794484331995
1380420.0,4891.783931481301,4280.9409237385225,0.0,0.9504845683160498,0.4422808259422706
1380480.0,4891.772042644329,4280.952813798441,0.0,0.9504845935623863,0.4422822034563144
1380540.0,4891.7601549720175,4280.964704738921,0.0,0.9504845802042406,0.4422835809673956
1380600.0,4891.748265628796,4280.9765944443425,0.0,0.9504846216977336,0.4422849584845525
1380660.0,4891.736378686831,4280.988485952418,0.0,0.9504845838403088,0.4422863359947689
1380720.0,4891.724485670508,4281.000372944339,0.0,0.9504847458843628,0.44228771352538215
1380780.0,4891.712602444225,4281.012267247815,0.0,0.9504845851269244,0.4422890910252418
1380840.0,4891.700717125672,4281.024160007116,0.0,0.9504844930093332,0.4422904685328607
1380900.0,4891.688826166068,4281.036048562898,0.0,0.9504845867131433,0.442291846058811
1380960.0,4891.676938637826,4281.047939691532,0.0,0.950484567084363,0.4422932235746377
1381020.0,4891.665049702153,4281.059829780968,0.0,0.9504845936370608,0.442294601095656
1381080.0,4891.653161991614,4281.071720796139,0.0,0.9504845795910022,0.44229597861351905
1381140.0,4891.641272524239,4281.083610512064,0.0,0.9504846232301761,0.4422973561377311
1381200.0,4891.629385582431,4281.095502123495,0.0,0.9504845834192216,0.44229873365460687
1381260.0,4891.617492253107,4281.107388984852,0.0,0.9504847538365218,0.4423001111928759
1381320.0,4891.605609219515,4281.119283535493,0.0,0.950484584776618,0.4423014886987817
1381380.0,4891.593723986126,4281.1311764616385,0.0,0.9504844879024918,0.44230286621278886
1381440.0,4891.581832898903,4281.143065024909,0.0,0.9504845838745206,0.44230424374578164
1381500.0,4891.569943045909,4281.154954526415,0.0,0.9504846388401609,0.442305621275957
1381560.0,4891.558056557257,4281.166846544852,0.0,0.9504845827934356,0.442306998795831
1381620.0,4891.546161077444,4281.178731869955,0.0,0.9504848228006514,0.4423083763453775
1381680.0,4891.534280097735,4281.190628022322,0.0,0.9504845847390959,0.44230975384919125
1381740.0,4891.5223960242165,4281.202521882944,0.0,0.9504844483330994,0.44231113136394895
1381800.0,4891.510503708501,4281.214409598093,0.0,0.9504845835028237,0.44231250890528717
1381860.0,4891.498613134879,4281.2262986305195,0.0,0.9504846609252372,0.4423138864421928
1381920.0,4891.486727300457,4281.238191206034,0.0,0.9504845820144926,0.4423152639644248
1381980.0,4891.474833214812,4281.250077635954,0.0,0.9504847748524154,0.4423166415136999
1382040.0,4891.462950753077,4281.261972751188,0.0,0.9504845843415993,0.4423180190266638
1382100.0,4891.451065813677,4281.273866034442,0.0,0.9504844751779395,0.44231939654861274
1382160.0,4891.439174278112,4281.285754400524,0.0,0.9504845833356144,0.44232077409190895
1382220.0,4891.427284134629,4281.297643822699,0.0,0.9504846452824953,0.4423221516318852
1382280.0,4891.41539778281,4281.309536080884,0.0,0.9504845821279261,0.4423235291602004
1382340.0,4891.403501300237,4281.321420794782,0.0,0.9504848526008718,0.4423249067218134
1382400.0,4891.391621157988,4281.333317710069,0.0,0.950484584331121,0.4423262842318386
1382460.0,4891.379737530629,4281.345212041419,0.0,0.9504844306185284,0.44232766175405264
1382520.0,4891.367844615709,4281.357099446694,0.0,0.9504845829485503,0.44232903930617323
1382580.0,4891.355953665173,4281.368988335228,0.0,0.9504846702022746,0.4423304168531534
1382640.0,4891.344068055599,4281.380881216206,0.0,0.9504845812819307,0.4423317943835453
1382700.0,4891.332173148784,4281.392767170481,0.0,0.9504847985990826,0.4423331719443081
1382760.0,4891.320291341472,4281.404662911953,0.0,0.9504845839149831,0.44233454946406464
1382820.0,4891.308406743374,4281.416556587625,0.0,0.9504844609021632,0.442335926993802
1382880.0,4891.296514712598,4281.428444721455,0.0,0.9504845827919259,0.442337304547548
1382940.0,4891.2846242517835,4281.440334044204,0.0,0.9504846526061053,0.4423386820974079
1383000.0,4891.272738064173,4281.452226562557,0.0,0.9504845814415663,0.4423400596340744
1383060.0,4891.260844435368,4281.464113539334,0.0,0.9504847553355787,0.4423414371952104
1383120.0,4891.2489612877935,4281.476008349341,0.0,0.9504845835319067,0.4423428147236651
1383180.0,4891.23707590504,4281.487901508176,0.0,0.9504844850857721,0.4423441922603338
1383240.0,4891.225184573908,4281.499790232883,0.0,0.9504845826165185,0.44234556981629164
1383300.0,4891.213294497119,4281.511679910968,0.0,0.9504846384751111,0.4423469473693667
1383360.0,4891.201407839098,4281.523572146992,0.0,0.9504845815192378,0.44234832491196513
1383420.0,4891.189512044784,4281.535457580299,0.0,0.9504848254232797,0.4423497024847016
1383480.0,4891.1776309849465,4281.547354017496,0.0,0.9504845834978364,0.44235108001095197
1383540.0,4891.1657467814675,4281.559248125383,0.0,0.9504844448781923,0.44235245754830566
1383600.0,4891.153854202657,4281.571135987459,0.0,0.950484582242849,0.4423538351126674
1383660.0,4891.141963394259,4281.58302518814,0.0,0.9504846609227942,0.44235521267250477
1383720.0,4891.130077401704,4281.594917989667,0.0,0.9504845807317108,0.4423565902174221
1383780.0,4891.11818302471,4281.606804545191,0.0,0.9504847767007831,0.4423579677898099
1383840.0,4891.10630045956,4281.6186999276615,0.0,0.9504845830979488,0.4423593453252821
1383900.0,4891.094415376871,4281.63059344809,0.0,0.9504844721628394,0.4423607228698668
1383960.0,4891.08252359148,4281.6424819710455,0.0,0.9504845820769867,0.44236210043614077
1384020.0,4891.070633220835,4281.654371567162,0.0,0.9504846450302151,0.44236347799902115
1384080.0,4891.0587467031855,4281.666264045513,0.0,0.950484580851046,0.44236485555004307
1384140.0,4891.046853474778,4281.678151527005,0.0,0.9504847376619021,0.4423662331232134
1384200.0,4891.034969697204,4281.690046073299,0.0,0.9504845827278756,0.4423676106669757
1384260.0,4891.023083903107,4281.701939131477,0.0,0.9504844939465875,0.442368988218257
1384320.0,4891.011192672989,4281.713828137928,0.0,0.9504845842535876,0.4423703657872226
1384380.0,4890.999304749197,4281.725719624642,0.0,0.9504845653345222,0.4423717433464579
1384440.0,4890.987415468936,4281.737610109873,0.0,0.950484590923592,0.4423731209107234
1384500.0,4890.975527369023,4281.749501487665,0.0,0.9504845773849633,0.4423744984719736
1384560.0,4890.96363757593,4281.761391613326,0.0,0.9504846194413945,0.4423758760393712
1384620.0,4890.951750216342,4281.773283566314,0.0,0.9504845810714392,0.4423772535997217
1384680.0,4890.939856701199,4281.785170940952,0.0,0.9504847453122934,0.4423786311807328
1384740.0,4890.927973107242,4281.797065727547,0.0,0.9504845823766197,0.4423800087305611
1384800.0,4890.916087393143,4281.808958948604,0.0,0.9504844890110835,0.442381386288238
1384860.0,4890.904195962504,4281.820847908339,0.0,0.9504845839854643,0.4423827638644924
1384920.0,4890.892308009282,4281.8327394761645,0.0,0.9504845640912095,0.4423841414304715
1384980.0,4890.880418629876,4281.844629990417,0.0,0.9504845910043523,0.4423855190017025
1385040.0,4890.868530492109,4281.856521443022,0.0,0.9504845767684841,0.4423868965697231
1385100.0,4890.856640574084,4281.86841157843,0.0,0.9504846209996841,0.4423882741441681
1385160.0,4890.844753215538,4281.880303635291,0.0,0.950484580649716,0.4423896517111648
1385220.0,4890.832859384082,4281.892190876667,0.0,0.9504847533773723,0.44239102929983226
1385280.0,4890.820975986283,4281.904085912923,0.0,0.9504845820266372,0.44239240685568537
1385340.0,4890.809090359372,4281.9159793022145,0.0,0.950484483840055,0.44239378441973365
1385400.0,4890.797198800283,4281.927868268638,0.0,0.95048458111344,0.442395162003023
1385460.0,4890.785308492101,4281.939758186034,0.0,0.9504846368246598,0.44239653958343883
1385520.0,4890.773421593368,4281.951650654889,0.0,0.9504845800188287,0.44239791715340515
1385580.0,4890.76152558321,4281.963536338298,0.0,0.9504848232797385,0.44239929475343537
1385640.0,4890.749644267389,4281.975432997689,0.0,0.9504845819919879,0.44240067230709745
1385700.0,4890.737759816472,4281.987327333694,0.0,0.9504844437376565,0.44240204987183673
1385760.0,4890.725867013031,4281.999215439736,0.0,0.950484580740086,0.4424034274635165
1385820.0,4890.713975975158,4282.011104881005,0.0,0.9504846592124888,0.4424048050506853
1385880.0,4890.702089740007,4282.022997913992,0.0,0.9504845792327083,0.44240618262297227
1385940.0,4890.690195143236,4282.03488471683,0.0,0.9504847746850488,0.44240756022266187
1386000.0,4890.678312326128,4282.0467803242345,0.0,0.9504845815924853,0.44240893778553
1386060.0,4890.666426998323,4282.058674074337,0.0,0.950484470949722,0.4424103153574895
1386120.0,4890.654534986066,4282.070562839652,0.0,0.9504845805739917,0.4424116929510842
1386180.0,4890.642644384682,4282.082452675422,0.0,0.9504846433611047,0.44241307054129586
1386240.0,4890.630757625791,4282.094345386118,0.0,0.9504845793510606,0.44241444811967967
1386300.0,4890.618864174409,4282.106233112645,0.0,0.9504847357482873,0.4424158257201574
1386360.0,4890.606980148107,4282.118127886061,0.0,0.9504845812227177,0.4424172032913024
1386420.0,4890.595094110754,4282.130021175152,0.0,0.950484492675449,0.4424185808699494
1386480.0,4890.58320265218,4282.141910422805,0.0,0.9504845827441829,0.44241995846623683
1386540.0,4890.571314490914,4282.153802144437,0.0,0.950484563874898,0.44242133605281997
1386600.0,4890.559424976863,4282.165692867138,0.0,0.9504845893963747,0.44242271364442154
1386660.0,4890.547536639935,4282.177584480148,0.0,0.9504845758933369,0.44242409123301685
1386720.0,4890.535646614424,4282.189474844213,0.0,0.9504846178387558,0.4424254688277453
1386780.0,4890.523759015776,4282.20136703098,0.0,0.9504845795698678,0.4424268464154458
1386840.0,4890.511865278324,4282.213254651029,0.0,0.9504847433775219,0.4424282240237565
1386900.0,4890.4999814350285,4282.225149664237,0.0,0.9504845808713834,0.4424296016009637
1386960.0,4890.488095477346,4282.237043115893,0.0,0.9504844877519196,0.44243097918600166
1387020.0,4890.476203818691,4282.248932317045,0.0,0.9504845824757633,0.44243235678957094
1387080.0,4890.464315627965,4282.260824119683,0.0,0.9504845626338483,0.4424337343828922
1387140.0,4890.45242601493,4282.272714871431,0.0,0.9504845894759232,0.4424351119814532
1387200.0,4890.440537640141,4282.284606559164,0.0,0.9504845752774757,0.4424364895768135
1387260.0,4890.428647489926,4282.296496933048,0.0,0.9504846193919536,0.44243786717858313
1387320.0,4890.41675989221,4282.308389223524,0.0,0.9504845791482516,0.4424392447729243
1387380.0,4890.404865839196,4282.320276710747,0.0,0.9504847514204223,0.44244062238888343
1387440.0,4890.3929821914135,4282.332171973086,0.0,0.9504845805213196,0.4424419999721116
1387500.0,4890.381096320573,4282.344065592651,0.0,0.9504844825934321,0.4424433775635163
1387560.0,4890.369204533704,4282.355954800569,0.0,0.9504845796103067,0.4424447551741143
1387620.0,4890.357313994317,4282.367844957068,0.0,0.9504846351745233,0.4424461327818477
1387680.0,4890.345426855086,4282.37973765856,0.0,0.9504845785183583,0.4424475103791587
1387740.0,4890.33353062923,4282.391623591836,0.0,0.950484821137752,0.4424488880064596
1387800.0,4890.321649057678,4282.403520473252,0.0,0.950484580486092,0.44245026558751005
1387860.0,4890.309764359552,4282.415415037195,0.0,0.9504844425961791,0.4424516431796115
1387920.0,4890.29787133165,4282.427303386987,0.0,0.9504845792372678,0.44245302079858617
1387980.0,4890.2859800644865,4282.439193068634,0.0,0.9504846575026129,0.44245439841306317
1388040.0,4890.274093586953,4282.45108633289,0.0,0.9504845777336419,0.4424557760126965
1388100.0,4890.262198770566,4282.462973382818,0.0,0.9504847726704886,0.4424571536396648
1388160.0,4890.250315701743,4282.474869214982,0.0,0.9504845800869729,0.4424585312299057
1388220.0,4890.238430129042,4282.486763194574,0.0,0.9504844697358646,0.4424599088292168
1388280.0,4890.226537890093,4282.498652202033,0.0,0.9504845790709419,0.4424612864501091
1388340.0,4890.214647058156,4282.510542277247,0.0,0.9504846416923824,0.442462664067629
1388400.0,4890.202760058238,4282.522435220099,0.0,0.9504845778510123,0.44246404167335157
1388460.0,4890.190866384047,4282.5343231914385,0.0,0.9504847338357315,0.4424654193011137
1388520.0,4890.178982109248,4282.546218191799,0.0,0.9504845797175109,0.44246679689961826
1388580.0,4890.1670958288605,4282.558111711617,0.0,0.9504844914035573,0.4424681745056077
1388640.0,4890.15520414201,4282.570001200253,0.0,0.9504845812347418,0.44246955212919387
1388700.0,4890.143315743474,4282.581893156605,0.0,0.9504845624150938,0.44247092974310126
1388760.0,4890.131425995827,4282.593784116573,0.0,0.9504845878691721,0.442472307362016
1388820.0,4890.119537422082,4282.605675964598,0.0,0.950484574401623,0.44247368497793327
1388880.0,4890.107647164341,4282.617566566862,0.0,0.9504846162363435,0.44247506259996944
1388940.0,4890.095759326843,4282.629458987215,0.0,0.9504845780682377,0.44247644021499655
1389000.0,4890.0838653672445,4282.64134685245,0.0,0.9504847414439033,0.4424778178505837
1389060.0,4890.071981274846,4282.653242092092,0.0,0.9504845793660988,0.4424791954551465
1389120.0,4890.0600950738,4282.665135774162,0.0,0.9504844864920678,0.4424805730675222
1389180.0,4890.048203187305,4282.677025216516,0.0,0.9504845809660241,0.4424819506983831
1389240.0,4890.03631475928,4282.688917253769,0.0,0.9504845611763243,0.4424833283190232
1389300.0,4890.024424912808,4282.700808242809,0.0,0.9504845879475,0.44248470594489114
1389360.0,4890.012536301196,4282.712700165467,0.0,0.950484573786385,0.4424860835675674
1389420.0,4890.000645918983,4282.724590777625,0.0,0.950484617784415,0.4424874611966382
1389480.0,4889.988758082302,4282.736483301519,0.0,0.9504845776467298,0.44248883881830076
1389540.0,4889.976863807893,4282.748371034366,0.0,0.9504847494644715,0.44249021646152853
1389600.0,4889.96497991036,4282.760266522605,0.0,0.9504845790159533,0.4424915940721085
1389660.0,4889.953093795807,4282.772160372256,0.0,0.9504844813462476,0.4424929716908463
1389720.0,4889.94120178134,4282.7840498214655,0.0,0.9504845781071198,0.44249434932872955
1389780.0,4889.9293110109365,4282.795940216861,0.0,0.9504846335246737,0.4424957269637575
1389840.0,4889.917423631418,4282.807833150796,0.0,0.9504845770178283,0.44249710458839
1389900.0,4889.905527190016,4282.819719333706,0.0,0.9504848189972206,0.44249848224293864
1389960.0,4889.893645362982,4282.831616436982,0.0,0.9504845789801486,0.44249985985135404
1390020.0,4889.881760417873,4282.843511228679,0.0,0.9504844414538499,0.44250123747079456
1390080.0,4889.869867165677,4282.855399822001,0.0,0.9504845777343952,0.44250261511704125
1390140.0,4889.857975669406,4282.867289743816,0.0,0.950484655793203,0.44250399275880337
1390200.0,4889.846088949705,4282.879183239156,0.0,0.9504845762345119,0.44250537038575993
1390260.0,4889.834193913862,4282.8910705359485,0.0,0.9504847706570835,0.4425067480399839
1390320.0,4889.822310593564,4282.9029665927,0.0,0.9504845785814126,0.44250812565757436
1390380.0,4889.81042477619,4282.914860801597,0.0,0.9504844685212382,0.44250950328421396
1390440.0,4889.798532310729,4282.926750050981,0.0,0.9504845775678381,0.44251088093238106
1390500.0,4889.786641248426,4282.93864036543,0.0,0.9504846400239793,0.44251225857718596
1390560.0,4889.774754007693,4282.950533540245,0.0,0.9504845763509038,0.4425136362102238
1390620.0,4889.762856556511,4282.962419105764,0.0,0.9504848490461968,0.44251501387683473
1390680.0,4889.750975574406,4282.974316977582,0.0,0.9504845785728738,0.4425163914914069
1390740.0,4889.739091079847,4282.986212243122,0.0,0.9504844235978135,0.4425177691182596
1390800.0,4889.727197224604,4282.998100522971,0.0,0.9504845771796199,0.4425191467752729
1390860.0,4889.715305349326,4283.009990298722,0.0,0.9504846651505405,0.44252052442708806
1390920.0,4889.7034188571215,4283.021884101219,0.0,0.950484575499983,0.44252190206216657
1390980.0,4889.691529072698,4283.033775456887,0.0,0.9504845941808813,0.4425232797085054
1391040.0,4889.679640620643,4283.045667818777,0.0,0.9504845687181865,0.442524657351318
1391100.0,4889.667750985178,4283.057559308194,0.0,0.9504845820627178,0.4425260349986338
1391160.0,4889.655863015131,4283.06945205332,0.0,0.9504845402675246,0.44252741264140955
1391220.0,4889.643972619933,4283.081342997763,0.0,0.9504845782400135,0.4425287902925943
1391280.0,4889.632088309144,4283.093238503559,0.0,0.9504844152610956,0.44253016792549477
1391340.0,4889.620194154487,4283.105126662429,0.0,0.9504845767791,0.4425315455900951
1391400.0,4889.608302082539,4283.1170163940105,0.0,0.950484669296716,0.4425329232491698
1391460.0,4889.59641567181,4283.128910360284,0.0,0.9504845750170096,0.44253430089062157
1391520.0,4889.584525799223,4283.140801752898,0.0,0.9504845946651141,0.44253567854387404
1391580.0,4889.572637328129,4283.1526942034125,0.0,0.9504845678891839,0.44253705619337996
1391640.0,4889.560747612859,4283.164585736021,0.0,0.9504845819252465,0.4425384338475825
1391700.0,4889.548859649353,4283.176478588892,0.0,0.9504845379730901,0.4425398114969698
1391760.0,4889.536969135789,4283.1883695476945,0.0,0.9504845779093788,0.4425411891551637
1391820.0,4889.52508502131,4283.200265303108,0.0,0.9504844065131383,0.4425425667940707
1391880.0,4889.513190554821,4283.212153331689,0.0,0.9504845763773107,0.44254394446629625
1391940.0,4889.501298279098,4283.224043013761,0.0,0.950484673676586,0.4425453221326517
1392000.0,4889.489411878827,4283.235937090392,0.0,0.9504845771166044,0.44254669978067845
1392060.0,4889.477524218726,4283.247830243064,0.0,0.950484521778487,0.4425480774338172
1392120.0,4889.465633171029,4283.25972087138,0.0,0.9504845780358251,0.44254945509813226
1392180.0,4889.45375113862,4283.271618250724,0.0,0.9504843366842064,0.4425508327348325
1392240.0,4889.44185452956,4283.283504747236,0.0,0.950484575912403,0.44255221041829856
1392300.0,4889.429961009592,4283.295393568319,0.0,0.9504847129510493,0.4425535880930351
1392360.0,4889.418075764948,4283.307288576793,0.0,0.9504845769876252,0.4425549657418037
1392420.0,4889.406188750169,4283.319182280084,0.0,0.9504844990747924,0.44255634339730854
1392480.0,4889.394296966308,4283.331072426961,0.0,0.9504845783162301,0.442557721068387
1392540.0,4889.382413459153,4283.34296876906,0.0,0.9504843843816076,0.4425590987139242
1392600.0,4889.3705182604945,4283.354856387507,0.0,0.9504845758093567,0.44256047639732193
1392660.0,4889.35862553181,4283.366745868113,0.0,0.9504846854626166,0.44256185407396004
1392720.0,4889.3467394244835,4283.378640300756,0.0,0.9504845766530816,0.4425632317298939
1392780.0,4889.334851898722,4283.3905336908965,0.0,0.9504845142970055,0.4425646093914445
1392840.0,4889.322960555984,4283.402424235763,0.0,0.9504845776995701,0.4425659870655386
1392900.0,4889.311079373635,4283.414322387503,0.0,0.950484305721913,0.442567364708371
1392960.0,4889.299181765529,4283.426208274376,0.0,0.950484575317256,0.442568742403858
1393020.0,4889.287287639707,4283.43809677969,0.0,0.9504847297536505,0.4425701200893627
1393080.0,4889.27540283963,4283.449992257488,0.0,0.9504845765395454,0.4425714977455542
1393140.0,4889.26351604606,4283.4618862631605,0.0,0.9504844887435908,0.4425728754091928
1393200.0,4889.251623878736,4283.473776260476,0.0,0.9504845780473767,0.4425742530903307
1393260.0,4889.239734979792,4283.4856687115725,0.0,0.9504845593379139,0.44257563076184747
1393320.0,4889.227844739872,4283.497560171944,0.0,0.9504845846423803,0.44257700843834624
1393380.0,4889.215955666723,4283.509452515377,0.0,0.9504845712536099,0.44257838611186734
1393440.0,4889.204064919743,4283.521343620121,0.0,0.9504846128426037,0.44257976379147596
1393500.0,4889.192176578334,4283.533236532688,0.0,0.9504845748982125,0.44258114146411764
1393560.0,4889.1802821518295,4283.54512491595,0.0,0.9504847373149907,0.4425825191572079
1393620.0,4889.168397532797,4283.557020631906,0.0,0.9504845761879617,0.4425838968194499
1393680.0,4889.156510817839,4283.568914799142,0.0,0.9504844838586457,0.44258527448946505
1393740.0,4889.144618451821,4283.580804750663,0.0,0.9504845777780032,0.442586652177863
1393800.0,4889.132729523315,4283.59269728243,0.0,0.9504845581041699,0.44258802985610085
1393860.0,4889.120839184919,4283.604588771938,0.0,0.9504845847180204,0.44258940753954
1393920.0,4889.10895007388,4283.616481189809,0.0,0.9504845706397452,0.44259078521980844
1393980.0,4889.097059202929,4283.628372304616,0.0,0.9504846143793773,0.4425921629064384
1394040.0,4889.085170862078,4283.640265320374,0.0,0.9504845744769437,0.4425935405857045
1394100.0,4889.073276122413,4283.652153572222,0.0,0.9504847452863603,0.4425949182864186
1394160.0,4889.06139169682,4283.664049535596,0.0,0.9504845758376373,0.44259629595467004
1394220.0,4889.049505067581,4283.675943869694,0.0,0.9504844787407535,0.4425976736310378
1394280.0,4889.037612574115,4283.687833828256,0.0,0.9504845749336402,0.4425990513264448
1394340.0,4889.025721317145,4283.69972472769,0.0,0.9504846300257719,0.44260042901901675
1394400.0,4889.013833430524,4283.711618151314,0.0,0.9504845738502439,0.4426018067012533
1394460.0,4889.001936536814,4283.723504862149,0.0,0.9504848144095512,0.442603184413242
1394520.0,4888.990054169023,4283.735402431573,0.0,0.9504845758005536,0.4426045620793584
1394580.0,4888.978168701985,4283.747297702538,0.0,0.9504844390809479,0.44260593975644236
1394640.0,4888.966274978113,4283.759186810208,0.0,0.9504845745616136,0.442607317460183
1394700.0,4888.954382999501,4283.771077238895,0.0,0.9504846521621446,0.4426086951594687
1394760.0,4888.94249576854,4283.7829712209,0.0,0.9504845730700345,0.4426100728440338
1394820.0,4888.930600271728,4283.794859039457,0.0,0.9504847663515974,0.442611450555716
1394880.0,4888.918716419543,4283.806755568433,0.0,0.9504845754026681,0.44261282823097325
1394940.0,4888.9068300853505,4283.818650260046,0.0,0.9504844659880474,0.4426142059152333
1395000.0,4888.894937143286,4283.8305400202225,0.0,0.9504845743945446,0.44261558362090114
1395060.0,4888.883045595847,4283.842430839473,0.0,0.950484636483989,0.44261696132323003
1395120.0,4888.871157846838,4283.8543245029205,0.0,0.9504845731842532,0.44261833901385983
1395180.0,4888.8592599491185,4283.866210600154,0.0,0.9504848442794693,0.44261971673787787
1395240.0,4888.847378420816,4283.878108934085,0.0,0.9504845753926907,0.4426210944101513
1395300.0,4888.835493401269,4283.890004676517,0.0,0.9504844213266134,0.4426224720946407
1395360.0,4888.823599077663,4283.901893472791,0.0,0.9504845740071147,0.4426238498091224
1395420.0,4888.811706721999,4283.913783756541,0.0,0.9504846614616884,0.44262522751843963
1395480.0,4888.799819716826,4283.92567804427,0.0,0.9504845723368354,0.4426266052111158
1395540.0,4888.7879294393215,4283.937569899039,0.0,0.9504845909078905,0.4426279829149921
1395600.0,4888.776040486094,4283.949462754364,0.0,0.9504845655943291,0.4426293606153648
1395660.0,4888.764150356592,4283.961354742177,0.0,0.9504845788603243,0.44263073832021843
1395720.0,4888.7522618824005,4283.973247978621,0.0,0.950484537310077,0.44263211602056046
1395780.0,4888.740370997708,4283.985139424595,0.0,0.9504845750595505,0.44263349372926675
1395840.0,4888.728486160571,4283.997035406154,0.0,0.9504844130364548,0.44263487141979607
1395900.0,4888.716591539105,4284.008924082359,0.0,0.950484573606711,0.4426362491418483
1395960.0,4888.704698987709,4284.020814322416,0.0,0.9504846655813739,0.4426376268584103
1396020.0,4888.692812063271,4284.032708773224,0.0,0.9504845718544604,0.44263900455745014
1396080.0,4888.680921697886,4284.044600664957,0.0,0.9504845913870621,0.44264038226822733
1396140.0,4888.669032725489,4284.056493608632,0.0,0.9504845647679494,0.44264175997528177
1396200.0,4888.657142516413,4284.06838563962,0.0,0.9504845787214303,0.4426431376870092
1396260.0,4888.645254048475,4284.080278983429,0.0,0.9504845350268367,0.44264451539395155
1396320.0,4888.633363045881,4284.092170443902,0.0,0.9504845747286228,0.4426458931096539
1396380.0,4888.621478403618,4284.104066673896,0.0,0.9504844043375232,0.4426472708061821
1396440.0,4888.609583471961,4284.1159552207755,0.0,0.9504845732050454,0.4426486485358429
1396500.0,4888.597690717773,4284.127845411832,0.0,0.9504846699332767,0.44265002625967087
1396560.0,4888.585803803479,4284.1397399726,0.0,0.9504845739395059,0.44265140396527475
1396620.0,4888.573915636934,4284.151633614673,0.0,0.9504845189257525,0.44265278167596606
1396680.0,4888.562024103272,4284.163524746683,0.0,0.9504845748528387,0.44265415939777236
1396740.0,4888.55014153032,4284.175422591575,0.0,0.9504843349166385,0.4426555370921235
1396800.0,4888.538244468883,4284.1873096151985,0.0,0.9504845727413754,0.442656914832979
1396860.0,4888.526350477806,4284.199198950283,0.0,0.950484708976014,0.44265829256515815
1396920.0,4888.514464711981,4284.211094437778,0.0,0.9504845738097948,0.4426596702715171
1396980.0,4888.502577186689,4284.222988627509,0.0,0.9504844963536858,0.4426610479845786
1397040.0,4888.4906849211475,4284.234879280954,0.0,0.950484575130111,0.44266242571312775
1397100.0,4888.478800882217,4284.246776094611,0.0,0.9504843823327025,0.4426638034162825
1397160.0,4888.466905222479,4284.258664233971,0.0,0.950484572637445,0.4426651811570873
1397220.0,4888.455012017731,4284.270554225,0.0,0.9504846816473428,0.44266655889117484
1397280.0,4888.443125394278,4284.282449140073,0.0,0.9504845734757251,0.4426679366046759
1397340.0,4888.431237360927,4284.294343018577,0.0,0.9504845114851199,0.4426693143237666
1397400.0,4888.419345533671,4284.306234067909,0.0,0.9504845745155796,0.44267069205533177
1397460.0,4888.407463805306,4284.318132681134,0.0,0.9504843041328775,0.4426720697558153
1397520.0,4888.395565750525,4284.3300190988675,0.0,0.9504845721467422,0.4426734475086586
1397580.0,4888.383671156926,4284.341908120272,0.0,0.9504847256770708,0.44267482525158025
1397640.0,4888.371785832645,4284.353804074741,0.0,0.9504845733613663,0.442676202965355
1397700.0,4888.359898526891,4284.365698565447,0.0,0.9504844860801083,0.44267758068653945
1397760.0,4888.3480058798705,4284.377589070477,0.0,0.9504845748598575,0.44267895842512617
1397820.0,4888.336122504188,4284.389486516877,0.0,0.9504843575985858,0.44268033613498975
1397880.0,4888.324226033937,4284.401374187015,0.0,0.9504845720614357,0.44268171388719885
1397940.0,4888.312332331416,4284.413263942655,0.0,0.9504846949117756,0.4426830916316939
1398000.0,4888.300446045663,4284.425159247047,0.0,0.9504845730167121,0.4426844693529405
1398060.0,4888.288558172362,4284.437053382033,0.0,0.9504845031638294,0.4426858470803422
1398120.0,4888.276666024215,4284.448944328228,0.0,0.9504845741991446,0.4426872248217508
1398180.0,4888.264781293688,4284.460840830585,0.0,0.9504844003332255,0.4426886025403384
1398240.0,4888.252886083589,4284.4727295107605,0.0,0.9504845719430867,0.4426899802929452
1398300.0,4888.240993086311,4284.48461986178,0.0,0.9504846702424644,0.44269135803960463
1398360.0,4888.229106023364,4284.4965146537725,0.0,0.9504845726908262,0.44269273576773566
1398420.0,4888.217217688091,4284.508408511909,0.0,0.9504845167845775,0.44269411350101817
1398480.0,4888.205325931343,4284.520299818958,0.0,0.9504845736203414,0.4426954912455902
1398540.0,4888.193443280285,4284.5321979482815,0.0,0.9504843297893419,0.44269686896224003
1398600.0,4888.181545906644,4284.544085079674,0.0,0.9504845714759522,0.44269824672614705
1398660.0,4888.16965165315,4284.555974560088,0.0,0.9504847099230652,0.44269962448121686
1398720.0,4888.157765757893,4284.567870293263,0.0,0.9504845725630718,0.4427010022100381
1398780.0,4888.145878074895,4284.579764707326,0.0,0.9504844938501757,0.44270237994565226
1398840.0,4888.133985575102,4284.591655527339,0.0,0.9504845739061774,0.4427037576970001
1398900.0,4888.122101434989,4284.603552607968,0.0,0.9504843779794272,0.44270513542252476
1398960.0,4888.110205486365,4284.615440872646,0.0,0.9504845713743975,0.44270651318630305
1399020.0,4888.09831203257,4284.627331019042,0.0,0.9504846821547157,0.4427078909432351
1399080.0,4888.0864252664815,4284.639226169784,0.0,0.9504845722276412,0.442709268679238
1399140.0,4888.074537067875,4284.6511202668735,0.0,0.9504845092313496,0.4427106464209025
1399200.0,4888.062645014114,4284.663011488567,0.0,0.9504845732857309,0.4427120241752384
1399260.0,4888.05075964845,4284.674907721656,0.0,0.9504844164921294,0.44271340190907393
1399320.0,4888.038864832329,4284.686796901038,0.0,0.9504845712430449,0.4427147796736541
1399380.0,4888.0269720106535,4284.698687588189,0.0,0.9504846598837489,0.4427161574329812
1399440.0,4888.015084611184,4284.71058233429,0.0,0.9504845695512499,0.44271753517543205
1399500.0,4888.003193895657,4284.722474613889,0.0,0.9504845883746269,0.4427189129292249
1399560.0,4887.991304522241,4284.734367907696,0.0,0.9504845627184662,0.4427202906794546
1399620.0,4887.979413956891,4284.746260321967,0.0,0.950484576164866,0.4427216684342153
1399680.0,4887.967525069127,4284.758154001929,0.0,0.9504845340519016,0.4427230461843904
1399740.0,4887.955633738665,4284.77004586672,0.0,0.9504845723136944,0.4427244239430342
1399800.0,4887.943748536903,4284.781942329279,0.0,0.9504844080946744,0.44272580168323356
1399860.0,4887.931853419809,4284.793831386042,0.0,0.950484570842287,0.44272717945538403
1399920.0,4887.919960400659,4284.805722028,0.0,0.9504846640643754,0.4427285572219514
1399980.0,4887.908073083883,4284.817616938521,0.0,0.9504845690674095,0.44272993497074914
1400040.0,4887.896182280178,4284.829509254693,0.0,0.9504845888653719,0.4427313127314335
1400100.0,4887.884292888214,4284.841402637166,0.0,0.9504845618859562,0.4427326904883327
1400160.0,4887.872402243107,4284.853295094307,0.0,0.9504845760291638,0.44273406824995776
1400220.0,4887.860513362559,4284.865188882208,0.0,0.950484531742778,0.44273544600671977
1400280.0,4887.848621913494,4284.877080760799,0.0,0.9504845719833548,0.44273682377235135
1400340.0,4887.836736910096,4284.888977474309,0.0,0.9504843992828409,0.4427382015185278
1400400.0,4887.824841479538,4284.900866399069,0.0,0.9504845704402499,0.44273957929828717
1400460.0,4887.812948255757,4284.912756990451,0.0,0.9504846684803967,0.44274095707211614
1400520.0,4887.801060950139,4284.924652011551,0.0,0.9504845711857951,0.4427423348274642
1400580.0,4887.789172375643,4284.9365461011785,0.0,0.9504845154267577,0.44274371258795264
1400640.0,4887.77728038898,4284.948437646192,0.0,0.9504845721126381,0.4427450903597027
1400700.0,4887.765397483199,4284.960335996199,0.0,0.9504843289240622,0.44274646810360274
1400760.0,4887.753499894911,4284.9722233761695,0.0,0.9504845699736766,0.4427478458946416
1400820.0,4887.741605418258,4284.984113099217,0.0,0.9504847080558438,0.4427492236768674
1400880.0,4887.729719277084,4284.996009059174,0.0,0.9504845710577083,0.4427506014329116
1400940.0,4887.717831353016,4285.007903703386,0.0,0.950484492552083,0.4427519791957331
1401000.0,4887.705938625259,4285.019794762661,0.0,0.950484572397052,0.4427533569742493
1401060.0,4887.694054234411,4285.031692066698,0.0,0.9504843769863895,0.4427547347270088
1401120.0,4887.682158067183,4285.04358057714,0.0,0.9504845698717199,0.4427561125179267
1401180.0,4887.670264387978,4285.055470964548,0.0,0.9504846803600275,0.4427574903020175
1401240.0,4887.658377378269,4285.06736634362,0.0,0.9504845707224919,0.4427588680652326
1401300.0,4887.646488939919,4285.079260671725,0.0,0.9504845078921502,0.4427602458340969
1401360.0,4887.634596656907,4285.091152131731,0.0,0.9504845717775691,0.4427616236156013
1401420.0,4887.622711043766,4285.103048590436,0.0,0.9504844153971642,0.4427630013766584
1401480.0,4887.610816005893,4285.114938013334,0.0,0.9504845697400446,0.44276437916838374
1401540.0,4887.598922957016,4285.126828940192,0.0,0.9504846581469963,0.4427657569548712
1401600.0,4887.587035315572,4285.138723915713,0.0,0.9504845680524857,0.44276713472452556
1401660.0,4887.575144367089,4285.150616430999,0.0,0.9504845868261397,0.4427685125054947
1401720.0,4887.5632547570485,4285.1625099579305,0.0,0.950484561237487,0.442769890282911
1401780.0,4887.55136395831,4285.174402607571,0.0,0.950484574648336,0.442771268064848
1401840.0,4887.539474832577,4285.186296519701,0.0,0.9504845326462528,0.44277264584221226
1401900.0,4887.527583270783,4285.198188621273,0.0,0.9504845708070914,0.4427740236280249
1401960.0,4887.515697820985,4285.210085308971,0.0,0.9504844070207619,0.4427754013954417
1402020.0,4887.50380248285,4285.221974609657,0.0,0.9504845693393387,0.4427767791947297
1402080.0,4887.491909236925,4285.233865491535,0.0,0.9504846623156203,0.44277815698845047
1402140.0,4887.480021677839,4285.2457606311555,0.0,0.9504845675689164,0.442779534764447
1402200.0,4887.468130641308,4285.257653183021,0.0,0.9504845873145846,0.44278091255230156
1402260.0,4887.45624101266,4285.269546798493,0.0,0.9504845604061684,0.4427822903363818
1402320.0,4887.44435013427,4285.281439490991,0.0,0.9504845745119865,0.44278366812517705
1402380.0,4887.432461015623,4285.2933335108855,0.0,0.9504845303422129,0.44278504590912277
1402440.0,4887.4205693354415,4285.305225626325,0.0,0.9504845704766176,0.442786423701917
1402500.0,4887.408684083354,4285.317122564435,0.0,0.950484398231258,0.44278780147530716
1402560.0,4887.396788432496,4285.329011733554,0.0,0.9504845689373576,0.4427891792821963
1402620.0,4887.38489498239,4285.340902565085,0.0,0.9504846667189162,0.4427905570831718
1402680.0,4887.373007434319,4285.3527978151005,0.0,0.950484569680714,0.44279193486571344
1402740.0,4887.361118620809,4285.364692136023,0.0,0.9504845140686367,0.4427933126533844
1402800.0,4887.349226404426,4285.376583918798,0.0,0.9504845706048883,0.44279469045228936
1402860.0,4887.337343244156,4285.388482489307,0.0,0.9504843280577268,0.4427960682234164
1402920.0,4887.325445441388,4285.400370117627,0.0,0.950484568471346,0.4427974460415637
1402980.0,4887.313550741756,4285.412260083097,0.0,0.9504847061891606,0.4427988238509222
1403040.0,4887.301664354879,4285.424156269653,0.0,0.9504845695522949,0.4428002016341658
1403100.0,4887.289776189951,4285.436051143819,0.0,0.950484491253629,0.44280157942417164
1403160.0,4887.277883234416,4285.447942442155,0.0,0.950484570887882,0.4428029572298332
1403220.0,4887.265998593058,4285.4598399694105,0.0,0.9504843759925874,0.44280433500980454
1403280.0,4887.254102207406,4285.471728725404,0.0,0.9504845683689883,0.4428057128278389
1403340.0,4887.242208302975,4285.483619353614,0.0,0.9504846785657342,0.4428070906390654
1403400.0,4887.230321049856,4285.495514960824,0.0,0.9504845692172927,0.44280846842946964
1403460.0,4887.218432371975,4285.5074095197515,0.0,0.9504845065525518,0.4428098462255105
1403520.0,4887.206539859899,4285.519301217867,0.0,0.9504845702693644,0.44281122403416023
1403580.0,4887.194653999511,4285.531197902007,0.0,0.9504844143012456,0.4428126018224158
1403640.0,4887.1827587400585,4285.543087568204,0.0,0.9504845682369901,0.4428139796412632
1403700.0,4887.170865464165,4285.554978734561,0.0,0.9504846564106293,0.44281535745488776
1403760.0,4887.158977580964,4285.566873939309,0.0,0.9504845665536595,0.44281673525172244
1403820.0,4887.147086399723,4285.578766690079,0.0,0.9504845852776796,0.44281811305984453
1403880.0,4887.135196553266,4285.590660449938,0.0,0.9504845597564139,0.4428194908644242
1403940.0,4887.123305521336,4285.602553334744,0.0,0.9504845731317764,0.4428208686735143
1404000.0,4887.111416157839,4285.614447478846,0.0,0.9504845312403726,0.4428222464780444
1404060.0,4887.099524364909,4285.626339816995,0.0,0.9504845693004406,0.442823624291003
1404120.0,4887.087638667299,4285.638236729646,0.0,0.9504844059460538,0.4428250020856139
1404180.0,4887.075743108294,4285.650126274042,0.0,0.9504845678363365,0.44282637991201607
1404240.0,4887.0638496357815,4285.662017395633,0.0,0.9504846605671895,0.4428277577328672
1404300.0,4887.0519618346025,4285.673912764165,0.0,0.9504845660703617,0.4428291355360394
1404360.0,4887.040070565441,4285.68580555152,0.0,0.9504845857638268,0.442830513351041
1404420.0,4887.028180700316,4285.697699399795,0.0,0.9504845589262856,0.4428318911622791
1404480.0,4887.016289588842,4285.70959232745,0.0,0.9504845729947804,0.44283326897822173
1404540.0,4887.0044002323,4285.721486579141,0.0,0.9504845289414126,0.4428346467893283
1404600.0,4886.9925083211965,4285.733378931219,0.0,0.9504845689698336,0.44283602460926225
1404660.0,4886.98062282065,4285.745276093745,0.0,0.9504843971787014,0.4428374024098427
1404720.0,4886.968726949665,4285.757165507005,0.0,0.9504845674344105,0.4428387802438382
1404780.0,4886.956833273416,4285.769056578475,0.0,0.9504846649579506,0.44284015807193694
1404840.0,4886.944945483116,4285.780952057221,0.0,0.950484568175583,0.4428415358816491
1404900.0,4886.933056430806,4285.792846609248,0.0,0.9504845127100208,0.44284291369647943
1404960.0,4886.921163984881,4285.804738629572,0.0,0.9504845690970979,0.442844291522516
1405020.0,4886.909280570389,4285.816637420429,0.0,0.95048432718926,0.4428456693208466
1405080.0,4886.897382553274,4285.828525296862,0.0,0.9504845669689571,0.44284704716607987
1405140.0,4886.885487630824,4285.840415504529,0.0,0.9504847043236057,0.44284842500254806
1405200.0,4886.873600998481,4285.8523119175115,0.0,0.950484568046833,0.4428498028129679
1405260.0,4886.861712592913,4285.864207021444,0.0,0.9504844899545171,0.44285118063013484
1405320.0,4886.849819409779,4285.876098558623,0.0,0.9504845693786759,0.44285255846291866
1405380.0,4886.837934518165,4285.887996308933,0.0,0.9504843749970875,0.44285393627007835
1405440.0,4886.826037914231,4285.899885310241,0.0,0.9504845668662001,0.4428553141152061
1405500.0,4886.814143784746,4285.911776179034,0.0,0.9504846767722801,0.44285669195354516
1405560.0,4886.80225628845,4285.923672014201,0.0,0.9504845677120448,0.4428580697711151
1405620.0,4886.790367371255,4285.935566803762,0.0,0.9504845052123518,0.44285944759430934
1405680.0,4886.778474630301,4285.947458739772,0.0,0.9504845687611205,0.4428608254300813
1405740.0,4886.76659206792,4285.95935830464,0.0,0.9504842961566982,0.4428622032344892
1405800.0,4886.754693050515,4285.971245569044,0.0,0.9504845663734917,0.44286358109170576
1405860.0,4886.742797521671,4285.983135459405,0.0,0.9504847211658731,0.4428649589389013
1405920.0,4886.730911335221,4285.995032342445,0.0,0.950484567598773,0.44286633675669307
1405980.0,4886.719023151792,4286.006927749011,0.0,0.9504844796005967,0.44286771458194507
1406040.0,4886.707129585048,4286.018819135572,0.0,0.9504845691102543,0.4428690924247452
1406100.0,4886.695239292562,4286.030712982971,0.0,0.9504845503577639,0.44287047025788917
1406160.0,4886.6833476567535,4286.042605836721,0.0,0.9504845757206329,0.442871848096024
1406220.0,4886.671457189842,4286.05449957604,0.0,0.9504845623010936,0.44287322593116624
1406280.0,4886.6595650461595,4286.066392073027,0.0,0.9504846039860343,0.4428746037724079
1406340.0,4886.647675312374,4286.078286383031,0.0,0.9504845659542714,0.4428759816066561
1406400.0,4886.635779482711,4286.090176150516,0.0,0.9504847287455387,0.44287735946140505
1406460.0,4886.623893478033,4286.102073271941,0.0,0.950484567247169,0.44287873728521066
1406520.0,4886.6120053737595,4286.1139688400735,0.0,0.9504844747050967,0.44288011511680353
1406580.0,4886.600111608372,4286.1258601802365,0.0,0.9504845688410516,0.44288149296683094
1406640.0,4886.5882212866745,4286.137754108074,0.0,0.9504845491219497,0.4428828708066612
1406700.0,4886.576329552613,4286.149646990578,0.0,0.950484575797245,0.44288424865170245
1406760.0,4886.564439048144,4286.161540804085,0.0,0.9504845616865996,0.44288562649355734
1406820.0,4886.552546780667,4286.173433310698,0.0,0.9504846055271774,0.4428870043417866
1406880.0,4886.540657047849,4286.185327723723,0.0,0.9504845655328203,0.44288838218262416
1406940.0,4886.528760904865,4286.197217358943,0.0,0.950484736736221,0.442889760044965
1407000.0,4886.516875094381,4286.209114728039,0.0,0.9504845668968271,0.4428911378747433
1407060.0,4886.504987076383,4286.221010463049,0.0,0.9504844695761423,0.4428925157126529
1407120.0,4886.493093183719,4286.232901809807,0.0,0.9504845659909211,0.4428938935696554
1407180.0,4886.481200529822,4286.244794100087,0.0,0.950484621210177,0.44289527142380547
1407240.0,4886.469311252313,4286.256688921851,0.0,0.9504845649052021,0.44289664926758593
1407300.0,4886.457412951709,4286.268577011274,0.0,0.9504848060193349,0.4428980271411984
1407360.0,4886.445529202966,4286.280475990767,0.0,0.9504845668601846,0.4428994049687987
1407420.0,4886.4336423495115,4286.292372665053,0.0,0.9504844298253544,0.44290078280739004
1407480.0,4886.421747224513,4286.3042631581375,0.0,0.9504845656185629,0.4429021606727146
1407540.0,4886.409853847953,4286.316154975991,0.0,0.9504846433981655,0.4429035385335619
1407600.0,4886.397965227541,4286.328050357446,0.0,0.9504845641237193,0.4429049163796414
1407660.0,4886.386068326574,4286.33993955751,0.0,0.9504847578512328,0.44290629425291234
1407720.0,4886.374183091058,4286.351837493225,0.0,0.9504845664619087,0.44290767208964427
1407780.0,4886.362295369173,4286.363733586169,0.0,0.9504844567949373,0.4429090499353966
1407840.0,4886.35040102764,4286.375624733335,0.0,0.9504845654516351,0.44291042780261763
1407900.0,4886.3385080832895,4286.387516942572,0.0,0.9504846276844449,0.44291180566648064
1407960.0,4886.3266189441765,4286.399412004234,0.0,0.9504845642387267,0.44291318351860626
1408020.0,4886.314719638295,4286.411299477644,0.0,0.9504848359595692,0.44291456140421104
1408080.0,4886.3028367310835,4286.423199223246,0.0,0.9504845664524357,0.4429159392379137
1408140.0,4886.290950326462,4286.435096369749,0.0,0.9504844120309144,0.4429173170838595
1408200.0,4886.2790546011865,4286.446986549903,0.0,0.9504845650638384,0.4429186949598842
1408260.0,4886.267160847436,4286.458878221774,0.0,0.9504846527202855,0.4429200728307199
1408320.0,4886.2552724537545,4286.470773909221,0.0,0.9504845633898807,0.4429214506848616
1408380.0,4886.243380781945,4286.482667156587,0.0,0.9504845820038795,0.4429228285502303
1408440.0,4886.231490436822,4286.494561407363,0.0,0.9504845566319886,0.4429242064120792
1408500.0,4886.219598913368,4286.5064547880565,0.0,0.9504845699286879,0.44292558427841633
1408560.0,4886.20770904823,4286.518349420956,0.0,0.9504845282826273,0.44292696214022204
1408620.0,4886.195816768324,4286.530242258135,0.0,0.9504845661193181,0.44292834001041137
1408680.0,4886.183930546843,4286.542139643993,0.0,0.9504844037223306,0.44292971786236035
1408740.0,4886.172034523579,4286.554029703258,0.0,0.9504845646633008,0.4429310957459236
1408800.0,4886.160140574147,4286.565921330838,0.0,0.9504846568503446,0.442932473623971
1408860.0,4886.148252261746,4286.577817181368,0.0,0.9504845629071818,0.44293385148444064
1408920.0,4886.136360502299,4286.589710465339,0.0,0.9504845824849606,0.44293522935667606
1408980.0,4886.124470138376,4286.601604804256,0.0,0.9504845558044863,0.4429366072251718
1409040.0,4886.112578535606,4286.613498227782,0.0,0.9504845697902674,0.44293798509834853
1409100.0,4886.100688677134,4286.625392967889,0.0,0.9504845259948798,0.4429393629667195
1409160.0,4886.088796279514,4286.6372858191435,0.0,0.950484565788418,0.44294074084387086
1409220.0,4886.0769102536615,4286.649183453693,0.0,0.9504843950039705,0.44294211870178185
1409280.0,4886.065013920047,4286.6610733827865,0.0,0.9504845642614984,0.4429434965929215
1409340.0,4886.053119767858,4286.672964960753,0.0,0.9504846612132252,0.4429448744782018
1409400.0,4886.041231466025,4286.684860921101,0.0,0.9504845649978312,0.44294625234520046
1409460.0,4886.029341909771,4286.696755960006,0.0,0.9504845098571066,0.44294763021729266
1409520.0,4886.017448980405,4286.708648481529,0.0,0.9504845659134491,0.4429490081005296
1409580.0,4886.005565027833,4286.720547735358,0.0,0.9504843254231714,0.44295038595622066
1409640.0,4885.993666560895,4286.732436136454,0.0,0.9504845637972855,0.4429517638585519
1409700.0,4885.981771169875,4286.744326855652,0.0,0.9504847003466323,0.4429531417521718
1409760.0,4885.969884018837,4286.756223745105,0.0,0.9504845648683479,0.4429545196198913
1409820.0,4885.957995105248,4286.768119332946,0.0,0.9504844872334769,0.4429558974943242
1409880.0,4885.946101442963,4286.780011374204,0.0,0.9504845661918893,0.44295727538428775
1409940.0,4885.934216022045,4286.79190959351,0.0,0.9504843729492582,0.4429586532487743
1410000.0,4885.922318959576,4286.803799113274,0.0,0.9504845636936424,0.44296003115101823
1410060.0,4885.910424356559,4286.815690490009,0.0,0.950484672955403,0.44296140904651565
1410120.0,4885.898536346624,4286.827586805066,0.0,0.9504845645340345,0.4429627869213621
1410180.0,4885.886646924338,4286.839482080463,0.0,0.950484502400373,0.44296416480180567
1410240.0,4885.874753701387,4286.851374518446,0.0,0.9504845655764661,0.4429655426947577
1410300.0,4885.862870595447,4286.863274542215,0.0,0.9504842945694585,0.4429669205565263
1410360.0,4885.850971133931,4286.875162335043,0.0,0.9504845632023345,0.4429682984708083
1410420.0,4885.839075139849,4286.887052739025,0.0,0.9504847170872827,0.44296967637512985
1410480.0,4885.827188431676,4286.8989500961825,0.0,0.9504845644199387,0.4429710542502142
1410540.0,4885.815299738553,4286.910845985248,0.0,0.9504844769372891,0.44297243213272125
1410600.0,4885.8034056946435,4286.922737877037,0.0,0.950484565922065,0.4429738100326795
1410660.0,4885.791520938689,4286.934636730298,0.0,0.9504843481592323,0.44297518790382195
1410720.0,4885.779623064804,4286.94652577886,0.0,0.9504845631173587,0.4429765658174313
1410780.0,4885.767727963662,4286.9584169189,0.0,0.95048468625143,0.44297794372329435
1410840.0,4885.755840292566,4286.970313623784,0.0,0.9504845640750165,0.4429793216058365
1410900.0,4885.743951031151,4286.9822091557835,0.0,0.950484494060936,0.44298069949454305
1410960.0,4885.732057487277,4286.994101489708,0.0,0.9504845652603556,0.44298207739729506
1411020.0,4885.720171374331,4287.005999395871,0.0,0.9504843909929467,0.44298345527715116
1411080.0,4885.708274763111,4287.0178894570845,0.0,0.9504845629992635,0.44298483319112275
1411140.0,4885.6963803687395,4287.02978119392,0.0,0.9504846615257431,0.4429862110991201
1411200.0,4885.684491919329,4287.041677384604,0.0,0.9504845637489057,0.4429875889885308
1411260.0,4885.672602195387,4287.05357263864,0.0,0.9504845077136135,0.4429889668830991
1411320.0,4885.6607090438765,4287.065465334151,0.0,0.9504845646807435,0.4429903447889872
1411380.0,4885.6488250143975,4287.077364871677,0.0,0.9504843202867317,0.4429917226668608
1411440.0,4885.636926236041,4287.089253379301,0.0,0.9504845625315779,0.4429931005921301
1411500.0,4885.6250305834765,4287.10114424269,0.0,0.9504847012985225,0.4429944785085265
1411560.0,4885.613143304112,4287.113041376977,0.0,0.950484563621384,0.4429958563985929
1411620.0,4885.601254233879,4287.124937188244,0.0,0.9504844847267565,0.4429972342954633
1411680.0,4885.589360338263,4287.13682939499,0.0,0.950484564967768,0.4429986122081111
1411740.0,4885.577474817323,4287.148727880487,0.0,0.9504843685884554,0.4429999900948519
1411800.0,4885.56557746679,4287.160617524368,0.0,0.950484562430316,0.4430013680199554
1411860.0,4885.5536826156185,4287.17250905536,0.0,0.9504846734666736,0.443002745938183
1411920.0,4885.541794464139,4287.184405605214,0.0,0.9504845632857067,0.443004123835416
1411980.0,4885.529904877646,4287.196301098277,0.0,0.9504845001439057,0.4430055017383182
1412040.0,4885.518011429122,4287.208193707557,0.0,0.9504845643464183,0.44300687965392654
1412100.0,4885.506124680718,4287.220091342745,0.0,0.9504844071904299,0.44300825754896656
1412160.0,4885.494228464978,4287.231981903675,0.0,0.9504845622991868,0.4430096354748376
1412220.0,4885.482334247321,4287.243873976678,0.0,0.9504846511449092,0.44301101339543103
1412280.0,4885.4704454616,4287.255770120402,0.0,0.9504845606036567,0.4430123912990943
1412340.0,4885.458553353935,4287.267663790401,0.0,0.9504845794706449,0.4430137692141271
1412400.0,4885.446662590824,4287.279558477503,0.0,0.9504845537552485,0.4430151471255804
1412460.0,4885.434770633693,4287.291452282463,0.0,0.9504845672328294,0.4430165250415719
1412520.0,4885.422880357195,4287.30334735674,0.0,0.9504845250225642,0.4430179029529579
1412580.0,4885.410987633668,4287.315240610519,0.0,0.950484563372928,0.44301928087283216
1412640.0,4885.3991010498785,4287.327138475359,0.0,0.9504843987742874,0.44302065877419794
1412700.0,4885.387204533031,4287.339028912842,0.0,0.9504845618982947,0.4430220367076074
1412760.0,4885.375310117947,4287.350920940053,0.0,0.9504846553359898,0.44302341463540795
1412820.0,4885.363421415469,4287.362817248208,0.0,0.95048456011949,0.4430247925453824
1412880.0,4885.351529219869,4287.374710954418,0.0,0.9504845799633133,0.44302617046727266
1412940.0,4885.33963843858,4287.38660572998,0.0,0.9504845529216078,0.4430275483853606
1413000.0,4885.3277464019475,4287.398499577467,0.0,0.950484567097605,0.44302892630818247
1413060.0,4885.31585613308,4287.410394759529,0.0,0.9504845227088949,0.44303030422612033
1413120.0,4885.30396329114,4287.42228802668,0.0,0.9504845630426173,0.4430316821529486
1413180.0,4885.292076906473,4287.434186142734,0.0,0.9504843899427969,0.44303306006025456
1413240.0,4885.2801800759935,4287.446076447362,0.0,0.9504845614961203,0.4430344380012409
1413300.0,4885.268285456314,4287.457968423382,0.0,0.9504846597630656,0.4430358159362701
1413360.0,4885.256396765414,4287.46986484197,0.0,0.9504845622435656,0.44303719385275997
1413420.0,4885.244506803434,4287.481760326301,0.0,0.9504845063556955,0.4430385717743964
1413480.0,4885.232613423204,4287.493653258595,0.0,0.9504845631727271,0.44303994970732485
1413540.0,4885.220729140173,4287.505553015587,0.0,0.9504843194220334,0.44304132761231113
1413600.0,4885.2088301483755,4287.517441770621,0.0,0.9504845610289973,0.4430427055645741
1413660.0,4885.196934273852,4287.5293328754715,0.0,0.9504846994304342,0.4430440835079885
1413720.0,4885.185046749744,4287.541230235341,0.0,0.9504845621157108,0.44304546142513995
1413780.0,4885.173157439622,4287.553126275555,0.0,0.950484483428718,0.44304683934908007
1413840.0,4885.16126331724,4287.565018720387,0.0,0.9504845634583261,0.4430482172887585
1413900.0,4885.149377546734,4287.576917428075,0.0,0.9504843675960302,0.4430495952025967
1413960.0,4885.13747997881,4287.58880731656,0.0,0.950484560927333,0.4430509731547019
1414020.0,4885.1255849034305,4287.600699087389,0.0,0.9504846716711313,0.4430523510999505
1414080.0,4885.1136965095075,4287.612595864369,0.0,0.950484561780248,0.44305372902425805
1414140.0,4885.101806684455,4287.624491587249,0.0,0.9504844988046466,0.44305510695422234
1414200.0,4885.089913007878,4287.636384433661,0.0,0.9504845628379425,0.4430564848968614
1414260.0,4885.078026013169,4287.648282293256,0.0,0.9504844060957991,0.44305786281898535
1414320.0,4885.066129576879,4287.660173096531,0.0,0.9504845607958807,0.4430592407718638
1414380.0,4885.054235133219,4287.672065408065,0.0,0.9504846494074497,0.4430606187194797
1414440.0,4885.042346106704,4287.68396178001,0.0,0.9504845591045938,0.44306199665020884
1414500.0,4885.030453767271,4287.695855684507,0.0,0.9504845779217708,0.4430633745922802
1414560.0,4885.018562768722,4287.707750603542,0.0,0.9504845522740029,0.44306475253078215
1414620.0,4885.0066705793915,4287.719644642681,0.0,0.9504845657159695,0.44306613047381216
1414680.0,4884.994780066107,4287.731539947931,0.0,0.9504845236167793,0.44306750841224957
1414740.0,4884.982887112441,4287.7434334373065,0.0,0.9504845618660134,0.44306888635915503
1414800.0,4884.97100028179,4287.755331526075,0.0,0.9504843977007379,0.4430702642876005
1414860.0,4884.959103545104,4287.76722220631,0.0,0.9504845603950405,0.44307164224800955
1414920.0,4884.947208904443,4287.779114472262,0.0,0.9504846535865666,0.4430730202028256
1414980.0,4884.9353199608395,4287.791011008318,0.0,0.9504845586206976,0.4430743981398612
1415040.0,4884.923427533603,4287.802904949033,0.0,0.9504845784121503,0.44307577608878373
1415100.0,4884.911536516817,4287.814799956402,0.0,0.9504845514415476,0.4430771540339147
1415160.0,4884.899644248093,4287.826694038057,0.0,0.9504845655801012,0.4430785319837689
1415220.0,4884.88775374231,4287.838589450917,0.0,0.9504845213081738,0.44307990992875274
1415280.0,4884.875860670446,4287.8504829537305,0.0,0.9504845615355694,0.4430812878826059
1415340.0,4884.863974038269,4287.862381293175,0.0,0.9504843888914504,0.44308266581698785
1415400.0,4884.852076988692,4287.874271840991,0.0,0.9504845599929218,0.443084043784966
1415460.0,4884.840182143881,4287.886164055981,0.0,0.9504846580009885,0.44308542174700377
1415520.0,4884.8282932117145,4287.898060702289,0.0,0.9504845607381759,0.4430867996905496
1415580.0,4884.816403011908,4287.909956416722,0.0,0.9504845049973656,0.4430881776392308
1415640.0,4884.804509403143,4287.92184958559,0.0,0.950484561664668,0.4430895555991765
1415700.0,4884.792624866812,4287.933749561881,0.0,0.9504843185556717,0.44309093353125195
1415760.0,4884.780725661726,4287.945638564093,0.0,0.9504845595263596,0.44309231151048567
1415820.0,4884.768829565412,4287.957529910184,0.0,0.9504846975633098,0.44309368948089506
1415880.0,4884.756941796793,4287.969427495451,0.0,0.9504845606099891,0.4430950674251082
1415940.0,4884.745052247001,4287.981323764426,0.0,0.9504844821300341,0.44309644537609466
1416000.0,4884.733157898029,4287.993216447128,0.0,0.9504845619488476,0.4430978233427805
1416060.0,4884.721271878208,4288.005115376837,0.0,0.9504843666019933,0.4430992012836924
1416120.0,4884.709374093047,4288.017005509691,0.0,0.9504845594242939,0.44310057926277613
1416180.0,4884.697478793627,4288.028897520137,0.0,0.9504846698765079,0.44310195723502244
1416240.0,4884.685590157486,4288.040794524061,0.0,0.9504845602747408,0.44310333518638095
1416300.0,4884.673700094091,4288.052690476571,0.0,0.9504844974648361,0.44310471314338407
1416360.0,4884.6618061896415,4288.064583559906,0.0,0.9504845613294276,0.4431060911130306
1416420.0,4884.649918948872,4288.076481643736,0.0,0.9504844049998264,0.4431074690622151
1416480.0,4884.638022292194,4288.088372689128,0.0,0.9504845592925191,0.4431088470420778
1416540.0,4884.626127622706,4288.100265238974,0.0,0.9504846476706964,0.443110225016693
1416600.0,4884.61423835562,4288.11216183895,0.0,0.950484557605462,0.44311160297446456
1416660.0,4884.602345784617,4288.124055977743,0.0,0.95048457637299,0.44311298094355117
1416720.0,4884.590454550839,4288.1359511285145,0.0,0.9504845507926294,0.44311435890907863
1416780.0,4884.5785621295045,4288.147845401632,0.0,0.9504845641990983,0.44311573687912403
1416840.0,4884.566671379647,4288.159740937662,0.0,0.950484522210624,0.44311711484458954
1416900.0,4884.554778196032,4288.171634662429,0.0,0.9504845603590545,0.443118492818503
1416960.0,4884.542891118761,4288.183532974954,0.0,0.950484396625854,0.44311987077400483
1417020.0,4884.530994162388,4288.19542389772,0.0,0.950484558891731,0.44312124876139053
1417080.0,4884.519099296326,4288.207316402198,0.0,0.9504846518378359,0.443122626743199
1417140.0,4884.507210111819,4288.219213165971,0.0,0.9504845571218352,0.4431240047072725
1417200.0,4884.495317453142,4288.231107340988,0.0,0.9504845768610857,0.44312538268320434
1417260.0,4884.483426201069,4288.243002579968,0.0,0.9504845499613573,0.4431267606553554
1417320.0,4884.47153370045,4288.25489689559,0.0,0.9504845640625874,0.443128138632219
1417380.0,4884.459642957966,4288.266792539056,0.0,0.950484519907068,0.4431295166042259
1417440.0,4884.447749656365,4288.278686277324,0.0,0.9504845600284775,0.44313089458508087
1417500.0,4884.4358627769225,4288.29058483999,0.0,0.9504843878386684,0.44313227254651544
1417560.0,4884.423965508406,4288.302475630764,0.0,0.9504845584896672,0.4431336505414623
1417620.0,4884.412070438639,4288.314368084504,0.0,0.950484656239716,0.44313502853048553
1417680.0,4884.400181265434,4288.32626495835,0.0,0.9504845592327372,0.443136406501064
1417740.0,4884.388290828017,4288.3381609026965,0.0,0.9504845036384971,0.4431377844767668
1417800.0,4884.376396990905,4288.350054307929,0.0,0.9504845601565683,0.44313916246370627
1417860.0,4884.364512201541,4288.361954503364,0.0,0.9504843176871762,0.4431405404228477
1417920.0,4884.352612783297,4288.373843752513,0.0,0.9504845580236639,0.44314191842902917
1417980.0,4884.340716465356,4288.385735339619,0.0,0.9504846956972989,0.4431432964264105
1418040.0,4884.328828452463,4288.397633150112,0.0,0.9504845591042191,0.44314467439766214
1418100.0,4884.316938663222,4288.409529647661,0.0,0.9504844808306574,0.443146052375672
1418160.0,4884.3050440878405,4288.4214225680225,0.0,0.9504845604393316,0.4431474303693423
1418220.0,4884.293157818951,4288.433321719586,0.0,0.9504843656064086,0.44314880833730497
1418280.0,4884.281259816696,4288.445212096575,0.0,0.9504845579211986,0.44315018634334447
1418340.0,4884.269364293411,4288.45710434642,0.0,0.9504846680826494,0.4431515643425655
1418400.0,4884.257475415278,4288.469001577106,0.0,0.9504845587691848,0.443152942320952
1418460.0,4884.245585113757,4288.480897759056,0.0,0.9504844961244505,0.44315432030497065
1418520.0,4884.233690981618,4288.492791079099,0.0,0.9504845598208733,0.44315569830160145
1418580.0,4884.221803495028,4288.504689386989,0.0,0.9504844039025526,0.4431570762778232
1418640.0,4884.209906618123,4288.516580674276,0.0,0.9504845577891021,0.4431584542846471
1418700.0,4884.198011722985,4288.528473462222,0.0,0.9504846459345839,0.4431598322862386
1418760.0,4884.186122215555,4288.54037029005,0.0,0.9504845561062617,0.44316121027102956
1418820.0,4884.174229413176,4288.552264662935,0.0,0.9504845748242878,0.4431625882671083
1418880.0,4884.162337944377,4288.564160045248,0.0,0.9504845493111356,0.44316396625963805
1418940.0,4884.150445291237,4288.576054552137,0.0,0.9504845626822118,0.4431653442566757
1419000.0,4884.138554305015,4288.587950318756,0.0,0.9504845208041245,0.44316672224914605
1419060.0,4884.126660891643,4288.599844278705,0.0,0.9504845588520505,0.44316810025004444
1419120.0,4884.114773567992,4288.611742814812,0.0,0.9504843955496631,0.44316947823257924
1419180.0,4884.1028763921,4288.623633979878,0.0,0.950484557388366,0.44317085624691815
1419240.0,4884.090981300816,4288.635526722669,0.0,0.9504846500897209,0.44317223425569596
1419300.0,4884.07909187563,4288.647423713972,0.0,0.9504845556229059,0.44317361224678403
1419360.0,4884.067198985707,4288.659318123091,0.0,0.9504845753100903,0.44317499024970197
1419420.0,4884.055307498553,4288.671213593482,0.0,0.9504845484810514,0.44317636824885
1419480.0,4884.043414766235,4288.683108142868,0.0,0.9504845625450553,0.44317774625269984
1419540.0,4884.031523787262,4288.695004016747,0.0,0.9504845185056435,0.4431791242517064
1419600.0,4884.019630256117,4288.70689799026,0.0,0.9504845585213403,0.44318050225953987
1419660.0,4884.007743129648,4288.718796775971,0.0,0.9504843867846537,0.44318188024800365
1419720.0,4883.995845642352,4288.730687809478,0.0,0.9504845569863577,0.44318325826989585
1419780.0,4883.98395034781,4288.742580501758,0.0,0.9504846544789526,0.4431846362858814
1419840.0,4883.972060933782,4288.754477602952,0.0,0.9504845577272486,0.44318601428346904
1419900.0,4883.960170258964,4288.766373777017,0.0,0.950484502279265,0.4431873922861702
1419960.0,4883.948276193693,4288.7782674184045,0.0,0.9504845586484245,0.4431887703000804
1420020.0,4883.93639115154,4288.790167832811,0.0,0.9504843168173351,0.44319014828626435
1420080.0,4883.924491520297,4288.802057328665,0.0,0.9504845565209128,0.4431915263193707
1420140.0,4883.912594980905,4288.813949156572,0.0,0.9504846938319437,0.4431929043437007
1420200.0,4883.900706723964,4288.825847192106,0.0,0.9504845575984,0.4431942823419674
1420260.0,4883.888816695484,4288.837743918037,0.0,0.9504844795308509,0.4431956603469772
1420320.0,4883.876921893881,4288.84963707585,0.0,0.9504845589297737,0.4431970383676087
1420380.0,4883.86503537616,4288.861536449092,0.0,0.9504843646097723,0.44319841636259877
1420440.0,4883.853137156985,4288.873427069998,0.0,0.9504845564180485,0.44319979439557083
1420500.0,4883.8412414100185,4288.885319559032,0.0,0.9504846662892381,0.4432011724217435
1420560.0,4883.829352290117,4288.897217016288,0.0,0.9504845572635785,0.44320255042713447
1420620.0,4883.817461750681,4288.909113427485,0.0,0.9504844947836806,0.44320392843814554
1420680.0,4883.805567391039,4288.921006984032,0.0,0.9504845583122752,0.4432053064617377
1420740.0,4883.793683200601,4288.932908172249,0.0,0.9504842857942953,0.4432066844539439
1420800.0,4883.781782570381,4288.944797055356,0.0,0.9504845559253574,0.4432080624989816
1420860.0,4883.769885425547,4288.956688565345,0.0,0.9504847106685814,0.44320944053398614
1420920.0,4883.757997614474,4288.968587070623,0.0,0.950484557150203,0.4432108185395704
1420980.0,4883.746107808317,4288.980484098808,0.0,0.9504844691799952,0.4432121965526113
1421040.0,4883.734212623849,4288.992377105455,0.0,0.950484558661157,0.4432135745832061
1421100.0,4883.722320710642,4289.004272573821,0.0,0.9504845399146009,0.44321495260413496
1421160.0,4883.710427455388,4289.016167048127,0.0,0.9504845652693911,0.44321633063005234
1421220.0,4883.698535367979,4289.028062408294,0.0,0.9504845518540893,0.4432177086529709
1421280.0,4883.686641605387,4289.039956525615,0.0,0.9504845935257829,0.4432190866819867
1421340.0,4883.674750250495,4289.051852456601,0.0,0.9504845555060608,0.4432204647040012
1421400.0,4883.662852805412,4289.063743843297,0.0,0.9504847182456743,0.44322184274651927
1421460.0,4883.650965176239,4289.075642586681,0.0,0.9504845567985016,0.44322322075807674
1421520.0,4883.6390754494605,4289.087539776125,0.0,0.9504844642857624,0.44322459877741804
1421580.0,4883.627180066825,4289.099432735983,0.0,0.9504845583918323,0.44322597681519976
1421640.0,4883.615288124726,4289.111328284447,0.0,0.950484538678956,0.44322735484277453
1421700.0,4883.603394771605,4289.123222787146,0.0,0.9504845653457772,0.44322873287555814
1421760.0,4883.591502646969,4289.1351182211565,0.0,0.950484551239577,0.443230110905149
1421820.0,4883.579608760989,4289.147012347737,0.0,0.9504845950662622,0.44323148894111214
1421880.0,4883.567717407355,4289.158908381411,0.0,0.9504845550845338,0.4432328669696755
1421940.0,4883.55581964953,4289.170799635419,0.0,0.9504847262337369,0.44323424501974545
1422000.0,4883.543932214664,4289.182698626197,0.0,0.9504845564480625,0.4432356230372347
1422060.0,4883.5320425743785,4289.194595982215,0.0,0.9504844591581231,0.443237001062852
1422120.0,4883.520147064873,4289.206488948302,0.0,0.9504845555423967,0.44323837910756886
1422180.0,4883.508252793039,4289.218382858208,0.0,0.9504846107441333,0.44323975714942476
1422240.0,4883.496361894484,4289.230279300532,0.0,0.9504845544569752,0.4432411351809036
1422300.0,4883.484461981231,4289.242169007916,0.0,0.9504847954947524,0.44324251324222164
1422360.0,4883.472576606395,4289.254069609454,0.0,0.9504845564112917,0.44324389125750313
1422420.0,4883.460688129768,4289.265967904853,0.0,0.9504844194198752,0.44324526928377384
1422480.0,4883.448791389266,4289.277860016701,0.0,0.9504845551700175,0.4432466473367879
1422540.0,4883.436896395635,4289.289753453756,0.0,0.9504846329249401,0.44324802538531544
1422600.0,4883.425006153769,4289.3016504557345,0.0,0.9504845536756013,0.4432494034190655
1422660.0,4883.413107639044,4289.313541273947,0.0,0.9504847473417456,0.4432507814800147
1422720.0,4883.401220779004,4289.325440831067,0.0,0.9504845560130027,0.4432521595044033
1422780.0,4883.389331434945,4289.3373385446575,0.0,0.9504844463807935,0.4432535375378092
1422840.0,4883.37743547738,4289.349231310586,0.0,0.9504845550030033,0.44325491559269165
1422900.0,4883.3655409157545,4289.3611251389275,0.0,0.9504846172160231,0.4432562936442072
1422960.0,4883.353650155858,4289.373021820745,0.0,0.9504845537904337,0.44325767168397723
1423020.0,4883.341749238657,4289.384910911395,0.0,0.9504848254249819,0.4432590497572353
1423080.0,4883.3298647049605,4289.396812278828,0.0,0.9504845560033931,0.44326042777856395
1423140.0,4883.317976677138,4289.408711046125,0.0,0.9504844016309315,0.4432618058121344
1423200.0,4883.306079337314,4289.420602844435,0.0,0.9504845546151908,0.44326318387579555
1423260.0,4883.294183967236,4289.432496134963,0.0,0.9504846422437035,0.44326456193425806
1423320.0,4883.282293952277,4289.444393442552,0.0,0.9504845529417193,0.44326593997601615
1423380.0,4883.270400662263,4289.456288309101,0.0,0.9504845715497706,0.4432673180290015
1423440.0,4883.258508697737,4289.468184179397,0.0,0.9504845461859305,0.44326869607846064
1423500.0,4883.246615556005,4289.480079179243,0.0,0.9504845594783765,0.4432700741324052
1423560.0,4883.234724071087,4289.49197543172,0.0,0.9504845178455276,0.4432714521818112
1423620.0,4883.222830173665,4289.503869887764,0.0,0.9504845556701719,0.4432728302396004
1423680.0,4883.210942329109,4289.515768894138,0.0,0.9504843933247373,0.44327420827913344
1423740.0,4883.199044691858,4289.527660571145,0.0,0.9504845542145708,0.44327558635029335
1423800.0,4883.187149126571,4289.539553816995,0.0,0.9504846463723231,0.44327696441592757
1423860.0,4883.1752591931145,4289.551451287362,0.0,0.9504845524589625,0.44327834246397313
1423920.0,4883.163365815841,4289.563346190161,0.0,0.9504845720305076,0.44327972052378484
1423980.0,4883.151473832826,4289.575242148261,0.0,0.9504845453584713,0.44328109857985076
1424040.0,4883.139580612147,4289.587137190584,0.0,0.9504845593397958,0.443282476640595
1424100.0,4883.127689134183,4289.59903354994,0.0,0.9504845155582533,0.44328385469652587
1424160.0,4883.115795119455,4289.610928019694,0.0,0.9504845553391686,0.44328523276123677
1424220.0,4883.103907470644,4289.6228272744875,0.0,0.950484384608753,0.44328661080669113
1424280.0,4883.092009523622,4289.6347188209,0.0,0.9504845538126862,0.4432879888853876
1424340.0,4883.080113756058,4289.646612016746,0.0,0.9504846507336682,0.44328936695821464
1424400.0,4883.068223833451,4289.658509596602,0.0,0.9504845545487388,0.44329074501274884
1424460.0,4883.056332657632,4289.670406254607,0.0,0.9504844994254886,0.44329212307237187
1424520.0,4883.044438111842,4289.682300394262,0.0,0.95048455546402,0.44329350114314253
1424580.0,4883.032552534586,4289.694201268695,0.0,0.9504843150499755,0.4432948791863469
1424640.0,4883.020652456414,4289.706091286291,0.0,0.9504845533484813,0.44329625727621125
1424700.0,4883.008755451361,4289.717983622798,0.0,0.9504846898545236,0.4432976353573529
1424760.0,4882.996866678681,4289.729882131863,0.0,0.9504845544191574,0.4432990134125791
1424820.0,4882.9849761451305,4289.741779338764,0.0,0.9504844768088692,0.44330039147451494
1424880.0,4882.973080867293,4289.753672997728,0.0,0.9504845557422328,0.4433017695519863
1424940.0,4882.961193823236,4289.76557283702,0.0,0.9504843625607694,0.44330314760396333
1425000.0,4882.949295148429,4289.777463973456,0.0,0.9504845532447315,0.4433045256937113
1425060.0,4882.937398930844,4289.789356967502,0.0,0.9504846624718288,0.4433059037767024
1425120.0,4882.925509300258,4289.801254901708,0.0,0.9504845540848105,0.4433072818390303
1425180.0,4882.913618258676,4289.813151795803,0.0,0.9504844919708115,0.4433086599069507
1425240.0,4882.901723419964,4289.825045851392,0.0,0.9504845551268656,0.44331003798738305
1425300.0,4882.88983868895,4289.836947495564,0.0,0.9504842842056376,0.44331141603660995
1425360.0,4882.877937617508,4289.848836904168,0.0,0.9504845527534398,0.4433127941383727
1425420.0,4882.866040010341,4289.860728924849,0.0,0.950484706589616,0.4433141722301632
1425480.0,4882.854151680507,4289.8726279013035,0.0,0.9504845539706118,0.44331555029270014
1425540.0,4882.842261367609,4289.884525409051,0.0,0.9504844665156144,0.443316928362656
1425600.0,4882.830365708893,4289.896418917995,0.0,0.9504845554722168,0.44331830645006876
1425660.0,4882.81847932958,4289.908319390991,0.0,0.9504843377781518,0.4433196845086469
1425720.0,4882.806579844488,4289.920210055548,0.0,0.9504845526683512,0.4433210626097077
1425780.0,4882.7946831296285,4289.932102812316,0.0,0.9504846757634636,0.4433224407030114
1425840.0,4882.78279383796,4289.944001136005,0.0,0.9504845536256596,0.4433238187729805
1425900.0,4882.770902957491,4289.955898286306,0.0,0.9504844836337232,0.4433251968491098
1425960.0,4882.759007798543,4289.967792237303,0.0,0.9504845548105774,0.44332657493928856
1426020.0,4882.7471200636855,4289.9796917626,0.0,0.9504843805982129,0.4433279530065554
1426080.0,4882.735221840292,4289.991583439949,0.0,0.9504845525501543,0.44332933110794986
1426140.0,4882.723325831743,4290.00347679349,0.0,0.9504846510455112,0.44333070920335993
1426200.0,4882.711435762677,4290.015374602539,0.0,0.9504845532995131,0.443332087280172
1426260.0,4882.699544420306,4290.027271474526,0.0,0.9504844972819126,0.44333346536213686
1426320.0,4882.687649653553,4290.039165787002,0.0,0.9504845542310103,0.4433348434554246
1426380.0,4882.675764000448,4290.051066944014,0.0,0.9504843099141278,0.4433362215206772
1426440.0,4882.663863612111,4290.062957066938,0.0,0.9504845520824772,0.44333759963334546
1426500.0,4882.651966346726,4290.074849546455,0.0,0.9504846908055968,0.44333897773712955
1426560.0,4882.640077446822,4290.086748299218,0.0,0.9504845531718927,0.4433403558145687
1426620.0,4882.628186757753,4290.098645728399,0.0,0.9504844743021579,0.44334173389880766
1426680.0,4882.616291247776,4290.110539551675,0.0,0.9504845545178054,0.44334311199882903
1426740.0,4882.604404104776,4290.122439656031,0.0,0.9504843582003824,0.4433444900729257
1426800.0,4882.592505143141,4290.134330915395,0.0,0.9504845519811082,0.4433458681853991
1426860.0,4882.580608678606,4290.1462240625215,0.0,0.9504846629823955,0.4433472462909862
1426920.0,4882.568718907588,4290.158122230385,0.0,0.9504845528361824,0.44334862437556616
1426980.0,4882.55682770293,4290.170019340994,0.0,0.9504844897143379,0.44335000246581097
1427040.0,4882.544932639832,4290.181913566711,0.0,0.9504845538965119,0.4433513805687651
1427100.0,4882.533044270689,4290.193812820189,0.0,0.9504843967902005,0.4433527586511361
1427160.0,4882.521146442996,4290.205704996701,0.0,0.9504845518498821,0.4433541367643487
1427220.0,4882.509250611589,4290.217598685797,0.0,0.9504846406674445,0.4433555148722737
1427280.0,4882.497360207109,4290.229496447129,0.0,0.9504845501548423,0.44335689296325786
1427340.0,4882.485466483793,4290.241391733754,0.0,0.9504845690158378,0.4433582710656119
1427400.0,4882.473574103821,4290.253288037833,0.0,0.950484543308553,0.4433596491643799
1427460.0,4882.461680530961,4290.2651834593935,0.0,0.9504845567818488,0.44336102726768384
1427520.0,4882.4497886372155,4290.277080150709,0.0,0.9504845145848928,0.44336240536637483
1427580.0,4882.437894298735,4290.288975020798,0.0,0.9504845529231222,0.44336378347355365
1427640.0,4882.426006094369,4290.300874503632,0.0,0.950484388376326,0.4433651615622081
1427700.0,4882.414107966133,4290.312766556281,0.0,0.9504845514489073,0.44336653968291917
1427760.0,4882.4022119377705,4290.324660199195,0.0,0.9504846448571459,0.4433679177980113
1427820.0,4882.390321616756,4290.336558124652,0.0,0.9504845496706165,0.44336929589526625
1427880.0,4882.378427805878,4290.348453447135,0.0,0.9504845695081743,0.4433706740044375
1427940.0,4882.366535408038,4290.360349839336,0.0,0.9504845424749502,0.44337205210979985
1428000.0,4882.354641756044,4290.37224530307,0.0,0.9504845566464675,0.44337343021989367
1428060.0,4882.3427498702185,4290.384142101839,0.0,0.9504845122716764,0.44337480832509624
1428120.0,4882.330855413726,4290.3960369849365,0.0,0.9504845525927085,0.44337618643918897
1428180.0,4882.318967408599,4290.407936718715,0.0,0.9504843795472047,0.4433775645337429
1428240.0,4882.307068967311,4290.419828638084,0.0,0.9504845510466506,0.4433789426619909
1428300.0,4882.295172734829,4290.431722229415,0.0,0.9504846492827999,0.44338032078427164
1428360.0,4882.28328242568,4290.443620264981,0.0,0.9504845517938155,0.4433816988880017
1428420.0,4882.271390846669,4290.455517365875,0.0,0.9504844959234513,0.4433830769968736
1428480.0,4882.259495852576,4290.46741191374,0.0,0.9504845527226399,0.4433844551170405
1428540.0,4882.247609947347,4290.479313288835,0.0,0.9504843090482501,0.44338583320924463
1428600.0,4882.235709346927,4290.491203657772,0.0,0.9504845505795353,0.44338721134874565
1428660.0,4882.223811860953,4290.503096377353,0.0,0.9504846889376877,0.44338858947938664
1428720.0,4882.211922717719,4290.514995354313,0.0,0.9504845516658627,0.4433899675837495
1428780.0,4882.200031790165,4290.526893011056,0.0,0.9504844730034235,0.4433913456948972
1428840.0,4882.188136054794,4290.538787071024,0.0,0.9504845530080132,0.44339272382178824
1428900.0,4882.1762486636535,4290.550687396191,0.0,0.9504843572067597,0.44339410192282114
1428960.0,4882.164349485982,4290.562578898756,0.0,0.9504845504777644,0.4433954800621351
1429020.0,4882.152452798608,4290.574472284323,0.0,0.9504846611869944,0.44339685819458213
1429080.0,4882.140562786555,4290.586370677926,0.0,0.9504845513303668,0.44339823630607555
1429140.0,4882.12867134474,4290.598268016968,0.0,0.9504844883744412,0.4433996144232213
1429200.0,4882.116776054964,4290.610162478424,0.0,0.9504845523876846,0.44340099255304516
1429260.0,4882.104887440941,4290.6220619549285,0.0,0.9504843956944538,0.4434023706623389
1429320.0,4882.092989394057,4290.633954372385,0.0,0.9504845503462153,0.44340374880239786
1429380.0,4882.08109333802,4290.645848298616,0.0,0.9504846389300513,0.44340512693718426
1429440.0,4882.069202694152,4290.657746286783,0.0,0.9504845486554114,0.4434065050550732
1429500.0,4882.0573087404555,4290.6696418065185,0.0,0.9504845674666839,0.4434078831843047
1429560.0,4882.0454161264415,4290.6815383411395,0.0,0.9504845418269072,0.4434092613099605
1429620.0,4882.033522322772,4290.693433995489,0.0,0.9504845552646526,0.44341063944014175
1429680.0,4882.021630193642,4290.705330916388,0.0,0.9504845131785765,0.4434120175657231
1429740.0,4882.009735626404,4290.717226020682,0.0,0.950484551415852,0.4434133956997721
1429800.0,4881.99784717659,4290.729125726059,0.0,0.9504843873019062,0.4434147738153451
1429860.0,4881.985948829882,4290.741018020066,0.0,0.9504845499452932,0.44341615196289463
1429920.0,4881.974052577319,4290.752911900329,0.0,0.9504846431076519,0.44341753010484125
1429980.0,4881.962162016582,4290.764810052301,0.0,0.9504845481714583,0.44341890822899627
1430040.0,4881.950267975457,4290.7767056079,0.0,0.9504845679567092,0.44342028636503894
1430100.0,4881.938375343516,4290.788602230517,0.0,0.9504845409945019,0.44342166449728354
1430160.0,4881.9264814608205,4290.800497927027,0.0,0.9504845551286206,0.4434230426342488
1430220.0,4881.914589339477,4290.812394955206,0.0,0.9504845108704746,0.44342442076633637
1430280.0,4881.902694654444,4290.824290072571,0.0,0.9504845510853047,0.44342579890729283
1430340.0,4881.890806403219,4290.8361900283535,0.0,0.9504843784950077,0.4434271770287615
1430400.0,4881.878907744201,4290.848082189514,0.0,0.9504845495430924,0.44342855518384006
1430460.0,4881.867011287968,4290.8599760184225,0.0,0.9504846475205802,0.4434299333329682
1430520.0,4881.855120738956,4290.871874280318,0.0,0.9504845502880681,0.4434313114635932
1430580.0,4881.843228923517,4290.883771609923,0.0,0.9504844945646098,0.44343268959934873
1430640.0,4881.831333702276,4290.89566639297,0.0,0.9504845512142254,0.4434340677463715
1430700.0,4881.819447545167,4290.907567985979,0.0,0.9504843081809452,0.44343544586550365
1430760.0,4881.807546732816,4290.919458600701,0.0,0.9504845490765378,0.4434368240318144
1430820.0,4881.795649026429,4290.931351560134,0.0,0.9504846870703858,0.44343820218928925
1430880.0,4881.783759640088,4290.9432507611,0.0,0.9504845501597828,0.4434395803205527
1430940.0,4881.771868474259,4290.955148645211,0.0,0.9504844717043375,0.4434409584585857
1431000.0,4881.759972513687,4290.9670429416665,0.0,0.9504845514981766,0.4434423366123231
1431060.0,4881.748084874631,4290.978943487459,0.0,0.9504843562123076,0.44344371474026884
1431120.0,4881.736185481096,4290.99083523301,0.0,0.9504845489743664,0.44344509290640055
1431180.0,4881.7242885710675,4291.002728856807,0.0,0.9504846593920298,0.44344647106568436
1431240.0,4881.712398318195,4291.01462747596,0.0,0.9504845498245014,0.44344784920406777
1431300.0,4881.700506639431,4291.026525043239,0.0,0.9504844870341851,0.4434492273480913
1431360.0,4881.688611123169,4291.038419740228,0.0,0.9504845508788128,0.4434506055047615
1431420.0,4881.6767222644885,4291.050319439575,0.0,0.9504843945979371,0.44345198364095484
1431480.0,4881.664823998594,4291.062212097763,0.0,0.9504845488424942,0.44345336180783684
1431540.0,4881.652927718109,4291.074106260918,0.0,0.9504846371930985,0.4434547399694616
1431600.0,4881.641036835074,4291.086004475727,0.0,0.9504845471559168,0.4434561181142322
1431660.0,4881.629142651195,4291.09790022837,0.0,0.950484565917577,0.4434574962703179
1431720.0,4881.617249803342,4291.109796993334,0.0,0.9504845403451582,0.4434588744228381
1431780.0,4881.605355769059,4291.121692880268,0.0,0.9504845537474319,0.4434602525798735
1431840.0,4881.593463404748,4291.133590030557,0.0,0.9504845117719863,0.443461630732322
1431900.0,4881.58156860895,4291.145485368852,0.0,0.9504845499085366,0.4434630088932179
1431960.0,4881.569679913928,4291.157385296598,0.0,0.9504843862262231,0.4434643870356861
1432020.0,4881.557781348909,4291.1692778317365,0.0,0.9504845484416237,0.44346576521005104
1432080.0,4881.545884872323,4291.181171949134,0.0,0.9504846413587884,0.4434671433788289
1432140.0,4881.533994072085,4291.193070327432,0.0,0.9504845466722325,0.4434685215298606
1432200.0,4881.522099800906,4291.204966115941,0.0,0.950484566405324,0.44346989969275136
1432260.0,4881.510206935069,4291.216862968777,0.0,0.9504845395139327,0.44347127785185475
1432320.0,4881.498312821867,4291.228758897864,0.0,0.9504845536107593,0.4434726560156681
1432380.0,4881.486420465219,4291.2406561552625,0.0,0.9504845094689203,0.44347403417461745
1432440.0,4881.4745255518355,4291.252551506691,0.0,0.9504845495778564,0.4434754123424147
1432500.0,4881.462637054756,4291.264451684305,0.0,0.9504843774414813,0.443476790490775
1432560.0,4881.450738178166,4291.276344087033,0.0,0.9504845480394782,0.44347816867266115
1432620.0,4881.438841498356,4291.288238153303,0.0,0.9504846457591238,0.44347954684861374
1432680.0,4881.426950709706,4291.300136641348,0.0,0.9504845487822712,0.4434809250061102
1432740.0,4881.415058658051,4291.312034199475,0.0,0.9504844932053306,0.44348230316872633
1432800.0,4881.403163209847,4291.323929217495,0.0,0.9504845497057687,0.4434836813425821
1432860.0,4881.391276801115,4291.335831028252,0.0,0.9504843073118696,0.4434850594886191
1432920.0,4881.37937577698,4291.347721888524,0.0,0.950484547573483,0.44348643768171647
1432980.0,4881.367477850344,4291.359615087585,0.0,0.9504846852041691,0.4434878158660021
1433040.0,4881.35558822113,4291.371514512387,0.0,0.950484548653655,0.44348919402414305
1433100.0,4881.343696817248,4291.38341262368,0.0,0.9504844704045045,0.44349057218903837
1433160.0,4881.3318006316495,4291.395307156402,0.0,0.9504845499883045,0.4434919503695991
1433220.0,4881.319912744934,4291.407207922656,0.0,0.9504843552161601,0.4434933285244345
1433280.0,4881.308013135684,4291.419099910957,0.0,0.9504845474709117,0.4434947067173608
1433340.0,4881.29611600317,4291.430993772764,0.0,0.9504846575979351,0.44349608490345815
1433400.0,4881.284225509706,4291.442892617287,0.0,0.9504845483185868,0.4434974630687084
1433460.0,4881.272333594211,4291.454790412612,0.0,0.9504844856934467,0.44349884123958644
1433520.0,4881.260437851648,4291.466685344922,0.0,0.9504845493698997,0.44350021942308004
1433580.0,4881.2485487485455,4291.478585266932,0.0,0.9504843935003153,0.4435015975861496
1433640.0,4881.236650263805,4291.490478165627,0.0,0.9504845473387189,0.44350297577983167
1433700.0,4881.224753759058,4291.502372565495,0.0,0.9504846354565769,0.4435043539682714
1433760.0,4881.21286263707,4291.514271006757,0.0,0.9504845456563593,0.4435057321399
1433820.0,4881.2009682232065,4291.526166992101,0.0,0.9504845643685087,0.44350711032281676
1433880.0,4881.189075141725,4291.538063987218,0.0,0.9504845388633097,0.44350848850217806
1433940.0,4881.177180877027,4291.549960106536,0.0,0.9504845522301842,0.4435098666860446
1434000.0,4881.165288277744,4291.56185748602,0.0,0.9504845103651486,0.44351124486533683
1434060.0,4881.153393253577,4291.573753058111,0.0,0.9504845484011738,0.44351262305305655
1434120.0,4881.141504313573,4291.585653208042,0.0,0.9504843851496898,0.4435140012223968
1434180.0,4881.129605530416,4291.597545984098,0.0,0.9504845469379004,0.443515379423554
1434240.0,4881.117708829995,4291.609440338422,0.0,0.9504846396102686,0.4435167576191401
1434300.0,4881.105817790472,4291.621338942855,0.0,0.9504845451729461,0.4435181357970253
1434360.0,4881.093923289439,4291.633234964074,0.0,0.9504845648539589,0.44351951398674105
1434420.0,4881.082030189912,4291.645132046933,0.0,0.9504845380332743,0.4435208921726802
1434480.0,4881.070135846402,4291.657028208394,0.0,0.9504845520928653,0.44352227036331887
1434540.0,4881.0582432546535,4291.668925694809,0.0,0.9504845080671623,0.4435236485491068
1434600.0,4881.046348113116,4291.680821280098,0.0,0.9504845480703603,0.44352502674372146
1434660.0,4881.034459370408,4291.692721679358,0.0,0.9504843763871593,0.44352640491894996
1434720.0,4881.022560276423,4291.704614323439,0.0,0.95048454653581,0.4435277831276206
1434780.0,4881.010663373222,4291.716508626861,0.0,0.9504846439980267,0.4435291613303744
1434840.0,4880.998772345145,4291.728407340859,0.0,0.9504845472764242,0.4435305395147192
1434900.0,4880.986880057484,4291.740305127312,0.0,0.9504844918456925,0.44353191770417255
1434960.0,4880.974984382507,4291.752200380101,0.0,0.9504845481972672,0.4435332959048377
1435020.0,4880.963097722396,4291.764102408434,0.0,0.9504843064414003,0.4435346740777562
1435080.0,4880.951196486631,4291.775993514024,0.0,0.9504845460703724,0.4435360522976173
1435140.0,4880.939298339922,4291.787886952497,0.0,0.9504846833386109,0.4435374305086905
1435200.0,4880.927408468058,4291.799786600942,0.0,0.9504845471474779,0.44353880869368545
1435260.0,4880.915516826338,4291.811684939225,0.0,0.9504844691042036,0.4435401868854195
1435320.0,4880.903620415902,4291.823579708008,0.0,0.9504845484783913,0.44354156509278025
1435380.0,4880.891732281765,4291.835480694548,0.0,0.9504843542187896,0.4435429432744818
1435440.0,4880.879832456963,4291.847372925372,0.0,0.950484545967402,0.44354432149417955
1435500.0,4880.867935102144,4291.8592670249745,0.0,0.9504846558044573,0.4435456997070673
1435560.0,4880.856044368316,4291.871166094679,0.0,0.9504845468126232,0.44354707789916115
1435620.0,4880.844152216306,4291.883064117862,0.0,0.950484484352134,0.44354845609687027
1435680.0,4880.832256247624,4291.894959285281,0.0,0.9504845478609475,0.4435498343071641
1435740.0,4880.820370438838,4291.906862087229,0.0,0.9504842754276949,0.44355121248604956
1435800.0,4880.808468205407,4291.918752579339,0.0,0.9504845454747266,0.4435525907177895
1435860.0,4880.796569454204,4291.930645699277,0.0,0.9504847001697991,0.4435539689394843
1435920.0,4880.784680028194,4291.942545817157,0.0,0.9504845466991454,0.4435553471317423
1435980.0,4880.772788608986,4291.954444457319,0.0,0.9504844587561991,0.4435567253314531
1436040.0,4880.7608918164315,4291.966339074379,0.0,0.9504845482095848,0.4435581035487238
1436100.0,4880.7489982921625,4291.978236154057,0.0,0.9504845294688193,0.44355948175631876
1436160.0,4880.73710342711,4291.990132239257,0.0,0.9504845548157257,0.4435608599688999
1436220.0,4880.725209728865,4292.0020292106165,0.0,0.9504845414045585,0.4435622381784759
1436280.0,4880.713314357007,4292.013924938611,0.0,0.9504845830633293,0.4435636163941471
1436340.0,4880.701421390667,4292.025822480928,0.0,0.9504845450553528,0.443564994602809
1436400.0,4880.689522339778,4292.037715477151,0.0,0.9504847077445441,0.44356637283197753
1436460.0,4880.6776330958,4292.04961583286,0.0,0.9504845463473474,0.44356775103016804
1436520.0,4880.665741756193,4292.061514633973,0.0,0.9504844538632395,0.44356912923613884
1436580.0,4880.6538447659395,4292.073409203861,0.0,0.9504845479401387,0.4435705074605565
1436640.0,4880.641951213101,4292.0853063632985,0.0,0.9504845282333424,0.443571885674757
1436700.0,4880.630056250564,4292.097202476531,0.0,0.950484554891887,0.4435732638941642
1436760.0,4880.6181625154195,4292.1090995213945,0.0,0.950484540790028,0.4435746421103722
1436820.0,4880.606267020581,4292.120995258281,0.0,0.9504845846031432,0.4435760203329507
1436880.0,4880.594374055795,4292.132892902955,0.0,0.9504845446337494,0.4435773985481214
1436940.0,4880.582474692743,4292.144785766068,0.0,0.9504847157300523,0.44357877678480195
1437000.0,4880.570585643195,4292.156686368903,0.0,0.9504845459968111,0.44358015498888376
1437060.0,4880.558694390298,4292.168585336287,0.0,0.9504844487368918,0.44358153320109023
1437120.0,4880.546797273583,4292.180479912032,0.0,0.9504845450913794,0.443582911432403
1437180.0,4880.534901393454,4292.192375431896,0.0,0.9504846002761012,0.44358428966084623
1437240.0,4880.52300888353,4292.204273485131,0.0,0.9504845440062462,0.4435856678789048
1437300.0,4880.511107367216,4292.216164800771,0.0,0.9504847849698252,0.4435870461268099
1437360.0,4880.499220376012,4292.228067014742,0.0,0.9504845459599155,0.4435884243286536
1437420.0,4880.487330285907,4292.239966921625,0.0,0.9504844090106277,0.4435898025414845
1437480.0,4880.475431939517,4292.251860642552,0.0,0.9504845447189777,0.4435911807810694
1437540.0,4880.463535338447,4292.263755689137,0.0,0.9504846224499285,0.44359255901615824
1437600.0,4880.451643484803,4292.275654301995,0.0,0.9504845432249759,0.44359393723646007
1437660.0,4880.439743365918,4292.287546728659,0.0,0.9504847368315256,0.44359531548396886
1437720.0,4880.427854891067,4292.299447897564,0.0,0.9504845455616122,0.4435966936948948
1437780.0,4880.415963934523,4292.3113472221685,0.0,0.9504844359630795,0.4435980719148355
1437840.0,4880.40406637055,4292.323241597182,0.0,0.9504845445518781,0.4435994501562606
1437900.0,4880.392170201286,4292.335137034955,0.0,0.9504846067457173,0.44360082839431003
1437960.0,4880.380277830284,4292.3470353272805,0.0,0.950484543339636,0.4436022066206056
1438020.0,4880.368375311332,4292.358926025456,0.0,0.9504848148906493,0.44360358488039836
1438080.0,4880.356489160888,4292.37082900513,0.0,0.9504845455518687,0.4436049630882341
1438140.0,4880.34459951957,4292.382729383599,0.0,0.9504843912268393,0.4436063413083104
1438200.0,4880.332700574799,4292.3946227903725,0.0,0.9504845441640477,0.4436077195584896
1438260.0,4880.320803598018,4292.406517689879,0.0,0.9504846317656079,0.44360909780346036
1438320.0,4880.308911971466,4292.418416607971,0.0,0.9504845424910451,0.4436104760317159
1438380.0,4880.297017072894,4292.430313084043,0.0,0.9504845610933602,0.44361185427119915
1438440.0,4880.285123498627,4292.442210564205,0.0,0.9504845357372829,0.4436132325071497
1438500.0,4880.273228748267,4292.454107173542,0.0,0.9504845490256278,0.4436146107475829
1438560.0,4880.261335653236,4292.4660050359535,0.0,0.9504845074055149,0.44361598898347054
1438620.0,4880.249440147946,4292.477901101199,0.0,0.9504845452185459,0.44361736722774087
1438680.0,4880.237550690025,4292.4898017184705,0.0,0.9504843829228414,0.44361874545373914
1438740.0,4880.225651448393,4292.501695003522,0.0,0.9504845437633457,0.443620123711377
1438800.0,4880.213754276876,4292.513589857964,0.0,0.9504846358927472,0.44362150196347944
1438860.0,4880.201862732047,4292.525488938526,0.0,0.950484542008232,0.443622880197982
1438920.0,4880.18996774659,4292.537385450489,0.0,0.9504845615737425,0.44362425844425135
1438980.0,4880.178074154145,4292.549283018121,0.0,0.9504845349098744,0.4436256366867682
1439040.0,4880.166179325206,4292.561179669584,0.0,0.9504845488868838,0.44362701493396084
1439100.0,4880.154286237419,4292.573077638545,0.0,0.9504845051187425,0.4436283931763331
1439160.0,4880.142390615218,4292.584973717134,0.0,0.9504845448874392,0.4436297714274851
1439220.0,4880.130501353158,4292.59687458255,0.0,0.9504843742093225,0.4436311496593639
1439280.0,4880.118601802331,4292.608767736585,0.0,0.9504845433613797,0.4436325279244986
1439340.0,4880.106704429016,4292.620662540632,0.0,0.9504846402525764,0.4436339061837537
1439400.0,4880.094812895322,4292.632561730361,0.0,0.9504845440971605,0.4436352844247047
1439460.0,4880.082920109612,4292.644459997821,0.0,0.9504844889908244,0.4436366626707397
1439520.0,4880.071023957034,4292.6563557459385,0.0,0.9504845450121149,0.4436380409279251
1439580.0,4880.059136764825,4292.668258231371,0.0,0.9504843046719014,0.44363941915752386
1439640.0,4880.047235084997,4292.680149855757,0.0,0.9504845428971808,0.44364079743380264
1439700.0,4880.035336475525,4292.692043799889,0.0,0.9504846793612166,0.44364217570134745
1439760.0,4880.023446090894,4292.703943918937,0.0,0.9504845439674822,0.44364355394296184
1439820.0,4880.011553947059,4292.715842735256,0.0,0.9504844663810681,0.4436449321912818
1439880.0,4879.999657063305,4292.727738002248,0.0,0.950484545290104,0.4436463104551421
1439940.0,4879.987768405817,4292.739639451905,0.0,0.9504843521680832,0.4436476886934905
1440000.0,4879.975868128271,4292.7515321953215,0.0,0.9504845427933266,0.443649066969624
