t,Tpos,Tpro,Tneg,o2,test
0,1000.0,1000.0,0.0,0.5,0.0
60,198.96966068997162,241.40217351905818,0.0,1.091136303841764,0.005265953865998949
120,179.31657490839797,220.91182129719087,0.0,1.0933886134724191,0.008527457021626727
180,168.64393468299693,209.64854589417752,0.0,1.0937824826149118,0.01082097457912746
240,161.3268500322792,201.86647859523416,0.0,1.0940428821231312,0.012454871459213184
300,155.71989074163633,195.86829245107842,0.0,1.0942398402317481,0.013615099064296778
360,151.12576730888367,190.93004796967884,0.0,1.094400019326789,0.014427771127028428
420,147.18819973087216,186.68003106250958,0.0,1.094536665850422,0.014982637028878542
480,143.70311961698403,182.90449422060348,0.0,1.0946572557633374,0.015345148912311746
540,140.5443531453574,179.47085258586264,0.0,1.094766348043403,0.015563714938474443
600,137.6295611798861,176.29235510799262,0.0,1.0948668956485959,0.015674448715792006
660,134.9028201317631,173.30995850926826,0.0,1.0949609218873562,0.01570444771462136
720,132.32499612223927,170.4822818129273,0.0,1.0950497979373826,0.01567411971665827
780,129.86804935127225,167.77964648030542,0.0,1.0951345232129737,0.015598875255562666
840,127.51150879649416,165.18037813811637,0.0,1.0952158276303,0.015490369913683695
900,125.24018883431067,162.66840519459524,0.0,1.0952942495967162,0.015357429926934799
960,123.0426683128068,160.23165545760796,0.0,1.0953701635450537,0.015206742559409132
1020,120.91025029156476,157.86095683110358,0.0,1.0954439079487293,0.01504337365070627
1080,118.836222976561,155.5492544341166,0.0,1.0955156884491972,0.014871164336767191
1140,116.81535318184518,153.29107278276905,0.0,1.0955857354487943,0.014693018642317666
1200,114.84350368993873,151.0821085054859,0.0,1.095654139657493,0.014511132059994726
1260,112.91735466533368,148.91893329191703,0.0,1.0957210218989737,0.01432716389988231
1320,111.03420917130181,146.79878579756232,0.0,1.0957865330414251,0.014142362344371303
1380,109.19184227984427,144.7194100108426,0.0,1.0958506652362265,0.013957663030183327
1440,107.3883852245396,142.678931000317,0.0,1.0959135296612372,0.013773765871868198
1500,105.62224720935839,140.6757704941247,0.0,1.095975167626484,0.01359118944660839
1560,103.89204695940322,138.70857351297474,0.0,1.0960356234780637,0.01341031618990731
1620,102.19657114474957,136.77616294014533,0.0,1.0960949566460454,0.013231423557579777
1680,100.53473320021187,134.87749554557448,0.0,1.096153170774938,0.01305471040415057
1740,98.90555056765547,133.01163681785886,0.0,1.096210305630495,0.012880315240125834
1800,97.3081194564895,131.17773420473506,0.0,1.0962664159331041,0.012708331477746611
1860,95.74160365394843,129.37500440850087,0.0,1.0963214977828415,0.012538817755075269
1920,94.20522029432472,127.60271816974968,0.0,1.0963755927939614,0.012371807065002438
1980,92.69822787605263,125.8601878338398,0.0,1.0964287238554946,0.012207312809751427
2040,91.21992450078542,124.146764610847,0.0,1.0964809045558543,0.012045333582596986
2100,89.7696400157768,122.46183044026158,0.0,1.0965321651325057,0.011885857161157164
2160,88.34673078006612,120.80479254059176,0.0,1.0965825146194785,0.011728863125084208
2220,86.95057758571213,119.17508100041178,0.0,1.0966319793532382,0.011574325282163244
2280,85.58058214232933,117.57214519664431,0.0,1.096680582047291,0.011422213201331717
2340,84.23616446802878,115.99545116306174,0.0,1.0967283363684515,0.011272493516738542
2400,82.91676376137441,114.44448219685225,0.0,1.0967752596349976,0.011125130405107101
2460,81.62183674493461,112.91873715160683,0.0,1.0968213702100658,0.010980086493449753
2520,80.35085444119323,111.41772737372932,0.0,1.0968666850748416,0.010837323819780793
2580,79.10330155172609,109.94097609632864,0.0,1.0969112199651032,0.010696804124814375
2640,77.87867643208403,108.48801839177061,0.0,1.096954990585455,0.010558488975741373
2700,76.67649066016205,107.05840075592594,0.0,1.096998012489224,0.010422339954889632
2760,75.49626820756988,105.65168033614484,0.0,1.0970403007147378,0.010288318907150408
2820,74.33754513425279,104.26742465529723,0.0,1.097081869915088,0.010156388008965633
2880,73.19986886962057,102.90521095942289,0.0,1.0971227343993948,0.010026509938139572
2940,72.08279783464914,101.56462589482845,0.0,1.0971629081650702,0.009898647922241115
3000,70.98590133020511,100.2452654143776,0.0,1.0972024048722233,0.009772765747034238
3060,69.90875880777234,98.946734148456,0.0,1.0972412378775656,0.009648827857166378
3120,68.85095978074895,97.66864534843921,0.0,1.0972794202225804,0.009526799317561823
3180,67.81210351813984,96.41062063046697,0.0,1.0973169646560783,0.009406645830826845
3240,66.79179895743498,95.17228990318279,0.0,1.0973538836310224,0.009288333742775785
3300,65.78966403562562,93.95329082135697,0.0,1.0973901893285931,0.00917183004943843
3360,64.8053256634835,92.75326876465645,0.0,1.0974258936546955,0.009057102395751939
3420,63.83841931432615,91.57187650353815,0.0,1.097461008253612,0.008944119073530274
3480,62.888589099165564,90.40877426955609,0.0,1.0974955445086043,0.008832848990442685
3540,61.95548725563055,89.2636293340869,0.0,1.097529513552763,0.008723261686806478
3600,61.0387742169501,88.13611607538918,0.0,1.097562926268162,0.008615327298546535
3660,60.13811817291197,87.02591561732561,0.0,1.0975957933018472,0.008509016566660924
3720,59.25319496913378,85.93271575246997,0.0,1.0976281250653244,0.008404300817850542
3780,58.38368781430243,84.85621070303102,0.0,1.097659931742136,0.008301151959464723
3840,57.52928713923012,83.79610101183762,0.0,1.0976912232963159,0.008199542464237253
3900,56.6896904555921,82.75209342414905,0.0,1.0977220094744102,0.00809944535564176
3960,55.86460200511259,81.72390060861844,0.0,1.097752299815521,0.008000834206167571
4020,55.053732884862605,80.71124125788225,0.0,1.0977821036478035,0.007903683106333563
4080,54.25680054490079,79.71383968304002,0.0,1.0978114301037496,0.0078079666716766825
4140,53.47352891754981,78.73142591623467,0.0,1.0978402881159197,0.007713660019375366
4200,52.70364807320142,77.7637354357108,0.0,1.0978686864273064,0.007620738759237383
4260,51.94689414233169,76.81050909770094,0.0,1.097896633593754,0.007529178987389229
4320,51.20300914924415,75.87149300310911,0.0,1.0979241379888214,0.007438957272723772
4380,50.47174084407081,74.94643836155066,0.0,1.0979512078087152,0.007350050645530237
4440,49.75284258879222,74.03510139390788,0.0,1.09797785107581,0.007262436593128717
4500,49.046073184845135,73.13724319646528,0.0,1.098004075643668,0.007176093042440658
4560,48.35119682077026,72.25262969134097,0.0,1.0980298891986768,0.007090998356159616
4620,47.667982745894236,71.38103136895984,0.0,1.0980552992696935,0.0070071313172244045
4680,46.996205348735835,70.5222233421553,0.0,1.0980803132257997,0.006924471124016567
4740,46.33564403957141,69.67598524927293,0.0,1.0981049382798198,0.006842997380815988
4800,45.686082847545045,68.84210093536893,0.0,1.098129181500172,0.006762690081678232
4860,45.047310650774264,68.0203586235069,0.0,1.0981530498042735,0.006683529613351599
4920,44.41912095023128,67.2105507335703,0.0,1.098176549965215,0.00660549674229055
4980,43.801311556504324,66.41247363479533,0.0,1.0981996886209315,0.006528572595631211
5040,43.193684808856084,65.62592780504718,0.0,1.0982224722680165,0.006452738674259981
5100,42.59604727766687,64.85071759650607,0.0,1.098244907270428,0.006377976831019399
5160,42.008209598631645,64.08665110164408,0.0,1.0982669998643972,0.0063042692580836885
5220,41.42998661275875,63.33354025160657,0.0,1.0982887561545238,0.0062315984992030605
5280,40.86119703894885,62.591200558900425,0.0,1.0983101821233512,0.006159947423872124
5340,40.30166341902863,61.8594510676231,0.0,1.0983312836330812,0.006089299223721517
5400,39.75121222526577,61.138114430728926,0.0,1.098352066422545,0.006019637418063378
5460,39.20967347000164,60.42701659993794,0.0,1.0983725361186758,0.005950945828910538
5520,38.676880767449376,59.725986867949,0.0,1.0983926982348027,0.0058832085830722
5580,38.152671398090284,59.03485791340781,0.0,1.0984125581688582,0.0058164101138700125
5640,37.636885900315676,58.353465475273175,0.0,1.0984321212153987,0.005750535136354136
5700,37.129368199948786,57.68164844867238,0.0,1.098451392561912,0.005685568653039042
5760,36.62996561654535,57.019248883808196,0.0,1.098470377288728,0.005621495954380829
5820,36.138528511027076,56.36611170497887,0.0,1.0984890803793945,0.0055583025936239774
5880,35.6549104125634,55.72208480383152,0.0,1.0985075067170684,0.005495974395349887
5940,35.178967984183465,55.087019006821414,0.0,1.098525661085612,0.005434497453285547
6000,34.71056074125961,54.46076784916381,0.0,1.0985435481779027,0.005373858108413686
6060,34.24955116000318,53.84318765444942,0.0,1.0985611725927522,0.005314042957333087
6120,33.79580461070608,53.23413747711079,0.0,1.0985785388369422,0.005255038846888397
6180,33.34918913873389,52.63347892401946,0.0,1.0985956513317294,0.005196832858041175
6240,32.90957556030648,52.041076225781175,0.0,1.098612514410109,0.005139412311995508
6300,32.47683736526058,51.456796154784335,0.0,1.0986291323197481,0.005082764762814633
6360,32.050850551856186,50.88050788869911,0.0,1.098645509227926,0.0050268779858639425
6420,31.631493716396385,50.31208307788033,0.0,1.0986616492189605,0.004971739982893269
6480,31.218647921892277,49.75139573584065,0.0,1.0986775562981526,0.004917338972552312
6540,30.812196588585255,49.19832214719675,0.0,1.0986932343950848,0.004863663382313385
6600,30.412025574023698,48.65274092778128,0.0,1.098708687361325,0.004810701853705917
6660,30.01802300786128,48.11453288774555,0.0,1.0987239189753728,0.004758443229926328
6720,29.630079240886207,47.58358098644744,0.0,1.0987389329442316,0.004706876551779373
6780,29.248086910348096,47.05977038128177,0.0,1.0987537329015393,0.004655991062324299
6840,28.87194074385233,46.54298826528515,0.0,1.0987683224134361,0.004605776191942511
6900,28.501537566955957,46.03312386943547,0.0,1.098782704978404,0.004556221558678853
6960,28.136776346753003,45.53006849467557,0.0,1.098796884026026,0.00450731697092848
7020,27.77755797803698,45.03371533413085,0.0,1.0988108629233992,0.0044590524117312695
7080,27.423785340533485,44.54395951629724,0.0,1.098824644973489,0.004411418042421594
7140,27.075363302685275,44.060698104996646,0.0,1.0988382334150673,0.004364404202375208
7200,26.73219853823138,43.583829945714825,0.0,1.0988516314282308,0.00431800139566186
7260,26.394199582817862,43.113255708812375,0.0,1.0988648421327671,0.004272200294564603
7320,26.061276821962952,42.648877876589424,0.0,1.0988778685885612,0.0042269917384051975
7380,25.733342334431395,42.19060061121975,0.0,1.0988907138003228,0.004182366721763996
7440,25.410309946755373,41.738329796629415,0.0,1.0989033807160065,0.004138316398152566
7500,25.092095204576797,41.29197301193541,0.0,1.0989158722277168,0.004094832077651576
7560,24.778615244409924,40.85143942242236,0.0,1.0989281911755897,0.004051905216990835
7620,24.46978884440565,40.41663981875346,0.0,1.0989403403463218,0.004009527423119233
7680,24.165536378922774,39.98748657651602,0.0,1.098952322474574,0.0039676904495260104
7740,23.865779719304612,39.56389357091425,0.0,1.0989641402459922,0.003926386188537542
7800,23.570442279943222,39.14577621255387,0.0,1.0989757962958675,0.0038856066744629436
7860,23.279448955963513,38.733051392797776,0.0,1.0989872932110496,0.003845344078670996
7920,22.992726053250045,38.325637422645464,0.0,1.0989986335320936,0.0038055907041185345
7980,22.7102013292668,37.92345406448307,0.0,1.099009819752071,0.0037663389880643414
8040,22.431803913585263,37.52642246292054,0.0,1.099020854319002,0.0037275814958827418
8100,22.157464267460476,37.13446510839916,0.0,1.0990317396371136,0.003689310917768449
8160,21.887114218160896,36.74750586410938,0.0,1.0990424780658343,0.003651520071099808
8220,21.620686862904297,36.36546988222518,0.0,1.0990530719227396,0.0036142018928768988
8280,21.358116558064317,35.988283592653474,0.0,1.099063523483912,0.00357734943867963
8340,21.099338947207148,35.61587472460316,0.0,1.0990738349831308,0.003540955884593796
8400,20.84429084718811,35.24817220791097,0.0,1.0990840086153475,0.0035050145182774235
8460,20.59291027029621,34.88510618960472,0.0,1.0990940465360546,0.003469518740434354
8520,20.345136431564406,34.52660803811079,0.0,1.0991039508610938,0.0034344620651433145
8580,20.100909644613118,34.172610252488845,0.0,1.09911372366985,0.003399838111687708
8640,19.86017135032991,33.82304648485235,0.0,1.0991233670044125,0.003365640606519898
8700,19.62286411239189,33.47785153481293,0.0,1.0991328828697386,0.0033318633827121454
8760,19.388931528123045,33.1369612709083,0.0,1.099142273236399,0.003298500372896906
8820,19.15831825600423,32.80031265253591,0.0,1.0991515400397684,0.0032655456111779467
8880,18.9309700027858,32.46784371716893,0.0,1.0991606851804463,0.0032329932319504475
8940,18.70683344878744,32.13949351395194,0.0,1.099169710526564,0.003200837463902989
9000,18.485856273983593,31.815202124657553,0.0,1.0991786179130167,0.0031690726318678924
9060,18.267987136455194,31.494910643361244,0.0,1.099187409142146,0.003137693154964823
9120,18.053175612383377,31.17856112270503,0.0,1.0991960859856038,0.0031066935417220394
9180,17.841372223663146,30.86609659630912,0.0,1.0992046501835322,0.003076068392075105
9240,17.63252840231832,30.557461046222574,0.0,1.0992131034456782,0.003045812394402245
9300,17.426596442999934,30.2525993599646,0.0,1.0992214474528745,0.0030159203216203676
9360,17.22352952336997,29.951457346775793,0.0,1.0992296838564388,0.0029863870326231495
9420,17.023281697735108,29.653981730586565,0.0,1.099237814278395,0.0029572074716152706
9480,16.82580781312157,29.36012007509706,0.0,1.0992458403140692,0.002928376661337546
9540,16.631063544261977,29.06982081293073,0.0,1.0992537635310433,0.0028998897056607305
9600,16.439005408037673,28.783033257072947,0.0,1.0992615854687282,0.0028717417905904027
9660,16.249590655834773,28.49970750464534,0.0,1.099269307641702,0.0028439281755623185
9720,16.06277731734584,28.21979447413793,0.0,1.0992769315383835,0.002816444196771337
9780,15.878524212113557,27.943245914481643,0.0,1.0992844586206942,0.002789285267969789
9840,15.69679086347795,27.670014327437915,0.0,1.0992918903267368,0.0027624468734281805
9900,15.517537519157628,27.400052984600638,0.0,1.0992992280701792,0.0027359245694474343
9960,15.340725157424059,27.13331593175546,0.0,1.0993064732400821,0.0027097139847331855
10020,15.166315445013424,26.869757950149644,0.0,1.0993136272022208,0.0026838108168663255
10080,14.994270714403488,26.609334535038048,0.0,1.09932069129981,0.0026582108303382598
10140,14.824553980466453,26.352001909437597,0.0,1.0993276668530056,0.002632909857776433
10200,14.657128922948008,26.09771700733212,0.0,1.0993345551594673,0.0026079037984018073
10260,14.491959837944542,25.846437429058195,0.0,1.0993413574958784,0.0025831886139645664
10320,14.329011660222848,25.598121460233788,0.0,1.099348075117273,0.002558760330439416
10380,14.168249963297619,25.35272807080187,0.0,1.0993547092570448,0.0025346150379186036
10440,14.009640893694165,25.11021685479397,0.0,1.0993612611290189,0.0025107488851312675
10500,13.853151196647257,24.870548052415877,0.0,1.099367731926662,0.0024871580814252105
10560,13.698748227471755,24.633682559404303,0.0,1.0993741228227587,0.002463838897597652
10620,13.546399877666481,24.399581859135218,0.0,1.099380434971707,0.0024407876597154657
10680,13.396074603438066,24.168208047462727,0.0,1.099386669508662,0.0024180007513500304
10740,13.24774142872476,23.9395238346254,0.0,1.0993928275494314,0.002395474613734966
10800,13.101369899199186,23.713492502407853,0.0,1.0993989101919546,0.002373205741854652
10860,12.956930082242621,23.490077903207702,0.0,1.0994049185163104,0.002351190684342369
10920,12.814392575076972,23.26924446662071,0.0,1.099410853584496,0.002329426044063864
10980,12.673728482254813,23.050957177967593,0.0,1.0994167164411341,0.0023079084761471265
11040,12.534909390813187,22.835181554663297,0.0,1.099422508114244,0.0022866346858153594
11100,12.397907384143348,22.621883658123533,0.0,1.0994282296148221,0.002265601429456216
11160,12.262695034696304,22.411030086265377,0.0,1.099433881937049,0.0022448055139241236
11220,12.129245363953109,22.202587935830433,0.0,1.0994394660596571,0.002224243793092404
11280,11.997531859087445,21.996524816946803,0.0,1.09944498294536,0.002203913169165737
11340,11.867528475997215,21.79280885520072,0.0,1.0994504335409157,0.0021838105928553013
11400,11.739209590595616,21.59140864580613,0.0,1.099455818778414,0.0021639330591859264
11460,11.612550016813552,21.39229326950412,0.0,1.099461139574909,0.0021442776089317275
11520,11.487525013563868,21.195432298364604,0.0,1.0994663968318583,0.002124841329133083
11580,11.364110237551364,21.000795751171296,0.0,1.0994715914371347,0.0021056213490112524
11640,11.242281757791025,20.808354106217926,0.0,1.0994767242642605,0.002086614841123191
11700,11.122016057252962,20.618078302178702,0.0,1.099481796172777,0.0020678190214290424
11760,11.003290007909753,20.429939714127357,0.0,1.099486808008659,0.002049231147088842
11820,10.886080862475257,20.243910145142124,0.0,1.0994917606045964,0.002030848515683158
11880,10.770366261964089,20.059961832799722,0.0,1.099496654779665,0.0020126684657960797
11940,10.656124224291444,19.87806743784237,0.0,1.099501491339658,0.0019946883759673155
12000,10.54333312137531,19.698200021915476,0.0,1.0995062710783339,0.001976905662642313
12060,10.431971690760005,19.520333057983965,0.0,1.0995109947767023,0.0019593177811159618
12120,10.322019033777956,19.34444042796752,0.0,1.0995156632035081,0.0019419222253048928
12180,10.213454579053197,19.170496387755133,0.0,1.0995202771155377,0.0019247165245343191
12240,10.106258098220684,18.99847558139883,0.0,1.099524837257813,0.0019076982448262736
12300,10.000409710651617,18.828353045018527,0.0,1.0995293443630418,0.0018908649892470564
12360,9.89588985487109,18.660104179192576,0.0,1.0995337991528182,0.0018742143953680754
12420,9.79267928225644,18.493704742414774,0.0,1.0995382023378222,0.0018577441346560987
12480,9.69075906309897,18.32913085626846,0.0,1.0995425546175874,0.001841451912937091
12540,9.590110598453066,18.166359016268547,0.0,1.0995468566808975,0.0018253354713824784
12600,9.49071556597021,18.00536603959146,0.0,1.0995511092060009,0.0018093925817034386
12660,9.39255594817623,17.84612909157552,0.0,1.0995553128608373,0.0017936210485733793
12720,9.29561402932192,17.688625682281796,0.0,1.099559468301958,0.0017780187093047082
12780,9.199872383428392,17.532833654512523,0.0,1.0995635761753815,0.0017625834327393136
12840,9.105313853433943,17.37873116326103,0.0,1.0995676371184357,0.0017473131173515461
12900,9.01192156259314,17.22629668621766,0.0,1.0995716517580152,0.0017322056922054515
12960,8.919678925049157,17.075509033579472,0.0,1.0995756207141887,0.0017172591178499681
13020,8.828569601288892,16.926347304506795,0.0,1.0995795445951797,0.0017024713823051438
13080,8.738577518684252,16.778790906554963,0.0,1.099583424001068,0.001687840502842107
13140,8.649686866422552,16.632819550345385,0.0,1.0995872595210874,0.0016733645254853882
13200,8.561882094501115,16.48841324816459,0.0,1.0995910517321343,0.0016590415248765398
13260,8.475147886806116,16.345552287402665,0.0,1.0995948012067862,0.0016448696018214503
13320,8.389469174646116,16.204217243266427,0.0,1.099598508506654,0.0016308468844533016
13380,8.304831141530626,16.06438898305964,0.0,1.0996021741933295,0.0016169715286202598
13440,8.221219196775747,15.926048640036738,0.0,1.0996057988154144,0.0016032417154694732
13500,8.138618978451857,15.78917761587499,0.0,1.0996093829135085,0.0015896556516678173
13560,8.057016354901343,15.653757581770309,0.0,1.0996129270186552,0.0015762115694961467
13620,7.976397429294391,15.519770482547608,0.0,1.099616431636797,0.0015629077272221632
13680,7.896748507945298,15.387198505187083,0.0,1.0996198972845495,0.0015497424061907052
13740,7.818056116476282,15.256024094316876,0.0,1.0996233244620857,0.0015367139122463508
13800,7.740306999542305,15.12622995163168,0.0,1.0996267136840896,0.0015238205756744072
13860,7.663488108101669,14.997799022968234,0.0,1.0996300654577762,0.0015110607500012385
13920,7.5875865906313145,14.870714489279324,0.0,1.0996333802712173,0.0014984328111546713
13980,7.512589798382776,14.744959771487597,0.0,1.099636658613058,0.0014859351579064519
14040,7.438485292242415,14.620518536998807,0.0,1.099639900890081,0.0014735662124692932
14100,7.365260811963867,14.497374668799631,0.0,1.0996431075751192,0.001461324417634028
14160,7.292904291283719,14.375512280160393,0.0,1.0996462791019426,0.0014492082381236152
14220,7.221403854854389,14.254915711289339,0.0,1.0996494159488466,0.0014372161602787075
14280,7.150747814450098,14.135569525240362,0.0,1.0996525186377755,0.00142534669167378
14340,7.080924653683992,14.017458492349741,0.0,1.0996555876064575,0.001413598359671709
14400,7.011923035699891,13.900567597611756,0.0,1.0996586233344787,0.001401969712101161
14460,6.943731808050774,13.78488204529936,0.0,1.0996616260547727,0.001390459317679925
14520,6.876339980089109,13.670387235996419,0.0,1.0996645961781326,0.0013790657638827945
14580,6.809736730238027,13.557068773603918,0.0,1.0996675340556858,0.0013677876575856043
14640,6.743911404865384,13.444912463938698,0.0,1.0996704401157498,0.0013566236249308418
14700,6.678853519383876,13.333904315577994,0.0,1.0996733151034246,0.0013455723114014762
14760,6.614552739406277,13.224030520581206,0.0,1.09967615938575,0.0013346323800291027
14820,6.550998890191413,13.115277463749075,0.0,1.0996789735153363,0.001323802512247843
14880,6.488181957779608,13.007631723544637,0.0,1.099681757416524,0.0013130814079759551
14940,6.426092076826404,12.901080059497197,0.0,1.099684511215146,0.0013024677844425694
15000,6.364719528412826,12.79560940972969,0.0,1.0996872351646947,0.001291960375953998
15060,6.304054742103375,12.69120689280215,0.0,1.0996899294814955,0.0012815579340607387
15120,6.24408829946205,12.587859811072354,0.0,1.099692595921022,0.0012712592278659345
15180,6.184810914312775,12.485555630321944,0.0,1.099695234662231,0.0012610630421286335
15240,6.126213442411891,12.384281989389818,0.0,1.0996978466039695,0.001250968178154876
15300,6.068286881237607,12.284026699754534,0.0,1.0997004307918585,0.0012409734537555271
15360,6.011022363226791,12.184777738375804,0.0,1.0997029859364282,0.00123107770257692
15420,5.954411147428359,12.086523238911376,0.0,1.099705512511669,0.0012212797732804154
15480,5.898444624817482,11.989251496950216,0.0,1.0997080098460346,0.001211578530025453
15540,5.843114320111439,11.892950971654024,0.0,1.099710480458494,0.0012019728526185605
15600,5.788411884540386,11.797610278122145,0.0,1.0997129276451278,0.0011924616357996932
15660,5.734329085694449,11.70321817675767,0.0,1.0997153515777613,0.0011830437882497
15720,5.6808578152823,11.609763581005168,0.0,1.0997177545183607,0.001173718233306259
15780,5.627990090697653,11.517235558848837,0.0,1.0997201344696246,0.00116448390910136
15840,5.575718048143908,11.42562332546916,0.0,1.0997224883105603,0.0011553397678736278
15900,5.524033931678471,11.334916231649972,0.0,1.0997248177149934,0.0011462847748844155
15960,5.472930102036157,11.245103772785127,0.0,1.0997271215800075,0.0011373179092545951
16020,5.422399037044779,11.156175589111246,0.0,1.099729400562282,0.0011284381639830266
16080,5.372433325943323,11.068121459617583,0.0,1.0997316556603787,0.0011196445453758746
16140,5.323025659337148,10.980931291424564,0.0,1.0997338851129397,0.0011109360720535962
16200,5.2741688369137485,10.894595127608163,0.0,1.099736088152359,0.0011023117756770954
16260,5.225855767425107,10.809103147023439,0.0,1.0997382670299956,0.001093770700928708
16320,5.178079464022899,10.724445659254153,0.0,1.0997404253207963,0.0010853119050381458
16380,5.130833035180008,10.64061309495084,0.0,1.09974256340596,0.0010769344568781816
16440,5.084109691275942,10.557596012534942,0.0,1.099744683970582,0.0010686374375872905
16500,5.037902744688068,10.475385098165527,0.0,1.0997467849065476,0.0010604199405644435
16560,4.992205605744944,10.39397116131184,0.0,1.0997488620490816,0.0010522810710528094
16620,4.947011773907413,10.313345125289237,0.0,1.0997509177641986,0.0010442199452527438
16680,4.902314844097958,10.233498033782631,0.0,1.0997529509639203,0.0010362356909289418
16740,4.8581085068419085,10.154421050868399,0.0,1.0997549628931698,0.0010283274474104374
16800,4.81438654469688,10.076105457077032,0.0,1.0997569558376452,0.001020494365219911
16860,4.771142823398346,9.998542639843121,0.0,1.0997589282846008,0.0010127356051778758
16920,4.72837129828679,9.921724100187864,0.0,1.0997608803422338,0.0010050503390255834
16980,4.686066014251499,9.845641452523028,0.0,1.0997628124584147,0.0009974377494045069
17040,4.644221102666372,9.770286421248493,0.0,1.099764725317479,0.0009898970295356458
17100,4.602830772766614,9.695650831433188,0.0,1.099766619296575,0.0009824273823450796
17160,4.561889317879433,9.621726615305274,0.0,1.0997684950988806,0.0009750280210691492
17220,4.521391115114829,9.548505811802746,0.0,1.0997703525635179,0.0009676981692104972
17280,4.481330622806819,9.475980563702624,0.0,1.0997721909938225,0.0009604370602670254
17340,4.441702372427969,9.404143108834953,0.0,1.099774011116386,0.0009532439369066759
17400,4.402500974295654,9.332985786058073,0.0,1.0997758129705426,0.0009461180515251496
17460,4.3637211171589785,9.262501034706466,0.0,1.0997775968667918,0.0009390586661924344
17520,4.325357566065181,9.192681392169813,0.0,1.0997793632915673,0.000932065052423829
17580,4.287405154761677,9.123519485584307,0.0,1.099781112181532,0.0009251364903987476
17640,4.249858790943462,9.055008037364606,0.0,1.099782843679956,0.0009182722694776507
17700,4.212713455827243,8.987139864641035,0.0,1.0997845580424277,0.000911471688147618
17760,4.17596420236587,8.919907877210575,0.0,1.0997862556149973,0.0009047340538282067
17820,4.139606147947294,8.85330506950931,0.0,1.0997879365629033,0.000898058682116042
17880,4.10363447939263,8.787324525916585,0.0,1.0997896011554804,0.0008914448972809975
17940,4.068044452497717,8.721959420158138,0.0,1.099791249532414,0.000884892032208598
18000,4.032831390552829,8.657203013586635,0.0,1.0997928817229408,0.0008783994282367962
18060,3.9979906772745983,8.59304864737565,0.0,1.0997944980048804,0.0008719664344208706
18120,3.963517761626147,8.529489747662993,0.0,1.09979609854067,0.0008655924080150138
18180,3.9294081572876025,8.466519824879345,0.0,1.0997976835164236,0.000859276714407786
18240,3.895657441450745,8.404132472327914,0.0,1.0997992531394014,0.0008530187269869916
18300,3.8622612480515364,8.342321358675775,0.0,1.0998008075484893,0.0008468178264320283
18360,3.829215272347412,8.281080232863243,0.0,1.0998023469021068,0.0008406734011739887
18420,3.7965152703251985,8.220402923367534,0.0,1.0998038713801725,0.0008345848473250554
18480,3.764157057736424,8.16028333704645,0.0,1.0998053811850999,0.0008285515685682149
18540,3.7321365036836456,8.100715451984325,0.0,1.0998068764708993,0.0008225729754824424
18600,3.700449534905231,8.04169332211385,0.0,1.0998083574134312,0.000816648485976273
18660,3.669092135154583,7.983211076450171,0.0,1.0998098241684124,0.0008107775252144405
18720,3.6380603444431907,7.92526291816472,0.0,1.0998112768692052,0.0008049595255292741
18780,3.6073502529547548,7.8678431177596595,0.0,1.0998127156897157,0.0007991939257763189
18840,3.5769580050660355,7.810946017430978,0.0,1.0998141407838111,0.0007934801717440307
18900,3.546879799129357,7.7545660307535424,0.0,1.0998155523057438,0.0007878177161229715
18960,3.517111886497564,7.698697641513159,0.0,1.0998169504099156,0.0007822060183944237
19020,3.4876505647935656,7.6433353961288,0.0,1.0998183352411173,0.000776644544114555
19080,3.458492182977043,7.5884739092133895,0.0,1.099819706944288,0.0007711327654375567
19140,3.4296331387281036,7.5341078605779375,0.0,1.0998210656615641,0.0007656701608318836
19200,3.4010698845348393,7.480232001948891,0.0,1.0998224115485502,0.0007602562157127538
19260,3.372798913435022,7.426841140968828,0.0,1.0998237447428358,0.0007548904209315884
19320,3.3448167666279667,7.373930149615736,0.0,1.0998250653838464,0.0007495722735690676
19380,3.3171200316505947,7.3214939620869774,0.0,1.0998263736105458,0.0007443012767342998
19440,3.289705343621417,7.269527576125599,0.0,1.0998276695584719,0.0007390769396889978
19500,3.262569385393975,7.218026053118631,0.0,1.099828953359041,0.0007338987778556441
19560,3.235708877687133,7.166984506936652,0.0,1.0998302251467758,0.0007287663117624862
19620,3.2091205870057755,7.116398112756842,0.0,1.0998314850524693,0.0007236790678755894
19680,3.1828013224116916,7.066262103361745,0.0,1.0998327332051636,0.0007186365782482105
19740,3.156747940753665,7.016571774988523,0.0,1.099833969742816,0.0007136383810727765
19800,3.130957334958958,6.967322474014188,0.0,1.0998351947928078,0.0007086840194210792
19860,3.1054264394517093,6.9185096030179025,0.0,1.0998364084829455,0.0007037730418163959
19920,3.0801522294332813,6.870128619898803,0.0,1.0998376109415335,0.0006989050021490727
19980,3.055131721194457,6.822175038174694,0.0,1.099838802285676,0.0006940794597039499
20040,3.030361972870705,6.774644427780703,0.0,1.099839982611706,0.0006892959792350336
20100,3.0058400762206356,6.727532405636563,0.0,1.099841152045661,0.0006845541300717618
20160,2.981563162821096,6.68083464264534,0.0,1.0998423106973272,0.000679853486780517
20220,2.957528401504613,6.634546860710577,0.0,1.099843458672861,0.0006751936288813753
20280,2.9337330020668553,6.588664836922006,0.0,1.0998445961359717,0.0006705741412436817
20340,2.9101742070728656,6.543184394115857,0.0,1.0998457232012735,0.0006659946131911085
20400,2.886849294800979,6.498101404186402,0.0,1.0998468399847006,0.0006614546388144339
20460,2.8637555792971687,6.453411788089316,0.0,1.0998479466131723,0.0006569538169709896
20520,2.840890410399014,6.409111515815261,0.0,1.099849043181383,0.0006524917512813615
20580,2.8182511750741175,6.365196607871207,0.0,1.099850129697299,0.0006480680502689355
20640,2.7958352893086413,6.321663125904519,0.0,1.0998512062952954,0.0006436823264705516
20700,2.7736402040903863,6.278507179520655,0.0,1.099852273050107,0.0006393341970817544
20760,2.7516634030490326,6.235724923515543,0.0,1.099853330027062,0.0006350232836936865
20820,2.7299024056157783,6.193312561474241,0.0,1.0998543775123282,0.0006307492126336637
20880,2.7083547604252796,6.151266338093377,0.0,1.0998554156366922,0.0006265116142361582
20940,2.687018046969132,6.109582541039249,0.0,1.0998564445121943,0.0006223101230182762
21000,2.6658898762777268,6.0682575016831075,0.0,1.0998574643083703,0.0006181443777487315
21060,2.6449678905951735,6.027287594677926,0.0,1.0998584750998397,0.0006140140214070019
21120,2.6242497650296754,5.986669239825596,0.0,1.0998594765929597,0.0006099187013598466
21180,2.6037332000566438,5.946398893319848,0.0,1.0998604690134612,0.0006058580685293209
21240,2.5834159269077457,5.906473053955798,0.0,1.099861452358588,0.0006018317779814894
21300,2.5632957054978607,5.866888260672499,0.0,1.0998624265963315,0.0005978394886924284
21360,2.543370326748136,5.827641095257811,0.0,1.0998633921972265,0.0005938808638051688
21420,2.523637607893534,5.788728176763866,0.0,1.0998643493279008,0.0005899555700974962
21480,2.504095392950429,5.750146162019557,0.0,1.0998652980289323,0.0005860632780301826
21540,2.484741553711856,5.711891746766498,0.0,1.0998662384933582,0.0005822036618545689
21600,2.4655739892370128,5.673961665009588,0.0,1.0998671708398338,0.0005783763995500584
21660,2.4465906276225495,5.636352691046615,0.0,1.0998680947225172,0.0005745811730163151
21720,2.4277894192733718,5.59906163154315,0.0,1.0998690104489681,0.0005708176673195476
21780,2.409168341615115,5.562085331006503,0.0,1.0998699180682534,0.0005670855712119949
21840,2.3907253973042804,5.5254206696449435,0.0,1.099870817612593,0.000563384576927847
21900,2.3724586160545593,5.489064565475172,0.0,1.0998717092637122,0.0005597143803830706
21960,2.3543660511594213,5.453013970186993,0.0,1.0998725931209667,0.0005560746807814929
22020,2.336445779186124,5.417265868740918,0.0,1.0998734692075929,0.0005524651805759159
22080,2.318695901226184,5.381817280797831,0.0,1.0998743375938222,0.0005488855856034789
22140,2.3011145423487944,5.3466652600411235,0.0,1.09987519835735,0.000545335605020705
22200,2.283699853811862,5.311806896777911,0.0,1.0998760516316246,0.0005418149515509808
22260,2.2664500055276493,5.277239308915907,0.0,1.0998768974735273,0.0005383233406238587
22320,2.2493631915716943,5.2429596484983625,0.0,1.099877735972781,0.0005348604909975479
22380,2.232437628223485,5.208965099330858,0.0,1.0998785672229494,0.0005314261245321693
22440,2.2156715541412546,5.175252877156893,0.0,1.0998793913029823,0.0005280199662060302
22500,2.1990632333288818,5.141820233180484,0.0,1.0998802081606296,0.0005246417444511657
22560,2.1826109458756657,5.108664442931601,0.0,1.0998810179255754,0.0005212911900907543
22620,2.1663129948691164,5.075782814518871,0.0,1.099881820654176,0.0005179680371258567
22680,2.150167704096108,5.043172685839909,0.0,1.0998826163979396,0.0005146720224688387
22740,2.1341734182024523,5.010831424740962,0.0,1.0998834052254012,0.0005114028859581515
22800,2.118328505952204,4.978756432906673,0.0,1.0998841873824676,0.0005081603707290829
22860,2.1026313505458205,4.9469451341768975,0.0,1.0998849628746756,0.0005049442220983544
22920,2.0870803568667915,4.915394983234677,0.0,1.099885731805649,0.0005017541883927749
22980,2.071673949134835,4.884103462749795,0.0,1.0998864942870152,0.0004985900206761904
23040,2.056410570980851,4.85306808343862,0.0,1.0998872503972348,0.0004954514727547643
23100,2.041288688429448,4.822286387638037,0.0,1.0998879998246864,0.0004923383015178097
23160,2.0263067812488296,4.79175593882018,0.0,1.0998887427739747,0.0004892502659361477
23220,2.0114633493589245,4.761474329306543,0.0,1.09988947923702,0.0004861871277982737
23280,1.996756910747092,4.731439177718161,0.0,1.0998902091863663,0.000483148651466449
23340,1.9821860014691082,4.701648128948524,0.0,1.09989093264593,0.00048013460387371954
23400,1.9677491783011576,4.672098857363203,0.0,1.0998916504272507,0.0004771447548293887
23460,1.953445011183848,4.642789057574705,0.0,1.099892362303164,0.00047417887613675544
23520,1.9392720887500905,4.61371645114252,0.0,1.0998930684660058,0.0004712367422332068
23580,1.925229016508202,4.584878784333379,0.0,1.0998937691420059,0.00046831812997571976
23640,1.9113144168037082,4.556273828048413,0.0,1.0998944644779065,0.0004654228186335333
23700,1.8975269313861474,4.527899380942956,0.0,1.0998951531014782,0.00046255059018633876
23760,1.8838652142860777,4.49975326067069,0.0,1.0998958356147184,0.0004597012284860385
23820,1.8703279369959114,4.471833310207163,0.0,1.0998965118236723,0.000456874519861513
23880,1.8569137867745655,4.44413739574597,0.0,1.0998971814686385,0.0004540702529169402
23940,1.8436214665842154,4.416663406596338,0.0,1.099897844403973,0.00045128821852165313
24000,1.8304496976903204,4.389409258361017,0.0,1.0998985034506061,0.00044852821011411953
24060,1.817397212661697,4.362372884290088,0.0,1.0998991576145742,0.00044579002287364764
24120,1.8044627604524641,4.335552241515784,0.0,1.0998998074302553,0.0004430734543170976
24180,1.7916451047607185,4.308945309006395,0.0,1.099900453556501,0.00044037830410261137
24240,1.7789430239382904,4.282550087431164,0.0,1.0999010965297646,0.0004377043740163466
24300,1.7663553135305041,4.256364602275212,0.0,1.0999017316592674,0.000435051468270542
24360,1.7538807796042295,4.230386895571137,0.0,1.0999023609373781,0.0004324193927111309
24420,1.7415182435717291,4.204615031836473,0.0,1.0999029837157805,0.0004298079553861888
24480,1.7292665406437013,4.179047096138478,0.0,1.099903599149333,0.0004272169663602269
24540,1.717124519713049,4.153681193928536,0.0,1.0999042064264488,0.00042464623769803003
24600,1.7050910457454254,4.128515454015912,0.0,1.0999048114503507,0.00042209558374991374
24660,1.693164993617958,4.103548020831662,0.0,1.0999054115132907,0.00041956482040869983
24720,1.681345252544906,4.078777059951058,0.0,1.0999060072149076,0.0004170537656396767
24780,1.6696307246594537,4.054200756297466,0.0,1.0999065993421386,0.00041456223930788725
24840,1.658020324876267,4.029817313950012,0.0,1.0999071887647465,0.000412090063159393
24900,1.6465129831073186,4.005624958891492,0.0,1.0999077714663181,0.00040963706108457085
24960,1.6351076386420254,3.981621931966116,0.0,1.0999083497726985,0.00040720305844232566
25020,1.6238032441538601,3.9578064938648954,0.0,1.0999089236811868,0.00040478788253800723
25080,1.612598764413575,3.9341769234972888,0.0,1.0999094931318916,0.00040239136246693065
25140,1.6014931761368274,3.9107315177805346,0.0,1.0999100580044665,0.00040001332909388784
25200,1.5904854701095428,3.88746859429847,0.0,1.0999106184809935,0.00039765361530831676
25260,1.5795746458972875,3.8643864846177185,0.0,1.0999111742167444,0.0003953120553819708
25320,1.5687597155992965,3.84148353899829,0.0,1.0999117249648733,0.0003929884854211918
25380,1.558039702647386,3.818758124861754,0.0,1.0999122704045707,0.00039068274321950476
25440,1.5474136416418778,3.7962086265658397,0.0,1.099912810144717,0.00038839466823571483
25500,1.5368805804095333,3.77383344798179,0.0,1.0999133468753077,0.0003861241018412589
25560,1.5264395749758781,3.7516310061342306,0.0,1.0999138794811734,0.0003838708867089498
25620,1.516089693119269,3.729599735665677,0.0,1.0999144083128742,0.0003816348672416239
25680,1.5058300132402005,3.7077380873918915,0.0,1.0999149338210121,0.0003794158894331069
25740,1.4956596242022688,3.6860445280828404,0.0,1.0999154565670237,0.00037721380084692165
25800,1.4855776272417,3.664517542895126,0.0,1.0999159729565673,0.0003750284508504593
25860,1.4755831313533814,3.643155629442651,0.0,1.0999164844623042,0.00037285969004351144
25920,1.465675256497594,3.621957301891792,0.0,1.0999169906749002,0.0003707073706526436
25980,1.455853132610785,3.60092108967823,0.0,1.0999174910305083,0.0003685713464073758
26040,1.4461158994435241,3.5800455372840547,0.0,1.099917984827783,0.0003664514725185189
26100,1.4364627082685546,3.5593292064139854,0.0,1.0999184774344297,0.0003643476058874875
26160,1.4268927177789403,3.5387706707181104,0.0,1.0999189670247715,0.0003622596045980269
26220,1.4174050968659981,3.5183685193406458,0.0,1.0999194543714657,0.00036018732825766783
26280,1.4079990237991822,3.4981213558527955,0.0,1.0999199405801756,0.0003581306378947838
26340,1.3986736860567426,3.478027798020474,0.0,1.0999204270049725,0.0003560893959360252
26400,1.3894282818572528,3.4580864797732738,0.0,1.0999209065587643,0.0003540634663960448
26460,1.3802620165056736,3.4382960464613705,0.0,1.0999213820891827,0.0003520527144198811
26520,1.371174104800098,3.4186551579573687,0.0,1.0999218531208221,0.00035005700658194405
26580,1.36216377035672,3.399162487769099,0.0,1.0999223186827851,0.0003480762108002777
26640,1.3532302454355052,3.3798167228005207,0.0,1.0999227775228033,0.0003461101963133302
26700,1.344372772323109,3.3606165651152047,0.0,1.0999232350529942,0.00034415883384953007
26760,1.335590600058328,3.3415607277116486,0.0,1.0999236888023105,0.00034222199522035673
26820,1.3268829865262621,3.3226479372012108,0.0,1.0999241386445597,0.00034029955357795514
26880,1.3182491979061983,3.3038769330836923,0.0,1.0999245848143435,0.0003383913833451916
26940,1.3096885084939554,3.285246467504369,0.0,1.0999250276510815,0.00033649736019206086
27000,1.3012002019606397,3.266755306875305,0.0,1.0999254666697496,0.00033461736119192636
27060,1.2927835683982918,3.2484022280264044,0.0,1.0999259025123187,0.00033275126445004254
27120,1.28443790615112,3.2301860205700272,0.0,1.099926335627063,0.0003308989493315014
27180,1.2761625213682,3.212105486307174,0.0,1.0999267665058103,0.000329060296403779
27240,1.2679567278236388,3.1941594389809493,0.0,1.099927195738312,0.00032723518741278326
27300,1.2598198480580567,3.1763467057662935,0.0,1.0999276205637496,0.00032542350542674075
27360,1.251751210722903,3.1586661237668077,0.0,1.0999280418977444,0.0003236251344973848
27420,1.2437501521708985,3.1411165420948266,0.0,1.0999284596452803,0.0003218399598609146
27480,1.2358160161017957,3.1236968213944243,0.0,1.099928873378561,0.00032006786789174463
27540,1.2279481533818726,3.106405833592858,0.0,1.0999292825355746,0.00031830874607833974
27600,1.220145923072779,3.0892424632506703,0.0,1.099929689596679,0.0003165624831536487
27660,1.2124086900578892,3.072205604412386,0.0,1.099930093677645,0.00031482896879041076
27720,1.2047358264104326,3.0552941624052723,0.0,1.0999304946618766,0.00031310809377497887
27780,1.1971267111214785,3.0385070534692047,0.0,1.0999308927129607,0.00031139974997139317
27840,1.1895807299202914,3.021843204508677,0.0,1.0999312880473897,0.00030970383029726696
27900,1.1820972762026776,3.0053015543103716,0.0,1.099931680033993,0.00030802022884133655
27960,1.1746757489081063,2.9888810507247374,0.0,1.0999320689927086,0.00030634884059090007
28020,1.1673155536929256,2.9725806522074607,0.0,1.0999324550773841,0.0003046895615806748
28080,1.1600161027292641,2.956399327543068,0.0,1.099932838374401,0.00030304228886594245
28140,1.152776814527118,2.940336055599199,0.0,1.0999332189807838,0.0003014069204986601
28200,1.1455971147732242,2.9243898264307684,0.0,1.0999335965959411,0.00029978335563415355
28260,1.1384764344308111,2.9085596387463992,0.0,1.0999339713186604,0.00029817149428588345
28320,1.1314142107421954,2.892844501230017,0.0,1.099934343166808,0.0002965712374531742
28380,1.1244098870887886,2.8772434323450207,0.0,1.0999347120997847,0.0002949824871021417
28440,1.1174629128155886,2.8617554600912762,0.0,1.0999350780566102,0.000293405146142057
28500,1.110572744355202,2.8463796235009253,0.0,1.0999354416062943,0.00029183911857016016
28560,1.1037388426187467,2.8311149691363706,0.0,1.0999358025825494,0.0002902843091322525
28620,1.0969606745049205,2.8159605531015703,0.0,1.099936160942063,0.0002887406235174542
28680,1.0902377127358849,2.800915440813313,0.0,1.0999365167193502,0.00028720796833593443
28740,1.0835694356324188,2.7859787066911874,0.0,1.0999368699488188,0.0002856862510887639
28800,1.0769553270333507,2.7711494340407072,0.0,1.0999372206647327,0.0002841753801564812
28860,1.0703948776909302,2.7564267169185133,0.0,1.0999375685117085,0.0002826752649797075
28920,1.0638875826135523,2.7418096565551755,0.0,1.0999379134246134,0.00028118581571243503
28980,1.0574329417484511,2.72729736226332,0.0,1.0999382554271204,0.0002797069433099086
29040,1.0510304607552372,2.7128889524677544,0.0,1.0999385944062943,0.0002782385596283274
29100,1.0446796504954572,2.6985835540113094,0.0,1.0999389302259872,0.00027678057735747744
29160,1.0383800269578043,2.6843803020457226,0.0,1.0999392627252789,0.0002753329100100503
29220,1.0321311124411914,2.670278341622139,0.0,1.099939593101507,0.0002738954720757966
29280,1.025932433944323,2.6562768255070557,0.0,1.099939922218354,0.00027246817880960915
29340,1.0197835222035583,2.642374912874228,0.0,1.0999402496275366,0.00027105094610455977
29400,1.013683913581772,2.6285717718488266,0.0,1.0999405757287348,0.00026964369073854256
29460,1.007633149292266,2.6148665784507346,0.0,1.0999409009960786,0.0002682463302716916
29520,1.0016307753305267,2.6012585164942745,0.0,1.099941225983789,0.0002668587830365572
29580,0.9956763431686098,2.5877467785236012,0.0,1.0999415491431928,0.0002654809682287467
29640,0.9897694094455178,2.5743305653846345,0.0,1.0999418675210777,0.0002641128058653025
29700,0.9839095337566854,2.5610090832155676,0.0,1.0999421829132787,0.00026275421649267033
29760,0.9780962810643008,2.547781546712512,0.0,1.099942494757255,0.0002614051215033857
29820,0.9723292208550609,2.5346471779781257,0.0,1.0999428023589775,0.00026006544302428785
29880,0.9666079270776052,2.521605206429056,0.0,1.0999431048822694,0.0002587351039074449
29940,0.960931978355687,2.5086548690845816,0.0,1.0999434027796626,0.000257414027758185
30000,0.9553009584818707,2.495795411243083,0.0,1.0999437006898263,0.00025610213900088
30060,0.9497144542792127,2.4830260835197775,0.0,1.0999439965750732,0.00025479936259052574
30120,0.9441720573762475,2.470346144294557,0.0,1.0999442913172324,0.00025350562425095454
30180,0.9386733636380747,2.457754858919406,0.0,1.099944586059854,0.0002522208503976183
30240,0.9332179731717739,2.445251499718567,0.0,1.0999448813321409,0.0002509449681374903
30300,0.9278054906348877,2.432835346401419,0.0,1.0999451716889406,0.00024967790530890376
30360,0.9224355241941092,2.4205056846372095,0.0,1.0999454603211205,0.00024841959034352335
30420,0.9171076862813691,2.4082618070774786,0.0,1.0999457470732206,0.00024716995236516545
30480,0.9118215933214077,2.3961030129778584,0.0,1.099946031678081,0.00024592892115308845
30540,0.9065768656935418,2.3840286081388977,0.0,1.0999463138145271,0.00024469642713615894
30600,0.9013731280928112,2.3720379053936673,0.0,1.0999465951495397,0.00024347240144008932
30660,0.8962100085274148,2.360130223228361,0.0,1.0999468746042869,0.00024225677575346138
30720,0.8910871390092263,2.348304886720824,0.0,1.0999471520328916,0.0002410494824187311
30780,0.8860041553070268,2.336561227195886,0.0,1.0999474272439373,0.00023985045439868456
30840,0.8809606968959943,2.324898582149382,0.0,1.0999476999971536,0.0002386596252689733
30900,0.875956407534648,2.313316296051597,0.0,1.0999479711072289,0.0002374769292965007
30960,0.8709909339058218,2.3018137184372995,0.0,1.0999482401316507,0.00023630230125291986
31020,0.8660639264834885,2.290390205115476,0.0,1.0999485069860055,0.00023513567653268274
31080,0.8611750393155191,2.2790451178596687,0.0,1.099948771646472,0.0002339769911227628
31140,0.8563239299486674,2.2677778242976463,0.0,1.099949034103266,0.0002328261815918369
31200,0.8515102599576051,2.2565876986492257,0.0,1.099949294680024,0.00023168318516214183
31260,0.8467336938152952,2.245474120134968,0.0,1.099949553441526,0.00023054793955431293
31320,0.8419938994260066,2.234436473719583,0.0,1.099949810515267,0.00022942038305978483
31380,0.8372905481280974,2.22347415011078,0.0,1.099950066121592,0.0002283004545406209
31440,0.8326233145715406,2.2125865455822233,0.0,1.0999503205349865,0.00022718809341219846
31500,0.8279918770568429,2.2017730624447447,0.0,1.0999505729510526,0.00022608323968900069
31560,0.8233959168751122,2.191033108114017,0.0,1.0999508233261017,0.0002249858338938118
31620,0.8188351184255316,2.1803660952706,0.0,1.0999510719031576,0.00022389581707322537
31680,0.8143091693782966,2.1697714420838743,0.0,1.0999513186026637,0.00022281313081936983
31740,0.8098177605361158,2.159248572012406,0.0,1.0999515633102719,0.0002217377172504116
31800,0.8053605860923334,2.148796914164421,0.0,1.099951806517566,0.00022066951904563335
31860,0.8009373431757044,2.138415902649243,0.0,1.0999520484226113,0.00021960847938215736
31920,0.796547731740453,2.1281049764171382,0.0,1.0999522887760023,0.00021855454191927566
31980,0.7921914548645577,2.1178635796766,0.0,1.0999525276082973,0.00021750765083906597
32040,0.7878682185811244,2.1076911616511826,0.0,1.0999527649493577,0.00021646775082263068
32100,0.783577731839682,2.0975871765201104,0.0,1.0999530008281992,0.00021543478704424903
32160,0.7793197070598263,2.08755108420001,0.0,1.0999532347004766,0.00021440870524763955
32220,0.7750938588963906,2.0775823485870486,0.0,1.0999534666041044,0.00021338945157430822
32280,0.7708999049170078,2.0676804385146275,0.0,1.0999536964670062,0.00021237697265698798
32340,0.7667375655576696,2.057844827685846,0.0,1.0999539241125063,0.00021137121561299615
32400,0.7626065640111591,2.048074994510646,0.0,1.099954149329585,0.00021037212802828642
32460,0.7585066262398896,2.038370422119987,0.0,1.0999543720451987,0.0002093796579587853
32520,0.7544374816403039,2.0287305993101383,0.0,1.0999545948113194,0.0002083937540225641
32580,0.7503988612426961,2.0191550179687128,0.0,1.0999548165363564,0.00020741436514841766
32640,0.7463904991171656,2.0096431750775547,0.0,1.0999550376066305,0.0002064414407714183
32700,0.7424121319462365,2.0001945720984846,0.0,1.0999552584947772,0.00020547493077288032
32760,0.7384634989912544,1.9908087149211717,0.0,1.0999554797670719,0.00020451478547522126
32820,0.7345443422517425,1.9814851140881118,0.0,1.0999557003688458,0.00020356095566390235
32880,0.730654406602763,1.9722232849880164,0.0,1.099955916106172,0.0002026133926062822
32940,0.7267934387148182,1.963022746300855,0.0,1.099956128991771,0.00020167204789962024
33000,0.7229611880323844,1.953883021399221,0.0,1.0999563382203494,0.00020073687360797488
33060,0.7191574064456464,1.9448036378730515,0.0,1.0999565428053986,0.00019980782221571422
33120,0.7153818482594134,1.9357841274811205,0.0,1.0999567415640268,0.00019888484662273126
33180,0.7116342703652098,1.9268240263954373,0.0,1.0999569384674057,0.00019796790016827524
33240,0.7079144320578546,1.9179228749331232,0.0,1.099957138602523,0.00019705693660471095
33300,0.7042220947520275,1.9090802171441017,0.0,1.0999573414926573,0.00019615191005719165
33360,0.7005570222991541,1.9002956012642422,0.0,1.0999575502717363,0.00019525277506788396
33420,0.6969189808507542,1.8915685795146695,0.0,1.099957768818916,0.00019435948657631574
33480,0.6933077388839423,1.8828987081398023,0.0,1.0999579758133284,0.0001934719999231711
33540,0.6897230671478632,1.8742855473237672,0.0,1.099958172607529,0.00019259027084199951
33600,0.6861647385800127,1.8657286610603168,0.0,1.0999583714086811,0.0001917142554463076
33660,0.6826325283124415,1.8572276171608066,0.0,1.0999585693437155,0.00019084391023038477
33720,0.6791262136656164,1.848781987243794,0.0,1.099958763720277,0.00018997919206828763
33780,0.675645574113954,1.8403913466802688,0.0,1.0999589569727823,0.00018912005820842192
33840,0.6721903912834912,1.8320552745899086,0.0,1.0999591485506008,0.00018826646627317125
33900,0.6687604489064312,1.823773353768588,0.0,1.0999593398087137,0.00018741837425172953
33960,0.6653555327981435,1.815545170651679,0.0,1.0999595297861666,0.00018657574049646907
34020,0.6619754308482048,1.807370315299638,0.0,1.0999597184619379,0.00018573852372151615
34080,0.6586199329453741,1.799248381278038,0.0,1.0999599058570857,0.0001849066829908857
34140,0.655288830978803,1.79117896565943,0.0,1.0999600922193733,0.00018408017771866616
34200,0.6519819190104151,1.7831616692992622,0.0,1.099960276995939,0.00018325896769630668
34260,0.6486989929813319,1.7751960963656501,0.0,1.0999604601513695,0.00018244301304610653
34320,0.6454398505563157,1.7672818540898685,0.0,1.0999606424157478,0.00018163227419652975
34380,0.6422042918265849,1.7594185538931069,0.0,1.099960823469262,0.0001808267119936718
34440,0.6389921186245968,1.7516058102875605,0.0,1.0999610033513576,0.00018002628759254306
34500,0.6358031341894722,1.743843240338702,0.0,1.0999611820128825,0.0001792309624038564
34560,0.6326371443869452,1.736130465624533,0.0,1.0999613595284168,0.0001784406982878928
34620,0.6294939567349919,1.7284671106704597,0.0,1.0999615359274497,0.00017765545739963152
34680,0.6263733799499586,1.7208528022178835,0.0,1.0999617111223312,0.00017687520211635344
34740,0.6232752254095992,1.7132871715792346,0.0,1.0999618851478823,0.00017609989527072177
34800,0.620199306155329,1.7057698530320586,0.0,1.0999620579901543,0.00017532949999184423
34860,0.617145436145661,1.698300482612572,0.0,1.0999622297158156,0.00017456397958582503
34920,0.6141134321826098,1.690878701225693,0.0,1.09996240030028,0.0001738032978436549
34980,0.6111031124979529,1.683504152362668,0.0,1.0999625697538389,0.0001730474188152584
35040,0.6081142961719502,1.6761764811569893,0.0,1.0999627380890038,0.00017229630671598036
35100,0.6051468051319735,1.6688953376225453,0.0,1.0999629053144457,0.00017154992624726214
35160,0.6022004627552074,1.661660374389936,0.0,1.0999630714422026,0.00017080824237246901
35220,0.5992750940725664,1.6544712470369607,0.0,1.0999632364886314,0.0001700712203496197
35280,0.5963705257894175,1.6473276141222428,0.0,1.0999634004756853,0.0001693388257347165
35340,0.593486585587414,1.6402291360385273,0.0,1.0999635633407927,0.0001686110242679827
35400,0.5906231035522409,1.6331754773599436,0.0,1.0999637251379568,0.0001678877821067583
35460,0.5877799110356148,1.6261663049724282,0.0,1.0999638858873826,0.0001671690656400164
35520,0.5849568409133564,1.619201288498613,0.0,1.0999640456163478,0.00016645484153052863
35580,0.58215372760677,1.6122801003309477,0.0,1.099964204351217,0.00016574507671813062
35640,0.5793704078033843,1.6054024167771561,0.0,1.0999643619843469,0.00016503973853295356
35700,0.5766067186497567,1.5985679151850096,0.0,1.0999645185932125,0.00016433879441117019
35760,0.5738624991196613,1.5917762761175482,0.0,1.0999646741914912,0.0001636422121100289
35820,0.5711375896196277,1.5850271827248077,0.0,1.0999648287954662,0.00016294995964573404
35880,0.5684318321284343,1.578320320966797,0.0,1.0999649824166375,0.0001622620053155015
35940,0.5657450711223746,1.5716553810957519,0.0,1.0999651350172612,0.0001615783178442043
36000,0.5630771510011202,1.5650320535302606,0.0,1.099965286630982,0.0001608988659761619
36060,0.5604279181458537,1.5584500321530455,0.0,1.099965437264927,0.0001602236188014103
36120,0.5577972203424887,1.5519090133860411,0.0,1.0999655869261085,0.00015955254566418707
36180,0.5551849068790946,1.5454086963445968,0.0,1.099965735621849,0.00015888561617815843
36240,0.5525908288403445,1.5389487833050846,0.0,1.0999658833609314,0.00015822280027261306
36300,0.5500148380714618,1.5325289780560363,0.0,1.0999660301498473,0.00015756406802953406
36360,0.5474567880352057,1.5261489872606024,0.0,1.0999661759960204,0.00015690938981821015
36420,0.5449165335585336,1.519808520052781,0.0,1.099966320906939,0.00015625873625533133
36480,0.5423939307891771,1.5135072879633116,0.0,1.099966464889647,0.00015561207819760363
36540,0.5398888371472651,1.5072450048369899,0.0,1.0999666079501467,0.00015496938673350752
36600,0.5374011114780162,1.5010213870983304,0.0,1.0999667500963273,0.00015433063320983653
36660,0.5349306138862265,1.4948361534659458,0.0,1.0999668913353153,0.00015369578920319365
36720,0.5324772057649847,1.4886890250034195,0.0,1.0999670316742294,0.0001530648265250846
36780,0.5300407496875059,1.4825797249333499,0.0,1.0999671711190413,0.00015243771720341054
36840,0.5276211094364824,1.4765079786891786,0.0,1.0999673096751068,0.00015181443348763582
36900,0.525218150267062,1.4704735143710055,0.0,1.0999674473505432,0.00015119494789417816
36960,0.5228317385470999,1.4644760621246027,0.0,1.099967584152026,0.00015057923314458794
37020,0.5204617418573708,1.4585153543157752,0.0,1.099967720086186,0.0001499672621829158
37080,0.5181080289771711,1.452591125506546,0.0,1.0999678551596086,0.00014935900817334864
37140,0.5157704698699218,1.4467031124313385,0.0,1.0999679893788352,0.00014875444449784586
37200,0.5134489356687708,1.4408510539731607,0.0,1.099968122750363,0.0001481535447537753
37260,0.5111432987629285,1.435034691287371,0.0,1.099968255280292,0.00014755628276602638
37320,0.5088534329957479,1.429253768089165,0.0,1.0999683869735772,0.00014696263261518273
37380,0.5065792127081894,1.4235080292494304,0.0,1.0999685178373453,0.0001463725684997574
37440,0.5043205136402312,1.4177972221126809,0.0,1.0999686478776727,0.00014578606486544574
37500,0.5020772126387,1.4121210960662776,0.0,1.0999687771005624,0.00014520309636284115
37560,0.4998491876433648,1.406479402517331,0.0,1.0999689055119444,0.00014462363784514167
37620,0.49763631767303046,1.4008718948696037,0.0,1.0999690331176737,0.00014404766436585653
37680,0.49543848281163094,1.3952983285004135,0.0,1.0999691599235295,0.00014347515117651296
37740,0.49325556425395956,1.3897584608298716,0.0,1.099969285935302,0.00014290607373346762
37800,0.49108744565747103,1.3842520534123348,0.0,1.0999694111608131,0.00014234040790412014
37860,0.48893400948356214,1.3787788662699856,0.0,1.0999695356045207,0.00014177812940815513
37920,0.48679514013540537,1.3733386627496245,0.0,1.0999696592721826,0.00014121921429643448
37980,0.48467072303712677,1.367931208095381,0.0,1.0999697821695125,0.00014066363881024252
38040,0.4825606446212783,1.3625562694277509,0.0,1.0999699043021813,0.00014011137937920316
38100,0.4804647923163105,1.3572136157226347,0.0,1.099970025675818,0.000139562412619197
38160,0.4783830545340447,1.3519030177903755,0.0,1.0999701462960108,0.00013901671533027865
38220,0.47631532065714577,1.3466242482547952,0.0,1.0999702661683077,0.00013847426449459368
38280,0.4742614824415058,1.341377083745346,0.0,1.0999703852978788,0.0001379350374926465
38340,0.4722214307356999,1.3361612997645298,0.0,1.0999705036903005,0.00013739901159689382
38400,0.47019505781069487,1.3309766743305083,0.0,1.0999706213509939,0.00013686616433111824
38460,0.46818225703838534,1.3258229874729226,0.0,1.0999707382853017,0.00013633647342066978
38520,0.46618292272687506,1.3207000209738842,0.0,1.099970854498524,0.00013580991676689696
38580,0.46419695010940654,1.3156075583492912,0.0,1.0999709699959201,0.00013528647244528876
38640,0.4622242353332907,1.3105453848301463,0.0,1.0999710847827084,0.00013476611870361666
38700,0.4602646754488366,1.3055132873438724,0.0,1.099971198864067,0.00013424883396007673
38760,0.4583181691567599,1.300511055680673,0.0,1.099971312244921,0.0001337345969182145
38820,0.45638461531284336,1.2955384801558372,0.0,1.0999714249303612,0.00013322338633653432
38880,0.45446391350503196,1.290595352510002,0.0,1.099971536925478,0.0001327151811172012
38940,0.4525559644417709,1.2856814665145027,0.0,1.0999716482352515,0.00013220996036567958
39000,0.45066066969837054,1.2807966175737078,0.0,1.0999717588646183,0.0001317077033515279
39060,0.4487779317069452,1.2759406027079128,0.0,1.0999718688184732,0.0001312083895066958
39120,0.44690765374635155,1.271113220536234,0.0,1.099971978101669,0.00013071199842382172
39180,0.4450497399321273,1.2663142712595015,0.0,1.099972086719017,0.00013021850985453002
39240,0.44320409558880414,1.261543557244108,0.0,1.099972194675365,0.00012972790376711236
39300,0.44137062671103405,1.2568008821737997,0.0,1.0999723019754892,0.00012924016026269897
39360,0.43954923970304094,1.2520860506388916,0.0,1.0999724086240459,0.000128755259534655
39420,0.437739842032734,1.2473988691630076,0.0,1.0999725146257044,0.00012827318197002575
39480,0.43594234196756687,1.2427391457866521,0.0,1.0999726199850974,0.00012779390810837494
39540,0.434156648565174,1.2381066900511992,0.0,1.0999727247068198,0.0001273174186401905
39600,0.43238267166400646,1.2335013129828822,0.0,1.099972828795431,0.00012684369440529018
39660,0.4306203218739688,1.2289228270767842,0.0,1.0999729322554537,0.00012637271639122743
39720,0.42886951082322994,1.2243710466870374,0.0,1.0999730350913515,0.00012590446577186667
39780,0.42713015107678676,1.2198457878965288,0.0,1.0999731373075359,0.00012543892389448757
39840,0.4254021552562486,1.2153468671200052,0.0,1.0999732389084478,0.0001249760721416368
39900,0.4236854370700234,1.210874102736448,0.0,1.099973339898461,0.0001245158920925405
39960,0.4219799109644857,1.2064273145347781,0.0,1.0999734402819143,0.00012405836546827974
40020,0.42028549211532584,1.202006323698976,0.0,1.0999735400631123,0.000123603474130308
40080,0.4186020964188984,1.1976109527932002,0.0,1.0999736392463253,0.00012315120007896856
40140,0.4169296404835714,1.1932410257469093,0.0,1.0999737378357897,0.00012270152545201205
40200,0.41526804176769233,1.1888963680737878,0.0,1.0999738358356985,0.00012225443254621794
40260,0.41361721896809217,1.184576807490202,0.0,1.099973933250175,0.00012180990387849604
40320,0.41197709042129427,1.180282171364555,0.0,1.0999740300833813,0.00012136792193382864
40380,0.41034757561284496,1.1760122891231017,0.0,1.0999741263394147,0.00012092846940299257
40440,0.408728594711719,1.1717669915063906,0.0,1.09997422202234,0.00012049152910907115
40500,0.40712006856245986,1.167546110555645,0.0,1.09997431713619,0.00012005708400609653
40560,0.4055219186773198,1.1633494795991453,0.0,1.0999744116849646,0.00011962511717769172
40620,0.4039340672284004,1.1591769332386102,0.0,1.0999745056726322,0.0001191956118357129
40680,0.40235643705809565,1.1550283073649381,0.0,1.0999745991031298,0.00011876855132179484
40740,0.4007889524458752,1.150903440387141,0.0,1.099974691980348,0.00011834391922887084
40800,0.3992315370967452,1.1468021700047588,0.0,1.0999747843081693,0.00011792169908198132
40860,0.3976841158488263,1.14272433594586,0.0,1.0999748760904369,0.00011750187460902726
40920,0.3961466141742984,1.1386697791655296,0.0,1.0999749673309631,0.00011708442966149655
40980,0.39461895817227655,1.1346383418334307,0.0,1.0999750580335304,0.00011666934821322279
41040,0.39310107456168664,1.1306298673213664,0.0,1.0999751482018914,0.00011625661435914423
41100,0.39159289067414116,1.126644200190841,0.0,1.0999752378397698,0.00011584621231406256
41160,0.39009433444681496,1.1226811861806223,0.0,1.0999753269508596,0.00011543812641140182
41220,0.38860533498102,1.1187406731094938,0.0,1.0999754155387995,0.00011503234119264108
41280,0.3871258212481019,1.1148225087817332,0.0,1.0999755036072334,0.00011462884119978802
41340,0.3856557229698317,1.1109265424105041,0.0,1.0999755911597706,0.0001142276111163945
41400,0.3841949705292073,1.1070526244726364,0.0,1.0999756781999876,0.0001138286357531601
41460,0.38274349489067105,1.1032006065786408,0.0,1.0999757647314334,0.00011343190003504483
41520,0.38130122759358426,1.0993703414612397,0.0,1.0999758507576292,0.00011303738900012392
41580,0.37986810074570226,1.0955616829638986,0.0,1.0999759362820685,0.00011264508779844281
41640,0.37844404701664947,1.0917744860293557,0.0,1.0999760213082181,0.00011225498169087196
41700,0.3770289999998222,1.0880086072894124,0.0,1.0999761058395003,0.00011186705610757883
41760,0.37562289350457484,1.0842639039089912,0.0,1.0999761898793274,0.00011148129653340403
41820,0.3742256617863043,1.0805402339608046,0.0,1.099976273431089,0.00011109768854500303
41880,0.3728372397754809,1.0768374567983008,0.0,1.0999763564981424,0.00011071621784781755
41940,0.37145756294146554,1.0731554328325998,0.0,1.0999764390838191,0.00011033687025394976
42000,0.37008656728649125,1.069494023521851,0.0,1.0999765211914252,0.00010995963168109934
42060,0.3687241893396453,1.0658530913605926,0.0,1.0999766028242401,0.00010958448815150034
42120,0.36737036615085106,1.0622324998691084,0.0,1.099976683985519,0.00010921142579085812
42180,0.36602503553735993,1.058632113996937,0.0,1.0999767646784817,0.00010884043086833535
42240,0.3646881357520434,1.055051799578055,0.0,1.099976844906326,0.00010847148974254345
42300,0.3633596052533434,1.0514914229527954,0.0,1.0999769246722375,0.00010810458882406009
42360,0.36203938318744144,1.0479508517578962,0.0,1.0999770039793695,0.00010773971465372779
42420,0.3607274092003371,1.0444299546175124,0.0,1.099977082830851,0.00010737685387201988
42480,0.35942362343231016,1.0409286011333643,0.0,1.099977161229788,0.00010701599321805553
42540,0.3581279665123843,1.037446661874884,0.0,1.0999772391792615,0.00010665711952861498
42600,0.35684037955278997,1.033984008369363,0.0,1.0999773166823297,0.00010630021973715466
42660,0.35556080434469817,1.0305405134239025,0.0,1.099977393742018,0.00010594528090573702
42720,0.3542891833104867,1.0271160510459973,0.0,1.0999774703613228,0.00010559229021714501
42780,0.35302545873810365,1.0237104951806313,0.0,1.099977546543243,0.00010524123484959498
42840,0.3517695736847572,1.0203237211993184,0.0,1.0999776222907427,0.00010489210212444148
42900,0.3505214716707331,1.0169556053946252,0.0,1.0999776976067623,0.00010454487945602658
42960,0.34928109667421875,1.0136060249709133,0.0,1.0999777724942206,0.00010419955435075409
43020,0.3480483931261278,1.0102748580350835,0.0,1.0999778469560135,0.00010385611440616379
43080,0.3468233059049245,1.0069619835873174,0.0,1.099977920995016,0.00010351454731000569
43140,0.34560578033144806,1.0036672815118217,0.0,1.0999779946140806,0.00010317484083931427
43200,0.3443957622105543,1.0003906326449916,0.0,1.099978067816037,0.00010283698286716534
43260,0.3431931985137532,0.9971319199035716,0.0,1.099978140603661,0.00010250096147461998
43320,0.34199803541771356,0.993891025040286,0.0,1.0999782129797617,0.00010216676462876814
43380,0.34081022004477013,0.99066783152137,0.0,1.0999782849471038,0.00010183438046826811
43440,0.33962969994329084,0.9874622236665688,0.0,1.0999783565084311,0.00010150379721799872
43500,0.3384564230829637,0.9842740866406462,0.0,1.0999784276664675,0.0001011750031882095
43560,0.3372903378500831,0.9811033064448914,0.0,1.0999784984239154,0.0001008479867736707
43620,0.33613139304283696,0.977949769908627,0.0,1.099978568783458,0.00010052273645282346
43680,0.3349795378665931,0.9748133646807167,0.0,1.099978638747758,0.00010019924078692986
43740,0.333834721929186,0.971693979221072,0.0,1.0999787083194579,9.987748841922307e-05
43800,0.3326968958879653,0.9685915038799091,0.0,1.099978777501152,9.955746818216698e-05
43860,0.33156601000390085,0.9655058284840176,0.0,1.0999788462954505,9.923916885755344e-05
43920,0.33044201500484277,0.9624368437768591,0.0,1.0999789147049408,9.892257931962561e-05
43980,0.32932486215347506,0.9593844415313518,0.0,1.0999789827321844,9.860768854628147e-05
44040,0.32821450310141986,0.9563485143057527,0.0,1.0999790503797242,9.82944855948056e-05
44100,0.3271108898849938,0.9533289554359503,0.0,1.0999791176500833,9.79829596010972e-05
44160,0.32601397492096534,0.9503256590277567,0.0,1.099979184545767,9.767309977889829e-05
44220,0.32492371100231154,0.9473385199492004,0.0,1.0999792510692608,9.736489541902172e-05
44280,0.3238400512939747,0.9443674338228183,0.0,1.099979317223033,9.705833588857928e-05
44340,0.32276294965958313,0.9414122975759008,0.0,1.0999793830095197,9.675341068568831e-05
44400,0.32169236021589,0.9384730086887918,0.0,1.0999794484311434,9.645010936472287e-05
44460,0.32062823702767773,0.9355494646799898,0.0,1.0999795134903256,9.614842148511087e-05
44520,0.3195705347801984,0.9326415642392235,0.0,1.0999795781894595,9.584833672399264e-05
44580,0.3185192085177523,0.9297492067861818,0.0,1.0999796425309203,9.554984483233894e-05
44640,0.3174742136398385,0.9268722924634696,0.0,1.0999797065170658,9.525293563424512e-05
44700,0.31643550589730596,0.9240107221295646,0.0,1.0999797701502363,9.495759902622522e-05
44760,0.31540304138850395,0.9211643973517735,0.0,1.099979833432755,9.466382497650608e-05
44820,0.3143767765554332,0.9183332203991884,0.0,1.099979896366928,9.437160352432147e-05
44880,0.31335666829439,0.9155170944302949,0.0,1.0999799589550385,9.408092479857911e-05
44940,0.31234267414786376,0.9127159238187178,0.0,1.0999800211993367,9.379177905027604e-05
45000,0.3113347513076953,0.9099296124579855,0.0,1.0999800831020918,9.350415648377362e-05
45060,0.3103328576118141,0.9071580654555902,0.0,1.0999801446655408,9.321804742539578e-05
45120,0.3093369512292992,0.9044011885970568,0.0,1.0999802058919037,9.293344227008511e-05
45180,0.3083469906568535,0.9016588883394506,0.0,1.099980266783384,9.265033148075187e-05
45240,0.30736293471527965,0.8989310718048864,0.0,1.099980327342169,9.236870558762298e-05
45300,0.30638474254595494,0.8962176467740354,0.0,1.0999803875704308,9.208855518759108e-05
45360,0.3054123736073066,0.8935185216796333,0.0,1.0999804474703243,9.180987094356355e-05
45420,0.3044457876712871,0.890833605599989,0.0,1.09998050704399,9.15326435838115e-05
45480,0.30348494533387566,0.8881628091295624,0.0,1.09998056629354,9.125686398857461e-05
45540,0.3025298067373855,0.8855060421983912,0.0,1.0999806252210895,9.098252297312054e-05
45600,0.30158033260284334,0.8828632158331371,0.0,1.0999806838287312,9.07096114629384e-05
45660,0.30063648398049125,0.8802342417308949,0.0,1.0999807421185426,9.043812045133387e-05
45720,0.2996982222228888,0.8776190322128203,0.0,1.0999808000925861,9.016804099481057e-05
45780,0.29876550898168625,0.8750175002181456,0.0,1.099980857752909,8.989936421246975e-05
45840,0.2978383062043984,0.8724295592981974,0.0,1.099980915101544,8.963208128540995e-05
45900,0.2969165761311779,0.8698551236104138,0.0,1.0999809721405096,8.936618345612662e-05
45960,0.29600028129158884,0.8672941079123608,0.0,1.0999810288718093,8.910166202791185e-05
46020,0.2950893848308525,0.864746428120122,0.0,1.0999810852974015,8.883850842047569e-05
46080,0.2941838498735377,0.8622120002178694,0.0,1.099981141419259,8.857671406131535e-05
46140,0.2932836397153867,0.8596907405859985,0.0,1.0999811972393514,8.831627041839902e-05
46200,0.29238871806711975,0.857182566418298,0.0,1.0999812527596209,8.805716904171924e-05
46260,0.2914990489188584,0.8546873954892568,0.0,1.0999813079819953,8.779940154010817e-05
46320,0.2906145965371874,0.8522051461485747,0.0,1.099981362908389,8.754295958068642e-05
46380,0.2897353254622166,0.8497357373156738,0.0,1.099981417540702,8.728783488831187e-05
46440,0.2888612005046428,0.8472790884742092,0.0,1.0999814718808205,8.703401924502866e-05
46500,0.2879921867428123,0.8448351196665802,0.0,1.099981525930617,8.678150448951598e-05
46560,0.2871282496852352,0.8424037517742331,0.0,1.099981579691963,8.653028254502698e-05
46620,0.28626935517518776,0.8399849063524623,0.0,1.099981633166722,8.628034540291655e-05
46680,0.2854154689103424,0.8375785048002432,0.0,1.0999816863567138,8.603168503987948e-05
46740,0.2845665570601459,0.8351844694262298,0.0,1.099981739263761,8.578429352421385e-05
46800,0.28372258605257317,0.8328027230799958,0.0,1.0999817918896737,8.553816297905624e-05
46860,0.2828835225714555,0.8304331891470047,0.0,1.0999818442362495,8.529328558187634e-05
46920,0.282049333553808,0.8280757915435807,0.0,1.0999818963052734,8.504965356397166e-05
46980,0.2812199861871579,0.8257304547118782,0.0,1.099981948098519,8.480725920996213e-05
47040,0.2803954479068718,0.8233971036148532,0.0,1.0999819996177465,8.456609485728484e-05
47100,0.2795756864305942,0.8210756637957692,0.0,1.0999820508646938,8.432615290212373e-05
47160,0.27876067005504607,0.8187660618939675,0.0,1.0999821018409803,8.408742585083455e-05
47220,0.27795036672944645,0.8164682240331058,0.0,1.099982152548399,8.384990615922814e-05
47280,0.2771447448962087,0.8141820772827998,0.0,1.0999822029886508,8.36135863783107e-05
47340,0.27634377323704307,0.8119075492166955,0.0,1.0999822531634236,8.337845911021422e-05
47400,0.2755474206705172,0.8096445679078462,0.0,1.0999823030743927,8.314451700773163e-05
47460,0.2747556563496173,0.8073930619240873,0.0,1.0999823527232206,8.291175277385186e-05
47520,0.2739684496593094,0.8051529603234122,0.0,1.0999824021115574,8.268015916129493e-05
47580,0.27318577021409973,0.8029241926493483,0.0,1.09998245124104,8.244972897204702e-05
47640,0.2724075878555964,0.8007066889263328,0.0,1.0999825001132941,8.222045505689558e-05
47700,0.27163387301708963,0.798500380307599,0.0,1.0999825487300632,8.199233038036537e-05
47760,0.2708645958632211,0.7963051975453381,0.0,1.099982597092903,8.176534786738179e-05
47820,0.2700997268735261,0.7941210720278696,0.0,1.0999826452033914,8.153950050722476e-05
47880,0.26933923681276156,0.7919479357265997,0.0,1.099982693063118,8.13147813482109e-05
47940,0.26858309666444313,0.7897857210775724,0.0,1.0999827406736622,8.109118348582006e-05
48000,0.2678312776285699,0.7876343609771354,0.0,1.0999827880365924,8.086870006225944e-05
48060,0.2670837511193486,0.7854937887776068,0.0,1.0999828351534666,8.064732426602788e-05
48120,0.26634048876291816,0.783363938282941,0.0,1.0999828820258326,8.042704933147996e-05
48180,0.2656014623950739,0.7812447437443956,0.0,1.0999829286552278,8.020786853839034e-05
48240,0.26486664405899196,0.7791361398561963,0.0,1.0999829750431798,7.998977521151783e-05
48300,0.26413600623602423,0.7770380621612848,0.0,1.0999830211911499,7.977276276099047e-05
48360,0.26340952158846204,0.7749504465983885,0.0,1.0999830671005946,7.95568246372149e-05
48420,0.2626871625759504,0.7728732288267854,0.0,1.0999831127730586,7.934195426365678e-05
48480,0.26196890209585433,0.7708063453526771,0.0,1.099983158210019,7.912814514895941e-05
48540,0.26125471324630706,0.7687497331119499,0.0,1.0999832034129424,7.891539084540591e-05
48600,0.26054456932413983,0.766703329466203,0.0,1.099983248383285,7.87036849485195e-05
48660,0.25983844382281157,0.7646670721987756,0.0,1.0999832931224924,7.849302109666356e-05
48720,0.25913631043033886,0.7626408995107749,0.0,1.0999833376320003,7.828339297064188e-05
48780,0.25843814302722545,0.7606247500171035,0.0,1.0999833819132339,7.807479429329886e-05
48840,0.25774391568439237,0.7586185627424874,0.0,1.0999834259676082,7.78672188291196e-05
48900,0.257053602696179,0.7566222771793433,0.0,1.099983469796533,7.76606603900062e-05
48960,0.2563671790427784,0.754635834102843,0.0,1.099983513401467,7.745511291667636e-05
49020,0.2556846190241952,0.7526591731619243,0.0,1.0999835567837566,7.725057023807087e-05
49080,0.25500589749885183,0.7506922350629357,0.0,1.0999835999447822,7.704702628943438e-05
49140,0.25433098951001254,0.7487349609106076,0.0,1.0999836428859162,7.684447504649422e-05
49200,0.2536598702839224,0.7467872922044501,0.0,1.0999836856085212,7.664291052509739e-05
49260,0.2529925152279463,0.7448491708351482,0.0,1.0999837281139515,7.64423267808476e-05
49320,0.2523288999287083,0.7429205390809599,0.0,1.099983770403552,7.62427179087423e-05
49380,0.2516690001502301,0.7410013396041114,0.0,1.0999838124786592,7.604407804280966e-05
49440,0.25101279183207054,0.7390915154471949,0.0,1.0999838543406013,7.584640135574567e-05
49500,0.25036025108746446,0.7371910100295641,0.0,1.0999838959906973,7.56496820585511e-05
49560,0.24971135453649582,0.7352997677447997,0.0,1.0999839374301073,7.545391446040066e-05
49620,0.2490660786138818,0.733417732718574,0.0,1.0999839786601426,7.525909284416869e-05
49680,0.2484243998607919,0.7315448493319252,0.0,1.0999840196821353,7.506521151886373e-05
49740,0.24778629510947725,0.7296810625522261,0.0,1.0999840604973523,7.487226485279255e-05
49800,0.2471517413608154,0.7278263177132284,0.0,1.099984101107051,7.468024725151688e-05
49860,0.24652071578263093,0.7259805605117858,0.0,1.099984141512479,7.4489153157523e-05
49920,0.2458931957080158,0.7241437370045756,0.0,1.0999841817148734,7.42989770498915e-05
49980,0.24526915863364998,0.722315793604821,0.0,1.0999842217154627,7.410971344396687e-05
50040,0.24464858221812194,0.7204966770790134,0.0,1.0999842615154645,7.392135689102716e-05
50100,0.24403144428024906,0.7186863345436343,0.0,1.0999843011160872,7.373390197795364e-05
50160,0.24341772291454075,0.716884713674654,0.0,1.0999843405186622,7.354734334821858e-05
50220,0.2428073964912477,0.7150917627073934,0.0,1.099984379724644,7.336167570186962e-05
50280,0.24220044312553138,0.713307429472104,0.0,1.0999844187350158,7.317689369890178e-05
50340,0.24159684129431908,0.7115316625141873,0.0,1.0999844575509852,7.299299207149115e-05
50400,0.24099656962980967,0.7097644107188952,0.0,1.0999844961737548,7.280996558639138e-05
50460,0.24039960691794357,0.7080056233083221,0.0,1.0999845346045214,7.26278090446304e-05
50520,0.2398059320968721,0.7062552498383989,0.0,1.0999845728444764,7.24465172812073e-05
50580,0.23921552425542716,0.7045132401958858,0.0,1.099984610894806,7.226608516478911e-05
50640,0.238628362631591,0.7027795445953648,0.0,1.0999846487566916,7.20865075974075e-05
50700,0.23804442661096561,0.7010541135762337,0.0,1.0999846864313099,7.190777951415565e-05
50760,0.23746369572524248,0.699336897999698,0.0,1.0999847239198328,7.172989588288502e-05
50820,0.23688614999957058,0.6976278496811857,0.0,1.0999847612224631,7.155285176746726e-05
50880,0.23631176907113885,0.6959269197848719,0.0,1.0999847983408677,7.137664216718606e-05
50940,0.23574053291207653,0.6942340601400188,0.0,1.099984835276175,7.120126214841654e-05
51000,0.23517242165535232,0.6925492229236813,0.0,1.0999848720294514,7.10267068128818e-05
51060,0.23460741557552478,0.6908723606254286,0.0,1.0999849086017517,7.08529712941215e-05
51120,0.23404549508734518,0.68920342604458,0.0,1.0999849449941173,7.068005075721284e-05
51180,0.23348664074435996,0.68754237228744,0.0,1.0999849812075777,7.050794039849164e-05
51240,0.23293083323751354,0.6858891527645339,0.0,1.0999850172431493,7.033663544527332e-05
51300,0.23237805339375092,0.6842437211878428,0.0,1.0999850531018356,7.016613115557396e-05
51360,0.2318282821746203,0.6826060315680393,0.0,1.0999850887846265,6.999642281783131e-05
51420,0.23128150086068713,0.6809760385506074,0.0,1.0999851242935827,6.982750578453899e-05
51480,0.2307376907422364,0.6793536968515256,0.0,1.0999851596300392,6.965937541577136e-05
51540,0.23019683308584812,0.6777389611960908,0.0,1.0999851947944186,6.949202707305924e-05
51600,0.22965890940715114,0.6761317868161538,0.0,1.0999852297878294,6.932545616914723e-05
51660,0.22912390135235033,0.6745321292338309,0.0,1.099985264611384,6.915965814634694e-05
51720,0.22859179069695632,0.672939944258971,0.0,1.0999852992661974,6.899462847628108e-05
51780,0.22806255934451491,0.671355187986622,0.0,1.09998533375339,6.883036265962777e-05
51840,0.22753618932533684,0.6697778167944981,0.0,1.0999853680740868,6.866685622586465e-05
51900,0.22701266279522722,0.6682077873404465,0.0,1.0999854022294182,6.850410473301308e-05
51960,0.2264919620342152,0.666645056559914,0.0,1.0999854362205208,6.834210376738237e-05
52020,0.22597406949878787,0.6650895817617235,0.0,1.0999854700478247,6.818084895317505e-05
52080,0.22545896796242723,0.6635413208860995,0.0,1.0999855037091644,6.802033597836674e-05
52140,0.22494663990623437,0.6620002313847946,0.0,1.0999855372078835,6.786056048237388e-05
52200,0.22443706812099729,0.660466271327137,0.0,1.0999855705447943,6.770151816699581e-05
52260,0.2239302355180844,0.6589393990523656,0.0,1.0999856037206817,6.754320476153997e-05
52320,0.22342612512829238,0.6574195731673139,0.0,1.0999856367363028,6.738561602258785e-05
52380,0.2229247201006938,0.6559067525440935,0.0,1.0999856695923855,6.72287477337609e-05
52440,0.22242600370148463,0.6544008963177776,0.0,1.0999857022896273,6.707259570548658e-05
52500,0.22192995931283202,0.6529019638840857,0.0,1.0999857348286943,6.691715577476422e-05
52560,0.2214365704317219,0.6514099148970661,0.0,1.099985767210221,6.6762423804931e-05
52620,0.2209458206688067,0.6499247092667806,0.0,1.0999857994348077,6.660839568542796e-05
52680,0.22045769397758144,0.6484463075849721,0.0,1.09998583151026,6.645506737455342e-05
52740,0.2199721741202548,0.6469746701323996,0.0,1.0999858634348363,6.630243479975645e-05
52800,0.21948924502027944,0.6455097575337165,0.0,1.099985895208363,6.615049392341265e-05
52860,0.21900889075642727,0.6440515307462862,0.0,1.0999859268320824,6.599924074169946e-05
52920,0.21853109551783545,0.6425999509764763,0.0,1.0999859583072764,6.584867127618709e-05
52980,0.2180558436029586,0.6411549796775362,0.0,1.0999859896352686,6.569878157362401e-05
53040,0.21758311941852082,0.6397165785474752,0.0,1.0999860208174252,6.554956770572242e-05
53100,0.21711290747846762,0.6382847095269403,0.0,1.0999860518551592,6.54010257689436e-05
53160,0.21664519240291827,0.6368593347970932,0.0,1.0999860827499313,6.525315188428346e-05
53220,0.21617995891711755,0.6354404167774894,0.0,1.0999861135032525,6.510594219705788e-05
53280,0.21571719197853095,0.6340279183645229,0.0,1.099986144107192,6.495939290085729e-05
53340,0.21525687663522217,0.6326218026653982,0.0,1.099986174554795,6.481350021081826e-05
53400,0.21479899780111777,0.6312220325760699,0.0,1.0999862048566589,6.466826032121928e-05
53460,0.21434354063215713,0.62982857148725,0.0,1.0999862350129883,6.452366947640948e-05
53520,0.213890490386019,0.628441383020912,0.0,1.0999862650239114,6.43797239443348e-05
53580,0.2134398324211452,0.6270604310283031,0.0,1.0999862948894783,6.423642001633691e-05
53640,0.21299155219576388,0.6256856795879554,0.0,1.0999863246096573,6.409375400695209e-05
53700,0.21254563526691325,0.6243170930036985,0.0,1.0999863541843322,6.395172225371014e-05
53760,0.21210206728946487,0.6229546358026709,0.0,1.0999863836132995,6.381032111693332e-05
53820,0.21166083401514726,0.6215982727333317,0.0,1.0999864128962644,6.366954697953524e-05
53880,0.21122192129156936,0.6202479687634731,0.0,1.099986442032839,6.352939624681979e-05
53940,0.21078531506124404,0.618903689078232,0.0,1.0999864710225387,6.338986534628002e-05
54000,0.2103510016234933,0.6175653995724869,0.0,1.0999864999041873,6.325095077697494e-05
54060,0.20991896708742697,0.6162330658219577,0.0,1.0999865286740578,6.311264900634777e-05
54120,0.20948919759387874,0.6149066535004346,0.0,1.0999865573192846,6.297495651206477e-05
54180,0.2090616794818846,0.613586128692713,0.0,1.099986585842965,6.283786981339512e-05
54240,0.2086363991828651,0.6122714576954366,0.0,1.0999866142484382,6.270138545123742e-05
54300,0.20821334321973933,0.6109626070152788,0.0,1.0999866425392972,6.256549998793565e-05
54360,0.20779249820603826,0.609659543367125,0.0,1.099986670719398,6.243021000709506e-05
54420,0.20737385084501878,0.6083622336722533,0.0,1.0999866987928704,6.229551211339814e-05
54480,0.20695738792877727,0.6070706450565164,0.0,1.0999867267641297,6.216140293242052e-05
54540,0.20654309633736337,0.6057847448485234,0.0,1.0999867546378854,6.202787911044691e-05
54600,0.20613096303789372,0.6045045005778209,0.0,1.0999867824191532,6.189493731428702e-05
54660,0.20572097508366555,0.6032298799730749,0.0,1.0999868101132644,6.176257423109149e-05
54720,0.20531312000367963,0.6019608516993855,0.0,1.0999868375383561,6.16307866425752e-05
54780,0.20490738480946813,0.6006973834778454,0.0,1.099986864801996,6.149957123571519e-05
54840,0.20450375680527771,0.5994394436192607,0.0,1.0999868919116191,6.136892475714689e-05
54900,0.20410222340885256,0.5981870006847115,0.0,1.0999869188601958,6.12388439789923e-05
54960,0.20370277212218943,0.5969400234300445,0.0,1.0999869456398628,6.110932569327106e-05
55020,0.20330539053074612,0.5956984808042334,0.0,1.0999869722418874,6.098036671173452e-05
55080,0.20291006630264985,0.59446234194774,0.0,1.0999869986566335,6.08519638656996e-05
55140,0.20251678718790567,0.593231576190875,0.0,1.0999870248735268,6.072411400588285e-05
55200,0.20212554101760494,0.5920061530521589,0.0,1.0999870508810188,6.059681400223439e-05
55260,0.2017363157031336,0.5907860422366825,0.0,1.0999870766665523,6.047006074377192e-05
55320,0.20134909923538086,0.5895712136344685,0.0,1.0999871022165268,6.034385113841463e-05
55380,0.2009638797357581,0.5883616374178385,0.0,1.0999871276108304,6.0218182122748894e-05
55440,0.20058064563512007,0.5871572843831941,0.0,1.0999871533508223,6.0093050696311436e-05
55500,0.2001993849567315,0.5859581245806844,0.0,1.099987179051987,5.996845378412645e-05
55560,0.19982008602442672,0.584764128667328,0.0,1.0999872047379042,5.9844388372438916e-05
55620,0.199442737239662,0.5835752674808474,0.0,1.0999872304347253,5.97208514659633e-05
55680,0.1990673270808046,0.5823915120381846,0.0,1.0999872561712865,5.959784008773303e-05
55740,0.1986938441024223,0.5812128335340163,0.0,1.0999872819792205,5.947535127895001e-05
55800,0.19832227693457258,0.580039203339269,0.0,1.0999873078930702,5.935338209883402e-05
55860,0.19795261428209185,0.5788705929996348,0.0,1.099987333950401,5.9231929624472266e-05
55920,0.19758484492388487,0.5777069742340867,0.0,1.0999873601919135,5.911099095066885e-05
55980,0.19721895771221393,0.5765483189333936,0.0,1.0999873866615553,5.899056318979421e-05
56040,0.1968549415719882,0.5753945991586363,0.0,1.0999874134066354,5.887064347163462e-05
56100,0.19649278560855632,0.5742457873487715,0.0,1.0999874398894902,5.87512289643821e-05
56160,0.19613247900957284,0.5731018561314466,0.0,1.0999874655159487,5.863231685550236e-05
56220,0.19577401079771564,0.5719627778464544,0.0,1.0999874909726777,5.851390430354301e-05
56280,0.1954173702001989,0.5708285252575445,0.0,1.0999875162194617,5.8395988510116216e-05
56340,0.19506254651502047,0.5696990712946113,0.0,1.0999875412108422,5.82785666938267e-05
56400,0.19470952911031636,0.5685743890523356,0.0,1.0999875658958753,5.816163609013396e-05
56460,0.1943583074237153,0.5674544517888258,0.0,1.099987590217892,5.8045193951214434e-05
56520,0.1940088709616932,0.566339232924258,0.0,1.0999876141142555,5.792923754582369e-05
56580,0.1936612092989276,0.5652287060395181,0.0,1.0999876375161222,5.781376415915862e-05
56640,0.19331531207765235,0.5641228448748422,0.0,1.0999876603481988,5.7698771092719606e-05
56700,0.1929711690070119,0.5630216233284576,0.0,1.0999876825285027,5.7584255664172724e-05
56760,0.19262876986241595,0.5619250154552241,0.0,1.0999877039681192,5.747021520721192e-05
56820,0.19228810464872761,0.5608329957866272,0.0,1.0999877259792512,5.7356647103816215e-05
56880,0.19194916327244196,0.5597455386876785,0.0,1.099987748462623,5.724354871941903e-05
56940,0.19161193564521278,0.5586626185598859,0.0,1.099987770802691,5.713091742336845e-05
57000,0.1912764118184788,0.5575842101052236,0.0,1.0999877930301734,5.7018750615536864e-05
57060,0.19094258190826238,0.5565102881785359,0.0,1.099987815180941,5.690704571144112e-05
57120,0.19061043609458328,0.5554408277862936,0.0,1.0999878372962846,5.6795800142116424e-05
57180,0.19027996462087207,0.5543758040853514,0.0,1.0999878594231816,5.668501135399022e-05
57240,0.18995115779338378,0.5533151923817046,0.0,1.0999878816145625,5.657467680875601e-05
57300,0.1896240059806116,0.5522589681292459,0.0,1.0999879039295781,5.646479398324728e-05
57360,0.18929849961270026,0.5512071069285227,0.0,1.0999879264338668,5.6355360369311315e-05
57420,0.18897462918085986,0.5501595845254937,0.0,1.0999879491998203,5.6246373473683115e-05
57480,0.18865238523677932,0.5491163768102861,0.0,1.099987972306852,5.6137830817859234e-05
57540,0.1883317586109995,0.5480774602410893,0.0,1.099987994469604,5.60297299804349e-05
57600,0.1880127398652368,0.5470428107806686,0.0,1.099988016466427,5.5922068490879666e-05
57660,0.18769531972171719,0.5460124047298663,0.0,1.0999880384456506,5.581484391278655e-05
57720,0.18737948898478554,0.5449862185752924,0.0,1.099988060413391,5.5708053828657226e-05
57780,0.18706523851778983,0.5439642289443367,0.0,1.0999880823749961,5.560169583540667e-05
57840,0.1867525592425496,0.5429464126040333,0.0,1.0999881043349657,5.54957675442477e-05
57900,0.18644144213882488,0.5419327464599246,0.0,1.0999881262968736,5.5390266580575583e-05
57960,0.18613187824378483,0.5409232075549253,0.0,1.099988148263289,5.528519058385254e-05
58020,0.18582385865147646,0.5399177730681859,0.0,1.0999881702356964,5.518053720749236e-05
58080,0.18551737451229353,0.5389164203139575,0.0,1.0999881922144195,5.507630411874493e-05
58140,0.18521241703244504,0.5379191267404552,0.0,1.0999882141985402,5.497248899858082e-05
58200,0.1849089775003571,0.5369258699816529,0.0,1.099988236130464,5.486908954695797e-05
58260,0.18460704742306244,0.5359366281252366,0.0,1.0999882576144173,5.4766103510068054e-05
58320,0.18430661803826756,0.5349513787535842,0.0,1.0999882789181616,5.4663528582820575e-05
58380,0.1840076807846746,0.5339700998679913,0.0,1.0999883000051351,5.456136250282088e-05
58440,0.18371022715546864,0.532992769600639,0.0,1.099988320834421,5.445960302108235e-05
58500,0.18341424869783807,0.5320193662135598,0.0,1.0999883413605622,5.4358247901921305e-05
58560,0.18311973701249482,0.5310498680976032,0.0,1.0999883615333774,5.4257294922851846e-05
58620,0.18282668375319489,0.5300842537714009,0.0,1.0999883812977758,5.4156741874480747e-05
58680,0.1825350806262585,0.5291225018803317,0.0,1.0999884005935723,5.405658656040234e-05
58740,0.1822449193900907,0.5281645911954883,0.0,1.0999884193553036,5.3956826797093385e-05
58800,0.18195619185470135,0.5272105006126412,0.0,1.0999884375120415,5.3857460413807946e-05
58860,0.18166888988122595,0.5262602091512052,0.0,1.0999884549872108,5.375848525247227e-05
58920,0.18138300545041275,0.525313696089108,0.0,1.099988472565586,5.365989918118075e-05
58980,0.1810985306161069,0.5243709408710385,0.0,1.0999884913142515,5.3561700085011946e-05
59040,0.18081545730600895,0.523431922715741,0.0,1.0999885100832147,5.3463885826725373e-05
59100,0.18053377759389683,0.5224966211523543,0.0,1.099988528934133,5.3366454300436216e-05
59160,0.18025348360343912,0.521565015830781,0.0,1.0999885479367197,5.326940341263565e-05
59220,0.17997456750776017,0.5206370865207413,0.0,1.0999885671691259,5.317273108209462e-05
59280,0.17969702152900557,0.5197128131108271,0.0,1.0999885867183192,5.307643523976757e-05
59340,0.17942083793790736,0.5187921756075562,0.0,1.0999886066804645,5.2980513828696155e-05
59400,0.17914600905334926,0.5178751541344255,0.0,1.0999886271613046,5.2884964803913015e-05
59460,0.1788725272419321,0.5169617289309661,0.0,1.0999886482765406,5.2789786132345485e-05
59520,0.1786003849175389,0.5160518803517965,0.0,1.099988670152211,5.269497579271937e-05
59580,0.17832957454090048,0.5151455888656765,0.0,1.099988692925073,5.260053177546265e-05
59640,0.17806008869645654,0.514242835212556,0.0,1.09998871486627,5.2506452098934775e-05
59700,0.1777919199520254,0.5133436001166801,0.0,1.0999887357783131,5.241273477978334e-05
59760,0.1775250608791534,0.512447864328126,0.0,1.099988756490832,5.231937783723761e-05
59820,0.17725950413433783,0.5115556087887665,0.0,1.0999887768783463,5.222637931025896e-05
59880,0.1769952424200883,0.5106668145526211,0.0,1.0999887967955042,5.21337372493123e-05
59940,0.1767322684845524,0.5097814627850339,0.0,1.0999888160759945,5.2041449716282604e-05
60000,0.17647057512114148,0.5088995347618507,0.0,1.099988834531461,5.1949514784391343e-05
60060,0.17621015516815636,0.5080210118685967,0.0,1.0999888519504144,5.185793053811305e-05
60120,0.17595100150841295,0.5071458755996542,0.0,1.0999888680971457,5.17666950730918e-05
60180,0.1756931070688682,0.5062741075574397,0.0,1.0999888827106392,5.167580649605773e-05
60240,0.1754364648564238,0.5054056895221108,0.0,1.099988899614754,5.158526293125352e-05
60300,0.17518106787255341,0.5045406032850558,0.0,1.0999889170507697,5.149506250505885e-05
60360,0.17492690917336345,0.5036788307659533,0.0,1.0999889345152012,5.140520335679295e-05
60420,0.17467398186346897,0.5028203540008321,0.0,1.0999889520644925,5.131568363761244e-05
60480,0.17442227909107957,0.5019651551324913,0.0,1.0999889697565892,5.122650150962705e-05
60540,0.17417179404799973,0.5011132164105008,0.0,1.0999889876509372,5.113765514589964e-05
60600,0.17392251996962851,0.5002645201912007,0.0,1.0999890058084831,5.104914273044623e-05
60660,0.1736744501349597,0.49941904893770184,0.0,1.0999890242916752,5.0960962458235946e-05
60720,0.1734275778144641,0.4985767850984476,0.0,1.0999890425163446,5.087311252255288e-05
60780,0.17318189637157583,0.49773771134368416,0.0,1.099989060513754,5.0785591139605774e-05
60840,0.172937399230049,0.4969018104893994,0.0,1.0999890785246582,5.0698396540612346e-05
60900,0.1726940798361725,0.4960690654092806,0.0,1.099989096529418,5.061152696263652e-05
60960,0.17245193167933962,0.4952394590826431,0.0,1.099989114503798,5.052498065357644e-05
61020,0.17221094829204808,0.49441297459443034,0.0,1.0999891324189672,5.0438755872164556e-05
61080,0.1719711232499,0.4935895951352139,0.0,1.099989150241498,5.0352850887967495e-05
61140,0.1717324501716019,0.49276930400119345,0.0,1.0999891679333669,5.026726398138617e-05
61200,0.1714949226007475,0.49195208432731835,0.0,1.0999891855251058,5.0181993416444734e-05
61260,0.17125853415199838,0.4911379194172946,0.0,1.0999892030253473,5.009703747443818e-05
61320,0.1710232786525589,0.49032679306296717,0.0,1.0999892203332813,5.0012394486496666e-05
61380,0.17078914987074084,0.48951868893154865,0.0,1.0999892374066158,4.9928062771107147e-05
61440,0.17055614161636104,0.4887135907922691,0.0,1.0999892541994534,4.9844040657222705e-05
61500,0.1703242477407413,0.48791148251637595,0.0,1.0999892706622891,4.97603264842625e-05
61560,0.17009346213670848,0.4871123480771339,0.0,1.099989286742013,4.967691860211179e-05
61620,0.1698637787385943,0.4863161715498251,0.0,1.099989302381907,4.9593815371121916e-05
61680,0.1696351914222998,0.48552293688652914,0.0,1.0999893178444096,4.95110151391859e-05
61740,0.16940769397024202,0.4847326278371257,0.0,1.0999893338243232,4.942851623369755e-05
61800,0.16918128059765697,0.483945229135395,0.0,1.0999893497490238,4.934631708228083e-05
61860,0.16895594537280859,0.48316072519237424,0.0,1.0999893656510027,4.9264416079790815e-05
61920,0.16873168240318653,0.48237910051598093,0.0,1.099989381566506,4.918281163102576e-05
61980,0.16850848583550596,0.4816003397110131,0.0,1.0999893975355355,4.910150215072717e-05
62040,0.1682863498557077,0.48082442747914933,0.0,1.0999894136018478,4.902048606357977e-05
62100,0.16806526868895824,0.48005134861894866,0.0,1.0999894298129553,4.8939761804211503e-05
62160,0.1678452365621554,0.4792810879410794,0.0,1.099989446166491,4.8859327808543894e-05
62220,0.16762624743785773,0.47851362966675726,0.0,1.0999894622296051,4.877918245241158e-05
62280,0.1674082958599976,0.4777489593398271,0.0,1.0999894783487263,4.8699324246661905e-05
62340,0.16719137617811883,0.4769870620728333,0.0,1.099989494539862,4.86197516581924e-05
62400,0.16697548277864946,0.4762279230699074,0.0,1.0999895108194255,4.854046316330369e-05
62460,0.1667606100849019,0.47547152762676775,0.0,1.099989527204237,4.846145724769953e-05
62520,0.16654675255707294,0.4747178611307199,0.0,1.0999895437115217,4.838273240648676e-05
62580,0.16633390469224363,0.47396690906065636,0.0,1.0999895603589123,4.830428714417535e-05
62640,0.16612206102437946,0.4732186569870568,0.0,1.0999895771644463,4.8226119974678354e-05
62700,0.16591121572170797,0.4724730896561972,0.0,1.0999895933538926,4.814822932771886e-05
62760,0.16570136360081258,0.4717301932967728,0.0,1.0999896093572807,4.807061378456501e-05
62820,0.16549249930397708,0.4709899537487139,0.0,1.099989625189271,4.799327188679649e-05
62880,0.16528461748291914,0.47025235688110006,0.0,1.0999896408108858,4.791620217901498e-05
62940,0.16507771282441747,0.46951738865045084,0.0,1.0999896561799647,4.783940321480142e-05
63000,0.16487178005031167,0.46878503510072506,0.0,1.0999896712511625,4.7762873556716005e-05
63060,0.16466681391750237,0.4680552823633214,0.0,1.0999896859759513,4.768661177629817e-05
63120,0.16446280921795112,0.46732811665707824,0.0,1.0999897003026187,4.761061645406659e-05
63180,0.16425976077868037,0.46660352428827345,0.0,1.0999897141762693,4.753488617951921e-05
63240,0.16405766315519443,0.4658814909492958,0.0,1.0999897284837972,4.745941947957075e-05
63300,0.16385651123777314,0.46516200310559935,0.0,1.0999897431850982,4.738421496007531e-05
63360,0.16365630005901194,0.4644450475554326,0.0,1.0999897579062923,4.730927126090183e-05
63420,0.1634570245530441,0.46373061087903694,0.0,1.099989772681876,4.7234586999731234e-05
63480,0.1632586796870012,0.4630186797393753,0.0,1.099989787549519,4.7160160802742225e-05
63540,0.16306126046101338,0.46230924088213193,0.0,1.0999898025500656,4.708599130461133e-05
63600,0.16286476190820906,0.46160228113571233,0.0,1.099989817727534,4.701207714851285e-05
63660,0.16266917909471507,0.4608977874112433,0.0,1.0999898331291156,4.693841698611891e-05
63720,0.16247450711965664,0.4601957467025732,0.0,1.0999898488051758,4.6865009477599416e-05
63780,0.16228074094143174,0.45949614568649544,0.0,1.0999898643246833,4.6791853250769416e-05
63840,0.16208787549615392,0.45879897099530864,0.0,1.0999898791055804,4.671894692894171e-05
63900,0.16189590617709704,0.4581042103201104,0.0,1.0999898937520938,4.6646289243671095e-05
63960,0.1617048281823033,0.45741185090951886,0.0,1.0999899082350237,4.657387888134054e-05
64020,0.16151463674071898,0.4567218800900537,0.0,1.0999899225225032,4.650171453633826e-05
64080,0.1613253271121943,0.4560342852661366,0.0,1.0999899365799968,4.6429794911057793e-05
64140,0.16113689458748348,0.4553490539200907,0.0,1.0999899503703012,4.635811871589796e-05
64200,0.16094933448824478,0.454666173612141,0.0,1.0999899638535453,4.6286684669262844e-05
64260,0.16076264216704042,0.4539856319804143,0.0,1.0999899769871893,4.621549149756185e-05
64320,0.1605768129616776,0.45330741663523794,0.0,1.0999899898546948,4.614453792440878e-05
64380,0.16039184188918046,0.45263151445068195,0.0,1.0999900035279195,4.6073822598229324e-05
64440,0.16020772465283925,0.451957913895888,0.0,1.099990017229223,4.6003344330483756e-05
64500,0.16002445669860832,0.45128660285062117,0.0,1.0999900309905652,4.593310187245302e-05
64560,0.15984203350139878,0.4506175692680404,0.0,1.099990044846726,4.5863093982962706e-05
64620,0.15966045056507858,0.4499508011746987,0.0,1.0999900588353035,4.579331942838308e-05
64680,0.15947970342247245,0.449286286670543,0.0,1.099990072996716,4.572377698262908e-05
64740,0.15929978763536193,0.44862401392891416,0.0,1.0999900873742006,4.56544654271603e-05
64800,0.15912069879448537,0.4479639711965471,0.0,1.0999901020138134,4.5585383550981026e-05
64860,0.15894243251953788,0.4473061467935705,0.0,1.09999011696443,4.5516530150640194e-05
64920,0.15876498410978038,0.44665052829953117,0.0,1.0999901311177689,4.544790394701806e-05
64980,0.1585883493780791,0.44599710449645524,0.0,1.0999901449773986,4.537950378396679e-05
65040,0.1584125240573264,0.44534586398598663,0.0,1.0999901586880567,4.531132848693945e-05
65100,0.15823750385431126,0.4446967953148901,0.0,1.0999901722145011,4.524337687582036e-05
65160,0.15806328450301138,0.44404988709920495,0.0,1.0999901855184389,4.517564777761738e-05
65220,0.1578898617645932,0.44340512802424537,0.0,1.0999901985585259,4.510814002646192e-05
65280,0.15771723142741165,0.44276250684460017,0.0,1.0999902112903672,4.504085246360895e-05
65340,0.15754538930701054,0.44212201238413296,0.0,1.099990223666517,4.497378393743701e-05
65400,0.15737433124612218,0.4414836335359821,0.0,1.0999902356364784,4.4906933303448183e-05
65460,0.15720405290710027,0.4408473587759419,0.0,1.0999902479243024,4.4840299374495515e-05
65520,0.15703455012580786,0.4402131769921141,0.0,1.0999902607028365,4.477388100564185e-05
65580,0.15686581892930793,0.43958107752638165,0.0,1.0999902735274478,4.470767709840193e-05
65640,0.15669785524306987,0.43895104948798613,0.0,1.0999902864329045,4.464168653053326e-05
65700,0.15653065501812338,0.4383230820516267,0.0,1.0999902994570234,4.457590818652651e-05
65760,0.1563642142310588,0.43769716445746015,0.0,1.0999903126406696,4.451034095760548e-05
65820,0.15619852888402683,0.43707328601110096,0.0,1.0999903260277573,4.444498374172709e-05
65880,0.15603359500473865,0.43645143608362114,0.0,1.099990339665249,4.437983544358141e-05
65940,0.15586940864646592,0.43583160411155025,0.0,1.0999903536031561,4.4314894974591625e-05
66000,0.15570596579092147,0.43521377936781597,0.0,1.0999903675033134,4.425016122947255e-05
66060,0.15554326232914514,0.43459795091666276,0.0,1.0999903805623827,4.4185633081617116e-05
66120,0.1553812945525385,0.43398410877177535,0.0,1.0999903934898827,4.412130950161643e-05
66180,0.15522005859268503,0.43337224257507395,0.0,1.0999904062516217,4.405718942205025e-05
66240,0.15505955060520546,0.43276234203034347,0.0,1.0999904188103207,4.3993271781863816e-05
66300,0.1548997667697575,0.4321543969032335,0.0,1.0999904311256126,4.39295555263678e-05
66360,0.15474070329003592,0.4315483970212583,0.0,1.099990443154042,4.3866039607238275e-05
66420,0.15458235639377266,0.43094433227379664,0.0,1.0999904548490655,4.380272298251678e-05
66480,0.15442472233273663,0.430342192612092,0.0,1.0999904661610522,4.3739604616610293e-05
66540,0.15426779737397298,0.42974196802846754,0.0,1.099990477075699,4.367668347816318e-05
66600,0.154111577486404,0.42914364781279507,0.0,1.0999904889882735,4.361395846393289e-05
66660,0.15395605919951633,0.4285472225897079,0.0,1.0999905009383042,4.355142860736433e-05
66720,0.15380123883914687,0.42795268250552276,0.0,1.0999905129606293,4.34890928929629e-05
66780,0.15364711275373924,0.42736001776502774,0.0,1.0999905250932713,4.342695031125198e-05
66840,0.15349367731434374,0.426769218631482,0.0,1.0999905373774368,4.3364999858772986e-05
66900,0.15334092891461748,0.4261802754266159,0.0,1.0999905498575158,4.3303240538085335e-05
66960,0.15318886397082435,0.42559317853063117,0.0,1.0999905625810826,4.324167135776643e-05
67020,0.1530374789218349,0.4250079183822006,0.0,1.0999905755988957,4.318029133241172e-05
67080,0.15288677022912645,0.42442448547846817,0.0,1.0999905889648967,4.311909948263463e-05
67140,0.15273673414258787,0.42384286981610236,0.0,1.0999906016080034,4.305809477781808e-05
67200,0.15258736722194954,0.4232630621357777,0.0,1.0999906138440376,4.2997276263576945e-05
67260,0.15243866603733158,0.42268505320748173,0.0,1.0999906259331513,4.2936642988557665e-05
67320,0.1522906271190096,0.4221088337106225,0.0,1.0999906378378284,4.28761939921586e-05
67380,0.15214324701852788,0.4215343943798863,0.0,1.099990649517291,4.281592831946908e-05
67440,0.15199652230869973,0.42096172600523735,0.0,1.0999906609275005,4.275584502126938e-05
67500,0.1518504495836072,0.42039081943191786,0.0,1.099990672021157,4.269594315403074e-05
67560,0.15170502545860112,0.41982166556044825,0.0,1.0999906827476988,4.2636221779915365e-05
67620,0.1515602465703013,0.41925425534662697,0.0,1.0999906930533032,4.2576679966776414e-05
67680,0.15141610944318656,0.418688579481186,0.0,1.099990703585174,4.2517316755334384e-05
67740,0.15127261066813355,0.41812462881849943,0.0,1.0999907147490116,4.2458131203104105e-05
67800,0.1511297470416685,0.4175623947109559,0.0,1.0999907259738855,4.239912241865568e-05
67860,0.15098751526565857,0.41700186828785507,0.0,1.0999907372976019,4.234028948772772e-05
67920,0.15084591206199233,0.41644304073077937,0.0,1.0999907487612912,4.228163150144288e-05
67980,0.15070493417257977,0.415885903273594,0.0,1.0999907604094086,4.222314755630786e-05
68040,0.15056457835935227,0.4153304472024467,0.0,1.0999907722897322,4.2164836754213415e-05
68100,0.1504248414042626,0.41477666385576817,0.0,1.0999907844533654,4.2106698202434345e-05
68160,0.150285720109285,0.4142245446242717,0.0,1.0999907969547347,4.2048731013629486e-05
68220,0.15014721124391206,0.4136740808241119,0.0,1.0999908095478608,4.199093429283954e-05
68280,0.15000931145284616,0.41312526347387796,0.0,1.0999908211523517,4.193330711462726e-05
68340,0.149872017735677,0.41257808445343946,0.0,1.0999908326283419,4.187584864186766e-05
68400,0.14973532695629574,0.4120325353187473,0.0,1.099990843938449,4.181855800425637e-05
68460,0.14959923599745217,0.41148860767522566,0.0,1.0999908550418873,4.17614343365851e-05
68520,0.14946374176075453,0.41094629317777204,0.0,1.0999908658944682,4.170447677874161e-05
68580,0.14932884116666964,0.41040558353075746,0.0,1.0999908764485997,4.164768447570973e-05
68640,0.14919453115452283,0.40986647048802605,0.0,1.0999908866532868,4.159105657756936e-05
68700,0.14906080868249794,0.4093289458528954,0.0,1.0999908964541312,4.153459223949646e-05
68760,0.1489276707276374,0.40879300147815656,0.0,1.0999909057933313,4.1478290621763056e-05
68820,0.14879511404078705,0.4082586286704587,0.0,1.0999909161635417,4.142215082865611e-05
68880,0.14866313576982315,0.4077258197050847,0.0,1.0999909266560794,4.1366172063819786e-05
68940,0.14853173294323974,0.40719456657079134,0.0,1.0999909372354248,4.131035350153711e-05
69000,0.1484009025957606,0.4066648612751145,0.0,1.0999909479427306,4.125469431803941e-05
69060,0.14827064177988256,0.4061366958724246,0.0,1.0999909588226304,4.1199193694383534e-05
69120,0.14814094756587523,0.40561006246392706,0.0,1.0999909699232382,4.114385081645175e-05
69180,0.14801181704178132,0.40508495319766186,0.0,1.0999909812961488,4.1088664874951824e-05
69240,0.14788324731341632,0.4045613602685037,0.0,1.0999909929964373,4.1033635065416994e-05
69300,0.1477552355043687,0.4040392759181622,0.0,1.0999910050826591,4.0978760588205956e-05
69360,0.14762777860061366,0.4035186920552409,0.0,1.0999910165386466,4.092404060952335e-05
69420,0.14750087376530605,0.40299960102494947,0.0,1.099991027457814,4.0869474340387394e-05
69480,0.14737451822162148,0.40248199532263434,0.0,1.0999910382302087,4.081506100723991e-05
69540,0.14724870914792135,0.4019658673374422,0.0,1.099991048815075,4.076079982564783e-05
69600,0.14712344373932515,0.40145120950287333,0.0,1.0999910591680955,4.070669001574898e-05
69660,0.1469987192077106,0.40093801429678155,0.0,1.0999910692413926,4.0652730802252125e-05
69720,0.14687453278171358,0.40042627424137406,0.0,1.0999910789835277,4.059892141443693e-05
69780,0.14675088170672812,0.3999159819032118,0.0,1.099991088339502,4.0545261086153984e-05
69840,0.14662776324490648,0.3994071298932092,0.0,1.0999910972507558,4.049174905582479e-05
69900,0.14650517459256893,0.39889971066348223,0.0,1.0999911062817225,4.0438384545591274e-05
69960,0.1463831129478157,0.3983937166736575,0.0,1.0999911161069047,4.0385166778384926e-05
70020,0.1462615757089134,0.3978891408788556,0.0,1.0999911260058528,4.0332095028010905e-05
70080,0.14614056019004193,0.3973859760304963,0.0,1.099991136019597,4.027916854738625e-05
70140,0.14602006372119042,0.3968842149220187,0.0,1.099991146192806,4.022638659375933e-05
70200,0.14590008364815696,0.3963838503888807,0.0,1.0999911565737883,4.0173748428709825e-05
70260,0.14578061733254893,0.3958848753085595,0.0,1.0999911672144909,4.0121253318148756e-05
70320,0.14566166215178272,0.39538728260055134,0.0,1.0999911781705003,4.0068900532318444e-05
70380,0.1455432154990839,0.3948910652263716,0.0,1.099991189501042,4.0016689345792536e-05
70440,0.1454252747593997,0.39439621612995146,0.0,1.0999912010692132,3.996461903135623e-05
70500,0.1453078371815719,0.3939027279213359,0.0,1.0999912114818549,3.9912688827529745e-05
70560,0.14519090032176235,0.3934105939739189,0.0,1.0999912217670769,3.9860898051227554e-05
70620,0.14507446162263699,0.3929198073831543,0.0,1.0999912318842437,3.9809245990843456e-05
70680,0.14495851854178293,0.3924303612843181,0.0,1.0999912417889957,3.975773193887701e-05
70740,0.14484306855170873,0.3919422488525084,0.0,1.099991251433249,3.970635519193353e-05
70800,0.14472810913984407,0.3914554633026457,0.0,1.0999912607651963,3.965511505072409e-05
70860,0.1446136378085401,0.3909699978894727,0.0,1.0999912697293057,3.96040108200655e-05
70920,0.14449965207506918,0.3904858459075542,0.0,1.0999912782663217,3.955304180888035e-05
70980,0.144386149471625,0.39000300069127736,0.0,1.099991286313265,3.9502207330196985e-05
71040,0.1442731273772718,0.3895214551962601,0.0,1.0999912952699955,3.945150665817821e-05
71100,0.14416058342406618,0.3890412030109449,0.0,1.099991304455025,3.9400939131968374e-05
71160,0.14404851519856868,0.3885622376131055,0.0,1.0999913137103972,3.935050407936859e-05
71220,0.14393692027915003,0.3880845524627705,0.0,1.099991323076122,3.930020082637612e-05
71280,0.14382579625827177,0.38760814105772284,0.0,1.0999913325957318,3.925002870288164e-05
71340,0.14371514074248656,0.3871329969334993,0.0,1.0999913423162806,3.919998704266928e-05
71400,0.14360495135243787,0.38665911366339045,0.0,1.0999913522883455,3.915007518341658e-05
71460,0.1434952257228602,0.3861864848584411,0.0,1.0999913625660256,3.910029246669452e-05
71520,0.143385961502579,0.38571510416744975,0.0,1.0999913732069422,3.905063823796753e-05
71580,0.1432771562518424,0.38524496502026284,0.0,1.099991383480111,3.90011118201639e-05
71640,0.14316880762385611,0.3847760610816746,0.0,1.0999913932665581,3.895171256040776e-05
71700,0.14306091335655827,0.38430838623086105,0.0,1.0999914029958608,3.890243982790161e-05
71760,0.14295347114268064,0.3838419342364887,0.0,1.0999914126436157,3.885329298047674e-05
71820,0.14284647868826736,0.383376698903031,0.0,1.0999914221829337,3.8804271379657404e-05
71880,0.14273993371267477,0.3829126740707683,0.0,1.09999143158444,3.87553743906608e-05
71940,0.14263383394857135,0.3824498536157876,0.0,1.0999914408162736,3.870660138239713e-05
72000,0.1425281771419379,0.381988231449983,0.0,1.099991449844088,3.865795172746954e-05
72060,0.14242296105206748,0.3815278015210554,0.0,1.0999914586310506,3.860942480217415e-05
72120,0.1423181834022537,0.38106855768827425,0.0,1.0999914673688653,3.856101997375124e-05
72180,0.1422138418810039,0.3806104937255339,0.0,1.0999914764720895,3.851273660069887e-05
72240,0.1421099343628247,0.3801536038776125,0.0,1.0999914855437647,3.846457408985384e-05
72300,0.142006458648804,0.3796978822065805,0.0,1.099991494590776,3.841653182932286e-05
72360,0.14190341255261366,0.3792433228084803,0.0,1.0999915036209353,3.8368609210717344e-05
72420,0.14180079390050931,0.378789919813326,0.0,1.0999915126429811,3.832080562915333e-05
72480,0.1416986005313306,0.37833766738510366,0.0,1.0999915216665779,3.8273120483251554e-05
72540,0.14159683029650097,0.37788655972177104,0.0,1.0999915307023167,3.822555317513739e-05
72600,0.1414954810600277,0.37743659105525784,0.0,1.099991539761715,3.817810311044089e-05
72660,0.14139455069189066,0.3769877556347013,0.0,1.099991548848359,3.8130769696573854e-05
72720,0.14129403692720735,0.376540047369344,0.0,1.099991557769219,3.8083552306029424e-05
72780,0.14119393776425918,0.3760934608377746,0.0,1.0999915666679083,3.803645038010465e-05
72840,0.14109425110684243,0.37564799038106816,0.0,1.0999915755455205,3.7989463335699884e-05
72900,0.14099497487065493,0.3752036303725411,0.0,1.0999915844031607,3.794259059304232e-05
72960,0.14089610698329594,0.3747603752177514,0.0,1.099991593241947,3.789583157568597e-05
73020,0.1407976453842662,0.3743182193544984,0.0,1.0999916020630087,3.78491857105117e-05
73080,0.14069958802496796,0.37387715725282306,0.0,1.099991610867488,3.780265242772719e-05
73140,0.14060193286870487,0.3734371834150078,0.0,1.099991619656539,3.775623116086695e-05
73200,0.1405046778906821,0.3729982923755765,0.0,1.0999916284313276,3.770992134679235e-05
73260,0.14040782096297674,0.37256047840812456,0.0,1.0999916371691658,3.766372239550353e-05
73320,0.14031136011482873,0.3721237361887093,0.0,1.099991645877517,3.761763375844949e-05
73380,0.14021529337462424,0.3716880603931208,0.0,1.0999916545612094,3.757165488705857e-05
73440,0.14011961875481443,0.3712534456584452,0.0,1.099991663219309,3.752578522878066e-05
73500,0.14002433427911185,0.37081988665237875,0.0,1.0999916718507599,3.7480024234224464e-05
73560,0.1399294379824903,0.37038737807322764,0.0,1.0999916804543863,3.743437135715751e-05
73620,0.13983492791118496,0.36995591464990807,0.0,1.0999916890288919,3.7388826054506185e-05
73680,0.1397408021226923,0.36952549114194616,0.0,1.0999916975728588,3.734338778635571e-05
73740,0.1396470586857702,0.3690961023394782,0.0,1.099991706084749,3.729805601595014e-05
73800,0.13955369557692807,0.36866774279800446,0.0,1.09999171458908,3.725283018237494e-05
73860,0.13946071084155215,0.3682404072512761,0.0,1.0999917230956784,3.720770974307981e-05
73920,0.1393681026602289,0.36781409078125044,0.0,1.0999917315829075,3.7162694191382195e-05
73980,0.13927586913775333,0.36738878827742005,0.0,1.099991740051025,3.711778300078415e-05
74040,0.1391840083897264,0.36696449465872055,0.0,1.099991748500283,3.707297564782635e-05
74100,0.13909251854255483,0.3665412048735304,0.0,1.0999917569309274,3.7028271612088146e-05
74160,0.13900139773345146,0.3661189138996713,0.0,1.0999917653431992,3.6983670376187506e-05
74220,0.1389106441104349,0.36569761674440765,0.0,1.0999917737373337,3.693917142578107e-05
74280,0.13882025583232974,0.365277308444447,0.0,1.099991782113561,3.6894774249564096e-05
74340,0.13873023106876642,0.3648579840659398,0.0,1.099991790472105,3.685047833927051e-05
74400,0.13864056800018132,0.3644396387044795,0.0,1.0999917988131849,3.6806283189672876e-05
74460,0.13855126481781677,0.36402226748510247,0.0,1.0999918071370138,3.676218829858241e-05
74520,0.1384623195280557,0.36360586505780046,0.0,1.099991815413152,3.6718193114992466e-05
74580,0.13837373036038875,0.36319042664939,0.0,1.0999918236444073,3.667429714720067e-05
74640,0.13828549561398967,0.36277594766793514,0.0,1.0999918318428048,3.663049992214732e-05
74700,0.13819761351039814,0.36236242332291596,0.0,1.099991840006511,3.6586800946372395e-05
74760,0.13811008228131108,0.3619498488515835,0.0,1.0999918481335855,3.654319972928263e-05
74820,0.13802290016858285,0.3615382195189593,0.0,1.0999918562219808,3.649969578315152e-05
74880,0.13793606542422507,0.3611275306178359,0.0,1.0999918642695425,3.645628862311932e-05
74940,0.13784957631040679,0.3607177774687764,0.0,1.0999918722740085,3.6412977767193033e-05
75000,0.1377634310994543,0.3603089554201149,0.0,1.0999918802330102,3.636976273624643e-05
75060,0.13767762807385134,0.3599010598479559,0.0,1.0999918881440716,3.632664305402005e-05
75120,0.13759216552623893,0.35949408615617506,0.0,1.09999189600461,3.6283618247121166e-05
75180,0.13750704175941547,0.3590880297764185,0.0,1.099991903811935,3.624068784502383e-05
75240,0.13742225481753492,0.3586828854714802,0.0,1.0999919117216752,3.6197851308193236e-05
75300,0.13733780313570748,0.3582786490187981,0.0,1.0999919196649177,3.615510820178415e-05
75360,0.13725368508881156,0.35787531604116146,0.0,1.0999919276141286,3.611245807499656e-05
75420,0.13716989900604315,0.35747288204441685,0.0,1.0999919355745773,3.606990046496607e-05
75480,0.13708644322604693,0.35707134256034484,0.0,1.0999919435518437,3.602743491150558e-05
75540,0.13700331609691624,0.35667069314666017,0.0,1.0999919515518186,3.5985060957105197e-05
75600,0.13692051597619298,0.3562709293870116,0.0,1.0999919595807033,3.594277814693232e-05
75660,0.13683804123086776,0.355872046890982,0.0,1.0999919676450096,3.5900586028831594e-05
75720,0.1367558902373798,0.3554740412940884,0.0,1.09999197575156,3.5858484153324895e-05
75780,0.13667406138161695,0.3550769082577818,0.0,1.0999919839074874,3.58164720736114e-05
75840,0.1365925530589157,0.35468064346944733,0.0,1.0999919921202357,3.5774549345567496e-05
75900,0.13651136367406122,0.3542852426424043,0.0,1.0999920003975592,3.573271552774686e-05
75960,0.1364304913402375,0.3538907007302942,0.0,1.0999920082405654,3.569097010065083e-05
76020,0.136349934675107,0.35349701400450984,0.0,1.0999920159842855,3.5649312680205326e-05
76080,0.13626969211058573,0.35310417825300194,0.0,1.0999920236353598,3.560774283266995e-05
76140,0.13618976207601638,0.3527121892582832,0.0,1.0999920311804938,3.556626012375774e-05
76200,0.136110143009536,0.352321042827093,0.0,1.099992038605603,3.552486412168355e-05
76260,0.13603083335807603,0.3519307347903974,0.0,1.0999920458958112,3.548355439716406e-05
76320,0.13595183157736232,0.3515412610033894,0.0,1.0999920530354508,3.544233052341775e-05
76380,0.135873136131915,0.3511526173454885,0.0,1.0999920600080633,3.540119207616488e-05
76440,0.13579474549504875,0.3507647997203412,0.0,1.0999920667963992,3.536013863362756e-05
76500,0.1357166581488724,0.35037780405582053,0.0,1.0999920733824178,3.5319169776529686e-05
76560,0.1356388725842893,0.34999162630402636,0.0,1.0999920797472869,3.527828508809696e-05
76620,0.1355613872745684,0.34960626237173914,0.0,1.099992086005641,3.523748414686054e-05
76680,0.13548420049439905,0.3492217076442717,0.0,1.0999920933247753,3.519676647738698e-05
76740,0.13540731093553093,0.3488379586054956,0.0,1.0999921007972173,3.515613171791246e-05
76800,0.13533071711289585,0.3484550112750796,0.0,1.0999921084576074,3.5115579458634143e-05
76860,0.13525441754964476,0.3480728616954056,0.0,1.0999921163427162,3.5075109292094355e-05
76920,0.13517841077714782,0.34769150593156845,0.0,1.099992124491446,3.503472081318061e-05
76980,0.13510269533499433,0.3473109400713762,0.0,1.099992132944829,3.49944136191256e-05
77040,0.13502726977099277,0.34693116022535003,0.0,1.099992141746029,3.495418730950721e-05
77100,0.13495213264117084,0.3465521625267242,0.0,1.0999921509403408,3.49140414862485e-05
77160,0.1348772825097753,0.34617394313144617,0.0,1.0999921605751892,3.487397575361773e-05
77220,0.13480271794927215,0.3457964982181764,0.0,1.0999921707001312,3.483398971822833e-05
77280,0.13472843754034658,0.3454198239882884,0.0,1.0999921813668534,3.47940829890389e-05
77340,0.13465443981411407,0.3450439165123281,0.0,1.099992191917728,3.4754255161618274e-05
77400,0.13458072321572223,0.34466877163330567,0.0,1.0999922005377103,3.471450580823484e-05
77460,0.13450728648203228,0.3442943859701699,0.0,1.0999922089040213,3.467483458069317e-05
77520,0.13443412821654846,0.3439207557884247,0.0,1.0999922169530512,3.463524109459408e-05
77580,0.13436124703047925,0.34354787737491854,0.0,1.0999922246169827,3.4595724967743386e-05
77640,0.13428864154273748,0.3431757470378454,0.0,1.0999922318237894,3.455628582015188e-05
77700,0.13421631037994014,0.3428043611067442,0.0,1.0999922384972378,3.4516923274035356e-05
77760,0.13414425217640857,0.3424337159324989,0.0,1.0999922445568857,3.4477636953814585e-05
77820,0.13407246557416835,0.3420638078873384,0.0,1.099992249918083,3.443842648611531e-05
77880,0.1340009492229494,0.341694633364837,0.0,1.0999922544919716,3.439929149976827e-05
77940,0.1339297017801858,0.3413261887799139,0.0,1.0999922581854855,3.4360231625809214e-05
78000,0.13385872191101597,0.34095847056883316,0.0,1.0999922609013504,3.432124649747884e-05
78060,0.13378800822541936,0.34059147502213794,0.0,1.0999922639572068,3.428233573285896e-05
78120,0.13371755933395071,0.34022519843277016,0.0,1.0999922688274226,3.424349895026724e-05
78180,0.13364737398957924,0.33985963747302483,0.0,1.0999922739411063,3.4204735807435536e-05
78240,0.1335774508777383,0.3394947886365827,0.0,1.0999922794216856,3.416604594351813e-05
78300,0.13350778869091903,0.33913064843675134,0.0,1.0999922854029764,3.412742899969567e-05
78360,0.13343838612867018,0.33876721340646493,0.0,1.0999922920291836,3.4088884619175224e-05
78420,0.1333692418975982,0.33840448009828433,0.0,1.0999922994548996,3.405041244719021e-05
78480,0.13330035471136725,0.33804244508439724,0.0,1.0999923078451064,3.4012012131000474e-05
78540,0.13323172329069918,0.3376811049566179,0.0,1.0999923173751733,3.397368331989223e-05
78600,0.1331633463633735,0.3373204563263874,0.0,1.0999923282308586,3.3935425665178066e-05
78660,0.13309522258769124,0.33696049561826197,0.0,1.0999923366597202,3.3897238799091494e-05
78720,0.13302735073494928,0.33660121956226896,0.0,1.0999923443851738,3.385912238510572e-05
78780,0.13295972956108498,0.3362426248475759,0.0,1.0999923519844943,3.3821076082538626e-05
78840,0.13289235781613162,0.3358847081480034,0.0,1.099992359376635,3.378309954916018e-05
78900,0.1328252342568223,0.335527466156033,0.0,1.09999236647247,3.3745192444668006e-05
78960,0.1327583576465898,0.33517089558280705,0.0,1.0999923731747951,3.370735443068743e-05
79020,0.13269172675556665,0.3348149931581288,0.0,1.0999923793783273,3.366958517077146e-05
79080,0.1326253403605851,0.33445975563046226,0.0,1.0999923849697053,3.363188433040076e-05
79140,0.13255919724517717,0.3341051797669325,0.0,1.0999923898274884,3.359425157698371e-05
79200,0.1324932961829679,0.3337512623079063,0.0,1.0999923945560217,3.355668657519062e-05
79260,0.13242763592390205,0.33339799992932206,0.0,1.099992401094095,3.351918898308404e-05
79320,0.13236221530653117,0.3330453895497942,0.0,1.0999924077528709,3.348175848366643e-05
79380,0.13229703313669844,0.3326934279988171,0.0,1.0999924145769138,3.3444394750796e-05
79440,0.13223208822666843,0.3323421121237848,0.0,1.09999242161501,3.3407097460180457e-05
79500,0.1321673793951271,0.3319914387899908,0.0,1.0999924289201688,3.336986628937696e-05
79560,0.13210290546718173,0.3316414048806283,0.0,1.0999924365496208,3.333270091779217e-05
79620,0.1320386652743611,0.33129200729679004,0.0,1.09999244456482,3.329560102668219e-05
79680,0.13197465765461522,0.33094324295746813,0.0,1.0999924530314418,3.325856629915263e-05
79740,0.13191088145231558,0.3305951087995545,0.0,1.0999924620193848,3.322159642015854e-05
79800,0.13184733546707847,0.3302476016388138,0.0,1.0999924701244983,3.318469106206334e-05
79860,0.13178401855935207,0.32990071845672225,0.0,1.0999924775185392,3.314784991443359e-05
79920,0.13172092960774948,0.3295544562845586,0.0,1.0999924847167102,3.31110726719992e-05
79980,0.13165806747735662,0.32920881211730835,0.0,1.0999924916622061,3.307435902571037e-05
80040,0.1315954310393804,0.3288637829670406,0.0,1.0999924982937672,3.303770866828203e-05
80100,0.13153301917114862,0.3285193658629079,0.0,1.0999925045456769,3.3001121294193796e-05
80160,0.13147083075611007,0.3281755578511461,0.0,1.0999925103477637,3.2964596599689984e-05
80220,0.1314088646838345,0.3278323559950745,0.0,1.0999925156253996,3.2928134282779605e-05
80280,0.1313471198500126,0.32748975737509584,0.0,1.0999925202995018,3.289173404323637e-05
80340,0.13128559514884064,0.3271477590679763,0.0,1.099992524517785,3.2855395580454294e-05
80400,0.13122428941694445,0.3268063579942722,0.0,1.0999925303576212,3.2819118577657105e-05
80460,0.1311632016154956,0.3264655514138365,0.0,1.0999925362957306,3.2782902753180646e-05
80520,0.1311023306596223,0.3261253364616754,0.0,1.0999925423884476,3.274674781243643e-05
80580,0.1310416754702577,0.325785710289019,0.0,1.099992548697246,3.27106534625117e-05
80640,0.13098123497414,0.325446670063321,0.0,1.0999925552887382,3.2674619412169416e-05
80700,0.13092100810381227,0.3251082129682589,0.0,1.0999925622346767,3.263864537184827e-05
80760,0.13086099379762273,0.32477033620373397,0.0,1.0999925696119524,3.260273105366268e-05
80820,0.13080119099972443,0.324433036985871,0.0,1.0999925775025958,3.2566876171402784e-05
80880,0.13074159866007548,0.32409631254701876,0.0,1.099992585993777,3.2531080440534446e-05
80940,0.1306822156955246,0.3237601600292214,0.0,1.0999925939408095,3.249534356721018e-05
81000,0.13062304105054984,0.32342457665049124,0.0,1.099992600897892,3.245966526542125e-05
81060,0.13056407371616277,0.3230895597565587,0.0,1.0999926077190245,3.2424045262336e-05
81120,0.1305053126605966,0.3227551066311305,0.0,1.0999926143547467,3.238848327872681e-05
81180,0.13044675685758775,0.3224212145733117,0.0,1.0999926207511503,3.235297903695659e-05
81240,0.13038840528637613,0.3220878808976052,0.0,1.099992626849879,3.231753226097883e-05
81300,0.13033025693170505,0.32175510293391224,0.0,1.099992632588128,3.2282142676337555e-05
81360,0.1302723107838211,0.321422878027532,0.0,1.0999926378986449,3.224681001016735e-05
81420,0.1302145658384743,0.32109120353916165,0.0,1.0999926427097289,3.221153399119335e-05
81480,0.1301570210969181,0.32076007684489666,0.0,1.0999926469452317,3.217631434973127e-05
81540,0.13009967549696028,0.3204294951461868,0.0,1.0999926526328077,3.214115079808239e-05
81600,0.13004252809013006,0.3200994559581606,0.0,1.0999926584866833,3.210604308090929e-05
81660,0.12998557789245097,0.3197699566983117,0.0,1.0999926644705704,3.207099093280458e-05
81720,0.12992882392256022,0.31944099479156696,0.0,1.0999926706320913,3.203599408912973e-05
81780,0.12987226520432307,0.31911256767749246,0.0,1.099992677022837,3.200105228675856e-05
81840,0.12981590076683303,0.3187846728102938,0.0,1.0999926836983667,3.196616526407712e-05
81900,0.12975972964441163,0.318457307658816,0.0,1.0999926907182083,3.193133276098378e-05
81960,0.12970375087660854,0.3181304697065434,0.0,1.099992698145858,3.18965545188892e-05
82020,0.12964796350820162,0.3178041564515999,0.0,1.0999927060487806,3.186183028071631e-05
82080,0.12959236656645248,0.317478365343697,0.0,1.0999927137955723,3.182715978438376e-05
82140,0.12953695907614118,0.31715309382581336,0.0,1.0999927205205564,3.179254276711357e-05
82200,0.12948174012435534,0.31682833951380146,0.0,1.0999927271258716,3.175797898399411e-05
82260,0.12942670877267112,0.3165040999529376,0.0,1.0999927335677233,3.1723468182818714e-05
82320,0.12937186408763962,0.31618037270243526,0.0,1.0999927397984586,3.1689010112820453e-05
82380,0.1293172051407867,0.31585715533544534,0.0,1.0999927457665668,3.16546045246721e-05
82440,0.12926273100861316,0.315534445439056,0.0,1.0999927514166792,3.162025117048618e-05
82500,0.12920844077259458,0.31521224061429265,0.0,1.0999927566895695,3.158594980381493e-05
82560,0.12915433351918146,0.31489053847611803,0.0,1.0999927615221528,3.155170017965029e-05
82620,0.12910040833979913,0.3145693366534322,0.0,1.0999927658474868,3.151750205442396e-05
82680,0.12904666428190478,0.31424863265278735,0.0,1.099992771131719,3.1483355171909193e-05
82740,0.1289931004630961,0.3139284241761312,0.0,1.0999927767907547,3.144925929609009e-05
82800,0.12893971599580908,0.31360870891112275,0.0,1.099992782554957,3.141521418947061e-05
82860,0.12888650998739368,0.31328948453134303,0.0,1.0999927884667717,3.138121961309639e-05
82920,0.1288334815499362,0.31297074872364644,0.0,1.0999927945722758,3.134727532938407e-05
82980,0.12878062980025942,0.3126524991881605,0.0,1.0999928009211761,3.131338110212136e-05
83040,0.12872795385992247,0.3123347336382863,0.0,1.0999928075668097,3.127953669646697e-05
83100,0.1286754528552209,0.31201744980069784,0.0,1.0999928145661444,3.124574187895067e-05
83160,0.12862312591718655,0.31170064541534265,0.0,1.0999928219797785,3.1211996417473254e-05
83220,0.128570972169665,0.31138431820204304,0.0,1.0999928295155232,3.1178300077853745e-05
83280,0.12851899071236703,0.3110684658130195,0.0,1.0999928360217528,3.1144652618921203e-05
83340,0.1284671807200189,0.31075308611063424,0.0,1.0999928424513792,3.111105382122834e-05
83400,0.12841554133895244,0.3104381768777155,0.0,1.09999284877054,3.107750345710432e-05
83460,0.1283640717200094,0.31012373590973036,0.0,1.0999928549422313,3.104400130018373e-05
83520,0.12831277101854133,0.3098097610147844,0.0,1.0999928609263074,3.101054712540661e-05
83580,0.12826163839440965,0.309496250013622,0.0,1.0999928666794812,3.097714070901839e-05
83640,0.12821067301198566,0.3091832007396263,0.0,1.0999928721553236,3.0943781828569975e-05
83700,0.12815987404015053,0.3088706110388189,0.0,1.0999928773042642,3.0910470262917664e-05
83760,0.12810924065229523,0.3085584787698605,0.0,1.0999928820735911,3.0877205792223204e-05
83820,0.1280587719911946,0.30824680170592655,0.0,1.0999928872576323,3.084398818779353e-05
83880,0.12800846723870182,0.3079355777293976,0.0,1.0999928928108864,3.081081723223999e-05
83940,0.12795832559375883,0.3076248047704315,0.0,1.0999928983802547,3.077769271311779e-05
84000,0.12790834624421893,0.30731448072825085,0.0,1.0999929039870395,3.074461441477571e-05
84060,0.12785852838222864,0.30700460351411174,0.0,1.0999929096546432,3.0711582122805286e-05
84120,0.12780887120422782,0.3066951710513042,0.0,1.0999929154085692,3.067859562404086e-05
84180,0.12775937391094958,0.306386181275152,0.0,1.09999292127642,3.064565470655956e-05
84240,0.12771003570742032,0.30607763213301237,0.0,1.0999929272878988,3.0612759159681276e-05
84300,0.12766085580295977,0.30576952158427656,0.0,1.0999929334748089,3.057990877396873e-05
84360,0.12761183340762283,0.3054618475903343,0.0,1.0999929398210821,3.0547103340191036e-05
84420,0.12756296769115735,0.3051546079988234,0.0,1.0999929456863646,3.051434263736974e-05
84480,0.12751425790705395,0.3048478008934859,0.0,1.099992951548225,3.0481626468909793e-05
84540,0.12746570327855591,0.30454142427268316,0.0,1.0999929574012295,3.0448954629398575e-05
84600,0.127417303032996,0.3042354761462353,0.0,1.0999929632391818,3.0416326914606874e-05
84660,0.1273690564017965,0.3039299545354213,0.0,1.0999929690551231,3.0383743121488898e-05
84720,0.127320962620469,0.30362485747297907,0.0,1.0999929748413315,3.0351203048182276e-05
84780,0.12727302092861467,0.30332018300310515,0.0,1.0999929805893234,3.0318706494008044e-05
84840,0.12722523056992407,0.3030159291814551,0.0,1.0999929862898516,3.028625325947066e-05
84900,0.12717759079217725,0.30271209407514316,0.0,1.099992991932907,3.0253843146258005e-05
84960,0.12713010082390766,0.3024086756965956,0.0,1.0999929975986151,3.022147595040046e-05
85020,0.12708275990774953,0.3021056720980749,0.0,1.0999930033273433,3.0189151472046618e-05
85080,0.12703556731985305,0.30180308142671314,0.0,1.099993009044075,3.0156869521154813e-05
85140,0.12698852232120694,0.30150090178653377,0.0,1.099993014748017,3.0124629903223445e-05
85200,0.12694162417669708,0.30119913129247383,0.0,1.0999930204383626,3.009243242487793e-05
85260,0.12689487215510623,0.30089776807038365,0.0,1.0999930261142916,3.0060276893870686e-05
85320,0.12684826552911435,0.30059681025702706,0.0,1.099993031774971,3.0028163119081154e-05
85380,0.12680180357529833,0.3002962560000812,0.0,1.099993037419555,2.999609091051577e-05
85440,0.12675548557413213,0.2999961034581368,0.0,1.0999930430471843,2.9964060079307997e-05
85500,0.12670931080998674,0.29969635080069795,0.0,1.099993048656986,2.9932070437718298e-05
85560,0.12666327852708625,0.2993969960831152,0.0,1.0999930542748093,2.9900121786181978e-05
85620,0.12661738804091816,0.2990980375629458,0.0,1.0999930598855991,2.9868213946072036e-05
85680,0.12657163864754112,0.29879947344242425,0.0,1.0999930654884458,2.983634673302897e-05
85740,0.126526029643853,0.2985013019260156,0.0,1.0999930710842825,2.9804519962921035e-05
85800,0.1264805603304664,0.2982035212285805,0.0,1.0999930766741401,2.9772733452689895e-05
85860,0.12643523001170853,0.2979061295753753,0.0,1.0999930822591473,2.9740987020350597e-05
85920,0.1263900379956214,0.2976091252020521,0.0,1.09999308784053,2.9709280484991586e-05
85980,0.1263449835939617,0.2973125063546587,0.0,1.0999930934196114,2.9677613666774704e-05
86040,0.12630006612220088,0.2970162712896386,0.0,1.099993098997813,2.9645986386935183e-05
86100,0.12625528486740897,0.2967204181821938,0.0,1.0999931045607498,2.9614398458300055e-05
86160,0.1262106391098178,0.29642494518781126,0.0,1.0999931100889095,2.9582849691654184e-05
86220,0.12616612822587697,0.29612985073631354,0.0,1.0999931156086824,2.955133992616546e-05
86280,0.12612175154333424,0.29583513311835835,0.0,1.0999931211206009,2.9519868986600274e-05
86340,0.12607750839354503,0.29554079063469346,0.0,1.0999931266252423,2.9488436698766788e-05
86400,0.12603339811147235,0.2952468215961567,0.0,1.099993132123228,2.9457042889514927e-05
86460,0.1259894200356868,0.2949532243236761,0.0,1.0999931376152237,2.942568738673641e-05
86520,0.1259455735083666,0.29465999714826974,0.0,1.0999931431019403,2.939437001936471e-05
86580,0.12590185787529762,0.2943671384110457,0.0,1.0999931485841328,2.9363090617375088e-05
86640,0.12585827248587322,0.29407464646320236,0.0,1.0999931540626005,2.933184901178457e-05
86700,0.1258148166930945,0.2937825196660281,0.0,1.0999931595381875,2.9300645034651964e-05
86760,0.12577148985357012,0.29349075639090133,0.0,1.0999931650117827,2.9269478519077848e-05
86820,0.1257282913275163,0.2931993550192907,0.0,1.099993170484319,2.9238349299204568e-05
86880,0.125685220478757,0.2929083139427548,0.0,1.0999931759567738,2.9207257210216254e-05
86940,0.12564227667472364,0.29261763156294257,0.0,1.0999931814301696,2.9176202088338803e-05
87000,0.12559945919469173,0.2923273060296544,0.0,1.099993186882995,2.914518374372264e-05
87060,0.12555676738355068,0.29203733567977763,0.0,1.0999931923090402,2.911420200588357e-05
87120,0.12551420069223063,0.2917477191526837,0.0,1.0999931977273418,2.9083256735649405e-05
87180,0.12547175849758582,0.29145845487608746,0.0,1.0999932031378679,2.905234777193331e-05
87240,0.12542944017987184,0.2911695412872049,0.0,1.0999932085405801,2.902147495462926e-05
87300,0.1253872451227455,0.29088097683275327,0.0,1.0999932139354343,2.8990638124612035e-05
87360,0.12534517271326492,0.2905927599689509,0.0,1.0999932193223796,2.8959837123737214e-05
87420,0.12530322234188954,0.29030488916151737,0.0,1.0999932247013593,2.8929071794841187e-05
87480,0.12526139340248008,0.29001736288567337,0.0,1.0999932300723099,2.8898341981741147e-05
87540,0.1252196852922985,0.2897301796261408,0.0,1.0999932354351623,2.8867647529235086e-05
87600,0.12517809741200814,0.2894433378771426,0.0,1.0999932407898405,2.883698828310181e-05
87660,0.12513662916567353,0.2891568361424031,0.0,1.099993246136263,2.8806364090100915e-05
87720,0.1250952799607606,0.2888706729351477,0.0,1.0999932514743411,2.877577479797282e-05
87780,0.12505404920813648,0.2885848467781028,0.0,1.099993256803981,2.874522025543874e-05
87840,0.12501293632206967,0.2882993562034962,0.0,1.0999932621250814,2.8714700312200686e-05
87900,0.12497194057214797,0.28801419932944006,0.0,1.0999932674413295,2.868421477509254e-05
87960,0.12493106140936076,0.28772937479275146,0.0,1.0999932727518453,2.865376350463712e-05
88020,0.12489029831648775,0.287444881320961,0.0,1.0999932780550157,2.862334637074442e-05
88080,0.1248496507153235,0.28716071746691096,0.0,1.099993283350871,2.8592963225239594e-05
88140,0.12480911803081506,0.28687688179223275,0.0,1.099993288639441,2.8562613920854917e-05
88200,0.12476869969106194,0.2865933728673472,0.0,1.0999932939207564,2.85322983112298e-05
88260,0.12472839512731616,0.2863101892714646,0.0,1.0999932991948476,2.850201625091077e-05
88320,0.12468820377398215,0.28602732959258453,0.0,1.0999933044617447,2.8471767595351483e-05
88380,0.12464812506861687,0.285744792427496,0.0,1.099993309721479,2.8441552200912726e-05
88440,0.12460815845192973,0.28546257638177736,0.0,1.0999933149740808,2.84113699248624e-05
88500,0.12456830336778259,0.2851806800697963,0.0,1.0999933202195813,2.8381220625375545e-05
88560,0.1245285592631898,0.2848991021147099,0.0,1.0999933254580117,2.8351104161534317e-05
88620,0.12448892558831817,0.28461784114846467,0.0,1.0999933306894027,2.8321020393328e-05
88680,0.12444940179648702,0.2843368958117964,0.0,1.099993335913786,2.8290969181653008e-05
88740,0.12440998734416807,0.28405626475423024,0.0,1.0999933411311928,2.8260950388312872e-05
88800,0.12437068151438183,0.2837759461257664,0.0,1.0999933463418765,2.8230963823418458e-05
88860,0.12433148386283539,0.2834959388609882,0.0,1.0999933515457518,2.8201009378266016e-05
88920,0.1242923938816629,0.283216241711214,0.0,1.099993356742818,2.8171086925185364e-05
88980,0.12425341103416354,0.2829368533444832,0.0,1.099993361933114,2.81411963278863e-05
89040,0.12421453478655387,0.2826577724369475,0.0,1.0999933671166793,2.8111337450915703e-05
89100,0.12417576460796774,0.2823789976728713,0.0,1.0999933722935542,2.8081510159657545e-05
89160,0.12413709997045634,0.2821005277446314,0.0,1.0999933774637791,2.8051714320332895e-05
89220,0.1240985403489882,0.2818223613527175,0.0,1.0999933826273949,2.802194979999991e-05
89280,0.12406008522144919,0.2815444972057315,0.0,1.0999933877844426,2.799221646655383e-05
89340,0.12402173406864248,0.28126693402038816,0.0,1.099993392934964,2.7962514188727e-05
89400,0.12398348637428856,0.28098967052151463,0.0,1.0999933980790013,2.793284283608885e-05
89460,0.12394534162502531,0.28071270544205074,0.0,1.0999934032165972,2.7903202279045897e-05
89520,0.12390729931040788,0.2804360375230488,0.0,1.0999934083477942,2.7873592388841755e-05
89580,0.12386935892290878,0.2801596655136738,0.0,1.0999934134726361,2.7844013037557124e-05
89640,0.12383151995791784,0.2798835881712031,0.0,1.0999934185911664,2.78144640981098e-05
89700,0.12379378178523184,0.2796078038895956,0.0,1.0999934237029398,2.778494540579782e-05
89760,0.12375614391003924,0.2793323114538109,0.0,1.0999934288080162,2.7755456836399382e-05
89820,0.12371860591500847,0.27905710987242816,0.0,1.0999934339067396,2.7725998288842704e-05
89880,0.12368116730106637,0.2787821979174512,0.0,1.0999934389991322,2.769656963755886e-05
89940,0.12364382757201588,0.2785075743688769,0.0,1.0999934440852162,2.7667170757803637e-05
90000,0.123606586234522,0.2782332380146553,0.0,1.0999934491650145,2.763780152565341e-05
90060,0.12356944279809813,0.2779591876506496,0.0,1.0999934542385494,2.760846181800101e-05
90120,0.12353239677509219,0.27768542208059616,0.0,1.0999934593058442,2.757915151255156e-05
90180,0.12349544768067279,0.2774119401160648,0.0,1.0999934643669214,2.7549870487818377e-05
90240,0.12345859503281544,0.2771387405764186,0.0,1.099993469421804,2.752061862311881e-05
90300,0.12342183835228869,0.27686582228877393,0.0,1.099993474470515,2.7491395798570112e-05
90360,0.12338517716264036,0.2765931840879608,0.0,1.099993479513077,2.7462201895085305e-05
90420,0.12334861099018365,0.2763208248164827,0.0,1.0999934845495125,2.7433036794369038e-05
90480,0.12331213936398341,0.2760487433244765,0.0,1.099993489579844,2.740390037891346e-05
90540,0.12327576179166544,0.27577693839948064,0.0,1.0999934946041205,2.7374792524725156e-05
90600,0.12323947767458855,0.27550540852015454,0.0,1.0999934996225145,2.7345713075820976e-05
90660,0.12320328666702413,0.27523415289908204,0.0,1.0999935046349147,2.731666195221809e-05
90720,0.12316718830445197,0.274963170403606,0.0,1.0999935096413478,2.728763903817839e-05
90780,0.1231311821247706,0.2746924599077372,0.0,1.0999935146418394,2.7258644218651263e-05
90840,0.12309526766827664,0.27442202029209484,0.0,1.0999935196364148,2.7229677379267433e-05
90900,0.12305944447764425,0.2741518504438469,0.0,1.0999935246250996,2.72007384063328e-05
90960,0.12302371209790461,0.2738819492566507,0.0,1.0999935296079189,2.7171827186822265e-05
91020,0.12298807007642532,0.2736123156305935,0.0,1.099993534584897,2.7142943608373586e-05
91080,0.1229525179628898,0.2733429484721327,0.0,1.0999935395560585,2.711408755928119e-05
91140,0.12291705530927681,0.27307384669403645,0.0,1.099993544521427,2.7085258928490037e-05
91200,0.12288168166983983,0.27280500921532413,0.0,1.099993549481026,2.705645760558942e-05
91260,0.12284639660108645,0.27253643496120694,0.0,1.0999935544348782,2.7027683480806847e-05
91320,0.12281119966175794,0.27226812286302804,0.0,1.0999935593830057,2.699893644500183e-05
91380,0.12277609041280851,0.2720000718582033,0.0,1.0999935643254302,2.6970216389659755e-05
91440,0.1227410684173849,0.2717322808901618,0.0,1.0999935692621723,2.694152320688571e-05
91500,0.12270613324080573,0.2714647489082861,0.0,1.0999935741932523,2.691285678939831e-05
91560,0.12267128445054094,0.27119747486785273,0.0,1.09999357911869,2.6884217030523543e-05
91620,0.12263652161619125,0.2709304577299729,0.0,1.0999935840385033,2.6855603824188607e-05
91680,0.12260184428409032,0.2706636963886908,0.0,1.0999935889529049,2.6827017057340087e-05
91740,0.12256725203364632,0.270397189832704,0.0,1.0999935938618683,2.6798456626763094e-05
91800,0.12253274445097465,0.27013093706967906,0.0,1.0999935987653313,2.6769922431210053e-05
91860,0.12249832111296713,0.26986493708052406,0.0,1.0999936036633167,2.6741414366644977e-05
91920,0.12246398159848373,0.26959918885151235,0.0,1.0999936085558462,2.6712932329584423e-05
91980,0.12242972548833052,0.2693336913742187,0.0,1.0999936134429416,2.668447621709088e-05
92040,0.12239555236523755,0.26906844364545546,0.0,1.0999936183246242,2.6656045926766144e-05
92100,0.12236146181383685,0.2688034446672087,0.0,1.0999936232009138,2.6627641356744715e-05
92160,0.12232745342064028,0.2685386934465743,0.0,1.09999362807183,2.6599262405687186e-05
92220,0.12229352677401749,0.2682741889956942,0.0,1.099993632937392,2.6570908972773615e-05
92280,0.12225968146417386,0.2680099303316925,0.0,1.0999936377976174,2.654258095769692e-05
92340,0.1222259170831284,0.26774591647661156,0.0,1.0999936426525236,2.6514278260656264e-05
92400,0.1221922332246917,0.2674821464573481,0.0,1.0999936475021272,2.6486000782350442e-05
92460,0.12215862948444381,0.2672186193055895,0.0,1.0999936523464435,2.645774842397127e-05
92520,0.12212510545971225,0.2669553340577498,0.0,1.099993657185487,2.642952108719696e-05
92580,0.12209166074954984,0.26669228975490594,0.0,1.0999936620192714,2.640131867418551e-05
92640,0.1220582949547127,0.26642948544273376,0.0,1.0999936668478096,2.6373141087568098e-05
92700,0.12202500767763812,0.2661669201714444,0.0,1.099993671671113,2.6344988230442465e-05
92760,0.12199179854952029,0.26590459307286946,0.0,1.0999936764892604,2.6316860014386888e-05
92820,0.1219586672864437,0.2656425035202766,0.0,1.0999936813025386,2.6288756376074898e-05
92880,0.12192561339471203,0.26538065028941676,0.0,1.099993686110702,2.626067719005625e-05
92940,0.12189263648728121,0.26511903245943297,0.0,1.0999936909137684,2.6232622362417043e-05
93000,0.12185973617891555,0.26485764911436005,0.0,1.0999936957117542,2.6204591799747176e-05
93060,0.12182691208617165,0.2645964993430785,0.0,1.0999937005046756,2.6176585409135526e-05
93120,0.12179416382738255,0.2643355822392679,0.0,1.0999937052925481,2.614860309816514e-05
93180,0.12176149102264155,0.26407489690136,0.0,1.099993710075387,2.61206447749084e-05
93240,0.12172889329378637,0.26381444243249247,0.0,1.0999937148532062,2.6092710347922214e-05
93300,0.12169637026438301,0.26355421794046224,0.0,1.0999937196260197,2.6064799726243205e-05
93360,0.1216639215597098,0.26329422253767876,0.0,1.09999372439384,2.603691281938288e-05
93420,0.12163154680674139,0.2630344553411177,0.0,1.0999937291566795,2.6009049537322816e-05
93480,0.12159924563413274,0.262774915472274,0.0,1.0999937339145496,2.598120979050984e-05
93540,0.12156701767220313,0.2625156020571156,0.0,1.099993738667461,2.5953393489851224e-05
93600,0.1215348625529201,0.26225651422603674,0.0,1.0999937434154237,2.5925600546709845e-05
93660,0.12150277990988355,0.2619976511138113,0.0,1.099993748158447,2.5897830872899382e-05
93720,0.12147076937830958,0.2617390118595464,0.0,1.0999937528965393,2.5870084380679494e-05
93780,0.12143883059501462,0.26148059560663556,0.0,1.0999937576297079,2.5842360982751006e-05
93840,0.12140696319839936,0.2612224015027125,0.0,1.0999937623579596,2.5814660592251077e-05
93900,0.12137516694468346,0.26096442903828077,0.0,1.099993767081785,2.5786983157573613e-05
93960,0.12134344143967954,0.2607066772652834,0.0,1.0999937718010402,2.5759328582016798e-05
94020,0.12131178628727354,0.26044914522967466,0.0,1.0999937765155658,2.5731696768263303e-05
94080,0.12128020113649372,0.2601918321085481,0.0,1.0999937812253837,2.570408763248074e-05
94140,0.12124868563813151,0.25993473708375864,0.0,1.0999937859305158,2.567650109132653e-05
94200,0.121217239444732,0.259677859341895,0.0,1.099993790630984,2.5648937061945063e-05
94260,0.12118586221058453,0.25942119807425223,0.0,1.0999937953268106,2.562139546196481e-05
94320,0.12115455359171311,0.259164752476804,0.0,1.0999938000180183,2.559387620949549e-05
94380,0.12112331324586703,0.25890852175017504,0.0,1.0999938047046294,2.556637922312517e-05
94440,0.12109214083251138,0.25865250509961385,0.0,1.0999938093866664,2.553890442191744e-05
94500,0.1210610360128175,0.2583967017349647,0.0,1.0999938140641528,2.551145172540852e-05
94560,0.12102999844965354,0.25814111087064034,0.0,1.0999938187371114,2.5484021053604422e-05
94620,0.12099902780757497,0.2578857317255945,0.0,1.099993823405566,2.5456612326978064e-05
94680,0.12096812375281517,0.2576305635232939,0.0,1.0999938280695398,2.5429225466466423e-05
94740,0.12093728595327582,0.25737560549169125,0.0,1.099993832729057,2.5401860393467663e-05
94800,0.12090651407851753,0.25712085686319736,0.0,1.0999938373841418,2.537451702983829e-05
94860,0.12087580779975032,0.2568663168746535,0.0,1.099993842034818,2.5347195297890252e-05
94920,0.12084516678982413,0.25661198476730396,0.0,1.0999938466811112,2.5319895120388123e-05
94980,0.12081459073498856,0.2563578598210572,0.0,1.099993851322925,2.529261642420329e-05
95040,0.12078407934786838,0.256103941392288,0.0,1.0999938559599114,2.5265359144345986e-05
95100,0.12075363227112253,0.25585022863315826,0.0,1.0999938605924546,2.523812319402897e-05
95160,0.12072324918552328,0.2555967208064946,0.0,1.0999938652205652,2.5210908498251442e-05
95220,0.12069292977352152,0.2553434171796396,0.0,1.0999938698442537,2.5183714982477648e-05
95280,0.12066267371923953,0.25509031702443097,0.0,1.09999387446353,2.515654257263471e-05
95340,0.12063248070846369,0.25483741961718,0.0,1.099993879078403,2.512939119511043e-05
95400,0.1206023504286372,0.25458472423865075,0.0,1.0999938836888814,2.5102260776751136e-05
95460,0.12057228256885281,0.2543322301740385,0.0,1.0999938882949731,2.507515124485948e-05
95520,0.1205422768198455,0.2540799367129491,0.0,1.0999938928966853,2.5048062527192264e-05
95580,0.12051233287398522,0.2538278431493772,0.0,1.0999938974940249,2.502099455195826e-05
95640,0.12048245042526963,0.2535759487816856,0.0,1.0999939020869973,2.499394724781604e-05
95700,0.12045262916931679,0.25332425291258376,0.0,1.0999939066756084,2.4966920543871776e-05
95760,0.12042286880335788,0.2530727548491068,0.0,1.0999939112598625,2.4939914369677087e-05
95820,0.12039316902622996,0.2528214539025943,0.0,1.0999939158397634,2.4912928655226825e-05
95880,0.12036352953836858,0.2525703493886691,0.0,1.0999939204153144,2.4885963330956932e-05
95940,0.12033395004180066,0.25231944062721623,0.0,1.099993924986518,2.4859018327742227e-05
96000,0.12030443024013704,0.25206872694236154,0.0,1.0999939295533758,2.4832093576894252e-05
96060,0.12027496983856534,0.25181820766245067,0.0,1.0999939341158886,2.4805189010159073e-05
96120,0.12024556852968853,0.25156788207695163,0.0,1.0999939386750563,2.4778304554777446e-05
96180,0.12021622602727411,0.2513177495391676,0.0,1.099993943230493,2.4751440145258616e-05
96240,0.1201869420451127,0.2510678094018962,0.0,1.099993947781921,2.4724595716005475e-05
96300,0.12015771629411164,0.2508180610085855,0.0,1.0999939523293745,2.4697771200300998e-05
96360,0.12012854848668866,0.2505685037067063,0.0,1.0999939568728887,2.467096653184136e-05
96420,0.12009943833676391,0.25031913684772905,0.0,1.0999939614125003,2.464418164473351e-05
96480,0.12007038555975187,0.25006995978710034,0.0,1.0999939659482474,2.4617416473492708e-05
96540,0.12004138987255333,0.24982097188421937,0.0,1.0999939704801693,2.45906709530401e-05
96600,0.1200124509935474,0.24957217250241442,0.0,1.0999939750083072,2.456394501870026e-05
96660,0.11998356864258342,0.24932356100891964,0.0,1.0999939795327032,2.4537238606198766e-05
96720,0.11995474254097291,0.24907513677485138,0.0,1.0999939840534012,2.451055165165974e-05
96780,0.11992597241148163,0.24882689917518475,0.0,1.0999939885704466,2.4483884091603412e-05
96840,0.11989725797832147,0.24857884758873033,0.0,1.0999939930838867,2.4457235862943678e-05
96900,0.11986859896714239,0.24833098139811052,0.0,1.0999939975937698,2.443060690298566e-05
96960,0.11983999510502448,0.2480832999897362,0.0,1.0999940021001466,2.4403997149423257e-05
97020,0.11981144612046984,0.24783580275378322,0.0,1.0999940066030691,2.4377406540336704e-05
97080,0.1197829517433946,0.24758848908416897,0.0,1.0999940111025908,2.4350835014190146e-05
97140,0.11975451170512083,0.24734135837852897,0.0,1.0999940155987677,2.4324282509829162e-05
97200,0.11972612573507763,0.24709441002995836,0.0,1.099994020090625,2.429774896592357e-05
97260,0.1196977935599994,0.24684764342500295,0.0,1.099994024575909,2.427123432083119e-05
97320,0.11966951492384216,0.24660105799349136,0.0,1.0999940290573353,2.424473851595418e-05
97380,0.11964128956329724,0.2463546531472607,0.0,1.0999940335349125,2.4218261491610145e-05
97440,0.11961311721641439,0.24610842830173038,0.0,1.099994038008649,2.4191803188484667e-05
97500,0.11958499762259354,0.2458623828758781,0.0,1.0999940424785528,2.4165363547628846e-05
97560,0.11955693052257664,0.2456165162922162,0.0,1.0999940469446312,2.4138942510456845e-05
97620,0.11952891565843948,0.24537082797676782,0.0,1.0999940514068913,2.4112540018743415e-05
97680,0.11950095277358357,0.2451253173590431,0.0,1.0999940558653403,2.4086156014621435e-05
97740,0.11947304161272786,0.24487998387201534,0.0,1.0999940603199845,2.405979044057943e-05
97800,0.1194451819219007,0.24463482695209732,0.0,1.0999940647708297,2.4033443239459135e-05
97860,0.11941737344843156,0.2443898460391173,0.0,1.0999940692178822,2.4007114354453e-05
97920,0.11938961594094293,0.24414504057629544,0.0,1.0999940736611473,2.398080372910174e-05
97980,0.1193619091493421,0.24390041001021986,0.0,1.0999940781006299,2.3954511307291867e-05
98040,0.11933425282481298,0.2436559537908229,0.0,1.0999940825363348,2.3928237033253226e-05
98100,0.11930664671980803,0.24341167137135722,0.0,1.099994086968266,2.3901980851556518e-05
98160,0.11927909058803995,0.24316756220837218,0.0,1.0999940913964277,2.387574270711085e-05
98220,0.1192515841844736,0.24292362576168988,0.0,1.0999940958208234,2.3849522545161263e-05
98280,0.11922412726531777,0.24267986149438148,0.0,1.099994100241456,2.3823320311286256e-05
98340,0.11919671958801707,0.24243626887274325,0.0,1.0999941046583286,2.379713595139534e-05
98400,0.11916936091124371,0.24219284736627292,0.0,1.0999941090714433,2.3770969411726556e-05
98460,0.11914205099488935,0.2419495964476458,0.0,1.0999941134808024,2.3744820638844017e-05
98520,0.1191147896000569,0.24170651559269102,0.0,1.0999941178864072,2.3718689579635444e-05
98580,0.1190875764890524,0.24146360428036773,0.0,1.0999941222882588,2.369257618130969e-05
98640,0.1190604114253768,0.2412208619927412,0.0,1.0999941266863582,2.366648039139429e-05
98700,0.1190332941737178,0.2409782882149592,0.0,1.0999941310807055,2.3640402157732975e-05
98760,0.11900622452259806,0.24073588250627495,0.0,1.0999941354718283,2.3614341435886998e-05
98820,0.11897920226506646,0.2404936444394997,0.0,1.0999941398603321,2.35882981828255e-05
98880,0.11895222713183079,0.24025157339131908,0.0,1.0999941442453427,2.3562272335074497e-05
98940,0.11892529889312568,0.24000966886173714,0.0,1.0999941486268794,2.3536263842006002e-05
99000,0.11889841732036922,0.23976793035383895,0.0,1.0999941530049615,2.351027265330817e-05
99060,0.11887158218615543,0.23952635737376907,0.0,1.0999941573796097,2.348429871898307e-05
99120,0.11884479326424677,0.2392849494307099,0.0,1.0999941617508442,2.3458341989344427e-05
99180,0.11881805032956674,0.23904370603686012,0.0,1.0999941661186863,2.3432402415015395e-05
99240,0.11879135315819234,0.2388026267074129,0.0,1.0999941704831573,2.3406479946926314e-05
99300,0.11876470152734656,0.23856171096053438,0.0,1.0999941748442792,2.3380574536312477e-05
99360,0.11873809521539098,0.23832095831734215,0.0,1.0999941792020749,2.3354686134711873e-05
99420,0.11871153400181828,0.23808036830188334,0.0,1.0999941835565674,2.3328814693962975e-05
99480,0.11868501766724465,0.23783994044111328,0.0,1.0999941879077804,2.3302960166202468e-05
99540,0.11865854599340248,0.23759967426487374,0.0,1.0999941922557381,2.3277122503863046e-05
99600,0.11863211876313276,0.23735956930587124,0.0,1.0999941966004654,2.3251301659671138e-05
99660,0.11860573576037761,0.2371196250996556,0.0,1.0999942009419874,2.322549758664469e-05
99720,0.1185793967701729,0.23687984118459812,0.0,1.0999942052803302,2.3199710238090927e-05
99780,0.11855310157864063,0.23664021710187014,0.0,1.0999942096155206,2.3173939567604098e-05
99840,0.11852684997298156,0.23640075239542122,0.0,1.0999942139475858,2.314818552906325e-05
99900,0.11850064174146767,0.2361614466119577,0.0,1.0999942182765532,2.3122448076629982e-05
99960,0.1184744766734347,0.2359222993009209,0.0,1.099994222602452,2.309672716474621e-05
100020,0.1184483545592747,0.23568331001446566,0.0,1.0999942269253107,2.307102274813193e-05
100080,0.1184222751904285,0.23544447830743856,0.0,1.0999942312451596,2.304533478178297e-05
100140,0.11839623835937826,0.2352058037373564,0.0,1.099994235562029,2.3019663220968752e-05
100200,0.11837024385964,0.23496728586438453,0.0,1.0999942398759501,2.2994008021230063e-05
100260,0.11834429148575606,0.23472892425131528,0.0,1.0999942441869548,2.2968369138376805e-05
100320,0.11831838108448182,0.2344907186159277,0.0,1.099994248494124,2.2942746544435047e-05
100380,0.11829251247848398,0.2342526686038731,0.0,1.0999942527970064,2.291714020387567e-05
100440,0.1182666854080496,0.23401477361516998,0.0,1.0999942570967007,2.2891550055454233e-05
100500,0.1182408996733241,0.23377703322758223,0.0,1.0999942613932128,2.2865976056524574e-05
100560,0.11821515507550859,0.23353944702159124,0.0,1.0999942656865478,2.284041816471925e-05
100620,0.11818945141685369,0.233302014580378,0.0,1.0999942699767102,2.2814876337947703e-05
100680,0.11816378850065332,0.23306473548980522,0.0,1.0999942742637048,2.2789350534394393e-05
100740,0.11813816613123838,0.23282760933839933,0.0,1.099994278547535,2.2763840712516936e-05
100800,0.11811258411397056,0.2325906357173324,0.0,1.0999942828282039,2.2738346831044256e-05
100860,0.11808704225523606,0.2323538142204044,0.0,1.0999942871057145,2.2712868848974733e-05
100920,0.11806154036243934,0.232117144444025,0.0,1.0999942913800687,2.2687406725574337e-05
100980,0.11803607824399688,0.2318806259871958,0.0,1.0999942956512683,2.266196042037478e-05
101040,0.11801065570933093,0.2316442584514922,0.0,1.0999942999193144,2.263652989317165e-05
101100,0.1179852725688633,0.2314080414410456,0.0,1.0999943041842075,2.2611115104022573e-05
101160,0.11795992863400905,0.23117197456252533,0.0,1.0999943084459476,2.258571601324534e-05
101220,0.11793462371717024,0.2309360574251207,0.0,1.0999943127045337,2.2560332581416062e-05
101280,0.11790935763172977,0.23070028964052303,0.0,1.0999943169599653,2.2534964769367305e-05
101340,0.11788413019204501,0.2304646708229078,0.0,1.0999943212122398,2.2509612538186244e-05
101400,0.11785894121344168,0.2302292005889165,0.0,1.0999943254613553,2.2484275849212803e-05
101460,0.11783379051220745,0.2299938785576388,0.0,1.0999943297073087,2.2458954664037788e-05
101520,0.11780867790558588,0.22975870435059456,0.0,1.0999943339500964,2.243364894450106e-05
101580,0.11778360321176998,0.22952367759171585,0.0,1.0999943381897135,2.2408358652689646e-05
101640,0.1177585662498961,0.22928879790732895,0.0,1.0999943424261556,2.2383083750935903e-05
101700,0.11773356684003762,0.22905406492613647,0.0,1.0999943466594169,2.235782420181566e-05
101760,0.1177086048031987,0.22881947827919938,0.0,1.0999943508894912,2.2332579968146353e-05
101820,0.11768367996130807,0.2285850375999189,0.0,1.0999943551163711,2.2307351012985186e-05
101880,0.1176587921858703,0.22835074266768227,0.0,1.0999943593408226,2.2282137314450654e-05
101940,0.11763394130507586,0.22811659313360136,0.0,1.099994363562907,2.2256938837423908e-05
102000,0.11760912710623196,0.22788258852769086,0.0,1.0999943677820223,2.2231755534289386e-05
102060,0.11758434941613587,0.22764872849617387,0.0,1.099994371998178,2.2206587369420335e-05
102120,0.1175596080625304,0.2274150126876783,0.0,1.0999943762113837,2.218143430743641e-05
102180,0.11753490287409864,0.2271814407532218,0.0,1.0999943804216497,2.215629631320209e-05
102240,0.11751023368045865,0.2269480123461966,0.0,1.099994384628986,2.213117335182513e-05
102300,0.11748560031215821,0.2267147271223543,0.0,1.0999943888334025,2.2106065388655e-05
102360,0.1174610026006695,0.22648158473979088,0.0,1.0999943930349099,2.20809723892813e-05
102420,0.1174364403783838,0.22624858485893157,0.0,1.0999943972335184,2.2055894319532233e-05
102480,0.11741191347860626,0.22601572714251558,0.0,1.0999944014292384,2.2030831145473e-05
102540,0.11738742173555057,0.22578301125558112,0.0,1.0999944056220807,2.2005782833404278e-05
102600,0.11736296498433368,0.22555043686545023,0.0,1.099994409812056,2.1980749349860625e-05
102660,0.11733854306097051,0.22531800364171364,0.0,1.0999944139991755,2.1955730661608937e-05
102720,0.11731415580236869,0.22508571125621568,0.0,1.09999441818345,2.1930726735646876e-05
102780,0.11728980304632321,0.22485355938303908,0.0,1.0999944223648908,2.1905737539201307e-05
102840,0.11726548463151124,0.22462154769848994,0.0,1.099994426543509,2.1880763039726744e-05
102900,0.1172412003974867,0.22438967588108252,0.0,1.0999944307193168,2.185580320490377e-05
102960,0.11721695018467512,0.22415794361152422,0.0,1.0999944348923256,2.1830858002637494e-05
103020,0.11719273383436826,0.22392635057270036,0.0,1.0999944390625471,2.1805927401055973e-05
103080,0.11716855118871884,0.22369489644965904,0.0,1.0999944432299935,2.1781011368508657e-05
103140,0.11714440209073528,0.22346358092959617,0.0,1.099994447394677,2.175610987356482e-05
103200,0.11712028638427636,0.22323240370184014,0.0,1.09999445155661,2.1731222885012007e-05
103260,0.117096203914046,0.22300136445783683,0.0,1.0999944557158052,2.170635037185446e-05
103320,0.11707215452558795,0.22277046289113447,0.0,1.0999944598722755,2.1681492303311555e-05
103380,0.11704813806528044,0.22253969869736845,0.0,1.0999944640260335,2.165664864881626e-05
103440,0.11702415440871798,0.22230907166425606,0.0,1.099994468176792,2.163181938727813e-05
103500,0.11700020339812314,0.22207858147314286,0.0,1.0999944723246255,2.1607004486656755e-05
103560,0.11697628486759572,0.22184822777906446,0.0,1.0999944764697045,2.1582203912202395e-05
103620,0.11695239866741071,0.2216180102877927,0.0,1.0999944806120359,2.1557417634386252e-05
103680,0.1169285446486771,0.2213879287071931,0.0,1.0999944847516274,2.1532645623893726e-05
103740,0.116904722663333,0.221157982747211,0.0,1.0999944888884863,2.1507887851623014e-05
103800,0.11688093256414087,0.22092817211985816,0.0,1.0999944930226193,2.1483144288683687e-05
103860,0.11685717420468267,0.22069849653919904,0.0,1.0999944971540343,2.145841490639531e-05
103920,0.11683344743935513,0.2204689557213372,0.0,1.099994501282738,2.1433699676286e-05
103980,0.11680975212336481,0.22023954938440174,0.0,1.0999945054087374,2.1408998570091052e-05
104040,0.1167860881127234,0.22001027724853353,0.0,1.09999450953204,2.1384311559751503e-05
104100,0.11676245526424286,0.21978113903587176,0.0,1.0999945136526523,2.1359638617412736e-05
104160,0.11673885343553063,0.21955213447054023,0.0,1.0999945177705814,2.1334979715423083e-05
104220,0.11671528248498478,0.21932326327863372,0.0,1.0999945218858345,2.1310334826332395e-05
104280,0.1166917422717892,0.21909452518820446,0.0,1.0999945259984178,2.128570392289065e-05
104340,0.11666823265590888,0.2188659199292484,0.0,1.0999945301083387,2.126108697804654e-05
104400,0.11664475349808497,0.2186374472336917,0.0,1.0999945342156034,2.1236483964946055e-05
104460,0.11662130465983003,0.21840910683537695,0.0,1.0999945383202192,2.12118948569311e-05
104520,0.11659788600342325,0.2181808984700498,0.0,1.0999945424221924,2.118731962753806e-05
104580,0.11657449739190555,0.21795282187534504,0.0,1.0999945465215295,2.1162758250496396e-05
104640,0.11655113868907487,0.21772487679077332,0.0,1.0999945506182371,2.1138210699727258e-05
104700,0.11652780975948127,0.21749706295770718,0.0,1.0999945547123218,2.1113676949342054e-05
104760,0.11650451046842218,0.21726938011936772,0.0,1.09999455880379,2.108915697364105e-05
104820,0.11648124068193756,0.2170418280208108,0.0,1.0999945628926482,2.1064650747111972e-05
104880,0.1164580002668051,0.21681440640891347,0.0,1.0999945669789026,2.1040158244428576e-05
104940,0.11643478909053538,0.21658711503236047,0.0,1.0999945710625594,2.1015679440449264e-05
105000,0.11641160704593875,0.2163599537197052,0.0,1.099994575143613,2.0991214318462045e-05
105060,0.11638845399154307,0.21613292219005292,0.0,1.0999945792220747,2.0966762850188612e-05
105120,0.11636532978879767,0.21590602017127544,0.0,1.0999945832979547,2.094232500827041e-05
105180,0.11634223430855657,0.21567924742061298,0.0,1.0999945873712587,2.0917900768444646e-05
105240,0.11631916742240207,0.2154526036971069,0.0,1.0999945914419926,2.0893490106632637e-05
105300,0.11629612900264027,0.2152260887615872,0.0,1.0999945955101622,2.086909299893853e-05
105360,0.11627311892229661,0.21499970237666005,0.0,1.0999945995757732,2.084470942164799e-05
105420,0.11625013705511145,0.21477344430669537,0.0,1.0999946036388313,2.0820339351226932e-05
105480,0.11622718327553552,0.2145473143178143,0.0,1.0999946076993417,2.079598276432023e-05
105540,0.11620425745872562,0.21432131217787662,0.0,1.0999946117573103,2.0771639637750418e-05
105600,0.11618135948054,0.21409543765646843,0.0,1.0999946158127425,2.074730994851641e-05
105660,0.11615848921753401,0.2138696905248895,0.0,1.0999946198656436,2.0722993673792215e-05
105720,0.11613564654695561,0.2136440705561409,0.0,1.099994623916019,2.0698690790925635e-05
105780,0.11611283134674093,0.21341857752491247,0.0,1.099994627963874,2.0674401277436988e-05
105840,0.11609004349550976,0.21319321120757034,0.0,1.0999946320092138,2.065012511101782e-05
105900,0.11606728287256116,0.21296797138214438,0.0,1.0999946360520432,2.0625862269529605e-05
105960,0.11604454935786898,0.2127428578283158,0.0,1.0999946400923677,2.0601612731002473e-05
106020,0.11602184283207741,0.21251787032740468,0.0,1.0999946441301924,2.0577376473633904e-05
106080,0.11599916317649649,0.21229300866235734,0.0,1.0999946481655218,2.055315347578746e-05
106140,0.11597651027309767,0.21206827261773398,0.0,1.0999946521983612,2.052894371599147e-05
106200,0.11595388400450944,0.21184366197969615,0.0,1.0999946562287155,2.0504747172937764e-05
106260,0.1159312842540127,0.21161917653599427,0.0,1.099994660256589,2.048056382548038e-05
106320,0.11590871090553646,0.21139481607595514,0.0,1.099994664281987,2.045639365263427e-05
106380,0.11588616384365331,0.21117058039046943,0.0,1.0999946683049135,2.0432236633574013e-05
106440,0.115863642953575,0.21094646927197927,0.0,1.0999946723253735,2.0408092747632526e-05
106500,0.11584114812114793,0.2107224825144656,0.0,1.0999946763433717,2.0383961974299776e-05
106560,0.11581867928537183,0.21049862007405074,0.0,1.0999946803589862,2.0359844309928635e-05
106620,0.11579623630063454,0.21027488164771532,0.0,1.0999946843721753,2.0335739723913086e-05
106680,0.11577381904418911,0.21005126700196294,0.0,1.0999946883829288,2.0311648192875882e-05
106740,0.1157514274049921,0.20982777593868904,0.0,1.0999946923912518,2.0287569697118253e-05
106800,0.11572906127263456,0.209604408261333,0.0,1.0999946963971492,2.0263504217099055e-05
106860,0.11570672053733788,0.20938116377486665,0.0,1.0999947004006263,2.023945173343358e-05
106920,0.11568440508994968,0.20915804228578294,0.0,1.0999947044016878,2.021541222689239e-05
106980,0.1156621148219397,0.20893504360208434,0.0,1.0999947084003392,2.019138567840014e-05
107040,0.11563984962539567,0.20871216753327154,0.0,1.0999947123965852,2.0167372069034387e-05
107100,0.11561760939301928,0.20848941389033193,0.0,1.0999947163904307,2.0143371380024413e-05
107160,0.11559539401812192,0.20826678248572827,0.0,1.0999947203818805,2.0119383592750058e-05
107220,0.11557320339462075,0.2080442731333871,0.0,1.0999947243709398,2.009540868874052e-05
107280,0.11555103741703442,0.2078218856486874,0.0,1.099994728357613,2.0071446649673205e-05
107340,0.11552889598047902,0.20759961984844919,0.0,1.0999947323419055,2.0047497457372515e-05
107400,0.11550677898066404,0.20737747555092195,0.0,1.0999947363238216,2.002356109380869e-05
107460,0.11548468631388814,0.20715545257577334,0.0,1.099994740303366,1.9999637541096626e-05
107520,0.11546261787703513,0.20693355074407768,0.0,1.099994744280544,1.9975726781494688e-05
107580,0.11544057356756976,0.20671176987830453,0.0,1.0999947482553598,1.9951828797403543e-05
107640,0.11541855328353375,0.20649010980230723,0.0,1.099994752227818,1.9927943571364964e-05
107700,0.1153965569235415,0.20626857034131146,0.0,1.0999947561979235,1.990407108606067e-05
107760,0.11537458438677617,0.2060471513219039,0.0,1.099994760165681,1.9880211324311135e-05
107820,0.11535263557298539,0.20582585257202068,0.0,1.0999947641310945,1.9856364269074405e-05
107880,0.11533071038247726,0.20560467392093598,0.0,1.0999947680941693,1.9832529903444935e-05
107940,0.11530880871611622,0.20538361519925055,0.0,1.0999947720549093,1.9808708210652392e-05
108000,0.11528693047531888,0.2051626762388804,0.0,1.0999947760133193,1.9784899174060488e-05
108060,0.11526507556204997,0.20494185687304525,0.0,1.0999947799694036,1.9761102777165795e-05
108120,0.11524324387881825,0.2047211569362571,0.0,1.0999947839231667,1.973731900359657e-05
108180,0.11522143532867228,0.20450057626430881,0.0,1.099994787874613,1.9713547837111568e-05
108240,0.11519964981519644,0.20428011469426272,0.0,1.0999947918237472,1.9689789261598874e-05
108300,0.11517788724250673,0.2040597720644391,0.0,1.099994795770573,1.9666043261074713e-05
108360,0.11515614752801802,0.203839548253708,0.0,1.0999947997150845,1.9642309823739675e-05
108420,0.11513443065552087,0.20361944334483134,0.0,1.0999948036572196,1.9618588958841055e-05
108480,0.11511273645333772,0.20339945694175157,0.0,1.0999948075970478,1.9594880626194337e-05
108540,0.11509106482861466,0.20317958889061344,0.0,1.0999948115345723,1.957118481061661e-05
108600,0.1150694156890431,0.202959839038868,0.0,1.099994815469797,1.9547501497058125e-05
108660,0.11504778894285626,0.2027402072352629,0.0,1.0999948194027247,1.9523830670601253e-05
108720,0.11502618449882564,0.20252069332983252,0.0,1.0999948233333592,1.950017231645949e-05
108780,0.11500460226625735,0.20230129717388828,0.0,1.0999948272617033,1.9476526419976472e-05
108840,0.1149830421549886,0.2020820186200088,0.0,1.0999948311877603,1.9452892966624922e-05
108900,0.11496150407538414,0.20186285752203015,0.0,1.0999948351115334,1.9429271942005684e-05
108960,0.11493998793833264,0.20164381373503612,0.0,1.0999948390330256,1.940566333184669e-05
109020,0.11491849365524313,0.2014248871153483,0.0,1.0999948429522401,1.9382067122001965e-05
109080,0.11489702113804148,0.20120607752051659,0.0,1.0999948468691796,1.935848329845062e-05
109140,0.11487557029916676,0.200987384809309,0.0,1.099994850783847,1.9334911847295826e-05
109200,0.11485414105156766,0.20076880884170228,0.0,1.0999948546962455,1.9311352754763834e-05
109260,0.11483273330869903,0.200550349478872,0.0,1.0999948586063777,1.9287806007202946e-05
109320,0.11481134698451816,0.20033200658318256,0.0,1.0999948625142462,1.926427159108252e-05
109380,0.11478998199348131,0.20011378001817787,0.0,1.0999948664198536,1.9240749492991953e-05
109440,0.1147686382505401,0.1998956696485711,0.0,1.0999948703232028,1.921723969963968e-05
109500,0.11474731567113791,0.19967767534023526,0.0,1.0999948742242964,1.9193742197852162e-05
109560,0.1147260141712064,0.19945979696019317,0.0,1.0999948781231366,1.917025697457288e-05
109620,0.11470473366716184,0.19924203437660784,0.0,1.099994882019726,1.9146784016861337e-05
109680,0.11468347407590157,0.19902438745877274,0.0,1.0999948859140671,1.9123323311892026e-05
109740,0.11466223531480044,0.19880685607710177,0.0,1.0999948898061622,1.9099874846953447e-05
109800,0.11464101730170724,0.1985894401031198,0.0,1.0999948936960136,1.9076438609447093e-05
109860,0.1146198199549411,0.19837213940945264,0.0,1.0999948975836233,1.9053014586886432e-05
109920,0.11459864319328796,0.19815495386981744,0.0,1.0999949014689936,1.9029602766895906e-05
109980,0.11457748693599694,0.1979378833590128,0.0,1.0999949053521267,1.9006203137209935e-05
110040,0.11455635110277682,0.1977209277529091,0.0,1.0999949092330246,1.898281568567188e-05
110100,0.11453523561379245,0.19750408692843857,0.0,1.099994913111689,1.895944040023308e-05
110160,0.11451414038966116,0.19728736076358572,0.0,1.0999949169881225,1.893607726895179e-05
110220,0.11449306539601939,0.19707074927373452,0.0,1.0999949208624646,1.8912726294259934e-05
110280,0.11447201057454744,0.19685425240064833,0.0,1.0999949247347804,1.8889387470883027e-05
110340,0.11445097579689242,0.1966378698715032,0.0,1.0999949286049153,1.8866060771090165e-05
110400,0.11442996098640841,0.19642160157133903,0.0,1.0999949324728737,1.8842746183665407e-05
110460,0.11440896606691879,0.1962054473863052,0.0,1.0999949363386605,1.8819443697505844e-05
110520,0.11438799096271328,0.19598940720365243,0.0,1.0999949402022804,1.8796153301620748e-05
110580,0.11436703559854491,0.19577348091172486,0.0,1.0999949440637384,1.8772874985130743e-05
110640,0.11434609989962695,0.19555766839995167,0.0,1.099994947923039,1.874960873726697e-05
110700,0.11432518379162993,0.19534196955883915,0.0,1.0999949517801877,1.8726354547370256e-05
110760,0.11430428720067855,0.19512638427996248,0.0,1.0999949556351891,1.870311240489029e-05
110820,0.11428341005334873,0.1949109124559578,0.0,1.0999949594880485,1.8679882299384762e-05
110880,0.11426255227666451,0.19469555398051383,0.0,1.0999949633387707,1.8656664220518562e-05
110940,0.1142417137980951,0.19448030874836397,0.0,1.099994967187361,1.863345815806292e-05
111000,0.11422089454555173,0.19426517665527818,0.0,1.0999949710338248,1.8610264101894596e-05
111060,0.11420009444738476,0.19405015759805466,0.0,1.0999949748781672,1.858708204199502e-05
111120,0.11417931343238055,0.19383525147451205,0.0,1.0999949787203935,1.8563911968449486e-05
111180,0.1141585514297585,0.19362045818348106,0.0,1.0999949825605093,1.8540753871446302e-05
111240,0.11413780836916797,0.19340577762479647,0.0,1.0999949863985201,1.851760774127595e-05
111300,0.11411708418068527,0.19319120969928905,0.0,1.0999949902344315,1.849447356833028e-05
111360,0.11409637879481065,0.19297675430877737,0.0,1.099994994068249,1.8471351343101646e-05
111420,0.11407569214246523,0.1927624113560597,0.0,1.0999949978999781,1.8448241056182092e-05
111480,0.11405502415498801,0.192548180744906,0.0,1.0999950017296252,1.8425142698262505e-05
111540,0.11403437476413286,0.1923340623800497,0.0,1.0999950055571956,1.8402056260131798e-05
111600,0.11401374390206542,0.19212005616717956,0.0,1.0999950093826953,1.837898173267606e-05
111660,0.11399313150136012,0.19190616201293167,0.0,1.0999950132061307,1.8355919106877733e-05
111720,0.11397253749499714,0.19169237982488133,0.0,1.0999950170275075,1.8332868373814777e-05
111780,0.1139519618163594,0.19147870951153484,0.0,1.0999950208468319,1.8309829524659825e-05
111840,0.11393140439922952,0.19126515098232144,0.0,1.0999950246641104,1.8286802550679376e-05
111900,0.11391086517778677,0.19105170414758524,0.0,1.0999950284793492,1.826378744323293e-05
111960,0.11389034408660408,0.19083836891857708,0.0,1.0999950322925547,1.8240784193772173e-05
112020,0.11386984106064495,0.1906251452074464,0.0,1.0999950361037334,1.8217792793840147e-05
112080,0.11384935609360272,0.19041203310226443,0.0,1.099995039912209,1.819481325283212e-05
112140,0.1138288890900387,0.19019903242342795,0.0,1.0999950437183532,1.8171845552980605e-05
112200,0.11380843996997575,0.18998614303744926,0.0,1.0999950475223612,1.8148889681197908e-05
112260,0.11378800867064115,0.189773364862186,0.0,1.0999950513242314,1.8125945629606856e-05
112320,0.11376759512966388,0.18956069781643242,0.0,1.0999950551239615,1.810301339042543e-05
112380,0.11374719928507199,0.1893481418199128,0.0,1.0999950589215497,1.8080092955966075e-05
112440,0.11372682107528996,0.18913569679327424,0.0,1.0999950627169937,1.8057184318634984e-05
112500,0.11370646043913615,0.18892336265807994,0.0,1.0999950665102909,1.8034287470931374e-05
112560,0.1136861173158201,0.1887111393368023,0.0,1.0999950703014383,1.801140240544681e-05
112620,0.11366579164493994,0.18849902675281605,0.0,1.0999950740904332,1.7988529114864456e-05
112680,0.1136454833664798,0.1882870248303913,0.0,1.099995077877272,1.7965667591958404e-05
112740,0.11362519242080714,0.1880751334946867,0.0,1.0999950816619517,1.7942817829592936e-05
112800,0.11360491874867017,0.18786335267174256,0.0,1.0999950854444684,1.7919979820721828e-05
112860,0.11358466229119522,0.18765168228847398,0.0,1.099995089224818,1.7897153558387646e-05
112920,0.1135644229898841,0.18744012227266393,0.0,1.0999950930029965,1.7874339035721025e-05
112980,0.11354420078661151,0.18722867255295633,0.0,1.0999950967789995,1.7851536245939962e-05
113040,0.11352399562362242,0.18701733305884927,0.0,1.099995100552822,1.782874518234912e-05
113100,0.11350380744352939,0.18680610372068807,0.0,1.0999951043244593,1.7805965838339106e-05
113160,0.11348363618931007,0.18659498446965836,0.0,1.099995108093906,1.778319820738576e-05
113220,0.11346348180430445,0.18638397523777925,0.0,1.099995111861157,1.776044228304945e-05
113280,0.1134433442322123,0.18617307595789642,0.0,1.0999951156262062,1.773769805897438e-05
113340,0.11342322341709062,0.18596228656367528,0.0,1.0999951193890478,1.7714965528887846e-05
113400,0.11340311930335085,0.18575160698959398,0.0,1.0999951231496756,1.7692244686599564e-05
113460,0.11338303183575645,0.18554103717093662,0.0,1.0999951269080828,1.7669535526000924e-05
113520,0.1133629609594201,0.18533057704378636,0.0,1.0999951306642628,1.764683804106432e-05
113580,0.11334290661980122,0.18512022654501853,0.0,1.0999951344182082,1.7624152225842408e-05
113640,0.11332286876270324,0.18490998561229363,0.0,1.099995138169912,1.7601478074467417e-05
113700,0.11330284733427108,0.1846998541840507,0.0,1.0999951419193663,1.757881558115043e-05
113760,0.11328284228098846,0.1844898321995001,0.0,1.0999951456665633,1.7556164740180677e-05
113820,0.11326285354967533,0.18427991959861698,0.0,1.0999951494114948,1.7533525545924836e-05
113880,0.11324288109171841,0.18407011633490605,0.0,1.0999951531543322,1.7510897994229103e-05
113940,0.11322292490257793,0.18386042249459658,0.0,1.0999951568971116,1.7488282095510995e-05
114000,0.11320298488548572,0.1836508378854127,0.0,1.099995160637924,1.7465677829592097e-05
114060,0.11318306098909464,0.18344136245187082,0.0,1.0999951643767816,1.744308519131218e-05
114120,0.11316315316239935,0.18323199613927388,0.0,1.0999951681136975,1.7420504175591107e-05
114180,0.11314326135473396,0.1830227388937055,0.0,1.0999951718486851,1.739793477742821e-05
114240,0.11312338551576977,0.18281359066202377,0.0,1.0999951755817583,1.7375376991901684e-05
114300,0.11310352559551286,0.1826045513918555,0.0,1.0999951793129317,1.7352830814167987e-05
114360,0.11308368154430183,0.18239562103159002,0.0,1.09999518304222,1.7330296239461213e-05
114420,0.11306385331280544,0.18218679953037328,0.0,1.0999951867696391,1.7307773263092486e-05
114480,0.1130440408520203,0.18197808683810188,0.0,1.099995190495205,1.728526188044935e-05
114540,0.11302424411326854,0.18176948290541695,0.0,1.0999951942189339,1.726276208699516e-05
114600,0.1130044630481955,0.1815609876836983,0.0,1.0999951979408433,1.7240273878268464e-05
114660,0.11298469760876736,0.18135260112505835,0.0,1.0999952016609509,1.7217797249882402e-05
114720,0.1129649477472689,0.18114432318233617,0.0,1.099995205379275,1.7195332197524074e-05
114780,0.11294521341630104,0.18093615380909137,0.0,1.0999952090958345,1.7172878716953958e-05
114840,0.11292549456877868,0.18072809295959827,0.0,1.0999952128106487,1.7150436804005272e-05
114900,0.11290579115792826,0.18052014058883983,0.0,1.099995216523738,1.712800645458338e-05
114960,0.11288610313728543,0.18031229665250165,0.0,1.099995220235123,1.710558766466517e-05
115020,0.11286643046069285,0.18010456110696593,0.0,1.0999952239448254,1.708318043029845e-05
115080,0.11284677308229767,0.17989693390930558,0.0,1.0999952276528666,1.7060784747601336e-05
115140,0.1128271309565494,0.17968941501727811,0.0,1.0999952313592696,1.7038400612761624e-05
115200,0.11280750403819745,0.17948200438931974,0.0,1.0999952350640574,1.7016028022036214e-05
115260,0.11278789228228887,0.17927470198453935,0.0,1.0999952387672542,1.6993666971750458e-05
115320,0.112768295644166,0.1790675077627124,0.0,1.0999952424688846,1.697131745829758e-05
115380,0.11274871407946416,0.1788604216842752,0.0,1.099995246168974,1.694897947813805e-05
115440,0.1127291475441093,0.17865344371031855,0.0,1.099995249867548,1.692665302779897e-05
115500,0.11270959599431572,0.17844657380258205,0.0,1.0999952535646338,1.6904338103873474e-05
115560,0.11269005938658369,0.17823981192344795,0.0,1.0999952572602583,1.6882034703020106e-05
115620,0.11267053767769718,0.1780331580359352,0.0,1.0999952609544499,1.6859742821962217e-05
115680,0.11265103082472147,0.1778266121036934,0.0,1.0999952646472375,1.683746245748735e-05
115740,0.11263153880552217,0.17762017415011983,0.0,1.0999952683361889,1.6815193611811917e-05
115800,0.112612061593374,0.1774138441852067,0.0,1.0999952720194568,1.6792936285942692e-05
115860,0.1125925991175074,0.1772076220918744,0.0,1.0999952757005107,1.6770690469361642e-05
115920,0.11257315133659138,0.1770015078376805,0.0,1.0999952793793224,1.674845615923809e-05
115980,0.11255371820958282,0.17679550139083544,0.0,1.099995283055862,1.672623335280725e-05
116040,0.11253429969572436,0.17658960272019733,0.0,1.0999952867300984,1.6704022047369648e-05
116100,0.11251489575454242,0.17638381179526688,0.0,1.0999952904019992,1.6681822240290616e-05
116160,0.1124955063458451,0.17617812858618218,0.0,1.0999952940715303,1.6659633928999745e-05
116220,0.11247613142972018,0.1759725530637134,0.0,1.099995297738656,1.6637457110990336e-05
116280,0.1124567709665331,0.17576708519925788,0.0,1.0999953014033392,1.661529178381889e-05
116340,0.11243742491692485,0.17556172496483466,0.0,1.0999953050655413,1.6593137945104543e-05
116400,0.11241809324180997,0.17535647233307944,0.0,1.0999953087252223,1.6570995592528546e-05
116460,0.11239877590237454,0.1751513272772395,0.0,1.0999953123823403,1.6548864723833724e-05
116520,0.11237947286007409,0.1749462897711683,0.0,1.0999953160368519,1.6526745336823934e-05
116580,0.11236018407663154,0.17474135978932048,0.0,1.0999953196887118,1.650463742936353e-05
116640,0.11234090951403523,0.17453653730674665,0.0,1.0999953233378736,1.6482540999376837e-05
116700,0.11232164913453686,0.1743318222990881,0.0,1.0999953269842886,1.6460456044847588e-05
116760,0.1123024029006494,0.17412721474257178,0.0,1.0999953306279069,1.643838256381842e-05
116820,0.11228317077514506,0.17392271461400505,0.0,1.0999953342686764,1.641632055439031e-05
116880,0.11226395272105333,0.17371832189077047,0.0,1.0999953379065435,1.6394270014722047e-05
116940,0.11224474870165883,0.17351403655082065,0.0,1.0999953415414527,1.6372230943029706e-05
117000,0.11222555868049937,0.17330985857267314,0.0,1.0999953451733469,1.6350203337586085e-05
117060,0.11220638262136379,0.17310578793540513,0.0,1.0999953488021668,1.63281871967202e-05
117120,0.11218722048829002,0.17290182461864836,0.0,1.0999953524278514,1.6306182518816714e-05
117180,0.11216807224556304,0.17269796860258396,0.0,1.0999953560503377,1.6284189302315433e-05
117240,0.11214893785771274,0.17249421986793712,0.0,1.0999953596695613,1.626220754571074e-05
117300,0.11212981728951198,0.17229057839597214,0.0,1.099995363285455,1.6240237247551086e-05
117360,0.11211071050597453,0.17208704416848705,0.0,1.0999953668979505,1.6218278406438423e-05
117420,0.11209161747235297,0.1718836171678086,0.0,1.0999953705069767,1.6196331021027685e-05
117480,0.11207253815413672,0.17168029737678692,0.0,1.099995374112461,1.6174395090026255e-05
117540,0.11205347251704995,0.17147708477879042,0.0,1.0999953777143288,1.6152470612193415e-05
117600,0.11203442056113924,0.17127397946650538,0.0,1.0999953813247454,1.613055760026028e-05
117660,0.1120153822378311,0.17107098137720805,0.0,1.0999953849383313,1.610865604706066e-05
117720,0.11199635750115251,0.17086809045624746,0.0,1.099995388550556,1.6086765946447186e-05
117780,0.11197734631820547,0.17066530669047894,0.0,1.0999953921615009,1.606488729756887e-05
117840,0.111958348656333,0.17046263006730275,0.0,1.0999953957712514,1.604302009963069e-05
117900,0.11193936448311743,0.17026006057465976,0.0,1.0999953993798972,1.6021164351893123e-05
117960,0.11192039376637852,0.1700575982010271,0.0,1.0999954029875312,1.599932005367173e-05
118020,0.11190143647417172,0.16985524293541385,0.0,1.0999954065942503,1.5977487204336726e-05
118080,0.11188249257478641,0.1696529947673566,0.0,1.0999954102001561,1.595566580331254e-05
118140,0.11186356203674407,0.16945085368691515,0.0,1.0999954138053534,1.593385585007739e-05
118200,0.11184464482879651,0.16924881968466815,0.0,1.0999954174099515,1.591205734416284e-05
118260,0.11182574091992413,0.16904689275170867,0.0,1.0999954210140646,1.589027028515338e-05
118320,0.11180685027933404,0.16884507287963996,0.0,1.0999954246178099,1.5868494672685993e-05
118380,0.1117879728764584,0.168643360060571,0.0,1.0999954282213098,1.5846730506449707e-05
118440,0.11176910868095254,0.16844175428711225,0.0,1.0999954318246912,1.582497778618518e-05
118500,0.11175025766269317,0.16824025555237113,0.0,1.099995435428085,1.5803236511684265e-05
118560,0.11173141979177671,0.1680388638499478,0.0,1.099995439031627,1.5781506682789574e-05
118620,0.11171259503851738,0.16783757917393072,0.0,1.0999954426354577,1.5759788299394043e-05
118680,0.11169378337344547,0.1676364015188924,0.0,1.099995446239722,1.5738081361440508e-05
118740,0.11167498476730557,0.16743533087988494,0.0,1.0999954498445694,1.5716385868921264e-05
118800,0.11165619919105475,0.16723436725243568,0.0,1.099995453450155,1.5694701821877644e-05
118860,0.11163742661586082,0.16703351063254288,0.0,1.0999954570566381,1.567302922039958e-05
118920,0.11161866701310048,0.1668327610166714,0.0,1.0999954606641833,1.565136806462516e-05
118980,0.11159992035435762,0.16663211840174827,0.0,1.09999546427296,1.562971835474022e-05
119040,0.11158118661142145,0.16643158278515835,0.0,1.0999954678831427,1.5608080090977894e-05
119100,0.11156246575628481,0.16623115416473994,0.0,1.0999954714949114,1.5586453273618183e-05
119160,0.1115437577611423,0.1660308325387806,0.0,1.099995475108451,1.5564837902987535e-05
119220,0.11152506259838853,0.1658306179060125,0.0,1.099995478723952,1.5543233979458398e-05
119280,0.11150638024061635,0.16563051026560832,0.0,1.09999548234161,1.5521641503448794e-05
119340,0.11148771066061505,0.16543050961717679,0.0,1.099995485961626,1.5500060475421892e-05
119400,0.111469053832924,0.16523061596452968,0.0,1.099995489582919,1.547849089607865e-05
119460,0.11145040978503036,0.16503082943982036,0.0,1.099995493160733,1.5456932772713116e-05
119520,0.1114317784422225,0.16483114992736173,0.0,1.0999954967350951,1.5435386099952866e-05
119580,0.11141315977858347,0.16463157742973802,0.0,1.0999955003057933,1.541385087850258e-05
119640,0.11139455376840295,0.1644321119499942,0.0,1.099995503872606,1.5392327109112303e-05
119700,0.11137596038617575,0.1642327534916321,0.0,1.0999955074353007,1.537081479257703e-05
119760,0.11135737960660046,0.16403350205860714,0.0,1.0999955109936352,1.534931392973633e-05
119820,0.11133881140457777,0.16383435765532442,0.0,1.0999955145473563,1.5327824521473945e-05
119880,0.11132025575520918,0.16363532028663516,0.0,1.0999955180962,1.530634656871738e-05
119940,0.11130171263379537,0.16343638995783316,0.0,1.0999955216398916,1.5284880072437545e-05
120000,0.11128318201583483,0.16323756667465106,0.0,1.0999955251781448,1.5263425033648318e-05
120060,0.11126466387702229,0.16303885044325686,0.0,1.0999955287106624,1.5241981453406176e-05
120120,0.11124615819324728,0.16284024127025012,0.0,1.0999955322371355,1.5220549332809799e-05
120180,0.11122766494059265,0.16264173916265845,0.0,1.0999955357572435,1.5199128672999664e-05
120240,0.11120918409533309,0.16244334412793388,0.0,1.0999955392706537,1.517771947515766e-05
120300,0.11119071563393364,0.16224505617394916,0.0,1.0999955427770216,1.515632174050669e-05
120360,0.11117225953304816,0.16204687530899425,0.0,1.0999955462759907,1.5134935470310276e-05
120420,0.11115381576951794,0.16184880154177259,0.0,1.0999955497671914,1.5113560665872162e-05
120480,0.11113538432037019,0.16165083488139748,0.0,1.099995553250242,1.5092197328535928e-05
120540,0.11111696516281648,0.1614529753373886,0.0,1.099995556724748,1.5070845459684582e-05
120600,0.11109855827425136,0.16125522291966812,0.0,1.0999955601903013,1.504950506074018e-05
120660,0.11108016363225083,0.16105757763855738,0.0,1.0999955636464815,1.5028176133163416e-05
120720,0.11106178121457085,0.16086003950477304,0.0,1.0999955670928547,1.5006858678453244e-05
120780,0.11104341099914589,0.16066260852942352,0.0,1.0999955705289728,1.4985552698146464e-05
120840,0.1110250529640874,0.16046528472400542,0.0,1.0999955739543745,1.4964258193817349e-05
120900,0.11100670708768241,0.16026806810039979,0.0,1.0999955773685848,1.4942975167077231e-05
120960,0.11098837334839194,0.16007095867086868,0.0,1.0999955807711141,1.4921703619574116e-05
121020,0.1109700517248496,0.15987395644805127,0.0,1.099995584161459,1.4900443552992292e-05
121080,0.11095174219586007,0.15967706144496055,0.0,1.0999955875391016,1.4879194969051923e-05
121140,0.11093344474039764,0.15948027367497938,0.0,1.099995590903509,1.4857957869508666e-05
121200,0.11091515933760471,0.15928359315185706,0.0,1.099995594254134,1.4836732256153274e-05
121260,0.11089688597457728,0.15908701992670266,0.0,1.0999955976327462,1.4815518139170398e-05
121320,0.11087862463986789,0.1588905540571199,0.0,1.0999956010881202,1.47943155301653e-05
121380,0.11086037529952511,0.15869419549337097,0.0,1.0999956045457884,1.4773124416443711e-05
121440,0.11084213793356813,0.15849794425167557,0.0,1.0999956080063333,1.4751944800168048e-05
121500,0.11082391252218478,0.15830180034863942,0.0,1.0999956114703653,1.4730776683542353e-05
121560,0.11080569904573011,0.15810576380125102,0.0,1.0999956149385222,1.470962006881203e-05
121620,0.11078749748472512,0.15790983462687874,0.0,1.0999956184114708,1.4688474958263583e-05
121680,0.11076930781985538,0.15771401284326772,0.0,1.0999956218899059,1.4667341354224355e-05
121740,0.11075113003196961,0.15751829846853693,0.0,1.0999956253745522,1.4646219259062268e-05
121800,0.11073296410207838,0.15732269152117598,0.0,1.099995628866164,1.4625108675185561e-05
121860,0.11071481001135276,0.15712719202004216,0.0,1.099995632365526,1.4604009605042526e-05
121920,0.11069666774112295,0.15693179998435752,0.0,1.0999956358734535,1.4582922051121255e-05
121980,0.11067853727287687,0.15673651543370565,0.0,1.0999956393907933,1.4561846015949364e-05
122040,0.11066041858825887,0.15654133838802875,0.0,1.0999956429184239,1.454078150209375e-05
122100,0.11064231166906836,0.1563462688676245,0.0,1.0999956464572562,1.4519728512160314e-05
122160,0.11062421649725844,0.15615130689314324,0.0,1.099995650008234,1.449868704879371e-05
122220,0.11060613305493452,0.15595645248558468,0.0,1.0999956535723336,1.4477657114677081e-05
122280,0.110588061324353,0.15576170566629502,0.0,1.0999956571505662,1.4456638712531793e-05
122340,0.11057000128791993,0.15556706645696386,0.0,1.0999956607439763,1.443563184511718e-05
122400,0.11055195292818955,0.15537253487962116,0.0,1.0999956643536437,1.441463651523028e-05
122460,0.11053391622786304,0.15517811095663428,0.0,1.0999956679806833,1.4393652725705574e-05
122520,0.11051589116978715,0.1549837947107048,0.0,1.0999956716262458,1.4372680479414726e-05
122580,0.11049787773695278,0.1547895861648657,0.0,1.0999956752915176,1.4351719779266319e-05
122640,0.11047987591249366,0.1545954853424781,0.0,1.099995678977723,1.4330770628205595e-05
122700,0.11046188567968501,0.15440149226722835,0.0,1.0999956826861221,1.4309833029214199e-05
122760,0.11044390702194214,0.15420760696312497,0.0,1.099995686418014,1.4288906985309905e-05
122820,0.11042593992281914,0.1540138294544956,0.0,1.099995690174735,1.4267992499546369e-05
122880,0.11040798436600748,0.15382015976598404,0.0,1.0999956939576605,1.4247089575012859e-05
122940,0.11039004033533467,0.1536265979225471,0.0,1.0999956977682055,1.4226198214833999e-05
123000,0.11037210781476292,0.15343314394945162,0.0,1.0999957016078241,1.4205318422169498e-05
123060,0.11035418678838774,0.1532397978722715,0.0,1.0999957054780105,1.4184450200213904e-05
123120,0.11033627728857487,0.15304655978741508,0.0,1.0999957091694952,1.4163593542490302e-05
123180,0.11031837928347263,0.15285342969731114,0.0,1.0999957127548392,1.4142748455530464e-05
123240,0.11030049273485969,0.15266040759516428,0.0,1.0999957163351057,1.4121914947210564e-05
123300,0.11028261762789068,0.15246749350853633,0.0,1.0999957199095929,1.41010930207531e-05
123360,0.1102647539478639,0.152274687465306,0.0,1.0999957234775661,1.4080282679410642e-05
123420,0.11024690168022017,0.1520819894936662,0.0,1.0999957270382585,1.4059483926465527e-05
123480,0.11022906081054169,0.15188939962212136,0.0,1.0999957305908694,1.4038696765229545e-05
123540,0.11021123132455098,0.15169691787948478,0.0,1.0999957341345648,1.4017921199043638e-05
123600,0.11019341320810967,0.15150454429487584,0.0,1.0999957376684755,1.3997157231277582e-05
123660,0.11017560644721748,0.15131227889771742,0.0,1.0999957411916974,1.3976404865329685e-05
123720,0.11015781102801105,0.15112012171773315,0.0,1.0999957447032918,1.395566410462648e-05
123780,0.11014002693676275,0.15092807278494474,0.0,1.0999957482022829,1.3934934952622401e-05
123840,0.11012225415987971,0.15073613212966933,0.0,1.0999957516876584,1.3914217412799497e-05
123900,0.11010449268390257,0.15054429978251666,0.0,1.0999957551583692,1.3893511488667104e-05
123960,0.1100867424955044,0.15035257577438657,0.0,1.0999957586133287,1.3872817183761547e-05
124020,0.11006900358148958,0.15016096013646618,0.0,1.0999957620514111,1.3852134501645826e-05
124080,0.1100512759287927,0.1499694529002273,0.0,1.099995765471453,1.3831463445909308e-05
124140,0.1100335595244774,0.14977805409742362,0.0,1.0999957688722508,1.3810804020167418e-05
124200,0.11001585435573527,0.14958676376008812,0.0,1.0999957722525613,1.3790156228061336e-05
124260,0.10999816040988472,0.14939558192053035,0.0,1.0999957756111012,1.3769520073257675e-05
124320,0.10998047767436987,0.14920450861133375,0.0,1.0999957789465458,1.3748895559448188e-05
124380,0.10996280613675942,0.1490135438653529,0.0,1.099995782257529,1.3728282690349446e-05
124440,0.10994514578474551,0.14882268771571097,0.0,1.0999957855426432,1.3707681469702536e-05
124500,0.10992749660614266,0.14863194019579687,0.0,1.0999957888004375,1.3687091901272753e-05
124560,0.10990985858888658,0.1484413013392627,0.0,1.099995792029418,1.3666513988849283e-05
124620,0.10989223172103306,0.14825077118002092,0.0,1.099995795228048,1.3645947736244903e-05
124680,0.10987461599075687,0.1480603497522418,0.0,1.099995798394745,1.3625393147295671e-05
124740,0.10985701138635068,0.14787003709035068,0.0,1.0999958015278837,1.3604850225860611e-05
124800,0.10983941789622383,0.14767983322902525,0.0,1.0999958046257918,1.358431897582141e-05
124860,0.10982183550890129,0.14748973820319286,0.0,1.0999958076867524,1.3563799401082109e-05
124920,0.10980426421302251,0.1472997520480279,0.0,1.0999958107090015,1.3543291505568789e-05
124980,0.10978670399734032,0.14710987479894905,0.0,1.0999958136907286,1.3522795293229267e-05
125040,0.10976915485071981,0.14692010649161658,0.0,1.0999958166300756,1.3502310768032785e-05
125100,0.10975161676213713,0.14673044716192976,0.0,1.0999958195251365,1.3481837933969703e-05
125160,0.10973408972067848,0.14654089684602406,0.0,1.0999958223739565,1.346137679505119e-05
125220,0.10971657374354175,0.14635145568399996,0.0,1.099995825479095,1.3440927382446315e-05
125280,0.10969906880404702,0.1461621236532522,0.0,1.099995828664668,1.3420489684718144e-05
125340,0.10968157488416437,0.14597290076305086,0.0,1.0999958318476606,1.3400063698728923e-05
125400,0.10966409197367599,0.14578378705143935,0.0,1.0999958350288244,1.3379649428828909e-05
125460,0.10964662006247691,0.14559478255671515,0.0,1.0999958382089523,1.3359246879395823e-05
125520,0.10962915914057401,0.14540588731742765,0.0,1.099995841388879,1.333885605483465e-05
125580,0.10961170919808502,0.14521710137237587,0.0,1.0999958445694813,1.3318476959577445e-05
125640,0.10959427022523753,0.14502842476060623,0.0,1.0999958477516782,1.3298109598083144e-05
125700,0.10957684221236791,0.1448398575214102,0.0,1.0999958509364338,1.3277753974837356e-05
125760,0.1095594251499204,0.14465139969432217,0.0,1.0999958541247552,1.3257410094352172e-05
125820,0.10954201902844606,0.14446305131911708,0.0,1.0999958573176956,1.3237077961165976e-05
125880,0.10952462383860175,0.14427481243580825,0.0,1.0999958605163538,1.3216757579843239e-05
125940,0.10950723957114915,0.14408668308464506,0.0,1.0999958637218752,1.3196448954974326e-05
126000,0.10948986621695378,0.14389866330611076,0.0,1.0999958669354526,1.3176152091175307e-05
126060,0.10947250376698392,0.14371075314092008,0.0,1.0999958701583266,1.315586699308775e-05
126120,0.10945515221230968,0.14352295263001721,0.0,1.099995873391787,1.3135593665378535e-05
126180,0.10943781154410194,0.14333526181457332,0.0,1.0999958766371727,1.3115332112739652e-05
126240,0.10942048175363138,0.14314768073598433,0.0,1.099995879895873,1.3095082339888008e-05
126300,0.10940316283226746,0.14296020943586882,0.0,1.0999958831693288,1.3074844351565229e-05
126360,0.10938585477147744,0.14277284795606562,0.0,1.0999958864590316,1.3054618152537464e-05
126420,0.10936855756282533,0.14258559633863155,0.0,1.0999958897665258,1.3034403747595194e-05
126480,0.10935127119797093,0.14239845462583928,0.0,1.0999958930934093,1.3014201141553032e-05
126540,0.10933399566866876,0.14221142286017494,0.0,1.0999958964413332,1.2994010339249525e-05
126600,0.10931673096676715,0.14202450108433595,0.0,1.099995899812004,1.2973831345546965e-05
126660,0.10929947708420719,0.14183768934122878,0.0,1.0999959032071833,1.2953664165331183e-05
126720,0.10928223401302165,0.14165098767396658,0.0,1.099995906628688,1.2933508803511367e-05
126780,0.10926500174533411,0.14146439612586706,0.0,1.0999959100783927,1.2913365265019851e-05
126840,0.10924778027335788,0.14127791474045012,0.0,1.0999959135582291,1.2893233554811933e-05
126900,0.10923056958939498,0.1410915435614357,0.0,1.0999959170701874,1.2873113677865666e-05
126960,0.10921336968583518,0.14090528263274138,0.0,1.0999959206163168,1.2853005639181674e-05
127020,0.10919618055515497,0.14071913199848027,0.0,1.0999959241987254,1.2832909443782948e-05
127080,0.10917900218991655,0.14053309170295872,0.0,1.099995927819583,1.2812825096714656e-05
127140,0.10916183458276686,0.14034716179067397,0.0,1.0999959314811196,1.2792752603043937e-05
127200,0.10914467772643653,0.14016134230631203,0.0,1.0999959351856274,1.2772691967859721e-05
127260,0.10912753161373888,0.13997563329474527,0.0,1.0999959389354612,1.2752643196272521e-05
127320,0.10911039628839944,0.13979003492985462,0.0,1.099995942366091,1.2732606294617814e-05
127380,0.10909327170551233,0.13960454716087176,0.0,1.0999959457534687,1.2712581267151734e-05
127440,0.10907615785243979,0.1394191700187862,0.0,1.0999959491412405,1.2692568118913567e-05
127500,0.10905905472273794,0.13923390355026313,0.0,1.0999959525289724,1.2672566855108209e-05
127560,0.10904196231005393,0.13904874780217666,0.0,1.0999959559162005,1.265257748096147e-05
127620,0.1090248806081251,0.13886370282160806,0.0,1.0999959593024302,1.26326000017199e-05
127680,0.10900780961077812,0.13867876865584403,0.0,1.0999959626871352,1.2612634422650584e-05
127740,0.10899074931192827,0.1384939453523748,0.0,1.0999959660697582,1.2592680749040957e-05
127800,0.10897369970557852,0.13830923295889241,0.0,1.0999959694497092,1.2572738986198607e-05
127860,0.10895666078581875,0.13812463152328894,0.0,1.099995972826365,1.2552809139451096e-05
127920,0.10893963254682498,0.13794014109365463,0.0,1.0999959761990687,1.2532891214145747e-05
127980,0.1089226149828584,0.13775576171827614,0.0,1.0999959795671297,1.2512985215649478e-05
128040,0.10890560808826476,0.13757149344563474,0.0,1.099995982929822,1.2493091149348588e-05
128100,0.10888861185747331,0.13738733632440464,0.0,1.0999959862863848,1.2473209020648582e-05
128160,0.1088716262849962,0.13720329040345097,0.0,1.0999959896360207,1.2453338834973968e-05
128220,0.10885465136542753,0.13701935573182816,0.0,1.0999959929778964,1.2433480597768074e-05
128280,0.10883768709344252,0.13683553235877813,0.0,1.0999959963111405,1.2413634314492848e-05
128340,0.10882073346379677,0.1366518203337284,0.0,1.0999959996348447,1.2393799990628673e-05
128400,0.10880379047132539,0.1364682197062905,0.0,1.099996002948062,1.2373977631674178e-05
128460,0.10878685811094217,0.13628473052625786,0.0,1.0999960062498062,1.2354167243146035e-05
128520,0.10876993637763879,0.13610135284360436,0.0,1.0999960095390517,1.2334368830578777e-05
128580,0.10875302526648396,0.13591808670848232,0.0,1.0999960128147326,1.2314582399524609e-05
128640,0.10873612477262265,0.1357349321712208,0.0,1.0999960160757425,1.2294807955553203e-05
128700,0.1087192348912752,0.13555188928232373,0.0,1.0999960193209333,1.2275045504251522e-05
128760,0.10870235561773658,0.1353689580924682,0.0,1.099996022549115,1.2255295051223619e-05
128820,0.1086854869473755,0.1351861386525027,0.0,1.0999960257590555,1.2235556602090445e-05
128880,0.1086686288756336,0.13500343101344517,0.0,1.0999960289494788,1.2215830162489665e-05
128940,0.10865178139802467,0.13482083522648136,0.0,1.0999960321190656,1.2196115738075461e-05
129000,0.1086349445101338,0.13463835134296298,0.0,1.099996035266452,1.2176413334518339e-05
129060,0.10861811820761653,0.13445597941440587,0.0,1.0999960383902292,1.2156722957504943e-05
129120,0.10860130248619812,0.1342737194924883,0.0,1.0999960414889431,1.2137044612737855e-05
129180,0.1085844973416726,0.13409157162904917,0.0,1.0999960445610932,1.2117378305935417e-05
129240,0.10856770276990205,0.1339095358760861,0.0,1.0999960476051325,1.2097724042831524e-05
129300,0.10855091876681573,0.1337276122857537,0.0,1.099996050619466,1.2078081829175445e-05
129360,0.1085341453284093,0.1335458009103619,0.0,1.0999960536024513,1.2058451670731622e-05
129420,0.10851738250058804,0.1333641019080325,0.0,1.0999960568178753,1.203883358378582e-05
129480,0.10850063023559568,0.13318251523835975,0.0,1.0999960600302738,1.2019227564882595e-05
129540,0.10848388852997089,0.13300104095484797,0.0,1.099996063239715,1.1999633619904311e-05
129600,0.10846715738033258,0.13281967911118578,0.0,1.0999960664463082,1.1980051754751349e-05
129660,0.10845043678337345,0.13263842976123252,0.0,1.0999960696501725,1.196048197534074e-05
129720,0.10843372673585934,0.13245729295901681,0.0,1.0999960728514386,1.1940924287606014e-05
129780,0.10841702723462861,0.13227626875873508,0.0,1.0999960760502476,1.1921378697497033e-05
129840,0.1084003382765914,0.13209535721475016,0.0,1.0999960792467522,1.1901845210979842e-05
129900,0.10838365985872904,0.1319145583815897,0.0,1.0999960824411166,1.1882323834036503e-05
129960,0.10836699197809331,0.13173387231394487,0.0,1.099996085633517,1.186281457266494e-05
130020,0.10835033463180586,0.13155329906666882,0.0,1.0999960888241407,1.1843317432878782e-05
130080,0.10833368781705749,0.13137283869477523,0.0,1.0999960920131886,1.1823832420707204e-05
130140,0.1083170515311075,0.13119249125343685,0.0,1.0999960952008732,1.1804359542194768e-05
130200,0.10830042577128306,0.13101225679798412,0.0,1.09999609838742,1.1784898803401266e-05
130260,0.10828381053497849,0.13083213538390354,0.0,1.0999961015730675,1.1765450210401562e-05
130320,0.10826720581965461,0.13065212706683646,0.0,1.0999961047580675,1.1746013769285434e-05
130380,0.10825061162283818,0.1304722319025774,0.0,1.0999961079426854,1.1726589486157413e-05
130440,0.10823402794212103,0.1302924499470727,0.0,1.0999961111272,1.1707177367136632e-05
130500,0.10821745477515962,0.13011278125641912,0.0,1.0999961143119048,1.1687777418356658e-05
130560,0.10820089211967422,0.1299332258868622,0.0,1.0999961174971065,1.1668389645965344e-05
130620,0.10818433997344831,0.12975378389479508,0.0,1.0999961206831272,1.164901405612466e-05
130680,0.10816779833432794,0.12957445533675674,0.0,1.0999961238703033,1.1629650655010547e-05
130740,0.10815126720022099,0.12939524026943075,0.0,1.0999961270589864,1.161029944881275e-05
130800,0.10813474656909658,0.12921613874964374,0.0,1.0999961302495433,1.1590960443734666e-05
130860,0.1081182364389844,0.12903715083436404,0.0,1.099996133442356,1.1571633645993175e-05
130920,0.108101736807974,0.1288582765807,0.0,1.0999961366378226,1.15523190618185e-05
130980,0.10808524767421414,0.12867951604589886,0.0,1.099996139836357,1.153301669745403e-05
131040,0.10806876903591218,0.12850086928734497,0.0,1.0999961430383893,1.1513726559156177e-05
131100,0.1080523008913334,0.1283223363625585,0.0,1.0999961462443661,1.1494448653194205e-05
131160,0.10803584323880022,0.12814391732919406,0.0,1.0999961494547508,1.1475182985850084e-05
131220,0.10801939607669175,0.12796561224503905,0.0,1.0999961526700237,1.1455929563418321e-05
131280,0.10800295940344294,0.12778742116801234,0.0,1.0999961558906823,1.1436688392205813e-05
131340,0.10798653321754399,0.12760934415616282,0.0,1.0999961591172416,1.141745947853168e-05
131400,0.10797011751753974,0.12743138126766781,0.0,1.0999961623502343,1.1398242828727107e-05
131460,0.1079537123054932,0.12725353256840233,0.0,1.0999961655812382,1.1379038450611707e-05
131520,0.10793731760593459,0.12707579817334766,0.0,1.0999961687437951,1.1359846361569817e-05
131580,0.10792093339212058,0.12689817808544715,0.0,1.0999961719044047,1.1340666557121794e-05
131640,0.10790455966303887,0.12672067236388287,0.0,1.099996175063074,1.1321499043744045e-05
131700,0.10788819641773582,0.12654328106797436,0.0,1.0999961782198104,1.1302343827927409e-05
131760,0.10787184365531591,0.1263660042571773,0.0,1.0999961813746204,1.1283200916177044e-05
131820,0.10785550137494117,0.12618884199108246,0.0,1.0999961845275104,1.1264070315012313e-05
131880,0.10783916957583065,0.12601179432941426,0.0,1.0999961876784867,1.1244952030966674e-05
131940,0.10782284825725984,0.12583486133202965,0.0,1.0999961908275548,1.1225846070587558e-05
132000,0.10780653741856007,0.1256580430589169,0.0,1.0999961939747207,1.1206752440436263e-05
132060,0.10779023705911804,0.12548133957019425,0.0,1.0999961971199892,1.118767114708783e-05
132120,0.10777394717837518,0.12530475092610888,0.0,1.0999962002633652,1.1168602197130944e-05
132180,0.10775766777582713,0.12512827718703545,0.0,1.099996203404853,1.1149545597167801e-05
132240,0.10774139885102313,0.12495191841347507,0.0,1.0999962065444564,1.1130501353814008e-05
132300,0.10772514040356558,0.12477567466605391,0.0,1.099996209682179,1.1111469473698463e-05
132360,0.10770889243310931,0.1245995460055221,0.0,1.099996212818024,1.1092449963463243e-05
132420,0.1076926549393612,0.1244235324927524,0.0,1.0999962159519938,1.107344282976349e-05
132480,0.10767642792207943,0.12424763418873903,0.0,1.0999962190840906,1.1054448079267291e-05
132540,0.10766021138107312,0.12407185115459643,0.0,1.0999962222143158,1.1035465718655574e-05
132600,0.10764400531620161,0.123896183451558,0.0,1.0999962253426707,1.1016495754621983e-05
132660,0.10762780972737396,0.12372063114097491,0.0,1.0999962284691553,1.0997538193872774e-05
132720,0.10761162461454842,0.12354519428431486,0.0,1.0999962315937701,1.097859304312669e-05
132780,0.10759544997773182,0.1233698729431608,0.0,1.0999962347165142,1.095966030911486e-05
132840,0.10757928581697904,0.1231946671792098,0.0,1.099996237837386,1.0940739998580672e-05
132900,0.10756313213239245,0.12301957705427169,0.0,1.0999962409563837,1.0921832118279666e-05
132960,0.10754698892412133,0.12284460263026797,0.0,1.099996244073505,1.090293667497942e-05
133020,0.10753085619236133,0.1226697439692305,0.0,1.0999962471887463,1.0884053675459427e-05
133080,0.10751473393735388,0.12249500113330022,0.0,1.099996250302104,1.0865183126510999e-05
133140,0.10749862215938567,0.12232037418472605,0.0,1.0999962534135728,1.0846325034937134e-05
133200,0.1074825208587881,0.12214586318586358,0.0,1.099996256523148,1.0827479407552408e-05
133260,0.10746643003593663,0.1219714681991738,0.0,1.099996259630823,1.0808646251182871e-05
133320,0.10745034969125034,0.121797189287222,0.0,1.0999962627365911,1.0789825572665914e-05
133380,0.10743427982519127,0.1216230265126764,0.0,1.0999962658404443,1.077101737885017e-05
133440,0.10741822043826395,0.12144897993830699,0.0,1.0999962689423746,1.0752221676595396e-05
133500,0.10740217153101476,0.12127504962698431,0.0,1.0999962720423722,1.0733438472772353e-05
133560,0.10738613311116608,0.12110123565280768,0.0,1.0999962751403702,1.0714667774863223e-05
133620,0.107370105199053,0.12092753810958556,0.0,1.0999962782362016,1.0695909591419143e-05
133680,0.10735408777251065,0.12075395702486437,0.0,1.099996281330035,1.0677163927421324e-05
133740,0.10733808083248453,0.12058049246227444,0.0,1.0999962844218563,1.0658430789803386e-05
133800,0.1073220843799668,0.12040714448555229,0.0,1.0999962875116496,1.0639710185510026e-05
133860,0.10730609841599587,0.1202339131585396,0.0,1.0999962905993979,1.0621002121496906e-05
133920,0.10729012294165584,0.12006079854518212,0.0,1.0999962936850833,1.0602306604730558e-05
133980,0.10727415795807616,0.11988780070952862,0.0,1.0999962967686876,1.0583623642188272e-05
134040,0.10725820346643111,0.1197149197157298,0.0,1.0999962998501904,1.0564953240857996e-05
134100,0.10724225946793939,0.11954215562803726,0.0,1.099996302929571,1.0546295407738217e-05
134160,0.10722632596386364,0.1193695085108024,0.0,1.0999963060068072,1.0527650149837881e-05
134220,0.10721040295550993,0.11919697842847536,0.0,1.0999963090818756,1.0509017474176261e-05
134280,0.10719449044422745,0.119024565445604,0.0,1.0999963121547518,1.049039738778287e-05
134340,0.10717858843140789,0.11885226962683273,0.0,1.0999963152254106,1.0471789897697344e-05
134400,0.1071626969184851,0.11868009103690161,0.0,1.099996318293825,1.0453195010969344e-05
134460,0.10714681590693459,0.11850802974064509,0.0,1.0999963213599673,1.0434612734658451e-05
134520,0.10713094539827309,0.1183360858029911,0.0,1.0999963244238078,1.0416043075834054e-05
134580,0.10711508539405808,0.11816425928895988,0.0,1.0999963274853166,1.0397486041575252e-05
134640,0.10709923589588737,0.117992550263663,0.0,1.0999963305444616,1.0378941638970744e-05
134700,0.10708339690539856,0.11782095879230221,0.0,1.0999963336012097,1.0360409875118723e-05
134760,0.10706756842426872,0.11764948494016848,0.0,1.099996336655527,1.0341890757126777e-05
134820,0.10705175045421382,0.1174781287726408,0.0,1.0999963397073775,1.0323384292111776e-05
134880,0.10703594299698832,0.11730689035518523,0.0,1.0999963427567243,1.0304890487199775e-05
134940,0.10702014605438472,0.11713576975335376,0.0,1.099996345803529,1.0286409349525896e-05
135000,0.10700435962823307,0.1169647670327833,0.0,1.0999963488477515,1.0267940886234238e-05
135060,0.1069885837204006,0.11679388225919458,0.0,1.099996351889351,1.0249485104477763e-05
135120,0.10697281833279117,0.11662311549839109,0.0,1.0999963549282847,1.0231042011418188e-05
135180,0.10695706346734485,0.116452466816258,0.0,1.0999963579645082,1.0212611614225887e-05
135240,0.10694131912603749,0.11628193627876114,0.0,1.0999963609979762,1.0194193920079782e-05
135300,0.10692558531088023,0.11611152395194588,0.0,1.0999963640286414,1.0175788936167236e-05
135360,0.10690986202391908,0.1159412299019361,0.0,1.0999963670564554,1.0157396669683953e-05
135420,0.10689414926723442,0.11577105419493312,0.0,1.099996370081368,1.0139017127833867e-05
135480,0.10687844704294058,0.1156009968972146,0.0,1.099996373103327,1.0120650317829038e-05
135540,0.10686275535318542,0.11543105807513356,0.0,1.09999637612228,1.0102296246889552e-05
135600,0.10684707420014974,0.11526123779511717,0.0,1.099996379138171,1.0083954922243406e-05
135660,0.10683140359687884,0.11509153614937201,0.0,1.09999638215588,1.0065626352418205e-05
135720,0.10681574355801325,0.11492195323388647,0.0,1.0999963851809964,1.0047310546135672e-05
135780,0.10680009406578991,0.11475248906774432,0.0,1.0999963882043284,1.0029007508256947e-05
135840,0.10678445512266742,0.11458314371801533,0.0,1.0999963912258834,1.0010717246058545e-05
135900,0.10676882673113891,0.11441391725184724,0.0,1.0999963942456683,9.992439766824829e-06
135960,0.10675320889373172,0.11424480973646485,0.0,1.0999963972636897,9.974175077847907e-06
136020,0.10673760161300694,0.11407582123916903,0.0,1.0999964002799547,9.955923186427534e-06
136080,0.10672200489155903,0.11390695182733572,0.0,1.0999964032944702,9.937684099871008e-06
136140,0.1067064187320154,0.11373820156841503,0.0,1.0999964063072436,9.919457825493077e-06
136200,0.10669084313703596,0.11356957052993023,0.0,1.099996409318282,9.901244370615832e-06
136260,0.10667527810931275,0.11340105877947679,0.0,1.0999964123275918,9.883043742568609e-06
136320,0.10665972365156955,0.1132326663847214,0.0,1.099996415335181,9.86485594868789e-06
136380,0.10664417976656136,0.11306439341340106,0.0,1.0999964183410564,9.846680996317199e-06
136440,0.10662864645707415,0.1128962399333221,0.0,1.0999964213452254,9.828518892807006e-06
136500,0.1066131237259243,0.11272820601235911,0.0,1.0999964243476947,9.810369645514628e-06
136560,0.10659761157595828,0.11256029171845416,0.0,1.0999964273484721,9.79223326180412e-06
136620,0.10658211001005218,0.11239249711961569,0.0,1.099996430347565,9.774109749046183e-06
136680,0.10656661903111134,0.11222482228391757,0.0,1.09999643334498,9.755999114618066e-06
136740,0.10655113864206991,0.11205726727949822,0.0,1.0999964363407253,9.737901365903454e-06
136800,0.1065356688458905,0.1118898321745595,0.0,1.0999964393348076,9.719816510292378e-06
136860,0.10652020964556365,0.1117225170373659,0.0,1.0999964423272348,9.701744555181114e-06
136920,0.10650476104410753,0.11155532193624346,0.0,1.0999964453180138,9.683685507972075e-06
136980,0.10648932304456747,0.11138824693957887,0.0,1.0999964483071523,9.665639376073722e-06
137040,0.10647389565001555,0.11122129211581847,0.0,1.0999964512946576,9.647606166900453e-06
137100,0.10645847886355024,0.1110544575334673,0.0,1.0999964542805374,9.629585887872511e-06
137160,0.10644307268829592,0.11088774326108812,0.0,1.0999964572647989,9.611578546415878e-06
137220,0.10642767712740249,0.11072114936730049,0.0,1.0999964602474497,9.59358414996218e-06
137280,0.10641229218404498,0.11055467592077974,0.0,1.0999964632284973,9.575602705948579e-06
137340,0.10639691786142313,0.11038832299025604,0.0,1.0999964662079493,9.557634221817684e-06
137400,0.10638155416276095,0.11022209064451347,0.0,1.099996469185813,9.539678705017441e-06
137460,0.10636620109130634,0.11005597895238897,0.0,1.099996472162096,9.521736163001034e-06
137520,0.10635085865033068,0.10988998798277147,0.0,1.0999964751368059,9.503806603226792e-06
137580,0.10633552684312839,0.10972411780460081,0.0,1.0999964781099503,9.485890033158082e-06
137640,0.10632020567301652,0.10955836848686694,0.0,1.0999964810815368,9.467986460263206e-06
137700,0.10630489514333438,0.10939274009860876,0.0,1.0999964840515726,9.45009589201531e-06
137760,0.10628959525744308,0.10922723270891332,0.0,1.0999964870200656,9.432218335892279e-06
137820,0.10627430601872515,0.10906184638691478,0.0,1.0999964899870234,9.414353799376635e-06
137880,0.10625902743058409,0.10889658120179341,0.0,1.099996492952453,9.396502289955437e-06
137940,0.10624375949644403,0.10873143722277473,0.0,1.0999964959163628,9.378663815120186e-06
138000,0.10622850221974922,0.10856641451912843,0.0,1.0999964988787598,9.36083838236672e-06
138060,0.1062132556039637,0.1084015131601675,0.0,1.0999965018396518,9.34302599919511e-06
138120,0.10619801965257085,0.1082367332152472,0.0,1.0999965047990463,9.325226673109573e-06
138180,0.10618279436907299,0.10807207475376414,0.0,1.099996507756951,9.307440411618354e-06
138240,0.10616757975699095,0.10790753784515528,0.0,1.0999965107133731,9.289667222233642e-06
138300,0.10615237584459876,0.10774312260391851,0.0,1.0999965136612355,9.27190711963257e-06
138360,0.1061371826424932,0.10757882911238267,0.0,1.099996516598529,9.25416011337309e-06
138420,0.10612200012772947,0.10741465739183204,0.0,1.0999965195328574,9.236426203301112e-06
138480,0.10610682830414538,0.10725060751230486,0.0,1.0999965224641568,9.218705397015063e-06
138540,0.10609166717560141,0.10708667954388644,0.0,1.0999965253923627,9.200997702118631e-06
138600,0.10607651674598052,0.10692287355670815,0.0,1.0999965283174082,9.183303126220678e-06
138660,0.1060613770191877,0.10675918962094673,0.0,1.0999965312392244,9.165621676935162e-06
138720,0.10604624799914969,0.10659562780682334,0.0,1.0999965341577407,9.147953361881055e-06
138780,0.10603112968981458,0.10643218818460283,0.0,1.0999965370728848,9.13029818868227e-06
138840,0.10601602209515153,0.1062688708245928,0.0,1.0999965399845824,9.112656164967572e-06
138900,0.10600092521915037,0.10610567579714282,0.0,1.0999965428927567,9.095027298370504e-06
138960,0.10598583906582132,0.10594260317264359,0.0,1.0999965457973298,9.077411596529301e-06
139020,0.1059707636391946,0.1057796530215261,0.0,1.0999965486982213,9.059809067086821e-06
139080,0.10595569894332009,0.10561682541426076,0.0,1.099996551595349,9.04221971769045e-06
139140,0.105940644982267,0.1054541204213566,0.0,1.0999965544886283,9.024643555992036e-06
139200,0.10592560176012354,0.1052915381133604,0.0,1.0999965573779733,9.007080589647796e-06
139260,0.10591056928099658,0.10512907856085588,0.0,1.0999965602632953,8.98953082631825e-06
139320,0.10589554754901125,0.10496674183446288,0.0,1.099996563144504,8.971994273668126e-06
139380,0.10588053656831066,0.10480452800483643,0.0,1.0999965660215065,8.954470939366293e-06
139440,0.10586553634305555,0.10464243714266605,0.0,1.0999965688942084,8.936960831085672e-06
139500,0.10585054687742393,0.10448046931867477,0.0,1.0999965717625124,8.91946395650316e-06
139560,0.10583556817561073,0.1043186246036184,0.0,1.0999965746263198,8.901980323299553e-06
139620,0.10582060024182748,0.10415690306828466,0.0,1.0999965774855294,8.884509939159455e-06
139680,0.10580564308030195,0.1039953047834923,0.0,1.0999965803400376,8.867052811771212e-06
139740,0.10579069669527784,0.1038338298200903,0.0,1.0999965831897387,8.849608948826818e-06
139800,0.1057757610910144,0.10367247824895705,0.0,1.0999965860345247,8.83217835802185e-06
139860,0.1057608362717861,0.10351125014099948,0.0,1.0999965888742855,8.814761047055371e-06
139920,0.1057459222418823,0.10335014556715222,0.0,1.0999965917089085,8.797357023629868e-06
139980,0.10573101900560687,0.10318916459837678,0.0,1.099996594538279,8.779966295451154e-06
140040,0.10571612656727791,0.10302830730566072,0.0,1.0999965973622796,8.762588870228304e-06
140100,0.10570124493122736,0.10286757376001678,0.0,1.099996600180791,8.745224755673564e-06
140160,0.10568637410180065,0.10270696403248206,0.0,1.0999966029936914,8.727873959502273e-06
140220,0.10567151408335641,0.10254647819411719,0.0,1.0999966058008561,8.710536489432789e-06
140280,0.1056566648802661,0.10238611631600547,0.0,1.0999966086021584,8.6932123531864e-06
140340,0.10564182649691363,0.10222587846925207,0.0,1.0999966113974693,8.675901558487249e-06
140400,0.10562699893769506,0.10206576472498315,0.0,1.0999966141866573,8.658604113062256e-06
140460,0.10561218220701828,0.10190577515434503,0.0,1.0999966169695878,8.641320024641035e-06
140520,0.1055973763093026,0.10174590982850337,0.0,1.0999966197461246,8.62404930095581e-06
140580,0.10558258124897847,0.10158616881864235,0.0,1.0999966225161284,8.606791949741346e-06
140640,0.1055677970304871,0.10142655219596376,0.0,1.0999966252794573,8.589547978734853e-06
140700,0.10555302365828015,0.10126706003168624,0.0,1.0999966280359672,8.572317395675923e-06
140760,0.10553826113681933,0.1011076923970444,0.0,1.0999966307855111,8.555100208306439e-06
140820,0.10552350947057614,0.10094844936328798,0.0,1.0999966335279396,8.537896424370497e-06
140880,0.10550876866403143,0.10078933100168104,0.0,1.0999966362631004,8.520706051614326e-06
140940,0.10549403877267395,0.10063033742642916,0.0,1.0999966390362328,8.503529092699828e-06
141000,0.10547931979072239,0.10047146870016929,0.0,1.099996641838029,8.486365556402531e-06
141060,0.1054646116904474,0.10031272486706853,0.0,1.0999966446396354,8.469215453689703e-06
141120,0.10544991447676147,0.10015410599877432,0.0,1.0999966474412428,8.45207879227567e-06
141180,0.1054352281545949,0.09999561216695269,0.0,1.0999966502430485,8.434955579875484e-06
141240,0.10542055272889556,0.09983724344328752,0.0,1.0999966530452556,8.417845824204836e-06
141300,0.10540588820462862,0.0996789998994799,0.0,1.0999966558480745,8.400749532979954e-06
141360,0.10539123458677642,0.09952088160724722,0.0,1.099996658651721,8.383666713917521e-06
141420,0.10537659188033809,0.09936288863832253,0.0,1.099996661456418,8.366597374734586e-06
141480,0.10536196009032946,0.09920502106445382,0.0,1.0999966642623955,8.34954152314846e-06
141540,0.10534733922178273,0.09904727895740319,0.0,1.0999966670698895,8.33249916687664e-06
141600,0.10533272927974631,0.09888966238894614,0.0,1.0999966698791432,8.315470313636707e-06
141660,0.10531813026928454,0.09873217143087087,0.0,1.0999966726904065,8.298454971146233e-06
141720,0.1053035421954775,0.09857480615497748,0.0,1.099996675503936,8.281453147122708e-06
141780,0.10528896506342074,0.09841756663307726,0.0,1.0999966783199961,8.264464849283422e-06
141840,0.10527439887822507,0.0982604529369919,0.0,1.0999966811388577,8.247490085345398e-06
141900,0.10525984364501635,0.09810346513855282,0.0,1.0999966839607989,8.230528863025285e-06
141960,0.1052452993689352,0.09794660330960038,0.0,1.0999966867861055,8.213581190039275e-06
142020,0.10523076605513684,0.0977898675219831,0.0,1.0999966896150701,8.196647074103007e-06
142080,0.1052162437087908,0.09763325784755701,0.0,1.0999966924479931,8.179726522931477e-06
142140,0.10520173233508076,0.09747677435818482,0.0,1.0999966952851823,8.162819544238951e-06
142200,0.10518723193920422,0.09732041712573522,0.0,1.099996698126953,8.145926145738868e-06
142260,0.10517274252637235,0.09716418622208212,0.0,1.0999967009736284,8.129046335143751e-06
142320,0.10515826410180974,0.09700808171910393,0.0,1.0999967038255394,8.112180120165117e-06
142380,0.10514379667075417,0.09685210368868277,0.0,1.0999967066830243,8.095327508513385e-06
142440,0.10512934023845637,0.09669625220270378,0.0,1.0999967095464296,8.078488507897784e-06
142500,0.10511489481017976,0.09654052733305435,0.0,1.09999671241611,8.06166312602626e-06
142560,0.1051004603912003,0.09638492915162333,0.0,1.0999967152924282,8.044851370605389e-06
142620,0.10508603698680619,0.0962294577303004,0.0,1.0999967181757544,8.028053249340286e-06
142680,0.10507162460229764,0.0960741131409752,0.0,1.0999967210664676,8.011268769934507e-06
142740,0.10505722324298675,0.09591889545553671,0.0,1.0999967239649553,7.994497940089968e-06
142800,0.10504283291419705,0.09576380474587236,0.0,1.0999967268716129,7.977740767506844e-06
142860,0.10502845362126355,0.09560884108386743,0.0,1.099996729786844,7.960997259883483e-06
142920,0.10501408536953229,0.09545400454140421,0.0,1.0999967327110616,7.944267424916313e-06
142980,0.10499972816436018,0.0952992951903613,0.0,1.0999967356446867,7.927551270299755e-06
143040,0.10498538201111485,0.09514471310261287,0.0,1.099996738588149,7.910848803726123e-06
143100,0.10497104691517428,0.09499025835002788,0.0,1.0999967415418872,7.894160032885543e-06
143160,0.10495672288192669,0.09483593100446935,0.0,1.0999967445063483,7.877484965465853e-06
143220,0.1049424099167702,0.09468173113779366,0.0,1.0999967474819892,7.86082360915252e-06
143280,0.10492810802511272,0.09452765882184971,0.0,1.099996750469275,7.84417597162854e-06
143340,0.10491381721237161,0.09437371412847832,0.0,1.0999967534686796,7.827542060574354e-06
143400,0.10489953748397354,0.09421989712951132,0.0,1.0999967564806874,7.810921883667753e-06
143460,0.10488526884535417,0.09406620789677093,0.0,1.0999967595057905,7.794315448583789e-06
143520,0.10487101130195799,0.09391264650206897,0.0,1.099996762544491,7.77772276299468e-06
143580,0.10485676484451241,0.09375921304831816,0.0,1.099996765417023,7.761143867286717e-06
143640,0.10484252948605154,0.09360590759130788,0.0,1.099996768216615,7.744578752301459e-06
143700,0.10482830523718592,0.09345273019195238,0.0,1.0999967710067367,7.728027414279806e-06
143760,0.10481409210329899,0.09329968092221307,0.0,1.0999967737867775,7.71148986109061e-06
143820,0.1047998900897794,0.09314675985404228,0.0,1.099996776556107,7.694966100604726e-06
143880,0.10478569920202083,0.09299396705938257,0.0,1.0999967793140752,7.678456140694989e-06
143940,0.1047715194454217,0.09284130261016606,0.0,1.0999967820600123,7.661959989236184e-06
144000,0.10475735082538498,0.09268876657831374,0.0,1.0999967847932277,7.645477654105009e-06
144060,0.1047431933473178,0.09253635903573475,0.0,1.0999967875130108,7.629009143180034e-06
144120,0.10472904701663134,0.0923840800543257,0.0,1.0999967902186305,7.6125544643416894e-06
144180,0.10471491183874047,0.09223192970597005,0.0,1.099996792909334,7.596113625472211e-06
144240,0.10470078781906357,0.0920799080625373,0.0,1.099996795584348,7.579686634455623e-06
144300,0.1046866749630222,0.0919280151958824,0.0,1.0999967982428773,7.563273499177697e-06
144360,0.10467257327604088,0.09177625117784502,0.0,1.0999968008841052,7.546874227525922e-06
144420,0.10465848276354685,0.0916246160802489,0.0,1.099996803507193,7.530488827389473e-06
144480,0.10464440343096977,0.09147310997490107,0.0,1.09999680611128,7.514117306659175e-06
144540,0.10463033528374151,0.0913217329335913,0.0,1.0999968086954826,7.497759673227474e-06
144600,0.10461627832729585,0.0911704850280913,0.0,1.0999968112588951,7.481415934988404e-06
144660,0.10460223256706826,0.09101936633015405,0.0,1.0999968138005887,7.465086099837551e-06
144720,0.10458819800849561,0.09086837691151316,0.0,1.0999968163196112,7.448770175672021e-06
144780,0.10457417465701596,0.09071751684388214,0.0,1.0999968188149873,7.432468170390413e-06
144840,0.10456016251806824,0.09056678619895372,0.0,1.099996821285718,7.416180091892778e-06
144900,0.10454616159709203,0.0904161850483992,0.0,1.09999682373078,7.399905948080594e-06
144960,0.10453217189952732,0.09026571346386766,0.0,1.0999968261491264,7.3836457468567286e-06
145020,0.10451819343081421,0.09011537151698541,0.0,1.0999968285396857,7.367399496125406e-06
145080,0.1045042261963927,0.08996515927935518,0.0,1.099996830901362,7.351167203792178e-06
145140,0.10449027020170239,0.08981507682255552,0.0,1.0999968332330339,7.334948877763888e-06
145200,0.10447632545218223,0.08966512421814003,0.0,1.0999968355335557,7.318744525948642e-06
145260,0.10446239195327031,0.08951530153763679,0.0,1.0999968378017555,7.30255415625577e-06
145320,0.10444846971040354,0.0893656088525475,0.0,1.0999968400364366,7.2863777765958005e-06
145380,0.10443455872901744,0.08921604623434698,0.0,1.0999968422363762,7.270215394880422e-06
145440,0.10442065901454585,0.08906661375448233,0.0,1.099996844400325,7.254067019022454e-06
145500,0.1044067705724207,0.08891731148437235,0.0,1.0999968465270078,7.237932656935812e-06
145560,0.10439289340807174,0.08876813949540677,0.0,1.0999968486151226,7.221812316535477e-06
145620,0.10437902752692628,0.08861909785894562,0.0,1.0999968506633409,7.20570600573746e-06
145680,0.10436517293440893,0.0884701866463185,0.0,1.0999968526703066,7.189613732458773e-06
145740,0.10435132963594136,0.08832140592882394,0.0,1.0999968546346368,7.173535504617396e-06
145800,0.10433749763694203,0.08817275577772865,0.0,1.099996856554921,7.157471330132237e-06
145860,0.10432367694282595,0.08802423626426688,0.0,1.0999968584297202,7.141421216923111e-06
145920,0.1043098675590044,0.08787584745963971,0.0,1.0999968602575683,7.125385172910697e-06
145980,0.10429606949088467,0.0877275894350144,0.0,1.0999968620369704,7.109363206016515e-06
146040,0.10428228274386984,0.0875794622615236,0.0,1.099996863766403,7.093355324162884e-06
146100,0.10426850732335849,0.08743146601026482,0.0,1.0999968654443144,7.077361535272895e-06
146160,0.10425474323474446,0.08728360075229957,0.0,1.099996867069123,7.061381847270376e-06
146220,0.10424099067427024,0.08713586647653332,0.0,1.0999968693271123,7.045416172218788e-06
146280,0.10422724950756734,0.08698826331408543,0.0,1.0999968717129343,7.029464588237336e-06
146340,0.10421351971103629,0.08684079134837393,0.0,1.0999968741204755,7.013527117806564e-06
146400,0.10419980129108034,0.0866934506498662,0.0,1.099996876551752,6.9976037683350945e-06
146460,0.10418609425412279,0.08654624128897906,0.0,1.0999968790088444,6.981694547219015e-06
146520,0.10417239860660708,0.08639916333607793,0.0,1.0999968814938967,6.965799461841696e-06
146580,0.10415871435499681,0.086252216861476,0.0,1.0999968840091197,6.949918519573615e-06
146640,0.10414504150577567,0.08610540193543342,0.0,1.0999968865567895,6.9340517277721825e-06
146700,0.1041313800654476,0.08595871862815654,0.0,1.0999968891392498,6.918199093781559e-06
146760,0.1041177300405368,0.08581216700979705,0.0,1.0999968917589116,6.902360624932481e-06
146820,0.10410409143758767,0.08566574715045112,0.0,1.0999968944182548,6.886536328542083e-06
146880,0.10409046426316496,0.08551945912015874,0.0,1.0999968971198288,6.8707262119137195e-06
146940,0.10407684852385371,0.08537330298890272,0.0,1.099996899866253,6.854930282336789e-06
147000,0.10406324422625933,0.08522727882660805,0.0,1.099996902660218,6.839148547086557e-06
147060,0.10404965137700761,0.08508138670314094,0.0,1.0999969055044863,6.823381013423972e-06
147120,0.1040360699827448,0.0849356266883081,0.0,1.0999969084018923,6.807627688595502e-06
147180,0.10402250005013752,0.08478999885185595,0.0,1.0999969113553445,6.7918885798329395e-06
147240,0.10400894158587297,0.08464450326346969,0.0,1.0999969143678254,6.776163694353241e-06
147300,0.1039953945966588,0.08449913999277259,0.0,1.0999969174423923,6.760453039358337e-06
147360,0.10398185908922321,0.08435390910932516,0.0,1.0999969205821782,6.744756622034961e-06
147420,0.103968335070315,0.0842088106826243,0.0,1.0999969237903933,6.729074449554472e-06
147480,0.10395482254670356,0.08406384478210253,0.0,1.0999969270703243,6.713406529072673e-06
147540,0.10394132152517895,0.08391901147712717,0.0,1.0999969304253363,6.697752867729639e-06
147600,0.10392783201255185,0.08377431083699949,0.0,1.099996933858874,6.682113472649535e-06
147660,0.10391435401565367,0.08362974293095393,0.0,1.099996937374461,6.666488350940442e-06
147720,0.10390088754133657,0.08348530782815732,0.0,1.0999969409757016,6.650877509694178e-06
147780,0.10388743259647344,0.08334100559770799,0.0,1.0999969446662818,6.6352809559861194e-06
147840,0.103873989187958,0.083196836308635,0.0,1.0999969484499694,6.619698696875026e-06
147900,0.10386055732270477,0.08305280002989739,0.0,1.0999969523306152,6.604130739402865e-06
147960,0.10384713700764915,0.0829088968303832,0.0,1.0999969563121537,6.588577090594626e-06
148020,0.1038337282497474,0.08276512677890888,0.0,1.099996960398604,6.573037757458155e-06
148080,0.10382033105597675,0.08262148994421827,0.0,1.0999969645940701,6.557512746983967e-06
148140,0.10380694543333534,0.0824779863949819,0.0,1.0999969689027427,6.542002066145073e-06
148200,0.1037935713888423,0.08233461619979619,0.0,1.099996973328899,6.526505721896803e-06
148260,0.10378020892953782,0.08219137942718259,0.0,1.099996977876904,6.511023721176628e-06
148320,0.10376685806248305,0.08204827614558675,0.0,1.099996982551211,6.495556070903983e-06
148380,0.10375351879476032,0.08190530642337777,0.0,1.0999969873563629,6.480102777980087e-06
148440,0.10374019113347296,0.08176247032884738,0.0,1.099996992296992,6.464663849287768e-06
148500,0.10372687508574557,0.08161976793020906,0.0,1.0999969973778227,6.449239291691288e-06
148560,0.1037135706587238,0.08147719929559728,0.0,1.0999970026036696,6.43382911203616e-06
148620,0.10370027785957459,0.0813347644930667,0.0,1.0999970079794406,6.418433317148974e-06
148680,0.10368699669548605,0.08119246359059135,0.0,1.0999970135101367,6.403051913837221e-06
148740,0.1036737271736676,0.08105029665606377,0.0,1.099997019200853,6.387684908889112e-06
148800,0.10366046930134995,0.08090826375729426,0.0,1.0999970250567792,6.372332309073402e-06
148860,0.1036472228652083,0.08076636497847887,0.0,1.0999970281728315,6.356994277401115e-06
148920,0.10363398796614708,0.08062460038027033,0.0,1.0999970297897934,6.341670754271128e-06
148980,0.10362076458403803,0.0804829700322758,0.0,1.099997029551314,6.326361765820094e-06
149040,0.10360755269417697,0.08034147400436166,0.0,1.0999970270404806,6.311067341421682e-06
149100,0.10359435226921362,0.08020011236650966,0.0,1.099997021805282,6.295787512319442e-06
149160,0.1035811632791516,0.08005888518881674,0.0,1.0999970133586072,6.280522311626805e-06
149220,0.10356798578602028,0.07991779255017108,0.0,1.0999970069704892,6.265271687120501e-06
149280,0.10355481995372916,0.07977683453669342,0.0,1.0999970104660275,6.250035495580815e-06
149340,0.1035416658255714,0.07963601121565729,0.0,1.0999970139634077,6.234813715589156e-06
149400,0.10352852341349435,0.07949532266240959,0.0,1.099997016522353,6.2196063631196e-06
149460,0.10351539271553148,0.07935476889588663,0.0,1.0999970188878534,6.204413446700891e-06
149520,0.10350227372823745,0.079214350084553,0.0,1.0999970213551358,6.18923502129402e-06
149580,0.10348916645351808,0.07907406621185517,0.0,1.0999970238314107,6.174071081173161e-06
149640,0.10347607089435357,0.07893391735939559,0.0,1.0999970263039662,6.15892164349428e-06
149700,0.10346298705294295,0.07879390361302173,0.0,1.0999970287949954,6.1437867271432995e-06
149760,0.10344991492294801,0.07865402482878996,0.0,1.0999970312934828,6.128666304260155e-06
149820,0.10343685453385547,0.07851428153921872,0.0,1.0999970337805092,6.113560469242065e-06
149880,0.10342380586488518,0.07837467336902681,0.0,1.0999970362694074,6.098469155564568e-06
149940,0.1034107689409344,0.07823520059095346,0.0,1.099997038762226,6.083392394148114e-06
150000,0.10339774375984566,0.078095863211019,0.0,1.0999970412557665,6.068330190491417e-06
150060,0.10338473032035199,0.07795666124402267,0.0,1.0999970437470024,6.053282550929928e-06
150120,0.10337172862696764,0.07781759476175763,0.0,1.0999970462340287,6.038249487231353e-06
150180,0.10335873868420682,0.07767866383601699,0.0,1.099997048714941,6.023231011163395e-06
150240,0.10334576049658376,0.07753986853859388,0.0,1.0999970511878343,6.00822713449376e-06
150300,0.10333279406861268,0.07740120894128145,0.0,1.0999970536508037,5.99323786899015e-06
150360,0.10331983940480781,0.07726268511587284,0.0,1.0999970561019443,5.978263226420271e-06
150420,0.1033068965302109,0.07712429710645671,0.0,1.099997058568757,5.963303172253735e-06
150480,0.10329396544121099,0.07698604499579216,0.0,1.099997061037698,5.948357736583907e-06
150540,0.10328104613983288,0.07684792885903209,0.0,1.0999970635032958,5.933426936793132e-06
150600,0.1032681386316069,0.07670994876659833,0.0,1.0999970659651015,5.918510782357476e-06
150660,0.1032552429220633,0.07657210478891271,0.0,1.0999970684226654,5.9036092827530065e-06
150720,0.10324235901673239,0.07643439699639709,0.0,1.0999970708755387,5.888722447455789e-06
150780,0.10322948692114443,0.07629682545947326,0.0,1.0999970733232716,5.873850285941889e-06
150840,0.10321662664082973,0.07615939024856311,0.0,1.099997075765415,5.858992807687375e-06
150900,0.10320377819340648,0.07602209135879505,0.0,1.099997078211863,5.844149978446951e-06
150960,0.10319094157818616,0.07588492889932684,0.0,1.0999970806568455,5.829321830189849e-06
151020,0.10317811680016382,0.0757479029439141,0.0,1.0999970830994548,5.814508374327999e-06
151080,0.10316530386541237,0.07561101355959877,0.0,1.0999970855397054,5.799709618374836e-06
151140,0.1031525027800047,0.07547426081342283,0.0,1.099997087977613,5.784925569843792e-06
151200,0.10313971355001376,0.0753376447724282,0.0,1.0999970904131926,5.770156236248302e-06
151260,0.10312693618151242,0.07520116550365682,0.0,1.0999970928464586,5.7554016251017975e-06
151320,0.1031141706805736,0.07506482307415066,0.0,1.0999970952774265,5.7406617439177125e-06
151380,0.10310141705428795,0.07492861749029014,0.0,1.0999970977057596,5.725936583221674e-06
151440,0.10308867530810208,0.07479254885644833,0.0,1.099997100131689,5.711226160981407e-06
151500,0.10307594544811054,0.07465661723837498,0.0,1.0999971025552227,5.696530484348485e-06
151560,0.10306322748042797,0.07452082270062578,0.0,1.0999971049763608,5.681849560140078e-06
151620,0.10305052141116898,0.07438516530775639,0.0,1.0999971073951043,5.667183395173356e-06
151680,0.10303782724644821,0.07424964512432247,0.0,1.0999971098114536,5.652531996265487e-06
151740,0.10302514499238027,0.07411426221487973,0.0,1.099997112225409,5.637895370233643e-06
151800,0.10301247465462568,0.07397901663780937,0.0,1.0999971146369616,5.6232735236068015e-06
151860,0.10299981623041,0.0738439083368012,0.0,1.0999971170459142,5.608666457560761e-06
151920,0.10298716973358621,0.07370893748163039,0.0,1.0999971194524394,5.594074183823775e-06
151980,0.1029745351701834,0.0735741041356899,0.0,1.0999971218565356,5.579496709158742e-06
152040,0.10296191254623072,0.07343940836237267,0.0,1.099997124258202,5.564934040328564e-06
152100,0.10294930186775722,0.07330485022507167,0.0,1.0999971266574369,5.55038618409614e-06
152160,0.10293670314079206,0.07317042978717984,0.0,1.0999971290542392,5.535853147224372e-06
152220,0.10292411637136432,0.07303614711209014,0.0,1.0999971314486074,5.521334936476157e-06
152280,0.10291154156550314,0.07290200226319551,0.0,1.0999971338405403,5.506831558614397e-06
152340,0.10289897872923759,0.07276799530388892,0.0,1.0999971362300367,5.492343020401992e-06
152400,0.10288642786859681,0.0726341262975633,0.0,1.099997138617095,5.477869328601842e-06
152460,0.10287388898960988,0.07250039530761161,0.0,1.099997141001714,5.463410489976847e-06
152520,0.10286136209830593,0.07236680239742682,0.0,1.0999971433838927,5.448966511289907e-06
152580,0.10284884720071406,0.07223334763040186,0.0,1.0999971457636293,5.434537399303922e-06
152640,0.1028363443028634,0.07210003106992968,0.0,1.099997148140923,5.420123160781793e-06
152700,0.10282385341078303,0.07196685277940325,0.0,1.099997150515772,5.405723802486418e-06
152760,0.10281137453050207,0.07183381282221551,0.0,1.0999971528881753,5.3913393311807e-06
152820,0.10279890766804962,0.07170091126175941,0.0,1.0999971552581316,5.376969753627537e-06
152880,0.102786452824585,0.07156814808886829,0.0,1.099997157625632,5.362615072922863e-06
152940,0.10277400999964652,0.07143552327022315,0.0,1.099997159990666,5.3482752909420235e-06
153000,0.10276157920804273,0.07130303700002957,0.0,1.099997162353245,5.33395042105883e-06
153060,0.10274916045566723,0.07117068933966172,0.0,1.0999971647133677,5.319640469934159e-06
153120,0.10273675374841368,0.07103848035049376,0.0,1.0999971670710325,5.305345444228885e-06
153180,0.10272435909217567,0.07090641009389985,0.0,1.0999971694262378,5.291065350603886e-06
153240,0.10271197649284682,0.07077447863125418,0.0,1.0999971717789823,5.276800195720038e-06
153300,0.10269960595632076,0.07064268602393088,0.0,1.0999971741292645,5.262549986238217e-06
153360,0.10268724748849109,0.07051103233330415,0.0,1.0999971764770826,5.248314728819299e-06
153420,0.10267490109525144,0.07037951762074815,0.0,1.0999971788224354,5.23409443012416e-06
153480,0.10266256678249545,0.07024814194763702,0.0,1.0999971811653213,5.219889096813677e-06
153540,0.10265024455611671,0.07011690537534497,0.0,1.0999971835057385,5.205698735548725e-06
153600,0.10263793442200884,0.06998580796524614,0.0,1.099997185843686,5.191523352990182e-06
153660,0.10262563638606548,0.0698548497787147,0.0,1.099997188179162,5.177362955798922e-06
153720,0.10261335045418023,0.06972403087712482,0.0,1.0999971905121648,5.163217550635822e-06
153780,0.10260107663224671,0.06959335132185067,0.0,1.0999971928426933,5.14908714416176e-06
153840,0.10258881492615855,0.0694628111742664,0.0,1.099997195170746,5.1349717430376104e-06
153900,0.10257656534180937,0.0693324104957462,0.0,1.0999971974963207,5.1208713539242494e-06
153960,0.102564327876629,0.0692021491719119,0.0,1.0999971998194475,5.106785966281709e-06
154020,0.10255210253787474,0.06907202729245458,0.0,1.0999972021401196,5.092715589542235e-06
154080,0.10253988933613471,0.06894204501623143,0.0,1.0999972044583186,5.078660239907348e-06
154140,0.10252768827717815,0.06881220240203295,0.0,1.0999972067740431,5.0646199237850625e-06
154200,0.10251549936677423,0.06868249950864967,0.0,1.0999972090872923,5.050594647583392e-06
154260,0.10250332261069216,0.0685529363948721,0.0,1.0999972113980652,5.036584417710353e-06
154320,0.10249115801470113,0.06842351311949074,0.0,1.0999972137063603,5.022589240573959e-06
154380,0.10247900558457032,0.06829422974129613,0.0,1.0999972160121771,5.0086091225822255e-06
154440,0.10246686532606895,0.06816508631907878,0.0,1.0999972183155142,4.994644070143166e-06
154500,0.10245473724496623,0.06803608291162919,0.0,1.0999972206163706,4.980694089664797e-06
154560,0.10244262134703132,0.06790721957773788,0.0,1.0999972229147454,4.966759187555132e-06
154620,0.10243051763803344,0.06777849637619537,0.0,1.0999972252106374,4.952839370222185e-06
154680,0.10241842612374179,0.06764991336579218,0.0,1.0999972275040455,4.938934644073972e-06
154740,0.10240634680992554,0.06752147060531881,0.0,1.0999972297949687,4.9250450155185085e-06
154800,0.10239427970235392,0.06739316815356579,0.0,1.099997232083406,4.9111704909638074e-06
154860,0.10238222480679611,0.06726500606932363,0.0,1.0999972343693563,4.8973110768178845e-06
154920,0.10237018212902131,0.06713698441138284,0.0,1.0999972366528186,4.883466779488754e-06
154980,0.10235815167479871,0.06700910323853394,0.0,1.0999972389337918,4.869637605384431e-06
155040,0.10234613340938079,0.06688136174579833,0.0,1.0999972412122916,4.855823465550222e-06
155100,0.10233412740703932,0.06675376145236094,0.0,1.0999972434882888,4.842024527626075e-06
155160,0.102322133641825,0.0666263017408118,0.0,1.099997245761795,4.8282407233654424e-06
155220,0.10231015211948812,0.06649898266953726,0.0,1.0999972480328095,4.814472059131714e-06
155280,0.10229818284577098,0.06637180429675531,0.0,1.0999972503013313,4.800718541269698e-06
155340,0.10228622582640805,0.06624476668051557,0.0,1.0999972525673594,4.7869801761056125e-06
155400,0.10227428106712586,0.06611786987869939,0.0,1.0999972548308923,4.773256969947093e-06
155460,0.10226234857364305,0.06599111394901969,0.0,1.0999972570919294,4.75954892908319e-06
155520,0.10225042835167042,0.0658644989490211,0.0,1.0999972593504697,4.745856059784368e-06
155580,0.1022385204069108,0.06573802493607993,0.0,1.099997261606512,4.7321783683025065e-06
155640,0.10222662474505916,0.06561169196740409,0.0,1.0999972638600553,4.718515860870898e-06
155700,0.10221474137180256,0.0654855001000332,0.0,1.0999972661110984,4.704868543704252e-06
155760,0.10220287029282017,0.06535944939083851,0.0,1.0999972683596404,4.691236422998692e-06
155820,0.10219101151378328,0.06523353989652295,0.0,1.0999972706056806,4.6776195049317535e-06
155880,0.10217916504035526,0.06510777167362107,0.0,1.0999972728492176,4.664017795662392e-06
155940,0.10216733087819159,0.06498214477849913,0.0,1.0999972750902507,4.650431301330972e-06
156000,0.10215550903293985,0.06485665926735501,0.0,1.0999972773287785,4.636860028059276e-06
156060,0.10214369950618622,0.0647313151250787,0.0,1.0999972795648014,4.623303974324399e-06
156120,0.10213190228782681,0.06460611213136742,0.0,1.0999972817983226,4.6097631166064205e-06
156180,0.10212011739996968,0.06448105063121334,0.0,1.0999972840293366,4.596237491983991e-06
156240,0.10210834484802825,0.06435613067658665,0.0,1.0999972862578427,4.582727106123528e-06
156300,0.10209658463740315,0.0642313523192014,0.0,1.0999972884838394,4.569231964663458e-06
156360,0.10208483677348203,0.06410671561051573,0.0,1.0999972907073263,4.555752073214223e-06
156420,0.1020731012616397,0.06398222060173159,0.0,1.0999972929283024,4.542287437358272e-06
156480,0.10206137810723805,0.06385786734379496,0.0,1.0999972951467667,4.528838062650069e-06
156540,0.10204966731562608,0.06373365588739571,0.0,1.0999972973627181,4.5154039546160875e-06
156600,0.1020379688921399,0.06360958628296769,0.0,1.099997299576156,4.501985118754815e-06
156660,0.10202628284210273,0.06348565858068865,0.0,1.0999973017870792,4.488581560536747e-06
156720,0.10201460917082489,0.06336187283048035,0.0,1.0999973039954871,4.475193285404394e-06
156780,0.1020029478836038,0.06323822908200842,0.0,1.0999973062013786,4.461820298772276e-06
156840,0.10199129898572398,0.06311472738468248,0.0,1.099997308404753,4.448462606026925e-06
156900,0.10197966248245709,0.06299136778765607,0.0,1.0999973106056091,4.435120212526886e-06
156960,0.10196803837906185,0.06286815033982669,0.0,1.0999973128039464,4.421793123602713e-06
157020,0.10195642668078411,0.06274507508983578,0.0,1.0999973149997637,4.408481344556974e-06
157080,0.10194482739285683,0.0626221420860687,0.0,1.0999973171930604,4.395184880664245e-06
157140,0.10193324052050008,0.06249935137665478,0.0,1.0999973193838355,4.381903737171119e-06
157200,0.101921666068921,0.06237670300946728,0.0,1.099997321572088,4.368637919296196e-06
157260,0.10191010404331387,0.06225419703212341,0.0,1.0999973237578173,4.35538743223009e-06
157320,0.10189855444886008,0.06213183349198432,0.0,1.0999973259410223,4.342152281135424e-06
157380,0.10188701729072808,0.0620096124361551,0.0,1.0999973281217024,4.3289324711468365e-06
157440,0.10187549257407348,0.061887533911484785,0.0,1.0999973302998567,4.315728007370974e-06
157500,0.10186398030403897,0.061765597964566356,0.0,1.0999973324754841,4.302538894886497e-06
157560,0.10185248048575433,0.06164380464173673,0.0,1.099997334648584,4.289365138744075e-06
157620,0.10184099312064651,0.061522153955599845,0.0,1.099997336819156,4.276206741205818e-06
157680,0.10182951820745655,0.061400645894253564,0.0,1.0999973389871995,4.263063702506143e-06
157740,0.10181805575943866,0.06127928057732516,0.0,1.0999973411527135,4.249936033718768e-06
157800,0.1018066057815557,0.06115805804908078,0.0,1.0999973433156967,4.236823739696108e-06
157860,0.1017951682787548,0.061036978353504766,0.0,1.0999973454761485,4.2237268252604695e-06
157920,0.10178374325596738,0.060916041534299636,0.0,1.099997347634068,4.210645295204045e-06
157980,0.10177233071810908,0.0607952476348861,0.0,1.0999973497894546,4.197579154288914e-06
158040,0.10176093067007985,0.06067459669840305,0.0,1.0999973519423074,4.1845284072470445e-06
158100,0.10174954311676387,0.06055408876770757,0.0,1.0999973540926258,4.171493058780291e-06
158160,0.10173816806302963,0.06043372388537492,0.0,1.0999973562404086,4.1584731135603964e-06
158220,0.10172680551372984,0.060313502093698554,0.0,1.0999973583856553,4.145468576228991e-06
158280,0.1017154554737015,0.06019342343469009,0.0,1.099997360528365,4.132479451397593e-06
158340,0.10170411794776588,0.06007348795007937,0.0,1.0999973626685373,4.119505743647607e-06
158400,0.1016927929407285,0.05995369568131438,0.0,1.099997364806171,4.106547457530325e-06
158460,0.10168148045737918,0.059834046669561325,0.0,1.0999973669412657,4.093604597566929e-06
158520,0.10167018050249195,0.05971454095570457,0.0,1.0999973690738203,4.0806771682484855e-06
158580,0.10165889308082518,0.05959517858034667,0.0,1.0999973712038345,4.067765174035951e-06
158640,0.10164761819712143,0.05947595958380838,0.0,1.099997373331307,4.0548686193601666e-06
158700,0.10163635585610757,0.059356884006128624,0.0,1.0999973754562378,4.041987508621865e-06
158760,0.10162510606249475,0.05923795188706452,0.0,1.0999973775786256,4.0291218461916615e-06
158820,0.10161386882097835,0.05911916326609138,0.0,1.09999737969847,4.016271636410064e-06
158880,0.10160264413623804,0.05900051818240267,0.0,1.09999738181577,4.003436883587464e-06
158940,0.10159143201293774,0.058882016674910075,0.0,1.0999973839305248,3.990617592004143e-06
159000,0.10158023245572564,0.05876365878224344,0.0,1.0999973860427343,3.977813765910267e-06
159060,0.10156904546923423,0.058645444542750814,0.0,1.0999973881523972,3.9650254095258934e-06
159120,0.10155787105808022,0.05852737399449842,0.0,1.0999973902595133,3.952252527040966e-06
159180,0.10154670922594712,0.0584094472043256,0.0,1.0999973923640811,3.93949512507411e-06
159240,0.1015355599767461,0.058291664231084575,0.0,1.0999973944661006,3.926753209561774e-06
159300,0.10152442331629595,0.058174025072432196,0.0,1.0999973965655707,3.9140267812554336e-06
159360,0.10151329924912966,0.05805652976596658,0.0,1.0999973986624911,3.901315844280363e-06
159420,0.10150218777976396,0.057939178349020196,0.0,1.099997400756861,3.888620402733094e-06
159480,0.10149108891269933,0.057821970858659893,0.0,1.0999974028486794,3.875940460681413e-06
159540,0.10148000265242003,0.05770490733168687,0.0,1.0999974049379462,3.863276022164363e-06
159600,0.10146892900339408,0.057587987804636705,0.0,1.0999974070246605,3.850627091192246e-06
159660,0.10145786797007321,0.05747121231377933,0.0,1.0999974091088216,3.83799367174662e-06
159720,0.10144681955689294,0.05735458089511905,0.0,1.099997411190429,3.8253757677802975e-06
159780,0.10143578376827256,0.05723809358439452,0.0,1.0999974132694819,3.8127733832173515e-06
159840,0.10142476060861506,0.05712175041707879,0.0,1.0999974153459795,3.8001865219531083e-06
159900,0.10141375008230727,0.05700555142837923,0.0,1.0999974174199214,3.7876151878541528e-06
159960,0.10140275219371968,0.056889496653237615,0.0,1.0999974194913071,3.775059384758327e-06
160020,0.1013917669472066,0.056773586126330065,0.0,1.0999974215601358,3.7625191164747284e-06
160080,0.10138079434710608,0.05665781988206707,0.0,1.0999974236264067,3.7499943867837116e-06
160140,0.10136983439773992,0.05654219795459349,0.0,1.0999974256901197,3.737485199436888e-06
160200,0.10135888710341368,0.05642672037778854,0.0,1.0999974277512736,3.7249915581571267e-06
160260,0.10134795246841667,0.05631138718526581,0.0,1.0999974298098683,3.7125134666385523e-06
160320,0.10133703049702196,0.05619619841037324,0.0,1.0999974318659027,3.7000509285465466e-06
160380,0.10132612119348638,0.05608115408619315,0.0,1.0999974339193765,3.6876039475177477e-06
160440,0.10131522456205053,0.05596625424554222,0.0,1.0999974359702893,3.675172527160051e-06
160500,0.10130434060693871,0.055851498920971486,0.0,1.0999974380186401,3.662756671052609e-06
160560,0.10129346933235903,0.05573688814476637,0.0,1.0999974400644286,3.6503563827458305e-06
160620,0.10128261074250333,0.055622421948946635,0.0,1.0999974421076542,3.6379716657613807e-06
160680,0.10127176484154723,0.055508100365266426,0.0,1.099997444148316,3.625602523592182e-06
160740,0.10126093162793198,0.05539392343101742,0.0,1.099997446186412,3.613248963579752e-06
160800,0.10125011110484713,0.05527989117839026,0.0,1.0999974482219403,3.600910989806114e-06
160860,0.10123930328141408,0.05516600363327332,0.0,1.099997450254903,3.5885886022912766e-06
160920,0.10122850816164185,0.055052260826461315,0.0,1.099997452285299,3.5762818044820698e-06
160980,0.10121772574952076,0.054938662788485804,0.0,1.0999974543131283,3.5639905997982675e-06
161040,0.1012069560490224,0.05482520954961528,0.0,1.0999974563383899,3.551714991632587e-06
161100,0.1011961990640996,0.05471190113985508,0.0,1.0999974583610832,3.5394549833506886e-06
161160,0.1011854547986865,0.05459873758894747,0.0,1.099997460381208,3.5272105782911743e-06
161220,0.10117472325669846,0.05448571892637157,0.0,1.0999974623987632,3.514981779765591e-06
161280,0.10116400444203216,0.05437284518134342,0.0,1.0999974644137485,3.5027685910584277e-06
161340,0.10115329835856551,0.05426011638281593,0.0,1.0999974664261634,3.4905710154271164e-06
161400,0.10114260501015772,0.0541475325594789,0.0,1.0999974684360072,3.4783890561020324e-06
161460,0.10113192440064922,0.05403509373975902,0.0,1.0999974704432796,3.466222716286494e-06
161520,0.10112125653386175,0.053922799951819866,0.0,1.0999974724479795,3.454071999156762e-06
161580,0.10111060141359833,0.05381065122356192,0.0,1.099997474450107,3.4419369078620413e-06
161640,0.1010999590436432,0.05369864758262253,0.0,1.0999974764496614,3.4298174455244792e-06
161700,0.10108932942776191,0.05358678905637595,0.0,1.0999974784466418,3.417713615239166e-06
161760,0.10107871256970127,0.053475075671933305,0.0,1.099997480441048,3.4056254200741352e-06
161820,0.10106810847318934,0.05336350745614262,0.0,1.0999974824328795,3.3935528630703637e-06
161880,0.10105751714193546,0.05325208443558882,0.0,1.0999974844221354,3.3814959472417703e-06
161940,0.10104693857963026,0.05314080663659369,0.0,1.0999974864088156,3.369454675575218e-06
162000,0.10103637278994561,0.05302967408521594,0.0,1.0999974883929193,3.357429051030513e-06
162060,0.10102581977653464,0.052918686807251133,0.0,1.0999974903744463,3.345419076540403e-06
162120,0.1010152795430318,0.05280784482823174,0.0,1.0999974923533957,3.333424755010581e-06
162180,0.10100475209305275,0.05269714817342712,0.0,1.0999974943297672,3.3214460893196803e-06
162240,0.10099423743019446,0.05258659686784351,0.0,1.0999974963035604,3.30948308231928e-06
162300,0.1009837355585455,0.05247619087188478,0.0,1.0999974982747824,3.297535722884759e-06
162360,0.10097324648156238,0.052365930223016874,0.0,1.0999975002434312,3.2856040166290047e-06
162420,0.10096277020250174,0.05225581498127008,0.0,1.099997502209502,3.2736879740869842e-06
162480,0.10095230672489308,0.05214584516966058,0.0,1.0999975041729946,3.2617875977987636e-06
162540,0.10094185605224729,0.05203602081091853,0.0,1.0999975061339082,3.2499028902723873e-06
162600,0.10093141818805676,0.05192634192748809,0.0,1.0999975080922428,3.238033853983881e-06
162660,0.10092099313579528,0.05181680854152741,0.0,1.099997510047998,3.226180491377249e-06
162720,0.10091058089891815,0.05170742067490865,0.0,1.0999975120011731,3.214342804864476e-06
162780,0.10090018148086206,0.05159817834921795,0.0,1.0999975139517681,3.2025207968255262e-06
162840,0.10088979488504521,0.05148908158575545,0.0,1.0999975158997828,3.1907144696083425e-06
162900,0.10087942111486718,0.051380130405535296,0.0,1.0999975178452166,3.178923825528849e-06
162960,0.10086906017370907,0.051271324829285606,0.0,1.0999975197880694,3.1671488668709482e-06
163020,0.1008587120649334,0.05116266487744851,0.0,1.0999975217283406,3.1553895958865233e-06
163080,0.10084837679188412,0.051054150570180146,0.0,1.09999752366603,3.1436460147954356e-06
163140,0.10083805435788666,0.05094578192735062,0.0,1.0999975256011374,3.131918125785528e-06
163200,0.1008277447662479,0.05083755896854405,0.0,1.0999975275336626,3.1202059310126214e-06
163260,0.10081744802025615,0.05072948171305854,0.0,1.099997529463605,3.1085094326005174e-06
163320,0.10080716412318116,0.0506215501799062,0.0,1.0999975313909645,3.0968286326409975e-06
163380,0.1007968930782742,0.05051376438781314,0.0,1.0999975333157408,3.085163533193821e-06
163440,0.10078663488876792,0.05040612435521944,0.0,1.0999975352379339,3.073514136286729e-06
163500,0.10077638955787642,0.0502986301002792,0.0,1.099997537157543,3.0618804439154416e-06
163560,0.1007661570887953,0.05019128164086051,0.0,1.0999975390745682,3.0502624580436576e-06
163620,0.10075593748470157,0.05008407899454544,0.0,1.0999975409890093,3.0386601806030567e-06
163680,0.10074573074875372,0.04997702217863009,0.0,1.0999975429008657,3.0270736134932977e-06
163740,0.10073553688409166,0.049870111210124524,0.0,1.0999975448101378,3.015502758582019e-06
163800,0.10072535589383676,0.0497633461057528,0.0,1.0999975467168248,3.0039476177048385e-06
163860,0.10071518774835986,0.04965672671533703,0.0,1.0999975486209097,2.9924081897852693e-06
163920,0.10070503246691663,0.04955025313734649,0.0,1.0999975505224007,2.9808844780178024e-06
163980,0.10069489006382014,0.04944392544489988,0.0,1.0999975524213035,2.969376485131653e-06
164040,0.10068476054185975,0.049337743652264905,0.0,1.0999975543176177,2.9578842128116736e-06
164100,0.1006746439038012,0.049231707773397436,0.0,1.0999975562113429,2.9464076627102485e-06
164160,0.1006645401523866,0.049125817821941524,0.0,1.0999975581024788,2.934946836447297e-06
164220,0.10065444929033446,0.04902007381122938,0.0,1.099997559991025,2.9235017356102704e-06
164280,0.10064437132033963,0.048914475754281386,0.0,1.0999975618769815,2.9120723617541533e-06
164340,0.10063430624507337,0.04880902366380609,0.0,1.0999975637603476,2.9006587164014637e-06
164400,0.1006242540671833,0.04870371755220022,0.0,1.0999975656411234,2.889260801042253e-06
164460,0.1006142147892934,0.048598557431548645,0.0,1.099997567519308,2.8778786171341055e-06
164520,0.10060418841400408,0.04849354331362443,0.0,1.099997569394902,2.8665121661021385e-06
164580,0.10059417494389206,0.04838867520988879,0.0,1.0999975712679042,2.855161449339003e-06
164640,0.10058417438151049,0.04828395313149113,0.0,1.099997573138315,2.843826468204883e-06
164700,0.10057418672938885,0.04817937708926899,0.0,1.0999975750061335,2.8325072240274963e-06
164760,0.10056421199003304,0.0480749470937481,0.0,1.0999975768713597,2.8212037181020924e-06
164820,0.10055425016592531,0.04797066315514237,0.0,1.0999975787339935,2.809915951691456e-06
164880,0.10054430125952431,0.04786652528335384,0.0,1.0999975805940345,2.7986439260259028e-06
164940,0.10053436527326502,0.047762533487972755,0.0,1.0999975824514823,2.7873876423032836e-06
165000,0.10052444220955886,0.04765868777827752,0.0,1.0999975843063368,2.7761471016889817e-06
165060,0.10051453207079357,0.04755498816323468,0.0,1.0999975861585976,2.7649223053159135e-06
165120,0.1005046348593333,0.04745143465149899,0.0,1.0999975880082644,2.7537132542845285e-06
165180,0.10049475057751855,0.04734802725141335,0.0,1.0999975898553371,2.7425199496628103e-06
165240,0.10048487922766625,0.047244765971008816,0.0,1.0999975916998157,2.731342392486274e-06
165300,0.10047502081206963,0.04714165081800465,0.0,1.0999975935416995,2.7201805837579698e-06
165360,0.10046517533299835,0.047038681799808246,0.0,1.0999975953809882,2.7090345244484795e-06
165420,0.10045534279269844,0.046935858923515185,0.0,1.099997597217682,2.6979042154959198e-06
165480,0.1004455231933923,0.046833182195909207,0.0,1.0999975990517805,2.6867896578059386e-06
165540,0.10043571653727867,0.046730651623462224,0.0,1.0999976008832832,2.675690852251719e-06
165600,0.10042592282653276,0.04662826721233432,0.0,1.0999976027121903,2.664607799673976e-06
165660,0.10041614206330605,0.04652602896837374,0.0,1.0999976045385014,2.653540500880958e-06
165720,0.10040637424972647,0.0464239368971169,0.0,1.099997606362216,2.642488956648447e-06
165780,0.10039661938250018,0.04632199089614229,0.0,1.0999976081833447,2.6314531519108977e-06
165840,0.10038687745742957,0.04622019084516541,0.0,1.0999976100018993,2.6204330689927442e-06
165900,0.10037714848636557,0.04611853694409131,0.0,1.0999976118178607,2.609428737254648e-06
165960,0.10036743247124925,0.046017029195367244,0.0,1.0999976136312286,2.5984401570720353e-06
166020,0.10035772941399619,0.045915667601092135,0.0,1.0999976154420035,2.5874673287824995e-06
166080,0.10034803931649652,0.04581445216301652,0.0,1.0999976172501849,2.576510252685804e-06
166140,0.10033836218061495,0.045713382882542605,0.0,1.099997619055773,2.5655689290438813e-06
166200,0.10032869800819068,0.045612459760724214,0.0,1.0999976208587678,2.5546433580808315e-06
166260,0.1003190468010375,0.045511682798266805,0.0,1.0999976226591697,2.5437335399829247e-06
166320,0.10030940856094371,0.04541105199552751,0.0,1.099997624456978,2.5328394748985994e-06
166380,0.10029978328967219,0.04531056735251507,0.0,1.099997626252193,2.521961162938463e-06
166440,0.10029017098896034,0.04521022886888988,0.0,1.0999976280448152,2.5110986041752918e-06
166500,0.10028057166052011,0.04511003654396399,0.0,1.0999976298348442,2.5002517986440308e-06
166560,0.10027098530603801,0.04500999037670106,0.0,1.09999763162228,2.4894207463417942e-06
166620,0.10026141192717505,0.044910090365716415,0.0,1.0999976334071226,2.478605447227864e-06
166680,0.10025185152556686,0.044810336509277016,0.0,1.0999976351893725,2.4678059012236925e-06
166740,0.10024230410282353,0.044710728805301456,0.0,1.0999976369690296,2.4570221082129006e-06
166800,0.10023276966052976,0.044611267251359984,0.0,1.099997638746094,2.4462540680412764e-06
166860,0.10022324820024475,0.04451195184467447,0.0,1.0999976405205654,2.435501780516779e-06
166920,0.10021373972350228,0.04441278258211845,0.0,1.0999976422924445,2.4247652454095354e-06
166980,0.10020424423181067,0.04431375946021707,0.0,1.099997644061731,2.4140444624518406e-06
167040,0.10019476172665275,0.04421488247514715,0.0,1.099997645828425,2.4033394313381605e-06
167100,0.10018529220948592,0.04411615162273713,0.0,1.0999976475925268,2.392650151725128e-06
167160,0.10017583568174215,0.04401756689846709,0.0,1.0999976493540367,2.3819766232315456e-06
167220,0.10016639214482792,0.043919128297468774,0.0,1.0999976511129546,2.3713188454383846e-06
167280,0.10015696160012424,0.04382083581452554,0.0,1.0999976528692805,2.360676817888785e-06
167340,0.10014754404898672,0.04372268944407239,0.0,1.0999976546230148,2.3500505400880557e-06
167400,0.10013813949274546,0.043624689180195984,0.0,1.0999976563741576,2.339440011503675e-06
167460,0.10012874793270514,0.04352683501663461,0.0,1.0999976581227089,2.328845231565289e-06
167520,0.10011936937014496,0.0434291269467782,0.0,1.0999976598686692,2.3182661996647135e-06
167580,0.1001100038063187,0.043331564963668336,0.0,1.0999976616120384,2.307702915155933e-06
167640,0.10010065124245464,0.04323414905999822,0.0,1.0999976633528168,2.2971553773551e-06
167700,0.10009131167975563,0.043136879228112705,0.0,1.0999976650910048,2.2866235855405368e-06
167760,0.10008198508665236,0.043039755155051825,0.0,1.0999976668265872,2.276107511902071e-06
167820,0.10007267149159844,0.04294277708671298,0.0,1.0999976685595767,2.2656071781951254e-06
167880,0.10006337089710032,0.04284594502724674,0.0,1.0999976702899747,2.2551225847244385e-06
167940,0.10005408330406299,0.04274925896577917,0.0,1.0999976720177809,2.2446537304550917e-06
168000,0.10004480871336216,0.042652718891052196,0.0,1.0999976737429955,2.234200614311163e-06
168060,0.10003554712584428,0.04255632479142362,0.0,1.0999976754656187,2.223763235175726e-06
168120,0.10002629854232647,0.04246007665486712,0.0,1.0999976771856506,2.2133415918908502e-06
168180,0.10001706296359657,0.04236397446897224,0.0,1.0999976789030916,2.202935683257603e-06
168240,0.10000784039041309,0.04226801822094442,0.0,1.0999976806179415,2.1925455080360464e-06
168300,0.09999863082350528,0.04217220789760494,0.0,1.099997682330201,2.1821710649452385e-06
168360,0.0999894342635731,0.04207654348539098,0.0,1.0999976840398695,2.171812352663235e-06
168420,0.09998025071128717,0.041981024970355586,0.0,1.0999976857469478,2.161469369827086e-06
168480,0.09997108016728887,0.04188565233816768,0.0,1.0999976874514361,2.151142115032839e-06
168540,0.09996192263219024,0.04179042557411205,0.0,1.0999976891533343,2.1408305868355375e-06
168600,0.09995277810657403,0.04169534466308937,0.0,1.0999976908526425,2.1305347837492212e-06
168660,0.09994364659099372,0.04160040958961617,0.0,1.0999976925493615,2.1202547042469256e-06
168720,0.09993452808597349,0.041505620337824886,0.0,1.0999976942434908,2.1099903467606826e-06
168780,0.09992542259200816,0.04141097689146379,0.0,1.0999976959350313,2.09974170968152e-06
168840,0.09991633010956337,0.041316479233897044,0.0,1.0999976976239827,2.0895087913594624e-06
168900,0.09990725063907537,0.04122212734810469,0.0,1.0999976993103455,2.0792915901035306e-06
168960,0.09989818418095113,0.04112792121668264,0.0,1.0999977009941198,2.0690901041817406e-06
169020,0.09988913073556835,0.041033860821842676,0.0,1.099997702675306,2.0589043318211057e-06
169080,0.09988009030327542,0.04093994614541246,0.0,1.0999977043539042,2.0487342712076348e-06
169140,0.09987106288439146,0.04084617716883551,0.0,1.0999977060299146,2.0385799204863327e-06
169200,0.09986204847920624,0.040752553873171254,0.0,1.0999977077033378,2.028441277761201e-06
169260,0.09985304708798026,0.040659076239094954,0.0,1.0999977093741737,2.0183183410952376e-06
169320,0.09984405871094475,0.04056574424689778,0.0,1.0999977110424228,2.008211108510436e-06
169380,0.09983508334830161,0.040472557876486744,0.0,1.0999977127080853,1.9981195779877863e-06
169440,0.09982612100022346,0.04037951710738475,0.0,1.0999977143711615,1.988043747467274e-06
169500,0.09981717166685362,0.04028662191873058,0.0,1.0999977160316516,1.977983614847882e-06
169560,0.09980823534830612,0.04019387228927888,0.0,1.0999977176895561,1.9679391779875887e-06
169620,0.09979931204466568,0.04010126819740017,0.0,1.0999977193448751,1.957910434703369e-06
169680,0.09979040173888064,0.040008809475321594,0.0,1.0999977209976166,1.947897367394945e-06
169740,0.09978150443210748,0.039916496110276256,0.0,1.0999977226477808,1.9378999748132476e-06
169800,0.09977262013671946,0.039824328184934345,0.0,1.0999977242953622,1.9279182657764513e-06
169860,0.09976374885250858,0.03973230567463433,0.0,1.099997725940361,1.91795223777975e-06
169920,0.0997548905792341,0.03964042855430105,0.0,1.099997727582778,1.908001888274219e-06
169980,0.09974604531662253,0.039548696798445665,0.0,1.099997729222613,1.8980672146668146e-06
170040,0.09973721306436759,0.03945711038116569,0.0,1.0999977308598672,1.8881482143203739e-06
170100,0.09972839382213025,0.039365669276144995,0.0,1.0999977324945405,1.8782448845536155e-06
170160,0.09971958758953874,0.039274373456653765,0.0,1.0999977341266336,1.868357222641139e-06
170220,0.09971079436618849,0.039183222895548556,0.0,1.0999977357561468,1.8584852258134252e-06
170280,0.0997020141516422,0.03909221756527226,0.0,1.0999977373830807,1.848628891256836e-06
170340,0.0996932469454298,0.039001357437854114,0.0,1.0999977390074356,1.838788216113614e-06
170400,0.09968449274704846,0.0389106424849097,0.0,1.099997740629212,1.8289631974818838e-06
170460,0.09967575155596256,0.03882007267764094,0.0,1.0999977422484106,1.8191538324156504e-06
170520,0.09966702337160376,0.03872964798683611,0.0,1.0999977438650317,1.8093601179248002e-06
170580,0.09965830819337092,0.03863936838286983,0.0,1.0999977454790757,1.7995820509751007e-06
170640,0.09964960602063018,0.03854923383570305,0.0,1.0999977470905433,1.7898196284882004e-06
170700,0.0996409168527149,0.03845924431488308,0.0,1.099997748699435,1.7800728473416293e-06
170760,0.09963224068892564,0.03836939978954357,0.0,1.0999977503057512,1.7703417043687978e-06
170820,0.09962357752853027,0.038279700228404503,0.0,1.0999977519094926,1.7606261963589983e-06
170880,0.09961492737076383,0.03819014559977223,0.0,1.0999977535106593,1.7509263200574034e-06
170940,0.09960629021482865,0.03810073587153943,0.0,1.0999977551092524,1.741242072165068e-06
171000,0.09959766605989429,0.03801147101118513,0.0,1.0999977567052721,1.731573449338927e-06
171060,0.09958905490509751,0.0379223509857747,0.0,1.0999977582987193,1.7219204481917967e-06
171120,0.09958045674954233,0.037833375761959866,0.0,1.099997759889594,1.712283065292375e-06
171180,0.09957187159230005,0.03774454530597868,0.0,1.0999977614778973,1.7026612971652404e-06
171240,0.09956329943240913,0.03765585958365555,0.0,1.0999977630636293,1.693055140290853e-06
171300,0.09955474026887534,0.03756731856040123,0.0,1.099997764646791,1.6834645911055535e-06
171360,0.09954619410067164,0.03747892220121281,0.0,1.099997766227383,1.6738896460015642e-06
171420,0.09953766092673824,0.03739067047067373,0.0,1.0999977678054056,1.6643303013269882e-06
171480,0.09952914074598262,0.03730256333295378,0.0,1.0999977693808596,1.6547865533858098e-06
171540,0.09952063355727946,0.03721460075180909,0.0,1.0999977709537454,1.6452583984378942e-06
171600,0.09951213935552465,0.037126782656510086,0.0,1.0999977725240642,1.635745828567816e-06
171660,0.09950365812326024,0.03703910886952799,0.0,1.0999977740918185,1.6262488229169795e-06
171720,0.09949518987678582,0.03695157950468114,0.0,1.099997775657007,1.6167673959581225e-06
171780,0.09948673461471244,0.03686419452292598,0.0,1.0999977772196303,1.6073015436357995e-06
171840,0.09947829233561571,0.03677695388478255,0.0,1.099997778779689,1.5978512618476842e-06
171900,0.09946986303803586,0.03668985755033441,0.0,1.0999977803371839,1.5884165464445686e-06
171960,0.09946144672047774,0.03660290547922871,0.0,1.0999977818921156,1.5789973932303635e-06
172020,0.09945304338141077,0.03651609763067615,0.0,1.099997783444485,1.5695937979620986e-06
172080,0.09944465301926898,0.03642943396345099,0.0,1.0999977849942923,1.5602057563499216e-06
172140,0.099436275632451,0.036342914435891056,0.0,1.0999977865415387,1.5508332640570991e-06
172200,0.09942791121932007,0.03625653900589774,0.0,1.0999977880862246,1.5414763167000164e-06
172260,0.099419559778204,0.036170307630935976,0.0,1.0999977896283508,1.532134909848178e-06
172320,0.09941122130739523,0.036084220268034276,0.0,1.0999977911679184,1.5228090390242058e-06
172380,0.09940289580515078,0.03599827687378471,0.0,1.0999977927049276,1.5134986997038412e-06
172440,0.0993945832696923,0.03591247740434289,0.0,1.0999977942393793,1.5042038873159443e-06
172500,0.09938628369920599,0.035826821815428025,0.0,1.0999977957712743,1.4949245972424935e-06
172560,0.0993779970918427,0.03574131006232286,0.0,1.0999977973006134,1.4856608248185858e-06
172620,0.09936972344571784,0.0356559420998737,0.0,1.0999977988273975,1.4764125653324373e-06
172680,0.09936146275891145,0.03557071788249042,0.0,1.099997800351627,1.467179814025382e-06
172740,0.09935321502946814,0.035485637364146456,0.0,1.099997801873303,1.4579625660918732e-06
172800,0.09934498025539715,0.0354007004983788,0.0,1.099997803392426,1.4487608166794826e-06
172860,0.0993367584346723,0.035315907238287994,0.0,1.0999978049089971,1.4395745608889005e-06
172920,0.09932854956523202,0.03523125753653817,0.0,1.0999978064230171,1.4304037937739361e-06
172980,0.09932035364497932,0.03514675134535699,0.0,1.0999978079344865,1.4212485103415165e-06
173040,0.09931217067178183,0.035062388616535704,0.0,1.0999978094434066,1.4121087055516886e-06
173100,0.0993040006434718,0.03497816930142911,0.0,1.0999978109497777,1.4029843743176166e-06
173160,0.099295843557846,0.03489409335095555,0.0,1.099997812453601,1.3938755115055848e-06
173220,0.09928769941266591,0.034810160715596956,0.0,1.0999978139548772,1.3847821119349946e-06
173280,0.09927956820565752,0.03472637134539881,0.0,1.099997815453607,1.3757041703783674e-06
173340,0.09927144993451145,0.03464272518997016,0.0,1.0999978169497915,1.3666416815613426e-06
173400,0.09926334459688295,0.034559222198483584,0.0,1.0999978184434316,1.357594640162678e-06
173460,0.0992552521903918,0.03447586231967527,0.0,1.0999978199345282,1.3485630408142503e-06
173520,0.09924717271262246,0.034392645501844926,0.0,1.099997821423082,1.3395468781010551e-06
173580,0.09923910614343007,0.03430957157757723,0.0,1.0999978229090954,1.3305461336591616e-06
173640,0.09923105249092141,0.034226640563315466,0.0,1.0999978243925688,1.3215608097041586e-06
173700,0.09922301175701143,0.03414385243495588,0.0,1.0999978258735026,1.312590903915555e-06
173760,0.09921498393901386,0.03406120713821161,0.0,1.0999978273518976,1.3036364105967161e-06
173820,0.09920696903420456,0.03397870461834285,0.0,1.0999978288277545,1.294697324002275e-06
173880,0.09919896703982141,0.03389634482015679,0.0,1.0999978303010745,1.2857736383381338e-06
173940,0.09919097795306435,0.03381412768800769,0.0,1.0999978317718586,1.2768653477614633e-06
174000,0.0991830017710954,0.03373205316579681,0.0,1.0999978332401075,1.2679724463807032e-06
174060,0.09917503849103865,0.033650121196972464,0.0,1.0999978347058224,1.2590949282555615e-06
174120,0.0991670881099802,0.033568331724529984,0.0,1.0999978361690042,1.2502327873970147e-06
174180,0.09915915062496831,0.033486684691011744,0.0,1.0999978376296538,1.2413860177673088e-06
174240,0.0991512260330132,0.033405180038507135,0.0,1.0999978390877723,1.2325546132799578e-06
174300,0.09914331433108722,0.03332381770865259,0.0,1.0999978405433606,1.2237385677997446e-06
174360,0.09913541551612474,0.03324259764263157,0.0,1.09999784199642,1.2149378751427207e-06
174420,0.09912752958502223,0.03316151978117458,0.0,1.099997843446951,1.2061525290762061e-06
174480,0.0991196565346382,0.03308058406455913,0.0,1.099997844894955,1.1973825233187902e-06
174540,0.09911179636179321,0.032999790432609796,0.0,1.099997846340433,1.18862785154033e-06
174600,0.09910394906326993,0.03291913882469816,0.0,1.099997847783386,1.179888507361952e-06
174660,0.09909611463581304,0.03283862917974283,0.0,1.099997849223815,1.1711644843560512e-06
174720,0.0990882930761293,0.03275826143620948,0.0,1.099997850661721,1.162455776046291e-06
174780,0.09908048438088757,0.03267803553211078,0.0,1.0999978520971052,1.1537623759076037e-06
174840,0.0990726885467187,0.03259795140500646,0.0,1.0999978535299686,1.1450842773661902e-06
174900,0.09906490557021569,0.032518008992003244,0.0,1.0999978549603122,1.1364214737995202e-06
174960,0.0990571354479335,0.03243820822975494,0.0,1.0999978563881374,1.1277739585363322e-06
175020,0.09904937817638926,0.03235854905446234,0.0,1.0999978578134448,1.119141724856633e-06
175080,0.09904163375206207,0.032279031401873284,0.0,1.099997859236236,1.110524765991698e-06
175140,0.09903390217139316,0.032199655207282664,0.0,1.0999978606565117,1.1019230751240718e-06
175200,0.09902618343078577,0.03212042040553237,0.0,1.0999978620742734,1.0933366453875674e-06
175260,0.09901847752660527,0.032041326931011346,0.0,1.0999978634895218,1.0847654698672664e-06
175320,0.099010784455179,0.03196237471765556,0.0,1.0999978649022584,1.076209541599519e-06
175380,0.09900310421279644,0.031883563698948014,0.0,1.0999978663124843,1.0676688535719445e-06
175440,0.09899543679570912,0.03180489380791874,0.0,1.0999978677202005,1.0591433987234305e-06
175500,0.09898778219422413,0.03172636494267486,0.0,1.0999978691254086,1.0506331662052649e-06
175560,0.09898014040026629,0.03164797701053248,0.0,1.099997870528111,1.0421381461680105e-06
175620,0.09897251141836544,0.031569729992139285,0.0,1.0999978719283074,1.0336583367167275e-06
175680,0.09896489524453489,0.03149162381820883,0.0,1.099997873325999,1.0251937305406449e-06
175740,0.0989572918747483,0.0314136584189917,0.0,1.0999978747211872,1.016744320279176e-06
175800,0.09894970130493966,0.03133583372427552,0.0,1.099997876113873,1.008310098521919e-06
175860,0.09894212353100333,0.031258149663384964,0.0,1.0999978775040575,9.998910578086564e-07
175920,0.098934558548794,0.03118060616518171,0.0,1.0999978788917424,9.914871906293553e-07
175980,0.09892700635412673,0.0311032031580645,0.0,1.0999978802769286,9.830984894241664e-07
176040,0.09891946694277692,0.031025940569969098,0.0,1.0999978816596172,9.747249465834262e-07
176100,0.09891194031048031,0.03094881832836831,0.0,1.0999978830398098,9.663665544476541e-07
176160,0.09890442645293303,0.03087183636027197,0.0,1.0999978844175073,9.58023305307555e-07
176220,0.09889692536579149,0.03079499459222696,0.0,1.0999978857927115,9.49695191404018e-07
176280,0.09888943704467251,0.03071829295031718,0.0,1.0999978871654232,9.413822049281163e-07
176340,0.09888196148515323,0.030641731360163578,0.0,1.0999978885356438,9.330843380211078e-07
176400,0.09887449868277116,0.030565309746924136,0.0,1.0999978899033747,9.248015827744346e-07
176460,0.09886704863302415,0.03048902803529387,0.0,1.099997891268617,9.165339312297235e-07
176520,0.09885961133137038,0.03041288614950483,0.0,1.099997892631372,9.082813753787857e-07
176580,0.09885218677322842,0.0303368840133261,0.0,1.0999978939916415,9.000439071636164e-07
176640,0.09884477495397714,0.030261021550063806,0.0,1.0999978953494263,8.918215184763957e-07
176700,0.09883737586895583,0.030185298682561108,0.0,1.099997896704728,8.836142011594879e-07
176760,0.09882998951346404,0.030109715333198197,0.0,1.0999978980575476,8.754219470054419e-07
176820,0.09882261588276176,0.030034271423892298,0.0,1.0999978994078867,8.672447477569907e-07
176880,0.09881525497206925,0.029958966876097684,0.0,1.0999979007557468,8.590825951070521e-07
176940,0.09880790677656717,0.029883801610805647,0.0,1.099997902101129,8.509354806987278e-07
177000,0.09880057129139652,0.029808775548544525,0.0,1.099997903444035,8.428033961253046e-07
177060,0.09879324851165865,0.02973388860937969,0.0,1.0999979047844657,8.346863329302532e-07
177120,0.09878593843241525,0.029659140712913548,0.0,1.099997906122423,8.265842826072289e-07
177180,0.09877864104868836,0.02958453177828554,0.0,1.0999979074579078,8.184972366000714e-07
177240,0.09877135635546039,0.029510061724172146,0.0,1.099997908790922,8.104251863028048e-07
177300,0.09876408434767407,0.029435730468786878,0.0,1.0999979101214665,8.023681230596378e-07
177360,0.0987568250202325,0.029361537929880284,0.0,1.0999979114495433,7.943260381649632e-07
177420,0.09874957836791427,0.02928748402461004,0.0,1.0999979127751534,7.862989228416396e-07
177480,0.09874234437491194,0.02921356865352248,0.0,1.0999979140982987,7.782867655629737e-07
177540,0.09873512304551105,0.029139791747527528,0.0,1.0999979154189805,7.702895599061375e-07
177600,0.0987279143743959,0.02906615322243174,0.0,1.0999979167372,7.623072969508585e-07
177660,0.09872071835620996,0.02899265299357687,0.0,1.0999979180529589,7.543399677267409e-07
177720,0.09871353498555586,0.02891929097583986,0.0,1.0999979193662583,7.463875632132653e-07
177780,0.09870636425699536,0.028846067083632857,0.0,1.0999979206771002,7.384500743397898e-07
177840,0.09869920616504937,0.0287729812309032,0.0,1.0999979219854858,7.30527491985549e-07
177900,0.09869206070419796,0.028700033331133426,0.0,1.0999979232914165,7.22619806979655e-07
177960,0.09868492786888035,0.028627223297341266,0.0,1.099997924594894,7.147270101010963e-07
178020,0.09867780765349488,0.028554551042079646,0.0,1.0999979258959198,7.068490920787382e-07
178080,0.09867070005239906,0.028482016477436697,0.0,1.0999979271944955,6.989860435913235e-07
178140,0.09866360505990955,0.02840961951503573,0.0,1.0999979284906223,6.911378552674713e-07
178200,0.09865652267030216,0.02833736006603527,0.0,1.0999979297843019,6.833045176856781e-07
178260,0.09864945287781185,0.028265238041129025,0.0,1.0999979310755361,6.754860213743169e-07
178320,0.0986423956766327,0.028193253350545906,0.0,1.099997932364326,6.67682356811638e-07
178380,0.09863535106091798,0.028121405904050017,0.0,1.0999979336506738,6.598935144257683e-07
178440,0.09862831902478009,0.028049695610940662,0.0,1.0999979349345803,6.521194845947117e-07
178500,0.09862129956229056,0.027978122380052334,0.0,1.0999979362160477,6.443602576463491e-07
178560,0.0986142926674801,0.02790668611975473,0.0,1.0999979374950772,6.366158238584383e-07
178620,0.09860729833433855,0.02783538673795274,0.0,1.0999979387716707,6.28886173458614e-07
178680,0.09860031655681491,0.027764224142086447,0.0,1.0999979400458295,6.211712966243876e-07
178740,0.0985933473288173,0.027693198239131134,0.0,1.0999979413175556,6.134711834831477e-07
178800,0.09858639064421304,0.027622308935597282,0.0,1.0999979425868502,6.057858241121599e-07
178860,0.09857944649682855,0.027551556137530565,0.0,1.0999979438537153,5.981152085385661e-07
178920,0.09857251488044941,0.02748093975051185,0.0,1.0999979451181523,5.90459326739386e-07
178980,0.09856559578882038,0.027410459679657204,0.0,1.099997946380163,5.828181686415154e-07
179040,0.09855868921564531,0.027340115829617893,0.0,1.0999979476397488,5.751917241217275e-07
179100,0.09855179515458727,0.027269908104580375,0.0,1.0999979488969116,5.675799830066723e-07
179160,0.09854491359926841,0.027199836408266304,0.0,1.099997950151653,5.599829350728766e-07
179220,0.09853804454327007,0.027129900643932534,0.0,1.0999979514039748,5.524005700467441e-07
179280,0.09853118798013275,0.027060100714371108,0.0,1.0999979526538783,5.448328776045558e-07
179340,0.09852434390335603,0.026990436521909276,0.0,1.0999979539013658,5.372798473724691e-07
179400,0.09851751229924716,0.026920908106716185,0.0,1.0999979551464363,5.297414825338589e-07
179460,0.09851069316337097,0.026851515328669424,0.0,1.0999979563890927,5.222177685296765e-07
179520,0.09850388649333085,0.0267822580069677,0.0,1.0999979576293375,5.147086867942779e-07
179580,0.09849709228244068,0.026713136042510657,0.0,1.0999979588671724,5.072142267957926e-07
179640,0.09849031052397325,0.02664414933573815,0.0,1.0999979601025998,4.997343779527214e-07
179700,0.09848354121116026,0.02657529778663027,0.0,1.0999979613356206,4.922691296339366e-07
179760,0.09847678433719227,0.026506581294707312,0.0,1.099997962566237,4.848184711586815e-07
179820,0.09847003989521873,0.02643799975902981,0.0,1.0999979637944508,4.773823917965716e-07
179880,0.09846330787834799,0.02636955307819852,0.0,1.0999979650202636,4.6996088076759314e-07
179940,0.09845658827964728,0.02630124115035441,0.0,1.0999979662436772,4.62553927242104e-07
180000,0.09844988109214273,0.026233063873178673,0.0,1.0999979674646934,4.551615203408334e-07
180060,0.09844318630881935,0.026165021143892728,0.0,1.099997968683314,4.477836491348822e-07
180120,0.09843650392262102,0.026097112859258215,0.0,1.0999979698995406,4.4042030264572234e-07
180180,0.09842983392645055,0.026029338915577002,0.0,1.0999979711133754,4.330714698451975e-07
180240,0.09842317631316962,0.025961699208691163,0.0,1.0999979723248199,4.2573713965552245e-07
180300,0.09841653107559876,0.025894193633983015,0.0,1.099997973533876,4.1841730094928386e-07
180360,0.09840989820651748,0.02582682208637508,0.0,1.0999979747405457,4.1111194254943913e-07
180420,0.09840327769866407,0.02575958446033011,0.0,1.0999979759448304,4.0382105322931753e-07
180480,0.09839666954473579,0.025692480649851086,0.0,1.0999979771467325,3.9654462171261984e-07
180540,0.09839007373738874,0.025625510548481195,0.0,1.0999979783462535,3.892826366734178e-07
180600,0.09838349026923796,0.025558674049303863,0.0,1.0999979795433954,3.820350867361551e-07
180660,0.0983769191328573,0.025491971044942725,0.0,1.09999798073816,3.748019604756464e-07
180720,0.09837036032077959,0.025425401427561646,0.0,1.099997981930549,3.67583246417078e-07
180780,0.09836381382549647,0.025358965088864715,0.0,1.0999979831205646,3.603789330360076e-07
180840,0.09835727963945853,0.025292661920096236,0.0,1.0999979843082086,3.531890087583641e-07
180900,0.09835075775507521,0.02522649181204074,0.0,1.099997985493483,3.460134619604482e-07
180960,0.09834424816471483,0.02516045465502298,0.0,1.0999979866763894,3.3885228096893174e-07
181020,0.09833775086070465,0.02509455033890793,0.0,1.09999798785693,3.3170545406085796e-07
181080,0.09833126583533076,0.02502877875310079,0.0,1.0999979890351066,3.2457296946364167e-07
181140,0.09832479308083819,0.024963139786546976,0.0,1.0999979902109212,3.1745481535506893e-07
181200,0.0983183325894308,0.024897633327732132,0.0,1.0999979913843756,3.1035097986329744e-07
181260,0.09831188435327141,0.02483225926468212,0.0,1.099997992555472,3.0326145106685594e-07
181320,0.09830544836448167,0.024767017484963027,0.0,1.0999979937242121,2.9618621699464505e-07
181380,0.09829902461514214,0.02470190787568116,0.0,1.099997994890598,2.891252656259364e-07
181440,0.09829261309729227,0.024636930323483058,0.0,1.0999979960546318,2.8207858489037323e-07
181500,0.09828621380293041,0.024572084714555464,0.0,1.0999979972163152,2.7504616266797025e-07
181560,0.09827982672401377,0.02450737093462536,0.0,1.0999979983756505,2.6802798678911336e-07
181620,0.09827345185245846,0.024442788868959946,0.0,1.0999979995326394,2.610240450345601e-07
181680,0.09826708918013949,0.024378338402366636,0.0,1.099998000687284,2.5403432513543927e-07
181740,0.09826073869889075,0.024314019419193075,0.0,1.0999980018395867,2.470588147732512e-07
181800,0.09825440040050502,0.02424983180332713,0.0,1.0999980029895489,2.400975015798676e-07
181860,0.09824807427673396,0.024185775438196888,0.0,1.099998004137173,2.331503731375315e-07
181920,0.09824176031928815,0.02412185020677066,0.0,1.099998005282461,2.2621741697885745e-07
181980,0.098235458519837,0.024058055991556974,0.0,1.099998006425415,2.1929862058683134e-07
182040,0.09822916887000889,0.023994392674604584,0.0,1.0999980075660367,2.1239397139481054e-07
182100,0.098222891361391,0.023930860137502473,0.0,1.0999980087043286,2.0550345678652385e-07
182160,0.09821662598552945,0.023867458261379836,0.0,1.0999980098402928,1.9862706409607134e-07
182220,0.09821037273392925,0.02380418692690609,0.0,1.0999980109739311,1.9176478060792467e-07
182280,0.0982041315980543,0.02374104601429089,0.0,1.0999980121052455,1.8491659355692683e-07
182340,0.09819790256932735,0.02367803540328409,0.0,1.0999980132342384,1.780824901282922e-07
182400,0.09819168563913007,0.023615154973175786,0.0,1.0999980143609118,1.712624574576066e-07
182460,0.09818548079880303,0.023552404602796288,0.0,1.099998015485268,1.6445648263082726e-07
182520,0.09817928803964565,0.023489784170516125,0.0,1.0999980166073087,1.5766455268428286e-07
182580,0.09817310735291629,0.023427293554246054,0.0,1.0999980177270363,1.5088665460467346e-07
182640,0.09816693872983215,0.023364932631437053,0.0,1.099998018844453,1.4412277532907048e-07
182700,0.09816078216156933,0.023302701279080323,0.0,1.0999980199595607,1.3737290174491689e-07
182760,0.09815463763449189,0.02324059947037793,0.0,1.0999980210723603,1.3063702884071985e-07
182820,0.09814850514208293,0.02317862703348604,0.0,1.0999980221828547,1.2391513936887653e-07
182880,0.09814238467655655,0.023116783822149437,0.0,1.0999980232910462,1.1720721823823339e-07
182940,0.09813627622894004,0.023055069714156762,0.0,1.0999980243969374,1.1051325238482837e-07
183000,0.09813017979026066,0.022993484587296654,0.0,1.0999980255005297,1.0383322874469944e-07
183060,0.0981240953515457,0.02293202831935776,0.0,1.0999980266018259,9.71671342538845e-08
183120,0.0981180229038224,0.022870700788128716,0.0,1.0999980277008279,9.051495584842159e-08
183180,0.09811196243811805,0.02280950187139817,0.0,1.0999980287975377,8.387668046434858e-08
183240,0.09810591394545991,0.022748431446954757,0.0,1.0999980298919576,7.725229503770347e-08
183300,0.09809987741687524,0.022687489392587124,0.0,1.0999980309840895,7.064178650452421e-08
183360,0.09809385284339132,0.022626675586083913,0.0,1.099998032073936,6.404514180084875e-08
183420,0.09808784021603542,0.022565989905233765,0.0,1.099998033161499,5.746234786271504e-08
183480,0.0980818395258348,0.02250543222782532,0.0,1.0999980342467806,5.0893391626161026e-08
183540,0.09807585076381674,0.02244500243164722,0.0,1.0999980353297827,4.433826002722467e-08
183600,0.09806987391527508,0.022384700322577184,0.0,1.099998036410509,3.779693236581137e-08
183660,0.0980639089186761,0.02232452512130378,0.0,1.0999980374889733,3.126932582050342e-08
183720,0.09805795581367834,0.02226447732409629,0.0,1.0999980385651664,2.4755493079259173e-08
183780,0.09805201460028182,0.02220455693095471,0.0,1.099998039639089,1.8255434142078653e-08
183840,0.09804608527848653,0.02214476394187904,0.0,1.0999980407107401,1.176914900896185e-08
183900,0.09804016784829246,0.022085098356869285,0.0,1.0999980417801207,5.296637679908763e-09
183960,0.09803429049671361,0.022025567261731726,0.0,1.0999980428469414,-1.1621052815708306e-09
184020,0.09802913156163563,0.0219663424039808,0.0,1.0999980439001427,-7.606910844999899e-09
184080,0.0980250282006893,0.021907508155122643,0.0,1.099998044929983,-1.4037260979562834e-08
184140,0.09802195753250162,0.021849056963618937,0.0,1.0999980459366356,-2.0452674138830705e-08
184200,0.09801990044583465,0.02179098285293562,0.0,1.0999980469205313,-2.6852949670696106e-08
184260,0.09801883683845729,0.02173327954653888,0.0,1.0999980478821079,-3.3237926776604605e-08
184320,0.09801874708295316,0.02167594093807252,0.0,1.0999980488217869,-3.960750564502082e-08
184380,0.0980196108676286,0.02161896072724375,0.0,1.0999980497400033,-4.596162672951303e-08
184440,0.09802140513955349,0.021562331753888456,0.0,1.0999980506372513,-5.23002723841126e-08
184500,0.09802410539402677,0.021506046418232623,0.0,1.099998051514055,-5.862347172596878e-08
184560,0.09802769086401307,0.02145009831256883,0.0,1.099998052370862,-6.493129859464665e-08
184620,0.09803213965388244,0.02139448066931801,0.0,1.0999980532081421,-7.122381437056057e-08
184680,0.09803743386051555,0.02133918800086353,0.0,1.0999980540262724,-7.750118996120482e-08
184740,0.09804355293401854,0.02128421397384909,0.0,1.0999980548256933,-8.376352250247262e-08
184800,0.09805047977892759,0.021229553375209393,0.0,1.0999980556067757,-9.001099061759605e-08
184860,0.0980581946281076,0.02117520012162133,0.0,1.0999980563699414,-9.624371250008685e-08
184920,0.09806668107139108,0.02112114923514414,0.0,1.0999980571155372,-1.024618642996327e-07
184980,0.09807592040702105,0.021067394980881116,0.0,1.099998057843963,-1.0866558619992627e-07
185040,0.09808589620203366,0.021013932376845602,0.0,1.0999980585555704,-1.1485502896307535e-07
185100,0.09809659141884672,0.02096075624006135,0.0,1.0999980592507228,-1.2103034300360764e-07
185160,0.09810798969148994,0.020907861609468423,0.0,1.0999980599297696,-1.2719167187548528e-07
185220,0.0981200750242612,0.02085524364695397,0.0,1.0999980605930508,-1.333391587250315e-07
185280,0.09813283190962922,0.020802897672994435,0.0,1.0999980612408973,-1.39472940384303e-07
185340,0.09814624630052113,0.0207508194875704,0.0,1.0999980618736074,-1.4559314064026408e-07
185400,0.09816030138474785,0.020699003984071863,0.0,1.09999806249154,-1.5169990944114096e-07
185460,0.09817498215224132,0.020647446648552045,0.0,1.0999980630950144,-1.5779338177526665e-07
185520,0.09819027404098074,0.020596143115235437,0.0,1.0999980636843398,-1.638736898624948e-07
185580,0.09820616292566284,0.02054508915316689,0.0,1.0999980642598173,-1.6994095700564487e-07
185640,0.09822263510601364,0.02049428065243826,0.0,1.0999980648217382,-1.7599529124738384e-07
185700,0.09823967737358386,0.020443713702899824,0.0,1.0999980653703822,-1.820368216196042e-07
185760,0.09825727694858619,0.020393384519729673,0.0,1.0999980659060207,-1.880656638655098e-07
185820,0.09827542149821823,0.020343289465025248,0.0,1.0999980664289142,-1.94081930383272e-07
185880,0.09829409834333662,0.02029342477797995,0.0,1.099998066939332,-2.0008572911954042e-07
185940,0.09831329291532113,0.02024378605003683,0.0,1.0999980674375855,-2.0607716141715698e-07
186000,0.09833299510305782,0.020194370383603666,0.0,1.0999980679238868,-2.1205633086759683e-07
186060,0.09835319351984909,0.020145174442133245,0.0,1.0999980683984765,-2.1802333531475407e-07
186120,0.09837387713567972,0.020096195005284288,0.0,1.099998068861588,-2.2397826913154095e-07
186180,0.09839503466415872,0.020047428762244246,0.0,1.0999980693134603,-2.2992122534984624e-07
186240,0.09841665254180738,0.01999887163049674,0.0,1.0999980697543819,-2.3585230268112823e-07
186300,0.09843872174061004,0.019950521052502848,0.0,1.0999980701845422,-2.417715818474552e-07
186360,0.09846123184100755,0.019902373997558946,0.0,1.0999980706041612,-2.476791461738039e-07
186420,0.09848417269210595,0.019854427521494553,0.0,1.0999980710134536,-2.535750758199689e-07
186480,0.09850753416864713,0.019806678684126073,0.0,1.0999980714126327,-2.5945945049366243e-07
186540,0.09853130483458108,0.019759124095331572,0.0,1.099998071801941,-2.6533236436995843e-07
186600,0.09855547587661766,0.0197117612511038,0.0,1.099998072181564,-2.7119388217840164e-07
186660,0.09858003778763717,0.0196645874070519,0.0,1.099998072551702,-2.770440762283319e-07
186720,0.09860498128247985,0.019617599889454492,0.0,1.0999980729125507,-2.828830161853084e-07
186780,0.09863029723046099,0.01957079607126154,0.0,1.0999980732643022,-2.8871077063675277e-07
186840,0.09865597599848504,0.01952417313850122,0.0,1.09999807360716,-2.9452742233163113e-07
186900,0.09868200920132311,0.01947772871269069,0.0,1.0999980739413004,-3.003330275742016e-07
186960,0.09870838826465943,0.019431460339845486,0.0,1.0999980742669038,-3.0612764956118415e-07
187020,0.0987351048168519,0.019385365629792276,0.0,1.0999980745841462,-3.119113492929576e-07
187080,0.09876215066246304,0.019339442246905526,0.0,1.0999980748931997,-3.1768418607842595e-07
187140,0.09878951722037718,0.01929368771346695,0.0,1.0999980751942455,-3.2344622825225835e-07
187200,0.09881719691069057,0.019248099895031647,0.0,1.0999980754874426,-3.2919752672162245e-07
187260,0.09884518204193213,0.019202676610991787,0.0,1.0999980757729524,-3.349381361911148e-07
187320,0.09887346511100667,0.01915741573954691,0.0,1.099998076050932,-3.406681094417042e-07
187380,0.09890203889468238,0.019112315248852693,0.0,1.0999980763215333,-3.463874963421334e-07
187440,0.09893089520716992,0.019067372774013533,0.0,1.0999980765849287,-3.5209635727430935e-07
187500,0.09896002755320132,0.019022586520377135,0.0,1.0999980768412534,-3.577947344645803e-07
187560,0.09898942899797013,0.01897795453831239,0.0,1.0999980770906532,-3.634826750008031e-07
187620,0.09901909278792558,0.01893347493457133,0.0,1.0999980773332694,-3.691602241241465e-07
187680,0.09904901234722667,0.01888914587108187,0.0,1.0999980775692393,-3.748274252674074e-07
187740,0.09907918031104392,0.018844965240914877,0.0,1.0999980777987184,-3.804843307468785e-07
187800,0.09910959075875529,0.018800931416779295,0.0,1.09999807802183,-3.8613097705977874e-07
187860,0.09914023747167759,0.018757042667036594,0.0,1.099998078238704,-3.917674041548015e-07
187920,0.09917111433606729,0.018713297290758223,0.0,1.0999980784494683,-3.973936509735672e-07
187980,0.09920221536781752,0.018669693625984692,0.0,1.099998078654248,-4.030097551765412e-07
188040,0.09923353470706253,0.018626230047898325,0.0,1.0999980788531656,-4.086157532018094e-07
188100,0.09926506656006506,0.018582904948954083,0.0,1.0999980790463422,-4.142116816925868e-07
188160,0.0992968050902977,0.01853971670162235,0.0,1.0999980792338993,-4.197975802438483e-07
188220,0.09932874485628673,0.01849666380825679,0.0,1.0999980794159507,-4.253734799529255e-07
188280,0.09936088038850273,0.018453744756307934,0.0,1.0999980795926108,-4.3093941432372086e-07
188340,0.09939320630674278,0.01841095805851568,0.0,1.0999980797639914,-4.3649541613770227e-07
188400,0.09942571731422899,0.018368302250908863,0.0,1.0999980799302034,-4.4204151752581905e-07
188460,0.0994584081917067,0.01832577589080481,0.0,1.0999980800913556,-4.47577750040418e-07
188520,0.0994912741971381,0.01828337769613419,0.0,1.0999980802475469,-4.5310414037099443e-07
188580,0.09952431061392213,0.018241106388079,0.0,1.099998080398876,-4.5862071520492285e-07
188640,0.099557512293538,0.01819896053176758,0.0,1.0999980805454501,-4.6412750614807493e-07
188700,0.09959087444672611,0.01815693881200899,0.0,1.0999980806873693,-4.6962454123592986e-07
188760,0.09962439235860143,0.018115039934083293,0.0,1.0999980808247318,-4.7511184800183627e-07
188820,0.09965806138440364,0.01807326262231662,0.0,1.099998080957635,-4.805894535311894e-07
188880,0.09969187694524696,0.018031605618656223,0.0,1.0999980810861743,-4.860573845156078e-07
188940,0.09972583534849473,0.01799006796751676,0.0,1.0999980812104233,-4.915156576622226e-07
189000,0.09975993211638576,0.01794864843560763,0.0,1.099998081330476,-4.969642992466946e-07
189060,0.09979416287809106,0.017907345821664037,0.0,1.0999980814464236,-5.024033346840979e-07
189120,0.09982852350244405,0.01786615900257516,0.0,1.0999980815583519,-5.078327869809658e-07
189180,0.09986300993558002,0.01782508687707063,0.0,1.0999980816663444,-5.132526786387417e-07
189240,0.09989761819869868,0.017784128364994232,0.0,1.0999980817704833,-5.186630316844186e-07
189300,0.09993234440926177,0.01774328241441833,0.0,1.0999980818708497,-5.240638672940763e-07
189360,0.09996718514460488,0.017702548123319752,0.0,1.0999980819675221,-5.294551994682382e-07
189420,0.10000213648144377,0.017661924418249684,0.0,1.0999980820605781,-5.3483705170868e-07
189480,0.10003719480080338,0.017621410323661144,0.0,1.0999980821500943,-5.40209443027522e-07
189540,0.100072356560105,0.01758100488567846,0.0,1.0999980822361448,-5.455723918981463e-07
189600,0.10010761829173574,0.017540707171640958,0.0,1.0999980823188031,-5.509259162718166e-07
189660,0.10014297660161794,0.017500516269646663,0.0,1.099998082398141,-5.562700335942994e-07
189720,0.10017842814288715,0.017460431278138882,0.0,1.0999980824742221,-5.616047611578834e-07
189780,0.10021396961032736,0.017420451303796134,0.0,1.0999980825471007,-5.669301161737078e-07
189840,0.10024959784168372,0.01738057550217518,0.0,1.0999980826168503,-5.722461144039702e-07
189900,0.10028530970600864,0.017340803033163158,0.0,1.0999980826835334,-5.775527716637504e-07
189960,0.10032110213624226,0.017301133074126396,0.0,1.0999980827472102,-5.828501033793486e-07
190020,0.10035697212762397,0.017261564819390916,0.0,1.0999980828079394,-5.881381246070344e-07
190080,0.10039291673610393,0.01722209747972291,0.0,1.0999980828657776,-5.93416850051797e-07
190140,0.10042893301395218,0.017182730266185425,0.0,1.0999980829208327,-5.986862938497796e-07
190200,0.10046501812585434,0.017143462418896062,0.0,1.0999980829731637,-6.039464700298542e-07
190260,0.10050116932357121,0.017104293200598572,0.0,1.099998083022803,-6.091973924429965e-07
190320,0.10053738388135774,0.017065221880472166,0.0,1.0999980830698073,-6.144390745440056e-07
190380,0.1005736591253908,0.017026247741328184,0.0,1.0999980831142318,-6.196715295269619e-07
190440,0.10060999243214498,0.01698737007908174,0.0,1.099998083156131,-6.248947703438427e-07
190500,0.10064638122676856,0.01694858820222335,0.0,1.0999980831955583,-6.301088097231371e-07
190560,0.10068282298145932,0.016909901431290574,0.0,1.099998083232566,-6.353136601884622e-07
190620,0.10071931521384056,0.016871309098339678,0.0,1.0999980832672056,-6.405093340771776e-07
190680,0.10075585548533683,0.01683281054641725,0.0,1.0999980832995273,-6.456958435590017e-07
190740,0.10079244141910879,0.016794405136913142,0.0,1.09999808332958,-6.508732003700714e-07
190800,0.10082907114536553,0.016756092429126537,0.0,1.0999980833573986,-6.560414093292348e-07
190860,0.10086574204693757,0.016717871674916854,0.0,1.0999980833830387,-6.612004865832594e-07
190920,0.10090245188338898,0.016679742271794216,0.0,1.0999980834065464,-6.663504432475036e-07
190980,0.10093919845391897,0.016641703627210704,0.0,1.099998083427966,-6.714912903052303e-07
191040,0.1009759795959082,0.016603755158100683,0.0,1.0999980834473413,-6.766230386237428e-07
191100,0.10101279318346516,0.016565896290421114,0.0,1.099998083464715,-6.817456989705208e-07
191160,0.10104963712597242,0.016528126458691863,0.0,1.099998083480129,-6.868592820293562e-07
191220,0.10108650936663295,0.016490445105536013,0.0,1.0999980834936245,-6.919637984164898e-07
191280,0.10112340788101644,0.016452851681220185,0.0,1.0999980835052416,-6.970592586967466e-07
191340,0.1011603306756056,0.016415345643194836,0.0,1.09999808351502,-7.021456733996721e-07
191400,0.10119727624747019,0.016377926616555072,0.0,1.0999980835230065,-7.072230466901495e-07
191460,0.10123424302295055,0.01634059419820473,0.0,1.099998083529246,-7.122913840887354e-07
191520,0.10127122873748813,0.01630334774048245,0.0,1.099998083533769,-7.173507010018625e-07
191580,0.10130823159305896,0.016266186755120683,0.0,1.0999980835366134,-7.224010067906808e-07
191640,0.10134524982380341,0.016229110761710474,0.0,1.0999980835378167,-7.274423107445011e-07
191700,0.10138228169493317,0.016192119287367593,0.0,1.0999980835374161,-7.324746220919683e-07
191760,0.10141932550163822,0.016155211866398716,0.0,1.0999980835354481,-7.374979500122347e-07
191820,0.1014563795679937,0.016118388039967582,0.0,1.0999980835319485,-7.425123036461335e-07
191880,0.10149344224586697,0.016081647355761168,0.0,1.0999980835269534,-7.475176921073523e-07
191940,0.10153051191382445,0.01604498936765583,0.0,1.0999980835204979,-7.525141244936059e-07
192000,0.10156758697603858,0.016008413635383485,0.0,1.099998083512617,-7.575016098978106e-07
192060,0.10160466667249968,0.01597191998940248,0.0,1.0999980835033005,-7.624801459478292e-07
192120,0.10164174908977874,0.015935507880666038,0.0,1.0999980834926033,-7.674497469289654e-07
192180,0.1016788326868341,0.015899176879411496,0.0,1.0999980834805598,-7.724104222055719e-07
192240,0.10171591603613245,0.015862926590559726,0.0,1.0999980834671998,-7.77362179877182e-07
192300,0.10175299773768766,0.01582675662563903,0.0,1.099998083452553,-7.823050279896738e-07
192360,0.10179007641827571,0.015790666602551993,0.0,1.099998083436647,-7.872389745420888e-07
192420,0.10182715073064973,0.015754656145342317,0.0,1.09999808341951,-7.921640274934502e-07
192480,0.10186421935275482,0.015718724883961692,0.0,1.0999980834011693,-7.970801947695812e-07
192540,0.10190128098694315,0.015682872454036628,0.0,1.099998083381652,-8.019874842699222e-07
192600,0.10193833435918886,0.015647098496635325,0.0,1.0999980833609841,-8.068859038743505e-07
192660,0.1019753783379981,0.015611402697574347,0.0,1.099998083339191,-8.117754598755879e-07
192720,0.10201241194821216,0.015575784792004518,0.0,1.0999980833162972,-8.16656156794136e-07
192780,0.10204943379283254,0.01554024437344388,0.0,1.0999980832923282,-8.21528004979787e-07
192840,0.10208644271893032,0.015504781113779094,0.0,1.099998083267308,-8.263910118490825e-07
192900,0.10212343759670156,0.015469394690305257,0.0,1.0999980832412604,-8.312451847879967e-07
192960,0.10216041731882858,0.015434084785540994,0.0,1.0999980832142082,-8.360905311568334e-07
193020,0.10219738079984081,0.015398851087043587,0.0,1.0999980831861749,-8.409270582951221e-07
193080,0.10223432697547596,0.015363693287224079,0.0,1.0999980831571825,-8.457547735265149e-07
193140,0.10227125480204105,0.01532861108316238,0.0,1.0999980831272527,-8.505736841636824e-07
193200,0.10230816325577347,0.015293604176422388,0.0,1.0999980830964073,-8.553837975132111e-07
193260,0.102345051332202,0.01525867227286709,0.0,1.0999980830646676,-8.601851208804994e-07
193320,0.1023819181979656,0.015223815130320532,0.0,1.0999980830320522,-8.649776602254559e-07
193380,0.1024187628620202,0.015189032455395993,0.0,1.099998082998582,-8.697614230714489e-07
193440,0.1024555843433884,0.0151543239561577,0.0,1.0999980829642773,-8.745364170200201e-07
193500,0.10249238172620047,0.015119689359410339,0.0,1.0999980829291576,-8.793026492630338e-07
193560,0.10252915411241686,0.015085128395877279,0.0,1.099998082893242,-8.840601270003077e-07
193620,0.10256590062126193,0.01505064080003847,0.0,1.0999980828565497,-8.888088574438676e-07
193680,0.10260262038865745,0.01501622630996832,0.0,1.0999980828190985,-8.935488478222013e-07
193740,0.1026393125666563,0.01498188466717359,0.0,1.0999980827809068,-8.982801053845129e-07
193800,0.10267597632287612,0.014947615616431268,0.0,1.0999980827419928,-9.030026374049774e-07
193860,0.10271261083993287,0.01491341890562647,0.0,1.0999980827023739,-9.077164511869947e-07
193920,0.10274921537053436,0.0148792943031835,0.0,1.0999980826620657,-9.124215534764642e-07
193980,0.1027857894578055,0.014845241667723939,0.0,1.0999980826210758,-9.171179481206859e-07
194040,0.10282233207738753,0.014811260676915176,0.0,1.099998082579428,-9.218056451755133e-07
194100,0.10285884248786613,0.014777351096293731,0.0,1.0999980825371385,-9.264846518740228e-07
194160,0.10289531996178529,0.014743512694260047,0.0,1.0999980824942228,-9.311549754807611e-07
194220,0.10293176378514472,0.014709745241936517,0.0,1.0999980824506965,-9.358166232953246e-07
194280,0.10296817325689707,0.014676048513025501,0.0,1.0999980824065745,-9.404696026559366e-07
194340,0.10300454768844529,0.01464242228366733,0.0,1.0999980823618718,-9.45113920943026e-07
194400,0.10304088640313991,0.01460886633229834,0.0,1.0999980823166033,-9.49749585582805e-07
194460,0.10307718873577643,0.014575380439508873,0.0,1.099998082270783,-9.543766040508474e-07
194520,0.1031134540320925,0.014541964387901302,0.0,1.0999980822244257,-9.589949838756664e-07
194580,0.10314968164826539,0.014508617961948049,0.0,1.099998082177545,-9.636047326422934e-07
194640,0.10318587095040917,0.014475340947849588,0.0,1.0999980821301552,-9.682058579958552e-07
194700,0.10322202141783134,0.014442133166779333,0.0,1.0999980820822675,-9.72798366401602e-07
194760,0.10325813301891079,0.014408994595850466,0.0,1.099998082033885,-9.773822586375837e-07
194820,0.10329420470721706,0.014375924884228656,0.0,1.0999980819850292,-9.819575478161405e-07
194880,0.10333023592214302,0.014342923836013762,0.0,1.0999980819357125,-9.865242413964446e-07
194940,0.10336622611369665,0.0143099912573508,0.0,1.099998081885947,-9.910823468774023e-07
195000,0.1034021747421119,0.01427712695632445,0.0,1.099998081835745,-9.956318717998718e-07
195060,0.10343808127745925,0.014244330742853565,0.0,1.0999980817851187,-1.0001728237488825e-06
195120,0.10347394519925658,0.01421160242858569,0.0,1.0999980817340793,-1.0047052103558541e-06
195180,0.10350976599607979,0.014178941826791558,0.0,1.0999980816826387,-1.0092290393008149e-06
195240,0.10354554316517359,0.014146348752259607,0.0,1.0999980816308086,-1.0137443183146206e-06
195300,0.10358127621206216,0.01411382302119049,0.0,1.0999980815785997,-1.0182510551811743e-06
195360,0.10361696465015996,0.014081364451091575,0.0,1.0999980815260237,-1.022749257739644e-06
195420,0.1036526080003824,0.01404897286067147,0.0,1.0999980814730914,-1.0272389338866821e-06
195480,0.10368820589825797,0.014016648103244485,0.0,1.0999980814198096,-1.0317200904419719e-06
195540,0.10372375844988851,0.013984390177705149,0.0,1.0999980813661674,-1.036192729382571e-06
195600,0.10375926476399512,0.013952198770958595,0.0,1.0999980813121921,-1.040656863362493e-06
195660,0.1037947244258611,0.01392007371738872,0.0,1.0999980812578927,-1.0451125001260055e-06
195720,0.10383013702949015,0.01388801485304003,0.0,1.0999980812032784,-1.0495596474524815e-06
195780,0.10386550217732951,0.013856022015547203,0.0,1.0999980811483574,-1.0539983131574286e-06
195840,0.1039008194799932,0.013824095044064663,0.0,1.099998081093139,-1.0584285050935182e-06
195900,0.10393608855598521,0.013792233779196134,0.0,1.0999980810376309,-1.0628502311516166e-06
195960,0.10397130903142263,0.013760438062924214,0.0,1.0999980809818415,-1.067263499261813e-06
196020,0.10400648053975889,0.01372870773853994,0.0,1.099998080925779,-1.0716683173944505e-06
196080,0.10404160272150696,0.013697042650572356,0.0,1.099998080869451,-1.0760646935611554e-06
196140,0.10407667522396245,0.013665442644718065,0.0,1.0999980808128649,-1.0804526358158669e-06
196200,0.10411169770092694,0.013633907567770819,0.0,1.0999980807560286,-1.084832152255867e-06
196260,0.1041466698823855,0.013602437287593708,0.0,1.0999980806989533,-1.0892032504274812e-06
196320,0.10418159178600571,0.01357103175372453,0.0,1.0999980806416658,-1.0935659355248565e-06
196380,0.10421646281575361,0.013539690739129381,0.0,1.0999980805841583,-1.0979202180595983e-06
196440,0.10425128267256846,0.013508414101128708,0.0,1.0999980805264387,-1.102266106109413e-06
196500,0.10428605106448696,0.013477201698353971,0.0,1.099998080468515,-1.1066036077836857e-06
196560,0.10432076770643675,0.013446053390697313,0.0,1.0999980804103955,-1.1109327312239107e-06
196620,0.10435543232002961,0.013414969039261227,0.0,1.0999980803520883,-1.1152534846041265e-06
196680,0.10439004463335494,0.01338394850630823,0.0,1.0999980802936016,-1.119565876131347e-06
196740,0.10442460438077303,0.013352991655210528,0.0,1.099998080234943,-1.1238699140459938e-06
196800,0.10445911130270845,0.013322098350399688,0.0,1.099998080176121,-1.12816560662233e-06
196860,0.10449356514544339,0.013291268457316305,0.0,1.0999980801171436,-1.1324529621688918e-06
196920,0.10452796566091108,0.013260501842359676,0.0,1.0999980800580187,-1.1367319890289217e-06
196980,0.10456231260648904,0.013229798372837465,0.0,1.0999980799987545,-1.1410026955808004e-06
197040,0.10459660578241237,0.013199157926400227,0.0,1.0999980799393423,-1.1452650901979097e-06
197100,0.1046308451354745,0.013168580417188555,0.0,1.0999980798797075,-1.1495191811370112e-06
197160,0.10466503030096579,0.013138065680346853,0.0,1.0999980798199218,-1.1537649770324344e-06
197220,0.10469916106831545,0.013107613589424355,0.0,1.0999980797599875,-1.1580024863941317e-06
197280,0.10473323723238452,0.013077224018884339,0.0,1.0999980796999071,-1.1622317177682568e-06
197340,0.10476725859329526,0.013046896844062903,0.0,1.0999980796396822,-1.1664526797375577e-06
197400,0.10480122495626085,0.013016631941127794,0.0,1.0999980795793147,-1.1706653809217705e-06
197460,0.1048351361314149,0.012986429187037197,0.0,1.0999980795188051,-1.1748698299780123e-06
197520,0.10486899193364117,0.012956288459498555,0.0,1.099998079458154,-1.1790660356011757e-06
197580,0.10490279218240305,0.012926209636927364,0.0,1.099998079397362,-1.1832540065243214e-06
197640,0.10493653670157316,0.012896192598405984,0.0,1.0999980793364286,-1.1874337515190722e-06
197700,0.104970225319263,0.01286623722364244,0.0,1.0999980792753525,-1.191605279396006e-06
197760,0.10500385786765255,0.012836343392929238,0.0,1.0999980792141333,-1.1957685990050506e-06
197820,0.1050374342134947,0.012806510995535392,0.0,1.0999980791528192,-1.199923718985751e-06
197880,0.10507095433513715,0.012776739950887076,0.0,1.0999980790916357,-1.2040706471382415e-06
197940,0.10510441796920303,0.012747030111437912,0.0,1.099998079030405,-1.208209393303213e-06
198000,0.1051378249721253,0.01271738136206853,0.0,1.0999980789691393,-1.212339966412966e-06
198060,0.105171175204354,0.012687793588258152,0.0,1.0999980789078525,-1.216462375434589e-06
198120,0.10520446853021405,0.012658266676051211,0.0,1.099998078846559,-1.2205766293701217e-06
198180,0.10523770481776343,0.012628800512023981,0.0,1.0999980787852741,-1.2246827372567156e-06
198240,0.10527088393865108,0.012599394983251182,0.0,1.0999980787240138,-1.2287807081667966e-06
198300,0.10530400576797502,0.012570049977272601,0.0,1.0999980786627952,-1.2328705512082266e-06
198360,0.10533707018414025,0.01254076538205972,0.0,1.0999980786016366,-1.236952275524465e-06
198420,0.10537007706871683,0.012511541085982325,0.0,1.0999980785405572,-1.2410258902947304e-06
198480,0.10540302630629785,0.012482376977775128,0.0,1.099998078479577,-1.2450914047341632e-06
198540,0.1054359177843575,0.01245327294650439,0.0,1.0999980784187178,-1.249148828093986e-06
198600,0.10546875144411627,0.01242422889707978,0.0,1.099998078357849,-1.2531981693878097e-06
198660,0.10550152738753629,0.012395244782872737,0.0,1.0999980782963663,-1.257239436816574e-06
198720,0.10553424533034761,0.012366320439027679,0.0,1.0999980782348338,-1.2612726407046458e-06
198780,0.10556690518052245,0.012337455758770868,0.0,1.0999980781732464,-1.2652977903933945e-06
198840,0.10559950684892142,0.012308650635711793,0.0,1.0999980781115983,-1.2693148952572308e-06
198900,0.10563205024917281,0.012279904963816287,0.0,1.0999980780498828,-1.273323964703653e-06
198960,0.10566453529755193,0.01225121863737964,0.0,1.0999980779880922,-1.277325008173296e-06
199020,0.10569696191286045,0.012222591550999718,0.0,1.0999980779262182,-1.2813180351399773e-06
199080,0.1057293300163057,0.012194023599550078,0.0,1.099998077864251,-1.2853030551107447e-06
199140,0.10576163953138004,0.012165514678153085,0.0,1.0999980778021805,-1.2892800776259238e-06
199200,0.10579389038374017,0.012137064682153021,0.0,1.0999980777399951,-1.2932491122591656e-06
199260,0.10582608250108645,0.012108673507089211,0.0,1.0999980776776823,-1.2972101686174928e-06
199320,0.10585821581304225,0.012080341048669134,0.0,1.0999980776152287,-1.3011632563413482e-06
199380,0.10589029025103328,0.01205206720274154,0.0,1.0999980775526197,-1.3051083851046414e-06
199440,0.1059223057481669,0.012023851865269563,0.0,1.0999980774898395,-1.3090455646147964e-06
199500,0.10595426223911147,0.01199569493230384,0.0,1.0999980774268714,-1.3129748046127985e-06
199560,0.10598615986633901,0.011967596354098843,0.0,1.0999980773641025,-1.31689611334334e-06
199620,0.10601799868722529,0.011939556058269983,0.0,1.099998077301749,-1.3208094997254248e-06
199680,0.10604977844779857,0.011911573890437184,0.0,1.0999980772394127,-1.3247149750288669e-06
199740,0.10608149910473998,0.011883649751186083,0.0,1.0999980771771052,-1.3286125490035215e-06
199800,0.10611316061684757,0.011855783541359563,0.0,1.099998077114839,-1.3325022314244473e-06
199860,0.10614476294494991,0.011827975162039832,0.0,1.0999980770526283,-1.3363840320917008e-06
199920,0.10617630605181946,0.011800224514530513,0.0,1.0999980769904878,-1.34025796083013e-06
199980,0.10620778990208618,0.011772531500338723,0.0,1.0999980769284337,-1.3441240274891683e-06
200040,0.10623921446215105,0.011744896021157159,0.0,1.099998076866483,-1.3479822419426281e-06
200100,0.10627057970009948,0.011717317978846179,0.0,1.0999980768046542,-1.3518326140884953e-06
200160,0.10630188558561494,0.01168979727541589,0.0,1.0999980767429673,-1.3556751538487232e-06
200220,0.1063331320898924,0.01166233381300823,0.0,1.0999980766814432,-1.3595098711690258e-06
200280,0.10636431918555185,0.01163492749387905,0.0,1.0999980766201043,-1.3633367760186726e-06
200340,0.10639544684655183,0.0116075782203802,0.0,1.0999980765589743,-1.367155878390281e-06
200400,0.10642651504810292,0.011580285894941611,0.0,1.0999980764980786,-1.3709671882996128e-06
200460,0.10645752376658127,0.011553050420053383,0.0,1.0999980764374435,-1.3747707157853653e-06
200520,0.10648847325924592,0.011525871767863122,0.0,1.0999980763763724,-1.3785664702908683e-06
200580,0.10651936341240069,0.011498749818002073,0.0,1.0999980763151338,-1.3823544621036255e-06
200640,0.10655019413158592,0.011471684454668495,0.0,1.0999980762539505,-1.386134701492965e-06
200700,0.10658096541121319,0.011444675583956426,0.0,1.0999980761928183,-1.3899071985558189e-06
200760,0.1066116772473896,0.011417723112169934,0.0,1.0999980761317327,-1.393671963408899e-06
200820,0.10664232963785943,0.011390826945812204,0.0,1.0999980760706882,-1.3974290061884294e-06
200880,0.10667292258194577,0.01136398699157463,0.0,1.0999980760096784,-1.4011783370498779e-06
200940,0.10670345608049227,0.011337203156325892,0.0,1.0999980759486956,-1.4049199661676883e-06
201000,0.10673393013580464,0.011310475347101051,0.0,1.099998075887732,-1.4086539037350115e-06
201060,0.10676434475159248,0.011283803471090639,0.0,1.099998075826778,-1.4123801599634377e-06
201120,0.10679469993291084,0.011257187435629732,0.0,1.0999980757658236,-1.4160987450827275e-06
201180,0.10682499568610186,0.011230627148187051,0.0,1.0999980757048575,-1.4198096693405445e-06
201240,0.10685523201873653,0.011204122516354047,0.0,1.0999980756438672,-1.4235129430021865e-06
201300,0.10688540893955627,0.011177673447833976,0.0,1.0999980755828394,-1.4272085763503174e-06
201360,0.10691552645841457,0.011151279850431003,0.0,1.0999980755217595,-1.4308965796846988e-06
201420,0.10694558458834193,0.01112494163253979,0.0,1.0999980754606182,-1.4345769633259664e-06
201480,0.10697558354451062,0.011098658750050828,0.0,1.0999980754000072,-1.4382497379944626e-06
201540,0.10700552318930827,0.011072431075539024,0.0,1.0999980753394578,-1.4419149137530503e-06
201600,0.10703540354360878,0.011046258518789766,0.0,1.099998075278972,-1.445572500980829e-06
201660,0.1070652246296036,0.011020140989751976,0.0,1.0999980752185523,-1.4492225100736027e-06
201720,0.10709498647075831,0.010994078398530702,0.0,1.0999980751582008,-1.4528649514436379e-06
201780,0.10712468909176902,0.010968070655379705,0.0,1.0999980750979206,-1.4564998355194253e-06
201840,0.10715433251851902,0.010942117670694052,0.0,1.0999980750377143,-1.4601271727454395e-06
201900,0.10718391677803525,0.010916219355002704,0.0,1.0999980749775853,-1.4637469735818982e-06
201960,0.10721344189844476,0.010890375618961102,0.0,1.0999980749175369,-1.4673592485045232e-06
202020,0.10724290790893129,0.010864586373343761,0.0,1.0999980748575728,-1.4709640080043e-06
202080,0.10727231483969178,0.010838851529036858,0.0,1.0999980747976972,-1.4745612625872381e-06
202140,0.10730166272189284,0.010813170997030816,0.0,1.0999980747379146,-1.4781510227741304e-06
202200,0.10733095158762733,0.010787544688412904,0.0,1.0999980746782292,-1.481733299100314e-06
202260,0.10736018146987081,0.010761972514359813,0.0,1.0999980746186464,-1.48530810211543e-06
202320,0.10738935240243812,0.010736454386130257,0.0,1.0999980745591713,-1.4888754423831832e-06
202380,0.10741846444871515,0.010710990220524581,0.0,1.099998074499768,-1.492435330481273e-06
202440,0.10744751770509424,0.010685579940538287,0.0,1.0999980744403544,-1.4959877770011723e-06
202500,0.10747651214822665,0.010660223446342395,0.0,1.099998074381023,-1.4995327925469876e-06
202560,0.10750544781874556,0.010634920650189823,0.0,1.0999980743217748,-1.5030703877363034e-06
202620,0.10753432475817386,0.01060967146442935,0.0,1.0999980742626112,-1.5066005731995694e-06
202680,0.10756314300888864,0.010584475801499717,0.0,1.0999980742035333,-1.5101233595798621e-06
202740,0.10759190261408563,0.01055933357392372,0.0,1.0999980741445425,-1.5136387575326428e-06
202800,0.10762060361774362,0.010534244694302312,0.0,1.09999807408564,-1.5171467777255197e-06
202860,0.10764924606458895,0.010509209075308697,0.0,1.0999980740268276,-1.5206474308380067e-06
202920,0.10767783000006,0.010484226629682436,0.0,1.0999980739681063,-1.5241407275612842e-06
202980,0.10770635547027158,0.010459297270223532,0.0,1.0999980739094775,-1.5276266785979587e-06
203040,0.1077348225219794,0.01043442090978654,0.0,1.099998073850943,-1.5311052946618228e-06
203100,0.10776323120254458,0.010409597461274655,0.0,1.0999980737925037,-1.5345765864776163e-06
203160,0.10779158155989804,0.01038482683763382,0.0,1.0999980737341617,-1.5380405647807845e-06
203220,0.10781987364250499,0.010360108951846815,0.0,1.0999980736759183,-1.5414972403172404e-06
203280,0.10784810749932938,0.010335443716927356,0.0,1.099998073617775,-1.5449466238431233e-06
203340,0.1078762832385273,0.010310831057647261,0.0,1.09999807355971,-1.5483887261416705e-06
203400,0.10790440091969292,0.010286270889010187,0.0,1.0999980735017205,-1.551823557991593e-06
203460,0.10793246055619682,0.010261763116719976,0.0,1.0999980734438235,-1.555251130167526e-06
203520,0.10796046220263236,0.010237307654652193,0.0,1.0999980733860193,-1.5586714534652793e-06
203580,0.10798840591418542,0.010212904416738073,0.0,1.099998073328308,-1.5620845386897689e-06
203640,0.10801629174660686,0.010188553316960215,0.0,1.099998073270689,-1.5654903966547787e-06
203700,0.10804411975618496,0.010164254269348272,0.0,1.0999980732131631,-1.5688890381827247e-06
203760,0.10807188999971781,0.01014000718797465,0.0,1.0999980731557297,-1.5722804741044162e-06
203820,0.10809960253448582,0.010115811986950187,0.0,1.099998073098389,-1.5756647152588177e-06
203880,0.10812725741822408,0.010091668580419867,0.0,1.0999980730411403,-1.579041772492813e-06
203940,0.10815485470909492,0.010067576882558492,0.0,1.0999980729839836,-1.582411656660966e-06
204000,0.10818239446566018,0.010043536807566384,0.0,1.0999980729269185,-1.5857743786252843e-06
204060,0.1082098767468538,0.01001954826966508,0.0,1.0999980728699443,-1.5891299492549803e-06
204120,0.10823730161195418,0.009995611183093021,0.0,1.099998072813061,-1.5924783794262353e-06
204180,0.10826466912055663,0.009971725462101247,0.0,1.0999980727562673,-1.5958196800219602e-06
204240,0.10829197933254583,0.009947891020949083,0.0,1.0999980726995628,-1.5991538619315593e-06
204300,0.10831923246307776,0.009924107807562173,0.0,1.099998072643003,-1.6024809365824794e-06
204360,0.10834642848432531,0.009900375717048028,0.0,1.099998072586555,-1.605800914573786e-06
204420,0.10837356743275309,0.009876694658426426,0.0,1.099998072530209,-1.6091138067301776e-06
204480,0.10840064937334978,0.009853064546863688,0.0,1.0999980724739655,-1.6124196239791391e-06
204540,0.10842767437148208,0.009829485297562066,0.0,1.099998072417825,-1.6157183772542364e-06
204600,0.10845464249287236,0.009805956825756563,0.0,1.0999980723617881,-1.619010077494898e-06
204660,0.10848155380357631,0.009782479046711784,0.0,1.0999980723058551,-1.6222947356461944e-06
204720,0.10850840836996077,0.009759051875718761,0.0,1.0999980722500267,-1.6255723626586203e-06
204780,0.10853520625868136,0.009735675228091798,0.0,1.0999980721943028,-1.6288429694878729e-06
204840,0.10856194753666018,0.009712349019165307,0.0,1.0999980721386842,-1.6321065670946337e-06
204900,0.10858863227106356,0.009689073164290638,0.0,1.0999980720831712,-1.6353631664443493e-06
204960,0.10861526052927975,0.009665847578832928,0.0,1.0999980720277645,-1.6386127785070109e-06
205020,0.10864183237889662,0.009642672178167925,0.0,1.099998071972464,-1.6418554142569353e-06
205080,0.10866834788767936,0.009619546877678832,0.0,1.0999980719172706,-1.6450910846725454e-06
205140,0.10869480712354822,0.009596471592753144,0.0,1.0999980718621845,-1.6483198007361504e-06
205200,0.10872121015455619,0.009573446238779485,0.0,1.0999980718072058,-1.651541573433727e-06
205260,0.10874755704886672,0.00955047073114444,0.0,1.0999980717523354,-1.654756413754699e-06
205320,0.10877384787473145,0.009527544985229397,0.0,1.0999980716975735,-1.6579643326917179e-06
205380,0.10880008270046783,0.009504668916407383,0.0,1.0999980716429203,-1.6611653412404445e-06
205440,0.10882626159443694,0.0094818424400399,0.0,1.0999980715883761,-1.664359450399328e-06
205500,0.10885238480356045,0.00945906551073104,0.0,1.0999980715338853,-1.6675466714867086e-06
205560,0.10887845231634474,0.009436338026246834,0.0,1.099998071479473,-1.670727015363993e-06
205620,0.10890446415614591,0.009413659892000178,0.0,1.0999980714251543,-1.6739004929566965e-06
205680,0.10893042039660128,0.009391031024445681,0.0,1.0999980713709272,-1.6770671152816927e-06
205740,0.10895632111156647,0.00936845134007353,0.0,1.0999980713167907,-1.6802268933580561e-06
205800,0.10898216637509973,0.009345920755407784,0.0,1.0999980712627433,-1.683379838206853e-06
205860,0.1090079562614463,0.009323439187004687,0.0,1.0999980712087831,-1.6865259608509346e-06
205920,0.10903369084502282,0.00930100655145097,0.0,1.0999980711549087,-1.6896652723147283e-06
205980,0.10905937020040167,0.009278622765362149,0.0,1.0999980711011177,-1.6927977836240323e-06
206040,0.1090849944022954,0.00925628774538083,0.0,1.0999980710474087,-1.6959235058058049e-06
206100,0.10911056352554103,0.009234001408175018,0.0,1.0999980709937796,-1.6990424498879593e-06
206160,0.10913607764508454,0.009211763670436414,0.0,1.0999980709402277,-1.702154626899155e-06
206220,0.1091615368359651,0.009189574448878721,0.0,1.0999980708867514,-1.7052600478685902e-06
206280,0.1091869411732996,0.009167433660235948,0.0,1.0999980708333479,-1.708358723825794e-06
206340,0.10921229073226693,0.009145341221260709,0.0,1.099998070780015,-1.7114506658004185e-06
206400,0.10923758558809236,0.009123297048722534,0.0,1.0999980707267498,-1.7145358848220326e-06
206460,0.10926282581603196,0.009101301059406165,0.0,1.0999980706735495,-1.7176143919199122e-06
206520,0.10928801149135695,0.009079353170109864,0.0,1.0999980706204115,-1.720686198122834e-06
206580,0.10931314268933807,0.009057453297643715,0.0,1.099998070567333,-1.7237513144588677e-06
206640,0.10933821948523004,0.009035601358827925,0.0,1.0999980705143102,-1.726809751955168e-06
206700,0.10936324209977613,0.00901379729705723,0.0,1.0999980704615948,-1.7298615224753355e-06
206760,0.10938821056430499,0.008992041021162309,0.0,1.0999980704091068,-1.7329066367917042e-06
206820,0.10941312490040342,0.008970332438211931,0.0,1.0999980703567491,-1.7359451056193592e-06
206880,0.10943798518789767,0.0089486714659247,0.0,1.0999980703045262,-1.738976940007301e-06
206940,0.10946279150677787,0.008927058022067965,0.0,1.0999980702524432,-1.7420021510040627e-06
207000,0.10948754393718838,0.008905492024457229,0.0,1.0999980702005059,-1.7450207496575358e-06
207060,0.10951224255941816,0.008883973390955554,0.0,1.0999980701487195,-1.7480327470147984e-06
207120,0.10953688745389127,0.00886250203947296,0.0,1.0999980700970904,-1.7510381541219416e-06
207180,0.10956147870115718,0.00884107788796583,0.0,1.0999980700456249,-1.7540369820238962e-06
207240,0.10958601638188126,0.008819700854436315,0.0,1.09999806999433,-1.7570292417642604e-06
207300,0.10961050057683505,0.008798370856931734,0.0,1.0999980699432124,-1.760014944385127e-06
207360,0.10963493136688683,0.008777087813543978,0.0,1.09999806989228,-1.7629941009269087e-06
207420,0.10965930883299188,0.008755851642408916,0.0,1.0999980698415404,-1.7659667224281676e-06
207480,0.10968363305618295,0.008734662261705793,0.0,1.0999980697910023,-1.7689328199254407e-06
207540,0.10970790411756066,0.008713519589656642,0.0,1.0999980697406742,-1.771892404453067e-06
207600,0.10973212209828387,0.008692423544525674,0.0,1.099998069690565,-1.7748454870430145e-06
207660,0.1097562870795601,0.008671374044618691,0.0,1.0999980696406846,-1.7777920787247083e-06
207720,0.10978039914263596,0.008650371008282493,0.0,1.0999980695910427,-1.7807321905248557e-06
207780,0.10980445836878751,0.008629414353904265,0.0,1.0999980695416498,-1.783665833467275e-06
207840,0.10982846483931065,0.008608503999910998,0.0,1.0999980694925169,-1.7865930185727218e-06
207900,0.10985241870414725,0.008587639873808242,0.0,1.099998069442894,-1.7895137572857864e-06
207960,0.10987632003618476,0.008566821892991945,0.0,1.0999980693928864,-1.7924280605681928e-06
208020,0.10990016888175816,0.008546049971400268,0.0,1.099998069342894,-1.7953359392129204e-06
208080,0.109923965324668,0.00852532402794546,0.0,1.0999980692929012,-1.798237404242431e-06
208140,0.10994770944882279,0.008504643981594505,0.0,1.0999980692428923,-1.8011324666761055e-06
208200,0.1099714013382325,0.008484009751368937,0.0,1.0999980691928495,-1.8040211375300913e-06
208260,0.10999504107700218,0.008463421256344665,0.0,1.0999980691427549,-1.8069034278171474e-06
208320,0.1100186287493256,0.008442878415651799,0.0,1.0999980690925886,-1.809779348546492e-06
208380,0.11004216443947869,0.008422381148474462,0.0,1.09999806904233,-1.81264891072365e-06
208440,0.11006564823181327,0.008401929374050624,0.0,1.0999980689919577,-1.8155121253502992e-06
208500,0.11008908021075055,0.008381523011671915,0.0,1.0999980689414486,-1.818369003424117e-06
208560,0.11011246046077476,0.008361161980683455,0.0,1.0999980688907784,-1.8212195559386268e-06
208620,0.11013578906642668,0.008340846200483665,0.0,1.0999980688399218,-1.8240637938830463e-06
208680,0.11015906611229725,0.008320575590524104,0.0,1.099998068788852,-1.826901728242133e-06
208740,0.1101822916830212,0.008300350070309277,0.0,1.0999980687375412,-1.829733369996031e-06
208800,0.1102054658632705,0.008280169559396469,0.0,1.0999980686859605,-1.8325587301201188e-06
208860,0.11022858873774811,0.008260033977395555,0.0,1.0999980686340787,-1.8353778195848552e-06
208920,0.11025166039118146,0.008239943243968834,0.0,1.0999980685818642,-1.8381906493556267e-06
208980,0.11027468090831606,0.008219897278830844,0.0,1.0999980685292834,-1.8409972303925936e-06
209040,0.11029765037390904,0.008199896001748187,0.0,1.099998068476302,-1.8437975736505374e-06
209100,0.11032056889867882,0.00817993933398158,0.0,1.099998068425097,-1.8465916908966968e-06
209160,0.110343436570004,0.008160027195546638,0.0,1.0999980683758543,-1.8493795931571217e-06
209220,0.11036625345481894,0.008140159505374977,0.0,1.0999980683270147,-1.8521612908079722e-06
209280,0.11038901963894018,0.008120336183499511,0.0,1.0999980682786297,-1.8549367948149212e-06
209340,0.11041173520822209,0.008100557150007561,0.0,1.0999980682307535,-1.8577061161393316e-06
209400,0.11043440024855176,0.00808082232504076,0.0,1.099998068183444,-1.8604692657381465e-06
209460,0.11045701484584401,0.008061131628794942,0.0,1.0999980681367634,-1.8632262545637785e-06
209520,0.11047957908603631,0.008041484981520049,0.0,1.0999980680907766,-1.8659770935640003e-06
209580,0.11050209305508368,0.008021882303520021,0.0,1.0999980680455526,-1.868721793681834e-06
209640,0.11052455683895374,0.008002323515152699,0.0,1.0999980680011647,-1.8714603658554407e-06
209700,0.11054697052362152,0.007982808536829717,0.0,1.0999980679576895,-1.8741928210180103e-06
209760,0.11056933419506457,0.00796333728901641,0.0,1.0999980679152082,-1.8769191700976524e-06
209820,0.11059164793925774,0.007943909692231703,0.0,1.0999980678738057,-1.8796394240172844e-06
209880,0.11061391184216829,0.007924525667048014,0.0,1.0999980678335715,-1.8823535936945222e-06
209940,0.11063612598975067,0.007905185134091147,0.0,1.0999980677945989,-1.8850616900415706e-06
210000,0.11065829046794161,0.007885888014040195,0.0,1.0999980677569858,-1.8877637239651114e-06
210060,0.11068040536265498,0.007866634227627433,0.0,1.0999980677208352,-1.8904597063661953e-06
210120,0.11070247075977678,0.007847423695638225,0.0,1.099998067686254,-1.8931496481401298e-06
210180,0.11072448674516006,0.00782825633891091,0.0,1.0999980676533536,-1.89583356017637e-06
210240,0.11074645340461989,0.0078091320783367085,0.0,1.0999980676222507,-1.898511453358408e-06
210300,0.11076837084011662,0.007790050836810616,0.0,1.0999980675866052,-1.9011833381862768e-06
210360,0.11079023914366436,0.007771012536087382,0.0,1.0999980675440326,-1.9038492253845746e-06
210420,0.1108120583861294,0.0077520170954320355,0.0,1.0999980675005734,-1.90650912616337e-06
210480,0.11083382865389516,0.007733064436039196,0.0,1.0999980674560563,-1.9091630513632312e-06
210540,0.11085555003332356,0.0077141544791608785,0.0,1.0999980674102985,-1.9118110118172397e-06
210600,0.110877222610751,0.007695287146106523,0.0,1.0999980673631056,-1.9144530183508564e-06
210660,0.11089884647248419,0.007676462358243,0.0,1.0999980673142709,-1.917089081781788e-06
210720,0.11092042170479617,0.0076576800369946305,0.0,1.0999980672635756,-1.919719212919855e-06
210780,0.1109419483939222,0.007638940103843206,0.0,1.099998067210788,-1.922343422566858e-06
210840,0.11096342662605566,0.007620242480327995,0.0,1.0999980671556637,-1.9249617215164455e-06
210900,0.110984856487344,0.00760158708804577,0.0,1.0999980670979443,-1.9275741205539787e-06
210960,0.11100623806388474,0.007582973848650815,0.0,1.099998067037359,-1.930180630456401e-06
211020,0.11102757144172123,0.007564402683854946,0.0,1.0999980669736222,-1.932781261992103e-06
211080,0.11104885670683874,0.007545873515427525,0.0,1.0999980669064344,-1.935376025920792e-06
211140,0.11107009394516029,0.007527386265195477,0.0,1.0999980668354814,-1.9379649329933555e-06
211200,0.11109128324254262,0.007508940855043308,0.0,1.099998066760435,-1.940547993951731e-06
211260,0.1111124246847721,0.007490537206913117,0.0,1.0999980666809508,-1.943125219528772e-06
211320,0.11113351835756068,0.007472175242804613,0.0,1.0999980665966698,-1.945696620448113e-06
211380,0.11115456434654174,0.007453854884775136,0.0,1.0999980665072169,-1.9482622074240406e-06
211440,0.11117556273726613,0.007435576054939666,0.0,1.0999980664122013,-1.950821991161357e-06
211500,0.11119651365198245,0.007417338681376167,0.0,1.0999980663318902,-1.9533759841862256e-06
211560,0.11121741720013537,0.007399142690179319,0.0,1.0999980662793882,-1.9559241983822474e-06
211620,0.11123827341950039,0.007380987996011037,0.0,1.0999980662275564,-1.9584666420604687e-06
211680,0.11125908239617852,0.007362874521364929,0.0,1.0999980661764546,-1.9610033259322835e-06
211740,0.11127984421620217,0.007344802188797844,0.0,1.0999980661261446,-1.963534260700648e-06
211800,0.11130055896553163,0.007326770920929973,0.0,1.09999806607669,-1.966059457059974e-06
211860,0.11132122673005161,0.00730878064044496,0.0,1.0999980660281559,-1.9685789256960262e-06
211920,0.1113418475955676,0.007290831270090004,0.0,1.09999806598061,-1.971092677285813e-06
211980,0.11136242164780251,0.007272922732675966,0.0,1.0999980659341206,-1.9736007224974852e-06
212040,0.11138294897239302,0.007255054951077473,0.0,1.0999980658887594,-1.976103071990227e-06
212100,0.11140342965488616,0.0072372278482330235,0.0,1.099998065844599,-1.9785997364141533e-06
212160,0.11142386378073574,0.007219441347145092,0.0,1.0999980658017139,-1.9810907264102032e-06
212220,0.11144425143529885,0.007201695370880241,0.0,1.0999980657601809,-1.9835760526100347e-06
212280,0.1114645927038323,0.007183989842569214,0.0,1.0999980657200783,-1.98605572563592e-06
212340,0.11148488767148922,0.007166324685407055,0.0,1.0999980656814872,-1.9885297561006386e-06
212400,0.11150513642331537,0.0071486998226532004,0.0,1.0999980656444892,-1.9909981546073742e-06
212460,0.11152533904424583,0.007131115177631597,0.0,1.0999980656091692,-1.9934609317496075e-06
212520,0.11154549561910128,0.007113570673730798,0.0,1.0999980655756136,-1.9959180981110117e-06
212580,0.11156560623258463,0.0070960662344040715,0.0,1.0999980655439103,-1.998369664265347e-06
212640,0.11158567096927742,0.007078601783169508,0.0,1.0999980655141497,-2.0008156407763548e-06
212700,0.11160568991363636,0.007061177243610123,0.0,1.0999980654864243,-2.0032560381976534e-06
212760,0.11162566314998974,0.007043792539373962,0.0,1.0999980654608281,-2.0056908670726315e-06
212820,0.11164559076253404,0.00702644759417421,0.0,1.0999980654374577,-2.0081201379343442e-06
212880,0.11166547283533025,0.0070091423317892925,0.0,1.099998065416411,-2.0105438613054056e-06
212940,0.11168530945230049,0.006991876676062983,0.0,1.0999980653977888,-2.012962047697886e-06
213000,0.11170510069722442,0.0069746505509045075,0.0,1.0999980653816934,-2.015374707613204e-06
213060,0.11172484665373575,0.006957463880288651,0.0,1.099998065368229,-2.017781851542024e-06
213120,0.1117445474053187,0.00694031658825586,0.0,1.0999980653575028,-2.0201834899641474e-06
213180,0.11176420303530453,0.006923208598912354,0.0,1.0999980653496229,-2.02257963334841e-06
213240,0.11178381362686798,0.006906139836430224,0.0,1.0999980653447001,-2.024970292152577e-06
213300,0.11180337942209112,0.00688911024149021,0.0,1.0999980653266743,-2.0273554789820605e-06
213360,0.1118229004233155,0.006872119730074253,0.0,1.0999980653038461,-2.029735203179507e-06
213420,0.11184237666647533,0.0068551682217201995,0.0,1.0999980652810861,-2.0321094745343535e-06
213480,0.1118618082362562,0.006838255641089217,0.0,1.0999980652582926,-2.034478303488501e-06
213540,0.11188119521725007,0.006821381912917188,0.0,1.099998065235358,-2.0368417004733455e-06
213600,0.11190053769395304,0.0068045469620149545,0.0,1.0999980652121684,-2.0391996759096864e-06
213660,0.1119198357507631,0.006787750713268554,0.0,1.099998065188604,-2.041552240207643e-06
213720,0.11193908947197798,0.006770993091639458,0.0,1.0999980651645382,-2.0438994037665624e-06
213780,0.11195829894179285,0.0067542740221648145,0.0,1.0999980651398382,-2.046241176974936e-06
213840,0.11197746424429815,0.006737593429957685,0.0,1.0999980651143646,-2.0485775702103085e-06
213900,0.11199658546347736,0.006720951240207285,0.0,1.0999980650879706,-2.050908593839191e-06
213960,0.11201566268320477,0.006704347378179223,0.0,1.0999980650605035,-2.053234258216975e-06
214020,0.11203469598724325,0.006687781769215738,0.0,1.099998065031803,-2.055554573687842e-06
214080,0.11205368545924208,0.006671254338735944,0.0,1.0999980650017018,-2.057869550584677e-06
214140,0.11207263118273465,0.006654765012236064,0.0,1.0999980649700254,-2.060179199228981e-06
214200,0.11209153324113633,0.00663831371528967,0.0,1.099998064936592,-2.0624835299307838e-06
214260,0.11211039171774213,0.006621900373547926,0.0,1.0999980649012122,-2.0647825529885534e-06
214320,0.11212920669572463,0.006605524912739825,0.0,1.0999980648636891,-2.0670762786891115e-06
214380,0.11214797825813162,0.006589187258672427,0.0,1.0999980648238181,-2.069364717307545e-06
214440,0.11216670648788397,0.006572887337231101,0.0,1.099998064781387,-2.0716478791071157e-06
214500,0.1121853914677734,0.006556625074379762,0.0,1.099998064736175,-2.073925774339177e-06
214560,0.11220403328046016,0.006540400396161113,0.0,1.0999980646879537,-2.0761984132430817e-06
214620,0.11222263200847098,0.006524213228696881,0.0,1.0999980646364866,-2.0784658060460976e-06
214680,0.11224118773419668,0.006508063498188061,0.0,1.0999980645815284,-2.0807279629633177e-06
214740,0.1122597005398901,0.0064919511309151495,0.0,1.099998064522826,-2.0829848941975724e-06
214800,0.11227817050766371,0.006475876053238389,0.0,1.0999980644601175,-2.0852366099393444e-06
214860,0.11229659771948759,0.006459838191598004,0.0,1.0999980643931317,-2.0874831203666773e-06
214920,0.11231498225718703,0.006443837472514443,0.0,1.0999980643215896,-2.0897244356450904e-06
214980,0.1123333242024404,0.006427873822588617,0.0,1.0999980642452027,-2.0919605659274893e-06
215040,0.11235162365289711,0.0064119471692789115,0.0,1.0999980641669793,-2.0941915217484564e-06
215100,0.11236988085103429,0.0063960574471107175,0.0,1.0999980641196478,-2.09641731717667e-06
215160,0.1123880957278647,0.006380204575689576,0.0,1.09999806407209,-2.098637958651778e-06
215220,0.11240626836633898,0.006364388482031338,0.0,1.0999980640243667,-2.100853456321404e-06
215280,0.11242439884932034,0.006348609093236914,0.0,1.0999980639765434,-2.1030638203218504e-06
215340,0.11244248725958364,0.0063328663364925755,0.0,1.099998063928691,-2.1052690607780366e-06
215400,0.11246053367981419,0.0063171601390702515,0.0,1.0999980638808853,-2.1074691878034407e-06
215460,0.11247853819260677,0.006301490428327816,0.0,1.099998063833208,-2.109664211500039e-06
215520,0.11249650088046446,0.00628585713170939,0.0,1.0999980637857456,-2.1118541419582476e-06
215580,0.11251442182579771,0.006270260176745629,0.0,1.0999980637385902,-2.1140389892568613e-06
215640,0.11253230111092312,0.006254699491054027,0.0,1.0999980636918403,-2.1162187634629947e-06
215700,0.11255013881806249,0.006239175002339203,0.0,1.099998063645599,-2.118393474632024e-06
215760,0.11256793502934166,0.006223686638393201,0.0,1.0999980635999766,-2.1205631328075237e-06
215820,0.11258568982678951,0.006208234327095783,0.0,1.0999980635550883,-2.1227277480212117e-06
215880,0.11260340329233688,0.0061928179964147205,0.0,1.0999980635110562,-2.1248873302928864e-06
215940,0.11262107550781544,0.0061774375744060965,0.0,1.099998063468008,-2.127041889630367e-06
216000,0.11263870655495667,0.006162092989214596,0.0,1.0999980634260784,-2.129191436029437e-06
216060,0.11265629651539082,0.006146784169073799,0.0,1.099998063385408,-2.1313359794737807e-06
216120,0.11267384547064574,0.006131511042306479,0.0,1.0999980633461448,-2.1334755299349266e-06
216180,0.11269135350214593,0.006116273537324897,0.0,1.0999980633084423,-2.1356100973721863e-06
216240,0.1127088206912114,0.006101071582631093,0.0,1.099998063272462,-2.137739691732595e-06
216300,0.11272624711905657,0.006085905106817187,0.0,1.0999980632383715,-2.1398643229508525e-06
216360,0.1127436328667893,0.006070774038565669,0.0,1.099998063206346,-2.1419840009492626e-06
216420,0.11276097801540975,0.006055678306649694,0.0,1.0999980631765676,-2.144098735637675e-06
216480,0.1127782826458093,0.006040617839933377,0.0,1.0999980631492257,-2.146208536913424e-06
216540,0.11279554683876952,0.0060255925673720935,0.0,1.099998063124517,-2.148313414661271e-06
216600,0.1128127706749611,0.006010602418012765,0.0,1.0999980631026463,-2.150413378753342e-06
216660,0.11282995423494271,0.005995647320994161,0.0,1.0999980630838253,-2.1525084390490703e-06
216720,0.11284709759916006,0.005980727205547188,0.0,1.0999980630682737,-2.1545986053951366e-06
216780,0.11286420084794468,0.005965842000995191,0.0,1.0999980630562194,-2.1566838876254086e-06
216840,0.11288126409144214,0.005950991634196585,0.0,1.0999980630364952,-2.158764296560711e-06
216900,0.11289828742701875,0.005936176033184947,0.0,1.0999980630027673,-2.160839842585914e-06
216960,0.11291527089800031,0.005921395130695301,0.0,1.0999980629692527,-2.1629105342715015e-06
217020,0.11293221458497803,0.005906648856361574,0.0,1.099998062935935,-2.1649763814237755e-06
217080,0.11294911856845077,0.005891937139909279,0.0,1.0999980629027952,-2.1670373938368306e-06
217140,0.11296598292882447,0.005877259911155784,0.0,1.0999980628698132,-2.169093581292513e-06
217200,0.11298280774641137,0.005862617100010562,0.0,1.0999980628369663,-2.171144953560372e-06
217260,0.11299959310142953,0.005848008636475452,0.0,1.0999980628042303,-2.1731915203976192e-06
217320,0.11301633907400208,0.0058334344506449165,0.0,1.099998062771578,-2.1752332915490786e-06
217380,0.11303304574415668,0.005818894472706296,0.0,1.0999980627389812,-2.177270276747146e-06
217440,0.11304971319182484,0.005804388632940069,0.0,1.0999980627064085,-2.1793024857117415e-06
217500,0.11306634149684129,0.005789916861720108,0.0,1.0999980626738273,-2.1813299281502652e-06
217560,0.11308293073894338,0.005775479089513937,0.0,1.0999980626412014,-2.1833526137575537e-06
217620,0.1130994809977704,0.005761075246882989,0.0,1.0999980626084933,-2.1853705522158322e-06
217680,0.11311599235286297,0.005746705264482864,0.0,1.099998062575663,-2.187383753194672e-06
217740,0.11313246488366248,0.005732369073063585,0.0,1.099998062542667,-2.1893922263509454e-06
217800,0.1131488986695103,0.005718066603469855,0.0,1.0999980625094612,-2.1913959813287793e-06
217860,0.11316529378964735,0.005703797786641316,0.0,1.0999980624759969,-2.1933950277595106e-06
217920,0.11318165032321326,0.005689562553612807,0.0,1.099998062442224,-2.1953893752616433e-06
217980,0.11319796834924592,0.0056753608355146175,0.0,1.0999980624080898,-2.197379033440801e-06
218040,0.11321424794668071,0.005661192563572747,0.0,1.0999980623735384,-2.1993640118896832e-06
218100,0.11323048919435,0.005647057669109164,0.0,1.099998062338511,-2.20134432018802e-06
218160,0.11324669217098238,0.005632956083542062,0.0,1.0999980623029466,-2.2033199679025274e-06
218220,0.11326285695520212,0.005618887738386115,0.0,1.0999980622667809,-2.2052909645868627e-06
218280,0.11327898362552856,0.005604852565252736,0.0,1.0999980622299466,-2.2072573197815784e-06
218340,0.11329507226037537,0.005590850495850337,0.0,1.0999980621923742,-2.2092190430140782e-06
218400,0.11331112293805004,0.005576881461984582,0.0,1.09999806215399,-2.2111761437985726e-06
218460,0.11332713573675315,0.005562945395558648,0.0,1.099998062114718,-2.2131286316360318e-06
218520,0.11334311073457781,0.005549042228573478,0.0,1.0999980620744794,-2.2150765160141426e-06
218580,0.11335904800950901,0.005535171893128044,0.0,1.099998062033191,-2.217019806407264e-06
218640,0.11337494764596313,0.005521334311184382,0.0,1.0999980619977952,-2.218958513280774e-06
218700,0.11339080971824063,0.005507529420463095,0.0,1.099998061964478,-2.220892645549895e-06
218760,0.11340663430221037,0.005493757156156825,0.0,1.0999980619312262,-2.222822212374154e-06
218820,0.11342242147550632,0.005480017450621856,0.0,1.0999980618980383,-2.2247472231876245e-06
218880,0.11343817131565437,0.0054663102363086994,0.0,1.0999980618649128,-2.2266676874113255e-06
218940,0.11345388390007179,0.005452635445762265,0.0,1.0999980618318488,-2.2285836144531844e-06
219000,0.11346955930606668,0.00543899301162204,0.0,1.0999980617988447,-2.230495013708001e-06
219060,0.11348519761083739,0.005425382866622266,0.0,1.0999980617659,-2.2324018945574102e-06
219120,0.1135007988914719,0.0054118049435921125,0.0,1.099998061733013,-2.2343042663698438e-06
219180,0.11351636322494725,0.005398259175455849,0.0,1.0999980617001832,-2.2362021385004955e-06
219240,0.11353189068812902,0.005384745495233025,0.0,1.0999980616674097,-2.2380955202912837e-06
219300,0.11354738135777068,0.005371263836038646,0.0,1.0999980616346914,-2.2399844210708135e-06
219360,0.11356283531051303,0.005357814131083342,0.0,1.0999980616020277,-2.24186885015434e-06
219420,0.11357825262288365,0.005344396313673553,0.0,1.0999980615694185,-2.2437488168437328e-06
219480,0.1135936333712963,0.005331010317211694,0.0,1.0999980615368627,-2.245624330427437e-06
219540,0.11360897763205034,0.00531765607519634,0.0,1.09999806150436,-2.247495400180439e-06
219600,0.11362428548133015,0.005304333521222395,0.0,1.0999980614719107,-2.2493620353642263e-06
219660,0.11363955699520455,0.005291042588981266,0.0,1.0999980614395142,-2.2512242452267536e-06
219720,0.11365479224962624,0.005277783212261048,0.0,1.0999980614071703,-2.2530820390024037e-06
219780,0.11366999132043122,0.0052645553249466865,0.0,1.0999980613748797,-2.2549354259119515e-06
219840,0.11368515428333817,0.005251358861020164,0.0,1.0999980613426419,-2.2567844151625283e-06
219900,0.11370028121394792,0.00523819375456067,0.0,1.0999980613104579,-2.258629015947582e-06
219960,0.11371537218774286,0.005225059939744775,0.0,1.099998061278328,-2.2604692374468432e-06
220020,0.11373042728008634,0.005211957350846609,0.0,1.0999980612462528,-2.2623050888262867e-06
220080,0.1137454465662221,0.005198885922238037,0.0,1.099998061214233,-2.264136579238094e-06
220140,0.11376043012127372,0.005185845588388833,0.0,1.09999806118227,-2.2659637178206186e-06
220200,0.11377537802024401,0.0051728362838668555,0.0,1.0999980611503644,-2.267786513698347e-06
220260,0.11379029033801444,0.005159857943338222,0.0,1.0999980611185176,-2.269604975981863e-06
220320,0.11380516714934454,0.005146910501567487,0.0,1.0999980610867313,-2.2714191137678097e-06
220380,0.11382000853088854,0.005133993892581331,0.0,1.0999980610550064,-2.2732289363093848e-06
220440,0.11383481457431913,0.005121108044226257,0.0,1.099998061023341,-2.275034454125831e-06
220500,0.11384958533780873,0.005108252898288485,0.0,1.099998060991741,-2.276835674900696e-06
220560,0.11386432089582949,0.0050954283898426165,0.0,1.0999980609602078,-2.278632607691914e-06
220620,0.11387902132273647,0.005082634454059355,0.0,1.0999980609287443,-2.280425261543949e-06
220680,0.11389368669276721,0.005069871026205633,0.0,1.0999980608973527,-2.282213645487769e-06
220740,0.1139083170800413,0.0050571380416447355,0.0,1.099998060866036,-2.283997768540818e-06
220800,0.11392291255855984,0.005044435435836418,0.0,1.099998060834797,-2.28577763970699e-06
220860,0.1139374732022051,0.005031763144337036,0.0,1.0999980608036386,-2.2875532679766056e-06
220920,0.11395199908473995,0.005019121102799664,0.0,1.0999980607725641,-2.2893246623263814e-06
220980,0.11396649027980753,0.005006509246974222,0.0,1.0999980607415774,-2.291091831719407e-06
221040,0.11398094686093069,0.004993927512707593,0.0,1.099998060710682,-2.2928547851051184e-06
221100,0.11399536890151162,0.004981375835943754,0.0,1.099998060679882,-2.2946135314192687e-06
221160,0.11400975647483132,0.0049688541527238925,0.0,1.0999980606491815,-2.296368079583907e-06
221220,0.11402410965404922,0.004956362399186533,0.0,1.099998060618585,-2.2981184385073463e-06
221280,0.11403842851220268,0.00494390051156766,0.0,1.0999980605880975,-2.299864617084143e-06
221340,0.11405271312220655,0.004931468426200839,0.0,1.0999980605577233,-2.301606624195066e-06
221400,0.11406696355685275,0.004919066079517342,0.0,1.099998060527468,-2.303344468707074e-06
221460,0.11408117988880974,0.0049066934080462705,0.0,1.099998060497337,-2.305078159473285e-06
221520,0.11409536219062213,0.004894350348414677,0.0,1.0999980604673358,-2.3068077053329555e-06
221580,0.11410951053471025,0.0048820368373476905,0.0,1.0999980604374706,-2.3085331151114496e-06
221640,0.1141236249933696,0.004869752811668637,0.0,1.0999980604077473,-2.3102543976202147e-06
221700,0.11413770563877049,0.004857498208299164,0.0,1.099998060378173,-2.311971561656755e-06
221760,0.11415175254295755,0.004845272964259366,0.0,1.0999980603487536,-2.3136846160046067e-06
221820,0.11416576577784927,0.004833077016667904,0.0,1.099998060319497,-2.3153935694333083e-06
221880,0.11417974541523758,0.0048209103027421285,0.0,1.0999980602904098,-2.3170984306983776e-06
221940,0.11419369152678735,0.004808772759798207,0.0,1.0999980602615,-2.318799208541284e-06
222000,0.11420760418403599,0.004796664325251242,0.0,1.0999980602327757,-2.320495911689422e-06
222060,0.11422148345839293,0.004784584936615399,0.0,1.0999980602042447,-2.322188548856086e-06
222120,0.11423532942113926,0.004772534531504023,0.0,1.0999980601759156,-2.3238771287404435e-06
222180,0.11424914218097508,0.004760513044145212,0.0,1.0999980601470118,-2.3255616615007726e-06
222240,0.11426292182489328,0.00474852041086898,0.0,1.0999980601172081,-2.3272421564345207e-06
222300,0.11427666837861701,0.004736556573778889,0.0,1.099998060087459,-2.328918620425983e-06
222360,0.11429038191329549,0.004724621470850409,0.0,1.0999980600577663,-2.330591062132712e-06
222420,0.11430406249995693,0.004712715040157911,0.0,1.0999980600281318,-2.3322594901983814e-06
222480,0.11431771020950827,0.004700837219874779,0.0,1.0999980599985575,-2.3339239132527636e-06
222540,0.11433132511273478,0.004688987948273527,0.0,1.0999980599690455,-2.3355843399117104e-06
222600,0.11434490728029967,0.004677167163725907,0.0,1.0999980599395978,-2.337240778777128e-06
222660,0.11435845678274383,0.004665374804703028,0.0,1.0999980599102166,-2.338893238436955e-06
222720,0.11437197369048543,0.004653610809775465,0.0,1.0999980598809047,-2.340541727465143e-06
222780,0.11438545807381963,0.004641875117613376,0.0,1.0999980598516648,-2.3421862544216324e-06
222840,0.11439891000291812,0.004630167666986609,0.0,1.0999980598224992,-2.3438268278523294e-06
222900,0.11441232954782889,0.0046184883967648254,0.0,1.099998059793411,-2.345463456289086e-06
222960,0.11442571677847581,0.004606837245917603,0.0,1.099998059764403,-2.347096148249677e-06
223020,0.11443907176465833,0.004595214153514557,0.0,1.0999980597354788,-2.3487249122377768e-06
223080,0.1144523945760511,0.0045836190587254496,0.0,1.0999980597066414,-2.35034975674294e-06
223140,0.11446568528220362,0.004572051900820303,0.0,1.0999980596778944,-2.351970690240577e-06
223200,0.11447894395253996,0.0045605126191695135,0.0,1.0999980596492411,-2.3535877211919326e-06
223260,0.11449217065635832,0.004549001153243969,0.0,1.099998059620686,-2.355200858044063e-06
223320,0.1145053654628307,0.004537517442615156,0.0,1.099998059592232,-2.3568101092298155e-06
223380,0.11451852844100266,0.004526061426955274,0.0,1.0999980595638843,-2.358415483167805e-06
223440,0.1145316596597928,0.004514633046037353,0.0,1.0999980595356462,-2.3600169882623927e-06
223500,0.11454475918799253,0.004503232239735365,0.0,1.0999980595075227,-2.3616146329036636e-06
223560,0.11455782709426576,0.004491858948024332,0.0,1.0999980594795182,-2.3632084254674034e-06
223620,0.1145708634471484,0.00448051311098045,0.0,1.0999980594516374,-2.3647983743150793e-06
223680,0.11458386831504816,0.004469194668781193,0.0,1.0999980594238854,-2.366384487793814e-06
223740,0.1145968417662441,0.004457903561705429,0.0,1.0999980593962673,-2.3679667742363667e-06
223800,0.11460978386888637,0.004446639730133537,0.0,1.0999980593687881,-2.3695452419611093e-06
223860,0.11462269469099581,0.004435403114547515,0.0,1.0999980593414533,-2.3711198992720055e-06
223920,0.11463557430046362,0.004424193655531096,0.0,1.099998059314269,-2.3726907544585877e-06
223980,0.11464842276505098,0.004413011293769864,0.0,1.0999980592872405,-2.3742578157959355e-06
224040,0.11466124015238875,0.00440185597005136,0.0,1.0999980592603742,-2.3758210915446525e-06
224100,0.1146740265299771,0.004390727625265204,0.0,1.0999980592336758,-2.377380589950846e-06
224160,0.11468678196518518,0.004379626200403201,0.0,1.099998059207152,-2.3789363192461032e-06
224220,0.11469950652525077,0.00436855163655946,0.0,1.0999980591808096,-2.380488287647471e-06
224280,0.11471220027727985,0.0043575038749305035,0.0,1.0999980591546552,-2.3820365033574307e-06
224340,0.11472486328824642,0.004346482856815384,0.0,1.0999980591286955,-2.38358097456388e-06
224400,0.114737495624992,0.004335488523615793,0.0,1.099998059102938,-2.3851217094401074e-06
224460,0.11475009735422537,0.0043245208168361795,0.0,1.09999805907739,-2.386658716144772e-06
224520,0.11476266854252216,0.0043135796780838604,0.0,1.0999980590520588,-2.388192002821881e-06
224580,0.1147752092563246,0.004302665049069132,0.0,1.0999980590269527,-2.389721577600767e-06
224640,0.11478771956194105,0.00429177687160539,0.0,1.0999980590020793,-2.3912474485960666e-06
224700,0.11480019952554572,0.004280915087609235,0.0,1.099998058977447,-2.392769623907698e-06
224760,0.11481264921317838,0.004270079639100591,0.0,1.099998058953064,-2.3942881116208394e-06
224820,0.11482506869074388,0.004259270468202815,0.0,1.0999980589289393,-2.3958029198059054e-06
224880,0.11483745816431223,0.004248487493092152,0.0,1.0999980589031717,-2.3973140627271954e-06
224940,0.11484981759728267,0.004237730673624552,0.0,1.099998058877162,-2.398821543901363e-06
225000,0.11486214703314765,0.004226999956006659,0.0,1.099998058851219,-2.4003253703805868e-06
225060,0.11487444653800588,0.004216295282650411,0.0,1.0999980588253424,-2.4018255502086125e-06
225120,0.11488671617783788,0.004205616596068606,0.0,1.0999980587995313,-2.4033220914151255e-06
225180,0.1148989560185058,0.00419496383887497,0.0,1.0999980587737854,-2.4048150020157385e-06
225240,0.11491116612575329,0.004184336953784244,0.0,1.0999980587481042,-2.406304290011976e-06
225300,0.11492334656520531,0.004173735883612259,0.0,1.099998058722487,-2.4077899633912625e-06
225360,0.114935497402368,0.004163160571276019,0.0,1.099998058696933,-2.4092720301269096e-06
225420,0.1149476187026286,0.004152610959793772,0.0,1.0999980586714417,-2.410750498178102e-06
225480,0.11495971053125519,0.0041420869922851,0.0,1.0999980586460127,-2.4122253754898834e-06
225540,0.11497177295339663,0.004131588611970991,0.0,1.099998058620645,-2.4136966699931452e-06
225600,0.11498380603408236,0.004121115762173918,0.0,1.099998058595338,-2.4151643896046118e-06
225660,0.11499580983822232,0.004110668386317922,0.0,1.099998058570091,-2.4166285422268272e-06
225720,0.11500778443060669,0.004100246427928689,0.0,1.099998058544903,-2.418089135748144e-06
225780,0.11501972987590585,0.00408984983063363,0.0,1.0999980585197735,-2.419546178042706e-06
225840,0.11503164623867021,0.004079478538161959,0.0,1.0999980584947016,-2.420999676970439e-06
225900,0.11504353358333,0.004069132494344772,0.0,1.0999980584696862,-2.422449640377035e-06
225960,0.11505539197419518,0.004058811643115127,0.0,1.0999980584447269,-2.42389607609394e-06
226020,0.11506722147545531,0.0040485159285081245,0.0,1.0999980584198226,-2.4253389919383405e-06
226080,0.11507902215117932,0.004038245294660983,0.0,1.0999980583949722,-2.4267783957131495e-06
226140,0.11509079406531549,0.0040279996858131216,0.0,1.0999980583701747,-2.428214295206995e-06
226200,0.11510253728169113,0.0040177790463062375,0.0,1.0999980583454296,-2.4296466981942054e-06
226260,0.11511425186401261,0.004007583320584385,0.0,1.0999980583207354,-2.431075612434795e-06
226320,0.11512593787586511,0.003997412453194057,0.0,1.0999980582960913,-2.432501045674454e-06
226380,0.11513759538071248,0.003987266388784258,0.0,1.099998058271496,-2.4339230056445324e-06
226440,0.11514922444189712,0.003977145072106594,0.0,1.0999980582469489,-2.435341500062028e-06
226500,0.11516082512263984,0.003967048448015338,0.0,1.0999980582224482,-2.4367565366295733e-06
226560,0.11517239748603965,0.003956976461467521,0.0,1.0999980581979931,-2.4381681230354207e-06
226620,0.11518394159507367,0.003946929057523007,0.0,1.0999980581735824,-2.4395762669534313e-06
226680,0.11519545751259701,0.003936906181344568,0.0,1.099998058149215,-2.4409809760430594e-06
226740,0.11520694530134253,0.003926907778197969,0.0,1.0999980581248894,-2.4423822579493414e-06
226800,0.11521840502392076,0.0039169337934520446,0.0,1.0999980581006041,-2.443780120302882e-06
226860,0.11522983674281975,0.003906984172578779,0.0,1.0999980580763584,-2.4451745707198393e-06
226920,0.11524124052040488,0.0038970588611533822,0.0,1.0999980580521505,-2.446565616801913e-06
226980,0.11525261641891879,0.003887157804854375,0.0,1.099998058027979,-2.447953266136331e-06
227040,0.11526396450048113,0.003877280949463662,0.0,1.0999980580038426,-2.4493375262958364e-06
227100,0.11527528482708849,0.0038674282408666153,0.0,1.09999805797974,-2.450718404838673e-06
227160,0.11528657746061424,0.00385759962505215,0.0,1.0999980579556692,-2.4520959093085733e-06
227220,0.11529784246280836,0.003847795048112807,0.0,1.099998057931629,-2.453470047234744e-06
227280,0.1153090798952973,0.003838014456244828,0.0,1.099998057907618,-2.4548408261318545e-06
227340,0.11532028981958387,0.0038282577957482397,0.0,1.0999980578836346,-2.4562082535000222e-06
227400,0.11533147229704699,0.0038185250130269278,0.0,1.0999980578596766,-2.4575723368247988e-06
227460,0.11534262738894169,0.0038088160545887203,0.0,1.099998057835743,-2.4589330835771582e-06
227520,0.11535375518727412,0.0037991308544902164,0.0,1.0999980578119355,-2.460290503398176e-06
227580,0.11536485581271155,0.0037894693351867292,0.0,1.0999980577884532,-2.4616446079511324e-06
227640,0.11537592924681402,0.0037798314757542537,0.0,1.0999980577650275,-2.4629953990504627e-06
227700,0.11538697555085987,0.003770217222905434,0.0,1.0999980577416582,-2.464342884145539e-06
227760,0.11539799478601584,0.00376062652345193,0.0,1.0999980577183455,-2.465687070672014e-06
227820,0.11540898701333703,0.0037510593243044363,0.0,1.099998057695089,-2.4670279660518205e-06
227880,0.11541995229376692,0.0037415155724727046,0.0,1.0999980576718889,-2.468365577693164e-06
227940,0.11543089068813735,0.0037319952150655636,0.0,1.0999980576487451,-2.4696999129905237e-06
228000,0.11544180225716853,0.003722498199290941,0.0,1.0999980576256574,-2.4710309793246474e-06
228060,0.11545268706146904,0.0037130244724558835,0.0,1.099998057602626,-2.472358784062548e-06
228120,0.1154635451615358,0.003703573981966579,0.0,1.0999980575796506,-2.4736833345575014e-06
228180,0.11547437661775412,0.0036941466753283754,0.0,1.0999980575567312,-2.4750046381490428e-06
228240,0.11548518149039759,0.0036847425001458036,0.0,1.0999980575338681,-2.476322702162963e-06
228300,0.1154959598396282,0.003675361404122598,0.0,1.099998057511061,-2.4776375339113065e-06
228360,0.11550671172549627,0.003666003335061717,0.0,1.09999805748831,-2.4789491406923678e-06
228420,0.11551743720794044,0.003656668240865363,0.0,1.0999980574656147,-2.4802575297906877e-06
228480,0.1155281363467877,0.0036473560695350063,0.0,1.0999980574429757,-2.481562708477051e-06
228540,0.11553880920175333,0.0036380667691714033,0.0,1.099998057420393,-2.482864684008483e-06
228600,0.11554945583244099,0.0036288002879746183,0.0,1.099998057397866,-2.484163463628245e-06
228660,0.1155600762983426,0.0036195565742440446,0.0,1.0999980573753951,-2.485459054565835e-06
228720,0.11557067065883843,0.0036103355763784256,0.0,1.0999980573529806,-2.4867514640369795e-06
228780,0.11558123897319705,0.0036011372428758747,0.0,1.099998057330622,-2.4880406992436347e-06
228840,0.11559178130057533,0.0035919615223338986,0.0,1.0999980573083197,-2.4893267673739805e-06
228900,0.11560229770001845,0.003582808363449416,0.0,1.0999980572860737,-2.4906096756024183e-06
228960,0.11561278823045988,0.0035736777150187776,0.0,1.0999980572638839,-2.4918894310895688e-06
229020,0.11562325295072137,0.003564569525937792,0.0,1.0999980572417507,-2.493166040982267e-06
229080,0.115633691919513,0.0035554837452017405,0.0,1.0999980572196737,-2.4944395124135604e-06
229140,0.1156441051954331,0.0035464203219054027,0.0,1.0999980571976533,-2.4957098525027054e-06
229200,0.11565449283696826,0.003537379205243075,0.0,1.0999980571756898,-2.4969770683551645e-06
229260,0.1156648549024934,0.0035283603445085917,0.0,1.0999980571537828,-2.498241167062603e-06
229320,0.11567519145027166,0.0035193636890953474,0.0,1.0999980571319325,-2.4995021557028843e-06
229380,0.11568550253845448,0.0035103891884963163,0.0,1.0999980571101393,-2.5007600413400702e-06
229440,0.11569578822508156,0.003501436792304075,0.0,1.0999980570884034,-2.502014831024414e-06
229500,0.11570604856808082,0.0034925064502108207,0.0,1.0999980570667245,-2.5032665317923604e-06
229560,0.1157162836252685,0.0034835981120083957,0.0,1.099998057045103,-2.50451515066654e-06
229620,0.11572649345434904,0.003474711727588304,0.0,1.0999980570235388,-2.5057606946557675e-06
229680,0.11573667811291513,0.0034658472469417372,0.0,1.0999980570020322,-2.507003170755038e-06
229740,0.11574683765844772,0.0034570046201595913,0.0,1.0999980569805836,-2.5082425859455257e-06
229800,0.11575697214831598,0.00344818379743249,0.0,1.0999980569591932,-2.509478947194576e-06
229860,0.11576708163977732,0.0034393847290508043,0.0,1.0999980569378607,-2.5107122614557082e-06
229920,0.11577716618997737,0.003430607365404675,0.0,1.0999980569165866,-2.5119425356686083e-06
229980,0.11578722585595001,0.0034218516569840315,0.0,1.0999980568953711,-2.513169776759128e-06
230040,0.11579726069461731,0.0034131175543786157,0.0,1.0999980568742143,-2.514393991639279e-06
230100,0.11580727076278956,0.003404405008277999,0.0,1.0999980568531165,-2.5156151872072336e-06
230160,0.11581725611716527,0.003395713969471608,0.0,1.099998056832078,-2.516833370347319e-06
230220,0.11582721683588951,0.0033870443586994773,0.0,1.0999980568110426,-2.518048551939372e-06
230280,0.11583715296632226,0.003378396139697963,0.0,1.0999980567900345,-2.5192607371448574e-06
230340,0.11584706455546719,0.0033697692766453567,0.0,1.0999980567690781,-2.520469931065902e-06
230400,0.11585695165971757,0.003361163720532156,0.0,1.0999980567481737,-2.5216761405578265e-06
230460,0.11586681433535843,0.0033525794224438534,0.0,1.099998056727321,-2.522879372462751e-06
230520,0.11587665263856659,0.003344016333560906,0.0,1.09999805670652,-2.5240796336095997e-06
230580,0.11588646662541059,0.0033354744051586993,0.0,1.0999980566857706,-2.525276930814103e-06
230640,0.11589625635185093,0.003326953588607517,0.0,1.0999980566650724,-2.526471270878804e-06
230700,0.11590602187373987,0.0033184538353725067,0.0,1.0999980566444256,-2.5276626605930603e-06
230760,0.11591576324682165,0.0033099750970136464,0.0,1.0999980566238299,-2.5288511067330498e-06
230820,0.11592548052673245,0.003301517325185712,0.0,1.0999980566032854,-2.530036616061774e-06
230880,0.11593517376900041,0.0032930804716382444,0.0,1.099998056582792,-2.531219195329062e-06
230940,0.11594484302904566,0.003284664488215516,0.0,1.0999980565623495,-2.532398851271574e-06
231000,0.11595448836218043,0.0032762693268564977,0.0,1.099998056541958,-2.533575590612807e-06
231060,0.115964109823609,0.0032678949395948268,0.0,1.099998056521617,-2.534749420063097e-06
231120,0.11597370746842775,0.0032595412785587714,0.0,1.0999980565013268,-2.5359203463196237e-06
231180,0.11598328135162525,0.0032512082959712013,0.0,1.0999980564810872,-2.537088376066415e-06
231240,0.11599283152808222,0.003242895944149551,0.0,1.099998056460898,-2.5382535159743504e-06
231300,0.11600235805257161,0.003234604175505789,0.0,1.0999980564407592,-2.5394157727011656e-06
231360,0.11601186097975862,0.0032263329425463835,0.0,1.0999980564206706,-2.5405751528914564e-06
231420,0.11602134036420074,0.003218082197872271,0.0,1.0999980564006322,-2.5417316631766813e-06
231480,0.11603079626034779,0.0032098518941788205,0.0,1.099998056380644,-2.5428853101751682e-06
231540,0.11604022872254192,0.0032016419842558043,0.0,1.099998056360706,-2.544036100492116e-06
231600,0.11604963780501772,0.0031934524209873603,0.0,1.0999980563408176,-2.5451840407196006e-06
231660,0.11605902356190212,0.003185283157351963,0.0,1.0999980563209792,-2.546329137436577e-06
231720,0.1160683860472146,0.003177134146422389,0.0,1.0999980563011906,-2.5474713972088856e-06
231780,0.11607772531486707,0.003169005341365682,0.0,1.0999980562814518,-2.548610826589253e-06
231840,0.11608704141866401,0.003160896695443123,0.0,1.0999980562617624,-2.5497474321173e-06
231900,0.11609633441230242,0.003152808162010195,0.0,1.0999980562421225,-2.550881220319542e-06
231960,0.11610560434937194,0.003144739694516552,0.0,1.0999980562225322,-2.552012197709396e-06
232020,0.11611485128335479,0.003136691246505982,0.0,1.0999980562029914,-2.5531403707871823e-06
232080,0.1161240752676259,0.003128662771616379,0.0,1.0999980561834997,-2.5542657460401298e-06
232140,0.11613327635545288,0.003120654223579706,0.0,1.0999980561640572,-2.5553883299423797e-06
232200,0.11614245459999607,0.0031126655562219645,0.0,1.0999980561446638,-2.5565081289549897e-06
232260,0.1161516100543086,0.003104696723463159,0.0,1.0999980561253193,-2.5576251495259375e-06
232320,0.11616074277133637,0.0030967476793172665,0.0,1.099998056106024,-2.5587393980901266e-06
232380,0.11616985280391812,0.003088818377892202,0.0,1.0999980560867775,-2.5598508810693867e-06
232440,0.1161789402047855,0.0030809087733897848,0.0,1.09999805606758,-2.560959604872482e-06
232500,0.11618800502656303,0.0030730188201057076,0.0,1.099998056048431,-2.5620655758951124e-06
232560,0.11619704732176815,0.003065148472429501,0.0,1.0999980560293308,-2.5631688005199183e-06
232620,0.11620606714281134,0.0030572976848445023,0.0,1.0999980560102791,-2.564269285116485e-06
232680,0.11621506454199604,0.003049466411927821,0.0,1.099998055991276,-2.5653670360413457e-06
232740,0.11622403957151872,0.003041654608350308,0.0,1.0999980559723213,-2.5664620596379878e-06
232800,0.11623299228346898,0.003033862228876519,0.0,1.099998055953415,-2.5675543622368533e-06
232860,0.11624192273097825,0.003026089225578527,0.0,1.0999980559345561,-2.5686439504907292e-06
232920,0.11625083097585605,0.0030183355293164622,0.0,1.0999980559157336,-2.5697308336040112e-06
232980,0.11625971705992727,0.003010601119252903,0.0,1.099998055896958,-2.5708150149649574e-06
233040,0.11626858103490717,0.0030028859503982504,0.0,1.0999980558782294,-2.571896500867363e-06
233100,0.11627742295240562,0.002995189977853207,0.0,1.0999980558595475,-2.5729752975923922e-06
233160,0.11628624286392708,0.0029875131568087056,0.0,1.0999980558409121,-2.5740514114085842e-06
233220,0.11629504082087075,0.002979855442545844,0.0,1.0999980558223232,-2.5751248485718612e-06
233280,0.11630381687453051,0.0029722167904358133,0.0,1.0999980558037807,-2.5761956153255375e-06
233340,0.11631257107609504,0.0029645971559398307,0.0,1.0999980557852844,-2.577263717900328e-06
233400,0.11632130347664786,0.0029569964946090715,0.0,1.0999980557668345,-2.5783291625143566e-06
233460,0.11633001412716736,0.0029494147620845994,0.0,1.0999980557484303,-2.579391955373163e-06
233520,0.11633870307852685,0.0029418519140972975,0.0,1.0999980557300721,-2.580452102669712e-06
233580,0.11634737038149465,0.0029343079064678024,0.0,1.0999980557117595,-2.5815096105844033e-06
233640,0.11635601608673406,0.0029267826951064327,0.0,1.0999980556934925,-2.582564485285077e-06
233700,0.11636464024480347,0.0029192762360131215,0.0,1.099998055675271,-2.5836167329270236e-06
233760,0.11637324290615643,0.002911788485277348,0.0,1.0999980556570952,-2.584666359652993e-06
233820,0.1163818241211416,0.0029043193990780695,0.0,1.0999980556389641,-2.5857133715932e-06
233880,0.11639038394000294,0.0028968689336836507,0.0,1.0999980556208784,-2.586757774865336e-06
233940,0.11639892241287958,0.002889437045451798,0.0,1.0999980556028377,-2.587799575574575e-06
234000,0.11640743958980607,0.0028820236908294887,0.0,1.0999980555848416,-2.588838779813583e-06
234060,0.11641593552071226,0.0028746288263529034,0.0,1.0999980555668902,-2.589875393662525e-06
234120,0.11642441025542347,0.002867252408647357,0.0,1.0999980555489834,-2.5909094231890756e-06
234180,0.11643286384366044,0.002859894394427231,0.0,1.099998055531121,-2.591940874448425e-06
234240,0.11644129633503945,0.002852554740495903,0.0,1.099998055513303,-2.5929697534832885e-06
234300,0.11644970777907235,0.0028452334037456814,0.0,1.099998055495529,-2.593996066323915e-06
234360,0.11645809822516659,0.0028379303411577325,0.0,1.0999980554777993,-2.5950198189880942e-06
234420,0.11646646772262527,0.0028306455098020163,0.0,1.0999980554601132,-2.5960410174811654e-06
234480,0.11647481632064725,0.002823378866837215,0.0,1.0999980554424709,-2.597059667796027e-06
234540,0.1164831440683271,0.0028161303695106647,0.0,1.099998055424872,-2.5980757759131435e-06
234600,0.11649145101465525,0.002808899975158289,0.0,1.0999980554073168,-2.5990893478005535e-06
234660,0.1164997372085179,0.002801687641204527,0.0,1.0999980553898048,-2.6001003894138784e-06
234720,0.11650800269869728,0.0027944933251622685,0.0,1.099998055372336,-2.6011089066963325e-06
234780,0.11651624753387149,0.0027873169846327817,0.0,1.0999980553549102,-2.6021149055787283e-06
234840,0.11652447176261464,0.002780158577305648,0.0,1.0999980553375273,-2.6031183919794865e-06
234900,0.11653267543339696,0.002773018060958691,0.0,1.0999980553201871,-2.604119371804644e-06
234960,0.11654085859458468,0.002765895393457909,0.0,1.0999980553028894,-2.6051178509478625e-06
235020,0.11654902129444031,0.0027587905327574064,0.0,1.0999980552856343,-2.606113835290437e-06
235080,0.11655716358112243,0.0027517034368993243,0.0,1.0999980552684212,-2.6071073307013023e-06
235140,0.11656528550268597,0.0027446340640137736,0.0,1.0999980552512505,-2.6080983430370447e-06
235200,0.11657338710708211,0.0027375823723187645,0.0,1.0999980552341218,-2.6090868781419057e-06
235260,0.11658146844215839,0.002730548320120139,0.0,1.0999980552170348,-2.610072941847795e-06
235320,0.11658952955565877,0.0027235318658115027,0.0,1.0999980551999895,-2.611056539974296e-06
235380,0.11659757049522361,0.0027165329678741556,0.0,1.0999980551829858,-2.6120376783286744e-06
235440,0.11660559130838981,0.002709551584877023,0.0,1.0999980551660233,-2.6130163627058877e-06
235500,0.11661359204259078,0.0027025876754765876,0.0,1.0999980551491022,-2.613992598888592e-06
235560,0.11662157276141967,0.0026956411907471584,0.0,1.0999980551322295,-2.6149663939658165e-06
235620,0.1166295335135091,0.0026887120888570626,0.0,1.0999980551154054,-2.6159377538096435e-06
235680,0.11663747433141393,0.002681800335595549,0.0,1.0999980550986235,-2.6169066829846133e-06
235740,0.11664539526229747,0.002674905889901091,0.0,1.0999980550818838,-2.6178731872358773e-06
235800,0.11665329635322344,0.0026680287107976857,0.0,1.0999980550651858,-2.618837272296618e-06
235860,0.11666117765115604,0.002661168757394765,0.0,1.0999980550485295,-2.6197989438880623e-06
235920,0.11666903920295998,0.0026543259888871097,0.0,1.0999980550319153,-2.6207582077194906e-06
235980,0.11667688105540065,0.0026475003645547606,0.0,1.0999980550153425,-2.62171506948825e-06
236040,0.11668470325514416,0.0026406918437629347,0.0,1.0999980549988113,-2.6226695348797654e-06
236100,0.11669250584875741,0.002633900385961935,0.0,1.0999980549823216,-2.6236216095675507e-06
236160,0.11670028888270825,0.0026271259506870648,0.0,1.0999980549658734,-2.6245712992132206e-06
236220,0.1167080524033655,0.0026203684975585418,0.0,1.0999980549494663,-2.625518609466502e-06
236280,0.11671579645699906,0.002613627986281409,0.0,1.0999980549331005,-2.6264635459652444e-06
236340,0.11672352108978003,0.0026069043766454485,0.0,1.0999980549167756,-2.6274061143354343e-06
236400,0.11673122634778071,0.002600197628525095,0.0,1.099998054900492,-2.628346320191203e-06
236460,0.1167389122769748,0.0025935077018793486,0.0,1.099998054884249,-2.629284169134841e-06
236520,0.11674657892323743,0.0025868345567516865,0.0,1.099998054868047,-2.6302196667568072e-06
236580,0.11675422633234524,0.002580178153269978,0.0,1.0999980548518857,-2.6311528186357428e-06
236640,0.11676185454997647,0.0025735384516463963,0.0,1.099998054835765,-2.6320836303384806e-06
236700,0.11676946362171106,0.002566915412177331,0.0,1.0999980548196848,-2.6330121074200576e-06
236760,0.11677705359303077,0.0025603089952433017,0.0,1.0999980548036452,-2.6339382554237264e-06
236820,0.1167846245093192,0.002553719161308872,0.0,1.099998054787646,-2.634862079880966e-06
236880,0.11679217641586193,0.002547145870922561,0.0,1.099998054771687,-2.6357835863114945e-06
236940,0.1167997093578466,0.002540589084716756,0.0,1.0999980547557682,-2.6367027802232796e-06
237000,0.11680722338036298,0.0025340487634076267,0.0,1.0999980547398893,-2.63761966711255e-06
237060,0.11681471852840304,0.0025275248677950387,0.0,1.0999980547240507,-2.6385342524638085e-06
237120,0.11682219484686113,0.002521017358762463,0.0,1.099998054708252,-2.6394465417498404e-06
237180,0.11682965238053394,0.002514526197276894,0.0,1.0999980546924932,-2.6403565404317285e-06
237240,0.11683709117412071,0.002508051344388758,0.0,1.099998054676774,-2.6412642539588615e-06
237300,0.1168445112722232,0.0025015927612318284,0.0,1.0999980546610946,-2.6421696877689477e-06
237360,0.11685191271934589,0.00249515040902314,0.0,1.0999980546454549,-2.6430728472880255e-06
237420,0.11685929555989598,0.002488724249062898,0.0,1.0999980546298547,-2.6439737379304754e-06
237480,0.11686665983818355,0.002482314242734394,0.0,1.0999980546142938,-2.64487236509903e-06
237540,0.11687400559842157,0.002475920351503919,0.0,1.0999980545987724,-2.6457687341847875e-06
237600,0.11688133288472607,0.0024695425369206745,0.0,1.0999980545832901,-2.6466628505672225e-06
237660,0.11688864174111618,0.002463180760616688,0.0,1.0999980545678472,-2.6475547196141963e-06
237720,0.11689593221151422,0.0024568349843067223,0.0,1.0999980545524435,-2.6484443466819704e-06
237780,0.1169032043397458,0.0024505051697881934,0.0,1.0999980545370787,-2.649331737115216e-06
237840,0.11691045816953988,0.002444191278941079,0.0,1.0999980545217527,-2.650216896247027e-06
237900,0.11691769374452891,0.0024378932737278334,0.0,1.0999980545064658,-2.65109982939893e-06
237960,0.1169249111082489,0.0024316111161933013,0.0,1.0999980544912178,-2.6519805418808984e-06
238020,0.11693211030413947,0.0024253447684646286,0.0,1.0999980544760084,-2.65285903899136e-06
238080,0.11693929137554397,0.002419094192751177,0.0,1.0999980544608376,-2.6537353260172123e-06
238140,0.11694645436570958,0.0024128593513444378,0.0,1.0999980544457055,-2.6546094082338313e-06
238200,0.11695359931778737,0.002406640206617941,0.0,1.0999980544306118,-2.6554812909050847e-06
238260,0.116960726323186,0.002400436704530436,0.0,1.099998054415551,-2.6563509824935017e-06
238320,0.1169678353838708,0.0023942488216050863,0.0,1.0999980544005277,-2.657218485518416e-06
238380,0.11697492653922356,0.002388076521648813,0.0,1.0999980543855423,-2.6580838049781017e-06
238440,0.11698199983214923,0.0023819197673155615,0.0,1.0999980543705945,-2.6589469460996275e-06
238500,0.11698905530545979,0.0023757785213399814,0.0,1.0999980543556844,-2.6598079140987857e-06
238560,0.11699609300187432,0.002369652746537329,0.0,1.099998054340812,-2.660666714180107e-06
238620,0.11700311296401908,0.002363542405803375,0.0,1.099998054325977,-2.661523351536871e-06
238680,0.11701011523442768,0.00235744746211431,0.0,1.0999980543111796,-2.6623778313511204e-06
238740,0.11701709985554115,0.0023513678785266473,0.0,1.0999980542964194,-2.663230158793675e-06
238800,0.11702406686970807,0.002345303618177131,0.0,1.0999980542816965,-2.6640803390241425e-06
238860,0.11703101631918465,0.0023392546442826405,0.0,1.0999980542670107,-2.6649283771909327e-06
238920,0.11703794824613489,0.0023332209201400948,0.0,1.0999980542523617,-2.6657742784312702e-06
238980,0.11704486269263066,0.00232720240912636,0.0,1.09999805423775,-2.666618047871208e-06
239040,0.11705175970065182,0.0023211990746981525,0.0,1.099998054223175,-2.6674596906256393e-06
239100,0.1170586393120863,0.002315210880391946,0.0,1.099998054208637,-2.6682992117983105e-06
239160,0.11706550156873022,0.002309237789823875,0.0,1.0999980541941357,-2.6691366164818362e-06
239220,0.1170723465122881,0.002303279766689644,0.0,1.099998054179671,-2.66997190975771e-06
239280,0.11707917418437278,0.0022973367747644276,0.0,1.0999980541652428,-2.670805096696317e-06
239340,0.1170859846265057,0.00229140877790278,0.0,1.0999980541508512,-2.6716361823569496e-06
239400,0.11709277788011695,0.002285495740038538,0.0,1.0999980541364958,-2.6724651717878175e-06
239460,0.11709955398654533,0.0022795976251847286,0.0,1.0999980541221768,-2.673292070026062e-06
239520,0.11710631298703855,0.0022737143974334724,0.0,1.0999980541078942,-2.6741168820977705e-06
239580,0.11711305492275327,0.002267846020955889,0.0,1.0999980540936476,-2.6749396130179846e-06
239640,0.11711977983475527,0.0022619924600020044,0.0,1.099998054079437,-2.6757602677907195e-06
239700,0.11712648776401949,0.002256153678900654,0.0,1.0999980540652625,-2.676578851408972e-06
239760,0.11713317875143021,0.0022503296420593893,0.0,1.0999980540511238,-2.677395368854735e-06
239820,0.1171398528377811,0.0022445203139643834,0.0,1.0999980540370211,-2.6782098250990122e-06
239880,0.1171465100637754,0.0022387256591803353,0.0,1.099998054022954,-2.679022225101827e-06
239940,0.11715315047002593,0.0022329456423503765,0.0,1.0999980540089225,-2.6798325738122407e-06
240000,0.11715977409705532,0.0022271802281959756,0.0,1.0999980539949268,-2.6806408761683603e-06
240060,0.11716638098529604,0.0022214293815168433,0.0,1.0999980539809664,-2.681447137097356e-06
240120,0.1171729711750905,0.0022156930671908396,0.0,1.0999980539670418,-2.6822513615154697e-06
240180,0.11717954470669124,0.002209971250173877,0.0,1.0999980539531522,-2.6830535543280326e-06
240240,0.11718610162026097,0.0022042638954998268,0.0,1.099998053939298,-2.6838537204294746e-06
240300,0.1171926419558727,0.002198570968280425,0.0,1.099998053925479,-2.6846518647033387e-06
240360,0.11719916575350983,0.0021928924337051773,0.0,1.0999980539116951,-2.6854479920222932e-06
240420,0.11720567305306634,0.0021872282570412635,0.0,1.0999980538979461,-2.6862421072481465e-06
240480,0.1172121638943468,0.002181578403633445,0.0,1.0999980538842324,-2.687034215231858e-06
240540,0.11721863831706653,0.002175942838903967,0.0,1.0999980538705534,-2.687824320813551e-06
240600,0.1172250963608517,0.0021703215283524675,0.0,1.0999980538569094,-2.6886124288225284e-06
240660,0.11723153806523946,0.0021647144375558807,0.0,1.0999980538432999,-2.689398544077282e-06
240720,0.11723796346967803,0.0021591215321683423,0.0,1.0999980538297252,-2.6901826713855084e-06
240780,0.1172443726135268,0.002153542777921095,0.0,1.099998053816185,-2.69096481554412e-06
240840,0.11725076553605648,0.0021479781406223944,0.0,1.0999980538026797,-2.691744981339259e-06
240900,0.11725714227644918,0.002142427586157414,0.0,1.0999980537892085,-2.6925231735463106e-06
240960,0.1172635028737985,0.002136891080488151,0.0,1.0999980537757716,-2.693299396929914e-06
241020,0.11726984736710969,0.0021313685896533303,0.0,1.0999980537623693,-2.6940736562439784e-06
241080,0.11727617579529974,0.0021258600797683124,0.0,1.0999980537490013,-2.6948459562316934e-06
241140,0.11728248819719748,0.002120365517024996,0.0,1.0999980537356673,-2.6956163016255434e-06
241200,0.1172887846115437,0.002114884867691725,0.0,1.0999980537223673,-2.6963846971473198e-06
241260,0.11729506507699125,0.0021094180981131943,0.0,1.0999980537091014,-2.697151147508134e-06
241320,0.11730132963210516,0.002103965174710353,0.0,1.0999980536958696,-2.6979156574084312e-06
241380,0.11730757831536277,0.0020985260639803127,0.0,1.0999980536826715,-2.6986782315380027e-06
241440,0.1173138111651538,0.00209310073249625,0.0,1.0999980536695073,-2.6994388745759978e-06
241500,0.11732002821978046,0.0020876891469073138,0.0,1.099998053656377,-2.7001975911909393e-06
241560,0.11732622951745765,0.002082291273938531,0.0,1.09999805364328,-2.7009543860407346e-06
241620,0.11733241509631291,0.0020769070803907095,0.0,1.099998053630217,-2.701709263772688e-06
241680,0.11733858499438668,0.002071536533140346,0.0,1.0999980536171874,-2.7024622290235167e-06
241740,0.1173447392971327,0.0020661795685072383,0.0,1.099998053604186,-2.7032132911530494e-06
241800,0.11735087800249891,0.0020608361792618236,0.0,1.099998053591217,-2.7039624507987523e-06
241860,0.11735700114451815,0.002055506334923336,0.0,1.099998053578281,-2.704709712192264e-06
241920,0.11736310876101923,0.0020501900025824402,0.0,1.099998053565378,-2.705455079941617e-06
241980,0.11736920088974691,0.002044887149403327,0.0,1.0999980535525073,-2.7061985586445795e-06
242040,0.11737527756836216,0.002039597742623604,0.0,1.0999980535396696,-2.706940152888673e-06
242100,0.11738133883444218,0.0020343217495541865,0.0,1.0999980535268645,-2.707679867251185e-06
242160,0.11738738472548063,0.0020290591375791917,0.0,1.0999980535140919,-2.7084177062991854e-06
242220,0.11739341527888765,0.0020238098741558247,0.0,1.0999980535013516,-2.709153674589542e-06
242280,0.11739943053199009,0.0020185739268142747,0.0,1.0999980534886438,-2.7098877766689335e-06
242340,0.11740543052203159,0.0020133512631576034,0.0,1.0999980534759684,-2.710620017073868e-06
242400,0.11741141528617274,0.002008141850861636,0.0,1.099998053463325,-2.7113504003306957e-06
242460,0.11741738486149121,0.002002945657674855,0.0,1.0999980534507137,-2.7120789309556237e-06
242520,0.11742333928498185,0.0019977626514182875,0.0,1.0999980534381344,-2.712805613454734e-06
242580,0.11742927859355684,0.0019925927999853996,0.0,1.099998053425587,-2.7135304523239946e-06
242640,0.11743520282404585,0.001987436071341987,0.0,1.0999980534130716,-2.7142534520492792e-06
242700,0.11744111201319617,0.001982292433526064,0.0,1.099998053400588,-2.7149746171063784e-06
242760,0.11744700619767275,0.0019771618546477574,0.0,1.099998053388136,-2.715693951961017e-06
242820,0.11745288541405849,0.0019720443028891964,0.0,1.0999980533757157,-2.716411461068869e-06
242880,0.11745874969885421,0.001966939746504404,0.0,1.099998053363327,-2.717127148875571e-06
242940,0.11746459908847894,0.001961848153819188,0.0,1.0999980533509697,-2.717841019816741e-06
243000,0.11747043361926988,0.0019567694932310317,0.0,1.0999980533386438,-2.718553078317989e-06
243060,0.11747625332748272,0.0019517037332089865,0.0,1.0999980533263494,-2.7192633287949352e-06
243120,0.11748205824929162,0.0019466508422935624,0.0,1.099998053314086,-2.7199717756532255e-06
243180,0.11748784842078938,0.0019416107890966184,0.0,1.0999980533018539,-2.7206784232885437e-06
243240,0.11749362387798765,0.0019365835423012547,0.0,1.0999980532896527,-2.72138327608663e-06
243300,0.11749938465681697,0.001931569070661703,0.0,1.0999980532774827,-2.7220863384232936e-06
243360,0.11750513079312694,0.0019265673430032188,0.0,1.0999980532653437,-2.7227876146644298e-06
243420,0.11751086232268636,0.0019215783282219715,0.0,1.0999980532532354,-2.7234871091660333e-06
243480,0.11751657928118332,0.0019166019952849365,0.0,1.0999980532411577,-2.724184826274215e-06
243540,0.11752228170422542,0.0019116383132297852,0.0,1.099998053229111,-2.724880770325216e-06
243600,0.11752796962733979,0.0019066872511647778,0.0,1.0999980532170948,-2.7255749456454233e-06
243660,0.11753364308597329,0.0019017487782686524,0.0,1.0999980532051092,-2.7262673565513856e-06
243720,0.11753930211549268,0.0018968228637905185,0.0,1.099998053193154,-2.7269580073498264e-06
243780,0.11754494675118464,0.0018919094770497465,0.0,1.0999980531812292,-2.7276469023376617e-06
243840,0.11755057702825598,0.001887008587435859,0.0,1.0999980531693347,-2.7283340458020122e-06
243900,0.1175561929818338,0.0018821201644084232,0.0,1.0999980531574705,-2.7290194420202225e-06
243960,0.11756179464696553,0.0018772441774969407,0.0,1.0999980531456364,-2.7297030952598725e-06
244020,0.11756738205861915,0.0018723805963007393,0.0,1.0999980531338323,-2.7303850097787937e-06
244080,0.11757295525168324,0.0018675293904888643,0.0,1.0999980531220581,-2.7310651898250853e-06
244140,0.11757851426096722,0.0018626905297999695,0.0,1.0999980531103142,-2.7317436396371285e-06
244200,0.11758405912120135,0.001857863984042208,0.0,1.0999980530985998,-2.7324203634436015e-06
244260,0.11758958986703699,0.0018530497230931238,0.0,1.0999980530869153,-2.7330953654634957e-06
244320,0.11759510653304667,0.0018482477168995438,0.0,1.0999980530752604,-2.7337686499061292e-06
244380,0.11760060915372417,0.001843457935477467,0.0,1.0999980530636353,-2.7344402209711637e-06
244440,0.11760609776348478,0.0018386803489119571,0.0,1.0999980530520397,-2.735110082848619e-06
244500,0.11761157239666532,0.001833914927357034,0.0,1.0999980530404734,-2.7357782397188863e-06
244560,0.11761703308752434,0.0018291616410355631,0.0,1.0999980530289366,-2.7364446957527465e-06
244620,0.11762247987024221,0.0018244204602391489,0.0,1.0999980530174291,-2.7371094551113845e-06
244680,0.11762791277892128,0.0018196913553280244,0.0,1.099998053005951,-2.7377725219464022e-06
244740,0.11763333184758598,0.0018149742967309432,0.0,1.099998052994502,-2.7384339003998356e-06
244800,0.117638737110183,0.0018102692549450698,0.0,1.099998052983082,-2.7390935946041704e-06
244860,0.11764412860058136,0.0018055762005358721,0.0,1.0999980529716908,-2.739751608682355e-06
244920,0.11764950635257265,0.001800895104137011,0.0,1.0999980529603288,-2.740407946747818e-06
244980,0.11765487039987102,0.0017962259364502331,0.0,1.0999980529489957,-2.7410626129044828e-06
245040,0.1176602207761134,0.0017915686682452607,0.0,1.0999980529376914,-2.7417156112467796e-06
245100,0.11766555751485966,0.0017869232703596838,0.0,1.0999980529264155,-2.7423669458596665e-06
245160,0.11767088064959265,0.0017822897136988505,0.0,1.0999980529151685,-2.743016620818639e-06
245220,0.11767619023016632,0.001777667943406668,0.0,1.0999980529039517,-2.743664643648618e-06
245280,0.11768148627621094,0.0017730579520360513,0.0,1.0999980528927638,-2.744311015525422e-06
245340,0.11768676881956724,0.0017684597129123572,0.0,1.0999980528816042,-2.7449557401993203e-06
245400,0.11769203789345889,0.001763873197136483,0.0,1.0999980528704731,-2.7455988217180826e-06
245460,0.11769729353103416,0.001759298375875107,0.0,1.0999980528593707,-2.7462402641202855e-06
245520,0.11770253576536607,0.001754735220360568,0.0,1.0999980528482962,-2.7468800714353306e-06
245580,0.11770776462945257,0.0017501837018907432,0.0,1.0999980528372504,-2.7475182476834605e-06
245640,0.11771298015621653,0.0017456437918289284,0.0,1.0999980528262325,-2.7481547968757755e-06
245700,0.1177181823785061,0.0017411154616037163,0.0,1.0999980528152429,-2.7487897230142504e-06
245760,0.11772337132909468,0.0017365986827088758,0.0,1.0999980528042812,-2.7494230300917512e-06
245820,0.11772854704068107,0.0017320934267032319,0.0,1.0999980527933475,-2.7500547220920526e-06
245880,0.11773370954588974,0.001727599665210544,0.0,1.0999980527824418,-2.750684802989853e-06
245940,0.11773885887727083,0.0017231173699193852,0.0,1.099998052771564,-2.751313276750794e-06
246000,0.11774399506730035,0.001718646512583021,0.0,1.099998052760714,-2.751940147331475e-06
246060,0.11774911814838032,0.0017141870650192903,0.0,1.0999980527498916,-2.7525654186794693e-06
246120,0.11775422815283892,0.0017097389991104816,0.0,1.099998052739097,-2.753189094733344e-06
246180,0.1177593251129306,0.0017053022868032143,0.0,1.09999805272833,-2.7538111794226743e-06
246240,0.11776440906083621,0.0017008769001083173,0.0,1.0999980527175903,-2.7544316766680604e-06
246300,0.11776948002866322,0.001696462811100708,0.0,1.0999980527068782,-2.7550505903811447e-06
246360,0.11777453804844575,0.001692059991919271,0.0,1.0999980526961934,-2.7556679244646296e-06
246420,0.11777958315214479,0.0016876684147667381,0.0,1.0999980526855362,-2.7562836828122924e-06
246480,0.11778461537164833,0.001683288051909567,0.0,1.099998052674906,-2.756897869309003e-06
246540,0.11778963473877145,0.00167891887567782,0.0,1.099998052664303,-2.757510487830741e-06
246600,0.11779464128525652,0.0016745608584650437,0.0,1.0999980526537272,-2.7581215422446116e-06
246660,0.11779963504277331,0.001670213972728148,0.0,1.0999980526431783,-2.7587310364088635e-06
246720,0.11780461604291913,0.0016658781909872852,0.0,1.0999980526326565,-2.7593389741729045e-06
246780,0.11780958431721897,0.0016615534858257291,0.0,1.0999980526221618,-2.7599453593773184e-06
246840,0.11781453989712568,0.0016572398298897542,0.0,1.0999980526116937,-2.760550195853883e-06
246900,0.11781948281402001,0.0016529371958885141,0.0,1.0999980526012525,-2.761153487425586e-06
246960,0.11782441309921088,0.0016486455565939222,0.0,1.099998052590838,-2.761755237906641e-06
247020,0.11782933078393541,0.0016443648848405293,0.0,1.09999805258045,-2.762355451102505e-06
247080,0.11783423589935915,0.0016400951535254036,0.0,1.0999980525700888,-2.762954130809896e-06
247140,0.11783912847657614,0.0016358363356080094,0.0,1.0999980525597541,-2.763551280816809e-06
247200,0.11784400854660909,0.001631588404110086,0.0,1.099998052549446,-2.764146904902532e-06
247260,0.11784887614040952,0.0016273513321155278,0.0,1.099998052539164,-2.764741006837664e-06
247320,0.11785373128885791,0.0016231250927702624,0.0,1.0999980525289086,-2.765333590384131e-06
247380,0.11785857402276381,0.0016189096592821306,0.0,1.0999980525186792,-2.765924659295203e-06
247440,0.11786340437286599,0.0016147050049207645,0.0,1.0999980525084763,-2.7665142173155116e-06
247500,0.1178682223698326,0.0016105111030174674,0.0,1.0999980524982995,-2.7671022681810646e-06
247560,0.11787302804426131,0.0016063279269650926,0.0,1.0999980524881487,-2.7676888156192658e-06
247620,0.11787782142667938,0.0016021554502179231,0.0,1.099998052478024,-2.7682738633489284e-06
247680,0.11788260254754393,0.0015979936462915494,0.0,1.0999980524679251,-2.768857415080294e-06
247740,0.11788737143724196,0.0015938424887627504,0.0,1.0999980524578523,-2.7694394745150506e-06
247800,0.11789212812609053,0.0015897019512693708,0.0,1.0999980524478052,-2.7700200453463445e-06
247860,0.11789687264433693,0.0015855720075102016,0.0,1.099998052437784,-2.770599131258803e-06
247920,0.11790160502215882,0.0015814526312448582,0.0,1.0999980524277884,-2.771176735928546e-06
247980,0.11790632528966428,0.0015773437962936605,0.0,1.0999980524178183,-2.7717528630232075e-06
248040,0.11791103347689208,0.0015732454765375106,0.0,1.099998052407874,-2.772327516201948e-06
248100,0.1179157296138117,0.0015691576459177742,0.0,1.0999980523979551,-2.7729006991154737e-06
248160,0.1179204137303236,0.0015650802784361569,0.0,1.099998052388062,-2.7734724154060534e-06
248220,0.1179250858562592,0.0015610133481545854,0.0,1.0999980523781938,-2.774042668707535e-06
248280,0.11792974602138118,0.0015569568291950863,0.0,1.0999980523683512,-2.77461146264536e-06
248340,0.1179343942553835,0.0015529106957396645,0.0,1.099998052358534,-2.775178800836584e-06
248400,0.11793903058789164,0.0015488749220301827,0.0,1.0999980523487418,-2.7757446868898916e-06
248460,0.1179436550484626,0.0015448494823682407,0.0,1.0999980523389747,-2.7763091244056124e-06
248520,0.11794826766658523,0.0015408343511150542,0.0,1.099998052329233,-2.776872116975739e-06
248580,0.1179528684716802,0.0015368295026913345,0.0,1.099998052319516,-2.777433668183943e-06
248640,0.1179574574931002,0.0015328349115771671,0.0,1.0999980523098243,-2.777993781605593e-06
248700,0.11796203475649757,0.0015288505465936369,0.0,1.0999980523001565,-2.7785524614227573e-06
248760,0.1179666002940873,0.001524876387058286,0.0,1.0999980522905133,-2.7791097106867193e-06
248820,0.11797115413535658,0.001520912408159888,0.0,1.099998052280895,-2.7796655328908967e-06
248880,0.11797569630937707,0.0015169585845982345,0.0,1.0999980522713013,-2.780219931579394e-06
248940,0.117980226845153,0.001513014891131567,0.0,1.099998052261732,-2.7807729102881283e-06
249000,0.11798474577162125,0.0015090813025764533,0.0,1.0999980522521875,-2.78132447254485e-06
249060,0.1179892531176515,0.0015051577938076652,0.0,1.0999980522426673,-2.7818746218691568e-06
249120,0.11799374891204636,0.0015012443397580536,0.0,1.0999980522331716,-2.782423361772512e-06
249180,0.11799823318354155,0.001497340915418426,0.0,1.0999980522237003,-2.782970695758262e-06
249240,0.11800270596080598,0.001493447495837422,0.0,1.0999980522142532,-2.7835166273216523e-06
249300,0.11800716727244191,0.0014895640561213906,0.0,1.0999980522048305,-2.7840611599498454e-06
249360,0.11801161714698512,0.001485690571434266,0.0,1.0999980521954318,-2.784604297121937e-06
249420,0.118016055612905,0.0014818270169974443,0.0,1.0999980521860573,-2.7851460423089745e-06
249480,0.11802048269860471,0.0014779733680896597,0.0,1.0999980521767068,-2.785686398973972e-06
249540,0.11802489843242134,0.0014741296000468614,0.0,1.0999980521673802,-2.7862253705719302e-06
249600,0.118029302842626,0.0014702956882620896,0.0,1.0999980521580777,-2.7867629605498494e-06
249660,0.118033695957424,0.0014664716081853523,0.0,1.099998052148799,-2.787299172346751e-06
249720,0.11803807780495498,0.0014626573353235016,0.0,1.099998052139544,-2.7878340093936914e-06
249780,0.11804244841329302,0.0014588528452401097,0.0,1.099998052130313,-2.7883674751137804e-06
249840,0.11804680781044682,0.001455058113555346,0.0,1.0999980521211055,-2.7888995729221976e-06
249900,0.11805115602435982,0.001451273115945853,0.0,1.0999980521119217,-2.7894303062262107e-06
249960,0.11805549308291033,0.0014474978281446235,0.0,1.0999980521027615,-2.789959678425191e-06
250020,0.11805981901391166,0.001443732225940876,0.0,1.0999980520936246,-2.7904876929106316e-06
250080,0.1180641338451123,0.0014399762851799315,0.0,1.0999980520845114,-2.7910143530661633e-06
250140,0.11806843760419602,0.001436229981763091,0.0,1.0999980520754213,-2.791539662267573e-06
250200,0.11807273031878202,0.0014324932916475101,0.0,1.0999980520663548,-2.79206362388282e-06
250260,0.11807701201642508,0.0014287661908460772,0.0,1.0999980520573116,-2.7925862412720523e-06
250320,0.11808128272461565,0.0014250486554272881,0.0,1.0999980520482915,-2.793107517787626e-06
250380,0.1180855424707801,0.0014213406615151242,0.0,1.0999980520392945,-2.7936274567741202e-06
250440,0.1180897912822807,0.0014176421852889283,0.0,1.0999980520303205,-2.7941460615683546e-06
250500,0.1180940291864159,0.00141395320298328,0.0,1.09999805202137,-2.794663335499406e-06
250560,0.11809825621042037,0.0014102736908878741,0.0,1.099998052012442,-2.7951792818886283e-06
250620,0.11810247238146523,0.0014066036253473956,0.0,1.099998052003537,-2.7956939040496646e-06
250680,0.1181066777266581,0.001402942982761396,0.0,1.099998051994655,-2.7962072052884687e-06
250740,0.11811087227304327,0.001399291739584171,0.0,1.0999980519857957,-2.79671918890332e-06
250800,0.11811505604760188,0.001395649872324636,0.0,1.0999980519769592,-2.79722985818484e-06
250860,0.11811922907725196,0.0013920173575462024,0.0,1.0999980519681454,-2.7977392164160125e-06
250920,0.11812339138884873,0.001388394171866655,0.0,1.0999980519593542,-2.798247266872196e-06
250980,0.11812754300918453,0.0013847802919580272,0.0,1.0999980519505856,-2.7987540128211453e-06
251040,0.11813168396498916,0.001381175694546478,0.0,1.0999980519418395,-2.7992594575230253e-06
251100,0.11813581428292985,0.001377580356412169,0.0,1.0999980519331158,-2.799763604230429e-06
251160,0.11813993398961153,0.0013739942543891403,0.0,1.0999980519244146,-2.8002664561883958e-06
251220,0.1181440431115769,0.0013704173653651865,0.0,1.0999980519157355,-2.800768016634427e-06
251280,0.11814814167530656,0.0013668496662817338,0.0,1.0999980519070789,-2.8012682887985042e-06
251340,0.1181522297072192,0.0013632911341337165,0.0,1.0999980518984445,-2.801767275903104e-06
251400,0.11815630723367167,0.0013597417459694523,0.0,1.0999980518898322,-2.8022649811632175e-06
251460,0.11816037428095917,0.0013562014788905208,0.0,1.0999980518812422,-2.8027614077863667e-06
251520,0.11816443087531543,0.0013526703100516378,0.0,1.0999980518726742,-2.8032565589726213e-06
251580,0.11816847704291271,0.0013491482166605331,0.0,1.0999980518641281,-2.803750437914616e-06
251640,0.11817251280986206,0.0013456351759778265,0.0,1.0999980518556038,-2.8042430477975655e-06
251700,0.11817653820221342,0.0013421311653169041,0.0,1.0999980518471018,-2.8047343917992865e-06
251760,0.11818055324595576,0.001338636162043795,0.0,1.0999980518386212,-2.805224473090209e-06
251820,0.11818455796701721,0.0013351501435770474,0.0,1.0999980518301626,-2.8057132948333972e-06
251880,0.11818855239126522,0.0013316730873876056,0.0,1.0999980518217256,-2.8062008601845656e-06
251940,0.11819253654450665,0.0013282049709986857,0.0,1.0999980518133103,-2.806687172292095e-06
252000,0.11819651045248795,0.001324745771985653,0.0,1.0999980518049168,-2.807172234297051e-06
252060,0.11820047414089535,0.0013212954679758969,0.0,1.0999980517965446,-2.8076560493332003e-06
252120,0.11820442763535485,0.0013178540366487093,0.0,1.099998051788194,-2.808138620527028e-06
252180,0.11820837095399876,0.00131442146687127,0.0,1.0999980517798653,-2.808619949661279e-06
252240,0.1182123041284107,0.0013109977273219582,0.0,1.0999980517715582,-2.8091000409405637e-06
252300,0.11821622718478103,0.0013075827947206368,0.0,1.0999980517632726,-2.8095788976033655e-06
252360,0.1182201401484749,0.0013041766469854843,0.0,1.099998051755008,-2.81005652274331e-06
252420,0.1182240430447976,0.0013007792620865891,0.0,1.0999980517467651,-2.8105329194467524e-06
252480,0.11822793589899466,0.0012973906180458318,0.0,1.0999980517385433,-2.8110080907927917e-06
252540,0.11823181873625206,0.0012940106929367674,0.0,1.0999980517303425,-2.8114820398532886e-06
252600,0.11823569158169626,0.0012906394648845053,0.0,1.0999980517221628,-2.811954769692882e-06
252660,0.11823955446039446,0.0012872769120655934,0.0,1.0999980517140042,-2.8124262833690032e-06
252720,0.11824340739735459,0.0012839230127078972,0.0,1.0999980517058667,-2.8128965839318957e-06
252780,0.11824725041752558,0.0012805777450904836,0.0,1.0999980516977501,-2.813365674424629e-06
252840,0.1182510835457974,0.0012772410875435019,0.0,1.0999980516896544,-2.813833557883116e-06
252900,0.11825490680700125,0.0012739130184480645,0.0,1.0999980516815795,-2.8143002373361296e-06
252960,0.11825872022590966,0.0012705935162361309,0.0,1.0999980516735255,-2.8147657158053187e-06
253020,0.11826252382723666,0.0012672825593903869,0.0,1.0999980516654921,-2.8152299963052246e-06
253080,0.11826631763563789,0.0012639801264441278,0.0,1.0999980516574797,-2.815693081843298e-06
253140,0.11827010167571073,0.0012606861959811397,0.0,1.0999980516494876,-2.816154975419915e-06
253200,0.11827387597199444,0.0012574007466355818,0.0,1.0999980516415162,-2.8166156800283934e-06
253260,0.11827764054897033,0.0012541237570918666,0.0,1.0999980516335655,-2.8170751986550094e-06
253320,0.11828139543106182,0.0012508552060845435,0.0,1.099998051625635,-2.817533534279013e-06
253380,0.11828514064263468,0.0012475950723981788,0.0,1.099998051617725,-2.8179906898726476e-06
253440,0.11828887620799704,0.0012443433348672385,0.0,1.0999980516098355,-2.8184466684011614e-06
253500,0.11829260215139963,0.00124109997237597,0.0,1.0999980516019663,-2.8189014728228286e-06
253560,0.11829631849703584,0.0012378649638582827,0.0,1.0999980515941175,-2.819355106088963e-06
253620,0.11830002526904196,0.0012346382882976316,0.0,1.0999980515862886,-2.819807571143935e-06
253680,0.11830372249149715,0.0012314199247268967,0.0,1.0999980515784802,-2.820258870925189e-06
253740,0.11830741018842372,0.0012282098522282668,0.0,1.0999980515706917,-2.8207090083632586e-06
253800,0.11831108838378725,0.00122500804993312,0.0,1.0999980515629235,-2.8211579863817828e-06
253860,0.11831475710149658,0.0012218144970219057,0.0,1.099998051555175,-2.821605807897525e-06
253920,0.11831841636540417,0.0012186291727240262,0.0,1.0999980515474468,-2.8220524758203854e-06
253980,0.11832206619930605,0.001215452056317719,0.0,1.0999980515397385,-2.822497993053421e-06
254040,0.11832570662694203,0.0012122831271299376,0.0,1.09999805153205,-2.82294236249286e-06
254100,0.11832933767199584,0.0012091223645362339,0.0,1.0999980515243812,-2.823385587028119e-06
254160,0.11833295935809526,0.0012059697479606393,0.0,1.0999980515167322,-2.823827669541819e-06
254220,0.11833657170881225,0.0012028252568755471,0.0,1.0999980515091032,-2.8242686129098026e-06
254280,0.11834017474766304,0.001199688870801594,0.0,1.0999980515014938,-2.8247084200011493e-06
254340,0.11834376849810835,0.0011965605693075412,0.0,1.0999980514939038,-2.8251470936781925e-06
254400,0.11834735298355348,0.001193440332010157,0.0,1.0999980514863335,-2.8255846367965365e-06
254460,0.11835092822734841,0.0011903281385740978,0.0,1.0999980514787828,-2.826021052205072e-06
254520,0.11835449425278803,0.00118722396871179,0.0,1.0999980514712515,-2.8264563427459927e-06
254580,0.11835805108311216,0.0011841278021833125,0.0,1.0999980514637397,-2.8268905112548116e-06
254640,0.11836159874150577,0.001181039618796277,0.0,1.0999980514562473,-2.827323560560379e-06
254700,0.1183651372510991,0.0011779593984057105,0.0,1.0999980514487742,-2.8277554934848964e-06
254760,0.11836866663496774,0.0011748871209139372,0.0,1.0999980514413203,-2.8281863128439343e-06
254820,0.11837218691613284,0.00117182276627046,0.0,1.0999980514338858,-2.8286160214464494e-06
254880,0.1183756981175612,0.0011687663144718413,0.0,1.0999980514264704,-2.829044622094799e-06
254940,0.11837920026216542,0.0011657177455615868,0.0,1.0999980514190741,-2.829472117584759e-06
255000,0.11838269337280401,0.0011626770396300247,0.0,1.0999980514116972,-2.8298985107055404e-06
255060,0.11838617747228157,0.0011596441768141898,0.0,1.099998051404339,-2.830323804239804e-06
255120,0.1183896525833489,0.0011566191372977034,0.0,1.099998051397,-2.830748000963679e-06
255180,0.1183931187287031,0.0011536019013106554,0.0,1.0999980513896799,-2.831171103646778e-06
255240,0.1183965759309878,0.001150592449129487,0.0,1.0999980513823786,-2.831593115052214e-06
255300,0.11840002421279319,0.0011475907610768712,0.0,1.0999980513750962,-2.832014037936616e-06
255360,0.11840346359665621,0.0011445968175215952,0.0,1.0999980513678327,-2.8324338750501477e-06
255420,0.11840689410506068,0.0011416105988784416,0.0,1.099998051360588,-2.8328526291365206e-06
255480,0.11841031576043741,0.0011386320856080709,0.0,1.0999980513533618,-2.8332703029330132e-06
255540,0.11841372858516437,0.0011356612582169021,0.0,1.0999980513461545,-2.833686899170486e-06
255600,0.11841713260156683,0.0011326980972569953,0.0,1.0999980513389658,-2.834102420573398e-06
255660,0.11842052782054438,0.001129742599366209,0.0,1.0999980513317955,-2.834516867883043e-06
255720,0.11842391427352637,0.0011267947321991765,0.0,1.0999980513246437,-2.8349302454117936e-06
255780,0.11842729198390134,0.0011238544747226267,0.0,1.0999980513175103,-2.8353425560771643e-06
255840,0.11843066097375154,0.0011209218077171607,0.0,1.0999980513103953,-2.835753802572362e-06
255900,0.11843402126510659,0.0011179967120093367,0.0,1.0999980513032988,-2.8361639875841626e-06
255960,0.11843737287994349,0.001115079168471561,0.0,1.0999980512962204,-2.836573113792926e-06
256020,0.11844071584018682,0.0011121691580219778,0.0,1.0999980512891605,-2.8369811838726122e-06
256080,0.1184440501677089,0.001109266661624356,0.0,1.0999980512821186,-2.837388200490796e-06
256140,0.11844737588432981,0.0011063716602879815,0.0,1.099998051275095,-2.8377941663086838e-06
256200,0.11845069301181763,0.0011034841350675449,0.0,1.0999980512680896,-2.8381990839811275e-06
256260,0.11845400157188853,0.0011006040670630312,0.0,1.0999980512611023,-2.8386029561566417e-06
256320,0.11845730158620685,0.0010977314374196088,0.0,1.0999980512541332,-2.8390057854774174e-06
256380,0.11846059307638532,0.00109486622732752,0.0,1.0999980512471819,-2.8394075745793384e-06
256440,0.11846387606398513,0.001092008418021969,0.0,1.0999980512402485,-2.8398083260919978e-06
256500,0.11846715057051606,0.001089157990783012,0.0,1.0999980512333332,-2.8402080426387104e-06
256560,0.11847041661743665,0.001086314926935446,0.0,1.0999980512264356,-2.8406067268365323e-06
256620,0.11847367422615426,0.0010834792078486992,0.0,1.099998051219556,-2.8410043812962727e-06
256680,0.11847692341802529,0.0010806508149367195,0.0,1.0999980512126941,-2.841401008622512e-06
256740,0.11848016421435524,0.0010778297296578634,0.0,1.09999805120585,-2.8417966114136152e-06
256800,0.11848339663639883,0.0010750159335147864,0.0,1.0999980511990235,-2.8421911922617496e-06
256860,0.1184866207053602,0.0010722094080543323,0.0,1.0999980511922147,-2.842584753752898e-06
256920,0.11848983644239298,0.0010694101348674217,0.0,1.0999980511854235,-2.842977298466876e-06
256980,0.11849304386860048,0.0010666180955889418,0.0,1.0999980511786498,-2.843368828977346e-06
257040,0.11849624300503568,0.001063833271897636,0.0,1.0999980511718936,-2.8437593478518346e-06
257100,0.11849943387270158,0.0010610556455159929,0.0,1.099998051165155,-2.8441488576517454e-06
257160,0.11850261649255112,0.0010582851982101358,0.0,1.0999980511584337,-2.844537360932377e-06
257220,0.11850579088548742,0.0010555219117897121,0.0,1.09999805115173,-2.844924860242938e-06
257280,0.11850895707236389,0.0010527657681077825,0.0,1.0999980511450433,-2.8453113581265603e-06
257340,0.11851211507398436,0.0010500167490607106,0.0,1.0999980511383742,-2.8456968571203173e-06
257400,0.1185152649111032,0.0010472748365880516,0.0,1.0999980511317222,-2.8460813597552383e-06
257460,0.11851840660442545,0.0010445400126724428,0.0,1.0999980511250873,-2.8464648685563234e-06
257520,0.11852154017460695,0.0010418122593394918,0.0,1.0999980511184697,-2.846847386042561e-06
257580,0.11852466564225449,0.0010390915586576662,0.0,1.0999980511118692,-2.84722891472694e-06
257640,0.11852778302792591,0.0010363778927381837,0.0,1.0999980511052858,-2.8476094571164683e-06
257700,0.11853089235213023,0.0010336712437349004,0.0,1.0999980510987195,-2.8479890157121867e-06
257760,0.11853399363532781,0.0010309715938442007,0.0,1.09999805109217,-2.848367593009185e-06
257820,0.11853708689793047,0.0010282789253048866,0.0,1.0999980510856375,-2.848745191496617e-06
257880,0.11854017216030158,0.0010255932203980665,0.0,1.099998051079122,-2.849121813657717e-06
257940,0.11854324944275622,0.0010229144614470457,0.0,1.0999980510726235,-2.8494974619698133e-06
258000,0.11854631876556136,0.0010202426308172149,0.0,1.0999980510661416,-2.849872138904346e-06
258060,0.11854938014893587,0.0010175777109159396,0.0,1.0999980510596765,-2.8502458469268814e-06
258120,0.11855243361305076,0.0010149196841924494,0.0,1.0999980510532281,-2.8506185884971266e-06
258180,0.11855547917802926,0.001012268533137728,0.0,1.0999980510467964,-2.8509903660689467e-06
258240,0.11855851686394694,0.0010096242402844015,0.0,1.0999980510403813,-2.8513611820903788e-06
258300,0.1185615466908319,0.0010069867882066292,0.0,1.0999980510339828,-2.8517310390036484e-06
258360,0.11856456867866479,0.0010043561595199915,0.0,1.099998051027601,-2.852099939245185e-06
258420,0.11856758284737905,0.0010017323368813795,0.0,1.0999980510212357,-2.852467885245637e-06
258480,0.11857058921686098,0.0009991153029888856,0.0,1.0999980510148868,-2.852834879429887e-06
258540,0.1185735878069499,0.0009965050405816912,0.0,1.0999980510085545,-2.853200924217068e-06
258600,0.11857657863743824,0.000993901532439957,0.0,1.0999980510022385,-2.853566022020578e-06
258660,0.11857956172807171,0.0009913047613847126,0.0,1.0999980509959386,-2.8539301752480974e-06
258720,0.1185825370985494,0.0009887147102777445,0.0,1.0999980509896554,-2.854293386301601e-06
258780,0.11858550476852395,0.0009861313620214871,0.0,1.0999980509833882,-2.854655657577378e-06
258840,0.11858846475760158,0.000983554699558911,0.0,1.0999980509771374,-2.8550169914660423e-06
258900,0.11859141708534238,0.0009809847058734125,0.0,1.0999980509709026,-2.8553773903525535e-06
258960,0.11859436177126027,0.0009784213639887037,0.0,1.099998050964684,-2.855736856616228e-06
259020,0.11859729883482328,0.0009758646569687003,0.0,1.0999980509584817,-2.8560953926307557e-06
259080,0.11860022829545358,0.0009733145679174126,0.0,1.0999980509522953,-2.8564530007642175e-06
259140,0.11860315013768157,0.0009707711071374111,0.0,1.099998050946125,-2.8568096795429472e-06
259200,0.1186060644094638,0.0009682342355020628,0.0,1.0999980509399707,-2.857165434475209e-06
259260,0.11860897113416508,0.0009657039330556087,0.0,1.0999980509338323,-2.857520268361433e-06
259320,0.11861187033096889,0.0009631801831054836,0.0,1.0999980509277096,-2.857874183541175e-06
259380,0.1186147620190127,0.0009606629689992979,0.0,1.099998050921603,-2.8582271823483674e-06
259440,0.11861764621738814,0.0009581522741247323,0.0,1.0999980509155123,-2.858579267111334e-06
259500,0.11862052294514104,0.0009556480819094296,0.0,1.0999980509094371,-2.8589304401528066e-06
259560,0.11862339222127165,0.0009531503758208889,0.0,1.099998050903378,-2.8592807037899377e-06
259620,0.11862625406473469,0.0009506591393663589,0.0,1.0999980508973344,-2.859630060334318e-06
259680,0.11862910849443949,0.0009481743560927308,0.0,1.0999980508913063,-2.8599785120919883e-06
259740,0.11863195552925017,0.0009456960095864323,0.0,1.099998050885294,-2.8603260613634563e-06
259800,0.11863479518798567,0.0009432240834733204,0.0,1.0999980508792973,-2.8606727104437117e-06
259860,0.11863762748941996,0.0009407585614185749,0.0,1.099998050873316,-2.8610184616222407e-06
259920,0.11864045245228214,0.0009382994271265918,0.0,1.0999980508673504,-2.8613633171830392e-06
259980,0.11864327009525649,0.0009358466643408767,0.0,1.0999980508614,-2.8617072794046318e-06
260040,0.11864608043698274,0.000933400256843938,0.0,1.0999980508554652,-2.8620503505600817e-06
260100,0.11864888349605605,0.0009309601884571803,0.0,1.099998050849546,-2.8623925329170096e-06
260160,0.11865167929102724,0.0009285264430407978,0.0,1.0999980508436418,-2.8627338287376073e-06
260220,0.11865446784040283,0.0009260990044936676,0.0,1.099998050837753,-2.8630742402786517e-06
260280,0.11865724916264524,0.0009236778567532429,0.0,1.0999980508318794,-2.863413769791521e-06
260340,0.11866002327617284,0.0009212629837954465,0.0,1.0999980508260212,-2.863752419522209e-06
260400,0.11866279019936017,0.0009188543696345645,0.0,1.099998050820178,-2.8640901917113395e-06
260460,0.11866554995053795,0.0009164519983231386,0.0,1.09999805081435,-2.864427088594183e-06
260520,0.1186683025479933,0.0009140558539518606,0.0,1.0999980508085372,-2.86476311240067e-06
260580,0.11867104800996985,0.0009116659206494653,0.0,1.0999980508027394,-2.8650982653554056e-06
260640,0.11867378635466774,0.0009092821825826233,0.0,1.0999980507969567,-2.8654325496776864e-06
260700,0.11867651760024395,0.0009069046239558354,0.0,1.0999980507911888,-2.865765967581513e-06
260760,0.11867924176481229,0.000904533229011325,0.0,1.099998050785436,-2.866098521275608e-06
260820,0.11868195886644352,0.000902167982028932,0.0,1.0999980507796983,-2.866430212963427e-06
260880,0.11868466892316554,0.0008998088673260059,0.0,1.0999980507739753,-2.866761044843176e-06
260940,0.11868737195296349,0.0008974558692572993,0.0,1.099998050768267,-2.867091019107827e-06
261000,0.11869006797377983,0.0008951089722148611,0.0,1.0999980507625737,-2.8674201379451307e-06
261060,0.11869275700351456,0.0008927681606279298,0.0,1.0999980507568952,-2.8677484035376334e-06
261120,0.1186954390600252,0.0008904334189628271,0.0,1.0999980507512312,-2.86807581806269e-06
261180,0.11869811416112709,0.0008881047317228512,0.0,1.099998050745582,-2.8684023836924806e-06
261240,0.11870078232459337,0.0008857820834481695,0.0,1.0999980507399476,-2.868728102594025e-06
261300,0.11870344356815518,0.0008834654587157129,0.0,1.0999980507343277,-2.8690529769291963e-06
261360,0.11870609790950173,0.0008811548421390689,0.0,1.0999980507287221,-2.869377008854738e-06
261420,0.1187087453662805,0.0008788502183683741,0.0,1.0999980507231315,-2.869700200522278e-06
261480,0.11871138595609729,0.0008765515720902089,0.0,1.099998050717555,-2.870022554078342e-06
261540,0.1187140196965164,0.0008742588880274898,0.0,1.0999980507119933,-2.870344071664371e-06
261600,0.11871664660506072,0.0008719721509393629,0.0,1.099998050706446,-2.870664755416734e-06
261660,0.11871926669921185,0.0008696913456210981,0.0,1.0999980507009128,-2.8709846074667447e-06
261720,0.11872187999641026,0.0008674164569039808,0.0,1.0999980506953941,-2.8713036299406757e-06
261780,0.11872448651405537,0.0008651474696552071,0.0,1.0999980506898899,-2.8716218249597723e-06
261840,0.11872708626950573,0.0008628843687777757,0.0,1.0999980506843998,-2.8719391946402693e-06
261900,0.11872967928007908,0.0008606271392103822,0.0,1.099998050678924,-2.8722557410934047e-06
261960,0.11873226556305252,0.0008583757659273119,0.0,1.0999980506734623,-2.8725714664254353e-06
262020,0.11873484513566261,0.000856130233938333,0.0,1.099998050668015,-2.872886372737651e-06
262080,0.11873741801510553,0.0008538905282885908,0.0,1.0999980506625817,-2.87320046212639e-06
262140,0.11873998421853714,0.0008516566340584998,0.0,1.0999980506571625,-2.8735137366830537e-06
262200,0.11874254376307318,0.0008494285363636383,0.0,1.0999980506517573,-2.873826198494122e-06
262260,0.11874509666578933,0.000847206220354641,0.0,1.0999980506463662,-2.8741378496411676e-06
262320,0.1187476429437214,0.0008449896712170923,0.0,1.099998050640989,-2.874448692200871e-06
262380,0.11875018261386534,0.0008427788741714201,0.0,1.099998050635626,-2.874758728245036e-06
262440,0.11875271569317752,0.000840573814472789,0.0,1.0999980506302767,-2.8750679598406037e-06
262500,0.11875524219857474,0.0008383744774109929,0.0,1.0999980506249412,-2.875376389049668e-06
262560,0.1187577621469344,0.0008361808483103497,0.0,1.0999980506196196,-2.875684017929492e-06
262620,0.11876027555509458,0.0008339929125295936,0.0,1.0999980506143119,-2.875990848532518e-06
262680,0.11876278243985425,0.0008318106554617688,0.0,1.099998050609018,-2.8762968829063894e-06
262740,0.1187652828179733,0.0008296340625341229,0.0,1.0999980506037377,-2.8766021230939596e-06
262800,0.11876777670617272,0.000827463119208,0.0,1.0999980505984712,-2.8769065711333104e-06
262860,0.11877026412113471,0.0008252978109787342,0.0,1.0999980505932183,-2.8772102290577654e-06
262920,0.11877274507950282,0.0008231381233755431,0.0,1.0999980505879792,-2.8775130988959057e-06
262980,0.11877521959788204,0.0008209840419614209,0.0,1.0999980505827536,-2.877815182671584e-06
263040,0.11877768769283893,0.0008188355523330318,0.0,1.0999980505775415,-2.8781164824039406e-06
263100,0.11878014938090178,0.0008166926401206034,0.0,1.099998050572343,-2.878417000107417e-06
263160,0.11878260467856074,0.00081455529098782,0.0,1.0999980505671578,-2.8787167377917714e-06
263220,0.11878505360226783,0.000812423490631716,0.0,1.0999980505619864,-2.8790156974620954e-06
263280,0.11878749616843726,0.000810297224782569,0.0,1.099998050556828,-2.8793138811188247e-06
263340,0.11878993239344535,0.0008081764792037938,0.0,1.0999980505516833,-2.8796112907577586e-06
263400,0.11879236229363078,0.0008060612396918347,0.0,1.0999980505465519,-2.8799079283700726e-06
263460,0.11879478588529474,0.0008039514920760599,0.0,1.0999980505414337,-2.8802037959423325e-06
263520,0.1187972031847009,0.0008018472222186541,0.0,1.099998050536329,-2.880498895456511e-06
263580,0.11879961420807571,0.0007997484160145124,0.0,1.0999980505312374,-2.8807932288900025e-06
263640,0.11880201897160841,0.0007976550593911329,0.0,1.099998050526159,-2.8810867982156372e-06
263700,0.1188044174914512,0.000795567138308511,0.0,1.0999980505210938,-2.881379605401696e-06
263760,0.11880680978371935,0.0007934846387590318,0.0,1.0999980505160418,-2.881671652411927e-06
263820,0.11880919579705226,0.0007914075964203696,0.0,1.0999980505110034,-2.8819629341122527e-06
263880,0.11881157558960087,0.0007893359663459105,0.0,1.0999980505059783,-2.8822534568864742e-06
263940,0.11881394919784784,0.0007872697195477531,0.0,1.099998050500966,-2.882543224838663e-06
264000,0.11881631663763338,0.0007852088422414627,0.0,1.0999980504959672,-2.8828322399010532e-06
264060,0.11881867792475959,0.0007831533206758251,0.0,1.0999980504909812,-2.8831205040012238e-06
264120,0.11882103307499042,0.0007811031411327487,0.0,1.099998050486008,-2.883408019062114e-06
264180,0.11882338210405201,0.0007790582899271671,0.0,1.099998050481048,-2.8836947870020357e-06
264240,0.1188257250276326,0.0007770187534069405,0.0,1.0999980504761009,-2.8839808097346884e-06
264300,0.11882806186138274,0.0007749845179527576,0.0,1.0999980504711666,-2.8842660891691705e-06
264360,0.11883039262091542,0.0007729555699780373,0.0,1.0999980504662452,-2.8845506272099956e-06
264420,0.11883271732180611,0.0007709318959288315,0.0,1.0999980504613367,-2.8848344257571053e-06
264480,0.11883503597959295,0.000768913482283726,0.0,1.0999980504564408,-2.8851174867058828e-06
264540,0.11883734860977678,0.000766900315553743,0.0,1.0999980504515579,-2.8853998119471656e-06
264600,0.11883965522782133,0.0007648923822822431,0.0,1.0999980504466875,-2.885681403367261e-06
264660,0.1188419558491533,0.0007628896690448267,0.0,1.0999980504418299,-2.8859622628479584e-06
264720,0.11884425048916246,0.0007608921624492363,0.0,1.0999980504369848,-2.8862423922665444e-06
264780,0.11884653916320177,0.0007588998491352586,0.0,1.0999980504321525,-2.8865217934958145e-06
264840,0.11884882188658755,0.0007569127157746258,0.0,1.0999980504273328,-2.886800468404089e-06
264900,0.11885109867459945,0.000754930749070918,0.0,1.0999980504225255,-2.8870784188552243e-06
264960,0.11885336954248074,0.0007529539357594655,0.0,1.099998050417731,-2.887355646708629e-06
265020,0.11885563450543828,0.0007509822626072495,0.0,1.0999980504129487,-2.887632153819276e-06
265080,0.11885789357864272,0.0007490157164128052,0.0,1.099998050408179,-2.8879079420377164e-06
265140,0.11886014677722859,0.000747054284006123,0.0,1.0999980504034217,-2.8881830132100945e-06
265200,0.11886239411629435,0.0007450979522485512,0.0,1.0999980503986768,-2.8884573691781596e-06
265260,0.11886463561090262,0.0007431467080326968,0.0,1.0999980503939444,-2.8887310117792804e-06
265320,0.11886687127608019,0.0007412005382823286,0.0,1.0999980503892242,-2.8890039428464594e-06
265380,0.1188691011268182,0.000739259429952278,0.0,1.0999980503845164,-2.8892761642083455e-06
265440,0.1188713251780722,0.000737323370028342,0.0,1.0999980503798208,-2.8895476776892486e-06
265500,0.1188735434447623,0.0007353923455271843,0.0,1.0999980503751376,-2.889818485109153e-06
265560,0.11887575594177326,0.0007334663434962375,0.0,1.0999980503704665,-2.8900885882837312e-06
265620,0.11887796268395463,0.0007315453510136054,0.0,1.0999980503658076,-2.890357989024356e-06
265680,0.11888016368612084,0.0007296293551879643,0.0,1.0999980503611608,-2.8906266891381172e-06
265740,0.11888235896305131,0.000727718343158465,0.0,1.0999980503565263,-2.8908946904278335e-06
265800,0.1188845485294906,0.0007258123020946353,0.0,1.0999980503519038,-2.8911619946920652e-06
265860,0.11888673240014842,0.0007239112191962813,0.0,1.0999980503472933,-2.89142860372513e-06
265920,0.11888891058969991,0.0007220150816933896,0.0,1.099998050342695,-2.891694519317116e-06
265980,0.11889108311278561,0.0007201238768460292,0.0,1.0999980503381086,-2.891959743253894e-06
266040,0.11889324998401161,0.0007182375919442533,0.0,1.0999980503335343,-2.8922242773171337e-06
266100,0.1188954112179497,0.0007163562143080015,0.0,1.0999980503289717,-2.892488123284315e-06
266160,0.11889756682913745,0.0007144797312870013,0.0,1.0999980503244213,-2.8927512829287434e-06
266220,0.11889971683207833,0.0007126081302606705,0.0,1.0999980503198825,-2.893013758019563e-06
266280,0.1189018612412418,0.0007107413986380187,0.0,1.0999980503153557,-2.893275550321769e-06
266340,0.1189040000710635,0.0007088795238575496,0.0,1.0999980503108409,-2.8935366615962246e-06
266400,0.11890613333594524,0.0007070224933871624,0.0,1.0999980503063376,-2.893797093599671e-06
266460,0.11890826105025523,0.0007051702947240542,0.0,1.0999980503018463,-2.8940568480847432e-06
266520,0.11891038322832811,0.0007033229153946218,0.0,1.0999980502973667,-2.8943159267999844e-06
266580,0.11891249988446513,0.0007014803429543636,0.0,1.0999980502928988,-2.8945743314898565e-06
266640,0.1189146110329342,0.0006996425649877815,0.0,1.0999980502884426,-2.894832063894758e-06
266700,0.11891671668797005,0.0006978095691082828,0.0,1.0999980502839979,-2.895089125751034e-06
266760,0.1189188168637743,0.000695981342958082,0.0,1.099998050279565,-2.8953455187909918e-06
266820,0.1189209115745156,0.0006941578742081032,0.0,1.0999980502751434,-2.895601244742915e-06
266880,0.11892300083432977,0.0006923391505578813,0.0,1.0999980502707336,-2.8958563053310754e-06
266940,0.11892508465731987,0.0006905251597354645,0.0,1.0999980502663353,-2.8961107022757488e-06
267000,0.11892716305755627,0.0006887158894973163,0.0,1.0999980502619486,-2.8963644372932263e-06
267060,0.1189292360490769,0.0006869113276282166,0.0,1.0999980502575732,-2.89661751209583e-06
267120,0.11893130364588722,0.0006851114619411644,0.0,1.0999980502532094,-2.8968699283919263e-06
267180,0.11893336586196043,0.0006833162802772798,0.0,1.099998050248857,-2.8971216878859386e-06
267240,0.11893542271123751,0.0006815257705057051,0.0,1.0999980502445161,-2.897372792278362e-06
267300,0.11893747420762739,0.0006797399205235077,0.0,1.0999980502401865,-2.8976232432657775e-06
267360,0.11893952036500705,0.0006779587182555813,0.0,1.0999980502358682,-2.8978730425408632e-06
267420,0.11894156119722157,0.000676182151654548,0.0,1.099998050231561,-2.8981221917924107e-06
267480,0.11894359671808437,0.0006744102087006604,0.0,1.0999980502272653,-2.8983706927053375e-06
267540,0.1189456269413772,0.0006726428774017037,0.0,1.099998050222981,-2.898618546960701e-06
267600,0.1189476518808503,0.0006708801457928967,0.0,1.0999980502187077,-2.8988657562357125e-06
267660,0.11894967155022253,0.0006691220019367951,0.0,1.0999980502144455,-2.8991123222037495e-06
267720,0.11895168596318147,0.0006673684339231921,0.0,1.0999980502101947,-2.899358246534371e-06
267780,0.1189536951333835,0.0006656194298690212,0.0,1.099998050205955,-2.8996035308933314e-06
267840,0.11895569907445398,0.0006638749779182576,0.0,1.0999980502017261,-2.899848176942592e-06
267900,0.1189576977999873,0.0006621350662418207,0.0,1.0999980501975086,-2.9000921863403364e-06
267960,0.11895969132354703,0.0006603996830374753,0.0,1.0999980501933022,-2.9003355607409847e-06
268020,0.11896167965866598,0.0006586688165297341,0.0,1.0999980501891067,-2.9005783017952057e-06
268080,0.11896366281884642,0.0006569424549697593,0.0,1.0999980501849222,-2.9008204111499315e-06
268140,0.11896564081756007,0.0006552205866352648,0.0,1.0999980501807487,-2.9010618904483706e-06
268200,0.11896761366824828,0.0006535031998304177,0.0,1.0999980501765863,-2.9013027413300224e-06
268260,0.11896958138432213,0.0006517902828857405,0.0,1.0999980501724347,-2.9015429654306904e-06
268320,0.11897154397916258,0.0006500818241580133,0.0,1.099998050168294,-2.9017825643824953e-06
268380,0.11897350146612047,0.000648377812030175,0.0,1.0999980501641642,-2.90202153981389e-06
268440,0.11897545385851678,0.000646678234911226,0.0,1.099998050160045,-2.9022598933496724e-06
268500,0.11897740109922698,0.0006449831401349113,0.0,1.0999980501559359,-2.902497618380354e-06
268560,0.11897934322587571,0.0006432924957835893,0.0,1.0999980501518367,-2.9027347193711957e-06
268620,0.11898128029163492,0.0006416062569361444,0.0,1.0999980501477482,-2.9029712026045807e-06
268680,0.11898321230954474,0.0006399244122405475,0.0,1.0999980501436701,-2.9032070696718607e-06
268740,0.11898513929261356,0.0006382469503722977,0.0,1.0999980501396027,-2.903442322160528e-06
268800,0.11898706125381817,0.0006365738600343354,0.0,1.099998050135546,-2.903676961654226e-06
268860,0.11898897820610382,0.000634905129956958,0.0,1.0999980501314999,-2.9039109897327625e-06
268920,0.11899089016238439,0.0006332407488977331,0.0,1.0999980501274642,-2.904144407972122e-06
268980,0.11899279713554242,0.0006315807056414129,0.0,1.099998050123439,-2.9043772179444777e-06
269040,0.11899469913842924,0.0006299249889998488,0.0,1.0999980501194242,-2.9046094212182006e-06
269100,0.11899659618386504,0.0006282735878119052,0.0,1.0999980501154198,-2.9048410193578756e-06
269160,0.118998488284639,0.0006266264909433743,0.0,1.099998050111426,-2.9050720139243107e-06
269220,0.1190003754535094,0.0006249836872868896,0.0,1.0999980501074424,-2.905302406474551e-06
269280,0.11900225770320363,0.0006233451657618408,0.0,1.0999980501034692,-2.905532198561888e-06
269340,0.11900413504641841,0.0006217109153142875,0.0,1.0999980500995064,-2.9057613917358734e-06
269400,0.11900600749581981,0.000620080924916874,0.0,1.0999980500955537,-2.905989987542332e-06
269460,0.11900787506404335,0.0006184551835687431,0.0,1.0999980500916113,-2.906217987523371e-06
269520,0.11900973776369414,0.0006168336802954504,0.0,1.0999980500876791,-2.9064453932173944e-06
269580,0.11901159560734693,0.0006152164041488789,0.0,1.0999980500837572,-2.9066722061591133e-06
269640,0.11901344860754626,0.0006136033442071525,0.0,1.0999980500798454,-2.906898427879559e-06
269700,0.11901529677680649,0.0006119944895745511,0.0,1.0999980500759439,-2.907124059906094e-06
269760,0.11901714012761197,0.0006103898293814242,0.0,1.0999980500720525,-2.9073491037624245e-06
269820,0.11901897867241708,0.0006087893527841057,0.0,1.099998050068171,-2.9075735609686137e-06
269880,0.11902081242364636,0.0006071930489648272,0.0,1.0999980500642996,-2.9077974330410902e-06
269940,0.11902264139369462,0.0006056009071316335,0.0,1.0999980500604383,-2.9080207214926645e-06
270000,0.11902446559492698,0.0006040129165182957,0.0,1.0999980500565871,-2.9082434278325364e-06
270060,0.11902628503967905,0.0006024290663842262,0.0,1.0999980500527458,-2.9084655535663115e-06
270120,0.11902809974025694,0.0006008493460143925,0.0,1.0999980500489144,-2.9086871001960094e-06
270180,0.11902990970893743,0.0005992737447192317,0.0,1.0999980500450928,-2.908908069220077e-06
270240,0.11903171495796804,0.0005977022518345646,0.0,1.0999980500412812,-2.909128462133402e-06
270300,0.1190335154995671,0.0005961348567215099,0.0,1.0999980500374795,-2.9093482804273227e-06
270360,0.11903531134592392,0.0005945715487663988,0.0,1.0999980500336877,-2.9095675255896403e-06
270420,0.11903710250919881,0.0005930123173806884,0.0,1.0999980500299054,-2.9097861991046324e-06
270480,0.11903888900152322,0.000591457152000877,0.0,1.099998050026133,-2.910004302453063e-06
270540,0.11904067083499982,0.0005899060420884176,0.0,1.0999980500223705,-2.9102218371121963e-06
270600,0.11904244802170263,0.0005883589771296324,0.0,1.0999980500186177,-2.910438804555807e-06
270660,0.11904422057367708,0.000586815946635627,0.0,1.0999980500148745,-2.910655206254194e-06
270720,0.11904598850294014,0.0005852769401422046,0.0,1.099998050011141,-2.91087104367419e-06
270780,0.11904775182148036,0.0005837419472097804,0.0,1.0999980500074171,-2.9110863182791762e-06
270840,0.11904951054125806,0.0005822109574232954,0.0,1.0999980500037028,-2.911301031529092e-06
270900,0.11905126467420533,0.0005806839603921314,0.0,1.099998049999998,-2.9115151848804484e-06
270960,0.11905301423222622,0.0005791609457500244,0.0,1.099998049996303,-2.91172877978634e-06
271020,0.11905475922719677,0.0005776419031549796,0.0,1.0999980499926172,-2.9119418176964555e-06
271080,0.11905649967096513,0.0005761268222891848,0.0,1.099998049988941,-2.912154300057091e-06
271140,0.11905823557535165,0.0005746156928589254,0.0,1.0999980499852744,-2.9123662283111615e-06
271200,0.11905996695214902,0.0005731085045944985,0.0,1.099998049981617,-2.912577603898214e-06
271260,0.11906169381312229,0.0005716052472501265,0.0,1.0999980499779693,-2.9127884282544367e-06
271320,0.11906341617000904,0.0005701059106038721,0.0,1.0999980499743307,-2.912998702812674e-06
271380,0.11906513403451945,0.0005686104844575525,0.0,1.0999980499707016,-2.913208429002437e-06
271440,0.1190668474183364,0.0005671189586366529,0.0,1.0999980499670818,-2.9134176082499152e-06
271500,0.11906855633311555,0.0005656313229902417,0.0,1.0999980499634714,-2.913626241977989e-06
271560,0.11907026079048547,0.0005641475673908837,0.0,1.09999804995987,-2.9138343316062423e-06
271620,0.11907196080204772,0.0005626676817345554,0.0,1.0999980499562783,-2.9140418785509734e-06
271680,0.11907365637937693,0.0005611916559405585,0.0,1.0999980499526953,-2.914248884225207e-06
271740,0.11907534753402096,0.0005597194799514347,0.0,1.0999980499491218,-2.9144553500387063e-06
271800,0.11907703427750092,0.0005582511437328791,0.0,1.0999980499455573,-2.914661277397986e-06
271860,0.11907871662131132,0.0005567866372736554,0.0,1.099998049942002,-2.9148666677063236e-06
271920,0.11908039457692014,0.0005553259505855094,0.0,1.0999980499384558,-2.91507152236377e-06
271980,0.11908206815576895,0.0005538690737030837,0.0,1.0999980499349187,-2.9152758427671638e-06
272040,0.119083737369273,0.0005524159966838317,0.0,1.0999980499313906,-2.9154796303101414e-06
272100,0.11908540222882129,0.0005509667096079322,0.0,1.0999980499278714,-2.915682886383151e-06
272160,0.11908706274577674,0.0005495212025782027,0.0,1.0999980499243613,-2.9158856123734617e-06
272220,0.11908871893147621,0.0005480794657200149,0.0,1.0999980499208601,-2.916087809665178e-06
272280,0.11909037079723063,0.0005466414891812081,0.0,1.099998049917368,-2.9162894796392507e-06
272340,0.11909201835432509,0.0005452072631320035,0.0,1.0999980499138848,-2.916490623673489e-06
272400,0.11909366161401898,0.0005437767777649189,0.0,1.0999980499104103,-2.9166912431425722e-06
272460,0.11909530058754603,0.0005423500232946825,0.0,1.0999980499069448,-2.916891339418063e-06
272520,0.11909693528611441,0.0005409269899581471,0.0,1.099998049903488,-2.917090913868417e-06
272580,0.11909856572090691,0.0005395076680142048,0.0,1.0999980499000401,-2.917289967858997e-06
272640,0.1191001919030809,0.0005380920477437008,0.0,1.0999980498966009,-2.917488502752084e-06
272700,0.11910181384376856,0.0005366801194493478,0.0,1.0999980498931705,-2.9176865199068893e-06
272760,0.11910343155407692,0.0005352718734556401,0.0,1.0999980498897486,-2.9178840206795653e-06
272820,0.11910504504508791,0.0005338673001087683,0.0,1.0999980498863355,-2.918081006423221e-06
272880,0.1191066543278586,0.000532466389776533,0.0,1.0999980498829312,-2.9182774784879286e-06
272940,0.11910825941342111,0.000531069132848259,0.0,1.0999980498795354,-2.9184734382207407e-06
273000,0.11910986031278287,0.0005296755197347103,0.0,1.0999980498761484,-2.918668886965699e-06
273060,0.11911145703692662,0.0005282855408680032,0.0,1.0999980498727697,-2.918863826063847e-06
273120,0.11911304959681054,0.0005268991867015219,0.0,1.0999980498693998,-2.919058256853244e-06
273180,0.11911463795092492,0.0005255164957077301,0.0,1.0999980498660407,-2.919252174059506e-06
273240,0.11911622210613182,0.0005241374620864771,0.0,1.0999980498626933,-2.9194455785046765e-06
273300,0.11911780212407116,0.0005227620299020518,0.0,1.0999980498593547,-2.9196384779145712e-06
273360,0.11911937801545139,0.0005213901898316134,0.0,1.0999980498560247,-2.9198308735962066e-06
273420,0.11912094979095468,0.0005200219325751733,0.0,1.0999980498527033,-2.9200227668533935e-06
273480,0.11912251746123702,0.0005186572488555239,0.0,1.0999980498493909,-2.9202141589867514e-06
273540,0.11912408103692827,0.0005172961294181639,0.0,1.099998049846087,-2.920405051293715e-06
273600,0.11912564052863232,0.0005159385650312263,0.0,1.099998049842792,-2.920595445068547e-06
273660,0.11912719594692708,0.0005145845464854048,0.0,1.0999980498395052,-2.9207853416023477e-06
273720,0.11912874730236463,0.0005132340645938809,0.0,1.0999980498362274,-2.9209747421830643e-06
273780,0.11913029460547128,0.0005118871101922508,0.0,1.099998049832958,-2.921163648095502e-06
273840,0.11913183786674765,0.0005105436741384523,0.0,1.0999980498296973,-2.921352060621335e-06
273900,0.11913337709666878,0.0005092037473126919,0.0,1.099998049826445,-2.9215399810391134e-06
273960,0.11913491230568418,0.0005078673206173715,0.0,1.0999980498232014,-2.921727410624278e-06
274020,0.11913644350421794,0.0005065343849770152,0.0,1.0999980498199664,-2.9219143506491674e-06
274080,0.11913797070266877,0.000505204931338197,0.0,1.0999980498167397,-2.9221008023830292e-06
274140,0.11913949391141017,0.0005038789506694665,0.0,1.0999980498135216,-2.92228676709203e-06
274200,0.11914101314079042,0.000502556433961277,0.0,1.099998049810312,-2.9224722460392658e-06
274260,0.11914252840113275,0.0005012373722259118,0.0,1.099998049807111,-2.922657240484772e-06
274320,0.11914403970273531,0.0004999217564974111,0.0,1.0999980498039181,-2.922841751685535e-06
274380,0.1191455470558714,0.0004986095778314993,0.0,1.0999980498007338,-2.9230257808954986e-06
274440,0.11914705047078943,0.0004973008273055117,0.0,1.0999980497975579,-2.9232093293655795e-06
274500,0.11914854995771305,0.0004959954960183214,0.0,1.0999980497943902,-2.923392398343674e-06
274560,0.11915004552684128,0.0004946935750902661,0.0,1.0999980497912312,-2.923574989074668e-06
274620,0.11915153718834849,0.0004933950556630755,0.0,1.0999980497880801,-2.9237571028004503e-06
274680,0.11915302495238461,0.0004920999288997978,0.0,1.0999980497849378,-2.9239387407599186e-06
274740,0.11915450882907509,0.0004908081859847267,0.0,1.0999980497818036,-2.924119904188994e-06
274800,0.11915598882852109,0.0004895198181233284,0.0,1.0999980497786777,-2.924300594320628e-06
274860,0.11915746496079946,0.0004882348165421688,0.0,1.0999980497755601,-2.9244808123848147e-06
274920,0.11915893723596294,0.0004869531724888397,0.0,1.0999980497724506,-2.924660559608599e-06
274980,0.11916040566404014,0.0004856748772318865,0.0,1.0999980497693496,-2.9248398372160886e-06
275040,0.11916187025503569,0.00048439992206073467,0.0,1.0999980497662567,-2.9250186464284645e-06
275100,0.11916333101893031,0.00048312829828561684,0.0,1.099998049763172,-2.9251969884639894e-06
275160,0.11916478796568086,0.0004818599972374997,0.0,1.0999980497600956,-2.925374864538019e-06
275220,0.11916624110522049,0.000480595010268011,0.0,1.0999980497570274,-2.9255522758630133e-06
275280,0.11916769044745865,0.0004793333287493663,0.0,1.0999980497539672,-2.925729223648544e-06
275340,0.11916913600228121,0.00047807494407429605,0.0,1.0999980497509154,-2.925905709101307e-06
275400,0.11917057777955056,0.00047681984765597245,0.0,1.0999980497478714,-2.926081733425132e-06
275460,0.11917201578910568,0.0004755680309279365,0.0,1.0999980497448358,-2.926257297820994e-06
275520,0.11917345004076219,0.0004743194853440247,0.0,1.0999980497418083,-2.92643240348702e-06
275580,0.11917488054431251,0.0004730742023782962,0.0,1.0999980497387887,-2.9266070516185034e-06
275640,0.11917630730952587,0.00047183217352495964,0.0,1.0999980497357773,-2.926781243407911e-06
275700,0.11917773034614842,0.0004705933902983001,0.0,1.099998049732774,-2.926954980044895e-06
275760,0.11917914966390333,0.00046935784423260586,0.0,1.0999980497297785,-2.9271282627163033e-06
275820,0.11918056527249088,0.00046812552688209563,0.0,1.0999980497267912,-2.927301092606188e-06
275880,0.11918197718158847,0.0004668964298208453,0.0,1.099998049723812,-2.927473470895818e-06
275940,0.11918338540085083,0.0004656705446427149,0.0,1.0999980497208406,-2.927645398763687e-06
276000,0.11918478993990995,0.0004644478629612754,0.0,1.0999980497178774,-2.9278168773855256e-06
276060,0.11918619080837535,0.00046322837640973594,0.0,1.099998049714922,-2.92798790793431e-06
276120,0.11918758801583396,0.00046201207664087044,0.0,1.0999980497119746,-2.928158491580273e-06
276180,0.11918898157185039,0.0004607989553269447,0.0,1.0999980497090351,-2.928328629490915e-06
276240,0.11919037148596685,0.0004595890041596434,0.0,1.0999980497061037,-2.928498322831012e-06
276300,0.1191917577677034,0.00045838221484999675,0.0,1.09999804970318,-2.9286675727626275e-06
276360,0.11919314042655788,0.0004571785791283078,0.0,1.0999980497002644,-2.9288363804451235e-06
276420,0.1191945194720061,0.00045597808874407893,0.0,1.0999980496973567,-2.9290047470351677e-06
276480,0.11919589491350185,0.00045478073546593913,0.0,1.0999980496944568,-2.9291726736867473e-06
276540,0.11919726676047708,0.0004535865110815709,0.0,1.0999980496915647,-2.929340161551177e-06
276600,0.11919863502234186,0.00045239540739763697,0.0,1.0999980496886803,-2.929507211777109e-06
276660,0.11919999970848456,0.0004512074162397073,0.0,1.099998049685804,-2.9296738255105456e-06
276720,0.11920136082827192,0.0004500225294521862,0.0,1.0999980496829354,-2.9298400038948457e-06
276780,0.11920271839104905,0.00044884073889823903,0.0,1.0999980496800748,-2.9300057480707395e-06
276840,0.11920407240613967,0.0004476620364597192,0.0,1.0999980496772217,-2.9301710591763345e-06
276900,0.11920542288284605,0.00044648641403709514,0.0,1.0999980496743766,-2.9303359383471283e-06
276960,0.11920676983044914,0.0004453138635493772,0.0,1.0999980496715391,-2.930500386716018e-06
277020,0.11920811325820871,0.0004441443769340446,0.0,1.0999980496687096,-2.930664405413311e-06
277080,0.11920945317536334,0.0004429779461469722,0.0,1.0999980496658877,-2.9308279955667345e-06
277140,0.11921078959113057,0.00044181456316235774,0.0,1.0999980496630735,-2.930991158301445e-06
277200,0.11921212251470698,0.0004406542199726486,0.0,1.099998049660267,-2.9311538947400406e-06
277260,0.11921345195526821,0.00043949690858846856,0.0,1.0999980496574684,-2.9313162060025707e-06
277320,0.11921477792196918,0.00043834262103854496,0.0,1.0999980496546773,-2.9314780932065437e-06
277380,0.11921610042394398,0.0004371913493696357,0.0,1.099998049651894,-2.9316395574669407e-06
277440,0.11921741947030615,0.00043604308564645575,0.0,1.0999980496491184,-2.931800599896224e-06
277500,0.11921873507014863,0.0004348978219516046,0.0,1.0999980496463504,-2.931961221604347e-06
277560,0.11922004723254391,0.0004337555503854929,0.0,1.09999804964359,-2.9321214236987655e-06
277620,0.11922135596654407,0.0004326162630662693,0.0,1.0999980496408372,-2.9322812072844463e-06
277680,0.11922266128118089,0.0004314799521297477,0.0,1.0999980496380923,-2.9324405734638803e-06
277740,0.11922396318546598,0.00043034660972933377,0.0,1.099998049635355,-2.932599523337089e-06
277800,0.11922526168839076,0.0004292162280359524,0.0,1.0999980496326252,-2.932758058001639e-06
277860,0.11922655676527451,0.0004280888293619623,0.0,1.0999980496298998,-2.9329161743770325e-06
277920,0.11922784839822555,0.00042696442994200425,0.0,1.0999980496271768,-2.933073870225205e-06
277980,0.11922913665169671,0.00042584297229867176,0.0,1.099998049624461,-2.933231153525601e-06
278040,0.11923042153446732,0.0004247244487907884,0.0,1.0999980496217523,-2.933388025349625e-06
278100,0.11923170305529504,0.0004236088517960445,0.0,1.0999980496190507,-2.9335444867660386e-06
278160,0.11923298122291599,0.0004224961737109351,0.0,1.0999980496163562,-2.9337005388409678e-06
278220,0.11923425604604483,0.00042138640695069736,0.0,1.0999980496136685,-2.9338561826379133e-06
278280,0.11923552753337475,0.0004202795439492486,0.0,1.099998049610988,-2.934011419217758e-06
278340,0.11923679569357765,0.0004191755771591239,0.0,1.0999980496083146,-2.9341662496387756e-06
278400,0.11923806053530414,0.00041807449905141385,0.0,1.0999980496056483,-2.93432067495664e-06
278460,0.11923932206718364,0.00041697630211570214,0.0,1.0999980496029886,-2.9344746962244346e-06
278520,0.11924058029782446,0.00041588097886000356,0.0,1.099998049600336,-2.9346283144926596e-06
278580,0.11924183523581382,0.00041478852181070155,0.0,1.0999980495976904,-2.934781530809241e-06
278640,0.119243086889718,0.0004136989235124858,0.0,1.0999980495950519,-2.93493434621954e-06
278700,0.11924433526808235,0.0004126121765282904,0.0,1.09999804959242,-2.9350867617663613e-06
278760,0.11924558037943139,0.0004115282734392311,0.0,1.099998049589795,-2.9352387784899625e-06
278820,0.11924682223226889,0.00041044720684454343,0.0,1.0999980495871768,-2.9353903974280626e-06
278880,0.11924806083507788,0.00040936896936152,0.0,1.0999980495845654,-2.9355416196158484e-06
278940,0.11924929619632085,0.00040829355362544876,0.0,1.099998049581961,-2.935692446085987e-06
279000,0.11925052832443966,0.0004072209522895502,0.0,1.099998049579363,-2.9358428778686326e-06
279060,0.11925175722785575,0.00040615115802491547,0.0,1.099998049576772,-2.9359929159914353e-06
279120,0.11925298291497012,0.00040508416352044393,0.0,1.099998049574188,-2.936142561479549e-06
279180,0.11925420539416347,0.0004040199614827809,0.0,1.0999980495716102,-2.9362918153556414e-06
279240,0.11925542467379621,0.0004029585446362554,0.0,1.0999980495690393,-2.9364406786399032e-06
279300,0.1192566407622086,0.00040189990572281787,0.0,1.099998049566475,-2.9365891523500554e-06
279360,0.11925785366772074,0.0004008440375019779,0.0,1.0999980495639174,-2.936737237501359e-06
279420,0.11925906339863271,0.00039979093275074206,0.0,1.0999980495613664,-2.936884935106622e-06
279480,0.11926026996322461,0.0003987405842635514,0.0,1.099998049558822,-2.937032246176211e-06
279540,0.11926147336975666,0.00039769298485221947,0.0,1.099998049556284,-2.9371791717180577e-06
279600,0.11926267362646924,0.00039664812734586973,0.0,1.0999980495537527,-2.937325712737668e-06
279660,0.11926387074158296,0.00039560600459087353,0.0,1.0999980495512278,-2.9374718702381324e-06
279720,0.11926506472329874,0.0003945666094507878,0.0,1.0999980495487096,-2.9376176452201316e-06
279780,0.11926625557979793,0.00039352993480629264,0.0,1.0999980495461976,-2.937763038681948e-06
279840,0.11926744331924233,0.0003924959735551292,0.0,1.0999980495436923,-2.937908051619473e-06
279900,0.11926862794977422,0.0003914647186120373,0.0,1.0999980495411934,-2.9380526850262166e-06
279960,0.11926980947951654,0.00039043616290869324,0.0,1.0999980495387007,-2.938196939893315e-06
280020,0.1192709879165729,0.00038941029939364754,0.0,1.0999980495362147,-2.9383408172095407e-06
280080,0.1192721632690276,0.0003883871210322626,0.0,1.099998049533735,-2.9384843179613105e-06
280140,0.11927333554494587,0.0003873666208066504,0.0,1.0999980495312613,-2.938627443132693e-06
280200,0.11927450475237372,0.0003863487917156103,0.0,1.0999980495287942,-2.9387701937054204e-06
280260,0.1192756708993382,0.00038533362677456684,0.0,1.0999980495263333,-2.9389125706588942e-06
280320,0.11927683399384735,0.0003843211190155073,0.0,1.0999980495238788,-2.9390545749701955e-06
280380,0.11927799404389035,0.0003833112614869196,0.0,1.0999980495214303,-2.9391962076140926e-06
280440,0.11927915105743754,0.00038230404725372977,0.0,1.0999980495189883,-2.9393374695630523e-06
280500,0.11928030504244051,0.0003812994693972401,0.0,1.0999980495165522,-2.9394783617872444e-06
280560,0.1192814560068322,0.00038029752101506636,0.0,1.0999980495141226,-2.939618885254555e-06
280620,0.11928260395852691,0.00037929819522107593,0.0,1.099998049511699,-2.9397590409305918e-06
280680,0.11928374890542046,0.00037830148514532544,0.0,1.0999980495092814,-2.9398988297786942e-06
280740,0.11928489085539012,0.0003773073839339983,0.0,1.09999804950687,-2.9400382527599424e-06
280800,0.1192860298162949,0.00037631588474934275,0.0,1.0999980495044648,-2.940177310833165e-06
280860,0.11928716579597536,0.00037532698076960924,0.0,1.0999980495020654,-2.9403160049549493e-06
280920,0.11928829880225392,0.0003743406651889884,0.0,1.0999980494996722,-2.9404543360796474e-06
280980,0.11928942884293475,0.00037335693121754875,0.0,1.099998049497285,-2.940592305159388e-06
281040,0.11929055592580401,0.0003723757720811743,0.0,1.0999980494949038,-2.9407299131440837e-06
281100,0.11929168005862974,0.0003713971810215025,0.0,1.0999980494925286,-2.9408671609814397e-06
281160,0.11929280124916207,0.0003704211512958617,0.0,1.0999980494901591,-2.9410040496169615e-06
281220,0.11929391950513324,0.000369447676177209,0.0,1.0999980494877957,-2.941140579993966e-06
281280,0.11929503483425768,0.0003684767489540681,0.0,1.099998049485438,-2.9412767530535883e-06
281340,0.1192961472442321,0.0003675083629304668,0.0,1.0999980494830863,-2.9414125697347914e-06
281400,0.11929725674273549,0.00036654251142587493,0.0,1.0999980494807404,-2.9415480309743743e-06
281460,0.11929836333742928,0.000365579187775142,0.0,1.0999980494784005,-2.9416831377069814e-06
281520,0.11929946703595738,0.0003646183853284348,0.0,1.0999980494760662,-2.9418178908651097e-06
281580,0.11930056784594624,0.0003636600974511754,0.0,1.0999980494737376,-2.9419522913791207e-06
281640,0.11930166577500492,0.00036270431752397867,0.0,1.0999980494714148,-2.9420863401772448e-06
281700,0.11930276083072518,0.0003617510389425901,0.0,1.0999980494690977,-2.9422200381855943e-06
281760,0.11930385302068156,0.00036080025511782345,0.0,1.0999980494667865,-2.9423533863281686e-06
281820,0.1193049423524314,0.00035985195947549857,0.0,1.0999980494644808,-2.9424863855268658e-06
281880,0.11930602883351497,0.0003589061454563791,0.0,1.0999980494621806,-2.9426190367014886e-06
281940,0.11930711247145555,0.00035796280651611005,0.0,1.0999980494598862,-2.942751340769756e-06
282000,0.11930819327375941,0.00035702193612515597,0.0,1.0999980494575972,-2.94288329864731e-06
282060,0.11930927124791599,0.00035608352776873804,0.0,1.0999980494553139,-2.9430149112477245e-06
282120,0.1193103464013979,0.0003551475749467723,0.0,1.0999980494530361,-2.943146179482514e-06
282180,0.11931141874166104,0.0003542140711738073,0.0,1.0999980494507637,-2.9432771042611447e-06
282240,0.11931248827614464,0.00035328300997896153,0.0,1.0999980494484969,-2.943407686491039e-06
282300,0.11931355501227134,0.00035235438490586156,0.0,1.0999980494462356,-2.943537927077588e-06
282360,0.11931461895744727,0.0003514281895125794,0.0,1.0999980494439796,-2.9436678269241577e-06
282420,0.1193156801190621,0.0003505044173715705,0.0,1.0999980494417292,-2.943797386932099e-06
282480,0.11931673850448916,0.0003495830620696114,0.0,1.099998049439484,-2.9439266080007567e-06
282540,0.11931779410134757,0.0003486641337190231,0.0,1.0999980494372463,-2.944055488705698e-06
282600,0.11931884687160836,0.00034774766388812815,0.0,1.0999980494350212,-2.9441840246054047e-06
282660,0.11931989688320625,0.0003468335955042354,0.0,1.099998049432802,-2.944312223722859e-06
282720,0.11932094414332983,0.00034592192231111844,0.0,1.0999980494305885,-2.9444400869353582e-06
282780,0.11932198865914997,0.00034501263806801196,0.0,1.0999980494283808,-2.9445676151180303e-06
282840,0.11932303043781983,0.0003441057365495589,0.0,1.0999980494261787,-2.9446948091438453e-06
282900,0.11932406948647496,0.00034320121154575727,0.0,1.0999980494239825,-2.94482166988362e-06
282960,0.11932510581223332,0.0003422990568619069,0.0,1.099998049421792,-2.9449481982060265e-06
283020,0.1193261394221954,0.00034139926631855644,0.0,1.099998049419607,-2.9450743949775997e-06
283080,0.11932717032344424,0.0003405018337514502,0.0,1.0999980494174282,-2.945200261062745e-06
283140,0.11932819852304549,0.0003396067530114751,0.0,1.0999980494152548,-2.945325797323744e-06
283200,0.11932922402804746,0.00033871401796460755,0.0,1.099998049413087,-2.9454510046207648e-06
283260,0.11933024684548127,0.0003378236224918602,0.0,1.099998049410925,-2.9455758838118668e-06
283320,0.11933126698236075,0.000336935560489229,0.0,1.0999980494087687,-2.9457004357530093e-06
283380,0.11933228444568267,0.00033604982586764,0.0,1.0999980494066177,-2.9458246612980597e-06
283440,0.1193332992424267,0.0003351664125528963,0.0,1.0999980494044728,-2.9459485612987992e-06
283500,0.11933431137955545,0.0003342853144856248,0.0,1.0999980494023331,-2.9460721366049316e-06
283560,0.11933532086401467,0.00033340652562122326,0.0,1.0999980494001993,-2.94619538806409e-06
283620,0.11933632770273314,0.00033253003992980706,0.0,1.099998049398071,-2.9463183165218443e-06
283680,0.11933733190262283,0.0003316558513961562,0.0,1.0999980493959483,-2.94644092282171e-06
283740,0.11933833347057896,0.000330783954019662,0.0,1.0999980493938313,-2.9465632078051526e-06
283800,0.11933933241348,0.0003299143418142742,0.0,1.0999980493917196,-2.9466851723115985e-06
283860,0.11934032873818783,0.0003290470088084478,0.0,1.0999980493896135,-2.9468068171784406e-06
283920,0.11934132245154767,0.0003281819490450898,0.0,1.0999980493875132,-2.946928143241045e-06
283980,0.1193423135603883,0.0003273191565815061,0.0,1.0999980493854182,-2.9470491513327607e-06
284040,0.11934330207152195,0.00032645862548934875,0.0,1.0999980493833288,-2.9471698422849254e-06
284100,0.11934428799174451,0.0003256003498545623,0.0,1.099998049381245,-2.9472902169268724e-06
284160,0.11934527132783548,0.00032474432377733114,0.0,1.0999980493791663,-2.94741027608594e-06
284220,0.11934625208655812,0.000323890541372026,0.0,1.0999980493770936,-2.9475300205874777e-06
284280,0.11934723027465945,0.00032303899676715123,0.0,1.099998049375026,-2.947649451254854e-06
284340,0.11934820589887031,0.0003221896841052914,0.0,1.099998049372964,-2.9477685689094625e-06
284400,0.11934917896590548,0.00032134259754305823,0.0,1.0999980493709076,-2.9478873743707323e-06
284460,0.11935014948246367,0.0003204977312510376,0.0,1.0999980493688564,-2.948005868456132e-06
284520,0.11935111745522764,0.0003196550794137363,0.0,1.099998049366811,-2.94812405198118e-06
284580,0.11935208289086423,0.000318814636229529,0.0,1.0999980493647705,-2.94824192575945e-06
284640,0.11935304579602439,0.00031797639591060517,0.0,1.0999980493627357,-2.948359490602579e-06
284700,0.11935400617734332,0.0003171403526829158,0.0,1.0999980493607062,-2.9484767473202757e-06
284760,0.11935496404144047,0.0003163065007861205,0.0,1.0999980493586823,-2.9485936967203266e-06
284820,0.11935591939491963,0.0003154748344735342,0.0,1.0999980493566637,-2.948710339608604e-06
284880,0.11935687224436896,0.00031464534801207424,0.0,1.0999980493546504,-2.9488266767890737e-06
284940,0.11935782259636109,0.00031381803568220697,0.0,1.0999980493526427,-2.948942709063801e-06
285000,0.11935877045745315,0.00031299289177789497,0.0,1.09999804935064,-2.9490584372329613e-06
285060,0.11935971583418682,0.0003121699106065437,0.0,1.0999980493486428,-2.9491738620948443e-06
285120,0.11936065873308849,0.00031134908648894837,0.0,1.099998049346651,-2.9492889844458618e-06
285180,0.11936159916066916,0.0003105304137592411,0.0,1.0999980493446646,-2.949403805080558e-06
285240,0.11936253712342464,0.0003097138867648375,0.0,1.0999980493426833,-2.9495183247916136e-06
285300,0.11936347262783552,0.00030889949986638365,0.0,1.0999980493407076,-2.9496325443698544e-06
285360,0.11936440568036731,0.0003080872474377032,0.0,1.099998049338737,-2.94974646460426e-06
285420,0.11936533628747042,0.00030727712386574384,0.0,1.0999980493367716,-2.9498600862819694e-06
285480,0.11936626445558028,0.0003064691235505246,0.0,1.0999980493348118,-2.949973410188289e-06
285540,0.11936719019111738,0.00030566324090508247,0.0,1.099998049332857,-2.950086437106701e-06
285600,0.11936811350048734,0.0003048594703554193,0.0,1.0999980493309076,-2.9501991678188693e-06
285660,0.11936903439008094,0.00030405780634044905,0.0,1.0999980493289634,-2.9503116031046486e-06
285720,0.11936995286627422,0.00030325824331194404,0.0,1.0999980493270247,-2.95042374374209e-06
285780,0.11937086893542855,0.0003024607757344824,0.0,1.099998049325091,-2.950535590507449e-06
285840,0.1193717826038906,0.0003016653980853947,0.0,1.0999980493231627,-2.9506471441751953e-06
285900,0.11937269387799253,0.0003008721048547108,0.0,1.0999980493212393,-2.9507584055180165e-06
285960,0.11937360276405197,0.00030008089054510694,0.0,1.0999980493193215,-2.950869375306828e-06
286020,0.11937450926837209,0.0002992917496718524,0.0,1.0999980493174089,-2.950980054310779e-06
286080,0.1193754133972417,0.00029850467676275657,0.0,1.0999980493155013,-2.951090443297262e-06
286140,0.11937631515693523,0.00029771966635811566,0.0,1.099998049313599,-2.9512005430319177e-06
286200,0.11937721455371289,0.0002969367130106598,0.0,1.0999980493117019,-2.9513103542786443e-06
286260,0.11937811159382067,0.0002961558112854998,0.0,1.09999804930981,-2.951419877799604e-06
286320,0.1193790062834904,0.0002953769557600739,0.0,1.0999980493079233,-2.9515291143552303e-06
286380,0.11937989862893984,0.00029460014102409497,0.0,1.099998049306042,-2.9516380647042374e-06
286440,0.11938078863637275,0.00029382536167949717,0.0,1.0999980493041654,-2.951746729603624e-06
286500,0.11938167631197888,0.00029305261234038285,0.0,1.0999980493022943,-2.9518551098086845e-06
286560,0.1193825616619341,0.0002922818876329696,0.0,1.0999980493004284,-2.9519632060730142e-06
286620,0.11938344469240048,0.00029151318219553695,0.0,1.0999980492985675,-2.952071019148517e-06
286680,0.11938432540952623,0.0002907464906783733,0.0,1.0999980492967119,-2.9521785497854137e-06
286740,0.11938520381944591,0.0002899818077437229,0.0,1.0999980492948613,-2.9522857987322486e-06
286800,0.1193860799282804,0.00028921912806573267,0.0,1.099998049293016,-2.952392766735897e-06
286860,0.119386953742137,0.000288458446330399,0.0,1.0999980492911756,-2.952499454541573e-06
286920,0.11938782526710943,0.00028769975723551494,0.0,1.0999980492893404,-2.9526058628928377e-06
286980,0.119388694509278,0.0002869430554906166,0.0,1.0999980492875103,-2.9527119925316042e-06
287040,0.11938956147470955,0.00028618833581693046,0.0,1.0999980492856856,-2.952817844198148e-06
287100,0.11939042616945762,0.00028543559294732016,0.0,1.0999980492838657,-2.952923418631112e-06
287160,0.11939128859956243,0.0002846848216262332,0.0,1.0999980492820511,-2.9530287165675154e-06
287220,0.11939214876291315,0.00028393602348672416,0.0,1.0999980492802408,-2.9531337377745913e-06
287280,0.11939300660573725,0.00028318924382036265,0.0,1.09999804927843,-2.9532384758732366e-06
287340,0.11939386219791406,0.00028244442342364865,0.0,1.0999980492766241,-2.9533429391954014e-06
287400,0.11939471554532323,0.0002817015571781525,0.0,1.099998049274823,-2.953447128458826e-06
287460,0.11939556665382978,0.0002809606399780854,0.0,1.0999980492730266,-2.9535510443794787e-06
287520,0.11939641552928432,0.00028022166673025487,0.0,1.099998049271235,-2.95365468767156e-06
287580,0.11939726217752293,0.0002794846323540195,0.0,1.0999980492694479,-2.9537580590475113e-06
287640,0.11939810660436738,0.0002787495317812448,0.0,1.0999980492676658,-2.9538611592180174e-06
287700,0.11939894881562502,0.000278016359956258,0.0,1.099998049265888,-2.9539639888920174e-06
287760,0.11939978881708893,0.0002772851118358035,0.0,1.0999980492641153,-2.9540665487767068e-06
287820,0.11940062661453797,0.0002765557823889978,0.0,1.099998049262347,-2.954168839577546e-06
287880,0.11940146221373678,0.00027582836659728534,0.0,1.0999980492605834,-2.9542708619982676e-06
287940,0.11940229562043587,0.00027510285945439307,0.0,1.0999980492588244,-2.9543726167408788e-06
288000,0.11940312684037169,0.0002743792559662861,0.0,1.09999804925707,-2.954474104505671e-06
288060,0.11940395587926657,0.00027365755115112275,0.0,1.0999980492553203,-2.9545753259912257e-06
288120,0.11940478274282895,0.00027293774003920993,0.0,1.0999980492535752,-2.9546762818944195e-06
288180,0.11940560743675327,0.0002722198176729583,0.0,1.0999980492518346,-2.9547769729104312e-06
288240,0.11940642996672012,0.0002715037791068375,0.0,1.0999980492500987,-2.954877399732748e-06
288300,0.11940725033839623,0.00027078961940733143,0.0,1.0999980492483672,-2.9549775630531713e-06
288360,0.11940806855743456,0.00027007733365289337,0.0,1.0999980492466404,-2.9550774635618234e-06
288420,0.11940888462947435,0.0002693669169339014,0.0,1.0999980492449182,-2.9551771019471543e-06
288480,0.11940969856014115,0.00026865836435261347,0.0,1.0999980492432002,-2.9552764788959465e-06
288540,0.11941051035504686,0.00026795167102312275,0.0,1.099998049241487,-2.9553755950933225e-06
288600,0.11941132001978985,0.00026724683207131285,0.0,1.099998049239778,-2.9554744512227503e-06
288660,0.11941212755995492,0.000266543842634813,0.0,1.0999980492380739,-2.9555730479660507e-06
288720,0.11941293298111343,0.00026584269786295326,0.0,1.099998049236374,-2.9556713860034026e-06
288780,0.11941373628882328,0.00026514339291672,0.0,1.0999980492346786,-2.9557694660133485e-06
288840,0.11941453748862901,0.0002644459229687108,0.0,1.0999980492329875,-2.9558672886728036e-06
288900,0.11941533658606186,0.00026375028320308987,0.0,1.099998049231301,-2.9559648546570595e-06
288960,0.11941613358663977,0.0002630564688155433,0.0,1.0999980492296189,-2.95606216463979e-06
289020,0.11941692849586749,0.00026236447501323427,0.0,1.099998049227941,-2.9561592192930613e-06
289080,0.11941772131923659,0.0002616742970147582,0.0,1.0999980492262678,-2.956256019287333e-06
289140,0.11941851206222548,0.00026098593005009817,0.0,1.0999980492245989,-2.956352565291468e-06
289200,0.11941930073029958,0.00026029936936058,0.0,1.0999980492229344,-2.9564488579727376e-06
289260,0.11942008732891124,0.00025961461019882747,0.0,1.0999980492212742,-2.956544897996828e-06
289320,0.11942087186349987,0.0002589316478287178,0.0,1.0999980492196182,-2.956640686027846e-06
289380,0.11942165433949196,0.00025825047752533656,0.0,1.0999980492179666,-2.9567362227283263e-06
289440,0.11942243476230115,0.00025757109457493307,0.0,1.0999980492163193,-2.9568315087592365e-06
289500,0.11942321313732826,0.0002568934942748757,0.0,1.0999980492146764,-2.956926544779984e-06
289560,0.11942398946996134,0.00025621767193360705,0.0,1.0999980492130377,-2.957021331448423e-06
289620,0.11942476376557576,0.0002555436228705991,0.0,1.0999980492114032,-2.957115869420859e-06
289680,0.11942553602953421,0.0002548713424163086,0.0,1.0999980492097732,-2.957210159352057e-06
289740,0.11942630626718678,0.00025420082591213214,0.0,1.0999980492081471,-2.9573042018952464e-06
289800,0.11942707448387102,0.00025353206871036156,0.0,1.0999980492065256,-2.9573979977021277e-06
289860,0.11942784068491195,0.00025286506617413904,0.0,1.0999980492049082,-2.9574915474228787e-06
289920,0.1194286048756222,0.0002521998136774124,0.0,1.0999980492032948,-2.957584851706161e-06
289980,0.11942936706130189,0.0002515363066048904,0.0,1.0999980492016859,-2.957677911199126e-06
290040,0.1194301272472389,0.00025087454035199795,0.0,1.099998049200081,-2.957770726547422e-06
290100,0.11943088543870874,0.0002502145103248311,0.0,1.0999980491984802,-2.9578632983951978e-06
290160,0.11943164164097471,0.0002495562119401128,0.0,1.0999980491968837,-2.9579556273851132e-06
290220,0.11943239585928792,0.0002488996406251476,0.0,1.0999980491952912,-2.9580477141583413e-06
290280,0.11943314809888729,0.00024824479181777715,0.0,1.099998049193703,-2.9581395593545774e-06
290340,0.1194338983649997,0.0002475916609663355,0.0,1.0999980491921189,-2.9582311636120435e-06
290400,0.11943464666283994,0.0002469402435296042,0.0,1.0999980491905388,-2.9583225275674958e-06
290460,0.11943539299761086,0.0002462905349767675,0.0,1.0999980491889627,-2.95841365185623e-06
290520,0.11943613737450332,0.00024564253078736774,0.0,1.0999980491873909,-2.958504537112089e-06
290580,0.11943687979869631,0.00024499622645126056,0.0,1.099998049185823,-2.958595183967468e-06
290640,0.11943762027535701,0.00024435161746856995,0.0,1.0999980491842594,-2.9586855930533193e-06
290700,0.11943835880964078,0.00024370869934964374,0.0,1.0999980491826995,-2.958775764999163e-06
290760,0.11943909540669123,0.00024306746761500872,0.0,1.0999980491811439,-2.958865700433088e-06
290820,0.11943983007164034,0.00024242791779532588,0.0,1.099998049179592,-2.958955399981763e-06
290880,0.11944056280960842,0.00024179004543134556,0.0,1.0999980491780443,-2.9590448642704382e-06
290940,0.1194412936257042,0.00024115384607386293,0.0,1.0999980491765005,-2.959134093922956e-06
291000,0.11944202252502488,0.00024051931528367294,0.0,1.0999980491749608,-2.959223089561754e-06
291060,0.11944274951265618,0.0002398864486315258,0.0,1.099998049173425,-2.9593118518078726e-06
291120,0.11944347459367241,0.00023925524169808203,0.0,1.099998049171893,-2.9594003812809612e-06
291180,0.1194441977731365,0.00023862569007386783,0.0,1.0999980491703651,-2.9594886785992843e-06
291240,0.11944491905610001,0.00023799778935923023,0.0,1.099998049168841,-2.959576744379728e-06
291300,0.11944563844760328,0.00023737153516429239,0.0,1.099998049167321,-2.959664579237806e-06
291360,0.11944635595267541,0.00023674692310890878,0.0,1.0999980491658046,-2.959752183787665e-06
291420,0.11944707157633432,0.0002361239488226205,0.0,1.0999980491642922,-2.959839558642094e-06
291480,0.11944778532358678,0.0002355026079446104,0.0,1.0999980491627837,-2.9599267044125263e-06
291540,0.11944849719942857,0.00023488289612365846,0.0,1.0999980491612789,-2.9600136217090494e-06
291600,0.11944920720884439,0.00023426480901809688,0.0,1.099998049159778,-2.9601003111404086e-06
291660,0.11944991535680795,0.00023364834229576542,0.0,1.099998049158281,-2.9601867733140153e-06
291720,0.11945062164828212,0.0002330334916339666,0.0,1.0999980491567878,-2.9602730088359527e-06
291780,0.11945132608821883,0.00023242025271942097,0.0,1.0999980491552983,-2.9603590183109804e-06
291840,0.11945202868155927,0.00023180862124822226,0.0,1.0999980491538126,-2.9604448023425433e-06
291900,0.11945272943323378,0.00023119859292579275,0.0,1.0999980491523307,-2.9605303615327763e-06
291960,0.11945342828382953,0.0002305902208402648,0.0,1.099998049150855,-2.9606156885000394e-06
292020,0.11945412529780687,0.00022998344760615227,0.0,1.0999980491493833,-2.96070079123308e-06
292080,0.11945482048125011,0.00022937826789896234,0.0,1.0999980491479153,-2.9607856704772925e-06
292140,0.11945551383895207,0.00022877467754573813,0.0,1.0999980491464514,-2.960870326817843e-06
292200,0.11945620537569368,0.00022817267238384618,0.0,1.0999980491449912,-2.96095476083845e-06
292260,0.11945689509624403,0.00022757224826093944,0.0,1.099998049143535,-2.9610389731213886e-06
292320,0.11945758300536047,0.00022697340103492014,0.0,1.0999980491420824,-2.9611229642474986e-06
292380,0.11945826910778853,0.00022637612657390262,0.0,1.0999980491406338,-2.9612067347961845e-06
292440,0.11945895340826211,0.00022578042075617634,0.0,1.099998049139189,-2.9612902853454257e-06
292500,0.11945963591150341,0.00022518627947016863,0.0,1.099998049137748,-2.961373616471779e-06
292560,0.119460316622223,0.0002245936986144077,0.0,1.0999980491363106,-2.9614567287503836e-06
292620,0.11946099554511992,0.00022400267409748546,0.0,1.099998049134877,-2.9615396227549684e-06
292680,0.11946167268488163,0.00022341320183802047,0.0,1.0999980491334473,-2.961622299057855e-06
292740,0.11946234804618412,0.00022282527776462077,0.0,1.0999980491320214,-2.961704758229965e-06
292800,0.11946302163369193,0.00022223889781584677,0.0,1.0999980491305992,-2.9617870008408225e-06
292860,0.1194636934520582,0.0002216540579401742,0.0,1.0999980491291805,-2.961869027458561e-06
292920,0.11946436350592471,0.00022107075409595703,0.0,1.0999980491277657,-2.9619508386499304e-06
292980,0.11946503179992189,0.0002204889822513902,0.0,1.0999980491263546,-2.9620324349802974e-06
293040,0.11946569833866894,0.00021990873838447265,0.0,1.0999980491249473,-2.9621138170136555e-06
293100,0.11946636312677378,0.0002193300184829702,0.0,1.0999980491235437,-2.9621949853126273e-06
293160,0.11946702616883316,0.00021875281854437845,0.0,1.0999980491221437,-2.9622759404384704e-06
293220,0.11946768746943269,0.00021817713457588552,0.0,1.0999980491207473,-2.9623566829510837e-06
293280,0.11946834703314685,0.00021760296259433514,0.0,1.0999980491193546,-2.9624372134090115e-06
293340,0.11946900486453907,0.0002170302986261895,0.0,1.0999980491179657,-2.962517532369448e-06
293400,0.11946966096816175,0.00021645913870749203,0.0,1.0999980491165804,-2.962597640388244e-06
293460,0.11947031534855633,0.00021588947888383038,0.0,1.0999980491151986,-2.9626775380199117e-06
293520,0.11947096801025327,0.0002153213152102993,0.0,1.0999980491138206,-2.9627572258176294e-06
293580,0.11947161895777218,0.00021475464375146356,0.0,1.0999980491124461,-2.962836704333247e-06
293640,0.1194722681956218,0.00021418946058132077,0.0,1.0999980491110752,-2.9629159741172914e-06
293700,0.11947291572830007,0.0002136257617832643,0.0,1.0999980491097079,-2.9629950357189706e-06
293760,0.11947356156029415,0.00021306354345004624,0.0,1.0999980491083443,-2.9630738896861815e-06
293820,0.11947420569608046,0.00021250280168374014,0.0,1.0999980491069843,-2.9631525365655114e-06
293880,0.1194748481401248,0.00021194353259570408,0.0,1.0999980491056278,-2.9632309769022468e-06
293940,0.11947548889688225,0.00021138573230654344,0.0,1.0999980491042747,-2.963309211240376e-06
294000,0.11947612797079737,0.00021082939694607385,0.0,1.0999980491029253,-2.963387240122595e-06
294060,0.11947676536630412,0.00021027452265328403,0.0,1.0999980491015795,-2.9634650640903145e-06
294120,0.11947740108782597,0.0002097211055762987,0.0,1.0999980491002372,-2.9635426836836615e-06
294180,0.1194780351397759,0.0002091691418723415,0.0,1.0999980490988985,-2.9636200994414884e-06
294240,0.11947866752655648,0.00020861862770769787,0.0,1.0999980490975632,-2.9636973119013754e-06
294300,0.11947929825255989,0.00020806955925767794,0.0,1.0999980490962313,-2.963774321599637e-06
294360,0.11947992732216799,0.00020752193270657938,0.0,1.099998049094903,-2.963851129071326e-06
294420,0.11948055473975229,0.00020697574424765038,0.0,1.0999980490935783,-2.9639277348502404e-06
294480,0.11948118050967413,0.00020643099008305242,0.0,1.0999980490922572,-2.964004139468928e-06
294540,0.11948180463628455,0.00020588766642382327,0.0,1.0999980490909393,-2.9640803434586904e-06
294600,0.11948242712392447,0.00020534576948983985,0.0,1.0999980490896248,-2.9641563473495905e-06
294660,0.11948304797692468,0.00020480529550978113,0.0,1.0999980490883141,-2.9642321516704543e-06
294720,0.11948366719960583,0.00020426624072109091,0.0,1.0999980490870065,-2.9643077569488805e-06
294780,0.11948428479627864,0.00020372860136994093,0.0,1.0999980490857026,-2.9643831637112412e-06
294840,0.1194849007712437,0.00020319237371119352,0.0,1.099998049084402,-2.9644583724826905e-06
294900,0.11948551512879174,0.0002026575540083647,0.0,1.0999980490831047,-2.9645333837871687e-06
294960,0.11948612787320353,0.00020212413853358695,0.0,1.099998049081811,-2.9646081981474056e-06
295020,0.11948673900874998,0.00020159212356757209,0.0,1.0999980490805206,-2.964682816084929e-06
295080,0.11948734853969216,0.00020106150539957426,0.0,1.0999980490792336,-2.964757238120068e-06
295140,0.11948795647028136,0.00020053228032735279,0.0,1.0999980490779502,-2.964831464771957e-06
295200,0.11948856280475915,0.00020000444465713497,0.0,1.0999980490766699,-2.9649054965585443e-06
295260,0.11948916754735735,0.0001994779947035791,0.0,1.0999980490753931,-2.9649793339965934e-06
295320,0.11948977070229816,0.00019895292678973734,0.0,1.0999980490741195,-2.965052977601692e-06
295380,0.11949037227379414,0.00019842923724701855,0.0,1.0999980490728494,-2.965126427888254e-06
295440,0.1194909722660483,0.00019790692241515118,0.0,1.0999980490715826,-2.9651996853695258e-06
295500,0.11949157068325408,0.00019738597864214622,0.0,1.0999980490703192,-2.965272750557593e-06
295560,0.11949216752959547,0.0001968664022842601,0.0,1.0999980490690588,-2.9653456239633837e-06
295620,0.11949276280924702,0.0001963481897059575,0.0,1.099998049067802,-2.9654183060966737e-06
295680,0.11949335652637381,0.0001958313372798743,0.0,1.0999980490665486,-2.9654907974660932e-06
295740,0.11949394868513165,0.00019531584138678045,0.0,1.0999980490652983,-2.96556309857913e-06
295800,0.11949453928966695,0.00019480169841554285,0.0,1.0999980490640513,-2.9656352099421376e-06
295860,0.1194951283441169,0.00019428890476308835,0.0,1.0999980490628076,-2.965707132060336e-06
295920,0.11949571585260943,0.00019377745683436644,0.0,1.0999980490615673,-2.9657788654378224e-06
295980,0.1194963018192633,0.0001932673510423123,0.0,1.0999980490603303,-2.9658504105775716e-06
296040,0.11949688624818808,0.00019275858380780967,0.0,1.0999980490590964,-2.965921767981443e-06
296100,0.11949746914348428,0.0001922511515596537,0.0,1.0999980490578656,-2.9659929381501866e-06
296160,0.11949805050924334,0.00019174505073451381,0.0,1.0999980490566383,-2.966063921583448e-06
296220,0.11949863034954765,0.00019124027777689672,0.0,1.0999980490554142,-2.9661347187797716e-06
296280,0.11949920866847065,0.00019073682913910918,0.0,1.0999980490541932,-2.9662053302366086e-06
296340,0.11949978547007684,0.00019023470128122093,0.0,1.0999980490529755,-2.96627575645032e-06
296400,0.11950036075842181,0.00018973389067102763,0.0,1.099998049051761,-2.9663459979161828e-06
296460,0.11950093453755234,0.00018923439378401376,0.0,1.0999980490505497,-2.9664160551283958e-06
296520,0.11950150681150636,0.00018873620710331532,0.0,1.0999980490493415,-2.9664859285800834e-06
296580,0.11950207758431304,0.00018823932711968302,0.0,1.0999980490481365,-2.9665556187633015e-06
296640,0.1195026468125625,0.0001877437927614326,0.0,1.0999980490469348,-2.966625120268545e-06
296700,0.1195032145365555,0.00018724956807121326,0.0,1.099998049045736,-2.9666944381002246e-06
296760,0.11950378076837968,0.00018675664233023723,0.0,1.0999980490445405,-2.966763573752957e-06
296820,0.11950434551194865,0.00018626501213173916,0.0,1.0999980490433479,-2.966832527704508e-06
296880,0.11950490877116632,0.0001857746740774249,0.0,1.0999980490421586,-2.9669013004314557e-06
296940,0.11950547054992691,0.00018528562477744092,0.0,1.0999980490409724,-2.9669698924091963e-06
297000,0.11950603085211499,0.00018479786085034386,0.0,1.0999980490397894,-2.967038304111946e-06
297060,0.11950658968160553,0.0001843113789230699,0.0,1.0999980490386092,-2.9671065360127465e-06
297120,0.11950714704226391,0.00018382617563090408,0.0,1.0999980490374324,-2.9671745885834696e-06
297180,0.11950770293794599,0.00018334224761745003,0.0,1.0999980490362586,-2.9672424622948202e-06
297240,0.11950825737249811,0.00018285959153459917,0.0,1.099998049035088,-2.967310157616342e-06
297300,0.11950881034975713,0.00018237820404250018,0.0,1.0999980490339203,-2.9673776750164216e-06
297360,0.1195093618735505,0.00018189808180952855,0.0,1.0999980490327557,-2.967445014962292e-06
297420,0.11950991194769625,0.00018141922151225596,0.0,1.0999980490315941,-2.967512177920037e-06
297480,0.11951046057600306,0.00018094161983541973,0.0,1.0999980490304357,-2.9675791643545964e-06
297540,0.11951100776227029,0.0001804652734718922,0.0,1.0999980490292804,-2.967645974729769e-06
297600,0.11951155351028796,0.00017999017912265027,0.0,1.099998049028128,-2.9677126095082184e-06
297660,0.11951209782383689,0.00017951633349674477,0.0,1.0999980490269787,-2.9677790691514753e-06
297720,0.11951264070668864,0.00017904373331126998,0.0,1.0999980490258323,-2.9678453541199443e-06
297780,0.11951318216260559,0.00017857237529133297,0.0,1.099998049024689,-2.967911464872906e-06
297840,0.11951372219534098,0.0001781022561700231,0.0,1.0999980490235488,-2.967977401868522e-06
297900,0.1195142608086389,0.00017763337268838144,0.0,1.0999980490224115,-2.9680431655638398e-06
297960,0.11951479800623442,0.00017716572159537028,0.0,1.099998049021277,-2.9681087564147963e-06
298020,0.11951533379185349,0.0001766992996478425,0.0,1.0999980490201458,-2.968174174876222e-06
298080,0.11951586816921309,0.00017623410361051095,0.0,1.0999980490190173,-2.9682394214018464e-06
298140,0.11951640114202122,0.00017577013025591806,0.0,1.099998049017892,-2.968304496444301e-06
298200,0.11951693271397694,0.00017530737636440517,0.0,1.0999980490167696,-2.968369400455125e-06
298260,0.11951746288877038,0.000174845838724082,0.0,1.09999804901565,-2.968434133884767e-06
298320,0.11951799167008284,0.000174385514130796,0.0,1.0999980490145336,-2.9684986971825926e-06
298380,0.11951851906158677,0.00017392639938810205,0.0,1.0999980490134198,-2.9685630907968865e-06
298440,0.11951904506694579,0.00017346849130723152,0.0,1.0999980490123091,-2.9686273151748567e-06
298500,0.11951956968981478,0.00017301178670706209,0.0,1.0999980490112014,-2.9686913707626412e-06
298560,0.11952009293383992,0.00017255628241408691,0.0,1.0999980490100967,-2.968755258005309e-06
298620,0.11952061480265863,0.00017210197526238425,0.0,1.0999980490089947,-2.9688189773468667e-06
298680,0.11952113529989973,0.00017164886209358672,0.0,1.0999980490078956,-2.9688825292302618e-06
298740,0.11952165442918339,0.00017119693975685098,0.0,1.0999980490067993,-2.9689459140973863e-06
298800,0.11952217219412119,0.00017074620510882694,0.0,1.0999980490057062,-2.9690091323890837e-06
298860,0.11952268859831616,0.0001702966550136273,0.0,1.0999980490046157,-2.9690721845451504e-06
298920,0.11952320364536283,0.00016984828634279705,0.0,1.0999980490035282,-2.9691350710043406e-06
298980,0.11952371733884722,0.00016940109597528277,0.0,1.0999980490024435,-2.9691977922043724e-06
299040,0.11952422968234691,0.00016895508079740225,0.0,1.0999980490013617,-2.96926034858193e-06
299100,0.11952474067943109,0.00016851023770281376,0.0,1.0999980490002825,-2.9693227405726684e-06
299160,0.11952525033366054,0.0001680665635924856,0.0,1.0999980489992065,-2.969384968611218e-06
299220,0.11952575864858772,0.00016762405537466547,0.0,1.0999980489981331,-2.9694470331311903e-06
299280,0.11952626562775678,0.00016718270996485003,0.0,1.0999980489970627,-2.969508934565179e-06
299340,0.1195267712747036,0.0001667425242857542,0.0,1.0999980489959948,-2.969570673344767e-06
299400,0.11952727559295581,0.0001663034952672807,0.0,1.0999980489949301,-2.96963224990053e-06
299460,0.11952777858603288,0.00016586561984648936,0.0,1.0999980489938679,-2.9696936646620397e-06
299520,0.11952828025744605,0.0001654288949675668,0.0,1.0999980489928087,-2.9697549180578694e-06
299580,0.11952878061069849,0.0001649933175817956,0.0,1.0999980489917522,-2.9698160105155976e-06
299640,0.11952927964928527,0.000164558884647524,0.0,1.0999980489906984,-2.969876942461813e-06
299700,0.11952977737669333,0.00016412559313013509,0.0,1.0999980489896475,-2.9699377143221185e-06
299760,0.11953027379640169,0.00016369344000201642,0.0,1.0999980489885992,-2.969998326521134e-06
299820,0.1195307689118813,0.00016326242224252942,0.0,1.0999980489875538,-2.9700587794825032e-06
299880,0.11953126272659521,0.0001628325368379788,0.0,1.099998048986511,-2.970119073628896e-06
299940,0.11953175524399852,0.00016240378078158195,0.0,1.0999980489854713,-2.970179209382014e-06
300000,0.11953224646753843,0.00016197615107343854,0.0,1.0999980489844339,-2.9702391871625934e-06
300060,0.11953273640065437,0.00016154964472049981,0.0,1.0999980489833994,-2.970299007390411e-06
300120,0.11953322504677787,0.00016112425873653804,0.0,1.0999980489823677,-2.9703586704842875e-06
300180,0.1195337124093327,0.00016069999014211607,0.0,1.0999980489813386,-2.970418176862091e-06
300240,0.11953419849173497,0.0001602768359645566,0.0,1.0999980489803123,-2.9704775269407434e-06
300300,0.11953468329739297,0.00015985479323791184,0.0,1.0999980489792887,-2.9705367211362223e-06
300360,0.11953516682970738,0.00015943385900293273,0.0,1.0999980489782677,-2.970595759863567e-06
300420,0.11953564909207123,0.0001590140303070385,0.0,1.0999980489772494,-2.970654643536883e-06
300480,0.11953613008786998,0.00015859530420428612,0.0,1.0999980489762338,-2.970713372569344e-06
300540,0.11953660982048146,0.0001581776777553397,0.0,1.0999980489752208,-2.970771947373199e-06
300600,0.11953708829327603,0.00015776114802743997,0.0,1.0999980489742107,-2.9708303683597743e-06
300660,0.11953756550961651,0.0001573457120943736,0.0,1.099998048973203,-2.9708886359394796e-06
300720,0.11953804147285829,0.0001569313670364429,0.0,1.099998048972198,-2.9709467505218114e-06
300780,0.11953851618634935,0.00015651810994043492,0.0,1.0999980489711958,-2.9710047125153566e-06
300840,0.11953898965343024,0.00015610593789959124,0.0,1.0999980489701962,-2.971062522327798e-06
300900,0.11953946187743417,0.00015569484801357711,0.0,1.099998048969199,-2.971120180365919e-06
300960,0.11953993286168703,0.00015528483738845111,0.0,1.0999980489682046,-2.971177687035605e-06
301020,0.11954040260950745,0.0001548759031366345,0.0,1.0999980489672128,-2.971235042741852e-06
301080,0.11954087112420679,0.0001544680423768806,0.0,1.0999980489662236,-2.971292247888767e-06
301140,0.11954133840908919,0.00015406125223424436,0.0,1.099998048965237,-2.9713493028795744e-06
301200,0.11954180446745163,0.00015365552984005176,0.0,1.099998048964253,-2.97140620811662e-06
301260,0.11954226930258395,0.00015325087233186916,0.0,1.0999980489632715,-2.9714629640013745e-06
301320,0.11954273288391341,0.00015284730583284736,0.0,1.0999980489622925,-2.9715195668604956e-06
301380,0.11954319523321508,0.0001524448116579249,0.0,1.0999980489613161,-2.971576019319817e-06
301440,0.11954365636653677,0.00015204337602455384,0.0,1.0999980489603425,-2.971632323315977e-06
301500,0.11954411628707179,0.0001516429961534422,0.0,1.0999980489593713,-2.9716884792387685e-06
301560,0.11954457499800546,0.00015124366927222847,0.0,1.0999980489584027,-2.9717444874770134e-06
301620,0.11954503250251519,0.0001508453926154564,0.0,1.0999980489574368,-2.9718003484185665e-06
301680,0.11954548880377053,0.00015044816342454963,0.0,1.0999980489564731,-2.9718560624503174e-06
301740,0.11954594390493312,0.0001500519789477866,0.0,1.0999980489555121,-2.9719116299581938e-06
301800,0.1195463978091568,0.0001496568364402752,0.0,1.0999980489545538,-2.971967051327168e-06
301860,0.11954685051958758,0.0001492627331639274,0.0,1.0999980489535979,-2.972022326941257e-06
301920,0.1195473020393637,0.0001488696663874343,0.0,1.0999980489526444,-2.972077457183527e-06
301980,0.11954775237161568,0.0001484776333862405,0.0,1.0999980489516934,-2.972132442436099e-06
302040,0.11954820151946627,0.00014808663144251917,0.0,1.099998048950745,-2.9721872830801495e-06
302100,0.11954864948603058,0.00014769665784514655,0.0,1.0999980489497991,-2.972241979495916e-06
302160,0.11954909627441605,0.00014730770988967686,0.0,1.0999980489488557,-2.972296532062699e-06
302220,0.11954954188772246,0.00014691978487831696,0.0,1.0999980489479149,-2.9723509411588673e-06
302280,0.11954998632904203,0.00014653288011990103,0.0,1.0999980489469763,-2.9724052071618596e-06
302340,0.11955042960145937,0.00014614699292986555,0.0,1.0999980489460404,-2.97245933044819e-06
302400,0.11955087170805156,0.00014576212063022374,0.0,1.0999980489451067,-2.9725133113934502e-06
302460,0.11955131265188819,0.00014537826054954054,0.0,1.0999980489441756,-2.972567150372313e-06
302520,0.1195517524360313,0.00014499541002290718,0.0,1.099998048943247,-2.972620847758537e-06
302580,0.11955219106353557,0.0001446135663919161,0.0,1.099998048942321,-2.972674403924969e-06
302640,0.11955262853744816,0.00014423272700463553,0.0,1.099998048941397,-2.972727819243548e-06
302700,0.1195530648608089,0.0001438528892155843,0.0,1.0999980489404757,-2.972781094085308e-06
302760,0.11955350003665019,0.00014347405038570666,0.0,1.0999980489395569,-2.9728342288203842e-06
302820,0.11955393406799714,0.00014309620788234683,0.0,1.0999980489386403,-2.972887223818012e-06
302880,0.11955436695786752,0.00014271935907922396,0.0,1.0999980489377261,-2.972940079446536e-06
302940,0.11955479870927185,0.0001423435013564067,0.0,1.0999980489368146,-2.9729927960734076e-06
303000,0.11955522932521336,0.00014196863210028807,0.0,1.0999980489359054,-2.9730453740651934e-06
303060,0.11955565880868807,0.00014159474870356013,0.0,1.0999980489349983,-2.973097813787577e-06
303120,0.11955608716268482,0.0001412218485651887,0.0,1.099998048934094,-2.9731501156053623e-06
303180,0.11955651439018525,0.00014084992909038825,0.0,1.0999980489331918,-2.9732022798824763e-06
303240,0.1195569404941639,0.00014047898769059642,0.0,1.099998048932292,-2.9732543069819746e-06
303300,0.1195573654775882,0.00014010902178344893,0.0,1.0999980489313945,-2.9733061972660436e-06
303360,0.11955778934341849,0.0001397400287927543,0.0,1.0999980489304995,-2.9733579510960046e-06
303420,0.11955821209460803,0.00013937200614846855,0.0,1.0999980489296068,-2.9734095688323163e-06
303480,0.11955863373410311,0.00013900495128666993,0.0,1.0999980489287164,-2.97346105083458e-06
303540,0.119559054264843,0.00013863886164953374,0.0,1.0999980489278285,-2.973512397461542e-06
303600,0.11955947368976004,0.00013827373468530696,0.0,1.0999980489269428,-2.973563609071097e-06
303660,0.11955989201177959,0.00013790956784828315,0.0,1.0999980489260595,-2.9736146860202923e-06
303720,0.11956030923382015,0.00013754635859877703,0.0,1.0999980489251784,-2.9736656286653315e-06
303780,0.11956072535879331,0.00013718410440309933,0.0,1.0999980489242998,-2.9737164373615774e-06
303840,0.11956114038960382,0.00013682280273353146,0.0,1.0999980489234233,-2.9737671124635557e-06
303900,0.11956155432914964,0.00013646245106830034,0.0,1.0999980489225494,-2.9738176543249584e-06
303960,0.11956196718032193,0.0001361030468915531,0.0,1.0999980489216776,-2.973868063298648e-06
304020,0.11956237894600506,0.00013574458769333175,0.0,1.099998048920808,-2.97391833973666e-06
304080,0.11956278962907674,0.00013538707096954802,0.0,1.0999980489199408,-2.9739684839902077e-06
304140,0.1195631992324079,0.00013503049422195813,0.0,1.099998048919076,-2.9740184964096853e-06
304200,0.11956360775886284,0.0001346748549581374,0.0,1.0999980489182133,-2.97406837734467e-06
304260,0.11956401521129921,0.0001343201506914551,0.0,1.0999980489173529,-2.9741181271439277e-06
304320,0.11956442159256808,0.0001339663789410492,0.0,1.0999980489164947,-2.9741677461554152e-06
304380,0.11956482690551387,0.000133613537231801,0.0,1.099998048915639,-2.9742172347262853e-06
304440,0.1195652311529745,0.00013326162309430998,0.0,1.0999980489147854,-2.9742665932028876e-06
304500,0.11956563433778135,0.0001329106340648685,0.0,1.0999980489139338,-2.974315821930774e-06
304560,0.11956603646275928,0.00013256056768543665,0.0,1.0999980489130847,-2.9743649212547028e-06
304620,0.11956643753072671,0.00013221142150361678,0.0,1.0999980489122378,-2.9744138915186403e-06
304680,0.11956683754449561,0.00013186319307262838,0.0,1.0999980489113932,-2.9744627330657665e-06
304740,0.11956723650687154,0.00013151587995128284,0.0,1.0999980489105508,-2.9745114462384756e-06
304800,0.11956763442065367,0.00013116947970395816,0.0,1.0999980489097105,-2.9745600313783834e-06
304860,0.11956803128863486,0.00013082398990057364,0.0,1.0999980489088723,-2.974608488826328e-06
304920,0.11956842711360159,0.00013047940811656474,0.0,1.0999980489080365,-2.974656818922374e-06
304980,0.1195688218983341,0.0001301357319328577,0.0,1.099998048907203,-2.974705022005817e-06
305040,0.1195692156456063,0.00012979295893584433,0.0,1.0999980489063714,-2.9747530984151857e-06
305100,0.11956960835818593,0.00012945108671735684,0.0,1.0999980489055423,-2.9748010484882466e-06
305160,0.1195700000388345,0.00012911011287464246,0.0,1.0999980489047152,-2.974848872562007e-06
305220,0.11957039069030734,0.00012877003501033816,0.0,1.0999980489038903,-2.9748965709727184e-06
305280,0.11957078031535362,0.0001284308507324456,0.0,1.0999980489030674,-2.97494414405588e-06
305340,0.11957116891671642,0.00012809255765430563,0.0,1.099998048902247,-2.9749915921462444e-06
305400,0.1195715564971327,0.00012775515339457318,0.0,1.0999980489014285,-2.975038915577816e-06
305460,0.11957194305933339,0.00012741863557719192,0.0,1.0999980489006123,-2.975086114683861e-06
305520,0.11957232860604336,0.00012708300183136907,0.0,1.099998048899798,-2.9751331897969057e-06
305580,0.1195727131399815,0.00012674824979155014,0.0,1.099998048898986,-2.975180141248743e-06
305640,0.11957309666386069,0.0001264143770973936,0.0,1.0999980488981762,-2.9752269693704344e-06
305700,0.11957347918038791,0.00012608138139374574,0.0,1.0999980488973684,-2.9752736744923147e-06
305760,0.11957386069226422,0.00012574926033061525,0.0,1.0999980488965628,-2.9753202569439953e-06
305820,0.11957424120218475,0.00012541801156314817,0.0,1.0999980488957593,-2.9753667170543666e-06
305880,0.11957462071283882,0.00012508763275160243,0.0,1.099998048894958,-2.9754130551516023e-06
305940,0.11957499922690991,0.0001247581215613227,0.0,1.0999980488941585,-2.9754592715631646e-06
306000,0.11957537672421205,0.00012442949500652268,0.0,1.0999980488933614,-2.9755053638891913e-06
306060,0.119575753212702,0.00012410174629139554,0.0,1.0999980488925665,-2.975551333085975e-06
306120,0.11957612871050002,0.0001237748600214299,0.0,1.0999980488917735,-2.9755971813218443e-06
306180,0.11957650322021014,0.0001234488339298032,0.0,1.0999980488909828,-2.9756429089147153e-06
306240,0.11957687674442989,0.00012312366575534204,0.0,1.099998048890194,-2.9756885161817097e-06
306300,0.11957724928575032,0.0001227993532425012,0.0,1.0999980488894072,-2.975734003439162e-06
306360,0.11957762084675605,0.00012247589414134276,0.0,1.0999980488886227,-2.9757793710026175e-06
306420,0.11957799143002525,0.00012215328620751508,0.0,1.0999980488878403,-2.9758246191868406e-06
306480,0.1195783610381297,0.000121831527202232,0.0,1.0999980488870598,-2.9758697483058133e-06
306540,0.11957872967363482,0.00012151061489225187,0.0,1.0999980488862813,-2.97591475867274e-06
306600,0.11957909733909966,0.00012119054704985661,0.0,1.099998048885505,-2.9759596506000503e-06
306660,0.11957946403707694,0.00012087132145283079,0.0,1.0999980488847305,-2.9760044243994026e-06
306720,0.11957982977011307,0.00012055293588444073,0.0,1.0999980488839582,-2.976049080381685e-06
306780,0.1195801945407482,0.00012023538813341357,0.0,1.099998048883188,-2.9760936188570213e-06
306840,0.11958055835151621,0.00011991867599391637,0.0,1.0999980488824197,-2.97613804013477e-06
306900,0.11958092120494473,0.00011960279726553514,0.0,1.0999980488816536,-2.9761823445235315e-06
306960,0.11958128310355522,0.00011928774975325395,0.0,1.0999980488808894,-2.976226532331147e-06
307020,0.1195816440498629,0.00011897353126743398,0.0,1.0999980488801273,-2.9762706038647054e-06
307080,0.11958200404637691,0.00011866013962379268,0.0,1.099998048879367,-2.976314559430543e-06
307140,0.11958236309560015,0.00011834757264338273,0.0,1.0999980488786087,-2.976358399334247e-06
307200,0.11958272120002948,0.00011803582815257121,0.0,1.0999980488778527,-2.97640212388066e-06
307260,0.11958307836215566,0.00011772490398301864,0.0,1.0999980488770984,-2.976445733373882e-06
307320,0.11958343458446337,0.00011741479797165807,0.0,1.0999980488763463,-2.976489228117273e-06
307380,0.11958378986943123,0.00011710550796067414,0.0,1.099998048875596,-2.976532608413457e-06
307440,0.11958414421953188,0.00011679703179748218,0.0,1.0999980488748478,-2.976575874564323e-06
307500,0.11958449763723196,0.00011648936733470729,0.0,1.0999980488741015,-2.976619026871029e-06
307560,0.1195848501249921,0.0001161825124301634,0.0,1.0999980488733572,-2.976662065634007e-06
307620,0.11958520168526705,0.00011587646494683235,0.0,1.0999980488726149,-2.9767049911529613e-06
307680,0.11958555232050559,0.00011557122275284298,0.0,1.0999980488718744,-2.9767478037268763e-06
307740,0.1195859020331506,0.00011526678372145021,0.0,1.099998048871136,-2.9767905036540157e-06
307800,0.11958625082563912,0.0001149631457310141,0.0,1.0999980488703995,-2.9768330912319285e-06
307860,0.11958659870040231,0.00011466030666497898,0.0,1.0999980488696648,-2.9768755667574485e-06
307920,0.11958694565986551,0.00011435826441185242,0.0,1.0999980488689323,-2.9769179305267006e-06
307980,0.11958729170644827,0.00011405701686518443,0.0,1.0999980488682015,-2.976960182835102e-06
308040,0.11958763684256435,0.00011375656192354646,0.0,1.0999980488674728,-2.9770023239773647e-06
308100,0.11958798107062175,0.00011345689749051055,0.0,1.0999980488667458,-2.9770443542475e-06
308160,0.11958832439302278,0.0001131580214746283,0.0,1.0999980488660208,-2.977086273938819e-06
308220,0.11958866681216397,0.00011285993178941005,0.0,1.0999980488652978,-2.9771280833439396e-06
308280,0.11958900833043623,0.00011256262635330391,0.0,1.0999980488645766,-2.9771697827547846e-06
308340,0.1195893489502248,0.00011226610308967486,0.0,1.0999980488638574,-2.977211372462588e-06
308400,0.11958968867390926,0.00011197035992678377,0.0,1.09999804886314,-2.977252852757896e-06
308460,0.1195900275038636,0.0001116753947977666,0.0,1.0999980488624246,-2.9772942239305726e-06
308520,0.11959036544245623,0.00011138120564061335,0.0,1.099998048861711,-2.9773354862697987e-06
308580,0.11959070249204998,0.0001110877903981472,0.0,1.0999980488609993,-2.977376640064078e-06
308640,0.11959103865500213,0.00011079514701800358,0.0,1.0999980488602894,-2.9774176856012394e-06
308700,0.1195913739336645,0.00011050327345260927,0.0,1.0999980488595815,-2.9774586231684387e-06
308760,0.11959170833038335,0.00011021216765916144,0.0,1.0999980488588754,-2.9774994530521623e-06
308820,0.11959204184749953,0.00010992182759960672,0.0,1.099998048858171,-2.9775401755382306e-06
308880,0.1195923744873484,0.00010963225124062036,0.0,1.0999980488574688,-2.977580790911801e-06
308940,0.11959270625225993,0.00010934343655358522,0.0,1.0999980488567682,-2.977621299457369e-06
309000,0.11959303714455868,0.00010905538151457086,0.0,1.0999980488560694,-2.9776617014587736e-06
309060,0.11959336716656387,0.00010876808410431268,0.0,1.0999980488553727,-2.9777019971991987e-06
309120,0.11959369632058933,0.00010848154230819094,0.0,1.0999980488546774,-2.9777421869611764e-06
309180,0.1195940246089436,0.00010819575411620986,0.0,1.0999980488539844,-2.97778227102659e-06
309240,0.11959435203392989,0.00010791071752297666,0.0,1.099998048853293,-2.9778222496766766e-06
309300,0.11959467859784617,0.00010762643052768074,0.0,1.0999980488526033,-2.977862123192031e-06
309360,0.11959500430298513,0.00010734289113407265,0.0,1.0999980488519157,-2.9779018918526074e-06
309420,0.11959532915163423,0.00010706009735044319,0.0,1.0999980488512298,-2.9779415559377226e-06
309480,0.11959565314607577,0.00010677804718960254,0.0,1.0999980488505456,-2.97798111572606e-06
309540,0.11959597628858683,0.0001064967386688593,0.0,1.0999980488498633,-2.9780205714956717e-06
309600,0.11959629858143932,0.0001062161698099996,0.0,1.0999980488491827,-2.978059923523981e-06
309660,0.11959662002690007,0.00010593633863926608,0.0,1.099998048848504,-2.978099172087785e-06
309720,0.11959694062723077,0.0001056572431873371,0.0,1.099998048847827,-2.97813831746326e-06
309780,0.11959726038468801,0.00010537888148930576,0.0,1.0999980488471517,-2.9781773599259623e-06
309840,0.11959757930152337,0.00010510125158465897,0.0,1.0999980488464784,-2.9782162997508304e-06
309900,0.11959789737998336,0.00010482435151725652,0.0,1.0999980488458068,-2.978255137212191e-06
309960,0.11959821462230946,0.0001045481793353102,0.0,1.0999980488451369,-2.9782938725837587e-06
310020,0.11959853103073821,0.00010427273309136282,0.0,1.0999980488444687,-2.97833250613864e-06
310080,0.11959884660750117,0.00010399801084226735,0.0,1.0999980488438024,-2.978371038149338e-06
310140,0.11959916135482493,0.000103724010649166,0.0,1.0999980488431378,-2.978409468887753e-06
310200,0.11959947527493119,0.00010345073057746919,0.0,1.099998048842475,-2.978447798625186e-06
310260,0.11959978837003675,0.00010317816869683476,0.0,1.0999980488418137,-2.9784860276323416e-06
310320,0.11960010064235356,0.00010290632308114701,0.0,1.0999980488411545,-2.978524156179333e-06
310380,0.1196004120940887,0.0001026351918084957,0.0,1.0999980488404968,-2.9785621845356808e-06
310440,0.11960072272744444,0.00010236477296115527,0.0,1.0999980488398409,-2.9786001129703204e-06
310500,0.11960103254461826,0.0001020950646255638,0.0,1.0999980488391867,-2.978637941751601e-06
310560,0.11960134154780287,0.00010182606489230211,0.0,1.0999980488385341,-2.9786756711472926e-06
310620,0.1196016497391862,0.0001015577718560729,0.0,1.0999980488378835,-2.978713301424584e-06
310680,0.11960195710639811,0.00010129019640079465,0.0,1.0999980488372345,-2.9787508310629936e-06
310740,0.11960226364779102,0.00010102333999057455,0.0,1.0999980488365872,-2.978788259858733e-06
310800,0.11960256938218232,0.0001007571861110253,0.0,1.0999980488359415,-2.9788255901210364e-06
310860,0.11960287431169507,0.00010049173291369048,0.0,1.0999980488352978,-2.9788628221091393e-06
310920,0.119603178438447,0.00010022697855471668,0.0,1.0999980488346557,-2.9788999560816313e-06
310980,0.11960348176455056,9.996292119483628e-05,0.0,1.099998048834015,-2.9789369922964593e-06
311040,0.11960378429211294,9.969955899935018e-05,0.0,1.0999980488333763,-2.9789739310109286e-06
311100,0.1196040860232361,9.94368901381106e-05,0.0,1.0999980488327392,-2.9790107724817062e-06
311160,0.11960438696001682,9.917491278550385e-05,0.0,1.0999980488321037,-2.979047516964823e-06
311220,0.11960468710454661,9.891362512043306e-05,0.0,1.09999804883147,-2.979084164715676e-06
311280,0.11960498645891186,9.8653025326301e-05,0.0,1.0999980488308378,-2.979120715989032e-06
311340,0.1196052850251938,9.839311159099284e-05,0.0,1.0999980488302075,-2.979157171039028e-06
311400,0.11960558280546849,9.813388210685889e-05,0.0,1.0999980488295786,-2.9791935301191744e-06
311460,0.11960587980180688,9.787533507069736e-05,0.0,1.0999980488289516,-2.979229793482358e-06
311520,0.11960617601627485,9.761746868373722e-05,0.0,1.099998048828326,-2.979265961380844e-06
311580,0.11960647145093319,9.736028115162084e-05,0.0,1.0999980488277024,-2.9793020340662786e-06
311640,0.1196067661078376,9.710377068438687e-05,0.0,1.0999980488270802,-2.9793380117896904e-06
311700,0.1196070599890388,9.684793549645293e-05,0.0,1.0999980488264596,-2.9793738948014954e-06
311760,0.11960735309658242,9.65927738065984e-05,0.0,1.0999980488258407,-2.9794096833514953e-06
311820,0.11960764543250917,9.633828383794724e-05,0.0,1.0999980488252235,-2.9794453776888842e-06
311880,0.11960793699885472,9.608446381795072e-05,0.0,1.0999980488246077,-2.9794809780622483e-06
311940,0.11960822779764979,9.583131197837014e-05,0.0,1.0999980488239938,-2.9795164847195686e-06
312000,0.11960851783092018,9.557882655525967e-05,0.0,1.0999980488233814,-2.9795518979082253e-06
312060,0.11960880710068675,9.532700578894912e-05,0.0,1.0999980488227705,-2.9795872178749972e-06
312120,0.11960909560896549,9.507584792402664e-05,0.0,1.0999980488221615,-2.9796224448660665e-06
312180,0.11960938335776745,9.48253512093216e-05,0.0,1.0999980488215537,-2.9796575791270198e-06
312240,0.1196096703490989,9.457551389788721e-05,0.0,1.0999980488209478,-2.9796926209028524e-06
312300,0.11960995658496121,9.432633424698345e-05,0.0,1.0999980488203434,-2.979727570437967e-06
312360,0.11961024206735094,9.40778105180597e-05,0.0,1.0999980488197405,-2.979762427976181e-06
312420,0.11961052679825984,9.382994097673761e-05,0.0,1.0999980488191394,-2.979797193760725e-06
312480,0.1196108107796749,9.358272389279381e-05,0.0,1.0999980488185397,-2.979831868034247e-06
312540,0.11961109401357836,9.33361575401427e-05,0.0,1.0999980488179417,-2.979866451038814e-06
312600,0.11961137650194767,9.309024019681923e-05,0.0,1.0999980488173453,-2.979900943015916e-06
312660,0.1196116582467556,9.284497014496163e-05,0.0,1.0999980488167502,-2.979935344206466e-06
312720,0.11961193924997018,9.260034567079425e-05,0.0,1.099998048816157,-2.979969654850805e-06
312780,0.11961221951355479,9.235636506461024e-05,0.0,1.0999980488155652,-2.980003875188701e-06
312840,0.11961249903946813,9.211302662075438e-05,0.0,1.099998048814975,-2.980038005459356e-06
312900,0.11961277782966426,9.187032863760583e-05,0.0,1.0999980488143863,-2.9800720459014046e-06
312960,0.11961305588609261,9.162826941756092e-05,0.0,1.0999980488137993,-2.980105996752918e-06
313020,0.11961333321069803,9.138684726701587e-05,0.0,1.0999980488132137,-2.980139858251406e-06
313080,0.11961360980542074,9.114606049634961e-05,0.0,1.0999980488126295,-2.98017363063382e-06
313140,0.11961388567219644,9.090590741990653e-05,0.0,1.099998048812047,-2.980207314136554e-06
313200,0.11961416081295627,9.066638635597923e-05,0.0,1.0999980488114662,-2.9802409089954492e-06
313260,0.11961443522962682,9.042749562679132e-05,0.0,1.0999980488108867,-2.9802744154457953e-06
313320,0.11961470892413022,9.018923355848019e-05,0.0,1.099998048810309,-2.980307833722331e-06
313380,0.11961498189838407,8.995159848107972e-05,0.0,1.0999980488097325,-2.9803411640592507e-06
313440,0.11961525415430153,8.971458872850314e-05,0.0,1.0999980488091576,-2.9803744066902027e-06
313500,0.11961552569379133,8.947820263852574e-05,0.0,1.0999980488085843,-2.9804075618482943e-06
313560,0.11961579651875771,8.924243855276762e-05,0.0,1.0999980488080123,-2.9804406297660924e-06
313620,0.1196160666311006,8.900729481667656e-05,0.0,1.0999980488074421,-2.980473610675628e-06
313680,0.11961633603271543,8.877276977951065e-05,0.0,1.0999980488068732,-2.9805065048083968e-06
313740,0.11961660472549335,8.853886179432117e-05,0.0,1.099998048806306,-2.980539312395362e-06
313800,0.11961687271132113,8.830556921793528e-05,0.0,1.09999804880574,-2.9805720336669567e-06
313860,0.11961713999208122,8.807289041093888e-05,0.0,1.0999980488051757,-2.9806046688530883e-06
313920,0.11961740656965174,8.784082373765927e-05,0.0,1.0999980488046128,-2.980637218183137e-06
313980,0.11961767244590656,8.760936756614804e-05,0.0,1.0999980488040515,-2.980669681885962e-06
314040,0.11961793762271525,8.737852026816373e-05,0.0,1.0999980488034915,-2.980702060189901e-06
314100,0.11961820210194313,8.714828021915463e-05,0.0,1.099998048802933,-2.9807343533227747e-06
314160,0.11961846588545132,8.69186457982416e-05,0.0,1.0999980488023762,-2.9807665615118887e-06
314220,0.1196187289750967,8.668961538820076e-05,0.0,1.0999980488018206,-2.9807986849840357e-06
314280,0.11961899137273199,8.646118737544636e-05,0.0,1.0999980488012666,-2.9808307239654965e-06
314340,0.11961925308020573,8.623336015001344e-05,0.0,1.099998048800714,-2.980862678682045e-06
314400,0.11961951409936226,8.600613210554065e-05,0.0,1.0999980488001628,-2.9808945493589494e-06
314460,0.11961977443204187,8.577950163925305e-05,0.0,1.099998048799613,-2.9809263362209743e-06
314520,0.1196200340800807,8.555346715194483e-05,0.0,1.0999980487990648,-2.980958039492384e-06
314580,0.1196202930453108,8.532802704796206e-05,0.0,1.099998048798518,-2.9809896593969427e-06
314640,0.11962055132956013,8.510317973518556e-05,0.0,1.0999980487979726,-2.98102119615792e-06
314700,0.11962080893465266,8.487892362501356e-05,0.0,1.0999980487974288,-2.9810526499980926e-06
314760,0.11962106586240825,8.465525713234453e-05,0.0,1.0999980487968863,-2.981084021139744e-06
314820,0.11962132211464281,8.443217867555991e-05,0.0,1.0999980487963452,-2.98111530980467e-06
314880,0.11962157769316822,8.420968667650694e-05,0.0,1.0999980487958054,-2.9811465162141794e-06
314940,0.11962183259979241,8.398777956048133e-05,0.0,1.0999980487952672,-2.9811776405890984e-06
315000,0.11962208683631935,8.376645575621015e-05,0.0,1.0999980487947305,-2.9812086831497704e-06
315060,0.11962234040454908,8.354571369583451e-05,0.0,1.099998048794195,-2.98123964411606e-06
315120,0.11962259330627771,8.332555181489236e-05,0.0,1.0999980487936611,-2.981270523707355e-06
315180,0.11962284554329748,8.310596855230125e-05,0.0,1.0999980487931285,-2.981301322142569e-06
315240,0.11962309711739676,8.288696235034112e-05,0.0,1.0999980487925973,-2.9813320396401435e-06
315300,0.11962334803036002,8.266853165463702e-05,0.0,1.0999980487920675,-2.9813626764180507e-06
315360,0.11962359827170349,8.245068586865514e-05,0.0,1.099998048791539,-2.981393231167224e-06
315420,0.11962384782933147,8.223343583547551e-05,0.0,1.0999980487910122,-2.9814237023779742e-06
315480,0.11962409672943505,8.201675820070062e-05,0.0,1.0999980487904866,-2.981454093306218e-06
315540,0.11962434497374477,8.18006514577866e-05,0.0,1.0999980487899625,-2.981484404163249e-06
315600,0.11962459256398691,8.158511410387241e-05,0.0,1.0999980487894399,-2.981514635159844e-06
315660,0.11962483950188355,8.137014463976494e-05,0.0,1.0999980487889185,-2.981544786506266e-06
315720,0.11962508578915257,8.115574156992398e-05,0.0,1.0999980487883985,-2.981574858412265e-06
315780,0.11962533142750768,8.094190340244725e-05,0.0,1.09999804878788,-2.9816048510870812e-06
315840,0.11962557641865844,8.072862864905549e-05,0.0,1.0999980487873628,-2.9816347647394473e-06
315900,0.11962582076431023,8.051591582507746e-05,0.0,1.0999980487868468,-2.9816645995775886e-06
315960,0.11962606446616435,8.030376344943496e-05,0.0,1.0999980487863323,-2.981694355809228e-06
316020,0.11962630752591795,8.009217004462788e-05,0.0,1.0999980487858192,-2.981724033641586e-06
316080,0.1196265499452641,7.988113413671926e-05,0.0,1.0999980487853076,-2.9817536332813825e-06
316140,0.11962679172589183,7.967065425532024e-05,0.0,1.0999980487847971,-2.9817831549348415e-06
316200,0.11962703286948606,7.946072893357519e-05,0.0,1.099998048784288,-2.9818125988076905e-06
316260,0.1196272733777277,7.925135670814671e-05,0.0,1.0999980487837804,-2.981841965105164e-06
316320,0.11962751325229362,7.904253611920062e-05,0.0,1.099998048783274,-2.981871254032004e-06
316380,0.11962775249485672,7.883426571039105e-05,0.0,1.0999980487827687,-2.981900465792466e-06
316440,0.11962799110708586,7.862654402884547e-05,0.0,1.0999980487822651,-2.9819296005903155e-06
316500,0.11962822909064597,7.841936962514966e-05,0.0,1.0999980487817627,-2.981958658628835e-06
316560,0.11962846644719799,7.821274105333282e-05,0.0,1.0999980487812617,-2.9819876401108225e-06
316620,0.11962870317839895,7.800665687085258e-05,0.0,1.099998048780762,-2.9820165452385962e-06
316680,0.11962893928590197,7.780111563858e-05,0.0,1.0999980487802636,-2.982045374213996e-06
316740,0.11962917477135625,7.759611592078467e-05,0.0,1.0999980487797665,-2.9820741272383848e-06
316800,0.11962940963640709,7.739165628511966e-05,0.0,1.0999980487792707,-2.98210280451265e-06
316860,0.11962964388269594,7.718773530260664e-05,0.0,1.0999980487787762,-2.9821314062372078e-06
316920,0.1196298775118604,7.698435154762079e-05,0.0,1.099998048778283,-2.982159932612004e-06
316980,0.11963011052553423,7.678150359787602e-05,0.0,1.0999980487777912,-2.982188383836516e-06
317040,0.11963034292534737,7.657919003440983e-05,0.0,1.0999980487773007,-2.9822167601097545e-06
317100,0.11963057471292599,7.637740944156844e-05,0.0,1.0999980487768113,-2.9822450616302674e-06
317160,0.11963080588989243,7.617616040699176e-05,0.0,1.0999980487763235,-2.982273288596139e-06
317220,0.1196310364578653,7.597544152159849e-05,0.0,1.0999980487758367,-2.9823014412049962e-06
317280,0.11963126641845945,7.577525137957112e-05,0.0,1.0999980487753513,-2.9823295196540063e-06
317340,0.11963149577328601,7.557558857834094e-05,0.0,1.0999980487748673,-2.982357524139881e-06
317400,0.11963172452395238,7.537645171857311e-05,0.0,1.0999980487743843,-2.982385454858879e-06
317460,0.11963195267206228,7.517783940415171e-05,0.0,1.0999980487739027,-2.9824133120068085e-06
317520,0.11963218021921573,7.49797502421647e-05,0.0,1.0999980487734224,-2.982441095779027e-06
317580,0.11963240716700912,7.478218284288904e-05,0.0,1.0999980487729435,-2.9824688063704447e-06
317640,0.11963263351703517,7.458513581977562e-05,0.0,1.0999980487724659,-2.9824964439755284e-06
317700,0.11963285927088298,7.438860778943444e-05,0.0,1.0999980487719894,-2.9825240087882998e-06
317760,0.11963308443013804,7.419259737161948e-05,0.0,1.099998048771514,-2.982551501002341e-06
317820,0.11963330899638225,7.399710318921388e-05,0.0,1.0999980487710401,-2.9825789208107946e-06
317880,0.11963353297119395,7.380212386821483e-05,0.0,1.0999980487705674,-2.9826062684063674e-06
317940,0.11963375635614787,7.360765803771877e-05,0.0,1.099998048770096,-2.9826335439813303e-06
318000,0.11963397915281526,7.341370432990626e-05,0.0,1.0999980487696257,-2.982660747727523e-06
318060,0.1196342013627638,7.322026138002711e-05,0.0,1.0999980487691567,-2.982687879836353e-06
318120,0.1196344229875577,7.30273278263854e-05,0.0,1.099998048768689,-2.9827149404988023e-06
318180,0.11963464402875768,7.283490231032448e-05,0.0,1.0999980487682226,-2.9827419299054234e-06
318240,0.11963486448792092,7.264298347621206e-05,0.0,1.0999980487677572,-2.9827688482463474e-06
318300,0.11963508436660124,7.245156997142519e-05,0.0,1.0999980487672931,-2.9827956957112813e-06
318360,0.11963530366634897,7.226066044633529e-05,0.0,1.0999980487668304,-2.9828224724895137e-06
318420,0.11963552238871102,7.207025355429326e-05,0.0,1.0999980487663688,-2.982849178769915e-06
318480,0.1196357405352309,7.188034795161443e-05,0.0,1.0999980487659085,-2.982875814740939e-06
318540,0.11963595810744876,7.16909422975636e-05,0.0,1.0999980487654493,-2.9829023805906268e-06
318600,0.11963617510690133,7.150203525434016e-05,0.0,1.0999980487649914,-2.982928876506608e-06
318660,0.11963639153512205,7.1313625487063e-05,0.0,1.0999980487645347,-2.982955302676102e-06
318720,0.11963660739364097,7.112571166375563e-05,0.0,1.0999980487640793,-2.9829816592859216e-06
318780,0.11963682268398486,7.09382924553312e-05,0.0,1.099998048763625,-2.9830079465224735e-06
318840,0.11963703740767717,7.07513665355775e-05,0.0,1.0999980487631718,-2.983034164571763e-06
318900,0.11963725156623807,7.056493258114203e-05,0.0,1.09999804876272,-2.983060313619392e-06
318960,0.11963746516118447,7.0378989271517e-05,0.0,1.0999980487622691,-2.983086393850566e-06
319020,0.11963767819403004,7.019353528902439e-05,0.0,1.0999980487618197,-2.983112405450091e-06
319080,0.11963789066628519,7.0008569318801e-05,0.0,1.0999980487613714,-2.9831383486023802e-06
319140,0.11963810257945715,6.982409004878344e-05,0.0,1.0999980487609242,-2.983164223491454e-06
319200,0.11963831393504992,6.964009616969316e-05,0.0,1.0999980487604784,-2.983190030300941e-06
319260,0.11963852473456435,6.945658637502152e-05,0.0,1.0999980487600336,-2.9832157692140833e-06
319320,0.11963873497949812,6.927355936101482e-05,0.0,1.09999804875959,-2.983241440413734e-06
319380,0.11963894467134575,6.909101382665935e-05,0.0,1.0999980487591476,-2.9832670440823652e-06
319440,0.11963915381159865,6.89089484736663e-05,0.0,1.0999980487587062,-2.9832925804020637e-06
319500,0.11963936240174511,6.872736200645702e-05,0.0,1.0999980487582663,-2.9833180495545385e-06
319560,0.11963957044327031,6.85462531321478e-05,0.0,1.0999980487578274,-2.98334345172112e-06
319620,0.1196397779376564,6.836562056053511e-05,0.0,1.0999980487573895,-2.983368787082762e-06
319680,0.11963998488638243,6.818546300408052e-05,0.0,1.099998048756953,-2.9833940558200454e-06
319740,0.11964019129092442,6.800577917789577e-05,0.0,1.0999980487565175,-2.9834192581131796e-06
319800,0.11964039715275536,6.782656779972778e-05,0.0,1.0999980487560832,-2.9834443941420034e-06
319860,0.11964060247334525,6.76478275899437e-05,0.0,1.0999980487556502,-2.983469464085989e-06
319920,0.11964080725416108,6.746955727151599e-05,0.0,1.0999980487552181,-2.983494468124244e-06
319980,0.1196410114966669,6.729175557000735e-05,0.0,1.0999980487547873,-2.9835194064355102e-06
320040,0.11964121520232374,6.711442121355584e-05,0.0,1.0999980487543577,-2.983544279198171e-06
320100,0.11964141837258975,6.693755293285987e-05,0.0,1.0999980487539291,-2.9835690865902494e-06
320160,0.11964162100892015,6.676114946116327e-05,0.0,1.0999980487535017,-2.9835938287894116e-06
320220,0.11964182311276722,6.658520953424029e-05,0.0,1.0999980487530754,-2.9836185059729683e-06
320280,0.11964202468558041,6.640973189038062e-05,0.0,1.0999980487526502,-2.9836431183178792e-06
320340,0.11964222572880626,6.62347152703745e-05,0.0,1.099998048752226,-2.9836676660007515e-06
320400,0.11964242624388845,6.606015841749764e-05,0.0,1.0999980487518033,-2.983692149197845e-06
320460,0.11964262623226785,6.588606007749636e-05,0.0,1.0999980487513814,-2.983716568085072e-06
320520,0.11964282569538251,6.571241899857258e-05,0.0,1.0999980487509609,-2.983740922838002e-06
320580,0.11964302463466765,6.553923393136882e-05,0.0,1.0999980487505412,-2.9837652136318608e-06
320640,0.11964322305155577,6.536650362895328e-05,0.0,1.0999980487501229,-2.9837894406415342e-06
320700,0.11964342094747653,6.519422684680488e-05,0.0,1.0999980487497054,-2.9838136040415706e-06
320760,0.11964361832385687,6.502240234279821e-05,0.0,1.099998048749289,-2.9838377040061826e-06
320820,0.11964381518212101,6.485102887718873e-05,0.0,1.099998048748874,-2.983861740709248e-06
320880,0.11964401152369046,6.46801052125976e-05,0.0,1.09999804874846,-2.9838857143243124e-06
320940,0.11964420730561157,6.450966862965697e-05,0.0,1.0999980487480472,-2.9839096196200067e-06
321000,0.11964440256671831,6.433968541662913e-05,0.0,1.099998048747635,-2.983933461326738e-06
321060,0.11964459731310945,6.417015027627415e-05,0.0,1.0999980487472243,-2.9839572401877407e-06
321120,0.11964479154614492,6.400106202468694e-05,0.0,1.0999980487468144,-2.983980956369058e-06
321180,0.11964498526718143,6.383241948079187e-05,0.0,1.0999980487464058,-2.9840046100363374e-06
321240,0.11964517847757238,6.366422146633067e-05,0.0,1.0999980487459982,-2.9840282013548304e-06
321300,0.11964537117866804,6.349646680585039e-05,0.0,1.0999980487455916,-2.9840517304893957e-06
321360,0.11964556337181541,6.332915432669123e-05,0.0,1.0999980487451861,-2.984075197604499e-06
321420,0.11964575505835832,6.316228285897446e-05,0.0,1.0999980487447816,-2.9840986028642177e-06
321480,0.11964594623963742,6.299585123559037e-05,0.0,1.0999980487443783,-2.9841219464322394e-06
321540,0.11964613691699019,6.282985829218613e-05,0.0,1.099998048743976,-2.9841452284718656e-06
321600,0.11964632709175098,6.266430286715365e-05,0.0,1.0999980487435748,-2.9841684491460128e-06
321660,0.11964651676525094,6.249918380161757e-05,0.0,1.0999980487431744,-2.9841916086172145e-06
321720,0.11964670593881818,6.233449993942311e-05,0.0,1.0999980487427754,-2.9842147070476226e-06
321780,0.11964689461377764,6.217025012712398e-05,0.0,1.0999980487423773,-2.9842377445990084e-06
321840,0.11964708279145117,6.200643321397027e-05,0.0,1.0999980487419803,-2.9842607214327653e-06
321900,0.11964727047315758,6.184304805189638e-05,0.0,1.0999980487415841,-2.9842836377099112e-06
321960,0.11964745766021256,6.168009349550891e-05,0.0,1.0999980487411893,-2.984306493591088e-06
322020,0.11964764435392877,6.151756840207453e-05,0.0,1.0999980487407952,-2.9843292892365655e-06
322080,0.11964783055561584,6.135547163150792e-05,0.0,1.0999980487404024,-2.9843520248062405e-06
322140,0.11964801626658034,6.119380204635969e-05,0.0,1.0999980487400105,-2.9843747004596423e-06
322200,0.11964820148812587,6.103255851180421e-05,0.0,1.0999980487396197,-2.98439731635593e-06
322260,0.11964838622155298,6.0871739895627575e-05,0.0,1.09999804873923,-2.9844198726538987e-06
322320,0.1196485704681593,6.0711345068215486e-05,0.0,1.0999980487388412,-2.984442369511977e-06
322380,0.11964875422923942,6.055137290254113e-05,0.0,1.0999980487384533,-2.984464807088231e-06
322440,0.11964893750608502,6.039182227415313e-05,0.0,1.0999980487380667,-2.9844871855403663e-06
322500,0.11964912029998483,6.023269206116341e-05,0.0,1.099998048737681,-2.9845095050257287e-06
322560,0.11964930261222463,6.007398114423509e-05,0.0,1.0999980487372962,-2.9845317657013055e-06
322620,0.11964948444408731,5.9915688406570414e-05,0.0,1.0999980487369125,-2.9845539677237284e-06
322680,0.11964966579685284,5.9757812733898645e-05,0.0,1.0999980487365297,-2.984576111249275e-06
322740,0.11964984667179832,5.960035301446396e-05,0.0,1.099998048736148,-2.9845981964338698e-06
322800,0.11965002707019795,5.944330813901335e-05,0.0,1.0999980487357675,-2.984620223433086e-06
322860,0.1196502069933231,5.928667700078453e-05,0.0,1.0999980487353878,-2.984642192402148e-06
322920,0.11965038644244226,5.913045849549382e-05,0.0,1.099998048735009,-2.984664103495932e-06
322980,0.11965056541882114,5.897465152132409e-05,0.0,1.0999980487346313,-2.9846859568689693e-06
323040,0.11965074392372257,5.881925497891261e-05,0.0,1.0999980487342547,-2.9847077526754454e-06
323100,0.11965092195840664,5.866426777133899e-05,0.0,1.099998048733879,-2.9847294910692046e-06
323160,0.1196510995241306,5.850968880411306e-05,0.0,1.0999980487335042,-2.9847511722037497e-06
323220,0.11965127662214892,5.835551698516279e-05,0.0,1.0999980487331302,-2.984772796232244e-06
323280,0.11965145325371336,5.820175122482215e-05,0.0,1.0999980487327576,-2.9847943633075147e-06
323340,0.11965162942007287,5.804839043581908e-05,0.0,1.0999980487323857,-2.9848158735820515e-06
323400,0.11965180512247374,5.789543353326334e-05,0.0,1.099998048732015,-2.984837327208011e-06
323460,0.11965198036215945,5.7742879434634406e-05,0.0,1.099998048731645,-2.9848587243372176e-06
323520,0.11965215514037084,5.759072705976942e-05,0.0,1.0999980487312762,-2.9848800651211647e-06
323580,0.11965232945834603,5.7438975330851044e-05,0.0,1.099998048730908,-2.9849013497110165e-06
323640,0.11965250331732045,5.728762317239539e-05,0.0,1.0999980487305412,-2.98492257825761e-06
323700,0.11965267671852693,5.71366695112399e-05,0.0,1.099998048730175,-2.9849437509114575e-06
323760,0.11965284966319555,5.6986113276531275e-05,0.0,1.09999804872981,-2.984964867822746e-06
323820,0.11965302215255383,5.6835953399713344e-05,0.0,1.0999980487294458,-2.984985929141341e-06
323880,0.11965319418782663,5.668618881451499e-05,0.0,1.0999980487290826,-2.9850069350167874e-06
323940,0.11965336577023622,5.6536818456938056e-05,0.0,1.0999980487287204,-2.985027885598312e-06
324000,0.11965353690100225,5.6387841265245204e-05,0.0,1.0999980487283592,-2.9850487810348233e-06
324060,0.11965370758134182,5.6239256179947876e-05,0.0,1.0999980487279988,-2.985069621474915e-06
324120,0.11965387781246944,5.609106214379416e-05,0.0,1.0999980487276393,-2.985090407066867e-06
324180,0.11965404759559707,5.5943258101756686e-05,0.0,1.099998048727281,-2.985111137958648e-06
324240,0.11965421693193415,5.579584300102055e-05,0.0,1.0999980487269234,-2.9851318142979146e-06
324300,0.11965438582268756,5.5648815790971214e-05,0.0,1.0999980487265668,-2.985152436232016e-06
324360,0.11965455426906169,5.5502175423182374e-05,0.0,1.099998048726211,-2.985173003907995e-06
324420,0.11965472227225842,5.5355920851403906e-05,0.0,1.0999980487258563,-2.9851935174725875e-06
324480,0.11965488983347716,5.521005103154975e-05,0.0,1.0999980487255023,-2.9852139770722274e-06
324540,0.11965505695391485,5.50645649216858e-05,0.0,1.0999980487251495,-2.985234382853046e-06
324600,0.11965522363476597,5.491946148201782e-05,0.0,1.0999980487247973,-2.9852547349608745e-06
324660,0.11965538987722253,5.477473967487934e-05,0.0,1.0999980487244463,-2.9852750335412464e-06
324720,0.11965555568247416,5.463039846471955e-05,0.0,1.0999980487240961,-2.9852952787393967e-06
324780,0.11965572105170803,5.448643681809123e-05,0.0,1.0999980487237468,-2.9853154707002676e-06
324840,0.11965588598610896,5.434285370363862e-05,0.0,1.0999980487233985,-2.9853356095685064e-06
324900,0.11965605048685933,5.419964809208533e-05,0.0,1.099998048723051,-2.9853556954884692e-06
324960,0.11965621455513918,5.4056818956222246e-05,0.0,1.0999980487227043,-2.985375728604222e-06
325020,0.11965637819212618,5.391436527089544e-05,0.0,1.0999980487223586,-2.9853957090595424e-06
325080,0.11965654139899566,5.377228601299405e-05,0.0,1.099998048722014,-2.9854156369979228e-06
325140,0.11965670417692062,5.3630580161438205e-05,0.0,1.09999804872167,-2.9854355125625683e-06
325200,0.11965686652707173,5.348924669716691e-05,0.0,1.099998048721327,-2.985455335896403e-06
325260,0.11965702845061738,5.334828460312594e-05,0.0,1.0999980487209848,-2.9854751071420682e-06
325320,0.11965718994872364,5.3207692864255784e-05,0.0,1.0999980487206436,-2.985494826441926e-06
325380,0.11965735102255431,5.306747046747949e-05,0.0,1.0999980487203032,-2.9855144939380606e-06
325440,0.11965751167327099,5.29276164016906e-05,0.0,1.0999980487199637,-2.9855341097722793e-06
325500,0.11965767190203293,5.278812965774106e-05,0.0,1.099998048719625,-2.9855536740861146e-06
325560,0.11965783170999722,5.2649009228429094e-05,0.0,1.0999980487192873,-2.985573187020827e-06
325620,0.11965799109831869,5.251025410848711e-05,0.0,1.0999980487189505,-2.9855926487174046e-06
325680,0.11965815006815002,5.237186329456963e-05,0.0,1.0999980487186145,-2.985612059316566e-06
325740,0.11965830862064163,5.2233835785241166e-05,0.0,1.0999980487182792,-2.9856314189587626e-06
325800,0.11965846675694179,5.209617058096411e-05,0.0,1.099998048717945,-2.9856507277841794e-06
325860,0.11965862447819663,5.195886668408667e-05,0.0,1.0999980487176115,-2.9856699859327365e-06
325920,0.11965878178555009,5.182192309883076e-05,0.0,1.099998048717279,-2.9856891935440913e-06
325980,0.119658938680144,5.168533883127988e-05,0.0,1.0999980487169472,-2.9857083507576405e-06
326040,0.11965909516311805,5.1549112889367034e-05,0.0,1.0999980487166163,-2.9857274577125203e-06
326100,0.11965925123560985,5.141324428286265e-05,0.0,1.0999980487162861,-2.9857465145476106e-06
326160,0.11965940689875487,5.127773202336244e-05,0.0,1.099998048715957,-2.9857655214015343e-06
326220,0.11965956215368655,5.114257512427534e-05,0.0,1.0999980487156287,-2.98578447841266e-06
326280,0.11965971700153621,5.100777260081138e-05,0.0,1.0999980487153012,-2.9858033857191045e-06
326340,0.11965987144343317,5.087332346996962e-05,0.0,1.0999980487149745,-2.9858222434587325e-06
326400,0.11966002548050467,5.0739226750526026e-05,0.0,1.0999980487146486,-2.9858410517691603e-06
326460,0.11966017909054735,5.060550180486101e-05,0.0,1.0999980487143237,-2.9858598079411502e-06
326520,0.11966033227050396,5.0472151300508737e-05,0.0,1.0999980487140004,-2.9858785116017163e-06
326580,0.11966048504673632,5.033915225246234e-05,0.0,1.0999980487136778,-2.9858971659676473e-06
326640,0.11966063742031259,5.020650373102338e-05,0.0,1.099998048713356,-2.985915771169347e-06
326700,0.11966078939229834,5.007420480875456e-05,0.0,1.0999980487130352,-2.985934327336902e-06
326760,0.11966094096375655,4.9942254560470526e-05,0.0,1.0999980487127152,-2.985952834600083e-06
326820,0.11966109213574763,4.981065206322868e-05,0.0,1.099998048712396,-2.9859712930883458e-06
326880,0.11966124290932942,4.967939639632001e-05,0.0,1.0999980487120775,-2.9859897029308333e-06
326940,0.11966139328555724,4.9548486641259855e-05,0.0,1.09999804871176,-2.986008064256377e-06
327000,0.11966154326548381,4.941792188177876e-05,0.0,1.0999980487114434,-2.9860263771934976e-06
327060,0.11966169285015937,4.928770120381325e-05,0.0,1.0999980487111276,-2.9860446418704067e-06
327120,0.11966184204063164,4.915782369549668e-05,0.0,1.0999980487108127,-2.986062858415008e-06
327180,0.1196619908379458,4.902828844715e-05,0.0,1.0999980487104986,-2.986081026954897e-06
327240,0.11966213924314455,4.889909455127259e-05,0.0,1.0999980487101852,-2.986099147617367e-06
327300,0.11966228725726807,4.8770241102533055e-05,0.0,1.0999980487098728,-2.986117220529404e-06
327360,0.11966243488135413,4.864172719776007e-05,0.0,1.099998048709561,-2.986135245817693e-06
327420,0.11966258211643796,4.851355193593313e-05,0.0,1.0999980487092504,-2.986153223608617e-06
327480,0.11966272896355239,4.8385714418173415e-05,0.0,1.0999980487089405,-2.986171154028259e-06
327540,0.11966287542372776,4.825821374773457e-05,0.0,1.0999980487086312,-2.9861890372024026e-06
327600,0.119663021497992,4.813104902999351e-05,0.0,1.099998048708323,-2.986206873256534e-06
327660,0.11966316718737062,4.8004219372441257e-05,0.0,1.0999980487080154,-2.9862246623158427e-06
327720,0.11966331249288668,4.787772388467372e-05,0.0,1.0999980487077088,-2.9862424045052246e-06
327780,0.11966345741556089,4.775156167838254e-05,0.0,1.0999980487074028,-2.9862600999492795e-06
327840,0.1196636019564115,4.762573186734584e-05,0.0,1.099998048707098,-2.9862777487723164e-06
327900,0.11966374611645444,4.75002335674191e-05,0.0,1.0999980487067937,-2.986295351098353e-06
327960,0.11966388989670325,4.737506589652592e-05,0.0,1.0999980487064902,-2.9863129070511163e-06
328020,0.11966403329816909,4.725022797464886e-05,0.0,1.0999980487061876,-2.9863304167540456e-06
328080,0.11966417632186076,4.7125718923820236e-05,0.0,1.0999980487058858,-2.9863478803302913e-06
328140,0.11966431896878477,4.700153786811291e-05,0.0,1.099998048705585,-2.98636529790272e-06
328200,0.11966446123994526,4.687768393363114e-05,0.0,1.0999980487052847,-2.9863826695939116e-06
328260,0.11966460313634404,4.6754156248501374e-05,0.0,1.0999980487049854,-2.9863999955261637e-06
328320,0.11966474465898067,4.663095394286302e-05,0.0,1.0999980487046868,-2.9864172758214915e-06
328380,0.11966488580885234,4.650807614885933e-05,0.0,1.099998048704389,-2.986434510601629e-06
328440,0.11966502658695401,4.638552200062814e-05,0.0,1.0999980487040921,-2.98645169998803e-06
328500,0.11966516699427833,4.6263290634292715e-05,0.0,1.099998048703796,-2.9864688441018724e-06
328560,0.11966530703181569,4.614138118795256e-05,0.0,1.0999980487035006,-2.986485943064054e-06
328620,0.11966544670055422,4.601979280167421e-05,0.0,1.099998048703206,-2.9865029969951993e-06
328680,0.11966558600147983,4.589852461748206e-05,0.0,1.0999980487029122,-2.9865200060156566e-06
328740,0.11966572493557617,4.577757577934916e-05,0.0,1.0999980487026193,-2.986536970245503e-06
328800,0.11966586350382469,4.565694543318802e-05,0.0,1.099998048702327,-2.9865538898045414e-06
328860,0.11966600170720457,4.553663272684145e-05,0.0,1.0999980487020358,-2.986570764812306e-06
328920,0.11966613954669286,4.541663681007332e-05,0.0,1.0999980487017451,-2.986587595388061e-06
328980,0.11966627702326438,4.529695683455943e-05,0.0,1.0999980487014551,-2.9866043816508026e-06
329040,0.11966641413789177,4.517759195387826e-05,0.0,1.0999980487011662,-2.98662112371926e-06
329100,0.11966655089154549,4.505854132350181e-05,0.0,1.099998048700878,-2.9866378217118984e-06
329160,0.11966668728519386,4.493980410078643e-05,0.0,1.0999980487005905,-2.9866544757469173e-06
329220,0.11966682331980306,4.4821379444963565e-05,0.0,1.0999980487003038,-2.9866710859422536e-06
329280,0.11966695899633709,4.470326651713064e-05,0.0,1.0999980487000178,-2.986687652415584e-06
329340,0.11966709431575784,4.458546448024181e-05,0.0,1.0999980486997327,-2.9867041752843224e-06
329400,0.11966722927902511,4.446797249909881e-05,0.0,1.0999980486994483,-2.9867206546656267e-06
329460,0.11966736388709653,4.435078974034173e-05,0.0,1.0999980486991647,-2.9867370906763954e-06
329520,0.11966749814092771,4.423391537243986e-05,0.0,1.0999980486988818,-2.9867534834332703e-06
329580,0.11966763204147211,4.411734856568248e-05,0.0,1.0999980486985999,-2.98676983305264e-06
329640,0.11966776558968113,4.400108849216965e-05,0.0,1.0999980486983185,-2.9867861396506367e-06
329700,0.11966789878650415,4.388513432580306e-05,0.0,1.099998048698038,-2.9868024033431422e-06
329760,0.1196680316328884,4.3769485242276814e-05,0.0,1.0999980486977583,-2.9868186242457862e-06
329820,0.11966816412977918,4.365414041906825e-05,0.0,1.0999980486974792,-2.9868348024739486e-06
329880,0.11966829627811966,4.3539099035428734e-05,0.0,1.099998048697201,-2.9868509381427605e-06
329940,0.11966842807885103,4.342436027237449e-05,0.0,1.0999980486969236,-2.9868670313671063e-06
330000,0.11966855953291249,4.330992331267739e-05,0.0,1.099998048696647,-2.9868830822616235e-06
330060,0.1196686906412412,4.3195787340855784e-05,0.0,1.099998048696371,-2.986899090940705e-06
330120,0.11966882140477231,4.308195154316528e-05,0.0,1.0999980486960959,-2.9869150575185007e-06
330180,0.11966895182443905,4.29684151075896e-05,0.0,1.0999980486958214,-2.986930982108918e-06
330240,0.11966908190117266,4.285517722383133e-05,0.0,1.0999980486955476,-2.9869468648256232e-06
330300,0.11966921163590238,4.2742237083302777e-05,0.0,1.0999980486952747,-2.986962705782043e-06
330360,0.11966934102955554,4.262959387911676e-05,0.0,1.0999980486950025,-2.9869785050913667e-06
330420,0.11966947008305753,4.251724680607743e-05,0.0,1.0999980486947312,-2.9869942628665453e-06
330480,0.1196695987973318,4.240519506067105e-05,0.0,1.0999980486944605,-2.9870099792202945e-06
330540,0.11966972717329989,4.229343784105684e-05,0.0,1.0999980486941905,-2.9870256542650955e-06
330600,0.11966985521188142,4.218197434705776e-05,0.0,1.0999980486939214,-2.987041288113197e-06
330660,0.11966998291399412,4.207080378015135e-05,0.0,1.099998048693653,-2.9870568808766143e-06
330720,0.11967011028055387,4.19599253434605e-05,0.0,1.0999980486933854,-2.9870724326671343e-06
330780,0.1196702373124746,4.184933824174429e-05,0.0,1.0999980486931182,-2.9870879435963126e-06
330840,0.11967036401066844,4.173904168138879e-05,0.0,1.0999980486928522,-2.987103413775478e-06
330900,0.11967049037604564,4.162903487039786e-05,0.0,1.0999980486925867,-2.9871188433157315e-06
330960,0.11967061640951462,4.151931701838397e-05,0.0,1.099998048692322,-2.9871342323279502e-06
331020,0.11967074211198196,4.140988733655902e-05,0.0,1.099998048692058,-2.9871495809227857e-06
331080,0.11967086748435239,4.130074503772512e-05,0.0,1.0999980486917948,-2.9871648892106672e-06
331140,0.11967099252752889,4.1191889336265423e-05,0.0,1.0999980486915322,-2.987180157301803e-06
331200,0.11967111724241258,4.1083319448134936e-05,0.0,1.0999980486912704,-2.987195385306179e-06
331260,0.11967124162990281,4.09750345908513e-05,0.0,1.0999980486910095,-2.9872105733335655e-06
331320,0.11967136569089717,4.086703398348564e-05,0.0,1.099998048690749,-2.987225721493512e-06
331380,0.11967148942629145,4.075931684665335e-05,0.0,1.0999980486904894,-2.9872408298953534e-06
331440,0.11967161283697972,4.065188240250489e-05,0.0,1.0999980486902308,-2.9872558986482086e-06
331500,0.11967173592385423,4.054472987471665e-05,0.0,1.0999980486899725,-2.987270927860983e-06
331560,0.11967185868780558,4.043785848848168e-05,0.0,1.0999980486897152,-2.9872859176423697e-06
331620,0.11967198112972259,4.0331267470500566e-05,0.0,1.0999980486894585,-2.9873008681008502e-06
331680,0.11967210325049238,4.022495604897221e-05,0.0,1.0999980486892025,-2.9873157793446966e-06
331740,0.11967222505100035,4.0118923453584635e-05,0.0,1.0999980486889473,-2.987330651481971e-06
331800,0.11967234653213021,4.001316891550582e-05,0.0,1.0999980486886929,-2.9873454846205296e-06
331860,0.11967246769476401,3.990769166737449e-05,0.0,1.099998048688439,-2.987360278868022e-06
331920,0.1196725885397821,3.980249094329091e-05,0.0,1.099998048688186,-2.9873750343318928e-06
331980,0.11967270906637414,3.969756742536273e-05,0.0,1.0999980486879337,-2.9873897509150695e-06
332040,0.11967282924184397,3.959294910435052e-05,0.0,1.0999980486876806,-2.9874044246633686e-06
332100,0.11967294910066487,3.9488606443787446e-05,0.0,1.099998048687428,-2.987419059747836e-06
332160,0.11967306864367297,3.938453871576434e-05,0.0,1.099998048687176,-2.9874336562705564e-06
332220,0.11967318787170231,3.928074519418306e-05,0.0,1.099998048686925,-2.9874482143333614e-06
332280,0.11967330678558485,3.9177225154749406e-05,0.0,1.0999980486866743,-2.987462734037829e-06
332340,0.11967342538615051,3.907397787496604e-05,0.0,1.0999980486864245,-2.987477215485285e-06
332400,0.11967354367422711,3.897100263412545e-05,0.0,1.0999980486861751,-2.987491658776803e-06
332460,0.11967366165064047,3.88682987133028e-05,0.0,1.0999980486859264,-2.987506064013209e-06
332520,0.11967377931621431,3.876586539534893e-05,0.0,1.0999980486856784,-2.9875204312950765e-06
332580,0.11967389667177036,3.866370196488323e-05,0.0,1.099998048685431,-2.987534760722733e-06
332640,0.11967401371812832,3.856180770828661e-05,0.0,1.0999980486851844,-2.987549052396258e-06
332700,0.11967413045610584,3.8460181913694375e-05,0.0,1.0999980486849381,-2.987563306415485e-06
332760,0.11967424688651858,3.8358823870989186e-05,0.0,1.0999980486846928,-2.987577522880001e-06
332820,0.11967436301018021,3.825773287179397e-05,0.0,1.0999980486844478,-2.987591701889151e-06
332880,0.1196744788279024,3.815690820946485e-05,0.0,1.0999980486842034,-2.9876058435420347e-06
332940,0.11967459434049481,3.8056349179084074e-05,0.0,1.0999980486839598,-2.98761994793751e-06
333000,0.11967470954876516,3.7956055077452934e-05,0.0,1.0999980486837166,-2.9876340151741943e-06
333060,0.11967482445351917,3.785602520308468e-05,0.0,1.0999980486834742,-2.987648045350464e-06
333120,0.11967493905556062,3.775625885619748e-05,0.0,1.0999980486832324,-2.987662038564455e-06
333180,0.11967505335569131,3.765675533870729e-05,0.0,1.099998048682991,-2.9876759949140673e-06
333240,0.11967516735471113,3.755751395422086e-05,0.0,1.0999980486827503,-2.987689914496962e-06
333300,0.11967528105341801,3.7458534008028544e-05,0.0,1.0999980486825103,-2.9877037974105644e-06
333360,0.11967539445260797,3.735981480709735e-05,0.0,1.099998048682271,-2.987717643752064e-06
333420,0.11967550755307506,3.726135566006378e-05,0.0,1.099998048682032,-2.9877314536184156e-06
333480,0.11967562035561148,3.7163155877226786e-05,0.0,1.0999980486817937,-2.987745227106342e-06
333540,0.1196757328610075,3.706521477054068e-05,0.0,1.099998048681556,-2.9877589643123318e-06
333600,0.11967584507005147,3.696753165360809e-05,0.0,1.0999980486813188,-2.9877726653326437e-06
333660,0.11967595698352988,3.6870105841672846e-05,0.0,1.0999980486810823,-2.9877863302633055e-06
333720,0.11967606860222735,3.677293665161294e-05,0.0,1.0999980486808463,-2.987799959200115e-06
333780,0.11967617992692658,3.667602340193341e-05,0.0,1.099998048680611,-2.987813552238642e-06
333840,0.11967629095840847,3.657936541275932e-05,0.0,1.099998048680376,-2.9878271094742287e-06
333900,0.11967640169745201,3.6482962005828636e-05,0.0,1.0999980486801417,-2.987840631001992e-06
333960,0.11967651214483437,3.638681250448516e-05,0.0,1.0999980486799081,-2.9878541169168215e-06
334020,0.11967662230133086,3.62909162336715e-05,0.0,1.099998048679675,-2.987867567313383e-06
334080,0.11967673216771497,3.619527251992192e-05,0.0,1.0999980486794423,-2.98788098228612e-06
334140,0.11967684174475839,3.609988069135533e-05,0.0,1.0999980486792102,-2.9878943619292515e-06
334200,0.11967695103323095,3.600474007766817e-05,0.0,1.0999980486789789,-2.9879077063367765e-06
334260,0.1196770600339007,3.590985001012737e-05,0.0,1.099998048678748,-2.987921015602473e-06
334320,0.11967716874753388,3.581520982156324e-05,0.0,1.0999980486785175,-2.987934289819899e-06
334380,0.11967727717489496,3.572081884636242e-05,0.0,1.0999980486782877,-2.987947529082395e-06
334440,0.11967738531674658,3.5626676420460775e-05,0.0,1.0999980486780583,-2.987960733483083e-06
334500,0.11967749317384968,3.553278188133638e-05,0.0,1.0999980486778296,-2.987973903114869e-06
334560,0.11967760074696335,3.543913456800236e-05,0.0,1.0999980486776013,-2.9879870380704437e-06
334620,0.11967770803684497,3.534573382099991e-05,0.0,1.0999980486773737,-2.988000138442282e-06
334680,0.11967781504425015,3.5252578982391125e-05,0.0,1.0999980486771466,-2.9880132043226468e-06
334740,0.11967792176993279,3.5159669395752004e-05,0.0,1.0999980486769199,-2.988026235803587e-06
334800,0.11967802821464502,3.506700440616532e-05,0.0,1.0999980486766938,-2.988039232976941e-06
334860,0.11967813437913724,3.4974583360213584e-05,0.0,1.0999980486764682,-2.9880521959343364e-06
334920,0.11967824026415819,3.488240560597195e-05,0.0,1.099998048676243,-2.9880651247671903e-06
334980,0.1196783458704548,3.4790470493001124e-05,0.0,1.0999980486760186,-2.9880780195667127e-06
335040,0.1196784511987724,3.469877737234034e-05,0.0,1.0999980486757945,-2.988090880423904e-06
335100,0.11967855624985456,3.460732559650023e-05,0.0,1.099998048675571,-2.9881037074295603e-06
335160,0.11967866102444319,3.451611451945578e-05,0.0,1.099998048675348,-2.98811650067427e-06
335220,0.11967876552327852,3.4425143496639243e-05,0.0,1.0999980486751253,-2.9881292602484175e-06
335280,0.11967886974709911,3.433441188493308e-05,0.0,1.0999980486749033,-2.9881419862421844e-06
335340,0.11967897369664185,3.4243919042662865e-05,0.0,1.0999980486746819,-2.9881546787455484e-06
335400,0.119679077372642,3.4153664329590216e-05,0.0,1.0999980486744607,-2.988167337848286e-06
335460,0.11967918077583312,3.406364710690572e-05,0.0,1.0999980486742402,-2.988179963639974e-06
335520,0.1196792839069472,3.397386673722188e-05,0.0,1.0999980486740202,-2.988192556209987e-06
335580,0.11967938676671457,3.3884322584565996e-05,0.0,1.0999980486738006,-2.9882051156475034e-06
335640,0.11967948935586394,3.3795014014373135e-05,0.0,1.0999980486735814,-2.988217642041503e-06
335700,0.11967959167512239,3.370594039347901e-05,0.0,1.0999980486733627,-2.9882301354807676e-06
335760,0.11967969372521542,3.361710109011297e-05,0.0,1.0999980486731447,-2.9882425960538857e-06
335820,0.11967979550686694,3.352849547389085e-05,0.0,1.0999980486729268,-2.9882550238492495e-06
335880,0.11967989702079926,3.344012291580794e-05,0.0,1.0999980486727097,-2.988267418955057e-06
335940,0.11967999826773308,3.335198278823191e-05,0.0,1.099998048672493,-2.988279781459315e-06
336000,0.11968009924838757,3.3264074464895735e-05,0.0,1.0999980486722765,-2.9882921114498373e-06
336060,0.11968019996348032,3.317639732089059e-05,0.0,1.0999980486720606,-2.9883044090142476e-06
336120,0.11968030041372738,3.3088950732658804e-05,0.0,1.0999980486718453,-2.988316674239979e-06
336180,0.11968040059984321,3.300173407798679e-05,0.0,1.0999980486716303,-2.988328907214276e-06
336240,0.11968050052254076,3.2914746735997944e-05,0.0,1.0999980486714158,-2.988341108024196e-06
336300,0.11968060018253146,3.282798808714559e-05,0.0,1.0999980486712018,-2.988353276756609e-06
336360,0.11968069958052518,3.27414575132059e-05,0.0,1.0999980486709882,-2.9883654134982e-06
336420,0.11968079871723031,3.265515439727081e-05,0.0,1.099998048670775,-2.9883775183354674e-06
336480,0.11968089759335371,3.256907812374097e-05,0.0,1.0999980486705623,-2.9883895913547273e-06
336540,0.11968099620960075,3.2483228078318636e-05,0.0,1.0999980486703498,-2.9884016326421124e-06
336600,0.1196810945666753,3.239760364800062e-05,0.0,1.099998048670138,-2.9884136422835737e-06
336660,0.11968119266527978,3.2312204221071204e-05,0.0,1.0999980486699266,-2.988425620364881e-06
336720,0.11968129050611508,3.2227029187095064e-05,0.0,1.0999980486697154,-2.988437566971624e-06
336780,0.11968138808988064,3.21420779369102e-05,0.0,1.0999980486695047,-2.9884494821892146e-06
336840,0.11968148541727448,3.2057349862620864e-05,0.0,1.0999980486692946,-2.988461366102886e-06
336900,0.11968158248899315,3.1972844357590477e-05,0.0,1.0999980486690848,-2.988473218797694e-06
336960,0.1196816793057317,3.1888560816434555e-05,0.0,1.0999980486688754,-2.9884850403585196e-06
337020,0.11968177586818385,3.180449863501364e-05,0.0,1.0999980486686662,-2.988496830870068e-06
337080,0.1196818721770418,3.1720657210426225e-05,0.0,1.0999980486684577,-2.988508590416871e-06
337140,0.11968196823299639,3.163703594100166e-05,0.0,1.0999980486682495,-2.988520319083287e-06
337200,0.11968206403673701,3.1553634226293114e-05,0.0,1.0999980486680416,-2.9885320169535032e-06
337260,0.11968215958895168,3.147045146707046e-05,0.0,1.0999980486678342,-2.9885436841115347e-06
337320,0.11968225489032701,3.138748706531324e-05,0.0,1.099998048667627,-2.988555320641227e-06
337380,0.11968234994154822,3.130474042420354e-05,0.0,1.0999980486674203,-2.9885669266262574e-06
337440,0.11968244474329916,3.122221094811897e-05,0.0,1.099998048667214,-2.9885785021501343e-06
337500,0.11968253929626232,3.1139898042625555e-05,0.0,1.0999980486670082,-2.988590047296199e-06
337560,0.11968263358691879,3.105781367814248e-05,0.0,1.0999980486668055,-2.988601560417265e-06
337620,0.11968272762058346,3.097595316155614e-05,0.0,1.0999980486666048,-2.988613042161168e-06
337680,0.11968282140644255,3.089430837460155e-05,0.0,1.099998048666405,-2.988624493647478e-06
337740,0.11968291494514938,3.0812878748556074e-05,0.0,1.0999980486662055,-2.9886359149559822e-06
337800,0.11968300823735561,3.0731663716107066e-05,0.0,1.0999980486660068,-2.9886473061662712e-06
337860,0.11968310128371135,3.065066271134612e-05,0.0,1.0999980486658085,-2.988658667357737e-06
337920,0.11968319408486507,3.056987516976342e-05,0.0,1.0999980486656107,-2.9886699986095788e-06
337980,0.11968328664146363,3.0489300528241994e-05,0.0,1.0999980486654137,-2.9886813000007977e-06
338040,0.11968337895415232,3.040893822505203e-05,0.0,1.0999980486652172,-2.9886925716102022e-06
338100,0.11968347102357484,3.0328787699845168e-05,0.0,1.0999980486650212,-2.9887038135164072e-06
338160,0.11968356285037329,3.024884839364879e-05,0.0,1.0999980486648258,-2.9887150257978348e-06
338220,0.11968365443518823,3.016911974886033e-05,0.0,1.099998048664631,-2.988726208532715e-06
338280,0.11968374577865862,3.008960120924154e-05,0.0,1.099998048664437,-2.9887373617990877e-06
338340,0.11968383688142187,3.0010292219912824e-05,0.0,1.0999980486642433,-2.9887484856748014e-06
338400,0.11968392774411384,2.9931192227347503e-05,0.0,1.0999980486640502,-2.988759580237516e-06
338460,0.11968401836736885,2.9852300679366125e-05,0.0,1.0999980486638576,-2.9887706455647027e-06
338520,0.11968410875181965,2.9773617025130758e-05,0.0,1.0999980486636658,-2.9887816817336445e-06
338580,0.11968419889809749,2.9695140715139278e-05,0.0,1.0999980486634746,-2.988792688821437e-06
338640,0.11968428880683209,2.9616871201219678e-05,0.0,1.0999980486632839,-2.9888036669049912e-06
338700,0.1196843784786516,2.9538807936524355e-05,0.0,1.0999980486630938,-2.988814616061031e-06
338760,0.11968446791418272,2.9460950375524405e-05,0.0,1.0999980486629042,-2.9888255363660965e-06
338820,0.11968455711405061,2.9383297974003927e-05,0.0,1.0999980486627152,-2.988836427896544e-06
338880,0.11968464607887892,2.9305850189054298e-05,0.0,1.099998048662527,-2.988847290728546e-06
338940,0.11968473480928983,2.9228606479068496e-05,0.0,1.0999980486623393,-2.9888581249380945e-06
339000,0.119684823305904,2.9151566303735377e-05,0.0,1.0999980486621521,-2.9888689306009983e-06
339060,0.11968491156934065,2.9074729124033976e-05,0.0,1.0999980486619656,-2.9888797077928864e-06
339120,0.11968499960021747,2.89980944022278e-05,0.0,1.0999980486617797,-2.988890456589208e-06
339180,0.11968508739915075,2.892166160185913e-05,0.0,1.0999980486615943,-2.988901177065233e-06
339240,0.11968517496675525,2.88454301877433e-05,0.0,1.0999980486614096,-2.988911869296054e-06
339300,0.1196852623036443,2.8769399625963023e-05,0.0,1.0999980486612255,-2.9889225333565854e-06
339360,0.11968534941042981,2.869356938386265e-05,0.0,1.0999980486610421,-2.9889331693215644e-06
339420,0.11968543628772221,2.86179389300425e-05,0.0,1.0999980486608592,-2.988943777265554e-06
339480,0.11968552293613051,2.8542507734353126e-05,0.0,1.0999980486606769,-2.988954357262941e-06
339540,0.11968560935626227,2.8467275267889622e-05,0.0,1.0999980486604952,-2.9889649093879387e-06
339600,0.11968569554872366,2.8392241002985935e-05,0.0,1.0999980486603143,-2.9889754337145865e-06
339660,0.1196857815141194,2.8317404413209135e-05,0.0,1.0999980486601337,-2.988985930316752e-06
339720,0.11968586725305283,2.8242764973353713e-05,0.0,1.0999980486599539,-2.9889963992681294e-06
339780,0.11968595276612588,2.81683221594359e-05,0.0,1.099998048659775,-2.9890068406422436e-06
339840,0.11968603805393907,2.8094075448687942e-05,0.0,1.0999980486595964,-2.9890172545124492e-06
339900,0.11968612311709152,2.8020024319552393e-05,0.0,1.0999980486594183,-2.98902764095193e-06
339960,0.11968620795618101,2.7946168251676426e-05,0.0,1.0999980486592411,-2.989038000033703e-06
340020,0.1196862925718039,2.7872506725906112e-05,0.0,1.0999980486590646,-2.9890483318306164e-06
340080,0.1196863769645552,2.7799039224280737e-05,0.0,1.0999980486588885,-2.9890586364153513e-06
340140,0.11968646113502855,2.7725765230027073e-05,0.0,1.099998048658713,-2.989068913860424e-06
340200,0.11968654508381624,2.765268422755369e-05,0.0,1.0999980486585386,-2.989079164238183e-06
340260,0.1196866288115092,2.757979570244524e-05,0.0,1.0999980486583645,-2.9890893876208146e-06
340320,0.119686712318697,2.750709914145677e-05,0.0,1.099998048658191,-2.98909958408034e-06
340380,0.11968679560596793,2.7434594032507993e-05,0.0,1.0999980486580183,-2.9891097536886183e-06
340440,0.11968687867390888,2.7362279864677606e-05,0.0,1.0999980486578462,-2.989119896517346e-06
340500,0.11968696152310546,2.7290156128197574e-05,0.0,1.0999980486576748,-2.989130012638058e-06
340560,0.11968704415414193,2.721822231444743e-05,0.0,1.0999980486575038,-2.989140102122129e-06
340620,0.11968712656760126,2.714647791594856e-05,0.0,1.0999980486573337,-2.9891501650407737e-06
340680,0.11968720876406513,2.7074922426358517e-05,0.0,1.0999980486571643,-2.9891602014650487e-06
340740,0.1196872907441139,2.70035553404653e-05,0.0,1.0999980486569956,-2.989170211465851e-06
340800,0.11968737250832662,2.6932376154181658e-05,0.0,1.0999980486568275,-2.989180195113921e-06
340860,0.1196874540572811,2.686138436453938e-05,0.0,1.09999804865666,-2.9891901524798433e-06
340920,0.11968753539155381,2.6790579469683598e-05,0.0,1.0999980486564933,-2.9892000836340453e-06
340980,0.11968761651172002,2.6719960968867075e-05,0.0,1.0999980486563272,-2.989209988646801e-06
341040,0.11968769741835368,2.664952836244451e-05,0.0,1.099998048656162,-2.989219867588229e-06
341100,0.1196877781120275,2.6579281151866813e-05,0.0,1.0999980486559973,-2.9892297205282956e-06
341160,0.11968785859331296,2.6509218839675436e-05,0.0,1.0999980486558334,-2.9892395475368136e-06
341220,0.11968793886278024,2.6439340929496625e-05,0.0,1.09999804865567,-2.989249348683444e-06
341280,0.11968801892099834,2.636964692603575e-05,0.0,1.0999980486555074,-2.9892591240376983e-06
341340,0.11968809876853498,2.6300136335071588e-05,0.0,1.0999980486553456,-2.9892688736689366e-06
341400,0.11968817840595666,2.623080866345062e-05,0.0,1.0999980486551844,-2.9892785976463705e-06
341460,0.1196882578338287,2.616166341908131e-05,0.0,1.099998048655024,-2.9892882960390616e-06
341520,0.11968833705271517,2.609270011092844e-05,0.0,1.0999980486548642,-2.9892979689159257e-06
341580,0.11968841606317894,2.602391824900736e-05,0.0,1.0999980486547052,-2.989307616345731e-06
341640,0.11968849486578169,2.595531734437832e-05,0.0,1.0999980486545469,-2.9893172383970983e-06
341700,0.11968857346108389,2.5886896909140734e-05,0.0,1.0999980486543894,-2.989326835138505e-06
341760,0.11968865184964483,2.581865645642751e-05,0.0,1.0999980486542327,-2.989336406638283e-06
341820,0.11968873003202264,2.575059550039931e-05,0.0,1.0999980486540766,-2.9893459529646208e-06
341880,0.11968880800877424,2.5682713556238875e-05,0.0,1.0999980486539211,-2.9893554741855635e-06
341940,0.1196888857804554,2.5615010140145306e-05,0.0,1.0999980486537666,-2.9893649703690145e-06
342000,0.11968896334762075,2.5547484769328352e-05,0.0,1.0999980486536127,-2.9893744415827363e-06
342060,0.11968904071082373,2.5480136962002727e-05,0.0,1.0999980486534597,-2.98938388789435e-06
342120,0.11968911787061665,2.5412966237382385e-05,0.0,1.0999980486533074,-2.9893933093713383e-06
342180,0.11968919482755068,2.5345972115674832e-05,0.0,1.0999980486531558,-2.989402706081043e-06
342240,0.11968927158217585,2.5279154118075405e-05,0.0,1.099998048653005,-2.9894120780906695e-06
342300,0.11968934813504106,2.5212511766761583e-05,0.0,1.0999980486528549,-2.9894214254672854e-06
342360,0.11968942448669412,2.514604458488727e-05,0.0,1.0999980486527057,-2.989430748277822e-06
342420,0.11968950063768166,2.5079752096577106e-05,0.0,1.0999980486525573,-2.9894400465890745e-06
342480,0.11968957658854926,2.5013633826920737e-05,0.0,1.0999980486524097,-2.989449320467703e-06
342540,0.11968965233984138,2.4947689301967136e-05,0.0,1.0999980486522627,-2.989458569980235e-06
342600,0.11968972789210137,2.4881918048718888e-05,0.0,1.0999980486521166,-2.9894677951930626e-06
342660,0.11968980324587153,2.4816319595126484e-05,0.0,1.0999980486519714,-2.9894769961724473e-06
342720,0.11968987840169303,2.4750893470082623e-05,0.0,1.0999980486518268,-2.9894861729845176e-06
342780,0.11968995336010599,2.4685639203416493e-05,0.0,1.0999980486516832,-2.989495325695272e-06
342840,0.11969002812164946,2.4620556325888085e-05,0.0,1.0999980486515404,-2.9895044543705784e-06
342900,0.11969010268686142,2.455564436918248e-05,0.0,1.0999980486513983,-2.9895135590761755e-06
342960,0.11969017705627882,2.4490902865904142e-05,0.0,1.099998048651257,-2.9895226398776735e-06
343020,0.11969025123043753,2.442633134957121e-05,0.0,1.0999980486511167,-2.9895316968405554e-06
343080,0.11969032520639805,2.436193235318868e-05,0.0,1.0999980486509748,-2.9895407295901848e-06
343140,0.11969039897305811,2.429771545485427e-05,0.0,1.0999980486508236,-2.989549736718177e-06
343200,0.11969047254522645,2.423366786960258e-05,0.0,1.0999980486506729,-2.9895587200975717e-06
343260,0.11969054592341602,2.4169789150811757e-05,0.0,1.099998048650522,-2.9895676797909626e-06
343320,0.11969061910813845,2.4106078852944396e-05,0.0,1.0999980486503718,-2.989576615860791e-06
343380,0.11969069209990417,2.404253653154289e-05,0.0,1.0999980486502217,-2.9895855283693446e-06
343440,0.11969076489922235,2.3979161743224776e-05,0.0,1.0999980486500718,-2.989594417378761e-06
343500,0.11969083750660094,2.3915954045678122e-05,0.0,1.0999980486499223,-2.989603282951026e-06
343560,0.11969090992254668,2.3852912997656872e-05,0.0,1.099998048649773,-2.989612125147976e-06
343620,0.11969098214756504,2.3790038158976204e-05,0.0,1.099998048649624,-2.9896209440312965e-06
343680,0.11969105418216033,2.37273290905079e-05,0.0,1.099998048649475,-2.9896297396625247e-06
343740,0.11969112602683563,2.366478535417571e-05,0.0,1.0999980486493264,-2.9896385121030497e-06
343800,0.1196911976820928,2.3602406512950694e-05,0.0,1.0999980486491778,-2.989647261414112e-06
343860,0.1196912691484325,2.35401921308466e-05,0.0,1.0999980486490297,-2.9896559876568055e-06
343920,0.11969134042635422,2.3478141772915227e-05,0.0,1.0999980486488816,-2.9896646908920777e-06
343980,0.11969141151635626,2.341625500524177e-05,0.0,1.0999980486487337,-2.98967337118073e-06
344040,0.11969148241893571,2.3354531394940197e-05,0.0,1.099998048648586,-2.9896820285834197e-06
344100,0.1196915531345885,2.3292970510148595e-05,0.0,1.0999980486484384,-2.989690663160658e-06
344160,0.11969162366380938,2.323157192002454e-05,0.0,1.0999980486482912,-2.9896992749728136e-06
344220,0.11969169400709194,2.3170335194740467e-05,0.0,1.099998048648144,-2.989707864080111e-06
344280,0.1196917641649286,2.310925990547901e-05,0.0,1.0999980486479968,-2.989716430542633e-06
344340,0.11969183413781065,2.3048345624428373e-05,0.0,1.09999804864785,-2.9897249744203195e-06
344400,0.11969190392622817,2.2987591924777692e-05,0.0,1.099998048647703,-2.98973349577297e-06
344460,0.11969197353067014,2.2926998380712406e-05,0.0,1.0999980486475565,-2.989741994660243e-06
344520,0.1196920429516244,2.2866564567409587e-05,0.0,1.09999804864741,-2.9897504711416575e-06
344580,0.11969211218957763,2.280629006103334e-05,0.0,1.0999980486472634,-2.989758925276592e-06
344640,0.11969218124501542,2.2746174438730132e-05,0.0,1.099998048647117,-2.989767357124287e-06
344700,0.11969225011842216,2.268621727862417e-05,0.0,1.0999980486469707,-2.989775766743846e-06
344760,0.1196923188102812,2.2626418159812755e-05,0.0,1.0999980486468244,-2.9897841541942328e-06
344820,0.11969238732107473,2.2566776662361655e-05,0.0,1.099998048646678,-2.9897925195342764e-06
344880,0.11969245565128385,2.250729236730044e-05,0.0,1.099998048646532,-2.9898008628226694e-06
344940,0.11969252380138855,2.244796485661787e-05,0.0,1.0999980486463858,-2.989809184117968e-06
345000,0.11969259177186772,2.238879371325725e-05,0.0,1.0999980486462397,-2.989817483478594e-06
345060,0.11969265956319916,2.2329778521111763e-05,0.0,1.0999980486460936,-2.989825760962836e-06
345120,0.11969272717585958,2.227091886501988e-05,0.0,1.0999980486459475,-2.989834016628847e-06
345180,0.1196927946103246,2.2212214330760683e-05,0.0,1.0999980486458016,-2.9898422505346496e-06
345240,0.11969286186706878,2.2153664505049235e-05,0.0,1.0999980486456555,-2.989850462738132e-06
345300,0.1196929289465656,2.209526897553195e-05,0.0,1.0999980486455094,-2.9898586532970525e-06
345360,0.11969299584928747,2.2037027330781934e-05,0.0,1.099998048645363,-2.9898668222690372e-06
345420,0.11969306257570574,2.197893916029438e-05,0.0,1.099998048645217,-2.9898749697115827e-06
345480,0.1196931291262907,2.1921004054481888e-05,0.0,1.0999980486450707,-2.9898830956820556e-06
345540,0.11969319550151161,2.1863221604669857e-05,0.0,1.0999980486449243,-2.9898912002376933e-06
345600,0.11969326170183667,2.180559140309183e-05,0.0,1.099998048644778,-2.9898992834356053e-06
345660,0.11969332772773301,2.1748113042884866e-05,0.0,1.0999980486446315,-2.9899073453327732e-06
345720,0.11969339357966681,2.1690786118084884e-05,0.0,1.099998048644485,-2.989915385986051e-06
345780,0.11969345925810311,2.1633610223622044e-05,0.0,1.0999980486443381,-2.989923405452168e-06
345840,0.11969352476350602,2.1576584955316093e-05,0.0,1.0999980486441914,-2.989931403787725e-06
345900,0.11969359009633858,2.151970990987173e-05,0.0,1.0999980486440444,-2.9899393810492003e-06
345960,0.11969365525706283,2.1462984684873975e-05,0.0,1.0999980486438972,-2.9899473372929464e-06
346020,0.11969372024613979,2.1406408878783517e-05,0.0,1.09999804864375,-2.9899552725751914e-06
346080,0.11969378506402951,2.1349982090932078e-05,0.0,1.0999980486436025,-2.989963186952042e-06
346140,0.11969384971119103,2.1293703921517783e-05,0.0,1.0999980486434549,-2.9899710804794802e-06
346200,0.11969391418808235,2.1237573971600514e-05,0.0,1.099998048643307,-2.9899789532133684e-06
346260,0.11969397849516057,2.1181591843097266e-05,0.0,1.0999980486431589,-2.9899868052094455e-06
346320,0.11969404263288175,2.1125757138777515e-05,0.0,1.0999980486430105,-2.9899946365233315e-06
346380,0.11969410660170096,2.1070069462258584e-05,0.0,1.099998048642862,-2.9900024472105256e-06
346440,0.11969417040207236,2.1014528418000985e-05,0.0,1.099998048642713,-2.9900102373264075e-06
346500,0.11969423403444909,2.0959133611303804e-05,0.0,1.099998048642564,-2.990018006926239e-06
346560,0.11969429749928336,2.0903884648300042e-05,0.0,1.0999980486424146,-2.990025756065163e-06
346620,0.1196943607970264,2.0848781135951984e-05,0.0,1.099998048642265,-2.9900334847982062e-06
346680,0.11969442392812851,2.0793822682046566e-05,0.0,1.099998048642115,-2.990041193180277e-06
346740,0.11969448689303908,2.073900889519072e-05,0.0,1.0999980486419647,-2.990048881266169e-06
346800,0.11969454969220647,2.0684339384806747e-05,0.0,1.0999980486418142,-2.9900565491105596e-06
346860,0.11969461232607818,2.0629813761127678e-05,0.0,1.0999980486416632,-2.990064196768012e-06
346920,0.11969467479510076,2.0575431635192637e-05,0.0,1.099998048641512,-2.990071824292975e-06
346980,0.11969473709971985,2.0521192618842184e-05,0.0,1.09999804864136,-2.9900794317397833e-06
347040,0.11969479924038016,2.04670963247137e-05,0.0,1.099998048641208,-2.9900870191626595e-06
347100,0.11969486121752547,2.041314236623673e-05,0.0,1.0999980486410557,-2.9900945866157138e-06
347160,0.11969492303159869,2.035933035762835e-05,0.0,1.0999980486409027,-2.9901021341529444e-06
347220,0.11969498468304181,2.0305659913888535e-05,0.0,1.0999980486407492,-2.9901096618282396e-06
347280,0.11969504617229591,2.0252130650795506e-05,0.0,1.0999980486405956,-2.9901171696953767e-06
347340,0.11969510749980121,2.0198742184901104e-05,0.0,1.0999980486404413,-2.9901246578080224e-06
347400,0.11969516866599703,2.0145494133526144e-05,0.0,1.0999980486402865,-2.9901321262197367e-06
347460,0.11969522967132178,2.009238611475577e-05,0.0,1.0999980486401313,-2.990139574983969e-06
347520,0.11969529051621304,2.0039417747434832e-05,0.0,1.0999980486399754,-2.990147004154063e-06
347580,0.11969535120110751,1.9986588651163232e-05,0.0,1.099998048639819,-2.9901544137832534e-06
347640,0.11969541172644102,1.9933898446291296e-05,0.0,1.0999980486396623,-2.9901618039246697e-06
347700,0.11969547209264852,1.988134675391512e-05,0.0,1.099998048639505,-2.9901691746313355e-06
347760,0.11969553230016415,1.9828933195871947e-05,0.0,1.0999980486393468,-2.9901765259561694e-06
347820,0.11969559234942116,1.9776657394735526e-05,0.0,1.0999980486391883,-2.9901838579519845e-06
347880,0.11969565224085199,1.9724518973811455e-05,0.0,1.099998048639029,-2.990191170671492e-06
347940,0.11969571197488821,1.9672517557132565e-05,0.0,1.0999980486388694,-2.9901984641672976e-06
348000,0.11969577155196058,1.9620652769454272e-05,0.0,1.0999980486387089,-2.990205738491906e-06
348060,0.11969583097249904,1.9568924236249924e-05,0.0,1.0999980486385479,-2.9902129936977203e-06
348120,0.1196958902369327,1.951733158370619e-05,0.0,1.099998048638386,-2.9902202298370407e-06
348180,0.1196959493456898,1.9465874438718396e-05,0.0,1.0999980486382235,-2.990227446962069e-06
348240,0.11969600829919788,1.9414552428885898e-05,0.0,1.0999980486380603,-2.9902346451249047e-06
348300,0.1196960670978836,1.936336518250744e-05,0.0,1.0999980486378964,-2.9902418243775496e-06
348360,0.1196961257421728,1.9312312328576516e-05,0.0,1.0999980486377319,-2.990248984771907e-06
348420,0.11969618423249058,1.9261393496776725e-05,0.0,1.0999980486375665,-2.990256126359781e-06
348480,0.11969624256926123,1.9210608317477148e-05,0.0,1.0999980486374001,-2.9902632491928787e-06
348540,0.11969630075290824,1.9159956421727685e-05,0.0,1.0999980486372332,-2.9902703533228114e-06
348600,0.11969635878385435,1.9109437441254436e-05,0.0,1.0999980486370653,-2.990277438801093e-06
348660,0.11969641664258739,1.9059068698074473e-05,0.0,1.0999980486369234,-2.9902845034024328e-06
348720,0.11969647434250208,1.900883831247925e-05,0.0,1.09999804863679,-2.9902915486598855e-06
348780,0.11969653189003072,1.8958740583218323e-05,0.0,1.0999980486366567,-2.99029857531131e-06
348840,0.11969658928557607,1.8908775159697765e-05,0.0,1.099998048636524,-2.9903055834059096e-06
348900,0.1196966465295399,1.8858941692122394e-05,0.0,1.0999980486363916,-2.990312572992776e-06
348960,0.11969670362232314,1.8809239831491766e-05,0.0,1.0999980486362597,-2.990319544120889e-06
349020,0.1196967605643258,1.8759669229596142e-05,0.0,1.0999980486361283,-2.9903264968391203e-06
349080,0.11969681735594694,1.8710229539012474e-05,0.0,1.099998048635997,-2.9903334311962294e-06
349140,0.11969687399758477,1.8660920413100375e-05,0.0,1.0999980486358665,-2.9903403472408673e-06
349200,0.1196969304896366,1.8611741505998108e-05,0.0,1.0999980486357361,-2.9903472450215766e-06
349260,0.11969698683249883,1.8562692472618563e-05,0.0,1.0999980486356062,-2.990354124586791e-06
349320,0.119697043026567,1.851377296864522e-05,0.0,1.0999980486354768,-2.9903609859848368e-06
349380,0.11969709907223575,1.846498265052816e-05,0.0,1.099998048635348,-2.9903678292639336e-06
349440,0.11969715496989884,1.8416321175480005e-05,0.0,1.0999980486352194,-2.9903746544721937e-06
349500,0.1196972107199492,1.8367788201471927e-05,0.0,1.0999980486350913,-2.9903814616576243e-06
349560,0.11969726632277886,1.8319383387229616e-05,0.0,1.0999980486349636,-2.990388250868127e-06
349620,0.11969732177877897,1.8271106392229243e-05,0.0,1.0999980486348364,-2.990395022151498e-06
349680,0.11969737708833987,1.8222956876693477e-05,0.0,1.0999980486347098,-2.99040177555543e-06
349740,0.11969743225185103,1.8174934501587423e-05,0.0,1.0999980486345835,-2.9904085111275113e-06
349800,0.11969748726970106,1.8127038928614626e-05,0.0,1.0999980486344578,-2.990415228915228e-06
349860,0.11969754214227774,1.8079269820213038e-05,0.0,1.0999980486343326,-2.990421928965963e-06
349920,0.11969759686996799,1.8031626839551003e-05,0.0,1.0999980486342078,-2.9904286113269974e-06
349980,0.11969765145315794,1.7984109650523236e-05,0.0,1.0999980486340835,-2.9904352760455105e-06
350040,0.11969770589223286,1.793671791774679e-05,0.0,1.0999980486339596,-2.9904419231685815e-06
350100,0.11969776018757719,1.788945130655705e-05,0.0,1.0999980486338363,-2.9904485527431885e-06
350160,0.11969781433957458,1.784230948300371e-05,0.0,1.0999980486337133,-2.990455164816211e-06
350220,0.11969786834860782,1.7795292113846738e-05,0.0,1.099998048633591,-2.9904617594344282e-06
350280,0.11969792221505893,1.7748398866552363e-05,0.0,1.0999980486334693,-2.9904683366445213e-06
350340,0.11969797593930911,1.7701629409289067e-05,0.0,1.099998048633348,-2.9904748964930727e-06
350400,0.11969802952173877,1.7654983410923536e-05,0.0,1.0999980486332273,-2.990481439026569e-06
350460,0.1196980829627275,1.7608460541016664e-05,0.0,1.099998048633107,-2.9904879642913984e-06
350520,0.11969813626265412,1.7562060469819512e-05,0.0,1.0999980486329872,-2.9904944723338537e-06
350580,0.11969818942189664,1.751578286826931e-05,0.0,1.0999980486328682,-2.990500963200131e-06
350640,0.11969824244083231,1.7469627407985406e-05,0.0,1.0999980486327494,-2.9905074369363317e-06
350700,0.11969829531983758,1.7423593761265276e-05,0.0,1.0999980486326315,-2.990513893588463e-06
350760,0.11969834805928817,1.7377681601080474e-05,0.0,1.099998048632514,-2.9905203332024374e-06
350820,0.11969840065955896,1.733189060107263e-05,0.0,1.099998048632397,-2.9905267558240747e-06
350880,0.11969845312102413,1.7286220435549422e-05,0.0,1.0999980486322807,-2.9905331614991005e-06
350940,0.11969850544405707,1.7240670779480556e-05,0.0,1.099998048632165,-2.9905395502731496e-06
351000,0.11969855762903042,1.7195241308493743e-05,0.0,1.0999980486320498,-2.990545922191764e-06
351060,0.11969860967631608,1.7149931698870677e-05,0.0,1.0999980486319352,-2.990552277300394e-06
351120,0.1196986615862852,1.7104741627543015e-05,0.0,1.0999980486318213,-2.9905586156444008e-06
351180,0.11969871335930816,1.7059670772088363e-05,0.0,1.0999980486317078,-2.9905649372690545e-06
351240,0.11969876499575466,1.7014718810726243e-05,0.0,1.099998048631595,-2.990571242219535e-06
351300,0.1196988164959936,1.6969885422314067e-05,0.0,1.0999980486314829,-2.9905775305409354e-06
351360,0.11969886786039322,1.6925170286343143e-05,0.0,1.0999980486313714,-2.990583802278258e-06
351420,0.119698919089321,1.6880573082934624e-05,0.0,1.0999980486312604,-2.990590057476419e-06
351480,0.1196989701831437,1.68360934928355e-05,0.0,1.0999980486311502,-2.9905962961802456e-06
351540,0.11969902114222737,1.6791731197414576e-05,0.0,1.0999980486310406,-2.9906025184344807e-06
351600,0.11969907196693738,1.674748587865845e-05,0.0,1.0999980486309315,-2.990608724283779e-06
351660,0.11969912265763835,1.6703357219167494e-05,0.0,1.0999980486308234,-2.990614913772711e-06
351720,0.11969917321469424,1.6659344902151826e-05,0.0,1.0999980486307157,-2.990621086945761e-06
351780,0.1196992236384683,1.6615448611427292e-05,0.0,1.0999980486306087,-2.9906272438473295e-06
351840,0.11969927392932306,1.657166803141145e-05,0.0,1.0999980486305025,-2.990633384521733e-06
351900,0.11969932408762042,1.6528002847119545e-05,0.0,1.0999980486303969,-2.9906395090132055e-06
351960,0.11969937411372157,1.6484452744160477e-05,0.0,1.099998048630292,-2.990645617365897e-06
352020,0.11969942400798701,1.6441017408732805e-05,0.0,1.099998048630188,-2.9906517096238763e-06
352080,0.11969947377077661,1.63976965276207e-05,0.0,1.0999980486300844,-2.9906577858311296e-06
352140,0.1196995234024495,1.6354489788189928e-05,0.0,1.0999980486299819,-2.9906638460315634e-06
352200,0.11969957290336426,1.6311396878383853e-05,0.0,1.0999980486298797,-2.9906698902690023e-06
352260,0.11969962227387869,1.6268417486719383e-05,0.0,1.0999980486297785,-2.990675918587192e-06
352320,0.11969967151435003,1.6225551302282967e-05,0.0,1.099998048629678,-2.990681931029799e-06
352380,0.1196997206251348,1.6182798014726567e-05,0.0,1.0999980486295784,-2.99068792764041e-06
352440,0.11969976960658894,1.6140157314263647e-05,0.0,1.0999980486294794,-2.9906939084625337e-06
352500,0.11969981845906771,1.609762889166514e-05,0.0,1.0999980486293812,-2.9906998735396026e-06
352560,0.11969986718292576,1.6055212438255424e-05,0.0,1.0999980486292837,-2.990705822914971e-06
352620,0.11969991577851707,1.6012907645908318e-05,0.0,1.0999980486291872,-2.990711756631916e-06
352680,0.11969996424619504,1.5970714207043043e-05,0.0,1.0999980486290912,-2.9907176747336406e-06
352740,0.11970001258631244,1.5928631814620212e-05,0.0,1.0999980486289962,-2.9907235772632704e-06
352800,0.1197000607992214,1.5886660162137805e-05,0.0,1.099998048628902,-2.9907294642638577e-06
352860,0.11970010888527344,1.5844798943627144e-05,0.0,1.0999980486288086,-2.9907353357783796e-06
352920,0.11970015684481951,1.5803047853648874e-05,0.0,1.099998048628716,-2.9907411918497405e-06
352980,0.11970020467820992,1.5761406587288943e-05,0.0,1.0999980486286243,-2.990747032520771e-06
353040,0.11970025238579442,1.571987484015459e-05,0.0,1.0999980486285335,-2.9907528578342294e-06
353100,0.1197002999679221,1.56784523083703e-05,0.0,1.0999980486284435,-2.9907586678328014e-06
353160,0.11970034742494154,1.56371386885738e-05,0.0,1.0999980486283545,-2.9907644625591026e-06
353220,0.11970039475720069,1.5595933677912046e-05,0.0,1.0999980486282661,-2.9907702420556764e-06
353280,0.11970044196504692,1.5554836974037176e-05,0.0,1.0999980486281788,-2.9907760063649973e-06
353340,0.11970048904882706,1.5513848275102507e-05,0.0,1.0999980486280925,-2.9907817555294682e-06
353400,0.11970053600888733,1.547296727975851e-05,0.0,1.0999980486280068,-2.9907874895914247e-06
353460,0.1197005828455734,1.543219368714879e-05,0.0,1.0999980486279222,-2.990793208593133e-06
353520,0.1197006295592304,1.5391527196906057e-05,0.0,1.0999980486278387,-2.9907989125767914e-06
353580,0.11970067615020286,1.5350967509148122e-05,0.0,1.0999980486277559,-2.9908046015845305e-06
353640,0.1197007226188348,1.5310514324473846e-05,0.0,1.0999980486276741,-2.9908102756584143e-06
353700,0.11970076896546968,1.527016734395916e-05,0.0,1.0999980486275933,-2.9908159348404407e-06
353760,0.1197008151904504,1.5229926269152997e-05,0.0,1.0999980486275134,-2.9908215791725413e-06
353820,0.11970086129411935,1.518979080207331e-05,0.0,1.0999980486274346,-2.990827208696583e-06
353880,0.11970090727681836,1.514976064520303e-05,0.0,1.0999980486273566,-2.990832823454368e-06
353940,0.11970095313888875,1.510983550148605e-05,0.0,1.0999980486272798,-2.990838423487634e-06
354000,0.11970099888067132,1.5070015074323201e-05,0.0,1.0999980486272039,-2.990844008838056e-06
354060,0.11970104450250635,1.5030299067568236e-05,0.0,1.099998048627129,-2.9908495795472453e-06
354120,0.11970109000473357,1.4990687185523805e-05,0.0,1.0999980486270553,-2.9908551356567512e-06
354180,0.11970113538769227,1.4951179132937433e-05,0.0,1.0999980486269825,-2.9908606772080618e-06
354240,0.11970118065172115,1.49117746149975e-05,0.0,1.0999980486269108,-2.9908662042426028e-06
354300,0.11970122579715849,1.4872473337329221e-05,0.0,1.0999980486268401,-2.99087171680174e-06
354360,0.119701270824342,1.4833275005990624e-05,0.0,1.0999980486267706,-2.9908772149267787e-06
354420,0.11970131573360897,1.4794179327468525e-05,0.0,1.099998048626702,-2.9908826986589655e-06
354480,0.11970136052529615,1.4755186008674514e-05,0.0,1.0999980486266348,-2.9908881680394877e-06
354540,0.11970140519973983,1.4716294756940927e-05,0.0,1.0999980486265684,-2.990893623109473e-06
354600,0.11970144975727584,1.4677505280016826e-05,0.0,1.0999980486265033,-2.990899063909993e-06
354660,0.11970149419823949,1.463881728606398e-05,0.0,1.0999980486264394,-2.9909044904820613e-06
354720,0.11970153852296565,1.4600230483652841e-05,0.0,1.0999980486263765,-2.990909902866635e-06
354780,0.11970158273178873,1.4561744581758532e-05,0.0,1.0999980486263148,-2.9909153011046144e-06
354840,0.11970162682504269,1.4523359289756805e-05,0.0,1.0999980486262544,-2.9909206852368452e-06
354900,0.11970167080306102,1.4485074317420042e-05,0.0,1.099998048626195,-2.9909260553041176e-06
354960,0.11970171466617673,1.4446889374913224e-05,0.0,1.099998048626137,-2.9909314113471676e-06
355020,0.11970175841472246,1.4408804172789903e-05,0.0,1.09999804862608,-2.990936753406677e-06
355080,0.11970180204903033,1.4370818421988193e-05,0.0,1.0999980486260243,-2.9909420815232746e-06
355140,0.11970184556943209,1.4332931833826746e-05,0.0,1.0999980486259697,-2.9909473957375363e-06
355200,0.11970188897625901,1.429514412000072e-05,0.0,1.0999980486259167,-2.990952696089986e-06
355260,0.11970193226984198,1.4257454992577773e-05,0.0,1.0999980486258647,-2.990957982621096e-06
355320,0.1197019754505114,1.421986416399403e-05,0.0,1.099998048625814,-2.990963255371287e-06
355380,0.11970201851859733,1.4182371347050068e-05,0.0,1.0999980486257646,-2.990968514380931e-06
355440,0.11970206147442936,1.4144976254906892e-05,0.0,1.0999980486257166,-2.9909737596903476e-06
355500,0.11970210431833671,1.4107678601081915e-05,0.0,1.0999980486256697,-2.9909789913398092e-06
355560,0.11970214705064816,1.4070478099444938e-05,0.0,1.0999980486256242,-2.990984209369538e-06
355620,0.11970218966364907,1.4033381447592267e-05,0.0,1.0999980486255745,-2.990989412805767e-06
355680,0.11970223212952898,1.3996412791306419e-05,0.0,1.0999980486255017,-2.9909945981413676e-06
355740,0.1197022744832213,1.3959541799009689e-05,0.0,1.099998048625429,-2.990999769778975e-06
355800,0.11970231672502502,1.392276821046747e-05,0.0,1.0999980486253569,-2.9910049277550613e-06
355860,0.11970235885523846,1.388609176601616e-05,0.0,1.099998048625285,-2.991010072106019e-06
355920,0.11970240087415931,1.384951220656017e-05,0.0,1.0999980486252132,-2.991015202868159e-06
355980,0.1197024427820846,1.3813029273568903e-05,0.0,1.099998048625142,-2.9910203200777134e-06
356040,0.11970248457931071,1.3776642709073753e-05,0.0,1.0999980486250707,-2.991025423770835e-06
356100,0.11970252626613338,1.3740352255665098e-05,0.0,1.0999980486249998,-2.991030513983597e-06
356160,0.11970256784284773,1.3704157656489292e-05,0.0,1.0999980486249292,-2.9910355907519945e-06
356220,0.1197026093097482,1.3668058655245657e-05,0.0,1.0999980486248588,-2.9910406541119444e-06
356280,0.11970265066712867,1.3632054996183483e-05,0.0,1.0999980486247887,-2.9910457040992867e-06
356340,0.11970269191528231,1.3596146424099008e-05,0.0,1.0999980486247187,-2.9910507407497826e-06
356400,0.11970273305450171,1.3560332684332427e-05,0.0,1.099998048624649,-2.9910557640991178e-06
356460,0.11970277408507889,1.3524613522764867e-05,0.0,1.0999980486245795,-2.991060774182901e-06
356520,0.11970281500730513,1.3488988685815399e-05,0.0,1.0999980486245102,-2.991065771036665e-06
356580,0.11970285582147121,1.3453457920438018e-05,0.0,1.0999980486244412,-2.9910707546958677e-06
356640,0.11970289652786724,1.341802097411864e-05,0.0,1.0999980486243723,-2.9910757251958907e-06
356700,0.11970293712678273,1.3382677594872096e-05,0.0,1.0999980486243037,-2.9910806825720416e-06
356760,0.11970297761850661,1.3347427531239125e-05,0.0,1.0999980486242353,-2.9910856268595536e-06
356820,0.1197030180033272,1.3312270532283364e-05,0.0,1.099998048624167,-2.9910905580935856e-06
356880,0.1197030582815322,1.3277206347588344e-05,0.0,1.0999980486240988,-2.9910954763092235e-06
356940,0.11970309845340874,1.3242234727254485e-05,0.0,1.0999980486240308,-2.9911003815414807e-06
357000,0.11970313851924337,1.3207355421896085e-05,0.0,1.099998048623963,-2.9911052738252964e-06
357060,0.11970317847932202,1.3172568182638312e-05,0.0,1.0999980486238954,-2.9911101531955387e-06
357120,0.11970321833393006,1.3137872761114204e-05,0.0,1.0999980486238279,-2.9911150196870034e-06
357180,0.1197032580833523,1.3103268909461657e-05,0.0,1.0999980486237606,-2.9911198733344163e-06
357240,0.11970329772787293,1.3068756380320416e-05,0.0,1.0999980486236933,-2.9911247141724298e-06
357300,0.1197033372677756,1.3034334926829076e-05,0.0,1.0999980486236263,-2.991129542235628e-06
357360,0.11970337670334337,1.3000004302622065e-05,0.0,1.0999980486235592,-2.9911343575585234e-06
357420,0.11970341603485875,1.2965764261826644e-05,0.0,1.0999980486234924,-2.9911391601755597e-06
357480,0.11970345526260369,1.2931614559059899e-05,0.0,1.0999980486234255,-2.991143950121111e-06
357540,0.11970349438685958,1.2897554949425733e-05,0.0,1.099998048623359,-2.991148727429482e-06
357600,0.11970353340790722,1.286358518851186e-05,0.0,1.0999980486232923,-2.9911534921349104e-06
357660,0.11970357232602692,1.2829705032386797e-05,0.0,1.0999980486232257,-2.9911582442715643e-06
357720,0.11970361114149841,1.2795914237596854e-05,0.0,1.099998048623159,-2.991162983873545e-06
357780,0.11970364985460086,1.276221256116314e-05,0.0,1.0999980486230927,-2.9911677109748865e-06
357840,0.11970368846561291,1.2728599760578535e-05,0.0,1.0999980486230263,-2.991172425609556e-06
357900,0.11970372697481269,1.2695075593804704e-05,0.0,1.09999804862296,-2.991177127811454e-06
357960,0.11970376538247775,1.2661639819269078e-05,0.0,1.0999980486228935,-2.9911818176144164e-06
358020,0.11970380368888514,1.2628292195861848e-05,0.0,1.0999980486228271,-2.9911864950522116e-06
358080,0.11970384189431138,1.2595032482932961e-05,0.0,1.099998048622761,-2.991191160158544e-06
358140,0.11970387999903245,1.2561860440289115e-05,0.0,1.0999980486226946,-2.9911958129670536e-06
358200,0.11970391800332383,1.2528775828190746e-05,0.0,1.0999980486226282,-2.9912004535113158e-06
358260,0.11970395590746047,1.2495778407349025e-05,0.0,1.099998048622562,-2.991205081824842e-06
358320,0.1197039937117168,1.2462867938922851e-05,0.0,1.0999980486224956,-2.9912096979410805e-06
358380,0.11970403141636678,1.2430044184515845e-05,0.0,1.099998048622429,-2.9912143018934156e-06
358440,0.11970406902168379,1.2397306906173337e-05,0.0,1.0999980486223626,-2.9912188937151708e-06
358500,0.11970410652794078,1.2364655866379368e-05,0.0,1.0999980486222962,-2.9912234734396065e-06
358560,0.11970414393541015,1.233209082805368e-05,0.0,1.0999980486222296,-2.9912280410999205e-06
358620,0.11970418124436383,1.22996115545487e-05,0.0,1.0999980486221628,-2.991232596729251e-06
358680,0.11970421845507326,1.226721780964655e-05,0.0,1.0999980486220962,-2.9912371403606733e-06
358740,0.11970425556780938,1.2234909357556022e-05,0.0,1.0999980486220293,-2.991241672027205e-06
358800,0.11970429258284264,1.2202685962909592e-05,0.0,1.0999980486219623,-2.9912461917618e-06
358860,0.119704329500443,1.217054739076039e-05,0.0,1.0999980486218952,-2.991250699597356e-06
358920,0.11970436632087998,1.213849340657921e-05,0.0,1.099998048621828,-2.9912551955667098e-06
358980,0.11970440304442258,1.2106523776251496e-05,0.0,1.0999980486217606,-2.991259679702639e-06
359040,0.11970443967133935,1.2074638266074333e-05,0.0,1.0999980486216931,-2.9912641520378633e-06
359100,0.11970447620189838,1.2042836642753452e-05,0.0,1.0999980486216254,-2.991268612605045e-06
359160,0.11970451263636726,1.2011118673400206e-05,0.0,1.0999980486215575,-2.9912730614367887e-06
359220,0.11970454897501318,1.1979484125528574e-05,0.0,1.0999980486214895,-2.9912774985656405e-06
359280,0.11970458521810279,1.1947932767052156e-05,0.0,1.0999980486214211,-2.9912819240240914e-06
359340,0.11970462136590233,1.1916464366281156e-05,0.0,1.0999980486213528,-2.9912863378445752e-06
359400,0.11970465741867763,1.1885078691919385e-05,0.0,1.0999980486212841,-2.991290740059471e-06
359460,0.11970469337669398,1.1853775513061248e-05,0.0,1.0999980486212153,-2.9912951307011e-06
359520,0.1197047292402163,1.1822554599188739e-05,0.0,1.099998048621146,-2.991299509801732e-06
359580,0.11970476500950905,1.1791415720168433e-05,0.0,1.0999980486210768,-2.9913038773935777e-06
359640,0.11970480068483622,1.1760358646248485e-05,0.0,1.099998048621007,-2.991308233508798e-06
359700,0.11970483626646142,1.1729383148055615e-05,0.0,1.099998048620937,-2.991312578179497e-06
359760,0.11970487175464778,1.1698488996592102e-05,0.0,1.099998048620867,-2.9913169114377272e-06
359820,0.11970490714965802,1.1667675963232784e-05,0.0,1.0999980486207963,-2.9913212333154866e-06
359880,0.11970494245175448,1.1636943819722045e-05,0.0,1.0999980486207255,-2.991325543844722e-06
359940,0.11970497766119899,1.1606292338170809e-05,0.0,1.0999980486206542,-2.9913298430573268e-06
360000,0.11970501277825304,1.1575721291053532e-05,0.0,1.0999980486205827,-2.9913341309851446e-06
360060,0.11970504780317769,1.1545230451205201e-05,0.0,1.0999980486205108,-2.9913384076599663e-06
360120,0.11970508273623355,1.1514819591818321e-05,0.0,1.0999980486204386,-2.991342673113532e-06
360180,0.11970511757768089,1.1484488486439907e-05,0.0,1.099998048620366,-2.991346927377531e-06
360240,0.11970515232777951,1.1454236908968487e-05,0.0,1.099998048620293,-2.991351170483605e-06
360300,0.11970518698678885,1.142406463365108e-05,0.0,1.0999980486202194,-2.9913554024633423e-06
360360,0.11970522155496796,1.1393971435080203e-05,0.0,1.0999980486201457,-2.9913596233482856e-06
360420,0.11970525603257547,1.1363957088190857e-05,0.0,1.0999980486200713,-2.9913638331699265e-06
360480,0.11970529041986963,1.133402136825752e-05,0.0,1.0999980486199965,-2.9913680319597095e-06
360540,0.11970532471710833,1.1304164050891143e-05,0.0,1.0999980486199215,-2.9913722197490304e-06
360600,0.11970535892454903,1.1274384912036139e-05,0.0,1.0999980486198457,-2.9913763965692377e-06
360660,0.11970539304244884,1.1244683727967384e-05,0.0,1.0999980486197696,-2.991380562451633e-06
360720,0.11970542707106452,1.1215060275287198e-05,0.0,1.099998048619693,-2.991384717427472e-06
360780,0.11970546101065241,1.1185514330922349e-05,0.0,1.0999980486196157,-2.9913888615279624e-06
360840,0.11970549486146849,1.1156045672121043e-05,0.0,1.099998048619538,-2.9913929947842674e-06
360900,0.1197055286237684,1.1126654076449911e-05,0.0,1.0999980486194598,-2.9913971172275045e-06
360960,0.1197055622978074,1.1097339321791011e-05,0.0,1.099998048619381,-2.991401228888746e-06
361020,0.11970559588384042,1.1068101186338816e-05,0.0,1.0999980486193015,-2.9914053297990193e-06
361080,0.119705629382122,1.1038939448597211e-05,0.0,1.0999980486192216,-2.9914094199893093e-06
361140,0.11970566279290631,1.1009853887376477e-05,0.0,1.099998048619141,-2.9914134994905547e-06
361200,0.11970569611644725,1.0980844281790296e-05,0.0,1.0999980486190597,-2.991417568333653e-06
361260,0.11970572935299832,1.0951910411252738e-05,0.0,1.0999980486189778,-2.9914216265494577e-06
361320,0.11970576250281267,1.0923052055475248e-05,0.0,1.0999980486188954,-2.9914256741687802e-06
361380,0.11970579556614315,1.0894268994463656e-05,0.0,1.0999980486188121,-2.9914297112223895e-06
361440,0.11970582854324224,1.0865561008515153e-05,0.0,1.0999980486187282,-2.9914337377410134e-06
361500,0.11970586143436213,1.0836927878215291e-05,0.0,1.0999980486186438,-2.9914377537553386e-06
361560,0.11970589423975465,1.0808369384434976e-05,0.0,1.0999980486185583,-2.9914417592960103e-06
361620,0.11970592695967132,1.0779885308327468e-05,0.0,1.0999980486184724,-2.9914457543936336e-06
361680,0.11970595959436334,1.0751475431325354e-05,0.0,1.0999980486183856,-2.9914497390787745e-06
361740,0.11970599214408158,1.0723139535137565e-05,0.0,1.099998048618298,-2.991453713381958e-06
361800,0.11970602460907662,1.0694877401746355e-05,0.0,1.09999804861821,-2.9914576773336706e-06
361860,0.11970605698959871,1.0666688813404295e-05,0.0,1.0999980486181207,-2.9914616309643606e-06
361920,0.11970608928589782,1.063857355263127e-05,0.0,1.0999980486180307,-2.991465574304438e-06
361980,0.11970612149822357,1.0610531402211475e-05,0.0,1.0999980486179401,-2.9914695073842735e-06
362040,0.11970615362682534,1.0582562145190394e-05,0.0,1.0999980486178484,-2.9914734302342025e-06
362100,0.11970618567195217,1.0554665564871809e-05,0.0,1.099998048617756,-2.9914773428845216e-06
362160,0.11970621763385282,1.0526841444814786e-05,0.0,1.0999980486176628,-2.9914812453654914e-06
362220,0.11970624951277578,1.049908956883067e-05,0.0,1.0999980486175684,-2.9914851377073367e-06
362280,0.11970628130896921,1.0471409720980073e-05,0.0,1.0999980486174734,-2.9914890199402465e-06
362340,0.11970631302268105,1.0443801685569874e-05,0.0,1.0999980486173773,-2.991492892094373e-06
362400,0.1197063446541589,1.0416265247150209e-05,0.0,1.0999980486172802,-2.991496754199836e-06
362460,0.11970637620365011,1.0388800190511463e-05,0.0,1.0999980486171823,-2.991500606286719e-06
362520,0.1197064076714018,1.0361406300681264e-05,0.0,1.0999980486170833,-2.991504448385071e-06
362580,0.11970643905766074,1.0334083362921476e-05,0.0,1.0999980486169831,-2.991508280524909e-06
362640,0.11970647033792638,1.0306852578397703e-05,0.0,1.0999980486169012,-2.9915120998416742e-06
362700,0.11970650151998799,1.0279707205296663e-05,0.0,1.0999980486168315,-2.9915159072475783e-06
362760,0.11970653261981189,1.025263342549948e-05,0.0,1.099998048616762,-2.9915197046112634e-06
362820,0.11970656363761738,1.0225631048116012e-05,0.0,1.0999980486166925,-2.9915234919595145e-06
362880,0.11970659457362319,1.0198699882698111e-05,0.0,1.0999980486166232,-2.991527269319055e-06
362940,0.11970662542804758,1.0171839739237552e-05,0.0,1.0999980486165537,-2.9915310367165463e-06
363000,0.11970665620110829,1.0145050428163983e-05,0.0,1.0999980486164846,-2.991534794178589e-06
363060,0.11970668689302259,1.0118331760342853e-05,0.0,1.0999980486164154,-2.9915385417317234e-06
363120,0.1197067175040072,1.009168354707336e-05,0.0,1.0999980486163465,-2.9915422794024286e-06
363180,0.11970674803427839,1.0065105600086377e-05,0.0,1.0999980486162775,-2.9915460072171235e-06
363240,0.11970677848405191,1.0038597731542401e-05,0.0,1.0999980486162086,-2.9915497252021676e-06
363300,0.11970680885354303,1.0012159754029485e-05,0.0,1.09999804861614,-2.9915534333838603e-06
363360,0.11970683914296651,9.985791480561179e-06,0.0,1.0999980486160714,-2.991557131788442e-06
363420,0.11970686935253665,9.959492724574467e-06,0.0,1.0999980486160028,-2.991560820442093e-06
363480,0.11970689948246725,9.9332632999277e-06,0.0,1.0999980486159344,-2.991564499370936e-06
363540,0.11970692953297163,9.907103020898544e-06,0.0,1.0999980486158663,-2.9915681686010347e-06
363600,0.11970695950426265,9.881011702181912e-06,0.0,1.099998048615798,-2.991571828158395e-06
363660,0.11970698939655265,9.854989158887902e-06,0.0,1.09999804861573,-2.9915754780689642e-06
363720,0.11970701921005354,9.829035206539736e-06,0.0,1.099998048615662,-2.9915791183586326e-06
363780,0.11970704894497672,9.803149661071697e-06,0.0,1.0999980486155942,-2.9915827490532325e-06
363840,0.11970707860153315,9.77733233882707e-06,0.0,1.0999980486155265,-2.99158637017854e-06
363900,0.11970710817993328,9.751583056556078e-06,0.0,1.0999980486154588,-2.991589981760274e-06
363960,0.11970713768038717,9.725901631413818e-06,0.0,1.0999980486153915,-2.991593583824097e-06
364020,0.11970716710310432,9.700287880958205e-06,0.0,1.0999980486153242,-2.991597176395615e-06
364080,0.11970719644829385,9.674741623147902e-06,0.0,1.099998048615257,-2.9916007595003785e-06
364140,0.11970722571616436,9.649262676340262e-06,0.0,1.09999804861519,-2.991604333163883e-06
364200,0.11970725490692406,9.623850859289274e-06,0.0,1.099998048615123,-2.991607897411567e-06
364260,0.11970728402078064,9.598505991143486e-06,0.0,1.0999980486150562,-2.9916114522688164e-06
364320,0.11970731305794138,9.57322789144395e-06,0.0,1.0999980486149896,-2.99161499776096e-06
364380,0.11970734201861309,9.548016380122164e-06,0.0,1.0999980486149232,-2.9916185339132735e-06
364440,0.11970737090300215,9.522871277498008e-06,0.0,1.099998048614857,-2.991622060750979e-06
364500,0.11970739971131449,9.497792404277674e-06,0.0,1.099998048614791,-2.991625578299243e-06
364560,0.11970742844375558,9.47277958155162e-06,0.0,1.099998048614725,-2.9916290865831798e-06
364620,0.11970745710053046,9.447832630792487e-06,0.0,1.099998048614659,-2.9916325856278503e-06
364680,0.11970748568184378,9.42295137385306e-06,0.0,1.0999980486145935,-2.991636075458262e-06
364740,0.11970751418789966,9.398135632964189e-06,0.0,1.099998048614528,-2.9916395560993703e-06
364800,0.11970754261890187,9.373385230732733e-06,0.0,1.0999980486144627,-2.991643027576078e-06
364860,0.11970757097505372,9.348699990139499e-06,0.0,1.0999980486143974,-2.991646489913235e-06
364920,0.11970759925655808,9.32407973453718e-06,0.0,1.0999980486143326,-2.9916499431356408e-06
364980,0.11970762746361742,9.299524287648288e-06,0.0,1.0999980486142678,-2.991653387268043e-06
365040,0.11970765559643376,9.2750334735631e-06,0.0,1.0999980486142034,-2.9916568223351366e-06
365100,0.11970768365520872,9.250607116737593e-06,0.0,1.099998048614139,-2.9916602483615678e-06
365160,0.11970771164014349,9.226245041991375e-06,0.0,1.0999980486140748,-2.9916636653719304e-06
365220,0.11970773955143886,9.201947074505636e-06,0.0,1.0999980486140108,-2.9916670733907693e-06
365280,0.11970776738929517,9.177713039821075e-06,0.0,1.0999980486139471,-2.9916704724425787e-06
365340,0.1197077951539124,9.153542763835844e-06,0.0,1.0999980486138836,-2.991673862551802e-06
365400,0.11970782284549009,9.129436072803484e-06,0.0,1.0999980486138203,-2.9916772437428354e-06
365460,0.11970785046422736,9.105392793330863e-06,0.0,1.0999980486137573,-2.991680616040024e-06
365520,0.11970787801032294,9.081412752376116e-06,0.0,1.0999980486136944,-2.991683979467665e-06
365580,0.1197079054839752,9.05749577724658e-06,0.0,1.0999980486136318,-2.991687334050007e-06
365640,0.11970793288538203,9.03364169559673e-06,0.0,1.0999980486135694,-2.991690679811249e-06
365700,0.11970796021474098,9.009850335426131e-06,0.0,1.0999980486135073,-2.9916940167755433e-06
365760,0.1197079874722492,8.986121525077353e-06,0.0,1.0999980486134453,-2.991697344966995e-06
365820,0.11970801465810342,8.962455093233933e-06,0.0,1.0999980486133836,-2.9917006644096602e-06
365880,0.11970804177250001,8.938850868918293e-06,0.0,1.0999980486133223,-2.991703975127549e-06
365940,0.11970806881563494,8.91530868148969e-06,0.0,1.099998048613261,-2.991707277144624e-06
366000,0.11970809578770379,8.891828360642151e-06,0.0,1.0999980486132002,-2.991710570484801e-06
366060,0.11970812268890176,8.868409736402414e-06,0.0,1.0999980486131395,-2.991713855171951e-06
366120,0.11970814951942367,8.845052639127856e-06,0.0,1.0999980486130794,-2.991717131229898e-06
366180,0.11970817627946397,8.821756899504445e-06,0.0,1.0999980486130192,-2.99172039868242e-06
366240,0.1197082029692167,8.798522348544665e-06,0.0,1.0999980486129595,-2.9917236575532504e-06
366300,0.1197082295888756,8.775348817585466e-06,0.0,1.0999980486129002,-2.9917269078660763e-06
366360,0.11970825613863396,8.752236138286188e-06,0.0,1.099998048612841,-2.9917301496445418e-06
366420,0.11970828261868474,8.729184142626519e-06,0.0,1.099998048612782,-2.991733382912245e-06
366480,0.11970830902922053,8.706192662904408e-06,0.0,1.0999980486127237,-2.99173660769274e-06
366540,0.11970833537043356,8.683261531734025e-06,0.0,1.0999980486126653,-2.9917398240095377e-06
366600,0.11970836164251566,8.660390582043691e-06,0.0,1.0999980486126075,-2.991743031886105e-06
366660,0.11970838784565836,8.637579647073808e-06,0.0,1.0999980486125498,-2.991746231345865e-06
366720,0.1197084139800528,8.61482856037481e-06,0.0,1.0999980486124927,-2.991749422412198e-06
366780,0.11970844004588978,8.592137155805093e-06,0.0,1.0999980486124359,-2.9917526051084416e-06
366840,0.11970846604335972,8.569505267528962e-06,0.0,1.0999980486123793,-2.9917557794578917e-06
366900,0.11970849197265271,8.546932730014551e-06,0.0,1.099998048612323,-2.9917589454838e-06
366960,0.1197085178339585,8.524419378031781e-06,0.0,1.0999980486122674,-2.991762103209379e-06
367020,0.11970854362746648,8.501965046650289e-06,0.0,1.0999980486122118,-2.991765252657797e-06
367080,0.11970856935336571,8.479569571237364e-06,0.0,1.0999980486121568,-2.9917683938521824e-06
367140,0.1197085950118449,8.457232787455889e-06,0.0,1.099998048612102,-2.9917715268156226e-06
367200,0.11970862060309241,8.434954531262279e-06,0.0,1.0999980486120478,-2.9917746515711636e-06
367260,0.1197086461272963,8.412734638904414e-06,0.0,1.0999980486119938,-2.991777768141812e-06
367320,0.11970867158464427,8.390572946919586e-06,0.0,1.0999980486119403,-2.991780876550533e-06
367380,0.11970869697532369,8.368469292132427e-06,0.0,1.0999980486118872,-2.9917839768202525e-06
367440,0.11970872229952159,8.346423511652857e-06,0.0,1.0999980486118346,-2.991787068973857e-06
367500,0.11970874755742472,8.324435442874016e-06,0.0,1.0999980486117822,-2.991790153034194e-06
367560,0.11970877274921946,8.302504923470196e-06,0.0,1.0999980486117305,-2.991793229024071e-06
367620,0.1197087978750919,8.280631791394797e-06,0.0,1.099998048611679,-2.9917962969662583e-06
367680,0.11970882293522776,8.258815884878246e-06,0.0,1.099998048611628,-2.991799356883486e-06
367740,0.11970884792981251,8.23705704242595e-06,0.0,1.0999980486115775,-2.9918024087984473e-06
367800,0.11970887285903127,8.215355102816218e-06,0.0,1.0999980486115275,-2.9918054527337975e-06
367860,0.11970889772306884,8.193709905098217e-06,0.0,1.099998048611478,-2.991808488712154e-06
367920,0.11970892252210974,8.172121288589899e-06,0.0,1.099998048611429,-2.9918115167560973e-06
367980,0.11970894725633814,8.150589092875939e-06,0.0,1.0999980486113803,-2.991814536888171e-06
368040,0.11970897192593796,8.129113157805679e-06,0.0,1.099998048611332,-2.991817549130881e-06
368100,0.11970899653109277,8.107693323491059e-06,0.0,1.0999980486112846,-2.9918205535066983e-06
368160,0.11970902107198585,8.086329430304562e-06,0.0,1.0999980486112375,-2.991823550038057e-06
368220,0.11970904554880021,8.065021318877144e-06,0.0,1.0999980486111909,-2.991826538747356e-06
368280,0.11970906996171854,8.043768830096183e-06,0.0,1.099998048611145,-2.991829519656958e-06
368340,0.11970909431092323,8.022571805103406e-06,0.0,1.0999980486110992,-2.9918324927891908e-06
368400,0.1197091185965964,8.001430085292833e-06,0.0,1.0999980486110543,-2.991835458166347e-06
368460,0.11970914281891985,7.980343512308715e-06,0.0,1.09999804861101,-2.991838415810686e-06
368520,0.11970916697807515,7.959311928043467e-06,0.0,1.099998048610966,-2.9918413657444305e-06
368580,0.11970919107424355,7.938335174635616e-06,0.0,1.0999980486109227,-2.9918443079897713e-06
368640,0.11970921510760599,7.917413094467728e-06,0.0,1.09999804861088,-2.9918472425688643e-06
368700,0.11970923907834319,7.896545530164355e-06,0.0,1.0999980486108378,-2.9918501695038326e-06
368760,0.11970926298663555,7.875732324589965e-06,0.0,1.0999980486107963,-2.9918530888167653e-06
368820,0.11970928683266321,7.854973320846886e-06,0.0,1.0999980486107555,-2.9918560005297193e-06
368880,0.11970931061660606,7.834268362273242e-06,0.0,1.099998048610715,-2.9918589046647185e-06
368940,0.11970933433864368,7.813617292440892e-06,0.0,1.0999980486106753,-2.9918618012437557e-06
369000,0.11970935799895542,7.793019955153367e-06,0.0,1.0999980486106362,-2.9918646902887897e-06
369060,0.11970938159772034,7.77247619444381e-06,0.0,1.0999980486105978,-2.9918675718217493e-06
369120,0.11970940513511723,7.751985854572904e-06,0.0,1.09999804861056,-2.991870445864531e-06
369180,0.11970942861132465,7.731548780026832e-06,0.0,1.099998048610523,-2.991873312439e-06
369240,0.1197094520265209,7.71116481551519e-06,0.0,1.0999980486104866,-2.991876171566992e-06
369300,0.119709475380884,7.690833805968942e-06,0.0,1.0999980486104508,-2.9918790232703114e-06
369360,0.11970949867459173,7.670555596538351e-06,0.0,1.0999980486104157,-2.991881867570731e-06
369420,0.11970952190782162,7.650330032590921e-06,0.0,1.0999980486103815,-2.9918847044899955e-06
369480,0.11970954508075095,7.630156959709327e-06,0.0,1.0999980486103478,-2.9918875340498195e-06
369540,0.11970956819355677,7.610036223689366e-06,0.0,1.099998048610315,-2.991890356271888e-06
369600,0.11970959124572302,7.589968276392234e-06,0.0,1.099998048610282,-2.9918931710904915e-06
369660,0.11970961421363244,7.569973771202614e-06,0.0,1.0999980486102332,-2.9918959755268143e-06
369720,0.11970963712104837,7.55003192822093e-06,0.0,1.0999980486101846,-2.9918987725768187e-06
369780,0.11970965996813074,7.530142608196118e-06,0.0,1.099998048610136,-2.9919015622600396e-06
369840,0.11970968275503908,7.510305672217487e-06,0.0,1.0999980486100875,-2.9919043445959633e-06
369900,0.11970970548193255,7.490520981713243e-06,0.0,1.0999980486100391,-2.9919071196040274e-06
369960,0.1197097281489699,7.470788398449018e-06,0.0,1.099998048609991,-2.9919098873036245e-06
370020,0.11970975075630949,7.4511077845263894e-06,0.0,1.0999980486099428,-2.9919126477140987e-06
370080,0.11970977330410933,7.4314790023814e-06,0.0,1.0999980486098948,-2.9919154008547474e-06
370140,0.11970979579252701,7.411901914783086e-06,0.0,1.099998048609847,-2.9919181467448207e-06
370200,0.11970981822171978,7.392376384831995e-06,0.0,1.0999980486097993,-2.9919208854035235e-06
370260,0.11970984059184445,7.372902275958715e-06,0.0,1.0999980486097518,-2.991923616850013e-06
370320,0.1197098629030575,7.353479451922392e-06,0.0,1.0999980486097043,-2.991926341103402e-06
370380,0.11970988515551502,7.3341077768092545e-06,0.0,1.099998048609657,-2.991929058182755e-06
370440,0.11970990734937274,7.314787115031139e-06,0.0,1.09999804860961,-2.9919317681070926e-06
370500,0.119709929484786,7.2955173313240114e-06,0.0,1.0999980486095629,-2.99193447089539e-06
370560,0.11970995156190975,7.276298290746487e-06,0.0,1.099998048609516,-2.991937166566576e-06
370620,0.11970997358089862,7.257129858678358e-06,0.0,1.0999980486094691,-2.9919398551395355e-06
370680,0.11970999554190684,7.238011900819116e-06,0.0,1.0999980486094225,-2.9919425366331074e-06
370740,0.11971001744508827,7.2189442831864695e-06,0.0,1.099998048609376,-2.9919452110660867e-06
370800,0.11971003929059644,7.199926872114875e-06,0.0,1.0999980486093295,-2.9919478784572237e-06
370860,0.11971006107858446,7.180959534254055e-06,0.0,1.099998048609283,-2.991950538825225e-06
370920,0.11971008280920514,7.162042136567521e-06,0.0,1.099998048609237,-2.991953192188752e-06
370980,0.1197101044826109,7.1431745463310995e-06,0.0,1.099998048609191,-2.9919558385664232e-06
371040,0.11971012609895379,7.124356631131451e-06,0.0,1.099998048609145,-2.9919584779768136e-06
371100,0.11971014765838553,7.105588258864596e-06,0.0,1.0999980486090992,-2.991961110438454e-06
371160,0.11971016916105748,7.086869297734437e-06,0.0,1.0999980486090535,-2.9919637359698326e-06
371220,0.11971019060712064,7.0681996162512815e-06,0.0,1.099998048609008,-2.9919663545893944e-06
371280,0.11971021199672567,7.049579083230365e-06,0.0,1.0999980486089624,-2.9919689663155416e-06
371340,0.11971023333002288,7.031007567790374e-06,0.0,1.0999980486089171,-2.9919715711666336e-06
371400,0.11971025460716221,7.01248493935197e-06,0.0,1.0999980486088718,-2.991974169160988e-06
371460,0.11971027582829329,6.9940110676363105e-06,0.0,1.0999980486088268,-2.99197676031688e-06
371520,0.11971029699356538,6.975585822663572e-06,0.0,1.0999980486087817,-2.9919793446525427e-06
371580,0.11971031810312739,6.9572090747514755e-06,0.0,1.0999980486087368,-2.991981922186167e-06
371640,0.11971033915712793,6.938880694513809e-06,0.0,1.0999980486086922,-2.9919844929359028e-06
371700,0.11971036015571525,6.920600552858947e-06,0.0,1.0999980486086474,-2.991987056919859e-06
371760,0.11971038109903723,6.902368520988377e-06,0.0,1.099998048608603,-2.991989614156103e-06
371820,0.11971040198724148,6.884184470395223e-06,0.0,1.0999980486085585,-2.99199216466266e-06
371880,0.11971042282047521,6.866048272862764e-06,0.0,1.0999980486085141,-2.9919947084575174e-06
371940,0.11971044359888536,6.847959800462963e-06,0.0,1.09999804860847,-2.991997245558619e-06
372000,0.11971046432261848,6.829918925554985e-06,0.0,1.099998048608426,-2.9919997759838703e-06
372060,0.11971048499182083,6.8119255207837225e-06,0.0,1.0999980486083818,-2.992002299751136e-06
372120,0.11971050560663835,6.793979459078319e-06,0.0,1.099998048608338,-2.9920048168782406e-06
372180,0.11971052616721661,6.77608061365069e-06,0.0,1.0999980486082943,-2.9920073273829693e-06
372240,0.1197105466737009,6.7582288579940464e-06,0.0,1.0999980486082506,-2.9920098312830683e-06
372300,0.11971056712623618,6.740424065881419e-06,0.0,1.099998048608207,-2.992012328596243e-06
372360,0.11971058752496708,6.7226661113641806e-06,0.0,1.0999980486081635,-2.992014819340162e-06
372420,0.1197106078700379,6.704954868770568e-06,0.0,1.0999980486081202,-2.9920173035324526e-06
372480,0.11971062816159264,6.687290212704208e-06,0.0,1.099998048608077,-2.992019781190705e-06
372540,0.11971064839977501,6.669672018042635e-06,0.0,1.0999980486080339,-2.992022252332471e-06
372600,0.11971066858472834,6.652100159935821e-06,0.0,1.0999980486079908,-2.9920247169752633e-06
372660,0.11971068871659572,6.634574513804692e-06,0.0,1.0999980486079477,-2.992027175136557e-06
372720,0.11971070879551987,6.617094955339656e-06,0.0,1.0999980486079048,-2.9920296268337887e-06
372780,0.11971072882164326,6.599661360499124e-06,0.0,1.0999980486078622,-2.9920320720843587e-06
372840,0.119710748795108,6.5822736055080295e-06,0.0,1.0999980486078196,-2.9920345109056294e-06
372900,0.11971076871605593,6.56493156685636e-06,0.0,1.099998048607777,-2.9920369433149253e-06
372960,0.11971078858462858,6.547635121297671e-06,0.0,1.0999980486077345,-2.9920393693295347e-06
373020,0.11971080840096715,6.530384145847615e-06,0.0,1.0999980486076921,-2.992041788966709e-06
373080,0.11971082816521258,6.513178517782461e-06,0.0,1.0999980486076497,-2.9920442022436617e-06
373140,0.11971084787750551,6.49601811463762e-06,0.0,1.0999980486076075,-2.992046609177572e-06
373200,0.11971086753798625,6.478902814206167e-06,0.0,1.0999980486075656,-2.9920490097855817e-06
373260,0.11971088714679484,6.461832494537364e-06,0.0,1.0999980486075234,-2.992051404084797e-06
373320,0.11971090670407102,6.4448070339351795e-06,0.0,1.0999980486074816,-2.992053792092288e-06
373380,0.11971092620995424,6.427826310956822e-06,0.0,1.0999980486074397,-2.9920561738250896e-06
373440,0.11971094566458368,6.4108902044112476e-06,0.0,1.099998048607398,-2.992058549300201e-06
373500,0.11971096506809818,6.393998593357697e-06,0.0,1.0999980486073562,-2.9920609185345866e-06
373560,0.11971098442063635,6.377151357104212e-06,0.0,1.0999980486073146,-2.992063281545176e-06
373620,0.11971100372233649,6.360348375206158e-06,0.0,1.0999980486072731,-2.9920656383488634e-06
373680,0.11971102297333663,6.343589527464748e-06,0.0,1.0999980486072318,-2.992067988962509e-06
373740,0.11971104217377448,6.3268746939255655e-06,0.0,1.0999980486071903,-2.9920703334029386e-06
373800,0.11971106132378753,6.310203754877092e-06,0.0,1.099998048607149,-2.992072671686944e-06
373860,0.11971108042351294,6.293576590849219e-06,0.0,1.099998048607108,-2.9920750038312825e-06
373920,0.11971109947308763,6.276993082611784e-06,0.0,1.0999980486070668,-2.9920773298526788e-06
373980,0.11971111847264823,6.260453111173085e-06,0.0,1.0999980486070258,-2.9920796497678234e-06
374040,0.11971113742233108,6.243956557778404e-06,0.0,1.0999980486069847,-2.992081963593373e-06
374100,0.11971115632227229,6.227503303908535e-06,0.0,1.0999980486069438,-2.9920842713459523e-06
374160,0.11971117517260768,6.211093231278303e-06,0.0,1.099998048606903,-2.9920865730421526e-06
374220,0.11971119397347278,6.194726221835086e-06,0.0,1.0999980486068623,-2.992088868698533e-06
374280,0.1197112127250029,6.178402157757342e-06,0.0,1.0999980486068215,-2.992091158331619e-06
374340,0.11971123142733305,6.1621209214531286e-06,0.0,1.0999980486067809,-2.992093441957905e-06
374400,0.11971125008059798,6.145882395558627e-06,0.0,1.0999980486067402,-2.9920957195938526e-06
374460,0.1197112686849322,6.129686462936668e-06,0.0,1.0999980486066998,-2.9920979912558926e-06
374520,0.11971128724046995,6.1135330066752475e-06,0.0,1.0999980486066594,-2.9921002569604233e-06
374580,0.1197113057473452,6.097421910086058e-06,0.0,1.099998048606619,-2.9921025167238116e-06
374640,0.1197113242056917,6.081353056703006e-06,0.0,1.0999980486065786,-2.9921047705623933e-06
374700,0.1197113426156429,6.065326330280738e-06,0.0,1.0999980486065384,-2.992107018492474e-06
374760,0.11971136097733202,6.04934161479316e-06,0.0,1.0999980486064982,-2.9921092605303267e-06
374820,0.11971137929089204,6.0333987944319675e-06,0.0,1.099998048606458,-2.9921114966921952e-06
374880,0.11971139755645567,6.017497753605158e-06,0.0,1.0999980486064178,-2.992113726994293e-06
374940,0.1197114157741554,6.001638376935564e-06,0.0,1.0999980486063778,-2.992115951452803e-06
375000,0.11971143394412344,5.9858205492593685e-06,0.0,1.0999980486063379,-2.9921181700838785e-06
375060,0.11971145206649178,5.970044155624636e-06,0.0,1.099998048606298,-2.9921203829036416e-06
375120,0.11971147014139218,5.954309081289824e-06,0.0,1.099998048606258,-2.9921225899281865e-06
375180,0.1197114881689561,5.9386152117223205e-06,0.0,1.099998048606218,-2.9921247911735777e-06
375240,0.11971150614931485,5.922962432596953e-06,0.0,1.0999980486061782,-2.9921269866558504e-06
375300,0.11971152408259943,5.907350629794522e-06,0.0,1.0999980486061385,-2.99212917639101e-06
375360,0.11971154196894063,5.891779689400315e-06,0.0,1.0999980486060985,-2.992131360395035e-06
375420,0.11971155980846901,5.87624949770264e-06,0.0,1.099998048606059,-2.9921335386838737e-06
375480,0.1197115776013149,5.860759941191338e-06,0.0,1.0999980486060192,-2.992135711273447e-06
375540,0.1197115953476084,5.8453109065563144e-06,0.0,1.0999980486059795,-2.9921378781796473e-06
375600,0.11971161304747936,5.829902280686055e-06,0.0,1.09999804860594,-2.9921400394183396e-06
375660,0.11971163070105743,5.814533950666155e-06,0.0,1.0999980486059002,-2.9921421950053604e-06
375720,0.11971164830847203,5.799205803777837e-06,0.0,1.0999980486058607,-2.992144344956519e-06
375780,0.11971166586985234,5.7839177274964785e-06,0.0,1.0999980486058212,-2.9921464892875983e-06
375840,0.11971168338532732,5.768669609490132e-06,0.0,1.0999980486057817,-2.9921486280143525e-06
375900,0.11971170085502575,5.753461337618048e-06,0.0,1.0999980486057421,-2.9921507611525103e-06
375960,0.11971171827907613,5.7382927999292e-06,0.0,1.0999980486057028,-2.9921528887177733e-06
376020,0.1197117356576068,5.723163884660804e-06,0.0,1.0999980486056633,-2.9921550107258166e-06
376080,0.11971175299074584,5.708074480236847e-06,0.0,1.0999980486056238,-2.992157127192289e-06
376140,0.11971177027862115,5.693024475266603e-06,0.0,1.0999980486055845,-2.992159238132813e-06
376200,0.11971178752136039,5.678013758543164e-06,0.0,1.099998048605545,-2.992161343562986e-06
376260,0.11971180471909104,5.663042219041954e-06,0.0,1.0999980486055057,-2.9921634434983793e-06
376320,0.11971182187194034,5.64810974591926e-06,0.0,1.0999980486054661,-2.9921655379545385e-06
376380,0.11971183898003536,5.6332162285107496e-06,0.0,1.0999980486054268,-2.9921676269469845e-06
376440,0.11971185604350291,5.618361556329999e-06,0.0,1.0999980486053873,-2.9921697104912134e-06
376500,0.11971187306246969,5.60354561906701e-06,0.0,1.099998048605348,-2.9921717886026953e-06
376560,0.11971189003706209,5.588768306586737e-06,0.0,1.0999980486053087,-2.9921738612968773e-06
376620,0.11971190696146101,5.574034734328255e-06,0.0,1.0999980486052705,-2.9921759278541416e-06
376680,0.11971192383410281,5.559346277584549e-06,0.0,1.099998048605234,-2.9921779880809854e-06
376740,0.11971194066226673,5.54469653958215e-06,0.0,1.099998048605198,-2.992180042877174e-06
376800,0.11971195744606979,5.5300854184438665e-06,0.0,1.0999980486051617,-2.9921820922569925e-06
376860,0.11971197418562876,5.515512812533675e-06,0.0,1.0999980486051257,-2.9921841362346916e-06
376920,0.11971199088106012,5.5009786204555626e-06,0.0,1.0999980486050895,-2.9921861748244883e-06
376980,0.11971200753248008,5.486482741052359e-06,0.0,1.0999980486050538,-2.9921882080405664e-06
377040,0.11971202414000459,5.472025073404572e-06,0.0,1.099998048605018,-2.992190235897076e-06
377100,0.11971204070374931,5.457605516829223e-06,0.0,1.0999980486049823,-2.9921922584081335e-06
377160,0.11971205722382963,5.443223970878683e-06,0.0,1.0999980486049468,-2.992194275587823e-06
377220,0.11971207370036067,5.428880335339508e-06,0.0,1.0999980486049112,-2.9921962874501956e-06
377280,0.11971209013345732,5.414574510231274e-06,0.0,1.0999980486048757,-2.992198294009269e-06
377340,0.11971210652323414,5.400306395805412e-06,0.0,1.0999980486048404,-2.992200295279028e-06
377400,0.11971212286980548,5.386075892544045e-06,0.0,1.0999980486048053,-2.9922022912734268e-06
377460,0.11971213917328541,5.371882901158821e-06,0.0,1.0999980486047702,-2.992204282006385e-06
377520,0.11971215543378771,5.357727322589752e-06,0.0,1.0999980486047352,-2.992206267491792e-06
377580,0.11971217165142596,5.343609058004044e-06,0.0,1.0999980486047003,-2.9922082477435034e-06
377640,0.1197121878263134,5.329528008794938e-06,0.0,1.0999980486046654,-2.992210222775345e-06
377700,0.11971220395856311,5.315484076580542e-06,0.0,1.0999980486046306,-2.9922121926011097e-06
377760,0.11971222004828783,5.3014771632026664e-06,0.0,1.099998048604596,-2.992214157234559e-06
377820,0.11971223609560006,5.287507170725664e-06,0.0,1.0999980486045615,-2.9922161166894233e-06
377880,0.1197122521006121,5.273574001435257e-06,0.0,1.099998048604527,-2.9922180709794018e-06
377940,0.11971226806343592,5.25967755783738e-06,0.0,1.0999980486044927,-2.9922200201181633e-06
378000,0.11971228398418331,5.245817742657012e-06,0.0,1.0999980486044585,-2.992221964119345e-06
378060,0.11971229986296575,5.231994458837013e-06,0.0,1.0999980486044243,-2.992223902996553e-06
378120,0.11971231569989453,5.2182076095369565e-06,0.0,1.09999804860439,-2.9922258367633643e-06
378180,0.11971233149508063,5.20445709813197e-06,0.0,1.0999980486043561,-2.992227765433325e-06
378240,0.11971234724863485,5.190742828211568e-06,0.0,1.0999980486043224,-2.9922296890199505e-06
378300,0.11971236296066767,5.177064703578482e-06,0.0,1.0999980486042884,-2.992231607536727e-06
378360,0.11971237863128942,5.163422628247507e-06,0.0,1.0999980486042547,-2.9922335209971098e-06
378420,0.11971239426061009,5.149816506444328e-06,0.0,1.0999980486042211,-2.992235429414526e-06
378480,0.1197124098487395,5.136246242604357e-06,0.0,1.0999980486041876,-2.9922373328023717e-06
378540,0.1197124253957872,5.1227117413715716e-06,0.0,1.099998048604154,-2.992239231174015e-06
378600,0.11971244090186252,5.1092129075973484e-06,0.0,1.0999980486041208,-2.9922411245427935e-06
378660,0.11971245636707453,5.095749646339297e-06,0.0,1.0999980486040875,-2.9922430129220166e-06
378720,0.11971247179153209,5.082321862860099e-06,0.0,1.0999980486040544,-2.9922448963249648e-06
378780,0.1197124871753438,5.068929462626339e-06,0.0,1.0999980486040213,-2.9922467747648894e-06
378840,0.11971250251861806,5.055572351307342e-06,0.0,1.0999980486039882,-2.992248648255014e-06
378900,0.119712517821463,5.042250434774013e-06,0.0,1.0999980486039553,-2.9922505168085325e-06
378960,0.11971253308398656,5.028963619097664e-06,0.0,1.0999980486039225,-2.9922523804386125e-06
379020,0.11971254830629642,5.015711810548855e-06,0.0,1.0999980486038896,-2.9922542391583916e-06
379080,0.11971256348850004,5.002494915596229e-06,0.0,1.099998048603857,-2.9922560929809807e-06
379140,0.11971257863070468,4.9893128409053484e-06,0.0,1.0999980486038243,-2.9922579419194627e-06
379200,0.11971259373301735,4.976165493337524e-06,0.0,1.099998048603792,-2.9922597859868927e-06
379260,0.11971260879554482,4.96305277994866e-06,0.0,1.0999980486037595,-2.9922616251962988e-06
379320,0.11971262381839369,4.949974607988082e-06,0.0,1.0999980486037273,-2.9922634595606814e-06
379380,0.1197126388016703,4.936930884897373e-06,0.0,1.0999980486036949,-2.9922652890930143e-06
379440,0.11971265374548076,4.923921518309215e-06,0.0,1.0999980486036627,-2.9922671138062442e-06
379500,0.11971266864993102,4.910946416046218e-06,0.0,1.0999980486036307,-2.9922689337132907e-06
379560,0.11971268351512676,4.898005486119757e-06,0.0,1.0999980486035987,-2.9922707488270475e-06
379620,0.11971269834117346,4.885098636728808e-06,0.0,1.0999980486035668,-2.9922725591603817e-06
379680,0.11971271312817638,4.872225776258784e-06,0.0,1.099998048603535,-2.9922743647261333e-06
379740,0.1197127278762406,4.859386813280369e-06,0.0,1.0999980486035033,-2.9922761655371175e-06
379800,0.11971274258547096,4.8465816565483546e-06,0.0,1.0999980486034715,-2.9922779616061225e-06
379860,0.11971275725597207,4.833810215000476e-06,0.0,1.09999804860344,-2.9922797529459113e-06
379920,0.11971277188784839,4.821072397756244e-06,0.0,1.0999980486034084,-2.992281539569221e-06
379980,0.1197127864812041,4.808368114115783e-06,0.0,1.099998048603377,-2.992283321488764e-06
380040,0.11971280103614328,4.795697273558669e-06,0.0,1.0999980486033456,-2.9922850987172265e-06
380100,0.11971281555276968,4.78305978574276e-06,0.0,1.0999980486033143,-2.9922868712672694e-06
380160,0.11971283003118692,4.770455560503032e-06,0.0,1.099998048603283,-2.99228863915153e-06
380220,0.11971284447149842,4.757884507850419e-06,0.0,1.099998048603252,-2.9922904023826194e-06
380280,0.11971285887380739,4.745346537970643e-06,0.0,1.0999980486032208,-2.9922921609731253e-06
380340,0.11971287323821682,4.732841561223054e-06,0.0,1.09999804860319,-2.992293914935609e-06
380400,0.11971288756482953,4.7203694881394614e-06,0.0,1.0999980486031589,-2.99229566428261e-06
380460,0.11971290185374814,4.7079302294229715e-06,0.0,1.099998048603128,-2.9922974090266425e-06
380520,0.11971291610507503,4.695523695946823e-06,0.0,1.0999980486030974,-2.9922991491801956e-06
380580,0.11971293031891247,4.683149798753222e-06,0.0,1.0999980486030667,-2.9923008847557363e-06
380640,0.11971294449536249,4.670808449052176e-06,0.0,1.099998048603036,-2.992302615765707e-06
380700,0.1197129586345269,4.6584995582203334e-06,0.0,1.0999980486030054,-2.9923043422225274e-06
380760,0.11971297273650736,4.6462230377998135e-06,0.0,1.099998048602975,-2.992306064138593e-06
380820,0.11971298680140535,4.633978799497046e-06,0.0,1.0999980486029446,-2.9923077815262767e-06
380880,0.11971300082932214,4.621766755181605e-06,0.0,1.0999980486029142,-2.9923094943979277e-06
380940,0.11971301482035882,4.609586816885043e-06,0.0,1.099998048602884,-2.9923112027658735e-06
381000,0.1197130287746163,4.59743889679973e-06,0.0,1.0999980486028538,-2.9923129066424183e-06
381060,0.11971304269219529,4.5853229072776855e-06,0.0,1.0999980486028236,-2.992314606039843e-06
381120,0.11971305657319636,4.573238760829414e-06,0.0,1.0999980486027936,-2.992316300970408e-06
381180,0.11971307041771985,4.5611863701227435e-06,0.0,1.0999980486027636,-2.9923179914463494e-06
381240,0.11971308422586595,4.549165647981656e-06,0.0,1.0999980486027336,-2.992319677479883e-06
381300,0.11971309799773468,4.53717650738513e-06,0.0,1.0999980486027037,-2.9923213590832017e-06
381360,0.11971311173342584,4.525218861465966e-06,0.0,1.099998048602674,-2.9923230362684775e-06
381420,0.11971312543303911,4.513292623509633e-06,0.0,1.0999980486026442,-2.99232470904786e-06
381480,0.11971313909667397,4.501397706953096e-06,0.0,1.0999980486026146,-2.9923263774334784e-06
381540,0.11971315272442973,4.489534025383652e-06,0.0,1.0999980486025849,-2.9923280414374397e-06
381600,0.11971316631640551,4.4777014925377705e-06,0.0,1.0999980486025553,-2.9923297010718303e-06
381660,0.1197131798727003,4.465900022299924e-06,0.0,1.099998048602526,-2.992331356348716e-06
381720,0.11971319339341291,4.454129528701426e-06,0.0,1.0999980486024965,-2.992333007280141e-06
381780,0.11971320687864195,4.442389925919264e-06,0.0,1.0999980486024672,-2.99233465387813e-06
381840,0.1197132203284859,4.4306811282749375e-06,0.0,1.0999980486024379,-2.992336296154687e-06
381900,0.11971323374304307,4.419003050233293e-06,0.0,1.0999980486024086,-2.9923379341217956e-06
381960,0.1197132471224116,4.407355606401355e-06,0.0,1.0999980486023795,-2.992339567791419e-06
382020,0.11971326046668947,4.395738711527171e-06,0.0,1.0999980486023504,-2.992341197175501e-06
382080,0.1197132737759745,4.384152280498636e-06,0.0,1.0999980486023213,-2.9923428222859653e-06
382140,0.11971328705036435,4.372596228342334e-06,0.0,1.0999980486022922,-2.992344443134717e-06
382200,0.11971330028995654,4.361070470222374e-06,0.0,1.0999980486022634,-2.99234605973364e-06
382260,0.11971331349484841,4.349574921439224e-06,0.0,1.0999980486022343,-2.9923476720946003e-06
382320,0.11971332666513715,4.338109497428543e-06,0.0,1.0999980486022056,-2.992349280229445e-06
382380,0.1197133398009198,4.326674113760021e-06,0.0,1.0999980486021768,-2.9923508841500007e-06
382440,0.11971335290229326,4.315268686136214e-06,0.0,1.0999980486021481,-2.992352483868077e-06
382500,0.11971336596935425,4.303893130391377e-06,0.0,1.0999980486021192,-2.9923540793954643e-06
382560,0.11971337900219939,4.292547362490302e-06,0.0,1.0999980486020906,-2.992355670743934e-06
382620,0.1197133920009251,4.281231298527151e-06,0.0,1.0999980486020622,-2.9923572579252397e-06
382680,0.11971340496562767,4.2699448547242935e-06,0.0,1.0999980486020335,-2.9923588409511165e-06
382740,0.11971341789640325,4.258687947431139e-06,0.0,1.0999980486020051,-2.9923604198332827e-06
382800,0.11971343079334787,4.2474604931229775e-06,0.0,1.0999980486019767,-2.9923619945834375e-06
382860,0.11971344365655735,4.2362624083998084e-06,0.0,1.0999980486019483,-2.9923635652132628e-06
382920,0.11971345648612745,4.225093609985181e-06,0.0,1.09999804860192,-2.9923651317344235e-06
382980,0.11971346928215375,4.21395401472503e-06,0.0,1.0999980486018917,-2.9923666941585667e-06
383040,0.11971348204473166,4.202843539586504e-06,0.0,1.0999980486018635,-2.9923682524973226e-06
383100,0.11971349477395651,4.191762101656811e-06,0.0,1.0999980486018353,-2.9923698067623045e-06
383160,0.11971350746992349,4.180709618142046e-06,0.0,1.099998048601807,-2.9923713569651087e-06
383220,0.11971352013272758,4.169686006366031e-06,0.0,1.099998048601779,-2.992372903117315e-06
383280,0.11971353276246373,4.158691183769147e-06,0.0,1.0999980486017509,-2.992374445230486e-06
383340,0.11971354535922668,4.147725067907171e-06,0.0,1.099998048601723,-2.9923759833161696e-06
383400,0.11971355792311109,4.136787576450112e-06,0.0,1.099998048601695,-2.9923775173858964e-06
383460,0.11971357045421145,4.125878627181047e-06,0.0,1.099998048601667,-2.992379047451181e-06
383520,0.11971358295262217,4.114998137994953e-06,0.0,1.0999980486016392,-2.9923805735235215e-06
383580,0.11971359541843749,4.104146026897545e-06,0.0,1.0999980486016112,-2.9923820956144024e-06
383640,0.11971360784212563,4.093330533579936e-06,0.0,1.0999980486015843,-2.9923836125945292e-06
383700,0.11971362023160208,4.082544814648248e-06,0.0,1.0999980486015575,-2.9923851254022704e-06
383760,0.11971363258836266,4.0717875764053285e-06,0.0,1.0999980486015308,-2.992386634215213e-06
383820,0.119713644912494,4.061058743491072e-06,0.0,1.0999980486015044,-2.9923881390439286e-06
383880,0.11971365720408249,4.0503582407104425e-06,0.0,1.0999980486014778,-2.992389639898966e-06
383940,0.11971366946321432,4.039685993032559e-06,0.0,1.0999980486014513,-2.9923911367908518e-06
384000,0.11971368168997554,4.029041925589787e-06,0.0,1.0999980486014251,-2.9923926297300875e-06
384060,0.11971369388445197,4.018425963676832e-06,0.0,1.0999980486013987,-2.992394118727155e-06
384120,0.11971370604672925,4.007838032749824e-06,0.0,1.0999980486013725,-2.9923956037925105e-06
384180,0.11971371817689287,3.997278058425414e-06,0.0,1.0999980486013465,-2.99239708493659e-06
384240,0.11971373027502812,3.98674596647986e-06,0.0,1.0999980486013203,-2.9923985621698064e-06
384300,0.11971374234122006,3.9762416828481175e-06,0.0,1.0999980486012944,-2.99240003550255e-06
384360,0.11971375437555366,3.9657651336229324e-06,0.0,1.0999980486012686,-2.9924015049451895e-06
384420,0.11971376637811362,3.9553162450539285e-06,0.0,1.0999980486012426,-2.992402970508071e-06
384480,0.11971377834898454,3.944894943546698e-06,0.0,1.0999980486012169,-2.9924044322015205e-06
384540,0.11971379028825077,3.934501155661896e-06,0.0,1.0999980486011913,-2.9924058900358396e-06
384600,0.11971380219599655,3.9241348081143235e-06,0.0,1.0999980486011656,-2.992407344021311e-06
384660,0.11971381407230587,3.913795827772024e-06,0.0,1.09999804860114,-2.9924087941681943e-06
384720,0.11971382591726262,3.90348414165537e-06,0.0,1.0999980486011145,-2.9924102404867282e-06
384780,0.11971383773095047,3.893199676936154e-06,0.0,1.0999980486010892,-2.9924116829871302e-06
384840,0.11971384951345293,3.882942360936681e-06,0.0,1.0999980486010639,-2.9924131216795974e-06
384900,0.11971386126485334,3.872712121128858e-06,0.0,1.0999980486010386,-2.9924145565743046e-06
384960,0.11971387298523486,3.862508885133278e-06,0.0,1.0999980486010135,-2.9924159876814075e-06
385020,0.11971388467468051,3.852332580718322e-06,0.0,1.0999980486009884,-2.9924174150110395e-06
385080,0.1197138963332731,3.842183135799239e-06,0.0,1.0999980486009633,-2.9924188385733145e-06
385140,0.1197139079610953,3.832060478437239e-06,0.0,1.0999980486009382,-2.9924202583783255e-06
385200,0.11971391955822959,3.821964536838591e-06,0.0,1.0999980486009133,-2.9924216744361457e-06
385260,0.11971393112475832,3.8118952393536965e-06,0.0,1.0999980486008885,-2.9924230867568274e-06
385320,0.11971394266076366,3.801852514476198e-06,0.0,1.0999980486008638,-2.9924244953504035e-06
385380,0.11971395416632759,3.791836290842058e-06,0.0,1.0999980486008392,-2.992425900226887e-06
385440,0.11971396564153197,3.7818464972286527e-06,0.0,1.0999980486008145,-2.9924273013962706e-06
385500,0.11971397708645848,3.771883062553861e-06,0.0,1.0999980486007899,-2.9924286988685277e-06
385560,0.11971398850118861,3.761945915875157e-06,0.0,1.0999980486007654,-2.9924300926536124e-06
385620,0.11971399988580377,3.7520349863886982e-06,0.0,1.099998048600741,-2.992431482761459e-06
385680,0.11971401124038511,3.742150203428417e-06,0.0,1.0999980486007166,-2.9924328692019823e-06
385740,0.1197140225650137,3.7322914964651095e-06,0.0,1.0999980486006924,-2.9924342519850788e-06
385800,0.11971403385977043,3.7224587951055272e-06,0.0,1.0999980486006682,-2.9924356311206252e-06
385860,0.11971404512473605,3.7126520290914673e-06,0.0,1.099998048600644,-2.9924370066184803e-06
385920,0.1197140563599911,3.702871128298861e-06,0.0,1.09999804860062,-2.9924383784884826e-06
385980,0.11971406756561605,3.6931160227368667e-06,0.0,1.099998048600596,-2.9924397467404537e-06
386040,0.11971407874169114,3.6833866425469578e-06,0.0,1.099998048600572,-2.992441111384195e-06
386100,0.11971408988829652,3.673682918002014e-06,0.0,1.0999980486005483,-2.9924424724294917e-06
386160,0.11971410100551215,3.6640047795054115e-06,0.0,1.0999980486005245,-2.9924438298861083e-06
386220,0.11971411209341787,3.6543521575901127e-06,0.0,1.0999980486005008,-2.9924451837637925e-06
386280,0.11971412315209334,3.644724982917758e-06,0.0,1.099998048600477,-2.9924465340722743e-06
386340,0.11971413418161811,3.6351231862777533e-06,0.0,1.0999980486004535,-2.9924478808212658e-06
386400,0.11971414518207156,3.625546698586364e-06,0.0,1.09999804860043,-2.99244922402046e-06
386460,0.11971415615353294,3.615995450885802e-06,0.0,1.0999980486004064,-2.9924505636795335e-06
386520,0.11971416709608133,3.6064693743433166e-06,0.0,1.099998048600383,-2.9924518998081455e-06
386580,0.11971417800979571,3.5969684002502866e-06,0.0,1.0999980486003598,-2.9924532324159376e-06
386640,0.11971418889475488,3.5874924600213085e-06,0.0,1.0999980486003365,-2.9924545615125337e-06
386700,0.11971419975103752,3.5780414851932877e-06,0.0,1.0999980486003134,-2.9924558871075417e-06
386760,0.11971421057872217,3.5686154074245284e-06,0.0,1.0999980486002903,-2.9924572092105515e-06
386820,0.11971422137788722,3.559214158493824e-06,0.0,1.0999980486002672,-2.992458527831137e-06
386880,0.11971423214861093,3.549837670299548e-06,0.0,1.0999980486002443,-2.992459842978854e-06
386940,0.11971424289097143,3.5404858748587428e-06,0.0,1.0999980486002214,-2.9924611546632434e-06
387000,0.11971425360504671,3.5311587043062116e-06,0.0,1.0999980486001986,-2.9924624628938287e-06
387060,0.11971426429091463,3.521856090893607e-06,0.0,1.0999980486001757,-2.9924637676801176e-06
387120,0.1197142749486529,3.512577966988523e-06,0.0,1.099998048600153,-2.992465069031601e-06
387180,0.11971428557833912,3.5033242650735833e-06,0.0,1.0999980486001304,-2.9924663669577545e-06
387240,0.11971429618005074,3.4940949177455332e-06,0.0,1.0999980486001077,-2.9924676614680366e-06
387300,0.1197143067538651,3.4848898577143302e-06,0.0,1.0999980486000853,-2.992468952571891e-06
387360,0.11971431729985939,3.4757090178022317e-06,0.0,1.099998048600063,-2.9924702402787456e-06
387420,0.1197143278181107,3.466552330942888e-06,0.0,1.0999980486000405,-2.9924715245980122e-06
387480,0.11971433830869596,3.4574197301804302e-06,0.0,1.0999980486000183,-2.992472805539088e-06
387540,0.119714348771692,3.4483111486685634e-06,0.0,1.099998048599996,-2.9924740831113538e-06
387600,0.11971435920717552,3.4392265196696543e-06,0.0,1.0999980485999739,-2.9924753573241765e-06
387660,0.11971436961522307,3.4301657765538225e-06,0.0,1.0999980485999516,-2.992476628186907e-06
387720,0.11971437999591113,3.42112885279803e-06,0.0,1.0999980485999297,-2.9924778957088816e-06
387780,0.11971439034931601,3.412115681985174e-06,0.0,1.0999980485999077,-2.992479159899422e-06
387840,0.11971440067551394,3.403126197803173e-06,0.0,1.0999980485998857,-2.992480420767835e-06
387900,0.11971441097458098,3.394160334044061e-06,0.0,1.099998048599864,-2.9924816783234124e-06
387960,0.11971442124659311,3.385218024603075e-06,0.0,1.0999980485998422,-2.9924829325754327e-06
388020,0.1197144314916262,3.3762992034777477e-06,0.0,1.0999980485998204,-2.99248418353316e-06
388080,0.11971444170975597,3.3674038047669947e-06,0.0,1.0999980485997987,-2.9924854312058425e-06
388140,0.11971445190105803,3.358531762670208e-06,0.0,1.0999980485997771,-2.9924866756027167e-06
388200,0.11971446206560793,3.3496830114863432e-06,0.0,1.0999980485997556,-2.992487916733004e-06
388260,0.11971447220348103,3.340857485613013e-06,0.0,1.0999980485997343,-2.992489154605912e-06
388320,0.11971448231475262,3.332055119545574e-06,0.0,1.0999980485997127,-2.9924903892306347e-06
388380,0.11971449239949787,3.32327584787622e-06,0.0,1.0999980485996914,-2.9924916206163535e-06
388440,0.11971450245779186,3.3145196052930705e-06,0.0,1.0999980485996703,-2.9924928487722353e-06
388500,0.11971451248970952,3.3057863265792608e-06,0.0,1.099998048599649,-2.992494073707434e-06
388560,0.1197145224953257,3.297075946612034e-06,0.0,1.099998048599628,-2.9924952954310903e-06
388620,0.11971453247471515,3.288388400361829e-06,0.0,1.0999980485996068,-2.9924965139523332e-06
388680,0.1197145424279525,3.2797236228913726e-06,0.0,1.099998048599586,-2.9924977292802767e-06
388740,0.11971455235511226,3.271081549354769e-06,0.0,1.0999980485995648,-2.9924989414240234e-06
388800,0.11971456225626888,3.262462114996589e-06,0.0,1.099998048599544,-2.9925001503926634e-06
388860,0.11971457213149665,3.253865255150963e-06,0.0,1.0999980485995233,-2.9925013561952733e-06
388920,0.11971458198086982,3.2452909052406683e-06,0.0,1.0999980485995025,-2.9925025588409185e-06
388980,0.11971459180446248,3.236739000776221e-06,0.0,1.0999980485994818,-2.9925037583386514e-06
389040,0.11971460160234867,3.2282094773549663e-06,0.0,1.0999980485994612,-2.9925049546975127e-06
389100,0.11971461137460232,3.219702270660168e-06,0.0,1.0999980485994407,-2.9925061479265305e-06
389160,0.11971462112129724,3.211217316460099e-06,0.0,1.09999804859942,-2.9925073380347223e-06
389220,0.11971463084250715,3.202754550607132e-06,0.0,1.0999980485993996,-2.9925085250310925e-06
389280,0.1197146405383057,3.194313909036829e-06,0.0,1.0999980485993794,-2.9925097089246345e-06
389340,0.11971465020876641,3.1858953277670323e-06,0.0,1.099998048599359,-2.9925108897243306e-06
389400,0.11971465985396273,3.177498742896954e-06,0.0,1.0999980485993388,-2.992512067439152e-06
389460,0.11971466947396803,3.169124090606268e-06,0.0,1.0999980485993186,-2.9925132420780563e-06
389520,0.11971467906885555,3.1607713071541965e-06,0.0,1.0999980485992986,-2.992514413649994e-06
389580,0.11971468863869845,3.1524403288786055e-06,0.0,1.0999980485992784,-2.9925155821639006e-06
389640,0.11971469818356985,3.14413109219509e-06,0.0,1.0999980485992584,-2.9925167476287043e-06
389700,0.11971470770354273,3.135843533596068e-06,0.0,1.0999980485992387,-2.9925179100533196e-06
389760,0.11971471719868998,3.1275775896498685e-06,0.0,1.0999980485992187,-2.992519069446653e-06
389820,0.11971472666908442,3.1193331969998225e-06,0.0,1.099998048599199,-2.9925202258175983e-06
389880,0.11971473611479881,3.111110292363354e-06,0.0,1.0999980485991792,-2.992521379175041e-06
389940,0.1197147455359058,3.1029088125310687e-06,0.0,1.0999980485991596,-2.992522529527855e-06
390000,0.11971475493247795,3.0947286943658457e-06,0.0,1.0999980485991399,-2.9925236768849047e-06
390060,0.11971476430458773,3.0865698748019263e-06,0.0,1.0999980485991203,-2.9925248212550445e-06
390120,0.11971477365230758,3.078432290844006e-06,0.0,1.099998048599101,-2.9925259626471193e-06
390180,0.11971478297570982,3.070315879566324e-06,0.0,1.0999980485990815,-2.9925271010699637e-06
390240,0.11971479227486669,3.062220578111752e-06,0.0,1.0999980485990621,-2.992528236532403e-06
390300,0.11971480154985036,3.054146323690887e-06,0.0,1.0999980485990428,-2.9925293690432536e-06
390360,0.11971481080073293,3.0460930535811405e-06,0.0,1.0999980485990237,-2.992530498611322e-06
390420,0.11971482002758642,3.038060705125827e-06,0.0,1.0999980485990044,-2.9925316252454058e-06
390480,0.11971482923048278,3.0300492157332575e-06,0.0,1.0999980485989853,-2.9925327489542935e-06
390540,0.11971483840949386,3.0220585228758278e-06,0.0,1.0999980485989664,-2.9925338697467647e-06
390600,0.11971484755899285,3.0140934944047047e-06,0.0,1.0999980485989473,-2.9925349869338337e-06
390660,0.11971485667055282,3.0061614207484836e-06,0.0,1.099998048598928,-2.9925360994836655e-06
390720,0.11971486575790585,2.998250420869243e-06,0.0,1.0999980485989087,-2.992537209077637e-06
390780,0.1197148748211163,2.9903604387992027e-06,0.0,1.0999980485988894,-2.9925383157236002e-06
390840,0.1197148838602483,2.9824914186767393e-06,0.0,1.09999804859887,-2.9925394194293916e-06
390900,0.1197148928753659,2.9746433047456285e-06,0.0,1.099998048598851,-2.9925405202028345e-06
390960,0.11971490186653302,2.9668160413542827e-06,0.0,1.0999980485988319,-2.9925416180517356e-06
391020,0.11971491083381351,2.9590095729549957e-06,0.0,1.0999980485988128,-2.9925427129838886e-06
391080,0.11971491977727104,2.951223844103179e-06,0.0,1.0999980485987937,-2.992543805007072e-06
391140,0.11971492869696916,2.943458799456607e-06,0.0,1.0999980485987748,-2.99254489412905e-06
391200,0.11971493759297136,2.935714383774654e-06,0.0,1.099998048598756,-2.992545980357573e-06
391260,0.11971494646534098,2.9279905419175354e-06,0.0,1.099998048598737,-2.9925470637003767e-06
391320,0.11971495531414121,2.9202872188455513e-06,0.0,1.0999980485987182,-2.9925481441651836e-06
391380,0.11971496413943519,2.912604359618323e-06,0.0,1.0999980485986993,-2.992549221759701e-06
391440,0.11971497294128591,2.904941909394037e-06,0.0,1.0999980485986807,-2.9925502964916243e-06
391500,0.11971498171975627,2.8972998134286836e-06,0.0,1.099998048598662,-2.992551368368633e-06
391560,0.11971499047490904,2.8896780170752985e-06,0.0,1.0999980485986434,-2.9925524373983953e-06
391620,0.11971499920680685,2.8820764657832035e-06,0.0,1.0999980485986247,-2.9925535035885637e-06
391680,0.11971500791551229,2.8744951050972463e-06,0.0,1.099998048598606,-2.992554566946779e-06
391740,0.1197150166010878,2.866933880657042e-06,0.0,1.0999980485985876,-2.9925556274806675e-06
391800,0.1197150252635957,2.8593927381962137e-06,0.0,1.0999980485985692,-2.992556685197844e-06
391860,0.11971503390309825,2.851871623541633e-06,0.0,1.0999980485985508,-2.9925577401059087e-06
391920,0.11971504251965753,2.8443704826126595e-06,0.0,1.0999980485985323,-2.9925587922124494e-06
391980,0.1197150511133356,2.8368892614203844e-06,0.0,1.0999980485985141,-2.992559841525041e-06
392040,0.11971505968419434,2.829427906066868e-06,0.0,1.0999980485984957,-2.992560888051246e-06
392100,0.11971506823229558,2.821986362744382e-06,0.0,1.0999980485984775,-2.9925619317986136e-06
392160,0.11971507675770102,2.81456457773465e-06,0.0,1.0999980485984593,-2.9925629727746814e-06
392220,0.11971508526047225,2.8071624974080876e-06,0.0,1.099998048598441,-2.992564010986974e-06
392280,0.1197150937406708,2.799780068223044e-06,0.0,1.099998048598423,-2.9925650464430033e-06
392340,0.11971510219835806,2.792417236725042e-06,0.0,1.099998048598405,-2.9925660791502702e-06
392400,0.11971511063359531,2.785073949546018e-06,0.0,1.099998048598387,-2.9925671091162624e-06
392460,0.11971511904644382,2.777750153403564e-06,0.0,1.099998048598369,-2.992568136348456e-06
392520,0.11971512743696462,2.770445795100168e-06,0.0,1.0999980485983512,-2.9925691608543156e-06
392580,0.11971513580521878,2.763160821522454e-06,0.0,1.0999980485983332,-2.9925701826412937e-06
392640,0.11971514415126717,2.7558951796404223e-06,0.0,1.0999980485983154,-2.992571201716831e-06
392700,0.11971515247517066,2.748648816506692e-06,0.0,1.0999980485982976,-2.9925722180883563e-06
392760,0.11971516077698993,2.74142167925574e-06,0.0,1.0999980485982799,-2.992573231763288e-06
392820,0.11971516905678563,2.7342137151031414e-06,0.0,1.0999980485982621,-2.9925742427490324e-06
392880,0.11971517731461831,2.7270248713448123e-06,0.0,1.0999980485982443,-2.992575251052985e-06
392940,0.1197151855505484,2.7198550953562483e-06,0.0,1.0999980485982268,-2.9925762566825296e-06
393000,0.11971519376463627,2.7127043345917657e-06,0.0,1.0999980485982093,-2.9925772596450394e-06
393060,0.11971520195694219,2.705572536583743e-06,0.0,1.0999980485981917,-2.992578259947877e-06
393120,0.11971521012752633,2.69845964894186e-06,0.0,1.0999980485981742,-2.992579257598393e-06
393180,0.11971521827644878,2.6913656193523395e-06,0.0,1.0999980485981566,-2.992580252603929e-06
393240,0.11971522640376955,2.6842903955771897e-06,0.0,1.0999980485981393,-2.9925812449718145e-06
393300,0.11971523450954857,2.6772339254534406e-06,0.0,1.0999980485981218,-2.9925822347093694e-06
393360,0.11971524259384565,2.6701961568923885e-06,0.0,1.0999980485981045,-2.9925832218239026e-06
393420,0.11971525065672056,2.6631770378788337e-06,0.0,1.0999980485980871,-2.9925842063227132e-06
393480,0.11971525869823295,2.6561765164703252e-06,0.0,1.09999804859807,-2.99258518821309e-06
393540,0.11971526671844239,2.649194540796396e-06,0.0,1.0999980485980527,-2.992586167502312e-06
393600,0.11971527471740841,2.6422310590578083e-06,0.0,1.0999980485980356,-2.992587144197648e-06
393660,0.1197152826951904,2.635286019525792e-06,0.0,1.0999980485980185,-2.992588118306356e-06
393720,0.1197152906518477,2.6283593705412857e-06,0.0,1.0999980485980014,-2.992589089835686e-06
393780,0.1197152985874396,2.6214510605141775e-06,0.0,1.0999980485979843,-2.9925900587928776e-06
393840,0.11971530650202525,2.6145610379225454e-06,0.0,1.0999980485979672,-2.9925910251851604e-06
393900,0.11971531439566375,2.607689251311899e-06,0.0,1.0999980485979501,-2.9925919890197558e-06
393960,0.11971532226841415,2.600835649294418e-06,0.0,1.0999980485979333,-2.992592950303874e-06
394020,0.11971533012033539,2.594000180548195e-06,0.0,1.0999980485979164,-2.9925939090447176e-06
394080,0.11971533795148634,2.5871827938164747e-06,0.0,1.0999980485978995,-2.9925948652494794e-06
394140,0.11971534576192581,2.5803834379068964e-06,0.0,1.0999980485978826,-2.992595818925344e-06
394200,0.11971535355171252,2.5736020616907325e-06,0.0,1.0999980485978658,-2.992596770079486e-06
394260,0.11971536132090513,2.5668386141021295e-06,0.0,1.099998048597849,-2.9925977187190716e-06
394320,0.11971536906956222,2.5600930441373502e-06,0.0,1.0999980485978325,-2.9925986648512586e-06
394380,0.1197153767977423,2.553365300854014e-06,0.0,1.0999980485978156,-2.992599608483196e-06
394440,0.11971538450550384,2.546655333370335e-06,0.0,1.099998048597799,-2.9926005496220243e-06
394500,0.11971539219290518,2.539963090864366e-06,0.0,1.0999980485977825,-2.9926014882748764e-06
394560,0.11971539986000465,2.5332885225732376e-06,0.0,1.0999980485977658,-2.9926024244488756e-06
394620,0.11971540750686048,2.5266315777923995e-06,0.0,1.0999980485977492,-2.9926033581511383e-06
394680,0.11971541513353084,2.519992205874859e-06,0.0,1.0999980485977328,-2.9926042893887718e-06
394740,0.11971542274007385,2.513370356230425e-06,0.0,1.0999980485977163,-2.9926052181688764e-06
394800,0.11971543032654755,2.506765978324946e-06,0.0,1.0999980485977,-2.992606144498544e-06
394860,0.11971543789300992,2.5001790216795528e-06,0.0,1.0999980485976835,-2.992607068384859e-06
394920,0.11971544543951887,2.4936094358698967e-06,0.0,1.099998048597667,-2.9926079898348984e-06
394980,0.11971545296613227,2.4870571705253927e-06,0.0,1.0999980485976508,-2.9926089088557308e-06
395040,0.1197154604729079,2.480522175328458e-06,0.0,1.0999980485976344,-2.992609825454419e-06
395100,0.11971546795990351,2.474004400013755e-06,0.0,1.0999980485976182,-2.992610739638017e-06
395160,0.11971547542717675,2.4675037943674303e-06,0.0,1.099998048597602,-2.9926116514135723e-06
395220,0.11971548287478527,2.4610203082263537e-06,0.0,1.0999980485975858,-2.992612560788125e-06
395280,0.11971549030278661,2.454553891477364e-06,0.0,1.0999980485975696,-2.992613467768709e-06
395340,0.11971549771123827,2.4481044940565034e-06,0.0,1.0999980485975533,-2.99261437236235e-06
395400,0.1197155051001977,2.441672065948264e-06,0.0,1.0999980485975374,-2.992615274576069e-06
395460,0.11971551246972228,2.435256557184824e-06,0.0,1.0999980485975214,-2.9926161744168774e-06
395520,0.11971551981986939,2.42885791784529e-06,0.0,1.0999980485975052,-2.9926170718917835e-06
395580,0.11971552715069626,2.422476098054939e-06,0.0,1.0999980485974892,-2.992617967007786e-06
395640,0.11971553446226017,2.4161110479844564e-06,0.0,1.0999980485974732,-2.9926188597718794e-06
395700,0.11971554175461827,2.4097627178491784e-06,0.0,1.0999980485974574,-2.9926197501910515e-06
395760,0.1197155490278277,2.4034310579083336e-06,0.0,1.0999980485974414,-2.992620638272283e-06
395820,0.11971555628194554,2.39711601846428e-06,0.0,1.0999980485974254,-2.99262152402255e-06
395880,0.11971556351702882,2.39081754986175e-06,0.0,1.0999980485974097,-2.9926224074488216e-06
395940,0.11971557073313453,2.3845356024870875e-06,0.0,1.099998048597394,-2.992623288558062e-06
396000,0.1197155779303196,2.3782701267674915e-06,0.0,1.0999980485973782,-2.9926241673572286e-06
396060,0.11971558510864093,2.372021073170255e-06,0.0,1.0999980485973624,-2.9926250438532746e-06
396120,0.11971559226815535,2.3657883922020048e-06,0.0,1.0999980485973466,-2.9926259180531464e-06
396180,0.11971559940891968,2.359572034407945e-06,0.0,1.0999980485973309,-2.992626789963786e-06
396240,0.11971560653099067,2.3533719503710948e-06,0.0,1.0999980485973153,-2.99262765959213e-06
396300,0.11971561363442504,2.3471880907115313e-06,0.0,1.0999980485972995,-2.9926285269451086e-06
396360,0.11971562071927944,2.341020406085629e-06,0.0,1.099998048597284,-2.9926293920296494e-06
396420,0.11971562778561053,2.3348688471853004e-06,0.0,1.0999980485972685,-2.9926302548526727e-06
396480,0.11971563483347487,2.328733364737237e-06,0.0,1.099998048597253,-2.992631115421095e-06
396540,0.11971564186292905,2.32261390950215e-06,0.0,1.0999980485972374,-2.992631973741828e-06
396600,0.11971564887402955,2.316510432274011e-06,0.0,1.0999980485972218,-2.992632829821779e-06
396660,0.11971565586683287,2.3104228838792922e-06,0.0,1.0999980485972065,-2.99263368366785e-06
396720,0.11971566284139545,2.304351215176208e-06,0.0,1.099998048597191,-2.99263453528694e-06
396780,0.11971566979777368,2.298295377053954e-06,0.0,1.0999980485971756,-2.992635384685942e-06
396840,0.11971567673602394,2.2922553204319497e-06,0.0,1.0999980485971603,-2.9926362318717457e-06
396900,0.11971568365620257,2.2862309962590778e-06,0.0,1.0999980485971448,-2.9926370768512374e-06
396960,0.11971569055836585,2.2802223555129247e-06,0.0,1.0999980485971295,-2.9926379196312974e-06
397020,0.11971569744257007,2.274229349199023e-06,0.0,1.0999980485971141,-2.9926387602188046e-06
397080,0.11971570430887148,2.2682519283500885e-06,0.0,1.099998048597099,-2.9926395986206323e-06
397140,0.11971571115732625,2.2622900440252655e-06,0.0,1.0999980485970837,-2.992640434843651e-06
397200,0.11971571798799059,2.2563436473093643e-06,0.0,1.0999980485970686,-2.992641268894727e-06
397260,0.11971572480092064,2.250412689312102e-06,0.0,1.0999980485970533,-2.992642100780724e-06
397320,0.11971573159617252,2.2444971211673444e-06,0.0,1.0999980485970382,-2.9926429305085014e-06
397380,0.11971573837380234,2.2385968940323465e-06,0.0,1.099998048597023,-2.9926437580849164e-06
397440,0.11971574513386614,2.2327119590869925e-06,0.0,1.099998048597008,-2.9926445835168222e-06
397500,0.11971575187641999,2.226842267533036e-06,0.0,1.099998048596993,-2.9926454068110693e-06
397560,0.1197157586015199,2.2209877705933414e-06,0.0,1.0999980485969778,-2.992646227974506e-06
397620,0.11971576530922186,2.215148419511126e-06,0.0,1.0999980485969627,-2.992647047013976e-06
397680,0.11971577199958185,2.209324165549198e-06,0.0,1.0999980485969476,-2.992647863936322e-06
397740,0.11971577867265581,2.203514959989198e-06,0.0,1.0999980485969327,-2.9926486787483834e-06
397800,0.1197157853284997,2.197720754130841e-06,0.0,1.0999980485969176,-2.9926494914569976e-06
397860,0.1197157919671694,2.191941499291155e-06,0.0,1.0999980485969028,-2.9926503020689985e-06
397920,0.11971579858872082,2.1861771468037235e-06,0.0,1.0999980485968879,-2.992651110591219e-06
397980,0.1197158051932098,2.1804276480179247e-06,0.0,1.099998048596873,-2.9926519170304887e-06
398040,0.11971581178069224,2.174692954298174e-06,0.0,1.0999980485968581,-2.9926527213936366e-06
398100,0.11971581835122395,2.1689730170231614e-06,0.0,1.0999980485968432,-2.992653523687488e-06
398160,0.11971582490486077,2.1632677875850963e-06,0.0,1.0999980485968284,-2.992654323918868e-06
398220,0.1197158314416585,2.157577217388945e-06,0.0,1.0999980485968137,-2.9926551220945985e-06
398280,0.11971583796167291,2.1519012578516725e-06,0.0,1.0999980485967988,-2.992655918221501e-06
398340,0.11971584446495984,2.1462398604014827e-06,0.0,1.099998048596784,-2.9926567123063945e-06
398400,0.119715850951575,2.140592976477061e-06,0.0,1.0999980485967693,-2.992657504356097e-06
398460,0.11971585742157417,2.1349605575268116e-06,0.0,1.0999980485967547,-2.9926582943774255e-06
398520,0.11971586387501311,2.129342555008101e-06,0.0,1.09999804859674,-2.9926590823771954e-06
398580,0.11971587031194754,2.123738920386497e-06,0.0,1.0999980485967251,-2.9926598683622208e-06
398640,0.11971587673243321,2.1181496051350106e-06,0.0,1.0999980485967105,-2.992660652339315e-06
398700,0.11971588313652581,2.1125745607333352e-06,0.0,1.099998048596696,-2.992661434315291e-06
398760,0.11971588952428108,2.107013738667089e-06,0.0,1.0999980485966814,-2.99266221429696e-06
398820,0.11971589589575472,2.101467090427054e-06,0.0,1.0999980485966667,-2.9926629922911334e-06
398880,0.11971590225100243,2.095934567508418e-06,0.0,1.099998048596652,-2.992663768304621e-06
398940,0.11971590859007991,2.0904161214100134e-06,0.0,1.0999980485966376,-2.992664542344234e-06
399000,0.11971591491304286,2.084911703633561e-06,0.0,1.099998048596623,-2.9926653144167808e-06
399060,0.11971592121994695,2.079421265682907e-06,0.0,1.0999980485966085,-2.992666084529071e-06
399120,0.1197159275108479,2.073944759063267e-06,0.0,1.0999980485965941,-2.9926668526879146e-06
399180,0.1197159337858014,2.0684821352804635e-06,0.0,1.0999980485965795,-2.9926676189001205e-06
399240,0.11971594004486312,2.063033345840169e-06,0.0,1.099998048596565,-2.9926683831724973e-06
399300,0.11971594628808876,2.0575983422471457e-06,0.0,1.0999980485965506,-2.9926691455118556e-06
399360,0.119715952515534,2.052177076004486e-06,0.0,1.0999980485965362,-2.992669905925004e-06
399420,0.11971595872725457,2.046769498612854e-06,0.0,1.0999980485965217,-2.9926706644187532e-06
399480,0.11971596492330613,2.0413755615697243e-06,0.0,1.0999980485965075,-2.992671420999914e-06
399540,0.1197159711037444,2.0359952163686254e-06,0.0,1.099998048596493,-2.9926721756752976e-06
399600,0.11971597726862508,2.0306284144983777e-06,0.0,1.0999980485964787,-2.9926729284517153e-06
399660,0.11971598341800391,2.025275107442336e-06,0.0,1.0999980485964644,-2.9926736793359804e-06
399720,0.11971598955193657,2.019935246677629e-06,0.0,1.09999804859645,-2.992674428334907e-06
399780,0.11971599567047883,2.014608783674401e-06,0.0,1.0999980485964358,-2.992675175455309e-06
399840,0.11971600175951519,2.009308043879452e-06,0.0,1.099998048596422,-2.9926759189586705e-06
399900,0.11971600781514016,2.004036437596103e-06,0.0,1.099998048596409,-2.992676658363942e-06
399960,0.11971601385467216,1.9987788429358087e-06,0.0,1.0999980485963958,-2.9926773958040143e-06
400020,0.11971601987815512,1.9935352216460526e-06,0.0,1.0999980485963827,-2.9926781312842525e-06
400080,0.11971602588563295,1.98830553553965e-06,0.0,1.0999980485963698,-2.9926788648100127e-06
400140,0.11971603187714944,1.983089746494239e-06,0.0,1.0999980485963567,-2.9926795963866424e-06
400200,0.11971603785274831,1.977887816451761e-06,0.0,1.099998048596344,-2.992680326019479e-06
400260,0.11971604381247325,1.972699707417951e-06,0.0,1.0999980485963312,-2.9926810537138518e-06
400320,0.11971604975636783,1.9675253814618213e-06,0.0,1.0999980485963183,-2.9926817794750807e-06
400380,0.11971605568447559,1.962364800715149e-06,0.0,1.0999980485963057,-2.9926825033084774e-06
400440,0.11971606159683996,1.957217927371961e-06,0.0,1.099998048596293,-2.9926832252193445e-06
400500,0.11971606749350432,1.9520847236880204e-06,0.0,1.0999980485962804,-2.9926839452129757e-06
400560,0.11971607337451197,1.9469651519803136e-06,0.0,1.0999980485962677,-2.9926846632946566e-06
400620,0.11971607923990614,1.9418591746265345e-06,0.0,1.0999980485962553,-2.992685379469664e-06
400680,0.11971608508973001,1.936766754064573e-06,0.0,1.0999980485962428,-2.992686093743266e-06
400740,0.11971609092402669,1.931687852791997e-06,0.0,1.0999980485962304,-2.9926868061207225e-06
400800,0.11971609674283917,1.926622433365544e-06,0.0,1.099998048596218,-2.9926875166072855e-06
400860,0.11971610254621044,1.9215704584006035e-06,0.0,1.0999980485962055,-2.9926882252081987e-06
400920,0.1197161083341834,1.916531890570703e-06,0.0,1.0999980485961933,-2.9926889319286966e-06
400980,0.11971611410680087,1.9115066926069956e-06,0.0,1.099998048596181,-2.992689636774007e-06
401040,0.11971611986410562,1.906494827297746e-06,0.0,1.099998048596169,-2.992690339749349e-06
401100,0.11971612560614034,1.9014962574878154e-06,0.0,1.0999980485961567,-2.9926910408599335e-06
401160,0.11971613133294766,1.8965109460781484e-06,0.0,1.0999980485961447,-2.992691740110964e-06
401220,0.11971613704457018,1.8915388560252593e-06,0.0,1.0999980485961327,-2.9926924375076367e-06
401280,0.11971614274105037,1.886579950340717e-06,0.0,1.0999980485961207,-2.992693133055138e-06
401340,0.11971614842243071,1.881634192090633e-06,0.0,1.0999980485961087,-2.9926938267586497e-06
401400,0.11971615408875357,1.8767015443951454e-06,0.0,1.099998048596097,-2.9926945186233434e-06
401460,0.11971615974006126,1.8717819704279067e-06,0.0,1.0999980485960852,-2.992695208654384e-06
401520,0.11971616537639607,1.8668754334155683e-06,0.0,1.0999980485960734,-2.9926958968569294e-06
401580,0.11971617099780017,1.8619818966372687e-06,0.0,1.0999980485960617,-2.99269658323613e-06
401640,0.11971617660431573,1.857101323424117e-06,0.0,1.0999980485960499,-2.992697267797129e-06
401700,0.1197161821959848,1.8522336771586811e-06,0.0,1.0999980485960383,-2.9926979505450608e-06
401760,0.11971618777284944,1.8473789212744725e-06,0.0,1.0999980485960268,-2.9926986314850555e-06
401820,0.11971619333495159,1.8425370192554334e-06,0.0,1.0999980485960152,-2.9926993106222338e-06
401880,0.11971619888233317,1.8377079346354219e-06,0.0,1.099998048596004,-2.9926999879617104e-06
401940,0.11971620441503604,1.832891630997698e-06,0.0,1.0999980485959926,-2.9927006635085926e-06
402000,0.11971620993310199,1.8280880719744112e-06,0.0,1.099998048595981,-2.9927013372679816e-06
402060,0.11971621543657275,1.8232972212460844e-06,0.0,1.09999804859597,-2.9927020092449705e-06
402120,0.11971622092549002,1.8185190425411019e-06,0.0,1.0999980485959586,-2.992702679444647e-06
402180,0.11971622639989542,1.8137534996351937e-06,0.0,1.0999980485959475,-2.9927033478720913e-06
402240,0.11971623185983053,1.8090005563509237e-06,0.0,1.0999980485959364,-2.9927040145323773e-06
402300,0.1197162373053369,1.8042601765571738e-06,0.0,1.0999980485959253,-2.992704679430573e-06
402360,0.11971624273645597,1.799532324168631e-06,0.0,1.0999980485959144,-2.9927053425717386e-06
402420,0.11971624815322918,1.7948169631452733e-06,0.0,1.0999980485959033,-2.992706003960929e-06
402480,0.11971625355569787,1.790114057491856e-06,0.0,1.0999980485958925,-2.9927066636031924e-06
402540,0.1197162589439034,1.785423571257397e-06,0.0,1.0999980485958818,-2.992707321503571e-06
402600,0.11971626431788703,1.7807454685346639e-06,0.0,1.099998048595871,-2.9927079776671013e-06
402660,0.11971626967768995,1.7760797134596592e-06,0.0,1.0999980485958603,-2.9927086320988125e-06
402720,0.11971627502335334,1.7714262702111076e-06,0.0,1.0999980485958496,-2.9927092848037283e-06
402780,0.11971628035491834,1.7667851030099404e-06,0.0,1.0999980485958392,-2.9927099357868672e-06
402840,0.11971628567242602,1.762156176118783e-06,0.0,1.0999980485958285,-2.9927105850532414e-06
402900,0.11971629097591739,1.7575394538414395e-06,0.0,1.099998048595818,-2.9927112326078565e-06
402960,0.11971629626543344,1.7529349005223815e-06,0.0,1.0999980485958076,-2.9927118784557137e-06
403020,0.1197163015410151,1.7483424805462306e-06,0.0,1.0999980485957974,-2.9927125226018076e-06
403080,0.11971630680270326,1.7437621583372473e-06,0.0,1.099998048595787,-2.992713165051128e-06
403140,0.11971631205053877,1.7391938983588158e-06,0.0,1.0999980485957768,-2.9927138058086583e-06
403200,0.11971631728456242,1.7346376651129303e-06,0.0,1.0999980485957668,-2.9927144448793774e-06
403260,0.11971632250481497,1.7300934231396814e-06,0.0,1.0999980485957566,-2.992715082268258e-06
403320,0.11971632771133713,1.7255611370167416e-06,0.0,1.0999980485957466,-2.9927157179802677e-06
403380,0.11971633290416957,1.7210407713588513e-06,0.0,1.0999980485957366,-2.99271635202037e-06
403440,0.11971633808335293,1.7165322908173068e-06,0.0,1.0999980485957268,-2.9927169843935217e-06
403500,0.11971634324892777,1.7120356600794433e-06,0.0,1.0999980485957168,-2.9927176151046753e-06
403560,0.11971634840093466,1.7075508438681229e-06,0.0,1.099998048595707,-2.9927182441587783e-06
403620,0.1197163535394141,1.7030778069412207e-06,0.0,1.0999980485956973,-2.992718871560773e-06
403680,0.11971635866440655,1.6986165140911104e-06,0.0,1.0999980485956877,-2.9927194973155978e-06
403740,0.11971636377595243,1.6941669301441505e-06,0.0,1.0999980485956782,-2.9927201214281842e-06
403800,0.11971636887409216,1.68972901996017e-06,0.0,1.0999980485956686,-2.9927207439034616e-06
403860,0.11971637395886607,1.6853027484319557e-06,0.0,1.0999980485956593,-2.992721364746353e-06
403920,0.11971637903031447,1.6808880804847365e-06,0.0,1.0999980485956498,-2.9927219839617775e-06
403980,0.11971638408847765,1.6764849810756708e-06,0.0,1.0999980485956404,-2.9927226015546493e-06
404040,0.11971638913339584,1.6720934151933323e-06,0.0,1.0999980485956313,-2.992723217529879e-06
404100,0.11971639416510926,1.6677133478571958e-06,0.0,1.099998048595622,-2.992723831892371e-06
404160,0.11971639918365808,1.6633447441171238e-06,0.0,1.099998048595613,-2.9927244446470285e-06
404220,0.11971640418908241,1.658987569052852e-06,0.0,1.099998048595604,-2.992725055798748e-06
404280,0.11971640918142239,1.6546417877734754e-06,0.0,1.099998048595595,-2.992725665352422e-06
404340,0.11971641416071807,1.650307365416935e-06,0.0,1.099998048595586,-2.9927262733129406e-06
404400,0.1197164191270095,1.6459842671495036e-06,0.0,1.0999980485955771,-2.9927268796851878e-06
404460,0.11971642408033667,1.6416724581652713e-06,0.0,1.0999980485955685,-2.9927274844740457e-06
404520,0.11971642902073958,1.6373719036856325e-06,0.0,1.0999980485955598,-2.9927280876843913e-06
404580,0.11971643394825814,1.6330825689587712e-06,0.0,1.0999980485955512,-2.9927286893210974e-06
404640,0.11971643886293229,1.6288044192591474e-06,0.0,1.0999980485955425,-2.992729289389035e-06
404700,0.11971644376480191,1.6245374198869839e-06,0.0,1.099998048595534,-2.99272988789307e-06
404760,0.11971644865390686,1.6202815361677505e-06,0.0,1.0999980485955256,-2.9927304848380643e-06
404820,0.11971645353028695,1.6160367334516528e-06,0.0,1.0999980485955174,-2.992731080228878e-06
404880,0.119716458393982,1.6118029771131152e-06,0.0,1.0999980485955092,-2.992731674070366e-06
404940,0.11971646324503177,1.6075802325502696e-06,0.0,1.099998048595501,-2.992732266367382e-06
405000,0.11971646808347601,1.60336846518444e-06,0.0,1.0999980485954928,-2.992732857124774e-06
405060,0.11971647290935444,1.5991676404596289e-06,0.0,1.0999980485954848,-2.9927334463473883e-06
405120,0.11971647772270676,1.5949777238420039e-06,0.0,1.0999980485954768,-2.9927340340400682e-06
405180,0.11971648252357263,1.590798680819383e-06,0.0,1.099998048595469,-2.992734620207653e-06
405240,0.1197164873119917,1.586630476900721e-06,0.0,1.0999980485954612,-2.9927352048549798e-06
405300,0.11971649208800361,1.5824730776155964e-06,0.0,1.0999980485954535,-2.992735787986882e-06
405360,0.11971649685164794,1.5783264485136954e-06,0.0,1.099998048595446,-2.9927363696081915e-06
405420,0.11971650160296425,1.5741905551643005e-06,0.0,1.0999980485954384,-2.992736949723736e-06
405480,0.11971650634199213,1.5700653631557747e-06,0.0,1.0999980485954308,-2.9927375283383417e-06
405540,0.11971651106877111,1.5659508380950484e-06,0.0,1.0999980485954233,-2.9927381054568313e-06
405600,0.11971651578334068,1.5618469456071053e-06,0.0,1.099998048595416,-2.9927386810840254e-06
405660,0.11971652048574034,1.557753651334469e-06,0.0,1.0999980485954088,-2.992739255224742e-06
405720,0.11971652517600959,1.553670920936688e-06,0.0,1.0999980485954015,-2.992739827883796e-06
405780,0.11971652985418785,1.5495987200898225e-06,0.0,1.0999980485953944,-2.992740399066002e-06
405840,0.11971653452031457,1.5455370144859306e-06,0.0,1.0999980485953875,-2.9927409687761703e-06
405900,0.11971653917442918,1.5414857698325541e-06,0.0,1.0999980485953806,-2.9927415370191094e-06
405960,0.11971654381657107,1.5374449518522045e-06,0.0,1.0999980485953738,-2.9927421037996267e-06
406020,0.11971654844677962,1.5334145262818493e-06,0.0,1.0999980485953669,-2.9927426691225265e-06
406080,0.11971655306509423,1.5293944588723981e-06,0.0,1.0999980485953602,-2.992743232992612e-06
406140,0.1197165576715542,1.5253847153881884e-06,0.0,1.0999980485953538,-2.992743795414683e-06
406200,0.11971656226619892,1.5213852616064717e-06,0.0,1.099998048595347,-2.9927443563935397e-06
406260,0.1197165668490677,1.5173960633169005e-06,0.0,1.0999980485953407,-2.9927449159339785e-06
406320,0.11971657142019984,1.5134170863210127e-06,0.0,1.0999980485953345,-2.9927454740407954e-06
406380,0.11971657597963466,1.5094482964317193e-06,0.0,1.0999980485953282,-2.992746030718784e-06
406440,0.11971658052741142,1.5054896594727895e-06,0.0,1.099998048595322,-2.9927465859727374e-06
406500,0.11971658506356943,1.501541141278337e-06,0.0,1.099998048595316,-2.9927471398074458e-06
406560,0.1197165895881479,1.4976027076923061e-06,0.0,1.09999804859531,-2.9927476922276993e-06
406620,0.11971659410118614,1.4936743245679585e-06,0.0,1.099998048595304,-2.992748243238286e-06
406680,0.11971659860272336,1.4897559577673578e-06,0.0,1.0999980485952983,-2.9927487928439926e-06
406740,0.11971660309279882,1.4858475731608572e-06,0.0,1.0999980485952925,-2.992749341049605e-06
406800,0.1197166075714517,1.4819491366265843e-06,0.0,1.099998048595287,-2.9927498878599082e-06
406860,0.11971661203872125,1.4780606140499285e-06,0.0,1.0999980485952814,-2.992750433279686e-06
406920,0.11971661649464668,1.4741819713230257e-06,0.0,1.099998048595276,-2.992750977313721e-06
406980,0.11971662093926717,1.4703131743442455e-06,0.0,1.0999980485952705,-2.9927515199667945e-06
407040,0.11971662537262195,1.4664541890176763e-06,0.0,1.0999980485952654,-2.9927520612436884e-06
407100,0.11971662979475017,1.4626049812526125e-06,0.0,1.0999980485952603,-2.9927526011491823e-06
407160,0.11971663420569105,1.4587655169630394e-06,0.0,1.0999980485952552,-2.9927531396880558e-06
407220,0.11971663860548375,1.4549357620671203e-06,0.0,1.09999804859525,-2.9927536768650888e-06
407280,0.11971664299416744,1.4511156824866821e-06,0.0,1.0999980485952452,-2.9927542126850585e-06
407340,0.1197166473717813,1.4473052441467013e-06,0.0,1.0999980485952405,-2.992754747152744e-06
407400,0.1197166517383645,1.4435044129747902e-06,0.0,1.0999980485952359,-2.9927552802729224e-06
407460,0.11971665609395621,1.4397131549006828e-06,0.0,1.0999980485952312,-2.992755812050371e-06
407520,0.11971666043859559,1.4359314358557217e-06,0.0,1.0999980485952268,-2.9927563424898673e-06
407580,0.1197166647723218,1.4321592217723429e-06,0.0,1.0999980485952223,-2.992756871596188e-06
407640,0.119716669095174,1.4283964785835628e-06,0.0,1.099998048595218,-2.9927573993741096e-06
407700,0.11971667340719139,1.424643172222464e-06,0.0,1.0999980485952139,-2.9927579258284093e-06
407760,0.11971667770841309,1.4208992686216819e-06,0.0,1.0999980485952097,-2.9927584509638636e-06
407820,0.11971668199887826,1.4171647337128892e-06,0.0,1.099998048595206,-2.9927589747852504e-06
407880,0.11971668627862611,1.413439533426284e-06,0.0,1.099998048595202,-2.9927594972973457e-06
407940,0.11971669054769579,1.4097236336900747e-06,0.0,1.0999980485951981,-2.9927600185049273e-06
408000,0.11971669480612646,1.406017000429966e-06,0.0,1.0999980485951943,-2.9927605384127733e-06
408060,0.1197166990539573,1.4023195995686458e-06,0.0,1.0999980485951908,-2.9927610570256618e-06
408120,0.11971670329122751,1.3986313970252707e-06,0.0,1.0999980485951875,-2.9927615743483712e-06
408180,0.11971670751797625,1.3949523587149519e-06,0.0,1.0999980485951841,-2.992762090385681e-06
408240,0.11971671173424273,1.3912824505482416e-06,0.0,1.0999980485951808,-2.9927626051423707e-06
408300,0.11971671594006612,1.3876216384306195e-06,0.0,1.0999980485951777,-2.9927631186232212e-06
408360,0.11971672013548566,1.3839698882619778e-06,0.0,1.0999980485951746,-2.9927636308330137e-06
408420,0.11971672432054052,1.3803271659361085e-06,0.0,1.0999980485951717,-2.99276414177653e-06
408480,0.11971672849526996,1.3766934373401884e-06,0.0,1.0999980485951688,-2.9927646514585533e-06
408540,0.11971673265971317,1.373068668354266e-06,0.0,1.0999980485951661,-2.992765159883868e-06
408600,0.11971673681390939,1.3694528248507471e-06,0.0,1.0999980485951635,-2.992765667057259e-06
408660,0.11971674095789787,1.365845872693881e-06,0.0,1.099998048595161,-2.9927661729835125e-06
408720,0.11971674509171788,1.362247777739247e-06,0.0,1.0999980485951586,-2.992766677667416e-06
408780,0.11971674921540867,1.3586585058332394e-06,0.0,1.0999980485951564,-2.992767181113758e-06
408840,0.11971675332900952,1.355078022812555e-06,0.0,1.0999980485951542,-2.992767683327329e-06
408900,0.11971675743255972,1.351506294503678e-06,0.0,1.0999980485951522,-2.9927681843129195e-06
408960,0.11971676152609854,1.3479432867223668e-06,0.0,1.0999980485951502,-2.9927686840753235e-06
409020,0.11971676560966535,1.3443889652731396e-06,0.0,1.0999980485951484,-2.992769182619335e-06
409080,0.11971676966639225,1.3408579012647065e-06,0.0,1.0999980485951444,-2.9927696779021913e-06
409140,0.11971677370149265,1.337345590865954e-06,0.0,1.099998048595139,-2.992770170555297e-06
409200,0.11971677772596945,1.3338425289517389e-06,0.0,1.0999980485951337,-2.992770661911202e-06
409260,0.11971678173985158,1.3303486902949598e-06,0.0,1.0999980485951284,-2.9927711519734437e-06
409320,0.1197167857431679,1.3268640497212256e-06,0.0,1.099998048595123,-2.992771640745552e-06
409380,0.11971678973594722,1.3233885821085542e-06,0.0,1.0999980485951177,-2.992772128231049e-06
409440,0.11971679371821832,1.3199222623870751e-06,0.0,1.0999980485951126,-2.99277261443345e-06
409500,0.11971679769000987,1.3164650655387278e-06,0.0,1.0999980485951073,-2.9927730993562624e-06
409560,0.11971680165135049,1.3130169665969633e-06,0.0,1.099998048595102,-2.9927735830029874e-06
409620,0.11971680560226876,1.3095779406464447e-06,0.0,1.0999980485950969,-2.992774065377118e-06
409680,0.11971680954279319,1.306147962822747e-06,0.0,1.0999980485950915,-2.9927745464821398e-06
409740,0.11971681347295224,1.3027270083120585e-06,0.0,1.0999980485950864,-2.992775026321533e-06
409800,0.11971681739277429,1.2993150523508802e-06,0.0,1.099998048595081,-2.9927755048987693e-06
409860,0.1197168213022877,1.2959120702257266e-06,0.0,1.099998048595076,-2.9927759822173134e-06
409920,0.11971682520152073,1.2925180372728268e-06,0.0,1.0999980485950709,-2.992776458280623e-06
409980,0.11971682909050162,1.2891329288778242e-06,0.0,1.0999980485950656,-2.9927769330921504e-06
410040,0.1197168329692585,1.2857567204754772e-06,0.0,1.0999980485950605,-2.9927774066553383e-06
410100,0.11971683683781953,1.2823893875493599e-06,0.0,1.0999980485950553,-2.9927778789736254e-06
410160,0.11971684069621272,1.2790309056315619e-06,0.0,1.0999980485950502,-2.9927783500504412e-06
410220,0.11971684454446609,1.2756812503023898e-06,0.0,1.099998048595045,-2.99277881988921e-06
410280,0.11971684838260757,1.2723403971900666e-06,0.0,1.0999980485950398,-2.9927792884933486e-06
410340,0.11971685221066504,1.2690083219704326e-06,0.0,1.0999980485950347,-2.9927797558662673e-06
410400,0.11971685602866636,1.265685000366646e-06,0.0,1.0999980485950296,-2.9927802220113693e-06
410460,0.11971685983663927,1.2623704081488834e-06,0.0,1.0999980485950245,-2.9927806869320526e-06
410520,0.11971686363461152,1.2590645211340399e-06,0.0,1.0999980485950194,-2.992781150631707e-06
410580,0.11971686742261077,1.2557673151854295e-06,0.0,1.0999980485950143,-2.9927816131137168e-06
410640,0.11971687120066463,1.2524787662124864e-06,0.0,1.0999980485950092,-2.9927820743814595e-06
410700,0.11971687496880065,1.2491988501704646e-06,0.0,1.0999980485950038,-2.9927825344383056e-06
410760,0.11971687872704637,1.2459275430601381e-06,0.0,1.0999980485949987,-2.9927829932876206e-06
410820,0.11971688247542923,1.2426648209275028e-06,0.0,1.0999980485949936,-2.9927834509327623e-06
410880,0.11971688621397664,1.2394106598634755e-06,0.0,1.0999980485949885,-2.9927839073770827e-06
410940,0.11971688994271593,1.2361650360035947e-06,0.0,1.0999980485949834,-2.992784362623927e-06
411000,0.11971689366167443,1.2329279255277217e-06,0.0,1.0999980485949783,-2.992784816676636e-06
411060,0.11971689737087939,1.2296993046597405e-06,0.0,1.0999980485949732,-2.992785269538542e-06
411120,0.11971690107035798,1.2264791496672581e-06,0.0,1.0999980485949679,-2.9927857212129726e-06
411180,0.11971690476013738,1.2232674368613057e-06,0.0,1.0999980485949628,-2.9927861717032486e-06
411240,0.11971690844024467,1.2200641425960384e-06,0.0,1.0999980485949576,-2.9927866210126848e-06
411300,0.11971691211070692,1.2168692432684358e-06,0.0,1.0999980485949525,-2.9927870691445906e-06
411360,0.11971691577155111,1.2136827153180029e-06,0.0,1.0999980485949472,-2.9927875161022686e-06
411420,0.1197169194228042,1.21050453522647e-06,0.0,1.099998048594942,-2.9927879618890164e-06
411480,0.11971692306449308,1.2073346795174937e-06,0.0,1.099998048594937,-2.992788406508125e-06
411540,0.11971692669664463,1.204173124756357e-06,0.0,1.0999980485949317,-2.992788849962879e-06
411600,0.11971693031928562,1.2010198475496699e-06,0.0,1.0999980485949266,-2.992789292256559e-06
411660,0.11971693393244284,1.1978748245450692e-06,0.0,1.0999980485949212,-2.9927897333924383e-06
411720,0.119716937536143,1.1947380324309205e-06,0.0,1.099998048594916,-2.9927901733737844e-06
411780,0.11971694113041274,1.1916094479360172e-06,0.0,1.0999980485949108,-2.9927906122038603e-06
411840,0.11971694471527869,1.1884890478292812e-06,0.0,1.0999980485949055,-2.9927910498859228e-06
411900,0.11971694829076743,1.1853768089194643e-06,0.0,1.0999980485949001,-2.9927914864232223e-06
411960,0.11971695185690547,1.1822727080548477e-06,0.0,1.0999980485948948,-2.992791921819005e-06
412020,0.1197169554137193,1.1791767221229423e-06,0.0,1.0999980485948895,-2.9927923560765106e-06
412080,0.11971695896123534,1.1760888280501903e-06,0.0,1.0999980485948841,-2.9927927891989735e-06
412140,0.11971696249948,1.1730090028016645e-06,0.0,1.0999980485948788,-2.992793221189623e-06
412200,0.1197169660284796,1.1699372233807697e-06,0.0,1.0999980485948733,-2.992793652051683e-06
412260,0.11971696954826047,1.166873466828942e-06,0.0,1.099998048594868,-2.992794081788372e-06
412320,0.11971697305884885,1.1638177102253504e-06,0.0,1.0999980485948624,-2.9927945104029024e-06
412380,0.11971697656027094,1.160769930686597e-06,0.0,1.099998048594857,-2.9927949378984827e-06
412440,0.11971698005255293,1.1577301053664165e-06,0.0,1.0999980485948515,-2.992795364278315e-06
412500,0.11971698353572095,1.1546982114553782e-06,0.0,1.099998048594846,-2.9927957895455975e-06
412560,0.11971698700980107,1.1516742261805853e-06,0.0,1.0999980485948404,-2.992796213703522e-06
412620,0.11971699047481933,1.148658126805376e-06,0.0,1.0999980485948349,-2.992796636755275e-06
412680,0.11971699393080175,1.1456498906290228e-06,0.0,1.0999980485948293,-2.99279705870404e-06
412740,0.11971699737777428,1.142649494986435e-06,0.0,1.0999980485948238,-2.9927974795529925e-06
412800,0.11971700081576282,1.1396569172478577e-06,0.0,1.099998048594818,-2.9927978993053063e-06
412860,0.11971700424479327,1.1366721348185718e-06,0.0,1.0999980485948124,-2.9927983179641476e-06
412920,0.11971700766489145,1.1336951251385964e-06,0.0,1.0999980485948067,-2.992798735532679e-06
412980,0.11971701107608317,1.1307258656823873e-06,0.0,1.0999980485948009,-2.992799152014058e-06
413040,0.11971701447839418,1.1277643339585384e-06,0.0,1.099998048594795,-2.9927995674114375e-06
413100,0.1197170178718502,1.1248105075094822e-06,0.0,1.0999980485947893,-2.992799981727965e-06
413160,0.11971702125647689,1.1218643639111896e-06,0.0,1.0999980485947833,-2.9928003949667843e-06
413220,0.11971702463229991,1.1189258807728713e-06,0.0,1.0999980485947776,-2.9928008071310335e-06
413280,0.11971702799934487,1.1159950357366776e-06,0.0,1.0999980485947716,-2.9928012182238466e-06
413340,0.11971703135763731,1.1130718064773988e-06,0.0,1.0999980485947656,-2.9928016282483525e-06
413400,0.11971703470720277,1.1101561707021664e-06,0.0,1.0999980485947596,-2.9928020372076773e-06
413460,0.11971703804806672,1.1072481061501527e-06,0.0,1.0999980485947536,-2.9928024451049396e-06
413520,0.11971704138025462,1.1043475905922715e-06,0.0,1.0999980485947474,-2.9928028519432566e-06
413580,0.1197170447037919,1.1014546018308789e-06,0.0,1.0999980485947414,-2.992803257725739e-06
413640,0.1197170480187039,1.0985691176994735e-06,0.0,1.0999980485947352,-2.9928036624554936e-06
413700,0.119717051325016,1.095691116062397e-06,0.0,1.099998048594729,-2.992804066135623e-06
413760,0.11971705462275349,1.092820574814534e-06,0.0,1.0999980485947225,-2.9928044687692267e-06
413820,0.11971705791194164,1.0899574718810137e-06,0.0,1.0999980485947163,-2.9928048703593974e-06
413880,0.11971706119260568,1.0871017852169092e-06,0.0,1.0999980485947098,-2.9928052709092257e-06
413940,0.11971706446477082,1.0842534928069389e-06,0.0,1.0999980485947034,-2.9928056704217974e-06
414000,0.11971706772846222,1.0814125726651655e-06,0.0,1.099998048594697,-2.9928060689001935e-06
414060,0.11971707098370502,1.0785790028346982e-06,0.0,1.0999980485946905,-2.992806466347492e-06
414120,0.1197170742305243,1.0757527613873926e-06,0.0,1.0999980485946839,-2.9928068627667665e-06
414180,0.11971707746894515,1.0729338264235506e-06,0.0,1.0999980485946772,-2.992807258161086e-06
414240,0.1197170806989926,1.070122176071621e-06,0.0,1.0999980485946705,-2.992807652533516e-06
414300,0.11971708392069164,1.0673177884879004e-06,0.0,1.0999980485946637,-2.9928080458871186e-06
414360,0.11971708713406723,1.0645206418562334e-06,0.0,1.099998048594657,-2.992808438224951e-06
414420,0.11971709033914432,1.061730714387713e-06,0.0,1.0999980485946501,-2.992808829550067e-06
414480,0.11971709353594782,1.0589479843203815e-06,0.0,1.0999980485946432,-2.9928092198655174e-06
414540,0.11971709672450259,1.0561724299189301e-06,0.0,1.0999980485946361,-2.9928096091743477e-06
414600,0.11971709990483348,1.0534040294744003e-06,0.0,1.099998048594629,-2.9928099974796008e-06
414660,0.11971710307696529,1.0506427613038834e-06,0.0,1.099998048594622,-2.992810384784315e-06
414720,0.1197171062409228,1.0478886037502222e-06,0.0,1.0999980485946148,-2.992810771091527e-06
414780,0.11971710939673079,1.04514153518171e-06,0.0,1.0999980485946075,-2.9928111564042674e-06
414840,0.11971711254441396,1.042401533991792e-06,0.0,1.0999980485946002,-2.992811540725565e-06
414900,0.119717115683997,1.039668578598766e-06,0.0,1.0999980485945928,-2.992811924058444e-06
414960,0.11971711881550458,1.0369426474454817e-06,0.0,1.0999980485945853,-2.992812306405926e-06
415020,0.11971712193896134,1.0342237189990428e-06,0.0,1.0999980485945777,-2.9928126877710286e-06
415080,0.11971712505439187,1.0315117717505053e-06,0.0,1.0999980485945702,-2.9928130681567662e-06
415140,0.11971712816182077,1.0288067842145804e-06,0.0,1.0999980485945626,-2.99281344756615e-06
415200,0.11971713126127259,1.0261087349293327e-06,0.0,1.0999980485945549,-2.9928138260021882e-06
415260,0.11971713435277186,1.0234176024558826e-06,0.0,1.0999980485945469,-2.992814203467885e-06
415320,0.11971713743634305,1.0207333653781054e-06,0.0,1.099998048594539,-2.9928145799662414e-06
415380,0.11971714051201066,1.0180560023023318e-06,0.0,1.099998048594531,-2.992814955500256e-06
415440,0.11971714357979912,1.01538549185705e-06,0.0,1.0999980485945229,-2.992815330072924e-06
415500,0.11971714663973286,1.0127218126926036e-06,0.0,1.0999980485945149,-2.9928157036872366e-06
415560,0.11971714969183626,1.010064943480894e-06,0.0,1.0999980485945067,-2.992816076346184e-06
415620,0.11971715273613372,1.0074148629150806e-06,0.0,1.0999980485944982,-2.9928164480527514e-06
415680,0.11971715577264956,1.0047715497092801e-06,0.0,1.0999980485944898,-2.992816818809922e-06
415740,0.1197171588014081,1.0021349825982686e-06,0.0,1.0999980485944814,-2.9928171886206757e-06
415800,0.11971716182243365,9.995051403371807e-07,0.0,1.0999980485944727,-2.99281755748799e-06
415860,0.11971716483575047,9.968820017012103e-07,0.0,1.099998048594464,-2.992817925414839e-06
415920,0.11971716784138281,9.94265545485312e-07,0.0,1.0999980485944554,-2.9928182924041946e-06
415980,0.1197171708393549,9.916557505039e-07,0.0,1.0999980485944465,-2.992818658459026e-06
416040,0.11971717382969095,9.890525955905502e-07,0.0,1.0999980485944376,-2.9928190235822983e-06
416100,0.11971717681241514,9.864560595976988e-07,0.0,1.0999980485944285,-2.9928193877769758e-06
416160,0.11971717978755163,9.838661213963445e-07,0.0,1.0999980485944194,-2.992819751046019e-06
416220,0.11971718275512454,9.812827598757483e-07,0.0,1.09999804859441,-2.9928201133923867e-06
416280,0.119717185715158,9.787059539431332e-07,0.0,1.0999980485944008,-2.9928204748190346e-06
416340,0.11971718866767611,9.761356825233862e-07,0.0,1.0999980485943914,-2.9928208353289154e-06
416400,0.11971719161270294,9.735719245587572e-07,0.0,1.0999980485943819,-2.9928211949249803e-06
416460,0.11971719455026254,9.71014659008561e-07,0.0,1.0999980485943721,-2.992821553610178e-06
416520,0.11971719748037896,9.684638648488756e-07,0.0,1.0999980485943623,-2.9928219113874544e-06
416580,0.1197172004030762,9.659195210722455e-07,0.0,1.0999980485943526,-2.9928222682597527e-06
416640,0.11971720331837825,9.633816066873795e-07,0.0,1.0999980485943426,-2.992822624230015e-06
416700,0.11971720622630912,9.60850100718853e-07,0.0,1.0999980485943324,-2.9928229793011808e-06
416760,0.11971720912689272,9.583249822068073e-07,0.0,1.0999980485943224,-2.992823333476186e-06
416820,0.11971721202015304,9.55806230206651e-07,0.0,1.099998048594312,-2.9928236867579663e-06
416880,0.11971721490611396,9.532938237887594e-07,0.0,1.0999980485943015,-2.9928240391494543e-06
416940,0.1197172177847994,9.50787742038176e-07,0.0,1.099998048594291,-2.9928243906535805e-06
417000,0.11971722065623328,9.482879640543121e-07,0.0,1.0999980485942804,-2.9928247412732734e-06
417060,0.11971722352043943,9.457944689506482e-07,0.0,1.0999980485942695,-2.9928250910114604e-06
417120,0.1197172263774417,9.433072358544335e-07,0.0,1.0999980485942586,-2.9928254398710654e-06
417180,0.11971722922726395,9.408262439063867e-07,0.0,1.0999980485942478,-2.9928257878550116e-06
417240,0.11971723206993,9.383514722603969e-07,0.0,1.0999980485942367,-2.99282613496622e-06
417300,0.11971723490546365,9.358829000832233e-07,0.0,1.0999980485942253,-2.9928264812076092e-06
417360,0.1197172377338887,9.334205065541963e-07,0.0,1.099998048594214,-2.992826826582097e-06
417420,0.11971724055522893,9.309642708649177e-07,0.0,1.0999980485942025,-2.9928271710925993e-06
417480,0.11971724336950809,9.28514172218961e-07,0.0,1.0999980485941907,-2.9928275147420293e-06
417540,0.11971724617674993,9.260701898315721e-07,0.0,1.099998048594179,-2.9928278575332997e-06
417600,0.11971724897697819,9.236323029293697e-07,0.0,1.0999980485941672,-2.992828199469321e-06
417660,0.11971725177021658,9.212004907500458e-07,0.0,1.099998048594155,-2.992828540553002e-06
417720,0.11971725455648882,9.187747325420659e-07,0.0,1.0999980485941427,-2.9928288807872507e-06
417780,0.1197172573358186,9.163550075643699e-07,0.0,1.0999980485941305,-2.9928292201749734e-06
417840,0.11971726010822961,9.13941295086072e-07,0.0,1.099998048594118,-2.992829558719074e-06
417900,0.11971726287374553,9.115335743861619e-07,0.0,1.0999980485941054,-2.9928298964224564e-06
417960,0.11971726563238998,9.091318247532044e-07,0.0,1.0999980485940928,-2.9928302332880215e-06
418020,0.11971726838418664,9.067360254850406e-07,0.0,1.09999804859408,-2.992830569318671e-06
418080,0.11971727112915916,9.043461558884878e-07,0.0,1.0999980485940668,-2.9928309045173036e-06
418140,0.11971727386733112,9.019621952790404e-07,0.0,1.0999980485940537,-2.9928312388868172e-06
418200,0.11971727659872618,8.9958412298057e-07,0.0,1.0999980485940402,-2.992831572430109e-06
418260,0.11971727932336791,8.972119183250262e-07,0.0,1.0999980485940268,-2.9928319051500747e-06
418320,0.11971728203101917,8.948547305798063e-07,0.0,1.0999980485940173,-2.992832235769979e-06
418380,0.11971728472838436,8.925065684993445e-07,0.0,1.0999980485940093,-2.99283256512589e-06
418440,0.11971728741869586,8.901645437946647e-07,0.0,1.0999980485940013,-2.9928328936208694e-06
418500,0.11971729010197218,8.878286403222748e-07,0.0,1.0999980485939933,-2.9928332212571805e-06
418560,0.11971729277823186,8.854988419783969e-07,0.0,1.0999980485939853,-2.9928335480370828e-06
418620,0.11971729544749331,8.831751326987761e-07,0.0,1.0999980485939773,-2.9928338739628295e-06
418680,0.11971729810977494,8.808574964584863e-07,0.0,1.0999980485939693,-2.9928341990366677e-06
418740,0.11971730076509511,8.785459172717385e-07,0.0,1.0999980485939613,-2.9928345232608395e-06
418800,0.11971730341347216,8.762403791916872e-07,0.0,1.0999980485939533,-2.992834846637582e-06
418860,0.11971730605492431,8.739408663102377e-07,0.0,1.0999980485939453,-2.992835169169126e-06
418920,0.11971730868946984,8.71647362757854e-07,0.0,1.0999980485939373,-2.9928354908576985e-06
418980,0.1197173113171269,8.693598527033649e-07,0.0,1.0999980485939294,-2.9928358117055183e-06
419040,0.11971731393791363,8.67078320353772e-07,0.0,1.0999980485939214,-2.992836131714802e-06
419100,0.11971731655184814,8.648027499540567e-07,0.0,1.0999980485939134,-2.9928364508877585e-06
419160,0.11971731915894847,8.625331257869874e-07,0.0,1.0999980485939054,-2.9928367692265926e-06
419220,0.11971732175923264,8.602694321729263e-07,0.0,1.0999980485938974,-2.9928370867335034e-06
419280,0.11971732435271862,8.580116534696373e-07,0.0,1.0999980485938894,-2.9928374034106854e-06
419340,0.11971732693942432,8.557597740720923e-07,0.0,1.0999980485938814,-2.992837719260327e-06
419400,0.11971732951936762,8.535137784122795e-07,0.0,1.0999980485938734,-2.9928380342846125e-06
419460,0.11971733209256637,8.512736509590095e-07,0.0,1.0999980485938656,-2.9928383484857193e-06
419520,0.11971733465903837,8.490393762177233e-07,0.0,1.0999980485938576,-2.9928386618658217e-06
419580,0.11971733721880137,8.46810938730299e-07,0.0,1.0999980485938496,-2.9928389744270872e-06
419640,0.1197173397718731,8.445883230748591e-07,0.0,1.0999980485938416,-2.9928392861716796e-06
419700,0.11971734231827122,8.423715138655782e-07,0.0,1.0999980485938337,-2.9928395971017565e-06
419760,0.11971734485801337,8.40160495752489e-07,0.0,1.0999980485938259,-2.9928399072194713e-06
419820,0.11971734739111714,8.379552534212907e-07,0.0,1.099998048593818,-2.992840216526972e-06
419880,0.11971734991760008,8.357557715931561e-07,0.0,1.09999804859381,-2.992840525026402e-06
419940,0.1197173524374797,8.335620350245375e-07,0.0,1.0999980485938021,-2.992840832719899e-06
420000,0.11971735495077349,8.313740285069754e-07,0.0,1.0999980485937941,-2.9928411396095967e-06
420060,0.11971735745749885,8.29191736866905e-07,0.0,1.0999980485937864,-2.9928414456976234e-06
420120,0.11971735995767321,8.270151449654636e-07,0.0,1.0999980485937784,-2.9928417509861026e-06
420180,0.1197173624513139,8.248442376982974e-07,0.0,1.0999980485937706,-2.9928420554771533e-06
420240,0.11971736493843824,8.226789999953694e-07,0.0,1.0999980485937628,-2.9928423591728887e-06
420300,0.1197173674190635,8.205194168207655e-07,0.0,1.099998048593755,-2.992842662075419e-06
420360,0.11971736989320693,8.183654731725032e-07,0.0,1.099998048593747,-2.9928429641868474e-06
420420,0.11971737236088571,8.162171540823372e-07,0.0,1.0999980485937393,-2.992843265509274e-06
420480,0.11971737482211701,8.140744446155677e-07,0.0,1.0999980485937315,-2.9928435660447943e-06
420540,0.11971737727691796,8.119373298708473e-07,0.0,1.0999980485937237,-2.992843865795498e-06
420600,0.11971737972530563,8.098057949799877e-07,0.0,1.099998048593716,-2.9928441647634707e-06
420660,0.11971738216729708,8.07679825107768e-07,0.0,1.0999980485937082,-2.9928444629507937e-06
420720,0.1197173846029093,8.055594054517405e-07,0.0,1.0999980485937007,-2.9928447603595436e-06
420780,0.1197173870321593,8.034445212420391e-07,0.0,1.0999980485936929,-2.992845056991792e-06
420840,0.11971738945506397,8.013351577411856e-07,0.0,1.099998048593685,-2.9928453528496064e-06
420900,0.11971739187164022,7.992313002438977e-07,0.0,1.0999980485936776,-2.9928456479350495e-06
420960,0.11971739428190495,7.971329340768953e-07,0.0,1.0999980485936698,-2.99284594225018e-06
421020,0.11971739668587493,7.950400445987085e-07,0.0,1.0999980485936622,-2.9928462357970513e-06
421080,0.11971739908356699,7.929526171994843e-07,0.0,1.0999980485936547,-2.992846528577713e-06
421140,0.11971740147499788,7.908706373007941e-07,0.0,1.0999980485936471,-2.992846820594211e-06
421200,0.1197174038601843,7.887940903554406e-07,0.0,1.0999980485936396,-2.9928471118485846e-06
421260,0.11971740623914294,7.867229618472649e-07,0.0,1.099998048593632,-2.9928474023428715e-06
421320,0.11971740861189045,7.846572372909544e-07,0.0,1.0999980485936245,-2.992847692079103e-06
421380,0.11971741097844346,7.825969022318491e-07,0.0,1.099998048593617,-2.992847981059307e-06
421440,0.11971741333881852,7.805419422457495e-07,0.0,1.0999980485936094,-2.9928482692855073e-06
421500,0.1197174156930322,7.784923429387234e-07,0.0,1.099998048593602,-2.992848556759723e-06
421560,0.11971741804110099,7.764480899469129e-07,0.0,1.0999980485935945,-2.9928488434839686e-06
421620,0.11971742038304138,7.744091689363424e-07,0.0,1.0999980485935872,-2.992849129460256e-06
421680,0.1197174227188698,7.723755656027245e-07,0.0,1.0999980485935799,-2.9928494146905913e-06
421740,0.11971742504860268,7.703472656712688e-07,0.0,1.0999980485935725,-2.9928496991769773e-06
421800,0.11971742737225637,7.683242548964876e-07,0.0,1.0999980485935652,-2.9928499829214124e-06
421860,0.11971742968984724,7.663065190620043e-07,0.0,1.0999980485935579,-2.992850265925891e-06
421920,0.11971743200139157,7.642940439803595e-07,0.0,1.0999980485935508,-2.9928505481924035e-06
421980,0.11971743430690564,7.622868154928189e-07,0.0,1.0999980485935434,-2.9928508297229367e-06
422040,0.11971743660640571,7.602848194691805e-07,0.0,1.0999980485935363,-2.9928511105194722e-06
422100,0.119717438899908,7.582880418075814e-07,0.0,1.0999980485935292,-2.992851390583989e-06
422160,0.11971744118742866,7.562964684343051e-07,0.0,1.0999980485935221,-2.992851669918461e-06
422220,0.11971744346898387,7.543100853035891e-07,0.0,1.099998048593515,-2.9928519485248597e-06
422280,0.11971744574458973,7.523288783974314e-07,0.0,1.099998048593508,-2.992852226405151e-06
422340,0.11971744801426233,7.503528337253985e-07,0.0,1.099998048593501,-2.9928525035612978e-06
422400,0.11971745027801772,7.483819373244317e-07,0.0,1.0999980485934941,-2.992852779995259e-06
422460,0.11971745253587193,7.464161752586551e-07,0.0,1.099998048593487,-2.9928530557089905e-06
422520,0.11971745478784095,7.444555336191823e-07,0.0,1.0999980485934802,-2.992853330704443e-06
422580,0.11971745703394074,7.424999985239236e-07,0.0,1.0999980485934735,-2.9928536049835645e-06
422640,0.11971745927418723,7.405495561173936e-07,0.0,1.0999980485934666,-2.9928538785482988e-06
422700,0.11971746150859633,7.38604192570518e-07,0.0,1.09999804859346,-2.992854151400586e-06
422760,0.11971746373718391,7.366638940804406e-07,0.0,1.099998048593453,-2.992854423542363e-06
422820,0.11971746595996581,7.347286468703312e-07,0.0,1.0999980485934464,-2.9928546949755625e-06
422880,0.11971746817695786,7.327984371891924e-07,0.0,1.0999980485934397,-2.992854965702114e-06
422940,0.11971747038817582,7.308732513116663e-07,0.0,1.0999980485934333,-2.992855235723943e-06
423000,0.11971747259363547,7.289530755378429e-07,0.0,1.0999980485934266,-2.992855505042972e-06
423060,0.11971747479335251,7.270378961930659e-07,0.0,1.0999980485934202,-2.99285577366112e-06
423120,0.11971747698734266,7.251276996277408e-07,0.0,1.0999980485934138,-2.9928560415803013e-06
423180,0.11971747917562159,7.23222472217142e-07,0.0,1.0999980485934073,-2.992856308802428e-06
423240,0.11971748135820492,7.213222003612195e-07,0.0,1.0999980485934011,-2.992856575329408e-06
423300,0.1197174835351083,7.194268704844066e-07,0.0,1.0999980485933947,-2.9928568411631464e-06
423360,0.1197174857063473,7.17536469035427e-07,0.0,1.0999980485933885,-2.992857106305545e-06
423420,0.11971748787193748,7.156509824871019e-07,0.0,1.0999980485933822,-2.992857370758501e-06
423480,0.11971749003189436,7.137703973361569e-07,0.0,1.0999980485933762,-2.99285763452391e-06
423540,0.11971749218623347,7.1189470010303e-07,0.0,1.09999804859337,-2.9928578976036624e-06
423600,0.11971749433497028,7.100238773316777e-07,0.0,1.099998048593364,-2.992858159999647e-06
423660,0.11971749647812023,7.081579155893833e-07,0.0,1.099998048593358,-2.9928584217137485e-06
423720,0.11971749861569878,7.062968014665631e-07,0.0,1.0999980485933523,-2.9928586827478484e-06
423780,0.11971750074772129,7.044405215765744e-07,0.0,1.0999980485933463,-2.992858943103825e-06
423840,0.11971750287420316,7.025890625555222e-07,0.0,1.0999980485933405,-2.9928592027835535e-06
423900,0.11971750499515973,7.007424110620666e-07,0.0,1.099998048593335,-2.9928594617889066e-06
423960,0.11971750711060634,6.989005537772298e-07,0.0,1.0999980485933292,-2.9928597201217523e-06
424020,0.11971750922055828,6.970634774042036e-07,0.0,1.0999980485933236,-2.992859977783957e-06
424080,0.11971751132503082,6.952311686681562e-07,0.0,1.099998048593318,-2.9928602347773837e-06
424140,0.11971751342403922,6.934036143160398e-07,0.0,1.0999980485933125,-2.9928604911038912e-06
424200,0.11971751551759868,6.915808011163976e-07,0.0,1.0999980485933072,-2.992860746765337e-06
424260,0.11971751760572444,6.897627158591707e-07,0.0,1.0999980485933019,-2.992861001763575e-06
424320,0.11971751968843165,6.879493453555058e-07,0.0,1.0999980485932965,-2.992861256100455e-06
424380,0.11971752176573548,6.861406764375621e-07,0.0,1.0999980485932914,-2.9928615097778255e-06
424440,0.11971752383765104,6.843366959583188e-07,0.0,1.099998048593286,-2.9928617627975312e-06
424500,0.11971752590419346,6.825373907913815e-07,0.0,1.0999980485932812,-2.9928620151614145e-06
424560,0.11971752796537781,6.807427478307905e-07,0.0,1.099998048593276,-2.9928622668713143e-06
424620,0.11971753002121914,6.789527539908272e-07,0.0,1.0999980485932712,-2.992862517929067e-06
424680,0.11971753207173251,6.771673962058214e-07,0.0,1.0999980485932663,-2.9928627683365057e-06
424740,0.11971753411693294,6.753866614299589e-07,0.0,1.0999980485932617,-2.992863018095462e-06
424800,0.11971753615683539,6.736105366370881e-07,0.0,1.099998048593257,-2.9928632672077632e-06
424860,0.11971753819145488,6.718390088205276e-07,0.0,1.0999980485932523,-2.9928635156752353e-06
424920,0.11971754022080631,6.700720649928735e-07,0.0,1.099998048593248,-2.9928637634997e-06
424980,0.11971754224490465,6.68309692185806e-07,0.0,1.0999980485932435,-2.992864010682978e-06
425040,0.11971754426376477,6.665518774498973e-07,0.0,1.099998048593239,-2.9928642572268867e-06
425100,0.1197175462774016,6.647986078544183e-07,0.0,1.0999980485932348,-2.9928645031332402e-06
425160,0.11971754828582996,6.63049870487146e-07,0.0,1.0999980485932306,-2.992864748403851e-06
425220,0.11971755028906472,6.613056524541705e-07,0.0,1.0999980485932264,-2.992864993040529e-06
425280,0.11971755228712071,6.595659408797026e-07,0.0,1.0999980485932224,-2.9928652370450805e-06
425340,0.11971755428001273,6.578307229058805e-07,0.0,1.0999980485932186,-2.9928654804193104e-06
425400,0.11971755626775554,6.560999856925772e-07,0.0,1.0999980485932146,-2.992865723165021e-06
425460,0.11971755825036394,6.54373716417208e-07,0.0,1.0999980485932108,-2.9928659652840113e-06
425520,0.11971756022785265,6.526519022745371e-07,0.0,1.0999980485932073,-2.992866206778079e-06
425580,0.11971756220023641,6.509345304764851e-07,0.0,1.0999980485932037,-2.992866447649019e-06
425640,0.11971756416752992,6.492215882519364e-07,0.0,1.0999980485932002,-2.9928666878986237e-06
425700,0.11971756612974788,6.47513062846546e-07,0.0,1.0999980485931968,-2.9928669275286826e-06
425760,0.11971756808690494,6.458089415225469e-07,0.0,1.0999980485931935,-2.992867166540984e-06
425820,0.11971757003901576,6.441092115585571e-07,0.0,1.0999980485931904,-2.992867404937313e-06
425880,0.11971757198609498,6.424138602493873e-07,0.0,1.0999980485931873,-2.9928676427194536e-06
425940,0.1197175739281572,6.407228749058476e-07,0.0,1.0999980485931844,-2.992867879889186e-06
426000,0.11971757586521703,6.390362428545545e-07,0.0,1.0999980485931815,-2.9928681164482898e-06
426060,0.11971757779728905,6.37353951437739e-07,0.0,1.0999980485931788,-2.992868352398541e-06
426120,0.1197175797243878,6.356759880130525e-07,0.0,1.0999980485931762,-2.992868587741714e-06
426180,0.11971758164652786,6.340023399533755e-07,0.0,1.0999980485931735,-2.9928688224795815e-06
426240,0.11971758356372374,6.323329946466233e-07,0.0,1.099998048593171,-2.9928690566139135e-06
426300,0.11971758547598994,6.306679394955542e-07,0.0,1.0999980485931689,-2.9928692901464786e-06
426360,0.11971758738334098,6.290071619175765e-07,0.0,1.0999980485931666,-2.992869523079043e-06
426420,0.11971758928579133,6.273506493445553e-07,0.0,1.0999980485931644,-2.99286975541337e-06
426480,0.11971759118335545,6.2569838922262e-07,0.0,1.0999980485931624,-2.9928699871512223e-06
426540,0.1197175930760478,6.240503690119717e-07,0.0,1.0999980485931606,-2.9928702182943604e-06
426600,0.11971759496388279,6.224065761866899e-07,0.0,1.0999980485931589,-2.992870448844542e-06
426660,0.11971759684687486,6.207669982345398e-07,0.0,1.099998048593157,-2.9928706788035237e-06
426720,0.1197175987250384,6.1913162265678e-07,0.0,1.0999980485931555,-2.99287090817306e-06
426780,0.11971760059838779,6.175004369679691e-07,0.0,1.0999980485931542,-2.9928711369549035e-06
426840,0.11971760246693743,6.15873428695773e-07,0.0,1.0999980485931529,-2.992871365150805e-06
426900,0.11971760433070164,6.142505853807725e-07,0.0,1.0999980485931518,-2.992871592762513e-06
426960,0.11971760618969479,6.126318945762699e-07,0.0,1.0999980485931509,-2.9928718197917756e-06
427020,0.11971760804393121,6.110173438480966e-07,0.0,1.09999804859315,-2.9928720462403373e-06
427080,0.11971760989342521,6.094069207744201e-07,0.0,1.099998048593149,-2.992872272109943e-06
427140,0.1197176117381911,6.078006129455515e-07,0.0,1.0999980485931484,-2.992872497402334e-06
427200,0.11971761357824315,6.061984079637519e-07,0.0,1.099998048593148,-2.992872722119251e-06
427260,0.11971761541359566,6.046002934430409e-07,0.0,1.0999980485931475,-2.9928729462624325e-06
427320,0.11971761724426289,6.030062570090024e-07,0.0,1.0999980485931473,-2.9928731698336157e-06
427380,0.11971761907025907,6.014162862985927e-07,0.0,1.0999980485931473,-2.9928733928345365e-06
427440,0.11971762089159847,5.998303689599475e-07,0.0,1.0999980485931473,-2.9928736152669287e-06
427500,0.1197176227082953,5.982484926521888e-07,0.0,1.0999980485931475,-2.9928738371325247e-06
427560,0.11971762451562012,5.966747500150769e-07,0.0,1.0999980485931435,-2.992874057855888e-06
427620,0.11971762631775498,5.951055220491609e-07,0.0,1.099998048593139,-2.9928742779458545e-06
427680,0.11971762811514754,5.935404213435277e-07,0.0,1.0999980485931349,-2.9928744974568933e-06
427740,0.11971762990781003,5.919794372672236e-07,0.0,1.0999980485931307,-2.992874716390496e-06
427800,0.1197176316957547,5.904225592116041e-07,0.0,1.0999980485931262,-2.9928749347481525e-06
427860,0.11971763347899374,5.8886977659018e-07,0.0,1.099998048593122,-2.992875152531348e-06
427920,0.11971763525753931,5.873210788384646e-07,0.0,1.0999980485931178,-2.992875369741565e-06
427980,0.1197176370314036,5.857764554138202e-07,0.0,1.0999980485931136,-2.9928755863802847e-06
428040,0.11971763880059873,5.84235895795305e-07,0.0,1.0999980485931093,-2.992875802448983e-06
428100,0.1197176405651368,5.826993894835198e-07,0.0,1.0999980485931051,-2.992876017949133e-06
428160,0.11971764232502988,5.811669260004548e-07,0.0,1.099998048593101,-2.9928762328822068e-06
428220,0.11971764408029002,5.79638494889336e-07,0.0,1.0999980485930967,-2.9928764472496714e-06
428280,0.11971764583092928,5.781140857144727e-07,0.0,1.0999980485930927,-2.9928766610529918e-06
428340,0.11971764757695966,5.765936880611034e-07,0.0,1.0999980485930885,-2.99287687429363e-06
428400,0.11971764931839314,5.750772915352431e-07,0.0,1.0999980485930845,-2.992877086973045e-06
428460,0.11971765105524168,5.735648857635298e-07,0.0,1.0999980485930803,-2.9928772990926935e-06
428520,0.11971765278751721,5.720564603930715e-07,0.0,1.0999980485930763,-2.9928775106540277e-06
428580,0.11971765451523168,5.705520050912925e-07,0.0,1.099998048593072,-2.992877721658499e-06
428640,0.11971765623839695,5.690515095457806e-07,0.0,1.099998048593068,-2.9928779321075543e-06
428700,0.11971765795702491,5.675549634641339e-07,0.0,1.099998048593064,-2.992878142002639e-06
428760,0.1197176596711274,5.660623565738067e-07,0.0,1.09999804859306,-2.992878351345195e-06
428820,0.11971766138071624,5.645736786219573e-07,0.0,1.099998048593056,-2.9928785601366615e-06
428880,0.11971766308580326,5.630889193752946e-07,0.0,1.099998048593052,-2.9928787683784753e-06
428940,0.11971766478640021,5.616080686199236e-07,0.0,1.099998048593048,-2.99287897607207e-06
429000,0.11971766648251887,5.601311161611943e-07,0.0,1.099998048593044,-2.992879183218877e-06
429060,0.11971766817417098,5.586580518235462e-07,0.0,1.09999804859304,-2.9928793898203246e-06
429120,0.11971766986136825,5.57188865450357e-07,0.0,1.099998048593036,-2.9928795958778386e-06
429180,0.11971767154412238,5.557235469037878e-07,0.0,1.0999980485930323,-2.992879801392843e-06
429240,0.11971767322244505,5.542620860646307e-07,0.0,1.0999980485930283,-2.9928800063667575e-06
429300,0.11971767489634791,5.528044728321554e-07,0.0,1.0999980485930245,-2.9928802108010003e-06
429360,0.11971767656584259,5.513506971239559e-07,0.0,1.0999980485930205,-2.9928804146969875e-06
429420,0.11971767823094072,5.499007488757972e-07,0.0,1.0999980485930168,-2.9928806180561316e-06
429480,0.11971767989165387,5.484546180414622e-07,0.0,1.0999980485930128,-2.9928808208798433e-06
429540,0.11971768154799364,5.470122945925982e-07,0.0,1.099998048593009,-2.99288102316953e-06
429600,0.11971768319997157,5.455737685185638e-07,0.0,1.0999980485930052,-2.992881224926598e-06
429660,0.11971768484759919,5.441390298262756e-07,0.0,1.0999980485930014,-2.9928814261524493e-06
429720,0.11971768649088801,5.427080685400552e-07,0.0,1.0999980485929977,-2.992881626848486e-06
429780,0.11971768812984955,5.412808747014755e-07,0.0,1.0999980485929939,-2.9928818270161046e-06
429840,0.11971768976449527,5.398574383692078e-07,0.0,1.09999804859299,-2.992882026656702e-06
429900,0.11971769139483664,5.384377496188684e-07,0.0,1.0999980485929863,-2.992882225771671e-06
429960,0.11971769302088507,5.370217985428653e-07,0.0,1.0999980485929826,-2.9928824243624034e-06
430020,0.119717694642652,5.356095752502451e-07,0.0,1.0999980485929788,-2.9928826224302877e-06
430080,0.11971769626014882,5.342010698665397e-07,0.0,1.099998048592975,-2.9928828199767097e-06
430140,0.11971769787338693,5.327962725336128e-07,0.0,1.0999980485929712,-2.9928830170030547e-06
430200,0.11971769948237768,5.313951734095073e-07,0.0,1.0999980485929677,-2.992883213510704e-06
430260,0.11971770108713241,5.29997762668291e-07,0.0,1.099998048592964,-2.992883409501037e-06
430320,0.11971770268766248,5.286040304999047e-07,0.0,1.0999980485929604,-2.9928836049754317e-06
430380,0.11971770428397917,5.272139671100075e-07,0.0,1.0999980485929566,-2.9928837999352632e-06
430440,0.11971770587609377,5.258275627198246e-07,0.0,1.099998048592953,-2.992883994381905e-06
430500,0.1197177074640176,5.244448075659938e-07,0.0,1.0999980485929493,-2.9928841883167272e-06
430560,0.11971770904776187,5.23065691900412e-07,0.0,1.0999980485929457,-2.9928843817410994e-06
430620,0.11971771062733785,5.216902059900819e-07,0.0,1.099998048592942,-2.992884574656388e-06
430680,0.11971771220275677,5.203183401169595e-07,0.0,1.0999980485929384,-2.992884767063958e-06
430740,0.11971771377402982,5.189500845777998e-07,0.0,1.0999980485929348,-2.9928849589651716e-06
430800,0.1197177153411682,5.175854296840041e-07,0.0,1.0999980485929313,-2.992885150361389e-06
430860,0.11971771690418309,5.16224365761467e-07,0.0,1.0999980485929275,-2.9928853412539695e-06
430920,0.11971771846308565,5.148668831504224e-07,0.0,1.099998048592924,-2.9928855316442692e-06
430980,0.11971772001788702,5.13512972205291e-07,0.0,1.0999980485929204,-2.992885721533643e-06
431040,0.11971772156859835,5.121626232945267e-07,0.0,1.0999980485929168,-2.9928859109234426e-06
431100,0.11971772311523073,5.108158268004634e-07,0.0,1.0999980485929133,-2.9928860998150196e-06
431160,0.11971772465779525,5.094725731191613e-07,0.0,1.0999980485929097,-2.992886288209722e-06
431220,0.11971772619630303,5.081328526602548e-07,0.0,1.0999980485929062,-2.9928864761088973e-06
431280,0.11971772773076511,5.06796655846798e-07,0.0,1.0999980485929026,-2.99288666351389e-06
431340,0.11971772926119255,5.054639731151121e-07,0.0,1.099998048592899,-2.9928868504260437e-06
431400,0.1197177307875964,5.041347949146321e-07,0.0,1.0999980485928957,-2.992887036846699e-06
431460,0.11971773230998767,5.028091117077534e-07,0.0,1.0999980485928922,-2.9928872227771957e-06
431520,0.11971773382837739,5.014869139696786e-07,0.0,1.0999980485928886,-2.992887408218872e-06
431580,0.11971773534277654,5.001681921882644e-07,0.0,1.099998048592885,-2.9928875931730628e-06
431640,0.11971773685319609,4.988529368638679e-07,0.0,1.0999980485928817,-2.9928877776411033e-06
431700,0.11971773835964704,4.975411385091939e-07,0.0,1.0999980485928782,-2.9928879616243256e-06
431760,0.11971773986214032,4.962327876491415e-07,0.0,1.0999980485928746,-2.99288814512406e-06
431820,0.1197177413606869,4.949278748206505e-07,0.0,1.0999980485928713,-2.9928883281416364e-06
431880,0.11971774285529768,4.936263905725486e-07,0.0,1.0999980485928678,-2.992888510678382e-06
431940,0.11971774434598359,4.923283254653978e-07,0.0,1.0999980485928642,-2.992888692735622e-06
432000,0.11971774583275553,4.910336700713412e-07,0.0,1.0999980485928609,-2.992888874314682e-06
432060,0.1197177473156244,4.897424149739503e-07,0.0,1.0999980485928573,-2.992889055416883e-06
432120,0.11971774879460106,4.884545507680709e-07,0.0,1.099998048592854,-2.992889236043547e-06
432180,0.11971775026969639,4.871700680596703e-07,0.0,1.0999980485928504,-2.992889416195993e-06
432240,0.11971775174092124,4.858889574656839e-07,0.0,1.099998048592847,-2.9928895958755392e-06
432300,0.11971775320828645,4.846112096138624e-07,0.0,1.0999980485928436,-2.9928897750835022e-06
432360,0.11971775467180286,4.833368151426178e-07,0.0,1.0999980485928402,-2.9928899538211972e-06
432420,0.11971775613148126,4.820657647008708e-07,0.0,1.0999980485928367,-2.992890132089937e-06
432480,0.1197177575873325,4.807980489478969e-07,0.0,1.0999980485928333,-2.9928903098910343e-06
432540,0.11971775903936734,4.795336585531741e-07,0.0,1.0999980485928298,-2.992890487225799e-06
432600,0.11971776048759658,4.782725841962284e-07,0.0,1.0999980485928265,-2.9928906640955417e-06
432660,0.11971776193203099,4.770148165664819e-07,0.0,1.099998048592823,-2.992890840501569e-06
432720,0.11971776337268134,4.7576034636309836e-07,0.0,1.0999980485928196,-2.9928910164451876e-06
432780,0.11971776480955836,4.745091642948307e-07,0.0,1.099998048592816,-2.9928911919277036e-06
432840,0.11971776624267283,4.7326126107986744e-07,0.0,1.0999980485928127,-2.99289136695042e-06
432900,0.11971776767203544,4.7201662744567947e-07,0.0,1.0999980485928091,-2.9928915415146397e-06
432960,0.11971776909765695,4.7077525412886693e-07,0.0,1.0999980485928058,-2.992891715621664e-06
433020,0.11971777051954806,4.6953713187500587e-07,0.0,1.0999980485928025,-2.9928918892727928e-06
433080,0.11971777193771947,4.683022514384949e-07,0.0,1.099998048592799,-2.9928920624693257e-06
433140,0.11971777335218187,4.670706035824021e-07,0.0,1.0999980485927956,-2.992892235212559e-06
433200,0.11971777476294594,4.658421790783117e-07,0.0,1.099998048592792,-2.992892407503791e-06
433260,0.11971777617002237,4.646169687061708e-07,0.0,1.0999980485927887,-2.992892579344315e-06
433320,0.11971777757342182,4.6339496325413617e-07,0.0,1.0999980485927852,-2.992892750735427e-06
433380,0.11971777897315494,4.62176153518421e-07,0.0,1.0999980485927818,-2.992892921678419e-06
433440,0.11971778036923239,4.6096053030314153e-07,0.0,1.0999980485927783,-2.9928930921745833e-06
433500,0.11971778176166481,4.59748084420164e-07,0.0,1.099998048592775,-2.9928932622252105e-06
433560,0.11971778315046283,4.585388066889512e-07,0.0,1.0999980485927714,-2.992893431831591e-06
433620,0.11971778453563706,4.573326879364094e-07,0.0,1.099998048592768,-2.992893600995013e-06
433680,0.11971778591719814,4.56129718996735e-07,0.0,1.0999980485927645,-2.9928937697167643e-06
433740,0.11971778729515666,4.5492989071126107e-07,0.0,1.099998048592761,-2.9928939379981323e-06
433800,0.11971778866952323,4.5373319392830456e-07,0.0,1.0999980485927576,-2.9928941058404027e-06
433860,0.11971779004030846,4.525396195030127e-07,0.0,1.099998048592754,-2.99289427324486e-06
433920,0.1197177914075229,4.513491582972099e-07,0.0,1.0999980485927505,-2.992894440212788e-06
433980,0.11971779277117715,4.501618011792443e-07,0.0,1.0999980485927472,-2.9928946067454706e-06
434040,0.1197177941312818,4.489775390238348e-07,0.0,1.0999980485927436,-2.9928947728441897e-06
434100,0.11971779548784738,4.4779636271191765e-07,0.0,1.09999804859274,-2.992894938510226e-06
434160,0.11971779684088447,4.4661826313049317e-07,0.0,1.0999980485927365,-2.9928951037448608e-06
434220,0.11971779819040364,4.454432311724725e-07,0.0,1.099998048592733,-2.9928952685493732e-06
434280,0.11971779953641541,4.4427125773652453e-07,0.0,1.0999980485927296,-2.9928954329250427e-06
434340,0.11971780087893033,4.431023337269224e-07,0.0,1.099998048592726,-2.992895596873147e-06
434400,0.11971780221795894,4.419364500533903e-07,0.0,1.0999980485927225,-2.992895760394963e-06
434460,0.11971780355351178,4.407735976309505e-07,0.0,1.099998048592719,-2.992895923491768e-06
434520,0.11971780488559935,4.396137673797697e-07,0.0,1.0999980485927152,-2.9928960861648383e-06
434580,0.1197178062142322,4.384569502250059e-07,0.0,1.0999980485927117,-2.992896248415448e-06
434640,0.11971780753942082,4.3730313709665533e-07,0.0,1.099998048592708,-2.992896410244873e-06
434700,0.11971780886117574,4.3615231892939906e-07,0.0,1.0999980485927046,-2.992896571654386e-06
434760,0.11971781017950744,4.350044866624496e-07,0.0,1.099998048592701,-2.992896732645261e-06
434820,0.11971781149442645,4.3385963123939796e-07,0.0,1.0999980485926972,-2.9928968932187702e-06
434880,0.11971781280594326,4.327177436080602e-07,0.0,1.0999980485926937,-2.9928970533761864e-06
434940,0.11971781411406834,4.315788147203242e-07,0.0,1.0999980485926901,-2.992897213118781e-06
435000,0.11971781541881221,4.3044283553199646e-07,0.0,1.0999980485926864,-2.992897372447824e-06
435060,0.11971781672018533,4.2930979700264865e-07,0.0,1.0999980485926826,-2.9928975313645878e-06
435120,0.1197178180181982,4.281796900954648e-07,0.0,1.099998048592679,-2.992897689870341e-06
435180,0.11971781931286127,4.270525057770875e-07,0.0,1.0999980485926752,-2.9928978479663533e-06
435240,0.11971782060418505,4.2592823501746503e-07,0.0,1.0999980485926715,-2.9928980056538942e-06
435300,0.11971782189218,4.2480686878969805e-07,0.0,1.0999980485926677,-2.992898162934232e-06
435360,0.11971782317685657,4.2368839806988616e-07,0.0,1.099998048592664,-2.992898319808636e-06
435420,0.11971782445822525,4.2257281383697495e-07,0.0,1.0999980485926601,-2.9928984762783725e-06
435480,0.11971782573629648,4.214601070726024e-07,0.0,1.0999980485926564,-2.99289863234471e-06
435540,0.11971782701108075,4.203502687609459e-07,0.0,1.0999980485926526,-2.992898788008916e-06
435600,0.1197178282825885,4.1924328988856886e-07,0.0,1.0999980485926488,-2.992898943272256e-06
435660,0.1197178295508302,4.181391614442675e-07,0.0,1.099998048592645,-2.992899098135998e-06
435720,0.11971783081581627,4.1703787441891767e-07,0.0,1.099998048592641,-2.9928992526014074e-06
435780,0.11971783207755722,4.1593941980532146e-07,0.0,1.0999980485926373,-2.9928994066697506e-06
435840,0.11971783333606345,4.1484378859805397e-07,0.0,1.0999980485926333,-2.9928995603422935e-06
435900,0.11971783459134544,4.137509717933102e-07,0.0,1.0999980485926293,-2.992899713620301e-06
435960,0.11971783584341364,4.126609603887516e-07,0.0,1.0999980485926253,-2.9928998665050395e-06
436020,0.11971783709227848,4.11573745383353e-07,0.0,1.0999980485926213,-2.9929000189977735e-06
436080,0.11971783833795042,4.104893177772492e-07,0.0,1.0999980485926173,-2.992900171099768e-06
436140,0.11971783958043992,4.0940766857158193e-07,0.0,1.0999980485926133,-2.9929003228122884e-06
436200,0.1197178408197574,4.0832878876834624e-07,0.0,1.0999980485926093,-2.9929004741365993e-06
436260,0.11971784205591333,4.072526693702376e-07,0.0,1.0999980485926053,-2.9929006250739653e-06
436320,0.11971784328891814,4.061793013804986e-07,0.0,1.099998048592601,-2.9929007756256513e-06
436380,0.11971784451878228,4.051086758027654e-07,0.0,1.099998048592597,-2.992900925792922e-06
436440,0.11971784574551621,4.040407836409148e-07,0.0,1.0999980485925929,-2.992901075577042e-06
436500,0.11971784696913036,4.029756158989109e-07,0.0,1.0999980485925887,-2.9929012249792755e-06
436560,0.1197178481896352,4.0191316358065185e-07,0.0,1.0999980485925844,-2.992901374000888e-06
436620,0.11971784940704115,4.008534176898165e-07,0.0,1.0999980485925802,-2.992901522643143e-06
436680,0.11971785062135869,3.997963692297112e-07,0.0,1.099998048592576,-2.9929016709073066e-06
436740,0.11971785183223185,3.98742310127864e-07,0.0,1.0999980485925718,-2.9929018187519258e-06
436800,0.11971785303514963,3.9769494493144015e-07,0.0,1.0999980485925689,-2.9929019656511193e-06
436860,0.11971785423486815,3.966503669507387e-07,0.0,1.0999980485925662,-2.992902112159438e-06
436920,0.11971785543139593,3.956085687754122e-07,0.0,1.0999980485925633,-2.9929022582779226e-06
436980,0.1197178566247415,3.945695430057234e-07,0.0,1.0999980485925607,-2.9929024040076106e-06
437040,0.11971785781491334,3.9353328225242985e-07,0.0,1.0999980485925578,-2.992902549349539e-06
437100,0.11971785900191995,3.9249977913666844e-07,0.0,1.0999980485925551,-2.992902694304743e-06
437160,0.11971786018576978,3.9146902628984045e-07,0.0,1.0999980485925525,-2.9929028388742563e-06
437220,0.1197178613664713,3.904410163534958e-07,0.0,1.0999980485925498,-2.9929029830591107e-06
437280,0.11971786254403297,3.894157419792179e-07,0.0,1.0999980485925471,-2.992903126860338e-06
437340,0.11971786371846321,3.883931958285087e-07,0.0,1.0999980485925442,-2.992903270278967e-06
437400,0.11971786488977045,3.8737337057267257e-07,0.0,1.0999980485925416,-2.992903413316026e-06
437460,0.1197178660579631,3.8635625889270174e-07,0.0,1.099998048592539,-2.992903555972542e-06
437520,0.11971786722304958,3.853418534791606e-07,0.0,1.0999980485925362,-2.992903698249541e-06
437580,0.11971786838503827,3.8433014703207037e-07,0.0,1.0999980485925336,-2.9929038401480454e-06
437640,0.11971786954393754,3.8332113226079387e-07,0.0,1.0999980485925311,-2.9929039816690795e-06
437700,0.11971787069975577,3.8231480188392026e-07,0.0,1.0999980485925285,-2.992904122813664e-06
437760,0.11971787185250134,3.813111486291495e-07,0.0,1.0999980485925258,-2.9929042635828197e-06
437820,0.11971787300218256,3.803101652331773e-07,0.0,1.0999980485925231,-2.9929044039775647e-06
437880,0.11971787414880779,3.7931184444157955e-07,0.0,1.0999980485925207,-2.9929045439989176e-06
437940,0.11971787529238535,3.783161790086972e-07,0.0,1.099998048592518,-2.992904683647894e-06
438000,0.11971787643292357,3.773231616975207e-07,0.0,1.0999980485925154,-2.99290482292551e-06
438060,0.11971787757043074,3.7633278527957495e-07,0.0,1.099998048592513,-2.9929049618327785e-06
438120,0.11971787870491518,3.7534504253480384e-07,0.0,1.0999980485925103,-2.9929051003707133e-06
438180,0.11971787983638517,3.7435992625145483e-07,0.0,1.0999980485925078,-2.9929052385403256e-06
438240,0.11971788096484896,3.733774292259638e-07,0.0,1.0999980485925052,-2.9929053763426263e-06
438300,0.11971788209031486,3.7239754426283963e-07,0.0,1.0999980485925027,-2.992905513778624e-06
438360,0.11971788321279112,3.714202641745489e-07,0.0,1.0999980485925003,-2.9929056508493277e-06
438420,0.11971788433228597,3.7044558178140065e-07,0.0,1.0999980485924978,-2.9929057875557443e-06
438480,0.11971788544880767,3.6947348991143084e-07,0.0,1.0999980485924952,-2.99290592389888e-06
438540,0.11971788656236443,3.685039814002873e-07,0.0,1.0999980485924927,-2.9929060598797392e-06
438600,0.1197178876729645,3.675370490911141e-07,0.0,1.0999980485924903,-2.9929061954993262e-06
438660,0.1197178887806161,3.665726858344366e-07,0.0,1.0999980485924878,-2.9929063307586443e-06
438720,0.11971788988532739,3.656108844880457e-07,0.0,1.0999980485924854,-2.9929064656586946e-06
438780,0.11971789098710661,3.6465163791688297e-07,0.0,1.099998048592483,-2.9929066002004783e-06
438840,0.11971789208596194,3.636949389929249e-07,0.0,1.0999980485924805,-2.992906734384995e-06
438900,0.11971789318190154,3.6274078059506796e-07,0.0,1.099998048592478,-2.992906868213244e-06
438960,0.11971789427493362,3.6178915560901284e-07,0.0,1.0999980485924756,-2.992907001686223e-06
439020,0.11971789536506632,3.6084005692714965e-07,0.0,1.0999980485924732,-2.9929071348049286e-06
439080,0.11971789645230779,3.598934774484421e-07,0.0,1.099998048592471,-2.9929072675703576e-06
439140,0.11971789753666619,3.589494100783126e-07,0.0,1.0999980485924685,-2.992907399983505e-06
439200,0.11971789861814967,3.5800784772852657e-07,0.0,1.099998048592466,-2.992907532045364e-06
439260,0.11971789969676636,3.570687833170773e-07,0.0,1.0999980485924639,-2.992907663756929e-06
439320,0.11971790077252438,3.5613220976807076e-07,0.0,1.0999980485924614,-2.9929077951191925e-06
439380,0.11971790184543185,3.551981200116099e-07,0.0,1.099998048592459,-2.9929079261331455e-06
439440,0.11971790291549689,3.5426650698367984e-07,0.0,1.0999980485924568,-2.992908056799779e-06
439500,0.1197179039827276,3.53337363626032e-07,0.0,1.0999980485924543,-2.9929081871200833e-06
439560,0.11971790504713209,3.524106828860692e-07,0.0,1.099998048592452,-2.9929083170950474e-06
439620,0.11971790610871844,3.5148645771673005e-07,0.0,1.0999980485924499,-2.9929084467256596e-06
439680,0.11971790716749474,3.5056468107637386e-07,0.0,1.0999980485924474,-2.9929085760129075e-06
439740,0.11971790822346906,3.496453459286651e-07,0.0,1.0999980485924452,-2.9929087049577783e-06
439800,0.11971790927664949,3.487284452424584e-07,0.0,1.099998048592443,-2.992908833561258e-06
439860,0.1197179103270441,3.478139719916827e-07,0.0,1.0999980485924408,-2.992908961824332e-06
439920,0.11971791137466094,3.469019191552265e-07,0.0,1.0999980485924383,-2.9929090897479847e-06
439980,0.11971791241950806,3.4599227971682217e-07,0.0,1.099998048592436,-2.9929092173332008e-06
440040,0.11971791346159352,3.4508504666493077e-07,0.0,1.0999980485924339,-2.9929093445809636e-06
440100,0.11971791450092538,3.4418021299262656e-07,0.0,1.0999980485924317,-2.9929094714922552e-06
440160,0.11971791553751164,3.43277771697482e-07,0.0,1.0999980485924294,-2.992909598068058e-06
440220,0.11971791657136037,3.4237771578145205e-07,0.0,1.0999980485924272,-2.9929097243093537e-06
440280,0.11971791760247957,3.414800382507593e-07,0.0,1.099998048592425,-2.992909850217123e-06
440340,0.11971791863087729,3.405847321157779e-07,0.0,1.0999980485924228,-2.992909975792346e-06
440400,0.11971791965656152,3.3969179039091934e-07,0.0,1.0999980485924206,-2.9929101010360026e-06
440460,0.11971792067954029,3.3880120609451604e-07,0.0,1.0999980485924186,-2.992910225949072e-06
440520,0.11971792169982162,3.379129722487065e-07,0.0,1.0999980485924163,-2.9929103505325324e-06
440580,0.1197179227174135,3.370270818793203e-07,0.0,1.0999980485924141,-2.9929104747873623e-06
440640,0.11971792373232391,3.3614352801576204e-07,0.0,1.099998048592412,-2.992910598714539e-06
440700,0.11971792474456089,3.3526230369089676e-07,0.0,1.09999804859241,-2.99291072231504e-06
440760,0.1197179257541324,3.3438340194093397e-07,0.0,1.0999980485924077,-2.992910845589841e-06
440820,0.11971792676104644,3.335068158053129e-07,0.0,1.0999980485924057,-2.992910968539919e-06
440880,0.11971792776531098,3.3263253832658666e-07,0.0,1.0999980485924035,-2.992911091166249e-06
440940,0.11971792876693402,3.317605625503075e-07,0.0,1.0999980485924012,-2.992911213469807e-06
441000,0.11971792976592352,3.308908815249107e-07,0.0,1.0999980485923992,-2.9929113354515676e-06
441060,0.11971793076228746,3.3002348830160015e-07,0.0,1.0999980485923972,-2.9929114571125047e-06
441120,0.1197179317560338,3.2915837593423224e-07,0.0,1.099998048592395,-2.992911578453593e-06
441180,0.11971793274717052,3.2829553747920106e-07,0.0,1.099998048592393,-2.992911699475806e-06
441240,0.11971793373570558,3.274349659953228e-07,0.0,1.0999980485923908,-2.9929118201801168e-06
441300,0.11971793472164693,3.265766545437206e-07,0.0,1.0999980485923888,-2.992911940567499e-06
441360,0.11971793570500254,3.2572059618770904e-07,0.0,1.0999980485923868,-2.9929120606389245e-06
441420,0.11971793668578036,3.24866783992679e-07,0.0,1.0999980485923848,-2.9929121803953665e-06
441480,0.11971793766398835,3.240152110259822e-07,0.0,1.0999980485923828,-2.992912299837797e-06
441540,0.11971793863963444,3.23165870356816e-07,0.0,1.0999980485923806,-2.9929124189671877e-06
441600,0.11971793961272659,3.2231875505610797e-07,0.0,1.0999980485923786,-2.99291253778451e-06
441660,0.11971794058327274,3.214738581964005e-07,0.0,1.0999980485923766,-2.9929126562907355e-06
441720,0.11971794155128083,3.206311728517359e-07,0.0,1.0999980485923746,-2.9929127744868353e-06
441780,0.11971794251675882,3.1979069209754035e-07,0.0,1.0999980485923726,-2.9929128923737803e-06
441840,0.11971794347971464,3.189524090105093e-07,0.0,1.0999980485923706,-2.9929130099525413e-06
441900,0.11971794444015622,3.1811631666849166e-07,0.0,1.0999980485923686,-2.9929131272240894e-06
441960,0.1197179453980915,3.172824081503748e-07,0.0,1.0999980485923666,-2.9929132441893944e-06
442020,0.1197179463535284,3.1645067653596896e-07,0.0,1.0999980485923646,-2.9929133608494266e-06
442080,0.11971794730647489,3.1562111490589203e-07,0.0,1.0999980485923628,-2.9929134772051567e-06
442140,0.11971794825693888,3.1479371634145434e-07,0.0,1.0999980485923608,-2.992913593257554e-06
442200,0.1197179492049283,3.1396847392454315e-07,0.0,1.0999980485923588,-2.9929137090075897e-06
442260,0.11971795015045107,3.131453807375075e-07,0.0,1.0999980485923568,-2.9929138244562326e-06
442320,0.11971795109351516,3.123244298630428e-07,0.0,1.0999980485923548,-2.9929139396044533e-06
442380,0.11971795203412845,3.115056143840753e-07,0.0,1.099998048592353,-2.9929140544532208e-06
442440,0.1197179529722989,3.106889273836473e-07,0.0,1.099998048592351,-2.9929141690035057e-06
442500,0.11971795390803443,3.098743619448013e-07,0.0,1.099998048592349,-2.9929142832562774e-06
442560,0.11971795484134297,3.090619111504649e-07,0.0,1.0999980485923473,-2.992914397212506e-06
442620,0.11971795577223243,3.082515680833355e-07,0.0,1.0999980485923453,-2.9929145108731606e-06
442680,0.11971795670071077,3.0744332582576485e-07,0.0,1.0999980485923435,-2.992914624239212e-06
442740,0.1197179576267859,3.06637177459644e-07,0.0,1.0999980485923415,-2.9929147373116295e-06
442800,0.11971795855046576,3.058331160662876e-07,0.0,1.0999980485923397,-2.9929148500913835e-06
442860,0.11971795947175826,3.0503113472631874e-07,0.0,1.0999980485923377,-2.9929149625794434e-06
442920,0.11971796039067134,3.0423122651955383e-07,0.0,1.099998048592336,-2.9929150747767805e-06
442980,0.11971796130721293,3.03433384524887e-07,0.0,1.099998048592334,-2.9929151866843637e-06
443040,0.11971796222139096,3.0263760182017485e-07,0.0,1.0999980485923322,-2.9929152983031645e-06
443100,0.11971796313321337,3.0184387148212117e-07,0.0,1.0999980485923304,-2.9929154096341533e-06
443160,0.11971796404268809,3.010521865861616e-07,0.0,1.0999980485923284,-2.9929155206783007e-06
443220,0.11971796494982305,3.002625402063483e-07,0.0,1.0999980485923266,-2.9929156314365775e-06
443280,0.11971796585462618,2.994749254152347e-07,0.0,1.0999980485923249,-2.9929157419099548e-06
443340,0.11971796675710543,2.9868933528376e-07,0.0,1.099998048592323,-2.9929158520994045e-06
443400,0.11971796765726873,2.97905762881134e-07,0.0,1.099998048592321,-2.992915962005898e-06
443460,0.11971796855512404,2.971242012747218e-07,0.0,1.0999980485923193,-2.992916071630407e-06
443520,0.11971796945067928,2.963446435299282e-07,0.0,1.0999980485923175,-2.9929161809739032e-06
443580,0.1197179703439424,2.9556708271008286e-07,0.0,1.0999980485923158,-2.99291629003736e-06
443640,0.11971797123492135,2.947915118763245e-07,0.0,1.099998048592314,-2.992916398821749e-06
443700,0.11971797212362408,2.9401792408748587e-07,0.0,1.0999980485923122,-2.992916507328044e-06
443760,0.11971797301005854,2.9324631239997835e-07,0.0,1.0999980485923104,-2.9929166155572185e-06
443820,0.11971797389423268,2.9247666986767654e-07,0.0,1.0999980485923087,-2.992916723510245e-06
443880,0.11971797477615446,2.917089895418031e-07,0.0,1.0999980485923069,-2.992916831188099e-06
443940,0.11971797565583185,2.9094326447081317e-07,0.0,1.099998048592305,-2.9929169385917537e-06
444000,0.1197179765332728,2.9017948770027947e-07,0.0,1.0999980485923033,-2.9929170457221846e-06
444060,0.11971797740848528,2.894176522727765e-07,0.0,1.0999980485923015,-2.992917152580367e-06
444120,0.11971797828147726,2.8865775122776545e-07,0.0,1.0999980485922998,-2.9929172591672765e-06
444180,0.11971797915225671,2.8789977760147906e-07,0.0,1.099998048592298,-2.9929173654838887e-06
444240,0.11971798002083159,2.8714372442680595e-07,0.0,1.0999980485922962,-2.9929174715311804e-06
444300,0.1197179808872099,2.863895847331754e-07,0.0,1.0999980485922944,-2.992917577310129e-06
444360,0.11971798175139964,2.8563735154644216e-07,0.0,1.0999980485922927,-2.992917682821712e-06
444420,0.11971798261340875,2.84887017888771e-07,0.0,1.099998048592291,-2.992917788066907e-06
444480,0.11971798347324525,2.8413857677852156e-07,0.0,1.0999980485922893,-2.992917893046693e-06
444540,0.11971798433091713,2.833920212301327e-07,0.0,1.0999980485922876,-2.9929179977620486e-06
444600,0.1197179851864324,2.826473442540074e-07,0.0,1.0999980485922858,-2.992918102213954e-06
444660,0.11971798603979904,2.819045388563976e-07,0.0,1.099998048592284,-2.9929182064033892e-06
444720,0.11971798689102507,2.811635980392884e-07,0.0,1.0999980485922825,-2.9929183103313346e-06
444780,0.1197179877401185,2.804245148002833e-07,0.0,1.0999980485922807,-2.9929184139987725e-06
444840,0.11971798858708736,2.796872821324884e-07,0.0,1.099998048592279,-2.9929185174066846e-06
444900,0.11971798943193966,2.789518930243974e-07,0.0,1.0999980485922773,-2.992918620556053e-06
444960,0.11971799027468343,2.78218340459776e-07,0.0,1.0999980485922756,-2.992918723447862e-06
445020,0.1197179911153267,2.7748661741754694e-07,0.0,1.0999980485922738,-2.9929188260830944e-06
445080,0.11971799195387751,2.767567168716743e-07,0.0,1.0999980485922722,-2.9929189284627364e-06
445140,0.11971799279034391,2.760286317910484e-07,0.0,1.0999980485922705,-2.9929190305877722e-06
445200,0.11971799362473394,2.7530235513937043e-07,0.0,1.099998048592269,-2.992919132459188e-06
445260,0.11971799445705565,2.7457787987503707e-07,0.0,1.0999980485922671,-2.9929192340779718e-06
445320,0.11971799528731712,2.738551989510253e-07,0.0,1.0999980485922654,-2.9929193354451096e-06
445380,0.11971799611552639,2.731343053147769e-07,0.0,1.0999980485922638,-2.992919436561591e-06
445440,0.11971799694169155,2.724151919080832e-07,0.0,1.099998048592262,-2.9929195374284045e-06
445500,0.11971799776582068,2.7169785166696996e-07,0.0,1.0999980485922605,-2.99291963804654e-06
445560,0.11971799858792186,2.709822775215816e-07,0.0,1.0999980485922587,-2.992919738416989e-06
445620,0.11971799940800318,2.7026846239606634e-07,0.0,1.0999980485922571,-2.992919838540742e-06
445680,0.11971800022607273,2.695563992084606e-07,0.0,1.0999980485922554,-2.992919938418792e-06
445740,0.11971800104213863,2.688460808705737e-07,0.0,1.0999980485922538,-2.9929200380521326e-06
445800,0.11971800185620898,2.6813750028787267e-07,0.0,1.0999980485922523,-2.992920137441757e-06
445860,0.11971800266829191,2.6743065035936684e-07,0.0,1.0999980485922505,-2.992920236588662e-06
445920,0.11971800347839553,2.6672552397749245e-07,0.0,1.099998048592249,-2.9929203354938417e-06
445980,0.1197180042837401,2.6602455879850194e-07,0.0,1.0999980485922474,-2.992920433815837e-06
446040,0.11971800507746318,2.6533377262749443e-07,0.0,1.0999980485922458,-2.9929205307116897e-06
446100,0.11971800586899554,2.646448954483956e-07,0.0,1.0999980485922443,-2.992920627339842e-06
446160,0.11971800665834309,2.639579220998165e-07,0.0,1.099998048592243,-2.9929207237010177e-06
446220,0.11971800744551174,2.632728474234566e-07,0.0,1.0999980485922414,-2.9929208197959395e-06
446280,0.11971800823050738,2.6258966626401184e-07,0.0,1.0999980485922398,-2.99292091562533e-06
446340,0.11971800901333589,2.619083734690824e-07,0.0,1.0999980485922385,-2.992921011189911e-06
446400,0.11971800979400318,2.612289638890809e-07,0.0,1.099998048592237,-2.992921106490404e-06
446460,0.11971801057251513,2.605514323771399e-07,0.0,1.0999980485922354,-2.9929212015275307e-06
446520,0.11971801134887762,2.5987577378901975e-07,0.0,1.099998048592234,-2.992921296302012e-06
446580,0.11971801212309653,2.592019829830171e-07,0.0,1.0999980485922325,-2.992921390814568e-06
446640,0.11971801289517775,2.585300548198719e-07,0.0,1.0999980485922312,-2.992921485065919e-06
446700,0.11971801366512713,2.578599841626761e-07,0.0,1.0999980485922296,-2.992921579056785e-06
446760,0.11971801443295056,2.5719176587678105e-07,0.0,1.0999980485922283,-2.9929216727878855e-06
446820,0.11971801519865391,2.565253948297054e-07,0.0,1.099998048592227,-2.9929217662599393e-06
446880,0.11971801596224303,2.558608658910433e-07,0.0,1.0999980485922254,-2.9929218594736654e-06
446940,0.11971801672372379,2.5519817393237173e-07,0.0,1.099998048592224,-2.992921952429783e-06
447000,0.11971801748310204,2.545373138271592e-07,0.0,1.0999980485922225,-2.9929220451290095e-06
447060,0.11971801824038365,2.5387828045067293e-07,0.0,1.0999980485922212,-2.9929221375720635e-06
447120,0.1197180189955745,2.53221068679887e-07,0.0,1.0999980485922198,-2.9929222297596626e-06
447180,0.11971801974868038,2.525656733933901e-07,0.0,1.0999980485922183,-2.9929223216925245e-06
447240,0.11971802049970719,2.519120894712938e-07,0.0,1.099998048592217,-2.992922413371367e-06
447300,0.11971802124866077,2.5126031179513995e-07,0.0,1.0999980485922156,-2.992922504796906e-06
447360,0.11971802199554696,2.5061033524780895e-07,0.0,1.099998048592214,-2.9929225959698596e-06
447420,0.1197180227403716,2.4996215471342724e-07,0.0,1.0999980485922127,-2.992922686890944e-06
447480,0.11971802348314055,2.4931576507727566e-07,0.0,1.0999980485922114,-2.992922777560876e-06
447540,0.11971802422385963,2.4867116122569695e-07,0.0,1.09999804859221,-2.9929228679803723e-06
447600,0.11971802496253471,2.480283380460039e-07,0.0,1.0999980485922085,-2.9929229581501487e-06
447660,0.11971802569917162,2.4738729042638687e-07,0.0,1.0999980485922072,-2.992923048070921e-06
447720,0.11971802643377617,2.4674801325582227e-07,0.0,1.0999980485922058,-2.9929231377434062e-06
447780,0.11971802716635423,2.4611050142397984e-07,0.0,1.0999980485922045,-2.9929232271683197e-06
447840,0.11971802789691162,2.4547474982113085e-07,0.0,1.0999980485922032,-2.9929233163463772e-06
447900,0.11971802862545418,2.44840753338056e-07,0.0,1.0999980485922018,-2.992923405278295e-06
447960,0.11971802935198773,2.4420850686595314e-07,0.0,1.0999980485922005,-2.992923493964788e-06
448020,0.11971803007651813,2.435780052963453e-07,0.0,1.099998048592199,-2.9929235824065724e-06
448080,0.11971803079905119,2.4294924352098863e-07,0.0,1.0999980485921976,-2.992923670604364e-06
448140,0.11971803151959276,2.4232221643178e-07,0.0,1.0999980485921963,-2.992923758558877e-06
448200,0.11971803223814866,2.4169691892066514e-07,0.0,1.099998048592195,-2.9929238462708287e-06
448260,0.1197180329547247,2.4107334587954645e-07,0.0,1.0999980485921936,-2.9929239337409337e-06
448320,0.11971803366932676,2.40451492200191e-07,0.0,1.0999980485921923,-2.992924020969908e-06
448380,0.11971803438196063,2.3983135277413817e-07,0.0,1.099998048592191,-2.992924107958466e-06
448440,0.11971803509263215,2.3921292249260773e-07,0.0,1.0999980485921896,-2.992924194707325e-06
448500,0.11971803580134717,2.385961962464076e-07,0.0,1.0999980485921883,-2.9929242812171992e-06
448560,0.1197180365081115,2.3798116892584202e-07,0.0,1.099998048592187,-2.992924367488805e-06
448620,0.11971803721293098,2.3736783542061895e-07,0.0,1.0999980485921856,-2.9929244535228585e-06
448680,0.11971803791581144,2.3675619061975842e-07,0.0,1.0999980485921843,-2.992924539320075e-06
448740,0.1197180386167587,2.3614622941150013e-07,0.0,1.099998048592183,-2.99292462488117e-06
448800,0.11971803931577862,2.3553794668321145e-07,0.0,1.0999980485921816,-2.992924710206861e-06
448860,0.11971804001287702,2.3493133732129535e-07,0.0,1.0999980485921803,-2.992924795297863e-06
448920,0.11971804070805972,2.343263962110981e-07,0.0,1.099998048592179,-2.992924880154893e-06
448980,0.11971804140133258,2.337231182368174e-07,0.0,1.0999980485921776,-2.992924964778667e-06
449040,0.11971804209270141,2.3312149828141007e-07,0.0,1.0999980485921765,-2.992925049169902e-06
449100,0.11971804278217207,2.3252153122650007e-07,0.0,1.0999980485921752,-2.9929251333293147e-06
449160,0.11971804346975039,2.3192321195228624e-07,0.0,1.0999980485921739,-2.992925217257622e-06
449220,0.11971804415544221,2.3132653533745038e-07,0.0,1.0999980485921725,-2.9929253009555417e-06
449280,0.11971804483925338,2.3073149625906495e-07,0.0,1.0999980485921712,-2.9929253844237904e-06
449340,0.11971804552118974,2.3013808959250108e-07,0.0,1.0999980485921699,-2.9929254676630865e-06
449400,0.11971804620125712,2.2954631021133638e-07,0.0,1.0999980485921685,-2.9929255506741475e-06
449460,0.11971804687946137,2.2895615298726285e-07,0.0,1.0999980485921672,-2.9929256334576916e-06
449520,0.11971804755580835,2.2836761278999485e-07,0.0,1.099998048592166,-2.992925716014437e-06
449580,0.11971804823030392,2.2778068448717683e-07,0.0,1.0999980485921648,-2.992925798345103e-06
449640,0.1197180489029539,2.2719536294429132e-07,0.0,1.0999980485921634,-2.9929258804504085e-06
449700,0.11971804957376418,2.2661164302456678e-07,0.0,1.099998048592162,-2.9929259623310727e-06
449760,0.11971805024274058,2.2602951958888554e-07,0.0,1.0999980485921608,-2.992926043987815e-06
449820,0.119718050909889,2.254489874956916e-07,0.0,1.0999980485921594,-2.9929261254213552e-06
449880,0.11971805157521527,2.2487004160089858e-07,0.0,1.0999980485921583,-2.9929262066324144e-06
449940,0.11971805223872527,2.242926767577976e-07,0.0,1.099998048592157,-2.992926287621713e-06
450000,0.11971805290042485,2.237168878169651e-07,0.0,1.0999980485921557,-2.992926368389971e-06
450060,0.1197180535603199,2.2314266962617087e-07,0.0,1.0999980485921543,-2.992926448937911e-06
450120,0.11971805421841629,2.2257001703028574e-07,0.0,1.099998048592153,-2.9929265292662544e-06
450180,0.11971805487471988,2.219989248711896e-07,0.0,1.099998048592152,-2.992926609375724e-06
450240,0.11971805552923658,2.2142938798767937e-07,0.0,1.0999980485921506,-2.9929266892670414e-06
450300,0.11971805618197223,2.2086140121537656e-07,0.0,1.0999980485921492,-2.9929267689409302e-06
450360,0.11971805683293274,2.2029495938663556e-07,0.0,1.099998048592148,-2.9929268483981137e-06
450420,0.11971805748212401,2.197300573304513e-07,0.0,1.0999980485921466,-2.9929269276393165e-06
450480,0.11971805812955191,2.19166689872367e-07,0.0,1.0999980485921454,-2.9929270066652627e-06
450540,0.11971805877522235,2.186048518343825e-07,0.0,1.0999980485921441,-2.9929270854766768e-06
450600,0.11971805941914122,2.1804453803486164e-07,0.0,1.0999980485921428,-2.992927164074285e-06
450660,0.11971806006131443,2.1748574328844054e-07,0.0,1.0999980485921415,-2.9929272424588124e-06
450720,0.11971806070174788,2.169284624059352e-07,0.0,1.0999980485921401,-2.9929273206309864e-06
450780,0.1197180613404475,2.163726901942496e-07,0.0,1.099998048592139,-2.9929273985915338e-06
450840,0.11971806197741919,2.158184214562835e-07,0.0,1.0999980485921377,-2.9929274763411814e-06
450900,0.11971806261266887,2.152656509908402e-07,0.0,1.0999980485921363,-2.992927553880658e-06
450960,0.11971806324620247,2.1471437359253473e-07,0.0,1.099998048592135,-2.9929276312106924e-06
451020,0.11971806387802593,2.1416458405170142e-07,0.0,1.0999980485921337,-2.9929277083320135e-06
451080,0.11971806450814516,2.1361627715430195e-07,0.0,1.0999980485921326,-2.9929277852453516e-06
451140,0.11971806513656612,2.1306944768183327e-07,0.0,1.0999980485921312,-2.992927861951437e-06
451200,0.11971806576329473,2.1252409041123536e-07,0.0,1.09999804859213,-2.9929279384510002e-06
451260,0.11971806638833696,2.1198020011479918e-07,0.0,1.0999980485921286,-2.9929280147447744e-06
451320,0.11971806701169875,2.114377715600746e-07,0.0,1.0999980485921272,-2.992928090833491e-06
451380,0.11971806763338606,2.108967995097782e-07,0.0,1.099998048592126,-2.992928166717883e-06
451440,0.11971806825340486,2.1035727872170125e-07,0.0,1.0999980485921248,-2.9929282423986848e-06
451500,0.11971806887176112,2.0981920394861745e-07,0.0,1.0999980485921235,-2.9929283178766307e-06
451560,0.11971806948846081,2.09282569938191e-07,0.0,1.0999980485921221,-2.992928393152456e-06
451620,0.11971807010350989,2.0874737143288437e-07,0.0,1.0999980485921208,-2.992928468226896e-06
451680,0.11971807071691438,2.082136031698662e-07,0.0,1.0999980485921195,-2.9929285431006877e-06
451740,0.11971807132868026,2.076812598809192e-07,0.0,1.0999980485921181,-2.9929286177745686e-06
451800,0.11971807193881351,2.0715033629234802e-07,0.0,1.0999980485921168,-2.9929286922492768e-06
451860,0.11971807254732014,2.0662082712488721e-07,0.0,1.0999980485921157,-2.992928766525551e-06
451920,0.11971807315420617,2.06092727093609e-07,0.0,1.0999980485921144,-2.9929288406041308e-06
451980,0.11971807375947761,2.0556603090783123e-07,0.0,1.099998048592113,-2.992928914485757e-06
452040,0.11971807436314048,2.0504073327102524e-07,0.0,1.0999980485921117,-2.9929289881711713e-06
452100,0.11971807496520082,2.0451682888072378e-07,0.0,1.0999980485921104,-2.9929290616611143e-06
452160,0.11971807556566463,2.0399431242842883e-07,0.0,1.099998048592109,-2.9929291349563305e-06
452220,0.11971807616453797,2.034731785995196e-07,0.0,1.0999980485921077,-2.992929208057563e-06
452280,0.11971807676182691,2.0295342207316022e-07,0.0,1.0999980485921064,-2.9929292809655567e-06
452340,0.11971807735753748,2.0243503752220788e-07,0.0,1.099998048592105,-2.9929293536810567e-06
452400,0.11971807795167573,2.0191801961312052e-07,0.0,1.0999980485921037,-2.9929294262048096e-06
452460,0.11971807854424775,2.014023630058648e-07,0.0,1.0999980485921024,-2.992929498537563e-06
452520,0.11971807913525961,2.008880623538239e-07,0.0,1.099998048592101,-2.9929295706800646e-06
452580,0.11971807972471739,2.003751123037056e-07,0.0,1.0999980485920997,-2.992929642633064e-06
452640,0.11971808031262718,1.9986350749544993e-07,0.0,1.0999980485920984,-2.9929297143973107e-06
452700,0.11971808089899508,1.993532425621372e-07,0.0,1.099998048592097,-2.9929297859735565e-06
452760,0.11971808148382719,1.988443121298959e-07,0.0,1.0999980485920957,-2.992929857362553e-06
452820,0.11971808206712962,1.9833671081781043e-07,0.0,1.0999980485920944,-2.992929928565053e-06
452880,0.1197180826489085,1.9783043323782922e-07,0.0,1.099998048592093,-2.992929999581811e-06
452940,0.11971808322916995,1.9732547399467238e-07,0.0,1.0999980485920917,-2.9929300704135814e-06
453000,0.11971808380792011,1.9682182768573976e-07,0.0,1.0999980485920904,-2.9929301410611203e-06
453060,0.11971808438516511,1.9631948890101877e-07,0.0,1.099998048592089,-2.9929302115251848e-06
453120,0.11971808496091113,1.9581845222299223e-07,0.0,1.0999980485920877,-2.9929302818065327e-06
453180,0.1197180855351643,1.9531871222654636e-07,0.0,1.0999980485920862,-2.992930351905923e-06
453240,0.1197180861079308,1.9482026347887852e-07,0.0,1.0999980485920848,-2.9929304218241168e-06
453300,0.11971808667921682,1.943231005394052e-07,0.0,1.0999980485920835,-2.9929304915618746e-06
453360,0.11971808724902853,1.9382721795966993e-07,0.0,1.0999980485920822,-2.9929305611199585e-06
453420,0.11971808781737213,1.9333261028325106e-07,0.0,1.0999980485920808,-2.9929306304991325e-06
453480,0.11971808838425382,1.9283927204566974e-07,0.0,1.0999980485920793,-2.9929306997001607e-06
453540,0.11971808894967981,1.9234719777429777e-07,0.0,1.099998048592078,-2.9929307687238087e-06
453600,0.11971808951365633,1.9185638198826545e-07,0.0,1.0999980485920766,-2.992930837570844e-06
453660,0.1197180900761896,1.9136681919836956e-07,0.0,1.0999980485920753,-2.992930906242034e-06
453720,0.11971809063728586,1.9087850390698112e-07,0.0,1.0999980485920737,-2.9929309747381482e-06
453780,0.11971809119695137,1.903914306079534e-07,0.0,1.0999980485920724,-2.9929310430599566e-06
453840,0.11971809175519238,1.8990559378652974e-07,0.0,1.099998048592071,-2.9929311112082313e-06
453900,0.11971809231201515,1.8942098791925144e-07,0.0,1.0999980485920695,-2.992931179183744e-06
453960,0.11971809286742596,1.8893760747386565e-07,0.0,1.0999980485920682,-2.9929312469872696e-06
454020,0.11971809342143111,1.884554469092332e-07,0.0,1.0999980485920666,-2.992931314619583e-06
454080,0.11971809397403688,1.8797450067523672e-07,0.0,1.0999980485920653,-2.9929313820814607e-06
454140,0.11971809452524958,1.8749476321268813e-07,0.0,1.0999980485920637,-2.9929314493736802e-06
454200,0.11971809507507554,1.8701622895323695e-07,0.0,1.0999980485920624,-2.9929315164970205e-06
454260,0.11971809562352106,1.8653889231927783e-07,0.0,1.0999980485920609,-2.992931583452262e-06
454320,0.11971809617059251,1.8606274772385863e-07,0.0,1.0999980485920595,-2.992931650240186e-06
454380,0.11971809671629621,1.8558778957058832e-07,0.0,1.099998048592058,-2.9929317168615757e-06
454440,0.11971809726063853,1.8511401225354477e-07,0.0,1.0999980485920566,-2.992931783317215e-06
454500,0.11971809780362584,1.8464141015718266e-07,0.0,1.099998048592055,-2.9929318496078897e-06
454560,0.1197180983452645,1.8416997765624143e-07,0.0,1.0999980485920535,-2.992931915734387e-06
454620,0.11971809888556094,1.836997091156531e-07,0.0,1.0999980485920522,-2.992931981697494e-06
454680,0.11971809942452151,1.8323059889045011e-07,0.0,1.0999980485920506,-2.992932047498001e-06
454740,0.11971809996215266,1.8276264132567342e-07,0.0,1.099998048592049,-2.992932113136699e-06
454800,0.1197181004984608,1.822958307562801e-07,0.0,1.0999980485920478,-2.9929321786143807e-06
454860,0.11971810103345235,1.8183016150705143e-07,0.0,1.0999980485920462,-2.9929322439318395e-06
454920,0.11971810156713376,1.8136562789250073e-07,0.0,1.0999980485920446,-2.9929323090898706e-06
454980,0.1197181020995115,1.8090222421678125e-07,0.0,1.099998048592043,-2.9929323740892706e-06
455040,0.11971810263059204,1.8043994477359392e-07,0.0,1.0999980485920415,-2.9929324389308383e-06
455100,0.11971810316038185,1.7997878384609555e-07,0.0,1.09999804859204,-2.9929325036153724e-06
455160,0.11971810368888741,1.7951873570680638e-07,0.0,1.0999980485920384,-2.9929325681436747e-06
455220,0.11971810421611524,1.7905979461751813e-07,0.0,1.0999980485920369,-2.9929326325165478e-06
455280,0.11971810474207185,1.7860195482920194e-07,0.0,1.0999980485920353,-2.992932696734795e-06
455340,0.11971810526676377,1.7814521058191611e-07,0.0,1.0999980485920338,-2.9929327607992226e-06
455400,0.11971810579019752,1.7768955610471408e-07,0.0,1.0999980485920322,-2.9929328247106376e-06
455460,0.11971810631237967,1.772349856155523e-07,0.0,1.0999980485920307,-2.9929328884698484e-06
455520,0.1197181068333168,1.7678149332119814e-07,0.0,1.099998048592029,-2.992932952077665e-06
455580,0.11971810735301544,1.7632907341713764e-07,0.0,1.0999980485920275,-2.9929330155349002e-06
455640,0.11971810787148221,1.7587772008748368e-07,0.0,1.099998048592026,-2.9929330788423663e-06
455700,0.11971810838872371,1.7542742750488348e-07,0.0,1.0999980485920242,-2.992933142000879e-06
455760,0.11971810890474655,1.7497818983042688e-07,0.0,1.0999980485920227,-2.9929332050112543e-06
455820,0.11971810941955734,1.745300012135539e-07,0.0,1.099998048592021,-2.992933267874311e-06
455880,0.11971810993316274,1.740828557919629e-07,0.0,1.0999980485920193,-2.9929333305908683e-06
455940,0.11971811044556942,1.7363674769151822e-07,0.0,1.0999980485920178,-2.9929333931617482e-06
456000,0.119718110956784,1.7319167102615823e-07,0.0,1.0999980485920162,-2.9929334555877736e-06
456060,0.11971811146681319,1.7274761989780315e-07,0.0,1.0999980485920144,-2.992933517869769e-06
456120,0.11971811197566368,1.7230458839626294e-07,0.0,1.099998048592013,-2.992933580008562e-06
456180,0.11971811248334216,1.7186257059914527e-07,0.0,1.0999980485920111,-2.9929336420049793e-06
456240,0.11971811298985537,1.7142156057176326e-07,0.0,1.0999980485920096,-2.9929337038598517e-06
456300,0.11971811349521003,1.7098155236704344e-07,0.0,1.0999980485920078,-2.9929337655740102e-06
456360,0.1197181139994129,1.7054254002543364e-07,0.0,1.099998048592006,-2.9929338271482894e-06
456420,0.11971811450247072,1.7010451757481093e-07,0.0,1.0999980485920045,-2.992933888583523e-06
456480,0.11971811500439028,1.696674790303894e-07,0.0,1.0999980485920027,-2.9929339498805483e-06
456540,0.11971811550517837,1.6923141839462807e-07,0.0,1.099998048592001,-2.9929340110402044e-06
456600,0.11971811600484179,1.6879632965713883e-07,0.0,1.0999980485919991,-2.9929340720633315e-06
456660,0.11971811650338736,1.6836220679459432e-07,0.0,1.0999980485919973,-2.9929341329507715e-06
456720,0.11971811700082191,1.6792904377063576e-07,0.0,1.0999980485919956,-2.992934193703369e-06
456780,0.11971811749715229,1.6749683453578086e-07,0.0,1.099998048591994,-2.9929342543219692e-06
456840,0.11971811799238535,1.6706557302733172e-07,0.0,1.0999980485919922,-2.9929343148074205e-06
456900,0.11971811848652797,1.6663525316928276e-07,0.0,1.0999980485919902,-2.992934375160572e-06
456960,0.11971811897958705,1.6620586887222847e-07,0.0,1.0999980485919885,-2.9929344353822755e-06
457020,0.11971811947156949,1.6577741403327146e-07,0.0,1.0999980485919867,-2.992934495473384e-06
457080,0.11971811996248222,1.6534988253593022e-07,0.0,1.099998048591985,-2.9929345554347526e-06
457140,0.11971812045233216,1.6492326825004708e-07,0.0,1.0999980485919831,-2.992934615267239e-06
457200,0.11971812094112626,1.6449756503169603e-07,0.0,1.0999980485919814,-2.9929346749717013e-06
457260,0.11971812142887149,1.6407276672309073e-07,0.0,1.0999980485919794,-2.992934734549001e-06
457320,0.11971812191557485,1.6364886715249222e-07,0.0,1.0999980485919776,-2.9929347940000012e-06
457380,0.11971812240124333,1.6322586013411698e-07,0.0,1.0999980485919756,-2.9929348533255667e-06
457440,0.11971812288588392,1.6280373946804464e-07,0.0,1.0999980485919738,-2.9929349125265637e-06
457500,0.11971812336950367,1.6238249894012606e-07,0.0,1.0999980485919718,-2.9929349716038617e-06
457560,0.11971812385210963,1.6196213232189106e-07,0.0,1.09999804859197,-2.992935030558331e-06
457620,0.11971812433370885,1.6154263337045634e-07,0.0,1.099998048591968,-2.992935089390845e-06
457680,0.11971812481430841,1.611239958284335e-07,0.0,1.0999980485919663,-2.9929351481022777e-06
457740,0.1197181252939154,1.6070621342383667e-07,0.0,1.0999980485919643,-2.9929352066935067e-06
457800,0.11971812577253693,1.6028927986999063e-07,0.0,1.0999980485919623,-2.9929352651654104e-06
457860,0.11971812625018013,1.5987318886543861e-07,0.0,1.0999980485919603,-2.99293532351887e-06
457920,0.11971812672685216,1.5945793409385014e-07,0.0,1.0999980485919583,-2.9929353817547687e-06
457980,0.11971812720256014,1.5904350922392896e-07,0.0,1.0999980485919563,-2.992935439873991e-06
458040,0.11971812767731127,1.5862990790932096e-07,0.0,1.0999980485919543,-2.9929354978774246e-06
458100,0.11971812815111274,1.5821712378852202e-07,0.0,1.0999980485919523,-2.992935555765959e-06
458160,0.11971812862397176,1.5780515048478583e-07,0.0,1.0999980485919503,-2.9929356135404846e-06
458220,0.11971812909589555,1.5739398160603193e-07,0.0,1.0999980485919483,-2.9929356712018963e-06
458280,0.11971812956689136,1.5698361074475341e-07,0.0,1.0999980485919463,-2.9929357287510893e-06
458340,0.11971813003696645,1.5657403147792504e-07,0.0,1.099998048591944,-2.9929357861889614e-06
458400,0.1197181305061281,1.5616523736691086e-07,0.0,1.099998048591942,-2.9929358435164126e-06
458460,0.1197181309743836,1.5575722195737232e-07,0.0,1.09999804859194,-2.992935900734345e-06
458520,0.11971813144174027,1.5534997877917602e-07,0.0,1.0999980485919378,-2.9929359578436635e-06
458580,0.11971813190820543,1.5494350134630167e-07,0.0,1.0999980485919358,-2.9929360148452747e-06
458640,0.11971813237378645,1.545377831567499e-07,0.0,1.0999980485919336,-2.9929360717400873e-06
458700,0.11971813283849068,1.541328176924502e-07,0.0,1.0999980485919316,-2.9929361285290127e-06
458760,0.11971813330232552,1.5372859841916885e-07,0.0,1.0999980485919294,-2.9929361852129636e-06
458820,0.11971813376529834,1.5332511878641674e-07,0.0,1.0999980485919272,-2.9929362417928565e-06
458880,0.1197181342274166,1.5292237222735722e-07,0.0,1.099998048591925,-2.992936298269609e-06
458940,0.11971813468868771,1.5252035215871407e-07,0.0,1.0999980485919227,-2.992936354644141e-06
459000,0.11971813514911915,1.5211905198067935e-07,0.0,1.0999980485919205,-2.9929364109173756e-06
459060,0.11971813560871838,1.517184650768213e-07,0.0,1.0999980485919183,-2.992936467090237e-06
459120,0.1197181360674929,1.513185848139922e-07,0.0,1.099998048591916,-2.992936523163653e-06
459180,0.11971813650906446,1.5093413053476484e-07,0.0,1.0999980485919147,-2.9929365770852274e-06
459240,0.11971813694477489,1.5055490937768074e-07,0.0,1.0999980485919136,-2.9929366302762093e-06
459300,0.11971813737927908,1.5017673804612696e-07,0.0,1.0999980485919127,-2.9929366833198997e-06
459360,0.11971813781258077,1.497996132968738e-07,0.0,1.0999980485919116,-2.992936736216754e-06
459420,0.11971813824468366,1.4942353188742323e-07,0.0,1.0999980485919105,-2.992936788967226e-06
459480,0.1197181386755915,1.4904849057595726e-07,0.0,1.0999980485919094,-2.99293684157177e-06
459540,0.11971813910530799,1.4867448612128642e-07,0.0,1.0999980485919085,-2.992936894030841e-06
459600,0.11971813953383685,1.4830151528279816e-07,0.0,1.0999980485919074,-2.9929369463448916e-06
459660,0.1197181399611818,1.4792957482040527e-07,0.0,1.0999980485919063,-2.992936998514377e-06
459720,0.11971814038734657,1.4755866149449439e-07,0.0,1.0999980485919054,-2.992937050539751e-06
459780,0.11971814081233488,1.4718877206587436e-07,0.0,1.0999980485919043,-2.992937102421468e-06
459840,0.11971814123615042,1.4681990329572467e-07,0.0,1.0999980485919034,-2.9929371541599804e-06
459900,0.11971814165879695,1.4645205194554385e-07,0.0,1.0999980485919025,-2.992937205755743e-06
459960,0.11971814208027814,1.4608521477709808e-07,0.0,1.0999980485919014,-2.9929372572092096e-06
460020,0.11971814250059776,1.457193885523694e-07,0.0,1.0999980485919005,-2.9929373085208338e-06
460080,0.11971814291975948,1.453545700335042e-07,0.0,1.0999980485918994,-2.992937359691069e-06
460140,0.11971814333776704,1.449907559827618e-07,0.0,1.0999980485918985,-2.9929374107203695e-06
460200,0.11971814375462415,1.4462794316246266e-07,0.0,1.0999980485918976,-2.9929374616091886e-06
460260,0.11971814417033454,1.4426612833493704e-07,0.0,1.0999980485918968,-2.9929375123579806e-06
460320,0.11971814458490192,1.4390530826247322e-07,0.0,1.0999980485918959,-2.992937562967198e-06
460380,0.11971814499833,1.4354547970726605e-07,0.0,1.099998048591895,-2.9929376134372957e-06
460440,0.1197181454106225,1.4318663943136533e-07,0.0,1.0999980485918939,-2.9929376637687266e-06
460500,0.11971814582178315,1.4282878419662438e-07,0.0,1.099998048591893,-2.992937713961945e-06
460560,0.11971814623181565,1.4247191076464822e-07,0.0,1.099998048591892,-2.9929377640174044e-06
460620,0.11971814664072374,1.421160158967422e-07,0.0,1.0999980485918914,-2.992937813935559e-06
460680,0.11971814704851112,1.4176109635386043e-07,0.0,1.0999980485918905,-2.992937863716862e-06
460740,0.11971814745518151,1.414071488965541e-07,0.0,1.0999980485918897,-2.992937913361768e-06
460800,0.11971814786073864,1.4105417028491993e-07,0.0,1.0999980485918888,-2.9929379628707313e-06
460860,0.11971814826518624,1.4070215727854874e-07,0.0,1.0999980485918879,-2.9929380122442047e-06
460920,0.11971814866852801,1.4035110663647374e-07,0.0,1.0999980485918872,-2.9929380614826433e-06
460980,0.11971814907076768,1.4000101511711897e-07,0.0,1.0999980485918863,-2.992938110586501e-06
461040,0.11971814947190898,1.3965187947824782e-07,0.0,1.0999980485918854,-2.9929381595562324e-06
461100,0.11971814987195563,1.3930369647691136e-07,0.0,1.0999980485918848,-2.9929382083922917e-06
461160,0.11971815027091134,1.389564628693969e-07,0.0,1.0999980485918839,-2.9929382570951336e-06
461220,0.11971815066877986,1.3861017541117626e-07,0.0,1.0999980485918832,-2.9929383056652128e-06
461280,0.11971815106556491,1.3826483085685426e-07,0.0,1.0999980485918823,-2.9929383541029837e-06
461340,0.11971815146127021,1.3792042596011734e-07,0.0,1.0999980485918817,-2.9929384024089013e-06
461400,0.11971815185589949,1.3757695747368167e-07,0.0,1.099998048591881,-2.992938450583421e-06
461460,0.11971815224945649,1.3723442214924182e-07,0.0,1.09999804859188,-2.9929384986269978e-06
461520,0.11971815264194492,1.3689281673741902e-07,0.0,1.0999980485918794,-2.992938546540087e-06
461580,0.11971815303336855,1.3655213798770983e-07,0.0,1.0999980485918788,-2.9929385943231437e-06
461640,0.11971815342373109,1.3621238264843436e-07,0.0,1.099998048591878,-2.992938641976624e-06
461700,0.11971815381303626,1.3587354746668467e-07,0.0,1.0999980485918774,-2.9929386895009834e-06
461760,0.11971815420128783,1.355356291882735e-07,0.0,1.0999980485918768,-2.9929387368966785e-06
461820,0.11971815458848951,1.351986245576823e-07,0.0,1.099998048591876,-2.9929387841641646e-06
461880,0.11971815497464508,1.3486253031801002e-07,0.0,1.0999980485918754,-2.992938831303899e-06
461940,0.11971815535975824,1.3452734321092129e-07,0.0,1.0999980485918748,-2.9929388783163375e-06
462000,0.11971815574383277,1.34193059976595e-07,0.0,1.0999980485918743,-2.9929389252019376e-06
462060,0.11971815612687238,1.3385967735367268e-07,0.0,1.0999980485918737,-2.9929389719611556e-06
462120,0.11971815650888085,1.335271920792069e-07,0.0,1.099998048591873,-2.992939018594449e-06
462180,0.11971815688986191,1.3319560088860977e-07,0.0,1.0999980485918726,-2.9929390651022753e-06
462240,0.11971815726981931,1.3286490051560132e-07,0.0,1.099998048591872,-2.9929391114850922e-06
462300,0.11971815764875683,1.3253508769215794e-07,0.0,1.0999980485918714,-2.9929391577433576e-06
462360,0.11971815802667819,1.3220615914846082e-07,0.0,1.0999980485918708,-2.9929392038775297e-06
462420,0.11971815840358718,1.318781116128444e-07,0.0,1.0999980485918703,-2.992939249888067e-06
462480,0.11971815877948754,1.315509418117448e-07,0.0,1.09999804859187,-2.9929392957754283e-06
462540,0.11971815915438304,1.312246464696482e-07,0.0,1.0999980485918692,-2.992939341540072e-06
462600,0.11971815952827744,1.308992223090393e-07,0.0,1.0999980485918688,-2.992939387182458e-06
462660,0.11971815990117451,1.3057466605034983e-07,0.0,1.0999980485918683,-2.9929394327030455e-06
462720,0.11971816027307802,1.3025097441190683e-07,0.0,1.099998048591868,-2.992939478102295e-06
462780,0.11971816064399175,1.299281441098812e-07,0.0,1.0999980485918674,-2.9929395233806656e-06
462840,0.11971816101391947,1.2960617185823614e-07,0.0,1.099998048591867,-2.9929395685386182e-06
462900,0.11971816138286495,1.2928505436867545e-07,0.0,1.0999980485918666,-2.9929396135766136e-06
462960,0.11971816175083198,1.2896478835059214e-07,0.0,1.0999980485918661,-2.9929396584951135e-06
463020,0.11971816211782435,1.286453705110167e-07,0.0,1.099998048591866,-2.9929397032945785e-06
463080,0.11971816248384583,1.2832679755456559e-07,0.0,1.0999980485918655,-2.9929397479754703e-06
463140,0.1197181628489002,1.2800906618338983e-07,0.0,1.099998048591865,-2.9929397925382514e-06
463200,0.11971816321299128,1.276921730971231e-07,0.0,1.0999980485918648,-2.9929398369833843e-06
463260,0.11971816357612286,1.2737611499283048e-07,0.0,1.0999980485918643,-2.992939881311332e-06
463320,0.11971816393829872,1.2706088856495675e-07,0.0,1.0999980485918641,-2.992939925522557e-06
463380,0.11971816429952267,1.267464905052748e-07,0.0,1.099998048591864,-2.9929399696175237e-06
463440,0.11971816465979852,1.2643291750283414e-07,0.0,1.0999980485918637,-2.9929400135966953e-06
463500,0.11971816501913007,1.261201662439092e-07,0.0,1.0999980485918632,-2.992940057460536e-06
463560,0.11971816537752114,1.2580823341194794e-07,0.0,1.099998048591863,-2.9929401012095118e-06
463620,0.11971816573497553,1.254971156875202e-07,0.0,1.0999980485918628,-2.9929401448440867e-06
463680,0.11971816609149707,1.25186809748266e-07,0.0,1.0999980485918626,-2.9929401883647263e-06
463740,0.11971816644708957,1.2487731226884427e-07,0.0,1.0999980485918623,-2.992940231771897e-06
463800,0.11971816680175687,1.2456861992088096e-07,0.0,1.0999980485918623,-2.992940275066065e-06
463860,0.11971816715550279,1.242607293729177e-07,0.0,1.0999980485918621,-2.992940318247697e-06
463920,0.11971816750833117,1.2395363729036015e-07,0.0,1.099998048591862,-2.9929403613172604e-06
463980,0.11971816786024582,1.2364734033542638e-07,0.0,1.099998048591862,-2.992940404275223e-06
464040,0.11971816821125061,1.233418351670954e-07,0.0,1.0999980485918617,-2.9929404471220524e-06
464100,0.11971816856134937,1.2303711844105558e-07,0.0,1.0999980485918617,-2.992940489858218e-06
464160,0.11971816891054594,1.22733186809653e-07,0.0,1.0999980485918615,-2.9929405324841884e-06
464220,0.11971816925884418,1.224300369218399e-07,0.0,1.0999980485918615,-2.9929405750004333e-06
464280,0.11971816960624795,1.2212766542312318e-07,0.0,1.0999980485918615,-2.992940617407423e-06
464340,0.1197181699527611,1.2182606895551288e-07,0.0,1.0999980485918615,-2.992940659705627e-06
464400,0.1197181702983875,1.2152524415747037e-07,0.0,1.0999980485918615,-2.992940701895518e-06
464460,0.11971817064313102,1.2122518766385706e-07,0.0,1.0999980485918615,-2.992940743977566e-06
464520,0.11971817098699551,1.2092589610588267e-07,0.0,1.0999980485918615,-2.992940785952244e-06
464580,0.11971817132998487,1.2062736611105366e-07,0.0,1.0999980485918615,-2.992940827820024e-06
464640,0.11971817167210298,1.2032959430312178e-07,0.0,1.0999980485918617,-2.99294086958138e-06
464700,0.11971817201335372,1.2003257730203244e-07,0.0,1.0999980485918617,-2.9929409112367843e-06
464760,0.11971817235374098,1.19736311723873e-07,0.0,1.099998048591862,-2.9929409527867116e-06
464820,0.11971817269326863,1.1944079418082148e-07,0.0,1.099998048591862,-2.9929409942316373e-06
464880,0.11971817303194061,1.1914602128109476e-07,0.0,1.0999980485918621,-2.9929410355720357e-06
464940,0.11971817336976082,1.1885198962889715e-07,0.0,1.0999980485918623,-2.9929410768083834e-06
465000,0.11971817370673313,1.1855869582436868e-07,0.0,1.0999980485918623,-2.9929411179411562e-06
465060,0.11971817404286147,1.182661364635337e-07,0.0,1.0999980485918626,-2.9929411589708312e-06
465120,0.11971817437814979,1.1797430813824922e-07,0.0,1.0999980485918628,-2.9929411998978865e-06
465180,0.11971817471260197,1.1768320743615331e-07,0.0,1.099998048591863,-2.9929412407227997e-06
465240,0.11971817504622195,1.1739283094061363e-07,0.0,1.0999980485918635,-2.9929412814460496e-06
465300,0.11971817537901368,1.1710317523067575e-07,0.0,1.0999980485918637,-2.9929413220681158e-06
465360,0.11971817571098108,1.1681423688101171e-07,0.0,1.099998048591864,-2.992941362589478e-06
465420,0.1197181760421281,1.1652601246186831e-07,0.0,1.0999980485918643,-2.992941403010617e-06
465480,0.11971817637245868,1.1623849853901567e-07,0.0,1.0999980485918646,-2.992941443332014e-06
465540,0.11971817670197678,1.1595169167369555e-07,0.0,1.099998048591865,-2.9929414835541505e-06
465600,0.11971817703068637,1.156655884225699e-07,0.0,1.0999980485918655,-2.9929415236775096e-06
465660,0.11971817735859139,1.1538018533766916e-07,0.0,1.099998048591866,-2.9929415637025743e-06
465720,0.11971817768569583,1.1509547896634082e-07,0.0,1.0999980485918663,-2.992941603629828e-06
465780,0.11971817801200366,1.1481146585119778e-07,0.0,1.0999980485918668,-2.9929416434597557e-06
465840,0.11971817833751884,1.1452814253006676e-07,0.0,1.0999980485918672,-2.9929416831928417e-06
465900,0.11971817866224539,1.1424550553593681e-07,0.0,1.0999980485918677,-2.9929417228295728e-06
465960,0.11971817898618729,1.1396355139690766e-07,0.0,1.0999980485918683,-2.9929417623704353e-06
466020,0.11971817930934853,1.1368227663613824e-07,0.0,1.0999980485918688,-2.9929418018159156e-06
466080,0.11971817963173312,1.1340167777179503e-07,0.0,1.0999980485918694,-2.9929418411665028e-06
466140,0.11971817995334508,1.131217513170005e-07,0.0,1.09999804859187,-2.9929418804226843e-06
466200,0.11971818027418839,1.1284249377978163e-07,0.0,1.0999980485918706,-2.9929419195849502e-06
466260,0.11971818059426712,1.1256390166301823e-07,0.0,1.0999980485918712,-2.99294195865379e-06
466320,0.11971818091358526,1.1228597146439144e-07,0.0,1.099998048591872,-2.9929419976296953e-06
466380,0.11971818123214685,1.1200869967633215e-07,0.0,1.0999980485918726,-2.992942036513157e-06
466440,0.11971818154995593,1.1173208278596938e-07,0.0,1.0999980485918732,-2.992942075304667e-06
466500,0.11971818186701658,1.1145611727507882e-07,0.0,1.0999980485918741,-2.9929421140047195e-06
466560,0.1197181821833328,1.1118079962003116e-07,0.0,1.0999980485918748,-2.992942152613807e-06
466620,0.11971818249890868,1.1090612629174056e-07,0.0,1.0999980485918757,-2.9929421911324243e-06
466680,0.11971818281374828,1.106320937556131e-07,0.0,1.0999980485918763,-2.9929422295610674e-06
466740,0.11971818312785568,1.103586984714952e-07,0.0,1.0999980485918772,-2.9929422679002316e-06
466800,0.11971818344123493,1.1008593689362201e-07,0.0,1.099998048591878,-2.9929423061504137e-06
466860,0.11971818375389014,1.0981380547056591e-07,0.0,1.099998048591879,-2.992942344312112e-06
466920,0.11971818406582539,1.0954230064518491e-07,0.0,1.0999980485918799,-2.9929423823858247e-06
466980,0.11971818437704479,1.0927141885457104e-07,0.0,1.099998048591881,-2.9929424203720506e-06
467040,0.11971818468755244,1.0900115652999891e-07,0.0,1.0999980485918819,-2.9929424582712905e-06
467100,0.11971818499735243,1.0873151009687397e-07,0.0,1.0999980485918828,-2.992942496084045e-06
467160,0.11971818530644891,1.0846247597468108e-07,0.0,1.0999980485918839,-2.9929425338108157e-06
467220,0.11971818561484598,1.0819405057693286e-07,0.0,1.099998048591885,-2.992942571452105e-06
467280,0.11971818592254779,1.0792623031111816e-07,0.0,1.099998048591886,-2.9929426090084166e-06
467340,0.11971818622955849,1.0765901157865052e-07,0.0,1.0999980485918872,-2.992942646480255e-06
467400,0.11971818653588219,1.073923907748165e-07,0.0,1.0999980485918883,-2.992942683868125e-06
467460,0.11971818684152306,1.0712636428872423e-07,0.0,1.0999980485918894,-2.9929427211725326e-06
467520,0.11971818714648529,1.0686092850325178e-07,0.0,1.0999980485918905,-2.9929427583939847e-06
467580,0.11971818745077299,1.0659607979499559e-07,0.0,1.0999980485918919,-2.992942795532989e-06
467640,0.11971818775439039,1.0633181453421893e-07,0.0,1.099998048591893,-2.992942832590054e-06
467700,0.11971818805734165,1.0606812908480028e-07,0.0,1.0999980485918943,-2.99294286956569e-06
467760,0.11971818835963095,1.0580501980418184e-07,0.0,1.0999980485918956,-2.992942906460406e-06
467820,0.11971818866126252,1.0554248304331792e-07,0.0,1.099998048591897,-2.9929429432747146e-06
467880,0.11971818896224054,1.0528051514662334e-07,0.0,1.0999980485918983,-2.9929429800091274e-06
467940,0.11971818926256922,1.0501911245192191e-07,0.0,1.0999980485918996,-2.992943016664158e-06
468000,0.11971818956225279,1.0475827129039484e-07,0.0,1.099998048591901,-2.9929430532403206e-06
468060,0.1197181898612955,1.044979879865292e-07,0.0,1.0999980485919025,-2.9929430897381296e-06
468120,0.11971819015970155,1.042382588580663e-07,0.0,1.099998048591904,-2.9929431261581014e-06
468180,0.11971819045747518,1.0397908021595017e-07,0.0,1.0999980485919054,-2.992943162500753e-06
468240,0.1197181907546207,1.0372044836427598e-07,0.0,1.099998048591907,-2.992943198766602e-06
468300,0.11971819105114231,1.0346235960023843e-07,0.0,1.0999980485919085,-2.9929432349561677e-06
468360,0.11971819134704431,1.0320481021408027e-07,0.0,1.0999980485919103,-2.9929432710699697e-06
468420,0.11971819164233097,1.0294779648904063e-07,0.0,1.0999980485919119,-2.9929433071085285e-06
468480,0.11971819193700657,1.0269131470130353e-07,0.0,1.0999980485919134,-2.9929433430723666e-06
468540,0.11971819223107541,1.0243536111994629e-07,0.0,1.0999980485919152,-2.992943378962007e-06
468600,0.11971819252454179,1.0217993200688792e-07,0.0,1.099998048591917,-2.992943414777972e-06
468660,0.11971819281741002,1.0192502361683763e-07,0.0,1.0999980485919187,-2.9929434505207885e-06
468720,0.1197181931096844,1.016706321972432e-07,0.0,1.0999980485919205,-2.9929434861909807e-06
468780,0.11971819340136929,1.0141675398823942e-07,0.0,1.0999980485919223,-2.9929435217890764e-06
468840,0.119718193692469,1.0116338522259655e-07,0.0,1.099998048591924,-2.9929435573156033e-06
468900,0.11971819398298787,1.0091052212566873e-07,0.0,1.099998048591926,-2.99294359277109e-06
468960,0.11971819427293029,1.0065816091534242e-07,0.0,1.0999980485919278,-2.9929436281560667e-06
469020,0.11971819456230058,1.0040629780198482e-07,0.0,1.0999980485919298,-2.992943663471065e-06
469080,0.11971819485110313,1.0015492898839232e-07,0.0,1.0999980485919318,-2.992943698716616e-06
469140,0.11971819513934231,9.990405066973893e-08,0.0,1.0999980485919338,-2.9929437338932537e-06
469200,0.11971819542702253,9.965365903352468e-08,0.0,1.0999980485919358,-2.992943769001512e-06
469260,0.11971819571414816,9.940375025952412e-08,0.0,1.099998048591938,-2.9929438040419263e-06
469320,0.1197181960007236,9.915432051973466e-08,0.0,1.09999804859194,-2.992943839015033e-06
469380,0.1197181962867533,9.890536597832508e-08,0.0,1.0999980485919423,-2.99294387392137e-06
469440,0.11971819657224166,9.865688279158394e-08,0.0,1.0999980485919445,-2.992943908761475e-06
469500,0.11971819685719311,9.840886710786796e-08,0.0,1.0999980485919467,-2.992943943535889e-06
469560,0.11971819714161211,9.816131506755057e-08,0.0,1.099998048591949,-2.992943978245152e-06
469620,0.11971819742550309,9.791422280297021e-08,0.0,1.0999980485919514,-2.992944012889806e-06
469680,0.11971819770887054,9.766758643837882e-08,0.0,1.0999980485919536,-2.9929440474703946e-06
469740,0.1197181979917189,9.742140208989034e-08,0.0,1.099998048591956,-2.992944081987462e-06
469800,0.11971819827405267,9.717566586542898e-08,0.0,1.0999980485919585,-2.9929441164415533e-06
469860,0.11971819855587633,9.693037386467782e-08,0.0,1.099998048591961,-2.9929441508332153e-06
469920,0.1197181988371944,9.668552217902713e-08,0.0,1.0999980485919634,-2.9929441851629957e-06
469980,0.11971819911801135,9.644110689152287e-08,0.0,1.0999980485919658,-2.992944219431443e-06
470040,0.11971819939833173,9.619712407681507e-08,0.0,1.0999980485919685,-2.992944253639108e-06
470100,0.11971819967816005,9.595356980110629e-08,0.0,1.099998048591971,-2.9929442877865417e-06
470160,0.11971819995750087,9.571044012210003e-08,0.0,1.0999980485919736,-2.9929443218742963e-06
470220,0.11971820023635872,9.546773108894924e-08,0.0,1.0999980485919763,-2.9929443559029255e-06
470280,0.11971820051473817,9.522543874220461e-08,0.0,1.0999980485919791,-2.9929443898729845e-06
470340,0.11971820079264377,9.498355911376313e-08,0.0,1.0999980485919818,-2.9929444237850294e-06
470400,0.11971820107008012,9.474208822681647e-08,0.0,1.0999980485919847,-2.992944457639617e-06
470460,0.1197182013470518,9.450102209579942e-08,0.0,1.0999980485919874,-2.9929444914373065e-06
470520,0.1197182016235634,9.42603567263383e-08,0.0,1.0999980485919902,-2.992944525178657e-06
470580,0.11971820189961956,9.402008811519941e-08,0.0,1.0999980485919931,-2.9929445588642297e-06
470640,0.11971820217522486,9.37802122502375e-08,0.0,1.0999980485919962,-2.9929445924945873e-06
470700,0.11971820245038395,9.35407251103441e-08,0.0,1.0999980485919991,-2.9929446260702928e-06
470760,0.11971820272510146,9.330162266539609e-08,0.0,1.0999980485920022,-2.992944659591911e-06
470820,0.11971820299938206,9.3062900876204e-08,0.0,1.0999980485920053,-2.9929446930600085e-06
470880,0.11971820327323039,9.282455569446055e-08,0.0,1.0999980485920084,-2.992944726475152e-06
470940,0.11971820354665114,9.258658306268898e-08,0.0,1.0999980485920116,-2.9929447598379104e-06
471000,0.11971820381964897,9.234897891419156e-08,0.0,1.0999980485920147,-2.9929447931488533e-06
471060,0.1197182040922286,9.2111739172998e-08,0.0,1.099998048592018,-2.9929448264085527e-06
471120,0.1197182043643947,9.187485975381389e-08,0.0,1.0999980485920213,-2.99294485961758e-06
471180,0.11971820463615203,9.163833656196908e-08,0.0,1.0999980485920244,-2.9929448927765102e-06
471240,0.11971820490750529,9.140216549336619e-08,0.0,1.099998048592028,-2.9929449258859177e-06
471300,0.11971820517845921,9.116634243442899e-08,0.0,1.0999980485920313,-2.992944958946379e-06
471360,0.11971820544901855,9.093086326205085e-08,0.0,1.0999980485920349,-2.992944991958472e-06
471420,0.11971820571918808,9.069572384354315e-08,0.0,1.0999980485920382,-2.9929450249227764e-06
471480,0.11971820598897254,9.046092003658376e-08,0.0,1.0999980485920418,-2.9929450578398717e-06
471540,0.11971820625837673,9.022644768916542e-08,0.0,1.0999980485920453,-2.992945090710341e-06
471600,0.11971820652740545,8.999230263954419e-08,0.0,1.099998048592049,-2.9929451235347663e-06
471660,0.11971820679606349,8.975848071618793e-08,0.0,1.0999980485920526,-2.992945156313733e-06
471720,0.11971820706435567,8.952497773772463e-08,0.0,1.0999980485920564,-2.992945189047827e-06
471780,0.11971820733228683,8.929178951289092e-08,0.0,1.0999980485920602,-2.9929452217376355e-06
471840,0.11971820759986178,8.905891184048051e-08,0.0,1.099998048592064,-2.9929452543837472e-06
471900,0.1197182078670854,8.882634050929254e-08,0.0,1.099998048592068,-2.9929452869867526e-06
471960,0.11971820813396253,8.859407129808013e-08,0.0,1.0999980485920717,-2.992945319547243e-06
472020,0.11971820840049806,8.836209997549868e-08,0.0,1.0999980485920757,-2.9929453520658114e-06
472080,0.11971820866669686,8.813042230005444e-08,0.0,1.0999980485920797,-2.9929453845430524e-06
472140,0.11971820893256384,8.78990340200528e-08,0.0,1.0999980485920837,-2.992945416979562e-06
472200,0.1197182091981039,8.766793087354685e-08,0.0,1.099998048592088,-2.992945449375937e-06
472260,0.11971820946332196,8.743710858828573e-08,0.0,1.099998048592092,-2.9929454817327766e-06
472320,0.11971820972275972,8.72112996446394e-08,0.0,1.0999980485920955,-2.9929455133888385e-06
472380,0.11971820997047804,8.699565342284698e-08,0.0,1.0999980485920968,-2.992945543624631e-06
472440,0.11971821021756983,8.678055207909284e-08,0.0,1.0999980485920984,-2.992945573784003e-06
472500,0.11971821046403702,8.656599394071321e-08,0.0,1.0999980485921,-2.9929456038671908e-06
472560,0.11971821070988153,8.635197733818029e-08,0.0,1.0999980485921015,-2.99294563387443e-06
472620,0.11971821095510528,8.613850060508189e-08,0.0,1.099998048592103,-2.9929456638059543e-06
472680,0.11971821119971017,8.592556207810078e-08,0.0,1.0999980485921046,-2.9929456936619984e-06
472740,0.11971821144369811,8.571316009699429e-08,0.0,1.0999980485921061,-2.9929457234427963e-06
472800,0.11971821168707103,8.550129300457374e-08,0.0,1.0999980485921077,-2.992945753148581e-06
472860,0.11971821192983079,8.528995914668385e-08,0.0,1.0999980485921093,-2.992945782779586e-06
472920,0.11971821217197932,8.507915687218227e-08,0.0,1.0999980485921106,-2.9929458123360433e-06
472980,0.11971821241351852,8.486888453291911e-08,0.0,1.0999980485921121,-2.9929458418181855e-06
473040,0.11971821265445023,8.465914048371637e-08,0.0,1.0999980485921137,-2.992945871226244e-06
473100,0.11971821289477641,8.444992308234733e-08,0.0,1.0999980485921153,-2.9929459005604506e-06
473160,0.1197182131344989,8.424123068951619e-08,0.0,1.0999980485921166,-2.9929459298210356e-06
473220,0.11971821337361958,8.403306166883744e-08,0.0,1.0999980485921181,-2.99294595900823e-06
473280,0.11971821361214036,8.382541438681537e-08,0.0,1.0999980485921197,-2.992945988122264e-06
473340,0.11971821385006308,8.361828721282352e-08,0.0,1.0999980485921212,-2.992946017163367e-06
473400,0.11971821408738964,8.34116785190842e-08,0.0,1.0999980485921226,-2.9929460461317684e-06
473460,0.11971821432412189,8.320558668064793e-08,0.0,1.0999980485921241,-2.9929460750276973e-06
473520,0.1197182145602617,8.300001007537292e-08,0.0,1.0999980485921255,-2.9929461038513823e-06
473580,0.11971821479581093,8.27949470839046e-08,0.0,1.099998048592127,-2.9929461326030513e-06
473640,0.11971821503077146,8.2590396089655e-08,0.0,1.0999980485921286,-2.9929461612829325e-06
473700,0.11971821526514512,8.238635547878233e-08,0.0,1.09999804859213,-2.9929461898912535e-06
473760,0.11971821549893377,8.218282364017038e-08,0.0,1.0999980485921315,-2.9929462184282407e-06
473820,0.11971821573213927,8.197979896540803e-08,0.0,1.0999980485921328,-2.9929462468941212e-06
473880,0.11971821596476345,8.177727984876871e-08,0.0,1.0999980485921341,-2.992946275289121e-06
473940,0.11971821619680817,8.157526468718993e-08,0.0,1.0999980485921357,-2.9929463036134667e-06
474000,0.11971821642827526,8.137375188025267e-08,0.0,1.099998048592137,-2.992946331867383e-06
474060,0.11971821665916657,8.117273983016094e-08,0.0,1.0999980485921383,-2.992946360051096e-06
474120,0.11971821688948392,8.097222694172116e-08,0.0,1.09999804859214,-2.9929463881648304e-06
474180,0.11971821711922916,8.077221162232178e-08,0.0,1.0999980485921412,-2.99294641620881e-06
474240,0.1197182173484041,8.057269228191261e-08,0.0,1.0999980485921426,-2.99294644418326e-06
474300,0.11971821757701057,8.037366733298436e-08,0.0,1.099998048592144,-2.9929464720884038e-06
474360,0.1197182178050504,8.017513519054819e-08,0.0,1.0999980485921454,-2.992946499924464e-06
474420,0.11971821803252541,7.9977094272115e-08,0.0,1.0999980485921468,-2.992946527691665e-06
474480,0.11971821825943743,7.977954299767512e-08,0.0,1.0999980485921481,-2.992946555390229e-06
474540,0.11971821848578826,7.958247978967764e-08,0.0,1.0999980485921494,-2.9929465830203786e-06
474600,0.1197182187115797,7.938590307300994e-08,0.0,1.0999980485921508,-2.992946610582336e-06
474660,0.11971821893681359,7.918981127497716e-08,0.0,1.0999980485921521,-2.992946638076323e-06
474720,0.11971821916149171,7.899420282528167e-08,0.0,1.0999980485921534,-2.9929466655025607e-06
474780,0.11971821938561587,7.879907615600261e-08,0.0,1.0999980485921546,-2.9929466928612704e-06
474840,0.11971821960918788,7.860442970157522e-08,0.0,1.0999980485921559,-2.992946720152673e-06
474900,0.11971821983220955,7.841026189877049e-08,0.0,1.0999980485921572,-2.992946747376989e-06
474960,0.11971822005468265,7.821657118667452e-08,0.0,1.0999980485921586,-2.992946774534438e-06
475020,0.11971822027660899,7.802335600666802e-08,0.0,1.0999980485921597,-2.992946801625241e-06
475080,0.11971822049799034,7.783061480240582e-08,0.0,1.099998048592161,-2.9929468286496173e-06
475140,0.11971822071882852,7.763834601979633e-08,0.0,1.099998048592162,-2.992946855607785e-06
475200,0.1197182209391253,7.744654810698098e-08,0.0,1.0999980485921634,-2.9929468824999644e-06
475260,0.11971822115888248,7.72552195143138e-08,0.0,1.0999980485921645,-2.9929469093263736e-06
475320,0.11971822137810181,7.706435869434074e-08,0.0,1.0999980485921659,-2.9929469360872306e-06
475380,0.11971822159678508,7.687396410177929e-08,0.0,1.099998048592167,-2.992946962782754e-06
475440,0.11971822181493408,7.668403419349789e-08,0.0,1.099998048592168,-2.992946989413161e-06
475500,0.11971822203255057,7.64945674284954e-08,0.0,1.0999980485921692,-2.9929470159786696e-06
475560,0.11971822224963634,7.63055622678806e-08,0.0,1.0999980485921705,-2.992947042479497e-06
475620,0.11971822246619312,7.611701717485169e-08,0.0,1.0999980485921717,-2.9929470689158593e-06
475680,0.11971822268222272,7.592893061467572e-08,0.0,1.0999980485921728,-2.992947095287974e-06
475740,0.11971822289772689,7.574130105466803e-08,0.0,1.0999980485921739,-2.9929471215960566e-06
475800,0.11971822311270738,7.55541269641719e-08,0.0,1.0999980485921748,-2.992947147840324e-06
475860,0.11971822332716596,7.536740681453779e-08,0.0,1.0999980485921759,-2.9929471740209916e-06
475920,0.1197182235411044,7.518113907910302e-08,0.0,1.099998048592177,-2.9929472001382746e-06
475980,0.11971822375452443,7.499532223317112e-08,0.0,1.099998048592178,-2.9929472261923885e-06
476040,0.1197182239674278,7.480995475399133e-08,0.0,1.099998048592179,-2.9929472521835487e-06
476100,0.1197182241798163,7.462503512073816e-08,0.0,1.09999804859218,-2.9929472781119692e-06
476160,0.11971822439169165,7.444056181449076e-08,0.0,1.099998048592181,-2.9929473039778647e-06
476220,0.1197182246030556,7.425653331821241e-08,0.0,1.099998048592182,-2.9929473297814495e-06
476280,0.1197182248139099,7.407294811673011e-08,0.0,1.099998048592183,-2.992947355522938e-06
476340,0.11971822502425629,7.388980469671393e-08,0.0,1.0999980485921839,-2.9929473812025425e-06
476400,0.1197182252340965,7.370710154665649e-08,0.0,1.0999980485921848,-2.992947406820478e-06
476460,0.11971822544343229,7.352483715685252e-08,0.0,1.0999980485921856,-2.992947432376957e-06
476520,0.11971822565226539,7.334301001937832e-08,0.0,1.0999980485921865,-2.9929474578721922e-06
476580,0.11971822586059752,7.316161862807114e-08,0.0,1.0999980485921874,-2.992947483306397e-06
476640,0.11971822606843044,7.29806614785088e-08,0.0,1.0999980485921883,-2.992947508679783e-06
476700,0.11971822627576585,7.280013706798904e-08,0.0,1.0999980485921892,-2.9929475339925635e-06
476760,0.1197182264826055,7.26200438955091e-08,0.0,1.09999804859219,-2.9929475592449497e-06
476820,0.1197182266889511,7.244038046174509e-08,0.0,1.0999980485921907,-2.9929475844371537e-06
476880,0.1197182268948044,7.226114526903158e-08,0.0,1.0999980485921916,-2.9929476095693874e-06
476940,0.1197182271001671,7.208233682134099e-08,0.0,1.0999980485921923,-2.992947634641861e-06
477000,0.11971822730504093,7.190395362426312e-08,0.0,1.099998048592193,-2.9929476596547873e-06
477060,0.11971822750942761,7.172599418498458e-08,0.0,1.0999980485921939,-2.9929476846083763e-06
477120,0.11971822771332886,7.154845701226831e-08,0.0,1.0999980485921945,-2.9929477095028385e-06
477180,0.1197182279167464,7.137134061643305e-08,0.0,1.0999980485921952,-2.992947734338385e-06
477240,0.11971822811968194,7.119464350933278e-08,0.0,1.0999980485921959,-2.9929477591152256e-06
477300,0.11971822832213719,7.101836420433625e-08,0.0,1.0999980485921965,-2.9929477838335706e-06
477360,0.11971822852411386,7.08425012163064e-08,0.0,1.099998048592197,-2.99294780849363e-06
477420,0.11971822872561366,7.06670530615799e-08,0.0,1.0999980485921976,-2.992947833095613e-06
477480,0.1197182289266383,7.049201825794658e-08,0.0,1.099998048592198,-2.9929478576397297e-06
477540,0.1197182291271895,7.03173953246289e-08,0.0,1.0999980485921987,-2.9929478821261893e-06
477600,0.11971822932726894,7.014318278226148e-08,0.0,1.0999980485921992,-2.9929479065552006e-06
477660,0.11971822952687834,6.996937915287054e-08,0.0,1.0999980485921999,-2.9929479309269727e-06
477720,0.1197182297260194,6.979598295985337e-08,0.0,1.0999980485922003,-2.9929479552417146e-06
477780,0.11971822992469382,6.962299272795781e-08,0.0,1.0999980485922007,-2.992947979499634e-06
477840,0.1197182301229033,6.945040698326175e-08,0.0,1.0999980485922012,-2.9929480037009404e-06
477900,0.11971823032064952,6.927822425315262e-08,0.0,1.0999980485922014,-2.9929480278458416e-06
477960,0.11971823051793419,6.910644306630675e-08,0.0,1.0999980485922018,-2.992948051934545e-06
478020,0.11971823071475901,6.893506195266903e-08,0.0,1.0999980485922023,-2.9929480759672597e-06
478080,0.11971823091112567,6.876407944343227e-08,0.0,1.0999980485922025,-2.992948099944192e-06
478140,0.11971823110703586,6.859349407101666e-08,0.0,1.0999980485922027,-2.9929481238655507e-06
478200,0.11971823130249126,6.842330436904931e-08,0.0,1.0999980485922032,-2.992948147731543e-06
478260,0.11971823149749357,6.825350887234373e-08,0.0,1.0999980485922034,-2.9929481715423752e-06
478320,0.11971823169204449,6.808410611687925e-08,0.0,1.0999980485922036,-2.992948195298255e-06
478380,0.11971823188614568,6.791509463978051e-08,0.0,1.0999980485922038,-2.9929482189993896e-06
478440,0.11971823207979883,6.774647297929699e-08,0.0,1.0999980485922038,-2.992948242645985e-06
478500,0.11971823227300564,6.757823967478245e-08,0.0,1.099998048592204,-2.9929482662382485e-06
478560,0.1197182324657678,6.741039326667438e-08,0.0,1.099998048592204,-2.9929482897763865e-06
478620,0.11971823265808695,6.724293229647353e-08,0.0,1.0999980485922043,-2.992948313260605e-06
478680,0.11971823284996481,6.707585530672334e-08,0.0,1.0999980485922043,-2.9929483366911105e-06
478740,0.11971823304140305,6.690916084098945e-08,0.0,1.0999980485922043,-2.992948360068109e-06
478800,0.11971823323240335,6.674284744383918e-08,0.0,1.0999980485922043,-2.9929483833918066e-06
478860,0.11971823342296738,6.657691366082096e-08,0.0,1.0999980485922043,-2.9929484066624088e-06
478920,0.11971823361309682,6.641135803844387e-08,0.0,1.0999980485922043,-2.992948429880121e-06
478980,0.11971823380279334,6.624617912415707e-08,0.0,1.099998048592204,-2.99294845304515e-06
479040,0.11971823399205861,6.608137546632927e-08,0.0,1.099998048592204,-2.9929484761577e-06
479100,0.11971823418089432,6.591694561422828e-08,0.0,1.0999980485922038,-2.9929484992179768e-06
479160,0.11971823436930214,6.575288811800038e-08,0.0,1.0999980485922036,-2.9929485222261855e-06
479220,0.11971823455728373,6.558920152864992e-08,0.0,1.0999980485922034,-2.9929485451825314e-06
479280,0.11971823474484077,6.542588439801866e-08,0.0,1.0999980485922032,-2.992948568087219e-06
479340,0.1197182349319749,6.526293527876537e-08,0.0,1.099998048592203,-2.992948590940454e-06
479400,0.11971823511868784,6.510035272434523e-08,0.0,1.0999980485922025,-2.9929486137424407e-06
479460,0.11971823530498124,6.493813528898933e-08,0.0,1.099998048592202,-2.992948636493384e-06
479520,0.11971823549085675,6.477628152768415e-08,0.0,1.0999980485922018,-2.9929486591934883e-06
479580,0.11971823567631604,6.461478999615102e-08,0.0,1.0999980485922014,-2.992948681842958e-06
479640,0.11971823586136078,6.445365925082566e-08,0.0,1.099998048592201,-2.9929487044419977e-06
479700,0.11971823604599265,6.429288784883756e-08,0.0,1.0999980485922005,-2.992948726990812e-06
479760,0.11971823623021328,6.413247434798952e-08,0.0,1.0999980485921999,-2.9929487494896044e-06
479820,0.11971823641402438,6.39724173067371e-08,0.0,1.0999980485921994,-2.9929487719385796e-06
479880,0.11971823659742756,6.381271528416813e-08,0.0,1.0999980485921987,-2.9929487943379415e-06
479940,0.11971823678042452,6.365336683998216e-08,0.0,1.099998048592198,-2.9929488166878943e-06
480000,0.11971823696301691,6.349437053446995e-08,0.0,1.0999980485921974,-2.9929488389886417e-06
480060,0.1197182371452064,6.33357249284929e-08,0.0,1.0999980485921967,-2.992948861240388e-06
480120,0.11971823732699462,6.317742858346262e-08,0.0,1.0999980485921959,-2.992948883443336e-06
480180,0.11971823750838327,6.30194800613203e-08,0.0,1.0999980485921952,-2.9929489055976906e-06
480240,0.11971823768937398,6.286187792451629e-08,0.0,1.0999980485921943,-2.9929489277036547e-06
480300,0.11971823786996842,6.27046207359895e-08,0.0,1.0999980485921934,-2.992948949761432e-06
480360,0.11971823805016825,6.25477070591469e-08,0.0,1.0999980485921925,-2.9929489717712265e-06
480420,0.11971823822997513,6.239113545784302e-08,0.0,1.0999980485921916,-2.992948993733241e-06
480480,0.11971823840939069,6.223490449635937e-08,0.0,1.0999980485921907,-2.9929490156476797e-06
480540,0.11971823858841663,6.2079012739384e-08,0.0,1.0999980485921896,-2.9929490375147454e-06
480600,0.11971823876705458,6.192345875199093e-08,0.0,1.0999980485921885,-2.9929490593346415e-06
480660,0.1197182389453062,6.176824109961957e-08,0.0,1.0999980485921874,-2.9929490811075717e-06
480720,0.11971823912317316,6.161335834805432e-08,0.0,1.0999980485921863,-2.992949102833739e-06
480780,0.11971823930065709,6.145880906340394e-08,0.0,1.0999980485921852,-2.992949124513347e-06
480840,0.11971823947775966,6.130459181208109e-08,0.0,1.0999980485921839,-2.9929491461465985e-06
480900,0.11971823965448253,6.115070516078179e-08,0.0,1.0999980485921828,-2.9929491677336965e-06
480960,0.11971823983082734,6.099714767646485e-08,0.0,1.0999980485921814,-2.9929491892748446e-06
481020,0.11971824000679576,6.084391792633146e-08,0.0,1.09999804859218,-2.9929492107702458e-06
481080,0.11971824018238943,6.069101447780453e-08,0.0,1.0999980485921785,-2.9929492322201032e-06
481140,0.11971824035761001,6.053843589850828e-08,0.0,1.0999980485921772,-2.99294925362462e-06
481200,0.11971824053245916,6.038618075624764e-08,0.0,1.0999980485921756,-2.992949274983999e-06
481260,0.11971824070693854,6.023424761898775e-08,0.0,1.099998048592174,-2.992949296298443e-06
481320,0.11971824088104978,6.00826350548335e-08,0.0,1.0999980485921725,-2.992949317568156e-06
481380,0.11971824105479456,5.993134163200887e-08,0.0,1.099998048592171,-2.99294933879334e-06
481440,0.11971824122817451,5.978036591883655e-08,0.0,1.0999980485921692,-2.992949359974199e-06
481500,0.11971824140119129,5.962970648371732e-08,0.0,1.0999980485921677,-2.9929493811109355e-06
481560,0.11971824157384657,5.947936189510958e-08,0.0,1.0999980485921659,-2.9929494022037525e-06
481620,0.11971824174614198,5.932933072150881e-08,0.0,1.099998048592164,-2.9929494232528533e-06
481680,0.11971824191807919,5.9179611531427025e-08,0.0,1.099998048592162,-2.9929494442584407e-06
481740,0.11971824208965985,5.903020289337228e-08,0.0,1.0999980485921603,-2.992949465220718e-06
481800,0.11971824226088561,5.8881103375828134e-08,0.0,1.0999980485921583,-2.9929494861398882e-06
481860,0.11971824243175813,5.873231154723316e-08,0.0,1.0999980485921563,-2.992949507016154e-06
481920,0.11971824260227906,5.858382597596035e-08,0.0,1.0999980485921543,-2.9929495278497193e-06
481980,0.11971824277245006,5.843564523029667e-08,0.0,1.0999980485921521,-2.9929495486407867e-06
482040,0.11971824294227278,5.828776787842248e-08,0.0,1.0999980485921501,-2.9929495693895597e-06
482100,0.11971824311174886,5.814019248839105e-08,0.0,1.099998048592148,-2.992949590096241e-06
482160,0.11971824328087999,5.7992917628108e-08,0.0,1.0999980485921454,-2.992949610761034e-06
482220,0.11971824344966779,5.784594186531081e-08,0.0,1.0999980485921432,-2.992949631384142e-06
482280,0.11971824361811394,5.769926376754829e-08,0.0,1.0999980485921408,-2.9929496519657687e-06
482340,0.11971824378622008,5.7552881902160026e-08,0.0,1.0999980485921386,-2.992949672506117e-06
482400,0.11971824395398786,5.740679483625591e-08,0.0,1.099998048592136,-2.9929496930053904e-06
482460,0.11971824412141896,5.726100113669556e-08,0.0,1.0999980485921335,-2.992949713463792e-06
482520,0.11971824428851503,5.711549937006785e-08,0.0,1.099998048592131,-2.992949733881526e-06
482580,0.11971824445527772,5.697028810267035e-08,0.0,1.0999980485921284,-2.9929497542587953e-06
482640,0.11971824462170869,5.6825365900488814e-08,0.0,1.0999980485921257,-2.9929497745958035e-06
482700,0.11971824478780958,5.668073132917665e-08,0.0,1.0999980485921228,-2.9929497948927543e-06
482760,0.11971824495358209,5.653638295403443e-08,0.0,1.0999980485921201,-2.9929498151498517e-06
482820,0.11971824511902784,5.6392319339989316e-08,0.0,1.0999980485921173,-2.9929498353672995e-06
482880,0.11971824528414851,5.6248539051574564e-08,0.0,1.0999980485921144,-2.992949855545301e-06
482940,0.11971824544894576,5.610504065290902e-08,0.0,1.0999980485921115,-2.9929498756840604e-06
483000,0.11971824561342125,5.5961822707676544e-08,0.0,1.0999980485921084,-2.9929498957837816e-06
483060,0.11971824577757662,5.5818883779105554e-08,0.0,1.0999980485921053,-2.9929499158446685e-06
483120,0.11971824594141356,5.567622242994844e-08,0.0,1.0999980485921022,-2.9929499358669257e-06
483180,0.11971824610493371,5.553383722246107e-08,0.0,1.099998048592099,-2.9929499558507567e-06
483240,0.11971824626813876,5.539172671838229e-08,0.0,1.0999980485920957,-2.9929499757963667e-06
483300,0.11971824643103035,5.524988947891335e-08,0.0,1.0999980485920924,-2.9929499957039593e-06
483360,0.11971824659361015,5.510832406469742e-08,0.0,1.099998048592089,-2.992950015573739e-06
483420,0.11971824675587983,5.4967029035799045e-08,0.0,1.0999980485920855,-2.9929500354059106e-06
483480,0.11971824691784105,5.482600295168365e-08,0.0,1.0999980485920822,-2.992950055200679e-06
483540,0.1197182470794955,5.4685244371196964e-08,0.0,1.0999980485920786,-2.9929500749582483e-06
483600,0.11971824724084482,5.4544751852544564e-08,0.0,1.0999980485920748,-2.9929500946788236e-06
483660,0.11971824740189067,5.44045239532713e-08,0.0,1.0999980485920713,-2.9929501143626102e-06
483720,0.11971824756263474,5.4264559230240805e-08,0.0,1.0999980485920675,-2.9929501340098126e-06
483780,0.11971824772307871,5.412485623961493e-08,0.0,1.0999980485920637,-2.992950153620636e-06
483840,0.11971824788322423,5.3985413536833275e-08,0.0,1.0999980485920597,-2.9929501731952864e-06
483900,0.11971824804307299,5.384622967659263e-08,0.0,1.0999980485920557,-2.9929501927339686e-06
483960,0.11971824820262664,5.370730321282646e-08,0.0,1.0999980485920517,-2.992950212236888e-06
484020,0.11971824836188687,5.3568632698684374e-08,0.0,1.0999980485920478,-2.9929502317042503e-06
484080,0.11971824852085534,5.3430216686511626e-08,0.0,1.0999980485920435,-2.992950251136262e-06
484140,0.11971824867953375,5.3292053727828563e-08,0.0,1.0999980485920395,-2.9929502705331274e-06
484200,0.11971824883792376,5.315414237331014e-08,0.0,1.099998048592035,-2.992950289895054e-06
484260,0.11971824899602704,5.301648117276532e-08,0.0,1.0999980485920309,-2.9929503092222475e-06
484320,0.1197182491538453,5.287906867511667e-08,0.0,1.0999980485920264,-2.9929503285149137e-06
484380,0.11971824931138018,5.2741903428379716e-08,0.0,1.099998048592022,-2.9929503477732597e-06
484440,0.1197182494686334,5.26049839796425e-08,0.0,1.0999980485920173,-2.9929503669974915e-06
484500,0.11971824962560662,5.246830887504503e-08,0.0,1.099998048592013,-2.992950386187816e-06
484560,0.11971824978230153,5.2331876659758756e-08,0.0,1.099998048592008,-2.9929504053444404e-06
484620,0.11971824993871981,5.219568587796605e-08,0.0,1.0999980485920033,-2.9929504244675712e-06
484680,0.11971825009486314,5.205973507283967e-08,0.0,1.0999980485919985,-2.9929504435574157e-06
484740,0.11971825025073322,5.192402278652227e-08,0.0,1.0999980485919936,-2.992950462614181e-06
484800,0.11971825040633174,5.178854756010585e-08,0.0,1.0999980485919887,-2.9929504816380752e-06
484860,0.11971825056166038,5.1653307933611223e-08,0.0,1.0999980485919836,-2.9929505006293052e-06
484920,0.11971825071672085,5.151830244596752e-08,0.0,1.0999980485919785,-2.9929505195880795e-06
484980,0.11971825087151482,5.1383529634991667e-08,0.0,1.0999980485919734,-2.9929505385146055e-06
485040,0.11971825102604398,5.124898803736782e-08,0.0,1.099998048591968,-2.9929505574090916e-06
485100,0.11971825118031006,5.11146761886269e-08,0.0,1.0999980485919627,-2.992950576271746e-06
485160,0.11971825133431473,5.0980592623126015e-08,0.0,1.0999980485919572,-2.992950595102777e-06
485220,0.11971825148805967,5.0846735874027983e-08,0.0,1.0999980485919518,-2.992950613902393e-06
485280,0.11971825164154662,5.071310447328078e-08,0.0,1.0999980485919463,-2.992950632670804e-06
485340,0.11971825179477727,5.0579696951597036e-08,0.0,1.0999980485919405,-2.992950651408218e-06
485400,0.1197182519477533,5.0446511838433486e-08,0.0,1.0999980485919347,-2.9929506701148445e-06
485460,0.11971825210047644,5.0313547661970463e-08,0.0,1.099998048591929,-2.992950688790893e-06
485520,0.11971825224847325,5.018464845374632e-08,0.0,1.0999980485919263,-2.9929507068797543e-06
485580,0.11971825239551126,5.0056576771713117e-08,0.0,1.0999980485919243,-2.992950724850197e-06
485640,0.11971825254220383,4.992880550762889e-08,0.0,1.0999980485919223,-2.992950742778542e-06
485700,0.11971825268855177,4.980133398282665e-08,0.0,1.09999804859192,-2.992950760664884e-06
485760,0.11971825283455585,4.967416152139457e-08,0.0,1.099998048591918,-2.9929507785093166e-06
485820,0.11971825298021685,4.9547287450164834e-08,0.0,1.0999980485919159,-2.992950796311934e-06
485880,0.11971825312553552,4.9420711098702433e-08,0.0,1.0999980485919139,-2.9929508140728292e-06
485940,0.11971825327051266,4.929443179929407e-08,0.0,1.0999980485919116,-2.9929508317920957e-06
486000,0.11971825341514902,4.916844888693694e-08,0.0,1.0999980485919094,-2.992950849469826e-06
486060,0.11971825355944536,4.904276169932756e-08,0.0,1.0999980485919074,-2.992950867106112e-06
486120,0.11971825370340244,4.8917369576850655e-08,0.0,1.0999980485919052,-2.992950884701046e-06
486180,0.11971825384702103,4.879227186256795e-08,0.0,1.099998048591903,-2.9929509022547193e-06
486240,0.11971825399030186,4.866746790220704e-08,0.0,1.099998048591901,-2.992950919767223e-06
486300,0.11971825413324572,4.8542957044150166e-08,0.0,1.0999980485918988,-2.992950937238648e-06
486360,0.11971825427585331,4.8418738639423115e-08,0.0,1.0999980485918965,-2.9929509546690838e-06
486420,0.11971825441812539,4.8294812041684016e-08,0.0,1.0999980485918943,-2.9929509720586215e-06
486480,0.11971825456006273,4.817117660721219e-08,0.0,1.099998048591892,-2.99295098940735e-06
486540,0.11971825470166603,4.804783169489697e-08,0.0,1.09999804859189,-2.992951006715358e-06
486600,0.11971825484293604,4.7924776666226574e-08,0.0,1.0999980485918879,-2.992951023982736e-06
486660,0.11971825498387349,4.780201088527687e-08,0.0,1.0999980485918857,-2.992951041209571e-06
486720,0.11971825512447912,4.76795337187003e-08,0.0,1.0999980485918834,-2.9929510583959516e-06
486780,0.11971825526475365,4.755734453571464e-08,0.0,1.0999980485918812,-2.9929510755419656e-06
486840,0.1197182554046978,4.7435442708091866e-08,0.0,1.099998048591879,-2.9929510926477e-06
486900,0.1197182555443123,4.7313827610147005e-08,0.0,1.0999980485918768,-2.9929511097132424e-06
486960,0.11971825568359784,4.7192498618726926e-08,0.0,1.0999980485918746,-2.9929511267386787e-06
487020,0.11971825582255517,4.707145511319921e-08,0.0,1.0999980485918723,-2.9929511437240957e-06
487080,0.119718255961185,4.6950696475440987e-08,0.0,1.0999980485918701,-2.9929511606695794e-06
487140,0.11971825609948801,4.683022208982775e-08,0.0,1.099998048591868,-2.9929511775752148e-06
487200,0.11971825623746493,4.67100313432222e-08,0.0,1.0999980485918657,-2.9929511944410875e-06
487260,0.11971825637511646,4.659012362496308e-08,0.0,1.0999980485918635,-2.9929512112672822e-06
487320,0.11971825651244329,4.6470498326854005e-08,0.0,1.0999980485918612,-2.9929512280538837e-06
487380,0.11971825664944613,4.635115484315231e-08,0.0,1.099998048591859,-2.992951244800976e-06
487440,0.11971825678612567,4.623209257055788e-08,0.0,1.0999980485918568,-2.9929512615086425e-06
487500,0.1197182569224826,4.611331090820198e-08,0.0,1.0999980485918546,-2.9929512781769673e-06
487560,0.11971825705851762,4.5994809257636074e-08,0.0,1.0999980485918524,-2.992951294806033e-06
487620,0.1197182571942314,4.5876587022820714e-08,0.0,1.0999980485918501,-2.9929513113959223e-06
487680,0.11971825732962464,4.575864361011429e-08,0.0,1.0999980485918477,-2.992951327946718e-06
487740,0.11971825746469801,4.564097842826197e-08,0.0,1.0999980485918455,-2.9929513444585016e-06
487800,0.11971825759945219,4.5523590888384434e-08,0.0,1.0999980485918432,-2.9929513609313552e-06
487860,0.11971825773388786,4.540648040396678e-08,0.0,1.099998048591841,-2.9929513773653606e-06
487920,0.1197182578680057,4.5289646390847316e-08,0.0,1.0999980485918388,-2.992951393760598e-06
487980,0.11971825800180637,4.517308826720642e-08,0.0,1.0999980485918366,-2.992951410117149e-06
488040,0.11971825813529052,4.505680545355537e-08,0.0,1.0999980485918344,-2.992951426435093e-06
488100,0.11971825826845886,4.494079737272517e-08,0.0,1.0999980485918321,-2.9929514427145106e-06
488160,0.11971825840131202,4.482506344985538e-08,0.0,1.0999980485918297,-2.9929514589554814e-06
488220,0.11971825853385067,4.4709603112383005e-08,0.0,1.0999980485918275,-2.992951475158085e-06
488280,0.11971825866607545,4.459441579003122e-08,0.0,1.0999980485918253,-2.9929514913224e-06
488340,0.11971825879798705,4.447950091479832e-08,0.0,1.099998048591823,-2.9929515074485056e-06
488400,0.11971825892958608,4.4364857920946496e-08,0.0,1.0999980485918208,-2.9929515235364797e-06
488460,0.11971825906087323,4.4250486244990667e-08,0.0,1.0999980485918186,-2.992951539586401e-06
488520,0.11971825919184911,4.4136385325687344e-08,0.0,1.0999980485918164,-2.9929515555983467e-06
488580,0.1197182593225144,4.4022554604023436e-08,0.0,1.0999980485918142,-2.9929515715723945e-06
488640,0.11971825945286971,4.3908993523205125e-08,0.0,1.0999980485918117,-2.992951587508621e-06
488700,0.1197182595829157,4.3795701528646634e-08,0.0,1.0999980485918095,-2.992951603407104e-06
488760,0.119718259712653,4.3682678067959126e-08,0.0,1.0999980485918073,-2.992951619267919e-06
488820,0.11971825984208224,4.356992259093951e-08,0.0,1.099998048591805,-2.9929516350911424e-06
488880,0.11971825997120406,4.3457434549559293e-08,0.0,1.0999980485918028,-2.9929516508768503e-06
488940,0.11971826010001908,4.334521339795338e-08,0.0,1.0999980485918006,-2.992951666625118e-06
489000,0.11971826022852794,4.3233258592408944e-08,0.0,1.0999980485917984,-2.992951682336021e-06
489060,0.11971826035673125,4.312156959135426e-08,0.0,1.0999980485917962,-2.9929516980096345e-06
489120,0.11971826048462963,4.30101458553475e-08,0.0,1.099998048591794,-2.992951713646032e-06
489180,0.11971826061222371,4.2898986847065626e-08,0.0,1.0999980485917917,-2.992951729245289e-06
489240,0.11971826073951411,4.278809203129318e-08,0.0,1.0999980485917895,-2.9929517448074785e-06
489300,0.11971826086650145,4.267746087491114e-08,0.0,1.0999980485917873,-2.9929517603326746e-06
489360,0.11971826099318632,4.256709284688574e-08,0.0,1.099998048591785,-2.992951775820951e-06
489420,0.11971826111956933,4.2456987418257326e-08,0.0,1.0999980485917829,-2.9929517912723805e-06
489480,0.11971826124565112,4.2347144062129173e-08,0.0,1.0999980485917806,-2.992951806687036e-06
489540,0.11971826137143227,4.223756225365633e-08,0.0,1.0999980485917786,-2.9929518220649898e-06
489600,0.11971826149691338,4.212824147003445e-08,0.0,1.0999980485917764,-2.992951837406314e-06
489660,0.11971826162209506,4.2019181190488626e-08,0.0,1.0999980485917742,-2.992951852711081e-06
489720,0.1197182617469779,4.191038089626223e-08,0.0,1.099998048591772,-2.9929518679793623e-06
489780,0.11971826187156251,4.180184007060573e-08,0.0,1.0999980485917698,-2.9929518832112293e-06
489840,0.11971826199584948,4.169355819876555e-08,0.0,1.0999980485917678,-2.992951898406752e-06
489900,0.1197182621198394,4.1585534767972907e-08,0.0,1.0999980485917655,-2.992951913566003e-06
489960,0.11971826224353284,4.14777692674326e-08,0.0,1.0999980485917633,-2.9929519286890512e-06
490020,0.11971826236693041,4.1370261188311915e-08,0.0,1.0999980485917613,-2.9929519437759675e-06
490080,0.11971826249003269,4.1263010023729383e-08,0.0,1.099998048591759,-2.9929519588268214e-06
490140,0.11971826261284024,4.11560152687437e-08,0.0,1.099998048591757,-2.9929519738416832e-06
490200,0.11971826273535369,4.104927642034248e-08,0.0,1.0999980485917549,-2.9929519888206215e-06
490260,0.11971826285757357,4.094279297743114e-08,0.0,1.0999980485917529,-2.9929520037637057e-06
490320,0.11971826297950049,4.0836564440821724e-08,0.0,1.0999980485917507,-2.992952018671005e-06
490380,0.119718263101135,4.073059031322174e-08,0.0,1.0999980485917487,-2.9929520335425872e-06
490440,0.11971826322247767,4.062487009922297e-08,0.0,1.0999980485917464,-2.9929520483785205e-06
490500,0.11971826334352909,4.051940330529034e-08,0.0,1.0999980485917444,-2.9929520631788737e-06
490560,0.1197182634642898,4.041418943975075e-08,0.0,1.0999980485917424,-2.992952077943714e-06
490620,0.1197182635847604,4.030922801278189e-08,0.0,1.0999980485917402,-2.992952092673108e-06
490680,0.11971826370494142,4.020451853640108e-08,0.0,1.0999980485917382,-2.9929521073671244e-06
490740,0.11971826382483344,4.0100060524454095e-08,0.0,1.0999980485917362,-2.9929521220258296e-06
490800,0.11971826394443702,3.999585349260405e-08,0.0,1.0999980485917342,-2.9929521366492897e-06
490860,0.1197182640637527,3.989189695832019e-08,0.0,1.0999980485917322,-2.9929521512375713e-06
490920,0.11971826418278105,3.97881904408667e-08,0.0,1.0999980485917302,-2.9929521657907404e-06
490980,0.11971826430152262,3.9684733461291614e-08,0.0,1.0999980485917282,-2.9929521803088635e-06
491040,0.11971826441997795,3.95815255424156e-08,0.0,1.0999980485917262,-2.9929521947920054e-06
491100,0.1197182645381476,3.947856620882078e-08,0.0,1.0999980485917242,-2.9929522092402322e-06
491160,0.11971826465603212,3.937585498683963e-08,0.0,1.0999980485917225,-2.9929522236536083e-06
491220,0.11971826477363205,3.927339140454374e-08,0.0,1.0999980485917205,-2.992952238032199e-06
491280,0.11971826489094793,3.9171174991732714e-08,0.0,1.0999980485917185,-2.9929522523760682e-06
491340,0.1197182650079803,3.906920527992294e-08,0.0,1.0999980485917167,-2.9929522666852812e-06
491400,0.11971826512472969,3.896748180233649e-08,0.0,1.0999980485917147,-2.992952280959901e-06
491460,0.11971826524119666,3.886600409388992e-08,0.0,1.0999980485917127,-2.9929522951999928e-06
491520,0.11971826535738173,3.87647716911831e-08,0.0,1.099998048591711,-2.9929523094056188e-06
491580,0.11971826547328543,3.866378413248805e-08,0.0,1.0999980485917091,-2.992952323576843e-06
491640,0.1197182655889083,3.8563040957737796e-08,0.0,1.0999980485917071,-2.9929523377137288e-06
491700,0.11971826570425087,3.846254170851521e-08,0.0,1.0999980485917054,-2.992952351816338e-06
491760,0.11971826581931366,3.8362285928041787e-08,0.0,1.0999980485917036,-2.9929523658847347e-06
491820,0.11971826593409719,3.8262273161166553e-08,0.0,1.0999980485917018,-2.99295237991898e-06
491880,0.119718266048602,3.8162502954354856e-08,0.0,1.0999980485917,-2.992952393919137e-06
491940,0.1197182661628286,3.8062974855677216e-08,0.0,1.0999980485916983,-2.9929524078852666e-06
492000,0.11971826627677752,3.7963688414798144e-08,0.0,1.0999980485916965,-2.9929524218174313e-06
492060,0.11971826639044927,3.7864643182965003e-08,0.0,1.0999980485916947,-2.9929524357156924e-06
492120,0.11971826650384437,3.776583871299682e-08,0.0,1.0999980485916931,-2.992952449580111e-06
492180,0.11971826661696333,3.766727455927315e-08,0.0,1.0999980485916914,-2.992952463410748e-06
492240,0.11971826672980666,3.756895027772285e-08,0.0,1.0999980485916898,-2.9929524772076644e-06
492300,0.11971826684237488,3.7470865425813e-08,0.0,1.099998048591688,-2.99295249097092e-06
492360,0.11971826695466849,3.737301956253765e-08,0.0,1.0999980485916865,-2.9929525047005763e-06
492420,0.119718267066688,3.727541224840675e-08,0.0,1.0999980485916847,-2.992952518396693e-06
492480,0.11971826717843394,3.717804304543488e-08,0.0,1.0999980485916832,-2.9929525320593293e-06
492540,0.11971826728990678,3.708091151713017e-08,0.0,1.0999980485916816,-2.9929525456885456e-06
492600,0.11971826740110704,3.698401722848309e-08,0.0,1.09999804859168,-2.992952559284401e-06
492660,0.11971826751203521,3.688735974595531e-08,0.0,1.0999980485916785,-2.9929525728469545e-06
492720,0.11971826762269179,3.67909386374685e-08,0.0,1.099998048591677,-2.9929525863762657e-06
492780,0.1197182677330773,3.6694753472393216e-08,0.0,1.0999980485916756,-2.9929525998723928e-06
492840,0.1197182678431922,3.6598803821537675e-08,0.0,1.099998048591674,-2.992952613335395e-06
492900,0.11971826795303701,3.650308925713665e-08,0.0,1.0999980485916725,-2.9929526267653297e-06
492960,0.11971826806261222,3.640760935284026e-08,0.0,1.0999980485916712,-2.992952640162256e-06
493020,0.11971826817191832,3.631236368370283e-08,0.0,1.0999980485916698,-2.9929526535262316e-06
493080,0.11971826828095578,3.62173518261717e-08,0.0,1.0999980485916683,-2.9929526668573142e-06
493140,0.1197182683897251,3.6122573358076096e-08,0.0,1.099998048591667,-2.9929526801555613e-06
493200,0.11971826849822678,3.6028027858615946e-08,0.0,1.0999980485916656,-2.9929526934210302e-06
493260,0.1197182686064613,3.59337149083507e-08,0.0,1.0999980485916643,-2.992952706653778e-06
493320,0.11971826871442913,3.58396340891882e-08,0.0,1.0999980485916632,-2.992952719853862e-06
493380,0.11971826882213076,3.574578498437347e-08,0.0,1.0999980485916618,-2.9929527330213384e-06
493440,0.11971826892956666,3.56521671784776e-08,0.0,1.0999980485916605,-2.9929527461562643e-06
493500,0.11971826903673732,3.555878025738654e-08,0.0,1.0999980485916594,-2.9929527592586955e-06
493560,0.11971826914364322,3.546562380828997e-08,0.0,1.099998048591658,-2.9929527723286883e-06
493620,0.11971826925028482,3.537269741967009e-08,0.0,1.099998048591657,-2.992952785366299e-06
493680,0.11971826935666262,3.5280000681290505e-08,0.0,1.0999980485916558,-2.9929527983715837e-06
493740,0.11971826946277705,3.518753318418503e-08,0.0,1.0999980485916547,-2.9929528113445967e-06
493800,0.11971826956862863,3.509529452064652e-08,0.0,1.0999980485916536,-2.9929528242853946e-06
493860,0.11971826967421781,3.5003284284215735e-08,0.0,1.0999980485916525,-2.9929528371940323e-06
493920,0.11971826977954504,3.491150206967015e-08,0.0,1.0999980485916516,-2.9929528500705644e-06
493980,0.1197182698846108,3.481994747301278e-08,0.0,1.0999980485916505,-2.9929528629150466e-06
494040,0.11971826998941558,3.4728620091461067e-08,0.0,1.0999980485916496,-2.9929528757275325e-06
494100,0.1197182700939598,3.463751952343564e-08,0.0,1.0999980485916487,-2.9929528885080776e-06
494160,0.11971827019824395,3.454664536854922e-08,0.0,1.0999980485916478,-2.992952901256736e-06
494220,0.11971827030226849,3.44559972275954e-08,0.0,1.099998048591647,-2.9929529139735608e-06
494280,0.11971827040603387,3.4365574702537525e-08,0.0,1.099998048591646,-2.992952926658607e-06
494340,0.11971827050954058,3.427537739649749e-08,0.0,1.0999980485916452,-2.992952939311929e-06
494400,0.11971827061278903,3.418540491374461e-08,0.0,1.0999980485916445,-2.9929529519335786e-06
494460,0.1197182707157797,3.40956568596844e-08,0.0,1.0999980485916436,-2.992952964523611e-06
494520,0.11971827081851305,3.40061328408475e-08,0.0,1.099998048591643,-2.9929529770820783e-06
494580,0.11971827092098952,3.39168324648784e-08,0.0,1.0999980485916423,-2.992952989609034e-06
494640,0.11971827102320959,3.3827755340524366e-08,0.0,1.0999980485916416,-2.992953002104531e-06
494700,0.11971827112517366,3.373890107762424e-08,0.0,1.099998048591641,-2.9929530145686225e-06
494760,0.11971827122688224,3.365026928709725e-08,0.0,1.0999980485916403,-2.992953027001361e-06
494820,0.11971827132833573,3.356185958093189e-08,0.0,1.0999980485916399,-2.9929530394027985e-06
494880,0.11971827142953462,3.347367157217472e-08,0.0,1.0999980485916392,-2.9929530517729875e-06
494940,0.11971827153047931,3.338570487491925e-08,0.0,1.0999980485916387,-2.9929530641119807e-06
495000,0.11971827163117028,3.329795910429469e-08,0.0,1.0999980485916383,-2.9929530764198293e-06
495060,0.11971827173160796,3.321043387645488e-08,0.0,1.0999980485916379,-2.992953088696585e-06
495120,0.1197182718317928,3.312312880856705e-08,0.0,1.0999980485916376,-2.992953100942301e-06
495180,0.11971827193172523,3.3036043518800695e-08,0.0,1.0999980485916372,-2.9929531131570272e-06
495240,0.1197182720314057,3.2949177626316404e-08,0.0,1.099998048591637,-2.9929531253408156e-06
495300,0.11971827213083465,3.2862530751254694e-08,0.0,1.0999980485916365,-2.9929531374937174e-06
495360,0.11971827223001251,3.277610251472484e-08,0.0,1.0999980485916363,-2.992953149615784e-06
495420,0.11971827232893974,3.2689892538793696e-08,0.0,1.0999980485916363,-2.9929531617070656e-06
495480,0.11971827242761673,3.260390044647457e-08,0.0,1.099998048591636,-2.9929531737676137e-06
495540,0.11971827252604396,3.251812586171602e-08,0.0,1.0999980485916359,-2.9929531857974784e-06
495600,0.11971827262422186,3.2432568409390715e-08,0.0,1.0999980485916359,-2.992953197796711e-06
495660,0.11971827272215083,3.2347227715284246e-08,0.0,1.0999980485916359,-2.992953209765361e-06
495720,0.11971827281983133,3.2262103406083984e-08,0.0,1.0999980485916359,-2.9929532217034795e-06
495780,0.11971827291726378,3.2177195109367905e-08,0.0,1.0999980485916359,-2.9929532336111157e-06
495840,0.11971827301444862,3.209250245359341e-08,0.0,1.0999980485916359,-2.99295324548832e-06
495900,0.11971827311138626,3.200802506808619e-08,0.0,1.099998048591636,-2.9929532573351427e-06
495960,0.11971827320807715,3.1923762583029055e-08,0.0,1.0999980485916363,-2.992953269151633e-06
496020,0.11971827330452171,3.183971462945073e-08,0.0,1.0999980485916365,-2.9929532809378403e-06
496080,0.11971827340072036,3.175588083921474e-08,0.0,1.0999980485916367,-2.992953292693815e-06
496140,0.11971827349667352,3.1672260845008225e-08,0.0,1.099998048591637,-2.992953304419605e-06
496200,0.11971827359238163,3.158885428033076e-08,0.0,1.0999980485916374,-2.99295331611526e-06
496260,0.11971827368784511,3.150566077948322e-08,0.0,1.0999980485916379,-2.99295332778083e-06
496320,0.11971827378306438,3.1422679977556605e-08,0.0,1.0999980485916383,-2.992953339416363e-06
496380,0.11971827387803985,3.133991151042084e-08,0.0,1.0999980485916387,-2.992953351021908e-06
496440,0.11971827397277195,3.125735501471367e-08,0.0,1.0999980485916392,-2.992953362597514e-06
496500,0.1197182740672611,3.117501012782944e-08,0.0,1.0999980485916399,-2.9929533741432295e-06
496560,0.11971827416150772,3.109287648790797e-08,0.0,1.0999980485916405,-2.9929533856591023e-06
496620,0.11971827425551222,3.101095373382337e-08,0.0,1.0999980485916412,-2.992953397145182e-06
496680,0.11971827434927504,3.0929241505172884e-08,0.0,1.0999980485916419,-2.9929534086015157e-06
496740,0.11971827444279656,3.0847739442265706e-08,0.0,1.0999980485916425,-2.9929534200281524e-06
496800,0.11971827453607724,3.076644718611184e-08,0.0,1.0999980485916434,-2.99295343142514e-06
496860,0.11971827462911745,3.068536437841093e-08,0.0,1.0999980485916443,-2.992953442792526e-06
496920,0.11971827472191764,3.060449066154106e-08,0.0,1.0999980485916452,-2.9929534541303583e-06
496980,0.11971827481447819,3.052382567854766e-08,0.0,1.099998048591646,-2.9929534654386848e-06
497040,0.11971827490679954,3.0443369073132274e-08,0.0,1.0999980485916472,-2.9929534767175527e-06
497100,0.11971827499888209,3.036312048964141e-08,0.0,1.0999980485916483,-2.9929534879670104e-06
497160,0.11971827509072626,3.02830795730554e-08,0.0,1.0999980485916494,-2.9929534991871045e-06
497220,0.11971827518233244,3.020324596897723e-08,0.0,1.0999980485916505,-2.9929535103778827e-06
497280,0.11971827527370107,3.012361932362133e-08,0.0,1.0999980485916518,-2.992953521539392e-06
497340,0.11971827536483254,3.0044199283802487e-08,0.0,1.099998048591653,-2.9929535326716797e-06
497400,0.11971827545572725,2.996498549692459e-08,0.0,1.0999980485916543,-2.9929535437747926e-06
497460,0.11971827554638562,2.9885977610969566e-08,0.0,1.0999980485916558,-2.9929535548487777e-06
497520,0.11971827563680806,2.9807175274486105e-08,0.0,1.0999980485916572,-2.992953565893682e-06
497580,0.11971827572699496,2.972857813657858e-08,0.0,1.0999980485916587,-2.992953576909552e-06
497640,0.11971827581694676,2.965018584689585e-08,0.0,1.0999980485916603,-2.992953587896435e-06
497700,0.11971827590666383,2.95719980556201e-08,0.0,1.0999980485916618,-2.9929535988543767e-06
497760,0.11971827599614658,2.9494014413455658e-08,0.0,1.0999980485916636,-2.9929536097834243e-06
497820,0.11971827608539543,2.9416234571617857e-08,0.0,1.0999980485916652,-2.9929536206836232e-06
497880,0.11971827617441078,2.933865818182186e-08,0.0,1.099998048591667,-2.992953631555021e-06
497940,0.11971827626319301,2.9261284896271486e-08,0.0,1.099998048591669,-2.992953642397663e-06
498000,0.11971827635174255,2.918411436764805e-08,0.0,1.0999980485916707,-2.992953653211596e-06
498060,0.11971827644005979,2.9107146249099212e-08,0.0,1.0999980485916727,-2.9929536639968656e-06
498120,0.11971827652814514,2.9030380194227786e-08,0.0,1.0999980485916747,-2.9929536747535182e-06
498180,0.11971827661599899,2.8953815857080597e-08,0.0,1.099998048591677,-2.9929536854815996e-06
498240,0.11971827670362173,2.887745289213731e-08,0.0,1.099998048591679,-2.9929536961811555e-06
498300,0.11971827679101378,2.8801290954299248e-08,0.0,1.0999980485916812,-2.9929537068522316e-06
498360,0.11971827687817554,2.8725329698878255e-08,0.0,1.0999980485916836,-2.992953717494874e-06
498420,0.1197182769651074,2.864956878158552e-08,0.0,1.0999980485916858,-2.992953728109128e-06
498480,0.11971827705180976,2.85740078585204e-08,0.0,1.0999980485916883,-2.9929537386950397e-06
498540,0.11971827713828302,2.8498646586159266e-08,0.0,1.0999980485916907,-2.992953749252654e-06
498600,0.11971827722452758,2.842348462134434e-08,0.0,1.0999980485916931,-2.992953759782017e-06
498660,0.11971827731062623,2.834844750339201e-08,0.0,1.0999980485916945,-2.9929537702999257e-06
498720,0.11971827739660916,2.8273508105699998e-08,0.0,1.0999980485916938,-2.99295378081248e-06
498780,0.11971827748236827,2.819876367812827e-08,0.0,1.0999980485916931,-2.9929537912976666e-06
498840,0.11971827756790396,2.8124213847310115e-08,0.0,1.0999980485916927,-2.992953801755538e-06
498900,0.11971827765321669,2.8049858240025203e-08,0.0,1.099998048591692,-2.992953812186147e-06
498960,0.11971827773830689,2.797569648318808e-08,0.0,1.0999980485916914,-2.9929538225895455e-06
499020,0.11971827782317496,2.790172820383661e-08,0.0,1.099998048591691,-2.9929538329657855e-06
499080,0.11971827790782136,2.7827953029120444e-08,0.0,1.0999980485916903,-2.99295384331492e-06
499140,0.1197182779922465,2.77543705862895e-08,0.0,1.0999980485916896,-2.9929538536370007e-06
499200,0.11971827807645084,2.7680980502682398e-08,0.0,1.0999980485916891,-2.9929538639320806e-06
499260,0.11971827816043479,2.7607782405714953e-08,0.0,1.0999980485916885,-2.992953874200211e-06
499320,0.11971827824419877,2.753477592286862e-08,0.0,1.099998048591688,-2.9929538844414448e-06
499380,0.11971827832774323,2.7461960681678966e-08,0.0,1.0999980485916874,-2.9929538946558337e-06
499440,0.1197182784110686,2.738933630972413e-08,0.0,1.099998048591687,-2.9929539048434306e-06
499500,0.11971827849417528,2.73169024346133e-08,0.0,1.0999980485916863,-2.9929539150042875e-06
499560,0.11971827857706374,2.724465868397516e-08,0.0,1.0999980485916858,-2.992953925138457e-06
499620,0.11971827865973439,2.717260468544636e-08,0.0,1.0999980485916852,-2.99295393524599e-06
499680,0.11971827874218766,2.710074006665998e-08,0.0,1.0999980485916847,-2.9929539453269404e-06
499740,0.11971827882442398,2.7029064455234003e-08,0.0,1.0999980485916843,-2.9929539553813596e-06
499800,0.11971827890644379,2.6957577478759774e-08,0.0,1.0999980485916836,-2.9929539654093e-06
499860,0.11971827898824751,2.688627876479045e-08,0.0,1.0999980485916832,-2.992953975410814e-06
499920,0.11971827906983558,2.6815167940829487e-08,0.0,1.0999980485916827,-2.9929539853859533e-06
499980,0.1197182791512084,2.6744244634319095e-08,0.0,1.099998048591682,-2.992953995334771e-06
500040,0.11971827923236646,2.6673508472628688e-08,0.0,1.0999980485916816,-2.9929540052573188e-06
500100,0.11971827931331012,2.6602959083043375e-08,0.0,1.0999980485916812,-2.9929540151536494e-06
500160,0.11971827939403987,2.6532596092752404e-08,0.0,1.0999980485916805,-2.9929540250238147e-06
500220,0.1197182794745561,2.646241912883763e-08,0.0,1.09999804859168,-2.9929540348678677e-06
500280,0.11971827955485925,2.6392427818261987e-08,0.0,1.0999980485916796,-2.99295404468586e-06
500340,0.11971827963494977,2.6322621787857947e-08,0.0,1.0999980485916792,-2.9929540544778443e-06
500400,0.11971827971482808,2.6253000664315973e-08,0.0,1.0999980485916787,-2.9929540642438733e-06
500460,0.1197182797944946,2.6183564074173012e-08,0.0,1.099998048591678,-2.992954073983999e-06
500520,0.11971827987394978,2.6114311643800932e-08,0.0,1.0999980485916776,-2.992954083698274e-06
500580,0.11971827995319405,2.6045242999394988e-08,0.0,1.0999980485916772,-2.992954093386751e-06
500640,0.11971828003222781,2.5976357766962306e-08,0.0,1.0999980485916767,-2.992954103049482e-06
500700,0.11971828011105154,2.5907655572310333e-08,0.0,1.0999980485916763,-2.9929541126865197e-06
500760,0.11971828018966564,2.58391360410353e-08,0.0,1.0999980485916758,-2.9929541222979174e-06
500820,0.11971828026807055,2.5770798798510686e-08,0.0,1.0999980485916754,-2.9929541318837265e-06
500880,0.1197182803462667,2.570264346987569e-08,0.0,1.099998048591675,-2.9929541414440007e-06
500940,0.11971828042425453,2.5634669680023694e-08,0.0,1.0999980485916745,-2.9929541509787918e-06
501000,0.11971828050203448,2.556687705359072e-08,0.0,1.099998048591674,-2.9929541604881533e-06
501060,0.11971828057960697,2.5499265214943895e-08,0.0,1.0999980485916736,-2.9929541699721372e-06
501120,0.11971828065697243,2.5431833788169923e-08,0.0,1.0999980485916732,-2.992954179430797e-06
501180,0.11971828073413132,2.5364582397063547e-08,0.0,1.0999980485916727,-2.992954188864185e-06
501240,0.11971828081108404,2.5297510665116e-08,0.0,1.0999980485916723,-2.9929541982723546e-06
501300,0.11971828088783106,2.5230618215503496e-08,0.0,1.0999980485916718,-2.9929542076553583e-06
501360,0.1197182809643728,2.516390467107566e-08,0.0,1.0999980485916714,-2.992954217013249e-06
501420,0.11971828104070968,2.509736965434402e-08,0.0,1.099998048591671,-2.99295422634608e-06
501480,0.11971828111684216,2.503101278747047e-08,0.0,1.0999980485916705,-2.9929542356539044e-06
501540,0.11971828119277067,2.4964833692255704e-08,0.0,1.0999980485916703,-2.9929542449367753e-06
501600,0.11971828126849564,2.489883199012772e-08,0.0,1.0999980485916698,-2.9929542541947454e-06
501660,0.11971828134401752,2.483300730213026e-08,0.0,1.0999980485916694,-2.9929542634278687e-06
501720,0.11971828141933673,2.4767359248911284e-08,0.0,1.099998048591669,-2.992954272636198e-06
501780,0.11971828149445372,2.4701887450711418e-08,0.0,1.0999980485916685,-2.9929542818197873e-06
501840,0.11971828156936894,2.4636591527352446e-08,0.0,1.0999980485916683,-2.9929542909786894e-06
501900,0.11971828164408281,2.457147109822575e-08,0.0,1.0999980485916678,-2.9929543001129576e-06
501960,0.11971828171859578,2.4506525782280785e-08,0.0,1.0999980485916674,-2.9929543092226457e-06
502020,0.11971828179290828,2.4441755198013542e-08,0.0,1.099998048591667,-2.9929543183078076e-06
502080,0.11971828186702077,2.4377158963455013e-08,0.0,1.0999980485916667,-2.992954327368497e-06
502140,0.11971828194093367,2.4312736696159646e-08,0.0,1.0999980485916663,-2.992954336404767e-06
502200,0.11971828201464745,2.4248488013193832e-08,0.0,1.0999980485916658,-2.9929543454166723e-06
502260,0.11971828208816253,2.4184412531124332e-08,0.0,1.0999980485916656,-2.9929543544042657e-06
502320,0.11971828216147935,2.4120509866006783e-08,0.0,1.0999980485916652,-2.9929543633676023e-06
502380,0.11971828223459836,2.405677963337413e-08,0.0,1.0999980485916647,-2.9929543723067357e-06
502440,0.11971828230752002,2.399322144822511e-08,0.0,1.0999980485916645,-2.9929543812217197e-06
502500,0.11971828238024476,2.392983492501271e-08,0.0,1.099998048591664,-2.9929543901126087e-06
502560,0.11971828245277302,2.3866619677632613e-08,0.0,1.0999980485916636,-2.992954398979457e-06
502620,0.11971828252510527,2.3803575319411703e-08,0.0,1.0999980485916634,-2.9929544078223194e-06
502680,0.11971828259724193,2.374070146309649e-08,0.0,1.099998048591663,-2.99295441664125e-06
502740,0.11971828266918347,2.36779977208416e-08,0.0,1.0999980485916627,-2.992954425436303e-06
502800,0.11971828274093033,2.361546370419821e-08,0.0,1.0999980485916623,-2.9929544342075333e-06
502860,0.11971828281248294,2.3553099024102552e-08,0.0,1.0999980485916618,-2.9929544429549954e-06
502920,0.11971828288384177,2.3490903290864345e-08,0.0,1.0999980485916616,-2.992954451678745e-06
502980,0.11971828295500729,2.3428876114155277e-08,0.0,1.0999980485916612,-2.9929544603788354e-06
503040,0.11971828302597991,2.3367017102997448e-08,0.0,1.099998048591661,-2.992954469055323e-06
503100,0.11971828309676011,2.3305325865751863e-08,0.0,1.0999980485916605,-2.9929544777082626e-06
503160,0.11971828316734832,2.3243802010106886e-08,0.0,1.0999980485916603,-2.9929544863377085e-06
503220,0.11971828323774503,2.318244514306668e-08,0.0,1.0999980485916598,-2.992954494943717e-06
503280,0.11971828330795066,2.3121254870939702e-08,0.0,1.0999980485916596,-2.992954503526343e-06
503340,0.11971828337796568,2.3060230799327168e-08,0.0,1.0999980485916592,-2.9929545120856424e-06
503400,0.11971828344779055,2.2999372533111485e-08,0.0,1.099998048591659,-2.9929545206216703e-06
503460,0.11971828351742572,2.2938679676444748e-08,0.0,1.0999980485916585,-2.9929545291344822e-06
503520,0.11971828358687164,2.2878151832737188e-08,0.0,1.0999980485916583,-2.9929545376241342e-06
503580,0.11971828365612878,2.281778860464565e-08,0.0,1.0999980485916578,-2.9929545460906825e-06
503640,0.1197182837251976,2.2757589594062027e-08,0.0,1.0999980485916576,-2.992954554534183e-06
503700,0.11971828379407856,2.2697554402101763e-08,0.0,1.0999980485916572,-2.9929545629546914e-06
503760,0.11971828386277213,2.263768262909229e-08,0.0,1.099998048591657,-2.992954571352264e-06
503820,0.11971828393127874,2.2577973874561508e-08,0.0,1.0999980485916567,-2.9929545797269576e-06
503880,0.11971828399959888,2.2518427737226234e-08,0.0,1.0999980485916563,-2.9929545880788287e-06
503940,0.11971828406773302,2.245904381498067e-08,0.0,1.099998048591656,-2.992954596407933e-06
504000,0.11971828413568161,2.2399821704884892e-08,0.0,1.0999980485916556,-2.9929546047143283e-06
504060,0.11971828420344512,2.2340761003153273e-08,0.0,1.0999980485916554,-2.9929546129980704e-06
504120,0.11971828427102402,2.228186130514298e-08,0.0,1.099998048591655,-2.992954621259217e-06
504180,0.11971828433841876,2.2223122205342418e-08,0.0,1.0999980485916547,-2.992954629497825e-06
504240,0.11971828440562983,2.2164543297359708e-08,0.0,1.0999980485916545,-2.9929546377139514e-06
504300,0.1197182844726577,2.210612417391114e-08,0.0,1.099998048591654,-2.992954645907654e-06
504360,0.11971828453950284,2.204786442680965e-08,0.0,1.0999980485916538,-2.9929546540789897e-06
504420,0.11971828460616571,2.1989763646953274e-08,0.0,1.0999980485916534,-2.9929546622280162e-06
504480,0.1197182846726468,2.1931821424313614e-08,0.0,1.0999980485916532,-2.9929546703547913e-06
504540,0.11971828473894655,2.18740373479243e-08,0.0,1.099998048591653,-2.992954678459373e-06
504600,0.11971828480506548,2.1816411005869462e-08,0.0,1.0999980485916525,-2.992954686541819e-06
504660,0.11971828487100405,2.175894198527219e-08,0.0,1.0999980485916523,-2.992954694602188e-06
504720,0.11971828493676273,2.1701629872282995e-08,0.0,1.0999980485916518,-2.9929547026405375e-06
504780,0.119718285002342,2.1644474252068274e-08,0.0,1.0999980485916516,-2.9929547106569264e-06
504840,0.11971828506774235,2.1587474708798784e-08,0.0,1.0999980485916514,-2.992954718651413e-06
504900,0.11971828513296424,2.1530630825638097e-08,0.0,1.099998048591651,-2.992954726624056e-06
504960,0.11971828519800819,2.147394218473105e-08,0.0,1.0999980485916507,-2.9929547345749146e-06
505020,0.11971828526287465,2.1417408367192247e-08,0.0,1.0999980485916503,-2.9929547425040476e-06
505080,0.11971828532756411,2.1361028953094493e-08,0.0,1.09999804859165,-2.992954750411514e-06
505140,0.11971828539207706,2.1304803521457257e-08,0.0,1.0999980485916498,-2.992954758297373e-06
505200,0.11971828545641398,2.1248731650235153e-08,0.0,1.0999980485916494,-2.992954766161684e-06
505260,0.11971828552057538,2.11928129163064e-08,0.0,1.0999980485916492,-2.9929547740045075e-06
505320,0.11971828558456174,2.113704689546128e-08,0.0,1.0999980485916487,-2.992954781825902e-06
505380,0.11971828564837353,2.10814331623906e-08,0.0,1.0999980485916485,-2.9929547896259283e-06
505440,0.11971828571201128,2.1025971290674166e-08,0.0,1.0999980485916483,-2.9929547974046456e-06
505500,0.11971828577547544,2.097066085276924e-08,0.0,1.0999980485916478,-2.992954805162115e-06
505560,0.11971828583876654,2.0915501419999007e-08,0.0,1.0999980485916476,-2.9929548128983966e-06
505620,0.11971828590188505,2.0860492562541044e-08,0.0,1.0999980485916472,-2.9929548206135504e-06
505680,0.11971828596483149,2.080563384941577e-08,0.0,1.099998048591647,-2.992954828307638e-06
505740,0.11971828602760633,2.0750924848474925e-08,0.0,1.0999980485916465,-2.99295483598072e-06
505800,0.11971828609021011,2.0696365126390024e-08,0.0,1.0999980485916463,-2.992954843632857e-06
505860,0.1197182861526433,2.0641954248640833e-08,0.0,1.0999980485916458,-2.9929548512641106e-06
505920,0.1197182862149064,2.0587691779503818e-08,0.0,1.0999980485916456,-2.992954858874542e-06
505980,0.11971828627699994,2.0533577282040615e-08,0.0,1.0999980485916452,-2.992954866464213e-06
506040,0.11971828633892441,2.0479610318086505e-08,0.0,1.099998048591645,-2.992954874033185e-06
506100,0.11971828640068032,2.0425790448238867e-08,0.0,1.0999980485916445,-2.9929548815815204e-06
506160,0.11971828646226818,2.0372117231845636e-08,0.0,1.0999980485916443,-2.9929548891092814e-06
506220,0.11971828652368849,2.0318590226993785e-08,0.0,1.0999980485916439,-2.9929548966165293e-06
506280,0.11971828658494177,2.026520899049778e-08,0.0,1.0999980485916436,-2.9929549041033273e-06
506340,0.11971828664602853,2.0211973077888032e-08,0.0,1.0999980485916432,-2.992954911569738e-06
506400,0.11971828670694928,2.0158882043399388e-08,0.0,1.099998048591643,-2.9929549190158243e-06
506460,0.11971828676770455,2.0105935439959574e-08,0.0,1.0999980485916425,-2.992954926441649e-06
506520,0.11971828682829484,2.0053132819177663e-08,0.0,1.0999980485916423,-2.992954933847275e-06
506580,0.11971828688872067,2.0000473731332544e-08,0.0,1.0999980485916419,-2.9929549412327667e-06
506640,0.11971828694898258,1.9947957725361386e-08,0.0,1.0999980485916414,-2.9929549485981866e-06
506700,0.11971828700908108,1.98955843488481e-08,0.0,1.0999980485916412,-2.9929549559435987e-06
506760,0.11971828706901669,1.9843353148011796e-08,0.0,1.0999980485916407,-2.9929549632690674e-06
506820,0.11971828712878993,1.9791263667695263e-08,0.0,1.0999980485916405,-2.9929549705746567e-06
506880,0.11971828718840134,1.9739315451353427e-08,0.0,1.09999804859164,-2.992954977860431e-06
506940,0.11971828724785144,1.9687508041041803e-08,0.0,1.0999980485916396,-2.9929549851264544e-06
507000,0.11971828730714076,1.963584097740497e-08,0.0,1.0999980485916394,-2.992954992372792e-06
507060,0.11971828736626984,1.9584313799665044e-08,0.0,1.099998048591639,-2.992954999599509e-06
507120,0.11971828742523921,1.9532926045610127e-08,0.0,1.0999980485916385,-2.99295500680667e-06
507180,0.11971828748404939,1.9481677251582773e-08,0.0,1.099998048591638,-2.992955013994341e-06
507240,0.11971828754270093,1.943056695246846e-08,0.0,1.0999980485916379,-2.9929550211625873e-06
507300,0.11971828760119438,1.937959468168405e-08,0.0,1.0999980485916374,-2.9929550283114747e-06
507360,0.11971828765953026,1.9328759971166254e-08,0.0,1.099998048591637,-2.992955035441069e-06
507420,0.11971828771770911,1.927806235136009e-08,0.0,1.0999980485916365,-2.992955042551437e-06
507480,0.11971828777573147,1.9227501351207364e-08,0.0,1.099998048591636,-2.992955049642644e-06
507540,0.1197182878335979,1.9177076498135105e-08,0.0,1.0999980485916356,-2.992955056714758e-06
507600,0.11971828789130896,1.912678731804406e-08,0.0,1.0999980485916352,-2.9929550637678452e-06
507660,0.11971828794886517,1.907663333529715e-08,0.0,1.099998048591635,-2.9929550708019723e-06
507720,0.11971828800626709,1.9026614072707917e-08,0.0,1.0999980485916345,-2.9929550778172076e-06
507780,0.11971828806351527,1.8976729051529003e-08,0.0,1.099998048591634,-2.9929550848136176e-06
507840,0.11971828812061028,1.8926977791440617e-08,0.0,1.0999980485916336,-2.9929550917912705e-06
507900,0.11971828817755265,1.8877359810538992e-08,0.0,1.0999980485916332,-2.9929550987502344e-06
507960,0.11971828823434295,1.8827874625324847e-08,0.0,1.0999980485916327,-2.992955105690577e-06
508020,0.11971828829098174,1.8778521750691862e-08,0.0,1.0999980485916323,-2.9929551126123677e-06
508080,0.11971828834746959,1.872930069991513e-08,0.0,1.0999980485916316,-2.9929551195156744e-06
508140,0.11971828840380704,1.8680210984639633e-08,0.0,1.0999980485916312,-2.9929551264005657e-06
508200,0.11971828845999467,1.8631252114868693e-08,0.0,1.0999980485916308,-2.9929551332671116e-06
508260,0.11971828851603306,1.8582423598952445e-08,0.0,1.0999980485916303,-2.9929551401153806e-06
508320,0.11971828857192275,1.85337249435763e-08,0.0,1.0999980485916299,-2.992955146945443e-06
508380,0.11971828862766433,1.8485155653749415e-08,0.0,1.0999980485916294,-2.9929551537573684e-06
508440,0.11971828868325836,1.8436715232793135e-08,0.0,1.0999980485916288,-2.9929551605512265e-06
508500,0.11971828873870544,1.838840318232949e-08,0.0,1.0999980485916283,-2.992955167327088e-06
508560,0.11971828879400612,1.8340219002269633e-08,0.0,1.0999980485916279,-2.992955174085024e-06
508620,0.11971828884916098,1.8292162190802312e-08,0.0,1.0999980485916272,-2.992955180825104e-06
508680,0.1197182889041706,1.824423224438234e-08,0.0,1.0999980485916268,-2.9929551875474003e-06
508740,0.1197182889590356,1.8196428657719052e-08,0.0,1.099998048591626,-2.9929551942519833e-06
508800,0.11971828901375652,1.8148750923764774e-08,0.0,1.0999980485916256,-2.9929552009389247e-06
508860,0.11971828906833396,1.8101198533703282e-08,0.0,1.099998048591625,-2.992955207608297e-06
508920,0.1197182891227685,1.805377097693827e-08,0.0,1.0999980485916245,-2.992955214260171e-06
508980,0.11971828917706075,1.800646774108182e-08,0.0,1.0999980485916239,-2.9929552208946207e-06
509040,0.11971828923121129,1.795928831194285e-08,0.0,1.0999980485916234,-2.992955227511717e-06
509100,0.11971828928522073,1.7912232173515592e-08,0.0,1.0999980485916228,-2.992955234111534e-06
509160,0.11971828933908964,1.786529880796805e-08,0.0,1.099998048591622,-2.9929552406941437e-06
509220,0.11971828939281864,1.781848769563047e-08,0.0,1.0999980485916216,-2.99295524725962e-06
509280,0.11971828944640833,1.7771798314983797e-08,0.0,1.099998048591621,-2.992955253808037e-06
509340,0.1197182894998593,1.7725230142648146e-08,0.0,1.0999980485916203,-2.992955260339468e-06
509400,0.11971828955317217,1.767878265337126e-08,0.0,1.0999980485916196,-2.9929552668539868e-06
509460,0.11971828960634753,1.7632455320016977e-08,0.0,1.099998048591619,-2.992955273351668e-06
509520,0.11971828965938602,1.7586247613553694e-08,0.0,1.0999980485916183,-2.992955279832587e-06
509580,0.11971828971228822,1.754015900304283e-08,0.0,1.0999980485916176,-2.992955286296818e-06
509640,0.11971828976505476,1.7494188955627297e-08,0.0,1.099998048591617,-2.9929552927444365e-06
509700,0.11971828981768626,1.7448336936519956e-08,0.0,1.0999980485916163,-2.9929552991755176e-06
509760,0.11971828987018332,1.740260240899208e-08,0.0,1.0999980485916157,-2.9929553055901375e-06
509820,0.11971828992254659,1.7356984834361827e-08,0.0,1.099998048591615,-2.9929553119883724e-06
509880,0.11971828997477665,1.7311483671982697e-08,0.0,1.0999980485916143,-2.992955318370298e-06
509940,0.11971829002687417,1.7266098379232002e-08,0.0,1.0999980485916137,-2.9929553247359913e-06
510000,0.11971829007883976,1.7220828411499317e-08,0.0,1.0999980485916128,-2.9929553310855294e-06
510060,0.11971829013067403,1.7175673222174965e-08,0.0,1.099998048591612,-2.992955337418989e-06
510120,0.11971829018237765,1.7130632262638465e-08,0.0,1.0999980485916114,-2.992955343736448e-06
510180,0.11971829023395122,1.7085704982247e-08,0.0,1.0999980485916105,-2.992955350037984e-06
510240,0.1197182902853954,1.7040890828323887e-08,0.0,1.0999980485916099,-2.9929553563236744e-06
510300,0.11971829033671083,1.6996189246147036e-08,0.0,1.099998048591609,-2.9929553625935986e-06
510360,0.11971829038789815,1.6951599678937406e-08,0.0,1.0999980485916083,-2.992955368847834e-06
510420,0.11971829043895797,1.690712156784749e-08,0.0,1.0999980485916074,-2.992955375086461e-06
510480,0.11971829048989098,1.6862754351949758e-08,0.0,1.0999980485916065,-2.9929553813095577e-06
510540,0.11971829054069781,1.6818497468225137e-08,0.0,1.0999980485916057,-2.992955387517204e-06
510600,0.11971829059137912,1.6774350351551467e-08,0.0,1.099998048591605,-2.9929553937094793e-06
510660,0.11971829064193554,1.673031243469196e-08,0.0,1.099998048591604,-2.992955399886464e-06
510720,0.11971829069236775,1.6686383148283683e-08,0.0,1.0999980485916032,-2.9929554060482387e-06
510780,0.11971829074267641,1.6642561920826002e-08,0.0,1.0999980485916023,-2.992955412194884e-06
510840,0.11971829079286216,1.6598848178669053e-08,0.0,1.0999980485916014,-2.9929554183264806e-06
510900,0.11971829084292568,1.6555241346002218e-08,0.0,1.0999980485916006,-2.99295542444311e-06
510960,0.11971829089286763,1.6511740844842562e-08,0.0,1.0999980485915994,-2.9929554305448542e-06
511020,0.11971829094268868,1.646834609502333e-08,0.0,1.0999980485915986,-2.9929554366317948e-06
511080,0.11971829099238951,1.6425056514182385e-08,0.0,1.0999980485915977,-2.9929554427040135e-06
511140,0.11971829104197078,1.6381871517750688e-08,0.0,1.0999980485915966,-2.9929554487615937e-06
511200,0.11971829109143316,1.633879051894075e-08,0.0,1.0999980485915957,-2.992955454804618e-06
511260,0.11971829114077734,1.6295812928735117e-08,0.0,1.0999980485915948,-2.9929554608331697e-06
511320,0.119718291190004,1.6252938155874798e-08,0.0,1.0999980485915937,-2.9929554668473324e-06
511380,0.11971829123911383,1.621016560684777e-08,0.0,1.0999980485915926,-2.9929554728471895e-06
511440,0.11971829128810751,1.6167494685877412e-08,0.0,1.0999980485915917,-2.9929554788328253e-06
511500,0.11971829133698574,1.612492479491099e-08,0.0,1.0999980485915906,-2.992955484804324e-06
511560,0.11971829138574917,1.6082455333608103e-08,0.0,1.0999980485915895,-2.9929554907617715e-06
511620,0.11971829143439855,1.6040085699329156e-08,0.0,1.0999980485915883,-2.992955496705252e-06
511680,0.11971829148293454,1.5997815287123833e-08,0.0,1.0999980485915872,-2.992955502634851e-06
511740,0.11971829153135785,1.5955643489719546e-08,0.0,1.0999980485915861,-2.992955508550654e-06
511800,0.11971829157966919,1.59135696975099e-08,0.0,1.099998048591585,-2.9929555144527478e-06
511860,0.11971829162623927,1.5873003181458158e-08,0.0,1.099998048591585,-2.992955520141027e-06
511920,0.11971829167263408,1.5832589416424695e-08,0.0,1.0999980485915848,-2.992955525807823e-06
511980,0.11971829171888713,1.5792299395158283e-08,0.0,1.0999980485915848,-2.992955531457253e-06
512040,0.11971829176499886,1.5752132760961876e-08,0.0,1.0999980485915846,-2.9929555370893683e-06
512100,0.11971829181096967,1.571208915610495e-08,0.0,1.0999980485915846,-2.9929555427042184e-06
512160,0.11971829185679995,1.567216822181507e-08,0.0,1.0999980485915843,-2.992955548301854e-06
512220,0.11971829190249016,1.5632369598269395e-08,0.0,1.0999980485915843,-2.992955553882326e-06
512280,0.11971829194804068,1.5592692924586232e-08,0.0,1.0999980485915841,-2.9929555594456844e-06
512340,0.11971829199345194,1.5553137838816586e-08,0.0,1.0999980485915841,-2.9929555649919816e-06
512400,0.11971829203872433,1.5513703977935666e-08,0.0,1.099998048591584,-2.9929555705212674e-06
512460,0.1197182920838583,1.5474390977834454e-08,0.0,1.099998048591584,-2.9929555760335935e-06
512520,0.11971829212885426,1.543519847331122e-08,0.0,1.099998048591584,-2.9929555815290116e-06
512580,0.11971829217371263,1.5396126098063077e-08,0.0,1.0999980485915837,-2.992955587007573e-06
512640,0.11971829221843383,1.5357173484677492e-08,0.0,1.0999980485915837,-2.9929555924693293e-06
512700,0.11971829226301828,1.5318340264623864e-08,0.0,1.0999980485915835,-2.9929555979143324e-06
512760,0.11971829230746642,1.5279626068245023e-08,0.0,1.0999980485915835,-2.9929556033426345e-06
512820,0.11971829235177865,1.5241030524748783e-08,0.0,1.0999980485915835,-2.992955608754288e-06
512880,0.11971829239595541,1.520255326219949e-08,0.0,1.0999980485915832,-2.9929556141493447e-06
512940,0.11971829243999714,1.516419390750954e-08,0.0,1.0999980485915832,-2.9929556195278574e-06
513000,0.11971829248390424,1.5125952086430925e-08,0.0,1.0999980485915832,-2.992955624889879e-06
513060,0.11971829252767717,1.508782742354678e-08,0.0,1.099998048591583,-2.992955630235462e-06
513120,0.11971829257131636,1.5049819542262897e-08,0.0,1.099998048591583,-2.9929556355646598e-06
513180,0.11971829261482222,1.501192806479929e-08,0.0,1.099998048591583,-2.9929556408775253e-06
513240,0.11971829265819521,1.4974152612181715e-08,0.0,1.099998048591583,-2.992955646174112e-06
513300,0.11971829270143576,1.4936492804233203e-08,0.0,1.0999980485915828,-2.9929556514544736e-06
513360,0.1197182927445443,1.489894825956562e-08,0.0,1.0999980485915828,-2.992955656718663e-06
513420,0.11971829278752127,1.4861518595571185e-08,0.0,1.0999980485915828,-2.992955661966735e-06
513480,0.11971829283036711,1.482420342841401e-08,0.0,1.0999980485915828,-2.9929556671987434e-06
513540,0.11971829287308228,1.4787002373021643e-08,0.0,1.0999980485915828,-2.992955672414742e-06
513600,0.1197182929156672,1.4749915043076604e-08,0.0,1.0999980485915826,-2.9929556776147854e-06
513660,0.11971829295812232,1.4712941051007919e-08,0.0,1.0999980485915826,-2.9929556827989286e-06
513720,0.1197182930004481,1.4676080007982663e-08,0.0,1.0999980485915826,-2.9929556879672263e-06
513780,0.11971829304264497,1.4639331523897492e-08,0.0,1.0999980485915826,-2.992955693119733e-06
513840,0.11971829308471339,1.4602695207370183e-08,0.0,1.0999980485915826,-2.9929556982565036e-06
513900,0.1197182931266538,1.4566170665731175e-08,0.0,1.0999980485915826,-2.992955703377594e-06
513960,0.11971829316846667,1.4529757505015099e-08,0.0,1.0999980485915826,-2.9929557084830597e-06
514020,0.11971829321015244,1.449345532995232e-08,0.0,1.0999980485915823,-2.992955713572956e-06
514080,0.11971829325171156,1.4457263743960472e-08,0.0,1.0999980485915823,-2.9929557186473386e-06
514140,0.1197182932931445,1.4421182349136003e-08,0.0,1.0999980485915823,-2.9929557237062645e-06
514200,0.11971829333445172,1.4385210746245701e-08,0.0,1.0999980485915823,-2.992955728749789e-06
514260,0.11971829337563365,1.4349348534718238e-08,0.0,1.0999980485915823,-2.9929557337779682e-06
514320,0.1197182934166908,1.4313595312635713e-08,0.0,1.0999980485915823,-2.99295573879086e-06
514380,0.11971829345762358,1.4277950676725172e-08,0.0,1.0999980485915823,-2.99295574378852e-06
514440,0.1197182934984325,1.4242414222350164e-08,0.0,1.0999980485915823,-2.9929557487710058e-06
514500,0.11971829353911799,1.4206985543502275e-08,0.0,1.0999980485915823,-2.9929557537383746e-06
514560,0.11971829357968053,1.4171664232792647e-08,0.0,1.0999980485915823,-2.9929557586906836e-06
514620,0.1197182936201206,1.4136449881443547e-08,0.0,1.0999980485915823,-2.9929557636279903e-06
514680,0.11971829366043867,1.4101342079279877e-08,0.0,1.0999980485915823,-2.992955768550353e-06
514740,0.11971829370063519,1.4066340414720724e-08,0.0,1.0999980485915823,-2.992955773457829e-06
514800,0.11971829374071065,1.4031444474770895e-08,0.0,1.0999980485915823,-2.9929557783504763e-06
514860,0.11971829378066552,1.3996653845012457e-08,0.0,1.0999980485915823,-2.992955783228354e-06
514920,0.11971829382050028,1.3961968109596272e-08,0.0,1.0999980485915823,-2.9929557880915207e-06
514980,0.11971829386021542,1.3927386851233533e-08,0.0,1.0999980485915823,-2.9929557929400343e-06
515040,0.1197182938998114,1.3892909651187303e-08,0.0,1.0999980485915823,-2.992955797773955e-06
515100,0.11971829393928869,1.3858536089264055e-08,0.0,1.0999980485915826,-2.992955802593341e-06
515160,0.11971829397864782,1.3824265743805208e-08,0.0,1.0999980485915826,-2.992955807398252e-06
515220,0.11971829401788923,1.3790098191678657e-08,0.0,1.0999980485915826,-2.9929558121887475e-06
515280,0.11971829405701344,1.3756033008270327e-08,0.0,1.0999980485915826,-2.9929558169648876e-06
515340,0.11971829409602092,1.3722069767475691e-08,0.0,1.0999980485915826,-2.9929558217267324e-06
515400,0.11971829413491217,1.3688208041691326e-08,0.0,1.0999980485915826,-2.992955826474342e-06
515460,0.11971829417368766,1.3654447401806431e-08,0.0,1.0999980485915826,-2.9929558312077767e-06
515520,0.1197182942123479,1.3620787417194388e-08,0.0,1.0999980485915826,-2.992955835927097e-06
515580,0.1197182942508934,1.3587227655704277e-08,0.0,1.0999980485915828,-2.992955840632364e-06
515640,0.11971829428932464,1.3553767683652423e-08,0.0,1.0999980485915828,-2.9929558453236392e-06
515700,0.11971829432764212,1.3520407065813938e-08,0.0,1.0999980485915828,-2.9929558500009835e-06
515760,0.11971829436584634,1.3487145365414252e-08,0.0,1.0999980485915828,-2.9929558546644585e-06
515820,0.1197182944039378,1.3453982144120651e-08,0.0,1.0999980485915828,-2.9929558593141256e-06
515880,0.119718294441917,1.3420916962033818e-08,0.0,1.099998048591583,-2.9929558639500475e-06
515940,0.11971829447978448,1.3387949377679366e-08,0.0,1.099998048591583,-2.992955868572286e-06
516000,0.11971829451754071,1.3355078947999382e-08,0.0,1.099998048591583,-2.9929558731809033e-06
516060,0.1197182945551862,1.3322305228343952e-08,0.0,1.099998048591583,-2.9929558777759625e-06
516120,0.11971829459272149,1.3289627772462713e-08,0.0,1.0999980485915832,-2.9929558823575265e-06
516180,0.11971829463014708,1.3257046132496388e-08,0.0,1.0999980485915832,-2.9929558869256578e-06
516240,0.11971829466746346,1.3224559858968313e-08,0.0,1.0999980485915832,-2.9929558914804203e-06
516300,0.11971829470467119,1.3192168500775977e-08,0.0,1.0999980485915832,-2.9929558960218772e-06
516360,0.11971829474177076,1.3159871605182573e-08,0.0,1.0999980485915835,-2.9929559005500925e-06
516420,0.1197182947787627,1.3127668717808526e-08,0.0,1.0999980485915835,-2.9929559050651305e-06
516480,0.11971829481564752,1.3095559382623022e-08,0.0,1.0999980485915835,-2.992955909567055e-06
516540,0.11971829485242577,1.306354314193556e-08,0.0,1.0999980485915837,-2.9929559140559308e-06
516600,0.11971829488909796,1.303161953638748e-08,0.0,1.0999980485915837,-2.9929559185318223e-06
516660,0.11971829492566462,1.299978810494351e-08,0.0,1.0999980485915837,-2.9929559229947944e-06
516720,0.11971829496212627,1.2968048384883292e-08,0.0,1.099998048591584,-2.992955927444913e-06
516780,0.11971829499848347,1.2936399911792925e-08,0.0,1.099998048591584,-2.9929559318822427e-06
516840,0.11971829503473672,1.2904842219556503e-08,0.0,1.099998048591584,-2.9929559363068498e-06
516900,0.11971829507088658,1.2873374840347656e-08,0.0,1.0999980485915841,-2.9929559407188e-06
516960,0.11971829510693358,1.2841997304621077e-08,0.0,1.0999980485915841,-2.9929559451181595e-06
517020,0.11971829514287827,1.2810709141104067e-08,0.0,1.0999980485915841,-2.992955949504995e-06
517080,0.11971829517872117,1.2779509876788075e-08,0.0,1.0999980485915843,-2.9929559538793724e-06
517140,0.11971829521446284,1.2748399036920225e-08,0.0,1.0999980485915843,-2.992955958241359e-06
517200,0.11971829525010382,1.271737614499487e-08,0.0,1.0999980485915843,-2.9929559625910224e-06
517260,0.11971829528564466,1.2686440722745108e-08,0.0,1.0999980485915846,-2.992955966928429e-06
517320,0.11971829532108591,1.2655592290134341e-08,0.0,1.0999980485915846,-2.992955971253648e-06
517380,0.11971829535642813,1.2624830365347796e-08,0.0,1.0999980485915848,-2.9929559755667456e-06
517440,0.11971829539167185,1.259415446478407e-08,0.0,1.0999980485915848,-2.992955979867791e-06
517500,0.11971829542681765,1.2563564103046673e-08,0.0,1.0999980485915848,-2.9929559841568523e-06
517560,0.11971829546186609,1.2533058792935548e-08,0.0,1.099998048591585,-2.992955988433998e-06
517620,0.1197182954968177,1.2502638045438626e-08,0.0,1.099998048591585,-2.9929559926992973e-06
517680,0.11971829553167308,1.2472301369723357e-08,0.0,1.0999980485915852,-2.9929559969528193e-06
517740,0.11971829556643278,1.2442048273128247e-08,0.0,1.0999980485915852,-2.9929560011946337e-06
517800,0.11971829560109734,1.2411878261154394e-08,0.0,1.0999980485915855,-2.9929560054248094e-06
517860,0.11971829563566737,1.2381790837457027e-08,0.0,1.0999980485915855,-2.992956009643417e-06
517920,0.11971829567014342,1.2351785503837046e-08,0.0,1.0999980485915855,-2.992956013850527e-06
517980,0.11971829570452606,1.2321861760232554e-08,0.0,1.0999980485915857,-2.9929560180462093e-06
518040,0.11971829573881587,1.2292019104710403e-08,0.0,1.0999980485915857,-2.9929560222305347e-06
518100,0.11971829577301343,1.2262257033457722e-08,0.0,1.099998048591586,-2.9929560264035743e-06
518160,0.11971829580711932,1.2232575040773457e-08,0.0,1.099998048591586,-2.9929560305653995e-06
518220,0.11971829584113411,1.2202972619059915e-08,0.0,1.0999980485915861,-2.992956034716082e-06
518280,0.11971829587505839,1.2173449258814292e-08,0.0,1.0999980485915861,-2.992956038855693e-06
518340,0.11971829590889274,1.214400444862022e-08,0.0,1.0999980485915863,-2.9929560429843048e-06
518400,0.11971829594263778,1.2114637675139293e-08,0.0,1.0999980485915863,-2.9929560471019903e-06
518460,0.11971829597629405,1.2085348423102616e-08,0.0,1.0999980485915866,-2.9929560512088215e-06
518520,0.11971829600986217,1.2056136175302337e-08,0.0,1.0999980485915866,-2.9929560553048716e-06
518580,0.11971829604334273,1.2027000412583182e-08,0.0,1.0999980485915868,-2.992956059390214e-06
518640,0.11971829607673633,1.1997940613833997e-08,0.0,1.0999980485915868,-2.9929560634649215e-06
518700,0.11971829611004357,1.1968956255979283e-08,0.0,1.099998048591587,-2.9929560675290686e-06
518760,0.11971829614326504,1.1940046813970736e-08,0.0,1.099998048591587,-2.9929560715827286e-06
518820,0.11971829617640135,1.1911211760778783e-08,0.0,1.0999980485915872,-2.992956075625976e-06
518880,0.11971829620945312,1.1882450567384116e-08,0.0,1.0999980485915872,-2.9929560796588858e-06
518940,0.11971829624242093,1.1853762702769236e-08,0.0,1.0999980485915875,-2.9929560836815325e-06
519000,0.11971829627530542,1.1825147633909985e-08,0.0,1.0999980485915875,-2.992956087693991e-06
519060,0.11971829630810718,1.1796604825767086e-08,0.0,1.0999980485915877,-2.992956091696337e-06
519120,0.11971829634082683,1.1768133741277682e-08,0.0,1.0999980485915877,-2.9929560956886463e-06
519180,0.11971829637346498,1.1739733841346869e-08,0.0,1.099998048591588,-2.992956099670995e-06
519240,0.11971829640602227,1.1711404584839237e-08,0.0,1.099998048591588,-2.992956103643459e-06
519300,0.11971829643849931,1.1683145428570406e-08,0.0,1.0999980485915881,-2.992956107606115e-06
519360,0.11971829647089673,1.1654955827298565e-08,0.0,1.0999980485915883,-2.9929561115590397e-06
519420,0.11971829650321514,1.1626835233716008e-08,0.0,1.0999980485915883,-2.992956115502311e-06
519480,0.11971829653545518,1.1598783098440674e-08,0.0,1.0999980485915886,-2.9929561194360053e-06
519540,0.1197182965676175,1.1570798870007675e-08,0.0,1.0999980485915886,-2.9929561233602013e-06
519600,0.11971829659970269,1.154288199486085e-08,0.0,1.0999980485915888,-2.9929561272749763e-06
519660,0.11971829663171143,1.1515031917344286e-08,0.0,1.0999980485915888,-2.992956131180409e-06
519720,0.11971829666364434,1.148724807969387e-08,0.0,1.099998048591589,-2.992956135076578e-06
519780,0.11971829669550205,1.1459529922028811e-08,0.0,1.099998048591589,-2.992956138963562e-06
519840,0.11971829672728522,1.1431876882343193e-08,0.0,1.0999980485915892,-2.9929561428414407e-06
519900,0.11971829675899448,1.1404288396497499e-08,0.0,1.0999980485915895,-2.992956146710293e-06
519960,0.1197182967906305,1.137676389821016e-08,0.0,1.0999980485915895,-2.9929561505701992e-06
520020,0.11971829682219391,1.1349302819049085e-08,0.0,1.0999980485915897,-2.9929561544212396e-06
520080,0.11971829685368537,1.13219045884232e-08,0.0,1.0999980485915897,-2.992956158263494e-06
520140,0.11971829688510555,1.1294568633573985e-08,0.0,1.09999804859159,-2.9929561620970437e-06
520200,0.11971829691645508,1.1267294379567015e-08,0.0,1.09999804859159,-2.9929561659219696e-06
520260,0.11971829694773463,1.1240081249283492e-08,0.0,1.0999980485915901,-2.992956169738353e-06
520320,0.11971829697894489,1.121292866341179e-08,0.0,1.0999980485915901,-2.9929561735462754e-06
520380,0.11971829701008649,1.1185836040438983e-08,0.0,1.0999980485915903,-2.992956177345819e-06
520440,0.1197182970411601,1.1158802796642389e-08,0.0,1.0999980485915906,-2.992956181137066e-06
520500,0.11971829707216641,1.1131828346081108e-08,0.0,1.0999980485915906,-2.9929561849200996e-06
520560,0.1197182971031061,1.1104912100587557e-08,0.0,1.0999980485915908,-2.992956188695002e-06
520620,0.11971829713397981,1.1078053469759004e-08,0.0,1.0999980485915908,-2.9929561924618565e-06
520680,0.11971829716478825,1.105125186094911e-08,0.0,1.099998048591591,-2.992956196220747e-06
520740,0.11971829719553209,1.1024506679259471e-08,0.0,1.099998048591591,-2.992956199971757e-06
520800,0.11971829722621202,1.0997817327531145e-08,0.0,1.0999980485915912,-2.9929562037149704e-06
520860,0.11971829725682871,1.0971183206336195e-08,0.0,1.0999980485915912,-2.992956207450473e-06
520920,0.11971829728738285,1.0944603713969228e-08,0.0,1.0999980485915914,-2.9929562111783483e-06
520980,0.11971829731787516,1.0918078246438933e-08,0.0,1.0999980485915917,-2.9929562148986822e-06
521040,0.11971829734830629,1.0891606197459607e-08,0.0,1.0999980485915917,-2.9929562186115597e-06
521100,0.11971829737867697,1.0865186958442712e-08,0.0,1.099998048591592,-2.992956222317067e-06
521160,0.11971829740898789,1.0838819918488396e-08,0.0,1.099998048591592,-2.9929562260152904e-06
521220,0.11971829743923974,1.0812504464377037e-08,0.0,1.0999980485915921,-2.9929562297063157e-06
521280,0.11971829746943324,1.0786239980560783e-08,0.0,1.0999980485915921,-2.9929562333902305e-06
521340,0.11971829749956908,1.076002584915508e-08,0.0,1.0999980485915923,-2.992956237067121e-06
521400,0.119718297529648,1.0733861449930224e-08,0.0,1.0999980485915923,-2.9929562407370754e-06
521460,0.11971829755967067,1.0707746160302885e-08,0.0,1.0999980485915926,-2.9929562444001808e-06
521520,0.11971829758963784,1.068167935532765e-08,0.0,1.0999980485915926,-2.992956248056526e-06
521580,0.11971829761955022,1.0655660407688565e-08,0.0,1.0999980485915928,-2.992956251706199e-06
521640,0.11971829764940851,1.0629688687690659e-08,0.0,1.0999980485915928,-2.992956255349289e-06
521700,0.11971829767921345,1.0603763563251498e-08,0.0,1.099998048591593,-2.992956258985885e-06
521760,0.11971829770896578,1.0577884399892713e-08,0.0,1.099998048591593,-2.9929562626160758e-06
521820,0.1197182977386662,1.0552050560731535e-08,0.0,1.0999980485915932,-2.992956266239952e-06
521880,0.11971829776831545,1.0526261406472343e-08,0.0,1.0999980485915932,-2.9929562698576035e-06
521940,0.11971829779791428,1.0500516295398188e-08,0.0,1.0999980485915934,-2.992956273469121e-06
522000,0.1197182978274634,1.0474814583362346e-08,0.0,1.0999980485915934,-2.992956277074595e-06
522060,0.11971829785696358,1.0449155623779838e-08,0.0,1.0999980485915937,-2.9929562806741165e-06
522120,0.11971829788641554,1.0423538767618982e-08,0.0,1.0999980485915937,-2.992956284267777e-06
522180,0.11971829791582003,1.0397963363392925e-08,0.0,1.099998048591594,-2.992956287855669e-06
522240,0.11971829794517781,1.0372428757151179e-08,0.0,1.099998048591594,-2.9929562914378846e-06
522300,0.11971829797448962,1.0346934292471156e-08,0.0,1.0999980485915941,-2.9929562950145155e-06
522360,0.1197182980037562,1.0321479310449719e-08,0.0,1.0999980485915941,-2.9929562985856556e-06
522420,0.11971829803297833,1.02960631496947e-08,0.0,1.0999980485915943,-2.992956302151398e-06
522480,0.11971829806215677,1.0270685146316453e-08,0.0,1.0999980485915943,-2.9929563057118357e-06
522540,0.11971829809129227,1.0245344633919385e-08,0.0,1.0999980485915946,-2.992956309267063e-06
522600,0.11971829812038558,1.0220040943593492e-08,0.0,1.0999980485915946,-2.992956312817174e-06
522660,0.1197182981494375,1.0194773403905899e-08,0.0,1.0999980485915948,-2.992956316362264e-06
522720,0.11971829817844878,1.01695413408924e-08,0.0,1.0999980485915948,-2.9929563199024277e-06
522780,0.11971829820742022,1.014434407804899e-08,0.0,1.0999980485915948,-2.9929563234377606e-06
522840,0.11971829823635256,1.0119180936323406e-08,0.0,1.099998048591595,-2.992956326968358e-06
522900,0.1197182982652466,1.0094051234106662e-08,0.0,1.099998048591595,-2.9929563304943163e-06
522960,0.11971829829410312,1.0068954287224592e-08,0.0,1.0999980485915952,-2.9929563340157325e-06
523020,0.1197182983229229,1.0043889408929378e-08,0.0,1.0999980485915952,-2.9929563375327023e-06
523080,0.11971829835170673,1.0018855909891099e-08,0.0,1.0999980485915952,-2.992956341045324e-06
523140,0.11971829838045542,9.993853098189256e-09,0.0,1.0999980485915954,-2.9929563445536944e-06
523200,0.11971829840916974,9.968880279304323e-09,0.0,1.0999980485915954,-2.992956348057912e-06
523260,0.11971829843785049,9.94393675610927e-09,0.0,1.0999980485915957,-2.9929563515580746e-06
523320,0.1197182984664985,9.919021828861114e-09,0.0,1.0999980485915957,-2.9929563550542814e-06
523380,0.11971829849511452,9.894134795192445e-09,0.0,1.0999980485915957,-2.992956358546631e-06
523440,0.1197182985236994,9.869274950102972e-09,0.0,1.099998048591596,-2.992956362035223e-06
523500,0.11971829855225392,9.844441585951059e-09,0.0,1.099998048591596,-2.992956365520157e-06
523560,0.11971829858077893,9.819633992445256e-09,0.0,1.099998048591596,-2.9929563690015335e-06
523620,0.11971829860927521,9.794851456635844e-09,0.0,1.0999980485915961,-2.992956372479453e-06
523680,0.1197182986377436,9.770093262906368e-09,0.0,1.0999980485915961,-2.992956375954016e-06
523740,0.1197182986661849,9.745358692965179e-09,0.0,1.0999980485915961,-2.992956379425324e-06
523800,0.11971829869459995,9.720647025836966e-09,0.0,1.0999980485915963,-2.9929563828934787e-06
523860,0.11971829872298957,9.695957537854299e-09,0.0,1.0999980485915963,-2.9929563863585825e-06
523920,0.1197182987513546,9.671289502649157e-09,0.0,1.0999980485915963,-2.9929563898207373e-06
523980,0.11971829877969586,9.64664219114448e-09,0.0,1.0999980485915963,-2.992956393280046e-06
524040,0.11971829880801421,9.622014871545692e-09,0.0,1.0999980485915966,-2.9929563967366122e-06
524100,0.11971829883631047,9.597406809332249e-09,0.0,1.0999980485915966,-2.992956400190539e-06
524160,0.11971829886458549,9.572817267249172e-09,0.0,1.0999980485915966,-2.99295640364193e-06
524220,0.11971829889284011,9.548245505298583e-09,0.0,1.0999980485915966,-2.9929564070908908e-06
524280,0.11971829892107518,9.523690780731243e-09,0.0,1.0999980485915966,-2.9929564105375254e-06
524340,0.11971829894929155,9.499152348038097e-09,0.0,1.0999980485915968,-2.9929564139819388e-06
524400,0.11971829897749009,9.474629458941798e-09,0.0,1.0999980485915968,-2.9929564174242366e-06
524460,0.11971829900567166,9.450121362388256e-09,0.0,1.0999980485915968,-2.992956420864525e-06
524520,0.11971829903383709,9.42562730453817e-09,0.0,1.0999980485915968,-2.99295642430291e-06
524580,0.11971829906198728,9.401146528758567e-09,0.0,1.0999980485915968,-2.9929564277394983e-06
524640,0.11971829909012309,9.376678275614339e-09,0.0,1.0999980485915968,-2.9929564311743973e-06
524700,0.11971829911824537,9.35222178285978e-09,0.0,1.099998048591597,-2.992956434607714e-06
524760,0.11971829914635503,9.327776285430124e-09,0.0,1.099998048591597,-2.992956438039557e-06
524820,0.11971829917445291,9.303341015433084e-09,0.0,1.099998048591597,-2.9929564414700337e-06
524880,0.11971829920253993,9.278915202140385e-09,0.0,1.099998048591597,-2.9929564448992533e-06
524940,0.11971829923061694,9.254498071979311e-09,0.0,1.099998048591597,-2.992956448327325e-06
525000,0.11971829925422785,9.233981294685185e-09,0.0,1.0999980485915974,-2.9929564512049164e-06
525060,0.11971829927381177,9.216981347212443e-09,0.0,1.0999980485915977,-2.992956453586164e-06
525120,0.11971829929328974,9.200073874752894e-09,0.0,1.099998048591598,-2.9929564559544355e-06
525180,0.11971829931266209,9.18325859763178e-09,0.0,1.0999980485915986,-2.9929564583097703e-06
525240,0.11971829933192914,9.166535234900546e-09,0.0,1.0999980485915988,-2.9929564606522078e-06
525300,0.1197182993510912,9.149903504330635e-09,0.0,1.0999980485915992,-2.992956462981788e-06
525360,0.11971829937014859,9.133363122407264e-09,0.0,1.0999980485915997,-2.9929564652985507e-06
525420,0.11971829938910165,9.116913804323222e-09,0.0,1.0999980485915999,-2.9929564676025358e-06
525480,0.11971829940795072,9.10055526397266e-09,0.0,1.0999980485916003,-2.992956469893784e-06
525540,0.1197182994266961,9.084287213944872e-09,0.0,1.0999980485916008,-2.9929564721723353e-06
525600,0.11971829944533811,9.06810936551808e-09,0.0,1.099998048591601,-2.99295647443823e-06
525660,0.1197182994638771,9.052021428653241e-09,0.0,1.0999980485916014,-2.99295647669151e-06
525720,0.11971829948231341,9.03602311198782e-09,0.0,1.0999980485916019,-2.992956478932216e-06
525780,0.11971829950064736,9.020114122829578e-09,0.0,1.099998048591602,-2.9929564811603886e-06
525840,0.11971829951887929,9.004294167150368e-09,0.0,1.0999980485916026,-2.9929564833760697e-06
525900,0.11971829953700953,8.98856294957992e-09,0.0,1.099998048591603,-2.992956485579301e-06
525960,0.11971829955503843,8.972920173399626e-09,0.0,1.0999980485916032,-2.992956487770124e-06
526020,0.11971829957296631,8.95736554053634e-09,0.0,1.0999980485916037,-2.9929564899485803e-06
526080,0.11971829959079354,8.941898751556147e-09,0.0,1.099998048591604,-2.9929564921147125e-06
526140,0.11971829960852044,8.92651950565817e-09,0.0,1.0999980485916043,-2.992956494268563e-06
526200,0.11971829962614736,8.911227500668351e-09,0.0,1.0999980485916048,-2.9929564964101746e-06
526260,0.11971829964367466,8.89602243303324e-09,0.0,1.0999980485916052,-2.992956498539589e-06
526320,0.11971829966110265,8.880903997813781e-09,0.0,1.0999980485916054,-2.9929565006568505e-06
526380,0.11971829967843171,8.865871888679106e-09,0.0,1.0999980485916059,-2.992956502762001e-06
526440,0.1197182996956622,8.85092579790031e-09,0.0,1.0999980485916063,-2.9929565048550846e-06
526500,0.11971829971279445,8.836065416344265e-09,0.0,1.0999980485916068,-2.9929565069361446e-06
526560,0.11971829972982881,8.821290433467382e-09,0.0,1.099998048591607,-2.992956509005225e-06
526620,0.11971829974676565,8.806600537309413e-09,0.0,1.0999980485916074,-2.992956511062369e-06
526680,0.11971829976360533,8.791995414487237e-09,0.0,1.0999980485916079,-2.992956513107621e-06
526740,0.11971829978034819,8.777474750188648e-09,0.0,1.0999980485916083,-2.992956515141026e-06
526800,0.11971829979699461,8.763038228166148e-09,0.0,1.0999980485916085,-2.9929565171626275e-06
526860,0.11971829981354494,8.748685530730723e-09,0.0,1.099998048591609,-2.992956519172471e-06
526920,0.11971829982999956,8.734416338745645e-09,0.0,1.0999980485916094,-2.9929565211706014e-06
526980,0.1197182998463588,8.720230331620256e-09,0.0,1.0999980485916097,-2.992956523157063e-06
527040,0.11971829986262307,8.706127187303752e-09,0.0,1.09999804859161,-2.9929565251319022e-06
527100,0.1197182998787927,8.692106582278977e-09,0.0,1.0999980485916105,-2.992956527095164e-06
527160,0.1197182998948681,8.678168191556209e-09,0.0,1.099998048591611,-2.992956529046894e-06
527220,0.1197182999108496,8.664311688666948e-09,0.0,1.0999980485916112,-2.9929565309871386e-06
527280,0.1197182999267376,8.650536745657708e-09,0.0,1.0999980485916117,-2.992956532915944e-06
527340,0.11971829994253247,8.6368430330838e-09,0.0,1.099998048591612,-2.992956534833356e-06
527400,0.11971829995823459,8.623230220003124e-09,0.0,1.0999980485916125,-2.9929565367394215e-06
527460,0.11971829997384434,8.609697973969957e-09,0.0,1.0999980485916128,-2.9929565386341876e-06
527520,0.11971829998936208,8.596245961028739e-09,0.0,1.0999980485916132,-2.992956540517701e-06
527580,0.11971830000478821,8.582873845707867e-09,0.0,1.0999980485916137,-2.992956542390009e-06
527640,0.11971830002012313,8.56958129101348e-09,0.0,1.099998048591614,-2.992956544251159e-06
527700,0.11971830003536718,8.556367958423246e-09,0.0,1.0999980485916143,-2.992956546101199e-06
527760,0.1197183000505208,8.543233507880148e-09,0.0,1.0999980485916148,-2.9929565479401765e-06
527820,0.11971830006558433,8.530177597786282e-09,0.0,1.0999980485916152,-2.9929565497681397e-06
527880,0.1197183000805582,8.51719988499664e-09,0.0,1.0999980485916154,-2.9929565515851367e-06
527940,0.11971830009544278,8.504300024812891e-09,0.0,1.0999980485916159,-2.992956553391217e-06
528000,0.11971830011023847,8.491477670977188e-09,0.0,1.0999980485916163,-2.9929565551864277e-06
528060,0.11971830012494566,8.478732475665935e-09,0.0,1.0999980485916168,-2.992956556970819e-06
528120,0.11971830013956478,8.46606408948359e-09,0.0,1.099998048591617,-2.99295655874444e-06
528180,0.11971830015409618,8.453472161456449e-09,0.0,1.0999980485916174,-2.9929565605073396e-06
528240,0.1197183001685403,8.440956339026434e-09,0.0,1.0999980485916179,-2.992956562259568e-06
528300,0.11971830018289753,8.428516268044882e-09,0.0,1.0999980485916183,-2.9929565640011744e-06
528360,0.11971830019716828,8.416151592766333e-09,0.0,1.0999980485916185,-2.9929565657322094e-06
528420,0.11971830021135293,8.403861955842319e-09,0.0,1.099998048591619,-2.9929565674527235e-06
528480,0.11971830022545193,8.391646998315152e-09,0.0,1.0999980485916194,-2.9929565691627666e-06
528540,0.11971830023946567,8.379506359611715e-09,0.0,1.0999980485916199,-2.9929565708623903e-06
528600,0.11971830025339457,8.367439677537243e-09,0.0,1.09999804859162,-2.9929565725516446e-06
528660,0.11971830026723902,8.355446588269123e-09,0.0,1.0999980485916205,-2.9929565742305816e-06
528720,0.11971830028099947,8.34352672635067e-09,0.0,1.099998048591621,-2.992956575899252e-06
528780,0.11971830029467632,8.331679724684926e-09,0.0,1.0999980485916212,-2.9929565775577084e-06
528840,0.11971830030826999,8.319905214528442e-09,0.0,1.0999980485916216,-2.992956579206002e-06
528900,0.11971830032178091,8.308202825485068e-09,0.0,1.099998048591622,-2.992956580844185e-06
528960,0.1197183003352095,8.296572185499745e-09,0.0,1.0999980485916225,-2.99295658247231e-06
529020,0.11971830034855617,8.285012920852284e-09,0.0,1.0999980485916228,-2.9929565840904297e-06
529080,0.11971830036182136,8.273524656151167e-09,0.0,1.0999980485916232,-2.9929565856985967e-06
529140,0.11971830037500553,8.262107014327323e-09,0.0,1.0999980485916236,-2.9929565872968644e-06
529200,0.11971830038810906,8.250759616627933e-09,0.0,1.0999980485916239,-2.992956588885286e-06
529260,0.1197183004011324,8.239482082610197e-09,0.0,1.0999980485916243,-2.9929565904639147e-06
529320,0.119718300414076,8.228274030135138e-09,0.0,1.0999980485916248,-2.992956592032805e-06
529380,0.11971830042694029,8.217135075361388e-09,0.0,1.0999980485916252,-2.99295659359201e-06
529440,0.1197183004397257,8.20606483273897e-09,0.0,1.0999980485916254,-2.9929565951415847e-06
529500,0.11971830045243267,8.195062915003094e-09,0.0,1.0999980485916259,-2.9929565966815838e-06
529560,0.11971830046506167,8.184128933167941e-09,0.0,1.0999980485916263,-2.9929565982120618e-06
529620,0.11971830047761312,8.173262496520456e-09,0.0,1.0999980485916265,-2.9929565997330733e-06
529680,0.11971830049008747,8.162463212614126e-09,0.0,1.099998048591627,-2.9929566012446743e-06
529740,0.11971830050248516,8.151730687262783e-09,0.0,1.0999980485916274,-2.99295660274692e-06
529800,0.11971830051480667,8.141064524534384e-09,0.0,1.0999980485916276,-2.992956604239866e-06
529860,0.11971830052705243,8.130464326744794e-09,0.0,1.099998048591628,-2.992956605723568e-06
529920,0.11971830053922289,8.119929694451588e-09,0.0,1.0999980485916285,-2.992956607198083e-06
529980,0.11971830055131852,8.10946022644783e-09,0.0,1.0999980485916288,-2.992956608663467e-06
530040,0.11971830056333978,8.099055519755867e-09,0.0,1.0999980485916292,-2.9929566101197767e-06
530100,0.11971830057528712,8.088715169621106e-09,0.0,1.0999980485916296,-2.9929566115670697e-06
530160,0.11971830058716103,8.078438769505822e-09,0.0,1.0999980485916299,-2.9929566130054024e-06
530220,0.11971830059896194,8.068225911082924e-09,0.0,1.0999980485916303,-2.992956614434833e-06
530280,0.11971830061069032,8.058076184229765e-09,0.0,1.0999980485916305,-2.992956615855419e-06
530340,0.11971830062234666,8.04798917702191e-09,0.0,1.099998048591631,-2.992956617267218e-06
530400,0.11971830063393142,8.037964475726945e-09,0.0,1.0999980485916314,-2.992956618670289e-06
530460,0.11971830064544507,8.028001664798247e-09,0.0,1.0999980485916316,-2.9929566200646898e-06
530520,0.1197183006568881,8.018100326868785e-09,0.0,1.099998048591632,-2.9929566214504797e-06
530580,0.11971830066826097,8.0082600427449e-09,0.0,1.0999980485916325,-2.992956622827717e-06
530640,0.11971830067956417,7.998480391400102e-09,0.0,1.0999980485916327,-2.9929566241964623e-06
530700,0.11971830069079818,7.98876094996885e-09,0.0,1.0999980485916332,-2.992956625556774e-06
530760,0.11971830070196347,7.979101293740348e-09,0.0,1.0999980485916334,-2.992956626908712e-06
530820,0.11971830071306054,7.969500996152324e-09,0.0,1.0999980485916339,-2.992956628252337e-06
530880,0.11971830072408988,7.959959628784828e-09,0.0,1.099998048591634,-2.992956629587709e-06
530940,0.11971830073505198,7.950476761354017e-09,0.0,1.0999980485916345,-2.992956630914888e-06
531000,0.11971830074594732,7.941051961705945e-09,0.0,1.099998048591635,-2.9929566322339355e-06
531060,0.11971830075677639,7.931684795810342e-09,0.0,1.0999980485916352,-2.9929566335449125e-06
531120,0.11971830076753971,7.92237482775442e-09,0.0,1.0999980485916356,-2.992956634847881e-06
531180,0.11971830077823777,7.913121619736639e-09,0.0,1.0999980485916359,-2.992956636142901e-06
531240,0.11971830078887105,7.903924732060521e-09,0.0,1.0999980485916363,-2.992956637430036e-06
531300,0.11971830079944008,7.894783723128416e-09,0.0,1.0999980485916365,-2.9929566387093478e-06
531360,0.11971830080994535,7.885698149435304e-09,0.0,1.099998048591637,-2.9929566399808984e-06
531420,0.11971830082038737,7.876667565562578e-09,0.0,1.0999980485916372,-2.9929566412447507e-06
531480,0.11971830083076665,7.867691524171834e-09,0.0,1.0999980485916376,-2.992956642500968e-06
531540,0.1197183008410837,7.85876957599866e-09,0.0,1.0999980485916379,-2.992956643749613e-06
531600,0.11971830085133904,7.849901269846419e-09,0.0,1.0999980485916383,-2.9929566449907497e-06
531660,0.11971830086153318,7.841086152580048e-09,0.0,1.0999980485916385,-2.992956646224442e-06
531720,0.11971830087166664,7.832323769119838e-09,0.0,1.099998048591639,-2.9929566474507536e-06
531780,0.11971830088173993,7.823613662435222e-09,0.0,1.0999980485916392,-2.992956648669749e-06
531840,0.1197183008917536,7.814955373538571e-09,0.0,1.0999980485916396,-2.9929566498814925e-06
531900,0.11971830090170814,7.806348441478976e-09,0.0,1.0999980485916399,-2.99295665108605e-06
531960,0.1197183009116041,7.797792403336037e-09,0.0,1.09999804859164,-2.9929566522834857e-06
532020,0.119718300921442,7.789286794213653e-09,0.0,1.0999980485916405,-2.992956653473865e-06
532080,0.11971830093122238,7.78083114723381e-09,0.0,1.0999980485916407,-2.9929566546572544e-06
532140,0.11971830094094577,7.772424993530374e-09,0.0,1.0999980485916412,-2.9929566558337197e-06
532200,0.1197183009506127,7.764067862242867e-09,0.0,1.0999980485916414,-2.992956657003327e-06
532260,0.1197183009602237,7.755759280510271e-09,0.0,1.0999980485916416,-2.9929566581661426e-06
532320,0.11971830096977934,7.747498773464802e-09,0.0,1.099998048591642,-2.9929566593222338e-06
532380,0.11971830097928014,7.739285864225712e-09,0.0,1.0999980485916423,-2.9929566604716676e-06
532440,0.11971830098872666,7.731120073893067e-09,0.0,1.0999980485916425,-2.9929566616145116e-06
532500,0.11971830099811943,7.723000921541538e-09,0.0,1.099998048591643,-2.9929566627508334e-06
532560,0.11971830100745902,7.714927924214194e-09,0.0,1.0999980485916432,-2.992956663880701e-06
532620,0.11971830101674595,7.706900596916286e-09,0.0,1.0999980485916434,-2.9929566650041824e-06
532680,0.11971830102598081,7.698918452609036e-09,0.0,1.0999980485916439,-2.992956666121347e-06
532740,0.11971830103516413,7.690981002203427e-09,0.0,1.099998048591644,-2.992956667232263e-06
532800,0.1197183010442965,7.683087754553987e-09,0.0,1.0999980485916443,-2.9929566683369996e-06
532860,0.11971830105337845,7.675238216452588e-09,0.0,1.0999980485916447,-2.9929566694356263e-06
532920,0.11971830106241056,7.667431892622221e-09,0.0,1.099998048591645,-2.992956670528213e-06
532980,0.11971830107139339,7.659668285710793e-09,0.0,1.0999980485916452,-2.992956671614829e-06
533040,0.11971830108032751,7.651946896284911e-09,0.0,1.0999980485916454,-2.992956672695546e-06
533100,0.11971830108921348,7.64426722282368e-09,0.0,1.0999980485916458,-2.9929566737704335e-06
533160,0.1197183010980519,7.636628761712475e-09,0.0,1.099998048591646,-2.992956674839563e-06
533220,0.11971830110684334,7.629031007236742e-09,0.0,1.0999980485916463,-2.9929566759030054e-06
533280,0.11971830111558834,7.621473451575786e-09,0.0,1.0999980485916465,-2.992956676960832e-06
533340,0.11971830112428754,7.613955584796555e-09,0.0,1.0999980485916467,-2.992956678013115e-06
533400,0.11971830113294148,7.606476894847428e-09,0.0,1.099998048591647,-2.992956679059927e-06
533460,0.11971830114155076,7.599036867552005e-09,0.0,1.0999980485916474,-2.992956680101339e-06
533520,0.11971830115011595,7.591634986602899e-09,0.0,1.0999980485916476,-2.9929566811374246e-06
533580,0.11971830115863767,7.584270733555518e-09,0.0,1.0999980485916478,-2.992956682168257e-06
533640,0.1197183011671165,7.576943587821862e-09,0.0,1.099998048591648,-2.992956683193909e-06
533700,0.11971830117555302,7.5696530266643e-09,0.0,1.0999980485916483,-2.9929566842144543e-06
533760,0.11971830118394786,7.562398525189368e-09,0.0,1.0999980485916485,-2.992956685229967e-06
533820,0.11971830119230158,7.555179556341553e-09,0.0,1.0999980485916487,-2.9929566862405215e-06
533880,0.11971830120061482,7.547995590897082e-09,0.0,1.099998048591649,-2.992956687246192e-06
533940,0.11971830120888816,7.540846097457713e-09,0.0,1.0999980485916492,-2.992956688247053e-06
534000,0.11971830121712221,7.533730542444521e-09,0.0,1.0999980485916494,-2.99295668924318e-06
534060,0.11971830122531758,7.526648390091684e-09,0.0,1.0999980485916496,-2.9929566902346487e-06
534120,0.1197183012334749,7.519599102440279e-09,0.0,1.0999980485916498,-2.9929566912215344e-06
534180,0.11971830124159477,7.512582139332061e-09,0.0,1.09999804859165,-2.9929566922039134e-06
534240,0.1197183012496778,7.50559695840326e-09,0.0,1.0999980485916503,-2.9929566931818617e-06
534300,0.11971830125772465,7.498643015078361e-09,0.0,1.0999980485916505,-2.9929566941554566e-06
534360,0.11971830126573588,7.491719762563903e-09,0.0,1.0999980485916507,-2.992956695124775e-06
534420,0.11971830127371216,7.48482665184226e-09,0.0,1.099998048591651,-2.9929566960898935e-06
534480,0.1197183012816541,7.477963131665426e-09,0.0,1.0999980485916512,-2.9929566970508905e-06
534540,0.11971830128956233,7.471128648548816e-09,0.0,1.0999980485916514,-2.9929566980078438e-06
534600,0.1197183012974375,7.46432264676504e-09,0.0,1.0999980485916516,-2.992956698960831e-06
534660,0.11971830130528023,7.457544568337703e-09,0.0,1.0999980485916518,-2.992956699909931e-06
534720,0.11971830131309115,7.450793853035187e-09,0.0,1.0999980485916518,-2.9929567008552238e-06
534780,0.11971830132087091,7.444069938364441e-09,0.0,1.099998048591652,-2.992956701796787e-06
534840,0.11971830132862017,7.4373722595647715e-09,0.0,1.0999980485916523,-2.9929567027347005e-06
534900,0.11971830133633955,7.4307002496016266e-09,0.0,1.0999980485916525,-2.9929567036690448e-06
534960,0.1197183013440297,7.4240533391603875e-09,0.0,1.0999980485916527,-2.9929567045998997e-06
535020,0.11971830135169129,7.41743095664016e-09,0.0,1.0999980485916527,-2.9929567055273453e-06
535080,0.11971830135932494,7.410832528147552e-09,0.0,1.099998048591653,-2.992956706451463e-06
535140,0.11971830136693135,7.404257477490478e-09,0.0,1.0999980485916532,-2.992956707372334e-06
535200,0.11971830137451113,7.397705226171932e-09,0.0,1.0999980485916532,-2.9929567082900385e-06
535260,0.11971830138206498,7.391175193383787e-09,0.0,1.0999980485916534,-2.99295670920466e-06
535320,0.11971830138959355,7.384666796000578e-09,0.0,1.0999980485916536,-2.9929567101162797e-06
535380,0.1197183013970975,7.378179448573289e-09,0.0,1.0999980485916536,-2.99295671102498e-06
535440,0.11971830140457751,7.37171256332315e-09,0.0,1.0999980485916538,-2.9929567119308436e-06
535500,0.11971830141203425,7.365265550135414e-09,0.0,1.099998048591654,-2.992956712833954e-06
535560,0.11971830141946839,7.358837816553153e-09,0.0,1.099998048591654,-2.9929567137343945e-06
535620,0.11971830142688061,7.352428767771047e-09,0.0,1.0999980485916543,-2.992956714632249e-06
535680,0.11971830143427158,7.346037806629166e-09,0.0,1.0999980485916543,-2.992956715527601e-06
535740,0.119718301441642,7.339664333606764e-09,0.0,1.0999980485916545,-2.9929567164205354e-06
535800,0.11971830144899254,7.333307746816067e-09,0.0,1.0999980485916545,-2.9929567173111368e-06
535860,0.1197183014563239,7.326967441996059e-09,0.0,1.0999980485916547,-2.99295671819949e-06
535920,0.11971830146363675,7.320642812506272e-09,0.0,1.0999980485916547,-2.992956719085681e-06
535980,0.1197183014709318,7.314333249320575e-09,0.0,1.099998048591655,-2.9929567199697953e-06
536040,0.11971830147820975,7.308038141020958e-09,0.0,1.099998048591655,-2.9929567208519187e-06
536100,0.11971830148547129,7.301756873791331e-09,0.0,1.0999980485916552,-2.9929567217321384e-06
536160,0.11971830149271713,7.295488831411298e-09,0.0,1.0999980485916552,-2.99295672261054e-06
536220,0.11971830149994796,7.289233395249959e-09,0.0,1.0999980485916552,-2.992956723487212e-06
536280,0.11971830150716449,7.282989944259688e-09,0.0,1.0999980485916554,-2.9929567243622405e-06
536340,0.11971830151436744,7.276757854969929e-09,0.0,1.0999980485916554,-2.992956725235714e-06
536400,0.11971830152155752,7.27053650148098e-09,0.0,1.0999980485916554,-2.9929567261077205e-06
536460,0.11971830152873543,7.2643252554577815e-09,0.0,1.0999980485916556,-2.9929567269783484e-06
536520,0.1197183015359019,7.2581234861237094e-09,0.0,1.0999980485916556,-2.9929567278476867e-06
536580,0.11971830154305767,7.251930560254357e-09,0.0,1.0999980485916556,-2.9929567287158243e-06
536640,0.11971830155020342,7.245745842171329e-09,0.0,1.0999980485916556,-2.992956729582851e-06
536700,0.11971830155733992,7.2395686937360256e-09,0.0,1.0999980485916556,-2.9929567304488567e-06
536760,0.11971830156446787,7.2333984743434355e-09,0.0,1.0999980485916558,-2.992956731313931e-06
536820,0.11971830157158801,7.22723454091592e-09,0.0,1.0999980485916558,-2.992956732178165e-06
536880,0.11971830157870109,7.221076247897004e-09,0.0,1.0999980485916558,-2.9929567330416495e-06
536940,0.11971830158580782,7.214922947245164e-09,0.0,1.0999980485916558,-2.9929567339044754e-06
537000,0.11971830159290896,7.208773988427614e-09,0.0,1.0999980485916558,-2.992956734766735e-06
537060,0.11971830160000525,7.202628718414102e-09,0.0,1.0999980485916558,-2.9929567356285195e-06
537120,0.11971830160709743,7.1964864816706834e-09,0.0,1.0999980485916558,-2.9929567364899215e-06
537180,0.11971830161418626,7.190346620153529e-09,0.0,1.0999980485916558,-2.992956737351034e-06
537240,0.11971830162127248,7.1842084733026956e-09,0.0,1.0999980485916558,-2.992956738211949e-06
537300,0.11971830162835684,7.178071378035926e-09,0.0,1.0999980485916558,-2.9929567390727613e-06
537360,0.11971830163544012,7.1719346687424315e-09,0.0,1.0999980485916558,-2.992956739933563e-06
537420,0.11971830164252306,7.165797677276684e-09,0.0,1.0999980485916558,-2.9929567407944497e-06
537480,0.11971830164960644,7.1596597329522005e-09,0.0,1.0999980485916558,-2.992956741655515e-06
537540,0.11971830165669102,7.1535201625353365e-09,0.0,1.0999980485916558,-2.992956742516854e-06
537600,0.11971830166377756,7.1473782902390695e-09,0.0,1.0999980485916556,-2.9929567433785613e-06
537660,0.11971830167086683,7.1412334377167914e-09,0.0,1.0999980485916556,-2.992956744240733e-06
537720,0.11971830167795963,7.135084924056094e-09,0.0,1.0999980485916556,-2.9929567451034647e-06
537780,0.11971830168505672,7.1289320657725595e-09,0.0,1.0999980485916556,-2.9929567459668526e-06
537840,0.11971830169215888,7.122774176803547e-09,0.0,1.0999980485916556,-2.9929567468309935e-06
537900,0.11971830169926691,7.116610568501985e-09,0.0,1.0999980485916554,-2.992956747695984e-06
537960,0.11971830170638156,7.110440549630153e-09,0.0,1.0999980485916554,-2.9929567485619223e-06
538020,0.11971830171350366,7.104263426353477e-09,0.0,1.0999980485916554,-2.992956749428905e-06
538080,0.11971830172063398,7.098078502234313e-09,0.0,1.0999980485916552,-2.9929567502970303e-06
538140,0.11971830172777333,7.091885078225739e-09,0.0,1.0999980485916552,-2.9929567511663974e-06
538200,0.1197183017349225,7.085682452665339e-09,0.0,1.099998048591655,-2.9929567520371045e-06
538260,0.11971830174208228,7.0794699212689974e-09,0.0,1.099998048591655,-2.992956752909251e-06
538320,0.11971830174925349,7.0732467771246824e-09,0.0,1.0999980485916547,-2.9929567537829364e-06
538380,0.11971830175643695,7.067012310686237e-09,0.0,1.0999980485916547,-2.9929567546582602e-06
538440,0.11971830176363345,7.060765809767165e-09,0.0,1.0999980485916545,-2.992956755535323e-06
538500,0.1197183017708438,7.0545065595344245e-09,0.0,1.0999980485916545,-2.9929567564142256e-06
538560,0.11971830177806883,7.04823384250221e-09,0.0,1.0999980485916543,-2.9929567572950687e-06
538620,0.11971830178530936,7.041946938525745e-09,0.0,1.0999980485916543,-2.992956758177954e-06
538680,0.1197183017925662,7.03564512479507e-09,0.0,1.099998048591654,-2.9929567590629828e-06
538740,0.11971830179984021,7.029327675828828e-09,0.0,1.0999980485916538,-2.992956759950258e-06
538800,0.11971830180713217,7.022993863468059e-09,0.0,1.0999980485916536,-2.9929567608398813e-06
538860,0.11971830181444294,7.01664295686998e-09,0.0,1.0999980485916536,-2.992956761731956e-06
538920,0.11971830182177334,7.010274222501783e-09,0.0,1.0999980485916534,-2.9929567626265855e-06
538980,0.11971830182912424,7.0038869241344135e-09,0.0,1.0999980485916532,-2.992956763523873e-06
539040,0.11971830183649644,6.9974803228363695e-09,0.0,1.099998048591653,-2.992956764423923e-06
539100,0.11971830184389082,6.99105367696748e-09,0.0,1.0999980485916527,-2.9929567653268397e-06
539160,0.1197183018513082,6.9846062421727e-09,0.0,1.0999980485916525,-2.992956766232728e-06
539220,0.11971830185874945,6.978137271375894e-09,0.0,1.0999980485916525,-2.992956767141693e-06
539280,0.1197183018662154,6.9716460147736335e-09,0.0,1.0999980485916523,-2.9929567680538402e-06
539340,0.11971830187370694,6.965131719828973e-09,0.0,1.099998048591652,-2.9929567689692757e-06
539400,0.1197183018812249,6.9585936312652475e-09,0.0,1.0999980485916518,-2.9929567698881057e-06
539460,0.11971830188877015,6.952030991059858e-09,0.0,1.0999980485916516,-2.992956770810437e-06
539520,0.11971830189634357,6.945443038438061e-09,0.0,1.0999980485916512,-2.9929567717363765e-06
539580,0.11971830190394601,6.938829009866752e-09,0.0,1.099998048591651,-2.9929567726660325e-06
539640,0.11971830191157837,6.932188139048263e-09,0.0,1.0999980485916507,-2.992956773599512e-06
539700,0.1197183019192415,6.925519656914142e-09,0.0,1.0999980485916505,-2.9929567745369233e-06
539760,0.11971830192693628,6.9188227916189485e-09,0.0,1.0999980485916503,-2.9929567754783754e-06
539820,0.1197183019346636,6.9120967685340375e-09,0.0,1.0999980485916498,-2.992956776423977e-06
539880,0.11971830194242433,6.905340810241349e-09,0.0,1.0999980485916496,-2.992956777373838e-06
539940,0.11971830195021939,6.898554136527197e-09,0.0,1.0999980485916494,-2.9929567783280687e-06
540000,0.11971830195804965,6.8917359643760566e-09,0.0,1.0999980485916492,-2.9929567792867782e-06
540060,0.119718301965916,6.884885507964356e-09,0.0,1.0999980485916487,-2.9929567802500775e-06
540120,0.11971830197381934,6.87800197865426e-09,0.0,1.0999980485916485,-2.992956781218078e-06
540180,0.11971830198176059,6.871084584987462e-09,0.0,1.099998048591648,-2.992956782190891e-06
540240,0.11971830198974062,6.864132532678972e-09,0.0,1.0999980485916478,-2.992956783168628e-06
540300,0.11971830199776037,6.8571450246109035e-09,0.0,1.0999980485916474,-2.9929567841514015e-06
540360,0.11971830200582075,6.850121260826262e-09,0.0,1.0999980485916472,-2.992956785139324e-06
540420,0.11971830201392264,6.843060438522736e-09,0.0,1.0999980485916467,-2.9929567861325087e-06
540480,0.11971830202206699,6.835961752046483e-09,0.0,1.0999980485916463,-2.992956787131069e-06
540540,0.1197183020302547,6.828824392885919e-09,0.0,1.099998048591646,-2.9929567881351186e-06
540600,0.11971830203848671,6.8216475496655055e-09,0.0,1.0999980485916456,-2.9929567891447717e-06
540660,0.11971830204676394,6.814430408139541e-09,0.0,1.0999980485916452,-2.992956790160143e-06
540720,0.11971830205508731,6.807172151185946e-09,0.0,1.099998048591645,-2.9929567911813477e-06
540780,0.11971830206345778,6.799871958800054e-09,0.0,1.0999980485916445,-2.992956792208501e-06
540840,0.11971830207187625,6.7925290080883974e-09,0.0,1.099998048591644,-2.992956793241719e-06
540900,0.11971830208034369,6.7851424732625e-09,0.0,1.0999980485916436,-2.9929567942811173e-06
540960,0.11971830208886104,6.77771152563266e-09,0.0,1.0999980485916432,-2.9929567953268133e-06
541020,0.11971830209742923,6.770235333601743e-09,0.0,1.0999980485916427,-2.992956796378924e-06
541080,0.11971830210604922,6.76271306265897e-09,0.0,1.0999980485916423,-2.9929567974375665e-06
541140,0.11971830211472198,6.755143875373701e-09,0.0,1.0999980485916419,-2.992956798502859e-06
541200,0.11971830212344843,6.747526931389232e-09,0.0,1.0999980485916414,-2.99295679957492e-06
541260,0.11971830213222956,6.739861387416574e-09,0.0,1.099998048591641,-2.9929568006538675e-06
541320,0.11971830214106632,6.732146397228248e-09,0.0,1.0999980485916405,-2.9929568017398213e-06
541380,0.11971830214995968,6.724381111652073e-09,0.0,1.09999804859164,-2.992956802832901e-06
541440,0.11971830215891062,6.71656467856495e-09,0.0,1.0999980485916394,-2.992956803933226e-06
541500,0.1197183021679201,6.708696242886655e-09,0.0,1.099998048591639,-2.9929568050409167e-06
541560,0.11971830217698909,6.700774946573626e-09,0.0,1.0999980485916385,-2.9929568061560944e-06
541620,0.11971830218611859,6.6927999286127505e-09,0.0,1.099998048591638,-2.99295680727888e-06
541680,0.11971830219530957,6.684770325015155e-09,0.0,1.0999980485916374,-2.9929568084093956e-06
541740,0.11971830220456302,6.676685268809993e-09,0.0,1.099998048591637,-2.9929568095477625e-06
541800,0.11971830221387994,6.668543890038233e-09,0.0,1.0999980485916363,-2.9929568106941035e-06
541860,0.11971830222326131,6.660345315746448e-09,0.0,1.0999980485916359,-2.9929568118485416e-06
541920,0.11971830223270813,6.6520886699806055e-09,0.0,1.0999980485916352,-2.9929568130112002e-06
541980,0.11971830224222141,6.6437730737798505e-09,0.0,1.0999980485916347,-2.9929568141822025e-06
542040,0.11971830225180213,6.6353976451703e-09,0.0,1.099998048591634,-2.9929568153616735e-06
542100,0.11971830226145133,6.626961499158827e-09,0.0,1.0999980485916334,-2.992956816549737e-06
542160,0.11971830227117,6.618463747726853e-09,0.0,1.099998048591633,-2.992956817746519e-06
542220,0.11971830228095917,6.6099034998241314e-09,0.0,1.0999980485916323,-2.9929568189521436e-06
542280,0.11971830229081984,6.60127986136254e-09,0.0,1.0999980485916316,-2.992956820166737e-06
542340,0.11971830230075305,6.59259193520987e-09,0.0,1.099998048591631,-2.9929568213904266e-06
542400,0.11971830231075979,6.5838388211836094e-09,0.0,1.0999980485916303,-2.9929568226233386e-06
542460,0.11971830232084113,6.575019616044737e-09,0.0,1.0999980485916296,-2.9929568238655992e-06
542520,0.11971830233099809,6.566133413491509e-09,0.0,1.099998048591629,-2.9929568251173373e-06
542580,0.11971830234123168,6.557179304153244e-09,0.0,1.0999980485916283,-2.99295682637868e-06
542640,0.11971830235154297,6.5481563755841185e-09,0.0,1.0999980485916276,-2.992956827649756e-06
542700,0.119718302361933,6.5390637122569476e-09,0.0,1.099998048591627,-2.9929568289306945e-06
542760,0.11971830237240279,6.529900395556979e-09,0.0,1.0999980485916263,-2.9929568302216243e-06
542820,0.11971830238295342,6.52066550377568e-09,0.0,1.0999980485916256,-2.992956831522676e-06
542880,0.11971830239358591,6.511358112104525e-09,0.0,1.099998048591625,-2.992956832833979e-06
542940,0.11971830240430135,6.501977292628784e-09,0.0,1.099998048591624,-2.9929568341556638e-06
543000,0.11971830241510079,6.492522114321311e-09,0.0,1.0999980485916234,-2.9929568354878624e-06
543060,0.11971830242598527,6.482991643036335e-09,0.0,1.0999980485916228,-2.9929568368307052e-06
543120,0.11971830243695589,6.473384941503246e-09,0.0,1.0999980485916219,-2.992956838184325e-06
543180,0.1197183024480137,6.463701069320382e-09,0.0,1.0999980485916212,-2.992956839548854e-06
543240,0.11971830245915978,6.4539390829488205e-09,0.0,1.0999980485916203,-2.9929568409244243e-06
543300,0.11971830247039521,6.444098035706167e-09,0.0,1.0999980485916196,-2.99295684231117e-06
543360,0.11971830248172106,6.43417697776034e-09,0.0,1.0999980485916188,-2.992956843709225e-06
543420,0.11971830249313845,6.424174956123364e-09,0.0,1.099998048591618,-2.9929568451187227e-06
543480,0.11971830250464842,6.414091014645152e-09,0.0,1.0999980485916172,-2.992956846539798e-06
543540,0.1197183025162521,6.403924194007302e-09,0.0,1.0999980485916163,-2.992956847972586e-06
543600,0.11971830252795056,6.3936735317168784e-09,0.0,1.0999980485916154,-2.992956849417222e-06
543660,0.11971830253974491,6.383338062100203e-09,0.0,1.0999980485916145,-2.9929568508738427e-06
543720,0.11971830255163625,6.372916816296645e-09,0.0,1.0999980485916139,-2.9929568523425835e-06
543780,0.1197183025636257,6.3624088222524065e-09,0.0,1.099998048591613,-2.9929568538235816e-06
543840,0.11971830257571436,6.351813104714314e-09,0.0,1.099998048591612,-2.992956855316974e-06
543900,0.11971830258790335,6.341128685223602e-09,0.0,1.0999980485916112,-2.992956856822899e-06
543960,0.11971830260019377,6.330354582109709e-09,0.0,1.0999980485916103,-2.992956858341495e-06
544020,0.11971830261258676,6.319489810484058e-09,0.0,1.0999980485916092,-2.9929568598728995e-06
544080,0.11971830262508343,6.308533382233851e-09,0.0,1.0999980485916083,-2.9929568614172527e-06
544140,0.11971830263768493,6.297484306015854e-09,0.0,1.0999980485916074,-2.9929568629746935e-06
544200,0.11971830265039236,6.286341587250188e-09,0.0,1.0999980485916065,-2.9929568645453624e-06
544260,0.1197183026632069,6.275104228114111e-09,0.0,1.0999980485916054,-2.9929568661293995e-06
544320,0.11971830267612965,6.263771227535819e-09,0.0,1.0999980485916045,-2.9929568677269456e-06
544380,0.11971830268916178,6.2523415811882205e-09,0.0,1.0999980485916037,-2.9929568693381424e-06
544440,0.11971830270230442,6.240814281482735e-09,0.0,1.0999980485916026,-2.992956870963132e-06
544500,0.11971830271555872,6.229188317563075e-09,0.0,1.0999980485916017,-2.992956872602056e-06
544560,0.11971830272892585,6.217462675299038e-09,0.0,1.0999980485916006,-2.9929568742550577e-06
544620,0.11971830274240695,6.2056363372802975e-09,0.0,1.0999980485915994,-2.99295687592228e-06
544680,0.1197183027560032,6.193708282810182e-09,0.0,1.0999980485915986,-2.9929568776038664e-06
544740,0.11971830276971576,6.181677487899474e-09,0.0,1.0999980485915974,-2.992956879299962e-06
544800,0.1197183027835458,6.169542925260193e-09,0.0,1.0999980485915963,-2.9929568810107105e-06
544860,0.11971830279749449,6.1573035642993845e-09,0.0,1.0999980485915952,-2.9929568827362568e-06
544920,0.119718302811563,6.144958371112908e-09,0.0,1.0999980485915941,-2.9929568844767473e-06
544980,0.11971830282575252,6.1325063084792275e-09,0.0,1.099998048591593,-2.9929568862323277e-06
545040,0.11971830284006424,6.1199463358532e-09,0.0,1.099998048591592,-2.992956888003144e-06
545100,0.11971830285449933,6.107277409359859e-09,0.0,1.0999980485915908,-2.9929568897893434e-06
545160,0.119718302869059,6.09449848178821e-09,0.0,1.0999980485915897,-2.9929568915910735e-06
545220,0.11971830288374445,6.081608502585014e-09,0.0,1.0999980485915886,-2.9929568934084823e-06
545280,0.11971830289855687,6.068606417848579e-09,0.0,1.0999980485915875,-2.9929568952417178e-06
545340,0.11971830291349746,6.055491170322544e-09,0.0,1.0999980485915863,-2.9929568970909288e-06
545400,0.11971830292856743,6.042261699389674e-09,0.0,1.099998048591585,-2.992956898956265e-06
545460,0.11971830294376799,6.028916941065643e-09,0.0,1.099998048591584,-2.992956900837876e-06
545520,0.11971830295910037,6.0154558279928236e-09,0.0,1.0999980485915826,-2.9929569027359117e-06
545580,0.11971830297456577,6.001877289434078e-09,0.0,1.0999980485915815,-2.9929569046505233e-06
545640,0.11971830299016542,5.988180251266544e-09,0.0,1.0999980485915801,-2.992956906581862e-06
545700,0.11971830300590056,5.9743636359754236e-09,0.0,1.099998048591579,-2.9929569085300787e-06
545760,0.1197183030217724,5.960426362647772e-09,0.0,1.0999980485915777,-2.9929569104953264e-06
545820,0.11971830303778218,5.9463673469662866e-09,0.0,1.0999980485915763,-2.9929569124777574e-06
545880,0.11971830305393115,5.932185501203094e-09,0.0,1.0999980485915752,-2.992956914477525e-06
545940,0.11971830307022054,5.9178797342135394e-09,0.0,1.099998048591574,-2.9929569164947824e-06
546000,0.11971830308665159,5.903448951429975e-09,0.0,1.0999980485915726,-2.992956918529684e-06
546060,0.11971830310322557,5.8888920548555495e-09,0.0,1.0999980485915712,-2.9929569205823847e-06
546120,0.11971830311994372,5.8742079430579945e-09,0.0,1.09999804859157,-2.992956922653039e-06
546180,0.11971830313680731,5.859395511163412e-09,0.0,1.0999980485915686,-2.9929569247418022e-06
546240,0.1197183031538176,5.844453650850069e-09,0.0,1.0999980485915672,-2.992956926848831e-06
546300,0.11971830317097584,5.829381250342176e-09,0.0,1.0999980485915657,-2.9929569289742814e-06
546360,0.1197183031882833,5.8141771944036875e-09,0.0,1.0999980485915644,-2.9929569311183107e-06
546420,0.11971830319787256,5.805762959520027e-09,0.0,1.0999980485915637,-2.9929569323052457e-06
546480,0.11971830320007712,5.803845115700628e-09,0.0,1.0999980485915632,-2.9929569325764504e-06
546540,0.11971830320225547,5.80194996205399e-09,0.0,1.099998048591563,-2.9929569328444758e-06
546600,0.11971830320440786,5.800077294843641e-09,0.0,1.0999980485915626,-2.992956933109351e-06
546660,0.11971830320653451,5.798226909795494e-09,0.0,1.0999980485915624,-2.992956933371104e-06
546720,0.11971830320863566,5.796398602095744e-09,0.0,1.099998048591562,-2.992956933629764e-06
546780,0.11971830321071154,5.794592166388792e-09,0.0,1.0999980485915617,-2.9929569338853594e-06
546840,0.1197183032127624,5.7928073967751445e-09,0.0,1.0999980485915613,-2.992956934137919e-06
546900,0.11971830321478848,5.791044086809333e-09,0.0,1.099998048591561,-2.9929569343874717e-06
546960,0.11971830321678999,5.789302029497819e-09,0.0,1.0999980485915606,-2.9929569346340463e-06
547020,0.11971830321876718,5.7875810172969065e-09,0.0,1.0999980485915604,-2.992956934877672e-06
547080,0.1197183032207203,5.785880842110653e-09,0.0,1.09999804859156,-2.992956935118378e-06
547140,0.11971830322264959,5.784201295288778e-09,0.0,1.0999980485915597,-2.992956935356193e-06
547200,0.11971830322455528,5.782542167624576e-09,0.0,1.0999980485915593,-2.9929569355911474e-06
547260,0.1197183032264376,5.780903249352826e-09,0.0,1.099998048591559,-2.992956935823269e-06
547320,0.11971830322829682,5.779284330147702e-09,0.0,1.0999980485915586,-2.992956936052588e-06
547380,0.11971830323013317,5.777685199120685e-09,0.0,1.0999980485915584,-2.9929569362791342e-06
547440,0.11971830323194688,5.776105644818471e-09,0.0,1.099998048591558,-2.9929569365029364e-06
547500,0.11971830323373821,5.774545455220883e-09,0.0,1.0999980485915575,-2.9929569367240247e-06
547560,0.1197183032355074,5.773004417738782e-09,0.0,1.0999980485915573,-2.9929569369424292e-06
547620,0.11971830323725469,5.771482319211977e-09,0.0,1.0999980485915568,-2.9929569371581787e-06
547680,0.11971830323898032,5.7699789459071364e-09,0.0,1.0999980485915566,-2.992956937371304e-06
547740,0.11971830324068455,5.768494083515697e-09,0.0,1.0999980485915561,-2.9929569375818345e-06
547800,0.11971830324236762,5.7670275171517746e-09,0.0,1.099998048591556,-2.9929569377898e-06
547860,0.11971830324402978,5.765579031350077e-09,0.0,1.0999980485915555,-2.992956937995232e-06
547920,0.11971830324567127,5.764148410063814e-09,0.0,1.0999980485915553,-2.992956938198159e-06
547980,0.11971830324729235,5.762735436662604e-09,0.0,1.0999980485915548,-2.9929569383986123e-06
548040,0.11971830324889327,5.761339893930389e-09,0.0,1.0999980485915544,-2.9929569385966223e-06
548100,0.11971830325047426,5.759961564063345e-09,0.0,1.0999980485915541,-2.9929569387922187e-06
548160,0.11971830325203558,5.758600228667791e-09,0.0,1.0999980485915537,-2.9929569389854325e-06
548220,0.1197183032535775,5.757255668758097e-09,0.0,1.0999980485915535,-2.9929569391762944e-06
548280,0.11971830325510026,5.755927664754601e-09,0.0,1.099998048591553,-2.9929569393648355e-06
548340,0.11971830325660411,5.754615996481516e-09,0.0,1.0999980485915526,-2.9929569395510853e-06
548400,0.1197183032580893,5.7533204431648386e-09,0.0,1.0999980485915524,-2.9929569397350757e-06
548460,0.1197183032595561,5.752040783430263e-09,0.0,1.099998048591552,-2.9929569399168375e-06
548520,0.11971830326100474,5.750776795301089e-09,0.0,1.0999980485915517,-2.9929569400964017e-06
548580,0.11971830326243549,5.7495282561961365e-09,0.0,1.0999980485915513,-2.9929569402737992e-06
548640,0.11971830326384861,5.7482949429276506e-09,0.0,1.099998048591551,-2.9929569404490613e-06
548700,0.11971830326524435,5.747076631699217e-09,0.0,1.0999980485915506,-2.992956940622219e-06
548760,0.11971830326662299,5.745873098103669e-09,0.0,1.0999980485915501,-2.9929569407933044e-06
548820,0.11971830326798474,5.744684117121001e-09,0.0,1.09999804859155,-2.9929569409623485e-06
548880,0.1197183032693299,5.743509463116278e-09,0.0,1.0999980485915495,-2.9929569411293825e-06
548940,0.11971830327065872,5.742348909837544e-09,0.0,1.0999980485915493,-2.9929569412944388e-06
549000,0.11971830327197146,5.741202230413736e-09,0.0,1.0999980485915488,-2.9929569414575485e-06
549060,0.11971830327326838,5.740069197352592e-09,0.0,1.0999980485915484,-2.9929569416187435e-06
549120,0.11971830327454973,5.738949582538566e-09,0.0,1.0999980485915481,-2.992956941778056e-06
549180,0.1197183032758158,5.73784315723073e-09,0.0,1.0999980485915477,-2.9929569419355173e-06
549240,0.11971830327706683,5.736749692060696e-09,0.0,1.0999980485915473,-2.9929569420911605e-06
549300,0.11971830327830309,5.735668957030513e-09,0.0,1.099998048591547,-2.992956942245017e-06
549360,0.11971830327952485,5.734600721510593e-09,0.0,1.0999980485915466,-2.992956942397119e-06
549420,0.11971830328073237,5.7335447542376065e-09,0.0,1.0999980485915464,-2.992956942547499e-06
549480,0.11971830328192593,5.732500823312405e-09,0.0,1.099998048591546,-2.9929569426961894e-06
549540,0.11971830328310577,5.731468696197927e-09,0.0,1.0999980485915455,-2.992956942843223e-06
549600,0.11971830328427219,5.730448139717104e-09,0.0,1.0999980485915453,-2.9929569429886317e-06
549660,0.11971830328542543,5.729438920050779e-09,0.0,1.0999980485915448,-2.9929569431324486e-06
549720,0.11971830328656577,5.728440802735613e-09,0.0,1.0999980485915446,-2.9929569432747065e-06
549780,0.11971830328769349,5.727453552661995e-09,0.0,1.0999980485915442,-2.992956943415438e-06
549840,0.11971830328880885,5.726476934071954e-09,0.0,1.0999980485915437,-2.9929569435546767e-06
549900,0.11971830328991212,5.725510710557071e-09,0.0,1.0999980485915435,-2.992956943692455e-06
549960,0.11971830329100358,5.724554645056386e-09,0.0,1.099998048591543,-2.9929569438288062e-06
550020,0.11971830329208351,5.72360849985431e-09,0.0,1.0999980485915428,-2.9929569439637636e-06
550080,0.11971830329315217,5.722672036578539e-09,0.0,1.0999980485915424,-2.9929569440973606e-06
550140,0.11971830329420982,5.721745016197958e-09,0.0,1.099998048591542,-2.99295694422963e-06
550200,0.11971830329525678,5.720827199020557e-09,0.0,1.0999980485915417,-2.992956944360606e-06
550260,0.11971830329629328,5.719918344691339e-09,0.0,1.0999980485915413,-2.992956944490322e-06
550320,0.11971830329731963,5.719018212190233e-09,0.0,1.099998048591541,-2.9929569446188114e-06
550380,0.11971830329833608,5.718126559830003e-09,0.0,1.0999980485915406,-2.992956944746108e-06
550440,0.11971830329934294,5.717243145254154e-09,0.0,1.0999980485915402,-2.9929569448722462e-06
550500,0.11971830330034046,5.716367725434854e-09,0.0,1.09999804859154,-2.99295694499726e-06
550560,0.11971830330132893,5.715500056670832e-09,0.0,1.0999980485915395,-2.9929569451211824e-06
550620,0.11971830330230863,5.714639894585297e-09,0.0,1.099998048591539,-2.9929569452440484e-06
550680,0.11971830330327986,5.713786994123845e-09,0.0,1.0999980485915388,-2.992956945365892e-06
550740,0.11971830330424288,5.7129411095523726e-09,0.0,1.0999980485915384,-2.9929569454867474e-06
550800,0.11971830330519798,5.712101994454981e-09,0.0,1.0999980485915382,-2.9929569456066496e-06
550860,0.11971830330614544,5.711269401731895e-09,0.0,1.0999980485915377,-2.9929569457256328e-06
550920,0.11971830330708555,5.710443083597368e-09,0.0,1.0999980485915373,-2.992956945843731e-06
550980,0.11971830330801861,5.709622791577594e-09,0.0,1.099998048591537,-2.99295694596098e-06
551040,0.11971830330894487,5.708808276508619e-09,0.0,1.0999980485915366,-2.992956946077414e-06
551100,0.11971830330986465,5.707999288534251e-09,0.0,1.0999980485915364,-2.992956946193068e-06
551160,0.11971830331077822,5.707195577103969e-09,0.0,1.099998048591536,-2.992956946307977e-06
551220,0.11971830331168587,5.706396890970838e-09,0.0,1.0999980485915355,-2.992956946422176e-06
551280,0.1197183033125879,5.7056029781894136e-09,0.0,1.0999980485915353,-2.9929569465357003e-06
551340,0.11971830331348458,5.7048135861136564e-09,0.0,1.0999980485915348,-2.9929569466485853e-06
551400,0.11971830331437625,5.704028461394845e-09,0.0,1.0999980485915346,-2.9929569467608663e-06
551460,0.11971830331526313,5.703247349979479e-09,0.0,1.0999980485915342,-2.992956946872579e-06
551520,0.11971830331614557,5.702469997107195e-09,0.0,1.099998048591534,-2.9929569469837583e-06
551580,0.11971830331702384,5.701696147308679e-09,0.0,1.0999980485915335,-2.992956947094441e-06
551640,0.11971830331789823,5.700925544403572e-09,0.0,1.099998048591533,-2.992956947204662e-06
551700,0.11971830331876906,5.700157931498383e-09,0.0,1.0999980485915328,-2.9929569473144574e-06
551760,0.1197183033196366,5.6993930509843985e-09,0.0,1.0999980485915324,-2.9929569474238635e-06
551820,0.11971830332050115,5.698630644535596e-09,0.0,1.0999980485915322,-2.9929569475329156e-06
551880,0.11971830332136303,5.6978704531065504e-09,0.0,1.0999980485915317,-2.992956947641651e-06
551940,0.11971830332222251,5.697112216930348e-09,0.0,1.0999980485915315,-2.9929569477501055e-06
552000,0.11971830332307991,5.696355675516497e-09,0.0,1.099998048591531,-2.992956947858315e-06
552060,0.11971830332393552,5.6956005676488325e-09,0.0,1.0999980485915306,-2.9929569479663165e-06
552120,0.11971830332478964,5.6948466313834365e-09,0.0,1.0999980485915304,-2.992956948074147e-06
552180,0.11971830332564258,5.69409360404654e-09,0.0,1.09999804859153,-2.992956948181842e-06
552240,0.11971830332649464,5.693341222232439e-09,0.0,1.0999980485915297,-2.9929569482894397e-06
552300,0.11971830332734612,5.692589221801402e-09,0.0,1.0999980485915293,-2.9929569483969756e-06
552360,0.11971830332819731,5.691837337877582e-09,0.0,1.099998048591529,-2.992956948504488e-06
552420,0.11971830332904856,5.691085304846926e-09,0.0,1.0999980485915286,-2.992956948612013e-06
552480,0.11971830332990013,5.690332856355089e-09,0.0,1.0999980485915284,-2.9929569487195885e-06
552540,0.11971830333075235,5.6895797253053384e-09,0.0,1.099998048591528,-2.9929569488272514e-06
552600,0.11971830333160553,5.6888256438564696e-09,0.0,1.0999980485915277,-2.9929569489350393e-06
552660,0.11971830333245996,5.6880703434207166e-09,0.0,1.0999980485915273,-2.9929569490429894e-06
552720,0.11971830333331597,5.687313554661659e-09,0.0,1.099998048591527,-2.99295694915114e-06
552780,0.11971830333417385,5.686555007492134e-09,0.0,1.0999980485915266,-2.9929569492595283e-06
552840,0.11971830333503394,5.685794431072152e-09,0.0,1.0999980485915264,-2.992956949368192e-06
552900,0.11971830333589653,5.685031553806798e-09,0.0,1.099998048591526,-2.9929569494771696e-06
552960,0.11971830333676194,5.684266103344149e-09,0.0,1.0999980485915257,-2.9929569495864987e-06
553020,0.11971830333763046,5.683497806573183e-09,0.0,1.0999980485915253,-2.992956949696218e-06
553080,0.11971830333850246,5.6827263896216874e-09,0.0,1.099998048591525,-2.9929569498063648e-06
553140,0.1197183033393782,5.681951577854173e-09,0.0,1.0999980485915246,-2.992956949916978e-06
553200,0.11971830334025803,5.681173095869785e-09,0.0,1.0999980485915244,-2.992956950028096e-06
553260,0.11971830334114227,5.680390667500205e-09,0.0,1.099998048591524,-2.9929569501397578e-06
553320,0.11971830334203121,5.679604015807575e-09,0.0,1.0999980485915237,-2.9929569502520015e-06
553380,0.11971830334292519,5.678812863082398e-09,0.0,1.0999980485915233,-2.992956950364866e-06
553440,0.11971830334382451,5.6780169308414515e-09,0.0,1.099998048591523,-2.9929569504783905e-06
553500,0.11971830334472952,5.677215939825698e-09,0.0,1.0999980485915226,-2.9929569505926138e-06
553560,0.11971830334564053,5.676409609998197e-09,0.0,1.0999980485915224,-2.9929569507075748e-06
553620,0.11971830334655786,5.6755976605420155e-09,0.0,1.0999980485915222,-2.9929569508233134e-06
553680,0.11971830334748185,5.674779809858134e-09,0.0,1.0999980485915217,-2.992956950939868e-06
553740,0.11971830334841278,5.6739557755633625e-09,0.0,1.0999980485915215,-2.9929569510572787e-06
553800,0.11971830334935103,5.67312527448825e-09,0.0,1.099998048591521,-2.992956951175585e-06
553860,0.11971830335029689,5.6722880226749945e-09,0.0,1.0999980485915208,-2.9929569512948265e-06
553920,0.11971830335125071,5.671443735375351e-09,0.0,1.0999980485915204,-2.9929569514150425e-06
553980,0.1197183033522128,5.670592127048547e-09,0.0,1.0999980485915202,-2.9929569515362737e-06
554040,0.1197183033531835,5.669732911359186e-09,0.0,1.09999804859152,-2.9929569516585594e-06
554100,0.11971830335416313,5.66886580117517e-09,0.0,1.0999980485915195,-2.99295695178194e-06
554160,0.11971830335515203,5.667990508565596e-09,0.0,1.0999980485915193,-2.992956951906456e-06
554220,0.11971830335615054,5.667106744798677e-09,0.0,1.099998048591519,-2.992956952032147e-06
554280,0.11971830335715898,5.666214220339647e-09,0.0,1.0999980485915186,-2.9929569521590542e-06
554340,0.1197183033581777,5.665312644848674e-09,0.0,1.0999980485915184,-2.9929569522872175e-06
554400,0.119718303359207,5.66440172717877e-09,0.0,1.099998048591518,-2.992956952416678e-06
554460,0.11971830336024725,5.6634811753737036e-09,0.0,1.0999980485915177,-2.9929569525474765e-06
554520,0.11971830336129877,5.662550696665903e-09,0.0,1.0999980485915175,-2.9929569526796534e-06
554580,0.1197183033623619,5.661609997474378e-09,0.0,1.099998048591517,-2.99295695281325e-06
554640,0.119718303363437,5.6606587834026225e-09,0.0,1.0999980485915168,-2.9929569529483077e-06
554700,0.11971830336452437,5.659696759236526e-09,0.0,1.0999980485915166,-2.992956953084867e-06
554760,0.11971830336562438,5.6587236289422894e-09,0.0,1.0999980485915164,-2.9929569532229704e-06
554820,0.11971830336673736,5.657739095664326e-09,0.0,1.099998048591516,-2.9929569533626584e-06
554880,0.11971830336786365,5.656742861723183e-09,0.0,1.0999980485915157,-2.9929569535039727e-06
554940,0.11971830336900362,5.655734628613444e-09,0.0,1.0999980485915155,-2.9929569536469553e-06
555000,0.11971830337015757,5.654714097001642e-09,0.0,1.099998048591515,-2.9929569537916476e-06
555060,0.11971830337132588,5.653680966724174e-09,0.0,1.0999980485915148,-2.992956953938092e-06
555120,0.11971830337250888,5.652634936785204e-09,0.0,1.0999980485915146,-2.99295695408633e-06
555180,0.11971830337370692,5.6515757053545795e-09,0.0,1.0999980485915144,-2.992956954236404e-06
555240,0.11971830337492036,5.65050296976574e-09,0.0,1.0999980485915142,-2.9929569543883564e-06
555300,0.11971830337614953,5.649416426513626e-09,0.0,1.0999980485915137,-2.9929569545422297e-06
555360,0.1197183033773948,5.648315771252595e-09,0.0,1.0999980485915135,-2.992956954698066e-06
555420,0.1197183033786565,5.647200698794326e-09,0.0,1.0999980485915133,-2.992956954855908e-06
555480,0.11971830337993498,5.6460709031057315e-09,0.0,1.099998048591513,-2.9929569550157986e-06
555540,0.11971830338123061,5.644926077306872e-09,0.0,1.0999980485915128,-2.9929569551777806e-06
555600,0.11971830338254376,5.643765913668861e-09,0.0,1.0999980485915124,-2.992956955341897e-06
555660,0.11971830338387475,5.64259010361178e-09,0.0,1.0999980485915122,-2.9929569555081908e-06
555720,0.11971830338522395,5.641398337702586e-09,0.0,1.099998048591512,-2.992956955676705e-06
555780,0.11971830338659172,5.640190305653024e-09,0.0,1.0999980485915117,-2.9929569558474834e-06
555840,0.11971830338797841,5.6389656963175366e-09,0.0,1.0999980485915115,-2.992956956020569e-06
555900,0.11971830338938438,5.637724197691177e-09,0.0,1.0999980485915113,-2.992956956196006e-06
555960,0.11971830339081001,5.636465496907515e-09,0.0,1.099998048591511,-2.9929569563738377e-06
556020,0.11971830339225563,5.635189280236551e-09,0.0,1.0999980485915106,-2.9929569565541075e-06
556080,0.11971830339372162,5.633895233082626e-09,0.0,1.0999980485915104,-2.99295695673686e-06
556140,0.11971830339520835,5.6325830399823326e-09,0.0,1.0999980485915102,-2.9929569569221386e-06
556200,0.11971830339671616,5.631252384602423e-09,0.0,1.09999804859151,-2.9929569571099885e-06
556260,0.11971830339824543,5.629902949737723e-09,0.0,1.0999980485915097,-2.9929569573004528e-06
556320,0.11971830339979653,5.6285344173090405e-09,0.0,1.0999980485915095,-2.9929569574935767e-06
556380,0.11971830340136982,5.627146468361076e-09,0.0,1.0999980485915093,-2.9929569576894044e-06
556440,0.11971830340296567,5.625738783060336e-09,0.0,1.099998048591509,-2.9929569578879806e-06
556500,0.11971830340458445,5.624311040693039e-09,0.0,1.0999980485915088,-2.99295695808935e-06
556560,0.11971830340622654,5.62286291966303e-09,0.0,1.0999980485915086,-2.992956958293558e-06
556620,0.11971830340789227,5.621394097489688e-09,0.0,1.0999980485915084,-2.992956958500649e-06
556680,0.11971830340958207,5.619904250805841e-09,0.0,1.0999980485915082,-2.992956958710668e-06
556740,0.11971830341129627,5.618393055355671e-09,0.0,1.099998048591508,-2.992956958923661e-06
556800,0.11971830341303527,5.616860185992628e-09,0.0,1.0999980485915077,-2.9929569591396734e-06
556860,0.11971830341479943,5.61530531667734e-09,0.0,1.0999980485915075,-2.99295695935875e-06
556920,0.11971830341658912,5.613728120475524e-09,0.0,1.0999980485915075,-2.992956959580937e-06
556980,0.11971830341840474,5.612128269555897e-09,0.0,1.0999980485915073,-2.99295695980628e-06
557040,0.11971830342024666,5.610505435188082e-09,0.0,1.099998048591507,-2.992956960034825e-06
557100,0.11971830342211524,5.608859287740527e-09,0.0,1.0999980485915068,-2.9929569602666177e-06
557160,0.11971830342401088,5.607189496678407e-09,0.0,1.0999980485915066,-2.9929569605017045e-06
557220,0.11971830342593397,5.60549573056154e-09,0.0,1.0999980485915064,-2.992956960740132e-06
557280,0.11971830342788486,5.603777657042296e-09,0.0,1.0999980485915062,-2.992956960981946e-06
557340,0.11971830342986396,5.602034942863507e-09,0.0,1.0999980485915062,-2.9929569612271933e-06
557400,0.11971830343187166,5.600267253856381e-09,0.0,1.099998048591506,-2.9929569614759207e-06
557460,0.11971830343390832,5.598474254938404e-09,0.0,1.0999980485915057,-2.9929569617281748e-06
557520,0.11971830343597435,5.596655610111262e-09,0.0,1.0999980485915055,-2.9929569619840024e-06
557580,0.11971830343807012,5.594810982458742e-09,0.0,1.0999980485915055,-2.9929569622434507e-06
557640,0.11971830344019603,5.592940034144649e-09,0.0,1.0999980485915053,-2.9929569625065667e-06
557700,0.11971830344235246,5.591042426410713e-09,0.0,1.099998048591505,-2.992956962773398e-06
557760,0.11971830344453982,5.5891178195744996e-09,0.0,1.0999980485915049,-2.992956963043992e-06
557820,0.11971830344675848,5.587165873027325e-09,0.0,1.0999980485915049,-2.992956963318396e-06
557880,0.11971830344900884,5.585186245232159e-09,0.0,1.0999980485915046,-2.992956963596658e-06
557940,0.1197183034512913,5.583178593721543e-09,0.0,1.0999980485915044,-2.9929569638788253e-06
558000,0.11971830345360625,5.5811425750954955e-09,0.0,1.0999980485915044,-2.9929569641649463e-06
558060,0.11971830345595409,5.579077845019426e-09,0.0,1.0999980485915042,-2.992956964455069e-06
558120,0.11971830345833522,5.576984058222044e-09,0.0,1.099998048591504,-2.9929569647492414e-06
558180,0.11971830346075003,5.574860868493267e-09,0.0,1.099998048591504,-2.9929569650475122e-06
558240,0.11971830346319892,5.572707928682137e-09,0.0,1.0999980485915037,-2.9929569653499293e-06
558300,0.1197183034656823,5.5705248906947275e-09,0.0,1.0999980485915037,-2.9929569656565416e-06
558360,0.11971830346820056,5.568311405492054e-09,0.0,1.0999980485915035,-2.992956965967398e-06
558420,0.11971830347075411,5.566067123087984e-09,0.0,1.0999980485915035,-2.9929569662825473e-06
558480,0.11971830347334336,5.56379169254715e-09,0.0,1.0999980485915033,-2.9929569666020383e-06
558540,0.11971830347596871,5.5614847619828584e-09,0.0,1.0999980485915033,-2.9929569669259204e-06
558600,0.11971830347863055,5.559145978554999e-09,0.0,1.099998048591503,-2.9929569672542427e-06
558660,0.11971830348132931,5.556774988467961e-09,0.0,1.099998048591503,-2.9929569675870542e-06
558720,0.11971830348406538,5.554371436968535e-09,0.0,1.0999980485915029,-2.9929569679244054e-06
558780,0.11971830348683919,5.551934968343831e-09,0.0,1.0999980485915029,-2.992956968266345e-06
558840,0.11971830348965114,5.549465225919183e-09,0.0,1.0999980485915026,-2.992956968612923e-06
558900,0.11971830349250163,5.5469618520560685e-09,0.0,1.0999980485915026,-2.9929569689641896e-06
558960,0.1197183034953911,5.544424488150008e-09,0.0,1.0999980485915026,-2.992956969320195e-06
559020,0.11971830349831994,5.541852774628482e-09,0.0,1.0999980485915024,-2.9929569696809887e-06
559080,0.11971830350128856,5.5392463509488415e-09,0.0,1.0999980485915024,-2.992956970046622e-06
559140,0.11971830350429741,5.536604855596217e-09,0.0,1.0999980485915024,-2.992956970417144e-06
559200,0.11971830350734688,5.533927926081432e-09,0.0,1.0999980485915024,-2.9929569707926072e-06
559260,0.1197183035104374,5.531215198938906e-09,0.0,1.0999980485915022,-2.9929569711730605e-06
559320,0.11971830351356938,5.528466309724575e-09,0.0,1.0999980485915022,-2.992956971558556e-06
559380,0.11971830351674323,5.525680893013796e-09,0.0,1.0999980485915022,-2.992956971949144e-06
559440,0.11971830351995941,5.522858582399258e-09,0.0,1.0999980485915022,-2.992956972344876e-06
559500,0.1197183035232183,5.519999010488895e-09,0.0,1.099998048591502,-2.992956972745803e-06
559560,0.11971830352652035,5.517101808903794e-09,0.0,1.099998048591502,-2.992956973151977e-06
559620,0.119718303529866,5.514166608276107e-09,0.0,1.099998048591502,-2.992956973563449e-06
559680,0.11971830353325563,5.511193038246962e-09,0.0,1.099998048591502,-2.992956973980271e-06
559740,0.1197183035366897,5.508180727464373e-09,0.0,1.099998048591502,-2.9929569744024943e-06
559800,0.11971830354016864,5.505129303581148e-09,0.0,1.099998048591502,-2.9929569748301714e-06
559860,0.11971830354369287,5.502038393252806e-09,0.0,1.099998048591502,-2.9929569752633547e-06
559920,0.11971830354726282,5.49890762213548e-09,0.0,1.099998048591502,-2.9929569757020957e-06
559980,0.11971830355087891,5.495736614883834e-09,0.0,1.099998048591502,-2.9929569761464475e-06
560040,0.1197183035545416,5.492524995148969e-09,0.0,1.099998048591502,-2.992956976596462e-06
560100,0.11971830355825132,5.489272385576335e-09,0.0,1.099998048591502,-2.992956977052192e-06
560160,0.1197183035620085,5.485978407803646e-09,0.0,1.099998048591502,-2.9929569775136913e-06
560220,0.11971830356581356,5.48264268245878e-09,0.0,1.099998048591502,-2.992956977981011e-06
560280,0.11971830356966696,5.479264829157702e-09,0.0,1.099998048591502,-2.992956978454206e-06
560340,0.11971830357356913,5.4758444665023655e-09,0.0,1.099998048591502,-2.9929569789333286e-06
560400,0.11971830357752052,5.472381212078627e-09,0.0,1.099998048591502,-2.992956979418432e-06
560460,0.11971830358152157,5.4688746824541565e-09,0.0,1.099998048591502,-2.9929569799095705e-06
560520,0.1197183035855727,5.465324493176348e-09,0.0,1.0999980485915022,-2.992956980406797e-06
560580,0.11971830358967438,5.461730258770226e-09,0.0,1.0999980485915022,-2.992956980910166e-06
560640,0.11971830359382703,5.458091592736365e-09,0.0,1.0999980485915022,-2.9929569814197308e-06
560700,0.11971830359803112,5.4544081075487905e-09,0.0,1.0999980485915022,-2.992956981935546e-06
560760,0.1197183036022871,5.4506794146528964e-09,0.0,1.0999980485915024,-2.9929569824576654e-06
560820,0.1197183036065954,5.446905124463351e-09,0.0,1.0999980485915024,-2.9929569829861437e-06
560880,0.11971830361095648,5.44308484636201e-09,0.0,1.0999980485915024,-2.9929569835210353e-06
560940,0.11971830361537078,5.4392181886958275e-09,0.0,1.0999980485915026,-2.9929569840623948e-06
561000,0.11971830361983878,5.435304758774766e-09,0.0,1.0999980485915026,-2.9929569846102773e-06
561060,0.1197183036243609,5.431344162869706e-09,0.0,1.0999980485915026,-2.9929569851647374e-06
561120,0.11971830362893761,5.427336006210356e-09,0.0,1.0999980485915029,-2.9929569857258307e-06
561180,0.11971830363356936,5.423279892983167e-09,0.0,1.0999980485915029,-2.9929569862936117e-06
561240,0.11971830363825661,5.41917542632924e-09,0.0,1.099998048591503,-2.9929569868681364e-06
561300,0.11971830364299983,5.4150222083422336e-09,0.0,1.099998048591503,-2.99295698744946e-06
561360,0.11971830364779946,5.410819840066283e-09,0.0,1.0999980485915033,-2.9929569880376386e-06
561420,0.11971830365265598,5.406567921493903e-09,0.0,1.0999980485915033,-2.9929569886327275e-06
561480,0.11971830365756984,5.4022660515639005e-09,0.0,1.0999980485915035,-2.992956989234783e-06
561540,0.1197183036625415,5.397913828159288e-09,0.0,1.0999980485915037,-2.992956989843861e-06
561600,0.11971830366757144,5.3935108481051896e-09,0.0,1.0999980485915037,-2.992956990460018e-06
561660,0.1197183036726601,5.389056707166756e-09,0.0,1.099998048591504,-2.9929569910833103e-06
561720,0.11971830367780796,5.384551000047072e-09,0.0,1.0999980485915042,-2.9929569917137946e-06
561780,0.1197183036830155,5.379993320385068e-09,0.0,1.0999980485915042,-2.992956992351528e-06
561840,0.11971830368828318,5.375383260753431e-09,0.0,1.0999980485915044,-2.9929569929965663e-06
561900,0.11971830369361146,5.370720412656515e-09,0.0,1.0999980485915046,-2.992956993648967e-06
561960,0.11971830369900083,5.366004366528251e-09,0.0,1.0999980485915049,-2.992956994308788e-06
562020,0.11971830370445175,5.361234711730059e-09,0.0,1.099998048591505,-2.9929569949760857e-06
562080,0.1197183037099647,5.356411036548757e-09,0.0,1.099998048591505,-2.992956995650918e-06
562140,0.11971830371554014,5.3515329281944716e-09,0.0,1.0999980485915053,-2.992956996333342e-06
562200,0.11971830372117857,5.34659997279855e-09,0.0,1.0999980485915055,-2.9929569970234164e-06
562260,0.11971830372688046,5.341611755411469e-09,0.0,1.0999980485915057,-2.992956997721198e-06
562320,0.11971830373264628,5.336567860000748e-09,0.0,1.099998048591506,-2.992956998426746e-06
562380,0.11971830373847653,5.331467869448857e-09,0.0,1.0999980485915062,-2.9929569991401174e-06
562440,0.11971830374437166,5.326311365551127e-09,0.0,1.0999980485915064,-2.9929569998613715e-06
562500,0.11971830375033218,5.321097929013663e-09,0.0,1.0999980485915066,-2.9929570005905665e-06
562560,0.11971830375635857,5.315827139451253e-09,0.0,1.0999980485915068,-2.9929570013277613e-06
562620,0.11971830376245131,5.310498575385281e-09,0.0,1.0999980485915073,-2.9929570020730143e-06
562680,0.1197183037686109,5.30511181424163e-09,0.0,1.0999980485915075,-2.9929570028263845e-06
562740,0.1197183037748378,5.299666432348603e-09,0.0,1.0999980485915077,-2.9929570035879315e-06
562800,0.11971830378113252,5.294162004934828e-09,0.0,1.099998048591508,-2.992957004357714e-06
562860,0.11971830378749554,5.288598106127166e-09,0.0,1.0999980485915082,-2.9929570051357923e-06
562920,0.11971830379392737,5.2829743089486294e-09,0.0,1.0999980485915086,-2.992957005922225e-06
562980,0.11971830380042849,5.277290185316284e-09,0.0,1.0999980485915088,-2.9929570067170728e-06
563040,0.11971830380699938,5.271545306039166e-09,0.0,1.099998048591509,-2.9929570075203946e-06
563100,0.11971830381364057,5.265739240816189e-09,0.0,1.0999980485915095,-2.992957008332251e-06
563160,0.11971830382035253,5.259871558234056e-09,0.0,1.0999980485915097,-2.9929570091527024e-06
563220,0.11971830382713576,5.2539418257651705e-09,0.0,1.0999980485915102,-2.992957009981809e-06
563280,0.11971830383399078,5.247949609765544e-09,0.0,1.0999980485915104,-2.9929570108196307e-06
563340,0.11971830384091807,5.241894475472712e-09,0.0,1.0999980485915108,-2.992957011666229e-06
563400,0.11971830384791814,5.2357759870036396e-09,0.0,1.099998048591511,-2.9929570125216646e-06
563460,0.11971830385499148,5.229593707352633e-09,0.0,1.0999980485915115,-2.992957013385998e-06
563520,0.11971830386213862,5.223347198389254e-09,0.0,1.0999980485915117,-2.992957014259291e-06
563580,0.11971830386936004,5.217036020856225e-09,0.0,1.0999980485915122,-2.9929570151416044e-06
563640,0.11971830387665627,5.210659734367342e-09,0.0,1.0999980485915126,-2.992957016033e-06
563700,0.11971830388402781,5.204217897405389e-09,0.0,1.099998048591513,-2.992957016933539e-06
563760,0.11971830389147517,5.197710067320039e-09,0.0,1.0999980485915133,-2.9929570178432838e-06
563820,0.11971830389899885,5.191135800325777e-09,0.0,1.0999980485915137,-2.992957018762296e-06
563880,0.11971830390659938,5.1844946514998e-09,0.0,1.0999980485915142,-2.9929570196906372e-06
563940,0.11971830391427726,5.177786174779932e-09,0.0,1.0999980485915146,-2.9929570206283705e-06
564000,0.11971830392203302,5.1710099229625366e-09,0.0,1.099998048591515,-2.992957021575558e-06
564060,0.11971830392986715,5.164165447700422e-09,0.0,1.0999980485915155,-2.9929570225322617e-06
564120,0.11971830393778021,5.157252299500757e-09,0.0,1.099998048591516,-2.9929570234985454e-06
564180,0.11971830394577268,5.1502700277229796e-09,0.0,1.0999980485915164,-2.992957024474471e-06
564240,0.1197183039538451,5.143218180576706e-09,0.0,1.0999980485915168,-2.992957025460102e-06
564300,0.11971830396199798,5.136096305119645e-09,0.0,1.0999980485915173,-2.992957026455502e-06
564360,0.11971830397023185,5.128903947255502e-09,0.0,1.0999980485915177,-2.9929570274607335e-06
564420,0.11971830397854724,5.1216406517318986e-09,0.0,1.0999980485915182,-2.9929570284758605e-06
564480,0.11971830398694468,5.114305962138275e-09,0.0,1.0999980485915186,-2.992957029500947e-06
564540,0.11971830399542467,5.106899420903806e-09,0.0,1.0999980485915193,-2.9929570305360564e-06
564600,0.11971830400398777,5.099420569295308e-09,0.0,1.0999980485915197,-2.9929570315812527e-06
564660,0.11971830401263449,5.091868947415152e-09,0.0,1.0999980485915202,-2.9929570326366007e-06
564720,0.11971830402136537,5.084244094199172e-09,0.0,1.0999980485915206,-2.992957033702164e-06
564780,0.11971830403018094,5.076545547414579e-09,0.0,1.0999980485915213,-2.992957034778007e-06
564840,0.11971830403908172,5.0687728436578674e-09,0.0,1.0999980485915217,-2.992957035864195e-06
564900,0.11971830404806828,5.060925518352729e-09,0.0,1.0999980485915224,-2.992957036960793e-06
564960,0.11971830405714112,5.053003105747962e-09,0.0,1.0999980485915228,-2.9929570380678653e-06
565020,0.1197183040663008,5.045005138915381e-09,0.0,1.0999980485915235,-2.992957039185477e-06
565080,0.11971830407554786,5.036931149747729e-09,0.0,1.099998048591524,-2.9929570403136944e-06
565140,0.11971830408488282,5.028780668956588e-09,0.0,1.0999980485915246,-2.992957041452582e-06
565200,0.11971830409430624,5.020553226070287e-09,0.0,1.0999980485915253,-2.992957042602206e-06
565260,0.11971830410381866,5.012248349431816e-09,0.0,1.0999980485915257,-2.9929570437626317e-06
565320,0.11971830411342062,5.0038655661967355e-09,0.0,1.0999980485915264,-2.992957044933926e-06
565380,0.11971830412311267,4.995404402331086e-09,0.0,1.099998048591527,-2.992957046116154e-06
565440,0.11971830413289536,4.986864382609299e-09,0.0,1.0999980485915277,-2.9929570473093823e-06
565500,0.11971830414276924,4.9782450306121085e-09,0.0,1.0999980485915284,-2.992957048513678e-06
565560,0.11971830415273485,4.969545868724461e-09,0.0,1.099998048591529,-2.9929570497291072e-06
565620,0.11971830416279275,4.960766418133424e-09,0.0,1.0999980485915297,-2.9929570509557367e-06
565680,0.1197183041729435,4.951906198826103e-09,0.0,1.0999980485915304,-2.992957052193634e-06
565740,0.11971830418318764,4.942964729587543e-09,0.0,1.099998048591531,-2.9929570534428656e-06
565800,0.11971830419352573,4.933941527998646e-09,0.0,1.0999980485915317,-2.9929570547034992e-06
565860,0.11971830420395833,4.92483611043408e-09,0.0,1.0999980485915324,-2.992957055975602e-06
565920,0.119718304214486,4.915647992060187e-09,0.0,1.099998048591533,-2.992957057259242e-06
565980,0.11971830422510929,4.906376686832898e-09,0.0,1.0999980485915337,-2.992957058554487e-06
566040,0.11971830423582878,4.897021707495639e-09,0.0,1.0999980485915346,-2.9929570598614047e-06
566100,0.11971830424664502,4.887582565577243e-09,0.0,1.0999980485915353,-2.9929570611800635e-06
566160,0.11971830425755857,4.878058771389865e-09,0.0,1.099998048591536,-2.9929570625105316e-06
566220,0.11971830426857001,4.868449834026886e-09,0.0,1.0999980485915368,-2.9929570638528777e-06
566280,0.11971830427967989,4.8587552613608265e-09,0.0,1.0999980485915375,-2.9929570652071703e-06
566340,0.1197183042908888,4.8489745600412566e-09,0.0,1.0999980485915384,-2.992957066573478e-06
566400,0.11971830430219728,4.83910723549271e-09,0.0,1.099998048591539,-2.9929570679518704e-06
566460,0.11971830431360593,4.829152791912588e-09,0.0,1.09999804859154,-2.9929570693424164e-06
566520,0.11971830432511531,4.8191107322690764e-09,0.0,1.0999980485915406,-2.9929570707451856e-06
566580,0.119718304336726,4.808980558299051e-09,0.0,1.0999980485915415,-2.992957072160247e-06
566640,0.11971830434843857,4.798761770505992e-09,0.0,1.0999980485915424,-2.9929570735876706e-06
566700,0.11971830436025359,4.788453868157893e-09,0.0,1.099998048591543,-2.9929570750275263e-06
566760,0.11971830437217165,4.778056349285172e-09,0.0,1.099998048591544,-2.9929570764798837e-06
566820,0.11971830438419334,4.767568710678581e-09,0.0,1.0999980485915448,-2.992957077944814e-06
566880,0.11971830439631921,4.756990447887116e-09,0.0,1.0999980485915457,-2.9929570794223868e-06
566940,0.11971830440854987,4.746321055215933e-09,0.0,1.0999980485915466,-2.9929570809126726e-06
567000,0.1197183044208859,4.73556002572425e-09,0.0,1.0999980485915475,-2.9929570824157428e-06
567060,0.11971830443332787,4.724706851223264e-09,0.0,1.0999980485915484,-2.992957083931668e-06
567120,0.11971830444587639,4.713761022274059e-09,0.0,1.0999980485915493,-2.9929570854605187e-06
567180,0.11971830445853203,4.702722028185519e-09,0.0,1.0999980485915501,-2.9929570870023673e-06
567240,0.11971830447129538,4.691589357012235e-09,0.0,1.0999980485915513,-2.9929570885572843e-06
567300,0.11971830448416704,4.680362495552417e-09,0.0,1.0999980485915521,-2.9929570901253418e-06
567360,0.1197183044971476,4.6690409293458065e-09,0.0,1.099998048591553,-2.9929570917066113e-06
567420,0.11971830451023766,4.657624142671584e-09,0.0,1.099998048591554,-2.9929570933011648e-06
567480,0.1197183045234378,4.646111618546282e-09,0.0,1.099998048591555,-2.9929570949090747e-06
567540,0.11971830453674864,4.6345028387216944e-09,0.0,1.099998048591556,-2.992957096530413e-06
567600,0.11971830455017077,4.622797283682788e-09,0.0,1.099998048591557,-2.9929570981652523e-06
567660,0.11971830456370477,4.6109944326456116e-09,0.0,1.099998048591558,-2.9929570998136652e-06
567720,0.11971830457735128,4.599093763555208e-09,0.0,1.099998048591559,-2.992957101475725e-06
567780,0.11971830459111087,4.587094753083522e-09,0.0,1.0999980485915601,-2.9929571031515044e-06
567840,0.1197183046006489,4.578764693661782e-09,0.0,1.0999980485915606,-2.992957104315649e-06
567900,0.11971830460589097,4.574168248094168e-09,0.0,1.0999980485915606,-2.9929571049591435e-06
567960,0.11971830461114617,4.5695603404776666e-09,0.0,1.0999980485915608,-2.992957105604242e-06
568020,0.11971830461641451,4.564940961428405e-09,0.0,1.0999980485915608,-2.9929571062509462e-06
568080,0.11971830462169601,4.560310101935737e-09,0.0,1.0999980485915608,-2.992957106899257e-06
568140,0.11971830462699068,4.55566775336247e-09,0.0,1.099998048591561,-2.9929571075491767e-06
568200,0.11971830463229852,4.551013907445085e-09,0.0,1.099998048591561,-2.992957108200705e-06
568260,0.11971830463761954,4.546348556293964e-09,0.0,1.099998048591561,-2.992957108853844e-06
568320,0.11971830464295376,4.5416716923936026e-09,0.0,1.0999980485915613,-2.992957109508595e-06
568380,0.11971830464830119,4.536983308602843e-09,0.0,1.0999980485915613,-2.992957110164959e-06
568440,0.11971830465366183,4.532283398155096e-09,0.0,1.0999980485915613,-2.9929571108229357e-06
568500,0.11971830465903568,4.527571954658555e-09,0.0,1.0999980485915615,-2.9929571114825275e-06
568560,0.11971830466442278,4.52284897209643e-09,0.0,1.0999980485915615,-2.992957112143735e-06
568620,0.11971830466982311,4.518114444827162e-09,0.0,1.0999980485915615,-2.9929571128065586e-06
568680,0.11971830467523668,4.51336836758465e-09,0.0,1.0999980485915617,-2.992957113470999e-06
568740,0.11971830468066351,4.508610735478474e-09,0.0,1.0999980485915617,-2.9929571141370576e-06
568800,0.1197183046861036,4.503841543994114e-09,0.0,1.0999980485915617,-2.9929571148047347e-06
568860,0.11971830469155695,4.499060788993177e-09,0.0,1.099998048591562,-2.9929571154740305e-06
568920,0.11971830469702356,4.4942684667136185e-09,0.0,1.099998048591562,-2.9929571161449462e-06
568980,0.11971830470250346,4.489464573769963e-09,0.0,1.099998048591562,-2.9929571168174824e-06
569040,0.11971830470799663,4.484649107153532e-09,0.0,1.0999980485915621,-2.992957117491639e-06
569100,0.11971830471350307,4.479822064232661e-09,0.0,1.0999980485915621,-2.992957118167417e-06
569160,0.11971830471902281,4.474983442752924e-09,0.0,1.0999980485915621,-2.992957118844816e-06
569220,0.11971830472455584,4.470133240837362e-09,0.0,1.0999980485915624,-2.992957119523837e-06
569280,0.11971830473010217,4.465271456986694e-09,0.0,1.0999980485915624,-2.99295712020448e-06
569340,0.11971830473566179,4.460398090079551e-09,0.0,1.0999980485915624,-2.992957120886745e-06
569400,0.1197183047412347,4.455513139372696e-09,0.0,1.0999980485915626,-2.9929571215706327e-06
569460,0.11971830474682092,4.450616604501242e-09,0.0,1.0999980485915626,-2.9929571222561424e-06
569520,0.11971830475242043,4.445708485478879e-09,0.0,1.0999980485915628,-2.992957122943275e-06
569580,0.11971830475803324,4.440788782698097e-09,0.0,1.0999980485915628,-2.99295712363203e-06
569640,0.11971830476365936,4.435857496930406e-09,0.0,1.0999980485915628,-2.9929571243224073e-06
569700,0.11971830476929878,4.430914629326562e-09,0.0,1.099998048591563,-2.992957125014407e-06
569760,0.11971830477495149,4.425960181416789e-09,0.0,1.099998048591563,-2.992957125708029e-06
569820,0.11971830478061751,4.420994155110998e-09,0.0,1.099998048591563,-2.992957126403273e-06
569880,0.11971830478629682,4.416016552699016e-09,0.0,1.0999980485915632,-2.9929571271001383e-06
569940,0.11971830479198943,4.411027376850804e-09,0.0,1.0999980485915632,-2.992957127798625e-06
570000,0.11971830479769534,4.4060266306166834e-09,0.0,1.0999980485915632,-2.9929571284987325e-06
570060,0.11971830480341453,4.4010143174275544e-09,0.0,1.0999980485915635,-2.9929571292004607e-06
570120,0.11971830480914701,4.395990441095124e-09,0.0,1.0999980485915635,-2.992957129903809e-06
570180,0.11971830481489278,4.3909550058121225e-09,0.0,1.0999980485915635,-2.9929571306087767e-06
570240,0.11971830482065182,4.385908016152533e-09,0.0,1.0999980485915637,-2.9929571313153635e-06
570300,0.11971830482642415,4.38084947707181e-09,0.0,1.0999980485915637,-2.992957132023568e-06
570360,0.11971830483220974,4.375779393907105e-09,0.0,1.099998048591564,-2.9929571327333907e-06
570420,0.11971830483800859,4.3706977723774825e-09,0.0,1.099998048591564,-2.9929571334448297e-06
570480,0.11971830484382072,4.365604618584155e-09,0.0,1.099998048591564,-2.992957134157885e-06
570540,0.11971830484964609,4.360499939010694e-09,0.0,1.0999980485915641,-2.9929571348725554e-06
570600,0.11971830485548471,4.355383740523257e-09,0.0,1.0999980485915641,-2.99295713558884e-06
570660,0.11971830486133657,4.3502560303708144e-09,0.0,1.0999980485915641,-2.9929571363067377e-06
570720,0.11971830486720166,4.345116816185365e-09,0.0,1.0999980485915644,-2.9929571370262477e-06
570780,0.11971830487307997,4.3399661059821655e-09,0.0,1.0999980485915644,-2.9929571377473687e-06
570840,0.1197183048789715,4.334803908159947e-09,0.0,1.0999980485915646,-2.9929571384701e-06
570900,0.11971830488487624,4.3296302315011455e-09,0.0,1.0999980485915646,-2.99295713919444e-06
570960,0.11971830489079419,4.324445085172116e-09,0.0,1.0999980485915646,-2.9929571399203877e-06
571020,0.1197183048967253,4.3192484787233615e-09,0.0,1.0999980485915648,-2.9929571406479416e-06
571080,0.11971830490266962,4.3140404220897535e-09,0.0,1.0999980485915648,-2.9929571413771006e-06
571140,0.11971830490862709,4.3088209255907545e-09,0.0,1.0999980485915648,-2.9929571421078634e-06
571200,0.11971830491459771,4.303589999930644e-09,0.0,1.099998048591565,-2.992957142840228e-06
571260,0.11971830492058148,4.298347656198737e-09,0.0,1.099998048591565,-2.9929571435741935e-06
571320,0.1197183049265784,4.293093905869607e-09,0.0,1.099998048591565,-2.992957144309758e-06
571380,0.11971830493258842,4.287828760803312e-09,0.0,1.0999980485915652,-2.99295714504692e-06
571440,0.11971830493861156,4.282552233245617e-09,0.0,1.0999980485915652,-2.992957145785678e-06
571500,0.1197183049446478,4.277264335828212e-09,0.0,1.0999980485915655,-2.99295714652603e-06
571560,0.11971830495069712,4.271965081568941e-09,0.0,1.0999980485915655,-2.992957147267974e-06
571620,0.1197183049567595,4.266654483872022e-09,0.0,1.0999980485915655,-2.992957148011509e-06
571680,0.11971830496283493,4.261332556528268e-09,0.0,1.0999980485915657,-2.9929571487566325e-06
571740,0.11971830496892341,4.255999313715314e-09,0.0,1.0999980485915657,-2.992957149503343e-06
571800,0.1197183049750249,4.250654769997834e-09,0.0,1.0999980485915657,-2.9929571502516376e-06
571860,0.11971830498113942,4.245298940327772e-09,0.0,1.099998048591566,-2.9929571510015154e-06
571920,0.1197183049872669,4.239931840044555e-09,0.0,1.099998048591566,-2.9929571517529734e-06
571980,0.11971830499340738,4.234553484875324e-09,0.0,1.0999980485915661,-2.9929571525060103e-06
572040,0.1197183049995608,4.229163890935153e-09,0.0,1.0999980485915661,-2.992957153260623e-06
572100,0.11971830500572718,4.2237630747272716e-09,0.0,1.0999980485915661,-2.99295715401681e-06
572160,0.11971830501190647,4.21835105314329e-09,0.0,1.0999980485915664,-2.992957154774568e-06
572220,0.11971830501809866,4.212927843463418e-09,0.0,1.0999980485915664,-2.9929571555338964e-06
572280,0.11971830502430374,4.207493463356694e-09,0.0,1.0999980485915664,-2.992957156294791e-06
572340,0.11971830503052168,4.2020479308812005e-09,0.0,1.0999980485915666,-2.99295715705725e-06
572400,0.11971830503675247,4.196591264484292e-09,0.0,1.0999980485915666,-2.992957157821271e-06
572460,0.11971830504299609,4.191123483002816e-09,0.0,1.0999980485915666,-2.9929571585868517e-06
572520,0.1197183050492525,4.185644605663336e-09,0.0,1.0999980485915668,-2.9929571593539887e-06
572580,0.11971830505552171,4.180154652082353e-09,0.0,1.0999980485915668,-2.9929571601226796e-06
572640,0.11971830506180367,4.174653642266532e-09,0.0,1.099998048591567,-2.992957160892922e-06
572700,0.11971830506809839,4.169141596612921e-09,0.0,1.099998048591567,-2.992957161664713e-06
572760,0.1197183050744058,4.163618535909174e-09,0.0,1.099998048591567,-2.9929571624380492e-06
572820,0.11971830508072592,4.158084481333779e-09,0.0,1.0999980485915672,-2.992957163212928e-06
572880,0.1197183050870587,4.152539454456271e-09,0.0,1.0999980485915672,-2.992957163989347e-06
572940,0.11971830509340414,4.146983477237466e-09,0.0,1.0999980485915672,-2.992957164767302e-06
573000,0.11971830509976221,4.141416572029674e-09,0.0,1.0999980485915675,-2.9929571655467914e-06
573060,0.11971830510613286,4.13583876157693e-09,0.0,1.0999980485915675,-2.992957166327811e-06
573120,0.1197183051125161,4.13025006901521e-09,0.0,1.0999980485915675,-2.992957167110358e-06
573180,0.11971830511891189,4.124650517872658e-09,0.0,1.0999980485915677,-2.992957167894429e-06
573240,0.1197183051253202,4.119040132069808e-09,0.0,1.0999980485915677,-2.9929571686800205e-06
573300,0.11971830513174099,4.113418935919805e-09,0.0,1.099998048591568,-2.9929571694671297e-06
573360,0.11971830513817426,4.107786954128631e-09,0.0,1.099998048591568,-2.9929571702557534e-06
573420,0.11971830514461998,4.102144211795323e-09,0.0,1.099998048591568,-2.9929571710458873e-06
573480,0.1197183051510781,4.096490734412203e-09,0.0,1.0999980485915681,-2.992957171837528e-06
573540,0.11971830515754861,4.090826547865093e-09,0.0,1.0999980485915681,-2.992957172630673e-06
573600,0.1197183051640315,4.085151678433542e-09,0.0,1.0999980485915681,-2.992957173425317e-06
573660,0.11971830517052669,4.079466152791051e-09,0.0,1.0999980485915684,-2.992957174221458e-06
573720,0.11971830517703419,4.073769998005287e-09,0.0,1.0999980485915684,-2.992957175019091e-06
573780,0.11971830518355395,4.068063241538318e-09,0.0,1.0999980485915684,-2.992957175818213e-06
573840,0.11971830519008596,4.062345911246825e-09,0.0,1.0999980485915686,-2.99295717661882e-06
573900,0.11971830519663017,4.056618035382333e-09,0.0,1.0999980485915686,-2.9929571774209076e-06
573960,0.11971830520318656,4.050879642591428e-09,0.0,1.0999980485915686,-2.9929571782244725e-06
574020,0.1197183052097551,4.04513076191598e-09,0.0,1.0999980485915688,-2.9929571790295104e-06
574080,0.11971830521633574,4.039371422793374e-09,0.0,1.0999980485915688,-2.9929571798360175e-06
574140,0.11971830522292846,4.033601655056718e-09,0.0,1.0999980485915688,-2.992957180643989e-06
574200,0.11971830522953325,4.027821488935082e-09,0.0,1.099998048591569,-2.9929571814534214e-06
574260,0.11971830523615003,4.0220309550537074e-09,0.0,1.099998048591569,-2.9929571822643106e-06
574320,0.1197183052427788,4.01623008443424e-09,0.0,1.0999980485915692,-2.9929571830766516e-06
574380,0.11971830524941951,4.010418908494946e-09,0.0,1.0999980485915692,-2.9929571838904406e-06
574440,0.11971830525607213,4.004597459050936e-09,0.0,1.0999980485915692,-2.992957184705673e-06
574500,0.11971830526273662,3.998765768314392e-09,0.0,1.0999980485915695,-2.9929571855223445e-06
574560,0.11971830526941296,3.992923868894784e-09,0.0,1.0999980485915695,-2.992957186340451e-06
574620,0.1197183052761011,3.987071793799098e-09,0.0,1.0999980485915695,-2.9929571871599865e-06
574680,0.119718305282801,3.981209576432056e-09,0.0,1.0999980485915697,-2.992957187980948e-06
574740,0.11971830528951263,3.9753372505963385e-09,0.0,1.0999980485915697,-2.99295718880333e-06
574800,0.11971830529623595,3.96945485049281e-09,0.0,1.0999980485915697,-2.992957189627128e-06
574860,0.11971830530297092,3.963562410720739e-09,0.0,1.09999804859157,-2.992957190452337e-06
574920,0.11971830530971751,3.9576599662780225e-09,0.0,1.09999804859157,-2.9929571912789527e-06
574980,0.11971830531647568,3.951747552561408e-09,0.0,1.09999804859157,-2.99295719210697e-06
575040,0.11971830532324537,3.9458252053667155e-09,0.0,1.0999980485915701,-2.992957192936383e-06
575100,0.11971830533002657,3.9398929608890625e-09,0.0,1.0999980485915701,-2.9929571937671882e-06
575160,0.11971830533681922,3.9339508557230855e-09,0.0,1.0999980485915701,-2.9929571945993795e-06
575220,0.1197183053436233,3.927998926863162e-09,0.0,1.0999980485915701,-2.9929571954329527e-06
575280,0.11971830535043874,3.922037211703634e-09,0.0,1.0999980485915704,-2.9929571962679014e-06
575340,0.11971830535726552,3.916065748039034e-09,0.0,1.0999980485915704,-2.9929571971042215e-06
575400,0.11971830536410358,3.9100845740643e-09,0.0,1.0999980485915704,-2.992957197941907e-06
575460,0.11971830537095289,3.904093728375006e-09,0.0,1.0999980485915706,-2.992957198780953e-06
575520,0.1197183053778134,3.8980932499675815e-09,0.0,1.0999980485915706,-2.992957199621354e-06
575580,0.11971830538468509,3.8920831782395344e-09,0.0,1.0999980485915706,-2.9929572004631044e-06
575640,0.11971830539156789,3.886063552989675e-09,0.0,1.0999980485915708,-2.992957201306199e-06
575700,0.11971830539846175,3.8800344144183355e-09,0.0,1.0999980485915708,-2.9929572021506316e-06
575760,0.11971830540536664,3.873995803127596e-09,0.0,1.0999980485915708,-2.9929572029963974e-06
575820,0.11971830541228252,3.8679477601215095e-09,0.0,1.099998048591571,-2.9929572038434905e-06
575880,0.11971830541920934,3.861890326806316e-09,0.0,1.099998048591571,-2.9929572046919045e-06
575940,0.11971830542614705,3.855823544990677e-09,0.0,1.099998048591571,-2.9929572055416344e-06
576000,0.1197183054330956,3.849747456885888e-09,0.0,1.099998048591571,-2.9929572063926743e-06
576060,0.11971830544005495,3.843662105106106e-09,0.0,1.0999980485915712,-2.992957207245018e-06
576120,0.11971830544702504,3.837567532668572e-09,0.0,1.0999980485915712,-2.9929572080986596e-06
576180,0.11971830545400584,3.831463782993837e-09,0.0,1.0999980485915712,-2.9929572089535933e-06
576240,0.11971830546099729,3.825350899905977e-09,0.0,1.0999980485915715,-2.9929572098098127e-06
576300,0.11971830546799934,3.819228927632822e-09,0.0,1.0999980485915715,-2.992957210667312e-06
576360,0.11971830547501194,3.8130979108061764e-09,0.0,1.0999980485915715,-2.992957211526085e-06
576420,0.11971830548203506,3.806957894462044e-09,0.0,1.0999980485915715,-2.992957212386125e-06
576480,0.11971830548906863,3.800808924040846e-09,0.0,1.0999980485915717,-2.992957213247426e-06
576540,0.1197183054961126,3.794651045387651e-09,0.0,1.0999980485915717,-2.992957214109982e-06
576600,0.11971830550316692,3.788484304752391e-09,0.0,1.0999980485915717,-2.9929572149737863e-06
576660,0.11971830551023155,3.782308748790088e-09,0.0,1.099998048591572,-2.9929572158388327e-06
576720,0.11971830551730642,3.776124424561076e-09,0.0,1.099998048591572,-2.992957216705114e-06
576780,0.11971830552439149,3.769931379531223e-09,0.0,1.099998048591572,-2.9929572175726244e-06
576840,0.1197183055314867,3.763729661572154e-09,0.0,1.099998048591572,-2.9929572184413567e-06
576900,0.11971830553859199,3.757519318961475e-09,0.0,1.0999980485915721,-2.9929572193113044e-06
576960,0.11971830554570732,3.751300400382996e-09,0.0,1.0999980485915721,-2.9929572201824613e-06
577020,0.11971830555283264,3.74507295492695e-09,0.0,1.0999980485915721,-2.9929572210548197e-06
577080,0.11971830555996787,3.738837032090221e-09,0.0,1.0999980485915721,-2.9929572219283732e-06
577140,0.11971830556711299,3.732592681776563e-09,0.0,1.0999980485915724,-2.992957222803115e-06
577200,0.11971830557426792,3.726339954296824e-09,0.0,1.0999980485915724,-2.992957223679038e-06
577260,0.1197183055814326,3.720078900369172e-09,0.0,1.0999980485915724,-2.9929572245561354e-06
577320,0.11971830558860698,3.71380957111931e-09,0.0,1.0999980485915724,-2.9929572254343993e-06
577380,0.11971830559579101,3.707532018080707e-09,0.0,1.0999980485915726,-2.9929572263138236e-06
577440,0.11971830560298463,3.701246293194817e-09,0.0,1.0999980485915726,-2.9929572271944003e-06
577500,0.11971830561018777,3.6949524488113e-09,0.0,1.0999980485915726,-2.9929572280761227e-06
577560,0.11971830561740038,3.6886505376882486e-09,0.0,1.0999980485915726,-2.9929572289589834e-06
577620,0.1197183056246224,3.6823406129924098e-09,0.0,1.0999980485915726,-2.992957229842975e-06
577680,0.11971830563185377,3.6760227282994054e-09,0.0,1.0999980485915728,-2.9929572307280897e-06
577740,0.11971830563909444,3.6696969375939585e-09,0.0,1.0999980485915728,-2.9929572316143203e-06
577800,0.11971830564634434,3.663363295270113e-09,0.0,1.0999980485915728,-2.9929572325016598e-06
577860,0.1197183056536034,3.657021856131457e-09,0.0,1.0999980485915728,-2.9929572333900995e-06
577920,0.11971830566087158,3.6506726753913484e-09,0.0,1.099998048591573,-2.9929572342796327e-06
577980,0.1197183056681488,3.6443158086731343e-09,0.0,1.099998048591573,-2.992957235170251e-06
578040,0.119718305675435,3.6379513120103757e-09,0.0,1.099998048591573,-2.992957236061947e-06
578100,0.11971830568273013,3.6315792418470686e-09,0.0,1.099998048591573,-2.992957236954713e-06
578160,0.11971830569003411,3.62519965503787e-09,0.0,1.099998048591573,-2.9929572378485413e-06
578220,0.11971830569734689,3.618812608848316e-09,0.0,1.0999980485915732,-2.992957238743423e-06
578280,0.1197183057046684,3.61241816095505e-09,0.0,1.0999980485915732,-2.9929572396393515e-06
578340,0.11971830571199857,3.60601636944604e-09,0.0,1.0999980485915732,-2.9929572405363174e-06
578400,0.11971830571933735,3.5996072928208065e-09,0.0,1.0999980485915732,-2.9929572414343134e-06
578460,0.11971830572668465,3.5931909899906414e-09,0.0,1.0999980485915732,-2.992957242333331e-06
578520,0.11971830573404044,3.5867675202788328e-09,0.0,1.0999980485915732,-2.992957243233362e-06
578580,0.11971830574140462,3.580336943420887e-09,0.0,1.0999980485915735,-2.992957244134398e-06
578640,0.11971830574877712,3.5738993195647517e-09,0.0,1.0999980485915735,-2.9929572450364315e-06
578700,0.11971830575615791,3.56745470927104e-09,0.0,1.0999980485915735,-2.992957245939453e-06
578760,0.11971830576354689,3.5610031735132493e-09,0.0,1.0999980485915735,-2.9929572468434548e-06
578820,0.119718305770944,3.554544773677989e-09,0.0,1.0999980485915735,-2.9929572477484277e-06
578880,0.11971830577834919,3.5480795715652e-09,0.0,1.0999980485915735,-2.992957248654364e-06
578940,0.11971830578576236,3.5416076293883782e-09,0.0,1.0999980485915735,-2.9929572495612544e-06
579000,0.11971830579318345,3.535129009774798e-09,0.0,1.0999980485915737,-2.9929572504690904e-06
579060,0.11971830580061239,3.5286437757657355e-09,0.0,1.0999980485915737,-2.9929572513778635e-06
579120,0.11971830580804912,3.5221519908166885e-09,0.0,1.0999980485915737,-2.992957252287564e-06
579180,0.11971830581549356,3.5156537187976036e-09,0.0,1.0999980485915737,-2.9929572531981848e-06
579240,0.11971830582294564,3.5091490239930943e-09,0.0,1.0999980485915737,-2.992957254109715e-06
579300,0.1197183058304053,3.5026379711026682e-09,0.0,1.0999980485915737,-2.992957255022147e-06
579360,0.11971830583787244,3.4961206252409465e-09,0.0,1.0999980485915737,-2.9929572559354713e-06
579420,0.119718305845347,3.489597051937889e-09,0.0,1.0999980485915737,-2.992957256849679e-06
579480,0.11971830585282892,3.4830673171390144e-09,0.0,1.099998048591574,-2.9929572577647605e-06
579540,0.1197183058603181,3.4765314872056267e-09,0.0,1.099998048591574,-2.9929572586807067e-06
579600,0.11971830586781448,3.469989628915035e-09,0.0,1.099998048591574,-2.9929572595975085e-06
579660,0.119718305875318,3.4634418094607765e-09,0.0,1.099998048591574,-2.992957260515157e-06
579720,0.11971830588282856,3.456888096452841e-09,0.0,1.099998048591574,-2.992957261433642e-06
579780,0.1197183058903461,3.4503285579178927e-09,0.0,1.099998048591574,-2.992957262352955e-06
579840,0.11971830589787054,3.4437632622994928e-09,0.0,1.099998048591574,-2.9929572632730856e-06
579900,0.11971830590540178,3.4371922784583223e-09,0.0,1.099998048591574,-2.9929572641940247e-06
579960,0.11971830591293978,3.4306156756724058e-09,0.0,1.099998048591574,-2.9929572651157626e-06
580020,0.11971830592048444,3.4240335236373325e-09,0.0,1.099998048591574,-2.99295726603829e-06
580080,0.11971830592803569,3.417445892466481e-09,0.0,1.099998048591574,-2.9929572669615964e-06
580140,0.11971830593559345,3.410852852691241e-09,0.0,1.099998048591574,-2.9929572678856725e-06
580200,0.11971830594315763,3.404254475261235e-09,0.0,1.099998048591574,-2.9929572688105084e-06
580260,0.11971830595072817,3.3976508315445442e-09,0.0,1.099998048591574,-2.9929572697360944e-06
580320,0.11971830595830497,3.391041993327928e-09,0.0,1.099998048591574,-2.99295727066242e-06
580380,0.11971830596588796,3.384428032817049e-09,0.0,1.099998048591574,-2.9929572715894757e-06
580440,0.11971830597347706,3.377809022636694e-09,0.0,1.0999980485915741,-2.9929572725172512e-06
580500,0.11971830598107219,3.3711850358309994e-09,0.0,1.0999980485915741,-2.9929572734457366e-06
580560,0.11971830598867327,3.364556145863671e-09,0.0,1.0999980485915741,-2.9929572743749216e-06
580620,0.1197183059962802,3.357922426618209e-09,0.0,1.0999980485915741,-2.9929572753047956e-06
580680,0.1197183060038929,3.35128395239813e-09,0.0,1.0999980485915741,-2.9929572762353485e-06
580740,0.1197183060115113,3.3446407979271888e-09,0.0,1.0999980485915741,-2.99295727716657e-06
580800,0.11971830601913531,3.3379930383496037e-09,0.0,1.0999980485915741,-2.99295727809845e-06
580860,0.11971830602676486,3.3313407492302766e-09,0.0,1.0999980485915741,-2.9929572790309774e-06
580920,0.11971830603439984,3.3246840065550173e-09,0.0,1.099998048591574,-2.9929572799641417e-06
580980,0.11971830604204019,3.3180228867307667e-09,0.0,1.099998048591574,-2.992957280897933e-06
581040,0.1197183060496858,3.3113574665858175e-09,0.0,1.099998048591574,-2.99295728183234e-06
581100,0.11971830605733659,3.30468782337004e-09,0.0,1.099998048591574,-2.992957282767352e-06
581160,0.11971830606499248,3.298014034755102e-09,0.0,1.099998048591574,-2.9929572837029587e-06
581220,0.11971830607265338,3.2913361788346935e-09,0.0,1.099998048591574,-2.9929572846391486e-06
581280,0.11971830608031919,3.2846543341247484e-09,0.0,1.099998048591574,-2.992957285575911e-06
581340,0.11971830608798985,3.2779685795636687e-09,0.0,1.099998048591574,-2.9929572865132353e-06
581400,0.11971830609566525,3.2712789945125454e-09,0.0,1.099998048591574,-2.9929572874511104e-06
581460,0.11971830610334531,3.2645856587553826e-09,0.0,1.099998048591574,-2.9929572883895247e-06
581520,0.11971830611102993,3.25788865249932e-09,0.0,1.099998048591574,-2.992957289328468e-06
581580,0.11971830611871903,3.2511880563748556e-09,0.0,1.099998048591574,-2.9929572902679282e-06
581640,0.11971830612641252,3.2444839514360686e-09,0.0,1.099998048591574,-2.9929572912078942e-06
581700,0.1197183061341103,3.2377764191608424e-09,0.0,1.099998048591574,-2.9929572921483553e-06
581760,0.11971830614181228,3.231065541451087e-09,0.0,1.099998048591574,-2.9929572930892997e-06
581820,0.11971830614951837,3.224351400632961e-09,0.0,1.0999980485915737,-2.992957294030716e-06
581880,0.11971830615722848,3.2176340794570975e-09,0.0,1.0999980485915737,-2.9929572949725923e-06
581940,0.11971830616494251,3.2109136610988224e-09,0.0,1.0999980485915737,-2.9929572959149177e-06
582000,0.11971830617266038,3.2041902291583812e-09,0.0,1.0999980485915737,-2.9929572968576806e-06
582060,0.11971830618038198,3.197463867661159e-09,0.0,1.0999980485915737,-2.992957297800869e-06
582120,0.11971830618810723,3.190734661057905e-09,0.0,1.0999980485915737,-2.992957298744471e-06
582180,0.11971830619583602,3.184002694224956e-09,0.0,1.0999980485915737,-2.9929572996884758e-06
582240,0.11971830620356828,3.1772680524644547e-09,0.0,1.0999980485915735,-2.99295730063287e-06
582300,0.11971830621130389,3.170530821504579e-09,0.0,1.0999980485915735,-2.992957301577643e-06
582360,0.11971830621904275,3.1637910874997593e-09,0.0,1.0999980485915735,-2.9929573025227827e-06
582420,0.11971830622678477,3.157048937030905e-09,0.0,1.0999980485915735,-2.992957303468276e-06
582480,0.11971830623452986,3.150304457105625e-09,0.0,1.0999980485915735,-2.9929573044141124e-06
582540,0.11971830624227793,3.143557735158451e-09,0.0,1.0999980485915735,-2.9929573053602783e-06
582600,0.11971830625002886,3.136808859051063e-09,0.0,1.0999980485915732,-2.9929573063067626e-06
582660,0.11971830625778256,3.1300579170725053e-09,0.0,1.0999980485915732,-2.9929573072535523e-06
582720,0.11971830626553893,3.1233049979394175e-09,0.0,1.0999980485915732,-2.9929573082006355e-06
582780,0.11971830627329788,3.116550190796253e-09,0.0,1.0999980485915732,-2.992957309148e-06
582840,0.1197183062810593,3.1097935852155e-09,0.0,1.099998048591573,-2.9929573100956325e-06
582900,0.11971830628882309,3.103035271197909e-09,0.0,1.099998048591573,-2.992957311043521e-06
582960,0.11971830629658914,3.0962753391727126e-09,0.0,1.099998048591573,-2.992957311991654e-06
583020,0.11971830630435737,3.0895138799978484e-09,0.0,1.099998048591573,-2.992957312940017e-06
583080,0.11971830631212765,3.082750984960182e-09,0.0,1.0999980485915728,-2.9929573138885986e-06
583140,0.11971830631989991,3.0759867457757313e-09,0.0,1.0999980485915728,-2.9929573148373856e-06
583200,0.11971830632767402,3.069221254589887e-09,0.0,1.0999980485915728,-2.9929573157863653e-06
583260,0.11971830633544989,3.062454603977637e-09,0.0,1.0999980485915728,-2.9929573167355246e-06
583320,0.11971830634322742,3.0556868869437887e-09,0.0,1.0999980485915726,-2.992957317684851e-06
583380,0.11971830635100648,3.048918196923192e-09,0.0,1.0999980485915726,-2.9929573186343315e-06
583440,0.11971830635878698,3.04214862778096e-09,0.0,1.0999980485915726,-2.992957319583953e-06
583500,0.11971830636656883,3.0353782738126966e-09,0.0,1.0999980485915724,-2.992957320533702e-06
583560,0.11971830637435191,3.028607229744715e-09,0.0,1.0999980485915724,-2.992957321483566e-06
583620,0.11971830638213611,3.0218355907342605e-09,0.0,1.0999980485915724,-2.9929573224335313e-06
583680,0.11971830638992133,3.015063452369737e-09,0.0,1.0999980485915721,-2.9929573233835847e-06
583740,0.11971830639770745,3.0082909106709265e-09,0.0,1.0999980485915721,-2.992957324333713e-06
583800,0.11971830640549437,3.0015180620892124e-09,0.0,1.0999980485915721,-2.9929573252839026e-06
583860,0.11971830641328199,2.994745003507803e-09,0.0,1.099998048591572,-2.99295732623414e-06
583920,0.11971830642107019,2.9879718322419544e-09,0.0,1.099998048591572,-2.9929573271844125e-06
583980,0.11971830642885888,2.981198646039193e-09,0.0,1.099998048591572,-2.992957328134706e-06
584040,0.11971830643664791,2.9744255430795376e-09,0.0,1.0999980485915717,-2.992957329085006e-06
584100,0.1197183064444372,2.967652621975723e-09,0.0,1.0999980485915717,-2.9929573300353e-06
584160,0.11971830645222664,2.9608799817734233e-09,0.0,1.0999980485915715,-2.992957330985574e-06
584220,0.1197183064600161,2.954107721951473e-09,0.0,1.0999980485915715,-2.9929573319358137e-06
584280,0.11971830646780549,2.947335942422092e-09,0.0,1.0999980485915712,-2.9929573328860056e-06
584340,0.11971830647559467,2.9405647435311067e-09,0.0,1.0999980485915712,-2.992957333836136e-06
584400,0.11971830648338357,2.9337942260581726e-09,0.0,1.0999980485915712,-2.99295733478619e-06
584460,0.11971830649117202,2.9270244912169986e-09,0.0,1.099998048591571,-2.9929573357361545e-06
584520,0.11971830649895995,2.92025564065557e-09,0.0,1.099998048591571,-2.992957336686015e-06
584580,0.11971830650674724,2.913487776456368e-09,0.0,1.0999980485915708,-2.9929573376357576e-06
584640,0.11971830651453375,2.906721001136596e-09,0.0,1.0999980485915708,-2.9929573385853675e-06
584700,0.11971830652231939,2.8999554176484023e-09,0.0,1.0999980485915706,-2.992957339534831e-06
584760,0.11971830653010404,2.8931911293791e-09,0.0,1.0999980485915706,-2.992957340484133e-06
584820,0.11971830653788756,2.8864282401513926e-09,0.0,1.0999980485915704,-2.9929573414332596e-06
584880,0.11971830654566987,2.879666854223595e-09,0.0,1.0999980485915704,-2.9929573423821965e-06
584940,0.11971830655345084,2.8729070762898588e-09,0.0,1.0999980485915701,-2.9929573433309285e-06
585000,0.11971830656123032,2.8661490114803915e-09,0.0,1.0999980485915701,-2.992957344279442e-06
585060,0.11971830656900824,2.8593927653616816e-09,0.0,1.09999804859157,-2.992957345227721e-06
585120,0.11971830657678446,2.8526384439367224e-09,0.0,1.0999980485915697,-2.992957346175752e-06
585180,0.11971830658455886,2.8458861536452315e-09,0.0,1.0999980485915697,-2.99295734712352e-06
585240,0.1197183065923313,2.839136001363877e-09,0.0,1.0999980485915695,-2.992957348071009e-06
585300,0.1197183066001017,2.8323880944064974e-09,0.0,1.0999980485915695,-2.9929573490182054e-06
585360,0.11971830660786992,2.825642540524327e-09,0.0,1.0999980485915692,-2.9929573499650943e-06
585420,0.11971830661563583,2.818899447906217e-09,0.0,1.0999980485915692,-2.9929573509116595e-06
585480,0.11971830662339931,2.8121589251788584e-09,0.0,1.099998048591569,-2.9929573518578868e-06
585540,0.11971830663116026,2.8054210814070055e-09,0.0,1.0999980485915688,-2.992957352803761e-06
585600,0.11971830663891853,2.7986860260936986e-09,0.0,1.0999980485915688,-2.9929573537492665e-06
585660,0.119718306646674,2.7919538691804867e-09,0.0,1.0999980485915686,-2.9929573546943884e-06
585720,0.11971830665442657,2.785224721047649e-09,0.0,1.0999980485915684,-2.9929573556391113e-06
585780,0.11971830666217609,2.7784986925144206e-09,0.0,1.0999980485915684,-2.9929573565834196e-06
585840,0.11971830666992245,2.771775894839212e-09,0.0,1.0999980485915681,-2.9929573575272977e-06
585900,0.1197183066776655,2.765056439719834e-09,0.0,1.099998048591568,-2.9929573584707306e-06
585960,0.11971830668540516,2.7583404392937206e-09,0.0,1.099998048591568,-2.9929573594137027e-06
586020,0.11971830669314126,2.75162800613815e-09,0.0,1.0999980485915677,-2.992957360356198e-06
586080,0.1197183067008737,2.74491925327047e-09,0.0,1.0999980485915675,-2.9929573612982007e-06
586140,0.11971830670860234,2.7382142941483175e-09,0.0,1.0999980485915672,-2.9929573622396956e-06
586200,0.11971830671632705,2.731513242669845e-09,0.0,1.0999980485915672,-2.992957363180666e-06
586260,0.11971830672404771,2.72481621317394e-09,0.0,1.099998048591567,-2.9929573641210972e-06
586320,0.11971830673176419,2.71812332044045e-09,0.0,1.0999980485915668,-2.992957365060972e-06
586380,0.11971830673947637,2.711434679690405e-09,0.0,1.0999980485915666,-2.9929573660002754e-06
586440,0.11971830674718409,2.70475040658624e-09,0.0,1.0999980485915666,-2.992957366938991e-06
586500,0.11971830675488725,2.6980706172320157e-09,0.0,1.0999980485915664,-2.9929573678771026e-06
586560,0.1197183067625857,2.6913954281736466e-09,0.0,1.0999980485915661,-2.992957368814594e-06
586620,0.11971830677027931,2.6847249563991177e-09,0.0,1.099998048591566,-2.992957369751449e-06
586680,0.11971830677796796,2.678059319338712e-09,0.0,1.0999980485915657,-2.992957370687651e-06
586740,0.11971830678565153,2.6713986348652307e-09,0.0,1.0999980485915655,-2.9929573716231838e-06
586800,0.11971830679332986,2.6647430212942157e-09,0.0,1.0999980485915655,-2.9929573725580316e-06
586860,0.11971830680100282,2.6580925973841756e-09,0.0,1.0999980485915652,-2.9929573734921768e-06
586920,0.11971830680867028,2.651447482336804e-09,0.0,1.099998048591565,-2.9929573744256037e-06
586980,0.11971830681633212,2.6448077957972068e-09,0.0,1.0999980485915648,-2.992957375358295e-06
587040,0.1197183068239882,2.6381736578541206e-09,0.0,1.0999980485915646,-2.9929573762902345e-06
587100,0.11971830683163835,2.6315451890401396e-09,0.0,1.0999980485915644,-2.9929573772214054e-06
587160,0.11971830683928249,2.624922510331935e-09,0.0,1.0999980485915641,-2.992957378151791e-06
587220,0.11971830684692043,2.618305743150481e-09,0.0,1.099998048591564,-2.992957379081374e-06
587280,0.11971830685455208,2.6116950093612738e-09,0.0,1.0999980485915637,-2.9929573800101377e-06
587340,0.11971830686217728,2.605090431274558e-09,0.0,1.0999980485915635,-2.9929573809380652e-06
587400,0.11971830686979588,2.598492131645548e-09,0.0,1.0999980485915632,-2.9929573818651394e-06
587460,0.11971830687740778,2.591900233674649e-09,0.0,1.099998048591563,-2.992957382791343e-06
587520,0.1197183068850128,2.5853148610076836e-09,0.0,1.0999980485915628,-2.992957383716659e-06
587580,0.11971830689261083,2.5787361377361108e-09,0.0,1.0999980485915626,-2.99295738464107e-06
587640,0.1197183069002017,2.5721641883972513e-09,0.0,1.0999980485915624,-2.992957385564559e-06
587700,0.1197183069077853,2.56559913797451e-09,0.0,1.0999980485915621,-2.9929573864871085e-06
587760,0.11971830691536148,2.5590411118975962e-09,0.0,1.099998048591562,-2.992957387408701e-06
587820,0.11971830692293009,2.5524902360427514e-09,0.0,1.0999980485915617,-2.9929573883293188e-06
587880,0.11971830693049099,2.5459466367329664e-09,0.0,1.0999980485915615,-2.992957389248945e-06
587940,0.11971830693804404,2.5394104407382086e-09,0.0,1.0999980485915613,-2.992957390167561e-06
588000,0.1197183069455891,2.532881775275643e-09,0.0,1.099998048591561,-2.99295739108515e-06
588060,0.11971830695312603,2.5263607680098534e-09,0.0,1.0999980485915608,-2.992957392001694e-06
588120,0.11971830696065468,2.5198475470530688e-09,0.0,1.0999980485915606,-2.992957392917175e-06
588180,0.11971830696817491,2.5133422409653834e-09,0.0,1.0999980485915601,-2.9929573938315753e-06
588240,0.11971830697568657,2.50684497875498e-09,0.0,1.09999804859156,-2.992957394744877e-06
588300,0.11971830698318951,2.500355889878354e-09,0.0,1.0999980485915597,-2.992957395657062e-06
588360,0.1197183069906836,2.493875104240534e-09,0.0,1.0999980485915595,-2.9929573965681126e-06
588420,0.11971830699816867,2.4874027521953067e-09,0.0,1.0999980485915593,-2.99295739747801e-06
588480,0.1197183070056446,2.4809389645454388e-09,0.0,1.0999980485915588,-2.9929573983867364e-06
588540,0.11971830701311123,2.4744838725428988e-09,0.0,1.0999980485915586,-2.9929573992942738e-06
588600,0.1197183070205684,2.4680376078890822e-09,0.0,1.0999980485915584,-2.9929574002006037e-06
588660,0.11971830702801599,2.4616003027350325e-09,0.0,1.0999980485915581,-2.992957401105708e-06
588720,0.11971830703545383,2.455172089681664e-09,0.0,1.0999980485915577,-2.9929574020095675e-06
588780,0.11971830704288176,2.448753101779985e-09,0.0,1.0999980485915575,-2.992957402912164e-06
588840,0.11971830705029966,2.4423434725313216e-09,0.0,1.0999980485915573,-2.99295740381348e-06
588900,0.11971830705770736,2.435943335887538e-09,0.0,1.099998048591557,-2.9929574047134953e-06
588960,0.11971830706510472,2.4295528262512623e-09,0.0,1.0999980485915566,-2.992957405612192e-06
589020,0.11971830707249158,2.423172078476107e-09,0.0,1.0999980485915564,-2.992957406509552e-06
589080,0.11971830707986779,2.416801227866892e-09,0.0,1.099998048591556,-2.9929574074055553e-06
589140,0.11971830708723319,2.4104404101798698e-09,0.0,1.0999980485915557,-2.9929574083001834e-06
589200,0.11971830709458765,2.4040897616229448e-09,0.0,1.0999980485915555,-2.992957409193418e-06
589260,0.11971830710260485,2.397286007591897e-09,0.0,1.0999980485915553,-2.992957410153543e-06
589320,0.11971830711133895,2.389991946805684e-09,0.0,1.0999980485915553,-2.992957411186044e-06
589380,0.11971830712007794,2.382697244774937e-09,0.0,1.099998048591555,-2.992957412218748e-06
589440,0.1197183071288218,2.3754019736657524e-09,0.0,1.099998048591555,-2.9929574132516454e-06
589500,0.11971830713757041,2.3681062058867988e-09,0.0,1.099998048591555,-2.9929574142847266e-06
589560,0.11971830714632375,2.360810014089248e-09,0.0,1.0999980485915548,-2.9929574153179823e-06
589620,0.11971830715508176,2.353513471166705e-09,0.0,1.0999980485915548,-2.9929574163514023e-06
589680,0.11971830716384438,2.346216650255139e-09,0.0,1.0999980485915548,-2.9929574173849777e-06
589740,0.11971830717261152,2.338919624732808e-09,0.0,1.0999980485915548,-2.992957418418699e-06
589800,0.11971830718138315,2.3316224682201947e-09,0.0,1.0999980485915546,-2.992957419452556e-06
589860,0.1197183071901592,2.324325254579929e-09,0.0,1.0999980485915546,-2.9929574204865388e-06
589920,0.11971830719893961,2.3170280579167244e-09,0.0,1.0999980485915546,-2.9929574215206385e-06
589980,0.11971830720772432,2.3097309525773008e-09,0.0,1.0999980485915546,-2.9929574225548446e-06
590040,0.11971830721651328,2.302434013150319e-09,0.0,1.0999980485915544,-2.9929574235891476e-06
590100,0.1197183072253064,2.295137314466309e-09,0.0,1.0999980485915544,-2.992957424623538e-06
590160,0.11971830723410362,2.2878409315975964e-09,0.0,1.0999980485915544,-2.9929574256580053e-06
590220,0.11971830724290491,2.280544939858236e-09,0.0,1.0999980485915541,-2.9929574266925404e-06
590280,0.11971830725171019,2.2732494148039393e-09,0.0,1.0999980485915541,-2.9929574277271323e-06
590340,0.1197183072605194,2.265954432232004e-09,0.0,1.0999980485915541,-2.992957428761772e-06
590400,0.11971830726933246,2.2586600681812414e-09,0.0,1.0999980485915541,-2.992957429796449e-06
590460,0.11971830727814932,2.2513663989319117e-09,0.0,1.099998048591554,-2.992957430831154e-06
590520,0.11971830728696993,2.244073501005646e-09,0.0,1.099998048591554,-2.992957431865876e-06
590580,0.11971830729579422,2.2367814511653836e-09,0.0,1.099998048591554,-2.992957432900605e-06
590640,0.1197183073046221,2.229490326415293e-09,0.0,1.0999980485915537,-2.9929574339353315e-06
590700,0.11971830731345355,2.222200204000707e-09,0.0,1.0999980485915537,-2.992957434970045e-06
590760,0.11971830732228847,2.214911161408053e-09,0.0,1.0999980485915537,-2.9929574360047355e-06
590820,0.11971830733112683,2.207623276364777e-09,0.0,1.0999980485915535,-2.9929574370393926e-06
590880,0.11971830733996854,2.2003366268392783e-09,0.0,1.0999980485915535,-2.9929574380740065e-06
590940,0.11971830734881353,2.1930512910408357e-09,0.0,1.0999980485915535,-2.992957439108566e-06
591000,0.11971830735766174,2.1857673474195397e-09,0.0,1.0999980485915535,-2.992957440143062e-06
591060,0.11971830736651314,2.1784848746662186e-09,0.0,1.0999980485915533,-2.992957441177483e-06
591120,0.11971830737536762,2.1712039517123707e-09,0.0,1.0999980485915533,-2.992957442211819e-06
591180,0.11971830738422513,2.1639246577300917e-09,0.0,1.0999980485915533,-2.9929574432460604e-06
591240,0.11971830739308562,2.156647072132007e-09,0.0,1.099998048591553,-2.992957444280196e-06
591300,0.11971830740194901,2.1493712745711982e-09,0.0,1.099998048591553,-2.9929574453142154e-06
591360,0.11971830741081523,2.1420973449411336e-09,0.0,1.099998048591553,-2.992957446348108e-06
591420,0.11971830741968421,2.1348253633755977e-09,0.0,1.0999980485915528,-2.992957447381864e-06
591480,0.11971830742855591,2.127555410248621e-09,0.0,1.0999980485915528,-2.992957448415472e-06
591540,0.11971830743743024,2.12028756617441e-09,0.0,1.0999980485915528,-2.9929574494489216e-06
591600,0.11971830744630714,2.1130219120072727e-09,0.0,1.0999980485915526,-2.9929574504822023e-06
591660,0.11971830745518654,2.1057585288415553e-09,0.0,1.0999980485915526,-2.9929574515153034e-06
591720,0.11971830746406838,2.0984974980115643e-09,0.0,1.0999980485915526,-2.9929574525482148e-06
591780,0.11971830747295259,2.091238901091499e-09,0.0,1.0999980485915526,-2.9929574535809245e-06
591840,0.1197183074818391,2.083982819895384e-09,0.0,1.0999980485915524,-2.992957454613423e-06
591900,0.11971830749072784,2.0767293364769924e-09,0.0,1.0999980485915524,-2.992957455645699e-06
591960,0.11971830749961876,2.06947853312978e-09,0.0,1.0999980485915524,-2.9929574566777418e-06
592020,0.11971830750851177,2.0622304923868137e-09,0.0,1.0999980485915521,-2.99295745770954e-06
592080,0.11971830751740681,2.0549852970206992e-09,0.0,1.0999980485915521,-2.992957458741084e-06
592140,0.11971830752630382,2.047743030043512e-09,0.0,1.0999980485915521,-2.9929574597723614e-06
592200,0.11971830753520271,2.0405037747067274e-09,0.0,1.099998048591552,-2.9929574608033623e-06
592260,0.11971830754410343,2.0332676145011486e-09,0.0,1.099998048591552,-2.9929574618340756e-06
592320,0.1197183075530059,2.026034633156837e-09,0.0,1.099998048591552,-2.99295746286449e-06
592380,0.11971830756191007,2.0188049146430403e-09,0.0,1.0999980485915517,-2.992957463894594e-06
592440,0.11971830757081585,2.011578543168124e-09,0.0,1.0999980485915517,-2.992957464924378e-06
592500,0.11971830757972317,2.004355603179499e-09,0.0,1.0999980485915515,-2.9929574659538296e-06
592560,0.11971830758863197,1.9971361793635527e-09,0.0,1.0999980485915515,-2.9929574669829386e-06
592620,0.11971830759754219,1.9899203566455767e-09,0.0,1.0999980485915515,-2.9929574680116927e-06
592680,0.11971830760645373,1.9827082201896977e-09,0.0,1.0999980485915513,-2.9929574690400818e-06
592740,0.11971830761536655,1.975499855398805e-09,0.0,1.0999980485915513,-2.992957470068094e-06
592800,0.11971830762428055,1.968295347914484e-09,0.0,1.0999980485915513,-2.9929574710957185e-06
592860,0.1197183076331957,1.9610947836169404e-09,0.0,1.099998048591551,-2.9929574721229437e-06
592920,0.11971830764211189,1.9538982486249333e-09,0.0,1.099998048591551,-2.9929574731497586e-06
592980,0.11971830765102906,1.946705829295703e-09,0.0,1.099998048591551,-2.9929574741761516e-06
593040,0.11971830765994715,1.939517612224901e-09,0.0,1.0999980485915508,-2.9929574752021114e-06
593100,0.11971830766886608,1.9323336842465206e-09,0.0,1.0999980485915508,-2.9929574762276264e-06
593160,0.11971830767778577,1.925154132432823e-09,0.0,1.0999980485915508,-2.992957477252686e-06
593220,0.11971830768670616,1.917979044094271e-09,0.0,1.0999980485915506,-2.9929574782772776e-06
593280,0.11971830769562718,1.9108085067794547e-09,0.0,1.0999980485915506,-2.99295747930139e-06
593340,0.11971830770454875,1.9036426082750233e-09,0.0,1.0999980485915506,-2.9929574803250124e-06
593400,0.1197183077134708,1.896481436605614e-09,0.0,1.0999980485915504,-2.9929574813481324e-06
593460,0.11971830772239327,1.889325080033781e-09,0.0,1.0999980485915504,-2.992957482370739e-06
593520,0.11971830773131605,1.8821736270599244e-09,0.0,1.0999980485915501,-2.99295748339282e-06
593580,0.1197183077402391,1.8750271664222216e-09,0.0,1.0999980485915501,-2.992957484414364e-06
593640,0.11971830774916234,1.8678857870965554e-09,0.0,1.0999980485915501,-2.9929574854353595e-06
593700,0.1197183077580857,1.8607495782964437e-09,0.0,1.09999804859155,-2.992957486455795e-06
593760,0.11971830776700909,1.8536186294729674e-09,0.0,1.09999804859155,-2.9929574874756577e-06
593820,0.11971830777593245,1.8464930303147035e-09,0.0,1.09999804859155,-2.992957488494937e-06
593880,0.1197183077848557,1.8393728707476507e-09,0.0,1.0999980485915497,-2.9929574895136207e-06
593940,0.11971830779377877,1.8322582409351606e-09,0.0,1.0999980485915497,-2.9929574905316967e-06
594000,0.1197183078027016,1.8251492312778685e-09,0.0,1.0999980485915495,-2.992957491549153e-06
594060,0.11971830781162408,1.8180459324136194e-09,0.0,1.0999980485915495,-2.9929574925659785e-06
594120,0.11971830782054615,1.8109484352174008e-09,0.0,1.0999980485915495,-2.9929574935821605e-06
594180,0.11971830782946775,1.8038568308012704e-09,0.0,1.0999980485915493,-2.9929574945976874e-06
594240,0.1197183078383888,1.7967712105142855e-09,0.0,1.0999980485915493,-2.9929574956125468e-06
594300,0.11971830784730922,1.789691665942433e-09,0.0,1.099998048591549,-2.9929574966267273e-06
594360,0.11971830785622892,1.7826182889085588e-09,0.0,1.099998048591549,-2.9929574976402166e-06
594420,0.11971830786514784,1.7755511714722973e-09,0.0,1.099998048591549,-2.992957498653002e-06
594480,0.11971830787406591,1.7684904059300002e-09,0.0,1.0999980485915488,-2.9929574996650725e-06
594540,0.11971830788298304,1.761436084814667e-09,0.0,1.0999980485915488,-2.992957500676415e-06
594600,0.11971830789189916,1.7543883008958733e-09,0.0,1.0999980485915488,-2.9929575016870177e-06
594660,0.11971830790081418,1.747347147179701e-09,0.0,1.0999980485915486,-2.9929575026968686e-06
594720,0.11971830790972805,1.7403127169086671e-09,0.0,1.0999980485915486,-2.992957503705955e-06
594780,0.11971830791864067,1.7332851035616546e-09,0.0,1.0999980485915484,-2.9929575047142647e-06
594840,0.11971830792755198,1.72626440085384e-09,0.0,1.0999980485915484,-2.992957505721786e-06
594900,0.11971830793646189,1.7192507027366237e-09,0.0,1.0999980485915484,-2.9929575067285057e-06
594960,0.11971830794537032,1.7122441033975597e-09,0.0,1.0999980485915481,-2.992957507734412e-06
595020,0.11971830795427721,1.7052446972602852e-09,0.0,1.0999980485915481,-2.992957508739492e-06
595080,0.11971830796318246,1.6982525789844486e-09,0.0,1.099998048591548,-2.9929575097437338e-06
595140,0.11971830797208602,1.6912678434656403e-09,0.0,1.099998048591548,-2.9929575107471248e-06
595200,0.11971830798098777,1.6842905858353217e-09,0.0,1.0999980485915477,-2.9929575117496526e-06
595260,0.11971830798988768,1.6773209014607553e-09,0.0,1.0999980485915477,-2.9929575127513043e-06
595320,0.11971830799878563,1.6703588859449326e-09,0.0,1.0999980485915477,-2.9929575137520678e-06
595380,0.11971830800768157,1.6634046351265052e-09,0.0,1.0999980485915475,-2.99295751475193e-06
595440,0.1197183080165754,1.6564582450797131e-09,0.0,1.0999980485915475,-2.9929575157508787e-06
595500,0.11971830802546705,1.649519812114315e-09,0.0,1.0999980485915473,-2.9929575167489012e-06
595560,0.11971830803435646,1.6425894327755172e-09,0.0,1.0999980485915473,-2.992957517745985e-06
595620,0.1197183080432435,1.6356672038439022e-09,0.0,1.0999980485915473,-2.9929575187421167e-06
595680,0.11971830805212814,1.6287532223353607e-09,0.0,1.099998048591547,-2.9929575197372843e-06
595740,0.11971830806101029,1.6218475855010184e-09,0.0,1.099998048591547,-2.992957520731475e-06
595800,0.11971830806988985,1.6149503908271667e-09,0.0,1.0999980485915468,-2.992957521724675e-06
595860,0.11971830807876675,1.608061736035192e-09,0.0,1.0999980485915468,-2.992957522716873e-06
595920,0.11971830808764092,1.6011817190815053e-09,0.0,1.0999980485915466,-2.992957523708055e-06
595980,0.11971830809651225,1.5943104381574708e-09,0.0,1.0999980485915466,-2.9929575246982085e-06
596040,0.1197183081053807,1.5874479916893364e-09,0.0,1.0999980485915464,-2.9929575256873206e-06
596100,0.11971830811424615,1.5805944783381622e-09,0.0,1.0999980485915464,-2.992957526675378e-06
596160,0.11971830812310855,1.5737499969997513e-09,0.0,1.0999980485915464,-2.992957527662368e-06
596220,0.11971830813196781,1.5669146468045777e-09,0.0,1.0999980485915462,-2.992957528648278e-06
596280,0.11971830814082382,1.5600885271177165e-09,0.0,1.0999980485915462,-2.9929575296330944e-06
596340,0.11971830814967654,1.5532717375387734e-09,0.0,1.099998048591546,-2.9929575306168046e-06
596400,0.11971830815852587,1.5464643779018143e-09,0.0,1.099998048591546,-2.9929575315993946e-06
596460,0.11971830816737172,1.5396665482752935e-09,0.0,1.0999980485915457,-2.992957532580852e-06
596520,0.11971830817621401,1.532878348961985e-09,0.0,1.0999980485915457,-2.992957533561164e-06
596580,0.11971830818505268,1.5260998804989105e-09,0.0,1.0999980485915455,-2.9929575345403163e-06
596640,0.11971830819388761,1.51933124365727e-09,0.0,1.0999980485915455,-2.9929575355182967e-06
596700,0.11971830820271875,1.5125725394423697e-09,0.0,1.0999980485915455,-2.9929575364950913e-06
596760,0.119718308211546,1.505823869093553e-09,0.0,1.0999980485915453,-2.992957537470687e-06
596820,0.11971830822036927,1.4990853340841293e-09,0.0,1.0999980485915453,-2.9929575384450704e-06
596880,0.11971830822918851,1.4923570361213032e-09,0.0,1.099998048591545,-2.9929575394182282e-06
596940,0.1197183082380036,1.485639077146104e-09,0.0,1.099998048591545,-2.992957540390147e-06
597000,0.11971830824681447,1.4789315593333155e-09,0.0,1.0999980485915448,-2.9929575413608136e-06
597060,0.11971830825562103,1.4722345850914058e-09,0.0,1.0999980485915448,-2.9929575423302144e-06
597120,0.1197183082644232,1.465548257062455e-09,0.0,1.0999980485915446,-2.9929575432983362e-06
597180,0.1197183082732209,1.4588726781220875e-09,0.0,1.0999980485915446,-2.992957544265165e-06
597240,0.11971830828201405,1.4522079513793984e-09,0.0,1.0999980485915444,-2.9929575452306873e-06
597300,0.11971830829080254,1.4455541801768843e-09,0.0,1.0999980485915444,-2.9929575461948903e-06
597360,0.11971830829958632,1.4389114680903738e-09,0.0,1.0999980485915442,-2.9929575471577593e-06
597420,0.11971830830836527,1.4322799189289554e-09,0.0,1.0999980485915442,-2.9929575481192814e-06
597480,0.11971830831713934,1.425659636734907e-09,0.0,1.0999980485915442,-2.9929575490794433e-06
597540,0.11971830832590842,1.4190507257836267e-09,0.0,1.099998048591544,-2.9929575500382303e-06
597600,0.11971830833467242,1.4124532905835606e-09,0.0,1.099998048591544,-2.992957550995629e-06
597660,0.11971830834343128,1.405867435876133e-09,0.0,1.0999980485915437,-2.992957551951626e-06
597720,0.11971830835218489,1.3992932666356769e-09,0.0,1.0999980485915437,-2.9929575529062077e-06
597780,0.11971830836093317,1.3927308880693607e-09,0.0,1.0999980485915435,-2.99295755385936e-06
597840,0.11971830836967604,1.3861804056171203e-09,0.0,1.0999980485915435,-2.9929575548110683e-06
597900,0.11971830837841341,1.3796419249515874e-09,0.0,1.0999980485915433,-2.99295755576132e-06
597960,0.11971830838714519,1.3731155519780192e-09,0.0,1.0999980485915433,-2.9929575567101005e-06
598020,0.11971830839587129,1.3666013928342273e-09,0.0,1.099998048591543,-2.9929575576573963e-06
598080,0.11971830840459163,1.360099553890508e-09,0.0,1.099998048591543,-2.992957558603193e-06
598140,0.11971830841330612,1.3536101417495718e-09,0.0,1.0999980485915428,-2.9929575595474766e-06
598200,0.11971830842201468,1.347133263246471e-09,0.0,1.0999980485915428,-2.9929575604902336e-06
598260,0.11971830843071722,1.3406690254485314e-09,0.0,1.0999980485915426,-2.9929575614314494e-06
598320,0.11971830843941364,1.3342175356552807e-09,0.0,1.0999980485915426,-2.9929575623711105e-06
598380,0.11971830844810387,1.3277789013983782e-09,0.0,1.0999980485915424,-2.9929575633092025e-06
598440,0.1197183084567878,1.3213532304415437e-09,0.0,1.0999980485915424,-2.992957564245711e-06
598500,0.11971830846546536,1.314940630780488e-09,0.0,1.0999980485915422,-2.992957565180622e-06
598560,0.11971830847413645,1.3085412106428417e-09,0.0,1.0999980485915422,-2.9929575661139213e-06
598620,0.11971830848280099,1.3021550784880834e-09,0.0,1.099998048591542,-2.992957567045595e-06
598680,0.11971830849145888,1.2957823430074719e-09,0.0,1.099998048591542,-2.992957567975628e-06
598740,0.11971830850011005,1.2894231131239736e-09,0.0,1.0999980485915417,-2.992957568904007e-06
598800,0.11971830850875438,1.283077497992192e-09,0.0,1.0999980485915417,-2.992957569830717e-06
598860,0.11971830851739182,1.2767456069982985e-09,0.0,1.0999980485915415,-2.9929575707557444e-06
598920,0.11971830852602225,1.2704275497599602e-09,0.0,1.0999980485915415,-2.9929575716790743e-06
598980,0.11971830853464559,1.264123436126271e-09,0.0,1.0999980485915413,-2.992957572600692e-06
599040,0.11971830854326174,1.2578333761776788e-09,0.0,1.0999980485915413,-2.9929575735205836e-06
599100,0.11971830855187063,1.2515574802259172e-09,0.0,1.099998048591541,-2.9929575744387343e-06
599160,0.11971830856047216,1.2452958588139343e-09,0.0,1.099998048591541,-2.9929575753551295e-06
599220,0.11971830856906623,1.239048622715821e-09,0.0,1.0999980485915408,-2.9929575762697552e-06
599280,0.11971830857765277,1.232815882936742e-09,0.0,1.0999980485915406,-2.9929575771825967e-06
599340,0.11971830858623167,1.2265977507128642e-09,0.0,1.0999980485915406,-2.992957578093639e-06
599400,0.11971830859480284,1.2203943375112866e-09,0.0,1.0999980485915404,-2.992957579002868e-06
599460,0.11971830860336621,1.2142057550299699e-09,0.0,1.0999980485915404,-2.9929575799102685e-06
599520,0.11971830861192166,1.2080321151976652e-09,0.0,1.0999980485915402,-2.9929575808158264e-06
599580,0.11971830862046912,1.201873530173844e-09,0.0,1.0999980485915402,-2.9929575817195263e-06
599640,0.11971830862900848,1.1957301123486278e-09,0.0,1.09999804859154,-2.992957582621354e-06
599700,0.11971830863753967,1.1896019743427174e-09,0.0,1.09999804859154,-2.992957583521295e-06
599760,0.11971830864606257,1.1834892290073222e-09,0.0,1.0999980485915397,-2.9929575844193337e-06
599820,0.11971830865457712,1.177391989424089e-09,0.0,1.0999980485915397,-2.992957585315456e-06
599880,0.11971830866308321,1.1713103689050335e-09,0.0,1.0999980485915395,-2.9929575862096462e-06
599940,0.11971830867158074,1.1652444809924667e-09,0.0,1.0999980485915395,-2.9929575871018904e-06
600000,0.11971830868006963,1.1591944394589272e-09,0.0,1.0999980485915393,-2.9929575879921733e-06
600060,0.11971830868854978,1.1531603583071092e-09,0.0,1.099998048591539,-2.9929575888804796e-06
600120,0.1197183086970211,1.1471423517697924e-09,0.0,1.099998048591539,-2.9929575897667945e-06
600180,0.1197183087054835,1.1411405343097706e-09,0.0,1.0999980485915388,-2.9929575906511033e-06
600240,0.11971830871393688,1.1351550206197822e-09,0.0,1.0999980485915388,-2.9929575915333906e-06
600300,0.11971830872238114,1.1291859256224392e-09,0.0,1.0999980485915386,-2.9929575924136416e-06
600360,0.11971830873081621,1.1232333644701565e-09,0.0,1.0999980485915386,-2.992957593291841e-06
600420,0.11971830873924197,1.1172974525450824e-09,0.0,1.0999980485915384,-2.9929575941679744e-06
600480,0.11971830874765833,1.1113783054590254e-09,0.0,1.0999980485915384,-2.9929575950420255e-06
600540,0.11971830875606522,1.1054760390533873e-09,0.0,1.0999980485915382,-2.9929575959139795e-06
600600,0.11971830876446252,1.0995907693990891e-09,0.0,1.0999980485915382,-2.9929575967838213e-06
600660,0.11971830877285014,1.0937226127965031e-09,0.0,1.099998048591538,-2.992957597651536e-06
600720,0.119718308781228,1.0878716857753812e-09,0.0,1.0999980485915377,-2.992957598517108e-06
600780,0.11971830878959598,1.0820381050947844e-09,0.0,1.0999980485915377,-2.992957599380522e-06
600840,0.119718308797954,1.0762219877430114e-09,0.0,1.0999980485915375,-2.992957600241762e-06
600900,0.11971830880630197,1.070423450937531e-09,0.0,1.0999980485915375,-2.992957601100814e-06
600960,0.11971830881463977,1.064642612124907e-09,0.0,1.0999980485915373,-2.992957601957662e-06
601020,0.11971830882296733,1.0588795889807325e-09,0.0,1.0999980485915373,-2.9929576028122903e-06
601080,0.11971830883128455,1.0531344994095548e-09,0.0,1.099998048591537,-2.9929576036646837e-06
601140,0.11971830883959132,1.0474074615448085e-09,0.0,1.0999980485915368,-2.9929576045148265e-06
601200,0.11971830884788756,1.0416985937487432e-09,0.0,1.0999980485915368,-2.992957605362703e-06
601260,0.11971830885617317,1.0360080146123525e-09,0.0,1.0999980485915366,-2.9929576062082987e-06
601320,0.11971830886444804,1.030335842955305e-09,0.0,1.0999980485915366,-2.992957607051597e-06
601380,0.11971830887271209,1.0246821978258725e-09,0.0,1.0999980485915364,-2.992957607892583e-06
601440,0.11971830888096521,1.0190471985008597e-09,0.0,1.0999980485915364,-2.9929576087312405e-06
601500,0.11971830888920731,1.0134309644855341e-09,0.0,1.0999980485915362,-2.992957609567554e-06
601560,0.11971830889743829,1.0078336155135546e-09,0.0,1.099998048591536,-2.9929576104015077e-06
601620,0.11971830890565806,1.0022552715469018e-09,0.0,1.099998048591536,-2.9929576112330866e-06
601680,0.1197183089138665,9.966960527758075e-10,0.0,1.0999980485915357,-2.992957612062274e-06
601740,0.11971830892206355,9.911560796186826e-10,0.0,1.0999980485915357,-2.9929576128890546e-06
601800,0.11971830893024908,9.85635472722049e-10,0.0,1.0999980485915355,-2.9929576137134125e-06
601860,0.119718308938423,9.801343529604663e-10,0.0,1.0999980485915353,-2.9929576145353318e-06
601920,0.11971830894658522,9.74652841436464e-10,0.0,1.0999980485915353,-2.992957615354797e-06
601980,0.11971830895473563,9.69191059480469e-10,0.0,1.099998048591535,-2.992957616171792e-06
602040,0.11971830896287414,9.637491286507354e-10,0.0,1.099998048591535,-2.9929576169863004e-06
602100,0.11971830897100065,9.583271707332745e-10,0.0,1.0999980485915348,-2.9929576177983072e-06
602160,0.11971830897911505,9.52925307741784e-10,0.0,1.0999980485915346,-2.9929576186077954e-06
602220,0.11971830898721726,9.475436619175771e-10,0.0,1.0999980485915346,-2.9929576194147498e-06
602280,0.11971830899530717,9.421823557295125e-10,0.0,1.0999980485915344,-2.9929576202191537e-06
602340,0.11971830900338466,9.368415118739234e-10,0.0,1.0999980485915344,-2.992957621020992e-06
602400,0.11971830901144967,9.315212532745467e-10,0.0,1.0999980485915342,-2.992957621820247e-06
602460,0.11971830901950209,9.26221703082454e-10,0.0,1.099998048591534,-2.9929576226169045e-06
602520,0.1197183090275418,9.209429846759781e-10,0.0,1.099998048591534,-2.992957623410947e-06
602580,0.11971830903556871,9.156852216606461e-10,0.0,1.0999980485915337,-2.9929576242023587e-06
602640,0.11971830904358272,9.104485378691055e-10,0.0,1.0999980485915337,-2.9929576249911234e-06
602700,0.11971830905158373,9.052330573610558e-10,0.0,1.0999980485915335,-2.9929576257772246e-06
602760,0.11971830905957165,9.000389044231776e-10,0.0,1.0999980485915333,-2.9929576265606467e-06
602820,0.11971830906754635,8.948662035690604e-10,0.0,1.0999980485915333,-2.9929576273413726e-06
602880,0.11971830907550776,8.897150795391348e-10,0.0,1.099998048591533,-2.9929576281193863e-06
602940,0.11971830908345578,8.845856573005995e-10,0.0,1.0999980485915328,-2.9929576288946718e-06
603000,0.11971830909139028,8.794780620473522e-10,0.0,1.0999980485915328,-2.992957629667212e-06
603060,0.11971830909931117,8.743924191999182e-10,0.0,1.0999980485915326,-2.992957630436991e-06
603120,0.11971830910721835,8.693288544053805e-10,0.0,1.0999980485915326,-2.9929576312039923e-06
603180,0.11971830911511173,8.642874935373088e-10,0.0,1.0999980485915324,-2.992957631968199e-06
603240,0.11971830912299121,8.592684626956888e-10,0.0,1.0999980485915322,-2.9929576327295952e-06
603300,0.11971830913085665,8.542718882068527e-10,0.0,1.0999980485915322,-2.992957633488164e-06
603360,0.119718309138708,8.492978966234069e-10,0.0,1.099998048591532,-2.992957634243889e-06
603420,0.1197183091465451,8.443466147241634e-10,0.0,1.0999980485915317,-2.9929576349967535e-06
603480,0.1197183091543679,8.394181695140673e-10,0.0,1.0999980485915317,-2.992957635746741e-06
603540,0.11971830916217628,8.345126882241276e-10,0.0,1.0999980485915315,-2.9929576364938346e-06
603600,0.11971830916997013,8.296302983113466e-10,0.0,1.0999980485915315,-2.992957637238018e-06
603660,0.11971830917774934,8.247711274586486e-10,0.0,1.0999980485915313,-2.9929576379792738e-06
603720,0.11971830918551382,8.199353035748092e-10,0.0,1.099998048591531,-2.992957638717586e-06
603780,0.11971830919326347,8.151229547943863e-10,0.0,1.099998048591531,-2.9929576394529375e-06
603840,0.11971830920099817,8.10334209477648e-10,0.0,1.0999980485915308,-2.9929576401853114e-06
603900,0.11971830920871783,8.055691962105023e-10,0.0,1.0999980485915306,-2.992957640914691e-06
603960,0.11971830921642235,8.008280438044272e-10,0.0,1.0999980485915306,-2.9929576416410595e-06
604020,0.1197183092241116,7.961108812963993e-10,0.0,1.0999980485915304,-2.9929576423644e-06
604080,0.1197183092317855,7.914178379488242e-10,0.0,1.0999980485915302,-2.992957643084696e-06
604140,0.11971830923944395,7.867490432494648e-10,0.0,1.0999980485915302,-2.9929576438019295e-06
604200,0.11971830924708682,7.821046269113721e-10,0.0,1.09999804859153,-2.9929576445160845e-06
604260,0.11971830925471402,7.774847188728132e-10,0.0,1.0999980485915297,-2.9929576452271433e-06
604320,0.11971830926232545,7.728894492972015e-10,0.0,1.0999980485915297,-2.9929576459350896e-06
604380,0.119718309269921,7.683189485730266e-10,0.0,1.0999980485915295,-2.9929576466399057e-06
604440,0.11971830927750056,7.637733473137828e-10,0.0,1.0999980485915293,-2.9929576473415747e-06
604500,0.11971830928506402,7.592527763578991e-10,0.0,1.0999980485915293,-2.9929576480400796e-06
604560,0.1197183092926113,7.547573667686682e-10,0.0,1.099998048591529,-2.9929576487354034e-06
604620,0.11971830930014227,7.502872498341768e-10,0.0,1.0999980485915288,-2.9929576494275284e-06
604680,0.11971830930765683,7.45842557067234e-10,0.0,1.0999980485915288,-2.992957650116438e-06
604740,0.11971830931515488,7.414234202053017e-10,0.0,1.0999980485915286,-2.9929576508021147e-06
604800,0.1197183093226363,7.37029971210423e-10,0.0,1.0999980485915284,-2.992957651484541e-06
604860,0.119718309330101,7.326623422691524e-10,0.0,1.0999980485915284,-2.9929576521637e-06
604920,0.11971830933754887,7.283206657924854e-10,0.0,1.0999980485915282,-2.992957652839574e-06
604980,0.11971830934497979,7.240050744157873e-10,0.0,1.099998048591528,-2.992957653512146e-06
605040,0.11971830935239366,7.197157009987229e-10,0.0,1.099998048591528,-2.9929576541813988e-06
605100,0.11971830935979039,7.15452678625186e-10,0.0,1.0999980485915277,-2.9929576548473145e-06
605160,0.11971830936716985,7.112161406032291e-10,0.0,1.0999980485915275,-2.9929576555098755e-06
605220,0.11971830937453194,7.070062204649923e-10,0.0,1.0999980485915275,-2.9929576561690653e-06
605280,0.11971830938187655,7.028230519666328e-10,0.0,1.0999980485915273,-2.9929576568248654e-06
605340,0.11971830938920358,6.986667690882551e-10,0.0,1.099998048591527,-2.9929576574772586e-06
605400,0.11971830939651293,6.945375060338394e-10,0.0,1.099998048591527,-2.9929576581262277e-06
605460,0.11971830940380447,6.904353972311717e-10,0.0,1.0999980485915268,-2.992957658771755e-06
605520,0.1197183094110781,6.863605773317733e-10,0.0,1.0999980485915266,-2.9929576594138224e-06
605580,0.11971830941833371,6.823131812108297e-10,0.0,1.0999980485915266,-2.992957660052413e-06
605640,0.1197183094255712,6.782933439671204e-10,0.0,1.0999980485915264,-2.9929576606875084e-06
605700,0.11971830943279045,6.743012009229485e-10,0.0,1.0999980485915262,-2.9929576613190913e-06
605760,0.11971830943999137,6.703368876240696e-10,0.0,1.0999980485915262,-2.9929576619471442e-06
605820,0.11971830944717383,6.66400539839622e-10,0.0,1.099998048591526,-2.992957662571649e-06
605880,0.11971830945433773,6.624922935620553e-10,0.0,1.0999980485915257,-2.9929576631925876e-06
605940,0.11971830946148296,6.586122850070608e-10,0.0,1.0999980485915255,-2.992957663809943e-06
606000,0.11971830946860942,6.547606506134997e-10,0.0,1.0999980485915255,-2.992957664423697e-06
606060,0.11971830947571699,6.50937527043334e-10,0.0,1.0999980485915253,-2.992957665033832e-06
606120,0.11971830948280555,6.471430511815545e-10,0.0,1.099998048591525,-2.992957665640329e-06
606180,0.11971830948987501,6.433773601361115e-10,0.0,1.099998048591525,-2.9929576662431717e-06
606240,0.11971830949692525,6.396405912378433e-10,0.0,1.0999980485915248,-2.9929576668423407e-06
606300,0.11971830950395616,6.359328820404063e-10,0.0,1.0999980485915246,-2.9929576674378193e-06
606360,0.11971830951096764,6.322543703202039e-10,0.0,1.0999980485915246,-2.9929576680295887e-06
606420,0.11971830951795956,6.286051940763163e-10,0.0,1.0999980485915244,-2.9929576686176307e-06
606480,0.11971830952493183,6.249854915304301e-10,0.0,1.0999980485915242,-2.992957669201928e-06
606540,0.11971830953188432,6.21395401126767e-10,0.0,1.099998048591524,-2.992957669782462e-06
606600,0.11971830953881693,6.17835061532014e-10,0.0,1.099998048591524,-2.9929576703592143e-06
606660,0.11971830954572955,6.143046116352526e-10,0.0,1.0999980485915237,-2.9929576709321673e-06
606720,0.11971830955262207,6.108041905478882e-10,0.0,1.0999980485915235,-2.9929576715013027e-06
606780,0.11971830955949436,6.073339376035795e-10,0.0,1.0999980485915235,-2.9929576720666024e-06
606840,0.11971830956634634,6.038939923581679e-10,0.0,1.0999980485915233,-2.992957672628048e-06
606900,0.11971830957317788,6.004844945896074e-10,0.0,1.099998048591523,-2.992957673185621e-06
606960,0.11971830957998886,5.971055842978931e-10,0.0,1.0999980485915228,-2.9929576737393035e-06
607020,0.11971830958677918,5.937574017049918e-10,0.0,1.0999980485915228,-2.992957674289077e-06
607080,0.11971830959354873,5.904400872547705e-10,0.0,1.0999980485915226,-2.9929576748349233e-06
607140,0.11971830960029739,5.871537816129264e-10,0.0,1.0999980485915224,-2.9929576753768236e-06
607200,0.11971830960702505,5.838986256669159e-10,0.0,1.0999980485915224,-2.9929576759147603e-06
607260,0.1197183096137316,5.806747605258846e-10,0.0,1.0999980485915222,-2.992957676448714e-06
607320,0.11971830962041692,5.774823275205962e-10,0.0,1.099998048591522,-2.992957676978667e-06
607380,0.11971830962708091,5.743214682033623e-10,0.0,1.0999980485915217,-2.9929576775046005e-06
607440,0.11971830963372344,5.711923243479718e-10,0.0,1.0999980485915217,-2.992957678026496e-06
607500,0.11971830964034441,5.680950379496198e-10,0.0,1.0999980485915215,-2.9929576785443347e-06
607560,0.1197183096469437,5.650297512248382e-10,0.0,1.0999980485915213,-2.9929576790580987e-06
607620,0.1197183096535212,5.619966066114237e-10,0.0,1.0999980485915213,-2.9929576795677686e-06
607680,0.1197183096600768,5.589957467683687e-10,0.0,1.099998048591521,-2.9929576800733266e-06
607740,0.11971830966661037,5.560273145757894e-10,0.0,1.0999980485915208,-2.9929576805747536e-06
607800,0.11971830967312182,5.530914531348564e-10,0.0,1.0999980485915206,-2.9929576810720305e-06
607860,0.11971830967961102,5.501883057677231e-10,0.0,1.0999980485915206,-2.992957681565139e-06
607920,0.11971830968607784,5.47318016017456e-10,0.0,1.0999980485915204,-2.992957682054061e-06
607980,0.1197183096925222,5.444807276479637e-10,0.0,1.0999980485915202,-2.9929576825387765e-06
608040,0.11971830969894397,5.416765846439264e-10,0.0,1.09999804859152,-2.9929576830192678e-06
608100,0.11971830970534304,5.389057312107255e-10,0.0,1.09999804859152,-2.992957683495515e-06
608160,0.11971830971171928,5.361683117743727e-10,0.0,1.0999980485915197,-2.9929576839675004e-06
608220,0.11971830971807258,5.334644709814398e-10,0.0,1.0999980485915195,-2.992957684435204e-06
608280,0.11971830972440284,5.30794353698988e-10,0.0,1.0999980485915193,-2.9929576848986077e-06
608340,0.11971830973070993,5.281581050144974e-10,0.0,1.0999980485915193,-2.9929576853576924e-06
608400,0.11971830973699374,5.255558702357961e-10,0.0,1.099998048591519,-2.992957685812439e-06
608460,0.11971830974325415,5.229877948909904e-10,0.0,1.0999980485915188,-2.9929576862628284e-06
608520,0.11971830974949105,5.204540247283933e-10,0.0,1.0999980485915186,-2.9929576867088416e-06
608580,0.11971830975570431,5.179547057164548e-10,0.0,1.0999980485915186,-2.99295768715046e-06
608640,0.11971830976189385,5.154899840436906e-10,0.0,1.0999980485915184,-2.9929576875876637e-06
608700,0.11971830976805951,5.130600061186122e-10,0.0,1.0999980485915182,-2.9929576880204345e-06
608760,0.1197183097742012,5.106649185696558e-10,0.0,1.099998048591518,-2.9929576884487528e-06
608820,0.11971830978031878,5.083048682451122e-10,0.0,1.099998048591518,-2.992957688872599e-06
608880,0.11971830978641217,5.059800022130558e-10,0.0,1.0999980485915177,-2.992957689291955e-06
608940,0.11971830979248121,5.036904677612744e-10,0.0,1.0999980485915175,-2.992957689706801e-06
609000,0.11971830979852582,5.014364123971985e-10,0.0,1.0999980485915173,-2.992957690117117e-06
609060,0.11971830980454587,4.992179838478308e-10,0.0,1.0999980485915173,-2.992957690522885e-06
609120,0.11971830981054123,4.970353300596752e-10,0.0,1.099998048591517,-2.992957690924085e-06
609180,0.1197183098165118,4.948885991986673e-10,0.0,1.0999980485915168,-2.992957691320698e-06
609240,0.11971830982245746,4.927779396501028e-10,0.0,1.0999980485915166,-2.992957691712704e-06
609300,0.11971830982837807,4.907035000185669e-10,0.0,1.0999980485915166,-2.9929576921000844e-06
609360,0.11971830983427355,4.886654291278652e-10,0.0,1.0999980485915164,-2.9929576924828196e-06
609420,0.11971830984014374,4.866638760209509e-10,0.0,1.0999980485915162,-2.99295769286089e-06
609480,0.11971830984598857,4.846989899598564e-10,0.0,1.099998048591516,-2.992957693234276e-06
609540,0.11971830985180787,4.827709204256213e-10,0.0,1.0999980485915157,-2.992957693602958e-06
609600,0.11971830985760155,4.808798171182224e-10,0.0,1.0999980485915157,-2.992957693966917e-06
609660,0.11971830986336951,4.790258299565032e-10,0.0,1.0999980485915155,-2.992957694326133e-06
609720,0.1197183098691116,4.77209109078103e-10,0.0,1.0999980485915153,-2.9929576946805868e-06
609780,0.1197183098748277,4.754298048393866e-10,0.0,1.099998048591515,-2.9929576950302585e-06
609840,0.11971830988051771,4.736880678153738e-10,0.0,1.099998048591515,-2.9929576953751284e-06
609900,0.1197183098861815,4.719840487996688e-10,0.0,1.0999980485915148,-2.992957695715177e-06
609960,0.11971830989181895,4.703178988043894e-10,0.0,1.0999980485915146,-2.9929576960503847e-06
610020,0.11971830989742994,4.686897690600966e-10,0.0,1.0999980485915144,-2.9929576963807314e-06
610080,0.11971830990301437,4.670998110157241e-10,0.0,1.0999980485915142,-2.992957696706198e-06
610140,0.11971830990857209,4.655481763385079e-10,0.0,1.0999980485915142,-2.9929576970267643e-06
610200,0.119718309914103,4.640350169139152e-10,0.0,1.099998048591514,-2.9929576973424103e-06
610260,0.11971830991960696,4.6256048484557447e-10,0.0,1.0999980485915137,-2.9929576976531168e-06
610320,0.11971830992508388,4.611247324552045e-10,0.0,1.0999980485915135,-2.992957697958863e-06
610380,0.11971830993053362,4.597279122825439e-10,0.0,1.0999980485915135,-2.99295769825963e-06
610440,0.11971830993595604,4.583701770852807e-10,0.0,1.0999980485915133,-2.9929576985553974e-06
610500,0.11971830994135108,4.570516798389816e-10,0.0,1.099998048591513,-2.9929576988461453e-06
610560,0.11971830994671856,4.557725737370215e-10,0.0,1.0999980485915128,-2.9929576991318538e-06
610620,0.11971830995205837,4.5453301219051297e-10,0.0,1.0999980485915126,-2.9929576994125025e-06
610680,0.11971830995801873,4.523221678706535e-10,0.0,1.0999980485915124,-2.99295769981578e-06
610740,0.1197183099646954,4.4899061588061205e-10,0.0,1.0999980485915122,-2.9929577003605606e-06
610800,0.11971830997136025,4.4567379356538134e-10,0.0,1.0999980485915122,-2.9929577009034147e-06
610860,0.11971830997801326,4.423717068745222e-10,0.0,1.099998048591512,-2.9929577014443405e-06
610920,0.11971830998465442,4.3908436150149585e-10,0.0,1.0999980485915117,-2.9929577019833372e-06
610980,0.11971830999128368,4.3581176288293356e-10,0.0,1.0999980485915115,-2.992957702520403e-06
611040,0.119718309997901,4.3255391619790325e-10,0.0,1.0999980485915115,-2.992957703055537e-06
611100,0.1197183100045064,4.29310826367181e-10,0.0,1.0999980485915113,-2.992957703588738e-06
611160,0.11971831001109982,4.2608249805251736e-10,0.0,1.099998048591511,-2.992957704120004e-06
611220,0.11971831001768124,4.2286893565590674e-10,0.0,1.0999980485915108,-2.9929577046493353e-06
611280,0.11971831002425065,4.1967014331885646e-10,0.0,1.0999980485915106,-2.9929577051767294e-06
611340,0.119718310030808,4.164861249216545e-10,0.0,1.0999980485915106,-2.9929577057021854e-06
611400,0.1197183100373533,4.133168840826386e-10,0.0,1.0999980485915104,-2.992957706225703e-06
611460,0.11971831004388647,4.101624241574651e-10,0.0,1.0999980485915102,-2.9929577067472805e-06
611520,0.11971831005040755,4.070227482383769e-10,0.0,1.09999804859151,-2.992957707266917e-06
611580,0.11971831005691648,4.038978591534727e-10,0.0,1.09999804859151,-2.9929577077846117e-06
611640,0.11971831006341323,4.0078775946597527e-10,0.0,1.0999980485915097,-2.9929577083003637e-06
611700,0.11971831006989779,3.976924514735e-10,0.0,1.0999980485915095,-2.9929577088141718e-06
611760,0.11971831007637014,3.9461193720732405e-10,0.0,1.0999980485915093,-2.992957709326035e-06
611820,0.11971831008283024,3.915462184316544e-10,0.0,1.099998048591509,-2.992957709835953e-06
611880,0.11971831008927808,3.884952966428963e-10,0.0,1.099998048591509,-2.9929577103439247e-06
611940,0.11971831009571363,3.8545917306892254e-10,0.0,1.0999980485915088,-2.9929577108499494e-06
612000,0.11971831010213688,3.8243784866834174e-10,0.0,1.0999980485915086,-2.992957711354026e-06
612060,0.11971831010854778,3.7943132412976677e-10,0.0,1.0999980485915084,-2.992957711856154e-06
612120,0.11971831011494632,3.76439599871084e-10,0.0,1.0999980485915084,-2.9929577123563335e-06
612180,0.1197183101213325,3.7346267603872093e-10,0.0,1.0999980485915082,-2.992957712854563e-06
612240,0.11971831012770627,3.7050055250691584e-10,0.0,1.099998048591508,-2.9929577133508417e-06
612300,0.11971831013406761,3.6755322887698533e-10,0.0,1.0999980485915077,-2.9929577138451697e-06
612360,0.1197183101404165,3.64620704476594e-10,0.0,1.0999980485915075,-2.992957714337546e-06
612420,0.11971831014675294,3.6170297835902244e-10,0.0,1.0999980485915075,-2.9929577148279706e-06
612480,0.11971831015307687,3.5880004930243575e-10,0.0,1.0999980485915073,-2.9929577153164426e-06
612540,0.11971831015938829,3.559119158091528e-10,0.0,1.099998048591507,-2.992957715802962e-06
612600,0.11971831016568718,3.530385761049141e-10,0.0,1.0999980485915068,-2.9929577162875274e-06
612660,0.11971831017197353,3.5018002813815097e-10,0.0,1.0999980485915066,-2.9929577167701396e-06
612720,0.11971831017824729,3.4733626957925323e-10,0.0,1.0999980485915066,-2.9929577172507978e-06
612780,0.11971831018450844,3.445072978198397e-10,0.0,1.0999980485915064,-2.992957717729502e-06
612840,0.11971831019075699,3.416931099720244e-10,0.0,1.0999980485915062,-2.9929577182062514e-06
612900,0.11971831019699289,3.388937028676873e-10,0.0,1.099998048591506,-2.992957718681046e-06
612960,0.11971831020321615,3.361090730577416e-10,0.0,1.099998048591506,-2.9929577191538856e-06
613020,0.1197183102094267,3.333392168114026e-10,0.0,1.0999980485915057,-2.9929577196247702e-06
613080,0.11971831021562458,3.305841301154567e-10,0.0,1.0999980485915055,-2.9929577200937e-06
613140,0.11971831022180973,3.2784380867352996e-10,0.0,1.0999980485915053,-2.9929577205606743e-06
613200,0.11971831022798214,3.251182479053559e-10,0.0,1.099998048591505,-2.9929577210256933e-06
613260,0.1197183102341418,3.224074429460453e-10,0.0,1.099998048591505,-2.992957721488757e-06
613320,0.11971831024028867,3.197113886453541e-10,0.0,1.0999980485915049,-2.9929577219498655e-06
613380,0.11971831024642277,3.1703007956695227e-10,0.0,1.0999980485915046,-2.992957722409019e-06
613440,0.11971831025254402,3.14363509987692e-10,0.0,1.0999980485915044,-2.992957722866217e-06
613500,0.11971831025865246,3.1171167389687707e-10,0.0,1.0999980485915042,-2.9929577233214605e-06
613560,0.11971831026474804,3.0907456499553066e-10,0.0,1.0999980485915042,-2.992957723774749e-06
613620,0.11971831027083074,3.064521766956645e-10,0.0,1.099998048591504,-2.9929577242260828e-06
613680,0.11971831027690057,3.038445021195472e-10,0.0,1.0999980485915037,-2.9929577246754625e-06
613740,0.11971831028295749,3.01251534098973e-10,0.0,1.0999980485915035,-2.9929577251228886e-06
613800,0.11971831028900147,2.986732651745307e-10,0.0,1.0999980485915033,-2.9929577255683606e-06
613860,0.1197183102950325,2.961096875948714e-10,0.0,1.0999980485915033,-2.9929577260118794e-06
613920,0.1197183103010506,2.9356079331597804e-10,0.0,1.099998048591503,-2.9929577264534453e-06
613980,0.11971831030705571,2.910265740004334e-10,0.0,1.0999980485915029,-2.9929577268930587e-06
614040,0.11971831031304782,2.88507021016689e-10,0.0,1.0999980485915026,-2.9929577273307203e-06
614100,0.11971831031902692,2.860021254383336e-10,0.0,1.0999980485915024,-2.99295772776643e-06
614160,0.11971831032499301,2.835118780433619e-10,0.0,1.0999980485915024,-2.992957728200189e-06
614220,0.11971831033094604,2.8103626931344317e-10,0.0,1.0999980485915022,-2.992957728631998e-06
614280,0.11971831033688601,2.785752894331897e-10,0.0,1.099998048591502,-2.9929577290618565e-06
614340,0.11971831034281291,2.761289282894256e-10,0.0,1.0999980485915017,-2.9929577294897666e-06
614400,0.11971831034872672,2.7369717547045533e-10,0.0,1.0999980485915015,-2.992957729915728e-06
614460,0.11971831035462742,2.7128002026533194e-10,0.0,1.0999980485915015,-2.992957730339742e-06
614520,0.11971831036051499,2.6887745166312667e-10,0.0,1.0999980485915013,-2.9929577307618093e-06
614580,0.11971831036638943,2.664894583521965e-10,0.0,1.099998048591501,-2.9929577311819305e-06
614640,0.11971831037225071,2.641160287194535e-10,0.0,1.0999980485915009,-2.9929577316001064e-06
614700,0.11971831037809882,2.617571508496329e-10,0.0,1.0999980485915006,-2.992957732016338e-06
614760,0.11971831038393375,2.594128125245621e-10,0.0,1.0999980485915006,-2.992957732430626e-06
614820,0.1197183103897555,2.570830012224291e-10,0.0,1.0999980485915004,-2.9929577328429722e-06
614880,0.11971831039556402,2.5476770411705113e-10,0.0,1.0999980485915002,-2.9929577332533766e-06
614940,0.11971831040135932,2.524669080771433e-10,0.0,1.0999980485915,-2.992957733661841e-06
615000,0.11971831040714138,2.5018059966558716e-10,0.0,1.0999980485914997,-2.992957734068366e-06
615060,0.11971831041291019,2.479087651386994e-10,0.0,1.0999980485914997,-2.9929577344729525e-06
615120,0.11971831041866572,2.456513904455004e-10,0.0,1.0999980485914995,-2.9929577348756023e-06
615180,0.11971831042440799,2.434084612269829e-10,0.0,1.0999980485914993,-2.9929577352763166e-06
615240,0.11971831043013695,2.411799628153807e-10,0.0,1.099998048591499,-2.992957735675096e-06
615300,0.11971831043585261,2.389658802334365e-10,0.0,1.0999980485914989,-2.9929577360719423e-06
615360,0.11971831044155497,2.367661981936721e-10,0.0,1.0999980485914989,-2.992957736466857e-06
615420,0.11971831044724397,2.3458090109765524e-10,0.0,1.0999980485914986,-2.992957736859841e-06
615480,0.11971831045291964,2.3240997303526936e-10,0.0,1.0999980485914984,-2.9929577372508957e-06
615540,0.11971831045858196,2.3025339778398216e-10,0.0,1.0999980485914982,-2.9929577376400226e-06
615600,0.11971831046423091,2.2811115880811354e-10,0.0,1.099998048591498,-2.9929577380272234e-06
615660,0.11971831046986649,2.2598323925810477e-10,0.0,1.099998048591498,-2.9929577384124993e-06
615720,0.11971831047548867,2.2386962196978723e-10,0.0,1.0999980485914977,-2.992957738795852e-06
615780,0.11971831048109745,2.2177028946365e-10,0.0,1.0999980485914975,-2.9929577391772832e-06
615840,0.11971831048669282,2.1968522394411004e-10,0.0,1.0999980485914973,-2.9929577395567947e-06
615900,0.11971831049227477,2.1761440729877945e-10,0.0,1.099998048591497,-2.9929577399343875e-06
615960,0.11971831049784329,2.1555782109773483e-10,0.0,1.099998048591497,-2.9929577403100644e-06
616020,0.11971831050339836,2.1351544659278567e-10,0.0,1.0999980485914969,-2.992957740683826e-06
616080,0.11971831050893998,2.1148726471674288e-10,0.0,1.0999980485914966,-2.992957741055675e-06
616140,0.11971831051446813,2.0947325608268766e-10,0.0,1.0999980485914964,-2.9929577414256123e-06
616200,0.11971831051998282,2.0747340098323964e-10,0.0,1.0999980485914962,-2.992957741793641e-06
616260,0.11971831052548401,2.0548767938982604e-10,0.0,1.0999980485914962,-2.9929577421597616e-06
616320,0.11971831053097172,2.0351607095195e-10,0.0,1.099998048591496,-2.9929577425239773e-06
616380,0.11971831053644594,2.0155855499645925e-10,0.0,1.0999980485914957,-2.9929577428862897e-06
616440,0.11971831054190664,1.9961511052681457e-10,0.0,1.0999980485914955,-2.9929577432467006e-06
616500,0.11971831054735382,1.9768571622235876e-10,0.0,1.0999980485914953,-2.9929577436052123e-06
616560,0.11971831055278748,1.9577035043758495e-10,0.0,1.0999980485914953,-2.992957743961827e-06
616620,0.1197183105582076,1.9386899120140503e-10,0.0,1.099998048591495,-2.992957744316547e-06
616680,0.11971831056361418,1.9198161621641883e-10,0.0,1.0999980485914949,-2.9929577446693737e-06
616740,0.1197183105690072,1.9010820285818237e-10,0.0,1.0999980485914946,-2.99295774502031e-06
616800,0.11971831057438667,1.882487281744766e-10,0.0,1.0999980485914944,-2.9929577453693584e-06
616860,0.11971831057975259,1.8640316888457572e-10,0.0,1.0999980485914944,-2.9929577457165207e-06
616920,0.11971831058510492,1.8457150137851616e-10,0.0,1.0999980485914942,-2.9929577460617997e-06
616980,0.11971831059044367,1.8275370171636522e-10,0.0,1.099998048591494,-2.9929577464051975e-06
617040,0.11971831059576885,1.8094974562748916e-10,0.0,1.0999980485914937,-2.9929577467467165e-06
617100,0.11971831060108043,1.7915960850982236e-10,0.0,1.0999980485914935,-2.9929577470863598e-06
617160,0.1197183106063784,1.7738326542913575e-10,0.0,1.0999980485914935,-2.9929577474241294e-06
617220,0.11971831061166278,1.7562069111830541e-10,0.0,1.0999980485914933,-2.992957747760028e-06
617280,0.11971831061693355,1.7387185997658112e-10,0.0,1.099998048591493,-2.9929577480940584e-06
617340,0.11971831062219071,1.7213674606885517e-10,0.0,1.0999980485914929,-2.992957748426223e-06
617400,0.11971831062743424,1.7041532312493063e-10,0.0,1.0999980485914926,-2.992957748756525e-06
617460,0.11971831063266415,1.6870756453879045e-10,0.0,1.0999980485914926,-2.9929577490849662e-06
617520,0.11971831063788042,1.6701344336786555e-10,0.0,1.0999980485914924,-2.9929577494115504e-06
617580,0.11971831064308307,1.6533293233230373e-10,0.0,1.0999980485914922,-2.9929577497362803e-06
617640,0.11971831064827208,1.6366600381423833e-10,0.0,1.099998048591492,-2.9929577500591583e-06
617700,0.11971831065344744,1.620126298570567e-10,0.0,1.0999980485914918,-2.992957750380187e-06
617760,0.11971831065860916,1.6037278216466884e-10,0.0,1.0999980485914918,-2.9929577506993708e-06
617820,0.11971831066375722,1.5874643210077606e-10,0.0,1.0999980485914915,-2.9929577510167117e-06
617880,0.11971831066889163,1.571335506881396e-10,0.0,1.0999980485914913,-2.992957751332213e-06
617940,0.11971831067401238,1.5553410860784897e-10,0.0,1.099998048591491,-2.992957751645877e-06
618000,0.11971831067911948,1.539480761985912e-10,0.0,1.0999980485914909,-2.9929577519577085e-06
618060,0.11971831068421292,1.5237542345591869e-10,0.0,1.0999980485914909,-2.9929577522677095e-06
618120,0.11971831068929267,1.5081612003151844e-10,0.0,1.0999980485914906,-2.9929577525758833e-06
618180,0.11971831069435877,1.4927013523248022e-10,0.0,1.0999980485914904,-2.9929577528822336e-06
618240,0.1197183106994112,1.4773743802056553e-10,0.0,1.0999980485914902,-2.992957753186763e-06
618300,0.11971831070444997,1.4621799701147593e-10,0.0,1.09999804859149,-2.992957753489476e-06
618360,0.11971831070947504,1.4471178047412186e-10,0.0,1.09999804859149,-2.9929577537903753e-06
618420,0.11971831071448645,1.4321875632989108e-10,0.0,1.0999980485914898,-2.9929577540894643e-06
618480,0.11971831071948419,1.4173889215191748e-10,0.0,1.0999980485914895,-2.9929577543867466e-06
618540,0.11971831072446824,1.4027215516434952e-10,0.0,1.0999980485914893,-2.992957754682226e-06
618600,0.11971831072943863,1.3881851224161895e-10,0.0,1.099998048591489,-2.9929577549759054e-06
618660,0.11971831073439533,1.3737792990770932e-10,0.0,1.099998048591489,-2.9929577552677896e-06
618720,0.11971831073933836,1.359503743354248e-10,0.0,1.0999980485914889,-2.992957755557881e-06
618780,0.11971831074426771,1.345358113456584e-10,0.0,1.0999980485914886,-2.9929577558461844e-06
618840,0.11971831074918339,1.33134206406661e-10,0.0,1.0999980485914884,-2.9929577561327026e-06
618900,0.11971831075408539,1.3174552463330983e-10,0.0,1.0999980485914882,-2.9929577564174403e-06
618960,0.11971831075897371,1.3036973078637695e-10,0.0,1.0999980485914882,-2.992957756700401e-06
619020,0.11971831076384837,1.2900678927179798e-10,0.0,1.099998048591488,-2.992957756981588e-06
619080,0.11971831076870934,1.2765666413994072e-10,0.0,1.0999980485914878,-2.9929577572610064e-06
619140,0.11971831077355664,1.2631931908487376e-10,0.0,1.0999980485914875,-2.9929577575386595e-06
619200,0.11971831077839028,1.249947174436349e-10,0.0,1.0999980485914875,-2.9929577578145513e-06
619260,0.11971831078321024,1.2368282219550015e-10,0.0,1.0999980485914873,-2.992957758088686e-06
619320,0.11971831078801655,1.22383595961252e-10,0.0,1.099998048591487,-2.9929577583610675e-06
619380,0.11971831079280919,1.2109700100244824e-10,0.0,1.0999980485914869,-2.992957758631701e-06
619440,0.11971831079758817,1.1982299922069038e-10,0.0,1.0999980485914866,-2.9929577589005894e-06
619500,0.1197183108023535,1.1856155215689245e-10,0.0,1.0999980485914866,-2.9929577591677377e-06
619560,0.11971831080710517,1.1731262099054948e-10,0.0,1.0999980485914864,-2.99295775943315e-06
619620,0.11971831081184318,1.1607616653900633e-10,0.0,1.0999980485914862,-2.9929577596968305e-06
619680,0.11971831081656757,1.1485214925672586e-10,0.0,1.099998048591486,-2.992957759958784e-06
619740,0.1197183108212783,1.13640529234558e-10,0.0,1.0999980485914858,-2.992957760219015e-06
619800,0.1197183108259754,1.1244126619900823e-10,0.0,1.0999980485914858,-2.992957760477527e-06
619860,0.11971831083065886,1.1125431951150605e-10,0.0,1.0999980485914855,-2.9929577607343264e-06
619920,0.11971831083532869,1.1007964816767371e-10,0.0,1.0999980485914853,-2.992957760989416e-06
619980,0.11971831083998491,1.0891721079659486e-10,0.0,1.099998048591485,-2.9929577612428015e-06
620040,0.1197183108446275,1.0776696566008308e-10,0.0,1.099998048591485,-2.9929577614944868e-06
620100,0.11971831084925648,1.0662887065195047e-10,0.0,1.0999980485914849,-2.9929577617444775e-06
620160,0.11971831085387186,1.0550288329727634e-10,0.0,1.0999980485914846,-2.9929577619927776e-06
620220,0.11971831085847363,1.0438896075167582e-10,0.0,1.0999980485914844,-2.9929577622393925e-06
620280,0.11971831086306181,1.032870598005685e-10,0.0,1.0999980485914844,-2.992957762484327e-06
620340,0.1197183108676364,1.0219713685844686e-10,0.0,1.0999980485914842,-2.992957762727586e-06
620400,0.11971831087219742,1.0111914796814511e-10,0.0,1.099998048591484,-2.992957762969174e-06
620460,0.11971831087674485,1.0005304880010779e-10,0.0,1.0999980485914838,-2.9929577632090966e-06
620520,0.11971831088127872,9.899879465165805e-11,0.0,1.0999980485914835,-2.9929577634473585e-06
620580,0.11971831088579904,9.795634044626672e-11,0.0,1.0999980485914835,-2.992957763683965e-06
620640,0.11971831089030581,9.692564073282067e-11,0.0,1.0999980485914833,-2.9929577639189212e-06
620700,0.11971831089479903,9.590664968489147e-11,0.0,1.099998048591483,-2.9929577641522322e-06
620760,0.11971831089927872,9.489932110000398e-11,0.0,1.0999980485914829,-2.9929577643839038e-06
620820,0.11971831090374488,9.3903608398905e-11,0.0,1.0999980485914829,-2.9929577646139406e-06
620880,0.11971831090819753,9.291946462483192e-11,0.0,1.0999980485914826,-2.992957764842348e-06
620940,0.11971831091263666,9.194684244278115e-11,0.0,1.0999980485914824,-2.992957765069132e-06
621000,0.1197183109170623,9.098569413877697e-11,0.0,1.0999980485914822,-2.9929577652942978e-06
621060,0.11971831092147445,9.003597161914e-11,0.0,1.0999980485914822,-2.9929577655178505e-06
621120,0.11971831092587312,8.90976264097559e-11,0.0,1.099998048591482,-2.992957765739796e-06
621180,0.11971831093025834,8.81706096553439e-11,0.0,1.0999980485914818,-2.99295776596014e-06
621240,0.11971831093463008,8.725487211872539e-11,0.0,1.0999980485914815,-2.9929577661788877e-06
621300,0.11971831093898838,8.63503641800927e-11,0.0,1.0999980485914815,-2.9929577663960454e-06
621360,0.11971831094333324,8.545703583627751e-11,0.0,1.0999980485914813,-2.9929577666116186e-06
621420,0.11971831094766469,8.457483670001956e-11,0.0,1.099998048591481,-2.9929577668256126e-06
621480,0.11971831095198271,8.370371599923533e-11,0.0,1.0999980485914809,-2.992957767038034e-06
621540,0.11971831095628734,8.28436225762865e-11,0.0,1.0999980485914809,-2.9929577672488885e-06
621600,0.11971831096057857,8.199450488724869e-11,0.0,1.0999980485914806,-2.9929577674581815e-06
621660,0.11971831096485644,8.115631100118005e-11,0.0,1.0999980485914804,-2.9929577676659197e-06
621720,0.11971831096912093,8.032898859938977e-11,0.0,1.0999980485914802,-2.9929577678721087e-06
621780,0.11971831097337209,7.95124849747068e-11,0.0,1.0999980485914802,-2.992957768076755e-06
621840,0.11971831097760989,7.870674703074852e-11,0.0,1.09999804859148,-2.992957768279864e-06
621900,0.11971831098183437,7.791172128118914e-11,0.0,1.0999980485914798,-2.9929577684814426e-06
621960,0.11971831098604555,7.71273538490285e-11,0.0,1.0999980485914795,-2.9929577686814965e-06
622020,0.11971831099024342,7.635359046586062e-11,0.0,1.0999980485914795,-2.9929577688800326e-06
622080,0.11971831099442802,7.559037647114235e-11,0.0,1.0999980485914793,-2.9929577690770567e-06
622140,0.11971831099859934,7.48376568114619e-11,0.0,1.099998048591479,-2.9929577692725756e-06
622200,0.11971831100275741,7.40953760398075e-11,0.0,1.0999980485914789,-2.9929577694665953e-06
622260,0.11971831100690225,7.336347831483605e-11,0.0,1.0999980485914789,-2.9929577696591225e-06
622320,0.11971831101103386,7.264190740014171e-11,0.0,1.0999980485914786,-2.992957769850164e-06
622380,0.11971831101515226,7.193060666352443e-11,0.0,1.0999980485914784,-2.992957770039726e-06
622440,0.11971831101925748,7.12295190762587e-11,0.0,1.0999980485914782,-2.9929577702278157e-06
622500,0.11971831102334952,7.053858721236207e-11,0.0,1.0999980485914782,-2.992957770414439e-06
622560,0.1197183110274284,6.985775324786379e-11,0.0,1.099998048591478,-2.992957770599603e-06
622620,0.11971831103149413,6.918695896007339e-11,0.0,1.0999980485914778,-2.9929577707833148e-06
622680,0.11971831103554675,6.852614572684941e-11,0.0,1.0999980485914778,-2.992957770965581e-06
622740,0.11971831103958626,6.787525452586788e-11,0.0,1.0999980485914775,-2.992957771146408e-06
622800,0.11971831104361268,6.723422593389096e-11,0.0,1.0999980485914773,-2.992957771325804e-06
622860,0.11971831104762602,6.660300012603558e-11,0.0,1.099998048591477,-2.9929577715037747e-06
622920,0.11971831105162632,6.598151687504208e-11,0.0,1.099998048591477,-2.9929577716803278e-06
622980,0.11971831105561358,6.536971555054275e-11,0.0,1.0999980485914769,-2.99295777185547e-06
623040,0.11971831105958781,6.476753511833052e-11,0.0,1.0999980485914767,-2.992957772029209e-06
623100,0.11971831106354906,6.417491413962752e-11,0.0,1.0999980485914767,-2.992957772201552e-06
623160,0.11971831106749733,6.359179077035369e-11,0.0,1.0999980485914764,-2.9929577723725057e-06
623220,0.11971831107143265,6.301810276039544e-11,0.0,1.0999980485914762,-2.992957772542078e-06
623280,0.11971831107535501,6.245378745287422e-11,0.0,1.099998048591476,-2.9929577727102753e-06
623340,0.11971831107926446,6.189878178341512e-11,0.0,1.099998048591476,-2.992957772877106e-06
623400,0.11971831108316101,6.135302227941559e-11,0.0,1.0999980485914758,-2.992957773042578e-06
623460,0.11971831108704468,6.081644505931385e-11,0.0,1.0999980485914755,-2.9929577732066972e-06
623520,0.1197183110909155,6.028898583185776e-11,0.0,1.0999980485914755,-2.9929577733694724e-06
623580,0.11971831109477349,5.977057989537322e-11,0.0,1.0999980485914753,-2.9929577735309105e-06
623640,0.11971831109861866,5.926116213703286e-11,0.0,1.099998048591475,-2.99295777369102e-06
623700,0.11971831110245104,5.876066703212463e-11,0.0,1.0999980485914749,-2.992957773849808e-06
623760,0.11971831110627065,5.826902864332057e-11,0.0,1.0999980485914749,-2.9929577740072823e-06
623820,0.11971831111007751,5.7786180619945134e-11,0.0,1.0999980485914747,-2.992957774163451e-06
623880,0.11971831111387166,5.731205619724403e-11,0.0,1.0999980485914744,-2.992957774318322e-06
623940,0.11971831111765309,5.684658819565277e-11,0.0,1.0999980485914744,-2.992957774471903e-06
624000,0.11971831112142185,5.638970902006525e-11,0.0,1.0999980485914742,-2.992957774624202e-06
624060,0.11971831112517796,5.594135065910237e-11,0.0,1.099998048591474,-2.9929577747752277e-06
624120,0.11971831112892144,5.550144468438072e-11,0.0,1.099998048591474,-2.9929577749249874e-06
624180,0.1197183111326523,5.506992224978111e-11,0.0,1.0999980485914738,-2.9929577750734892e-06
624240,0.11971831113637059,5.46467140907172e-11,0.0,1.0999980485914735,-2.992957775220742e-06
624300,0.11971831114007632,5.4231750523404115e-11,0.0,1.0999980485914735,-2.9929577753667536e-06
624360,0.11971831114376953,5.38249614441271e-11,0.0,1.0999980485914733,-2.9929577755115323e-06
624420,0.11971831114745023,5.342627632851007e-11,0.0,1.099998048591473,-2.992957775655087e-06
624480,0.11971831115111843,5.3035624230784275e-11,0.0,1.099998048591473,-2.9929577757974254e-06
624540,0.1197183111547742,5.265293378305686e-11,0.0,1.0999980485914729,-2.992957775938556e-06
624600,0.11971831115841752,5.227813319457954e-11,0.0,1.0999980485914727,-2.992957776078488e-06
624660,0.11971831116204845,5.1911150251017156e-11,0.0,1.0999980485914727,-2.9929577762172293e-06
624720,0.11971831116566702,5.155191231371631e-11,0.0,1.0999980485914724,-2.992957776354789e-06
624780,0.11971831116927323,5.120034631897402e-11,0.0,1.0999980485914722,-2.992957776491176e-06
624840,0.11971831117286712,5.085637877730623e-11,0.0,1.0999980485914722,-2.9929577766263983e-06
624900,0.11971831117644871,5.0519935772716564e-11,0.0,1.099998048591472,-2.992957776760465e-06
624960,0.11971831118001805,5.019094296196477e-11,0.0,1.0999980485914718,-2.9929577768933853e-06
625020,0.11971831118357514,4.986932557383549e-11,0.0,1.0999980485914718,-2.992957777025168e-06
625080,0.11971831118712004,4.955500840840679e-11,0.0,1.0999980485914715,-2.9929577771558215e-06
625140,0.11971831119065275,4.9247915836318783e-11,0.0,1.0999980485914713,-2.9929577772853553e-06
625200,0.11971831119417331,4.8947971798042246e-11,0.0,1.0999980485914713,-2.9929577774137786e-06
625260,0.11971831119768175,4.865509980314726e-11,0.0,1.099998048591471,-2.9929577775411003e-06
625320,0.11971831120117811,4.8369222929571756e-11,0.0,1.0999980485914709,-2.99295777766733e-06
625380,0.11971831120466242,4.809026382289021e-11,0.0,1.0999980485914709,-2.9929577777924764e-06
625440,0.11971831120813468,4.7818144695582185e-11,0.0,1.0999980485914707,-2.992957777916549e-06
625500,0.11971831121159496,4.755278732630099e-11,0.0,1.0999980485914704,-2.992957778039557e-06
625560,0.11971831121504327,4.72941130591423e-11,0.0,1.0999980485914704,-2.99295777816151e-06
625620,0.11971831121847963,4.7042042802912693e-11,0.0,1.0999980485914702,-2.9929577782824176e-06
625680,0.11971831122190411,4.6796497030398354e-11,0.0,1.09999804859147,-2.9929577784022893e-06
625740,0.1197183112253167,4.655739577763365e-11,0.0,1.09999804859147,-2.9929577785211344e-06
625800,0.11971831122871747,4.632465864316974e-11,0.0,1.0999980485914698,-2.9929577786389626e-06
625860,0.11971831123210643,4.6098204787343166e-11,0.0,1.0999980485914698,-2.9929577787557837e-06
625920,0.11971831123548361,4.587795293154453e-11,0.0,1.0999980485914695,-2.992957778871608e-06
625980,0.11971831123884906,4.566382135748704e-11,0.0,1.0999980485914693,-2.992957778986444e-06
626040,0.1197183112422028,4.545572790647517e-11,0.0,1.0999980485914693,-2.9929577791003025e-06
626100,0.11971831124554486,4.525358997867323e-11,0.0,1.099998048591469,-2.9929577792131933e-06
626160,0.11971831124887529,4.5057324532374034e-11,0.0,1.0999980485914689,-2.992957779325126e-06
626220,0.11971831125219412,4.486684808326745e-11,0.0,1.0999980485914689,-2.9929577794361112e-06
626280,0.11971831125550138,4.468207670370906e-11,0.0,1.0999980485914687,-2.992957779546159e-06
626340,0.1197183112587971,4.450292602198875e-11,0.0,1.0999980485914687,-2.992957779655279e-06
626400,0.11971831126208134,4.432931122159935e-11,0.0,1.0999980485914684,-2.9929577797634814e-06
626460,0.11971831126535411,4.41611470405052e-11,0.0,1.0999980485914682,-2.9929577798707768e-06
626520,0.11971831126861544,4.3998347770410805e-11,0.0,1.0999980485914682,-2.9929577799771756e-06
626580,0.1197183112718654,4.3840827256029434e-11,0.0,1.099998048591468,-2.992957780082688e-06
626640,0.119718311275104,4.3688498894351716e-11,0.0,1.099998048591468,-2.9929577801873244e-06
626700,0.1197183112783313,4.354127563391429e-11,0.0,1.0999980485914678,-2.9929577802910953e-06
626760,0.11971831128154731,4.3399069974068385e-11,0.0,1.0999980485914678,-2.9929577803940115e-06
626820,0.11971831128475208,4.326179396424843e-11,0.0,1.0999980485914675,-2.992957780496083e-06
626880,0.11971831128794566,4.3129359203240715e-11,0.0,1.0999980485914673,-2.9929577805973214e-06
626940,0.11971831129112806,4.300167683845194e-11,0.0,1.0999980485914673,-2.9929577806977363e-06
627000,0.11971831129429936,4.287865756517788e-11,0.0,1.099998048591467,-2.9929577807973394e-06
627060,0.11971831129745955,4.2760211625871943e-11,0.0,1.099998048591467,-2.992957780896141e-06
627120,0.11971831130060871,4.264624880941386e-11,0.0,1.0999980485914669,-2.992957780994152e-06
627180,0.11971831130374685,4.253667845037822e-11,0.0,1.0999980485914667,-2.992957781091384e-06
627240,0.11971831130687405,4.243140942830313e-11,0.0,1.0999980485914667,-2.9929577811878474e-06
627300,0.1197183113099903,4.2330350166958806e-11,0.0,1.0999980485914664,-2.992957781283553e-06
627360,0.11971831131309568,4.22334086336162e-11,0.0,1.0999980485914664,-2.992957781378513e-06
627420,0.1197183113161902,4.214049233831562e-11,0.0,1.0999980485914662,-2.9929577814727376e-06
627480,0.11971831131927393,4.20515083331353e-11,0.0,1.0999980485914662,-2.992957781566238e-06
627540,0.11971831132234691,4.196636321146007e-11,0.0,1.099998048591466,-2.9929577816590264e-06
627600,0.11971831132540917,4.188496310724992e-11,0.0,1.099998048591466,-2.9929577817511133e-06
627660,0.11971831132846074,4.180721369430866e-11,0.0,1.0999980485914658,-2.9929577818425107e-06
627720,0.11971831133150167,4.173302018555248e-11,0.0,1.0999980485914655,-2.99295778193323e-06
627780,0.11971831133453202,4.166228733227861e-11,0.0,1.0999980485914655,-2.9929577820232823e-06
627840,0.11971831133755183,4.15949194234339e-11,0.0,1.0999980485914653,-2.9929577821126795e-06
627900,0.11971831134056113,4.153082028488347e-11,0.0,1.0999980485914653,-2.9929577822014333e-06
627960,0.11971831134355997,4.1469893278679264e-11,0.0,1.099998048591465,-2.9929577822895556e-06
628020,0.1197183113465484,4.141204130232872e-11,0.0,1.099998048591465,-2.992957782377058e-06
628080,0.11971831134952644,4.1357166788063357e-11,0.0,1.0999980485914649,-2.9929577824639516e-06
628140,0.11971831135249418,4.1305171702107396e-11,0.0,1.0999980485914649,-2.9929577825502495e-06
628200,0.11971831135545162,4.125595754394636e-11,0.0,1.0999980485914647,-2.9929577826359633e-06
628260,0.11971831135839885,4.1209425345595695e-11,0.0,1.0999980485914647,-2.9929577827211045e-06
628320,0.11971831136133587,4.116547567086939e-11,0.0,1.0999980485914644,-2.992957782805686e-06
628380,0.11971831136426275,4.1124008614648583e-11,0.0,1.0999980485914644,-2.992957782889719e-06
628440,0.11971831136717954,4.108492380215017e-11,0.0,1.0999980485914642,-2.9929577829732166e-06
628500,0.11971831137008627,4.1048120388195425e-11,0.0,1.0999980485914642,-2.9929577830561903e-06
628560,0.11971831137298303,4.101349705647861e-11,0.0,1.099998048591464,-2.992957783138653e-06
628620,0.1197183113758698,4.098095201883558e-11,0.0,1.099998048591464,-2.9929577832206168e-06
628680,0.1197183113787467,4.095038301451241e-11,0.0,1.0999980485914638,-2.992957783302094e-06
628740,0.1197183113816137,4.0921687309434015e-11,0.0,1.0999980485914638,-2.9929577833830976e-06
628800,0.11971831138447094,4.089476169547272e-11,0.0,1.0999980485914636,-2.99295778346364e-06
628860,0.11971831138731838,4.0869502489716914e-11,0.0,1.0999980485914636,-2.992957783543733e-06
628920,0.11971831139015614,4.0845805533739675e-11,0.0,1.0999980485914633,-2.9929577836233907e-06
628980,0.11971831139298422,4.082356619286732e-11,0.0,1.0999980485914633,-2.9929577837026247e-06
629040,0.1197183113958027,4.080267935544809e-11,0.0,1.099998048591463,-2.9929577837814483e-06
629100,0.11971831139861161,4.078303943212071e-11,0.0,1.099998048591463,-2.9929577838598746e-06
629160,0.11971831140141102,4.076454035508303e-11,0.0,1.0999980485914629,-2.992957783937916e-06
629220,0.11971831140420097,4.0747075577360616e-11,0.0,1.0999980485914629,-2.9929577840155856e-06
629280,0.11971831140698153,4.0730538072075405e-11,0.0,1.0999980485914627,-2.992957784092897e-06
629340,0.11971831140975271,4.0714820331714255e-11,0.0,1.0999980485914627,-2.9929577841698624e-06
629400,0.1197183114125146,4.069981436739762e-11,0.0,1.0999980485914624,-2.9929577842464956e-06
629460,0.11971831141526725,4.0685411708148125e-11,0.0,1.0999980485914624,-2.99295778432281e-06
629520,0.11971831141801069,4.067150340015918e-11,0.0,1.0999980485914624,-2.9929577843988184e-06
629580,0.11971831142074499,4.065798000606362e-11,0.0,1.0999980485914622,-2.9929577844745343e-06
629640,0.1197183114234702,4.064473160420228e-11,0.0,1.0999980485914622,-2.9929577845499714e-06
629700,0.11971831142618637,4.063164778789264e-11,0.0,1.099998048591462,-2.992957784625143e-06
629760,0.11971831142889357,4.061861766469743e-11,0.0,1.099998048591462,-2.9929577847000627e-06
629820,0.11971831143159183,4.0605529855693225e-11,0.0,1.0999980485914618,-2.992957784774744e-06
629880,0.11971831143428122,4.0592272494739075e-11,0.0,1.0999980485914618,-2.9929577848492007e-06
629940,0.1197183114369618,4.0578733227745127e-11,0.0,1.0999980485914618,-2.992957784923446e-06
630000,0.11971831143963362,4.0564799211941203e-11,0.0,1.0999980485914616,-2.9929577849974945e-06
630060,0.11971831144229672,4.055035711514546e-11,0.0,1.0999980485914616,-2.99295778507136e-06
630120,0.11971831144495118,4.053529311503295e-11,0.0,1.0999980485914613,-2.992957785145056e-06
630180,0.11971831144759705,4.0519492898404285e-11,0.0,1.0999980485914613,-2.992957785218597e-06
630240,0.11971831145023439,4.050284166045421e-11,0.0,1.099998048591461,-2.992957785291996e-06
630300,0.11971831145286324,4.0485224104040254e-11,0.0,1.099998048591461,-2.9929577853652686e-06
630360,0.11971831145548367,4.046652443895128e-11,0.0,1.099998048591461,-2.9929577854384277e-06
630420,0.11971831145809575,4.0446626381176184e-11,0.0,1.0999980485914609,-2.992957785511488e-06
630480,0.11971831146069953,4.042541315217242e-11,0.0,1.0999980485914609,-2.9929577855844642e-06
630540,0.11971831146329505,4.040276747813469e-11,0.0,1.0999980485914607,-2.9929577856573705e-06
630600,0.1197183114658824,4.03785715892635e-11,0.0,1.0999980485914607,-2.9929577857302212e-06
630660,0.11971831146846161,4.0352707219033814e-11,0.0,1.0999980485914607,-2.9929577858030305e-06
630720,0.11971831147103276,4.032505560346362e-11,0.0,1.0999980485914604,-2.992957785875813e-06
630780,0.1197183114735959,4.029549748038259e-11,0.0,1.0999980485914604,-2.992957785948584e-06
630840,0.11971831147615111,4.026391308870068e-11,0.0,1.0999980485914604,-2.992957786021358e-06
630900,0.11971831147869842,4.023018216767671e-11,0.0,1.0999980485914602,-2.992957786094149e-06
630960,0.11971831148123792,4.019418395618703e-11,0.0,1.0999980485914602,-2.9929577861669726e-06
631020,0.11971831148376966,4.01557971919941e-11,0.0,1.0999980485914602,-2.9929577862398437e-06
631080,0.1197183114862937,4.011490011101509e-11,0.0,1.09999804859146,-2.9929577863127766e-06
631140,0.1197183114888101,4.0071370446590534e-11,0.0,1.09999804859146,-2.9929577863857866e-06
631200,0.11971831149131892,4.002508542875292e-11,0.0,1.09999804859146,-2.9929577864588894e-06
631260,0.11971831149382026,3.997592178349528e-11,0.0,1.0999980485914598,-2.9929577865320993e-06
631320,0.11971831149631412,3.9923755732039855e-11,0.0,1.0999980485914598,-2.9929577866054316e-06
631380,0.11971831149880062,3.9868462990106666e-11,0.0,1.0999980485914598,-2.9929577866789024e-06
631440,0.11971831150127979,3.980991876718214e-11,0.0,1.0999980485914596,-2.992957786752526e-06
631500,0.11971831150375171,3.974799776578773e-11,0.0,1.0999980485914596,-2.9929577868263183e-06
631560,0.11971831150621645,3.968257418074851e-11,0.0,1.0999980485914596,-2.9929577869002947e-06
631620,0.11971831150867406,3.96135216984618e-11,0.0,1.0999980485914593,-2.992957786974471e-06
631680,0.11971831151112461,3.954071349616579e-11,0.0,1.0999980485914593,-2.992957787048862e-06
631740,0.11971831151356817,3.946402224120814e-11,0.0,1.0999980485914593,-2.992957787123485e-06
631800,0.11971831151600482,3.938332009031458e-11,0.0,1.099998048591459,-2.9929577871983538e-06
631860,0.1197183115184346,3.929847868885754e-11,0.0,1.099998048591459,-2.992957787273485e-06
631920,0.11971831152085759,3.920936917012477e-11,0.0,1.099998048591459,-2.9929577873488953e-06
631980,0.11971831152327386,3.911586215458792e-11,0.0,1.0999980485914589,-2.9929577874245992e-06
632040,0.11971831152568348,3.901782774917121e-11,0.0,1.0999980485914589,-2.9929577875006133e-06
632100,0.11971831152641052,2.1705279618099485e-11,0.0,1.0999980485914598,-2.992957789409389e-06
632160,0.11971831152678537,2.3034270172289023e-11,0.0,1.0999980485914598,-2.9929577892747644e-06
632220,0.11971831152713,2.4369413645031958e-11,0.0,1.0999980485914598,-2.992957789138648e-06
632280,0.11971831152744433,2.571068260124194e-11,0.0,1.0999980485914598,-2.9929577890010415e-06
632340,0.11971831152772831,2.7058049216915203e-11,0.0,1.0999980485914596,-2.992957788861946e-06
632400,0.11971831152798185,2.8411485279134275e-11,0.0,1.0999980485914596,-2.9929577887213626e-06
632460,0.1197183115282049,2.977096218606628e-11,0.0,1.0999980485914596,-2.9929577885792928e-06
632520,0.11971831152839738,3.1136450946962893e-11,0.0,1.0999980485914596,-2.992957788435737e-06
632580,0.11971831152855923,3.25079221821612e-11,0.0,1.0999980485914596,-2.992957788290698e-06
632640,0.11971831152869036,3.388534612308237e-11,0.0,1.0999980485914593,-2.992957788144176e-06
632700,0.11971831152879074,3.526869261223315e-11,0.0,1.0999980485914593,-2.992957787996173e-06
632760,0.11971831152886027,3.665793110320472e-11,0.0,1.0999980485914593,-2.99295778784669e-06
632820,0.11971831152889889,3.805303066067344e-11,0.0,1.0999980485914593,-2.992957787695729e-06
632880,0.11971831152890652,3.945395996040014e-11,0.0,1.0999980485914593,-2.9929577875432914e-06
632940,0.11971831152888311,4.086068728923124e-11,0.0,1.0999980485914593,-2.9929577873893783e-06
633000,0.11971831152882859,4.227318054509698e-11,0.0,1.0999980485914593,-2.9929577872339923e-06
633060,0.11971831152874288,4.369140723701353e-11,0.0,1.099998048591459,-2.992957787077134e-06
633120,0.11971831152862591,4.511533448508058e-11,0.0,1.099998048591459,-2.992957786918806e-06
633180,0.11971831152847762,4.654492902048453e-11,0.0,1.099998048591459,-2.9929577867590092e-06
633240,0.11971831152829793,4.798015718549492e-11,0.0,1.099998048591459,-2.992957786597746e-06
633300,0.11971831152808678,4.9420984933467294e-11,0.0,1.099998048591459,-2.9929577864350183e-06
633360,0.11971831152784408,5.086737782884152e-11,0.0,1.099998048591459,-2.9929577862708273e-06
633420,0.1197183115275698,5.231930104714212e-11,0.0,1.099998048591459,-2.9929577861051756e-06
633480,0.11971831152726384,5.377671937497924e-11,0.0,1.099998048591459,-2.992957785938065e-06
633540,0.11971831152692612,5.5239597210047474e-11,0.0,1.099998048591459,-2.992957785769497e-06
633600,0.1197183115265566,5.670789856112564e-11,0.0,1.099998048591459,-2.992957785599474e-06
633660,0.1197183115261552,5.81815870480787e-11,0.0,1.099998048591459,-2.992957785427998e-06
633720,0.11971831152572183,5.966062590185576e-11,0.0,1.0999980485914589,-2.9929577852550713e-06
633780,0.11971831152525646,6.114497796449035e-11,0.0,1.0999980485914589,-2.9929577850806956e-06
633840,0.119718311524759,6.263460568910205e-11,0.0,1.0999980485914589,-2.992957784904874e-06
633900,0.11971831152422935,6.412947113989421e-11,0.0,1.0999980485914589,-2.992957784727608e-06
633960,0.11971831152366748,6.562953599215523e-11,0.0,1.0999980485914589,-2.9929577845488995e-06
634020,0.1197183115230733,6.71347615322593e-11,0.0,1.0999980485914589,-2.9929577843687513e-06
634080,0.11971831152244675,6.864510865766417e-11,0.0,1.0999980485914589,-2.992957784187166e-06
634140,0.11971831152178776,7.016053787691323e-11,0.0,1.0999980485914589,-2.9929577840041455e-06
634200,0.11971831152109624,7.168100930963465e-11,0.0,1.0999980485914589,-2.9929577838196927e-06
634260,0.11971831152037214,7.320648268654122e-11,0.0,1.0999980485914589,-2.99295778363381e-06
634320,0.11971831151961539,7.473691734943096e-11,0.0,1.0999980485914589,-2.9929577834464997e-06
634380,0.1197183115188259,7.627227225118643e-11,0.0,1.0999980485914589,-2.9929577832577642e-06
634440,0.11971831151800362,7.78125059557752e-11,0.0,1.0999980485914589,-2.992957783067606e-06
634500,0.11971831151714846,7.935757663824963e-11,0.0,1.0999980485914589,-2.9929577828760285e-06
634560,0.11971831151626036,8.090744208474713e-11,0.0,1.0999980485914589,-2.9929577826830337e-06
634620,0.11971831151533927,8.246205969248942e-11,0.0,1.099998048591459,-2.992957782488625e-06
634680,0.11971831151438507,8.402138646978404e-11,0.0,1.099998048591459,-2.992957782292804e-06
634740,0.11971831151339772,8.55853790360227e-11,0.0,1.099998048591459,-2.9929577820955745e-06
634800,0.11971831151237715,8.715399362168209e-11,0.0,1.099998048591459,-2.992957781896939e-06
634860,0.11971831151132328,8.87271860683236e-11,0.0,1.099998048591459,-2.9929577816969e-06
634920,0.11971831151023604,9.030491182859378e-11,0.0,1.099998048591459,-2.9929577814954614e-06
634980,0.11971831150911535,9.188712596622403e-11,0.0,1.099998048591459,-2.9929577812926254e-06
635040,0.11971831150796117,9.347378315603062e-11,0.0,1.099998048591459,-2.9929577810883947e-06
635100,0.11971831150677338,9.506483768391453e-11,0.0,1.099998048591459,-2.9929577808827732e-06
635160,0.11971831150555196,9.666024344686155e-11,0.0,1.099998048591459,-2.9929577806757634e-06
635220,0.11971831150429679,9.825995395294267e-11,0.0,1.099998048591459,-2.9929577804673688e-06
635280,0.11971831150300784,9.986392232131328e-11,0.0,1.0999980485914593,-2.992957780257592e-06
635340,0.119718311501685,1.0147210128221402e-10,0.0,1.0999980485914593,-2.992957780046437e-06
635400,0.11971831150032823,1.0308444317697052e-10,0.0,1.0999980485914593,-2.9929577798339067e-06
635460,0.11971831149893744,1.047008999579926e-10,0.0,1.0999980485914593,-2.992957779620004e-06
635520,0.11971831149751255,1.0632142318877544e-10,0.0,1.0999980485914593,-2.992957779404732e-06
635580,0.11971831149605353,1.0794596404389925e-10,0.0,1.0999980485914593,-2.9929577791880953e-06
635640,0.11971831149456025,1.0957447330902858e-10,0.0,1.0999980485914596,-2.992957778970096e-06
635700,0.11971831149303268,1.1120690138091337e-10,0.0,1.0999980485914596,-2.9929577787507388e-06
635760,0.11971831149147072,1.1284319826738788e-10,0.0,1.0999980485914596,-2.9929577785300257e-06
635820,0.11971831148987432,1.1448331358737195e-10,0.0,1.0999980485914596,-2.9929577783079616e-06
635880,0.11971831148824338,1.1612719657086934e-10,0.0,1.0999980485914596,-2.992957778084549e-06
635940,0.11971831148657787,1.177747960589698e-10,0.0,1.0999980485914598,-2.9929577778597922e-06
636000,0.11971831148487767,1.1942606050384682e-10,0.0,1.0999980485914598,-2.992957777633695e-06
636060,0.11971831148314274,1.2108093796875958e-10,0.0,1.0999980485914598,-2.9929577774062603e-06
636120,0.119718311481373,1.2273937612805183e-10,0.0,1.0999980485914598,-2.9929577771774924e-06
636180,0.11971831147956837,1.2440132226715181e-10,0.0,1.09999804859146,-2.9929577769473946e-06
636240,0.11971831147772878,1.2606672328257354e-10,0.0,1.09999804859146,-2.9929577767159712e-06
636300,0.11971831147585416,1.2773552568191502e-10,0.0,1.09999804859146,-2.992957776483226e-06
636360,0.11971831147394442,1.294076755838595e-10,0.0,1.09999804859146,-2.9929577762491625e-06
636420,0.1197183114719995,1.310831187181752e-10,0.0,1.0999980485914602,-2.992957776013785e-06
636480,0.11971831147001934,1.3276180042571478e-10,0.0,1.0999980485914602,-2.9929577757770975e-06
636540,0.11971831146800385,1.3444366565841627e-10,0.0,1.0999980485914602,-2.9929577755391037e-06
636600,0.11971831146595296,1.3612865897930224e-10,0.0,1.0999980485914604,-2.9929577752998075e-06
636660,0.11971831146386659,1.3781672456248027e-10,0.0,1.0999980485914604,-2.9929577750592138e-06
636720,0.11971831146174468,1.395078061931425e-10,0.0,1.0999980485914604,-2.992957774817326e-06
636780,0.11971831145958715,1.4120184726756649e-10,0.0,1.0999980485914607,-2.9929577745741485e-06
636840,0.11971831145739392,1.428987907931144e-10,0.0,1.0999980485914607,-2.9929577743296855e-06
636900,0.11971831145516493,1.4459857938823291e-10,0.0,1.0999980485914607,-2.9929577740839413e-06
636960,0.11971831145290009,1.4630115528245408e-10,0.0,1.0999980485914609,-2.9929577738369202e-06
637020,0.11971831145059933,1.480064603163944e-10,0.0,1.0999980485914609,-2.9929577735886265e-06
637080,0.11971831144826259,1.4971443594175573e-10,0.0,1.0999980485914609,-2.9929577733390643e-06
637140,0.11971831144588978,1.5142502322132452e-10,0.0,1.099998048591461,-2.992957773088239e-06
637200,0.11971831144348083,1.5313816282897178e-10,0.0,1.099998048591461,-2.9929577728361533e-06
637260,0.11971831144103566,1.5485379504965399e-10,0.0,1.0999980485914613,-2.9929577725828134e-06
637320,0.11971831143855421,1.5657185977941205e-10,0.0,1.0999980485914613,-2.9929577723282233e-06
637380,0.1197183114360364,1.5829229652537158e-10,0.0,1.0999980485914616,-2.992957772072387e-06
637440,0.11971831143348215,1.6001504440574392e-10,0.0,1.0999980485914616,-2.9929577718153097e-06
637500,0.11971831143089139,1.617400421498243e-10,0.0,1.0999980485914616,-2.992957771556996e-06
637560,0.11971831142826404,1.6346722809799317e-10,0.0,1.0999980485914618,-2.9929577712974502e-06
637620,0.11971831142560004,1.651965402017161e-10,0.0,1.0999980485914618,-2.9929577710366776e-06
637680,0.11971831142289929,1.6692791602354319e-10,0.0,1.099998048591462,-2.9929577707746827e-06
637740,0.11971831142016173,1.686612927371097e-10,0.0,1.099998048591462,-2.9929577705114706e-06
637800,0.1197183114173873,1.7039660712713545e-10,0.0,1.0999980485914622,-2.9929577702470455e-06
637860,0.1197183114145759,1.7213379558942502e-10,0.0,1.0999980485914622,-2.992957769981413e-06
637920,0.11971831141172747,1.738727941308684e-10,0.0,1.0999980485914624,-2.9929577697145773e-06
637980,0.11971831140884191,1.7561353836944015e-10,0.0,1.0999980485914624,-2.9929577694465443e-06
638040,0.11971831140591918,1.7735596353419947e-10,0.0,1.0999980485914627,-2.9929577691773183e-06
638100,0.1197183114029592,1.7910000446529076e-10,0.0,1.0999980485914627,-2.9929577689069047e-06
638160,0.11971831139996186,1.8084559561394314e-10,0.0,1.0999980485914629,-2.9929577686353087e-06
638220,0.11971831139692712,1.825926710424706e-10,0.0,1.0999980485914629,-2.992957768362535e-06
638280,0.1197183113938549,1.8434116442427203e-10,0.0,1.099998048591463,-2.992957768088589e-06
638340,0.11971831139074511,1.860910090438311e-10,0.0,1.0999980485914633,-2.9929577678134762e-06
638400,0.11971831138759767,1.878421377967164e-10,0.0,1.0999980485914633,-2.9929577675372016e-06
638460,0.11971831138441254,1.8959448318958152e-10,0.0,1.0999980485914636,-2.9929577672597704e-06
638520,0.1197183113811896,1.9134797734016467e-10,0.0,1.0999980485914636,-2.992957766981188e-06
638580,0.1197183113779288,1.931025519772889e-10,0.0,1.0999980485914638,-2.99295776670146e-06
638640,0.11971831137463006,1.9485813844086264e-10,0.0,1.099998048591464,-2.9929577664205915e-06
638700,0.1197183113712933,1.9661466768187852e-10,0.0,1.099998048591464,-2.9929577661385884e-06
638760,0.11971831136791844,1.983720702624143e-10,0.0,1.0999980485914642,-2.992957765855456e-06
638820,0.1197183113645054,2.0013027635563272e-10,0.0,1.0999980485914644,-2.9929577655711996e-06
638880,0.11971831136105414,2.018892157457813e-10,0.0,1.0999980485914644,-2.992957765285825e-06
638940,0.11971831135756454,2.0364881782819228e-10,0.0,1.0999980485914647,-2.992957764999338e-06
639000,0.11971831135403654,2.0540901160928314e-10,0.0,1.0999980485914649,-2.9929577647117437e-06
639060,0.11971831135047006,2.0716972570655572e-10,0.0,1.0999980485914649,-2.9929577644230486e-06
639120,0.11971831134686504,2.0893088834859732e-10,0.0,1.099998048591465,-2.992957764133258e-06
639180,0.11971831134322139,2.1069242737507953e-10,0.0,1.0999980485914653,-2.992957763842378e-06
639240,0.11971831133953903,2.1245427023675902e-10,0.0,1.0999980485914653,-2.9929577635504136e-06
639300,0.1197183113358179,2.1421634399547728e-10,0.0,1.0999980485914655,-2.9929577632573716e-06
639360,0.11971831133205789,2.15978575324161e-10,0.0,1.0999980485914658,-2.992957762963257e-06
639420,0.11971831132825896,2.1774089050682126e-10,0.0,1.099998048591466,-2.992957762668077e-06
639480,0.119718311324421,2.1950321543855433e-10,0.0,1.099998048591466,-2.9929577623718367e-06
639540,0.11971831132054396,2.2126547562554123e-10,0.0,1.0999980485914662,-2.992957762074542e-06
639600,0.11971831131662775,2.2302759618504779e-10,0.0,1.0999980485914664,-2.9929577617761998e-06
639660,0.1197183113126723,2.247895018454247e-10,0.0,1.0999980485914667,-2.9929577614768156e-06
639720,0.11971831130867752,2.265511169461077e-10,0.0,1.0999980485914667,-2.9929577611763954e-06
639780,0.11971831130464335,2.2831236543761709e-10,0.0,1.0999980485914669,-2.992957760874946e-06
639840,0.1197183113005697,2.3007317088155843e-10,0.0,1.099998048591467,-2.992957760572473e-06
639900,0.11971831129645649,2.318334564506218e-10,0.0,1.0999980485914673,-2.9929577602689834e-06
639960,0.11971831129230366,2.335931449285821e-10,0.0,1.0999980485914675,-2.9929577599644827e-06
640020,0.11971831128811111,2.353521587102996e-10,0.0,1.0999980485914678,-2.992957759658978e-06
640080,0.11971831128387878,2.371104198017191e-10,0.0,1.0999980485914678,-2.992957759352475e-06
640140,0.11971831127960658,2.388678498198699e-10,0.0,1.099998048591468,-2.9929577590449806e-06
640200,0.11971831127529443,2.4062436999286667e-10,0.0,1.0999980485914682,-2.9929577587365013e-06
640260,0.11971831127094228,2.4237990115990907e-10,0.0,1.0999980485914684,-2.9929577584270434e-06
640320,0.11971831126655003,2.44134363771281e-10,0.0,1.0999980485914687,-2.9929577581166134e-06
640380,0.11971831126211759,2.458876778883517e-10,0.0,1.0999980485914689,-2.9929577578052183e-06
640440,0.1197183112576449,2.4763976318357525e-10,0.0,1.099998048591469,-2.9929577574928643e-06
640500,0.11971831125313187,2.4939053894049044e-10,0.0,1.0999980485914693,-2.9929577571795582e-06
640560,0.11971831124857844,2.51139924053721e-10,0.0,1.0999980485914695,-2.992957756865307e-06
640620,0.11971831124398452,2.528878370289754e-10,0.0,1.0999980485914698,-2.9929577565501175e-06
640680,0.11971831123935002,2.5463419598304714e-10,0.0,1.09999804859147,-2.992957756233996e-06
640740,0.11971831123467488,2.5637891864381463e-10,0.0,1.0999980485914702,-2.9929577559169493e-06
640800,0.11971831122995902,2.581219223502408e-10,0.0,1.0999980485914704,-2.9929577555989846e-06
640860,0.11971831122520235,2.5986312405237396e-10,0.0,1.0999980485914707,-2.992957755280109e-06
640920,0.11971831122040481,2.6160244031134687e-10,0.0,1.0999980485914709,-2.9929577549603294e-06
640980,0.1197183112155663,2.6333978729937724e-10,0.0,1.099998048591471,-2.9929577546396524e-06
641040,0.11971831121068675,2.65075080799768e-10,0.0,1.0999980485914713,-2.9929577543180853e-06
641100,0.11971831120576608,2.668082362069062e-10,0.0,1.0999980485914715,-2.9929577539956355e-06
641160,0.11971831120080421,2.6853916852626453e-10,0.0,1.0999980485914718,-2.9929577536723095e-06
641220,0.11971831119580108,2.7026779237439994e-10,0.0,1.099998048591472,-2.992957753348115e-06
641280,0.11971831119075657,2.719940219789548e-10,0.0,1.0999980485914722,-2.9929577530230587e-06
641340,0.11971831118567064,2.7371777117865586e-10,0.0,1.0999980485914724,-2.9929577526971484e-06
641400,0.11971831118054319,2.754389534233151e-10,0.0,1.0999980485914727,-2.992957752370391e-06
641460,0.11971831117537414,2.77157481773829e-10,0.0,1.0999980485914729,-2.9929577520427943e-06
641520,0.11971831117016343,2.788732689021792e-10,0.0,1.099998048591473,-2.992957751714365e-06
641580,0.11971831116491097,2.805862270914322e-10,0.0,1.0999980485914733,-2.992957751385111e-06
641640,0.11971831115961666,2.8229626823573907e-10,0.0,1.0999980485914738,-2.992957751055039e-06
641700,0.11971831115428044,2.8400330384033615e-10,0.0,1.099998048591474,-2.992957750724158e-06
641760,0.11971831114890225,2.857072450215443e-10,0.0,1.0999980485914742,-2.992957750392474e-06
641820,0.11971831114348197,2.8740800250676943e-10,0.0,1.0999980485914744,-2.992957750059995e-06
641880,0.11971831113801953,2.8910548663450237e-10,0.0,1.0999980485914747,-2.992957749726729e-06
641940,0.11971831113251488,2.9079960735431863e-10,0.0,1.0999980485914749,-2.992957749392684e-06
642000,0.1197183111269679,2.924902742268786e-10,0.0,1.0999980485914753,-2.9929577490578667e-06
642060,0.11971831112137854,2.941773964239276e-10,0.0,1.0999980485914755,-2.992957748722285e-06
642120,0.11971831111574671,2.9586088272829606e-10,0.0,1.0999980485914758,-2.992957748385947e-06
642180,0.11971831111007233,2.9754064153389865e-10,0.0,1.099998048591476,-2.9929577480488607e-06
642240,0.11971831110435531,2.992165808457355e-10,0.0,1.0999980485914764,-2.992957747711034e-06
642300,0.11971831109859558,3.0088860827989156e-10,0.0,1.0999980485914767,-2.992957747372474e-06
642360,0.11971831109279306,3.025566310635362e-10,0.0,1.0999980485914769,-2.992957747033189e-06
642420,0.11971831108694767,3.0422055603492413e-10,0.0,1.0999980485914773,-2.9929577466931874e-06
642480,0.1197183110810593,3.058802896433945e-10,0.0,1.0999980485914775,-2.992957746352477e-06
642540,0.11971831107512793,3.075357379493717e-10,0.0,1.0999980485914778,-2.9929577460110654e-06
642600,0.11971831106915343,3.0918680662436484e-10,0.0,1.0999980485914782,-2.9929577456689615e-06
642660,0.11971831106313573,3.1083340095096783e-10,0.0,1.0999980485914784,-2.992957745326173e-06
642720,0.11971831105707476,3.1247542582285945e-10,0.0,1.0999980485914786,-2.9929577449827077e-06
642780,0.11971831105097043,3.1411278574480357e-10,0.0,1.099998048591479,-2.9929577446385743e-06
642840,0.11971831104482265,3.1574538483264863e-10,0.0,1.0999980485914793,-2.992957744293781e-06
642900,0.11971831103863137,3.173731268133281e-10,0.0,1.0999980485914795,-2.992957743948336e-06
642960,0.11971831103239647,3.1899591502486023e-10,0.0,1.09999804859148,-2.992957743602248e-06
643020,0.11971831102611791,3.2061365241634813e-10,0.0,1.0999980485914802,-2.992957743255525e-06
643080,0.11971831101979556,3.2222624154797994e-10,0.0,1.0999980485914806,-2.9929577429081754e-06
643140,0.11971831101342938,3.2383358459102847e-10,0.0,1.0999980485914809,-2.992957742560208e-06
643200,0.11971831100701927,3.2543558332785154e-10,0.0,1.0999980485914813,-2.992957742211631e-06
643260,0.11971831100056515,3.270321391518916e-10,0.0,1.0999980485914815,-2.9929577418624526e-06
643320,0.11971831099406695,3.2862315306767635e-10,0.0,1.0999980485914818,-2.9929577415126822e-06
643380,0.11971831098752457,3.302085256908179e-10,0.0,1.0999980485914822,-2.992957741162328e-06
643440,0.11971831098093794,3.317881572480136e-10,0.0,1.0999980485914826,-2.9929577408113987e-06
643500,0.11971831097430696,3.333619475770455e-10,0.0,1.0999980485914829,-2.992957740459903e-06
643560,0.11971831096763158,3.349297961267805e-10,0.0,1.0999980485914833,-2.9929577401078493e-06
643620,0.1197183109609117,3.364916019571704e-10,0.0,1.0999980485914835,-2.992957739755247e-06
643680,0.11971831095414724,3.3804726373925185e-10,0.0,1.099998048591484,-2.9929577394021044e-06
643740,0.1197183109473381,3.3959667975514647e-10,0.0,1.0999980485914842,-2.992957739048431e-06
643800,0.11971831094048424,3.411397478980606e-10,0.0,1.0999980485914846,-2.9929577386942347e-06
643860,0.11971831093358554,3.4267636567228545e-10,0.0,1.0999980485914849,-2.9929577383395253e-06
643920,0.11971831092664194,3.442064301931972e-10,0.0,1.0999980485914853,-2.992957737984312e-06
643980,0.11971831091965333,3.4572983818725676e-10,0.0,1.0999980485914858,-2.992957737628603e-06
644040,0.11971831091261965,3.4724648599201007e-10,0.0,1.099998048591486,-2.9929577372724078e-06
644100,0.11971831090554083,3.4875626955608776e-10,0.0,1.0999980485914864,-2.9929577369157353e-06
644160,0.11971831089841675,3.502590844392055e-10,0.0,1.0999980485914869,-2.992957736558595e-06
644220,0.11971831089124736,3.5175482581216365e-10,0.0,1.099998048591487,-2.992957736200996e-06
644280,0.11971831088403256,3.5324338845684764e-10,0.0,1.0999980485914875,-2.992957735842947e-06
644340,0.11971831087677227,3.5472466676622747e-10,0.0,1.099998048591488,-2.9929577354844576e-06
644400,0.11971831086946641,3.561985547443582e-10,0.0,1.0999980485914882,-2.9929577351255376e-06
644460,0.1197183108621149,3.5766494600637987e-10,0.0,1.0999980485914886,-2.9929577347661957e-06
644520,0.11971831085471765,3.5912373377851716e-10,0.0,1.099998048591489,-2.9929577344064417e-06
644580,0.11971831084727459,3.6057481089807966e-10,0.0,1.0999980485914895,-2.992957734046285e-06
644640,0.11971831083978562,3.620180698134619e-10,0.0,1.0999980485914898,-2.992957733685735e-06
644700,0.11971831083225067,3.634534025841433e-10,0.0,1.0999980485914902,-2.992957733324801e-06
644760,0.11971831082466963,3.6488070088068803e-10,0.0,1.0999980485914906,-2.9929577329634923e-06
644820,0.11971831081704246,3.662998559847451e-10,0.0,1.099998048591491,-2.9929577326018194e-06
644880,0.11971831080936904,3.677107587890486e-10,0.0,1.0999980485914915,-2.992957732239791e-06
644940,0.1197183108016493,3.6911329979741726e-10,0.0,1.099998048591492,-2.9929577318774178e-06
645000,0.11971831079388316,3.705073691247548e-10,0.0,1.0999980485914922,-2.9929577315147085e-06
645060,0.11971831078607054,3.718928564970497e-10,0.0,1.0999980485914926,-2.9929577311516736e-06
645120,0.11971831077821134,3.7326965125137546e-10,0.0,1.099998048591493,-2.9929577307883223e-06
645180,0.11971831077030548,3.7463764233589027e-10,0.0,1.0999980485914935,-2.9929577304246652e-06
645240,0.11971831076235288,3.759967183098373e-10,0.0,1.099998048591494,-2.9929577300607113e-06
645300,0.11971831075435346,3.773467673435446e-10,0.0,1.0999980485914944,-2.992957729696471e-06
645360,0.11971831074630715,3.78687677218425e-10,0.0,1.0999980485914949,-2.992957729331954e-06
645420,0.11971831073821383,3.8001933532697615e-10,0.0,1.0999980485914953,-2.9929577289671705e-06
645480,0.11971831073007344,3.8134162867278077e-10,0.0,1.0999980485914957,-2.9929577286021307e-06
645540,0.11971831072188589,3.8265444387050624e-10,0.0,1.0999980485914962,-2.9929577282368443e-06
645600,0.1197183107136511,3.8395766714590496e-10,0.0,1.0999980485914966,-2.9929577278713217e-06
645660,0.11971831070536898,3.8525118433581403e-10,0.0,1.099998048591497,-2.9929577275055733e-06
645720,0.11971831069703945,3.8653488088815554e-10,0.0,1.0999980485914975,-2.9929577271396084e-06
645780,0.11971831068866241,3.878086418619365e-10,0.0,1.099998048591498,-2.9929577267734382e-06
645840,0.1197183106802378,3.8907235192724853e-10,0.0,1.0999980485914984,-2.9929577264070723e-06
645900,0.11971831067176553,3.903258953652684e-10,0.0,1.0999980485914989,-2.9929577260405218e-06
645960,0.1197183106632455,3.9156915606825747e-10,0.0,1.0999980485914993,-2.992957725673796e-06
646020,0.11971831065467763,3.928020175395623e-10,0.0,1.0999980485914997,-2.992957725306906e-06
646080,0.11971831064606184,3.9402436289361404e-10,0.0,1.0999980485915002,-2.9929577249398626e-06
646140,0.11971831063739805,3.9523607485592883e-10,0.0,1.0999980485915006,-2.9929577245726755e-06
646200,0.11971831062868615,3.9643703576310757e-10,0.0,1.0999980485915013,-2.9929577242053554e-06
646260,0.11971831061992609,3.976271275628362e-10,0.0,1.0999980485915017,-2.992957723837913e-06
646320,0.11971831061111778,3.9880623181388523e-10,0.0,1.0999980485915022,-2.992957723470359e-06
646380,0.1197183106022611,3.9997422968611043e-10,0.0,1.0999980485915026,-2.992957723102704e-06
646440,0.119718310593356,4.0113100196045217e-10,0.0,1.099998048591503,-2.9929577227349588e-06
646500,0.11971831058440238,4.022764290289356e-10,0.0,1.0999980485915037,-2.992957722367134e-06
646560,0.11971831057540015,4.034103908946711e-10,0.0,1.0999980485915042,-2.99295772199924e-06
646620,0.11971831056634924,4.045327671718535e-10,0.0,1.0999980485915046,-2.992957721631288e-06
646680,0.11971831055724956,4.056434370857628e-10,0.0,1.099998048591505,-2.992957721263289e-06
646740,0.11971831054810102,4.0674227947276367e-10,0.0,1.0999980485915057,-2.9929577208952536e-06
646800,0.11971831053890351,4.0782917278030583e-10,0.0,1.0999980485915062,-2.992957720527193e-06
646860,0.119718310529657,4.0890399506692363e-10,0.0,1.0999980485915066,-2.9929577201591176e-06
646920,0.11971831052036136,4.099666240022365e-10,0.0,1.0999980485915073,-2.992957719791039e-06
646980,0.11971831051101652,4.110169368669486e-10,0.0,1.0999980485915077,-2.992957719422968e-06
647040,0.11971831050162238,4.12054810552849e-10,0.0,1.0999980485915082,-2.9929577190549157e-06
647100,0.11971831049217886,4.1308012156281167e-10,0.0,1.0999980485915088,-2.9929577186868934e-06
647160,0.1197183104826859,4.1409274601079536e-10,0.0,1.0999980485915093,-2.992957718318912e-06
647220,0.11971831047314337,4.1509255962184383e-10,0.0,1.0999980485915097,-2.9929577179509827e-06
647280,0.11971831046355122,4.160794377320855e-10,0.0,1.0999980485915104,-2.992957717583117e-06
647340,0.11971831045390934,4.170532552887338e-10,0.0,1.0999980485915108,-2.9929577172153266e-06
647400,0.11971831044421766,4.18013886850087e-10,0.0,1.0999980485915115,-2.992957716847622e-06
647460,0.11971831043447607,4.1896120658552823e-10,0.0,1.099998048591512,-2.9929577164800147e-06
647520,0.11971831042468452,4.198950882755254e-10,0.0,1.0999980485915126,-2.9929577161125164e-06
647580,0.11971831041484289,4.2081540531163146e-10,0.0,1.099998048591513,-2.9929577157451387e-06
647640,0.11971831040495111,4.217220306964841e-10,0.0,1.0999980485915137,-2.9929577153778923e-06
647700,0.11971831039500909,4.226148370438059e-10,0.0,1.0999980485915142,-2.99295771501079e-06
647760,0.11971831038501674,4.234936965784043e-10,0.0,1.0999980485915148,-2.9929577146438426e-06
647820,0.11971831037497398,4.243584811361715e-10,0.0,1.0999980485915153,-2.992957714277061e-06
647880,0.1197183103648807,4.252090621640849e-10,0.0,1.099998048591516,-2.9929577139104586e-06
647940,0.11971831035473685,4.260453107202063e-10,0.0,1.0999980485915166,-2.992957713544046e-06
648000,0.11971831034454232,4.268670974736827e-10,0.0,1.099998048591517,-2.9929577131778348e-06
648060,0.11971831033429702,4.2767429270474594e-10,0.0,1.0999980485915177,-2.9929577128118373e-06
648120,0.11971831032400088,4.284667663047126e-10,0.0,1.0999980485915182,-2.992957712446065e-06
648180,0.11971831031365379,4.2924438777598407e-10,0.0,1.0999980485915188,-2.99295771208053e-06
648240,0.11971831030325567,4.300070262320469e-10,0.0,1.0999980485915195,-2.992957711715244e-06
648300,0.11971831029280644,4.307545503974721e-10,0.0,1.0999980485915202,-2.992957711350219e-06
648360,0.11971831028230602,4.3148682860791595e-10,0.0,1.0999980485915206,-2.9929577109854666e-06
648420,0.1197183102717543,4.322037288101193e-10,0.0,1.0999980485915213,-2.9929577106209998e-06
648480,0.1197183102611512,4.329051185619079e-10,0.0,1.099998048591522,-2.99295771025683e-06
648540,0.11971831025049665,4.335908650321926e-10,0.0,1.0999980485915226,-2.9929577098929686e-06
648600,0.11971831023979053,4.342608350009689e-10,0.0,1.099998048591523,-2.9929577095294292e-06
648660,0.11971831022903277,4.349148948593171e-10,0.0,1.0999980485915237,-2.992957709166223e-06
648720,0.1197183102182233,4.3555291060940257e-10,0.0,1.0999980485915244,-2.9929577088033628e-06
648780,0.119718310207362,4.3617474786447543e-10,0.0,1.099998048591525,-2.9929577084408606e-06
648840,0.11971831019644878,4.367802718488707e-10,0.0,1.0999980485915257,-2.9929577080787286e-06
648900,0.11971831018548358,4.373693473980082e-10,0.0,1.0999980485915262,-2.992957707716979e-06
648960,0.11971831017446631,4.379418389583927e-10,0.0,1.0999980485915268,-2.992957707355625e-06
649020,0.11971831016339685,4.384976105876138e-10,0.0,1.0999980485915275,-2.992957706994678e-06
649080,0.11971831015227515,4.390365259543459e-10,0.0,1.0999980485915282,-2.992957706634151e-06
649140,0.11971831014110108,4.395584483383484e-10,0.0,1.0999980485915288,-2.9929577062740563e-06
649200,0.11971831012987459,4.4006324063046547e-10,0.0,1.0999980485915295,-2.992957705914407e-06
649260,0.11971831011859557,4.4055076533262617e-10,0.0,1.0999980485915302,-2.992957705555215e-06
649320,0.11971831010726393,4.4102088455784436e-10,0.0,1.0999980485915308,-2.992957705196493e-06
649380,0.11971831009587959,4.414734600302189e-10,0.0,1.0999980485915315,-2.992957704838254e-06
649440,0.11971831008444248,4.419083530849334e-10,0.0,1.0999980485915322,-2.9929577044805106e-06
649500,0.11971831007295246,4.423254246682564e-10,0.0,1.0999980485915328,-2.9929577041232758e-06
649560,0.11971831006140948,4.427245353375412e-10,0.0,1.0999980485915335,-2.992957703766562e-06
649620,0.11971831004981344,4.4310554526122616e-10,0.0,1.0999980485915342,-2.9929577034103815e-06
649680,0.11971831003816426,4.4346831421883427e-10,0.0,1.0999980485915348,-2.9929577030547484e-06
649740,0.11971831002646183,4.4381270160097356e-10,0.0,1.0999980485915357,-2.992957702699675e-06
649800,0.11971831001470608,4.441385664093369e-10,0.0,1.0999980485915364,-2.992957702345174e-06
649860,0.11971831000289691,4.444457672567019e-10,0.0,1.099998048591537,-2.992957701991259e-06
649920,0.11971830999103424,4.4473416236693115e-10,0.0,1.0999980485915377,-2.9929577016379426e-06
649980,0.11971830997911796,4.450036095749721e-10,0.0,1.0999980485915384,-2.992957701285238e-06
650040,0.11971830996714801,4.45253966326857e-10,0.0,1.099998048591539,-2.9929577009331583e-06
650100,0.11971830995512428,4.4548508967970313e-10,0.0,1.09999804859154,-2.9929577005817167e-06
650160,0.11971830994304669,4.4569683630171235e-10,0.0,1.0999980485915406,-2.9929577002309264e-06
650220,0.11971830993091515,4.4588906247217164e-10,0.0,1.0999980485915413,-2.9929576998808003e-06
650280,0.11971830991872955,4.4606162408145275e-10,0.0,1.099998048591542,-2.992957699531352e-06
650340,0.11971830990648982,4.4621437663101224e-10,0.0,1.0999980485915428,-2.9929576991825953e-06
650400,0.11971830989419587,4.463471752333916e-10,0.0,1.0999980485915435,-2.9929576988345426e-06
650460,0.11971830988184759,4.464598746122172e-10,0.0,1.0999980485915442,-2.992957698487208e-06
650520,0.11971830986944491,4.4655232910220025e-10,0.0,1.099998048591545,-2.992957698140604e-06
650580,0.11971830985698775,4.466243926491368e-10,0.0,1.0999980485915457,-2.9929576977947453e-06
650640,0.11971830984447598,4.466759188099078e-10,0.0,1.0999980485915466,-2.992957697449645e-06
650700,0.11971830983190956,4.4670676075247906e-10,0.0,1.0999980485915473,-2.9929576971053164e-06
650760,0.11971830981928835,4.467167712559012e-10,0.0,1.099998048591548,-2.992957696761773e-06
650820,0.1197183098066123,4.467058027103098e-10,0.0,1.0999980485915488,-2.9929576964190287e-06
650880,0.11971830979388129,4.466737071169252e-10,0.0,1.0999980485915495,-2.992957696077097e-06
650940,0.11971830978109525,4.4662033608805275e-10,0.0,1.0999980485915504,-2.9929576957359924e-06
651000,0.11971830976825407,4.465455408470825e-10,0.0,1.099998048591551,-2.992957695395728e-06
651060,0.11971830975535767,4.4644917222848937e-10,0.0,1.099998048591552,-2.992957695056317e-06
651120,0.11971830974240597,4.4633108067783336e-10,0.0,1.0999980485915526,-2.992957694717774e-06
651180,0.11971830972939886,4.461911162517591e-10,0.0,1.0999980485915535,-2.9929576943801133e-06
651240,0.11971830971633625,4.460291286179962e-10,0.0,1.0999980485915544,-2.992957694043348e-06
651300,0.11971830970321806,4.458449670553591e-10,0.0,1.099998048591555,-2.992957693707492e-06
651360,0.11971830969004418,4.456384804537471e-10,0.0,1.099998048591556,-2.9929576933725604e-06
651420,0.11971830967681456,4.4540951731414434e-10,0.0,1.0999980485915566,-2.992957693038566e-06
651480,0.11971830966352906,4.451579257486199e-10,0.0,1.0999980485915575,-2.992957692705523e-06
651540,0.11971830965018761,4.448835534803277e-10,0.0,1.0999980485915584,-2.992957692373447e-06
651600,0.11971830963679012,4.445862478435065e-10,0.0,1.0999980485915593,-2.99295769204235e-06
651660,0.1197183096233365,4.442658557834799e-10,0.0,1.09999804859156,-2.992957691712248e-06
651720,0.11971830960982666,4.4392222385665637e-10,0.0,1.0999980485915608,-2.9929576913831544e-06
651780,0.11971830959626048,4.4355519823052934e-10,0.0,1.0999980485915617,-2.9929576910550833e-06
651840,0.1197183095826379,4.4316462468367696e-10,0.0,1.0999980485915626,-2.99295769072805e-06
651900,0.11971830956895883,4.427503486057624e-10,0.0,1.0999980485915632,-2.9929576904020675e-06
651960,0.11971830955522317,4.423122149975336e-10,0.0,1.0999980485915641,-2.992957690077151e-06
652020,0.11971830954143081,4.418500684708233e-10,0.0,1.099998048591565,-2.9929576897533156e-06
652080,0.11971830952758167,4.4136375324854927e-10,0.0,1.099998048591566,-2.9929576894305745e-06
652140,0.11971830951367567,4.40853113164714e-10,0.0,1.0999980485915668,-2.992957689108943e-06
652200,0.11971830949971271,4.4031799166440493e-10,0.0,1.0999980485915677,-2.9929576887884354e-06
652260,0.11971830948569269,4.397582318037943e-10,0.0,1.0999980485915686,-2.9929576884690663e-06
652320,0.11971830947161552,4.3917367625013934e-10,0.0,1.0999980485915695,-2.9929576881508504e-06
652380,0.11971830945748112,4.38564167281782e-10,0.0,1.0999980485915704,-2.9929576878338026e-06
652440,0.11971830944328937,4.3792954678814905e-10,0.0,1.0999980485915712,-2.9929576875179377e-06
652500,0.11971830942904021,4.372696562697524e-10,0.0,1.0999980485915721,-2.99295768720327e-06
652560,0.11971830941473353,4.365843368381885e-10,0.0,1.099998048591573,-2.9929576868898145e-06
652620,0.11971830940036925,4.358734292161389e-10,0.0,1.099998048591574,-2.9929576865775863e-06
652680,0.11971830938594726,4.351367737373699e-10,0.0,1.0999980485915748,-2.9929576862666e-06
652740,0.11971830937146746,4.343742103467327e-10,0.0,1.0999980485915757,-2.9929576859568704e-06
652800,0.11971830935692979,4.3358557860016334e-10,0.0,1.0999980485915766,-2.992957685648413e-06
652860,0.11971830934233413,4.3277071766468275e-10,0.0,1.0999980485915775,-2.9929576853412426e-06
652920,0.1197183093276804,4.3192946631839667e-10,0.0,1.0999980485915783,-2.992957685035374e-06
652980,0.1197183093129685,4.310616629504958e-10,0.0,1.0999980485915792,-2.9929576847308224e-06
653040,0.11971830929819834,4.3016714556125567e-10,0.0,1.0999980485915803,-2.992957684427603e-06
653100,0.11971830928336982,4.2924575176203665e-10,0.0,1.0999980485915812,-2.9929576841257317e-06
653160,0.11971830926848286,4.282973187752839e-10,0.0,1.0999980485915821,-2.992957683825222e-06
653220,0.11971830925353734,4.2732168343452764e-10,0.0,1.099998048591583,-2.992957683526091e-06
653280,0.1197183092385332,4.2631868218438273e-10,0.0,1.0999980485915841,-2.9929576832283528e-06
653340,0.11971830922347032,4.252881510805491e-10,0.0,1.099998048591585,-2.9929576829320234e-06
653400,0.11971830920834862,4.242299257898114e-10,0.0,1.099998048591586,-2.992957682637118e-06
653460,0.11971830919316802,4.2314384159003924e-10,0.0,1.099998048591587,-2.9929576823436514e-06
653520,0.11971830918168239,4.2458995009287074e-10,0.0,1.0999980485915877,-2.9929576818742444e-06
653580,0.11971830917497421,4.2930638896227513e-10,0.0,1.099998048591588,-2.992957681177757e-06
653640,0.11971830916826313,4.3403286586603416e-10,0.0,1.099998048591588,-2.992957680480095e-06
653700,0.11971830916154923,4.387693268155381e-10,0.0,1.0999980485915881,-2.9929576797812662e-06
653760,0.11971830915483256,4.4351571756700384e-10,0.0,1.0999980485915883,-2.992957679081279e-06
653820,0.1197183091481132,4.4827198362147497e-10,0.0,1.0999980485915883,-2.9929576783801407e-06
653880,0.11971830914139121,4.5303807022482377e-10,0.0,1.0999980485915886,-2.9929576776778594e-06
653940,0.11971830913466668,4.578139223677503e-10,0.0,1.0999980485915888,-2.992957676974443e-06
654000,0.11971830912793967,4.6259948478577813e-10,0.0,1.0999980485915888,-2.9929576762698996e-06
654060,0.11971830912121026,4.673947019592596e-10,0.0,1.099998048591589,-2.992957675564237e-06
654120,0.1197183091144785,4.721995181133762e-10,0.0,1.0999980485915892,-2.992957674857463e-06
654180,0.11971830910774449,4.770138772181344e-10,0.0,1.0999980485915892,-2.992957674149586e-06
654240,0.1197183091010083,4.818377229883674e-10,0.0,1.0999980485915895,-2.9929576734406143e-06
654300,0.11971830909426996,4.866709988837364e-10,0.0,1.0999980485915897,-2.9929576727305555e-06
654360,0.11971830908752959,4.91513648108732e-10,0.0,1.0999980485915897,-2.9929576720194184e-06
654420,0.11971830908078725,4.963656136126676e-10,0.0,1.09999804859159,-2.9929576713072102e-06
654480,0.11971830907404299,5.012268380896836e-10,0.0,1.0999980485915901,-2.9929576705939403e-06
654540,0.11971830906729691,5.060972639787529e-10,0.0,1.0999980485915901,-2.992957669879616e-06
654600,0.11971830906054906,5.109768334636699e-10,0.0,1.0999980485915903,-2.9929576691642457e-06
654660,0.11971830905379954,5.158654884730597e-10,0.0,1.0999980485915906,-2.992957668447838e-06
654720,0.11971830904704839,5.207631706803708e-10,0.0,1.0999980485915906,-2.992957667730401e-06
654780,0.1197183090402957,5.256698215038836e-10,0.0,1.0999980485915908,-2.9929576670119434e-06
654840,0.11971830903354155,5.305853821067006e-10,0.0,1.099998048591591,-2.992957666292473e-06
654900,0.11971830902678601,5.355097933967546e-10,0.0,1.099998048591591,-2.992957665571999e-06
654960,0.11971830902002914,5.404429960268064e-10,0.0,1.0999980485915912,-2.9929576648505292e-06
655020,0.11971830901327102,5.45384930394438e-10,0.0,1.0999980485915912,-2.992957664128073e-06
655080,0.11971830900651173,5.503355366420671e-10,0.0,1.0999980485915914,-2.992957663404637e-06
655140,0.11971830899975133,5.552947546569316e-10,0.0,1.0999980485915917,-2.992957662680232e-06
655200,0.11971830899298991,5.602625240710988e-10,0.0,1.0999980485915917,-2.9929576619548653e-06
655260,0.11971830898622754,5.652387842614632e-10,0.0,1.099998048591592,-2.992957661228546e-06
655320,0.11971830897946427,5.702234743497467e-10,0.0,1.0999980485915921,-2.9929576605012827e-06
655380,0.11971830897270021,5.752165332024987e-10,0.0,1.0999980485915921,-2.9929576597730834e-06
655440,0.11971830896593541,5.802178994310927e-10,0.0,1.0999980485915923,-2.992957659043958e-06
655500,0.11971830895916996,5.852275113917338e-10,0.0,1.0999980485915923,-2.992957658313914e-06
655560,0.11971830895240392,5.902453071854515e-10,0.0,1.0999980485915926,-2.992957657582961e-06
655620,0.11971830894563737,5.95271224658101e-10,0.0,1.0999980485915928,-2.9929576568511077e-06
655680,0.1197183089388704,6.003052014003672e-10,0.0,1.0999980485915928,-2.9929576561183624e-06
655740,0.11971830893210306,6.053471747477623e-10,0.0,1.099998048591593,-2.9929576553847344e-06
655800,0.11971830892533543,6.10397081780624e-10,0.0,1.099998048591593,-2.9929576546502328e-06
655860,0.11971830891856759,6.154548593241173e-10,0.0,1.0999980485915932,-2.9929576539148663e-06
655920,0.11971830891179962,6.205204439482333e-10,0.0,1.0999980485915934,-2.992957653178644e-06
655980,0.11971830890503159,6.255937719677929e-10,0.0,1.0999980485915934,-2.992957652441574e-06
656040,0.11971830889826358,6.306747794424431e-10,0.0,1.0999980485915937,-2.9929576517036665e-06
656100,0.11971830889149565,6.357634021766568e-10,0.0,1.0999980485915937,-2.99295765096493e-06
656160,0.1197183088847279,6.408595757197338e-10,0.0,1.099998048591594,-2.9929576502253737e-06
656220,0.1197183088779604,6.459632353658038e-10,0.0,1.0999980485915941,-2.992957649485007e-06
656280,0.1197183088711932,6.5107431615382e-10,0.0,1.0999980485915941,-2.992957648743838e-06
656340,0.1197183088644264,6.561927528675647e-10,0.0,1.0999980485915943,-2.9929576480018775e-06
656400,0.11971830885766008,6.613184800356469e-10,0.0,1.0999980485915943,-2.9929576472591334e-06
656460,0.1197183088508943,6.664514319315036e-10,0.0,1.0999980485915946,-2.992957646515615e-06
656520,0.11971830884412914,6.715915425733982e-10,0.0,1.0999980485915946,-2.9929576457713323e-06
656580,0.11971830883736469,6.767387457244187e-10,0.0,1.0999980485915948,-2.9929576450262944e-06
656640,0.119718308830601,6.818929748924844e-10,0.0,1.099998048591595,-2.99295764428051e-06
656700,0.11971830882383819,6.870541633303403e-10,0.0,1.099998048591595,-2.9929576435339892e-06
656760,0.11971830881707629,6.922222440355565e-10,0.0,1.0999980485915952,-2.992957642786741e-06
656820,0.11971830881031541,6.973971497505321e-10,0.0,1.0999980485915952,-2.992957642038775e-06
656880,0.11971830880355559,7.025788129624917e-10,0.0,1.0999980485915954,-2.9929576412901003e-06
656940,0.11971830879679696,7.077671659034899e-10,0.0,1.0999980485915954,-2.992957640540727e-06
657000,0.11971830879003956,7.129621405504062e-10,0.0,1.0999980485915957,-2.9929576397906643e-06
657060,0.11971830878328348,7.181636686249466e-10,0.0,1.0999980485915957,-2.9929576390399217e-06
657120,0.11971830877652878,7.23371681593646e-10,0.0,1.099998048591596,-2.9929576382885086e-06
657180,0.11971830876977556,7.285861106678649e-10,0.0,1.0999980485915961,-2.9929576375364352e-06
657240,0.1197183087630239,7.338068868037925e-10,0.0,1.0999980485915961,-2.9929576367837105e-06
657300,0.11971830875627386,7.390339407024427e-10,0.0,1.0999980485915963,-2.9929576360303446e-06
657360,0.11971830874952552,7.442672028096595e-10,0.0,1.0999980485915963,-2.9929576352763468e-06
657420,0.11971830874277897,7.495066033161108e-10,0.0,1.0999980485915966,-2.9929576345217272e-06
657480,0.11971830873603428,7.547520721572933e-10,0.0,1.0999980485915966,-2.9929576337664957e-06
657540,0.11971830872929154,7.600035390135324e-10,0.0,1.0999980485915968,-2.992957633010662e-06
657600,0.11971830872255082,7.652609333099766e-10,0.0,1.0999980485915968,-2.9929576322542353e-06
657660,0.11971830871581218,7.705241842166052e-10,0.0,1.099998048591597,-2.9929576314972263e-06
657720,0.11971830870907574,7.757932206482225e-10,0.0,1.099998048591597,-2.9929576307396442e-06
657780,0.11971830870234154,7.810679712644598e-10,0.0,1.0999980485915972,-2.9929576299814998e-06
657840,0.11971830869560968,7.863483644697765e-10,0.0,1.0999980485915972,-2.992957629222802e-06
657900,0.11971830868888024,7.916343284134599e-10,0.0,1.0999980485915974,-2.9929576284635617e-06
657960,0.11971830868215329,7.96925790989622e-10,0.0,1.0999980485915974,-2.9929576277037883e-06
658020,0.11971830867542892,8.022226798372041e-10,0.0,1.0999980485915977,-2.9929576269434924e-06
658080,0.1197183086687072,8.075249223399723e-10,0.0,1.0999980485915977,-2.9929576261826836e-06
658140,0.1197183086619882,8.128324456265215e-10,0.0,1.0999980485915979,-2.992957625421372e-06
658200,0.11971830865527203,8.18145176570273e-10,0.0,1.0999980485915979,-2.992957624659568e-06
658260,0.11971830864855874,8.234630417894767e-10,0.0,1.099998048591598,-2.992957623897282e-06
658320,0.11971830864184843,8.287859676472072e-10,0.0,1.099998048591598,-2.9929576231345237e-06
658380,0.11971830863514117,8.34113880251368e-10,0.0,1.0999980485915983,-2.9929576223713034e-06
658440,0.11971830862843703,8.394467054546877e-10,0.0,1.0999980485915983,-2.9929576216076317e-06
658500,0.11971830862173613,8.447843688547243e-10,0.0,1.0999980485915986,-2.9929576208435186e-06
658560,0.11971830861503852,8.501267957938617e-10,0.0,1.0999980485915986,-2.9929576200789744e-06
658620,0.11971830860834427,8.554739113593111e-10,0.0,1.0999980485915986,-2.99295761931401e-06
658680,0.11971830860165349,8.608256403831102e-10,0.0,1.0999980485915988,-2.992957618548635e-06
658740,0.11971830859496622,8.661819074421251e-10,0.0,1.0999980485915988,-2.9929576177828603e-06
658800,0.1197183085882826,8.715426368580478e-10,0.0,1.099998048591599,-2.9929576170166966e-06
658860,0.11971830858160266,8.769077526973981e-10,0.0,1.099998048591599,-2.9929576162501534e-06
658920,0.11971830857492652,8.822771787715216e-10,0.0,1.0999980485915992,-2.9929576154832425e-06
658980,0.11971830856825423,8.876508386365923e-10,0.0,1.0999980485915992,-2.9929576147159734e-06
659040,0.11971830856158588,8.930286555936118e-10,0.0,1.0999980485915994,-2.9929576139483574e-06
659100,0.11971830855492156,8.984105526884069e-10,0.0,1.0999980485915994,-2.9929576131804047e-06
659160,0.11971830854826135,9.037964527116335e-10,0.0,1.0999980485915997,-2.992957612412126e-06
659220,0.11971830854160533,9.091862781987718e-10,0.0,1.0999980485915997,-2.992957611643532e-06
659280,0.11971830853495356,9.145799514301324e-10,0.0,1.0999980485915997,-2.9929576108746332e-06
659340,0.11971830852830617,9.199773944308508e-10,0.0,1.0999980485915999,-2.992957610105441e-06
659400,0.11971830852166321,9.253785289708906e-10,0.0,1.0999980485915999,-2.9929576093359657e-06
659460,0.11971830851502475,9.307832765650416e-10,0.0,1.0999980485916,-2.9929576085662177e-06
659520,0.11971830850839091,9.361915584729228e-10,0.0,1.0999980485916,-2.9929576077962085e-06
659580,0.11971830850176175,9.41603295698977e-10,0.0,1.0999980485916003,-2.992957607025949e-06
659640,0.11971830849513736,9.470184089924755e-10,0.0,1.0999980485916003,-2.9929576062554496e-06
659700,0.1197183084885178,9.524368188475173e-10,0.0,1.0999980485916003,-2.992957605484721e-06
659760,0.1197183084819032,9.578584455030288e-10,0.0,1.0999980485916006,-2.992957604713775e-06
659820,0.11971830847529359,9.632832089427627e-10,0.0,1.0999980485916006,-2.9929576039426223e-06
659880,0.1197183084686891,9.687110288952983e-10,0.0,1.0999980485916008,-2.992957603171274e-06
659940,0.11971830846208978,9.741418248340432e-10,0.0,1.0999980485916008,-2.9929576023997404e-06
660000,0.11971830845549573,9.795755159772304e-10,0.0,1.0999980485916008,-2.9929576016280332e-06
660060,0.11971830844890703,9.850120212879225e-10,0.0,1.099998048591601,-2.9929576008561634e-06
660120,0.11971830844232376,9.904512594740062e-10,0.0,1.099998048591601,-2.9929576000841425e-06
660180,0.119718308435746,9.95893148988198e-10,0.0,1.099998048591601,-2.992957599311981e-06
660240,0.11971830842917386,1.001337608028041e-09,0.0,1.0999980485916012,-2.9929575985396905e-06
660300,0.11971830842260739,1.0067845545359025e-09,0.0,1.0999980485916012,-2.9929575977672825e-06
660360,0.11971830841604669,1.0122339061989806e-09,0.0,1.0999980485916014,-2.9929575969947677e-06
660420,0.11971830840949185,1.0176855804492978e-09,0.0,1.0999980485916014,-2.9929575962221576e-06
660480,0.11971830840294295,1.0231394944637063e-09,0.0,1.0999980485916014,-2.9929575954494636e-06
660540,0.11971830839640007,1.0285955651638826e-09,0.0,1.0999980485916017,-2.992957594676697e-06
660600,0.1197183083898633,1.0340537092163323e-09,0.0,1.0999980485916017,-2.992957593903869e-06
660660,0.11971830838333274,1.0395138430323875e-09,0.0,1.0999980485916017,-2.9929575931309917e-06
660720,0.11971830837680843,1.0449758827682076e-09,0.0,1.0999980485916019,-2.992957592358076e-06
660780,0.1197183083702905,1.0504397443247765e-09,0.0,1.0999980485916019,-2.992957591585133e-06
660840,0.11971830836377902,1.0559053433479104e-09,0.0,1.0999980485916019,-2.992957590812175e-06
660900,0.11971830835727405,1.0613725952282478e-09,0.0,1.099998048591602,-2.9929575900392135e-06
660960,0.11971830835077572,1.0668414151012566e-09,0.0,1.099998048591602,-2.9929575892662595e-06
661020,0.1197183083442841,1.0723117178472316e-09,0.0,1.0999980485916023,-2.992957588493325e-06
661080,0.11971830833779927,1.0777834180912939e-09,0.0,1.0999980485916023,-2.9929575877204214e-06
661140,0.11971830833132131,1.083256430203392e-09,0.0,1.0999980485916023,-2.992957586947561e-06
661200,0.11971830832485031,1.0887306682983018e-09,0.0,1.0999980485916026,-2.992957586174755e-06
661260,0.11971830831838637,1.0942060462356264e-09,0.0,1.0999980485916026,-2.9929575854020147e-06
661320,0.11971830831192956,1.0996824776197964e-09,0.0,1.0999980485916026,-2.9929575846293525e-06
661380,0.11971830830547997,1.1051598758000674e-09,0.0,1.0999980485916026,-2.99295758385678e-06
661440,0.11971830829903769,1.1106381538705237e-09,0.0,1.0999980485916028,-2.9929575830843094e-06
661500,0.11971830829260281,1.116117224670077e-09,0.0,1.0999980485916028,-2.9929575823119517e-06
661560,0.11971830828617541,1.1215970007824647e-09,0.0,1.0999980485916028,-2.99295758153972e-06
661620,0.11971830827975558,1.127077394536253e-09,0.0,1.099998048591603,-2.992957580767625e-06
661680,0.1197183082733434,1.1325583180048344e-09,0.0,1.099998048591603,-2.992957579995679e-06
661740,0.11971830826693897,1.1380396830064282e-09,0.0,1.099998048591603,-2.992957579223895e-06
661800,0.11971830826054236,1.1435214011040808e-09,0.0,1.0999980485916032,-2.9929575784522834e-06
661860,0.11971830825415368,1.1490033836056652e-09,0.0,1.0999980485916032,-2.9929575776808575e-06
661920,0.11971830824777299,1.1544855415638832e-09,0.0,1.0999980485916032,-2.9929575769096285e-06
661980,0.11971830824140041,1.1599677857762619e-09,0.0,1.0999980485916032,-2.9929575761386096e-06
662040,0.119718308235036,1.1654500267851566e-09,0.0,1.0999980485916034,-2.9929575753678117e-06
662100,0.11971830822867986,1.1709321748777502e-09,0.0,1.0999980485916034,-2.9929575745972476e-06
662160,0.11971830822233208,1.17641414008605e-09,0.0,1.0999980485916034,-2.9929575738269296e-06
662220,0.11971830821599275,1.1818958321868923e-09,0.0,1.0999980485916037,-2.9929575730568695e-06
662280,0.11971830820966195,1.1873771607019424e-09,0.0,1.0999980485916037,-2.99295757228708e-06
662340,0.11971830820333977,1.192858034897688e-09,0.0,1.0999980485916037,-2.992957571517573e-06
662400,0.1197183081970263,1.1983383637854485e-09,0.0,1.0999980485916037,-2.9929575707483612e-06
662460,0.11971830819072163,1.2038180561213672e-09,0.0,1.0999980485916039,-2.992957569979457e-06
662520,0.11971830818442585,1.2092970204064165e-09,0.0,1.0999980485916039,-2.9929575692108723e-06
662580,0.11971830817813903,1.2147751648863951e-09,0.0,1.0999980485916039,-2.9929575684426202e-06
662640,0.11971830817186128,1.220252397551927e-09,0.0,1.0999980485916039,-2.9929575676747125e-06
662700,0.1197183081655927,1.2257286261384671e-09,0.0,1.099998048591604,-2.9929575669071617e-06
662760,0.11971830815933336,1.2312037581262943e-09,0.0,1.099998048591604,-2.992957566139981e-06
662820,0.11971830815308335,1.2366777007405165e-09,0.0,1.099998048591604,-2.9929575653731825e-06
662880,0.11971830814684276,1.2421503609510669e-09,0.0,1.099998048591604,-2.9929575646067786e-06
662940,0.11971830814061168,1.2476216454727067e-09,0.0,1.0999980485916043,-2.992957563840782e-06
663000,0.11971830813439022,1.2530914607650241e-09,0.0,1.0999980485916043,-2.992957563075206e-06
663060,0.11971830812817844,1.2585597130324352e-09,0.0,1.0999980485916043,-2.992957562310062e-06
663120,0.11971830812197642,1.2640263082241817e-09,0.0,1.0999980485916043,-2.9929575615453635e-06
663180,0.11971830811578431,1.2694911520343333e-09,0.0,1.0999980485916043,-2.9929575607811234e-06
663240,0.11971830810960214,1.2749541499017873e-09,0.0,1.0999980485916045,-2.992957560017354e-06
663300,0.11971830810343002,1.280415207010266e-09,0.0,1.0999980485916045,-2.9929575592540687e-06
663360,0.11971830809726806,1.2858742282883204e-09,0.0,1.0999980485916045,-2.9929575584912795e-06
663420,0.11971830809111632,1.2913311184093294e-09,0.0,1.0999980485916045,-2.992957557729e-06
663480,0.11971830808497491,1.2967857817914969e-09,0.0,1.0999980485916045,-2.9929575569672423e-06
663540,0.11971830807884393,1.3022381225978552e-09,0.0,1.0999980485916048,-2.99295755620602e-06
663600,0.11971830807272343,1.3076880447362644e-09,0.0,1.0999980485916048,-2.992957555445346e-06
663660,0.11971830806661354,1.3131354518594094e-09,0.0,1.0999980485916048,-2.992957554685233e-06
663720,0.11971830806051434,1.3185802473648035e-09,0.0,1.0999980485916048,-2.9929575539256944e-06
663780,0.11971830805442592,1.3240223343947866e-09,0.0,1.0999980485916048,-2.9929575531667427e-06
663840,0.11971830804834838,1.3294616158365277e-09,0.0,1.099998048591605,-2.992957552408391e-06
663900,0.11971830804228178,1.3348979943220199e-09,0.0,1.099998048591605,-2.9929575516506533e-06
663960,0.11971830803622625,1.340331372228086e-09,0.0,1.099998048591605,-2.9929575508935418e-06
664020,0.11971830803018188,1.3457616516763742e-09,0.0,1.099998048591605,-2.9929575501370698e-06
664080,0.11971830802414873,1.3511887345333595e-09,0.0,1.099998048591605,-2.992957549381251e-06
664140,0.11971830801812693,1.3566125224103456e-09,0.0,1.099998048591605,-2.9929575486260977e-06
664200,0.11971830801211653,1.3620329166634624e-09,0.0,1.0999980485916052,-2.9929575478716242e-06
664260,0.11971830800611766,1.367449818393666e-09,0.0,1.0999980485916052,-2.9929575471178433e-06
664320,0.11971830800013039,1.3728631284467414e-09,0.0,1.0999980485916052,-2.9929575463647683e-06
664380,0.11971830799415482,1.3782727474133e-09,0.0,1.0999980485916052,-2.992957545612413e-06
664440,0.11971830798819105,1.3836785756287794e-09,0.0,1.0999980485916052,-2.99295754486079e-06
664500,0.11971830798223917,1.3890805131734444e-09,0.0,1.0999980485916052,-2.9929575441099132e-06
664560,0.11971830797629927,1.3944784598723893e-09,0.0,1.0999980485916052,-2.992957543359796e-06
664620,0.11971830797037143,1.399872315295532e-09,0.0,1.0999980485916054,-2.9929575426104523e-06
664680,0.11971830796445578,1.4052619787576195e-09,0.0,1.0999980485916054,-2.9929575418618946e-06
664740,0.11971830795855237,1.4106473493182256e-09,0.0,1.0999980485916054,-2.9929575411141373e-06
664800,0.11971830795266131,1.4160283257817514e-09,0.0,1.0999980485916054,-2.9929575403671936e-06
664860,0.1197183079467827,1.4214048066974233e-09,0.0,1.0999980485916054,-2.9929575396210774e-06
664920,0.11971830794091663,1.4267766903592982e-09,0.0,1.0999980485916054,-2.992957538875802e-06
664980,0.1197183079350632,1.432143874806257e-09,0.0,1.0999980485916054,-2.9929575381313815e-06
665040,0.1197183079292225,1.4375062578220093e-09,0.0,1.0999980485916054,-2.992957537387829e-06
665100,0.1197183079233946,1.4428637369350905e-09,0.0,1.0999980485916054,-2.9929575366451584e-06
665160,0.11971830791757965,1.4482162094188647e-09,0.0,1.0999980485916057,-2.992957535903384e-06
665220,0.11971830791177768,1.453563572291522e-09,0.0,1.0999980485916057,-2.992957535162519e-06
665280,0.11971830790598884,1.458905722316079e-09,0.0,1.0999980485916057,-2.9929575344225774e-06
665340,0.11971830790021318,1.4642425560003815e-09,0.0,1.0999980485916057,-2.9929575336835734e-06
665400,0.11971830789445081,1.4695739695971008e-09,0.0,1.0999980485916057,-2.99295753294552e-06
665460,0.11971830788870184,1.474899859103735e-09,0.0,1.0999980485916057,-2.992957532208432e-06
665520,0.11971830788296636,1.4802201202626104e-09,0.0,1.0999980485916057,-2.992957531472323e-06
665580,0.11971830787724445,1.4855346485608796e-09,0.0,1.0999980485916057,-2.9929575307372074e-06
665640,0.11971830787153621,1.4908433392305227e-09,0.0,1.0999980485916057,-2.9929575300030983e-06
665700,0.11971830786584176,1.4961460872483467e-09,0.0,1.0999980485916057,-2.9929575292700104e-06
665760,0.11971830786016116,1.5014427873359854e-09,0.0,1.0999980485916057,-2.992957528537958e-06
665820,0.11971830785449453,1.5067333339599005e-09,0.0,1.0999980485916057,-2.9929575278069545e-06
665880,0.11971830784884194,1.5120176213313795e-09,0.0,1.0999980485916057,-2.992957527077014e-06
665940,0.11971830784320352,1.5172955434065385e-09,0.0,1.0999980485916057,-2.992957526348152e-06
666000,0.11971830783757934,1.52256699388632e-09,0.0,1.0999980485916057,-2.992957525620381e-06
666060,0.11971830783196949,1.5278318662164926e-09,0.0,1.0999980485916059,-2.9929575248937164e-06
666120,0.1197183078263741,1.5330900535876543e-09,0.0,1.0999980485916059,-2.9929575241681717e-06
666180,0.11971830782079325,1.5383414489352272e-09,0.0,1.0999980485916059,-2.992957523443762e-06
666240,0.11971830781522702,1.5435859449394633e-09,0.0,1.0999980485916059,-2.992957522720501e-06
666300,0.11971830780967552,1.5488234340254403e-09,0.0,1.0999980485916059,-2.9929575219984028e-06
666360,0.11971830780413885,1.5540538083630621e-09,0.0,1.0999980485916059,-2.9929575212774824e-06
666420,0.11971830779861711,1.5592769598670627e-09,0.0,1.0999980485916059,-2.9929575205577543e-06
666480,0.11971830779311038,1.5644927801969989e-09,0.0,1.0999980485916059,-2.9929575198392323e-06
666540,0.11971830778761877,1.5697011607572589e-09,0.0,1.0999980485916059,-2.9929575191219314e-06
666600,0.11971830778214237,1.5749019926970542e-09,0.0,1.0999980485916059,-2.9929575184058662e-06
666660,0.1197183077766813,1.580095166910427e-09,0.0,1.0999980485916059,-2.9929575176910505e-06
666720,0.11971830777123563,1.5852805740362435e-09,0.0,1.0999980485916059,-2.9929575169774998e-06
666780,0.11971830776580546,1.5904581044581978e-09,0.0,1.0999980485916059,-2.992957516265228e-06
666840,0.1197183077603909,1.5956276483048134e-09,0.0,1.0999980485916059,-2.99295751555425e-06
666900,0.11971830775499204,1.600789095449437e-09,0.0,1.0999980485916059,-2.992957514844581e-06
666960,0.11971830774960898,1.605942335510246e-09,0.0,1.0999980485916059,-2.992957514136235e-06
667020,0.11971830774424183,1.6110872578502414e-09,0.0,1.0999980485916059,-2.9929575134292267e-06
667080,0.11971830773889067,1.6162237515772552e-09,0.0,1.0999980485916059,-2.9929575127235707e-06
667140,0.1197183077335556,1.6213517055439428e-09,0.0,1.0999980485916059,-2.9929575120192827e-06
667200,0.11971830772823672,1.6264710083477893e-09,0.0,1.0999980485916059,-2.9929575113163767e-06
667260,0.11971830772293414,1.6315815483311056e-09,0.0,1.0999980485916059,-2.992957510614868e-06
667320,0.11971830771764795,1.63668321358103e-09,0.0,1.0999980485916059,-2.9929575099147713e-06
667380,0.11971830771237825,1.6417758919295276e-09,0.0,1.0999980485916057,-2.9929575092161017e-06
667440,0.11971830770712513,1.6468594709533912e-09,0.0,1.0999980485916057,-2.9929575085188737e-06
667500,0.11971830770188871,1.6519338379742405e-09,0.0,1.0999980485916057,-2.9929575078231027e-06
667560,0.11971830769666907,1.6569988800585213e-09,0.0,1.0999980485916057,-2.9929575071288037e-06
667620,0.11971830769146631,1.662054484017508e-09,0.0,1.0999980485916057,-2.9929575064359914e-06
667680,0.11971830768628054,1.6671005364073016e-09,0.0,1.0999980485916057,-2.992957505744681e-06
667740,0.11971830768111186,1.6721369235288295e-09,0.0,1.0999980485916057,-2.992957505054888e-06
667800,0.11971830767596037,1.6771635314278467e-09,0.0,1.0999980485916057,-2.992957504366627e-06
667860,0.11971830767082614,1.6821802458949352e-09,0.0,1.0999980485916057,-2.9929575036799134e-06
667920,0.11971830766570932,1.6871869524655042e-09,0.0,1.0999980485916057,-2.9929575029947625e-06
667980,0.11971830766060997,1.6921835364197897e-09,0.0,1.0999980485916057,-2.9929575023111895e-06
668040,0.11971830765552821,1.6971698827828555e-09,0.0,1.0999980485916057,-2.9929575016292094e-06
668100,0.11971830765046412,1.7021458763245917e-09,0.0,1.0999980485916057,-2.9929575009488374e-06
668160,0.11971830764541784,1.7071114015597156e-09,0.0,1.0999980485916057,-2.9929575002700895e-06
668220,0.11971830764038943,1.7120663427477717e-09,0.0,1.0999980485916054,-2.9929574995929807e-06
668280,0.11971830763537901,1.717010583893132e-09,0.0,1.0999980485916054,-2.992957498917526e-06
668340,0.11971830763038668,1.7219440087449948e-09,0.0,1.0999980485916054,-2.9929574982437415e-06
668400,0.11971830762541254,1.7268665007973866e-09,0.0,1.0999980485916054,-2.992957497571642e-06
668460,0.11971830762045668,1.7317779432891593e-09,0.0,1.0999980485916054,-2.9929574969012434e-06
668520,0.11971830761551921,1.7366782192039935e-09,0.0,1.0999980485916054,-2.992957496232561e-06
668580,0.11971830761060023,1.741567211270396e-09,0.0,1.0999980485916054,-2.9929574955656105e-06
668640,0.11971830760569986,1.746444801961701e-09,0.0,1.0999980485916054,-2.992957494900407e-06
668700,0.11971830760081817,1.7513108734960697e-09,0.0,1.0999980485916054,-2.9929574942369674e-06
668760,0.11971830759595528,1.756165307836491e-09,0.0,1.0999980485916052,-2.992957493575306e-06
668820,0.11971830759111128,1.761007986690779e-09,0.0,1.0999980485916052,-2.9929574929154384e-06
668880,0.1197183075862863,1.765838791511577e-09,0.0,1.0999980485916052,-2.992957492257381e-06
668940,0.1197183075814804,1.7706576034963545e-09,0.0,1.0999980485916052,-2.9929574916011495e-06
669000,0.11971830757669372,1.775464303587408e-09,0.0,1.0999980485916052,-2.9929574909467598e-06
669060,0.11971830757192634,1.780258772471861e-09,0.0,1.0999980485916052,-2.9929574902942268e-06
669120,0.11971830756717837,1.7850408905816646e-09,0.0,1.0999980485916052,-2.992957489643567e-06
669180,0.1197183075624499,1.7898105380935968e-09,0.0,1.099998048591605,-2.9929574889947965e-06
669240,0.11971830755774106,1.7945675949292623e-09,0.0,1.099998048591605,-2.9929574883479306e-06
669300,0.11971830755305193,1.799311940755093e-09,0.0,1.099998048591605,-2.9929574877029853e-06
669360,0.11971830754838261,1.8040434549823485e-09,0.0,1.099998048591605,-2.9929574870599767e-06
669420,0.11971830754373324,1.8087620167671147e-09,0.0,1.099998048591605,-2.9929574864189206e-06
669480,0.11971830753910387,1.8134675050103051e-09,0.0,1.099998048591605,-2.9929574857798334e-06
669540,0.11971830753449464,1.8181597983576598e-09,0.0,1.0999980485916048,-2.992957485142731e-06
669600,0.11971830752990563,1.8228387751997464e-09,0.0,1.0999980485916048,-2.9929574845076293e-06
669660,0.11971830752533696,1.8275043136719595e-09,0.0,1.0999980485916048,-2.9929574838745446e-06
669720,0.11971830752078874,1.8321562916545215e-09,0.0,1.0999980485916048,-2.9929574832434928e-06
669780,0.11971830751626106,1.8367945867724794e-09,0.0,1.0999980485916048,-2.99295748261449e-06
669840,0.11971830751175402,1.8414190763957099e-09,0.0,1.0999980485916045,-2.992957481987553e-06
669900,0.11971830750726774,1.8460296376389163e-09,0.0,1.0999980485916045,-2.992957481362697e-06
669960,0.11971830750280231,1.850626147361628e-09,0.0,1.0999980485916045,-2.992957480739939e-06
670020,0.11971830749835784,1.8552084821682026e-09,0.0,1.0999980485916045,-2.9929574801192956e-06
670080,0.11971830749393443,1.8597765184078235e-09,0.0,1.0999980485916045,-2.9929574795007824e-06
670140,0.1197183074895322,1.864330132174502e-09,0.0,1.0999980485916043,-2.992957478884416e-06
670200,0.11971830748515123,1.8688691993070776e-09,0.0,1.0999980485916043,-2.992957478270213e-06
670260,0.11971830748079165,1.8733935953892144e-09,0.0,1.0999980485916043,-2.9929574776581893e-06
670320,0.11971830747645354,1.877903195749405e-09,0.0,1.0999980485916043,-2.992957477048362e-06
670380,0.11971830747213702,1.8823978754609693e-09,0.0,1.099998048591604,-2.9929574764407467e-06
670440,0.1197183074678422,1.8868775093420542e-09,0.0,1.099998048591604,-2.992957475835361e-06
670500,0.11971830746356918,1.891341971955633e-09,0.0,1.099998048591604,-2.9929574752322204e-06
670560,0.11971830745931805,1.8957911376095066e-09,0.0,1.099998048591604,-2.9929574746313424e-06
670620,0.11971830745508895,1.9002248803563028e-09,0.0,1.0999980485916039,-2.992957474032743e-06
670680,0.11971830745088194,1.9046430739934766e-09,0.0,1.0999980485916039,-2.992957473436439e-06
670740,0.11971830744669716,1.9090455920633104e-09,0.0,1.0999980485916039,-2.992957472842447e-06
670800,0.11971830744253471,1.9134323078529128e-09,0.0,1.0999980485916039,-2.992957472250784e-06
670860,0.11971830743839469,1.9178030943942205e-09,0.0,1.0999980485916037,-2.9929574716614658e-06
670920,0.11971830743427721,1.922157824463997e-09,0.0,1.0999980485916037,-2.9929574710745105e-06
670980,0.11971830743018237,1.9264963705838316e-09,0.0,1.0999980485916037,-2.992957470489934e-06
671040,0.11971830742611028,1.930818605020143e-09,0.0,1.0999980485916034,-2.992957469907753e-06
671100,0.11971830742206106,1.935124399784175e-09,0.0,1.0999980485916034,-2.9929574693279853e-06
671160,0.1197183074180348,1.939413626631999e-09,0.0,1.0999980485916034,-2.992957468750647e-06
671220,0.1197183074140316,1.943686157064515e-09,0.0,1.0999980485916034,-2.992957468175755e-06
671280,0.11971830741005159,1.9479418623274482e-09,0.0,1.0999980485916032,-2.9929574676033263e-06
671340,0.11971830740609485,1.9521806134113505e-09,0.0,1.0999980485916032,-2.992957467033378e-06
671400,0.11971830740216151,1.9564022810516036e-09,0.0,1.0999980485916032,-2.9929574664659275e-06
671460,0.11971830739825166,1.960606735728413e-09,0.0,1.099998048591603,-2.9929574659009912e-06
671520,0.11971830739436543,1.964793847666814e-09,0.0,1.099998048591603,-2.9929574653385868e-06
671580,0.1197183073905029,1.968963486836667e-09,0.0,1.099998048591603,-2.9929574647787306e-06
671640,0.11971830738666421,1.973115522952661e-09,0.0,1.0999980485916028,-2.99295746422144e-06
671700,0.11971830738284944,1.977249825474311e-09,0.0,1.0999980485916028,-2.9929574636667326e-06
671760,0.1197183073790587,1.9813662636059595e-09,0.0,1.0999980485916028,-2.9929574631146255e-06
671820,0.11971830737529211,1.9854647062967765e-09,0.0,1.0999980485916026,-2.9929574625651353e-06
671880,0.11971830737154977,1.989545022240758e-09,0.0,1.0999980485916026,-2.99295746201828e-06
671940,0.1197183073678318,1.993607079876728e-09,0.0,1.0999980485916026,-2.9929574614740764e-06
672000,0.1197183073641383,1.997650747388337e-09,0.0,1.0999980485916023,-2.992957460932542e-06
672060,0.11971830736046936,2.001675892704064e-09,0.0,1.0999980485916023,-2.9929574603936944e-06
672120,0.11971830735682512,2.005682383497213e-09,0.0,1.0999980485916023,-2.9929574598575505e-06
672180,0.11971830735320567,2.009670087185916e-09,0.0,1.099998048591602,-2.9929574593241277e-06
672240,0.11971830734961113,2.0136388709331327e-09,0.0,1.099998048591602,-2.992957458793444e-06
672300,0.11971830734604161,2.0175886016466492e-09,0.0,1.099998048591602,-2.9929574582655165e-06
672360,0.1197183073424972,2.0215191459790788e-09,0.0,1.0999980485916019,-2.992957457740363e-06
672420,0.11971830733897802,2.0254303703278616e-09,0.0,1.0999980485916019,-2.992957457218e-06
672480,0.11971830733548418,2.0293221408352653e-09,0.0,1.0999980485916017,-2.9929574566984467e-06
672540,0.1197183073320158,2.0331943233883844e-09,0.0,1.0999980485916017,-2.9929574561817197e-06
672600,0.11971830732857297,2.037046783619141e-09,0.0,1.0999980485916017,-2.9929574556678367e-06
672660,0.11971830732515581,2.0408793869042832e-09,0.0,1.0999980485916014,-2.9929574551568154e-06
672720,0.11971830732176444,2.044691998365388e-09,0.0,1.0999980485916014,-2.9929574546486735e-06
672780,0.11971830731839896,2.0484844828688564e-09,0.0,1.0999980485916012,-2.992957454143429e-06
672840,0.11971830731505946,2.0522567050259195e-09,0.0,1.0999980485916012,-2.9929574536410994e-06
672900,0.11971830731174608,2.0560085291926346e-09,0.0,1.0999980485916012,-2.9929574531417024e-06
672960,0.11971830730845893,2.0597398194698858e-09,0.0,1.099998048591601,-2.992957452645256e-06
673020,0.1197183073051981,2.0634504397033836e-09,0.0,1.099998048591601,-2.992957452151778e-06
673080,0.11971830730196371,2.067140253483667e-09,0.0,1.0999980485916008,-2.992957451661286e-06
673140,0.11971830729875588,2.070809124146102e-09,0.0,1.0999980485916008,-2.9929574511737988e-06
673200,0.1197183072955747,2.074456914770879e-09,0.0,1.0999980485916008,-2.992957450689333e-06
673260,0.1197183072924203,2.07808348818302e-09,0.0,1.0999980485916006,-2.9929574502079076e-06
673320,0.1197183072892928,2.0816887069523704e-09,0.0,1.0999980485916006,-2.9929574497295407e-06
673380,0.11971830728619227,2.0852724333936036e-09,0.0,1.0999980485916003,-2.9929574492542493e-06
673440,0.11971830728311886,2.0888345295662218e-09,0.0,1.0999980485916003,-2.9929574487820526e-06
673500,0.11971830728007266,2.092374857274551e-09,0.0,1.0999980485916,-2.992957448312968e-06
673560,0.11971830727705379,2.0958932780677483e-09,0.0,1.0999980485916,-2.9929574478470138e-06
673620,0.11971830727406238,2.0993896532397943e-09,0.0,1.0999980485915999,-2.992957447384208e-06
673680,0.1197183072710985,2.102863843829499e-09,0.0,1.0999980485915999,-2.9929574469245695e-06
673740,0.1197183072681623,2.106315710620498e-09,0.0,1.0999980485915997,-2.9929574464681157e-06
673800,0.11971830726525387,2.1097451141412545e-09,0.0,1.0999980485915997,-2.992957446014865e-06
673860,0.11971830726237334,2.11315191466506e-09,0.0,1.0999980485915997,-2.992957445564836e-06
673920,0.1197183072595208,2.116535972210031e-09,0.0,1.0999980485915994,-2.992957445118047e-06
673980,0.11971830725669638,2.1198971465391123e-09,0.0,1.0999980485915994,-2.9929574446745162e-06
674040,0.11971830725390019,2.123235297160076e-09,0.0,1.0999980485915992,-2.992957444234262e-06
674100,0.11971830725113233,2.1265502833255207e-09,0.0,1.0999980485915992,-2.9929574437973027e-06
674160,0.11971830724839293,2.1298419640328717e-09,0.0,1.099998048591599,-2.992957443363657e-06
674220,0.1197183072456821,2.133110198024382e-09,0.0,1.099998048591599,-2.992957442933343e-06
674280,0.11971830724299994,2.1363548437871323e-09,0.0,1.0999980485915988,-2.9929574425063796e-06
674340,0.11971830724034657,2.1395757595530295e-09,0.0,1.0999980485915988,-2.9929574420827847e-06
674400,0.11971830723772212,2.142772803298807e-09,0.0,1.0999980485915986,-2.992957441662578e-06
674460,0.11971830723512666,2.1459458327460273e-09,0.0,1.0999980485915986,-2.9929574412457773e-06
674520,0.11971830723256036,2.149094705361078e-09,0.0,1.0999980485915983,-2.992957440832401e-06
674580,0.11971830723002329,2.152219278355174e-09,0.0,1.0999980485915983,-2.9929574404224684e-06
674640,0.11971830722751559,2.155319408684359e-09,0.0,1.099998048591598,-2.9929574400159977e-06
674700,0.11971830722503735,2.1583949530495014e-09,0.0,1.0999980485915979,-2.992957439613008e-06
674760,0.11971830722258871,2.1614457678962987e-09,0.0,1.0999980485915979,-2.9929574392135182e-06
674820,0.11971830722016975,2.1644717094152743e-09,0.0,1.0999980485915977,-2.9929574388175464e-06
674880,0.11971830721778064,2.1674726335417794e-09,0.0,1.0999980485915977,-2.992957438425112e-06
674940,0.11971830721542143,2.1704483959559917e-09,0.0,1.0999980485915974,-2.992957438036233e-06
675000,0.11971830721309228,2.173398852082916e-09,0.0,1.0999980485915974,-2.9929574376509296e-06
675060,0.11971830721079328,2.1763238570923845e-09,0.0,1.0999980485915972,-2.9929574372692197e-06
675120,0.11971830720852457,2.179223265899057e-09,0.0,1.0999980485915972,-2.992957436891123e-06
675180,0.11971830720628623,2.182096933162419e-09,0.0,1.099998048591597,-2.9929574365166576e-06
675240,0.1197183072040784,2.1849447132867838e-09,0.0,1.0999980485915968,-2.992957436145843e-06
675300,0.1197183072019012,2.187766460421292e-09,0.0,1.0999980485915968,-2.992957435778698e-06
675360,0.11971830719975472,2.1905620284599114e-09,0.0,1.0999980485915966,-2.992957435415242e-06
675420,0.1197183071976391,2.1933312710414365e-09,0.0,1.0999980485915966,-2.9929574350554945e-06
675480,0.11971830719555444,2.196074041549489e-09,0.0,1.0999980485915963,-2.9929574346994734e-06
675540,0.11971830719350086,2.198790193112517e-09,0.0,1.0999980485915963,-2.9929574343471987e-06
675600,0.11971830719147848,2.2014795786037972e-09,0.0,1.0999980485915961,-2.9929574339986896e-06
675660,0.11971830718948742,2.2041420506414327e-09,0.0,1.099998048591596,-2.992957433653965e-06
675720,0.11971830718752778,2.2067774615883526e-09,0.0,1.099998048591596,-2.992957433313044e-06
675780,0.11971830718559968,2.2093856635523144e-09,0.0,1.0999980485915957,-2.9929574329759464e-06
675840,0.11971830718370326,2.2119665083859023e-09,0.0,1.0999980485915954,-2.9929574326426915e-06
675900,0.11971830718183861,2.214519847686528e-09,0.0,1.0999980485915954,-2.992957432313298e-06
675960,0.11971830718000584,2.217045532796429e-09,0.0,1.0999980485915952,-2.9929574319877864e-06
676020,0.1197183071782051,2.2195434148026715e-09,0.0,1.0999980485915952,-2.992957431666175e-06
676080,0.11971830717643647,2.2220133445371475e-09,0.0,1.099998048591595,-2.9929574313484836e-06
676140,0.1197183071747001,2.224455172576577e-09,0.0,1.0999980485915948,-2.992957431034732e-06
676200,0.11971830717299609,2.226868749242506e-09,0.0,1.0999980485915948,-2.992957430724939e-06
676260,0.11971830717132455,2.229253924601309e-09,0.0,1.0999980485915946,-2.992957430419125e-06
676320,0.11971830716968561,2.2316105484641867e-09,0.0,1.0999980485915943,-2.992957430117309e-06
676380,0.11971830716807938,2.2339384703871667e-09,0.0,1.0999980485915943,-2.9929574298195108e-06
676440,0.11971830716650599,2.2362375396711046e-09,0.0,1.0999980485915941,-2.99295742952575e-06
676500,0.11971830716496554,2.238507605361682e-09,0.0,1.099998048591594,-2.992957429236046e-06
676560,0.11971830716345815,2.2407485162494086e-09,0.0,1.099998048591594,-2.992957428950419e-06
676620,0.11971830716198395,2.24296012086962e-09,0.0,1.0999980485915937,-2.992957428668888e-06
676680,0.11971830716054306,2.24514226750248e-09,0.0,1.0999980485915934,-2.9929574283914738e-06
676740,0.11971830715913558,2.247294804172979e-09,0.0,1.0999980485915934,-2.992957428118195e-06
676800,0.11971830715776165,2.249417578650934e-09,0.0,1.0999980485915932,-2.9929574278490724e-06
676860,0.11971830715642136,2.2515104384509907e-09,0.0,1.099998048591593,-2.992957427584125e-06
676920,0.11971830715511486,2.25357323083262e-09,0.0,1.099998048591593,-2.9929574273233737e-06
676980,0.11971830715384225,2.2556058028001203e-09,0.0,1.0999980485915928,-2.9929574270668375e-06
677040,0.11971830715260365,2.2576080011026187e-09,0.0,1.0999980485915926,-2.992957426814537e-06
677100,0.11971830715139918,2.259579672234067e-09,0.0,1.0999980485915926,-2.9929574265664913e-06
677160,0.11971830715022896,2.2615206624332456e-09,0.0,1.0999980485915923,-2.992957426322721e-06
677220,0.11971830714909312,2.2634308176837618e-09,0.0,1.0999980485915921,-2.9929574260832463e-06
677280,0.11971830714799177,2.26530998371405e-09,0.0,1.099998048591592,-2.992957425848087e-06
677340,0.11971830714692502,2.2671580059973705e-09,0.0,1.099998048591592,-2.992957425617263e-06
677400,0.119718307145893,2.2689747297518128e-09,0.0,1.0999980485915917,-2.9929574253907948e-06
677460,0.11971830714489583,2.2707599999402918e-09,0.0,1.0999980485915914,-2.9929574251687023e-06
677520,0.11971830714393362,2.2725136612705496e-09,0.0,1.0999980485915914,-2.992957424951006e-06
677580,0.1197183071430065,2.2742355581951567e-09,0.0,1.0999980485915912,-2.992957424737726e-06
677640,0.1197183071421146,2.2759255349115095e-09,0.0,1.099998048591591,-2.9929574245288824e-06
677700,0.119718307141258,2.2775834353618316e-09,0.0,1.0999980485915908,-2.9929574243244955e-06
677760,0.11971830714043687,2.2792091032331737e-09,0.0,1.0999980485915908,-2.9929574241245855e-06
677820,0.1197183071396513,2.2808023819574142e-09,0.0,1.0999980485915906,-2.992957423929173e-06
677880,0.11971830713890141,2.282363114711258e-09,0.0,1.0999980485915903,-2.9929574237382784e-06
677940,0.11971830713818735,2.283891144416237e-09,0.0,1.0999980485915901,-2.992957423551922e-06
678000,0.11971830713750921,2.2853863137387104e-09,0.0,1.0999980485915901,-2.992957423370124e-06
678060,0.11971830713686711,2.286848465089865e-09,0.0,1.09999804859159,-2.992957423192905e-06
678120,0.11971830713626119,2.288277440625713e-09,0.0,1.0999980485915897,-2.9929574230202862e-06
678180,0.11971830713569157,2.289673082247096e-09,0.0,1.0999980485915895,-2.992957422852287e-06
678240,0.11971830713515835,2.2910352315996817e-09,0.0,1.0999980485915892,-2.992957422688929e-06
678300,0.11971830713466167,2.2923637300739636e-09,0.0,1.0999980485915892,-2.992957422530232e-06
678360,0.11971830713420165,2.2936584188052643e-09,0.0,1.099998048591589,-2.9929574223762168e-06
678420,0.1197183071337784,2.294919138673732e-09,0.0,1.0999980485915888,-2.9929574222269044e-06
678480,0.11971830713339206,2.296145730304343e-09,0.0,1.0999980485915886,-2.9929574220823154e-06
678540,0.11971830713304274,2.2973380340669e-09,0.0,1.0999980485915886,-2.99295742194247e-06
678600,0.11971830713273056,2.2984958900760336e-09,0.0,1.0999980485915883,-2.9929574218073897e-06
678660,0.11971830713245565,2.2996191381912e-09,0.0,1.0999980485915881,-2.9929574216770944e-06
678720,0.11971830713221812,2.300707618016684e-09,0.0,1.099998048591588,-2.992957421551606e-06
678780,0.11971830713201811,2.3017611689015965e-09,0.0,1.0999980485915877,-2.9929574214309445e-06
678840,0.11971830713185573,2.3027796299398764e-09,0.0,1.0999980485915875,-2.992957421315131e-06
678900,0.11971830713173111,2.303762839970289e-09,0.0,1.0999980485915875,-2.9929574212041866e-06
678960,0.11971830713164436,2.3047106375764265e-09,0.0,1.0999980485915872,-2.992957421098132e-06
679020,0.1197183071315956,2.305622861086709e-09,0.0,1.099998048591587,-2.9929574209969884e-06
679080,0.11971830713158499,2.306499348574383e-09,0.0,1.0999980485915868,-2.992957420900777e-06
679140,0.11971830713161262,2.3073399378575217e-09,0.0,1.0999980485915866,-2.992957420809518e-06
679200,0.11971830713167861,2.308144466499027e-09,0.0,1.0999980485915863,-2.992957420723233e-06
679260,0.1197183071317831,2.308912771806626e-09,0.0,1.0999980485915863,-2.992957420641943e-06
679320,0.1197183071319262,2.3096446908328744e-09,0.0,1.0999980485915861,-2.9929574205656695e-06
679380,0.11971830713210806,2.310340060375154e-09,0.0,1.099998048591586,-2.992957420494433e-06
679440,0.11971830713232877,2.310998716975674e-09,0.0,1.0999980485915857,-2.9929574204282553e-06
679500,0.11971830713258846,2.3116204969214712e-09,0.0,1.0999980485915855,-2.992957420367157e-06
679560,0.11971830713288728,2.312205236244408e-09,0.0,1.0999980485915852,-2.99295742031116e-06
679620,0.11971830713322533,2.312752770721176e-09,0.0,1.099998048591585,-2.9929574202602857e-06
679680,0.11971830713360274,2.3132629358732913e-09,0.0,1.0999980485915848,-2.9929574202145544e-06
679740,0.11971830713401962,2.3137355669671e-09,0.0,1.0999980485915848,-2.992957420173988e-06
679800,0.11971830713447613,2.314170499013773e-09,0.0,1.0999980485915846,-2.992957420138608e-06
679860,0.11971830713497236,2.314567566769309e-09,0.0,1.0999980485915843,-2.992957420108436e-06
679920,0.11971830713550846,2.3149266047345346e-09,0.0,1.0999980485915841,-2.992957420083493e-06
679980,0.11971830713608454,2.3152474471551024e-09,0.0,1.099998048591584,-2.9929574200638003e-06
680040,0.11971830713670073,2.3155299280214924e-09,0.0,1.0999980485915837,-2.99295742004938e-06
680100,0.11971830713735715,2.3157738810690115e-09,0.0,1.0999980485915835,-2.9929574200402532e-06
680160,0.11971830713805393,2.3159791397777945e-09,0.0,1.0999980485915832,-2.992957420036442e-06
680220,0.11971830713879118,2.3161455373728017e-09,0.0,1.099998048591583,-2.992957420037967e-06
680280,0.11971830713956906,2.3162729068238223e-09,0.0,1.0999980485915828,-2.992957420044851e-06
680340,0.11971830714038767,2.316361080845472e-09,0.0,1.0999980485915826,-2.9929574200571147e-06
680400,0.11971830714124714,2.316409891897193e-09,0.0,1.0999980485915823,-2.9929574200747804e-06
680460,0.1197183071421476,2.3164191721832543e-09,0.0,1.0999980485915823,-2.9929574200978697e-06
680520,0.11971830714308916,2.3163887536527536e-09,0.0,1.0999980485915821,-2.992957420126404e-06
680580,0.11971830714407196,2.316318467999614e-09,0.0,1.099998048591582,-2.9929574201604053e-06
680640,0.11971830714509613,2.316208146662587e-09,0.0,1.0999980485915817,-2.9929574201998956e-06
680700,0.11971830714616179,2.31605762082525e-09,0.0,1.0999980485915815,-2.9929574202448964e-06
680760,0.11971830714726907,2.3158667214160088e-09,0.0,1.0999980485915812,-2.99295742029543e-06
680820,0.1197183071484181,2.3156352791080947e-09,0.0,1.099998048591581,-2.992957420351518e-06
680880,0.11971830714960897,2.3153631243195673e-09,0.0,1.0999980485915808,-2.992957420413182e-06
680940,0.11971830715084188,2.315050087213313e-09,0.0,1.0999980485915806,-2.992957420480445e-06
681000,0.11971830715211688,2.3146959976970446e-09,0.0,1.0999980485915803,-2.9929574205533278e-06
681060,0.11971830715343415,2.3143006854233033e-09,0.0,1.0999980485915801,-2.9929574206318532e-06
681120,0.1197183071547938,2.313863979789457e-09,0.0,1.09999804859158,-2.992957420716043e-06
681180,0.11971830715619594,2.313385709937699e-09,0.0,1.0999980485915797,-2.9929574208059193e-06
681240,0.11971830715764073,2.312865704755052e-09,0.0,1.0999980485915795,-2.9929574209015045e-06
681300,0.11971830715912826,2.3123037928733646e-09,0.0,1.0999980485915792,-2.99295742100282e-06
681360,0.1197183071606587,2.311699802669313e-09,0.0,1.099998048591579,-2.992957421109889e-06
681420,0.11971830716223215,2.3110535622643994e-09,0.0,1.0999980485915788,-2.9929574212227332e-06
681480,0.11971830716384874,2.3103648995249545e-09,0.0,1.0999980485915786,-2.9929574213413746e-06
681540,0.1197183071655086,2.309633642062135e-09,0.0,1.0999980485915783,-2.992957421465836e-06
681600,0.11971830716721187,2.3088596172319255e-09,0.0,1.0999980485915781,-2.9929574215961392e-06
681660,0.11971830716895866,2.3080426521351375e-09,0.0,1.099998048591578,-2.992957421732307e-06
681720,0.11971830717074912,2.307182573617409e-09,0.0,1.0999980485915777,-2.9929574218743616e-06
681780,0.11971830717258335,2.3062792082692052e-09,0.0,1.0999980485915775,-2.9929574220223256e-06
681840,0.1197183071744615,2.305332382425819e-09,0.0,1.0999980485915772,-2.992957422176221e-06
681900,0.1197183071763837,2.3043419221673706e-09,0.0,1.099998048591577,-2.9929574223360704e-06
681960,0.11971830717835007,2.303307653318806e-09,0.0,1.0999980485915768,-2.992957422501896e-06
682020,0.11971830718036072,2.302229401449899e-09,0.0,1.0999980485915766,-2.9929574226737214e-06
682080,0.11971830718241583,2.301106991875251e-09,0.0,1.0999980485915763,-2.9929574228515683e-06
682140,0.11971830718451548,2.2999402496542897e-09,0.0,1.0999980485915761,-2.992957423035459e-06
682200,0.11971830718665982,2.29872899959127e-09,0.0,1.0999980485915757,-2.9929574232254173e-06
682260,0.11971830718884899,2.297473066235274e-09,0.0,1.0999980485915755,-2.9929574234214648e-06
682320,0.1197183071910831,2.296172273880212e-09,0.0,1.0999980485915752,-2.9929574236236244e-06
682380,0.1197183071933623,2.2948264465648187e-09,0.0,1.099998048591575,-2.992957423831919e-06
682440,0.11971830719568669,2.2934354080726583e-09,0.0,1.0999980485915748,-2.9929574240463714e-06
682500,0.11971830719805643,2.291998981932122e-09,0.0,1.0999980485915746,-2.992957424267004e-06
682560,0.11971830720047164,2.2905169914164257e-09,0.0,1.0999980485915744,-2.9929574244938402e-06
682620,0.11971830720293243,2.2889892595436155e-09,0.0,1.0999980485915741,-2.9929574247269026e-06
682680,0.11971830720543897,2.2874156090765625e-09,0.0,1.099998048591574,-2.9929574249662136e-06
682740,0.11971830720799136,2.2857958625229657e-09,0.0,1.0999980485915737,-2.9929574252117968e-06
682800,0.11971830721058972,2.2841298421353508e-09,0.0,1.0999980485915735,-2.9929574254636747e-06
682860,0.11971830721323423,2.282417369911071e-09,0.0,1.0999980485915732,-2.9929574257218703e-06
682920,0.11971830721592498,2.280658267592306e-09,0.0,1.0999980485915728,-2.9929574259864067e-06
682980,0.11971830721866211,2.278852356666064e-09,0.0,1.0999980485915726,-2.9929574262573073e-06
683040,0.11971830722144576,2.276999458364178e-09,0.0,1.0999980485915724,-2.9929574265345946e-06
683100,0.11971830722427605,2.2750993936633097e-09,0.0,1.0999980485915721,-2.9929574268182918e-06
683160,0.11971830722715311,2.273151983284948e-09,0.0,1.099998048591572,-2.992957427108422e-06
683220,0.11971830723007709,2.271157047695408e-09,0.0,1.0999980485915717,-2.9929574274050086e-06
683280,0.1197183072330481,2.2691144071058318e-09,0.0,1.0999980485915715,-2.9929574277080745e-06
683340,0.1197183072360663,2.26702388147219e-09,0.0,1.099998048591571,-2.992957428017643e-06
683400,0.11971830723913178,2.2648852904952785e-09,0.0,1.0999980485915708,-2.9929574283337375e-06
683460,0.1197183072422447,2.2626984536207217e-09,0.0,1.0999980485915706,-2.992957428656381e-06
683520,0.1197183072454052,2.2604631900389708e-09,0.0,1.0999980485915704,-2.9929574289855975e-06
683580,0.11971830724861339,2.2581793186853027e-09,0.0,1.0999980485915701,-2.9929574293214092e-06
683640,0.11971830725186941,2.255846658239823e-09,0.0,1.09999804859157,-2.9929574296638405e-06
683700,0.1197183072551734,2.2534650271274644e-09,0.0,1.0999980485915697,-2.992957430012914e-06
683760,0.11971830725852549,2.2510342435179856e-09,0.0,1.0999980485915692,-2.992957430368654e-06
683820,0.1197183072619258,2.2485541253259734e-09,0.0,1.099998048591569,-2.9929574307310834e-06
683880,0.11971830726537447,2.24602449021084e-09,0.0,1.0999980485915688,-2.992957431100226e-06
683940,0.11971830726887164,2.2434451555768275e-09,0.0,1.0999980485915686,-2.9929574314761043e-06
684000,0.11971830727241745,2.2408159385730024e-09,0.0,1.0999980485915684,-2.9929574318587434e-06
684060,0.119718307276012,2.2381366560932598e-09,0.0,1.099998048591568,-2.992957432248166e-06
684120,0.11971830727965546,2.235407124776321e-09,0.0,1.0999980485915677,-2.9929574326443957e-06
684180,0.11971830728334795,2.2326271610057355e-09,0.0,1.0999980485915675,-2.9929574330474568e-06
684240,0.1197183072870896,2.2297965809098788e-09,0.0,1.0999980485915672,-2.992957433457372e-06
684300,0.11971830729088055,2.2269152003619537e-09,0.0,1.099998048591567,-2.992957433874166e-06
684360,0.11971830729472092,2.223982834979991e-09,0.0,1.0999980485915666,-2.9929574342978616e-06
684420,0.11971830729861085,2.220999300126847e-09,0.0,1.0999980485915664,-2.9929574347284834e-06
684480,0.1197183073025505,2.217964410910207e-09,0.0,1.0999980485915661,-2.9929574351660547e-06
684540,0.11971830730653997,2.214877982182581e-09,0.0,1.099998048591566,-2.9929574356105996e-06
684600,0.1197183073105794,2.2117398285413087e-09,0.0,1.0999980485915657,-2.992957436062142e-06
684660,0.11971830731466894,2.2085497643285546e-09,0.0,1.0999980485915652,-2.9929574365207056e-06
684720,0.11971830731880871,2.205307603631312e-09,0.0,1.099998048591565,-2.992957436986314e-06
684780,0.11971830732299886,2.2020131602814e-09,0.0,1.0999980485915648,-2.9929574374589924e-06
684840,0.11971830732723951,2.198666247855466e-09,0.0,1.0999980485915646,-2.9929574379387633e-06
684900,0.1197183073315308,2.195266679674983e-09,0.0,1.0999980485915641,-2.992957438425652e-06
684960,0.11971830733587285,2.191814268806253e-09,0.0,1.099998048591564,-2.9929574389196812e-06
685020,0.11971830734026584,2.188308828060403e-09,0.0,1.0999980485915637,-2.992957439420876e-06
685080,0.11971830734470985,2.184750169993389e-09,0.0,1.0999980485915635,-2.9929574399292606e-06
685140,0.11971830734920506,2.181138106905992e-09,0.0,1.099998048591563,-2.992957440444859e-06
685200,0.11971830735375158,2.177472450843822e-09,0.0,1.0999980485915628,-2.9929574409676947e-06
685260,0.11971830735834955,2.1737530135973157e-09,0.0,1.0999980485915626,-2.9929574414977924e-06
685320,0.11971830736299911,2.1699796067017357e-09,0.0,1.0999980485915621,-2.992957442035177e-06
685380,0.1197183073677004,2.166152041437173e-09,0.0,1.099998048591562,-2.9929574425798715e-06
685440,0.11971830737245355,2.162270128828545e-09,0.0,1.0999980485915617,-2.992957443131901e-06
685500,0.11971830737725869,2.1583336796455967e-09,0.0,1.0999980485915615,-2.9929574436912897e-06
685560,0.11971830738211597,2.1543425044028994e-09,0.0,1.099998048591561,-2.992957444258062e-06
685620,0.11971830738702552,2.1502964133598524e-09,0.0,1.0999980485915608,-2.9929574448322422e-06
685680,0.11971830739198747,2.146195216520681e-09,0.0,1.0999980485915606,-2.992957445413855e-06
685740,0.11971830739700197,2.1420387236344387e-09,0.0,1.0999980485915601,-2.9929574460029244e-06
685800,0.11971830740206915,2.1378267441950057e-09,0.0,1.09999804859156,-2.9929574465994753e-06
685860,0.11971830740718914,2.133559087441089e-09,0.0,1.0999980485915597,-2.992957447203532e-06
685920,0.11971830741236208,2.1292355623562228e-09,0.0,1.0999980485915593,-2.992957447815119e-06
685980,0.11971830741758813,2.1248559776687684e-09,0.0,1.099998048591559,-2.9929574484342613e-06
686040,0.11971830742286739,2.120420141851914e-09,0.0,1.0999980485915588,-2.992957449060983e-06
686100,0.11971830742820003,2.1159278631236757e-09,0.0,1.0999980485915584,-2.9929574496953095e-06
686160,0.11971830743358616,2.111378949446896e-09,0.0,1.0999980485915581,-2.9929574503372644e-06
686220,0.11971830743902595,2.106773208529244e-09,0.0,1.099998048591558,-2.9929574509868734e-06
686280,0.1197183074445195,2.102110447823217e-09,0.0,1.0999980485915575,-2.9929574516441604e-06
686340,0.11971830745006698,2.097390474526139e-09,0.0,1.0999980485915573,-2.992957452309151e-06
686400,0.11971830745566851,2.0926130955801606e-09,0.0,1.099998048591557,-2.9929574529818694e-06
686460,0.11971830746132422,2.0877781176722595e-09,0.0,1.0999980485915566,-2.992957453662341e-06
686520,0.11971830746703428,2.082885347234241e-09,0.0,1.0999980485915564,-2.99295745435059e-06
686580,0.11971830747279881,2.077934590442738e-09,0.0,1.0999980485915561,-2.9929574550466414e-06
686640,0.11971830747861795,2.072925653219209e-09,0.0,1.0999980485915557,-2.9929574557505207e-06
686700,0.11971830748449183,2.0678583412299406e-09,0.0,1.0999980485915555,-2.9929574564622524e-06
686760,0.11971830749042059,2.062732459886046e-09,0.0,1.0999980485915553,-2.9929574571818615e-06
686820,0.11971830749640439,2.057547814343466e-09,0.0,1.0999980485915548,-2.9929574579093734e-06
686880,0.11971830750244335,2.0523042095029682e-09,0.0,1.0999980485915546,-2.9929574586448127e-06
686940,0.11971830750853761,2.047001450010147e-09,0.0,1.0999980485915541,-2.992957459388205e-06
687000,0.11971830751467001,2.0416593619671515e-09,0.0,1.099998048591554,-2.992957460136922e-06
687060,0.11971830751348089,2.0447988082570085e-09,0.0,1.099998048591554,-2.9929574597619344e-06
687120,0.11971830751229895,2.047934703750354e-09,0.0,1.0999980485915537,-2.9929574593875294e-06
687180,0.11971830751112421,2.0510670165394477e-09,0.0,1.0999980485915535,-2.992957459013711e-06
687240,0.11971830750995664,2.0541957146573692e-09,0.0,1.0999980485915533,-2.9929574586404814e-06
687300,0.11971830750879625,2.0573207660780174e-09,0.0,1.099998048591553,-2.992957458267845e-06
687360,0.11971830750764305,2.0604421387161065e-09,0.0,1.0999980485915528,-2.9929574578958052e-06
687420,0.11971830750649701,2.0635598004271716e-09,0.0,1.0999980485915528,-2.992957457524365e-06
687480,0.11971830750535815,2.0666737190075643e-09,0.0,1.0999980485915526,-2.9929574571535282e-06
687540,0.11971830750422646,2.0697838621944544e-09,0.0,1.0999980485915524,-2.992957456783298e-06
687600,0.11971830750310195,2.0728901976658315e-09,0.0,1.0999980485915521,-2.992957456413678e-06
687660,0.11971830750198459,2.075992693040501e-09,0.0,1.099998048591552,-2.992957456044672e-06
687720,0.1197183075008744,2.0790913158780885e-09,0.0,1.0999980485915517,-2.9929574556762824e-06
687780,0.11971830749977136,2.0821860336790364e-09,0.0,1.0999980485915517,-2.992957455308514e-06
687840,0.11971830749867549,2.0852768138846053e-09,0.0,1.0999980485915515,-2.9929574549413696e-06
687900,0.11971830749758676,2.088363623876875e-09,0.0,1.0999980485915513,-2.9929574545748525e-06
687960,0.11971830749650518,2.0914464309787427e-09,0.0,1.099998048591551,-2.9929574542089664e-06
688020,0.11971830749543076,2.0945252024539243e-09,0.0,1.0999980485915508,-2.992957453843715e-06
688080,0.11971830749436348,2.0975999055069523e-09,0.0,1.0999980485915506,-2.9929574534791014e-06
688140,0.11971830749330334,2.1006705072831794e-09,0.0,1.0999980485915504,-2.9929574531151297e-06
688200,0.11971830749225035,2.1037369748687755e-09,0.0,1.0999980485915504,-2.9929574527518025e-06
688260,0.11971830749120448,2.1067992752907283e-09,0.0,1.0999980485915501,-2.992957452389124e-06
688320,0.11971830749016574,2.1098573755168443e-09,0.0,1.09999804859155,-2.992957452027098e-06
688380,0.11971830748913415,2.1129112424557475e-09,0.0,1.0999980485915497,-2.992957451665727e-06
688440,0.11971830748810966,2.115960842956881e-09,0.0,1.0999980485915495,-2.9929574513050156e-06
688500,0.11971830748709231,2.1190061438105054e-09,0.0,1.0999980485915493,-2.992957450944967e-06
688560,0.11971830748608207,2.1220471117476993e-09,0.0,1.0999980485915493,-2.9929574505855844e-06
688620,0.11971830748507895,2.1250837134403588e-09,0.0,1.099998048591549,-2.9929574502268714e-06
688680,0.11971830748408294,2.1281159155012015e-09,0.0,1.0999980485915488,-2.9929574498688314e-06
688740,0.11971830748309403,2.1311436844837586e-09,0.0,1.0999980485915486,-2.9929574495114687e-06
688800,0.11971830748211224,2.134166986882382e-09,0.0,1.0999980485915484,-2.9929574491547865e-06
688860,0.11971830748113753,2.1371857891322427e-09,0.0,1.0999980485915481,-2.992957448798788e-06
688920,0.11971830748016994,2.1402000576093264e-09,0.0,1.099998048591548,-2.992957448443477e-06
688980,0.11971830747920943,2.14320975863044e-09,0.0,1.099998048591548,-2.9929574480888573e-06
689040,0.11971830747825601,2.1462148584532077e-09,0.0,1.0999980485915477,-2.9929574477349323e-06
689100,0.11971830747730969,2.1492153232760715e-09,0.0,1.0999980485915475,-2.9929574473817055e-06
689160,0.11971830747637044,2.152211119238292e-09,0.0,1.0999980485915473,-2.992957447029181e-06
689220,0.11971830747543827,2.1552022124199474e-09,0.0,1.099998048591547,-2.9929574466773616e-06
689280,0.11971830747451317,2.1581885688419343e-09,0.0,1.0999980485915468,-2.9929574463262512e-06
689340,0.11971830747359515,2.161170154465968e-09,0.0,1.0999980485915466,-2.9929574459758536e-06
689400,0.11971830747268418,2.1641469351945813e-09,0.0,1.0999980485915466,-2.9929574456261726e-06
689460,0.11971830747178029,2.1671188768711255e-09,0.0,1.0999980485915464,-2.992957445277211e-06
689520,0.11971830747088345,2.1700859452797698e-09,0.0,1.0999980485915462,-2.9929574449289734e-06
689580,0.11971830746999367,2.1730481061455014e-09,0.0,1.099998048591546,-2.992957444581463e-06
689640,0.11971830746911093,2.176005325134126e-09,0.0,1.0999980485915457,-2.9929574442346834e-06
689700,0.11971830746823524,2.178957567852268e-09,0.0,1.0999980485915455,-2.9929574438886382e-06
689760,0.11971830746736659,2.181904799847368e-09,0.0,1.0999980485915455,-2.992957443543331e-06
689820,0.11971830746650497,2.1848469866076876e-09,0.0,1.0999980485915453,-2.9929574431987655e-06
689880,0.11971830746565039,2.187784093562304e-09,0.0,1.099998048591545,-2.9929574428549455e-06
689940,0.11971830746480285,2.190716086081114e-09,0.0,1.0999980485915448,-2.9929574425118747e-06
690000,0.11971830746396231,2.1936429294748316e-09,0.0,1.0999980485915446,-2.9929574421695565e-06
690060,0.1197183074631288,2.1965645889949897e-09,0.0,1.0999980485915444,-2.992957441827995e-06
690120,0.1197183074623023,2.19948102983394e-09,0.0,1.0999980485915442,-2.992957441487193e-06
690180,0.11971830746148282,2.20239221712485e-09,0.0,1.0999980485915442,-2.9929574411471555e-06
690240,0.11971830746067033,2.205298115941708e-09,0.0,1.099998048591544,-2.992957440807885e-06
690300,0.11971830745986485,2.208198691299319e-09,0.0,1.0999980485915437,-2.9929574404693856e-06
690360,0.11971830745906636,2.2110939081533055e-09,0.0,1.0999980485915435,-2.9929574401316613e-06
690420,0.11971830745827486,2.21398373140011e-09,0.0,1.0999980485915433,-2.9929574397947154e-06
690480,0.11971830745749035,2.216868125876993e-09,0.0,1.099998048591543,-2.9929574394585517e-06
690540,0.11971830745671283,2.219747056362031e-09,0.0,1.099998048591543,-2.992957439123174e-06
690600,0.11971830745594227,2.2226204875741206e-09,0.0,1.0999980485915428,-2.9929574387885864e-06
690660,0.11971830745517868,2.2254883841729766e-09,0.0,1.0999980485915426,-2.992957438454792e-06
690720,0.11971830745442207,2.22835071075913e-09,0.0,1.0999980485915424,-2.9929574381217944e-06
690780,0.11971830745367242,2.2312074318739323e-09,0.0,1.0999980485915422,-2.992957437789598e-06
690840,0.1197183074529297,2.2340585119995526e-09,0.0,1.099998048591542,-2.992957437458206e-06
690900,0.11971830745219396,2.236903915558976e-09,0.0,1.099998048591542,-2.9929574371276225e-06
690960,0.11971830745146515,2.2397436069160094e-09,0.0,1.0999980485915417,-2.992957436797851e-06
691020,0.11971830745074329,2.2425775503752744e-09,0.0,1.0999980485915415,-2.9929574364688956e-06
691080,0.11971830745002836,2.245405710182213e-09,0.0,1.0999980485915413,-2.9929574361407597e-06
691140,0.11971830744932035,2.2482280505230854e-09,0.0,1.099998048591541,-2.992957435813447e-06
691200,0.11971830744861928,2.2510445355249674e-09,0.0,1.0999980485915408,-2.992957435486962e-06
691260,0.11971830744792511,2.2538551292557566e-09,0.0,1.0999980485915408,-2.9929574351613075e-06
691320,0.11971830744723787,2.256659795724165e-09,0.0,1.0999980485915406,-2.9929574348364877e-06
691380,0.11971830744655752,2.2594584988797265e-09,0.0,1.0999980485915404,-2.9929574345125065e-06
691440,0.11971830744588408,2.2622512026127894e-09,0.0,1.0999980485915402,-2.9929574341893677e-06
691500,0.11971830744521754,2.2650378707545236e-09,0.0,1.09999804859154,-2.9929574338670746e-06
691560,0.11971830744455789,2.267818467076915e-09,0.0,1.0999980485915397,-2.992957433545632e-06
691620,0.11971830744390512,2.2705929552927687e-09,0.0,1.0999980485915397,-2.9929574332250427e-06
691680,0.11971830744325923,2.273361299055707e-09,0.0,1.0999980485915395,-2.992957432905311e-06
691740,0.11971830744262021,2.2761234619601706e-09,0.0,1.0999980485915393,-2.992957432586441e-06
691800,0.11971830744198807,2.2788794075414194e-09,0.0,1.099998048591539,-2.9929574322684355e-06
691860,0.11971830744136278,2.28162909927553e-09,0.0,1.0999980485915388,-2.992957431951299e-06
691920,0.11971830744074434,2.284372500579398e-09,0.0,1.0999980485915386,-2.9929574316350357e-06
691980,0.11971830744013276,2.2871095748107376e-09,0.0,1.0999980485915386,-2.9929574313196493e-06
692040,0.11971830743952802,2.2898402852680797e-09,0.0,1.0999980485915384,-2.992957431005143e-06
692100,0.11971830743893012,2.292564595190774e-09,0.0,1.0999980485915382,-2.992957430691521e-06
692160,0.11971830743833906,2.2952824677589895e-09,0.0,1.099998048591538,-2.992957430378787e-06
692220,0.1197183074377548,2.2979938660937114e-09,0.0,1.0999980485915377,-2.9929574300669456e-06
692280,0.11971830743717737,2.300698753256745e-09,0.0,1.0999980485915375,-2.9929574297560002e-06
692340,0.11971830743660676,2.303397092250712e-09,0.0,1.0999980485915375,-2.992957429445954e-06
692400,0.11971830743604295,2.3060888460190534e-09,0.0,1.0999980485915373,-2.992957429136812e-06
692460,0.11971830743548594,2.3087739774460278e-09,0.0,1.099998048591537,-2.9929574288285775e-06
692520,0.11971830743493572,2.3114524493567127e-09,0.0,1.0999980485915368,-2.992957428521254e-06
692580,0.1197183074343923,2.314124224517002e-09,0.0,1.0999980485915366,-2.9929574282148462e-06
692640,0.11971830743385564,2.3167892656336106e-09,0.0,1.0999980485915364,-2.9929574279093574e-06
692700,0.11971830743332577,2.3194475353540686e-09,0.0,1.0999980485915364,-2.992957427604792e-06
692760,0.11971830743280266,2.3220989962667264e-09,0.0,1.0999980485915362,-2.9929574273011535e-06
692820,0.11971830743228631,2.324743610900751e-09,0.0,1.099998048591536,-2.992957426998446e-06
692880,0.11971830743177672,2.3273813417261283e-09,0.0,1.0999980485915357,-2.9929574266966735e-06
692940,0.11971830743127387,2.3300121511536636e-09,0.0,1.0999980485915355,-2.9929574263958396e-06
693000,0.11971830743077777,2.332636001534977e-09,0.0,1.0999980485915355,-2.9929574260959484e-06
693060,0.1197183074302884,2.33525285516251e-09,0.0,1.0999980485915353,-2.992957425797004e-06
693120,0.11971830742980576,2.3378626742695214e-09,0.0,1.099998048591535,-2.99295742549901e-06
693180,0.11971830742932983,2.3404654210300873e-09,0.0,1.0999980485915348,-2.9929574252019704e-06
693240,0.11971830742886062,2.3430610575591022e-09,0.0,1.0999980485915346,-2.9929574249058896e-06
693300,0.1197183074283981,2.34564954591228e-09,0.0,1.0999980485915346,-2.992957424610771e-06
693360,0.1197183074279423,2.348230848086151e-09,0.0,1.0999980485915344,-2.992957424316619e-06
693420,0.11971830742749319,2.3508049260180642e-09,0.0,1.0999980485915342,-2.992957424023437e-06
693480,0.11971830742705075,2.3533717415861883e-09,0.0,1.099998048591534,-2.9929574237312298e-06
693540,0.119718307426615,2.355931256609508e-09,0.0,1.0999980485915337,-2.992957423440001e-06
693600,0.11971830742618592,2.3584834328478266e-09,0.0,1.0999980485915337,-2.992957423149754e-06
693660,0.1197183074257635,2.361028232001766e-09,0.0,1.0999980485915335,-2.9929574228604935e-06
693720,0.11971830742534774,2.363565615712767e-09,0.0,1.0999980485915333,-2.992957422572223e-06
693780,0.11971830742493862,2.3660955455630873e-09,0.0,1.099998048591533,-2.992957422284947e-06
693840,0.11971830742453614,2.368617983075803e-09,0.0,1.0999980485915328,-2.992957421998669e-06
693900,0.1197183074241403,2.371132889714809e-09,0.0,1.0999980485915328,-2.9929574217133936e-06
693960,0.11971830742375109,2.3736402268848176e-09,0.0,1.0999980485915326,-2.9929574214291243e-06
694020,0.11971830742336849,2.37613995593136e-09,0.0,1.0999980485915324,-2.9929574211458654e-06
694080,0.1197183074229925,2.3786320381407847e-09,0.0,1.0999980485915322,-2.9929574208636205e-06
694140,0.11971830742262311,2.3811164347402588e-09,0.0,1.099998048591532,-2.992957420582394e-06
694200,0.11971830742226033,2.3835931068977675e-09,0.0,1.099998048591532,-2.99295742030219e-06
694260,0.11971830742190413,2.3860620157221145e-09,0.0,1.0999980485915317,-2.9929574200230127e-06
694320,0.11971830742155451,2.388523122262921e-09,0.0,1.0999980485915315,-2.9929574197448657e-06
694380,0.11971830742121146,2.3909763875106274e-09,0.0,1.0999980485915313,-2.992957419467753e-06
694440,0.11971830742087498,2.3934217723964903e-09,0.0,1.099998048591531,-2.9929574191916787e-06
694500,0.11971830742054505,2.3958592377925866e-09,0.0,1.099998048591531,-2.9929574189166475e-06
694560,0.11971830742022167,2.3982887445118105e-09,0.0,1.0999980485915308,-2.9929574186426624e-06
694620,0.11971830741990484,2.400710253307874e-09,0.0,1.0999980485915306,-2.9929574183697285e-06
694680,0.11971830741959454,2.4031237248753073e-09,0.0,1.0999980485915304,-2.992957418097849e-06
694740,0.11971830741929075,2.405529119849459e-09,0.0,1.0999980485915304,-2.992957417827029e-06
694800,0.11971830741899349,2.4079263988064967e-09,0.0,1.0999980485915302,-2.9929574175572714e-06
694860,0.11971830741870274,2.4103155222634047e-09,0.0,1.09999804859153,-2.992957417288581e-06
694920,0.11971830741841848,2.412696450677986e-09,0.0,1.0999980485915297,-2.992957417020962e-06
694980,0.11971830741814071,2.415069144448862e-09,0.0,1.0999980485915295,-2.992957416754418e-06
695040,0.11971830741786943,2.4174335639154724e-09,0.0,1.0999980485915295,-2.9929574164889537e-06
695100,0.11971830741760461,2.4197896693580743e-09,0.0,1.0999980485915293,-2.9929574162245727e-06
695160,0.11971830741734628,2.422137420997743e-09,0.0,1.099998048591529,-2.992957415961279e-06
695220,0.1197183074170944,2.4244767789963727e-09,0.0,1.0999980485915288,-2.9929574156990772e-06
695280,0.11971830741684897,2.4268077034566756e-09,0.0,1.0999980485915288,-2.9929574154379713e-06
695340,0.11971830741660998,2.429130154422182e-09,0.0,1.0999980485915286,-2.9929574151779656e-06
695400,0.11971830741637741,2.4314440918772395e-09,0.0,1.0999980485915284,-2.9929574149190636e-06
695460,0.11971830741615128,2.4337494757470153e-09,0.0,1.0999980485915282,-2.99295741466127e-06
695520,0.11971830741593156,2.4360462658974933e-09,0.0,1.0999980485915282,-2.992957414404589e-06
695580,0.11971830741571825,2.4383344221354764e-09,0.0,1.099998048591528,-2.9929574141490243e-06
695640,0.11971830741551133,2.440613904208586e-09,0.0,1.0999980485915277,-2.9929574138945803e-06
695700,0.11971830741531081,2.442884671805261e-09,0.0,1.0999980485915275,-2.9929574136412615e-06
695760,0.11971830741511666,2.445146684554758e-09,0.0,1.0999980485915275,-2.9929574133890714e-06
695820,0.11971830741492888,2.4473999020271533e-09,0.0,1.0999980485915273,-2.9929574131380147e-06
695880,0.11971830741474747,2.4496442837333398e-09,0.0,1.099998048591527,-2.9929574128880955e-06
695940,0.11971830741457241,2.4518797891250287e-09,0.0,1.0999980485915268,-2.9929574126393177e-06
696000,0.11971830741440369,2.454106377594751e-09,0.0,1.0999980485915268,-2.9929574123916855e-06
696060,0.11971830741424132,2.4563240084758535e-09,0.0,1.0999980485915266,-2.9929574121452035e-06
696120,0.11971830741408526,2.4585326410425035e-09,0.0,1.0999980485915264,-2.9929574118998757e-06
696180,0.11971830741393552,2.4607322345096843e-09,0.0,1.0999980485915262,-2.992957411655706e-06
696240,0.1197183074137921,2.462922748033199e-09,0.0,1.0999980485915262,-2.992957411412699e-06
696300,0.11971830741365495,2.4651041407096675e-09,0.0,1.099998048591526,-2.992957411170859e-06
696360,0.11971830741352411,2.4672763715765293e-09,0.0,1.0999980485915257,-2.99295741093019e-06
696420,0.11971830741339955,2.4694393996120406e-09,0.0,1.0999980485915257,-2.992957410690696e-06
696480,0.11971830741328125,2.4715931837352774e-09,0.0,1.0999980485915255,-2.992957410452381e-06
696540,0.11971830741316922,2.4737376828061314e-09,0.0,1.0999980485915253,-2.9929574102152504e-06
696600,0.11971830741306344,2.4758728556253155e-09,0.0,1.099998048591525,-2.9929574099793077e-06
696660,0.11971830741296391,2.477998660934358e-09,0.0,1.099998048591525,-2.992957409744557e-06
696720,0.1197183074128706,2.4801150574156076e-09,0.0,1.0999980485915248,-2.992957409511003e-06
696780,0.11971830741278351,2.4822220036922294e-09,0.0,1.0999980485915246,-2.9929574092786497e-06
696840,0.11971830741270263,2.4843194583282072e-09,0.0,1.0999980485915246,-2.992957409047501e-06
696900,0.11971830741262797,2.4864073798283437e-09,0.0,1.0999980485915244,-2.9929574088175618e-06
696960,0.1197183074125595,2.4884857266382587e-09,0.0,1.0999980485915242,-2.992957408588836e-06
697020,0.1197183074124972,2.4905544571443912e-09,0.0,1.099998048591524,-2.9929574083613282e-06
697080,0.11971830741244108,2.4926135296739973e-09,0.0,1.099998048591524,-2.992957408135042e-06
697140,0.11971830741239113,2.4946629024951517e-09,0.0,1.0999980485915237,-2.9929574079099825e-06
697200,0.11971830741234733,2.4967025338167476e-09,0.0,1.0999980485915235,-2.9929574076861536e-06
697260,0.11971830741230967,2.498732381788496e-09,0.0,1.0999980485915235,-2.9929574074635597e-06
697320,0.11971830741227815,2.5007524045009255e-09,0.0,1.0999980485915233,-2.992957407242205e-06
697380,0.11971830741225274,2.502762559985384e-09,0.0,1.099998048591523,-2.9929574070220937e-06
697440,0.11971830741223347,2.504762806214037e-09,0.0,1.099998048591523,-2.9929574068032306e-06
697500,0.11971830741222028,2.506753101099868e-09,0.0,1.0999980485915228,-2.9929574065856198e-06
697560,0.11971830741221319,2.508733402496679e-09,0.0,1.0999980485915226,-2.992957406369265e-06
697620,0.11971830741221218,2.5107036681990897e-09,0.0,1.0999980485915226,-2.9929574061541713e-06
697680,0.11971830741221726,2.5126638559425378e-09,0.0,1.0999980485915224,-2.992957405940343e-06
697740,0.11971830741222837,2.5146139234032803e-09,0.0,1.0999980485915222,-2.9929574057277838e-06
697800,0.11971830741224555,2.5165538281983914e-09,0.0,1.0999980485915222,-2.9929574055164986e-06
697860,0.11971830741226878,2.5184835278857636e-09,0.0,1.099998048591522,-2.992957405306492e-06
697920,0.11971830741229804,2.5204029799641075e-09,0.0,1.0999980485915217,-2.9929574050977674e-06
697980,0.1197183074123333,2.522312141872952e-09,0.0,1.0999980485915217,-2.9929574048903303e-06
698040,0.11971830741237459,2.5242109709926447e-09,0.0,1.0999980485915215,-2.992957404684184e-06
698100,0.11971830741242187,2.5260994246443496e-09,0.0,1.0999980485915213,-2.992957404479334e-06
698160,0.11971830741247515,2.5279774600900515e-09,0.0,1.0999980485915213,-2.992957404275784e-06
698220,0.11971830741253439,2.5298450345325505e-09,0.0,1.099998048591521,-2.9929574040735377e-06
698280,0.11971830741259962,2.5317021051154666e-09,0.0,1.0999980485915208,-2.9929574038726008e-06
698340,0.11971830741267078,2.533548628923238e-09,0.0,1.0999980485915208,-2.992957403672977e-06
698400,0.1197183074127479,2.535384562981121e-09,0.0,1.0999980485915206,-2.992957403474671e-06
698460,0.11971830741283095,2.5372098642551883e-09,0.0,1.0999980485915204,-2.9929574032776868e-06
698520,0.11971830741291993,2.5390244896523336e-09,0.0,1.0999980485915204,-2.992957403082029e-06
698580,0.11971830741301481,2.5408283960202663e-09,0.0,1.0999980485915202,-2.992957402887702e-06
698640,0.11971830741311561,2.542621540147515e-09,0.0,1.09999804859152,-2.9929574026947104e-06
698700,0.11971830741322229,2.5444038787634274e-09,0.0,1.09999804859152,-2.9929574025030586e-06
698760,0.11971830741333485,2.5461753685381674e-09,0.0,1.0999980485915197,-2.992957402312751e-06
698820,0.11971830741345328,2.547935966082718e-09,0.0,1.0999980485915197,-2.992957402123792e-06
698880,0.11971830741357756,2.549685627948881e-09,0.0,1.0999980485915195,-2.9929574019361856e-06
698940,0.11971830741370769,2.5514243106292754e-09,0.0,1.0999980485915193,-2.9929574017499366e-06
699000,0.11971830741384365,2.5531519705573385e-09,0.0,1.0999980485915193,-2.99295740156505e-06
699060,0.11971830741398544,2.554868564107326e-09,0.0,1.099998048591519,-2.9929574013815294e-06
699120,0.11971830741413304,2.556574047594312e-09,0.0,1.0999980485915188,-2.9929574011993796e-06
699180,0.11971830741428645,2.558268377274188e-09,0.0,1.0999980485915188,-2.9929574010186054e-06
699240,0.11971830741444563,2.559951509343664e-09,0.0,1.0999980485915186,-2.9929574008392106e-06
699300,0.11971830741461059,2.5616233999402684e-09,0.0,1.0999980485915186,-2.9929574006612003e-06
699360,0.11971830741478133,2.563284005142348e-09,0.0,1.0999980485915184,-2.9929574004845787e-06
699420,0.11971830741495781,2.5649332809690668e-09,0.0,1.0999980485915182,-2.99295740030935e-06
699480,0.11971830741514004,2.566571183380408e-09,0.0,1.0999980485915182,-2.9929574001355194e-06
699540,0.11971830741532799,2.568197668277172e-09,0.0,1.099998048591518,-2.9929573999630906e-06
699600,0.11971830741552167,2.5698126915009776e-09,0.0,1.099998048591518,-2.9929573997920687e-06
699660,0.11971830741572105,2.5714162088342627e-09,0.0,1.0999980485915177,-2.992957399622458e-06
699720,0.11971830741592614,2.573008176000282e-09,0.0,1.0999980485915175,-2.9929573994542626e-06
699780,0.1197183074161369,2.5745885486631093e-09,0.0,1.0999980485915175,-2.9929573992874878e-06
699840,0.11971830741635334,2.576157282427636e-09,0.0,1.0999980485915173,-2.992957399122138e-06
699900,0.11971830741657542,2.5777143328395715e-09,0.0,1.0999980485915173,-2.9929573989582173e-06
699960,0.11971830741680316,2.5792596553854445e-09,0.0,1.099998048591517,-2.99295739879573e-06
700020,0.11971830741703654,2.5807932054926004e-09,0.0,1.099998048591517,-2.9929573986346816e-06
700080,0.11971830741727553,2.5823149385292042e-09,0.0,1.0999980485915168,-2.992957398475076e-06
700140,0.11971830741752014,2.5838248098042374e-09,0.0,1.0999980485915166,-2.9929573983169176e-06
700200,0.11971830741777036,2.585322774567501e-09,0.0,1.0999980485915166,-2.9929573981602114e-06
700260,0.11971830741802615,2.586808788009614e-09,0.0,1.0999980485915164,-2.9929573980049617e-06
700320,0.11971830741828751,2.5882828052620124e-09,0.0,1.0999980485915164,-2.992957397851173e-06
700380,0.11971830741855445,2.5897447813969517e-09,0.0,1.0999980485915162,-2.9929573976988504e-06
700440,0.11971830741882693,2.591194671427505e-09,0.0,1.0999980485915162,-2.992957397547998e-06
700500,0.11971830741910494,2.5926324303075634e-09,0.0,1.099998048591516,-2.99295739739862e-06
700560,0.11971830741938848,2.5940580129318367e-09,0.0,1.099998048591516,-2.992957397250722e-06
700620,0.11971830741967754,2.5954713741358522e-09,0.0,1.0999980485915157,-2.9929573971043078e-06
700680,0.11971830741997208,2.596872468695956e-09,0.0,1.0999980485915157,-2.992957396959382e-06
700740,0.11971830742027212,2.598261251329311e-09,0.0,1.0999980485915155,-2.99295739681595e-06
700800,0.11971830742057764,2.599637676693901e-09,0.0,1.0999980485915155,-2.9929573966740155e-06
700860,0.11971830742088861,2.6010016993885247e-09,0.0,1.0999980485915153,-2.9929573965335833e-06
700920,0.11971830742120504,2.6023532739528005e-09,0.0,1.0999980485915153,-2.9929573963946585e-06
700980,0.11971830742152689,2.6036923548671664e-09,0.0,1.099998048591515,-2.992957396257245e-06
701040,0.11971830742185417,2.6050188965528756e-09,0.0,1.0999980485915148,-2.9929573961213485e-06
701100,0.11971830742218686,2.6063328533720015e-09,0.0,1.0999980485915148,-2.9929573959869726e-06
701160,0.11971830742252496,2.6076341796274346e-09,0.0,1.0999980485915146,-2.9929573958541223e-06
701220,0.11971830742286843,2.608922829562885e-09,0.0,1.0999980485915146,-2.992957395722802e-06
701280,0.11971830742321726,2.6101987573628785e-09,0.0,1.0999980485915144,-2.992957395593017e-06
701340,0.11971830742357147,2.6114619171527623e-09,0.0,1.0999980485915144,-2.9929573954647713e-06
701400,0.11971830742393101,2.6127122629986984e-09,0.0,1.0999980485915144,-2.99295739533807e-06
701460,0.11971830742429589,2.6139497489076695e-09,0.0,1.0999980485915142,-2.9929573952129175e-06
701520,0.11971830742466609,2.615174328827475e-09,0.0,1.0999980485915142,-2.992957395089319e-06
701580,0.1197183074250416,2.6163859566467336e-09,0.0,1.099998048591514,-2.992957394967278e-06
701640,0.11971830742542239,2.617584586194881e-09,0.0,1.099998048591514,-2.9929573948468002e-06
701700,0.11971830742580845,2.6187701712421715e-09,0.0,1.0999980485915137,-2.99295739472789e-06
701760,0.1197183074261998,2.6199426654996776e-09,0.0,1.0999980485915137,-2.992957394610552e-06
701820,0.11971830742659638,2.6211020226192904e-09,0.0,1.0999980485915135,-2.992957394494791e-06
701880,0.11971830742699821,2.6222481961937184e-09,0.0,1.0999980485915135,-2.992957394380612e-06
701940,0.11971830742740526,2.6233811397564886e-09,0.0,1.0999980485915133,-2.992957394268019e-06
702000,0.11971830742781753,2.6245008067819455e-09,0.0,1.0999980485915133,-2.9929573941570173e-06
702060,0.11971830742823499,2.6256071506852533e-09,0.0,1.099998048591513,-2.992957394047611e-06
702120,0.11971830742865762,2.6267001248223936e-09,0.0,1.099998048591513,-2.992957393939806e-06
702180,0.11971830742908544,2.6277796824901644e-09,0.0,1.099998048591513,-2.9929573938336057e-06
702240,0.1197183074295184,2.628845776926185e-09,0.0,1.0999980485915128,-2.9929573937290153e-06
702300,0.11971830742995652,2.629898361308891e-09,0.0,1.0999980485915128,-2.99295739362604e-06
702360,0.11971830743039977,2.630937388757536e-09,0.0,1.0999980485915126,-2.992957393524684e-06
702420,0.11971830743084812,2.6319628123321923e-09,0.0,1.0999980485915126,-2.9929573934249525e-06
702480,0.11971830743130157,2.63297458503375e-09,0.0,1.0999980485915124,-2.9929573933268496e-06
702540,0.11971830743176012,2.6339726598039185e-09,0.0,1.0999980485915124,-2.9929573932303806e-06
702600,0.11971830743222374,2.6349569895252238e-09,0.0,1.0999980485915124,-2.99295739313555e-06
702660,0.11971830743269242,2.6359275270210103e-09,0.0,1.0999980485915122,-2.992957393042363e-06
702720,0.11971830743316614,2.6368842250554416e-09,0.0,1.0999980485915122,-2.992957392950824e-06
702780,0.11971830743364488,2.6378270363334986e-09,0.0,1.099998048591512,-2.992957392860938e-06
702840,0.11971830743412865,2.6387559135009806e-09,0.0,1.099998048591512,-2.992957392772709e-06
702900,0.11971830743461742,2.639670809144505e-09,0.0,1.099998048591512,-2.992957392686143e-06
702960,0.11971830743511118,2.6405716757915074e-09,0.0,1.0999980485915117,-2.992957392601244e-06
703020,0.1197183074356099,2.6414584659102413e-09,0.0,1.0999980485915117,-2.992957392518017e-06
703080,0.1197183074361136,2.6423311319097787e-09,0.0,1.0999980485915115,-2.9929573924364668e-06
703140,0.11971830743662223,2.64318962614001e-09,0.0,1.0999980485915115,-2.992957392356598e-06
703200,0.1197183074371358,2.644033900891643e-09,0.0,1.0999980485915115,-2.992957392278416e-06
703260,0.11971830743765427,2.6448639083962037e-09,0.0,1.0999980485915113,-2.992957392201925e-06
703320,0.11971830743817766,2.645679600826037e-09,0.0,1.0999980485915113,-2.9929573921271303e-06
703380,0.11971830743870591,2.6464809302943054e-09,0.0,1.0999980485915113,-2.9929573920540365e-06
703440,0.11971830743923906,2.64726784885499e-09,0.0,1.099998048591511,-2.9929573919826485e-06
703500,0.11971830743977704,2.6480403085028893e-09,0.0,1.099998048591511,-2.992957391912971e-06
703560,0.11971830744031989,2.6487982611736207e-09,0.0,1.099998048591511,-2.992957391845009e-06
703620,0.11971830744086755,2.6495416587436192e-09,0.0,1.0999980485915108,-2.9929573917787673e-06
703680,0.11971830744142002,2.6502704530301387e-09,0.0,1.0999980485915108,-2.992957391714251e-06
703740,0.1197183074419773,2.65098459579125e-09,0.0,1.0999980485915108,-2.992957391651464e-06
703800,0.11971830744253936,2.6516840387258435e-09,0.0,1.0999980485915106,-2.9929573915904126e-06
703860,0.11971830744310619,2.6523687334736266e-09,0.0,1.0999980485915106,-2.9929573915311008e-06
703920,0.11971830744367776,2.6530386316151256e-09,0.0,1.0999980485915106,-2.992957391473534e-06
703980,0.11971830744425407,2.6536936846716845e-09,0.0,1.0999980485915104,-2.992957391417716e-06
704040,0.11971830744483511,2.6543338441054653e-09,0.0,1.0999980485915104,-2.992957391363653e-06
704100,0.11971830744542086,2.6549590613194495e-09,0.0,1.0999980485915104,-2.992957391311349e-06
704160,0.1197183074460113,2.655569287657434e-09,0.0,1.0999980485915102,-2.9929573912608096e-06
704220,0.1197183074466064,2.6561644744040373e-09,0.0,1.0999980485915102,-2.992957391212039e-06
704280,0.11971830744720618,2.656744572784694e-09,0.0,1.0999980485915102,-2.9929573911650428e-06
704340,0.1197183074478106,2.657309533965656e-09,0.0,1.0999980485915102,-2.992957391119825e-06
704400,0.11971830744841966,2.657859309053996e-09,0.0,1.09999804859151,-2.9929573910763915e-06
704460,0.11971830744903332,2.6583938490976026e-09,0.0,1.09999804859151,-2.9929573910347467e-06
704520,0.11971830744965159,2.6589131050851834e-09,0.0,1.09999804859151,-2.9929573909948955e-06
704580,0.11971830745027444,2.6594170279462645e-09,0.0,1.09999804859151,-2.9929573909568433e-06
704640,0.11971830745090187,2.6599055685511887e-09,0.0,1.0999980485915097,-2.9929573909205946e-06
704700,0.11971830745153383,2.660378677711119e-09,0.0,1.0999980485915097,-2.9929573908861542e-06
704760,0.11971830745217034,2.6608363061780355e-09,0.0,1.0999980485915097,-2.9929573908535278e-06
704820,0.11971830745281138,2.6612784046447366e-09,0.0,1.0999980485915097,-2.9929573908227195e-06
704880,0.11971830745345692,2.661704923744838e-09,0.0,1.0999980485915095,-2.992957390793735e-06
704940,0.11971830745410694,2.6621158140527748e-09,0.0,1.0999980485915095,-2.9929573907665786e-06
705000,0.11971830745476145,2.6625110260838e-09,0.0,1.0999980485915095,-2.9929573907412557e-06
705060,0.1197183074554204,2.662890510293984e-09,0.0,1.0999980485915095,-2.992957390717771e-06
705120,0.11971830745608382,2.6632542170802163e-09,0.0,1.0999980485915093,-2.9929573906961296e-06
705180,0.11971830745675165,2.6636020967802032e-09,0.0,1.0999980485915093,-2.992957390676337e-06
705240,0.11971830745742389,2.6639340996724716e-09,0.0,1.0999980485915093,-2.9929573906583972e-06
705300,0.11971830745810053,2.664250175976364e-09,0.0,1.0999980485915093,-2.992957390642316e-06
705360,0.11971830745878154,2.6645502758520427e-09,0.0,1.0999980485915093,-2.992957390628098e-06
705420,0.1197183074594669,2.6648343494004867e-09,0.0,1.099998048591509,-2.9929573906157487e-06
705480,0.11971830746015663,2.6651023466634944e-09,0.0,1.099998048591509,-2.992957390605272e-06
705540,0.11971830746085069,2.6653542176236824e-09,0.0,1.099998048591509,-2.9929573905966743e-06
705600,0.11971830746154905,2.6655899122044842e-09,0.0,1.099998048591509,-2.9929573905899603e-06
705660,0.1197183074622517,2.6658093802701527e-09,0.0,1.099998048591509,-2.9929573905851344e-06
705720,0.11971830746295865,2.6660125716257586e-09,0.0,1.099998048591509,-2.992957390582202e-06
705780,0.11971830746366986,2.6661994360171904e-09,0.0,1.0999980485915088,-2.9929573905811677e-06
705840,0.11971830746438532,2.6663699231311547e-09,0.0,1.0999980485915088,-2.9929573905820376e-06
705900,0.119718307465105,2.666523982595178e-09,0.0,1.0999980485915088,-2.9929573905848155e-06
705960,0.1197183074658289,2.6666615639776017e-09,0.0,1.0999980485915088,-2.9929573905895076e-06
706020,0.119718307466557,2.6667826167875877e-09,0.0,1.0999980485915088,-2.9929573905961183e-06
706080,0.11971830746728927,2.666887090475116e-09,0.0,1.0999980485915088,-2.9929573906046526e-06
706140,0.11971830746802573,2.6669749344309842e-09,0.0,1.0999980485915088,-2.992957390615116e-06
706200,0.11971830746876631,2.6670460979868076e-09,0.0,1.0999980485915086,-2.9929573906275135e-06
706260,0.11971830746951104,2.667100530415021e-09,0.0,1.0999980485915086,-2.9929573906418496e-06
706320,0.11971830747025988,2.667138180928876e-09,0.0,1.0999980485915086,-2.9929573906581304e-06
706380,0.11971830747101281,2.6671589986824425e-09,0.0,1.0999980485915086,-2.99295739067636e-06
706440,0.11971830747176983,2.6671629327706098e-09,0.0,1.0999980485915086,-2.9929573906965438e-06
706500,0.1197183074725309,2.667149932229084e-09,0.0,1.0999980485915086,-2.9929573907186873e-06
706560,0.11971830747329604,2.6671199460343896e-09,0.0,1.0999980485915086,-2.9929573907427956e-06
706620,0.11971830747406519,2.66707292310387e-09,0.0,1.0999980485915086,-2.992957390768873e-06
706680,0.11971830747483835,2.667008812295686e-09,0.0,1.0999980485915086,-2.9929573907969256e-06
706740,0.11971830747561552,2.6669275624088164e-09,0.0,1.0999980485915086,-2.992957390826958e-06
706800,0.11971830747639665,2.6668291221830597e-09,0.0,1.0999980485915086,-2.9929573908589755e-06
706860,0.11971830747718175,2.6667134402990306e-09,0.0,1.0999980485915084,-2.992957390892983e-06
706920,0.1197183074779708,2.6665804653781626e-09,0.0,1.0999980485915084,-2.9929573909289857e-06
706980,0.11971830747876376,2.6664301459827075e-09,0.0,1.0999980485915084,-2.992957390966989e-06
707040,0.11971830747956064,2.666262430615736e-09,0.0,1.0999980485915084,-2.992957391006998e-06
707100,0.11971830748036141,2.6660772677211356e-09,0.0,1.0999980485915084,-2.9929573910490175e-06
707160,0.11971830748116605,2.665874605683613e-09,0.0,1.0999980485915084,-2.992957391093053e-06
707220,0.11971830748197455,2.665654392828692e-09,0.0,1.0999980485915084,-2.99295739113911e-06
707280,0.11971830748278689,2.6654165774227155e-09,0.0,1.0999980485915084,-2.9929573911871927e-06
707340,0.11971830748360304,2.6651611076728445e-09,0.0,1.0999980485915084,-2.9929573912373074e-06
707400,0.11971830748442301,2.6648879317270575e-09,0.0,1.0999980485915084,-2.9929573912894584e-06
707460,0.11971830748524676,2.6645969976741517e-09,0.0,1.0999980485915084,-2.992957391343651e-06
707520,0.11971830748607427,2.6642882535437422e-09,0.0,1.0999980485915084,-2.992957391399891e-06
707580,0.11971830748690554,2.6639616473062624e-09,0.0,1.0999980485915084,-2.992957391458183e-06
707640,0.11971830748774052,2.6636171268729642e-09,0.0,1.0999980485915084,-2.9929573915185325e-06
707700,0.11971830748857924,2.6632546400959164e-09,0.0,1.0999980485915084,-2.9929573915809444e-06
707760,0.11971830748942165,2.6628741347680075e-09,0.0,1.0999980485915084,-2.9929573916454244e-06
707820,0.11971830749026774,2.662475558622943e-09,0.0,1.0999980485915084,-2.9929573917119775e-06
707880,0.11971830749111748,2.662058859335247e-09,0.0,1.0999980485915084,-2.9929573917806087e-06
707940,0.11971830749197086,2.6616239845202626e-09,0.0,1.0999980485915084,-2.9929573918513237e-06
708000,0.11971830749282789,2.6611708817341494e-09,0.0,1.0999980485915084,-2.992957391924127e-06
708060,0.1197183074936885,2.6606994984738857e-09,0.0,1.0999980485915086,-2.9929573919990246e-06
708120,0.1197183074945527,2.660209782177269e-09,0.0,1.0999980485915086,-2.992957392076021e-06
708180,0.11971830749542048,2.6597016802229143e-09,0.0,1.0999980485915086,-2.9929573921551226e-06
708240,0.11971830749629181,2.6591751399302536e-09,0.0,1.0999980485915086,-2.9929573922363336e-06
708300,0.11971830749716666,2.6586301085595384e-09,0.0,1.0999980485915086,-2.9929573923196596e-06
708360,0.11971830749804503,2.658066533311839e-09,0.0,1.0999980485915086,-2.9929573924051058e-06
708420,0.11971830749892691,2.6574843613290416e-09,0.0,1.0999980485915086,-2.9929573924926776e-06
708480,0.11971830749981226,2.6568835396938527e-09,0.0,1.0999980485915086,-2.99295739258238e-06
708540,0.11971830750070106,2.6562640154297955e-09,0.0,1.0999980485915086,-2.9929573926742187e-06
708600,0.1197183075015933,2.6556257355012123e-09,0.0,1.0999980485915086,-2.9929573927681987e-06
708660,0.11971830750248898,2.654968646813263e-09,0.0,1.0999980485915088,-2.9929573928643255e-06
708720,0.11971830750338805,2.6542926962119264e-09,0.0,1.0999980485915088,-2.9929573929626042e-06
708780,0.11971830750429051,2.6535978304839983e-09,0.0,1.0999980485915088,-2.9929573930630403e-06
708840,0.11971830750519633,2.6528839963570934e-09,0.0,1.0999980485915088,-2.992957393165639e-06
708900,0.1197183075061055,2.6521511404996443e-09,0.0,1.0999980485915088,-2.9929573932704054e-06
708960,0.119718307507018,2.651399209520902e-09,0.0,1.0999980485915088,-2.9929573933773454e-06
709020,0.1197183075079338,2.650628149970936e-09,0.0,1.0999980485915088,-2.9929573934864636e-06
709080,0.1197183075088529,2.6498379083406323e-09,0.0,1.099998048591509,-2.992957393597766e-06
709140,0.11971830750977526,2.6490284310616972e-09,0.0,1.099998048591509,-2.9929573937112573e-06
709200,0.11971830751070088,2.648199664506654e-09,0.0,1.099998048591509,-2.992957393826943e-06
709260,0.11971830751162973,2.6473515549888438e-09,0.0,1.099998048591509,-2.9929573939448287e-06
709320,0.11971830751256181,2.646484048762427e-09,0.0,1.099998048591509,-2.9929573940649198e-06
709380,0.11971830751349706,2.6455970920223814e-09,0.0,1.0999980485915093,-2.9929573941872216e-06
709440,0.1197183075144355,2.644690630904503e-09,0.0,1.0999980485915093,-2.9929573943117393e-06
709500,0.1197183075153771,2.643764611485406e-09,0.0,1.0999980485915093,-2.9929573944384783e-06
709560,0.11971830751632183,2.6428189797825224e-09,0.0,1.0999980485915093,-2.9929573945674437e-06
709620,0.11971830751726968,2.6418536817541033e-09,0.0,1.0999980485915093,-2.9929573946986415e-06
709680,0.11971830751822063,2.6408686632992178e-09,0.0,1.0999980485915095,-2.9929573948320767e-06
709740,0.11971830751917464,2.6398638702577516e-09,0.0,1.0999980485915095,-2.992957394967755e-06
709800,0.11971830752013174,2.6388392484104105e-09,0.0,1.0999980485915095,-2.992957395105681e-06
709860,0.11971830752109186,2.6377947434787174e-09,0.0,1.0999980485915095,-2.992957395245861e-06
709920,0.119718307522055,2.6367303011250136e-09,0.0,1.0999980485915097,-2.9929573953883e-06
709980,0.11971830752302115,2.6356458669524587e-09,0.0,1.0999980485915097,-2.9929573955330032e-06
710040,0.11971830752399028,2.6345413865050305e-09,0.0,1.0999980485915097,-2.9929573956799766e-06
710100,0.11971830752496238,2.633416805267524e-09,0.0,1.09999804859151,-2.992957395829225e-06
710160,0.1197183075259374,2.6322720686655537e-09,0.0,1.09999804859151,-2.9929573959807546e-06
710220,0.11971830752691535,2.631107122065552e-09,0.0,1.09999804859151,-2.99295739613457e-06
710280,0.11971830752789621,2.6299219107747684e-09,0.0,1.09999804859151,-2.9929573962906767e-06
710340,0.11971830752887995,2.6287163800412718e-09,0.0,1.0999980485915102,-2.9929573964490808e-06
710400,0.11971830752986655,2.6274904750539484e-09,0.0,1.0999980485915102,-2.992957396609787e-06
710460,0.119718307530856,2.626244140942503e-09,0.0,1.0999980485915102,-2.9929573967728015e-06
710520,0.11971830753184826,2.6249773227774585e-09,0.0,1.0999980485915104,-2.9929573969381292e-06
710580,0.11971830753284332,2.623689965570156e-09,0.0,1.0999980485915104,-2.9929573971057757e-06
710640,0.11971830753384118,2.622382014272754e-09,0.0,1.0999980485915104,-2.9929573972757464e-06
710700,0.11971830753484178,2.6210534137782304e-09,0.0,1.0999980485915106,-2.992957397448047e-06
710760,0.11971830753584513,2.6197041089203807e-09,0.0,1.0999980485915106,-2.9929573976226826e-06
710820,0.1197183075368512,2.6183340444738185e-09,0.0,1.0999980485915108,-2.992957397799659e-06
710880,0.11971830753785997,2.6169431651539753e-09,0.0,1.0999980485915108,-2.9929573979789815e-06
710940,0.11971830753887143,2.615531415617101e-09,0.0,1.0999980485915108,-2.992957398160656e-06
711000,0.11971830753988555,2.6140987404602636e-09,0.0,1.099998048591511,-2.9929573983446876e-06
711060,0.1197183075409023,2.6126450842213497e-09,0.0,1.099998048591511,-2.992957398531082e-06
711120,0.11971830754192168,2.611170391379063e-09,0.0,1.0999980485915113,-2.992957398719844e-06
711180,0.11971830754294366,2.609674606352927e-09,0.0,1.0999980485915113,-2.99295739891098e-06
711240,0.1197183075439682,2.608157673503282e-09,0.0,1.0999980485915113,-2.9929573991044956e-06
711300,0.11971830754499531,2.606619537131286e-09,0.0,1.0999980485915115,-2.9929573993003957e-06
711360,0.11971830754602496,2.605060141478917e-09,0.0,1.0999980485915115,-2.9929573994986857e-06
711420,0.11971830754705712,2.60347943072897e-09,0.0,1.0999980485915117,-2.992957399699372e-06
711480,0.11971830754809179,2.6018773490050577e-09,0.0,1.0999980485915117,-2.9929573999024595e-06
711540,0.11971830754912892,2.600253840371612e-09,0.0,1.099998048591512,-2.992957400107954e-06
711600,0.1197183075501685,2.598608848833882e-09,0.0,1.099998048591512,-2.9929574003158607e-06
711660,0.11971830755121053,2.5969423183379364e-09,0.0,1.0999980485915122,-2.9929574005261854e-06
711720,0.11971830755225496,2.59525419277066e-09,0.0,1.0999980485915122,-2.9929574007389338e-06
711780,0.11971830755330179,2.593544415959758e-09,0.0,1.0999980485915124,-2.9929574009541115e-06
711840,0.11971830755435098,2.591812931673751e-09,0.0,1.0999980485915124,-2.9929574011717236e-06
711900,0.11971830755540253,2.590059683621981e-09,0.0,1.0999980485915126,-2.992957401391776e-06
711960,0.11971830755645639,2.5882846154546057e-09,0.0,1.0999980485915126,-2.992957401614274e-06
712020,0.11971830755751257,2.586487670762602e-09,0.0,1.0999980485915128,-2.992957401839224e-06
712080,0.11971830755857103,2.5846687930777646e-09,0.0,1.0999980485915128,-2.992957402066631e-06
712140,0.11971830755963177,2.582827925872706e-09,0.0,1.099998048591513,-2.9929574022965e-06
712200,0.11971830756069474,2.5809650125608585e-09,0.0,1.099998048591513,-2.9929574025288376e-06
712260,0.11971830756175994,2.5790799964964705e-09,0.0,1.0999980485915133,-2.992957402763649e-06
712320,0.11971830756282732,2.5771728209746093e-09,0.0,1.0999980485915133,-2.99295740300094e-06
712380,0.1197183075638969,2.575243429231161e-09,0.0,1.0999980485915135,-2.992957403240716e-06
712440,0.11971830756496864,2.573291764442829e-09,0.0,1.0999980485915137,-2.9929574034829826e-06
712500,0.1197183075660425,2.5713177697271354e-09,0.0,1.0999980485915137,-2.9929574037277454e-06
712560,0.11971830756711847,2.56932138814242e-09,0.0,1.099998048591514,-2.99295740397501e-06
712620,0.11971830756819656,2.567302562687841e-09,0.0,1.099998048591514,-2.9929574042247827e-06
712680,0.11971830756927669,2.5652612363033754e-09,0.0,1.0999980485915142,-2.992957404477068e-06
712740,0.1197183075703589,2.5631973518698165e-09,0.0,1.0999980485915144,-2.9929574047318725e-06
712800,0.11971830757144311,2.561110852208778e-09,0.0,1.0999980485915144,-2.9929574049892015e-06
712860,0.11971830757252934,2.5590016800826903e-09,0.0,1.0999980485915146,-2.992957405249061e-06
712920,0.11971830757361755,2.5568697781948023e-09,0.0,1.0999980485915148,-2.992957405511456e-06
712980,0.11971830757470772,2.5547150891891813e-09,0.0,1.0999980485915148,-2.9929574057763925e-06
713040,0.11971830757579985,2.5525375556507123e-09,0.0,1.099998048591515,-2.992957406043876e-06
713100,0.11971830757689388,2.5503371201050988e-09,0.0,1.0999980485915153,-2.9929574063139128e-06
713160,0.1197183075779898,2.5481137250188624e-09,0.0,1.0999980485915153,-2.992957406586508e-06
713220,0.11971830757908761,2.545867312799343e-09,0.0,1.0999980485915155,-2.9929574068616674e-06
713280,0.11971830758018727,2.5435978257946984e-09,0.0,1.0999980485915157,-2.992957407139397e-06
713340,0.11971830758128875,2.5413052062939043e-09,0.0,1.0999980485915157,-2.992957407419702e-06
713400,0.11971830758239205,2.5389893965267554e-09,0.0,1.099998048591516,-2.992957407702588e-06
713460,0.11971830758349712,2.5366503386638636e-09,0.0,1.0999980485915162,-2.9929574079880615e-06
713520,0.11971830758460396,2.5342879748166593e-09,0.0,1.0999980485915164,-2.992957408276128e-06
713580,0.11971830758571254,2.5319022470373916e-09,0.0,1.0999980485915164,-2.9929574085667926e-06
713640,0.11971830758682284,2.529493097319127e-09,0.0,1.0999980485915166,-2.9929574088600616e-06
713700,0.11971830758793484,2.5270604675957507e-09,0.0,1.0999980485915168,-2.9929574091559404e-06
713760,0.11971830758904851,2.5246042997419654e-09,0.0,1.099998048591517,-2.9929574094544352e-06
713820,0.11971830759016383,2.522124535573293e-09,0.0,1.099998048591517,-2.9929574097555512e-06
713880,0.11971830759128078,2.519621116846072e-09,0.0,1.0999980485915173,-2.9929574100592943e-06
713940,0.11971830759239933,2.5170939852574603e-09,0.0,1.0999980485915175,-2.9929574103656703e-06
714000,0.11971830759351948,2.514543082445434e-09,0.0,1.0999980485915177,-2.9929574106746853e-06
714060,0.11971830759464118,2.5119683499887866e-09,0.0,1.099998048591518,-2.9929574109863447e-06
714120,0.1197183075957644,2.50936972940713e-09,0.0,1.099998048591518,-2.992957411300654e-06
714180,0.11971830759688916,2.5067471621608952e-09,0.0,1.0999980485915182,-2.9929574116176198e-06
714240,0.11971830759801541,2.5041005896513293e-09,0.0,1.0999980485915184,-2.992957411937247e-06
714300,0.11971830759914312,2.5014299532205e-09,0.0,1.0999980485915186,-2.992957412259542e-06
714360,0.11971830760027227,2.498735194151291e-09,0.0,1.0999980485915188,-2.9929574125845104e-06
714420,0.11971830760140287,2.496016253667405e-09,0.0,1.099998048591519,-2.9929574129121576e-06
714480,0.11971830760253485,2.493273072933364e-09,0.0,1.0999980485915193,-2.99295741324249e-06
714540,0.11971830760366821,2.4905055930545058e-09,0.0,1.0999980485915193,-2.992957413575513e-06
714600,0.11971830760480293,2.4877137550769883e-09,0.0,1.0999980485915195,-2.992957413911233e-06
714660,0.11971830760593896,2.484897499987787e-09,0.0,1.0999980485915197,-2.9929574142496548e-06
714720,0.11971830760707632,2.4820567687146952e-09,0.0,1.09999804859152,-2.9929574145907854e-06
714780,0.11971830760821496,2.4791915021263245e-09,0.0,1.0999980485915202,-2.9929574149346296e-06
714840,0.11971830760935485,2.476301641032105e-09,0.0,1.0999980485915204,-2.992957415281194e-06
714900,0.119718307610496,2.473387126182285e-09,0.0,1.0999980485915206,-2.9929574156304837e-06
714960,0.11971830761163835,2.47044789826793e-09,0.0,1.0999980485915208,-2.992957415982505e-06
715020,0.11971830761278189,2.467483897920925e-09,0.0,1.099998048591521,-2.992957416337264e-06
715080,0.1197183076139266,2.464495065713971e-09,0.0,1.0999980485915213,-2.992957416694766e-06
715140,0.11971830761507245,2.4614813421605906e-09,0.0,1.0999980485915215,-2.9929574170550173e-06
715200,0.11971830761621942,2.4584426677151213e-09,0.0,1.0999980485915217,-2.9929574174180234e-06
715260,0.1197183076173675,2.4553789827727204e-09,0.0,1.099998048591522,-2.9929574177837905e-06
715320,0.11971830761851664,2.4522902276693632e-09,0.0,1.0999980485915222,-2.9929574181523244e-06
715380,0.11971830761966683,2.4491763426818422e-09,0.0,1.0999980485915224,-2.9929574185236306e-06
715440,0.11971830762081806,2.4460372680277694e-09,0.0,1.0999980485915226,-2.992957418897715e-06
715500,0.11971830762197028,2.4428729438655744e-09,0.0,1.0999980485915228,-2.9929574192745846e-06
715560,0.11971830762312348,2.4396833102945045e-09,0.0,1.099998048591523,-2.992957419654244e-06
715620,0.11971830762427763,2.4364683073546256e-09,0.0,1.0999980485915233,-2.9929574200366995e-06
715680,0.11971830762543272,2.4332278750268218e-09,0.0,1.0999980485915235,-2.9929574204219568e-06
715740,0.11971830762658871,2.429961953232795e-09,0.0,1.0999980485915237,-2.9929574208100224e-06
715800,0.11971830762774559,2.426670481835066e-09,0.0,1.099998048591524,-2.992957421200902e-06
715860,0.11971830762890331,2.4233534006369735e-09,0.0,1.0999980485915242,-2.992957421594601e-06
715920,0.11971830763006187,2.420010649382673e-09,0.0,1.0999980485915244,-2.992957421991126e-06
715980,0.11971830763122125,2.41664216775714e-09,0.0,1.0999980485915246,-2.992957422390483e-06
716040,0.11971830763238142,2.413247895386167e-09,0.0,1.099998048591525,-2.992957422792677e-06
716100,0.11971830763354234,2.4098277718363657e-09,0.0,1.0999980485915253,-2.9929574231977146e-06
716160,0.11971830763470401,2.4063817366151645e-09,0.0,1.0999980485915255,-2.992957423605602e-06
716220,0.11971830763586638,2.4029097291708116e-09,0.0,1.0999980485915257,-2.992957424016345e-06
716280,0.11971830763702944,2.399411688892372e-09,0.0,1.099998048591526,-2.992957424429949e-06
716340,0.11971830763819316,2.3958875551097293e-09,0.0,1.0999980485915262,-2.9929574248464202e-06
716400,0.11971830763935754,2.3923372670935856e-09,0.0,1.0999980485915266,-2.992957425265765e-06
716460,0.11971830764052252,2.388760764055461e-09,0.0,1.0999980485915268,-2.9929574256879894e-06
716520,0.11971830764168809,2.3851579851476936e-09,0.0,1.099998048591527,-2.9929574261130987e-06
716580,0.11971830764285422,2.3815288694634392e-09,0.0,1.0999980485915273,-2.9929574265410994e-06
716640,0.1197183076440209,2.3778733560366727e-09,0.0,1.0999980485915275,-2.9929574269719973e-06
716700,0.11971830764518811,2.3741913838421865e-09,0.0,1.099998048591528,-2.9929574274057985e-06
716760,0.11971830764635578,2.3704828917955913e-09,0.0,1.0999980485915282,-2.9929574278425088e-06
716820,0.11971830764752395,2.366747818753316e-09,0.0,1.0999980485915284,-2.9929574282821345e-06
716880,0.11971830764869254,2.3629861035126083e-09,0.0,1.0999980485915286,-2.9929574287246813e-06
716940,0.11971830764986156,2.3591976848115325e-09,0.0,1.099998048591529,-2.9929574291701554e-06
717000,0.11971830765103096,2.355382501328972e-09,0.0,1.0999980485915293,-2.9929574296185628e-06
717060,0.11971830765220075,2.3515404916846293e-09,0.0,1.0999980485915295,-2.9929574300699094e-06
717120,0.11971830765337087,2.347671594439023e-09,0.0,1.09999804859153,-2.9929574305242015e-06
717180,0.11971830765454129,2.3437757480934912e-09,0.0,1.0999980485915302,-2.992957430981445e-06
717240,0.11971830765571202,2.3398528910901903e-09,0.0,1.0999980485915304,-2.992957431441646e-06
717300,0.11971830765688302,2.335902961812094e-09,0.0,1.0999980485915308,-2.9929574319048106e-06
717360,0.11971830765805426,2.3319258985829943e-09,0.0,1.099998048591531,-2.9929574323709442e-06
717420,0.11971830765922571,2.327921639667502e-09,0.0,1.0999980485915313,-2.992957432840054e-06
717480,0.11971830766039736,2.3238901232710465e-09,0.0,1.0999980485915317,-2.992957433312145e-06
717540,0.11971830766156917,2.319831287539873e-09,0.0,1.099998048591532,-2.992957433787224e-06
717600,0.11971830766274112,2.3157450705610474e-09,0.0,1.0999980485915322,-2.9929574342652966e-06
717660,0.11971830766391318,2.3116314103624524e-09,0.0,1.0999980485915326,-2.992957434746369e-06
717720,0.11971830766508534,2.307490244912789e-09,0.0,1.0999980485915328,-2.9929574352304474e-06
717780,0.11971830766625756,2.303321512121577e-09,0.0,1.0999980485915333,-2.9929574357175375e-06
717840,0.11971830766742982,2.2991251498391537e-09,0.0,1.0999980485915335,-2.992957436207646e-06
717900,0.1197183076686021,2.2949010958566746e-09,0.0,1.099998048591534,-2.992957436700779e-06
717960,0.11971830766977436,2.2906492879061136e-09,0.0,1.0999980485915342,-2.992957437196942e-06
718020,0.11971830767094657,2.2863696636602626e-09,0.0,1.0999980485915344,-2.9929574376961417e-06
718080,0.11971830767211873,2.2820621607327323e-09,0.0,1.0999980485915348,-2.9929574381983835e-06
718140,0.11971830767329081,2.27772671667795e-09,0.0,1.099998048591535,-2.9929574387036743e-06
718200,0.11971830767446276,2.2733632689911626e-09,0.0,1.0999980485915355,-2.99295743921202e-06
718260,0.11971830767563457,2.268971755108435e-09,0.0,1.0999980485915357,-2.9929574397234265e-06
718320,0.11971830767680622,2.2645521124066494e-09,0.0,1.0999980485915362,-2.9929574402379e-06
718380,0.11971830767797767,2.260104278203507e-09,0.0,1.0999980485915364,-2.992957440755447e-06
718440,0.1197183076791489,2.255628189757526e-09,0.0,1.0999980485915368,-2.9929574412760727e-06
718500,0.11971830768031988,2.251123784268045e-09,0.0,1.0999980485915373,-2.9929574417997842e-06
718560,0.1197183076814906,2.2465909988752185e-09,0.0,1.0999980485915375,-2.9929574423265875e-06
718620,0.11971830768266102,2.2420297706600198e-09,0.0,1.099998048591538,-2.9929574428564883e-06
718680,0.11971830768383111,2.237440036644241e-09,0.0,1.0999980485915382,-2.9929574433894936e-06
718740,0.11971830768500086,2.2328217337904917e-09,0.0,1.0999980485915386,-2.9929574439256087e-06
718800,0.11971830768617021,2.2281747990021998e-09,0.0,1.0999980485915388,-2.99295744446484e-06
718860,0.11971830768733918,2.2234991691236115e-09,0.0,1.0999980485915393,-2.992957445007194e-06
718920,0.11971830768850772,2.218794780939791e-09,0.0,1.0999980485915397,-2.9929574455526764e-06
718980,0.1197183076896758,2.214061571176621e-09,0.0,1.09999804859154,-2.992957446101294e-06
719040,0.11971830769084339,2.2092994765008014e-09,0.0,1.0999980485915404,-2.9929574466530526e-06
719100,0.11971830769201049,2.2045084335198513e-09,0.0,1.0999980485915408,-2.9929574472079583e-06
719160,0.11971830769317704,2.1996883787821078e-09,0.0,1.099998048591541,-2.992957447766018e-06
719220,0.11971830769434302,2.194839248776725e-09,0.0,1.0999980485915415,-2.992957448327237e-06
719280,0.11971830769550844,2.1899609799336775e-09,0.0,1.099998048591542,-2.9929574488916222e-06
719340,0.11971830769667322,2.1850535086237557e-09,0.0,1.0999980485915422,-2.992957449459179e-06
719400,0.11971830769783737,2.180116771158569e-09,0.0,1.0999980485915426,-2.9929574500299147e-06
719460,0.11971830769900085,2.1751507037905457e-09,0.0,1.099998048591543,-2.992957450603835e-06
719520,0.11971830770016363,2.170155242712931e-09,0.0,1.0999980485915435,-2.992957451180946e-06
719580,0.11971830770132569,2.1651303240597885e-09,0.0,1.0999980485915437,-2.9929574517612542e-06
719640,0.11971830770248701,2.160075883906001e-09,0.0,1.0999980485915442,-2.9929574523447655e-06
719700,0.11971830770364754,2.154991858267269e-09,0.0,1.0999980485915446,-2.9929574529314866e-06
719760,0.11971830770480726,2.14987818310011e-09,0.0,1.099998048591545,-2.992957453521424e-06
719820,0.11971830770596617,2.144734794301861e-09,0.0,1.0999980485915455,-2.992957454114583e-06
719880,0.11971830770712422,2.1395616277106768e-09,0.0,1.0999980485915457,-2.9929574547109702e-06
719940,0.11971830770828137,2.1343586191055296e-09,0.0,1.0999980485915462,-2.9929574553105925e-06
720000,0.11971830770943763,2.1291257042062113e-09,0.0,1.0999980485915466,-2.9929574559134555e-06
720060,0.11971830771059293,2.123862818673331e-09,0.0,1.099998048591547,-2.992957456519566e-06
720120,0.11971830771174728,2.118569898108315e-09,0.0,1.0999980485915475,-2.99295745712893e-06
720180,0.11971830771290062,2.11324687805341e-09,0.0,1.099998048591548,-2.9929574577415538e-06
720240,0.11971830771405295,2.1078936939916787e-09,0.0,1.0999980485915481,-2.9929574583574437e-06
720300,0.11971830771520424,2.1025102813470033e-09,0.0,1.0999980485915486,-2.9929574589766057e-06
720360,0.11971830771635444,2.0970965754840837e-09,0.0,1.099998048591549,-2.992957459599047e-06
720420,0.11971830771750354,2.091652511708438e-09,0.0,1.0999980485915495,-2.992957460224773e-06
720480,0.11971830771865151,2.0861780252664023e-09,0.0,1.09999804859155,-2.992957460853791e-06
720540,0.11971830772211252,2.082869354238667e-09,0.0,1.0999980485915501,-2.9929574613068374e-06
720600,0.1197183077273705,2.081236679947113e-09,0.0,1.0999980485915501,-2.992957461623894e-06
720660,0.1197183077326542,2.0795989528079405e-09,0.0,1.0999980485915501,-2.9929574619421752e-06
720720,0.11971830773796367,2.0779561825825944e-09,0.0,1.0999980485915501,-2.99295746226168e-06
720780,0.11971830774329896,2.0763083790623553e-09,0.0,1.0999980485915504,-2.992957462582409e-06
720840,0.11971830774866014,2.0746555520683426e-09,0.0,1.0999980485915504,-2.9929574629043623e-06
720900,0.11971830775404724,2.0729977114515123e-09,0.0,1.0999980485915504,-2.9929574632275405e-06
720960,0.11971830775946032,2.071334867092661e-09,0.0,1.0999980485915504,-2.9929574635519435e-06
721020,0.11971830776489943,2.0696670289024204e-09,0.0,1.0999980485915504,-2.992957463877572e-06
721080,0.11971830777036462,2.0679942068212627e-09,0.0,1.0999980485915506,-2.9929574642044253e-06
721140,0.11971830777585594,2.0663164108194972e-09,0.0,1.0999980485915506,-2.992957464532505e-06
721200,0.11971830778137345,2.064633650897271e-09,0.0,1.0999980485915506,-2.99295746486181e-06
721260,0.1197183077869172,2.062945937084569e-09,0.0,1.0999980485915506,-2.9929574651923414e-06
721320,0.11971830779248722,2.0612532794412157e-09,0.0,1.0999980485915506,-2.9929574655240993e-06
721380,0.11971830779808358,2.059555688056871e-09,0.0,1.0999980485915508,-2.992957465857083e-06
721440,0.11971830780370635,2.0578531730510356e-09,0.0,1.0999980485915508,-2.9929574661912944e-06
721500,0.11971830780935554,2.0561457445730463e-09,0.0,1.0999980485915508,-2.992957466526732e-06
721560,0.11971830781503123,2.0544334128020785e-09,0.0,1.0999980485915508,-2.9929574668633973e-06
721620,0.11971830782073348,2.0527161879471463e-09,0.0,1.0999980485915508,-2.9929574672012897e-06
721680,0.11971830782646231,2.0509940802471e-09,0.0,1.099998048591551,-2.99295746754041e-06
721740,0.11971830783221779,2.0492670999706307e-09,0.0,1.099998048591551,-2.992957467880758e-06
721800,0.11971830783799997,2.047535257416265e-09,0.0,1.099998048591551,-2.9929574682223337e-06
721860,0.11971830784380891,2.045798562912369e-09,0.0,1.099998048591551,-2.992957468565138e-06
721920,0.11971830784964464,2.044057026817146e-09,0.0,1.099998048591551,-2.9929574689091707e-06
721980,0.11971830785550724,2.042310659518638e-09,0.0,1.0999980485915513,-2.992957469254432e-06
722040,0.11971830786139674,2.0405594714347247e-09,0.0,1.0999980485915513,-2.992957469600922e-06
722100,0.11971830786731322,2.0388034730131236e-09,0.0,1.0999980485915513,-2.992957469948641e-06
722160,0.1197183078732567,2.0370426747313907e-09,0.0,1.0999980485915513,-2.9929574702975894e-06
722220,0.11971830787922724,2.03527708709692e-09,0.0,1.0999980485915513,-2.9929574706477672e-06
722280,0.1197183078852249,2.0335067206469427e-09,0.0,1.0999980485915515,-2.9929574709991745e-06
722340,0.11971830789124974,2.0317315859485296e-09,0.0,1.0999980485915515,-2.9929574713518117e-06
722400,0.11971830789730178,2.0299516935985875e-09,0.0,1.0999980485915515,-2.9929574717056788e-06
722460,0.11971830790338112,2.0281670542238637e-09,0.0,1.0999980485915515,-2.992957472060776e-06
722520,0.11971830790948777,2.026377678480941e-09,0.0,1.0999980485915515,-2.9929574724171035e-06
722580,0.11971830791562181,2.024583577056242e-09,0.0,1.0999980485915517,-2.992957472774662e-06
722640,0.11971830792178327,2.022784760666026e-09,0.0,1.0999980485915517,-2.9929574731334506e-06
722700,0.11971830792797222,2.0209812400563917e-09,0.0,1.0999980485915517,-2.99295747349347e-06
722760,0.11971830793418871,2.0191730260032757e-09,0.0,1.0999980485915517,-2.9929574738547212e-06
722820,0.1197183079404328,2.017360129312451e-09,0.0,1.0999980485915517,-2.992957474217203e-06
722880,0.11971830794670452,2.01554256081953e-09,0.0,1.099998048591552,-2.9929574745809165e-06
722940,0.11971830795300394,2.0137203313899633e-09,0.0,1.099998048591552,-2.9929574749458614e-06
723000,0.1197183079593311,2.0118934519190396e-09,0.0,1.099998048591552,-2.992957475312038e-06
723060,0.11971830796568607,2.010061933331884e-09,0.0,1.099998048591552,-2.9929574756794466e-06
723120,0.1197183079720689,2.008225786583462e-09,0.0,1.099998048591552,-2.992957476048087e-06
723180,0.11971830797847963,2.006385022658574e-09,0.0,1.0999980485915521,-2.99295747641796e-06
723240,0.11971830798491832,2.004539652571862e-09,0.0,1.0999980485915521,-2.992957476789065e-06
723300,0.11971830799138503,2.002689687367804e-09,0.0,1.0999980485915521,-2.9929574771614028e-06
723360,0.11971830799787979,2.0008351381207165e-09,0.0,1.0999980485915521,-2.992957477534973e-06
723420,0.11971830800440268,1.9989760159347536e-09,0.0,1.0999980485915524,-2.9929574779097763e-06
723480,0.11971830801095375,1.9971123319439077e-09,0.0,1.0999980485915524,-2.9929574782858123e-06
723540,0.11971830801753304,1.9952440973120095e-09,0.0,1.0999980485915524,-2.9929574786630816e-06
723600,0.11971830802414062,1.993371323232728e-09,0.0,1.0999980485915524,-2.992957479041584e-06
723660,0.11971830803077652,1.991494020929569e-09,0.0,1.0999980485915524,-2.99295747942132e-06
723720,0.11971830803744081,1.989612201655877e-09,0.0,1.0999980485915526,-2.9929574798022893e-06
723780,0.11971830804413354,1.9877258766948352e-09,0.0,1.0999980485915526,-2.9929574801844926e-06
723840,0.11971830805085477,1.9858350573594643e-09,0.0,1.0999980485915526,-2.9929574805679296e-06
723900,0.11971830805760454,1.9839397549926223e-09,0.0,1.0999980485915526,-2.9929574809526007e-06
723960,0.11971830806438293,1.9820399809670062e-09,0.0,1.0999980485915526,-2.9929574813385055e-06
724020,0.11971830807118995,1.980135746685151e-09,0.0,1.0999980485915528,-2.992957481725645e-06
724080,0.11971830807802569,1.9782270635794295e-09,0.0,1.0999980485915528,-2.9929574821140184e-06
724140,0.11971830808489019,1.9763139431120523e-09,0.0,1.0999980485915528,-2.9929574825036264e-06
724200,0.1197183080917835,1.974396396775068e-09,0.0,1.0999980485915528,-2.992957482894469e-06
724260,0.11971830809870569,1.9724744360903638e-09,0.0,1.099998048591553,-2.9929574832865466e-06
724320,0.1197183081056568,1.9705480726096645e-09,0.0,1.099998048591553,-2.992957483679859e-06
724380,0.1197183081126369,1.968617317914533e-09,0.0,1.099998048591553,-2.9929574840744062e-06
724440,0.11971830811964601,1.9666821836163702e-09,0.0,1.099998048591553,-2.9929574844701887e-06
724500,0.11971830812668421,1.964742681356415e-09,0.0,1.099998048591553,-2.9929574848672062e-06
724560,0.11971830813375156,1.9627988228057445e-09,0.0,1.0999980485915533,-2.992957485265459e-06
724620,0.1197183081408481,1.960850619665274e-09,0.0,1.0999980485915533,-2.9929574856649473e-06
724680,0.11971830814797389,1.9588980836657564e-09,0.0,1.0999980485915533,-2.992957486065671e-06
724740,0.11971830815512899,1.9569412265677828e-09,0.0,1.0999980485915533,-2.9929574864676305e-06
724800,0.11971830816231344,1.954980060161782e-09,0.0,1.0999980485915535,-2.992957486870826e-06
724860,0.11971830816952729,1.9530145962680215e-09,0.0,1.0999980485915535,-2.9929574872752565e-06
724920,0.11971830817677062,1.951044846736607e-09,0.0,1.0999980485915535,-2.9929574876809235e-06
724980,0.11971830818404347,1.949070823447481e-09,0.0,1.0999980485915535,-2.9929574880878267e-06
725040,0.11971830819134588,1.9470925383104248e-09,0.0,1.0999980485915535,-2.9929574884959657e-06
725100,0.11971830819867793,1.9451100032650578e-09,0.0,1.0999980485915537,-2.992957488905341e-06
725160,0.11971830820603967,1.9431232302808377e-09,0.0,1.0999980485915537,-2.992957489315953e-06
725220,0.11971830821343114,1.9411322313570594e-09,0.0,1.0999980485915537,-2.992957489727801e-06
725280,0.11971830822085242,1.9391370185228564e-09,0.0,1.0999980485915537,-2.9929574901408854e-06
725340,0.11971830822830352,1.9371376038372e-09,0.0,1.099998048591554,-2.992957490555207e-06
725400,0.11971830823578454,1.9351339993889e-09,0.0,1.099998048591554,-2.9929574909707647e-06
725460,0.11971830824329552,1.9331262172966034e-09,0.0,1.099998048591554,-2.9929574913875595e-06
725520,0.1197183082508365,1.931114269708796e-09,0.0,1.099998048591554,-2.9929574918055906e-06
725580,0.11971830825840755,1.9290981688038015e-09,0.0,1.099998048591554,-2.9929574922248592e-06
725640,0.11971830826600874,1.9270779267897815e-09,0.0,1.0999980485915541,-2.9929574926453645e-06
725700,0.11971830827364009,1.925053555904735e-09,0.0,1.0999980485915541,-2.992957493067107e-06
725760,0.11971830828130169,1.9230250684164995e-09,0.0,1.0999980485915541,-2.9929574934900867e-06
725820,0.11971830828899356,1.920992476622752e-09,0.0,1.0999980485915541,-2.9929574939143033e-06
725880,0.11971830829671577,1.9189557928510048e-09,0.0,1.0999980485915544,-2.9929574943397574e-06
725940,0.11971830830446839,1.9169150294586107e-09,0.0,1.0999980485915544,-2.992957494766449e-06
726000,0.11971830831225146,1.914870198832758e-09,0.0,1.0999980485915544,-2.9929574951943776e-06
726060,0.11971830832006504,1.9128213133904763e-09,0.0,1.0999980485915544,-2.992957495623544e-06
726120,0.11971830832790918,1.9107683855786304e-09,0.0,1.0999980485915546,-2.992957496053948e-06
726180,0.11971830833578395,1.908711427873924e-09,0.0,1.0999980485915546,-2.992957496485589e-06
726240,0.11971830834368939,1.906650452782899e-09,0.0,1.0999980485915546,-2.9929574969184683e-06
726300,0.11971830835162556,1.904585472841936e-09,0.0,1.0999980485915546,-2.992957497352585e-06
726360,0.11971830835959252,1.9025165006172524e-09,0.0,1.0999980485915546,-2.9929574977879395e-06
726420,0.11971830836759031,1.900443548704904e-09,0.0,1.0999980485915548,-2.9929574982245317e-06
726480,0.119718308375619,1.898366629730785e-09,0.0,1.0999980485915548,-2.9929574986623617e-06
726540,0.11971830838367865,1.8962857563506276e-09,0.0,1.0999980485915548,-2.9929574991014297e-06
726600,0.11971830839176931,1.8942009412500014e-09,0.0,1.0999980485915548,-2.9929574995417357e-06
726660,0.11971830839989103,1.892112197144315e-09,0.0,1.099998048591555,-2.9929574999832795e-06
726720,0.11971830840804387,1.890019536778815e-09,0.0,1.099998048591555,-2.9929575004260613e-06
726780,0.1197183084162279,1.887922972928584e-09,0.0,1.099998048591555,-2.9929575008700815e-06
726840,0.11971830842444316,1.8858225183985457e-09,0.0,1.099998048591555,-2.9929575013153396e-06
726900,0.11971830843268969,1.8837181860234593e-09,0.0,1.0999980485915553,-2.9929575017618357e-06
726960,0.11971830844096758,1.8816099886679235e-09,0.0,1.0999980485915553,-2.9929575022095697e-06
727020,0.11971830844927686,1.8794979392263743e-09,0.0,1.0999980485915553,-2.9929575026585425e-06
727080,0.1197183084576176,1.8773820506230864e-09,0.0,1.0999980485915553,-2.992957503108753e-06
727140,0.11971830846598987,1.875262335812172e-09,0.0,1.0999980485915555,-2.992957503560202e-06
727200,0.11971830847439369,1.8731388077775815e-09,0.0,1.0999980485915555,-2.992957504012889e-06
727260,0.11971830848282913,1.8710114795331034e-09,0.0,1.0999980485915555,-2.9929575044668147e-06
727320,0.11971830849129628,1.8688803641223636e-09,0.0,1.0999980485915555,-2.992957504921978e-06
727380,0.11971830849979515,1.8667454746188267e-09,0.0,1.0999980485915555,-2.99295750537838e-06
727440,0.11971830850832581,1.8646068241257955e-09,0.0,1.0999980485915557,-2.9929575058360205e-06
727500,0.11971830851688833,1.8624644257764103e-09,0.0,1.0999980485915557,-2.9929575062948994e-06
727560,0.11971830852548275,1.86031829273365e-09,0.0,1.0999980485915557,-2.992957506755016e-06
727620,0.11971830853410914,1.8581684381903307e-09,0.0,1.0999980485915557,-2.9929575072163717e-06
727680,0.11971830854276756,1.8560148753691074e-09,0.0,1.099998048591556,-2.992957507678965e-06
727740,0.11971830855145804,1.8538576175224727e-09,0.0,1.099998048591556,-2.9929575081427975e-06
727800,0.11971830856018068,1.851696677932757e-09,0.0,1.099998048591556,-2.992957508607868e-06
727860,0.11971830856893549,1.8495320699121293e-09,0.0,1.099998048591556,-2.9929575090741767e-06
727920,0.11971830857772255,1.847363806802596e-09,0.0,1.0999980485915561,-2.992957509541724e-06
727980,0.11971830858654192,1.845191901976002e-09,0.0,1.0999980485915561,-2.9929575100105098e-06
728040,0.11971830859539365,1.8430163688340305e-09,0.0,1.0999980485915561,-2.9929575104805334e-06
728100,0.1197183086042778,1.8408372208082016e-09,0.0,1.0999980485915561,-2.992957510951796e-06
728160,0.11971830861319442,1.8386544713598747e-09,0.0,1.0999980485915564,-2.9929575114242967e-06
728220,0.11971830862214358,1.8364681339802468e-09,0.0,1.0999980485915564,-2.9929575118980355e-06
728280,0.11971830863112533,1.8342782221903523e-09,0.0,1.0999980485915564,-2.992957512373013e-06
728340,0.11971830864013973,1.8320847495410645e-09,0.0,1.0999980485915564,-2.9929575128492285e-06
728400,0.11971830864918682,1.8298877296130941e-09,0.0,1.0999980485915566,-2.9929575133266823e-06
728460,0.11971830865826669,1.8276871760169903e-09,0.0,1.0999980485915566,-2.9929575138053745e-06
728520,0.11971830866737937,1.8254831023931402e-09,0.0,1.0999980485915566,-2.992957514285305e-06
728580,0.11971830867652493,1.823275522411769e-09,0.0,1.0999980485915566,-2.9929575147664736e-06
728640,0.11971830868570342,1.8210644497729394e-09,0.0,1.0999980485915568,-2.9929575152488804e-06
728700,0.11971830869491491,1.818849898206553e-09,0.0,1.0999980485915568,-2.9929575157325252e-06
728760,0.11971830870415943,1.8166318814723487e-09,0.0,1.0999980485915568,-2.9929575162174084e-06
728820,0.11971830871343708,1.8144104133599033e-09,0.0,1.0999980485915568,-2.99295751670353e-06
728880,0.11971830872274788,1.8121855076886328e-09,0.0,1.099998048591557,-2.992957517190889e-06
728940,0.11971830873209191,1.8099571783077902e-09,0.0,1.099998048591557,-2.9929575176794864e-06
729000,0.11971830874146921,1.8077254390964664e-09,0.0,1.099998048591557,-2.9929575181693217e-06
729060,0.11971830875087985,1.8054903039635912e-09,0.0,1.099998048591557,-2.992957518660395e-06
729120,0.11971830876032388,1.8032517868479318e-09,0.0,1.0999980485915573,-2.992957519152706e-06
729180,0.11971830876980137,1.8010099017180932e-09,0.0,1.0999980485915573,-2.9929575196462554e-06
729240,0.11971830877931237,1.7987646625725195e-09,0.0,1.0999980485915573,-2.992957520141042e-06
729300,0.11971830878885695,1.7965160834394917e-09,0.0,1.0999980485915573,-2.992957520637067e-06
729360,0.11971830879843515,1.7942641783771293e-09,0.0,1.0999980485915573,-2.992957521134329e-06
729420,0.11971830880804703,1.7920089614733898e-09,0.0,1.0999980485915575,-2.9929575216328293e-06
729480,0.11971830881769265,1.789750446846069e-09,0.0,1.0999980485915575,-2.9929575221325673e-06
729540,0.11971830882737207,1.7874886486428e-09,0.0,1.0999980485915575,-2.9929575226335424e-06
729600,0.11971830883708535,1.785223581041055e-09,0.0,1.0999980485915575,-2.992957523135755e-06
729660,0.11971830884683256,1.7829552582481431e-09,0.0,1.0999980485915577,-2.9929575236392055e-06
729720,0.11971830885661373,1.7806836945012123e-09,0.0,1.0999980485915577,-2.992957524143893e-06
729780,0.11971830886642894,1.778408904067248e-09,0.0,1.0999980485915577,-2.992957524649818e-06
729840,0.11971830887627824,1.776130901243074e-09,0.0,1.0999980485915577,-2.99295752515698e-06
729900,0.1197183088861617,1.7738497003553522e-09,0.0,1.099998048591558,-2.9929575256653795e-06
729960,0.11971830889607936,1.7715653157605823e-09,0.0,1.099998048591558,-2.992957526175016e-06
730020,0.11971830890603129,1.7692777618451021e-09,0.0,1.099998048591558,-2.9929575266858894e-06
730080,0.11971830891601755,1.7669870530250874e-09,0.0,1.099998048591558,-2.992957527198e-06
730140,0.11971830892603819,1.764693203746552e-09,0.0,1.0999980485915581,-2.9929575277113473e-06
730200,0.11971830893609327,1.7623962284853481e-09,0.0,1.0999980485915581,-2.9929575282259313e-06
730260,0.11971830894618286,1.7600961417471652e-09,0.0,1.0999980485915581,-2.9929575287417523e-06
730320,0.119718308956307,1.757792958067532e-09,0.0,1.0999980485915581,-2.99295752925881e-06
730380,0.11971830896646578,1.7554866920118135e-09,0.0,1.0999980485915584,-2.992957529777104e-06
730440,0.11971830897665922,1.7531773581752143e-09,0.0,1.0999980485915584,-2.9929575302966346e-06
730500,0.11971830898688741,1.7508649711827766e-09,0.0,1.0999980485915584,-2.9929575308174015e-06
730560,0.11971830899715039,1.74854954568938e-09,0.0,1.0999980485915584,-2.9929575313394046e-06
730620,0.11971830900744823,1.7462310963797431e-09,0.0,1.0999980485915586,-2.9929575318626444e-06
730680,0.11971830901778098,1.743909637968422e-09,0.0,1.0999980485915586,-2.99295753238712e-06
730740,0.11971830902814871,1.7415851851998106e-09,0.0,1.0999980485915586,-2.9929575329128314e-06
730800,0.11971830903855146,1.739257752848141e-09,0.0,1.0999980485915586,-2.992957533439779e-06
730860,0.11971830904898932,1.7369273557174839e-09,0.0,1.0999980485915588,-2.992957533967962e-06
730920,0.11971830905946232,1.7345940086417473e-09,0.0,1.0999980485915588,-2.9929575344973814e-06
730980,0.11971830906997054,1.7322577264846776e-09,0.0,1.0999980485915588,-2.9929575350280357e-06
731040,0.11971830908051402,1.729918524139859e-09,0.0,1.0999980485915588,-2.992957535559926e-06
731100,0.11971830909109284,1.727576416530714e-09,0.0,1.099998048591559,-2.9929575360930513e-06
731160,0.11971830910170704,1.7252314186105028e-09,0.0,1.099998048591559,-2.9929575366274122e-06
731220,0.11971830911235669,1.722883545362324e-09,0.0,1.099998048591559,-2.992957537163008e-06
731280,0.11971830912304185,1.720532811799114e-09,0.0,1.099998048591559,-2.9929575376998394e-06
731340,0.11971830913376258,1.7181792329636476e-09,0.0,1.0999980485915593,-2.992957538237905e-06
731400,0.11971830914451893,1.7158228239285369e-09,0.0,1.0999980485915593,-2.992957538777206e-06
731460,0.11971830915531097,1.7134635997962326e-09,0.0,1.0999980485915593,-2.9929575393177413e-06
731520,0.11971830916613876,1.7111015756990231e-09,0.0,1.0999980485915593,-2.9929575398595112e-06
731580,0.11971830917700235,1.7087367667990351e-09,0.0,1.0999980485915595,-2.9929575404025157e-06
731640,0.11971830918790181,1.7063691882882336e-09,0.0,1.0999980485915595,-2.9929575409467542e-06
731700,0.1197183091988372,1.7039988553884207e-09,0.0,1.0999980485915595,-2.9929575414922274e-06
731760,0.11971830920980858,1.7016257833512375e-09,0.0,1.0999980485915595,-2.992957542038934e-06
731820,0.119718309220816,1.6992499874581625e-09,0.0,1.0999980485915597,-2.992957542586875e-06
731880,0.11971830923185953,1.696871483020513e-09,0.0,1.0999980485915597,-2.99295754313605e-06
731940,0.11971830924293922,1.694490285379443e-09,0.0,1.0999980485915597,-2.992957543686458e-06
732000,0.11971830925405513,1.6921064099059456e-09,0.0,1.0999980485915597,-2.9929575442381e-06
732060,0.11971830926520734,1.6897198720008522e-09,0.0,1.09999804859156,-2.992957544790975e-06
732120,0.11971830927639589,1.6873306870948306e-09,0.0,1.09999804859156,-2.9929575453450834e-06
732180,0.11971830928762085,1.6849388706483887e-09,0.0,1.09999804859156,-2.992957545900425e-06
732240,0.11971830929888228,1.682544438151871e-09,0.0,1.09999804859156,-2.992957546456999e-06
732300,0.11971830931018022,1.680147405125461e-09,0.0,1.0999980485915601,-2.9929575470148064e-06
732360,0.11971830932151477,1.677747787119179e-09,0.0,1.0999980485915601,-2.9929575475738464e-06
732420,0.11971830933288596,1.6753455997128842e-09,0.0,1.0999980485915601,-2.9929575481341185e-06
732480,0.11971830934429385,1.672940858516274e-09,0.0,1.0999980485915601,-2.992957548695623e-06
732540,0.11971830935573853,1.670533579168883e-09,0.0,1.0999980485915604,-2.99295754925836e-06
732600,0.11971830936722003,1.668123777340085e-09,0.0,1.0999980485915604,-2.9929575498223284e-06
732660,0.11971830937873841,1.6657114687290907e-09,0.0,1.0999980485915604,-2.992957550387529e-06
732720,0.11971830939029375,1.6632966690649493e-09,0.0,1.0999980485915604,-2.992957550953961e-06
732780,0.11971830940188612,1.6608793941065482e-09,0.0,1.0999980485915606,-2.9929575515216247e-06
732840,0.11971830941351554,1.6584596596426125e-09,0.0,1.0999980485915606,-2.99295755209052e-06
732900,0.11971830942518209,1.6560374814917056e-09,0.0,1.0999980485915606,-2.992957552660646e-06
732960,0.11971830943688586,1.6536128755022288e-09,0.0,1.0999980485915606,-2.9929575532320032e-06
733020,0.11971830944862687,1.6511858575524215e-09,0.0,1.0999980485915608,-2.992957553804591e-06
733080,0.1197183094604052,1.6487564435503608e-09,0.0,1.0999980485915608,-2.99295755437841e-06
733140,0.1197183094722209,1.6463246494339624e-09,0.0,1.0999980485915608,-2.992957554953459e-06
733200,0.11971830948407405,1.6438904911709797e-09,0.0,1.0999980485915608,-2.9929575555297385e-06
733260,0.1197183094959647,1.641453984759004e-09,0.0,1.099998048591561,-2.992957556107248e-06
733320,0.1197183095078929,1.639015146225465e-09,0.0,1.099998048591561,-2.9929575566859876e-06
733380,0.11971830951985873,1.6365739916276301e-09,0.0,1.099998048591561,-2.9929575572659566e-06
733440,0.11971830953186224,1.634130537052605e-09,0.0,1.099998048591561,-2.9929575578471554e-06
733500,0.1197183095439035,1.6316847986173333e-09,0.0,1.0999980485915613,-2.9929575584295833e-06
733560,0.11971830955598257,1.6292367924685965e-09,0.0,1.0999980485915613,-2.9929575590132403e-06
733620,0.1197183095680995,1.626786534783014e-09,0.0,1.0999980485915613,-2.9929575595981267e-06
733680,0.11971830958025437,1.624334041767044e-09,0.0,1.0999980485915613,-2.9929575601842413e-06
733740,0.11971830959244721,1.6218793296569822e-09,0.0,1.0999980485915615,-2.992957560771585e-06
733800,0.11971830960467812,1.6194224147189617e-09,0.0,1.0999980485915615,-2.992957561360157e-06
733860,0.11971830961694714,1.6169633132489552e-09,0.0,1.0999980485915615,-2.992957561949957e-06
733920,0.11971830962925434,1.6145020415727716e-09,0.0,1.0999980485915615,-2.9929575625409847e-06
733980,0.11971830964159977,1.612038616046059e-09,0.0,1.0999980485915617,-2.9929575631332403e-06
734040,0.1197183096539835,1.609573053054304e-09,0.0,1.0999980485915617,-2.9929575637267237e-06
734100,0.1197183096664056,1.6071053690128295e-09,0.0,1.0999980485915617,-2.9929575643214344e-06
734160,0.11971830967886612,1.6046355803667983e-09,0.0,1.0999980485915617,-2.992957564917372e-06
734220,0.11971830969136513,1.6021637035912095e-09,0.0,1.099998048591562,-2.9929575655145366e-06
734280,0.11971830970390267,1.5996897551909018e-09,0.0,1.099998048591562,-2.9929575661129277e-06
734340,0.11971830971647883,1.5972137517005509e-09,0.0,1.099998048591562,-2.9929575667125457e-06
734400,0.11971830972909366,1.5947357096846708e-09,0.0,1.099998048591562,-2.9929575673133894e-06
734460,0.11971830974174721,1.5922556457376137e-09,0.0,1.0999980485915621,-2.9929575679154595e-06
734520,0.11971830975443958,1.5897735764835698e-09,0.0,1.0999980485915621,-2.9929575685187554e-06
734580,0.1197183097671708,1.587289518576567e-09,0.0,1.0999980485915621,-2.992957569123277e-06
734640,0.11971830977994093,1.5848034887004717e-09,0.0,1.0999980485915621,-2.9929575697290236e-06
734700,0.11971830979275004,1.582315503568988e-09,0.0,1.0999980485915624,-2.992957570335995e-06
734760,0.11971830980559821,1.5798255799256582e-09,0.0,1.0999980485915624,-2.992957570944192e-06
734820,0.11971830981848547,1.5773337345438626e-09,0.0,1.0999980485915624,-2.9929575715536134e-06
734880,0.1197183098314119,1.5748399842268193e-09,0.0,1.0999980485915624,-2.992957572164259e-06
734940,0.11971830984437758,1.5723443458075847e-09,0.0,1.0999980485915626,-2.992957572776129e-06
735000,0.11971830985738255,1.5698468361490535e-09,0.0,1.0999980485915626,-2.9929575733892228e-06
735060,0.11971830987042686,1.5673474721439575e-09,0.0,1.0999980485915626,-2.99295757400354e-06
735120,0.1197183098835106,1.5648462707148678e-09,0.0,1.0999980485915626,-2.992957574619081e-06
735180,0.11971830989663383,1.5623432488141923e-09,0.0,1.0999980485915628,-2.9929575752358452e-06
735240,0.1197183099097966,1.5598384234241779e-09,0.0,1.0999980485915628,-2.9929575758538324e-06
735300,0.11971830992299896,1.5573318115569086e-09,0.0,1.0999980485915628,-2.9929575764730423e-06
735360,0.11971830993624101,1.5548234302543076e-09,0.0,1.0999980485915628,-2.9929575770934745e-06
735420,0.11971830994952279,1.5523132965881348e-09,0.0,1.099998048591563,-2.992957577715129e-06
735480,0.11971830996284437,1.5498014276599893e-09,0.0,1.099998048591563,-2.992957578338005e-06
735540,0.11971830997620579,1.5472878406013074e-09,0.0,1.099998048591563,-2.992957578962103e-06
735600,0.11971830998960716,1.544772552573364e-09,0.0,1.099998048591563,-2.9929575795874224e-06
735660,0.1197183100030485,1.5422555807672718e-09,0.0,1.0999980485915632,-2.992957580213963e-06
735720,0.11971831001652988,1.5397369424039816e-09,0.0,1.0999980485915632,-2.992957580841724e-06
735780,0.11971831003005139,1.5372166547342818e-09,0.0,1.0999980485915632,-2.992957581470706e-06
735840,0.11971831004361307,1.5346947350387992e-09,0.0,1.0999980485915632,-2.9929575821009084e-06
735900,0.11971831005721498,1.5321712006279993e-09,0.0,1.0999980485915635,-2.9929575827323303e-06
735960,0.1197183100708572,1.5296460688421844e-09,0.0,1.0999980485915635,-2.9929575833649725e-06
736020,0.11971831008453979,1.5271193570514953e-09,0.0,1.0999980485915635,-2.992957583998834e-06
736080,0.1197183100982628,1.5245910826559114e-09,0.0,1.0999980485915635,-2.992957584633915e-06
736140,0.11971831011202629,1.5220612630852491e-09,0.0,1.0999980485915635,-2.9929575852702147e-06
736200,0.11971831012583035,1.5195299157991638e-09,0.0,1.0999980485915637,-2.992957585907733e-06
736260,0.11971831013967503,1.5169970582871482e-09,0.0,1.0999980485915637,-2.9929575865464697e-06
736320,0.11971831015356038,1.5144627080685335e-09,0.0,1.0999980485915637,-2.9929575871864247e-06
736380,0.11971831016748649,1.5119268826924887e-09,0.0,1.0999980485915637,-2.9929575878275973e-06
736440,0.1197183101814534,1.509389599738021e-09,0.0,1.099998048591564,-2.9929575884699875e-06
736500,0.1197183101954612,1.5068508768139753e-09,0.0,1.099998048591564,-2.992957589113595e-06
736560,0.11971831020950992,1.5043107315590352e-09,0.0,1.099998048591564,-2.9929575897584195e-06
736620,0.11971831022359965,1.5017691816417214e-09,0.0,1.099998048591564,-2.9929575904044604e-06
736680,0.11971831023773044,1.4992262447603932e-09,0.0,1.0999980485915641,-2.9929575910517177e-06
736740,0.11971831025190235,1.4966819386432482e-09,0.0,1.0999980485915641,-2.9929575917001913e-06
736800,0.11971831026611547,1.4941362810483215e-09,0.0,1.0999980485915641,-2.9929575923498804e-06
736860,0.11971831028036985,1.4915892897634863e-09,0.0,1.0999980485915641,-2.9929575930007845e-06
736920,0.11971831029466554,1.489040982606454e-09,0.0,1.0999980485915644,-2.992957593652904e-06
736980,0.11971831030900261,1.486491377424774e-09,0.0,1.0999980485915644,-2.992957594306239e-06
737040,0.11971831032338114,1.4839404920958338e-09,0.0,1.0999980485915644,-2.992957594960788e-06
737100,0.11971831033780118,1.4813883445268589e-09,0.0,1.0999980485915644,-2.992957595616551e-06
737160,0.1197183103522628,1.4788349526549124e-09,0.0,1.0999980485915646,-2.992957596273528e-06
737220,0.11971831036676606,1.4762803344468961e-09,0.0,1.0999980485915646,-2.9929575969317183e-06
737280,0.11971831038131103,1.4737245078995496e-09,0.0,1.0999980485915646,-2.9929575975911225e-06
737340,0.11971831039589777,1.47116749103945e-09,0.0,1.0999980485915646,-2.992957598251739e-06
737400,0.11971831041052634,1.4686093019230133e-09,0.0,1.0999980485915648,-2.9929575989135683e-06
737460,0.11971831042519682,1.466049958636493e-09,0.0,1.0999980485915648,-2.99295759957661e-06
737520,0.11971831043990927,1.4634894792959808e-09,0.0,1.0999980485915648,-2.9929576002408635e-06
737580,0.11971831045466373,1.4609278820474063e-09,0.0,1.0999980485915648,-2.9929576009063285e-06
737640,0.1197183104694603,1.4583651850665373e-09,0.0,1.0999980485915648,-2.992957601573005e-06
737700,0.11971831048429903,1.4558014065589797e-09,0.0,1.099998048591565,-2.992957602240892e-06
737760,0.11971831049917997,1.453236564760177e-09,0.0,1.099998048591565,-2.99295760290999e-06
737820,0.1197183105141032,1.450670677935411e-09,0.0,1.099998048591565,-2.9929576035802985e-06
737880,0.1197183105290688,1.4481037643798016e-09,0.0,1.099998048591565,-2.9929576042518165e-06
737940,0.11971831054407679,1.4455358424183068e-09,0.0,1.0999980485915652,-2.9929576049245444e-06
738000,0.11971831055912728,1.4429669304057224e-09,0.0,1.0999980485915652,-2.9929576055984815e-06
738060,0.11971831057422033,1.4403970467266823e-09,0.0,1.0999980485915652,-2.9929576062736274e-06
738120,0.11971831058935598,1.4378262097956585e-09,0.0,1.0999980485915652,-2.992957606949982e-06
738180,0.1197183106045343,1.435254438056961e-09,0.0,1.0999980485915655,-2.9929576076275447e-06
738240,0.11971831061975538,1.4326817499847379e-09,0.0,1.0999980485915655,-2.992957608306315e-06
738300,0.11971831063501927,1.4301081640829749e-09,0.0,1.0999980485915655,-2.992957608986293e-06
738360,0.11971831065032602,1.4275336988854964e-09,0.0,1.0999980485915655,-2.9929576096674783e-06
738420,0.11971831066567572,1.4249583729559646e-09,0.0,1.0999980485915655,-2.9929576103498705e-06
738480,0.11971831068106842,1.4223822048878794e-09,0.0,1.0999980485915657,-2.992957611033469e-06
738540,0.11971831069650418,1.419805213304579e-09,0.0,1.0999980485915657,-2.9929576117182734e-06
738600,0.11971831071198309,1.4172274168592396e-09,0.0,1.0999980485915657,-2.9929576124042837e-06
738660,0.11971831072750519,1.4146488342348759e-09,0.0,1.0999980485915657,-2.9929576130914993e-06
738720,0.11971831074307057,1.4120694841443395e-09,0.0,1.099998048591566,-2.99295761377992e-06
738780,0.11971831075867927,1.4094893853303208e-09,0.0,1.099998048591566,-2.992957614469545e-06
738840,0.11971831077433137,1.4069085565653487e-09,0.0,1.099998048591566,-2.9929576151603743e-06
738900,0.11971831079002694,1.404327016651789e-09,0.0,1.099998048591566,-2.9929576158524074e-06
738960,0.11971831080576603,1.4017447844218461e-09,0.0,1.0999980485915661,-2.992957616545644e-06
739020,0.11971831082154873,1.3991618787375628e-09,0.0,1.0999980485915661,-2.992957617240084e-06
739080,0.11971831083737508,1.396578318490819e-09,0.0,1.0999980485915661,-2.9929576179357265e-06
739140,0.11971831085324516,1.3939941226033339e-09,0.0,1.0999980485915661,-2.9929576186325716e-06
739200,0.11971831086915903,1.3914093100266632e-09,0.0,1.0999980485915661,-2.9929576193306182e-06
739260,0.11971831088511675,1.3888238997422023e-09,0.0,1.0999980485915664,-2.9929576200298668e-06
739320,0.11971831090111841,1.386237910761183e-09,0.0,1.0999980485915664,-2.9929576207303164e-06
739380,0.11971831091716406,1.3836513621246764e-09,0.0,1.0999980485915664,-2.9929576214319668e-06
739440,0.11971831093325376,1.3810642729035909e-09,0.0,1.0999980485915664,-2.9929576221348173e-06
739500,0.11971831094938758,1.3784766621986734e-09,0.0,1.0999980485915666,-2.992957622838868e-06
739560,0.1197183109655656,1.3758885491405083e-09,0.0,1.0999980485915666,-2.992957623544119e-06
739620,0.11971831098178787,1.3732999528895183e-09,0.0,1.0999980485915666,-2.9929576242505684e-06
739680,0.11971831099805445,1.3707108926359646e-09,0.0,1.0999980485915666,-2.992957624958217e-06
739740,0.11971831101436543,1.3681213875999456e-09,0.0,1.0999980485915666,-2.9929576256670637e-06
739800,0.11971831103072086,1.3655314570313983e-09,0.0,1.0999980485915668,-2.9929576263771086e-06
739860,0.11971831104712083,1.3629411202100975e-09,0.0,1.0999980485915668,-2.992957627088351e-06
739920,0.11971831106356537,1.360350396445656e-09,0.0,1.0999980485915668,-2.992957627800791e-06
739980,0.11971831108005457,1.3577593050775248e-09,0.0,1.0999980485915668,-2.9929576285144273e-06
740040,0.11971831109658848,1.3551678654749928e-09,0.0,1.099998048591567,-2.99295762922926e-06
740100,0.11971831111316719,1.352576097037187e-09,0.0,1.099998048591567,-2.9929576299452887e-06
740160,0.11971831112979074,1.3499840191930725e-09,0.0,1.099998048591567,-2.9929576306625134e-06
740220,0.11971831114645923,1.3473916514014524e-09,0.0,1.099998048591567,-2.9929576313809324e-06
740280,0.11971831116317269,1.3447990131509672e-09,0.0,1.099998048591567,-2.9929576321005466e-06
740340,0.11971831117993122,1.3422061239600967e-09,0.0,1.0999980485915672,-2.992957632821355e-06
740400,0.11971831119673486,1.3396130033771574e-09,0.0,1.0999980485915672,-2.9929576335433576e-06
740460,0.1197183112135837,1.337019670980305e-09,0.0,1.0999980485915672,-2.992957634266553e-06
740520,0.11971831123047778,1.3344261463775324e-09,0.0,1.0999980485915672,-2.992957634990942e-06
740580,0.11971831124741719,1.3318324492066712e-09,0.0,1.0999980485915672,-2.992957635716523e-06
740640,0.119718311264402,1.3292385991353901e-09,0.0,1.0999980485915675,-2.9929576364432964e-06
740700,0.11971831128143225,1.3266446158611966e-09,0.0,1.0999980485915675,-2.9929576371712615e-06
740760,0.11971831129850803,1.324050519111436e-09,0.0,1.0999980485915675,-2.992957637900418e-06
740820,0.1197183113156294,1.321456328643292e-09,0.0,1.0999980485915675,-2.9929576386307654e-06
740880,0.11971831133279644,1.3188620642437854e-09,0.0,1.0999980485915675,-2.992957639362303e-06
740940,0.11971831135000918,1.3162677457297758e-09,0.0,1.0999980485915677,-2.9929576400950304e-06
741000,0.11971831136726774,1.313673392947961e-09,0.0,1.0999980485915677,-2.992957640828947e-06
741060,0.11971831138457215,1.311079025774876e-09,0.0,1.0999980485915677,-2.992957641564053e-06
741120,0.11971831140192248,1.3084846641168941e-09,0.0,1.0999980485915677,-2.992957642300348e-06
741180,0.11971831141931881,1.3058903279102276e-09,0.0,1.099998048591568,-2.9929576430378308e-06
741240,0.1197183114367612,1.3032960371209255e-09,0.0,1.099998048591568,-2.992957643776501e-06
741300,0.11971831145424974,1.3007018117448757e-09,0.0,1.099998048591568,-2.992957644516359e-06
741360,0.11971831147178447,1.2981076718078034e-09,0.0,1.099998048591568,-2.9929576452574035e-06
741420,0.11971831148936546,1.2955136373652727e-09,0.0,1.099998048591568,-2.9929576459996344e-06
741480,0.11971831150699278,1.292919728502685e-09,0.0,1.0999980485915681,-2.992957646743051e-06
741540,0.11971831152466651,1.29032596533528e-09,0.0,1.0999980485915681,-2.992957647487653e-06
741600,0.1197183115423867,1.2877323680081357e-09,0.0,1.0999980485915681,-2.9929576482334402e-06
741660,0.11971831156015343,1.2851389566961677e-09,0.0,1.0999980485915681,-2.9929576489804115e-06
741720,0.11971831157796678,1.2825457516041296e-09,0.0,1.0999980485915681,-2.9929576497285673e-06
741780,0.11971831159582678,1.2799527729666138e-09,0.0,1.0999980485915684,-2.992957650477906e-06
741840,0.11971831161373354,1.2773600410480494e-09,0.0,1.0999980485915684,-2.992957651228428e-06
741900,0.11971831163168711,1.2747675761427051e-09,0.0,1.0999980485915684,-2.992957651980133e-06
741960,0.11971831164968755,1.2721753985746861e-09,0.0,1.0999980485915684,-2.9929576527330194e-06
742020,0.11971831166773494,1.269583528697937e-09,0.0,1.0999980485915684,-2.992957653487088e-06
742080,0.11971831168582935,1.2669919868962392e-09,0.0,1.0999980485915686,-2.9929576542423373e-06
742140,0.11971831170397083,1.2644007935832131e-09,0.0,1.0999980485915686,-2.9929576549987674e-06
742200,0.11971831172215947,1.2618099692023165e-09,0.0,1.0999980485915686,-2.9929576557563778e-06
742260,0.11971831174039532,1.259219534226846e-09,0.0,1.0999980485915686,-2.9929576565151677e-06
742320,0.11971831175867846,1.256629509159935e-09,0.0,1.0999980485915686,-2.992957657275137e-06
742380,0.11971831177700896,1.2540399145345563e-09,0.0,1.0999980485915688,-2.9929576580362847e-06
742440,0.11971831179538689,1.2514507709135194e-09,0.0,1.0999980485915688,-2.992957658798611e-06
742500,0.11971831181381232,1.248862098889473e-09,0.0,1.0999980485915688,-2.9929576595621146e-06
742560,0.11971831183228529,1.246273919084903e-09,0.0,1.0999980485915688,-2.9929576603267956e-06
742620,0.1197183118508059,1.2436862521521342e-09,0.0,1.0999980485915688,-2.9929576610926536e-06
742680,0.11971831186937422,1.2410991187733284e-09,0.0,1.0999980485915688,-2.9929576618596872e-06
742740,0.1197183118879903,1.238512539660486e-09,0.0,1.099998048591569,-2.992957662627897e-06
742800,0.1197183119066542,1.2359265355554456e-09,0.0,1.099998048591569,-2.9929576633972816e-06
742860,0.11971831192536603,1.2333411272298835e-09,0.0,1.099998048591569,-2.9929576641678414e-06
742920,0.11971831194412583,1.2307563354853138e-09,0.0,1.099998048591569,-2.992957664939575e-06
742980,0.11971831196293367,1.2281721811530893e-09,0.0,1.099998048591569,-2.9929576657124822e-06
743040,0.11971831198178963,1.2255886850944003e-09,0.0,1.0999980485915692,-2.9929576664865628e-06
743100,0.11971831200069376,1.2230058682002753e-09,0.0,1.0999980485915692,-2.992957667261816e-06
743160,0.11971831201964615,1.220423751391581e-09,0.0,1.0999980485915692,-2.992957668038241e-06
743220,0.11971831203864686,1.217842355619022e-09,0.0,1.0999980485915692,-2.992957668815838e-06
743280,0.11971831205769595,1.2152617018631407e-09,0.0,1.0999980485915692,-2.992957669594606e-06
743340,0.11971831207679351,1.2126818111343177e-09,0.0,1.0999980485915695,-2.9929576703745444e-06
743400,0.1197183120959396,1.210102704472772e-09,0.0,1.0999980485915695,-2.992957671155653e-06
743460,0.11971831211513428,1.20752440294856e-09,0.0,1.0999980485915695,-2.992957671937931e-06
743520,0.11971831213437763,1.2049469276615766e-09,0.0,1.0999980485915695,-2.992957672721378e-06
743580,0.11971831215366972,1.2023702997415542e-09,0.0,1.0999980485915695,-2.9929576735059934e-06
743640,0.11971831217301061,1.1997945403480642e-09,0.0,1.0999980485915695,-2.9929576742917766e-06
743700,0.11971831219240038,1.1972196706705148e-09,0.0,1.0999980485915697,-2.9929576750787273e-06
743760,0.1197183122118391,1.1946457119281534e-09,0.0,1.0999980485915697,-2.992957675866845e-06
743820,0.11971831223132681,1.1920726853700643e-09,0.0,1.0999980485915697,-2.9929576766561284e-06
743880,0.11971831225086363,1.189500612275171e-09,0.0,1.0999980485915697,-2.9929576774465783e-06
743940,0.1197183122704496,1.1869295139522339e-09,0.0,1.0999980485915697,-2.992957678238193e-06
744000,0.11971831229008478,1.1843594117398523e-09,0.0,1.0999980485915697,-2.992957679030972e-06
744060,0.11971831230976927,1.181790327006463e-09,0.0,1.09999804859157,-2.9929576798249155e-06
744120,0.11971831232950311,1.1792222811503415e-09,0.0,1.09999804859157,-2.992957680620023e-06
744180,0.1197183123492864,1.1766552955996002e-09,0.0,1.09999804859157,-2.9929576814162926e-06
744240,0.11971831236911919,1.1740893918121906e-09,0.0,1.09999804859157,-2.992957682213725e-06
744300,0.11971831238900155,1.1715245912759018e-09,0.0,1.09999804859157,-2.9929576830123196e-06
744360,0.11971831240893355,1.168960915508361e-09,0.0,1.09999804859157,-2.992957683812075e-06
744420,0.11971831242891527,1.166398386057033e-09,0.0,1.0999980485915701,-2.9929576846129916e-06
744480,0.11971831244894676,1.1638370244992214e-09,0.0,1.0999980485915701,-2.9929576854150683e-06
744540,0.11971831246902813,1.1612768524420675e-09,0.0,1.0999980485915701,-2.9929576862183045e-06
744600,0.1197183124891594,1.1587178915225504e-09,0.0,1.0999980485915701,-2.9929576870227e-06
744660,0.11971831250934067,1.1561601634074874e-09,0.0,1.0999980485915701,-2.9929576878282537e-06
744720,0.11971831252957202,1.1536036897935338e-09,0.0,1.0999980485915701,-2.9929576886349653e-06
744780,0.1197183125498535,1.1510484924071832e-09,0.0,1.0999980485915704,-2.9929576894428345e-06
744840,0.11971831257018518,1.1484945930047667e-09,0.0,1.0999980485915704,-2.99295769025186e-06
744900,0.11971831259056714,1.1459420133724538e-09,0.0,1.0999980485915704,-2.9929576910620425e-06
744960,0.11971831261099945,1.1433907753262524e-09,0.0,1.0999980485915704,-2.9929576918733802e-06
745020,0.11971831263148218,1.1408409007120073e-09,0.0,1.0999980485915704,-2.992957692685873e-06
745080,0.1197183126520154,1.1382924114054026e-09,0.0,1.0999980485915704,-2.99295769349952e-06
745140,0.11971831267259916,1.1357453293119595e-09,0.0,1.0999980485915706,-2.9929576943143213e-06
745200,0.11971831269323358,1.1331996763670376e-09,0.0,1.0999980485915706,-2.9929576951302757e-06
745260,0.11971831271391868,1.1306554745358347e-09,0.0,1.0999980485915706,-2.992957695947383e-06
745320,0.11971831273465457,1.1281127458133864e-09,0.0,1.0999980485915706,-2.992957696765642e-06
745380,0.11971831275544129,1.1255715122245664e-09,0.0,1.0999980485915706,-2.9929576975850526e-06
745440,0.11971831277627892,1.1230317958240864e-09,0.0,1.0999980485915706,-2.9929576984056145e-06
745500,0.11971831279716753,1.1204936186964958e-09,0.0,1.0999980485915706,-2.9929576992273262e-06
745560,0.11971831281810721,1.117957002956183e-09,0.0,1.0999980485915708,-2.992957700050188e-06
745620,0.11971831283909802,1.1154219707473733e-09,0.0,1.0999980485915708,-2.992957700874199e-06
745680,0.11971831286014002,1.1128885442441307e-09,0.0,1.0999980485915708,-2.992957701699358e-06
745740,0.11971831288123329,1.1103567456503573e-09,0.0,1.0999980485915708,-2.9929577025256653e-06
745800,0.1197183129023779,1.1078265971997925e-09,0.0,1.0999980485915708,-2.9929577033531195e-06
745860,0.11971831292357393,1.1052981211560145e-09,0.0,1.0999980485915708,-2.992957704181721e-06
745920,0.11971831294482144,1.1027713398124392e-09,0.0,1.0999980485915708,-2.992957705011468e-06
745980,0.1197183129661205,1.1002462754923208e-09,0.0,1.099998048591571,-2.992957705842361e-06
746040,0.11971831298747118,1.0977229505487511e-09,0.0,1.099998048591571,-2.9929577066743984e-06
746100,0.11971831300887358,1.09520138736466e-09,0.0,1.099998048591571,-2.9929577075075802e-06
746160,0.11971831303032773,1.092681608352816e-09,0.0,1.099998048591571,-2.9929577083419056e-06
746220,0.11971831305183372,1.0901636359558248e-09,0.0,1.099998048591571,-2.992957709177374e-06
746280,0.11971831307339163,1.0876474926461308e-09,0.0,1.099998048591571,-2.992957710013985e-06
746340,0.11971831309500153,1.085133200926016e-09,0.0,1.099998048591571,-2.9929577108517375e-06
746400,0.11971831311666348,1.0826207833276007e-09,0.0,1.0999980485915712,-2.992957711690631e-06
746460,0.11971831313837755,1.0801102624128433e-09,0.0,1.0999980485915712,-2.992957712530665e-06
746520,0.11971831316014384,1.0776016607735396e-09,0.0,1.0999980485915712,-2.992957713371839e-06
746580,0.11971831318196238,1.0750950010313244e-09,0.0,1.0999980485915712,-2.992957714214152e-06
746640,0.11971831320383326,1.0725903058376696e-09,0.0,1.0999980485915712,-2.9929577150576038e-06
746700,0.11971831322575657,1.070087597873886e-09,0.0,1.0999980485915712,-2.9929577159021934e-06
746760,0.11971831324773237,1.0675868998511214e-09,0.0,1.0999980485915712,-2.9929577167479207e-06
746820,0.11971831326976072,1.0650882345103628e-09,0.0,1.0999980485915712,-2.9929577175947842e-06
746880,0.11971831329184171,1.0625916246224343e-09,0.0,1.0999980485915715,-2.9929577184427836e-06
746940,0.1197183133139754,1.0600970929879984e-09,0.0,1.0999980485915715,-2.992957719291919e-06
747000,0.11971831333616187,1.057604662437556e-09,0.0,1.0999980485915715,-2.9929577201421884e-06
747060,0.11971831335840118,1.0551143558314449e-09,0.0,1.0999980485915715,-2.9929577209935924e-06
747120,0.11971831338069341,1.0526261960598423e-09,0.0,1.0999980485915715,-2.9929577218461294e-06
747180,0.11971831340303864,1.0501402060427625e-09,0.0,1.0999980485915715,-2.9929577226997997e-06
747240,0.11971831342543693,1.0476564087300584e-09,0.0,1.0999980485915715,-2.9929577235546016e-06
747300,0.11971831344788836,1.0451748271014202e-09,0.0,1.0999980485915715,-2.992957724410535e-06
747360,0.11971831347039301,1.042695484166377e-09,0.0,1.0999980485915717,-2.992957725267599e-06
747420,0.11971831349295092,1.0402184029642955e-09,0.0,1.0999980485915717,-2.992957726125794e-06
747480,0.11971831351556221,1.0377436065643803e-09,0.0,1.0999980485915717,-2.9929577269851177e-06
747540,0.11971831353822691,1.0352711180656742e-09,0.0,1.0999980485915717,-2.99295772784557e-06
747600,0.11971831356094512,1.032800960597058e-09,0.0,1.0999980485915717,-2.992957728707151e-06
747660,0.1197183135837169,1.0303331573172507e-09,0.0,1.0999980485915717,-2.992957729569859e-06
747720,0.11971831360654234,1.027867731414809e-09,0.0,1.0999980485915717,-2.992957730433694e-06
747780,0.11971831362942148,1.025404706108128e-09,0.0,1.0999980485915717,-2.9929577312986554e-06
747840,0.11971831365235443,1.0229441046454404e-09,0.0,1.0999980485915717,-2.992957732164742e-06
747900,0.11971831367534123,1.0204859503048173e-09,0.0,1.099998048591572,-2.992957733031953e-06
747960,0.11971831369838197,1.0180302663941677e-09,0.0,1.099998048591572,-2.9929577339002883e-06
748020,0.11971831372147673,1.0155770762512387e-09,0.0,1.099998048591572,-2.992957734769747e-06
748080,0.11971831374462556,1.0131264032436152e-09,0.0,1.099998048591572,-2.9929577356403286e-06
748140,0.11971831376782857,1.0106782707687205e-09,0.0,1.099998048591572,-2.992957736512032e-06
748200,0.11971831379108579,1.0082327022538155e-09,0.0,1.099998048591572,-2.9929577373848565e-06
748260,0.11971831381439732,1.0057897211559995e-09,0.0,1.099998048591572,-2.992957738258802e-06
748320,0.11971831383776324,1.0033493509622094e-09,0.0,1.099998048591572,-2.9929577391338673e-06
748380,0.11971831386118359,1.0009116151892207e-09,0.0,1.099998048591572,-2.9929577400100517e-06
748440,0.11971831388465848,9.984765373836469e-10,0.0,1.099998048591572,-2.9929577408873547e-06
748500,0.11971831390818796,9.960441411219386e-10,0.0,1.0999980485915721,-2.9929577417657757e-06
748560,0.11971831393177211,9.936144500103857e-10,0.0,1.0999980485915721,-2.9929577426453135e-06
748620,0.11971831395541101,9.911874876851154e-10,0.0,1.0999980485915721,-2.992957743525968e-06
748680,0.11971831397910472,9.887632778120927e-10,0.0,1.0999980485915721,-2.9929577444077384e-06
748740,0.11971831400285332,9.863418440871216e-10,0.0,1.0999980485915721,-2.9929577452906237e-06
748800,0.11971831402665689,9.83923210235843e-10,0.0,1.0999980485915721,-2.9929577461746233e-06
748860,0.11971831405051551,9.815074000137366e-10,0.0,1.0999980485915721,-2.9929577470597363e-06
748920,0.11971831407442923,9.790944372061198e-10,0.0,1.0999980485915721,-2.9929577479459623e-06
748980,0.11971831409839814,9.766843456281483e-10,0.0,1.0999980485915721,-2.9929577488333004e-06
749040,0.11971831412242231,9.742771491248156e-10,0.0,1.0999980485915721,-2.9929577497217503e-06
749100,0.11971831414650182,9.718728715709531e-10,0.0,1.0999980485915721,-2.9929577506113107e-06
749160,0.11971831417063673,9.694715368712305e-10,0.0,1.0999980485915721,-2.992957751501981e-06
749220,0.11971831419482712,9.670731689601557e-10,0.0,1.0999980485915724,-2.9929577523937607e-06
749280,0.11971831421907307,9.64677791802074e-10,0.0,1.0999980485915724,-2.992957753286649e-06
749340,0.11971831424337466,9.622854293911693e-10,0.0,1.0999980485915724,-2.9929577541806453e-06
749400,0.11971831426773194,9.598961057514633e-10,0.0,1.0999980485915724,-2.992957755075748e-06
749460,0.11971831429214501,9.575098449368158e-10,0.0,1.0999980485915724,-2.9929577559719578e-06
749520,0.11971831431661394,9.551266710309243e-10,0.0,1.0999980485915724,-2.992957756869273e-06
749580,0.11971831434113878,9.527466081473252e-10,0.0,1.0999980485915724,-2.9929577577676934e-06
749640,0.11971831436571963,9.50369680429392e-10,0.0,1.0999980485915724,-2.9929577586672174e-06
749700,0.11971831439035654,9.479959120503367e-10,0.0,1.0999980485915724,-2.992957759567845e-06
749760,0.11971831441504963,9.456253272132091e-10,0.0,1.0999980485915724,-2.9929577604695756e-06
749820,0.11971831443979893,9.432579501508973e-10,0.0,1.0999980485915724,-2.992957761372408e-06
749880,0.11971831446460453,9.408938051261272e-10,0.0,1.0999980485915724,-2.9929577622763414e-06
749940,0.1197183144894665,9.385329164314626e-10,0.0,1.0999980485915724,-2.9929577631813753e-06
750000,0.11971831451438493,9.36175308389306e-10,0.0,1.0999980485915724,-2.992957764087509e-06
750060,0.11971831453935987,9.338210053518971e-10,0.0,1.0999980485915726,-2.992957764994742e-06
750120,0.11971831456439141,9.314700317013143e-10,0.0,1.0999980485915726,-2.9929577659030726e-06
750180,0.11971831458947964,9.291224118494735e-10,0.0,1.0999980485915726,-2.992957766812501e-06
750240,0.11971831461462461,9.26778170238129e-10,0.0,1.0999980485915726,-2.992957767723026e-06
750300,0.11971831463982639,9.24437331338873e-10,0.0,1.0999980485915726,-2.9929577686346467e-06
750360,0.11971831466508509,9.220999196531355e-10,0.0,1.0999980485915726,-2.9929577695473624e-06
750420,0.11971831469040074,9.19765959712185e-10,0.0,1.0999980485915726,-2.992957770461173e-06
750480,0.11971831471577346,9.174354760771278e-10,0.0,1.0999980485915726,-2.992957771376077e-06
750540,0.11971831474120329,9.151084933389082e-10,0.0,1.0999980485915726,-2.992957772292074e-06
750600,0.11971831476669031,9.127850361183084e-10,0.0,1.0999980485915726,-2.992957773209163e-06
750660,0.11971831479223462,9.104651290659489e-10,0.0,1.0999980485915726,-2.992957774127343e-06
750720,0.11971831481783628,9.081487968622881e-10,0.0,1.0999980485915726,-2.9929577750466137e-06
750780,0.11971831484349535,9.058360642176225e-10,0.0,1.0999980485915726,-2.9929577759669743e-06
750840,0.11971831486921193,9.035269558720865e-10,0.0,1.0999980485915726,-2.9929577768884238e-06
750900,0.11971831489498608,9.012214965956526e-10,0.0,1.0999980485915726,-2.9929577778109612e-06
750960,0.11971831492081787,8.989197111881313e-10,0.0,1.0999980485915726,-2.9929577787345867e-06
751020,0.1197183149467074,8.966216244791714e-10,0.0,1.0999980485915726,-2.992957779659298e-06
751080,0.11971831497265473,8.943272613282592e-10,0.0,1.0999980485915726,-2.9929577805850958e-06
751140,0.11971831499865992,8.920366466247194e-10,0.0,1.0999980485915726,-2.9929577815119785e-06
751200,0.11971831502472308,8.897498052877148e-10,0.0,1.0999980485915726,-2.9929577824399455e-06
751260,0.11971831505084427,8.87466762266246e-10,0.0,1.0999980485915726,-2.9929577833689958e-06
751320,0.11971831507702355,8.851875425391517e-10,0.0,1.0999980485915726,-2.9929577842991286e-06
751380,0.11971831510326102,8.829121711151087e-10,0.0,1.0999980485915726,-2.9929577852303435e-06
751440,0.11971831512955673,8.806406730326317e-10,0.0,1.0999980485915726,-2.9929577861626396e-06
751500,0.11971831515591079,8.783730733600738e-10,0.0,1.0999980485915726,-2.992957787096016e-06
751560,0.11971831518232325,8.761093971956254e-10,0.0,1.0999980485915728,-2.9929577880304717e-06
751620,0.11971831520879418,8.738496696673156e-10,0.0,1.0999980485915728,-2.992957788966006e-06
751680,0.11971831523532368,8.715939159330114e-10,0.0,1.0999980485915728,-2.9929577899026183e-06
751740,0.11971831526191182,8.693421611804175e-10,0.0,1.0999980485915728,-2.9929577908403075e-06
751800,0.11971831528855865,8.670944306270771e-10,0.0,1.0999980485915728,-2.9929577917790732e-06
751860,0.11971831531526429,8.64850749520371e-10,0.0,1.0999980485915728,-2.9929577927189143e-06
751920,0.11971831534202879,8.626111431375184e-10,0.0,1.0999980485915728,-2.99295779365983e-06
751980,0.11971831536885222,8.603756367855762e-10,0.0,1.0999980485915728,-2.992957794601819e-06
752040,0.11971831539573467,8.581442558014397e-10,0.0,1.0999980485915728,-2.9929577955448818e-06
752100,0.11971831542267622,8.559170255518418e-10,0.0,1.0999980485915728,-2.992957796489016e-06
752160,0.11971831544967693,8.536939714333538e-10,0.0,1.0999980485915728,-2.992957797434222e-06
752220,0.11971831547673688,8.514751188723848e-10,0.0,1.0999980485915728,-2.992957798380498e-06
752280,0.11971831550385616,8.49260493325182e-10,0.0,1.0999980485915728,-2.9929577993278444e-06
752340,0.11971831553103483,8.470501202778307e-10,0.0,1.0999980485915728,-2.992957800276259e-06
752400,0.11971831555827298,8.448440252462542e-10,0.0,1.0999980485915728,-2.992957801225742e-06
752460,0.11971831558557068,8.426422337762138e-10,0.0,1.0999980485915728,-2.992957802176292e-06
752520,0.119718315612928,8.404447714433088e-10,0.0,1.0999980485915728,-2.9929578031279087e-06
752580,0.11971831564034505,8.382516638529764e-10,0.0,1.0999980485915728,-2.9929578040805907e-06
752640,0.11971831566782186,8.360629366404923e-10,0.0,1.0999980485915728,-2.992957805034337e-06
752700,0.11971831569535853,8.338786154709697e-10,0.0,1.0999980485915728,-2.9929578059891474e-06
752760,0.11971831572295513,8.316987260393601e-10,0.0,1.0999980485915728,-2.992957806945021e-06
752820,0.11971831575061176,8.295232940704531e-10,0.0,1.0999980485915728,-2.9929578079019566e-06
752880,0.11971831577832846,8.273523453188762e-10,0.0,1.0999980485915728,-2.9929578088599534e-06
752940,0.11971831580610534,8.251859055690949e-10,0.0,1.0999980485915728,-2.9929578098190107e-06
753000,0.11971831583394246,8.230240006354128e-10,0.0,1.0999980485915728,-2.9929578107791276e-06
753060,0.1197183158618399,8.208666563619715e-10,0.0,1.0999980485915728,-2.992957811740303e-06
753120,0.11971831588979773,8.187138986227504e-10,0.0,1.0999980485915728,-2.9929578127025366e-06
753180,0.11971831591781604,8.165657533215677e-10,0.0,1.0999980485915726,-2.992957813665827e-06
753240,0.1197183159458949,8.144222463920787e-10,0.0,1.0999980485915726,-2.9929578146301735e-06
753300,0.11971831597403439,8.122834037977773e-10,0.0,1.0999980485915726,-2.9929578155955755e-06
753360,0.11971831600223458,8.101492515319952e-10,0.0,1.0999980485915726,-2.992957816562032e-06
753420,0.11971831603049557,8.080198156179021e-10,0.0,1.0999980485915726,-2.992957817529542e-06
753480,0.1197183160588174,8.058951221085061e-10,0.0,1.0999980485915726,-2.9929578184981046e-06
753540,0.11971831608720018,8.037751970866528e-10,0.0,1.0999980485915726,-2.992957819467719e-06
753600,0.11971831611564399,8.016600666650263e-10,0.0,1.0999980485915726,-2.9929578204383843e-06
753660,0.11971831614414888,7.995497569861484e-10,0.0,1.0999980485915726,-2.9929578214101e-06
753720,0.11971831617271493,7.97444294222379e-10,0.0,1.0999980485915726,-2.9929578223828645e-06
753780,0.11971831620134225,7.953437045759161e-10,0.0,1.0999980485915726,-2.9929578233566775e-06
753840,0.11971831623003089,7.932480142787958e-10,0.0,1.0999980485915726,-2.992957824331538e-06
753900,0.11971831625878093,7.91157249592892e-10,0.0,1.0999980485915726,-2.992957825307445e-06
753960,0.11971831628759246,7.890714368099169e-10,0.0,1.0999980485915726,-2.9929578262843978e-06
754020,0.11971831631459642,7.86908107081633e-10,0.0,1.0999980485915726,-2.992957827223208e-06
754080,0.11971831632897975,7.841900391045359e-10,0.0,1.0999980485915726,-2.99295782789717e-06
754140,0.11971831634332933,7.814727886414353e-10,0.0,1.0999980485915726,-2.9929578285701738e-06
754200,0.11971831635764495,7.787563697737292e-10,0.0,1.0999980485915726,-2.9929578292422122e-06
754260,0.11971831637192643,7.760407965979622e-10,0.0,1.0999980485915726,-2.9929578299132788e-06
754320,0.11971831638617354,7.733260832258264e-10,0.0,1.0999980485915726,-2.9929578305833665e-06
754380,0.1197183164003861,7.706122437841623e-10,0.0,1.0999980485915726,-2.9929578312524683e-06
754440,0.1197183164145639,7.678992924149565e-10,0.0,1.0999980485915726,-2.9929578319205783e-06
754500,0.11971831642870676,7.651872432753436e-10,0.0,1.0999980485915726,-2.992957832587689e-06
754560,0.11971831644281443,7.624761105376056e-10,0.0,1.0999980485915726,-2.9929578332537937e-06
754620,0.11971831645688674,7.59765908389171e-10,0.0,1.0999980485915726,-2.992957833918886e-06
754680,0.11971831647092349,7.570566510326166e-10,0.0,1.0999980485915726,-2.9929578345829587e-06
754740,0.11971831648492445,7.543483526856662e-10,0.0,1.0999980485915726,-2.9929578352460046e-06
754800,0.11971831649888943,7.516410275811908e-10,0.0,1.0999980485915728,-2.9929578359080176e-06
754860,0.11971831651281824,7.489346899672087e-10,0.0,1.0999980485915728,-2.9929578365689905e-06
754920,0.11971831652671065,7.462293541068858e-10,0.0,1.0999980485915728,-2.9929578372289164e-06
754980,0.11971831654056647,7.435250342785352e-10,0.0,1.0999980485915728,-2.9929578378877886e-06
755040,0.1197183165543855,7.408217447756172e-10,0.0,1.0999980485915728,-2.9929578385456e-06
755100,0.11971831656816752,7.381194999067394e-10,0.0,1.0999980485915728,-2.992957839202344e-06
755160,0.11971831658191233,7.354183139956575e-10,0.0,1.0999980485915728,-2.992957839858013e-06
755220,0.11971831659561973,7.327182013812732e-10,0.0,1.0999980485915728,-2.9929578405126014e-06
755280,0.11971831660928949,7.300191764176369e-10,0.0,1.0999980485915728,-2.9929578411661013e-06
755340,0.11971831662292143,7.273212534739455e-10,0.0,1.0999980485915728,-2.992957841818506e-06
755400,0.11971831663651533,7.246244469345429e-10,0.0,1.0999980485915728,-2.9929578424698082e-06
755460,0.11971831665007099,7.219287711989217e-10,0.0,1.0999980485915728,-2.9929578431200017e-06
755520,0.1197183166635882,7.192342406817205e-10,0.0,1.0999980485915728,-2.9929578437690793e-06
755580,0.11971831667706676,7.165408698127257e-10,0.0,1.0999980485915728,-2.9929578444170336e-06
755640,0.11971831669050643,7.138486730368717e-10,0.0,1.0999980485915728,-2.9929578450638585e-06
755700,0.11971831670390704,7.111576648142385e-10,0.0,1.0999980485915728,-2.992957845709546e-06
755760,0.11971831671726836,7.084678596200554e-10,0.0,1.0999980485915728,-2.99295784635409e-06
755820,0.11971831673059019,7.057792719446978e-10,0.0,1.0999980485915728,-2.9929578469974827e-06
755880,0.11971831674387232,7.030919162936889e-10,0.0,1.0999980485915728,-2.992957847639718e-06
755940,0.11971831675711453,7.00405807187699e-10,0.0,1.0999980485915728,-2.992957848280788e-06
756000,0.11971831677031661,6.977209591625464e-10,0.0,1.0999980485915728,-2.9929578489206862e-06
756060,0.11971831678347837,6.950373867691958e-10,0.0,1.0999980485915728,-2.9929578495594054e-06
756120,0.11971831679659958,6.923551045737595e-10,0.0,1.0999980485915728,-2.9929578501969387e-06
756180,0.11971831680968005,6.896741271574975e-10,0.0,1.0999980485915728,-2.992957850833279e-06
756240,0.11971831682271955,6.869944691168168e-10,0.0,1.099998048591573,-2.9929578514684195e-06
756300,0.11971831683571786,6.843161450632721e-10,0.0,1.099998048591573,-2.9929578521023525e-06
756360,0.1197183168486748,6.816391696235645e-10,0.0,1.099998048591573,-2.9929578527350713e-06
756420,0.11971831686159014,6.789635574395441e-10,0.0,1.099998048591573,-2.992957853366569e-06
756480,0.11971831687446366,6.762893231682067e-10,0.0,1.099998048591573,-2.992957853996838e-06
756540,0.11971831688729516,6.73616481481696e-10,0.0,1.099998048591573,-2.9929578546258716e-06
756600,0.11971831690008443,6.709450470673035e-10,0.0,1.099998048591573,-2.9929578552536627e-06
756660,0.11971831691283123,6.682750346274675e-10,0.0,1.099998048591573,-2.992957855880204e-06
756720,0.11971831692553539,6.656064588797737e-10,0.0,1.099998048591573,-2.9929578565054885e-06
756780,0.11971831693819666,6.629393345569552e-10,0.0,1.099998048591573,-2.992957857129509e-06
756840,0.11971831695081485,6.602736764068926e-10,0.0,1.099998048591573,-2.9929578577522583e-06
756900,0.11971831696338973,6.576094991926135e-10,0.0,1.099998048591573,-2.9929578583737294e-06
756960,0.11971831697592109,6.549468176922931e-10,0.0,1.099998048591573,-2.992957858993915e-06
757020,0.11971831698840872,6.52285646699254e-10,0.0,1.099998048591573,-2.9929578596128077e-06
757080,0.11971831700085239,6.496260010219659e-10,0.0,1.099998048591573,-2.992957860230401e-06
757140,0.11971831701325192,6.469678954840457e-10,0.0,1.099998048591573,-2.9929578608466874e-06
757200,0.11971831702560705,6.443113449242584e-10,0.0,1.099998048591573,-2.992957861461659e-06
757260,0.11971831703791759,6.416563641965149e-10,0.0,1.099998048591573,-2.9929578620753095e-06
757320,0.11971831705018332,6.390029681698753e-10,0.0,1.099998048591573,-2.9929578626876313e-06
757380,0.11971831706240403,6.363511717285455e-10,0.0,1.099998048591573,-2.9929578632986173e-06
757440,0.11971831707457949,6.337009897718794e-10,0.0,1.099998048591573,-2.9929578639082604e-06
757500,0.11971831708670949,6.31052437214378e-10,0.0,1.099998048591573,-2.992957864516553e-06
757560,0.11971831709879381,6.284055289856898e-10,0.0,1.099998048591573,-2.992957865123488e-06
757620,0.11971831711083224,6.25760280030611e-10,0.0,1.099998048591573,-2.992957865729058e-06
757680,0.11971831712282455,6.231167053090843e-10,0.0,1.099998048591573,-2.992957866333256e-06
757740,0.11971831713477052,6.204748197962002e-10,0.0,1.099998048591573,-2.9929578669360746e-06
757800,0.11971831714666996,6.178346384821964e-10,0.0,1.099998048591573,-2.9929578675375065e-06
757860,0.11971831715852262,6.151961763724581e-10,0.0,1.099998048591573,-2.9929578681375446e-06
757920,0.11971831717032828,6.125594484875186e-10,0.0,1.099998048591573,-2.992957868736181e-06
757980,0.11971831718208675,6.099244698630563e-10,0.0,1.099998048591573,-2.992957869333409e-06
758040,0.11971831719379779,6.072912555498991e-10,0.0,1.099998048591573,-2.992957869929221e-06
758100,0.11971831720546118,6.046598206140216e-10,0.0,1.099998048591573,-2.9929578705236098e-06
758160,0.11971831721707671,6.020301801365452e-10,0.0,1.099998048591573,-2.992957871116568e-06
758220,0.11971831722864414,5.994023492137394e-10,0.0,1.099998048591573,-2.992957871708088e-06
758280,0.11971831724016327,5.967763429570204e-10,0.0,1.099998048591573,-2.9929578722981624e-06
758340,0.11971831725163387,5.941521764929517e-10,0.0,1.099998048591573,-2.9929578728867847e-06
758400,0.11971831726305572,5.915298649632453e-10,0.0,1.099998048591573,-2.9929578734739466e-06
758460,0.11971831727442861,5.889094235247591e-10,0.0,1.099998048591573,-2.9929578740596407e-06
758520,0.1197183172857523,5.862908673494991e-10,0.0,1.099998048591573,-2.9929578746438605e-06
758580,0.11971831729702656,5.836742116246178e-10,0.0,1.099998048591573,-2.9929578752265976e-06
758640,0.11971831730825121,5.810594715524167e-10,0.0,1.099998048591573,-2.992957875807845e-06
758700,0.11971831731942598,5.784466623503429e-10,0.0,1.099998048591573,-2.9929578763875956e-06
758760,0.11971831733055067,5.758357992509918e-10,0.0,1.099998048591573,-2.9929578769658412e-06
758820,0.11971831734162505,5.732268975021059e-10,0.0,1.099998048591573,-2.992957877542575e-06
758880,0.11971831735264891,5.706199723665751e-10,0.0,1.099998048591573,-2.992957878117789e-06
758940,0.11971831736362201,5.68015039122436e-10,0.0,1.0999980485915728,-2.9929578786914765e-06
759000,0.11971831737454414,5.654121130628739e-10,0.0,1.0999980485915728,-2.9929578792636294e-06
759060,0.11971831738541505,5.628112094962201e-10,0.0,1.0999980485915728,-2.9929578798342404e-06
759120,0.11971831739623455,5.602123437459538e-10,0.0,1.0999980485915728,-2.992957880403302e-06
759180,0.1197183174070024,5.576155311507015e-10,0.0,1.0999980485915728,-2.992957880970807e-06
759240,0.11971831741771836,5.550207870642371e-10,0.0,1.0999980485915728,-2.9929578815367474e-06
759300,0.11971831742838222,5.524281268554818e-10,0.0,1.0999980485915728,-2.992957882101116e-06
759360,0.11971831743899376,5.498375659085037e-10,0.0,1.0999980485915728,-2.992957882663905e-06
759420,0.11971831744955275,5.472491196225192e-10,0.0,1.0999980485915728,-2.9929578832251072e-06
759480,0.11971831746005894,5.446628034118908e-10,0.0,1.0999980485915728,-2.992957883784715e-06
759540,0.11971831747051213,5.420786327061297e-10,0.0,1.0999980485915728,-2.9929578843427206e-06
759600,0.11971831748091209,5.39496622949893e-10,0.0,1.0999980485915728,-2.9929578848991167e-06
759660,0.1197183174912586,5.369167896029864e-10,0.0,1.0999980485915728,-2.9929578854538953e-06
759720,0.1197183175015514,5.343391481403622e-10,0.0,1.0999980485915728,-2.9929578860070493e-06
759780,0.1197183175117903,5.317637140521203e-10,0.0,1.0999980485915728,-2.992957886558571e-06
759840,0.11971831752197504,5.291905028435078e-10,0.0,1.0999980485915728,-2.992957887108453e-06
759900,0.11971831753210542,5.266195300349192e-10,0.0,1.0999980485915728,-2.992957887656687e-06
759960,0.1197183175421812,5.240508111618962e-10,0.0,1.0999980485915728,-2.9929578882032664e-06
760020,0.11971831755220214,5.214843617751283e-10,0.0,1.0999980485915728,-2.9929578887481826e-06
760080,0.11971831756216801,5.189201974404516e-10,0.0,1.0999980485915728,-2.9929578892914285e-06
760140,0.11971831757207861,5.163583337388499e-10,0.0,1.0999980485915728,-2.9929578898329963e-06
760200,0.11971831758193369,5.137987862664551e-10,0.0,1.0999980485915728,-2.992957890372878e-06
760260,0.119718317591733,5.112415706345446e-10,0.0,1.0999980485915726,-2.9929578909110673e-06
760320,0.11971831760147635,5.08686702469545e-10,0.0,1.0999980485915726,-2.9929578914475546e-06
760380,0.11971831761116349,5.061341974130294e-10,0.0,1.0999980485915726,-2.9929578919823336e-06
760440,0.11971831762079418,5.03584071121718e-10,0.0,1.0999980485915726,-2.9929578925153964e-06
760500,0.1197183176303682,5.010363392674788e-10,0.0,1.0999980485915726,-2.9929578930467346e-06
760560,0.11971831763988532,4.984910175373271e-10,0.0,1.0999980485915726,-2.9929578935763416e-06
760620,0.1197183176493453,4.959481216334252e-10,0.0,1.0999980485915726,-2.9929578941042087e-06
760680,0.11971831765874792,4.934076672730828e-10,0.0,1.0999980485915726,-2.9929578946303284e-06
760740,0.11971831766809293,4.908696701887574e-10,0.0,1.0999980485915726,-2.9929578951546934e-06
760800,0.11971831767738011,4.883341461280535e-10,0.0,1.0999980485915726,-2.9929578956772954e-06
760860,0.11971831768660923,4.858011108537228e-10,0.0,1.0999980485915726,-2.992957896198127e-06
760920,0.11971831769578005,4.832705801436642e-10,0.0,1.0999980485915726,-2.992957896717181e-06
760980,0.11971831770489234,4.807425697909249e-10,0.0,1.0999980485915726,-2.992957897234448e-06
761040,0.11971831771394587,4.78217095603698e-10,0.0,1.0999980485915726,-2.992957897749922e-06
761100,0.11971831772294038,4.756941734053254e-10,0.0,1.0999980485915724,-2.992957898263594e-06
761160,0.11971831773187566,4.73173819034295e-10,0.0,1.0999980485915724,-2.992957898775457e-06
761220,0.11971831774075149,4.706560483442427e-10,0.0,1.0999980485915724,-2.9929578992855024e-06
761280,0.11971831774956761,4.681408772039522e-10,0.0,1.0999980485915724,-2.992957899793723e-06
761340,0.11971831775832378,4.656283214973536e-10,0.0,1.0999980485915724,-2.992957900300111e-06
761400,0.11971831776701979,4.6311839712352446e-10,0.0,1.0999980485915724,-2.992957900804658e-06
761460,0.11971831777565538,4.606111199966907e-10,0.0,1.0999980485915724,-2.992957901307357e-06
761520,0.11971831778423032,4.5810650604622417e-10,0.0,1.0999980485915724,-2.9929579018081995e-06
761580,0.11971831779274439,4.55604571216645e-10,0.0,1.0999980485915724,-2.9929579023071777e-06
761640,0.11971831780119734,4.5310533146762063e-10,0.0,1.0999980485915724,-2.992957902804284e-06
761700,0.11971831780958891,4.5060880277396516e-10,0.0,1.0999980485915724,-2.9929579032995103e-06
761760,0.11971831781791892,4.481150011256408e-10,0.0,1.0999980485915721,-2.992957903792849e-06
761820,0.11971831782618708,4.4562394252775625e-10,0.0,1.0999980485915721,-2.9929579042842915e-06
761880,0.11971831783439318,4.431356430005684e-10,0.0,1.0999980485915721,-2.992957904773831e-06
761940,0.11971831784253698,4.40650118579481e-10,0.0,1.0999980485915721,-2.992957905261459e-06
762000,0.11971831785061822,4.3816738531504526e-10,0.0,1.0999980485915721,-2.992957905747167e-06
762060,0.11971831785863668,4.3568745927295976e-10,0.0,1.0999980485915721,-2.9929579062309477e-06
762120,0.11971831786659212,4.3321035653407037e-10,0.0,1.0999980485915721,-2.9929579067127934e-06
762180,0.11971831787448431,4.3073609319436996e-10,0.0,1.0999980485915721,-2.992957907192696e-06
762240,0.11971831788231299,4.2826468536499956e-10,0.0,1.0999980485915721,-2.992957907670647e-06
762300,0.11971831789007793,4.257961491722467e-10,0.0,1.099998048591572,-2.992957908146639e-06
762360,0.11971831789777888,4.2333050075754677e-10,0.0,1.099998048591572,-2.992957908620664e-06
762420,0.11971831790541564,4.2086775627748165e-10,0.0,1.099998048591572,-2.9929579090927133e-06
762480,0.11971831791298791,4.184079319037822e-10,0.0,1.099998048591572,-2.99295790956278e-06
762540,0.11971831792049549,4.1595104382332503e-10,0.0,1.099998048591572,-2.9929579100308557e-06
762600,0.11971831792793812,4.134971082381348e-10,0.0,1.099998048591572,-2.9929579104969318e-06
762660,0.11971831793531557,4.110461413653834e-10,0.0,1.099998048591572,-2.9929579109610008e-06
762720,0.11971831794262759,4.085981594373899e-10,0.0,1.099998048591572,-2.9929579114230547e-06
762780,0.11971831794987395,4.061531787016208e-10,0.0,1.0999980485915717,-2.9929579118830855e-06
762840,0.1197183179570544,4.037112154206903e-10,0.0,1.0999980485915717,-2.992957912341085e-06
762900,0.11971831796416868,4.012722858723593e-10,0.0,1.0999980485915717,-2.992957912797045e-06
762960,0.11971831797121658,3.9883640634953643e-10,0.0,1.0999980485915717,-2.9929579132509577e-06
763020,0.11971831797819783,3.964035931602776e-10,0.0,1.0999980485915717,-2.992957913702815e-06
763080,0.11971831798511222,3.939738626277859e-10,0.0,1.0999980485915717,-2.9929579141526086e-06
763140,0.11971831799195946,3.9154723109041205e-10,0.0,1.0999980485915717,-2.9929579146003304e-06
763200,0.11971831799873933,3.891237149016537e-10,0.0,1.0999980485915717,-2.9929579150459726e-06
763260,0.1197183180054516,3.867033304301561e-10,0.0,1.0999980485915715,-2.992957915489527e-06
763320,0.11971831801209601,3.8428609405971195e-10,0.0,1.0999980485915715,-2.9929579159309857e-06
763380,0.1197183180186723,3.818720221892607e-10,0.0,1.0999980485915715,-2.9929579163703395e-06
763440,0.11971831802518025,3.794611312328903e-10,0.0,1.0999980485915715,-2.9929579168075817e-06
763500,0.11971831803161961,3.770534376198347e-10,0.0,1.0999980485915715,-2.9929579172427034e-06
763560,0.11971831803799013,3.746489577944761e-10,0.0,1.0999980485915715,-2.9929579176756965e-06
763620,0.11971831804429156,3.722477082163435e-10,0.0,1.0999980485915712,-2.992957918106553e-06
763680,0.11971831805052366,3.6984970536011334e-10,0.0,1.0999980485915712,-2.9929579185352643e-06
763740,0.11971831805668617,3.6745496571560987e-10,0.0,1.0999980485915712,-2.9929579189618224e-06
763800,0.11971831806277887,3.65063505787804e-10,0.0,1.0999980485915712,-2.99295791938622e-06
763860,0.1197183180688015,3.626753420968143e-10,0.0,1.0999980485915712,-2.992957919808447e-06
763920,0.11971831807475379,3.6029049117790697e-10,0.0,1.0999980485915712,-2.992957920228497e-06
763980,0.11971831808063553,3.579089695814948e-10,0.0,1.0999980485915712,-2.9929579206463613e-06
764040,0.11971831808644644,3.555307938731386e-10,0.0,1.099998048591571,-2.9929579210620313e-06
764100,0.11971831809218629,3.5315598063354614e-10,0.0,1.099998048591571,-2.992957921475499e-06
764160,0.11971831809785484,3.507845464585726e-10,0.0,1.099998048591571,-2.992957921886756e-06
764220,0.11971831810345182,3.484165079592207e-10,0.0,1.099998048591571,-2.9929579222957937e-06
764280,0.11971831810897698,3.460518817616401e-10,0.0,1.099998048591571,-2.992957922702605e-06
764340,0.1197183181144301,3.436906845071285e-10,0.0,1.099998048591571,-2.9929579231071805e-06
764400,0.11971831811981089,3.4133293285212984e-10,0.0,1.0999980485915708,-2.9929579235095123e-06
764460,0.11971831812511913,3.389786434682363e-10,0.0,1.0999980485915708,-2.992957923909592e-06
764520,0.11971831813035455,3.3662783304218723e-10,0.0,1.0999980485915708,-2.9929579243074118e-06
764580,0.11971831813551692,3.3428051827586893e-10,0.0,1.0999980485915708,-2.992957924702963e-06
764640,0.11971831814060598,3.319367158863155e-10,0.0,1.0999980485915708,-2.992957925096237e-06
764700,0.11971831814562148,3.295964426057079e-10,0.0,1.0999980485915706,-2.992957925487226e-06
764760,0.11971831815056315,3.272597151813751e-10,0.0,1.0999980485915706,-2.9929579258759216e-06
764820,0.11971831815543077,3.249265503757926e-10,0.0,1.0999980485915706,-2.9929579262623147e-06
764880,0.11971831816022406,3.225969649665839e-10,0.0,1.0999980485915706,-2.992957926646398e-06
764940,0.11971831816494279,3.202709757465193e-10,0.0,1.0999980485915706,-2.9929579270281625e-06
765000,0.1197183181695867,3.179485995235169e-10,0.0,1.0999980485915704,-2.9929579274076002e-06
765060,0.11971831817415553,3.1562985312064193e-10,0.0,1.0999980485915704,-2.9929579277847023e-06
765120,0.11971831817864903,3.133147533761069e-10,0.0,1.0999980485915704,-2.992957928159461e-06
765180,0.11971831818306695,3.1100331714327175e-10,0.0,1.0999980485915704,-2.992957928531867e-06
765240,0.11971831818740904,3.086955612906434e-10,0.0,1.0999980485915704,-2.992957928901913e-06
765300,0.11971831819167503,3.063915027018769e-10,0.0,1.0999980485915701,-2.9929579292695896e-06
765360,0.11971831819586469,3.040911582757739e-10,0.0,1.0999980485915701,-2.992957929634889e-06
765420,0.11971831819997775,3.017945449262838e-10,0.0,1.0999980485915701,-2.9929579299978024e-06
765480,0.11971831820401395,2.99501679582503e-10,0.0,1.0999980485915701,-2.9929579303583212e-06
765540,0.11971831820797305,2.9721257918867537e-10,0.0,1.0999980485915701,-2.992957930716438e-06
765600,0.11971831821185477,2.9492726070419233e-10,0.0,1.09999804859157,-2.992957931072143e-06
765660,0.11971831821565888,2.9264574110359233e-10,0.0,1.09999804859157,-2.9929579314254286e-06
765720,0.11971831821938513,2.903680373765613e-10,0.0,1.09999804859157,-2.9929579317762857e-06
765780,0.11971831822303323,2.880941665279325e-10,0.0,1.09999804859157,-2.9929579321247064e-06
765840,0.11971831822660295,2.858241455776864e-10,0.0,1.09999804859157,-2.992957932470682e-06
765900,0.11971831823009403,2.835579915609511e-10,0.0,1.0999980485915697,-2.992957932814204e-06
765960,0.1197183182335062,2.812957215280017e-10,0.0,1.0999980485915697,-2.9929579331552634e-06
766020,0.11971831823683922,2.790373525442609e-10,0.0,1.0999980485915697,-2.9929579334938526e-06
766080,0.11971831824009282,2.7678290169029844e-10,0.0,1.0999980485915697,-2.9929579338299624e-06
766140,0.11971831824326674,2.745323860618315e-10,0.0,1.0999980485915695,-2.992957934163584e-06
766200,0.11971831824636074,2.72285822769725e-10,0.0,1.0999980485915695,-2.9929579344947096e-06
766260,0.11971831824937454,2.700432289399906e-10,0.0,1.0999980485915695,-2.9929579348233305e-06
766320,0.1197183182523079,2.6780462171378774e-10,0.0,1.0999980485915695,-2.9929579351494377e-06
766380,0.11971831825516054,2.6557001824742274e-10,0.0,1.0999980485915692,-2.992957935473023e-06
766440,0.11971831825793222,2.633394357123498e-10,0.0,1.0999980485915692,-2.9929579357940777e-06
766500,0.11971831826062267,2.6111289129517e-10,0.0,1.0999980485915692,-2.992957936112593e-06
766560,0.11971831826323162,2.58890402197632e-10,0.0,1.0999980485915692,-2.9929579364285604e-06
766620,0.11971831826575884,2.566719856366316e-10,0.0,1.099998048591569,-2.9929579367419715e-06
766680,0.11971831826820405,2.544576588442121e-10,0.0,1.099998048591569,-2.9929579370528178e-06
766740,0.11971831827056698,2.522474390675641e-10,0.0,1.099998048591569,-2.99295793736109e-06
766800,0.11971831827284739,2.5004134356902566e-10,0.0,1.099998048591569,-2.99295793766678e-06
766860,0.11971831827504499,2.478393896260819e-10,0.0,1.0999980485915688,-2.9929579379698787e-06
766920,0.11971831827715955,2.456415945313653e-10,0.0,1.0999980485915688,-2.992957938270378e-06
766980,0.1197183182791908,2.43447975592656e-10,0.0,1.0999980485915688,-2.9929579385682694e-06
767040,0.11971831828113846,2.412585501328811e-10,0.0,1.0999980485915688,-2.992957938863543e-06
767100,0.11971831828300229,2.390733354901152e-10,0.0,1.0999980485915686,-2.9929579391561916e-06
767160,0.11971831828478202,2.368923490175804e-10,0.0,1.0999980485915686,-2.992957939446205e-06
767220,0.11971831828647739,2.347156080836458e-10,0.0,1.0999980485915686,-2.992957939733576e-06
767280,0.11971831828808811,2.3254313007182806e-10,0.0,1.0999980485915686,-2.992957940018295e-06
767340,0.11971831828961396,2.3037493238079118e-10,0.0,1.0999980485915684,-2.9929579403003535e-06
767400,0.11971831829105464,2.2821103242434625e-10,0.0,1.0999980485915684,-2.9929579405797427e-06
767460,0.1197183182924099,2.2605144763145197e-10,0.0,1.0999980485915684,-2.9929579408564535e-06
767520,0.11971831829367947,2.2389619544621424e-10,0.0,1.0999980485915684,-2.992957941130478e-06
767580,0.11971831829486311,2.2174529332788636e-10,0.0,1.0999980485915681,-2.9929579414018068e-06
767640,0.11971831829596051,2.1959875875086898e-10,0.0,1.0999980485915681,-2.9929579416704314e-06
767700,0.11971831829697145,2.1745660920470987e-10,0.0,1.0999980485915681,-2.9929579419363426e-06
767760,0.11971831829789563,2.153188621941044e-10,0.0,1.099998048591568,-2.9929579421995322e-06
767820,0.1197183182987328,2.1318553523889517e-10,0.0,1.099998048591568,-2.9929579424599915e-06
767880,0.1197183182994827,2.1105664587407218e-10,0.0,1.099998048591568,-2.992957942717711e-06
767940,0.11971831830014507,2.0893221164977248e-10,0.0,1.099998048591568,-2.9929579429726823e-06
768000,0.1197183183007196,2.0681225013128088e-10,0.0,1.0999980485915677,-2.992957943224896e-06
768060,0.11971831830120606,2.0469677889902928e-10,0.0,1.0999980485915677,-2.9929579434743444e-06
768120,0.11971831830160418,2.0258581554859698e-10,0.0,1.0999980485915677,-2.9929579437210177e-06
768180,0.11971831830191369,2.004793776907105e-10,0.0,1.0999980485915675,-2.9929579439649077e-06
768240,0.11971831830213431,1.9837748295124387e-10,0.0,1.0999980485915675,-2.992957944206005e-06
768300,0.11971831830226579,1.9628014897121838e-10,0.0,1.0999980485915675,-2.9929579444443013e-06
768360,0.11971831830230785,1.9418739340680258e-10,0.0,1.0999980485915672,-2.992957944679787e-06
768420,0.11971831830226022,1.9209923392931235e-10,0.0,1.0999980485915672,-2.9929579449124534e-06
768480,0.11971831830212264,1.9001568822521106e-10,0.0,1.0999980485915672,-2.9929579451422924e-06
768540,0.11971831830189482,1.879367739961093e-10,0.0,1.0999980485915672,-2.9929579453692943e-06
768600,0.11971831830157652,1.8586250895876508e-10,0.0,1.099998048591567,-2.99295794559345e-06
768660,0.11971831830116746,1.8379291084508352e-10,0.0,1.099998048591567,-2.9929579458147515e-06
768720,0.11971831830066736,1.8172799740211742e-10,0.0,1.099998048591567,-2.992957946033189e-06
768780,0.11971831830007594,1.7966778639206667e-10,0.0,1.0999980485915668,-2.9929579462487538e-06
768840,0.11971831829939296,1.7761229559227844e-10,0.0,1.0999980485915668,-2.9929579464614374e-06
768900,0.11971831829861813,1.7556154279524744e-10,0.0,1.0999980485915668,-2.99295794667123e-06
768960,0.11971831829775119,1.7351554580861557e-10,0.0,1.0999980485915666,-2.9929579468781234e-06
769020,0.11971831829679186,1.7147432245517224e-10,0.0,1.0999980485915666,-2.9929579470821084e-06
769080,0.11971831829573987,1.6943789057285395e-10,0.0,1.0999980485915666,-2.992957947283176e-06
769140,0.11971831829459494,1.6740626801474474e-10,0.0,1.0999980485915664,-2.992957947481317e-06
769200,0.1197183182933568,1.6537947264907586e-10,0.0,1.0999980485915664,-2.9929579476765227e-06
769260,0.11971831829202519,1.6335752235922598e-10,0.0,1.0999980485915664,-2.992957947868784e-06
769320,0.11971831829059983,1.6134043504372095e-10,0.0,1.0999980485915661,-2.9929579480580915e-06
769380,0.11971831828908043,1.593282286162341e-10,0.0,1.0999980485915661,-2.9929579482444367e-06
769440,0.11971831828746675,1.5732092100558615e-10,0.0,1.0999980485915661,-2.9929579484278104e-06
769500,0.11971831828575848,1.5531853015574483e-10,0.0,1.099998048591566,-2.9929579486082034e-06
769560,0.11971831828395538,1.533210740258257e-10,0.0,1.099998048591566,-2.992957948785607e-06
769620,0.11971831828205715,1.5132857059009129e-10,0.0,1.0999980485915657,-2.9929579489600114e-06
769680,0.11971831828006353,1.4934103783795146e-10,0.0,1.0999980485915657,-2.9929579491314085e-06
769740,0.11971831827797423,1.4735849377396356e-10,0.0,1.0999980485915657,-2.9929579492997885e-06
769800,0.11971831827578899,1.4538095641783238e-10,0.0,1.0999980485915655,-2.9929579494651424e-06
769860,0.11971831827350754,1.434084438044096e-10,0.0,1.0999980485915655,-2.9929579496274615e-06
769920,0.11971831827112958,1.4144097398369476e-10,0.0,1.0999980485915655,-2.9929579497867363e-06
769980,0.11971831826865485,1.3947856502083434e-10,0.0,1.0999980485915652,-2.9929579499429575e-06
770040,0.11971831826608306,1.3752123499612246e-10,0.0,1.0999980485915652,-2.9929579500961168e-06
770100,0.11971831826341396,1.3556900200500032e-10,0.0,1.0999980485915652,-2.9929579502462042e-06
770160,0.11971831826064726,1.3362188415805661e-10,0.0,1.099998048591565,-2.992957950393211e-06
770220,0.11971831825778266,1.3167989958102715e-10,0.0,1.099998048591565,-2.992957950537128e-06
770280,0.11971831825481992,1.2974306641479546e-10,0.0,1.0999980485915648,-2.992957950677946e-06
770340,0.11971831825175873,1.2781140281539201e-10,0.0,1.0999980485915648,-2.9929579508156556e-06
770400,0.11971831824859883,1.2588492695399484e-10,0.0,1.0999980485915648,-2.992957950950248e-06
770460,0.11971831824533993,1.2396365701692927e-10,0.0,1.0999980485915646,-2.9929579510817133e-06
770520,0.11971831824198177,1.2204761120566787e-10,0.0,1.0999980485915646,-2.9929579512100434e-06
770580,0.11971831823852407,1.2013680773683066e-10,0.0,1.0999980485915644,-2.992957951335228e-06
770640,0.11971831823496652,1.1823126484218497e-10,0.0,1.0999980485915644,-2.992957951457259e-06
770700,0.11971831823130887,1.1633100076864544e-10,0.0,1.0999980485915644,-2.992957951576126e-06
770760,0.11971831822755083,1.1443603377827387e-10,0.0,1.0999980485915641,-2.9929579516918205e-06
770820,0.11971831822369212,1.1254638214827996e-10,0.0,1.0999980485915641,-2.992957951804333e-06
770880,0.11971831821973246,1.1066206417102002e-10,0.0,1.0999980485915641,-2.9929579519136546e-06
770940,0.11971831821567157,1.087830981539981e-10,0.0,1.099998048591564,-2.9929579520197756e-06
771000,0.11971831821150918,1.0690950241986554e-10,0.0,1.099998048591564,-2.992957952122687e-06
771060,0.11971831820724498,1.0504129530642106e-10,0.0,1.0999980485915637,-2.992957952222379e-06
771120,0.11971831820287872,1.0317849516661053e-10,0.0,1.0999980485915637,-2.992957952318843e-06
771180,0.11971831819841008,1.0132112036852741e-10,0.0,1.0999980485915635,-2.9929579524120696e-06
771240,0.11971831819383882,9.946918929541219e-11,0.0,1.0999980485915635,-2.992957952502049e-06
771300,0.11971831818916465,9.762272034565287e-11,0.0,1.0999980485915635,-2.992957952588772e-06
771360,0.11971831818438727,9.578173193278482e-11,0.0,1.0999980485915632,-2.99295795267223e-06
771420,0.1197183181795064,9.394624248549072e-11,0.0,1.0999980485915632,-2.9929579527524125e-06
771480,0.11971831817452176,9.211627044760042e-11,0.0,1.099998048591563,-2.9929579528293112e-06
771540,0.11971831816943307,9.02918342780915e-11,0.0,1.099998048591563,-2.9929579529029163e-06
771600,0.11971831816424004,8.84729524510884e-11,0.0,1.0999980485915628,-2.992957952973218e-06
771660,0.11971831815894239,8.665964345586316e-11,0.0,1.0999980485915628,-2.9929579530402076e-06
771720,0.11971831815353984,8.485192579683517e-11,0.0,1.0999980485915628,-2.9929579531038757e-06
771780,0.1197183181480321,8.304981799357094e-11,0.0,1.0999980485915626,-2.9929579531642124e-06
771840,0.11971831814241889,8.12533385807846e-11,0.0,1.0999980485915626,-2.992957953221209e-06
771900,0.1197183181366999,7.946250610833749e-11,0.0,1.0999980485915624,-2.9929579532748552e-06
771960,0.11971831813087488,7.767733914123807e-11,0.0,1.0999980485915624,-2.9929579533251427e-06
772020,0.11971831812494353,7.58978562596425e-11,0.0,1.0999980485915621,-2.9929579533720607e-06
772080,0.11971831811890557,7.412407605885416e-11,0.0,1.0999980485915621,-2.992957953415601e-06
772140,0.1197183181127607,7.235601714932357e-11,0.0,1.099998048591562,-2.9929579534557535e-06
772200,0.11971831810650863,7.059369815664884e-11,0.0,1.099998048591562,-2.9929579534925092e-06
772260,0.11971831810014909,6.883713772157525e-11,0.0,1.099998048591562,-2.992957953525858e-06
772320,0.11971831809368179,6.708635449999545e-11,0.0,1.0999980485915617,-2.992957953555791e-06
772380,0.11971831808710644,6.534136716294941e-11,0.0,1.0999980485915617,-2.9929579535822985e-06
772440,0.11971831808042273,6.36021943966245e-11,0.0,1.0999980485915615,-2.992957953605371e-06
772500,0.11971831807363041,6.186885490235545e-11,0.0,1.0999980485915615,-2.9929579536249987e-06
772560,0.11971831806672917,6.014136739662417e-11,0.0,1.0999980485915613,-2.992957953641173e-06
772620,0.11971831805971872,5.841975061106007e-11,0.0,1.0999980485915613,-2.992957953653883e-06
772680,0.11971831805259879,5.670402329243978e-11,0.0,1.099998048591561,-2.9929579536631203e-06
772740,0.11971831804536907,5.49942042026873e-11,0.0,1.099998048591561,-2.992957953668875e-06
772800,0.11971831803802928,5.3290312118873974e-11,0.0,1.0999980485915608,-2.992957953671138e-06
772860,0.11971831803057911,5.1592365833218425e-11,0.0,1.0999980485915608,-2.992957953669899e-06
772920,0.11971831802301831,4.9900384153086825e-11,0.0,1.0999980485915606,-2.9929579536651485e-06
772980,0.11971831801534656,4.8214385900992316e-11,0.0,1.0999980485915606,-2.9929579536568777e-06
773040,0.11971831800756358,4.653438991459568e-11,0.0,1.0999980485915604,-2.9929579536450764e-06
773100,0.11971831799966906,4.4860415046704893e-11,0.0,1.0999980485915604,-2.992957953629735e-06
773160,0.11971831799166274,4.319248016527536e-11,0.0,1.0999980485915601,-2.992957953610844e-06
773220,0.1197183179835443,4.153060415340964e-11,0.0,1.0999980485915601,-2.9929579535883938e-06
773280,0.11971831797531349,3.987480590935784e-11,0.0,1.09999804859156,-2.992957953562375e-06
773340,0.11971831796696997,3.8225104346517227e-11,0.0,1.09999804859156,-2.9929579535327776e-06
773400,0.11971831795851345,3.658151839343259e-11,0.0,1.0999980485915597,-2.992957953499592e-06
773460,0.11971831794994368,3.4944066993795925e-11,0.0,1.0999980485915597,-2.9929579534628093e-06
773520,0.11971831794126034,3.331276910644649e-11,0.0,1.0999980485915595,-2.9929579534224185e-06
773580,0.11971831793246313,3.1687643705371016e-11,0.0,1.0999980485915595,-2.9929579533784114e-06
773640,0.11971831792355177,3.0068709779703525e-11,0.0,1.0999980485915593,-2.992957953330777e-06
773700,0.11971831791452595,2.8455986333725418e-11,0.0,1.0999980485915593,-2.9929579532795067e-06
773760,0.1197183179053854,2.6849492386865297e-11,0.0,1.099998048591559,-2.99295795322459e-06
773820,0.1197183178961298,2.5249246973699096e-11,0.0,1.099998048591559,-2.992957953166018e-06
773880,0.11971831788675887,2.3655269143950444e-11,0.0,1.0999980485915588,-2.99295795310378e-06
773940,0.11971831787727231,2.206757796248978e-11,0.0,1.0999980485915588,-2.9929579530378673e-06
774000,0.11971831786766984,2.048619250933527e-11,0.0,1.0999980485915586,-2.9929579529682695e-06
774060,0.11971831785795115,1.8911131879652197e-11,0.0,1.0999980485915586,-2.992957952894977e-06
774120,0.11971831784811594,1.734241518375328e-11,0.0,1.0999980485915584,-2.9929579528179805e-06
774180,0.11971831783816393,1.5780061547098523e-11,0.0,1.0999980485915584,-2.9929579527372692e-06
774240,0.1197183178280948,1.4224090110295202e-11,0.0,1.0999980485915581,-2.9929579526528345e-06
774300,0.11971831781790829,1.2674520029098164e-11,0.0,1.099998048591558,-2.9929579525646664e-06
774360,0.11971831780760406,1.1131370474409401e-11,0.0,1.099998048591558,-2.9929579524727544e-06
774420,0.11971831779718184,9.594660632278266e-12,0.0,1.0999980485915577,-2.9929579523770892e-06
774480,0.11971831778664133,8.06440970390139e-12,0.0,1.0999980485915577,-2.9929579522776615e-06
774540,0.11971831777598221,6.540636905622864e-12,0.0,1.0999980485915575,-2.9929579521744607e-06
774600,0.11971831776520422,5.0233614689340085e-12,0.0,1.0999980485915575,-2.992957952067477e-06
774660,0.11971831775430704,3.5126026404735783e-12,0.0,1.0999980485915573,-2.9929579519567013e-06
774720,0.11971831774329036,2.0083796820274783e-12,0.0,1.0999980485915573,-2.992957951842123e-06
774780,0.11971831773215391,5.107118705292292e-13,0.0,1.099998048591557,-2.9929579517237325e-06
774840,0.11971831772089737,-9.80381501940472e-13,0.0,1.0999980485915568,-2.9929579516015205e-06
774900,0.11971831770952045,-2.464881128153726e-12,0.0,1.0999980485915568,-2.9929579514754765e-06
774960,0.11971831769802284,-3.942767685735044e-12,0.0,1.0999980485915566,-2.9929579513455903e-06
775020,0.11971831768640424,-5.41402183716176e-12,0.0,1.0999980485915566,-2.992957951211853e-06
775080,0.11971831767466437,-6.878624229763852e-12,0.0,1.0999980485915564,-2.9929579510742543e-06
775140,0.11971831766280291,-8.33655549572394e-12,0.0,1.0999980485915561,-2.992957950932784e-06
775200,0.11971831765081956,-9.787796252077392e-12,0.0,1.0999980485915561,-2.9929579507874324e-06
775260,0.11971831763871403,-1.1232327100712085e-11,0.0,1.099998048591556,-2.99295795063819e-06
775320,0.119718317626486,-1.267012862836857e-11,0.0,1.099998048591556,-2.992957950485046e-06
775380,0.11971831761413519,-1.4101181406640269e-11,0.0,1.0999980485915557,-2.992957950327991e-06
775440,0.11971831760166128,-1.552546599197312e-11,0.0,1.0999980485915555,-2.9929579501670155e-06
775500,0.11971831758906398,-1.6942962925665705e-11,0.0,1.0999980485915555,-2.992957950002109e-06
775560,0.11971831757634299,-1.8353652733869348e-11,0.0,1.0999980485915553,-2.9929579498332613e-06
775620,0.11971831756349799,-1.975751592758802e-11,0.0,1.0999980485915553,-2.9929579496604627e-06
775680,0.1197183175505287,-2.1154533002678293e-11,0.0,1.099998048591555,-2.992957949483704e-06
775740,0.1197183175374348,-2.2544684439849423e-11,0.0,1.0999980485915548,-2.9929579493029737e-06
775800,0.11971831752421598,-2.3927950704663474e-11,0.0,1.0999980485915548,-2.992957949118263e-06
775860,0.11971831751087195,-2.5304312247535e-11,0.0,1.0999980485915546,-2.992957948929561e-06
775920,0.1197183174974024,-2.66737495037313e-11,0.0,1.0999980485915546,-2.992957948736859e-06
775980,0.11971831748380703,-2.8036242893372267e-11,0.0,1.0999980485915544,-2.992957948540145e-06
776040,0.11971831747008553,-2.9391772821430625e-11,0.0,1.0999980485915541,-2.992957948339411e-06
776100,0.1197183174562376,-3.074031967773163e-11,0.0,1.0999980485915541,-2.992957948134646e-06
776160,0.11971831744226293,-3.2081863836953134e-11,0.0,1.099998048591554,-2.99295794792584e-06
776220,0.1197183174281612,-3.341638565862585e-11,0.0,1.0999980485915537,-2.992957947712983e-06
776280,0.11971831741393214,-3.474386548713301e-11,0.0,1.0999980485915537,-2.992957947496065e-06
776340,0.11971831739957542,-3.606428365171058e-11,0.0,1.0999980485915535,-2.9929579472750756e-06
776400,0.11971831738509073,-3.737762046644715e-11,0.0,1.0999980485915533,-2.992957947050005e-06
776460,0.11971831737047778,-3.868385623028405e-11,0.0,1.0999980485915533,-2.9929579468208432e-06
776520,0.11971831735573625,-3.9982971227015134e-11,0.0,1.099998048591553,-2.9929579465875797e-06
776580,0.11971831734086583,-4.127494572528718e-11,0.0,1.099998048591553,-2.992957946350205e-06
776640,0.11971831732586621,-4.255975997859927e-11,0.0,1.0999980485915528,-2.9929579461087083e-06
776700,0.11971831731073711,-4.3837394225303405e-11,0.0,1.0999980485915526,-2.9929579458630798e-06
776760,0.11971831729547819,-4.5107828688604233e-11,0.0,1.0999980485915526,-2.9929579456133097e-06
776820,0.11971831728008915,-4.637104357655903e-11,0.0,1.0999980485915524,-2.9929579453593874e-06
776880,0.11971831726456969,-4.762701908207768e-11,0.0,1.0999980485915521,-2.992957945101303e-06
776940,0.1197183172489195,-4.887573538292278e-11,0.0,1.0999980485915521,-2.9929579448390457e-06
777000,0.11971831723313826,-5.011717264170971e-11,0.0,1.099998048591552,-2.992957944572606e-06
777060,0.11971831721722567,-5.135131100590631e-11,0.0,1.0999980485915517,-2.9929579443019735e-06
777120,0.11971831720118141,-5.2578130607833195e-11,0.0,1.0999980485915517,-2.9929579440271384e-06
777180,0.11971831718500517,-5.3797611564663635e-11,0.0,1.0999980485915515,-2.9929579437480897e-06
777240,0.11971831716869666,-5.500973397842356e-11,0.0,1.0999980485915513,-2.9929579434648178e-06
777300,0.11971831715225555,-5.621447793599158e-11,0.0,1.099998048591551,-2.9929579431773124e-06
777360,0.11971831713568153,-5.741182350909897e-11,0.0,1.099998048591551,-2.992957942885563e-06
777420,0.11971831711897428,-5.860175075432963e-11,0.0,1.0999980485915508,-2.9929579425895596e-06
777480,0.11971831710213351,-5.978423971312024e-11,0.0,1.0999980485915506,-2.992957942289292e-06
777540,0.11971831708515891,-6.095927041175993e-11,0.0,1.0999980485915506,-2.9929579419847497e-06
777600,0.11971831706805014,-6.21268228613907e-11,0.0,1.0999980485915504,-2.9929579416759223e-06
777660,0.1197183170508069,-6.328687705800716e-11,0.0,1.0999980485915501,-2.9929579413628e-06
777720,0.1197183170334289,-6.443941298245656e-11,0.0,1.0999980485915501,-2.9929579410453728e-06
777780,0.1197183170159158,-6.558441060043878e-11,0.0,1.09999804859155,-2.9929579407236294e-06
777840,0.11971831699826728,-6.672184986250646e-11,0.0,1.0999980485915497,-2.9929579403975603e-06
777900,0.11971831698048306,-6.785171070406487e-11,0.0,1.0999980485915495,-2.9929579400671548e-06
777960,0.11971831696256278,-6.897397304537192e-11,0.0,1.0999980485915495,-2.9929579397324027e-06
778020,0.11971831694450619,-7.008861679153817e-11,0.0,1.0999980485915493,-2.9929579393932935e-06
778080,0.1197183169263129,-7.119562183252687e-11,0.0,1.099998048591549,-2.992957939049817e-06
778140,0.11971831690798265,-7.229496804315398e-11,0.0,1.0999980485915488,-2.992957938701963e-06
778200,0.1197183168895151,-7.338663528308808e-11,0.0,1.0999980485915488,-2.992957938349721e-06
778260,0.11971831687090996,-7.44706033968504e-11,0.0,1.0999980485915486,-2.9929579379930807e-06
778320,0.11971831685216688,-7.554685221381487e-11,0.0,1.0999980485915484,-2.992957937632032e-06
778380,0.11971831683328557,-7.661536154820809e-11,0.0,1.0999980485915484,-2.9929579372665636e-06
778440,0.1197183168142657,-7.767611119910932e-11,0.0,1.0999980485915481,-2.992957936896666e-06
778500,0.11971831679510696,-7.872908095045041e-11,0.0,1.099998048591548,-2.9929579365223286e-06
778560,0.11971831677580903,-7.9774250571016e-11,0.0,1.0999980485915477,-2.992957936143541e-06
778620,0.1197183167563716,-8.081159981444333e-11,0.0,1.0999980485915475,-2.9929579357602925e-06
778680,0.11971831673679433,-8.184110841922227e-11,0.0,1.0999980485915475,-2.992957935372573e-06
778740,0.11971831671707693,-8.286275610869545e-11,0.0,1.0999980485915473,-2.9929579349803717e-06
778800,0.11971831669721907,-8.38765225910581e-11,0.0,1.099998048591547,-2.992957934583678e-06
778860,0.11971831667722042,-8.488238755935813e-11,0.0,1.0999980485915468,-2.9929579341824827e-06
778920,0.11971831665708069,-8.588033069149615e-11,0.0,1.0999980485915468,-2.992957933776774e-06
778980,0.11971831663679955,-8.687033165022534e-11,0.0,1.0999980485915466,-2.992957933366542e-06
779040,0.11971831661637666,-8.785237008315163e-11,0.0,1.0999980485915464,-2.992957932951776e-06
779100,0.11971831659581172,-8.882642562273363e-11,0.0,1.0999980485915462,-2.992957932532466e-06
779160,0.11971831657510441,-8.979247788628252e-11,0.0,1.0999980485915462,-2.9929579321086005e-06
779220,0.11971831655425441,-9.075050647596225e-11,0.0,1.099998048591546,-2.99295793168017e-06
779280,0.1197183165332614,-9.170049097878939e-11,0.0,1.0999980485915457,-2.9929579312471633e-06
779340,0.11971831651212506,-9.264241096663314e-11,0.0,1.0999980485915455,-2.9929579308095704e-06
779400,0.11971831649084505,-9.357624599621543e-11,0.0,1.0999980485915453,-2.9929579303673807e-06
779460,0.11971831646942108,-9.450197560911088e-11,0.0,1.0999980485915453,-2.992957929920583e-06
779520,0.1197183164478528,-9.541957933174663e-11,0.0,1.099998048591545,-2.992957929469168e-06
779580,0.1197183164261399,-9.632903667540262e-11,0.0,1.0999980485915448,-2.9929579290131236e-06
779640,0.11971831640428207,-9.723032713621144e-11,0.0,1.0999980485915446,-2.9929579285524402e-06
779700,0.11971831638227898,-9.81234301951583e-11,0.0,1.0999980485915444,-2.992957928087107e-06
779760,0.11971831636013029,-9.900832531808111e-11,0.0,1.0999980485915442,-2.992957927617114e-06
779820,0.11971831633783571,-9.98849919556704e-11,0.0,1.0999980485915442,-2.9929579271424493e-06
779880,0.1197183163153949,-1.0075340954346946e-10,0.0,1.099998048591544,-2.992957926663103e-06
779940,0.11971831629280752,-1.0161355750187413e-10,0.0,1.0999980485915437,-2.992957926179065e-06
780000,0.11971831627007327,-1.0246541523613303e-10,0.0,1.0999980485915435,-2.992957925690324e-06
780060,0.11971831624719181,-1.0330896213634731e-10,0.0,1.0999980485915433,-2.9929579251968696e-06
780120,0.11971831622416283,-1.0414417757747092e-10,0.0,1.0999980485915433,-2.992957924698691e-06
780180,0.11971831620098601,-1.0497104091931042e-10,0.0,1.099998048591543,-2.9929579241957775e-06
780240,0.119718316177661,-1.0578953150652502e-10,0.0,1.0999980485915428,-2.992957923688119e-06
780300,0.1197183161541875,-1.0659962866862658e-10,0.0,1.0999980485915426,-2.992957923175704e-06
780360,0.11971831613056517,-1.0740131171997971e-10,0.0,1.0999980485915424,-2.9929579226585224e-06
780420,0.11971831610679369,-1.0819455995980162e-10,0.0,1.0999980485915422,-2.9929579221365633e-06
780480,0.11971831608287273,-1.0897935267216218e-10,0.0,1.099998048591542,-2.9929579216098164e-06
780540,0.11971831605880197,-1.0975566912598393e-10,0.0,1.099998048591542,-2.99295792107827e-06
780600,0.11971831603458108,-1.1052348857504214e-10,0.0,1.0999980485915417,-2.9929579205419145e-06
780660,0.11971831601020974,-1.1128279025796467e-10,0.0,1.0999980485915415,-2.992957920000739e-06
780720,0.1197183159856876,-1.1203355339823205e-10,0.0,1.0999980485915413,-2.9929579194547317e-06
780780,0.11971831596101436,-1.1277575720417754e-10,0.0,1.099998048591541,-2.9929579189038833e-06
780840,0.11971831593618969,-1.1350938086898699e-10,0.0,1.0999980485915408,-2.9929579183481818e-06
780900,0.11971831591121324,-1.1423440357069896e-10,0.0,1.0999980485915406,-2.9929579177876175e-06
780960,0.1197183158860847,-1.1495080447220466e-10,0.0,1.0999980485915404,-2.992957917222179e-06
781020,0.11971831586080373,-1.1565856272124799e-10,0.0,1.0999980485915404,-2.9929579166518556e-06
781080,0.11971831583537001,-1.163576574504255e-10,0.0,1.0999980485915402,-2.9929579160766364e-06
781140,0.11971831580978322,-1.1704806777718636e-10,0.0,1.09999804859154,-2.992957915496511e-06
781200,0.119718315784043,-1.1772977280383247e-10,0.0,1.0999980485915397,-2.9929579149114684e-06
781260,0.11971831575814906,-1.184027516175184e-10,0.0,1.0999980485915395,-2.9929579143214977e-06
781320,0.11971831573210104,-1.1906698329025132e-10,0.0,1.0999980485915393,-2.9929579137265883e-06
781380,0.11971831570589862,-1.1972244687889114e-10,0.0,1.099998048591539,-2.992957913126729e-06
781440,0.11971831567954147,-1.2036912142515036e-10,0.0,1.0999980485915388,-2.9929579125219093e-06
781500,0.11971831565302926,-1.2100698595559424e-10,0.0,1.0999980485915386,-2.992957911912118e-06
781560,0.11971831562636166,-1.216360194816406e-10,0.0,1.0999980485915384,-2.9929579112973444e-06
781620,0.11971831559953834,-1.2225620099956004e-10,0.0,1.0999980485915382,-2.992957910677578e-06
781680,0.11971831557255896,-1.2286750949047572e-10,0.0,1.0999980485915382,-2.992957910052808e-06
781740,0.1197183155454232,-1.2346992392036352e-10,0.0,1.099998048591538,-2.9929579094230223e-06
781800,0.11971831551813071,-1.24063423240052e-10,0.0,1.0999980485915377,-2.992957908788211e-06
781860,0.11971831549068117,-1.2464798638522232e-10,0.0,1.0999980485915375,-2.992957908148363e-06
781920,0.11971831546307425,-1.2522359227640836e-10,0.0,1.0999980485915373,-2.9929579075034678e-06
781980,0.11971831543530961,-1.2579021981899668e-10,0.0,1.099998048591537,-2.992957906853514e-06
782040,0.11971831540738692,-1.2634784790322647e-10,0.0,1.0999980485915368,-2.9929579061984907e-06
782100,0.11971831537930584,-1.2689645540418958e-10,0.0,1.0999980485915366,-2.992957905538387e-06
782160,0.11971831535106606,-1.2743602118183056e-10,0.0,1.0999980485915364,-2.9929579048731916e-06
782220,0.1197183153226672,-1.2796652408094658e-10,0.0,1.0999980485915362,-2.992957904202894e-06
782280,0.11971831529410898,-1.2848794293118756e-10,0.0,1.099998048591536,-2.9929579035274837e-06
782340,0.11971831526539103,-1.2900025654705596e-10,0.0,1.0999980485915357,-2.9929579028469486e-06
782400,0.11971831523651302,-1.2950344372790702e-10,0.0,1.0999980485915355,-2.9929579021612784e-06
782460,0.11971831520747461,-1.2999748325794861e-10,0.0,1.0999980485915353,-2.992957901470462e-06
782520,0.11971831517827548,-1.304823539062412e-10,0.0,1.099998048591535,-2.9929579007744885e-06
782580,0.1197183151489153,-1.3095803442669804e-10,0.0,1.0999980485915348,-2.9929579000733464e-06
782640,0.11971831511939371,-1.3142450355808495e-10,0.0,1.0999980485915346,-2.9929578993670256e-06
782700,0.11971831508971038,-1.3188174002402048e-10,0.0,1.0999980485915344,-2.992957898655514e-06
782760,0.11971831505986498,-1.3232972253297584e-10,0.0,1.0999980485915342,-2.9929578979388014e-06
782820,0.11971831502985718,-1.3276842977827481e-10,0.0,1.099998048591534,-2.9929578972168765e-06
782880,0.11971831499968662,-1.33197840438094e-10,0.0,1.0999980485915337,-2.992957896489728e-06
782940,0.11971831496935298,-1.3361793317546252e-10,0.0,1.0999980485915335,-2.9929578957573447e-06
783000,0.11971831493885592,-1.3402868663826229e-10,0.0,1.0999980485915333,-2.9929578950197158e-06
783060,0.1197183149081951,-1.3443007945922777e-10,0.0,1.099998048591533,-2.9929578942768306e-06
783120,0.11971831487737017,-1.3482209025594618e-10,0.0,1.0999980485915328,-2.9929578935286777e-06
783180,0.1197183148463808,-1.3520469763085738e-10,0.0,1.0999980485915326,-2.9929578927752458e-06
783240,0.11971831481522667,-1.3557788017125387e-10,0.0,1.0999980485915324,-2.9929578920165236e-06
783300,0.11971831478390743,-1.3594161644928082e-10,0.0,1.0999980485915322,-2.9929578912525007e-06
783360,0.11971831475242271,-1.362958850219361e-10,0.0,1.099998048591532,-2.9929578904831653e-06
783420,0.11971831472077221,-1.3664066443107024e-10,0.0,1.0999980485915317,-2.9929578897085066e-06
783480,0.11971831468895558,-1.3697593320338637e-10,0.0,1.0999980485915315,-2.9929578889285134e-06
783540,0.11971831465697247,-1.3730166985044037e-10,0.0,1.0999980485915313,-2.9929578881431745e-06
783600,0.11971831462482253,-1.3761785286864073e-10,0.0,1.099998048591531,-2.992957887352479e-06
783660,0.11971831459250545,-1.3792446073924867e-10,0.0,1.0999980485915308,-2.9929578865564154e-06
783720,0.11971831456002087,-1.3822147192837798e-10,0.0,1.0999980485915306,-2.9929578857549723e-06
783780,0.11971831452736843,-1.3850886488699522e-10,0.0,1.0999980485915304,-2.992957884948139e-06
783840,0.11971831449454783,-1.3878661805091953e-10,0.0,1.0999980485915302,-2.9929578841359044e-06
783900,0.1197183144615587,-1.3905470984082276e-10,0.0,1.09999804859153,-2.9929578833182567e-06
783960,0.1197183144284007,-1.393131186622294e-10,0.0,1.0999980485915297,-2.9929578824951846e-06
784020,0.1197183143950735,-1.3956182290551667e-10,0.0,1.0999980485915295,-2.992957881666678e-06
784080,0.11971831436157673,-1.3980080094591437e-10,0.0,1.0999980485915293,-2.9929578808327245e-06
784140,0.11971831432791007,-1.40030031143505e-10,0.0,1.099998048591529,-2.992957879993313e-06
784200,0.11971831429407317,-1.4024949184322378e-10,0.0,1.0999980485915286,-2.992957879148433e-06
784260,0.1197183142600657,-1.4045916137485848e-10,0.0,1.0999980485915284,-2.9929578782980724e-06
784320,0.11971831422588729,-1.4065901805304965e-10,0.0,1.0999980485915282,-2.99295787744222e-06
784380,0.11971831419153761,-1.4084904017729042e-10,0.0,1.099998048591528,-2.9929578765808656e-06
784440,0.11971831415701632,-1.4102920603192666e-10,0.0,1.0999980485915277,-2.9929578757139964e-06
784500,0.11971831412232306,-1.4119949388615683e-10,0.0,1.0999980485915275,-2.992957874841602e-06
784560,0.1197183140874575,-1.4135988199403214e-10,0.0,1.0999980485915273,-2.992957873963671e-06
784620,0.11971831405241928,-1.4151034859445638e-10,0.0,1.099998048591527,-2.992957873080192e-06
784680,0.11971831401720807,-1.4165087191118607e-10,0.0,1.0999980485915268,-2.9929578721911534e-06
784740,0.11971831398182352,-1.4178143015283037e-10,0.0,1.0999980485915266,-2.992957871296544e-06
784800,0.11971831394626528,-1.419020015128511e-10,0.0,1.0999980485915264,-2.992957870396353e-06
784860,0.11971831391053299,-1.4201256416956276e-10,0.0,1.099998048591526,-2.992957869490568e-06
784920,0.11971831387462632,-1.4211309628613252e-10,0.0,1.0999980485915257,-2.9929578685791783e-06
784980,0.11971831383854493,-1.422035760105802e-10,0.0,1.0999980485915255,-2.992957867662173e-06
785040,0.11971831380228845,-1.4228398147577828e-10,0.0,1.0999980485915253,-2.9929578667395396e-06
785100,0.11971831376585655,-1.423542907994519e-10,0.0,1.099998048591525,-2.9929578658112673e-06
785160,0.11971831372924888,-1.4241448208417896e-10,0.0,1.0999980485915248,-2.992957864877345e-06
785220,0.11971831369246508,-1.4246453341738985e-10,0.0,1.0999980485915246,-2.9929578639377605e-06
785280,0.11971831365550481,-1.425044228713678e-10,0.0,1.0999980485915242,-2.992957862992503e-06
785340,0.11971831361836771,-1.425341285032486e-10,0.0,1.099998048591524,-2.992957862041561e-06
785400,0.11971831358105345,-1.4255362835502074e-10,0.0,1.0999980485915237,-2.9929578610849234e-06
785460,0.11971831354356167,-1.425629004535254e-10,0.0,1.0999980485915235,-2.992957860122578e-06
785520,0.11971831350589202,-1.4256192281045632e-10,0.0,1.0999980485915233,-2.9929578591545133e-06
785580,0.11971831346804415,-1.4255067342236008e-10,0.0,1.099998048591523,-2.9929578581807185e-06
785640,0.11971831343001771,-1.4252913027063576e-10,0.0,1.0999980485915228,-2.992957857201182e-06
785700,0.11971831339181235,-1.4249727132153522e-10,0.0,1.0999980485915224,-2.992957856215892e-06
785760,0.11971831335342771,-1.4245507452616292e-10,0.0,1.0999980485915222,-2.9929578552248374e-06
785820,0.11971831331486346,-1.4240251782047602e-10,0.0,1.099998048591522,-2.9929578542280062e-06
785880,0.11971831327611923,-1.423395791252843e-10,0.0,1.0999980485915217,-2.9929578532253873e-06
785940,0.11971831323719469,-1.422662363462503e-10,0.0,1.0999980485915215,-2.9929578522169687e-06
786000,0.11971831319808945,-1.421824673738891e-10,0.0,1.099998048591521,-2.9929578512027395e-06
786060,0.11971831315880319,-1.4208825008356857e-10,0.0,1.0999980485915208,-2.992957850182688e-06
786120,0.11971831311933555,-1.4198356233550912e-10,0.0,1.0999980485915206,-2.9929578491568026e-06
786180,0.11971831307968617,-1.4186838197478397e-10,0.0,1.0999980485915204,-2.992957848125071e-06
786240,0.1197183130398547,-1.4174268683131887e-10,0.0,1.0999980485915202,-2.992957847087483e-06
786300,0.11971831299984079,-1.416064547198923e-10,0.0,1.0999980485915197,-2.9929578460440264e-06
786360,0.11971831295964408,-1.4145966344013545e-10,0.0,1.0999980485915195,-2.992957844994689e-06
786420,0.11971831291926421,-1.4130229077653207e-10,0.0,1.0999980485915193,-2.9929578439394604e-06
786480,0.11971831287870086,-1.4113431449841864e-10,0.0,1.099998048591519,-2.992957842878328e-06
786540,0.11971831283795363,-1.4095571235998433e-10,0.0,1.0999980485915188,-2.9929578418112804e-06
786600,0.11971831279702219,-1.407664621002709e-10,0.0,1.0999980485915184,-2.9929578407383065e-06
786660,0.11971831275590619,-1.4056654144317287e-10,0.0,1.0999980485915182,-2.992957839659394e-06
786720,0.11971831271460526,-1.4035592809743732e-10,0.0,1.099998048591518,-2.992957838574532e-06
786780,0.11971831267311904,-1.401345997566641e-10,0.0,1.0999980485915177,-2.992957837483708e-06
786840,0.1197183126314472,-1.3990253409930565e-10,0.0,1.0999980485915173,-2.9929578363869114e-06
786900,0.11971831258958936,-1.3965970878866708e-10,0.0,1.099998048591517,-2.9929578352841296e-06
786960,0.11971831254754516,-1.3940610147290624e-10,0.0,1.0999980485915168,-2.992957834175351e-06
787020,0.11971831250531426,-1.3914168978503357e-10,0.0,1.0999980485915166,-2.9929578330605643e-06
787080,0.1197183124628963,-1.388664513429122e-10,0.0,1.0999980485915162,-2.992957831939758e-06
787140,0.1197183124202909,-1.3858036374925793e-10,0.0,1.099998048591516,-2.9929578308129196e-06
787200,0.11971831237749775,-1.3828340459163921e-10,0.0,1.0999980485915157,-2.9929578296800385e-06
787260,0.11971831233451645,-1.3797555144247718e-10,0.0,1.0999980485915155,-2.992957828541102e-06
787320,0.11971831229134665,-1.3765678185904564e-10,0.0,1.099998048591515,-2.992957827396099e-06
787380,0.119718312247988,-1.3732707338347102e-10,0.0,1.0999980485915148,-2.992957826245017e-06
787440,0.11971831220444014,-1.369864035427325e-10,0.0,1.0999980485915146,-2.992957825087845e-06
787500,0.1197183121607027,-1.366347498486618e-10,0.0,1.0999980485915142,-2.992957823924571e-06
787560,0.11971831213553867,-1.371034852114393e-10,0.0,1.0999980485915142,-2.9929578233288957e-06
787620,0.11971831211867782,-1.379375331214954e-10,0.0,1.099998048591514,-2.9929578229867926e-06
787680,0.11971831210180477,-1.387684369113257e-10,0.0,1.099998048591514,-2.9929578226440085e-06
787740,0.11971831208491969,-1.3959619714845934e-10,0.0,1.0999980485915137,-2.992957822300548e-06
787800,0.11971831206802273,-1.404208144128026e-10,0.0,1.0999980485915137,-2.992957821956415e-06
787860,0.11971831205111406,-1.4124228929663862e-10,0.0,1.0999980485915135,-2.992957821611614e-06
787920,0.11971831203419385,-1.4206062240462776e-10,0.0,1.0999980485915135,-2.9929578212661485e-06
787980,0.11971831201726225,-1.4287581435380735e-10,0.0,1.0999980485915133,-2.9929578209200233e-06
788040,0.11971831200031942,-1.4368786577359195e-10,0.0,1.0999980485915133,-2.992957820573242e-06
788100,0.11971831198336554,-1.4449677730577283e-10,0.0,1.099998048591513,-2.99295782022581e-06
788160,0.11971831196640076,-1.4530254960451863e-10,0.0,1.099998048591513,-2.9929578198777302e-06
788220,0.11971831194942525,-1.46105183336375e-10,0.0,1.0999980485915128,-2.992957819529008e-06
788280,0.11971831193243918,-1.4690467918026452e-10,0.0,1.0999980485915128,-2.9929578191796468e-06
788340,0.11971831191544269,-1.4770103782748694e-10,0.0,1.0999980485915126,-2.992957818829651e-06
788400,0.11971831189843597,-1.4849425998171913e-10,0.0,1.0999980485915126,-2.992957818479025e-06
788460,0.11971831188141918,-1.4928434635901483e-10,0.0,1.0999980485915126,-2.9929578181277733e-06
788520,0.1197183118643925,-1.5007129768780492e-10,0.0,1.0999980485915124,-2.9929578177759e-06
788580,0.11971831184735605,-1.5085511470889737e-10,0.0,1.0999980485915124,-2.9929578174234095e-06
788640,0.11971831183031005,-1.5163579817547726e-10,0.0,1.0999980485915122,-2.9929578170703056e-06
788700,0.11971831181325462,-1.524133488531066e-10,0.0,1.0999980485915122,-2.9929578167165935e-06
788760,0.11971831179618997,-1.531877675197246e-10,0.0,1.099998048591512,-2.9929578163622767e-06
788820,0.11971831177911624,-1.5395905496564735e-10,0.0,1.099998048591512,-2.99295781600736e-06
788880,0.11971831176203361,-1.547272119935682e-10,0.0,1.0999980485915117,-2.9929578156518477e-06
788940,0.11971831174494224,-1.5549223941855735e-10,0.0,1.0999980485915117,-2.9929578152957445e-06
789000,0.11971831172784231,-1.5625413806806226e-10,0.0,1.0999980485915115,-2.992957814939054e-06
789060,0.11971831171073397,-1.5701290878190734e-10,0.0,1.0999980485915115,-2.992957814581781e-06
789120,0.1197183116936174,-1.5776855241229407e-10,0.0,1.0999980485915113,-2.9929578142239297e-06
789180,0.11971831167649277,-1.5852106982380094e-10,0.0,1.0999980485915113,-2.992957813865505e-06
789240,0.11971831165936025,-1.5927046189338364e-10,0.0,1.099998048591511,-2.992957813506511e-06
789300,0.11971831164222001,-1.6001672951037473e-10,0.0,1.099998048591511,-2.992957813146952e-06
789360,0.11971831162507222,-1.6075987357648403e-10,0.0,1.099998048591511,-2.9929578127868324e-06
789420,0.11971831160791706,-1.614998950057983e-10,0.0,1.0999980485915108,-2.992957812426157e-06
789480,0.11971831159075468,-1.6223679472478134e-10,0.0,1.0999980485915108,-2.99295781206493e-06
789540,0.11971831157358526,-1.6297057367227408e-10,0.0,1.0999980485915106,-2.992957811703156e-06
789600,0.11971831155640898,-1.6370123279949457e-10,0.0,1.0999980485915106,-2.992957811340839e-06
789660,0.119718311539226,-1.6442877307003754e-10,0.0,1.0999980485915104,-2.9929578109779843e-06
789720,0.11971831152203652,-1.6515319545987541e-10,0.0,1.0999980485915104,-2.992957810614596e-06
789780,0.11971831150484068,-1.6587450095735713e-10,0.0,1.0999980485915102,-2.992957810250678e-06
789840,0.11971831148763866,-1.6659269056320888e-10,0.0,1.0999980485915102,-2.992957809886236e-06
789900,0.11971831147043065,-1.6730776529053397e-10,0.0,1.0999980485915102,-2.9929578095212735e-06
789960,0.11971831145321679,-1.680197261648127e-10,0.0,1.09999804859151,-2.9929578091557958e-06
790020,0.1197183114359973,-1.6872857422390245e-10,0.0,1.09999804859151,-2.992957808789807e-06
790080,0.11971831141877233,-1.694343105180376e-10,0.0,1.0999980485915097,-2.9929578084233113e-06
790140,0.11971831140154204,-1.701369361098297e-10,0.0,1.0999980485915097,-2.992957808056314e-06
790200,0.11971831138430664,-1.7083645207426724e-10,0.0,1.0999980485915095,-2.9929578076888194e-06
790260,0.11971831136706627,-1.7153285949871583e-10,0.0,1.0999980485915095,-2.992957807320832e-06
790320,0.11971831134982114,-1.7222615948291822e-10,0.0,1.0999980485915093,-2.992957806952356e-06
790380,0.1197183113325714,-1.7291635313899397e-10,0.0,1.0999980485915093,-2.992957806583397e-06
790440,0.11971831131531724,-1.7360344159144005e-10,0.0,1.0999980485915093,-2.992957806213959e-06
790500,0.11971831129805882,-1.742874259771302e-10,0.0,1.099998048591509,-2.9929578058440464e-06
790560,0.11971831128079635,-1.749683074453153e-10,0.0,1.099998048591509,-2.9929578054736643e-06
790620,0.11971831126352997,-1.7564608715762336e-10,0.0,1.0999980485915088,-2.992957805102817e-06
790680,0.11971831124625988,-1.7632076628805937e-10,0.0,1.0999980485915088,-2.9929578047315093e-06
790740,0.11971831122898625,-1.7699234602300542e-10,0.0,1.0999980485915088,-2.9929578043597457e-06
790800,0.11971831121170927,-1.776608275612206e-10,0.0,1.0999980485915086,-2.9929578039875315e-06
790860,0.1197183111944291,-1.7832621211384128e-10,0.0,1.0999980485915086,-2.9929578036148704e-06
790920,0.11971831117714594,-1.7898850090438048e-10,0.0,1.0999980485915084,-2.992957803241768e-06
790980,0.11971831115985997,-1.7964769516872863e-10,0.0,1.0999980485915084,-2.9929578028682287e-06
791040,0.11971831114257134,-1.8030379615515303e-10,0.0,1.0999980485915082,-2.992957802494257e-06
791100,0.11971831112528025,-1.809568051242982e-10,0.0,1.0999980485915082,-2.9929578021198573e-06
791160,0.11971831110798689,-1.8160672334918557e-10,0.0,1.0999980485915082,-2.992957801745035e-06
791220,0.11971831109069142,-1.8225355211521377e-10,0.0,1.099998048591508,-2.9929578013697948e-06
791280,0.11971831107339405,-1.8289729272015828e-10,0.0,1.099998048591508,-2.992957800994141e-06
791340,0.11971831105609493,-1.8353794647417178e-10,0.0,1.0999980485915077,-2.9929578006180793e-06
791400,0.11971831103879425,-1.8417551469978419e-10,0.0,1.0999980485915077,-2.9929578002416134e-06
791460,0.1197183110214922,-1.84809998731902e-10,0.0,1.0999980485915077,-2.992957799864748e-06
791520,0.11971831100418898,-1.8544139991780933e-10,0.0,1.0999980485915075,-2.992957799487489e-06
791580,0.11971831098688474,-1.8606971961716688e-10,0.0,1.0999980485915075,-2.9929577991098406e-06
791640,0.11971831096957967,-1.8669495920201268e-10,0.0,1.0999980485915073,-2.9929577987318072e-06
791700,0.11971831095227396,-1.8731712005676178e-10,0.0,1.0999980485915073,-2.992957798353394e-06
791760,0.1197183109349678,-1.879362035782062e-10,0.0,1.0999980485915073,-2.9929577979746064e-06
791820,0.11971831091766137,-1.8855221117551516e-10,0.0,1.099998048591507,-2.992957797595448e-06
791880,0.11971831090035485,-1.8916514427023473e-10,0.0,1.099998048591507,-2.992957797215925e-06
791940,0.11971831088304843,-1.897750042962883e-10,0.0,1.0999980485915068,-2.992957796836041e-06
792000,0.1197183108657423,-1.903817926999761e-10,0.0,1.0999980485915068,-2.9929577964558017e-06
792060,0.11971831084843663,-1.9098551093997546e-10,0.0,1.0999980485915068,-2.992957796075212e-06
792120,0.11971831083113163,-1.9158616048734092e-10,0.0,1.0999980485915066,-2.9929577956942764e-06
792180,0.11971831081382746,-1.9218374282550392e-10,0.0,1.0999980485915066,-2.9929577953129997e-06
792240,0.11971831079652431,-1.92778259450273e-10,0.0,1.0999980485915066,-2.9929577949313872e-06
792300,0.11971831077922239,-1.9336971186983368e-10,0.0,1.0999980485915064,-2.992957794549444e-06
792360,0.11971831076192185,-1.9395810160474888e-10,0.0,1.0999980485915064,-2.992957794167174e-06
792420,0.11971831074462293,-1.9454343018795812e-10,0.0,1.0999980485915062,-2.9929577937845834e-06
792480,0.11971831072732576,-1.9512569916477826e-10,0.0,1.0999980485915062,-2.9929577934016767e-06
792540,0.11971831071003057,-1.9570491009290307e-10,0.0,1.0999980485915062,-2.9929577930184586e-06
792600,0.11971831069273753,-1.9628106454240349e-10,0.0,1.099998048591506,-2.9929577926349344e-06
792660,0.11971831067544683,-1.9685416409572757e-10,0.0,1.099998048591506,-2.9929577922511086e-06
792720,0.11971831065815867,-1.974242103477002e-10,0.0,1.099998048591506,-2.9929577918669868e-06
792780,0.11971831064087324,-1.9799120490552349e-10,0.0,1.0999980485915057,-2.9929577914825736e-06
792840,0.11971831062359072,-1.9855514938877664e-10,0.0,1.0999980485915057,-2.992957791097874e-06
792900,0.11971831060631129,-1.991160454294158e-10,0.0,1.0999980485915057,-2.9929577907128934e-06
792960,0.11971831058903516,-1.9967389467177422e-10,0.0,1.0999980485915055,-2.992957790327636e-06
793020,0.11971831057176252,-2.0022869877256216e-10,0.0,1.0999980485915055,-2.9929577899421082e-06
793080,0.11971831055449354,-2.007804594008672e-10,0.0,1.0999980485915053,-2.992957789556314e-06
793140,0.11971831053722844,-2.013291782381536e-10,0.0,1.0999980485915053,-2.9929577891702588e-06
793200,0.1197183105199674,-2.018748569782628e-10,0.0,1.0999980485915053,-2.9929577887839474e-06
793260,0.11971831050271062,-2.0241749732741342e-10,0.0,1.099998048591505,-2.9929577883973852e-06
793320,0.11971831048545827,-2.0295710100420116e-10,0.0,1.099998048591505,-2.992957788010577e-06
793380,0.11971831046821056,-2.0349366973959866e-10,0.0,1.099998048591505,-2.9929577876235283e-06
793440,0.11971831045096769,-2.040272052769555e-10,0.0,1.0999980485915049,-2.992957787236244e-06
793500,0.11971831043372984,-2.045577093719986e-10,0.0,1.0999980485915049,-2.992957786848729e-06
793560,0.11971831041649719,-2.050851837928318e-10,0.0,1.0999980485915049,-2.9929577864609887e-06
793620,0.11971831039926997,-2.0560963031993592e-10,0.0,1.0999980485915046,-2.9929577860730286e-06
793680,0.11971831038204837,-2.0613105074616904e-10,0.0,1.0999980485915046,-2.992957785684853e-06
793740,0.11971831036483256,-2.0664944687676604e-10,0.0,1.0999980485915046,-2.9929577852964675e-06
793800,0.11971831034762274,-2.0716482052933911e-10,0.0,1.0999980485915044,-2.9929577849078776e-06
793860,0.11971831033041913,-2.0767717353387738e-10,0.0,1.0999980485915044,-2.992957784519088e-06
793920,0.1197183103132219,-2.08186507732747e-10,0.0,1.0999980485915044,-2.992957784130104e-06
793980,0.11971831029603126,-2.0869282498069125e-10,0.0,1.0999980485915044,-2.992957783740931e-06
794040,0.11971831027884741,-2.091961271448304e-10,0.0,1.0999980485915042,-2.992957783351574e-06
794100,0.11971831026167053,-2.0969641610466193e-10,0.0,1.0999980485915042,-2.992957782962038e-06
794160,0.11971831024450083,-2.1019369375206019e-10,0.0,1.0999980485915042,-2.9929577825723287e-06
794220,0.1197183102273385,-2.1068796199127673e-10,0.0,1.099998048591504,-2.9929577821824512e-06
794280,0.11971831021018375,-2.1117922273894005e-10,0.0,1.099998048591504,-2.992957781792411e-06
794340,0.11971831019303678,-2.1166747792405576e-10,0.0,1.099998048591504,-2.9929577814022124e-06
794400,0.11971831017589778,-2.1215272948800658e-10,0.0,1.0999980485915037,-2.992957781011862e-06
794460,0.11971831015876694,-2.1263497938455221e-10,0.0,1.0999980485915037,-2.9929577806213636e-06
794520,0.11971831014164447,-2.1311422957982945e-10,0.0,1.0999980485915037,-2.992957780230724e-06
794580,0.11971831012453056,-2.135904820523521e-10,0.0,1.0999980485915035,-2.9929577798399478e-06
794640,0.11971831010742544,-2.1406373879301108e-10,0.0,1.0999980485915035,-2.99295777944904e-06
794700,0.11971831009032927,-2.1453400180507438e-10,0.0,1.0999980485915035,-2.9929577790580063e-06
794760,0.11971831007324228,-2.15001273104187e-10,0.0,1.0999980485915035,-2.992957778666852e-06
794820,0.11971831005616466,-2.1546555471837112e-10,0.0,1.0999980485915033,-2.9929577782755825e-06
794880,0.11971831003909661,-2.1592684868802569e-10,0.0,1.0999980485915033,-2.992957777884203e-06
794940,0.11971831002203834,-2.1638515706592705e-10,0.0,1.0999980485915033,-2.992957777492719e-06
795000,0.11971831000499004,-2.168404819172284e-10,0.0,1.099998048591503,-2.9929577771011358e-06
795060,0.11971830998795192,-2.172928253194601e-10,0.0,1.099998048591503,-2.9929577767094584e-06
795120,0.11971830997092418,-2.177421893625295e-10,0.0,1.099998048591503,-2.992957776317693e-06
795180,0.11971830995390703,-2.1818857614872103e-10,0.0,1.099998048591503,-2.9929577759258445e-06
795240,0.11971830993690068,-2.1863198779269622e-10,0.0,1.0999980485915029,-2.992957775533918e-06
795300,0.1197183099199053,-2.190724264214936e-10,0.0,1.0999980485915029,-2.9929577751419197e-06
795360,0.11971830990292114,-2.1950989417452873e-10,0.0,1.0999980485915029,-2.992957774749855e-06
795420,0.11971830988594837,-2.1994439320359434e-10,0.0,1.0999980485915029,-2.992957774357728e-06
795480,0.1197183098689872,-2.2037592567286016e-10,0.0,1.0999980485915026,-2.992957773965546e-06
795540,0.11971830985203784,-2.20804493758873e-10,0.0,1.0999980485915026,-2.9929577735733134e-06
795600,0.1197183098351005,-2.2123009965055665e-10,0.0,1.0999980485915026,-2.9929577731810355e-06
795660,0.11971830981817538,-2.2165274554921203e-10,0.0,1.0999980485915026,-2.9929577727887182e-06
795720,0.11971830980126269,-2.2207243366851713e-10,0.0,1.0999980485915024,-2.992957772396367e-06
795780,0.11971830978436264,-2.2248916623452692e-10,0.0,1.0999980485915024,-2.9929577720039875e-06
795840,0.11971830976747543,-2.2290294548567353e-10,0.0,1.0999980485915024,-2.992957771611585e-06
795900,0.11971830975060126,-2.233137736727661e-10,0.0,1.0999980485915024,-2.992957771219165e-06
795960,0.11971830973374034,-2.2372165305899085e-10,0.0,1.0999980485915022,-2.9929577708267333e-06
796020,0.1197183097168929,-2.24126585919911e-10,0.0,1.0999980485915022,-2.992957770434295e-06
796080,0.11971830970005913,-2.2452857454346688e-10,0.0,1.0999980485915022,-2.9929577700418556e-06
796140,0.11971830968323924,-2.2492762122997584e-10,0.0,1.0999980485915022,-2.9929577696494214e-06
796200,0.11971830966643343,-2.253237282921324e-10,0.0,1.099998048591502,-2.992957769256997e-06
796260,0.11971830964964193,-2.2571689805500795e-10,0.0,1.099998048591502,-2.992957768864589e-06
796320,0.11971830963286494,-2.261071328560511e-10,0.0,1.099998048591502,-2.9929577684722023e-06
796380,0.11971830961610266,-2.2649443504508746e-10,0.0,1.099998048591502,-2.9929577680798427e-06
796440,0.11971830959935531,-2.2687880698431974e-10,0.0,1.0999980485915017,-2.9929577676875157e-06
796500,0.11971830958262311,-2.2726025104832758e-10,0.0,1.0999980485915017,-2.992957767295227e-06
796560,0.11971830956590625,-2.2763876962406782e-10,0.0,1.0999980485915017,-2.9929577669029823e-06
796620,0.11971830954920495,-2.2801436511087434e-10,0.0,1.0999980485915017,-2.9929577665107874e-06
796680,0.11971830953251943,-2.28387039920458e-10,0.0,1.0999980485915017,-2.9929577661186476e-06
796740,0.11971830951584989,-2.2875679647690677e-10,0.0,1.0999980485915015,-2.9929577657265687e-06
796800,0.11971830949919654,-2.291236372166857e-10,0.0,1.0999980485915015,-2.992957765334556e-06
796860,0.1197183094825596,-2.2948756458863684e-10,0.0,1.0999980485915015,-2.992957764942616e-06
796920,0.1197183094659393,-2.2984858105397937e-10,0.0,1.0999980485915015,-2.9929577645507536e-06
796980,0.11971830944933581,-2.302066890863095e-10,0.0,1.0999980485915015,-2.992957764158975e-06
797040,0.11971830943274939,-2.305618911716004e-10,0.0,1.0999980485915013,-2.992957763767286e-06
797100,0.11971830941618022,-2.3091418980820247e-10,0.0,1.0999980485915013,-2.992957763375692e-06
797160,0.11971830939962853,-2.312635875068431e-10,0.0,1.0999980485915013,-2.9929577629841984e-06
797220,0.11971830938309454,-2.3161008679062667e-10,0.0,1.0999980485915013,-2.9929577625928115e-06
797280,0.11971830936657844,-2.3195369019503477e-10,0.0,1.0999980485915013,-2.992957762201537e-06
797340,0.11971830935008047,-2.3229440026792586e-10,0.0,1.099998048591501,-2.9929577618103805e-06
797400,0.11971830933360084,-2.3263221956953556e-10,0.0,1.099998048591501,-2.9929577614193478e-06
797460,0.11971830931713975,-2.3296715067247664e-10,0.0,1.099998048591501,-2.992957761028445e-06
797520,0.11971830930069745,-2.332991961617387e-10,0.0,1.099998048591501,-2.992957760637677e-06
797580,0.11971830928427413,-2.336283586346886e-10,0.0,1.099998048591501,-2.9929577602470508e-06
797640,0.11971830926787001,-2.339546407010702e-10,0.0,1.099998048591501,-2.992957759856571e-06
797700,0.11971830925148531,-2.3427804498300435e-10,0.0,1.0999980485915009,-2.9929577594662444e-06
797760,0.11971830923512025,-2.3459857411498913e-10,0.0,1.0999980485915009,-2.9929577590760764e-06
797820,0.11971830921877503,-2.3491623074389946e-10,0.0,1.0999980485915009,-2.992957758686073e-06
797880,0.11971830920244991,-2.352310175289874e-10,0.0,1.0999980485915009,-2.9929577582962395e-06
797940,0.11971830918614507,-2.3554293714188224e-10,0.0,1.0999980485915009,-2.9929577579065827e-06
798000,0.11971830916986075,-2.3585199226659005e-10,0.0,1.0999980485915009,-2.9929577575171076e-06
798060,0.11971830915359714,-2.3615818559949415e-10,0.0,1.0999980485915009,-2.9929577571278206e-06
798120,0.1197183091373545,-2.364615198493549e-10,0.0,1.0999980485915006,-2.9929577567387275e-06
798180,0.11971830912113303,-2.3676199773730956e-10,0.0,1.0999980485915006,-2.992957756349834e-06
798240,0.11971830910493293,-2.3705962199687264e-10,0.0,1.0999980485915006,-2.9929577559611462e-06
798300,0.11971830908875447,-2.373543953739357e-10,0.0,1.0999980485915006,-2.9929577555726702e-06
798360,0.11971830907259783,-2.376463206267672e-10,0.0,1.0999980485915006,-2.9929577551844115e-06
798420,0.11971830905646325,-2.3793540052601277e-10,0.0,1.0999980485915006,-2.992957754796376e-06
798480,0.11971830904035093,-2.3822163785469513e-10,0.0,1.0999980485915006,-2.9929577544085704e-06
798540,0.11971830902426112,-2.3850503540821394e-10,0.0,1.0999980485915004,-2.9929577540209995e-06
798600,0.11971830900819402,-2.387855959943461e-10,0.0,1.0999980485915004,-2.9929577536336704e-06
798660,0.11971830899214987,-2.3906332243324535e-10,0.0,1.0999980485915004,-2.9929577532465886e-06
798720,0.11971830897612888,-2.393382175574427e-10,0.0,1.0999980485915004,-2.99295775285976e-06
798780,0.11971830896013129,-2.39610284211846e-10,0.0,1.0999980485915004,-2.9929577524731903e-06
798840,0.1197183089441573,-2.398795252537404e-10,0.0,1.0999980485915004,-2.9929577520868866e-06
798900,0.11971830892820715,-2.4014594355278793e-10,0.0,1.0999980485915004,-2.992957751700854e-06
798960,0.11971830891228107,-2.404095419910277e-10,0.0,1.0999980485915004,-2.992957751315098e-06
799020,0.11971830889637926,-2.4067032346287597e-10,0.0,1.0999980485915004,-2.992957750929626e-06
799080,0.11971830888050197,-2.40928290875126e-10,0.0,1.0999980485915002,-2.992957750544444e-06
799140,0.11971830886464942,-2.411834471469481e-10,0.0,1.0999980485915002,-2.9929577501595567e-06
799200,0.11971830884882181,-2.414357952098896e-10,0.0,1.0999980485915002,-2.992957749774971e-06
799260,0.11971830883301941,-2.416853380078751e-10,0.0,1.0999980485915002,-2.992957749390693e-06
799320,0.11971830881724242,-2.4193207849720584e-10,0.0,1.0999980485915002,-2.9929577490067287e-06
799380,0.11971830880149106,-2.421760196465606e-10,0.0,1.0999980485915002,-2.9929577486230847e-06
799440,0.11971830878576557,-2.4241716443699494e-10,0.0,1.0999980485915002,-2.9929577482397662e-06
799500,0.11971830877006619,-2.426555158619415e-10,0.0,1.0999980485915002,-2.99295774785678e-06
799560,0.11971830875439313,-2.4289107692720996e-10,0.0,1.0999980485915002,-2.992957747474132e-06
799620,0.1197183087387466,-2.431238506509873e-10,0.0,1.0999980485915002,-2.992957747091828e-06
799680,0.11971830872312686,-2.433538400638372e-10,0.0,1.0999980485915002,-2.9929577467098744e-06
799740,0.11971830870753414,-2.435810482087006e-10,0.0,1.0999980485915002,-2.992957746328278e-06
799800,0.11971830869196864,-2.4380547814089553e-10,0.0,1.0999980485915002,-2.992957745947044e-06
799860,0.11971830867643062,-2.44027132928117e-10,0.0,1.0999980485915,-2.992957745566179e-06
799920,0.11971830866092029,-2.442460156504371e-10,0.0,1.0999980485915,-2.9929577451856894e-06
799980,0.11971830864543788,-2.444621294003049e-10,0.0,1.0999980485915,-2.992957744805581e-06
800040,0.11971830862998363,-2.446754772825467e-10,0.0,1.0999980485915,-2.9929577444258602e-06
800100,0.11971830861455776,-2.4488606241436577e-10,0.0,1.0999980485915,-2.992957744046533e-06
800160,0.11971830859916052,-2.450938879253424e-10,0.0,1.0999980485915,-2.9929577436676065e-06
800220,0.11971830858379214,-2.4529895695743386e-10,0.0,1.0999980485915,-2.9929577432890857e-06
800280,0.11971830856845282,-2.455012726649748e-10,0.0,1.0999980485915,-2.9929577429109774e-06
800340,0.11971830855314282,-2.4570083821467655e-10,0.0,1.0999980485915,-2.992957742533288e-06
800400,0.11971830853786236,-2.458976567856278e-10,0.0,1.0999980485915,-2.9929577421560237e-06
800460,0.11971830852261169,-2.4609173156929405e-10,0.0,1.0999980485915,-2.9929577417791906e-06
800520,0.11971830850739103,-2.4628306576951807e-10,0.0,1.0999980485915,-2.9929577414027954e-06
800580,0.11971830849220061,-2.4647166260251957e-10,0.0,1.0999980485915,-2.992957741026844e-06
800640,0.11971830847704068,-2.466575252968953e-10,0.0,1.0999980485915,-2.992957740651343e-06
800700,0.11971830846191145,-2.468406570936191e-10,0.0,1.0999980485915,-2.992957740276298e-06
800760,0.11971830844681317,-2.4702106124604203e-10,0.0,1.0999980485915,-2.9929577399017162e-06
800820,0.11971830843174608,-2.471987410198919e-10,0.0,1.0999980485915,-2.9929577395276038e-06
800880,0.1197183084167104,-2.4737369969327387e-10,0.0,1.0999980485915,-2.9929577391539665e-06
800940,0.11971830840170637,-2.4754594055666985e-10,0.0,1.0999980485915,-2.9929577387808113e-06
801000,0.11971830838673424,-2.477154669129392e-10,0.0,1.0999980485915,-2.9929577384081447e-06
801060,0.11971830837179423,-2.4788228207731795e-10,0.0,1.0999980485915,-2.9929577380359724e-06
801120,0.11971830835688657,-2.4804638937741944e-10,0.0,1.0999980485915,-2.992957737664301e-06
801180,0.11971830834201153,-2.4820779215323405e-10,0.0,1.0999980485915,-2.9929577372931376e-06
801240,0.1197183083271693,-2.4836649375712907e-10,0.0,1.0999980485915,-2.992957736922488e-06
801300,0.11971830831236016,-2.48522497553849e-10,0.0,1.0999980485915,-2.992957736552358e-06
801360,0.11971830829758433,-2.486758069205153e-10,0.0,1.0999980485915,-2.9929577361827554e-06
801420,0.11971830828284204,-2.4882642524662654e-10,0.0,1.0999980485915,-2.9929577358136858e-06
801480,0.11971830826813354,-2.489743559340584e-10,0.0,1.0999980485915,-2.9929577354451557e-06
801540,0.11971830825345907,-2.491196023970635e-10,0.0,1.0999980485915,-2.992957735077172e-06
801600,0.11971830823881886,-2.4926216806227154e-10,0.0,1.0999980485915,-2.9929577347097405e-06
801660,0.11971830822421316,-2.494020563686894e-10,0.0,1.0999980485915,-2.992957734342868e-06
801720,0.1197183082096422,-2.4953927076770085e-10,0.0,1.0999980485915,-2.992957733976561e-06
801780,0.11971830819510622,-2.496738147230669e-10,0.0,1.0999980485915,-2.9929577336108262e-06
801840,0.11971830818060547,-2.4980569171092546e-10,0.0,1.0999980485915,-2.9929577332456695e-06
801900,0.1197183081661402,-2.4993490521979157e-10,0.0,1.0999980485915002,-2.992957732881098e-06
801960,0.11971830815171061,-2.5006145875055734e-10,0.0,1.0999980485915002,-2.9929577325171182e-06
802020,0.11971830813731699,-2.501853558164919e-10,0.0,1.0999980485915002,-2.9929577321537364e-06
802080,0.11971830812295955,-2.5030659994324144e-10,0.0,1.0999980485915002,-2.9929577317909594e-06
802140,0.11971830810863854,-2.504251946688293e-10,0.0,1.0999980485915002,-2.9929577314287936e-06
802200,0.11971830809435421,-2.5054114354365566e-10,0.0,1.0999980485915002,-2.992957731067245e-06
802260,0.1197183080801068,-2.506544501304981e-10,0.0,1.0999980485915002,-2.9929577307063215e-06
802320,0.11971830806589655,-2.507651180045109e-10,0.0,1.0999980485915002,-2.9929577303460284e-06
802380,0.1197183080517237,-2.5087315075322566e-10,0.0,1.0999980485915002,-2.992957729986373e-06
802440,0.11971830803758851,-2.5097855197655086e-10,0.0,1.0999980485915002,-2.9929577296273616e-06
802500,0.1197183080234912,-2.5108132528677223e-10,0.0,1.0999980485915002,-2.992957729269001e-06
802560,0.11971830800943203,-2.511814743085524e-10,0.0,1.0999980485915002,-2.992957728911298e-06
802620,0.11971830799541125,-2.51279002678931e-10,0.0,1.0999980485915004,-2.992957728554259e-06
802680,0.1197183079814291,-2.51373914047325e-10,0.0,1.0999980485915004,-2.9929577281978906e-06
802740,0.11971830796748581,-2.5146621207552813e-10,0.0,1.0999980485915004,-2.9929577278421994e-06
802800,0.11971830795358165,-2.515559004377114e-10,0.0,1.0999980485915004,-2.9929577274871922e-06
802860,0.11971830793971684,-2.516429828204227e-10,0.0,1.0999980485915004,-2.992957727132876e-06
802920,0.11971830792589166,-2.517274629225871e-10,0.0,1.0999980485915004,-2.992957726779257e-06
802980,0.11971830791210633,-2.5180934445550677e-10,0.0,1.0999980485915004,-2.992957726426342e-06
803040,0.1197183078983611,-2.518886311428607e-10,0.0,1.0999980485915004,-2.9929577260741376e-06
803100,0.11971830788465623,-2.519653267207052e-10,0.0,1.0999980485915006,-2.9929577257226506e-06
803160,0.11971830787099197,-2.520394349374735e-10,0.0,1.0999980485915006,-2.9929577253718884e-06
803220,0.11971830785736855,-2.5211095955397595e-10,0.0,1.0999980485915006,-2.9929577250218567e-06
803280,0.11971830784378622,-2.521799043434e-10,0.0,1.0999980485915006,-2.9929577246725627e-06
803340,0.11971830783024524,-2.5224627309130993e-10,0.0,1.0999980485915006,-2.9929577243240133e-06
803400,0.11971830781674588,-2.523100695956474e-10,0.0,1.0999980485915006,-2.9929577239762152e-06
803460,0.11971830780328833,-2.5237129766673094e-10,0.0,1.0999980485915006,-2.9929577236291753e-06
803520,0.1197183077898729,-2.5242996112725605e-10,0.0,1.0999980485915009,-2.9929577232828997e-06
803580,0.1197183077764998,-2.524860638122956e-10,0.0,1.0999980485915009,-2.992957722937396e-06
803640,0.11971830776316932,-2.525396095692992e-10,0.0,1.0999980485915009,-2.9929577225926704e-06
803700,0.11971830774988167,-2.5259060225809367e-10,0.0,1.0999980485915009,-2.9929577222487305e-06
803760,0.11971830773663712,-2.526390457508829e-10,0.0,1.0999980485915009,-2.9929577219055822e-06
803820,0.11971830772343593,-2.5268494393224777e-10,0.0,1.0999980485915009,-2.992957721563233e-06
803880,0.11971830771027833,-2.5272830069914633e-10,0.0,1.099998048591501,-2.9929577212216895e-06
803940,0.1197183076971646,-2.527691199609135e-10,0.0,1.099998048591501,-2.9929577208809587e-06
804000,0.11971830768409496,-2.528074056392614e-10,0.0,1.099998048591501,-2.9929577205410473e-06
804060,0.1197183076710697,-2.528431616682793e-10,0.0,1.099998048591501,-2.9929577202019622e-06
804120,0.11971830765808904,-2.528763919944333e-10,0.0,1.099998048591501,-2.99295771986371e-06
804180,0.11971830764515325,-2.529071005765666e-10,0.0,1.0999980485915013,-2.9929577195262984e-06
804240,0.11971830763226257,-2.529352913858997e-10,0.0,1.0999980485915013,-2.9929577191897337e-06
804300,0.11971830761941728,-2.529609684060299e-10,0.0,1.0999980485915013,-2.992957718854023e-06
804360,0.11971830760661761,-2.5298413563293167e-10,0.0,1.0999980485915013,-2.9929577185191733e-06
804420,0.11971830759386384,-2.5300479707495647e-10,0.0,1.0999980485915013,-2.992957718185191e-06
804480,0.1197183075811562,-2.530229567528329e-10,0.0,1.0999980485915015,-2.9929577178520836e-06
804540,0.11971830756849496,-2.530386186996666e-10,0.0,1.0999980485915015,-2.9929577175198582e-06
804600,0.11971830755588037,-2.5305178696094017e-10,0.0,1.0999980485915015,-2.9929577171885214e-06
804660,0.1197183075433127,-2.5306246559451344e-10,0.0,1.0999980485915015,-2.9929577168580803e-06
804720,0.11971830753079217,-2.530706586706232e-10,0.0,1.0999980485915017,-2.9929577165285417e-06
804780,0.11971830751831908,-2.5307637027188323e-10,0.0,1.0999980485915017,-2.9929577161999124e-06
804840,0.11971830750589367,-2.530796044932846e-10,0.0,1.0999980485915017,-2.9929577158722004e-06
804900,0.1197183074935162,-2.530803654421951e-10,0.0,1.0999980485915017,-2.9929577155454117e-06
804960,0.1197183074811869,-2.5307865723835986e-10,0.0,1.099998048591502,-2.992957715219554e-06
805020,0.11971830746890608,-2.53074484013901e-10,0.0,1.099998048591502,-2.9929577148946338e-06
805080,0.11971830745667397,-2.530678499133176e-10,0.0,1.099998048591502,-2.9929577145706585e-06
805140,0.11971830744449083,-2.5305875909348595e-10,0.0,1.099998048591502,-2.992957714247635e-06
805200,0.11971830743235691,-2.530472157236593e-10,0.0,1.0999980485915022,-2.99295771392557e-06
805260,0.11971830742027248,-2.5303322398546794e-10,0.0,1.0999980485915022,-2.9929577136044717e-06
805320,0.11971830740823781,-2.530167880729193e-10,0.0,1.0999980485915022,-2.992957713284346e-06
805380,0.11971830739625315,-2.529979121923978e-10,0.0,1.0999980485915024,-2.9929577129652007e-06
805440,0.11971830738431877,-2.5297660056266494e-10,0.0,1.0999980485915024,-2.992957712647043e-06
805500,0.1197183073724349,-2.529528574148593e-10,0.0,1.0999980485915024,-2.992957712329879e-06
805560,0.11971830736060184,-2.529266869924965e-10,0.0,1.0999980485915024,-2.9929577120137167e-06
805620,0.11971830734881983,-2.5289809355146925e-10,0.0,1.0999980485915026,-2.9929577116985633e-06
805680,0.11971830733708914,-2.528670813600473e-10,0.0,1.0999980485915026,-2.992957711384426e-06
805740,0.11971830732541003,-2.528336546988774e-10,0.0,1.0999980485915026,-2.9929577110713113e-06
805800,0.11971830731378276,-2.527978178609834e-10,0.0,1.0999980485915029,-2.9929577107592266e-06
805860,0.1197183073022076,-2.5275957515176627e-10,0.0,1.0999980485915029,-2.992957710448179e-06
805920,0.1197183072906848,-2.52718930889004e-10,0.0,1.0999980485915029,-2.9929577101381766e-06
805980,0.11971830727921465,-2.5267588940285154e-10,0.0,1.099998048591503,-2.9929577098292255e-06
806040,0.11971830726779738,-2.5263045503584106e-10,0.0,1.099998048591503,-2.9929577095213333e-06
806100,0.11971830725643329,-2.525826321428817e-10,0.0,1.099998048591503,-2.9929577092145075e-06
806160,0.1197183072451226,-2.525324250912597e-10,0.0,1.0999980485915033,-2.992957708908755e-06
806220,0.11971830723386562,-2.5247983826063827e-10,0.0,1.0999980485915033,-2.9929577086040826e-06
806280,0.11971830722266259,-2.5242487604305774e-10,0.0,1.0999980485915033,-2.9929577083004988e-06
806340,0.11971830721151379,-2.5236754284293553e-10,0.0,1.0999980485915035,-2.9929577079980093e-06
806400,0.11971830720041947,-2.5230784307706615e-10,0.0,1.0999980485915035,-2.9929577076966227e-06
806460,0.11971830718937991,-2.52245781174621e-10,0.0,1.0999980485915037,-2.9929577073963457e-06
806520,0.11971830717839538,-2.521813615771487e-10,0.0,1.0999980485915037,-2.9929577070971856e-06
806580,0.11971830716746612,-2.5211458873857484e-10,0.0,1.0999980485915037,-2.9929577067991494e-06
806640,0.11971830715659243,-2.520454671252022e-10,0.0,1.099998048591504,-2.992957706502245e-06
806700,0.11971830714577456,-2.519740012157104e-10,0.0,1.099998048591504,-2.9929577062064796e-06
806760,0.11971830713501277,-2.5190019550115634e-10,0.0,1.099998048591504,-2.99295770591186e-06
806820,0.11971830712430737,-2.518240544849738e-10,0.0,1.0999980485915042,-2.992957705618394e-06
806880,0.11971830711365858,-2.5174558268297375e-10,0.0,1.0999980485915042,-2.992957705326089e-06
806940,0.11971830710306669,-2.5166478462334414e-10,0.0,1.0999980485915044,-2.992957705034952e-06
807000,0.11971830709253196,-2.5158166484665007e-10,0.0,1.0999980485915044,-2.9929577047449907e-06
807060,0.11971830708205468,-2.5149622790583353e-10,0.0,1.0999980485915044,-2.9929577044562127e-06
807120,0.11971830707163511,-2.5140847836621377e-10,0.0,1.0999980485915046,-2.9929577041686246e-06
807180,0.11971830706127351,-2.51318420805487e-10,0.0,1.0999980485915046,-2.9929577038822343e-06
807240,0.11971830705097015,-2.512260598137264e-10,0.0,1.0999980485915049,-2.9929577035970493e-06
807300,0.11971830704072534,-2.511313999933824e-10,0.0,1.0999980485915049,-2.992957703313077e-06
807360,0.1197183070305393,-2.5103444595928235e-10,0.0,1.099998048591505,-2.992957703030324e-06
807420,0.11971830702041232,-2.5093520233863076e-10,0.0,1.099998048591505,-2.992957702748799e-06
807480,0.1197183070103447,-2.5083367377100905e-10,0.0,1.099998048591505,-2.9929577024685092e-06
807540,0.11971830700033666,-2.5072986490837583e-10,0.0,1.0999980485915053,-2.992957702189461e-06
807600,0.11971830699038852,-2.506237804150667e-10,0.0,1.0999980485915053,-2.992957701911663e-06
807660,0.11971830698050052,-2.5051542496779436e-10,0.0,1.0999980485915055,-2.9929577016351224e-06
807720,0.11971830697067296,-2.504048032556486e-10,0.0,1.0999980485915055,-2.9929577013598464e-06
807780,0.1197183069609061,-2.502919199800961e-10,0.0,1.0999980485915057,-2.9929577010858427e-06
807840,0.11971830695120021,-2.5017677985498096e-10,0.0,1.0999980485915057,-2.9929577008131184e-06
807900,0.11971830694155558,-2.5005938760652383e-10,0.0,1.099998048591506,-2.9929577005416816e-06
807960,0.11971830693197247,-2.499397479733228e-10,0.0,1.099998048591506,-2.99295770027154e-06
808020,0.11971830692245115,-2.4981786570635297e-10,0.0,1.0999980485915062,-2.9929577000027e-06
808080,0.11971830691299191,-2.496937455689664e-10,0.0,1.0999980485915062,-2.9929576997351708e-06
808140,0.11971830690359504,-2.495673923368922e-10,0.0,1.0999980485915064,-2.9929576994689585e-06
808200,0.11971830689426079,-2.494388107982366e-10,0.0,1.0999980485915064,-2.9929576992040714e-06
808260,0.11971830688498943,-2.493080057534829e-10,0.0,1.0999980485915066,-2.9929576989405166e-06
808320,0.11971830687578126,-2.4917498201549146e-10,0.0,1.0999980485915066,-2.992957698678302e-06
808380,0.11971830686663655,-2.490397444094996e-10,0.0,1.0999980485915068,-2.9929576984174352e-06
808440,0.11971830685755558,-2.489022977731218e-10,0.0,1.0999980485915068,-2.9929576981579243e-06
808500,0.11971830684853862,-2.4876264695634964e-10,0.0,1.099998048591507,-2.9929576978997757e-06
808560,0.11971830683958595,-2.4862079682155153e-10,0.0,1.099998048591507,-2.992957697642998e-06
808620,0.11971830683069785,-2.4847675224347326e-10,0.0,1.0999980485915073,-2.9929576973875986e-06
808680,0.1197183068218746,-2.4833051810923743e-10,0.0,1.0999980485915073,-2.9929576971335853e-06
808740,0.11971830681311649,-2.4818209931834384e-10,0.0,1.0999980485915075,-2.9929576968809653e-06
808800,0.11971830680442377,-2.480315007826693e-10,0.0,1.0999980485915077,-2.992957696629747e-06
808860,0.11971830679579676,-2.478787274264675e-10,0.0,1.0999980485915077,-2.992957696379937e-06
808920,0.1197183067872357,-2.477237841863696e-10,0.0,1.099998048591508,-2.9929576961315436e-06
808980,0.1197183067787409,-2.475666760113835e-10,0.0,1.099998048591508,-2.9929576958845746e-06
809040,0.11971830677031263,-2.4740740786289417e-10,0.0,1.0999980485915082,-2.9929576956390376e-06
809100,0.11971830676195117,-2.472459847146638e-10,0.0,1.0999980485915082,-2.9929576953949405e-06
809160,0.1197183067536568,-2.4708241155283144e-10,0.0,1.0999980485915084,-2.9929576951522905e-06
809220,0.1197183067454298,-2.469166933759134e-10,0.0,1.0999980485915086,-2.992957694911096e-06
809280,0.11971830673727046,-2.4674883519480293e-10,0.0,1.0999980485915086,-2.9929576946713643e-06
809340,0.11971830672917907,-2.465788420327704e-10,0.0,1.0999980485915088,-2.9929576944331032e-06
809400,0.1197183067211559,-2.464067189254631e-10,0.0,1.0999980485915088,-2.9929576941963207e-06
809460,0.11971830671320123,-2.4623247092090563e-10,0.0,1.099998048591509,-2.9929576939610247e-06
809520,0.11971830670531534,-2.460561030794994e-10,0.0,1.0999980485915093,-2.992957693727222e-06
809580,0.11971830669749854,-2.4587762047402296e-10,0.0,1.0999980485915093,-2.9929576934949215e-06
809640,0.1197183066897511,-2.4569702818963204e-10,0.0,1.0999980485915095,-2.992957693264131e-06
809700,0.11971830668207328,-2.455143313238592e-10,0.0,1.0999980485915095,-2.9929576930348572e-06
809760,0.11971830667446541,-2.453295349866143e-10,0.0,1.0999980485915097,-2.9929576928071087e-06
809820,0.11971830666692775,-2.451426443001841e-10,0.0,1.09999804859151,-2.9929576925808937e-06
809880,0.11971830665946058,-2.449536643992325e-10,0.0,1.09999804859151,-2.9929576923562195e-06
809940,0.11971830665206419,-2.447626004308003e-10,0.0,1.0999980485915102,-2.992957692133094e-06
810000,0.11971830664473888,-2.445694575543057e-10,0.0,1.0999980485915104,-2.992957691911525e-06
810060,0.11971830663748492,-2.443742409415435e-10,0.0,1.0999980485915104,-2.9929576916915206e-06
810120,0.11971830663030261,-2.4417695577668595e-10,0.0,1.0999980485915106,-2.992957691473089e-06
810180,0.11971830662319223,-2.439776072562822e-10,0.0,1.0999980485915108,-2.992957691256237e-06
810240,0.11971830661615408,-2.4377620058925843e-10,0.0,1.0999980485915108,-2.992957691040974e-06
810300,0.11971830660918842,-2.435727409969179e-10,0.0,1.099998048591511,-2.992957690827307e-06
810360,0.11971830660229556,-2.4336723371294103e-10,0.0,1.0999980485915113,-2.9929576906152437e-06
810420,0.11971830659547579,-2.431596839833851e-10,0.0,1.0999980485915115,-2.9929576904047924e-06
810480,0.11971830658872938,-2.429500970666847e-10,0.0,1.0999980485915115,-2.992957690195961e-06
810540,0.11971830658205665,-2.427384782336512e-10,0.0,1.0999980485915117,-2.9929576899887578e-06
810600,0.11971830657545786,-2.4252483276747327e-10,0.0,1.099998048591512,-2.99295768978319e-06
810660,0.11971830656893331,-2.4230916596371646e-10,0.0,1.099998048591512,-2.9929576895792665e-06
810720,0.1197183065624833,-2.420914831303236e-10,0.0,1.0999980485915122,-2.9929576893769946e-06
810780,0.11971830655610811,-2.4187178958761425e-10,0.0,1.0999980485915124,-2.992957689176383e-06
810840,0.11971830654980804,-2.4165009066828534e-10,0.0,1.0999980485915126,-2.9929576889774386e-06
810900,0.11971830654358337,-2.4142639171741075e-10,0.0,1.0999980485915126,-2.99295768878017e-06
810960,0.1197183065374344,-2.4120069809244134e-10,0.0,1.0999980485915128,-2.9929576885845855e-06
811020,0.11971830653136141,-2.409730151632051e-10,0.0,1.099998048591513,-2.9929576883906933e-06
811080,0.1197183065253647,-2.4074334831190715e-10,0.0,1.0999980485915133,-2.9929576881985003e-06
811140,0.11971830651944458,-2.4051170293312946e-10,0.0,1.0999980485915133,-2.9929576880080157e-06
811200,0.11971830651360132,-2.402780844338313e-10,0.0,1.0999980485915135,-2.992957687819247e-06
811260,0.11971830650783521,-2.400424982333488e-10,0.0,1.0999980485915137,-2.992957687632203e-06
811320,0.11971830650214657,-2.398049497633954e-10,0.0,1.099998048591514,-2.9929576874468907e-06
811380,0.11971830649653567,-2.3956544446806125e-10,0.0,1.099998048591514,-2.9929576872633187e-06
811440,0.11971830649100282,-2.393239878038138e-10,0.0,1.0999980485915142,-2.992957687081495e-06
811500,0.1197183064855483,-2.3908058523949757e-10,0.0,1.0999980485915144,-2.992957686901428e-06
811560,0.11971830648017241,-2.38835242256334e-10,0.0,1.0999980485915146,-2.992957686723126e-06
811620,0.11971830647487545,-2.3858796434792177e-10,0.0,1.0999980485915148,-2.9929576865465967e-06
811680,0.11971830646965773,-2.383387570202364e-10,0.0,1.0999980485915148,-2.992957686371848e-06
811740,0.11971830646451952,-2.380876257916306e-10,0.0,1.099998048591515,-2.992957686198889e-06
811800,0.11971830645946112,-2.3783457619283415e-10,0.0,1.0999980485915153,-2.9929576860277264e-06
811860,0.11971830645448284,-2.375796137669538e-10,0.0,1.0999980485915155,-2.9929576858583697e-06
811920,0.11971830644958495,-2.373227440694735e-10,0.0,1.0999980485915157,-2.9929576856908266e-06
811980,0.11971830644476779,-2.3706397266825414e-10,0.0,1.099998048591516,-2.9929576855251055e-06
812040,0.11971830644003162,-2.368033051435337e-10,0.0,1.099998048591516,-2.9929576853612143e-06
812100,0.11971830643537676,-2.3654074708792727e-10,0.0,1.0999980485915162,-2.9929576851991613e-06
812160,0.1197183064308035,-2.3627630410642684e-10,0.0,1.0999980485915164,-2.9929576850389547e-06
812220,0.11971830642631215,-2.360099818164017e-10,0.0,1.0999980485915166,-2.992957684880603e-06
812280,0.119718306421903,-2.3574178584759796e-10,0.0,1.0999980485915168,-2.9929576847241143e-06
812340,0.11971830641757633,-2.35471721842139e-10,0.0,1.099998048591517,-2.992957684569497e-06
812400,0.11971830641333248,-2.351997954545251e-10,0.0,1.0999980485915173,-2.9929576844167586e-06
812460,0.11971830640917171,-2.3492601235163363e-10,0.0,1.0999980485915175,-2.992957684265908e-06
812520,0.11971830640509434,-2.346503782127191e-10,0.0,1.0999980485915175,-2.992957684116954e-06
812580,0.11971830640110068,-2.3437289872941303e-10,0.0,1.0999980485915177,-2.992957683969904e-06
812640,0.11971830639719101,-2.34093579605724e-10,0.0,1.099998048591518,-2.9929576838247665e-06
812700,0.11971830639336566,-2.338124265580376e-10,0.0,1.0999980485915182,-2.9929576836815497e-06
812760,0.1197183063896249,-2.335294453151165e-10,0.0,1.0999980485915184,-2.992957683540263e-06
812820,0.11971830638596906,-2.332446416181005e-10,0.0,1.0999980485915186,-2.9929576834009133e-06
812880,0.11971830638239842,-2.329580212205064e-10,0.0,1.0999980485915188,-2.9929576832635093e-06
812940,0.11971830637891329,-2.3266958988822812e-10,0.0,1.099998048591519,-2.9929576831280603e-06
813000,0.11971830637551398,-2.3237935339953647e-10,0.0,1.0999980485915193,-2.9929576829945734e-06
813060,0.11971830637220078,-2.3208731754507952e-10,0.0,1.0999980485915195,-2.992957682863058e-06
813120,0.119718306368974,-2.317934881278823e-10,0.0,1.0999980485915197,-2.9929576827335216e-06
813180,0.11971830636583396,-2.3149787096334692e-10,0.0,1.09999804859152,-2.9929576826059733e-06
813240,0.11971830636278094,-2.3120047187925252e-10,0.0,1.0999980485915202,-2.9929576824804214e-06
813300,0.11971830635981526,-2.3090129671575532e-10,0.0,1.0999980485915204,-2.992957682356874e-06
813360,0.11971830635693721,-2.3060035132538864e-10,0.0,1.0999980485915206,-2.9929576822353396e-06
813420,0.11971830635414712,-2.3029764157306282e-10,0.0,1.0999980485915208,-2.9929576821158267e-06
813480,0.11971830635144529,-2.2999317333606517e-10,0.0,1.099998048591521,-2.9929576819983436e-06
813540,0.119718306348832,-2.2968695250406025e-10,0.0,1.0999980485915213,-2.992957681882899e-06
813600,0.11971830634630758,-2.2937898497908956e-10,0.0,1.0999980485915215,-2.9929576817695016e-06
813660,0.11971830634387233,-2.2906927667557163e-10,0.0,1.0999980485915217,-2.992957681658159e-06
813720,0.11971830634152657,-2.287578335203021e-10,0.0,1.099998048591522,-2.9929576815488804e-06
813780,0.11971830633927058,-2.284446614524537e-10,0.0,1.0999980485915222,-2.9929576814416744e-06
813840,0.11971830633710469,-2.2812976642357616e-10,0.0,1.0999980485915224,-2.992957681336549e-06
813900,0.11971830633502921,-2.278131543975963e-10,0.0,1.0999980485915226,-2.992957681233513e-06
813960,0.11971830633304444,-2.2749483135081796e-10,0.0,1.0999980485915228,-2.9929576811325747e-06
814020,0.11971830633115067,-2.271748032719221e-10,0.0,1.099998048591523,-2.9929576810337433e-06
814080,0.11971830632934824,-2.268530761619667e-10,0.0,1.0999980485915233,-2.9929576809370266e-06
814140,0.11971830632763746,-2.2652965603438683e-10,0.0,1.0999980485915235,-2.9929576808424333e-06
814200,0.11971830632601861,-2.2620454891499454e-10,0.0,1.0999980485915237,-2.992957680749972e-06
814260,0.11971830632449204,-2.2587776084197905e-10,0.0,1.099998048591524,-2.9929576806596512e-06
814320,0.11971830632305802,-2.2554929786590656e-10,0.0,1.0999980485915242,-2.99295768057148e-06
814380,0.11971830632171689,-2.2521916604972032e-10,0.0,1.0999980485915244,-2.9929576804854665e-06
814440,0.11971830632046895,-2.2488737146874074e-10,0.0,1.0999980485915246,-2.992957680401619e-06
814500,0.1197183063193145,-2.2455392021066515e-10,0.0,1.0999980485915248,-2.9929576803199474e-06
814560,0.11971830631825388,-2.2421881837556808e-10,0.0,1.099998048591525,-2.992957680240459e-06
814620,0.11971830631728739,-2.2388207207590097e-10,0.0,1.0999980485915255,-2.992957680163163e-06
814680,0.11971830631641532,-2.2354368743649243e-10,0.0,1.0999980485915257,-2.9929576800880675e-06
814740,0.11971830631563803,-2.232036705945481e-10,0.0,1.099998048591526,-2.992957680015182e-06
814800,0.11971830631495578,-2.2286202769965072e-10,0.0,1.0999980485915262,-2.992957679944515e-06
814860,0.11971830631436892,-2.2251876491375996e-10,0.0,1.0999980485915264,-2.992957679876074e-06
814920,0.11971830631387775,-2.2217388841121267e-10,0.0,1.0999980485915266,-2.9929576798098697e-06
814980,0.11971830631348258,-2.2182740437872273e-10,0.0,1.0999980485915268,-2.992957679745909e-06
815040,0.11971830631318375,-2.2147931901538106e-10,0.0,1.099998048591527,-2.9929576796842017e-06
815100,0.11971830631298154,-2.2112963853265564e-10,0.0,1.0999980485915275,-2.992957679624756e-06
815160,0.11971830631287629,-2.2077836915439152e-10,0.0,1.0999980485915277,-2.9929576795675806e-06
815220,0.11971830631286831,-2.2042551711681083e-10,0.0,1.099998048591528,-2.9929576795126848e-06
815280,0.1197183063129579,-2.2007108866851274e-10,0.0,1.0999980485915282,-2.9929576794600764e-06
815340,0.11971830631314541,-2.197150900704734e-10,0.0,1.0999980485915284,-2.992957679409765e-06
815400,0.11971830631343112,-2.193575275960462e-10,0.0,1.0999980485915288,-2.992957679361759e-06
815460,0.11971830631381537,-2.189984075309614e-10,0.0,1.099998048591529,-2.9929576793160673e-06
815520,0.11971830631429847,-2.1863773617332644e-10,0.0,1.0999980485915293,-2.9929576792726987e-06
815580,0.11971830631488074,-2.1827551983362574e-10,0.0,1.0999980485915295,-2.9929576792316617e-06
815640,0.1197183063155625,-2.179117648347209e-10,0.0,1.0999980485915297,-2.9929576791929654e-06
815700,0.11971830631634406,-2.175464775118504e-10,0.0,1.0999980485915302,-2.9929576791566184e-06
815760,0.11971830631722574,-2.1717966421262996e-10,0.0,1.0999980485915304,-2.99295767912263e-06
815820,0.11971830631820786,-2.1681133129705221e-10,0.0,1.0999980485915306,-2.992957679091008e-06
815880,0.11971830631929074,-2.1644148513748696e-10,0.0,1.0999980485915308,-2.9929576790617626e-06
815940,0.11971830632047471,-2.16070132118681e-10,0.0,1.0999980485915313,-2.992957679034902e-06
816000,0.11971830632176007,-2.1569727863775815e-10,0.0,1.0999980485915315,-2.9929576790104345e-06
816060,0.11971830632314717,-2.1532293110421944e-10,0.0,1.0999980485915317,-2.9929576789883697e-06
816120,0.1197183063246363,-2.1494709593994278e-10,0.0,1.099998048591532,-2.9929576789687164e-06
816180,0.11971830632622779,-2.1456977957918328e-10,0.0,1.0999980485915324,-2.9929576789514835e-06
816240,0.11971830632792196,-2.14190988468573e-10,0.0,1.0999980485915326,-2.9929576789366795e-06
816300,0.11971830632971915,-2.1381072906712112e-10,0.0,1.0999980485915328,-2.9929576789243137e-06
816360,0.11971830633161966,-2.1342900784621387e-10,0.0,1.0999980485915333,-2.992957678914395e-06
816420,0.11971830633362382,-2.1304583128961453e-10,0.0,1.0999980485915335,-2.9929576789069326e-06
816480,0.11971830633573197,-2.1266120589346346e-10,0.0,1.0999980485915337,-2.9929576789019346e-06
816540,0.11971830633794439,-2.1227513816627805e-10,0.0,1.0999980485915342,-2.9929576788994105e-06
816600,0.11971830634026144,-2.1188763462895277e-10,0.0,1.0999980485915344,-2.9929576788993694e-06
816660,0.11971830634268343,-2.114987018147591e-10,0.0,1.0999980485915346,-2.9929576789018203e-06
816720,0.11971830634521069,-2.1110834626934567e-10,0.0,1.099998048591535,-2.9929576789067716e-06
816780,0.11971830634784354,-2.107165745507381e-10,0.0,1.0999980485915353,-2.9929576789142327e-06
816840,0.11971830635058231,-2.1032339322933907e-10,0.0,1.0999980485915355,-2.992957678924213e-06
816900,0.11971830635342731,-2.0992880888792837e-10,0.0,1.099998048591536,-2.9929576789367206e-06
816960,0.1197183063563789,-2.095328281216628e-10,0.0,1.0999980485915362,-2.9929576789517656e-06
817020,0.11971830635943735,-2.091354575380762e-10,0.0,1.0999980485915364,-2.992957678969356e-06
817080,0.11971830636260304,-2.0873670375707955e-10,0.0,1.0999980485915368,-2.9929576789895013e-06
817140,0.11971830636587627,-2.083365734109608e-10,0.0,1.099998048591537,-2.9929576790122107e-06
817200,0.11971830636925737,-2.0793507314438507e-10,0.0,1.0999980485915375,-2.992957679037493e-06
817260,0.11971830637274666,-2.0753220961439438e-10,0.0,1.0999980485915377,-2.9929576790653574e-06
817320,0.11971830637634448,-2.0712798949040797e-10,0.0,1.099998048591538,-2.9929576790958133e-06
817380,0.11971830638005117,-2.06722419454222e-10,0.0,1.0999980485915384,-2.992957679128869e-06
817440,0.11971830638386702,-2.0631550620000984e-10,0.0,1.0999980485915386,-2.9929576791645343e-06
817500,0.11971830638779239,-2.0590725643432176e-10,0.0,1.099998048591539,-2.992957679202818e-06
817560,0.1197183063918276,-2.0549767687608518e-10,0.0,1.0999980485915393,-2.9929576792437294e-06
817620,0.11971830639597296,-2.050867742566046e-10,0.0,1.0999980485915397,-2.9929576792872775e-06
817680,0.11971830640022883,-2.0467455531956148e-10,0.0,1.09999804859154,-2.9929576793334717e-06
817740,0.11971830640459553,-2.0426102682101448e-10,0.0,1.0999980485915402,-2.9929576793823205e-06
817800,0.11971830640907338,-2.0384619552939917e-10,0.0,1.0999980485915406,-2.992957679433834e-06
817860,0.11971830641366273,-2.0343006822552826e-10,0.0,1.0999980485915408,-2.9929576794880204e-06
817920,0.11971830641836388,-2.0301265170259154e-10,0.0,1.0999980485915413,-2.99295767954489e-06
817980,0.1197183064231772,-2.025939527661558e-10,0.0,1.0999980485915415,-2.9929576796044506e-06
818040,0.11971830642810298,-2.0217397823416493e-10,0.0,1.099998048591542,-2.992957679666712e-06
818100,0.11971830643314157,-2.0175273493693984e-10,0.0,1.0999980485915422,-2.9929576797316843e-06
818160,0.11971830643829333,-2.0133022971717853e-10,0.0,1.0999980485915426,-2.9929576797993758e-06
818220,0.11971830644355855,-2.0090646942995608e-10,0.0,1.0999980485915428,-2.992957679869796e-06
818280,0.11971830644893758,-2.0048146094272457e-10,0.0,1.0999980485915433,-2.992957679942954e-06
818340,0.11971830645443075,-2.0005521113531316e-10,0.0,1.0999980485915435,-2.9929576800188585e-06
818400,0.11971830646003839,-1.996277268999281e-10,0.0,1.099998048591544,-2.99295768009752e-06
818460,0.11971830646576086,-1.9919901514115269e-10,0.0,1.0999980485915444,-2.9929576801789473e-06
818520,0.11971830647159847,-1.9876908277594724e-10,0.0,1.0999980485915446,-2.992957680263149e-06
818580,0.11971830647755154,-1.983379367336492e-10,0.0,1.099998048591545,-2.9929576803501352e-06
818640,0.11971830648362043,-1.9790558395597298e-10,0.0,1.0999980485915453,-2.9929576804399152e-06
818700,0.11971830648980548,-1.9747203139701015e-10,0.0,1.0999980485915457,-2.9929576805324976e-06
818760,0.119718306496107,-1.9703728602322924e-10,0.0,1.099998048591546,-2.9929576806278926e-06
818820,0.11971830650252535,-1.9660135481347595e-10,0.0,1.0999980485915464,-2.9929576807261086e-06
818880,0.11971830650906085,-1.9616424475897295e-10,0.0,1.0999980485915468,-2.992957680827156e-06
818940,0.11971830651571384,-1.9572596286332e-10,0.0,1.099998048591547,-2.992957680931043e-06
819000,0.11971830652248466,-1.9528651614249392e-10,0.0,1.0999980485915475,-2.9929576810377803e-06
819060,0.11971830652937365,-1.9484591162484857e-10,0.0,1.099998048591548,-2.9929576811473758e-06
819120,0.11971830653638114,-1.944041563511149e-10,0.0,1.0999980485915481,-2.99295768125984e-06
819180,0.11971830654350749,-1.9396125737440088e-10,0.0,1.0999980485915486,-2.992957681375182e-06
819240,0.119718306550753,-1.935172217601916e-10,0.0,1.0999980485915488,-2.9929576814934108e-06
819300,0.11971830655811802,-1.9307205658634918e-10,0.0,1.0999980485915493,-2.9929576816145365e-06
819360,0.11971830656560291,-1.9262576894311274e-10,0.0,1.0999980485915497,-2.992957681738568e-06
819420,0.119718306573208,-1.9217836593309854e-10,0.0,1.09999804859155,-2.9929576818655145e-06
819480,0.11971830658093362,-1.9172985467129987e-10,0.0,1.0999980485915504,-2.992957681995386e-06
819540,0.11971830658878012,-1.9128024228508708e-10,0.0,1.0999980485915508,-2.992957682128192e-06
819600,0.11971830659674783,-1.9082953591420756e-10,0.0,1.099998048591551,-2.992957682263942e-06
819660,0.1197183066048371,-1.9037774271078577e-10,0.0,1.0999980485915515,-2.9929576824026447e-06
819720,0.11971830661304825,-1.8992486983932325e-10,0.0,1.099998048591552,-2.99295768254431e-06
819780,0.11971830662138165,-1.894709244766986e-10,0.0,1.0999980485915524,-2.992957682688948e-06
819840,0.11971830662983764,-1.890159138121674e-10,0.0,1.0999980485915526,-2.9929576828365674e-06
819900,0.11971830663841654,-1.8855984504736242e-10,0.0,1.099998048591553,-2.992957682987178e-06
819960,0.1197183066471187,-1.8810272539629338e-10,0.0,1.0999980485915535,-2.9929576831407895e-06
820020,0.11971830665594448,-1.8764456208534712e-10,0.0,1.099998048591554,-2.992957683297411e-06
820080,0.1197183066648942,-1.871853623532875e-10,0.0,1.0999980485915541,-2.9929576834570525e-06
820140,0.11971830667396821,-1.8672513345125547e-10,0.0,1.0999980485915546,-2.992957683619723e-06
820200,0.11971830668316687,-1.86263882642769e-10,0.0,1.099998048591555,-2.9929576837854328e-06
820260,0.11971830669249049,-1.8580161720372318e-10,0.0,1.0999980485915555,-2.992957683954191e-06
820320,0.11971830670193945,-1.853383444223901e-10,0.0,1.0999980485915557,-2.9929576841260074e-06
820380,0.11971830671151407,-1.8487407159941892e-10,0.0,1.0999980485915561,-2.9929576843008913e-06
820440,0.11971830672121471,-1.844088060478359e-10,0.0,1.0999980485915566,-2.9929576844788525e-06
820500,0.1197183067310417,-1.8394255509304432e-10,0.0,1.099998048591557,-2.9929576846599003e-06
820560,0.1197183067409954,-1.8347532607282452e-10,0.0,1.0999980485915575,-2.992957684844045e-06
820620,0.11971830675107614,-1.830071263373339e-10,0.0,1.0999980485915577,-2.9929576850312954e-06
820680,0.1197183067612843,-1.8253796324910696e-10,0.0,1.0999980485915581,-2.9929576852216623e-06
820740,0.11971830677162018,-1.820678441830552e-10,0.0,1.0999980485915586,-2.992957685415154e-06
820800,0.11971830678208416,-1.815967765264672e-10,0.0,1.099998048591559,-2.992957685611781e-06
820860,0.11971830679267657,-1.811247676790086e-10,0.0,1.0999980485915595,-2.9929576858115525e-06
820920,0.11971830680339778,-1.8065182505272212e-10,0.0,1.09999804859156,-2.9929576860144788e-06
820980,0.11971830681424811,-1.8017795607202753e-10,0.0,1.0999980485915604,-2.992957686220569e-06
821040,0.11971830682116076,-1.7969170453997113e-10,0.0,1.0999980485915606,-2.9929576863266244e-06
821100,0.11971830681628669,-1.7917095365249453e-10,0.0,1.0999980485915608,-2.9929576861334666e-06
821160,0.11971830681143797,-1.7864900333037058e-10,0.0,1.0999980485915608,-2.992957685940842e-06
821220,0.11971830680661466,-1.7812586018321595e-10,0.0,1.099998048591561,-2.992957685748753e-06
821280,0.1197183068018168,-1.7760153083199463e-10,0.0,1.0999980485915613,-2.9929576855572017e-06
821340,0.11971830679704444,-1.7707602190901806e-10,0.0,1.0999980485915613,-2.9929576853661894e-06
821400,0.1197183067922976,-1.765493400579448e-10,0.0,1.0999980485915615,-2.9929576851757184e-06
821460,0.11971830678757635,-1.7602149193378128e-10,0.0,1.0999980485915615,-2.9929576849857907e-06
821520,0.11971830678288072,-1.7549248420288098e-10,0.0,1.0999980485915617,-2.992957684796408e-06
821580,0.11971830677821074,-1.7496232354294477e-10,0.0,1.099998048591562,-2.9929576846075727e-06
821640,0.11971830677356647,-1.7443101664302116e-10,0.0,1.099998048591562,-2.9929576844192866e-06
821700,0.11971830676894796,-1.7389857020350574e-10,0.0,1.0999980485915621,-2.9929576842315515e-06
821760,0.11971830676435523,-1.7336499093614181e-10,0.0,1.0999980485915624,-2.9929576840443695e-06
821820,0.11971830675978833,-1.7283028556401986e-10,0.0,1.0999980485915624,-2.9929576838577423e-06
821880,0.11971830675524729,-1.722944608215778e-10,0.0,1.0999980485915626,-2.992957683671672e-06
821940,0.11971830675073218,-1.7175752345460092e-10,0.0,1.0999980485915626,-2.992957683486161e-06
822000,0.11971830674624304,-1.71219480220222e-10,0.0,1.0999980485915628,-2.9929576833012107e-06
822060,0.11971830674177988,-1.7068033788692118e-10,0.0,1.099998048591563,-2.992957683116823e-06
822120,0.11971830673734277,-1.7014010323452585e-10,0.0,1.099998048591563,-2.9929576829330004e-06
822180,0.11971830673293175,-1.6959878305421108e-10,0.0,1.0999980485915632,-2.9929576827497444e-06
822240,0.11971830672854684,-1.690563841484991e-10,0.0,1.0999980485915632,-2.9929576825670568e-06
822300,0.11971830672418812,-1.685129133312596e-10,0.0,1.0999980485915635,-2.9929576823849405e-06
822360,0.1197183067198556,-1.6796837742770964e-10,0.0,1.0999980485915637,-2.9929576822033963e-06
822420,0.11971830671554934,-1.6742278327441377e-10,0.0,1.0999980485915637,-2.992957682022427e-06
822480,0.11971830671126937,-1.6687613771928378e-10,0.0,1.099998048591564,-2.9929576818420343e-06
822540,0.11971830670701575,-1.6632844762157898e-10,0.0,1.099998048591564,-2.9929576816622198e-06
822600,0.11971830670278849,-1.6577971985190607e-10,0.0,1.0999980485915641,-2.992957681482986e-06
822660,0.11971830669858767,-1.6522996129221908e-10,0.0,1.0999980485915644,-2.992957681304335e-06
822720,0.1197183066944133,-1.6467917883581948e-10,0.0,1.0999980485915644,-2.9929576811262677e-06
822780,0.11971830669026544,-1.6412737938735601e-10,0.0,1.0999980485915646,-2.9929576809487876e-06
822840,0.11971830668614412,-1.635745698628251e-10,0.0,1.0999980485915646,-2.9929576807718954e-06
822900,0.1197183066820494,-1.6302075718957027e-10,0.0,1.0999980485915648,-2.9929576805955935e-06
822960,0.1197183066779813,-1.6246594830628257e-10,0.0,1.099998048591565,-2.992957680419884e-06
823020,0.11971830667393987,-1.619101501630004e-10,0.0,1.099998048591565,-2.992957680244769e-06
823080,0.11971830666992517,-1.6135336972110966e-10,0.0,1.0999980485915652,-2.99295768007025e-06
823140,0.11971830666593722,-1.6079561395334344e-10,0.0,1.0999980485915652,-2.9929576798963297e-06
823200,0.11971830666197605,-1.602368898437825e-10,0.0,1.0999980485915655,-2.992957679723009e-06
823260,0.11971830665804174,-1.596772043878547e-10,0.0,1.0999980485915657,-2.992957679550291e-06
823320,0.1197183066541343,-1.5911656459233548e-10,0.0,1.0999980485915657,-2.992957679378177e-06
823380,0.11971830665025379,-1.5855497747534764e-10,0.0,1.099998048591566,-2.992957679206669e-06
823440,0.11971830664640024,-1.5799245006636144e-10,0.0,1.099998048591566,-2.9929576790357692e-06
823500,0.1197183066425737,-1.5742898940619433e-10,0.0,1.0999980485915661,-2.9929576788654796e-06
823560,0.1197183066387742,-1.5686460254701138e-10,0.0,1.0999980485915664,-2.992957678695802e-06
823620,0.11971830663500178,-1.562992965523249e-10,0.0,1.0999980485915664,-2.992957678526738e-06
823680,0.1197183066312565,-1.557330784969947e-10,0.0,1.0999980485915666,-2.9929576783582907e-06
823740,0.11971830662753839,-1.5516595546722784e-10,0.0,1.0999980485915666,-2.9929576781904613e-06
823800,0.1197183066238475,-1.5459793456057903e-10,0.0,1.0999980485915668,-2.9929576780232515e-06
823860,0.11971830662018386,-1.5402902288595006e-10,0.0,1.099998048591567,-2.992957677856664e-06
823920,0.11971830661654752,-1.5345922756359034e-10,0.0,1.099998048591567,-2.9929576776907004e-06
823980,0.1197183066129385,-1.5288855572509655e-10,0.0,1.0999980485915672,-2.9929576775253625e-06
824040,0.11971830660935687,-1.5231701451341293e-10,0.0,1.0999980485915672,-2.9929576773606527e-06
824100,0.11971830660580265,-1.5174461108283088e-10,0.0,1.0999980485915675,-2.992957677196573e-06
824160,0.1197183066022759,-1.511713525989894e-10,0.0,1.0999980485915677,-2.992957677033125e-06
824220,0.11971830659877665,-1.5059724623887474e-10,0.0,1.0999980485915677,-2.992957676870311e-06
824280,0.11971830659530494,-1.5002229919082065e-10,0.0,1.099998048591568,-2.992957676708133e-06
824340,0.11971830659186082,-1.4944651865450822e-10,0.0,1.099998048591568,-2.9929576765465922e-06
824400,0.11971830658844432,-1.488699118409659e-10,0.0,1.0999980485915681,-2.9929576763856916e-06
824460,0.11971830658505549,-1.4829248597256962e-10,0.0,1.0999980485915684,-2.992957676225433e-06
824520,0.11971830658169436,-1.4771424828304262e-10,0.0,1.0999980485915684,-2.992957676065818e-06
824580,0.11971830657836098,-1.4713520601745564e-10,0.0,1.0999980485915686,-2.992957675906849e-06
824640,0.11971830657505539,-1.4655536643222667e-10,0.0,1.0999980485915686,-2.992957675748528e-06
824700,0.11971830657177762,-1.4597473679512127e-10,0.0,1.0999980485915688,-2.992957675590856e-06
824760,0.11971830656852774,-1.453933243852522e-10,0.0,1.0999980485915688,-2.9929576754338366e-06
824820,0.11971830656530576,-1.4481113649307978e-10,0.0,1.099998048591569,-2.992957675277471e-06
824880,0.11971830656211174,-1.4422818042041159e-10,0.0,1.0999980485915692,-2.9929576751217604e-06
824940,0.1197183065589457,-1.4364446348040278e-10,0.0,1.0999980485915692,-2.992957674966708e-06
825000,0.11971830655580772,-1.430599929975557e-10,0.0,1.0999980485915695,-2.9929576748123156e-06
825060,0.11971830655269779,-1.4247477630772015e-10,0.0,1.0999980485915695,-2.9929576746585846e-06
825120,0.11971830654961599,-1.4188882075809343e-10,0.0,1.0999980485915697,-2.9929576745055177e-06
825180,0.11971830654656233,-1.413021337072201e-10,0.0,1.0999980485915697,-2.992957674353116e-06
825240,0.11971830654353689,-1.4071472252499222e-10,0.0,1.09999804859157,-2.992957674201383e-06
825300,0.11971830654053968,-1.401265945926492e-10,0.0,1.0999980485915701,-2.992957674050319e-06
825360,0.11971830653757075,-1.3953775730277779e-10,0.0,1.0999980485915701,-2.992957673899927e-06
825420,0.11971830653463013,-1.3894821805931225e-10,0.0,1.0999980485915704,-2.9929576737502087e-06
825480,0.11971830653171787,-1.383579842775341e-10,0.0,1.0999980485915704,-2.992957673601166e-06
825540,0.11971830652883403,-1.377670633840723e-10,0.0,1.0999980485915706,-2.992957673452801e-06
825600,0.1197183065259786,-1.371754628169034e-10,0.0,1.0999980485915706,-2.992957673305116e-06
825660,0.11971830652315169,-1.3658319002535097e-10,0.0,1.0999980485915708,-2.9929576731581127e-06
825720,0.11971830652035327,-1.3599025247008625e-10,0.0,1.099998048591571,-2.9929576730117933e-06
825780,0.11971830651758343,-1.3539665762312782e-10,0.0,1.099998048591571,-2.992957672866159e-06
825840,0.11971830651484218,-1.348024129678416e-10,0.0,1.0999980485915712,-2.992957672721213e-06
825900,0.11971830651212959,-1.3420752599894095e-10,0.0,1.0999980485915712,-2.992957672576957e-06
825960,0.11971830650944566,-1.3361200422248668e-10,0.0,1.0999980485915715,-2.9929576724333926e-06
826020,0.11971830650679048,-1.330158551558868e-10,0.0,1.0999980485915715,-2.992957672290522e-06
826080,0.11971830650416405,-1.3241908632789695e-10,0.0,1.0999980485915717,-2.992957672148347e-06
826140,0.11971830650156642,-1.3182170527862e-10,0.0,1.099998048591572,-2.99295767200687e-06
826200,0.11971830649899765,-1.3122371955950628e-10,0.0,1.099998048591572,-2.9929576718660927e-06
826260,0.11971830649645776,-1.3062513673335357e-10,0.0,1.0999980485915721,-2.9929576717260176e-06
826320,0.11971830649394678,-1.3002596437430684e-10,0.0,1.0999980485915721,-2.992957671586646e-06
826380,0.11971830649146478,-1.294262100678587e-10,0.0,1.0999980485915724,-2.9929576714479803e-06
826440,0.11971830648901179,-1.2882588141084903e-10,0.0,1.0999980485915724,-2.9929576713100224e-06
826500,0.11971830648658784,-1.2822498601146505e-10,0.0,1.0999980485915726,-2.9929576711727742e-06
826560,0.11971830648419297,-1.2762353148924153e-10,0.0,1.0999980485915726,-2.992957671036238e-06
826620,0.11971830648182724,-1.2702152547506054e-10,0.0,1.0999980485915728,-2.992957670900416e-06
826680,0.11971830647949067,-1.2641897561115154e-10,0.0,1.099998048591573,-2.99295767076531e-06
826740,0.11971830647718329,-1.2581588955109128e-10,0.0,1.099998048591573,-2.9929576706309213e-06
826800,0.11971830647490517,-1.2521227495980422e-10,0.0,1.0999980485915732,-2.992957670497253e-06
826860,0.11971830647265634,-1.2460813951356197e-10,0.0,1.0999980485915732,-2.9929576703643067e-06
826920,0.11971830647043682,-1.240034908999835e-10,0.0,1.0999980485915735,-2.9929576702320844e-06
826980,0.11971830646824669,-1.2339833681803528e-10,0.0,1.0999980485915735,-2.992957670100588e-06
827040,0.11971830646608594,-1.2279268497803116e-10,0.0,1.0999980485915737,-2.9929576699698197e-06
827100,0.11971830646395465,-1.221865431016324e-10,0.0,1.0999980485915737,-2.992957669839781e-06
827160,0.11971830646185284,-1.215799189218476e-10,0.0,1.099998048591574,-2.992957669710475e-06
827220,0.11971830645978056,-1.209728201830328e-10,0.0,1.099998048591574,-2.992957669581903e-06
827280,0.11971830645773784,-1.2036525464089135e-10,0.0,1.0999980485915741,-2.992957669454067e-06
827340,0.11971830645572472,-1.1975723006247418e-10,0.0,1.0999980485915744,-2.9929576693269687e-06
827400,0.11971830645374125,-1.1914875422617937e-10,0.0,1.0999980485915744,-2.992957669200611e-06
827460,0.11971830645178747,-1.1853983492175262e-10,0.0,1.0999980485915746,-2.9929576690749955e-06
827520,0.11971830644986341,-1.1793047995028683e-10,0.0,1.0999980485915746,-2.992957668950124e-06
827580,0.1197183064479691,-1.1732069712422244e-10,0.0,1.0999980485915748,-2.992957668825999e-06
827640,0.1197183064461046,-1.167104942673473e-10,0.0,1.0999980485915748,-2.992957668702622e-06
827700,0.11971830644426994,-1.160998792147964e-10,0.0,1.099998048591575,-2.992957668579996e-06
827760,0.11971830644246517,-1.1548885981305247e-10,0.0,1.099998048591575,-2.9929576684581213e-06
827820,0.11971830644069031,-1.1487744391994543e-10,0.0,1.0999980485915752,-2.9929576683370015e-06
827880,0.11971830643894542,-1.1426563940465268e-10,0.0,1.0999980485915752,-2.9929576682166377e-06
827940,0.11971830643723053,-1.1365345414769884e-10,0.0,1.0999980485915755,-2.992957668097033e-06
828000,0.11971830643554567,-1.130408960409562e-10,0.0,1.0999980485915755,-2.9929576679781878e-06
828060,0.11971830643389089,-1.124279729876442e-10,0.0,1.0999980485915757,-2.992957667860106e-06
828120,0.11971830643226623,-1.1181469290232989e-10,0.0,1.0999980485915757,-2.992957667742788e-06
828180,0.11971830643067173,-1.1120106371092745e-10,0.0,1.099998048591576,-2.9929576676262367e-06
828240,0.11971830642910741,-1.1058709335069873e-10,0.0,1.099998048591576,-2.992957667510454e-06
828300,0.11971830642757335,-1.0997278977025279e-10,0.0,1.0999980485915761,-2.9929576673954422e-06
828360,0.11971830642606955,-1.0935816092954617e-10,0.0,1.0999980485915761,-2.9929576672812025e-06
828420,0.11971830642459608,-1.0874321479988271e-10,0.0,1.0999980485915763,-2.9929576671677378e-06
828480,0.11971830642315294,-1.0812795936391378e-10,0.0,1.0999980485915766,-2.9929576670550498e-06
828540,0.11971830642174021,-1.0751240261563804e-10,0.0,1.0999980485915766,-2.9929576669431406e-06
828600,0.1197183064203579,-1.0689655256040159e-10,0.0,1.0999980485915768,-2.992957666832012e-06
828660,0.11971830641900606,-1.0628041721489793e-10,0.0,1.0999980485915768,-2.9929576667216665e-06
828720,0.11971830641768474,-1.0566400460716798e-10,0.0,1.099998048591577,-2.9929576666121058e-06
828780,0.11971830641639397,-1.050473227765999e-10,0.0,1.099998048591577,-2.9929576665033315e-06
828840,0.11971830641513379,-1.044303797739294e-10,0.0,1.0999980485915772,-2.9929576663953466e-06
828900,0.11971830641390421,-1.0381318366123961e-10,0.0,1.0999980485915772,-2.9929576662881525e-06
828960,0.11971830641270532,-1.031957425119609e-10,0.0,1.0999980485915775,-2.9929576661817516e-06
829020,0.11971830641153713,-1.0257806441087115e-10,0.0,1.0999980485915775,-2.9929576660761457e-06
829080,0.11971830641039968,-1.0196015745409559e-10,0.0,1.0999980485915777,-2.9929576659713368e-06
829140,0.11971830640929301,-1.0134202974910684e-10,0.0,1.0999980485915777,-2.9929576658673275e-06
829200,0.11971830640821716,-1.0072368941472498e-10,0.0,1.099998048591578,-2.992957665764119e-06
829260,0.11971830640717218,-1.0010514458111743e-10,0.0,1.099998048591578,-2.9929576656617136e-06
829320,0.1197183064061581,-9.948640338979897e-11,0.0,1.0999980485915781,-2.9929576655601137e-06
829380,0.11971830640517495,-9.886747399363187e-11,0.0,1.0999980485915781,-2.992957665459321e-06
829440,0.11971830640422278,-9.824836455682571e-11,0.0,1.0999980485915783,-2.992957665359338e-06
829500,0.11971830640330161,-9.76290832549374e-11,0.0,1.0999980485915783,-2.992957665260166e-06
829560,0.11971830640241152,-9.700963827487152e-11,0.0,1.0999980485915783,-2.992957665161808e-06
829620,0.1197183064015525,-9.639003781487972e-11,0.0,1.0999980485915786,-2.9929576650642653e-06
829680,0.11971830640072462,-9.577029008456127e-11,0.0,1.0999980485915786,-2.99295766496754e-06
829740,0.1197183063999279,-9.51504033048627e-11,0.0,1.0999980485915788,-2.9929576648716347e-06
829800,0.1197183063991624,-9.453038570807794e-11,0.0,1.0999980485915788,-2.992957664776551e-06
829860,0.11971830639842813,-9.391024553784852e-11,0.0,1.099998048591579,-2.9929576646822907e-06
829920,0.11971830639772515,-9.328999104916301e-11,0.0,1.099998048591579,-2.9929576645888566e-06
829980,0.11971830639705351,-9.266963050835771e-11,0.0,1.0999980485915792,-2.99295766449625e-06
830040,0.11971830639641322,-9.204917219311609e-11,0.0,1.0999980485915792,-2.9929576644044736e-06
830100,0.11971830639580433,-9.142862439246912e-11,0.0,1.0999980485915795,-2.992957664313529e-06
830160,0.11971830639522688,-9.080799540679515e-11,0.0,1.0999980485915795,-2.9929576642234186e-06
830220,0.1197183063946809,-9.018729354781991e-11,0.0,1.0999980485915797,-2.992957664134144e-06
830280,0.11971830639416643,-8.95665271386165e-11,0.0,1.0999980485915797,-2.9929576640457077e-06
830340,0.11971830639368353,-8.89457045136055e-11,0.0,1.09999804859158,-2.9929576639581114e-06
830400,0.11971830639323221,-8.832483401855472e-11,0.0,1.09999804859158,-2.992957663871358e-06
830460,0.11971830639281252,-8.770392401057957e-11,0.0,1.0999980485915801,-2.992957663785448e-06
830520,0.1197183063924245,-8.708298285814273e-11,0.0,1.0999980485915801,-2.9929576637003847e-06
830580,0.1197183063920682,-8.646201894105432e-11,0.0,1.0999980485915801,-2.99295766361617e-06
830640,0.11971830639174362,-8.584104065047177e-11,0.0,1.0999980485915803,-2.992957663532806e-06
830700,0.11971830639145083,-8.52200563889e-11,0.0,1.0999980485915803,-2.992957663450294e-06
830760,0.11971830639118987,-8.459907457019133e-11,0.0,1.0999980485915806,-2.992957663368637e-06
830820,0.11971830639096076,-8.397810361954538e-11,0.0,1.0999980485915806,-2.9929576632878364e-06
830880,0.11971830639076354,-8.335715197350925e-11,0.0,1.0999980485915808,-2.9929576632078947e-06
830940,0.11971830639059827,-8.273622807997736e-11,0.0,1.0999980485915808,-2.992957663128814e-06
831000,0.11971830639046496,-8.211534039819169e-11,0.0,1.099998048591581,-2.992957663050596e-06
831060,0.11971830639036367,-8.149449739874133e-11,0.0,1.099998048591581,-2.992957662973243e-06
831120,0.11971830639029442,-8.087370756356304e-11,0.0,1.0999980485915812,-2.992957662896757e-06
831180,0.11971830639025725,-8.025297938594084e-11,0.0,1.0999980485915812,-2.99295766282114e-06
831240,0.11971830639025222,-7.963232137050614e-11,0.0,1.0999980485915812,-2.9929576627463943e-06
831300,0.11971830639027935,-7.901174203323775e-11,0.0,1.0999980485915815,-2.9929576626725216e-06
831360,0.11971830639033867,-7.839124990146194e-11,0.0,1.0999980485915815,-2.9929576625995243e-06
831420,0.11971830639043023,-7.777085351385233e-11,0.0,1.0999980485915817,-2.9929576625274046e-06
831480,0.11971830639055407,-7.71505614204299e-11,0.0,1.0999980485915817,-2.992957662456164e-06
831540,0.11971830639071022,-7.653038218256312e-11,0.0,1.099998048591582,-2.9929576623858052e-06
831600,0.11971830639089871,-7.591032437296765e-11,0.0,1.099998048591582,-2.99295766231633e-06
831660,0.1197183063911196,-7.52903965757069e-11,0.0,1.099998048591582,-2.99295766224774e-06
831720,0.11971830639137292,-7.46706073861913e-11,0.0,1.0999980485915821,-2.992957662180038e-06
831780,0.1197183063916587,-7.405096541117884e-11,0.0,1.0999980485915821,-2.9929576621132258e-06
831840,0.11971830639197698,-7.343147926877495e-11,0.0,1.0999980485915823,-2.9929576620473054e-06
831900,0.11971830639232779,-7.28121575884324e-11,0.0,1.0999980485915823,-2.992957661982279e-06
831960,0.11971830639271118,-7.219300901095134e-11,0.0,1.0999980485915823,-2.992957661918149e-06
832020,0.1197183063931272,-7.157404218847929e-11,0.0,1.0999980485915826,-2.9929576618549167e-06
832080,0.11971830639357585,-7.095526578451131e-11,0.0,1.0999980485915826,-2.992957661792585e-06
832140,0.11971830639405719,-7.033668847388964e-11,0.0,1.0999980485915828,-2.992957661731155e-06
832200,0.11971830639457126,-6.971831894280409e-11,0.0,1.0999980485915828,-2.99295766167063e-06
832260,0.11971830639511809,-6.91001658887918e-11,0.0,1.099998048591583,-2.992957661611011e-06
832320,0.11971830639569772,-6.84822380207372e-11,0.0,1.099998048591583,-2.9929576615523007e-06
832380,0.1197183063963102,-6.786454405887236e-11,0.0,1.099998048591583,-2.992957661494501e-06
832440,0.11971830639695555,-6.724709273477653e-11,0.0,1.0999980485915832,-2.9929576614376137e-06
832500,0.1197183063976338,-6.662989279137643e-11,0.0,1.0999980485915832,-2.9929576613816413e-06
832560,0.119718306398345,-6.601295298294618e-11,0.0,1.0999980485915832,-2.992957661326586e-06
832620,0.1197183063990892,-6.539628207510726e-11,0.0,1.0999980485915835,-2.9929576612724494e-06
832680,0.11971830639986641,-6.477988884482856e-11,0.0,1.0999980485915835,-2.9929576612192337e-06
832740,0.1197183064006767,-6.41637820804264e-11,0.0,1.0999980485915837,-2.9929576611669413e-06
832800,0.11971830640152008,-6.354797058156448e-11,0.0,1.0999980485915837,-2.9929576611155743e-06
832860,0.11971830640239658,-6.293246315925384e-11,0.0,1.0999980485915837,-2.9929576610651343e-06
832920,0.11971830640330627,-6.231726863585298e-11,0.0,1.099998048591584,-2.9929576610156235e-06
832980,0.11971830640424916,-6.170239584506777e-11,0.0,1.099998048591584,-2.9929576609670445e-06
833040,0.11971830640522531,-6.108785363195147e-11,0.0,1.0999980485915841,-2.9929576609193993e-06
833100,0.11971830640623472,-6.047365085290471e-11,0.0,1.0999980485915841,-2.9929576608726893e-06
833160,0.11971830640727747,-5.985979637567558e-11,0.0,1.0999980485915841,-2.9929576608269173e-06
833220,0.11971830640835357,-5.924629907935944e-11,0.0,1.0999980485915843,-2.9929576607820847e-06
833280,0.11971830640946306,-5.863316785439926e-11,0.0,1.0999980485915843,-2.9929576607381944e-06
833340,0.11971830641060599,-5.802041160258519e-11,0.0,1.0999980485915843,-2.992957660695248e-06
833400,0.11971830641178237,-5.740803923705492e-11,0.0,1.0999980485915846,-2.992957660653248e-06
833460,0.11971830641299228,-5.6796059682293395e-11,0.0,1.0999980485915846,-2.9929576606121957e-06
833520,0.11971830641423571,-5.618448187413309e-11,0.0,1.0999980485915846,-2.9929576605720942e-06
833580,0.11971830641551272,-5.557331475975377e-11,0.0,1.0999980485915848,-2.9929576605329448e-06
833640,0.11971830641682335,-5.496256729768268e-11,0.0,1.0999980485915848,-2.99295766049475e-06
833700,0.11971830641816764,-5.435224845779443e-11,0.0,1.099998048591585,-2.992957660457512e-06
833760,0.1197183064195456,-5.374236722131096e-11,0.0,1.099998048591585,-2.9929576604212326e-06
833820,0.1197183064209573,-5.313293258080169e-11,0.0,1.099998048591585,-2.992957660385914e-06
833880,0.11971830642240275,-5.25239535401834e-11,0.0,1.0999980485915852,-2.9929576603515578e-06
833940,0.119718306423882,-5.191543911472028e-11,0.0,1.0999980485915852,-2.992957660318167e-06
834000,0.11971830642539508,-5.1307398331023864e-11,0.0,1.0999980485915852,-2.9929576602857433e-06
834060,0.11971830642694203,-5.069984022705313e-11,0.0,1.0999980485915855,-2.9929576602542887e-06
834120,0.1197183064285229,-5.009277385211447e-11,0.0,1.0999980485915855,-2.9929576602238057e-06
834180,0.1197183064301377,-4.948620826686158e-11,0.0,1.0999980485915855,-2.992957660194296e-06
834240,0.11971830643178649,-4.888015254329565e-11,0.0,1.0999980485915857,-2.9929576601657615e-06
834300,0.11971830643346928,-4.827461576476521e-11,0.0,1.0999980485915857,-2.992957660138205e-06
834360,0.11971830643518615,-4.766960702596625e-11,0.0,1.0999980485915857,-2.992957660111628e-06
834420,0.1197183064369371,-4.706513543294199e-11,0.0,1.099998048591586,-2.992957660086033e-06
834480,0.11971830643872217,-4.646121010308322e-11,0.0,1.099998048591586,-2.992957660061422e-06
834540,0.11971830644054139,-4.5857840165128105e-11,0.0,1.099998048591586,-2.992957660037797e-06
834600,0.11971830644239483,-4.525503475916209e-11,0.0,1.099998048591586,-2.99295766001516e-06
834660,0.11971830644428248,-4.465280303661806e-11,0.0,1.0999980485915861,-2.992957659993513e-06
834720,0.11971830644620442,-4.4051154160276376e-11,0.0,1.0999980485915861,-2.9929576599728586e-06
834780,0.11971830644816066,-4.345009730426469e-11,0.0,1.0999980485915861,-2.992957659953199e-06
834840,0.11971830645015125,-4.284964165405814e-11,0.0,1.0999980485915863,-2.992957659934536e-06
834900,0.11971830645217621,-4.224979640647917e-11,0.0,1.0999980485915863,-2.992957659916871e-06
834960,0.11971830645423558,-4.16505707696977e-11,0.0,1.0999980485915863,-2.9929576599002074e-06
835020,0.1197183064563294,-4.1051973963230935e-11,0.0,1.0999980485915866,-2.992957659884547e-06
835080,0.11971830645845773,-4.045401521794357e-11,0.0,1.0999980485915866,-2.992957659869891e-06
835140,0.11971830646062055,-3.9856703776047714e-11,0.0,1.0999980485915866,-2.9929576598562425e-06
835200,0.11971830646281795,-3.926004889110278e-11,0.0,1.0999980485915866,-2.9929576598436035e-06
835260,0.11971830646504994,-3.866405982801562e-11,0.0,1.0999980485915868,-2.9929576598319755e-06
835320,0.11971830646731657,-3.806874586304052e-11,0.0,1.0999980485915868,-2.9929576598213613e-06
835380,0.11971830646961786,-3.747411628377903e-11,0.0,1.0999980485915868,-2.9929576598117627e-06
835440,0.11971830647195385,-3.688018038918028e-11,0.0,1.099998048591587,-2.992957659803182e-06
835500,0.11971830647432458,-3.628694748954062e-11,0.0,1.099998048591587,-2.992957659795621e-06
835560,0.11971830647673007,-3.569442690650389e-11,0.0,1.099998048591587,-2.9929576597890817e-06
835620,0.11971830647917038,-3.5102627973061343e-11,0.0,1.099998048591587,-2.9929576597835667e-06
835680,0.11971830648164554,-3.451156003355156e-11,0.0,1.0999980485915872,-2.9929576597790783e-06
835740,0.11971830648415559,-3.392123244366054e-11,0.0,1.0999980485915872,-2.9929576597756177e-06
835800,0.11971830648670054,-3.333165457042167e-11,0.0,1.0999980485915872,-2.992957659773188e-06
835860,0.11971830648928045,-3.2742835792215775e-11,0.0,1.0999980485915872,-2.992957659771791e-06
835920,0.11971830649189534,-3.2154785498771016e-11,0.0,1.0999980485915875,-2.9929576597714283e-06
835980,0.11971830649454526,-3.1567513091163e-11,0.0,1.0999980485915875,-2.9929576597721025e-06
836040,0.11971830649723024,-3.0981027981814646e-11,0.0,1.0999980485915875,-2.992957659773816e-06
836100,0.11971830649995031,-3.039533959449637e-11,0.0,1.0999980485915875,-2.9929576597765706e-06
836160,0.11971830650270553,-2.9810457364325934e-11,0.0,1.0999980485915877,-2.9929576597803683e-06
836220,0.11971830650549589,-2.922639073776851e-11,0.0,1.0999980485915877,-2.992957659785211e-06
836280,0.11971830650832146,-2.864314917263662e-11,0.0,1.0999980485915877,-2.992957659791102e-06
836340,0.11971830651118227,-2.8060742138090197e-11,0.0,1.0999980485915877,-2.992957659798042e-06
836400,0.11971830651407836,-2.747917911463661e-11,0.0,1.099998048591588,-2.992957659806034e-06
836460,0.11971830651700974,-2.6898469594130586e-11,0.0,1.099998048591588,-2.9929576598150797e-06
836520,0.11971830651997648,-2.6318623079774273e-11,0.0,1.099998048591588,-2.992957659825182e-06
836580,0.11971830652297859,-2.5739649086117144e-11,0.0,1.099998048591588,-2.9929576598363415e-06
836640,0.1197183065260161,-2.5161557139056164e-11,0.0,1.099998048591588,-2.992957659848562e-06
836700,0.11971830652908907,-2.4584356775835665e-11,0.0,1.0999980485915881,-2.992957659861845e-06
836760,0.11971830653219753,-2.400805754504727e-11,0.0,1.0999980485915881,-2.992957659876192e-06
836820,0.1197183065353415,-2.343266900663011e-11,0.0,1.0999980485915881,-2.9929576598916057e-06
836880,0.11971830653852103,-2.2858200731870737e-11,0.0,1.0999980485915881,-2.9929576599080886e-06
836940,0.11971830654173615,-2.2284662303402923e-11,0.0,1.0999980485915883,-2.9929576599256425e-06
837000,0.1197183065449869,-2.171206331520806e-11,0.0,1.0999980485915883,-2.992957659944269e-06
837060,0.1197183065482733,-2.1140413372614806e-11,0.0,1.0999980485915883,-2.992957659963971e-06
837120,0.11971830655159539,-2.0569722092299172e-11,0.0,1.0999980485915883,-2.9929576599847506e-06
837180,0.11971830655495322,-1.999999910228471e-11,0.0,1.0999980485915883,-2.9929576600066095e-06
837240,0.11971830655834681,-1.9431254041942197e-11,0.0,1.0999980485915883,-2.99295766002955e-06
837300,0.1197183065617762,-1.8863496561989974e-11,0.0,1.0999980485915886,-2.9929576600535745e-06
837360,0.11971830656524142,-1.8296736324493617e-11,0.0,1.0999980485915886,-2.992957660078685e-06
837420,0.11971830656874252,-1.7730983002866173e-11,0.0,1.0999980485915886,-2.992957660104883e-06
837480,0.11971830657227951,-1.7166246281868096e-11,0.0,1.0999980485915886,-2.9929576601321716e-06
837540,0.11971830657585246,-1.6602535857607258e-11,0.0,1.0999980485915886,-2.9929576601605527e-06
837600,0.11971830657946136,-1.6039861437538795e-11,0.0,1.0999980485915888,-2.992957660190028e-06
837660,0.11971830658310628,-1.5478232740465377e-11,0.0,1.0999980485915888,-2.9929576602206e-06
837720,0.11971830658678725,-1.4917659496537068e-11,0.0,1.0999980485915888,-2.992957660252271e-06
837780,0.1197183065905043,-1.4358151447251156e-11,0.0,1.0999980485915888,-2.9929576602850432e-06
837840,0.11971830659425745,-1.379971834545253e-11,0.0,1.0999980485915888,-2.992957660318918e-06
837900,0.11971830659804675,-1.324236995533338e-11,0.0,1.0999980485915888,-2.992957660353898e-06
837960,0.11971830660187223,-1.2686116052433264e-11,0.0,1.099998048591589,-2.992957660389986e-06
838020,0.11971830660573393,-1.2130966423639184e-11,0.0,1.099998048591589,-2.992957660427183e-06
838080,0.1197183066096319,-1.1576930867185483e-11,0.0,1.099998048591589,-2.9929576604654917e-06
838140,0.11971830661356613,-1.1024019192654027e-11,0.0,1.099998048591589,-2.9929576605049143e-06
838200,0.11971830661753669,-1.0472241220973919e-11,0.0,1.099998048591589,-2.992957660545453e-06
838260,0.1197183066215436,-9.921606784421733e-12,0.0,1.099998048591589,-2.99295766058711e-06
838320,0.11971830662558691,-9.37212572662141e-12,0.0,1.099998048591589,-2.992957660629887e-06
838380,0.11971830662966663,-8.823807902544297e-12,0.0,1.099998048591589,-2.9929576606737865e-06
838440,0.11971830663378283,-8.276663178509184e-12,0.0,1.0999980485915892,-2.9929576607188105e-06
838500,0.1197183066379355,-7.73070143218214e-12,0.0,1.0999980485915892,-2.9929576607649615e-06
838560,0.11971830664212471,-7.185932552576754e-12,0.0,1.0999980485915892,-2.992957660812241e-06
838620,0.11971830664635048,-6.642366440053919e-12,0.0,1.0999980485915892,-2.992957660860652e-06
838680,0.11971830665061285,-6.1000130063219715e-12,0.0,1.0999980485915892,-2.9929576609101963e-06
838740,0.11971830665491184,-5.558882174436654e-12,0.0,1.0999980485915892,-2.9929576609608756e-06
838800,0.1197183066592475,-5.018983878801039e-12,0.0,1.0999980485915892,-2.992957661012693e-06
838860,0.11971830666361986,-4.48032806516564e-12,0.0,1.0999980485915892,-2.9929576610656493e-06
838920,0.11971830666802895,-3.942924690628354e-12,0.0,1.0999980485915892,-2.992957661119748e-06
838980,0.11971830667247481,-3.4067837236344685e-12,0.0,1.0999980485915895,-2.9929576611749907e-06
839040,0.11971830667695746,-2.8719151439766656e-12,0.0,1.0999980485915895,-2.9929576612313794e-06
839100,0.11971830668147695,-2.338328942795058e-12,0.0,1.0999980485915895,-2.9929576612889166e-06
839160,0.11971830668603332,-1.8060351225771131e-12,0.0,1.0999980485915895,-2.992957661347604e-06
839220,0.11971830669062658,-1.2750436971576777e-12,0.0,1.0999980485915895,-2.9929576614074445e-06
839280,0.1197183066952568,-7.453646917190047e-13,0.0,1.0999980485915895,-2.9929576614684397e-06
839340,0.11971830669992396,-2.1700814279080455e-13,0.0,1.0999980485915895,-2.9929576615305916e-06
839400,0.11971830670462814,3.100159017499228e-13,0.0,1.0999980485915895,-2.992957661593903e-06
839460,0.11971830670936937,8.356973826786941e-13,0.0,1.0999980485915895,-2.992957661658376e-06
839520,0.11971830671414765,1.3600262294237236e-12,0.0,1.0999980485915895,-2.992957661724012e-06
839580,0.11971830671896305,1.8829923600657165e-12,0.0,1.0999980485915895,-2.9929576617908137e-06
839640,0.1197183067238156,2.4045856813380496e-12,0.0,1.0999980485915895,-2.9929576618587834e-06
839700,0.11971830672870531,2.9247960886267197e-12,0.0,1.0999980485915895,-2.9929576619279233e-06
839760,0.11971830673363223,3.4436134659703115e-12,0.0,1.0999980485915895,-2.992957661998235e-06
839820,0.1197183067385964,3.961027686060004e-12,0.0,1.0999980485915897,-2.9929576620697213e-06
839880,0.11971830674359785,4.477028610239582e-12,0.0,1.0999980485915897,-2.992957662142384e-06
839940,0.1197183067486366,4.9916060885054854e-12,0.0,1.0999980485915897,-2.9929576622162254e-06
840000,0.11971830675371269,5.5047499595066615e-12,0.0,1.0999980485915897,-2.9929576622912475e-06
840060,0.11971830675882617,6.016450050544763e-12,0.0,1.0999980485915897,-2.992957662367453e-06
840120,0.11971830676397704,6.526696177573985e-12,0.0,1.0999980485915897,-2.9929576624448434e-06
840180,0.11971830676916538,7.035478145201174e-12,0.0,1.0999980485915897,-2.9929576625234214e-06
840240,0.11971830677439117,7.542785746685728e-12,0.0,1.0999980485915897,-2.992957662603189e-06
840300,0.11971830677965449,8.048608763939693e-12,0.0,1.0999980485915897,-2.992957662684148e-06
840360,0.11971830678495536,8.552936967527734e-12,0.0,1.0999980485915897,-2.9929576627663013e-06
840420,0.1197183067902938,9.055760116667073e-12,0.0,1.0999980485915897,-2.9929576628496506e-06
840480,0.11971830679566985,9.557067959227548e-12,0.0,1.0999980485915897,-2.992957662934198e-06
840540,0.11971830680108354,1.005685023173165e-11,0.0,1.0999980485915897,-2.992957663019946e-06
840600,0.11971830680653492,1.0555096659354423e-11,0.0,1.0999980485915897,-2.9929576631068966e-06
840660,0.119718306812024,1.1051796955923539e-11,0.0,1.0999980485915897,-2.992957663195052e-06
840720,0.11971830681755083,1.1546940823919245e-11,0.0,1.0999980485915897,-2.9929576632844144e-06
840780,0.11971830682311545,1.2040517954474473e-11,0.0,1.0999980485915897,-2.992957663374986e-06
840840,0.11971830682871787,1.253251802737467e-11,0.0,1.0999980485915897,-2.9929576634667688e-06
840900,0.11971830683435813,1.302293071105797e-11,0.0,1.0999980485915897,-2.9929576635597654e-06
840960,0.11971830684003629,1.351174566261502e-11,0.0,1.0999980485915897,-2.9929576636539774e-06
841020,0.11971830684575234,1.3998952527789149e-11,0.0,1.0999980485915897,-2.9929576637494076e-06
841080,0.11971830685150635,1.4484540940976252e-11,0.0,1.0999980485915897,-2.992957663846058e-06
841140,0.11971830685729833,1.496850052522485e-11,0.0,1.0999980485915897,-2.9929576639439304e-06
841200,0.11971830686312832,1.5450820892236103e-11,0.0,1.0999980485915897,-2.9929576640430273e-06
841260,0.11971830686899634,1.593149164236368e-11,0.0,1.0999980485915895,-2.9929576641433507e-06
841320,0.11971830687490245,1.641050236461394e-11,0.0,1.0999980485915895,-2.992957664244903e-06
841380,0.11971830688084668,1.6887842636645828e-11,0.0,1.0999980485915895,-2.9929576643476864e-06
841440,0.11971830688682905,1.7363502024770845e-11,0.0,1.0999980485915895,-2.9929576644517033e-06
841500,0.11971830689284958,1.7837470083953197e-11,0.0,1.0999980485915895,-2.9929576645569552e-06
841560,0.11971830689890833,1.8309736357809603e-11,0.0,1.0999980485915895,-2.992957664663445e-06
841620,0.11971830690500533,1.8780290378609444e-11,0.0,1.0999980485915895,-2.9929576647711745e-06
841680,0.11971830691114059,1.9249121667274672e-11,0.0,1.0999980485915895,-2.992957664880146e-06
841740,0.11971830691731417,1.9716219733379855e-11,0.0,1.0999980485915895,-2.9929576649903616e-06
841800,0.11971830692352609,2.0181574075152208e-11,0.0,1.0999980485915895,-2.992957665101824e-06
841860,0.11971830692977638,2.0645174179471478e-11,0.0,1.0999980485915895,-2.9929576652145344e-06
841920,0.11971830693606507,2.1107009521870062e-11,0.0,1.0999980485915895,-2.992957665328496e-06
841980,0.1197183069423922,2.1567069566532955e-11,0.0,1.0999980485915895,-2.99295766544371e-06
842040,0.1197183069487578,2.202534376629776e-11,0.0,1.0999980485915892,-2.9929576655601798e-06
842100,0.1197183069551619,2.2481821562654696e-11,0.0,1.0999980485915892,-2.9929576656779068e-06
842160,0.11971830696160456,2.2936492385746565e-11,0.0,1.0999980485915892,-2.992957665796893e-06
842220,0.11971830696808577,2.3389345654368785e-11,0.0,1.0999980485915892,-2.992957665917141e-06
842280,0.11971830697460559,2.3840370775969394e-11,0.0,1.0999980485915892,-2.9929576660386534e-06
842340,0.11971830698116404,2.4289557146649006e-11,0.0,1.0999980485915892,-2.9929576661614317e-06
842400,0.11971830698776115,2.4736894151160847e-11,0.0,1.0999980485915892,-2.9929576662854784e-06
842460,0.11971830699439696,2.5182371162910775e-11,0.0,1.0999980485915892,-2.9929576664107952e-06
842520,0.11971830700107151,2.562597754395725e-11,0.0,1.0999980485915892,-2.9929576665373856e-06
842580,0.11971830700778484,2.606770264501131e-11,0.0,1.099998048591589,-2.9929576666652503e-06
842640,0.11971830701453694,2.6507535805436593e-11,0.0,1.099998048591589,-2.9929576667943923e-06
842700,0.11971830702132788,2.6945466353249395e-11,0.0,1.099998048591589,-2.992957666924814e-06
842760,0.11971830702815768,2.7381483605118597e-11,0.0,1.099998048591589,-2.992957667056517e-06
842820,0.11971830703502638,2.7815576866365644e-11,0.0,1.099998048591589,-2.9929576671895035e-06
842880,0.11971830704193401,2.8247735430964612e-11,0.0,1.099998048591589,-2.9929576673237765e-06
842940,0.11971830704888058,2.867794858154221e-11,0.0,1.099998048591589,-2.9929576674593378e-06
843000,0.11971830705586615,2.9106205589377745e-11,0.0,1.0999980485915888,-2.992957667596189e-06
843060,0.11971830706289074,2.953249571440309e-11,0.0,1.0999980485915888,-2.992957667734333e-06
843120,0.1197183070699544,2.995680820520275e-11,0.0,1.0999980485915888,-2.992957667873772e-06
843180,0.11971830707705713,3.037913229901386e-11,0.0,1.0999980485915888,-2.9929576680145077e-06
843240,0.11971830708419899,3.07994572217261e-11,0.0,1.0999980485915888,-2.992957668156543e-06
843300,0.11971830709138,3.121777218788184e-11,0.0,1.0999980485915886,-2.9929576682998795e-06
843360,0.1197183070986002,3.163406640067596e-11,0.0,1.0999980485915886,-2.9929576684445197e-06
843420,0.1197183071058596,3.204832905195601e-11,0.0,1.0999980485915886,-2.992957668590466e-06
843480,0.11971830711315826,3.246054932222215e-11,0.0,1.0999980485915886,-2.99295766873772e-06
843540,0.11971830712049619,3.2870716380627106e-11,0.0,1.0999980485915886,-2.992957668886285e-06
843600,0.11971830712787344,3.327881938497622e-11,0.0,1.0999980485915883,-2.992957669036162e-06
843660,0.11971830713529003,3.3684847481727474e-11,0.0,1.0999980485915883,-2.9929576691873536e-06
843720,0.11971830714274599,3.4088789805991426e-11,0.0,1.0999980485915883,-2.9929576693398627e-06
843780,0.11971830715024137,3.4490635481531225e-11,0.0,1.0999980485915883,-2.9929576694936907e-06
843840,0.11971830715777618,3.489037362076266e-11,0.0,1.0999980485915883,-2.99295766964884e-06
843900,0.11971830716535047,3.528799332475411e-11,0.0,1.0999980485915881,-2.992957669805313e-06
843960,0.11971830717296425,3.568348368322655e-11,0.0,1.0999980485915881,-2.9929576699631117e-06
844020,0.11971830718061757,3.6076833774553586e-11,0.0,1.0999980485915881,-2.9929576701222387e-06
844080,0.11971830718831046,3.646803266576141e-11,0.0,1.0999980485915881,-2.992957670282696e-06
844140,0.11971830719604296,3.6857069412528824e-11,0.0,1.099998048591588,-2.9929576704444856e-06
844200,0.11971830720381507,3.7243933059187236e-11,0.0,1.099998048591588,-2.9929576706076097e-06
844260,0.11971830721162684,3.762861263872066e-11,0.0,1.099998048591588,-2.992957670772071e-06
844320,0.11971830721947832,3.801109717276572e-11,0.0,1.099998048591588,-2.9929576709378717e-06
844380,0.11971830722736951,3.839137567161163e-11,0.0,1.0999980485915877,-2.9929576711050133e-06
844440,0.11971830723530046,3.876943713420025e-11,0.0,1.0999980485915877,-2.992957671273499e-06
844500,0.1197183072432712,3.914527054812597e-11,0.0,1.0999980485915877,-2.99295767144333e-06
844560,0.11971830725128176,3.95188648896359e-11,0.0,1.0999980485915875,-2.9929576716145095e-06
844620,0.11971830725933216,3.989020912362963e-11,0.0,1.0999980485915875,-2.9929576717870396e-06
844680,0.11971830726742246,4.025929220365943e-11,0.0,1.0999980485915875,-2.9929576719609215e-06
844740,0.11971830727555266,4.062610307193018e-11,0.0,1.0999980485915875,-2.9929576721361586e-06
844800,0.11971830728372282,4.099063065929931e-11,0.0,1.0999980485915872,-2.9929576723127527e-06
844860,0.11971830729193295,4.135286388527694e-11,0.0,1.0999980485915872,-2.992957672490706e-06
844920,0.11971830730018308,4.171279165802571e-11,0.0,1.0999980485915872,-2.9929576726700206e-06
844980,0.11971830730847326,4.2070402874360916e-11,0.0,1.099998048591587,-2.9929576728506986e-06
845040,0.1197183073168035,4.242568641975047e-11,0.0,1.099998048591587,-2.992957673032743e-06
845100,0.11971830732517384,4.277863116831482e-11,0.0,1.099998048591587,-2.9929576732161552e-06
845160,0.11971830733358432,4.3129225982827094e-11,0.0,1.0999980485915868,-2.992957673400938e-06
845220,0.11971830734203497,4.3477459714713e-11,0.0,1.0999980485915868,-2.9929576735870934e-06
845280,0.1197183073505258,4.382332120405085e-11,0.0,1.0999980485915868,-2.9929576737746236e-06
845340,0.11971830735905686,4.416679927957155e-11,0.0,1.0999980485915866,-2.992957673963531e-06
845400,0.11971830736762819,4.450788275865864e-11,0.0,1.0999980485915866,-2.9929576741538173e-06
845460,0.11971830737623979,4.484656044734824e-11,0.0,1.0999980485915866,-2.9929576743454856e-06
845520,0.11971830738489173,4.5182821140329096e-11,0.0,1.0999980485915863,-2.9929576745385376e-06
845580,0.119718307393584,4.551665362094253e-11,0.0,1.0999980485915863,-2.9929576747329753e-06
845640,0.11971830740231666,4.584804666118251e-11,0.0,1.0999980485915861,-2.9929576749288017e-06
845700,0.11971830741108973,4.6176989021695574e-11,0.0,1.0999980485915861,-2.9929576751260185e-06
845760,0.11971830741990325,4.6503469451780886e-11,0.0,1.0999980485915861,-2.9929576753246278e-06
845820,0.11971830742875723,4.682747668939021e-11,0.0,1.099998048591586,-2.992957675524632e-06
845880,0.11971830743765173,4.7148999461127915e-11,0.0,1.099998048591586,-2.992957675726034e-06
845940,0.11971830744658676,4.746802648225097e-11,0.0,1.099998048591586,-2.9929576759288354e-06
846000,0.11971830745556236,4.778454645666898e-11,0.0,1.0999980485915857,-2.992957676133038e-06
846060,0.11971830746457857,4.809854807694411e-11,0.0,1.0999980485915857,-2.9929576763386452e-06
846120,0.11971830747363539,4.8410020024291156e-11,0.0,1.0999980485915855,-2.9929576765456584e-06
846180,0.11971830748273288,4.871895096857752e-11,0.0,1.0999980485915855,-2.9929576767540797e-06
846240,0.11971830749187104,4.9025329568323205e-11,0.0,1.0999980485915852,-2.9929576769639122e-06
846300,0.11971830750104995,4.932914447070083e-11,0.0,1.0999980485915852,-2.992957677175157e-06
846360,0.11971830751026959,4.96303843115356e-11,0.0,1.0999980485915852,-2.992957677387818e-06
846420,0.11971830751953001,4.9929037715305335e-11,0.0,1.099998048591585,-2.9929576776018958e-06
846480,0.11971830752883125,5.022509329514048e-11,0.0,1.099998048591585,-2.9929576778173932e-06
846540,0.11971830753817334,5.051853965282406e-11,0.0,1.0999980485915848,-2.992957678034313e-06
846600,0.11971830754755629,5.08093653787917e-11,0.0,1.0999980485915848,-2.9929576782526564e-06
846660,0.11971830755698015,5.109755905213166e-11,0.0,1.0999980485915846,-2.9929576784724267e-06
846720,0.11971830756644494,5.1383109240584796e-11,0.0,1.0999980485915846,-2.9929576786936255e-06
846780,0.11971830757595071,5.166600450054454e-11,0.0,1.0999980485915843,-2.9929576789162554e-06
846840,0.11971830758549747,5.194623337705698e-11,0.0,1.0999980485915843,-2.9929576791403185e-06
846900,0.11971830759508524,5.222378440382077e-11,0.0,1.0999980485915843,-2.992957679365817e-06
846960,0.11971830760471408,5.249864610318719e-11,0.0,1.0999980485915841,-2.992957679592753e-06
847020,0.11971830761438401,5.2770806986160114e-11,0.0,1.0999980485915841,-2.9929576798211293e-06
847080,0.11971830762409505,5.304025555239603e-11,0.0,1.099998048591584,-2.992957680050948e-06
847140,0.11971830763384723,5.330698029020403e-11,0.0,1.099998048591584,-2.992957680282211e-06
847200,0.1197183076436406,5.357096967654581e-11,0.0,1.0999980485915837,-2.9929576805149204e-06
847260,0.11971830765347517,5.383221217703567e-11,0.0,1.0999980485915837,-2.992957680749079e-06
847320,0.11971830766335098,5.409069624594053e-11,0.0,1.0999980485915835,-2.992957680984689e-06
847380,0.11971830767326805,5.434641032617988e-11,0.0,1.0999980485915832,-2.9929576812217525e-06
847440,0.11971830768322643,5.4599342849325865e-11,0.0,1.0999980485915832,-2.992957681460272e-06
847500,0.11971830769322614,5.48494822356032e-11,0.0,1.099998048591583,-2.992957681700249e-06
847560,0.11971830770326719,5.509681689388921e-11,0.0,1.099998048591583,-2.9929576819416864e-06
847620,0.11971830771334964,5.534133522171384e-11,0.0,1.0999980485915828,-2.9929576821845867e-06
847680,0.11971830772347351,5.558302560525964e-11,0.0,1.0999980485915828,-2.992957682428952e-06
847740,0.11971830773363883,5.5821876419361744e-11,0.0,1.0999980485915826,-2.992957682674784e-06
847800,0.11971830774384562,5.6057876027507904e-11,0.0,1.0999980485915826,-2.9929576829220856e-06
847860,0.11971830775409392,5.6291012781838503e-11,0.0,1.0999980485915823,-2.9929576831708587e-06
847920,0.11971830776438376,5.6521275023146486e-11,0.0,1.0999980485915823,-2.9929576834211057e-06
847980,0.11971830777471518,5.674865108087743e-11,0.0,1.0999980485915821,-2.9929576836728287e-06
848040,0.11971830778508818,5.697312927312951e-11,0.0,1.099998048591582,-2.9929576839260305e-06
848100,0.11971830779550281,5.719469790665352e-11,0.0,1.099998048591582,-2.9929576841807126e-06
848160,0.1197183078059591,5.741334527685284e-11,0.0,1.0999980485915817,-2.9929576844368778e-06
848220,0.11971830781645708,5.7629059667783456e-11,0.0,1.0999980485915817,-2.9929576846945283e-06
848280,0.11971830782699677,5.7841829352153987e-11,0.0,1.0999980485915815,-2.9929576849536666e-06
848340,0.11971830783757823,5.805164259132563e-11,0.0,1.0999980485915812,-2.9929576852142944e-06
848400,0.11971830784820144,5.82584876353122e-11,0.0,1.0999980485915812,-2.992957685476414e-06
848460,0.11971830785886646,5.846235272278012e-11,0.0,1.099998048591581,-2.9929576857400282e-06
848520,0.11971830786957333,5.866322608104839e-11,0.0,1.099998048591581,-2.992957686005139e-06
848580,0.11971830788032205,5.886109592608866e-11,0.0,1.0999980485915808,-2.992957686271749e-06
848640,0.11971830789111267,5.905595046252516e-11,0.0,1.0999980485915806,-2.9929576865398594e-06
848700,0.11971830790194521,5.924777788363474e-11,0.0,1.0999980485915806,-2.992957686809474e-06
848760,0.1197183079128197,5.943656637134684e-11,0.0,1.0999980485915803,-2.992957687080594e-06
848820,0.11971830792373618,5.96223040962435e-11,0.0,1.0999980485915801,-2.9929576873532215e-06
848880,0.11971830793469468,5.980497921755939e-11,0.0,1.0999980485915801,-2.99295768762736e-06
848940,0.11971830794569521,5.998457988318177e-11,0.0,1.09999804859158,-2.9929576879030103e-06
849000,0.11971830795673782,6.016109422965052e-11,0.0,1.0999980485915797,-2.992957688180176e-06
849060,0.11971830796782253,6.03345103821581e-11,0.0,1.0999980485915797,-2.9929576884588587e-06
849120,0.11971830797894936,6.05048164545496e-11,0.0,1.0999980485915795,-2.9929576887390606e-06
849180,0.11971830799011836,6.06720005493227e-11,0.0,1.0999980485915792,-2.992957689020784e-06
849240,0.11971830800132954,6.08360507576277e-11,0.0,1.0999980485915792,-2.992957689304032e-06
849300,0.11971830801258294,6.09969551592675e-11,0.0,1.099998048591579,-2.9929576895888058e-06
849360,0.1197183080238786,6.11547018226976e-11,0.0,1.0999980485915788,-2.992957689875108e-06
849420,0.11971830803521652,6.130927880502611e-11,0.0,1.0999980485915786,-2.992957690162941e-06
849480,0.11971830804659676,6.146067415201375e-11,0.0,1.0999980485915786,-2.992957690452307e-06
849540,0.11971830805801932,6.160887589807383e-11,0.0,1.0999980485915783,-2.9929576907432087e-06
849600,0.11971830806948426,6.175387206627228e-11,0.0,1.0999980485915781,-2.992957691035648e-06
849660,0.11971830808099158,6.189565066832764e-11,0.0,1.099998048591578,-2.992957691329627e-06
849720,0.11971830809254133,6.203419970461106e-11,0.0,1.099998048591578,-2.9929576916251483e-06
849780,0.11971830810413352,6.216950716414626e-11,0.0,1.0999980485915777,-2.9929576919222142e-06
849840,0.1197183081157682,6.23015610246096e-11,0.0,1.0999980485915775,-2.992957692220827e-06
849900,0.11971830812744538,6.243034925233004e-11,0.0,1.0999980485915772,-2.9929576925209886e-06
849960,0.1197183081391651,6.255585980228914e-11,0.0,1.0999980485915772,-2.9929576928227017e-06
850020,0.11971830815092739,6.267808061812107e-11,0.0,1.099998048591577,-2.9929576931259683e-06
850080,0.11971830816273228,6.279699963211258e-11,0.0,1.0999980485915768,-2.9929576934307914e-06
850140,0.11971830817457979,6.291260476520308e-11,0.0,1.0999980485915766,-2.992957693737172e-06
850200,0.11971830818646996,6.302488392698454e-11,0.0,1.0999980485915766,-2.992957694045114e-06
850260,0.1197183081984028,6.313382501570157e-11,0.0,1.0999980485915763,-2.992957694354618e-06
850320,0.11971830821037836,6.323941591825133e-11,0.0,1.0999980485915761,-2.9929576946656875e-06
850380,0.11971830822239665,6.334164451018365e-11,0.0,1.099998048591576,-2.9929576949783244e-06
850440,0.11971830823445771,6.344049865570095e-11,0.0,1.0999980485915757,-2.9929576952925312e-06
850500,0.11971830824656157,6.353596620765819e-11,0.0,1.0999980485915755,-2.9929576956083098e-06
850560,0.11971830825870826,6.362803500756304e-11,0.0,1.0999980485915755,-2.992957695925663e-06
850620,0.1197183082708978,6.371669288557572e-11,0.0,1.0999980485915752,-2.9929576962445925e-06
850680,0.11971830828313022,6.380192766050903e-11,0.0,1.099998048591575,-2.9929576965651012e-06
850740,0.11971830829540557,6.388372713982844e-11,0.0,1.0999980485915748,-2.992957696887191e-06
850800,0.11971830830772384,6.396207911965197e-11,0.0,1.0999980485915746,-2.9929576972108643e-06
850860,0.11971830832008508,6.403697138475028e-11,0.0,1.0999980485915744,-2.9929576975361233e-06
850920,0.11971830833248932,6.410839170854661e-11,0.0,1.0999980485915744,-2.9929576978629704e-06
850980,0.11971830834493659,6.417632785311683e-11,0.0,1.0999980485915741,-2.9929576981914083e-06
851040,0.1197183083574269,6.424076756918943e-11,0.0,1.099998048591574,-2.9929576985214386e-06
851100,0.11971830836996031,6.430169859614543e-11,0.0,1.0999980485915737,-2.992957698853064e-06
851160,0.11971830838253682,6.435910866201855e-11,0.0,1.0999980485915735,-2.9929576991862866e-06
851220,0.11971830839515647,6.441298548349505e-11,0.0,1.0999980485915732,-2.992957699521109e-06
851280,0.11971830840781929,6.446331676591383e-11,0.0,1.099998048591573,-2.9929576998575336e-06
851340,0.1197183084205253,6.451009020326638e-11,0.0,1.0999980485915728,-2.992957700195562e-06
851400,0.11971830843327454,6.455329347819679e-11,0.0,1.0999980485915726,-2.992957700535197e-06
851460,0.11971830844606703,6.459291426200178e-11,0.0,1.0999980485915724,-2.9929577008764414e-06
851520,0.1197183084589028,6.462894021463066e-11,0.0,1.0999980485915724,-2.9929577012192966e-06
851580,0.11971830847178187,6.466135898468535e-11,0.0,1.0999980485915721,-2.9929577015637654e-06
851640,0.11971830848470429,6.469015820942035e-11,0.0,1.099998048591572,-2.99295770190985e-06
851700,0.11971830849767007,6.471532551474282e-11,0.0,1.0999980485915717,-2.9929577022575527e-06
851760,0.11971830851067923,6.473684851521247e-11,0.0,1.0999980485915715,-2.9929577026068755e-06
851820,0.11971830852373183,6.475471481404167e-11,0.0,1.0999980485915712,-2.9929577029578215e-06
851880,0.11971830853682787,6.476891200309533e-11,0.0,1.099998048591571,-2.9929577033103922e-06
851940,0.11971830854996739,6.477942766289102e-11,0.0,1.0999980485915708,-2.9929577036645905e-06
852000,0.1197183085631504,6.47862493625989e-11,0.0,1.0999980485915706,-2.9929577040204184e-06
852060,0.11971830857637696,6.478936466004174e-11,0.0,1.0999980485915704,-2.992957704377878e-06
852120,0.11971830858964708,6.478876110169488e-11,0.0,1.0999980485915701,-2.9929577047369723e-06
852180,0.11971830860296077,6.478442622268633e-11,0.0,1.09999804859157,-2.9929577050977033e-06
852240,0.11971830861631809,6.477634754679665e-11,0.0,1.0999980485915697,-2.992957705460073e-06
852300,0.11971830862971905,6.476451258645903e-11,0.0,1.0999980485915695,-2.992957705824084e-06
852360,0.11971830864316368,6.474890884275927e-11,0.0,1.0999980485915692,-2.992957706189739e-06
852420,0.11971830865665202,6.472952380543576e-11,0.0,1.099998048591569,-2.9929577065570394e-06
852480,0.11971830867018408,6.47063449528795e-11,0.0,1.0999980485915688,-2.992957706925988e-06
852540,0.1197183086837599,6.467935975213411e-11,0.0,1.0999980485915686,-2.9929577072965873e-06
852600,0.1197183086973795,6.464855565889579e-11,0.0,1.0999980485915684,-2.9929577076688396e-06
852660,0.1197183087110429,6.461392011751337e-11,0.0,1.0999980485915681,-2.9929577080427467e-06
852720,0.11971830872475016,6.45754405609883e-11,0.0,1.0999980485915677,-2.9929577084183118e-06
852780,0.11971830873850127,6.453310441097457e-11,0.0,1.0999980485915675,-2.992957708795536e-06
852840,0.11971830875229628,6.448689907777885e-11,0.0,1.0999980485915672,-2.9929577091744233e-06
852900,0.11971830876613519,6.443681196036036e-11,0.0,1.099998048591567,-2.9929577095549745e-06
852960,0.11971830878001807,6.438283044633097e-11,0.0,1.0999980485915668,-2.9929577099371926e-06
853020,0.11971830879394492,6.432494191195513e-11,0.0,1.0999980485915666,-2.99295771032108e-06
853080,0.11971830880791577,6.42631337221499e-11,0.0,1.0999980485915664,-2.9929577107066386e-06
853140,0.11971830882193066,6.419739323048494e-11,0.0,1.0999980485915661,-2.992957711093871e-06
853200,0.11971830883598959,6.412770777918254e-11,0.0,1.099998048591566,-2.99295771148278e-06
853260,0.11971830885009262,6.405406469911756e-11,0.0,1.0999980485915657,-2.9929577118733668e-06
853320,0.11971830886423976,6.39764513098175e-11,0.0,1.0999980485915652,-2.992957712265635e-06
853380,0.11971830887843105,6.389485491946244e-11,0.0,1.099998048591565,-2.9929577126595857e-06
853440,0.11971830889266649,6.380926282488507e-11,0.0,1.0999980485915648,-2.9929577130552225e-06
853500,0.11971830890694612,6.371966231157071e-11,0.0,1.0999980485915646,-2.9929577134525466e-06
853560,0.11971830892126999,6.362604065365725e-11,0.0,1.0999980485915644,-2.992957713851561e-06
853620,0.1197183089356381,6.352838511393522e-11,0.0,1.0999980485915641,-2.9929577142522677e-06
853680,0.11971830895005048,6.342668294384772e-11,0.0,1.0999980485915637,-2.9929577146546693e-06
853740,0.11971830896450718,6.33209213834905e-11,0.0,1.0999980485915635,-2.992957715058768e-06
853800,0.11971830897900819,6.321108766161186e-11,0.0,1.0999980485915632,-2.992957715464566e-06
853860,0.11971830899355357,6.309716899561276e-11,0.0,1.099998048591563,-2.9929577158720657e-06
853920,0.11971830900814333,6.297915259154673e-11,0.0,1.0999980485915628,-2.99295771628127e-06
853980,0.1197183090227775,6.285702564411992e-11,0.0,1.0999980485915624,-2.9929577166921804e-06
854040,0.11971830903745612,6.273077533669109e-11,0.0,1.0999980485915621,-2.9929577171048e-06
854100,0.11971830905217919,6.260038884127158e-11,0.0,1.099998048591562,-2.99295771751913e-06
854160,0.11971830906694676,6.246585331852538e-11,0.0,1.0999980485915617,-2.992957717935174e-06
854220,0.11971830908175884,6.232715591776905e-11,0.0,1.0999980485915615,-2.9929577183529338e-06
854280,0.11971830909661547,6.218428377697175e-11,0.0,1.099998048591561,-2.9929577187724116e-06
854340,0.11971830911151668,6.20372240227553e-11,0.0,1.0999980485915608,-2.99295771919361e-06
854400,0.11971830912646249,6.188596377039406e-11,0.0,1.0999980485915606,-2.9929577196165316e-06
854460,0.11971830914145293,6.173049012381503e-11,0.0,1.0999980485915604,-2.992957720041178e-06
854520,0.11971830915648801,6.157079017559781e-11,0.0,1.09999804859156,-2.992957720467552e-06
854580,0.11971830916648633,6.185750264307363e-11,0.0,1.09999804859156,-2.992957720702286e-06
854640,0.11971830917536774,6.22429810435367e-11,0.0,1.09999804859156,-2.992957720894549e-06
854700,0.11971830918425304,6.262781767734006e-11,0.0,1.0999980485915597,-2.9929577210869914e-06
854760,0.11971830919314212,6.301201018183734e-11,0.0,1.0999980485915597,-2.9929577212796117e-06
854820,0.11971830920203488,6.339555619564259e-11,0.0,1.0999980485915597,-2.9929577214724075e-06
854880,0.11971830921093125,6.377845335863022e-11,0.0,1.0999980485915597,-2.9929577216653764e-06
854940,0.11971830921983113,6.41606993119349e-11,0.0,1.0999980485915595,-2.9929577218585164e-06
855000,0.11971830922873442,6.454229169795171e-11,0.0,1.0999980485915595,-2.992957722051825e-06
855060,0.11971830923764101,6.492322816033601e-11,0.0,1.0999980485915595,-2.9929577222453005e-06
855120,0.11971830924655084,6.530350634400352e-11,0.0,1.0999980485915595,-2.9929577224389402e-06
855180,0.1197183092554638,6.568312389513032e-11,0.0,1.0999980485915593,-2.9929577226327422e-06
855240,0.1197183092643798,6.606207846115279e-11,0.0,1.0999980485915593,-2.992957722826704e-06
855300,0.11971830927329874,6.644036769076762e-11,0.0,1.0999980485915593,-2.9929577230208235e-06
855360,0.11971830928222052,6.681798923393193e-11,0.0,1.0999980485915593,-2.992957723215098e-06
855420,0.11971830929114506,6.719494074186308e-11,0.0,1.099998048591559,-2.9929577234095265e-06
855480,0.11971830930007225,6.757121986703882e-11,0.0,1.099998048591559,-2.992957723604105e-06
855540,0.11971830930900201,6.794682426319722e-11,0.0,1.099998048591559,-2.992957723798833e-06
855600,0.11971830931793424,6.832175158533667e-11,0.0,1.099998048591559,-2.992957723993707e-06
855660,0.11971830932686885,6.869599948971591e-11,0.0,1.0999980485915588,-2.9929577241887252e-06
855720,0.11971830933580573,6.906956563385403e-11,0.0,1.0999980485915588,-2.9929577243838854e-06
855780,0.11971830934474478,6.944244767653046e-11,0.0,1.0999980485915588,-2.992957724579185e-06
855840,0.11971830935368592,6.981464327778492e-11,0.0,1.0999980485915588,-2.9929577247746217e-06
855900,0.11971830936262906,7.018615009891751e-11,0.0,1.0999980485915586,-2.9929577249701936e-06
855960,0.11971830937157409,7.055696580248861e-11,0.0,1.0999980485915586,-2.9929577251658984e-06
856020,0.11971830938052092,7.092708805231905e-11,0.0,1.0999980485915586,-2.9929577253617337e-06
856080,0.11971830938946944,7.129651451348988e-11,0.0,1.0999980485915586,-2.992957725557697e-06
856140,0.11971830939841957,7.166524285234254e-11,0.0,1.0999980485915584,-2.992957725753786e-06
856200,0.11971830940737122,7.203327073647877e-11,0.0,1.0999980485915584,-2.9929577259499985e-06
856260,0.11971830941632426,7.240059583476068e-11,0.0,1.0999980485915584,-2.9929577261463323e-06
856320,0.11971830942527863,7.27672158173107e-11,0.0,1.0999980485915584,-2.992957726342785e-06
856380,0.1197183094342342,7.313312835551161e-11,0.0,1.0999980485915581,-2.9929577265393543e-06
856440,0.1197183094431909,7.349833112200653e-11,0.0,1.0999980485915581,-2.992957726736038e-06
856500,0.1197183094521486,7.386282179069888e-11,0.0,1.0999980485915581,-2.9929577269328333e-06
856560,0.11971830946110724,7.422659803675246e-11,0.0,1.0999980485915581,-2.992957727129738e-06
856620,0.1197183094700667,7.458965753659137e-11,0.0,1.099998048591558,-2.99295772732675e-06
856680,0.1197183094790269,7.495199796790005e-11,0.0,1.099998048591558,-2.992957727523867e-06
856740,0.11971830948798771,7.531361700962327e-11,0.0,1.099998048591558,-2.992957727721087e-06
856800,0.11971830949694906,7.567451234196621e-11,0.0,1.099998048591558,-2.9929577279184065e-06
856860,0.11971830950591084,7.603468164639433e-11,0.0,1.0999980485915577,-2.992957728115824e-06
856920,0.11971830951487294,7.639412260563333e-11,0.0,1.0999980485915577,-2.992957728313337e-06
856980,0.11971830952383528,7.675283290366943e-11,0.0,1.0999980485915577,-2.992957728510943e-06
857040,0.11971830953279776,7.711081022574909e-11,0.0,1.0999980485915577,-2.9929577287086396e-06
857100,0.11971830954176026,7.746805225837905e-11,0.0,1.0999980485915575,-2.9929577289064247e-06
857160,0.1197183095507227,7.782455668932647e-11,0.0,1.0999980485915575,-2.992957729104296e-06
857220,0.11971830955968497,7.818032120761885e-11,0.0,1.0999980485915575,-2.99295772930225e-06
857280,0.11971830956864699,7.853534350354399e-11,0.0,1.0999980485915575,-2.992957729500286e-06
857340,0.11971830957760864,7.888962126864999e-11,0.0,1.0999980485915573,-2.9929577296984e-06
857400,0.11971830958656982,7.924315219574538e-11,0.0,1.0999980485915573,-2.992957729896591e-06
857460,0.11971830959553043,7.959593397889897e-11,0.0,1.0999980485915573,-2.9929577300948556e-06
857520,0.11971830960449037,7.994796431343991e-11,0.0,1.0999980485915573,-2.9929577302931917e-06
857580,0.11971830961344955,8.029924089595768e-11,0.0,1.099998048591557,-2.992957730491597e-06
857640,0.11971830962240786,8.064976142430205e-11,0.0,1.099998048591557,-2.9929577306900686e-06
857700,0.11971830963136519,8.099952359758329e-11,0.0,1.099998048591557,-2.992957730888605e-06
857760,0.11971830964032146,8.134852511617181e-11,0.0,1.099998048591557,-2.992957731087203e-06
857820,0.11971830964927656,8.169676368169848e-11,0.0,1.0999980485915568,-2.99295773128586e-06
857880,0.11971830965823037,8.204423699705443e-11,0.0,1.0999980485915568,-2.9929577314845745e-06
857940,0.11971830966718282,8.23909427663912e-11,0.0,1.0999980485915568,-2.9929577316833435e-06
858000,0.11971830967613378,8.27368786951206e-11,0.0,1.0999980485915568,-2.992957731882164e-06
858060,0.11971830968508317,8.308204248991484e-11,0.0,1.0999980485915566,-2.9929577320810348e-06
858120,0.11971830969403087,8.342643185870641e-11,0.0,1.0999980485915566,-2.9929577322799524e-06
858180,0.1197183097029768,8.377004451068811e-11,0.0,1.0999980485915566,-2.9929577324789145e-06
858240,0.11971830971192082,8.411287815631315e-11,0.0,1.0999980485915566,-2.992957732677919e-06
858300,0.11971830972086286,8.445493050729509e-11,0.0,1.0999980485915564,-2.9929577328769632e-06
858360,0.11971830972980281,8.479619927660775e-11,0.0,1.0999980485915564,-2.9929577330760444e-06
858420,0.11971830973874056,8.51366821784853e-11,0.0,1.0999980485915564,-2.9929577332751606e-06
858480,0.11971830974767601,8.54763769284223e-11,0.0,1.0999980485915564,-2.992957733474309e-06
858540,0.11971830975660906,8.581528124317358e-11,0.0,1.0999980485915561,-2.992957733673487e-06
858600,0.1197183097655396,8.615339284075435e-11,0.0,1.0999980485915561,-2.992957733872693e-06
858660,0.11971830977446753,8.649070944044014e-11,0.0,1.0999980485915561,-2.992957734071923e-06
858720,0.11971830978339275,8.682722876276682e-11,0.0,1.099998048591556,-2.9929577342711757e-06
858780,0.11971830979231514,8.71629485295306e-11,0.0,1.099998048591556,-2.9929577344704478e-06
858840,0.1197183098012346,8.749786646378799e-11,0.0,1.099998048591556,-2.9929577346697373e-06
858900,0.11971830981015105,8.783198028985593e-11,0.0,1.099998048591556,-2.9929577348690416e-06
858960,0.11971830981906435,8.816528773331154e-11,0.0,1.0999980485915557,-2.992957735068358e-06
859020,0.11971830982797443,8.849778652099243e-11,0.0,1.0999980485915557,-2.992957735267684e-06
859080,0.11971830983688116,8.882947438099645e-11,0.0,1.0999980485915557,-2.992957735467017e-06
859140,0.11971830984578444,8.916034904268187e-11,0.0,1.0999980485915557,-2.9929577356663554e-06
859200,0.11971830985468417,8.949040823666716e-11,0.0,1.0999980485915555,-2.9929577358656953e-06
859260,0.11971830986358023,8.981964969483128e-11,0.0,1.0999980485915555,-2.9929577360650343e-06
859320,0.11971830987247253,9.014807115031344e-11,0.0,1.0999980485915555,-2.992957736264371e-06
859380,0.11971830988136097,9.047567033751318e-11,0.0,1.0999980485915555,-2.9929577364637014e-06
859440,0.11971830989024541,9.080244499209039e-11,0.0,1.0999980485915553,-2.992957736663024e-06
859500,0.1197183098991258,9.112839285096537e-11,0.0,1.0999980485915553,-2.992957736862336e-06
859560,0.11971830990800197,9.145351165231861e-11,0.0,1.0999980485915553,-2.9929577370616342e-06
859620,0.11971830991687386,9.177779913559105e-11,0.0,1.0999980485915553,-2.992957737260917e-06
859680,0.11971830992574134,9.210125304148391e-11,0.0,1.099998048591555,-2.9929577374601806e-06
859740,0.11971830993460432,9.242387111195883e-11,0.0,1.099998048591555,-2.992957737659424e-06
859800,0.11971830994346266,9.274565109023767e-11,0.0,1.099998048591555,-2.992957737858643e-06
859860,0.1197183099523163,9.306659072080266e-11,0.0,1.0999980485915548,-2.992957738057836e-06
859920,0.1197183099611651,9.338668774939639e-11,0.0,1.0999980485915548,-2.9929577382570006e-06
859980,0.11971830997000896,9.37059399230218e-11,0.0,1.0999980485915548,-2.9929577384561334e-06
860040,0.11971830997884778,9.402434498994218e-11,0.0,1.0999980485915548,-2.992957738655232e-06
860100,0.11971830998768143,9.434190069968107e-11,0.0,1.0999980485915546,-2.992957738854294e-06
860160,0.11971830999650983,9.465860480302238e-11,0.0,1.0999980485915546,-2.9929577390533166e-06
860220,0.11971831000533285,9.497445505201042e-11,0.0,1.0999980485915546,-2.9929577392522973e-06
860280,0.1197183100141504,9.528944919994977e-11,0.0,1.0999980485915546,-2.9929577394512336e-06
860340,0.11971831002296235,9.560358500140536e-11,0.0,1.0999980485915544,-2.9929577396501224e-06
860400,0.11971831003176861,9.591686021220247e-11,0.0,1.0999980485915544,-2.9929577398489617e-06
860460,0.11971831004056907,9.622927258942672e-11,0.0,1.0999980485915544,-2.9929577400477485e-06
860520,0.1197183100493636,9.654081989142399e-11,0.0,1.0999980485915544,-2.9929577402464802e-06
860580,0.11971831005815212,9.685149987780064e-11,0.0,1.0999980485915541,-2.992957740445154e-06
860640,0.1197183100669345,9.716131030942322e-11,0.0,1.0999980485915541,-2.992957740643767e-06
860700,0.11971831007571063,9.74702489484187e-11,0.0,1.0999980485915541,-2.9929577408423175e-06
860760,0.1197183100844804,9.777831355817441e-11,0.0,1.099998048591554,-2.992957741040802e-06
860820,0.11971831009324371,9.808550190333789e-11,0.0,1.099998048591554,-2.992957741239218e-06
860880,0.11971831010200046,9.839181174981714e-11,0.0,1.099998048591554,-2.992957741437563e-06
860940,0.11971831011075051,9.869724086478042e-11,0.0,1.099998048591554,-2.992957741635834e-06
861000,0.11971831011949377,9.900178701665644e-11,0.0,1.0999980485915537,-2.9929577418340288e-06
861060,0.11971831012823013,9.930544797513407e-11,0.0,1.0999980485915537,-2.9929577420321443e-06
861120,0.11971831013695947,9.960822151116265e-11,0.0,1.0999980485915537,-2.992957742230178e-06
861180,0.11971831014568168,9.991010539695184e-11,0.0,1.0999980485915537,-2.992957742428127e-06
861240,0.11971831015439666,1.0021109740597155e-10,0.0,1.0999980485915535,-2.992957742625989e-06
861300,0.11971831016310427,1.0051119531295216e-10,0.0,1.0999980485915535,-2.992957742823761e-06
861360,0.11971831017180444,1.0081039689388427e-10,0.0,1.0999980485915535,-2.9929577430214398e-06
861420,0.11971831018049703,1.0110869992601884e-10,0.0,1.0999980485915535,-2.9929577432190238e-06
861480,0.11971831018918193,1.0140610218786722e-10,0.0,1.0999980485915533,-2.992957743416509e-06
861540,0.11971831019785904,1.0170260145920105e-10,0.0,1.0999980485915533,-2.992957743613894e-06
861600,0.11971831020652823,1.0199819552105233e-10,0.0,1.0999980485915533,-2.992957743811175e-06
861660,0.11971831021518942,1.0229288215571336e-10,0.0,1.099998048591553,-2.99295774400835e-06
861720,0.11971831022384245,1.025866591467368e-10,0.0,1.099998048591553,-2.9929577442054157e-06
861780,0.11971831023248725,1.0287952427893566e-10,0.0,1.099998048591553,-2.99295774440237e-06
861840,0.11971831024112367,1.0317147533838325e-10,0.0,1.099998048591553,-2.992957744599209e-06
861900,0.11971831024975163,1.0346251011241325e-10,0.0,1.0999980485915528,-2.992957744795931e-06
861960,0.11971831025837101,1.0375262638961964e-10,0.0,1.0999980485915528,-2.992957744992533e-06
862020,0.11971831026698168,1.0404182195985681e-10,0.0,1.0999980485915528,-2.9929577451890123e-06
862080,0.11971831027558354,1.0433009461423936e-10,0.0,1.0999980485915528,-2.9929577453853656e-06
862140,0.11971831028417647,1.0461744214514235e-10,0.0,1.0999980485915526,-2.9929577455815905e-06
862200,0.11971831029276037,1.0490386234620108e-10,0.0,1.0999980485915526,-2.9929577457776846e-06
862260,0.1197183103013351,1.051893530123113e-10,0.0,1.0999980485915526,-2.9929577459736444e-06
862320,0.11971831030990057,1.0547391193962894e-10,0.0,1.0999980485915526,-2.992957746169468e-06
862380,0.11971831031845664,1.0575753692557045e-10,0.0,1.0999980485915524,-2.9929577463651515e-06
862440,0.11971831032700324,1.0604022576881242e-10,0.0,1.0999980485915524,-2.992957746560693e-06
862500,0.1197183103355402,1.0632197626929195e-10,0.0,1.0999980485915524,-2.992957746756089e-06
862560,0.11971831034406745,1.0660278622820635e-10,0.0,1.0999980485915521,-2.9929577469513372e-06
862620,0.11971831035258484,1.0688265344801333e-10,0.0,1.0999980485915521,-2.9929577471464343e-06
862680,0.11971831036109228,1.0716157573243093e-10,0.0,1.0999980485915521,-2.992957747341378e-06
862740,0.11971831036958965,1.074395508864375e-10,0.0,1.0999980485915521,-2.9929577475361656e-06
862800,0.11971831037807683,1.0771657671627175e-10,0.0,1.099998048591552,-2.992957747730794e-06
862860,0.11971831038655369,1.0799265102943268e-10,0.0,1.099998048591552,-2.99295774792526e-06
862920,0.11971831039502014,1.0826777163467975e-10,0.0,1.099998048591552,-2.9929577481195613e-06
862980,0.11971831040347605,1.085419363420326e-10,0.0,1.099998048591552,-2.992957748313695e-06
863040,0.1197183104119213,1.0881514296277131e-10,0.0,1.0999980485915517,-2.9929577485076578e-06
863100,0.11971831042035579,1.0908738930943627e-10,0.0,1.0999980485915517,-2.9929577487014475e-06
863160,0.11971831042877938,1.0935867319582813e-10,0.0,1.0999980485915517,-2.9929577488950606e-06
863220,0.11971831043719199,1.0962899243700804e-10,0.0,1.0999980485915517,-2.9929577490884945e-06
863280,0.11971831044559345,1.0989834484929729e-10,0.0,1.0999980485915515,-2.992957749281747e-06
863340,0.11971831045398368,1.1016672825027768e-10,0.0,1.0999980485915515,-2.992957749474814e-06
863400,0.11971831046236256,1.1043414045879127e-10,0.0,1.0999980485915515,-2.992957749667693e-06
863460,0.11971831047072996,1.107005792949404e-10,0.0,1.0999980485915513,-2.992957749860382e-06
863520,0.11971831047908578,1.1096604258008783e-10,0.0,1.0999980485915513,-2.992957750052877e-06
863580,0.11971831048742988,1.1123052813685663e-10,0.0,1.0999980485915513,-2.992957750245176e-06
863640,0.11971831049576216,1.114940337891302e-10,0.0,1.0999980485915513,-2.9929577504372755e-06
863700,0.11971831050408249,1.1175655736205231e-10,0.0,1.099998048591551,-2.992957750629173e-06
863760,0.11971831051239076,1.12018096682027e-10,0.0,1.099998048591551,-2.9929577508208654e-06
863820,0.11971831052068685,1.1227864957671869e-10,0.0,1.099998048591551,-2.9929577510123495e-06
863880,0.11971831052897064,1.125382138750521e-10,0.0,1.099998048591551,-2.9929577512036226e-06
863940,0.11971831053724201,1.1279678740721236e-10,0.0,1.0999980485915508,-2.9929577513946823e-06
864000,0.11971831054550083,1.1305436800464485e-10,0.0,1.0999980485915508,-2.9929577515855252e-06
864060,0.119718310553747,1.1331095350005536e-10,0.0,1.0999980485915508,-2.9929577517761483e-06
864120,0.1197183105619804,1.1356654172740998e-10,0.0,1.0999980485915508,-2.9929577519665486e-06
864180,0.1197183105702009,1.1382113052193509e-10,0.0,1.0999980485915506,-2.9929577521567236e-06
864240,0.11971831057840837,1.1407471772011749e-10,0.0,1.0999980485915506,-2.99295775234667e-06
864300,0.11971831058660272,1.1432730115970425e-10,0.0,1.0999980485915506,-2.992957752536385e-06
864360,0.1197183105947838,1.1457887867970283e-10,0.0,1.0999980485915504,-2.9929577527258658e-06
864420,0.11971831060295152,1.1482944812038101e-10,0.0,1.0999980485915504,-2.992957752915109e-06
864480,0.11971831061110573,1.1507900732326686e-10,0.0,1.0999980485915504,-2.992957753104112e-06
864540,0.11971831061924633,1.1532755413114884e-10,0.0,1.0999980485915504,-2.9929577532928717e-06
864600,0.11971831062737318,1.1557508638807574e-10,0.0,1.0999980485915501,-2.9929577534813853e-06
864660,0.11971831063548617,1.1582160193935662e-10,0.0,1.0999980485915501,-2.9929577536696498e-06
864720,0.1197183106435852,1.1606709863156098e-10,0.0,1.0999980485915501,-2.992957753857662e-06
864780,0.1197183106516701,1.163115743125186e-10,0.0,1.0999980485915501,-2.992957754045419e-06
864840,0.1197183106597408,1.1655502683131956e-10,0.0,1.09999804859155,-2.992957754232918e-06
864900,0.11971831066779715,1.1679745403831438e-10,0.0,1.09999804859155,-2.9929577544201557e-06
864960,0.11971831067583902,1.1703885378511377e-10,0.0,1.09999804859155,-2.9929577546071293e-06
865020,0.1197183106838663,1.1727922392458894e-10,0.0,1.09999804859155,-2.992957754793836e-06
865080,0.1197183106918789,1.1751856231087128e-10,0.0,1.0999980485915497,-2.9929577549802723e-06
865140,0.11971831069987664,1.1775686679935266e-10,0.0,1.0999980485915497,-2.9929577551664358e-06
865200,0.11971831070785943,1.1799413524668515e-10,0.0,1.0999980485915497,-2.992957755352323e-06
865260,0.11971831071582714,1.1823036551078125e-10,0.0,1.0999980485915497,-2.992957755537931e-06
865320,0.11971831072377966,1.1846555545081378e-10,0.0,1.0999980485915495,-2.9929577557232566e-06
865380,0.11971831073171683,1.186997029272159e-10,0.0,1.0999980485915495,-2.9929577559082973e-06
865440,0.11971831073963858,1.1893280580168102e-10,0.0,1.0999980485915495,-2.9929577560930496e-06
865500,0.11971831074754474,1.1916486193716297e-10,0.0,1.0999980485915493,-2.992957756277511e-06
865560,0.11971831075543522,1.1939586919787593e-10,0.0,1.0999980485915493,-2.9929577564616775e-06
865620,0.11971831076330988,1.1962582544929439e-10,0.0,1.0999980485915493,-2.9929577566455467e-06
865680,0.1197183107711686,1.1985472855815311e-10,0.0,1.0999980485915493,-2.9929577568291157e-06
865740,0.11971831077901124,1.2008257639244734e-10,0.0,1.099998048591549,-2.992957757012381e-06
865800,0.1197183107868377,1.2030936682143251e-10,0.0,1.099998048591549,-2.9929577571953397e-06
865860,0.11971831079464786,1.2053509771562446e-10,0.0,1.099998048591549,-2.992957757377989e-06
865920,0.11971831080244155,1.2075976694679937e-10,0.0,1.099998048591549,-2.9929577575603254e-06
865980,0.1197183108102187,1.209833723879937e-10,0.0,1.0999980485915488,-2.9929577577423464e-06
866040,0.11971831081797916,1.2120591191350434e-10,0.0,1.0999980485915488,-2.992957757924048e-06
866100,0.1197183108257228,1.2142738339888842e-10,0.0,1.0999980485915488,-2.992957758105428e-06
866160,0.1197183108334495,1.216477847209635e-10,0.0,1.0999980485915488,-2.992957758286483e-06
866220,0.11971831084115915,1.2186711375780735e-10,0.0,1.0999980485915486,-2.9929577584672097e-06
866280,0.1197183108488516,1.220853683887582e-10,0.0,1.0999980485915486,-2.9929577586476052e-06
866340,0.11971831085652673,1.2230254649441455e-10,0.0,1.0999980485915486,-2.9929577588276667e-06
866400,0.11971831086418443,1.2251864595663525e-10,0.0,1.0999980485915486,-2.9929577590073905e-06
866460,0.11971831087182455,1.2273366465853947e-10,0.0,1.0999980485915484,-2.992957759186774e-06
866520,0.119718310879447,1.2294760048450676e-10,0.0,1.0999980485915484,-2.9929577593658134e-06
866580,0.11971831088705161,1.2316045132017698e-10,0.0,1.0999980485915484,-2.9929577595445064e-06
866640,0.11971831089463827,1.233722150524503e-10,0.0,1.0999980485915484,-2.992957759722849e-06
866700,0.11971831090220687,1.2358288956948729e-10,0.0,1.0999980485915481,-2.992957759900839e-06
866760,0.11971831090975726,1.237924727607088e-10,0.0,1.0999980485915481,-2.992957760078473e-06
866820,0.11971831091728934,1.2400096251679596e-10,0.0,1.0999980485915481,-2.9929577602557473e-06
866880,0.11971831092480295,1.2420835672969038e-10,0.0,1.0999980485915481,-2.9929577604326594e-06
866940,0.11971831093229798,1.2441465329259395e-10,0.0,1.099998048591548,-2.9929577606092056e-06
867000,0.11971831093977431,1.2461985009996884e-10,0.0,1.099998048591548,-2.992957760785383e-06
867060,0.1197183109472318,1.248239450475376e-10,0.0,1.099998048591548,-2.992957760961189e-06
867120,0.11971831095467032,1.2502693603228312e-10,0.0,1.099998048591548,-2.992957761136619e-06
867180,0.11971831096208975,1.252288209524486e-10,0.0,1.0999980485915477,-2.9929577613116717e-06
867240,0.11971831096948995,1.2542959770753764e-10,0.0,1.0999980485915477,-2.992957761486342e-06
867300,0.11971831097687081,1.2562926419831404e-10,0.0,1.0999980485915477,-2.9929577616606285e-06
867360,0.11971831098423219,1.2582781832680212e-10,0.0,1.0999980485915477,-2.992957761834527e-06
867420,0.11971831099157397,1.2602525799628637e-10,0.0,1.0999980485915475,-2.9929577620080344e-06
867480,0.119718310998896,1.262215811113117e-10,0.0,1.0999980485915475,-2.9929577621811476e-06
867540,0.11971831100619817,1.2641678557768338e-10,0.0,1.0999980485915475,-2.992957762353863e-06
867600,0.11971831101348035,1.2661086930246693e-10,0.0,1.0999980485915475,-2.9929577625261784e-06
867660,0.1197183110207424,1.268038301939883e-10,0.0,1.0999980485915473,-2.9929577626980897e-06
867720,0.1197183110279842,1.2699566616183364e-10,0.0,1.0999980485915473,-2.9929577628695944e-06
867780,0.11971831103520562,1.2718637511684964e-10,0.0,1.0999980485915473,-2.9929577630406883e-06
867840,0.11971831104240652,1.2737595497114313e-10,0.0,1.0999980485915473,-2.992957763211369e-06
867900,0.11971831104958679,1.2756440363808135e-10,0.0,1.099998048591547,-2.992957763381633e-06
867960,0.11971831105674627,1.2775171903229196e-10,0.0,1.099998048591547,-2.9929577635514775e-06
868020,0.11971831106388485,1.279378990696628e-10,0.0,1.099998048591547,-2.9929577637208985e-06
868080,0.11971831107100239,1.281229416673422e-10,0.0,1.099998048591547,-2.992957763889893e-06
868140,0.11971831107809877,1.2830684474373867e-10,0.0,1.0999980485915468,-2.992957764058458e-06
868200,0.11971831108517385,1.2848960621852117e-10,0.0,1.0999980485915468,-2.9929577642265903e-06
868260,0.11971831109222751,1.2867122401261894e-10,0.0,1.0999980485915468,-2.9929577643942863e-06
868320,0.1197183110992596,1.2885169604822163e-10,0.0,1.0999980485915468,-2.9929577645615427e-06
868380,0.11971831110627,1.290310202487791e-10,0.0,1.0999980485915466,-2.992957764728357e-06
868440,0.11971831111325858,1.292091945390017e-10,0.0,1.0999980485915466,-2.992957764894725e-06
868500,0.11971831112022521,1.2938621684485996e-10,0.0,1.0999980485915466,-2.9929577650606437e-06
868560,0.11971831112716975,1.2956208509358486e-10,0.0,1.0999980485915466,-2.99295776522611e-06
868620,0.11971831113409206,1.2973679721366767e-10,0.0,1.0999980485915464,-2.992957765391121e-06
868680,0.11971831114099205,1.2991035113485998e-10,0.0,1.0999980485915464,-2.9929577655556722e-06
868740,0.11971831114786953,1.3008274478817376e-10,0.0,1.0999980485915464,-2.9929577657197616e-06
868800,0.1197183111547244,1.302539761058813e-10,0.0,1.0999980485915464,-2.992957765883385e-06
868860,0.11971831116155651,1.304240430215152e-10,0.0,1.0999980485915462,-2.9929577660465397e-06
868920,0.11971831116836576,1.305929434698684e-10,0.0,1.0999980485915462,-2.9929577662092225e-06
868980,0.11971831117515197,1.3076067538699423e-10,0.0,1.0999980485915462,-2.9929577663714293e-06
869040,0.11971831118191505,1.309272367102063e-10,0.0,1.0999980485915462,-2.992957766533157e-06
869100,0.11971831118865484,1.3109262537807858e-10,0.0,1.099998048591546,-2.992957766694403e-06
869160,0.11971831119537121,1.3125683933044535e-10,0.0,1.099998048591546,-2.9929577668551635e-06
869220,0.11971831120206404,1.3141987650840126e-10,0.0,1.099998048591546,-2.9929577670154353e-06
869280,0.11971831120873318,1.3158173485430126e-10,0.0,1.099998048591546,-2.9929577671752145e-06
869340,0.1197183112153785,1.3174241231176067e-10,0.0,1.0999980485915457,-2.992957767334498e-06
869400,0.11971831122199987,1.3190190682565512e-10,0.0,1.0999980485915457,-2.9929577674932834e-06
869460,0.11971831122859715,1.3206021634212059e-10,0.0,1.0999980485915457,-2.9929577676515663e-06
869520,0.1197183112351702,1.3221733880855342e-10,0.0,1.0999980485915457,-2.9929577678093436e-06
869580,0.1197183112417189,1.3237327217361025e-10,0.0,1.0999980485915457,-2.9929577679666117e-06
869640,0.11971831124824311,1.3252801438720804e-10,0.0,1.0999980485915455,-2.992957768123368e-06
869700,0.1197183112547427,1.326815634005241e-10,0.0,1.0999980485915455,-2.992957768279608e-06
869760,0.11971831126121751,1.3283391716599612e-10,0.0,1.0999980485915455,-2.9929577684353297e-06
869820,0.11971831126766742,1.3298507363732208e-10,0.0,1.0999980485915455,-2.9929577685905286e-06
869880,0.11971831127409231,1.3313503076946032e-10,0.0,1.0999980485915453,-2.992957768745202e-06
869940,0.11971831128049203,1.3328378651862948e-10,0.0,1.0999980485915453,-2.992957768899346e-06
870000,0.11971831128686643,1.3343133884230857e-10,0.0,1.0999980485915453,-2.9929577690529573e-06
870060,0.1197183112932154,1.3357768569923694e-10,0.0,1.0999980485915453,-2.992957769206033e-06
870120,0.11971831129953878,1.3372282504941422e-10,0.0,1.099998048591545,-2.9929577693585694e-06
870180,0.11971831130583645,1.3386675485410046e-10,0.0,1.099998048591545,-2.9929577695105626e-06
870240,0.11971831131210826,1.3400947307581597e-10,0.0,1.099998048591545,-2.99295776966201e-06
870300,0.11971831131835409,1.3415097767834147e-10,0.0,1.099998048591545,-2.9929577698129077e-06
870360,0.11971831132457379,1.3429126662671792e-10,0.0,1.099998048591545,-2.9929577699632526e-06
870420,0.11971831133076723,1.3443033788724672e-10,0.0,1.0999980485915448,-2.992957770113041e-06
870480,0.11971831133693427,1.3456818942748951e-10,0.0,1.0999980485915448,-2.9929577702622697e-06
870540,0.11971831134307476,1.3470481921626834e-10,0.0,1.0999980485915448,-2.992957770410935e-06
870600,0.11971831134918857,1.348402252236656e-10,0.0,1.0999980485915448,-2.992957770559033e-06
870660,0.11971831135527557,1.349744054210239e-10,0.0,1.0999980485915446,-2.9929577707065617e-06
870720,0.11971831136133562,1.3510735778094634e-10,0.0,1.0999980485915446,-2.9929577708535164e-06
870780,0.11971831136736857,1.3523908027729625e-10,0.0,1.0999980485915446,-2.9929577709998943e-06
870840,0.1197183113733743,1.3536957088519732e-10,0.0,1.0999980485915446,-2.9929577711456916e-06
870900,0.11971831137935265,1.3549882758103366e-10,0.0,1.0999980485915446,-2.9929577712909048e-06
870960,0.1197183113853035,1.3562684834244956e-10,0.0,1.0999980485915444,-2.9929577714355306e-06
871020,0.1197183113912267,1.3575363114834973e-10,0.0,1.0999980485915444,-2.992957771579565e-06
871080,0.11971831139712212,1.358791739788993e-10,0.0,1.0999980485915444,-2.992957771723006e-06
871140,0.11971831140298961,1.3600347481552354e-10,0.0,1.0999980485915444,-2.9929577718658483e-06
871200,0.11971831140882903,1.3612653164090824e-10,0.0,1.0999980485915442,-2.9929577720080897e-06
871260,0.11971831141464025,1.362483424389994e-10,0.0,1.0999980485915442,-2.9929577721497263e-06
871320,0.11971831142042312,1.3636890519500346e-10,0.0,1.0999980485915442,-2.9929577722907543e-06
871380,0.1197183114261775,1.364882178953871e-10,0.0,1.0999980485915442,-2.992957772431171e-06
871440,0.11971831143190327,1.366062785278774e-10,0.0,1.0999980485915442,-2.9929577725709715e-06
871500,0.11971831143760027,1.3672308508146177e-10,0.0,1.099998048591544,-2.992957772710154e-06
871560,0.11971831144326837,1.3683863554638788e-10,0.0,1.099998048591544,-2.9929577728487136e-06
871620,0.11971831144890742,1.3695292791416387e-10,0.0,1.099998048591544,-2.9929577729866474e-06
871680,0.11971831145451728,1.370659601775581e-10,0.0,1.099998048591544,-2.992957773123952e-06
871740,0.1197183114600978,1.3717773033059933e-10,0.0,1.099998048591544,-2.9929577732606236e-06
871800,0.11971831146564886,1.3728823636857662e-10,0.0,1.0999980485915437,-2.9929577733966588e-06
871860,0.1197183114711703,1.3739747628803936e-10,0.0,1.0999980485915437,-2.992957773532054e-06
871920,0.11971831147666201,1.375054480867973e-10,0.0,1.0999980485915437,-2.9929577736668055e-06
871980,0.11971831148212381,1.3761214976392058e-10,0.0,1.0999980485915437,-2.99295777380091e-06
872040,0.11971831148755557,1.3771757931973953e-10,0.0,1.0999980485915437,-2.9929577739343637e-06
872100,0.11971831149295716,1.3782173475584497e-10,0.0,1.0999980485915435,-2.9929577740671637e-06
872160,0.11971831149832843,1.3792461407508795e-10,0.0,1.0999980485915435,-2.9929577741993055e-06
872220,0.11971831150366923,1.380262152815799e-10,0.0,1.0999980485915435,-2.992957774330786e-06
872280,0.11971831150897942,1.3812653638069262e-10,0.0,1.0999980485915435,-2.992957774461602e-06
872340,0.11971831151425887,1.3822557537905813e-10,0.0,1.0999980485915435,-2.9929577745917494e-06
872400,0.11971831151950742,1.3832333028456894e-10,0.0,1.0999980485915433,-2.9929577747212247e-06
872460,0.11971831152472494,1.3841979910637777e-10,0.0,1.0999980485915433,-2.9929577748500246e-06
872520,0.11971831152991128,1.385149798548977e-10,0.0,1.0999980485915433,-2.992957774978145e-06
872580,0.11971831153506629,1.3860887054180225e-10,0.0,1.0999980485915433,-2.992957775105583e-06
872640,0.11971831154018985,1.3870146918002514e-10,0.0,1.0999980485915433,-2.992957775232334e-06
872700,0.1197183115452818,1.3879277378376047e-10,0.0,1.099998048591543,-2.9929577753583955e-06
872760,0.11971831155034199,1.3888278236846272e-10,0.0,1.099998048591543,-2.992957775483763e-06
872820,0.11971831155537029,1.3897149295084667e-10,0.0,1.099998048591543,-2.9929577756084337e-06
872880,0.11971831156036652,1.390589035488874e-10,0.0,1.099998048591543,-2.9929577757324034e-06
872940,0.1197183115653306,1.3914501218182042e-10,0.0,1.099998048591543,-2.9929577758556687e-06
873000,0.11971831157026233,1.3922981687014147e-10,0.0,1.0999980485915428,-2.992957775978226e-06
873060,0.11971831157516159,1.393133156356067e-10,0.0,1.0999980485915428,-2.9929577761000716e-06
873120,0.11971831158002823,1.3939550650123256e-10,0.0,1.0999980485915428,-2.9929577762212015e-06
873180,0.1197183115848621,1.3947638749129587e-10,0.0,1.0999980485915428,-2.9929577763416127e-06
873240,0.11971831158966306,1.3955595663133374e-10,0.0,1.0999980485915428,-2.9929577764613015e-06
873300,0.11971831159443097,1.3963421194814362e-10,0.0,1.0999980485915426,-2.9929577765802634e-06
873360,0.11971831159916567,1.3971115146978337e-10,0.0,1.0999980485915426,-2.992957776698496e-06
873420,0.11971831160386702,1.3978677322557107e-10,0.0,1.0999980485915426,-2.992957776815995e-06
873480,0.11971831160853488,1.3986107524608528e-10,0.0,1.0999980485915426,-2.992957776932756e-06
873540,0.11971831161316909,1.3993405556316472e-10,0.0,1.0999980485915426,-2.992957777048777e-06
873600,0.11971831161776952,1.4000571220990858e-10,0.0,1.0999980485915426,-2.992957777164053e-06
873660,0.11971831162233602,1.4007604322067632e-10,0.0,1.0999980485915424,-2.9929577772785807e-06
873720,0.11971831162686844,1.401450466310878e-10,0.0,1.0999980485915424,-2.9929577773923567e-06
873780,0.11971831163136663,1.4021272047802317e-10,0.0,1.0999980485915424,-2.9929577775053767e-06
873840,0.11971831163583045,1.4027906279962288e-10,0.0,1.0999980485915424,-2.992957777617638e-06
873900,0.11971831164025974,1.403440716352878e-10,0.0,1.0999980485915424,-2.9929577777291353e-06
873960,0.11971831164465438,1.4040774502567907e-10,0.0,1.0999980485915422,-2.9929577778398666e-06
874020,0.11971831164901418,1.4047008101271818e-10,0.0,1.0999980485915422,-2.992957777949827e-06
874080,0.11971831165333903,1.4053107763958698e-10,0.0,1.0999980485915422,-2.992957778059014e-06
874140,0.11971831165762876,1.4059073295072765e-10,0.0,1.0999980485915422,-2.9929577781674223e-06
874200,0.11971831166188324,1.4064904499184267e-10,0.0,1.0999980485915422,-2.9929577782750497e-06
874260,0.1197183116661023,1.407060118098949e-10,0.0,1.0999980485915422,-2.9929577783818915e-06
874320,0.1197183116702858,1.407616314531075e-10,0.0,1.099998048591542,-2.9929577784879443e-06
874380,0.11971831167443361,1.40815901970964e-10,0.0,1.099998048591542,-2.992957778593204e-06
874440,0.11971831167854556,1.4086882141420827e-10,0.0,1.099998048591542,-2.992957778697668e-06
874500,0.11971831168262151,1.4092038783484443e-10,0.0,1.099998048591542,-2.992957778801331e-06
874560,0.1197183116866613,1.4097059928613707e-10,0.0,1.099998048591542,-2.9929577789041906e-06
874620,0.1197183116906648,1.41019453822611e-10,0.0,1.099998048591542,-2.992957779006242e-06
874680,0.11971831169463183,1.4106694950005144e-10,0.0,1.0999980485915417,-2.9929577791074824e-06
874740,0.11971831169856227,1.411130843755039e-10,0.0,1.0999980485915417,-2.992957779207907e-06
874800,0.11971831170245596,1.4115785650727423e-10,0.0,1.0999980485915417,-2.992957779307513e-06
874860,0.11971831170631275,1.4120126395492868e-10,0.0,1.0999980485915417,-2.9929577794062957e-06
874920,0.1197183117101325,1.4124330477929375e-10,0.0,1.0999980485915417,-2.992957779504252e-06
874980,0.11971831171391503,1.412839770424563e-10,0.0,1.0999980485915417,-2.9929577796013784e-06
875040,0.11971831171766022,1.4132327880776358e-10,0.0,1.0999980485915415,-2.9929577796976704e-06
875100,0.1197183117213679,1.4136120813982309e-10,0.0,1.0999980485915415,-2.992957779793124e-06
875160,0.11971831172503794,1.4139776310450272e-10,0.0,1.0999980485915415,-2.9929577798877365e-06
875220,0.11971831172867017,1.4143294176893072e-10,0.0,1.0999980485915415,-2.992957779981503e-06
875280,0.11971831173226445,1.4146674220149558e-10,0.0,1.0999980485915415,-2.992957780074421e-06
875340,0.11971831173582062,1.4149916247184623e-10,0.0,1.0999980485915415,-2.992957780166485e-06
875400,0.11971831173933853,1.4153020065089187e-10,0.0,1.0999980485915415,-2.992957780257692e-06
875460,0.11971831174281802,1.4155985481080208e-10,0.0,1.0999980485915413,-2.9929577803480388e-06
875520,0.11971831174625897,1.4158812302500674e-10,0.0,1.0999980485915413,-2.9929577804375206e-06
875580,0.1197183117496612,1.4161500336819607e-10,0.0,1.0999980485915413,-2.9929577805261342e-06
875640,0.11971831175302455,1.4164049391632065e-10,0.0,1.0999980485915413,-2.992957780613876e-06
875700,0.11971831175634891,1.4166459274659137e-10,0.0,1.0999980485915413,-2.9929577807007408e-06
875760,0.11971831175963407,1.416872979374795e-10,0.0,1.0999980485915413,-2.992957780786726e-06
875820,0.11971831176287993,1.4170860756871655e-10,0.0,1.099998048591541,-2.9929577808718274e-06
875880,0.1197183117660863,1.4172851972129448e-10,0.0,1.099998048591541,-2.9929577809560416e-06
875940,0.11971831176925306,1.417470324774655e-10,0.0,1.099998048591541,-2.9929577810393638e-06
876000,0.11971831177238001,1.4176414392074224e-10,0.0,1.099998048591541,-2.9929577811217907e-06
876060,0.11971831177546705,1.4177985213589757e-10,0.0,1.099998048591541,-2.9929577812033184e-06
876120,0.11971831177851398,1.4179415520896473e-10,0.0,1.099998048591541,-2.9929577812839433e-06
876180,0.11971831178152069,1.4180705122723735e-10,0.0,1.099998048591541,-2.992957781363661e-06
876240,0.11971831178448698,1.4181853827926936e-10,0.0,1.099998048591541,-2.992957781442468e-06
876300,0.11971831178741274,1.4182861445487497e-10,0.0,1.0999980485915408,-2.9929577815203603e-06
876360,0.11971831179029778,1.4183727784512883e-10,0.0,1.0999980485915408,-2.992957781597334e-06
876420,0.11971831179314198,1.418445265423658e-10,0.0,1.0999980485915408,-2.992957781673385e-06
876480,0.11971831179594514,1.418503586401812e-10,0.0,1.0999980485915408,-2.9929577817485095e-06
876540,0.11971831179870715,1.4185477223343065e-10,0.0,1.0999980485915408,-2.992957781822704e-06
876600,0.11971831180142783,1.4185776541823002e-10,0.0,1.0999980485915408,-2.9929577818959644e-06
876660,0.11971831180410704,1.4185933629195564e-10,0.0,1.0999980485915408,-2.992957781968286e-06
876720,0.1197183118067446,1.418594829532441e-10,0.0,1.0999980485915406,-2.9929577820396665e-06
876780,0.11971831180934038,1.4185820350199236e-10,0.0,1.0999980485915406,-2.9929577821101002e-06
876840,0.11971831181189421,1.4185549603935767e-10,0.0,1.0999980485915406,-2.9929577821795845e-06
876900,0.11971831181440595,1.4185135866775768e-10,0.0,1.0999980485915406,-2.992957782248115e-06
876960,0.11971831181687542,1.418457894908703e-10,0.0,1.0999980485915406,-2.9929577823156874e-06
877020,0.1197183118193025,1.4183878661363386e-10,0.0,1.0999980485915406,-2.9929577823822985e-06
877080,0.11971831182168699,1.41830348142247e-10,0.0,1.0999980485915406,-2.9929577824479436e-06
877140,0.11971831182402876,1.4182047218416863e-10,0.0,1.0999980485915406,-2.992957782512619e-06
877200,0.11971831182632765,1.4180915684811806e-10,0.0,1.0999980485915406,-2.9929577825763216e-06
877260,0.1197183118285835,1.4179640024407495e-10,0.0,1.0999980485915404,-2.992957782639046e-06
877320,0.11971831183079615,1.4178220048327924e-10,0.0,1.0999980485915404,-2.9929577827007893e-06
877380,0.11971831183296545,1.4176655567823123e-10,0.0,1.0999980485915404,-2.992957782761547e-06
877440,0.11971831183509125,1.4174946394269159e-10,0.0,1.0999980485915404,-2.9929577828213153e-06
877500,0.11971831183717337,1.4173092339168127e-10,0.0,1.0999980485915404,-2.99295778288009e-06
877560,0.11971831183921167,1.417109321414816e-10,0.0,1.0999980485915404,-2.9929577829378674e-06
877620,0.11971831184120599,1.416894883096342e-10,0.0,1.0999980485915404,-2.9929577829946436e-06
877680,0.11971831184315616,1.4166659001494108e-10,0.0,1.0999980485915404,-2.9929577830504144e-06
877740,0.11971831184506204,1.4164223537746453e-10,0.0,1.0999980485915404,-2.992957783105176e-06
877800,0.11971831184692346,1.4161642251852723e-10,0.0,1.0999980485915402,-2.992957783158924e-06
877860,0.11971831184874025,1.4158914956071215e-10,0.0,1.0999980485915402,-2.9929577832116547e-06
877920,0.11971831185051228,1.4156041462786262e-10,0.0,1.0999980485915402,-2.992957783263364e-06
877980,0.11971831185223938,1.4153021584508233e-10,0.0,1.0999980485915402,-2.9929577833140483e-06
878040,0.11971831185392139,1.4149855133873524e-10,0.0,1.0999980485915402,-2.9929577833637026e-06
878100,0.11971831185555813,1.4146541923644573e-10,0.0,1.0999980485915402,-2.992957783412324e-06
878160,0.11971831185714947,1.4143081766709841e-10,0.0,1.0999980485915402,-2.9929577834599074e-06
878220,0.11971831185869523,1.413947447608383e-10,0.0,1.0999980485915402,-2.9929577835064497e-06
878280,0.11971831186019527,1.4135719864907078e-10,0.0,1.0999980485915402,-2.9929577835519464e-06
878340,0.11971831186164941,1.4131817746446148e-10,0.0,1.0999980485915402,-2.9929577835963936e-06
878400,0.11971831186305752,1.4127767934093646e-10,0.0,1.0999980485915402,-2.992957783639787e-06
878460,0.1197183118644194,1.4123570241368203e-10,0.0,1.09999804859154,-2.9929577836821227e-06
878520,0.11971831186573492,1.4119224481914487e-10,0.0,1.09999804859154,-2.992957783723397e-06
878580,0.11971831186700391,1.4114730469503201e-10,0.0,1.09999804859154,-2.992957783763605e-06
878640,0.1197183118682262,1.4110088018031082e-10,0.0,1.09999804859154,-2.9929577838027435e-06
878700,0.11971831186940164,1.41052969415209e-10,0.0,1.09999804859154,-2.992957783840808e-06
878760,0.11971831187053006,1.4100357054121454e-10,0.0,1.09999804859154,-2.992957783877794e-06
878820,0.1197183118716113,1.4095268170107582e-10,0.0,1.09999804859154,-2.9929577839136985e-06
878880,0.11971831187264523,1.4090030103880155e-10,0.0,1.09999804859154,-2.9929577839485166e-06
878940,0.11971831187363165,1.4084642669966075e-10,0.0,1.09999804859154,-2.9929577839822446e-06
879000,0.1197183118745704,1.407910568301828e-10,0.0,1.09999804859154,-2.992957784014878e-06
879060,0.11971831187546134,1.407341895781574e-10,0.0,1.09999804859154,-2.992957784046413e-06
879120,0.11971831187630427,1.4067582309263456e-10,0.0,1.09999804859154,-2.9929577840768455e-06
879180,0.11971831187709908,1.4061595552392472e-10,0.0,1.09999804859154,-2.992957784106171e-06
879240,0.11971831187784558,1.4055458502359858e-10,0.0,1.0999980485915397,-2.992957784134386e-06
879300,0.1197183118785436,1.4049170974448716e-10,0.0,1.0999980485915397,-2.992957784161486e-06
879360,0.11971831187919299,1.4042732784068187e-10,0.0,1.0999980485915397,-2.992957784187467e-06
879420,0.11971831187979358,1.4036143746753441e-10,0.0,1.0999980485915397,-2.992957784212325e-06
879480,0.11971831188034522,1.4029403678165685e-10,0.0,1.0999980485915397,-2.9929577842360555e-06
879540,0.11971831188084772,1.4022512394092156e-10,0.0,1.0999980485915397,-2.9929577842586544e-06
879600,0.11971831188130096,1.4015469710446132e-10,0.0,1.0999980485915397,-2.9929577842801178e-06
879660,0.11971831188170472,1.4008275443266917e-10,0.0,1.0999980485915397,-2.992957784300442e-06
879720,0.11971831188205888,1.4000929408719847e-10,0.0,1.0999980485915397,-2.9929577843196217e-06
879780,0.11971831188236326,1.3993431423096302e-10,0.0,1.0999980485915397,-2.9929577843376533e-06
879840,0.1197183118826177,1.3985781302813685e-10,0.0,1.0999980485915397,-2.992957784354533e-06
879900,0.11971831188282203,1.3977978864415438e-10,0.0,1.0999980485915397,-2.992957784370256e-06
879960,0.11971831188297609,1.3970023924571034e-10,0.0,1.0999980485915397,-2.9929577843848187e-06
880020,0.11971831188307971,1.3961916300075984e-10,0.0,1.0999980485915397,-2.992957784398217e-06
880080,0.11971831188313274,1.3953655807851827e-10,0.0,1.0999980485915397,-2.992957784410446e-06
880140,0.119718311883135,1.3945242264946136e-10,0.0,1.0999980485915397,-2.992957784421502e-06
880200,0.11971831188308632,1.3936675488532526e-10,0.0,1.0999980485915397,-2.9929577844313805e-06
880260,0.11971831188298655,1.3927955295910634e-10,0.0,1.0999980485915397,-2.992957784440078e-06
880320,0.11971831188283553,1.3919081504506139e-10,0.0,1.0999980485915397,-2.9929577844475893e-06
880380,0.11971831188263307,1.3910053931870747e-10,0.0,1.0999980485915397,-2.992957784453911e-06
880440,0.11971831188237902,1.3900872395682203e-10,0.0,1.0999980485915395,-2.9929577844590386e-06
880500,0.11971831188207321,1.3891536713744282e-10,0.0,1.0999980485915395,-2.992957784462968e-06
880560,0.11971831188171549,1.38820467039868e-10,0.0,1.0999980485915395,-2.992957784465695e-06
880620,0.11971831188130566,1.3872402184465592e-10,0.0,1.0999980485915395,-2.992957784467215e-06
880680,0.11971831188084357,1.3862602973362542e-10,0.0,1.0999980485915395,-2.9929577844675242e-06
880740,0.11971831188032907,1.3852648888985557e-10,0.0,1.0999980485915395,-2.9929577844666183e-06
880800,0.11971831187976197,1.3842539749768584e-10,0.0,1.0999980485915395,-2.9929577844644927e-06
880860,0.11971831187914211,1.3832275374271599e-10,0.0,1.0999980485915395,-2.9929577844611435e-06
880920,0.11971831187846932,1.3821855581180613e-10,0.0,1.0999980485915395,-2.9929577844565666e-06
880980,0.11971831187774346,1.3811280189307675e-10,0.0,1.0999980485915395,-2.992957784450757e-06
881040,0.11971831187696431,1.380054901759086e-10,0.0,1.0999980485915395,-2.9929577844437116e-06
881100,0.11971831187613174,1.3789661885094286e-10,0.0,1.0999980485915395,-2.9929577844354255e-06
881160,0.11971831187524558,1.3778618611008092e-10,0.0,1.0999980485915395,-2.9929577844258942e-06
881220,0.11971831187430565,1.376741901464846e-10,0.0,1.0999980485915395,-2.9929577844151136e-06
881280,0.11971831187331179,1.3756062915457603e-10,0.0,1.0999980485915395,-2.9929577844030794e-06
881340,0.11971831187226384,1.3744550133003768e-10,0.0,1.0999980485915395,-2.9929577843897878e-06
881400,0.11971831187116161,1.3732880486981238e-10,0.0,1.0999980485915395,-2.992957784375234e-06
881460,0.11971831187000494,1.3721053797210323e-10,0.0,1.0999980485915395,-2.992957784359414e-06
881520,0.11971831186879366,1.370906988363737e-10,0.0,1.0999980485915395,-2.992957784342323e-06
881580,0.11971831186752761,1.3696928566334763e-10,0.0,1.0999980485915395,-2.9929577843239576e-06
881640,0.11971831186620661,1.3684629665500918e-10,0.0,1.0999980485915395,-2.9929577843043124e-06
881700,0.11971831186483049,1.3672173001460279e-10,0.0,1.0999980485915395,-2.992957784283384e-06
881760,0.1197183118633991,1.3659558394663326e-10,0.0,1.0999980485915395,-2.992957784261168e-06
881820,0.11971831186191224,1.3646785665686583e-10,0.0,1.0999980485915395,-2.9929577842376594e-06
881880,0.11971831186036977,1.363385463523259e-10,0.0,1.0999980485915395,-2.9929577842128544e-06
881940,0.1197183118587715,1.3620765124129935e-10,0.0,1.0999980485915395,-2.9929577841867485e-06
882000,0.11971831185711726,1.360751695333323e-10,0.0,1.0999980485915395,-2.9929577841593376e-06
882060,0.11971831185540689,1.359410994392313e-10,0.0,1.0999980485915395,-2.9929577841306173e-06
882120,0.11971831185364022,1.3580543917106313e-10,0.0,1.0999980485915395,-2.9929577841005828e-06
882180,0.11971831185181707,1.3566818694215498e-10,0.0,1.0999980485915395,-2.9929577840692303e-06
882240,0.11971831184993727,1.3552934096709434e-10,0.0,1.0999980485915395,-2.9929577840365555e-06
882300,0.11971831184800065,1.3538889946172907e-10,0.0,1.0999980485915395,-2.9929577840025535e-06
882360,0.11971831184600704,1.3524686064316735e-10,0.0,1.0999980485915395,-2.992957783967221e-06
882420,0.11971831184395626,1.3510322272977768e-10,0.0,1.0999980485915395,-2.992957783930552e-06
882480,0.11971831184184815,1.349579839411889e-10,0.0,1.0999980485915395,-2.9929577838925434e-06
882540,0.11971831183968255,1.348111424982902e-10,0.0,1.0999980485915395,-2.9929577838531903e-06
882600,0.11971831183745926,1.346626966232311e-10,0.0,1.0999980485915395,-2.9929577838124887e-06
882660,0.11971831183517813,1.3451264453942144e-10,0.0,1.0999980485915395,-2.992957783770434e-06
882720,0.11971831183283897,1.3436098447153145e-10,0.0,1.0999980485915395,-2.9929577837270218e-06
882780,0.11971831183044163,1.3420771464549164e-10,0.0,1.0999980485915397,-2.9929577836822476e-06
882840,0.11971831182798591,1.3405283328849283e-10,0.0,1.0999980485915397,-2.9929577836361076e-06
882900,0.11971831182547166,1.3389633862898624e-10,0.0,1.0999980485915397,-2.9929577835885962e-06
882960,0.11971831182289869,1.3373822889668346e-10,0.0,1.0999980485915397,-2.99295778353971e-06
883020,0.11971831182026683,1.3357850232255628e-10,0.0,1.0999980485915397,-2.9929577834894447e-06
883080,0.11971831181757592,1.3341715713883696e-10,0.0,1.0999980485915397,-2.992957783437795e-06
883140,0.11971831181482577,1.33254191579018e-10,0.0,1.0999980485915397,-2.9929577833847573e-06
883200,0.11971831181201623,1.3308960387785231e-10,0.0,1.0999980485915397,-2.9929577833303266e-06
883260,0.11971831180914709,1.329233922713531e-10,0.0,1.0999980485915397,-2.992957783274499e-06
883320,0.1197183118062182,1.327555549967939e-10,0.0,1.0999980485915397,-2.9929577832172697e-06
883380,0.1197183118032294,1.325860902927086e-10,0.0,1.0999980485915397,-2.9929577831586343e-06
883440,0.11971831180018047,1.324149963988914e-10,0.0,1.0999980485915397,-2.992957783098588e-06
883500,0.11971831179707128,1.322422715563969e-10,0.0,1.0999980485915397,-2.9929577830371274e-06
883560,0.11971831179390163,1.3206791400754e-10,0.0,1.0999980485915397,-2.992957782974247e-06
883620,0.11971831179067136,1.3189192199589585e-10,0.0,1.0999980485915397,-2.9929577829099433e-06
883680,0.1197183117873803,1.3171429376630009e-10,0.0,1.0999980485915397,-2.9929577828442106e-06
883740,0.11971831178402824,1.315350275648486e-10,0.0,1.0999980485915397,-2.9929577827770455e-06
883800,0.11971831178061504,1.313541216388976e-10,0.0,1.0999980485915397,-2.992957782708443e-06
883860,0.1197183117771405,1.3117157423706365e-10,0.0,1.0999980485915397,-2.992957782638399e-06
883920,0.11971831177360447,1.309873836092237e-10,0.0,1.09999804859154,-2.9929577825669085e-06
883980,0.11971831177000675,1.3080154800651492e-10,0.0,1.09999804859154,-2.9929577824939675e-06
884040,0.11971831176634717,1.3061406568133496e-10,0.0,1.09999804859154,-2.9929577824195713e-06
884100,0.11971831176262558,1.3042493488734174e-10,0.0,1.09999804859154,-2.9929577823437153e-06
884160,0.11971831175884176,1.3023415387945345e-10,0.0,1.09999804859154,-2.992957782266395e-06
884220,0.11971831175499556,1.300417209138487e-10,0.0,1.09999804859154,-2.9929577821876063e-06
884280,0.11971831175108681,1.2984763424796643e-10,0.0,1.09999804859154,-2.9929577821073444e-06
884340,0.11971831174711531,1.2965189214050587e-10,0.0,1.09999804859154,-2.9929577820256045e-06
884400,0.1197183117430809,1.2945449285142663e-10,0.0,1.09999804859154,-2.9929577819423826e-06
884460,0.1197183117389834,1.2925543464194863e-10,0.0,1.09999804859154,-2.992957781857674e-06
884520,0.11971831173482261,1.2905471577455215e-10,0.0,1.09999804859154,-2.992957781771474e-06
884580,0.1197183117305984,1.2885233451297778e-10,0.0,1.0999980485915402,-2.992957781683778e-06
884640,0.11971831172631053,1.2864828912222643e-10,0.0,1.0999980485915402,-2.992957781594582e-06
884700,0.11971831172195889,1.2844257786855942e-10,0.0,1.0999980485915402,-2.992957781503881e-06
884760,0.11971831171754324,1.2823519901949837e-10,0.0,1.0999980485915402,-2.9929577814116703e-06
884820,0.11971831171306345,1.2802615084382515e-10,0.0,1.0999980485915402,-2.992957781317946e-06
884880,0.1197183117085193,1.278154316115821e-10,0.0,1.0999980485915402,-2.992957781222703e-06
884940,0.11971831170391066,1.276030395940718e-10,0.0,1.0999980485915402,-2.992957781125937e-06
885000,0.1197183116992373,1.2738897306385721e-10,0.0,1.0999980485915402,-2.992957781027643e-06
885060,0.11971831169449908,1.2717323029476163e-10,0.0,1.0999980485915402,-2.992957780927817e-06
885120,0.1197183116896958,1.2695580956186868e-10,0.0,1.0999980485915402,-2.9929577808264544e-06
885180,0.11971831168482729,1.2673670914152233e-10,0.0,1.0999980485915404,-2.99295778072355e-06
885240,0.11971831167989336,1.2651592731132685e-10,0.0,1.0999980485915404,-2.9929577806191e-06
885300,0.11971831167489384,1.2629346235014688e-10,0.0,1.0999980485915404,-2.992957780513099e-06
885360,0.11971831166982855,1.2606931253810738e-10,0.0,1.0999980485915404,-2.992957780405543e-06
885420,0.11971831166469729,1.2584347615659366e-10,0.0,1.0999980485915404,-2.9929577802964274e-06
885480,0.11971831165949992,1.2561595148825134e-10,0.0,1.0999980485915404,-2.9929577801857473e-06
885540,0.11971831165423623,1.2538673681698643e-10,0.0,1.0999980485915404,-2.992957780073498e-06
885600,0.11971831164890603,1.251558304279652e-10,0.0,1.0999980485915406,-2.9929577799596754e-06
885660,0.11971831164350918,1.2492323060761434e-10,0.0,1.0999980485915406,-2.9929577798442744e-06
885720,0.11971831163804546,1.2468893564362078e-10,0.0,1.0999980485915406,-2.9929577797272907e-06
885780,0.11971831163251472,1.2445294382493186e-10,0.0,1.0999980485915406,-2.9929577796087196e-06
885840,0.11971831162691673,1.2421525344175527e-10,0.0,1.0999980485915406,-2.9929577794885566e-06
885900,0.11971831162125136,1.2397586278555892e-10,0.0,1.0999980485915406,-2.9929577793667964e-06
885960,0.11971831161551842,1.2373477014907118e-10,0.0,1.0999980485915406,-2.9929577792434354e-06
886020,0.1197183116097177,1.2349197382628072e-10,0.0,1.0999980485915408,-2.992957779118468e-06
886080,0.11971831160384905,1.2324747211243652e-10,0.0,1.0999980485915408,-2.99295777899189e-06
886140,0.11971831159791227,1.2300126330404792e-10,0.0,1.0999980485915408,-2.9929577788636965e-06
886200,0.11971831159190717,1.2275334569888456e-10,0.0,1.0999980485915408,-2.9929577787338832e-06
886260,0.11971831158583358,1.2250371759597648e-10,0.0,1.0999980485915408,-2.9929577786024453e-06
886320,0.11971831157969133,1.2225237729561397e-10,0.0,1.0999980485915408,-2.992957778469378e-06
886380,0.11971831157348022,1.2199932309934777e-10,0.0,1.0999980485915408,-2.992957778334677e-06
886440,0.11971831156720007,1.2174455330998885e-10,0.0,1.099998048591541,-2.992957778198337e-06
886500,0.1197183115608507,1.2148806623160857e-10,0.0,1.099998048591541,-2.992957778060354e-06
886560,0.11971831155443191,1.212298601695386e-10,0.0,1.099998048591541,-2.9929577779207227e-06
886620,0.11971831154794355,1.2096993343037096e-10,0.0,1.099998048591541,-2.9929577777794385e-06
886680,0.1197183115413854,1.20708284321958e-10,0.0,1.099998048591541,-2.9929577776364974e-06
886740,0.1197183115347573,1.2044491115341243e-10,0.0,1.0999980485915413,-2.9929577774918936e-06
886800,0.11971831152805908,1.2017981223510726e-10,0.0,1.0999980485915413,-2.9929577773456233e-06
886860,0.1197183115212905,1.1991298587867585e-10,0.0,1.0999980485915413,-2.9929577771976814e-06
886920,0.11971831151445143,1.196444303970119e-10,0.0,1.0999980485915413,-2.992957777048063e-06
886980,0.11971831150754167,1.1937414410426946e-10,0.0,1.0999980485915413,-2.9929577768967645e-06
887040,0.11971831150056103,1.1910212531586288e-10,0.0,1.0999980485915413,-2.9929577767437793e-06
887100,0.11971831149350932,1.1882837234846685e-10,0.0,1.0999980485915415,-2.9929577765891043e-06
887160,0.11971831148638638,1.1855288352001643e-10,0.0,1.0999980485915415,-2.992957776432734e-06
887220,0.119718311479192,1.18275657149707e-10,0.0,1.0999980485915415,-2.9929577762746637e-06
887280,0.11971831147192599,1.1799669155799427e-10,0.0,1.0999980485915415,-2.9929577761148887e-06
887340,0.1197183114645882,1.1771598506659428e-10,0.0,1.0999980485915415,-2.992957775953404e-06
887400,0.1197183114571784,1.1743353599848342e-10,0.0,1.0999980485915417,-2.9929577757902057e-06
887460,0.11971831144969643,1.171493426778984e-10,0.0,1.0999980485915417,-2.9929577756252884e-06
887520,0.1197183114421421,1.1686340343033627e-10,0.0,1.0999980485915417,-2.992957775458647e-06
887580,0.11971831143451522,1.1657571658255444e-10,0.0,1.0999980485915417,-2.9929577752902776e-06
887640,0.1197183114268156,1.1628628046257063e-10,0.0,1.099998048591542,-2.9929577751201747e-06
887700,0.11971831141904309,1.159950933996629e-10,0.0,1.099998048591542,-2.992957774948334e-06
887760,0.11971831141119745,1.1570215372436966e-10,0.0,1.099998048591542,-2.9929577747747504e-06
887820,0.11971831140327852,1.1540745976848962e-10,0.0,1.099998048591542,-2.9929577745994193e-06
887880,0.1197183113952861,1.1511100986508187e-10,0.0,1.099998048591542,-2.992957774422336e-06
887940,0.11971831138722003,1.1481280234846581e-10,0.0,1.0999980485915422,-2.992957774243495e-06
888000,0.1197183113790801,1.1451283555422117e-10,0.0,1.0999980485915422,-2.9929577740628925e-06
888060,0.11971831117701735,9.293799879501295e-11,0.0,1.0999980485915417,-2.992957771257909e-06
888120,0.11971831117975783,9.296311412924389e-11,0.0,1.0999980485915417,-2.992957771328364e-06
888180,0.11971831118247933,9.298679982290131e-11,0.0,1.0999980485915417,-2.99295777139848e-06
888240,0.11971831118518189,9.300906053099896e-11,0.0,1.0999980485915417,-2.9929577714682574e-06
888300,0.11971831118786554,9.302990090855052e-11,0.0,1.0999980485915415,-2.992957771537696e-06
888360,0.11971831119053028,9.304932561056965e-11,0.0,1.0999980485915415,-2.992957771606796e-06
888420,0.11971831119317615,9.306733929207011e-11,0.0,1.0999980485915415,-2.9929577716755577e-06
888480,0.11971831119580317,9.308394660806554e-11,0.0,1.0999980485915415,-2.9929577717439806e-06
888540,0.11971831119841138,9.309915221356968e-11,0.0,1.0999980485915415,-2.992957771812065e-06
888600,0.11971831120100077,9.311296076359623e-11,0.0,1.0999980485915415,-2.992957771879811e-06
888660,0.11971831120357138,9.312537691315884e-11,0.0,1.0999980485915415,-2.992957771947219e-06
888720,0.11971831120612324,9.313640531727124e-11,0.0,1.0999980485915415,-2.9929577720142883e-06
888780,0.11971831120865636,9.314605063094711e-11,0.0,1.0999980485915415,-2.9929577720810197e-06
888840,0.11971831121117078,9.315431750920017e-11,0.0,1.0999980485915415,-2.992957772147413e-06
888900,0.11971831121366652,9.316121060704413e-11,0.0,1.0999980485915413,-2.992957772213468e-06
888960,0.1197183112161436,9.316673457949264e-11,0.0,1.0999980485915413,-2.9929577722791856e-06
889020,0.11971831121860203,9.317089408155943e-11,0.0,1.0999980485915413,-2.9929577723445646e-06
889080,0.11971831122104185,9.317369376825816e-11,0.0,1.0999980485915413,-2.992957772409606e-06
889140,0.11971831122346308,9.317513829460259e-11,0.0,1.0999980485915413,-2.9929577724743098e-06
889200,0.11971831122586574,9.317523231560638e-11,0.0,1.0999980485915413,-2.9929577725386754e-06
889260,0.11971831122824986,9.317398048628322e-11,0.0,1.0999980485915413,-2.9929577726027034e-06
889320,0.11971831123061547,9.317138746164683e-11,0.0,1.0999980485915413,-2.992957772666394e-06
889380,0.11971831123296256,9.316745789671089e-11,0.0,1.0999980485915413,-2.992957772729747e-06
889440,0.1197183112352912,9.316219644648908e-11,0.0,1.0999980485915413,-2.9929577727927624e-06
889500,0.11971831123760138,9.315560776599514e-11,0.0,1.0999980485915413,-2.9929577728554407e-06
889560,0.11971831123989313,9.314769651024274e-11,0.0,1.099998048591541,-2.992957772917781e-06
889620,0.11971831124216648,9.313846733424559e-11,0.0,1.099998048591541,-2.9929577729797847e-06
889680,0.11971831124442145,9.312792489301739e-11,0.0,1.099998048591541,-2.992957773041451e-06
889740,0.11971831124665806,9.31160738415718e-11,0.0,1.099998048591541,-2.99295777310278e-06
889800,0.11971831124887636,9.310291883492258e-11,0.0,1.099998048591541,-2.9929577731637717e-06
889860,0.11971831125107633,9.308846452808336e-11,0.0,1.099998048591541,-2.9929577732244265e-06
889920,0.11971831125325802,9.307271557606789e-11,0.0,1.099998048591541,-2.992957773284744e-06
889980,0.11971831125542146,9.305567663388985e-11,0.0,1.099998048591541,-2.992957773344725e-06
890040,0.11971831125756666,9.30373523565629e-11,0.0,1.099998048591541,-2.9929577734043693e-06
890100,0.11971831125969364,9.301774739910082e-11,0.0,1.099998048591541,-2.9929577734636764e-06
890160,0.11971831126180242,9.299686641651722e-11,0.0,1.099998048591541,-2.992957773522647e-06
890220,0.11971831126389304,9.297471406382587e-11,0.0,1.0999980485915408,-2.9929577735812806e-06
890280,0.11971831126596552,9.295129499604042e-11,0.0,1.0999980485915408,-2.992957773639578e-06
890340,0.11971831126801988,9.292661386817456e-11,0.0,1.0999980485915408,-2.992957773697539e-06
890400,0.11971831127005614,9.290067533524205e-11,0.0,1.0999980485915408,-2.992957773755163e-06
890460,0.11971831127207433,9.287348405225651e-11,0.0,1.0999980485915408,-2.9929577738124507e-06
890520,0.11971831127407447,9.284504467423169e-11,0.0,1.0999980485915408,-2.9929577738694022e-06
890580,0.11971831127605659,9.281536185618128e-11,0.0,1.0999980485915408,-2.9929577739260175e-06
890640,0.1197183112780207,9.278444025311893e-11,0.0,1.0999980485915408,-2.9929577739822965e-06
890700,0.11971831127996684,9.27522845200584e-11,0.0,1.0999980485915408,-2.992957774038239e-06
890760,0.11971831128189502,9.271889931201336e-11,0.0,1.0999980485915408,-2.992957774093846e-06
890820,0.11971831128380525,9.268428928399751e-11,0.0,1.0999980485915408,-2.9929577741491167e-06
890880,0.1197183112856976,9.264845909102454e-11,0.0,1.0999980485915406,-2.9929577742040514e-06
890940,0.11971831128757204,9.261141338810813e-11,0.0,1.0999980485915406,-2.99295777425865e-06
891000,0.11971831128942864,9.257315683026205e-11,0.0,1.0999980485915406,-2.992957774312913e-06
891060,0.11971831129126739,9.253369407249993e-11,0.0,1.0999980485915406,-2.99295777436684e-06
891120,0.11971831129308834,9.249302976983546e-11,0.0,1.0999980485915406,-2.9929577744204315e-06
891180,0.1197183112948915,9.245116857728239e-11,0.0,1.0999980485915406,-2.9929577744736874e-06
891240,0.11971831129667687,9.240811514985438e-11,0.0,1.0999980485915406,-2.992957774526608e-06
891300,0.11971831129844451,9.236387414256514e-11,0.0,1.0999980485915406,-2.9929577745791926e-06
891360,0.11971831130019443,9.231845021042836e-11,0.0,1.0999980485915406,-2.9929577746314418e-06
891420,0.11971831130192666,9.227184800845774e-11,0.0,1.0999980485915406,-2.9929577746833556e-06
891480,0.11971831130364122,9.222407219166698e-11,0.0,1.0999980485915406,-2.992957774734934e-06
891540,0.11971831130533812,9.217512741506977e-11,0.0,1.0999980485915406,-2.9929577747861773e-06
891600,0.11971831130701739,9.212501833367983e-11,0.0,1.0999980485915404,-2.9929577748370853e-06
891660,0.11971831130867908,9.207374960251085e-11,0.0,1.0999980485915404,-2.9929577748876582e-06
891720,0.11971831131032316,9.202132587657648e-11,0.0,1.0999980485915404,-2.992957774937896e-06
891780,0.11971831131194971,9.196775181089047e-11,0.0,1.0999980485915404,-2.9929577749877987e-06
891840,0.11971831131355871,9.19130320604665e-11,0.0,1.0999980485915404,-2.9929577750373667e-06
891900,0.11971831131515022,9.185717128031828e-11,0.0,1.0999980485915404,-2.9929577750865996e-06
891960,0.11971831131672424,9.180017412545948e-11,0.0,1.0999980485915404,-2.9929577751354975e-06
892020,0.1197183113182808,9.174204525090383e-11,0.0,1.0999980485915404,-2.992957775184061e-06
892080,0.11971831131981991,9.168278931166501e-11,0.0,1.0999980485915404,-2.9929577752322897e-06
892140,0.11971831132134163,9.162241096275671e-11,0.0,1.0999980485915404,-2.992957775280184e-06
892200,0.11971831132284594,9.156091485919265e-11,0.0,1.0999980485915404,-2.992957775327743e-06
892260,0.11971831132433289,9.14983056559865e-11,0.0,1.0999980485915404,-2.992957775374968e-06
892320,0.11971831132580249,9.143458800815196e-11,0.0,1.0999980485915404,-2.9929577754218586e-06
892380,0.11971831132725479,9.136976657070277e-11,0.0,1.0999980485915402,-2.9929577754684145e-06
892440,0.11971831132868976,9.130384599865257e-11,0.0,1.0999980485915402,-2.9929577755146367e-06
892500,0.11971831133010749,9.123683094701507e-11,0.0,1.0999980485915402,-2.992957775560524e-06
892560,0.11971831133150795,9.1168726070804e-11,0.0,1.0999980485915402,-2.9929577756060773e-06
892620,0.1197183113328912,9.109953602503305e-11,0.0,1.0999980485915402,-2.9929577756512966e-06
892680,0.11971831133425724,9.102926546471586e-11,0.0,1.0999980485915402,-2.9929577756961817e-06
892740,0.1197183113356061,9.095791904486621e-11,0.0,1.0999980485915402,-2.9929577757407327e-06
892800,0.11971831133693782,9.088550142049773e-11,0.0,1.0999980485915402,-2.99295777578495e-06
892860,0.11971831133825239,9.081201724662416e-11,0.0,1.0999980485915402,-2.9929577758288334e-06
892920,0.11971831133954985,9.07374711782592e-11,0.0,1.0999980485915402,-2.9929577758723827e-06
892980,0.11971831134083025,9.06618678704165e-11,0.0,1.0999980485915402,-2.992957775915599e-06
893040,0.11971831134209357,9.058521197810981e-11,0.0,1.0999980485915402,-2.9929577759584807e-06
893100,0.11971831134333985,9.050750815635276e-11,0.0,1.0999980485915402,-2.9929577760010293e-06
893160,0.11971831134456913,9.042876106015915e-11,0.0,1.09999804859154,-2.992957776043244e-06
893220,0.11971831134578141,9.034897534454259e-11,0.0,1.09999804859154,-2.9929577760851257e-06
893280,0.11971831134697673,9.02681556645168e-11,0.0,1.09999804859154,-2.9929577761266735e-06
893340,0.1197183113481551,9.01863066750955e-11,0.0,1.09999804859154,-2.992957776167888e-06
893400,0.11971831134931656,9.010343303129235e-11,0.0,1.09999804859154,-2.9929577762087696e-06
893460,0.11971831135046111,9.00195393881211e-11,0.0,1.09999804859154,-2.9929577762493175e-06
893520,0.1197183113515888,8.993463040059538e-11,0.0,1.09999804859154,-2.9929577762895325e-06
893580,0.11971831135269964,8.984871072372893e-11,0.0,1.09999804859154,-2.992957776329414e-06
893640,0.11971831135379364,8.976178501253546e-11,0.0,1.09999804859154,-2.992957776368963e-06
893700,0.11971831135487086,8.967385792202864e-11,0.0,1.09999804859154,-2.9929577764081785e-06
893760,0.11971831135593129,8.958493410722217e-11,0.0,1.09999804859154,-2.9929577764470616e-06
893820,0.11971831135697497,8.949501822312974e-11,0.0,1.09999804859154,-2.9929577764856113e-06
893880,0.11971831135800191,8.940411492476507e-11,0.0,1.09999804859154,-2.9929577765238286e-06
893940,0.11971831135901215,8.931222886714184e-11,0.0,1.09999804859154,-2.992957776561713e-06
894000,0.1197183113600057,8.921936470527376e-11,0.0,1.0999980485915397,-2.992957776599265e-06
894060,0.1197183113609826,8.912552709417452e-11,0.0,1.0999980485915397,-2.992957776636484e-06
894120,0.11971831136194286,8.903072068885781e-11,0.0,1.0999980485915397,-2.9929577766733706e-06
894180,0.11971831136288649,8.893495014433734e-11,0.0,1.0999980485915397,-2.9929577767099247e-06
894240,0.11971831136381356,8.88382201156268e-11,0.0,1.0999980485915397,-2.9929577767461464e-06
894300,0.11971831136472404,8.874053525773989e-11,0.0,1.0999980485915397,-2.992957776782036e-06
894360,0.11971831136561799,8.864190022569031e-11,0.0,1.0999980485915397,-2.9929577768175927e-06
894420,0.11971831136649541,8.854231967449176e-11,0.0,1.0999980485915397,-2.992957776852818e-06
894480,0.11971831136735633,8.844179825915791e-11,0.0,1.0999980485915397,-2.9929577768877106e-06
894540,0.1197183113682008,8.834034063470249e-11,0.0,1.0999980485915397,-2.992957776922271e-06
894600,0.1197183113690288,8.823795145613918e-11,0.0,1.0999980485915397,-2.9929577769564994e-06
894660,0.11971831136984039,8.81346353784817e-11,0.0,1.0999980485915397,-2.992957776990396e-06
894720,0.11971831137063556,8.803039705674372e-11,0.0,1.0999980485915397,-2.992957777023961e-06
894780,0.11971831137141437,8.792524114593893e-11,0.0,1.0999980485915397,-2.992957777057194e-06
894840,0.11971831137217681,8.781917230108106e-11,0.0,1.0999980485915397,-2.9929577770900947e-06
894900,0.11971831137292294,8.77121951771838e-11,0.0,1.0999980485915395,-2.992957777122664e-06
894960,0.11971831137365274,8.760431442926083e-11,0.0,1.0999980485915395,-2.9929577771549016e-06
895020,0.11971831137436627,8.749553471232586e-11,0.0,1.0999980485915395,-2.9929577771868076e-06
895080,0.11971831137506353,8.738586068139258e-11,0.0,1.0999980485915395,-2.9929577772183825e-06
895140,0.11971831137574457,8.727529699147469e-11,0.0,1.0999980485915395,-2.9929577772496253e-06
895200,0.11971831137640938,8.716384829758587e-11,0.0,1.0999980485915395,-2.992957777280537e-06
895260,0.119718311377058,8.705151925473988e-11,0.0,1.0999980485915395,-2.9929577773111173e-06
895320,0.11971831137769047,8.693831451795034e-11,0.0,1.0999980485915395,-2.9929577773413666e-06
895380,0.11971831137830678,8.682423874223098e-11,0.0,1.0999980485915395,-2.9929577773712846e-06
895440,0.11971831137890698,8.67092965825955e-11,0.0,1.0999980485915395,-2.992957777400871e-06
895500,0.11971831137949109,8.659349269405762e-11,0.0,1.0999980485915395,-2.9929577774301267e-06
895560,0.11971831138005912,8.647683173163097e-11,0.0,1.0999980485915395,-2.9929577774590512e-06
895620,0.11971831138061109,8.635931835032931e-11,0.0,1.0999980485915395,-2.992957777487645e-06
895680,0.11971831138114705,8.624095720516633e-11,0.0,1.0999980485915395,-2.992957777515908e-06
895740,0.11971831138166701,8.61217529511557e-11,0.0,1.0999980485915395,-2.9929577775438396e-06
895800,0.11971831138217098,8.600171024331111e-11,0.0,1.0999980485915395,-2.992957777571441e-06
895860,0.11971831138265901,8.58808337366463e-11,0.0,1.0999980485915395,-2.9929577775987113e-06
895920,0.1197183113831311,8.575912808617495e-11,0.0,1.0999980485915393,-2.992957777625651e-06
895980,0.11971831138358728,8.563659794691074e-11,0.0,1.0999980485915393,-2.9929577776522607e-06
896040,0.11971831138402758,8.551324797386737e-11,0.0,1.0999980485915393,-2.992957777678539e-06
896100,0.11971831138445203,8.538908282205857e-11,0.0,1.0999980485915393,-2.9929577777044875e-06
896160,0.11971831138486064,8.5264107146498e-11,0.0,1.0999980485915393,-2.9929577777301056e-06
896220,0.11971831138525342,8.513832560219938e-11,0.0,1.0999980485915393,-2.992957777755393e-06
896280,0.11971831138563042,8.50117428441764e-11,0.0,1.0999980485915393,-2.9929577777803503e-06
896340,0.11971831138599166,8.488436352744275e-11,0.0,1.0999980485915393,-2.9929577778049774e-06
896400,0.11971831138633715,8.475619230701212e-11,0.0,1.0999980485915393,-2.9929577778292745e-06
896460,0.11971831138666693,8.462723383789824e-11,0.0,1.0999980485915393,-2.9929577778532413e-06
896520,0.11971831138698101,8.449749277511477e-11,0.0,1.0999980485915393,-2.9929577778768786e-06
896580,0.11971831138727941,8.436697377367544e-11,0.0,1.0999980485915393,-2.9929577779001856e-06
896640,0.11971831138756217,8.423568148859393e-11,0.0,1.0999980485915393,-2.9929577779231626e-06
896700,0.1197183113878293,8.410362057488392e-11,0.0,1.0999980485915393,-2.9929577779458097e-06
896760,0.11971831138808084,8.397079568755915e-11,0.0,1.0999980485915393,-2.9929577779681273e-06
896820,0.11971831138831679,8.38372114816333e-11,0.0,1.0999980485915393,-2.992957777990115e-06
896880,0.1197183113885372,8.370287261212005e-11,0.0,1.0999980485915393,-2.9929577780117732e-06
896940,0.11971831138874206,8.356778373403309e-11,0.0,1.0999980485915393,-2.992957778033102e-06
897000,0.11971831138893142,8.343194950238616e-11,0.0,1.0999980485915393,-2.992957778054101e-06
897060,0.1197183113891053,8.32953745721929e-11,0.0,1.0999980485915393,-2.992957778074771e-06
897120,0.11971831138926373,8.315806359846709e-11,0.0,1.099998048591539,-2.9929577780951116e-06
897180,0.11971831138940671,8.302002123622234e-11,0.0,1.099998048591539,-2.9929577781151223e-06
897240,0.11971831138953427,8.28812521404724e-11,0.0,1.099998048591539,-2.9929577781348044e-06
897300,0.11971831138964645,8.274176096623094e-11,0.0,1.099998048591539,-2.992957778154157e-06
897360,0.11971831138974327,8.260155236851169e-11,0.0,1.099998048591539,-2.9929577781731805e-06
897420,0.11971831138982474,8.246063100232831e-11,0.0,1.099998048591539,-2.992957778191875e-06
897480,0.11971831138989089,8.23190015226945e-11,0.0,1.099998048591539,-2.9929577782102403e-06
897540,0.11971831138994175,8.2176668584624e-11,0.0,1.099998048591539,-2.992957778228277e-06
897600,0.11971831138997734,8.203363684313046e-11,0.0,1.099998048591539,-2.9929577782459846e-06
897660,0.11971831138999767,8.188991095322761e-11,0.0,1.099998048591539,-2.9929577782633636e-06
897720,0.11971831139000279,8.174549556992912e-11,0.0,1.099998048591539,-2.9929577782804136e-06
897780,0.1197183113899927,8.16003953482487e-11,0.0,1.099998048591539,-2.9929577782971353e-06
897840,0.11971831138996743,8.145461494320005e-11,0.0,1.099998048591539,-2.992957778313528e-06
897900,0.11971831138992702,8.130815900979685e-11,0.0,1.099998048591539,-2.9929577783295923e-06
897960,0.11971831138987146,8.116103220305283e-11,0.0,1.099998048591539,-2.992957778345328e-06
898020,0.1197183113898008,8.101323917798166e-11,0.0,1.099998048591539,-2.9929577783607356e-06
898080,0.11971831138971506,8.086478458959706e-11,0.0,1.099998048591539,-2.992957778375815e-06
898140,0.11971831138961427,8.07156730929127e-11,0.0,1.099998048591539,-2.9929577783905655e-06
898200,0.11971831138949843,8.056590934294228e-11,0.0,1.099998048591539,-2.992957778404988e-06
898260,0.11971831138936757,8.041549799469953e-11,0.0,1.099998048591539,-2.9929577784190826e-06
898320,0.11971831138922173,8.026444370319812e-11,0.0,1.099998048591539,-2.9929577784328486e-06
898380,0.11971831138906093,8.011275112345174e-11,0.0,1.099998048591539,-2.992957778446287e-06
898440,0.11971831138888518,7.996042491047411e-11,0.0,1.099998048591539,-2.992957778459397e-06
898500,0.11971831138869451,7.980746971927892e-11,0.0,1.099998048591539,-2.9929577784721797e-06
898560,0.11971831138848896,7.965389020487986e-11,0.0,1.099998048591539,-2.992957778484634e-06
898620,0.11971831138826852,7.949969102229062e-11,0.0,1.0999980485915388,-2.992957778496761e-06
898680,0.11971831138803324,7.934487682652492e-11,0.0,1.0999980485915388,-2.9929577785085598e-06
898740,0.11971831138778313,7.918945227259643e-11,0.0,1.0999980485915388,-2.992957778520031e-06
898800,0.11971831138751823,7.903342201551889e-11,0.0,1.0999980485915388,-2.992957778531175e-06
898860,0.11971831138723855,7.887679071030596e-11,0.0,1.0999980485915388,-2.9929577785419913e-06
898920,0.11971831138694411,7.871956301197133e-11,0.0,1.0999980485915388,-2.99295777855248e-06
898980,0.11971831138663494,7.856174357552875e-11,0.0,1.0999980485915388,-2.992957778562641e-06
899040,0.11971831138631107,7.840333705599186e-11,0.0,1.0999980485915388,-2.992957778572475e-06
899100,0.11971831138597251,7.824434810837437e-11,0.0,1.0999980485915388,-2.9929577785819823e-06
899160,0.1197183113856193,7.808478138769e-11,0.0,1.0999980485915388,-2.9929577785911616e-06
899220,0.11971831138525144,7.792464154895243e-11,0.0,1.0999980485915388,-2.992957778600014e-06
899280,0.11971831138486898,7.776393324717537e-11,0.0,1.0999980485915388,-2.9929577786085393e-06
899340,0.11971831138447192,7.760266113737248e-11,0.0,1.0999980485915388,-2.9929577786167377e-06
899400,0.11971831138406029,7.744082987455751e-11,0.0,1.0999980485915388,-2.9929577786246088e-06
899460,0.11971831138363413,7.727844411374413e-11,0.0,1.0999980485915388,-2.9929577786321533e-06
899520,0.11971831138319346,7.711550850994604e-11,0.0,1.0999980485915388,-2.992957778639371e-06
899580,0.11971831138273828,7.695202771817694e-11,0.0,1.0999980485915388,-2.9929577786462615e-06
899640,0.11971831138226863,7.678800639345051e-11,0.0,1.0999980485915388,-2.9929577786528256e-06
899700,0.11971831138178453,7.662344919078048e-11,0.0,1.0999980485915388,-2.992957778659063e-06
899760,0.11971831138128601,7.645836076518051e-11,0.0,1.0999980485915388,-2.992957778664974e-06
899820,0.11971831138077309,7.629274577166434e-11,0.0,1.0999980485915388,-2.9929577786705586e-06
899880,0.11971831138024579,7.612660886524562e-11,0.0,1.0999980485915388,-2.9929577786758166e-06
899940,0.11971831137970414,7.595995470093807e-11,0.0,1.0999980485915388,-2.992957778680748e-06
900000,0.11971831137914817,7.579278793375541e-11,0.0,1.0999980485915388,-2.9929577786853533e-06
900060,0.11971831137857787,7.562511321871129e-11,0.0,1.0999980485915388,-2.992957778689632e-06
900120,0.1197183113779933,7.545693521081945e-11,0.0,1.0999980485915388,-2.992957778693585e-06
900180,0.11971831137739447,7.528825856509357e-11,0.0,1.0999980485915388,-2.9929577786972114e-06
900240,0.1197183113767814,7.511908793654735e-11,0.0,1.0999980485915388,-2.992957778700512e-06
900300,0.11971831137615412,7.494942798019448e-11,0.0,1.0999980485915388,-2.9929577787034866e-06
900360,0.11971831137551266,7.477928335104866e-11,0.0,1.0999980485915388,-2.9929577787061353e-06
900420,0.11971831137485701,7.460865870412359e-11,0.0,1.0999980485915388,-2.992957778708458e-06
900480,0.11971831137418724,7.443755869443296e-11,0.0,1.0999980485915388,-2.9929577787104547e-06
900540,0.11971831137350335,7.426598797699048e-11,0.0,1.0999980485915388,-2.992957778712126e-06
900600,0.11971831137280535,7.409395120680982e-11,0.0,1.0999980485915388,-2.9929577787134714e-06
900660,0.1197183113720933,7.392145303890472e-11,0.0,1.0999980485915388,-2.9929577787144913e-06
900720,0.11971831137136718,7.374849812828885e-11,0.0,1.0999980485915388,-2.9929577787151854e-06
900780,0.11971831137062705,7.357509112997591e-11,0.0,1.0999980485915388,-2.9929577787155543e-06
900840,0.11971831136987292,7.34012366989796e-11,0.0,1.0999980485915388,-2.9929577787155975e-06
900900,0.11971831136910481,7.322693949031362e-11,0.0,1.0999980485915388,-2.9929577787153154e-06
900960,0.11971831136832274,7.305220415899166e-11,0.0,1.0999980485915388,-2.992957778714708e-06
901020,0.11971831136752675,7.287703536002743e-11,0.0,1.0999980485915386,-2.9929577787137755e-06
901080,0.11971831136671685,7.270143774843461e-11,0.0,1.0999980485915386,-2.9929577787125177e-06
901140,0.11971831136589307,7.252541597922691e-11,0.0,1.0999980485915386,-2.9929577787109346e-06
901200,0.11971831136505542,7.234897470741802e-11,0.0,1.0999980485915386,-2.9929577787090266e-06
901260,0.11971831136420395,7.217211858802162e-11,0.0,1.0999980485915386,-2.992957778706794e-06
901320,0.11971831136333866,7.199485227605146e-11,0.0,1.0999980485915386,-2.992957778704236e-06
901380,0.11971831136245957,7.18171804265212e-11,0.0,1.0999980485915386,-2.992957778701353e-06
901440,0.11971831136156673,7.163910769444452e-11,0.0,1.0999980485915386,-2.9929577786981456e-06
901500,0.11971831136066015,7.146063873483518e-11,0.0,1.0999980485915386,-2.992957778694613e-06
901560,0.11971831135973984,7.128177820270679e-11,0.0,1.0999980485915386,-2.992957778690756e-06
901620,0.11971831135880584,7.110253075307312e-11,0.0,1.0999980485915386,-2.9929577786865748e-06
901680,0.11971831135785817,7.092290104094783e-11,0.0,1.0999980485915386,-2.9929577786820685e-06
901740,0.11971831135689685,7.074289372134463e-11,0.0,1.0999980485915386,-2.992957778677238e-06
901800,0.11971831135592191,7.056251344927721e-11,0.0,1.0999980485915386,-2.992957778672083e-06
901860,0.11971831135493337,7.038176487975929e-11,0.0,1.0999980485915386,-2.9929577786666034e-06
901920,0.11971831135393124,7.020065266780453e-11,0.0,1.0999980485915386,-2.9929577786608e-06
901980,0.11971831135291557,7.001918146842666e-11,0.0,1.0999980485915386,-2.9929577786546717e-06
902040,0.11971831135188638,6.983735593663937e-11,0.0,1.0999980485915386,-2.99295777864822e-06
902100,0.11971831135084365,6.965518072745634e-11,0.0,1.0999980485915386,-2.9929577786414436e-06
902160,0.11971831134978747,6.947266049589129e-11,0.0,1.0999980485915386,-2.9929577786343433e-06
902220,0.11971831134871781,6.92897998969579e-11,0.0,1.0999980485915386,-2.992957778626919e-06
902280,0.11971831134763473,6.910660358566987e-11,0.0,1.0999980485915386,-2.992957778619171e-06
902340,0.11971831134653822,6.892307621704091e-11,0.0,1.0999980485915386,-2.992957778611099e-06
902400,0.11971831134542835,6.873922244608469e-11,0.0,1.0999980485915386,-2.9929577786027032e-06
902460,0.11971831134430509,6.855504692781493e-11,0.0,1.0999980485915386,-2.992957778593984e-06
902520,0.11971831134316849,6.837055431724534e-11,0.0,1.0999980485915386,-2.9929577785849405e-06
902580,0.11971831134201857,6.818574926938958e-11,0.0,1.0999980485915386,-2.9929577785755736e-06
902640,0.11971831134085538,6.80006364392614e-11,0.0,1.0999980485915386,-2.9929577785658836e-06
902700,0.11971831133967889,6.781522048187441e-11,0.0,1.0999980485915386,-2.99295777855587e-06
902760,0.11971831133848918,6.76295060522424e-11,0.0,1.0999980485915386,-2.9929577785455328e-06
902820,0.11971831133728622,6.744349780537904e-11,0.0,1.0999980485915386,-2.992957778534872e-06
902880,0.11971831133607007,6.725720039629797e-11,0.0,1.0999980485915386,-2.9929577785238885e-06
902940,0.11971831133484075,6.707061848001298e-11,0.0,1.0999980485915386,-2.9929577785125815e-06
903000,0.11971831133359827,6.688375671153769e-11,0.0,1.0999980485915386,-2.9929577785009513e-06
903060,0.11971831133234266,6.669661974588585e-11,0.0,1.0999980485915386,-2.992957778488998e-06
903120,0.11971831133107394,6.65092122380711e-11,0.0,1.0999980485915386,-2.9929577784767215e-06
903180,0.11971831132979215,6.63215388431072e-11,0.0,1.0999980485915386,-2.9929577784641223e-06
903240,0.11971831132849728,6.613360421600782e-11,0.0,1.0999980485915386,-2.9929577784512004e-06
903300,0.1197183113271894,6.594541301178665e-11,0.0,1.0999980485915386,-2.9929577784379553e-06
903360,0.11971831132586849,6.57569698854574e-11,0.0,1.0999980485915386,-2.9929577784243876e-06
903420,0.11971831132453459,6.556827949203374e-11,0.0,1.0999980485915386,-2.992957778410497e-06
903480,0.11971831132318773,6.537934648652942e-11,0.0,1.0999980485915386,-2.9929577783962843e-06
903540,0.11971831132182793,6.519017552395808e-11,0.0,1.0999980485915386,-2.9929577783817483e-06
903600,0.11971831132045521,6.500077125933346e-11,0.0,1.0999980485915386,-2.99295777836689e-06
903660,0.11971831131906961,6.481113834766922e-11,0.0,1.0999980485915386,-2.9929577783517096e-06
903720,0.11971831131767112,6.46212814439791e-11,0.0,1.0999980485915386,-2.9929577783362068e-06
903780,0.11971831131625979,6.443120520327676e-11,0.0,1.0999980485915386,-2.9929577783203812e-06
903840,0.11971831131483564,6.424091428057593e-11,0.0,1.0999980485915386,-2.9929577783042334e-06
903900,0.11971831131339869,6.405041333089026e-11,0.0,1.0999980485915386,-2.9929577782877637e-06
903960,0.11971831131194896,6.38597070092335e-11,0.0,1.0999980485915386,-2.9929577782709717e-06
904020,0.11971831131048648,6.366879997061932e-11,0.0,1.0999980485915388,-2.992957778253858e-06
904080,0.11971831130901125,6.347769687006141e-11,0.0,1.0999980485915388,-2.9929577782364216e-06
904140,0.11971831130752333,6.328640236257349e-11,0.0,1.0999980485915388,-2.9929577782186636e-06
904200,0.11971831130602274,6.309492110316923e-11,0.0,1.0999980485915388,-2.9929577782005837e-06
904260,0.11971831130450948,6.290325774686235e-11,0.0,1.0999980485915388,-2.9929577781821823e-06
904320,0.11971831130298358,6.271141694866653e-11,0.0,1.0999980485915388,-2.9929577781634586e-06
904380,0.11971831130144507,6.251940336359552e-11,0.0,1.0999980485915388,-2.9929577781444135e-06
904440,0.11971831129989398,6.232722164666294e-11,0.0,1.0999980485915388,-2.9929577781250465e-06
904500,0.11971831129833031,6.213487645288252e-11,0.0,1.0999980485915388,-2.9929577781053585e-06
904560,0.11971831129675412,6.194237243726798e-11,0.0,1.0999980485915388,-2.9929577780853486e-06
904620,0.1197183112951654,6.174971425483297e-11,0.0,1.0999980485915388,-2.9929577780650173e-06
904680,0.11971831129356418,6.155690656059121e-11,0.0,1.0999980485915388,-2.9929577780443645e-06
904740,0.1197183112919505,6.136395400955642e-11,0.0,1.0999980485915388,-2.9929577780233907e-06
904800,0.11971831129032437,6.117086125674229e-11,0.0,1.0999980485915388,-2.9929577780020955e-06
904860,0.1197183112886858,6.097763295716249e-11,0.0,1.0999980485915388,-2.9929577779804788e-06
904920,0.11971831128703485,6.078427376583072e-11,0.0,1.0999980485915388,-2.9929577779585415e-06
904980,0.11971831128537153,6.05907883377607e-11,0.0,1.0999980485915388,-2.9929577779362827e-06
905040,0.11971831128369584,6.039718132796611e-11,0.0,1.0999980485915388,-2.9929577779137034e-06
905100,0.11971831128200783,6.020345739146067e-11,0.0,1.0999980485915388,-2.9929577778908025e-06
905160,0.11971831128030751,6.000962118325805e-11,0.0,1.0999980485915388,-2.992957777867581e-06
905220,0.1197183112785949,5.981567735837195e-11,0.0,1.0999980485915388,-2.992957777844039e-06
905280,0.11971831127687003,5.962163057181611e-11,0.0,1.0999980485915388,-2.992957777820176e-06
905340,0.11971831127513295,5.942748547860417e-11,0.0,1.0999980485915388,-2.9929577777959925e-06
905400,0.11971831127338364,5.923324673374985e-11,0.0,1.0999980485915388,-2.9929577777714882e-06
905460,0.11971831127162214,5.903891899226684e-11,0.0,1.0999980485915388,-2.9929577777466634e-06
905520,0.11971831126984848,5.884450690916886e-11,0.0,1.0999980485915388,-2.9929577777215184e-06
905580,0.11971831126806268,5.865001513946959e-11,0.0,1.0999980485915388,-2.9929577776960527e-06
905640,0.11971831126626475,5.845544833818272e-11,0.0,1.0999980485915388,-2.9929577776702665e-06
905700,0.11971831126445474,5.826081116032196e-11,0.0,1.0999980485915388,-2.99295777764416e-06
905760,0.11971831126263266,5.806610826090101e-11,0.0,1.0999980485915388,-2.9929577776177335e-06
905820,0.11971831126079853,5.7871344294933564e-11,0.0,1.0999980485915388,-2.9929577775909868e-06
905880,0.11971831125895238,5.7676523917433304e-11,0.0,1.0999980485915388,-2.99295777756392e-06
905940,0.11971831125709423,5.7481651783413945e-11,0.0,1.0999980485915388,-2.992957777536533e-06
906000,0.1197183112552241,5.728673254788918e-11,0.0,1.0999980485915388,-2.9929577775088263e-06
906060,0.11971831125334201,5.70917708658727e-11,0.0,1.0999980485915388,-2.992957777480799e-06
906120,0.119718311251448,5.689677139237822e-11,0.0,1.0999980485915388,-2.992957777452453e-06
906180,0.11971831124954208,5.670173878241942e-11,0.0,1.0999980485915388,-2.9929577774237863e-06
906240,0.11971831124762428,5.6506677691009987e-11,0.0,1.099998048591539,-2.9929577773948e-06
906300,0.11971831124569463,5.631159277316365e-11,0.0,1.099998048591539,-2.9929577773654943e-06
906360,0.11971831124375312,5.611648868389408e-11,0.0,1.099998048591539,-2.992957777335869e-06
906420,0.11971831124179982,5.592137007821499e-11,0.0,1.099998048591539,-2.9929577773059238e-06
906480,0.11971831123983473,5.572624161114006e-11,0.0,1.099998048591539,-2.9929577772756593e-06
906540,0.11971831123785788,5.553110793768301e-11,0.0,1.099998048591539,-2.9929577772450754e-06
906600,0.11971831123586928,5.533597371285752e-11,0.0,1.099998048591539,-2.9929577772141723e-06
906660,0.11971831123386896,5.5140843591677295e-11,0.0,1.099998048591539,-2.99295777718295e-06
906720,0.11971831123185694,5.494572222915603e-11,0.0,1.099998048591539,-2.992957777151408e-06
906780,0.11971831122983327,5.475061428030742e-11,0.0,1.099998048591539,-2.9929577771195473e-06
906840,0.11971831122779794,5.455552440014516e-11,0.0,1.099998048591539,-2.9929577770873672e-06
906900,0.119718311225751,5.436045724368297e-11,0.0,1.099998048591539,-2.9929577770548683e-06
906960,0.11971831122369245,5.416541746593451e-11,0.0,1.099998048591539,-2.9929577770220504e-06
907020,0.11971831122162231,5.397040972191351e-11,0.0,1.099998048591539,-2.9929577769889136e-06
907080,0.11971831121954064,5.3775438666633635e-11,0.0,1.099998048591539,-2.992957776955458e-06
907140,0.11971831121744743,5.358050895510862e-11,0.0,1.099998048591539,-2.9929577769216834e-06
907200,0.11971831121534272,5.3385625242352136e-11,0.0,1.099998048591539,-2.9929577768875903e-06
907260,0.11971831121322653,5.319079218337788e-11,0.0,1.099998048591539,-2.9929577768531783e-06
907320,0.11971831121109887,5.299601443319957e-11,0.0,1.099998048591539,-2.992957776818448e-06
907380,0.11971831120895977,5.280129664683087e-11,0.0,1.099998048591539,-2.992957776783399e-06
907440,0.11971831120680929,5.2606643479285515e-11,0.0,1.099998048591539,-2.9929577767480314e-06
907500,0.11971831120464739,5.241205958557718e-11,0.0,1.099998048591539,-2.992957776712346e-06
907560,0.11971831120247414,5.221754962071956e-11,0.0,1.0999980485915393,-2.9929577766763415e-06
907620,0.11971831120028954,5.2023118239726365e-11,0.0,1.0999980485915393,-2.9929577766400195e-06
907680,0.11971831119809363,5.182877009761128e-11,0.0,1.0999980485915393,-2.992957776603379e-06
907740,0.11971831119588644,5.1634509849388013e-11,0.0,1.0999980485915393,-2.99295777656642e-06
907800,0.11971831119366796,5.144034215007025e-11,0.0,1.0999980485915393,-2.9929577765291433e-06
907860,0.11971831119143823,5.124627165467171e-11,0.0,1.0999980485915393,-2.9929577764915486e-06
907920,0.11971831118919729,5.105230301820607e-11,0.0,1.0999980485915393,-2.992957776453636e-06
907980,0.11971831118694515,5.085844089568701e-11,0.0,1.0999980485915393,-2.992957776415405e-06
908040,0.11971831118468183,5.066468994212827e-11,0.0,1.0999980485915393,-2.9929577763768565e-06
908100,0.11971831118240736,5.047105481254353e-11,0.0,1.0999980485915393,-2.9929577763379904e-06
908160,0.11971831118012176,5.027754016194647e-11,0.0,1.0999980485915393,-2.9929577762988062e-06
908220,0.11971831117782505,5.008415064535081e-11,0.0,1.0999980485915393,-2.992957776259305e-06
908280,0.11971831117551728,4.989089091777023e-11,0.0,1.0999980485915393,-2.992957776219486e-06
908340,0.11971831117319842,4.969776563421844e-11,0.0,1.0999980485915393,-2.992957776179349e-06
908400,0.11971831117086855,4.950477944970914e-11,0.0,1.0999980485915393,-2.992957776138895e-06
908460,0.11971831116852766,4.9311937019256024e-11,0.0,1.0999980485915393,-2.9929577760981234e-06
908520,0.11971831116617578,4.911924299787277e-11,0.0,1.0999980485915393,-2.9929577760570347e-06
908580,0.11971831116381293,4.8926702040573095e-11,0.0,1.0999980485915395,-2.9929577760156287e-06
908640,0.11971831116143915,4.8734318802370694e-11,0.0,1.0999980485915395,-2.9929577759739056e-06
908700,0.11971831115905444,4.8542097938279263e-11,0.0,1.0999980485915395,-2.9929577759318652e-06
908760,0.11971831115665885,4.83500441033125e-11,0.0,1.0999980485915395,-2.9929577758895076e-06
908820,0.11971831115425238,4.815816195248409e-11,0.0,1.0999980485915395,-2.9929577758468333e-06
908880,0.11971831115183507,4.796645614080775e-11,0.0,1.0999980485915395,-2.992957775803842e-06
908940,0.11971831114940694,4.7774931323297174e-11,0.0,1.0999980485915395,-2.9929577757605337e-06
909000,0.119718311146968,4.758359215496604e-11,0.0,1.0999980485915395,-2.992957775716909e-06
909060,0.1197183111445183,4.739244329082807e-11,0.0,1.0999980485915395,-2.992957775672967e-06
909120,0.11971831114205783,4.720148938589694e-11,0.0,1.0999980485915395,-2.9929577756287087e-06
909180,0.11971831113958664,4.7010735095186367e-11,0.0,1.0999980485915395,-2.9929577755841336e-06
909240,0.11971831113710475,4.682018507371002e-11,0.0,1.0999980485915395,-2.9929577755392417e-06
909300,0.11971831113461218,4.662984397648164e-11,0.0,1.0999980485915395,-2.992957775494034e-06
909360,0.11971831113210893,4.643971645851489e-11,0.0,1.0999980485915395,-2.9929577754485092e-06
909420,0.11971831112959506,4.6249807174823466e-11,0.0,1.0999980485915397,-2.9929577754026682e-06
909480,0.11971831112707058,4.6060120780421086e-11,0.0,1.0999980485915397,-2.9929577753565113e-06
909540,0.11971831112453551,4.587066193032143e-11,0.0,1.0999980485915397,-2.9929577753100376e-06
909600,0.11971831112198988,4.5681435279538203e-11,0.0,1.0999980485915397,-2.9929577752632483e-06
909660,0.1197183111194337,4.54924454830851e-11,0.0,1.0999980485915397,-2.9929577752161423e-06
909720,0.11971831111686702,4.530369719597583e-11,0.0,1.0999980485915397,-2.9929577751687207e-06
909780,0.11971831111428984,4.5115195073224064e-11,0.0,1.0999980485915397,-2.9929577751209828e-06
909840,0.11971831111170218,4.492694376984353e-11,0.0,1.0999980485915397,-2.9929577750729293e-06
909900,0.11971831110910408,4.47389479408479e-11,0.0,1.0999980485915397,-2.9929577750245595e-06
909960,0.11971831110649557,4.4551212241250876e-11,0.0,1.0999980485915397,-2.9929577749758746e-06
910020,0.11971831110387664,4.436374132606618e-11,0.0,1.0999980485915397,-2.9929577749268733e-06
910080,0.11971831110124735,4.417653985030748e-11,0.0,1.0999980485915397,-2.9929577748775565e-06
910140,0.1197183110986077,4.3989612468988476e-11,0.0,1.09999804859154,-2.992957774827924e-06
910200,0.11971831109595772,4.3802963837122875e-11,0.0,1.09999804859154,-2.9929577747779764e-06
910260,0.11971831109329743,4.3616598609724375e-11,0.0,1.09999804859154,-2.992957774727713e-06
910320,0.11971831109062687,4.3430521441806674e-11,0.0,1.09999804859154,-2.9929577746771346e-06
910380,0.11971831108794605,4.324473698838346e-11,0.0,1.09999804859154,-2.99295777462624e-06
910440,0.11971831108525499,4.305924990446843e-11,0.0,1.09999804859154,-2.992957774575031e-06
910500,0.11971831108255372,4.287406484507529e-11,0.0,1.09999804859154,-2.9929577745235065e-06
910560,0.11971831107984227,4.268918646521774e-11,0.0,1.09999804859154,-2.9929577744716664e-06
910620,0.11971831107712065,4.250461941990947e-11,0.0,1.09999804859154,-2.9929577744195116e-06
910680,0.11971831107438889,4.232036836416417e-11,0.0,1.09999804859154,-2.9929577743670417e-06
910740,0.11971831107164702,4.213643795299556e-11,0.0,1.09999804859154,-2.992957774314257e-06
910800,0.11971831106889505,4.195283284141731e-11,0.0,1.09999804859154,-2.992957774261157e-06
910860,0.11971831106613301,4.176955768444314e-11,0.0,1.0999980485915402,-2.9929577742077428e-06
910920,0.11971831106336092,4.1586617137086724e-11,0.0,1.0999980485915402,-2.9929577741540134e-06
910980,0.11971831106057881,4.1404015854361785e-11,0.0,1.0999980485915402,-2.9929577740999693e-06
911040,0.11971831105778671,4.1221758491282e-11,0.0,1.0999980485915402,-2.9929577740456105e-06
911100,0.11971831105498464,4.103984970286108e-11,0.0,1.0999980485915402,-2.992957773990937e-06
911160,0.1197183110521726,4.085829414411271e-11,0.0,1.0999980485915402,-2.9929577739359494e-06
911220,0.11971831104935063,4.06770964700506e-11,0.0,1.0999980485915402,-2.992957773880647e-06
911280,0.11971831104651877,4.0496261335688435e-11,0.0,1.0999980485915402,-2.9929577738250304e-06
911340,0.11971831104367701,4.0315793396039916e-11,0.0,1.0999980485915402,-2.992957773769099e-06
911400,0.11971831104082542,4.0135697306118756e-11,0.0,1.0999980485915402,-2.992957773712854e-06
911460,0.11971831103796397,3.995597772093863e-11,0.0,1.0999980485915404,-2.9929577736562943e-06
911520,0.11971831103509273,3.977663929551324e-11,0.0,1.0999980485915404,-2.9929577735994207e-06
911580,0.11971831103221169,3.959768668485629e-11,0.0,1.0999980485915404,-2.992957773542233e-06
911640,0.11971831102932089,3.941912454398148e-11,0.0,1.0999980485915404,-2.992957773484731e-06
911700,0.11971831102642035,3.9240957527902494e-11,0.0,1.0999980485915404,-2.9929577734269156e-06
911760,0.11971831102351008,3.9063190291633044e-11,0.0,1.0999980485915404,-2.992957773368786e-06
911820,0.11971831102059013,3.8885827490186813e-11,0.0,1.0999980485915404,-2.9929577733103423e-06
911880,0.1197183110176605,3.8708873778577506e-11,0.0,1.0999980485915404,-2.9929577732515853e-06
911940,0.11971831101472125,3.8532333811818826e-11,0.0,1.0999980485915404,-2.9929577731925145e-06
912000,0.11971831101177235,3.835621224492445e-11,0.0,1.0999980485915406,-2.99295777313313e-06
912060,0.11971831100881386,3.81805137329081e-11,0.0,1.0999980485915406,-2.992957773073432e-06
912120,0.1197183110058458,3.8005242930783465e-11,0.0,1.0999980485915406,-2.99295777301342e-06
912180,0.11971831100286819,3.7830404493564235e-11,0.0,1.0999980485915406,-2.992957772953095e-06
912240,0.11971831099988103,3.7656003076264116e-11,0.0,1.0999980485915406,-2.9929577728924565e-06
912300,0.11971831099688439,3.74820433338968e-11,0.0,1.0999980485915406,-2.992957772831505e-06
912360,0.11971831099387827,3.730852992147598e-11,0.0,1.0999980485915406,-2.9929577727702398e-06
912420,0.11971831099086268,3.713546749401536e-11,0.0,1.0999980485915406,-2.9929577727086617e-06
912480,0.11971831098783765,3.696286070652864e-11,0.0,1.0999980485915406,-2.9929577726467703e-06
912540,0.11971831098480322,3.679071421402951e-11,0.0,1.0999980485915408,-2.992957772584566e-06
912600,0.1197183109817594,3.6619032671531674e-11,0.0,1.0999980485915408,-2.9929577725220485e-06
912660,0.11971831097870622,3.6447820734048815e-11,0.0,1.0999980485915408,-2.992957772459218e-06
912720,0.1197183109756437,3.6277083056594656e-11,0.0,1.0999980485915408,-2.992957772396075e-06
912780,0.11971831097257185,3.610682429418286e-11,0.0,1.0999980485915408,-2.992957772332619e-06
912840,0.11971831096949072,3.5937049101827165e-11,0.0,1.0999980485915408,-2.99295777226885e-06
912900,0.11971831096640032,3.5767762134541234e-11,0.0,1.0999980485915408,-2.9929577722047686e-06
912960,0.11971831096330067,3.5598968047338775e-11,0.0,1.0999980485915408,-2.9929577721403746e-06
913020,0.11971831096019181,3.543067149523349e-11,0.0,1.099998048591541,-2.992957772075668e-06
913080,0.11971831095707373,3.5262877133239076e-11,0.0,1.099998048591541,-2.992957772010649e-06
913140,0.1197183109539465,3.5095589616369226e-11,0.0,1.099998048591541,-2.9929577719453174e-06
913200,0.11971831095081009,3.492881359963764e-11,0.0,1.099998048591541,-2.9929577718796736e-06
913260,0.11971831094766458,3.4762553738058013e-11,0.0,1.099998048591541,-2.9929577718137172e-06
913320,0.11971831094450995,3.4596814686644046e-11,0.0,1.099998048591541,-2.9929577717474488e-06
913380,0.11971831094134625,3.443160110040943e-11,0.0,1.099998048591541,-2.992957771680868e-06
913440,0.11971831093817348,3.426691763436786e-11,0.0,1.099998048591541,-2.9929577716139754e-06
913500,0.11971831093499168,3.410276894353305e-11,0.0,1.0999980485915413,-2.9929577715467706e-06
913560,0.11971831093180087,3.393915968291868e-11,0.0,1.0999980485915413,-2.992957771479254e-06
913620,0.11971831092860107,3.3776094507538455e-11,0.0,1.0999980485915413,-2.9929577714114253e-06
913680,0.1197183109253923,3.361357807240607e-11,0.0,1.0999980485915413,-2.9929577713432844e-06
913740,0.11971831092217461,3.345161503253523e-11,0.0,1.0999980485915413,-2.9929577712748323e-06
913800,0.11971831091894798,3.329021004293962e-11,0.0,1.0999980485915413,-2.992957771206068e-06
913860,0.11971831091571247,3.312936775863294e-11,0.0,1.0999980485915413,-2.9929577711369925e-06
913920,0.1197183109124681,3.296909283462889e-11,0.0,1.0999980485915413,-2.992957771067605e-06
913980,0.11971831090921488,3.280938992594117e-11,0.0,1.0999980485915415,-2.992957770997906e-06
914040,0.11971831090595282,3.265026368758347e-11,0.0,1.0999980485915415,-2.9929577709278957e-06
914100,0.11971831090268198,3.24917187745695e-11,0.0,1.0999980485915415,-2.9929577708575737e-06
914160,0.11971831089940237,3.233375984191294e-11,0.0,1.0999980485915415,-2.9929577707869405e-06
914220,0.119718310896114,3.2176391544627506e-11,0.0,1.0999980485915415,-2.9929577707159964e-06
914280,0.1197183108928169,3.2019618537726873e-11,0.0,1.0999980485915415,-2.9929577706447406e-06
914340,0.11971831088951108,3.186344547622476e-11,0.0,1.0999980485915415,-2.992957770573174e-06
914400,0.1197183108861966,3.1707877015134854e-11,0.0,1.0999980485915417,-2.992957770501296e-06
914460,0.11971831088287346,3.155291780947085e-11,0.0,1.0999980485915417,-2.9929577704291068e-06
914520,0.11971831087954168,3.139857251424645e-11,0.0,1.0999980485915417,-2.992957770356607e-06
914580,0.1197183108762013,3.1244845784475344e-11,0.0,1.0999980485915417,-2.992957770283796e-06
914640,0.11971831087285233,3.1091742275171244e-11,0.0,1.0999980485915417,-2.9929577702106743e-06
914700,0.11971831086949479,3.093926664134783e-11,0.0,1.0999980485915417,-2.992957770137242e-06
914760,0.11971831086612872,3.078742353801882e-11,0.0,1.0999980485915417,-2.9929577700634986e-06
914820,0.11971831086275413,3.063621762019788e-11,0.0,1.099998048591542,-2.992957769989445e-06
914880,0.11971831085937104,3.0485653542898735e-11,0.0,1.099998048591542,-2.9929577699150806e-06
914940,0.11971831085597949,3.0335735961135077e-11,0.0,1.099998048591542,-2.9929577698404053e-06
915000,0.11971831085257949,3.018646952992059e-11,0.0,1.099998048591542,-2.99295776976542e-06
915060,0.11971831084917106,3.003785890426899e-11,0.0,1.099998048591542,-2.9929577696901243e-06
915120,0.11971831084575425,2.9889908739193965e-11,0.0,1.099998048591542,-2.992957769614518e-06
915180,0.11971831084232905,2.9742623689709206e-11,0.0,1.099998048591542,-2.9929577695386016e-06
915240,0.1197183108388955,2.959600841082842e-11,0.0,1.0999980485915422,-2.992957769462375e-06
915300,0.11971831083545363,2.94500675575653e-11,0.0,1.0999980485915422,-2.9929577693858383e-06
915360,0.11971831083200346,2.930480578493354e-11,0.0,1.0999980485915422,-2.9929577693089913e-06
915420,0.119718310828545,2.9160227747946844e-11,0.0,1.0999980485915422,-2.9929577692318346e-06
915480,0.11971831082507828,2.9016338101618905e-11,0.0,1.0999980485915422,-2.9929577691543675e-06
915540,0.11971831082160334,2.887314150096342e-11,0.0,1.0999980485915422,-2.992957769076591e-06
915600,0.11971831081812018,2.8730642600994093e-11,0.0,1.0999980485915424,-2.992957768998504e-06
915660,0.11971831081462883,2.8588846056724613e-11,0.0,1.0999980485915424,-2.992957768920108e-06
915720,0.11971831081112932,2.844775652316868e-11,0.0,1.0999980485915424,-2.992957768841402e-06
915780,0.11971831080762167,2.830737865533999e-11,0.0,1.0999980485915424,-2.992957768762386e-06
915840,0.11971831080410592,2.8167717108252246e-11,0.0,1.0999980485915424,-2.992957768683061e-06
915900,0.11971831080058205,2.802877653691914e-11,0.0,1.0999980485915424,-2.9929577686034264e-06
915960,0.11971831079705013,2.789056159635437e-11,0.0,1.0999980485915426,-2.992957768523482e-06
916020,0.11971831079351015,2.7753076941571632e-11,0.0,1.0999980485915426,-2.9929577684432283e-06
916080,0.11971831078996216,2.761632722758463e-11,0.0,1.0999980485915426,-2.9929577683626657e-06
916140,0.11971831078640617,2.7480317109407047e-11,0.0,1.0999980485915426,-2.9929577682817936e-06
916200,0.11971831078284222,2.7345051242052597e-11,0.0,1.0999980485915426,-2.992957768200612e-06
916260,0.1197183107792703,2.7210534280534964e-11,0.0,1.0999980485915426,-2.9929577681191213e-06
916320,0.11971831077569045,2.7076770879867854e-11,0.0,1.0999980485915428,-2.992957768037322e-06
916380,0.1197183107721027,2.6943765695064962e-11,0.0,1.0999980485915428,-2.9929577679552132e-06
916440,0.11971831076850707,2.681152338113998e-11,0.0,1.0999980485915428,-2.9929577678727956e-06
916500,0.1197183107649036,2.6680048593106614e-11,0.0,1.0999980485915428,-2.9929577677900693e-06
916560,0.11971831076129227,2.6549345985978557e-11,0.0,1.0999980485915428,-2.9929577677070343e-06
916620,0.11971831075767314,2.6419420214769503e-11,0.0,1.0999980485915428,-2.9929577676236905e-06
916680,0.11971831075404622,2.6290275934493155e-11,0.0,1.099998048591543,-2.9929577675400375e-06
916740,0.11971831075041155,2.6161917800163205e-11,0.0,1.099998048591543,-2.9929577674560766e-06
916800,0.11971831074676913,2.6034350466793352e-11,0.0,1.099998048591543,-2.9929577673718066e-06
916860,0.11971831074311899,2.5907578589397298e-11,0.0,1.099998048591543,-2.9929577672872282e-06
916920,0.11971831073946117,2.5781606822988733e-11,0.0,1.099998048591543,-2.9929577672023415e-06
916980,0.11971831073579567,2.5656439822581357e-11,0.0,1.0999980485915433,-2.9929577671171465e-06
917040,0.11971831073212254,2.5532082243188872e-11,0.0,1.0999980485915433,-2.992957767031643e-06
917100,0.11971831072844177,2.540853873982497e-11,0.0,1.0999980485915433,-2.992957766945831e-06
917160,0.11971831072475342,2.5285813967503345e-11,0.0,1.0999980485915433,-2.9929577668597116e-06
917220,0.11971831072105749,2.5163912581237702e-11,0.0,1.0999980485915433,-2.9929577667732834e-06
917280,0.11971831071735399,2.5042839236041735e-11,0.0,1.0999980485915433,-2.9929577666865476e-06
917340,0.11971831071364299,2.492259858692914e-11,0.0,1.0999980485915435,-2.9929577665995035e-06
917400,0.11971831070992447,2.4803195288913615e-11,0.0,1.0999980485915435,-2.9929577665121516e-06
917460,0.11971831070619847,2.468463399700886e-11,0.0,1.0999980485915435,-2.9929577664244917e-06
917520,0.11971831070246503,2.4566919366228566e-11,0.0,1.0999980485915435,-2.992957766336524e-06
917580,0.11971831069872413,2.4450056051586437e-11,0.0,1.0999980485915435,-2.9929577662482487e-06
917640,0.11971831069497584,2.4334048708096165e-11,0.0,1.0999980485915437,-2.9929577661596656e-06
917700,0.11971831069122016,2.421890199077145e-11,0.0,1.0999980485915437,-2.992957766070775e-06
917760,0.11971831068745711,2.4104620554625988e-11,0.0,1.0999980485915437,-2.992957765981577e-06
917820,0.11971831068368673,2.3991209054673478e-11,0.0,1.0999980485915437,-2.9929577658920714e-06
917880,0.11971831067990903,2.387867214592762e-11,0.0,1.0999980485915437,-2.9929577658022583e-06
917940,0.11971831067612403,2.3767014483402102e-11,0.0,1.099998048591544,-2.992957765712138e-06
918000,0.11971831067233177,2.365624072211063e-11,0.0,1.099998048591544,-2.9929577656217103e-06
918060,0.11971831066853227,2.3546355517066896e-11,0.0,1.099998048591544,-2.9929577655309753e-06
918120,0.11971831066472553,2.3437363523284603e-11,0.0,1.099998048591544,-2.9929577654399332e-06
918180,0.11971831066091161,2.332926939577744e-11,0.0,1.099998048591544,-2.992957765348584e-06
918240,0.11971831065709052,2.322207778955911e-11,0.0,1.0999980485915442,-2.992957765256928e-06
918300,0.11971831065326226,2.311579335964331e-11,0.0,1.0999980485915442,-2.9929577651649647e-06
918360,0.11971831064942688,2.3010420761043736e-11,0.0,1.0999980485915442,-2.9929577650726945e-06
918420,0.1197183106455844,2.2905964648774086e-11,0.0,1.0999980485915442,-2.9929577649801176e-06
918480,0.11971831064173484,2.2802429677848056e-11,0.0,1.0999980485915442,-2.9929577648872336e-06
918540,0.11971831063787822,2.2699820503279344e-11,0.0,1.0999980485915444,-2.992957764794043e-06
918600,0.11971831063401457,2.2598141780081647e-11,0.0,1.0999980485915444,-2.9929577647005463e-06
918660,0.1197183106301439,2.2497398163268664e-11,0.0,1.0999980485915444,-2.9929577646067425e-06
918720,0.11971831062626626,2.239759430785409e-11,0.0,1.0999980485915444,-2.992957764512632e-06
918780,0.11971831062238165,2.2298734868851622e-11,0.0,1.0999980485915444,-2.9929577644182154e-06
918840,0.1197183106184901,2.220082450127496e-11,0.0,1.0999980485915446,-2.992957764323492e-06
918900,0.11971831061459164,2.2103867860137798e-11,0.0,1.0999980485915446,-2.992957764228463e-06
918960,0.11971831061068629,2.2007869600453836e-11,0.0,1.0999980485915446,-2.992957764133127e-06
919020,0.11971831060677406,2.1912834377236768e-11,0.0,1.0999980485915446,-2.992957764037485e-06
919080,0.119718310602855,2.1818766845500295e-11,0.0,1.0999980485915446,-2.992957763941537e-06
919140,0.1197183105989291,2.1725671660258112e-11,0.0,1.0999980485915448,-2.9929577638452827e-06
919200,0.11971831059499641,2.1633553476523916e-11,0.0,1.0999980485915448,-2.9929577637487227e-06
919260,0.11971831059105695,2.154241694931141e-11,0.0,1.0999980485915448,-2.9929577636518564e-06
919320,0.11971831058711073,2.145226673363428e-11,0.0,1.0999980485915448,-2.9929577635546844e-06
919380,0.1197183105831578,2.1363107484506233e-11,0.0,1.0999980485915448,-2.9929577634572065e-06
919440,0.11971831057919816,2.127494385694096e-11,0.0,1.099998048591545,-2.992957763359423e-06
919500,0.11971831057523183,2.1187780505952164e-11,0.0,1.099998048591545,-2.9929577632613336e-06
919560,0.11971831057125884,2.110162208655354e-11,0.0,1.099998048591545,-2.9929577631629384e-06
919620,0.11971831056727923,2.101647325375878e-11,0.0,1.099998048591545,-2.992957763064238e-06
919680,0.119718310563293,2.093233866258159e-11,0.0,1.0999980485915453,-2.992957762965232e-06
919740,0.1197183105593002,2.084922296803566e-11,0.0,1.0999980485915453,-2.9929577628659204e-06
919800,0.11971831055530083,2.076713082513469e-11,0.0,1.0999980485915453,-2.9929577627663034e-06
919860,0.11971831055129492,2.068606688889238e-11,0.0,1.0999980485915453,-2.992957762666381e-06
919920,0.11971831054728249,2.0606035814322422e-11,0.0,1.0999980485915453,-2.9929577625661537e-06
919980,0.11971831054326358,2.0527042256438518e-11,0.0,1.0999980485915455,-2.992957762465621e-06
920040,0.11971831053923819,2.0449090870254362e-11,0.0,1.0999980485915455,-2.992957762364783e-06
920100,0.11971831053520636,2.0372186310783655e-11,0.0,1.0999980485915455,-2.99295776226364e-06
920160,0.1197183105311681,2.0296333233040088e-11,0.0,1.0999980485915455,-2.9929577621621923e-06
920220,0.11971831052712346,2.0221536292037366e-11,0.0,1.0999980485915457,-2.9929577620604395e-06
920280,0.11971831052307244,2.014780014278918e-11,0.0,1.0999980485915457,-2.9929577619583817e-06
920340,0.11971831051901506,2.007512944030923e-11,0.0,1.0999980485915457,-2.992957761856019e-06
920400,0.11971831051495137,2.000352883961121e-11,0.0,1.0999980485915457,-2.992957761753352e-06
920460,0.11971831051088136,1.9933002995708824e-11,0.0,1.099998048591546,-2.99295776165038e-06
920520,0.11971831050680508,1.9863556563615764e-11,0.0,1.099998048591546,-2.992957761547103e-06
920580,0.11971831050272254,1.979519419834573e-11,0.0,1.099998048591546,-2.9929577614435217e-06
920640,0.11971831049863377,1.9727920554912415e-11,0.0,1.099998048591546,-2.992957761339636e-06
920700,0.11971831049453878,1.966174028832952e-11,0.0,1.0999980485915462,-2.992957761235446e-06
920760,0.11971831049043762,1.9596658053610744e-11,0.0,1.0999980485915462,-2.9929577611309517e-06
920820,0.11971831048633028,1.9532678505769776e-11,0.0,1.0999980485915462,-2.9929577610261525e-06
920880,0.11971831048221682,1.9469806299820324e-11,0.0,1.0999980485915462,-2.9929577609210497e-06
920940,0.11971831047809722,1.9408046090776077e-11,0.0,1.0999980485915462,-2.9929577608156424e-06
921000,0.11971831047397155,1.9347402533650734e-11,0.0,1.0999980485915464,-2.992957760709931e-06
921060,0.11971831046983981,1.9287880283457997e-11,0.0,1.0999980485915464,-2.9929577606039155e-06
921120,0.11971831046570203,1.922948399521156e-11,0.0,1.0999980485915464,-2.9929577604975963e-06
921180,0.11971831046155822,1.9172218323925118e-11,0.0,1.0999980485915464,-2.9929577603909727e-06
921240,0.11971831045740841,1.911608792461237e-11,0.0,1.0999980485915466,-2.9929577602840458e-06
921300,0.11971831045325262,1.9061097452287014e-11,0.0,1.0999980485915466,-2.9929577601768144e-06
921360,0.1197183104490909,1.9007251561962747e-11,0.0,1.0999980485915466,-2.9929577600692797e-06
921420,0.11971831044492323,1.8954554908653265e-11,0.0,1.0999980485915466,-2.9929577599614414e-06
921480,0.11971831044074968,1.8903012147372266e-11,0.0,1.0999980485915468,-2.9929577598532995e-06
921540,0.11971831043657023,1.885262793313345e-11,0.0,1.0999980485915468,-2.992957759744854e-06
921600,0.11971831043303185,1.8434579532163023e-11,0.0,1.0999980485915468,-2.9929577596964052e-06
921660,0.11971831042952744,1.7995019302809564e-11,0.0,1.0999980485915468,-2.9929577596513613e-06
921720,0.11971831042601967,1.755522316259913e-11,0.0,1.0999980485915468,-2.992957759606244e-06
921780,0.1197183104225086,1.7115194076741054e-11,0.0,1.0999980485915468,-2.9929577595610545e-06
921840,0.11971831041899424,1.6674935010444413e-11,0.0,1.0999980485915468,-2.992957759515792e-06
921900,0.11971831041547662,1.6234448928918542e-11,0.0,1.0999980485915468,-2.992957759470458e-06
921960,0.11971831041195577,1.5793738797372827e-11,0.0,1.0999980485915468,-2.992957759425052e-06
922020,0.11971831040843171,1.535280758101629e-11,0.0,1.0999980485915468,-2.9929577593795743e-06
922080,0.11971831040490448,1.4911658245058322e-11,0.0,1.0999980485915468,-2.992957759334026e-06
922140,0.11971831040137408,1.447029375470815e-11,0.0,1.0999980485915468,-2.992957759288407e-06
922200,0.11971831039784057,1.4028717075175058e-11,0.0,1.0999980485915468,-2.992957759242717e-06
922260,0.11971831039430395,1.3586931171668276e-11,0.0,1.0999980485915468,-2.9929577591969578e-06
922320,0.11971831039076426,1.3144939009397089e-11,0.0,1.0999980485915468,-2.992957759151128e-06
922380,0.11971831038722153,1.2702743553570726e-11,0.0,1.0999980485915468,-2.9929577591052296e-06
922440,0.11971831038367577,1.2260347769398471e-11,0.0,1.0999980485915468,-2.992957759059262e-06
922500,0.11971831038012701,1.1817754622089684e-11,0.0,1.0999980485915468,-2.9929577590132257e-06
922560,0.1197183103765753,1.137496707685326e-11,0.0,1.0999980485915468,-2.992957758967121e-06
922620,0.11971831037302062,1.0931988098898947e-11,0.0,1.0999980485915468,-2.9929577589209483e-06
922680,0.11971831036946305,1.0488820653435614e-11,0.0,1.0999980485915468,-2.992957758874708e-06
922740,0.11971831036590258,1.0045467705672699e-11,0.0,1.0999980485915468,-2.9929577588284006e-06
922800,0.11971831036233925,9.601932220819304e-12,0.0,1.0999980485915468,-2.992957758782026e-06
922860,0.11971831035877309,9.158217164084893e-12,0.0,1.0999980485915468,-2.9929577587355844e-06
922920,0.11971831035520412,8.714325500678644e-12,0.0,1.0999980485915468,-2.992957758689077e-06
922980,0.11971831035163237,8.270260195809712e-12,0.0,1.0999980485915468,-2.9929577586425036e-06
923040,0.11971831034805785,7.826024214687509e-12,0.0,1.0999980485915468,-2.9929577585958642e-06
923100,0.11971831034448062,7.381620522521265e-12,0.0,1.0999980485915468,-2.99295775854916e-06
923160,0.11971831034090068,6.937052084520186e-12,0.0,1.0999980485915468,-2.9929577585023908e-06
923220,0.11971831033731807,6.492321865893425e-12,0.0,1.0999980485915468,-2.9929577584555566e-06
923280,0.1197183103337328,6.04743283185055e-12,0.0,1.0999980485915468,-2.9929577584086585e-06
923340,0.1197183103301449,5.602387947600455e-12,0.0,1.0999980485915466,-2.9929577583616965e-06
923400,0.11971831032655443,5.157190178352656e-12,0.0,1.0999980485915466,-2.992957758314671e-06
923460,0.11971831032296137,4.711842489316203e-12,0.0,1.0999980485915466,-2.9929577582675818e-06
923520,0.11971831031936576,4.266347845700585e-12,0.0,1.0999980485915466,-2.99295775822043e-06
923580,0.11971831031576766,3.8207092127148276e-12,0.0,1.0999980485915466,-2.9929577581732155e-06
923640,0.11971831031216704,3.37492955556829e-12,0.0,1.0999980485915466,-2.9929577581259392e-06
923700,0.11971831030856397,2.929011839470359e-12,0.0,1.0999980485915466,-2.9929577580786007e-06
923760,0.11971831030495846,2.4829590296301875e-12,0.0,1.0999980485915466,-2.9929577580312007e-06
923820,0.11971831030135054,2.0367740912569036e-12,0.0,1.0999980485915466,-2.9929577579837394e-06
923880,0.11971831029774023,1.590459989559971e-12,0.0,1.0999980485915466,-2.9929577579362174e-06
923940,0.11971831029412756,1.144019689748569e-12,0.0,1.0999980485915466,-2.9929577578886345e-06
924000,0.11971831029051258,6.974561570318252e-13,0.0,1.0999980485915466,-2.992957757840992e-06
924060,0.11971831028689528,2.507723566191258e-13,0.0,1.0999980485915466,-2.992957757793289e-06
924120,0.11971831028327569,-1.960287462801688e-13,0.0,1.0999980485915466,-2.992957757745527e-06
924180,0.11971831027965386,-6.429441864570602e-13,0.0,1.0999980485915466,-2.9929577576977056e-06
924240,0.1197183102760298,-1.0899709987021365e-12,0.0,1.0999980485915466,-2.992957757649826e-06
924300,0.11971831027240355,-1.537106217806244e-12,0.0,1.0999980485915466,-2.992957757601887e-06
924360,0.11971831026877512,-1.9843468785598416e-12,0.0,1.0999980485915466,-2.9929577575538905e-06
924420,0.11971831026514455,-2.431690015753879e-12,0.0,1.0999980485915466,-2.9929577575058357e-06
924480,0.11971831026151185,-2.879132664179177e-12,0.0,1.0999980485915466,-2.992957757457724e-06
924540,0.11971831025787706,-3.326671858626401e-12,0.0,1.0999980485915466,-2.9929577574095548e-06
924600,0.1197183102542402,-3.774304633886165e-12,0.0,1.0999980485915466,-2.992957757361329e-06
924660,0.11971831025060131,-4.222028024749445e-12,0.0,1.0999980485915466,-2.9929577573130464e-06
924720,0.1197183102469604,-4.669839066006854e-12,0.0,1.0999980485915466,-2.992957757264708e-06
924780,0.11971831024331751,-5.117734792449187e-12,0.0,1.0999980485915466,-2.9929577572163135e-06
924840,0.11971831023967267,-5.5657122388672134e-12,0.0,1.0999980485915466,-2.992957757167864e-06
924900,0.11971831023602587,-6.013768440051547e-12,0.0,1.0999980485915466,-2.992957757119359e-06
924960,0.11971831023237717,-6.461900430792956e-12,0.0,1.0999980485915466,-2.9929577570707996e-06
925020,0.1197183102287266,-6.910105245882262e-12,0.0,1.0999980485915466,-2.992957757022186e-06
925080,0.11971831022507416,-7.358379920110156e-12,0.0,1.0999980485915466,-2.992957756973518e-06
925140,0.1197183102214199,-7.806721488267278e-12,0.0,1.0999980485915466,-2.992957756924796e-06
925200,0.11971831021776384,-8.255126985144628e-12,0.0,1.0999980485915466,-2.992957756876021e-06
925260,0.119718310214106,-8.703593445532796e-12,0.0,1.0999980485915466,-2.992957756827193e-06
925320,0.11971831021044642,-9.152117904222628e-12,0.0,1.0999980485915466,-2.9929577567783124e-06
925380,0.11971831020678511,-9.600697396004685e-12,0.0,1.0999980485915466,-2.992957756729379e-06
925440,0.11971831020312211,-1.0049328955669815e-11,0.0,1.0999980485915466,-2.9929577566803937e-06
925500,0.11971831019945743,-1.0498009618008837e-11,0.0,1.0999980485915466,-2.992957756631357e-06
925560,0.11971831019579111,-1.0946736417812289e-11,0.0,1.0999980485915466,-2.9929577565822687e-06
925620,0.11971831019212319,-1.1395506389871068e-11,0.0,1.0999980485915466,-2.9929577565331294e-06
925680,0.11971831018845366,-1.1844316568975892e-11,0.0,1.0999980485915466,-2.992957756483939e-06
925740,0.11971831018478257,-1.2293163989917451e-11,0.0,1.0999980485915466,-2.992957756434699e-06
925800,0.11971831018110995,-1.2742045687486645e-11,0.0,1.0999980485915466,-2.992957756385409e-06
925860,0.11971831017743582,-1.3190958696473984e-11,0.0,1.0999980485915466,-2.992957756336069e-06
925920,0.11971831017376021,-1.3639900051670442e-11,0.0,1.0999980485915466,-2.9929577562866796e-06
925980,0.11971831017008314,-1.4088866787866558e-11,0.0,1.0999980485915466,-2.9929577562372417e-06
926040,0.11971831016640463,-1.453785593985328e-11,0.0,1.0999980485915466,-2.9929577561877546e-06
926100,0.11971831016272473,-1.4986864542421196e-11,0.0,1.0999980485915466,-2.9929577561382197e-06
926160,0.11971831015904345,-1.5435889630361076e-11,0.0,1.0999980485915466,-2.9929577560886365e-06
926220,0.11971831015536082,-1.588492823846374e-11,0.0,1.0999980485915466,-2.992957756039006e-06
926280,0.11971831015167686,-1.63339774015198e-11,0.0,1.0999980485915466,-2.992957755989328e-06
926340,0.1197183101479916,-1.6783034154320055e-11,0.0,1.0999980485915466,-2.9929577559396028e-06
926400,0.11971831014430508,-1.723209553165527e-11,0.0,1.0999980485915466,-2.9929577558898316e-06
926460,0.1197183101406173,-1.768115856831627e-11,0.0,1.0999980485915466,-2.9929577558400137e-06
926520,0.11971831013692831,-1.8130220299093585e-11,0.0,1.0999980485915466,-2.99295775579015e-06
926580,0.11971831013323812,-1.8579277758778144e-11,0.0,1.0999980485915466,-2.992957755740241e-06
926640,0.11971831012954677,-1.9028327982160663e-11,0.0,1.0999980485915466,-2.9929577556902863e-06
926700,0.11971831012585428,-1.947736800403186e-11,0.0,1.0999980485915466,-2.992957755640287e-06
926760,0.11971831012216068,-1.9926394859182423e-11,0.0,1.0999980485915466,-2.992957755590243e-06
926820,0.119718310118466,-2.0375405582403176e-11,0.0,1.0999980485915466,-2.992957755540155e-06
926880,0.11971831011477024,-2.0824397208484835e-11,0.0,1.0999980485915466,-2.992957755490023e-06
926940,0.11971831011107346,-2.1273366772218092e-11,0.0,1.0999980485915466,-2.9929577554398474e-06
927000,0.11971831010737569,-2.172231130839382e-11,0.0,1.0999980485915466,-2.992957755389629e-06
927060,0.11971831010367692,-2.217122785180255e-11,0.0,1.0999980485915466,-2.9929577553393673e-06
927120,0.1197183100999772,-2.262011343723519e-11,0.0,1.0999980485915466,-2.9929577552890633e-06
927180,0.11971831009627655,-2.3068965099482422e-11,0.0,1.0999980485915466,-2.992957755238717e-06
927240,0.119718310092575,-2.3517779873335123e-11,0.0,1.0999980485915466,-2.9929577551883286e-06
927300,0.11971831008887258,-2.396655479358388e-11,0.0,1.0999980485915466,-2.9929577551378992e-06
927360,0.11971831008516931,-2.4415286895019515e-11,0.0,1.0999980485915466,-2.9929577550874283e-06
927420,0.11971831008146522,-2.486397321243269e-11,0.0,1.0999980485915466,-2.992957755036917e-06
927480,0.11971831007776033,-2.5312610780614204e-11,0.0,1.0999980485915466,-2.9929577549863646e-06
927540,0.11971831007405469,-2.576119663435485e-11,0.0,1.0999980485915466,-2.9929577549357726e-06
927600,0.11971831007034829,-2.620972780844524e-11,0.0,1.0999980485915464,-2.9929577548851404e-06
927660,0.11971831006664119,-2.6658201337676145e-11,0.0,1.0999980485915464,-2.992957754834469e-06
927720,0.11971831006293339,-2.7106614256838463e-11,0.0,1.0999980485915464,-2.9929577547837586e-06
927780,0.11971831005922492,-2.7554963600722704e-11,0.0,1.0999980485915464,-2.992957754733009e-06
927840,0.11971831005551584,-2.800324640411982e-11,0.0,1.0999980485915464,-2.9929577546822213e-06
927900,0.11971831005180614,-2.8451459701820497e-11,0.0,1.0999980485915464,-2.9929577546313956e-06
927960,0.11971831004809584,-2.8899600528615432e-11,0.0,1.0999980485915464,-2.9929577545805316e-06
928020,0.119718310044385,-2.934766591929534e-11,0.0,1.0999980485915464,-2.992957754529631e-06
928080,0.11971831004067364,-2.979565290865108e-11,0.0,1.0999980485915464,-2.9929577544786925e-06
928140,0.11971831003696176,-3.0243558531473304e-11,0.0,1.0999980485915464,-2.9929577544277176e-06
928200,0.11971831003324941,-3.069137982255273e-11,0.0,1.0999980485915464,-2.9929577543767063e-06
928260,0.1197183100295366,-3.1139113816680246e-11,0.0,1.0999980485915464,-2.992957754325659e-06
928320,0.11971831002582338,-3.158675754864636e-11,0.0,1.0999980485915464,-2.9929577542745757e-06
928380,0.11971831002210977,-3.2034308053242085e-11,0.0,1.0999980485915464,-2.9929577542234573e-06
928440,0.11971831001839578,-3.248176236525792e-11,0.0,1.0999980485915464,-2.992957754172304e-06
928500,0.11971831001468143,-3.292911751948474e-11,0.0,1.0999980485915464,-2.992957754121116e-06
928560,0.11971831001096679,-3.337637055071336e-11,0.0,1.0999980485915464,-2.992957754069893e-06
928620,0.11971831000725185,-3.382351849373432e-11,0.0,1.0999980485915464,-2.9929577540186367e-06
928680,0.11971831000353664,-3.427055838333857e-11,0.0,1.0999980485915464,-2.9929577539673463e-06
928740,0.11971830999982119,-3.471748725431672e-11,0.0,1.0999980485915464,-2.992957753916023e-06
928800,0.11971830999610553,-3.516430214145953e-11,0.0,1.0999980485915464,-2.992957753864666e-06
928860,0.1197183099923897,-3.561100007955782e-11,0.0,1.0999980485915464,-2.992957753813277e-06
928920,0.1197183099886737,-3.605757810340219e-11,0.0,1.0999980485915464,-2.9929577537618552e-06
928980,0.11971830998495755,-3.6504033247783554e-11,0.0,1.0999980485915464,-2.9929577537104014e-06
929040,0.11971830998124132,-3.695036254749251e-11,0.0,1.0999980485915464,-2.992957753658916e-06
929100,0.119718309977525,-3.739656303731984e-11,0.0,1.0999980485915464,-2.9929577536073996e-06
929160,0.11971830997380863,-3.7842631752056375e-11,0.0,1.0999980485915464,-2.992957753555852e-06
929220,0.11971830997009224,-3.828856572649275e-11,0.0,1.0999980485915464,-2.9929577535042742e-06
929280,0.11971830996637584,-3.87343619954198e-11,0.0,1.0999980485915464,-2.9929577534526658e-06
929340,0.11971830996265947,-3.9180017593628226e-11,0.0,1.0999980485915464,-2.9929577534010273e-06
929400,0.11971830995894316,-3.962552955590879e-11,0.0,1.0999980485915464,-2.992957753349359e-06
929460,0.11971830995522692,-4.0070894917052115e-11,0.0,1.0999980485915464,-2.992957753297662e-06
929520,0.1197183099515108,-4.0516110711849104e-11,0.0,1.0999980485915464,-2.992957753245936e-06
929580,0.11971830994779481,-4.096117397509037e-11,0.0,1.0999980485915464,-2.992957753194181e-06
929640,0.11971830994407896,-4.1406081741566717e-11,0.0,1.0999980485915464,-2.992957753142398e-06
929700,0.11971830994036332,-4.185083104606898e-11,0.0,1.0999980485915464,-2.992957753090587e-06
929760,0.11971830993664788,-4.2295418923387744e-11,0.0,1.0999980485915464,-2.9929577530387487e-06
929820,0.11971830993293268,-4.27398424083138e-11,0.0,1.0999980485915464,-2.9929577529868828e-06
929880,0.11971830992921775,-4.3184098535638e-11,0.0,1.0999980485915464,-2.99295775293499e-06
929940,0.11971830992550311,-4.362818434015096e-11,0.0,1.0999980485915464,-2.9929577528830713e-06
930000,0.11971830992178879,-4.407209685664351e-11,0.0,1.0999980485915464,-2.9929577528311257e-06
930060,0.11971830991807482,-4.451583311990629e-11,0.0,1.0999980485915464,-2.9929577527791543e-06
930120,0.11971830991436122,-4.495939016473014e-11,0.0,1.0999980485915464,-2.9929577527271575e-06
930180,0.11971830991064801,-4.540276502590578e-11,0.0,1.0999980485915464,-2.9929577526751357e-06
930240,0.11971830990693523,-4.584595473822382e-11,0.0,1.0999980485915464,-2.992957752623089e-06
930300,0.11971830990322291,-4.6288956336475186e-11,0.0,1.0999980485915464,-2.9929577525710176e-06
930360,0.11971830989951106,-4.6731766855450584e-11,0.0,1.0999980485915464,-2.992957752518922e-06
930420,0.11971830989579971,-4.717438332994064e-11,0.0,1.0999980485915464,-2.992957752466803e-06
930480,0.11971830989208888,-4.7616802794736225e-11,0.0,1.0999980485915464,-2.99295775241466e-06
930540,0.11971830988837863,-4.8059022284628084e-11,0.0,1.0999980485915464,-2.992957752362494e-06
930600,0.11971830988466896,-4.850103883440692e-11,0.0,1.0999980485915464,-2.992957752310305e-06
930660,0.11971830988095988,-4.894284947886346e-11,0.0,1.0999980485915464,-2.992957752258094e-06
930720,0.11971830987725146,-4.938445125278847e-11,0.0,1.0999980485915464,-2.9929577522058604e-06
930780,0.11971830987354369,-4.982584119097268e-11,0.0,1.0999980485915464,-2.9929577521536052e-06
930840,0.11971830986983661,-5.026701632820683e-11,0.0,1.0999980485915464,-2.992957752101329e-06
930900,0.11971830986613026,-5.0707973699281595e-11,0.0,1.0999980485915464,-2.992957752049031e-06
930960,0.11971830986242464,-5.1148710338987925e-11,0.0,1.0999980485915464,-2.9929577519967123e-06
931020,0.11971830985871978,-5.158922328211638e-11,0.0,1.0999980485915464,-2.9929577519443733e-06
931080,0.11971830985501573,-5.202950956345775e-11,0.0,1.0999980485915464,-2.9929577518920143e-06
931140,0.1197183098513125,-5.246956621780274e-11,0.0,1.0999980485915464,-2.9929577518396355e-06
931200,0.11971830984761013,-5.2909390279942216e-11,0.0,1.0999980485915464,-2.9929577517872372e-06
931260,0.11971830984390862,-5.3348978784666754e-11,0.0,1.0999980485915464,-2.99295775173482e-06
931320,0.11971830984020801,-5.3788328766767276e-11,0.0,1.0999980485915464,-2.992957751682384e-06
931380,0.11971830983650833,-5.422743726103442e-11,0.0,1.0999980485915464,-2.9929577516299296e-06
931440,0.11971830983280961,-5.466630130225887e-11,0.0,1.0999980485915464,-2.9929577515774572e-06
931500,0.11971830982911187,-5.510491792523156e-11,0.0,1.0999980485915464,-2.992957751524967e-06
931560,0.11971830982541513,-5.554328416474299e-11,0.0,1.0999980485915464,-2.9929577514724594e-06
931620,0.11971830982171944,-5.5981397055584116e-11,0.0,1.0999980485915464,-2.9929577514199345e-06
931680,0.11971830981802481,-5.641925363254553e-11,0.0,1.0999980485915464,-2.9929577513673935e-06
931740,0.11971830981433125,-5.6856850930418054e-11,0.0,1.0999980485915464,-2.9929577513148355e-06
931800,0.11971830981063881,-5.7294185983992455e-11,0.0,1.0999980485915464,-2.992957751262262e-06
931860,0.11971830980694752,-5.7731255828059387e-11,0.0,1.0999980485915464,-2.9929577512096726e-06
931920,0.11971830980325739,-5.8168057497409695e-11,0.0,1.0999980485915464,-2.992957751157068e-06
931980,0.11971830979956845,-5.860458802683406e-11,0.0,1.0999980485915464,-2.992957751104448e-06
932040,0.11971830979588073,-5.904084445112327e-11,0.0,1.0999980485915464,-2.9929577510518136e-06
932100,0.11971830979219426,-5.947682380506795e-11,0.0,1.0999980485915464,-2.992957750999165e-06
932160,0.11971830978850906,-5.991252312345893e-11,0.0,1.0999980485915464,-2.9929577509465024e-06
932220,0.11971830978482517,-6.034793944108704e-11,0.0,1.0999980485915464,-2.992957750893826e-06
932280,0.11971830978114259,-6.078306979274283e-11,0.0,1.0999980485915464,-2.9929577508411366e-06
932340,0.11971830977746137,-6.121791121321724e-11,0.0,1.0999980485915464,-2.9929577507884338e-06
932400,0.11971830977378153,-6.165246073730083e-11,0.0,1.0999980485915464,-2.9929577507357187e-06
932460,0.11971830977010309,-6.208671539978443e-11,0.0,1.0999980485915464,-2.9929577506829913e-06
932520,0.11971830976642608,-6.252067223545887e-11,0.0,1.0999980485915464,-2.9929577506302516e-06
932580,0.11971830976275054,-6.295432827911481e-11,0.0,1.0999980485915464,-2.9929577505775005e-06
932640,0.11971830975907648,-6.338768056554298e-11,0.0,1.0999980485915464,-2.9929577505247384e-06
932700,0.11971830975540393,-6.382072612953405e-11,0.0,1.0999980485915464,-2.9929577504719653e-06
932760,0.11971830975173291,-6.425346200587893e-11,0.0,1.0999980485915464,-2.992957750419181e-06
932820,0.11971830974806347,-6.468588522936826e-11,0.0,1.0999980485915464,-2.9929577503663873e-06
932880,0.11971830974439561,-6.511799283479278e-11,0.0,1.0999980485915464,-2.9929577503135833e-06
932940,0.11971830974072936,-6.55497818569433e-11,0.0,1.0999980485915464,-2.99295775026077e-06
933000,0.11971830973706477,-6.598124933061052e-11,0.0,1.0999980485915464,-2.9929577502079472e-06
933060,0.11971830973340183,-6.641239229058515e-11,0.0,1.0999980485915464,-2.9929577501551157e-06
933120,0.11971830972974061,-6.684320777165794e-11,0.0,1.0999980485915464,-2.9929577501022752e-06
933180,0.1197183097260811,-6.727369280861973e-11,0.0,1.0999980485915464,-2.992957750049427e-06
933240,0.11971830972242335,-6.770384443626123e-11,0.0,1.0999980485915464,-2.9929577499965706e-06
933300,0.11971830971876736,-6.813365968937303e-11,0.0,1.0999980485915464,-2.992957749943707e-06
933360,0.11971830971511319,-6.856313560274607e-11,0.0,1.0999980485915464,-2.992957749890836e-06
933420,0.11971830971146084,-6.899226921117095e-11,0.0,1.0999980485915464,-2.992957749837958e-06
933480,0.11971830970781035,-6.942105754943855e-11,0.0,1.0999980485915464,-2.992957749785074e-06
933540,0.11971830970416174,-6.984949765233947e-11,0.0,1.0999980485915464,-2.9929577497321837e-06
933600,0.11971830970051503,-7.02775865546646e-11,0.0,1.0999980485915464,-2.9929577496792873e-06
933660,0.11971830969687026,-7.070532129120452e-11,0.0,1.0999980485915464,-2.9929577496263854e-06
933720,0.11971830969322747,-7.113269889675008e-11,0.0,1.0999980485915464,-2.9929577495734785e-06
933780,0.11971830968958665,-7.155971640609202e-11,0.0,1.0999980485915464,-2.992957749520567e-06
933840,0.11971830968594785,-7.19863708540211e-11,0.0,1.0999980485915464,-2.9929577494676506e-06
933900,0.11971830968231109,-7.241265927532797e-11,0.0,1.0999980485915464,-2.99295774941473e-06
933960,0.11971830967867639,-7.283857870480349e-11,0.0,1.0999980485915464,-2.9929577493618062e-06
934020,0.1197183096750438,-7.326412617723834e-11,0.0,1.0999980485915464,-2.9929577493088785e-06
934080,0.11971830967141332,-7.368929872742319e-11,0.0,1.0999980485915464,-2.992957749255948e-06
934140,0.11971830966778499,-7.411409339014888e-11,0.0,1.0999980485915464,-2.9929577492030147e-06
934200,0.11971830966415883,-7.453850720020619e-11,0.0,1.0999980485915464,-2.9929577491500785e-06
934260,0.11971830966053487,-7.496253719238584e-11,0.0,1.0999980485915464,-2.9929577490971406e-06
934320,0.11971830965691314,-7.538618040147845e-11,0.0,1.0999980485915464,-2.992957749044201e-06
934380,0.11971830965329368,-7.580943386227482e-11,0.0,1.0999980485915464,-2.99295774899126e-06
934440,0.11971830964967647,-7.623229460956584e-11,0.0,1.0999980485915464,-2.9929577489383177e-06
934500,0.11971830964606159,-7.665475967814206e-11,0.0,1.0999980485915464,-2.9929577488853748e-06
934560,0.11971830964244903,-7.707682610279434e-11,0.0,1.0999980485915464,-2.9929577488324314e-06
934620,0.11971830963883884,-7.749849091831343e-11,0.0,1.0999980485915464,-2.992957748779488e-06
934680,0.11971830963523102,-7.791975115948998e-11,0.0,1.0999980485915464,-2.992957748726545e-06
934740,0.11971830963162562,-7.834060386111478e-11,0.0,1.0999980485915464,-2.9929577486736025e-06
934800,0.11971830962802266,-7.876104605797854e-11,0.0,1.0999980485915464,-2.992957748620661e-06
934860,0.11971830962442218,-7.918107478487211e-11,0.0,1.0999980485915464,-2.992957748567721e-06
934920,0.11971830962082416,-7.960068707658608e-11,0.0,1.0999980485915464,-2.992957748514782e-06
934980,0.11971830961722868,-8.001987996791136e-11,0.0,1.0999980485915464,-2.9929577484618456e-06
935040,0.11971830961363575,-8.043865049363852e-11,0.0,1.0999980485915464,-2.9929577484089115e-06
935100,0.11971830961004537,-8.085699568855848e-11,0.0,1.0999980485915464,-2.99295774835598e-06
935160,0.1197183096064576,-8.127491258746182e-11,0.0,1.0999980485915464,-2.9929577483030515e-06
935220,0.11971830960287246,-8.169239822513943e-11,0.0,1.0999980485915464,-2.9929577482501263e-06
935280,0.11971830959928996,-8.210944963638197e-11,0.0,1.0999980485915464,-2.9929577481972045e-06
935340,0.11971830959571014,-8.252606385598014e-11,0.0,1.0999980485915464,-2.9929577481442874e-06
935400,0.11971830959213303,-8.294223791872471e-11,0.0,1.0999980485915464,-2.992957748091374e-06
935460,0.11971830958855864,-8.335796885940652e-11,0.0,1.0999980485915464,-2.992957748038466e-06
935520,0.11971830958498703,-8.37732537128162e-11,0.0,1.0999980485915464,-2.9929577479855623e-06
935580,0.11971830958141817,-8.418808951374461e-11,0.0,1.0999980485915464,-2.9929577479326643e-06
935640,0.11971830957785215,-8.460247329698234e-11,0.0,1.0999980485915464,-2.992957747879772e-06
935700,0.11971830957428894,-8.501640209732027e-11,0.0,1.0999980485915464,-2.992957747826886e-06
935760,0.11971830957072861,-8.542987294954902e-11,0.0,1.0999980485915464,-2.992957747774006e-06
935820,0.11971830956717117,-8.584288288845948e-11,0.0,1.0999980485915464,-2.992957747721133e-06
935880,0.11971830956361663,-8.625542894884228e-11,0.0,1.0999980485915464,-2.992957747668267e-06
935940,0.11971830956006506,-8.666750816548815e-11,0.0,1.0999980485915464,-2.9929577476154085e-06
936000,0.11971830955651644,-8.707911757318794e-11,0.0,1.0999980485915464,-2.9929577475625575e-06
936060,0.11971830955297082,-8.749025420673228e-11,0.0,1.0999980485915464,-2.992957747509715e-06
936120,0.11971830954942822,-8.790091510091202e-11,0.0,1.0999980485915464,-2.992957747456881e-06
936180,0.11971830954588866,-8.831109729051777e-11,0.0,1.0999980485915464,-2.992957747404055e-06
936240,0.11971830954235219,-8.872079781034044e-11,0.0,1.0999980485915464,-2.992957747351239e-06
936300,0.11971830953881882,-8.913001369517063e-11,0.0,1.0999980485915464,-2.992957747298432e-06
936360,0.11971830953528856,-8.95387419797991e-11,0.0,1.0999980485915464,-2.992957747245635e-06
936420,0.11971830953176148,-8.994697969901671e-11,0.0,1.0999980485915464,-2.992957747192848e-06
936480,0.11971830952823756,-9.035472388761411e-11,0.0,1.0999980485915464,-2.9929577471400714e-06
936540,0.11971830952471686,-9.076197158038202e-11,0.0,1.0999980485915464,-2.992957747087306e-06
936600,0.11971830952119938,-9.116871981211127e-11,0.0,1.0999980485915464,-2.9929577470345514e-06
936660,0.11971830951768518,-9.157496561759253e-11,0.0,1.0999980485915464,-2.9929577469818084e-06
936720,0.11971830951417425,-9.198070603161654e-11,0.0,1.0999980485915464,-2.992957746929077e-06
936780,0.11971830951066664,-9.238593808897407e-11,0.0,1.0999980485915464,-2.9929577468763583e-06
936840,0.11971830950716238,-9.279065882445588e-11,0.0,1.0999980485915464,-2.9929577468236517e-06
936900,0.11971830950366147,-9.319486527285269e-11,0.0,1.0999980485915464,-2.992957746770958e-06
936960,0.11971830950016396,-9.359855446895529e-11,0.0,1.0999980485915464,-2.992957746718278e-06
937020,0.11971830949666987,-9.400172344755431e-11,0.0,1.0999980485915464,-2.992957746665611e-06
937080,0.11971830949317923,-9.440436924344061e-11,0.0,1.0999980485915464,-2.9929577466129577e-06
937140,0.11971830948969205,-9.480648889140491e-11,0.0,1.0999980485915464,-2.992957746560319e-06
937200,0.11971830948620837,-9.520807942623787e-11,0.0,1.0999980485915464,-2.992957746507695e-06
937260,0.11971830948272823,-9.560913788273036e-11,0.0,1.0999980485915464,-2.9929577464550856e-06
937320,0.11971830947925163,-9.600966129567299e-11,0.0,1.0999980485915464,-2.9929577464024912e-06
937380,0.11971830947577862,-9.640964669985659e-11,0.0,1.0999980485915464,-2.992957746349913e-06
937440,0.1197183094723092,-9.680909113007189e-11,0.0,1.0999980485915464,-2.9929577462973503e-06
937500,0.11971830946884343,-9.720799162110966e-11,0.0,1.0999980485915464,-2.992957746244804e-06
937560,0.1197183094653813,-9.760634520776057e-11,0.0,1.0999980485915464,-2.992957746192274e-06
937620,0.11971830946192287,-9.800414892481537e-11,0.0,1.0999980485915464,-2.9929577461397615e-06
937680,0.11971830945846813,-9.84013998070649e-11,0.0,1.0999980485915464,-2.992957746087266e-06
937740,0.11971830945501714,-9.879809488929986e-11,0.0,1.0999980485915464,-2.992957746034788e-06
937800,0.11971830945156992,-9.91942312063109e-11,0.0,1.0999980485915464,-2.992957745982328e-06
937860,0.11971830944812649,-9.95898057928889e-11,0.0,1.0999980485915464,-2.9929577459298862e-06
937920,0.11971830944468687,-9.998481568382452e-11,0.0,1.0999980485915464,-2.9929577458774634e-06
937980,0.11971830944125109,-1.0037925791390848e-10,0.0,1.0999980485915464,-2.992957745825059e-06
938040,0.11971830943781919,-1.0077312951793159e-10,0.0,1.0999980485915464,-2.9929577457726744e-06
938100,0.11971830943439117,-1.0116642753068458e-10,0.0,1.0999980485915464,-2.992957745720309e-06
938160,0.11971830943096709,-1.0155914898695822e-10,0.0,1.0999980485915464,-2.992957745667964e-06
938220,0.11971830942754695,-1.0195129092154314e-10,0.0,1.0999980485915464,-2.9929577456156395e-06
938280,0.1197183094241308,-1.0234285036923017e-10,0.0,1.0999980485915464,-2.9929577455633353e-06
938340,0.11971830942071864,-1.027338243648101e-10,0.0,1.0999980485915464,-2.992957745511052e-06
938400,0.11971830941731051,-1.0312420994307352e-10,0.0,1.0999980485915464,-2.9929577454587902e-06
938460,0.11971830941390643,-1.0351400413881132e-10,0.0,1.0999980485915464,-2.9929577454065503e-06
938520,0.11971830941050644,-1.0390320398681424e-10,0.0,1.0999980485915464,-2.9929577453543324e-06
938580,0.11971830940711056,-1.042918065218729e-10,0.0,1.0999980485915464,-2.9929577453021366e-06
938640,0.11971830940371882,-1.0467980877877815e-10,0.0,1.0999980485915464,-2.9929577452499636e-06
938700,0.11971830940033124,-1.0506720779232069e-10,0.0,1.0999980485915464,-2.992957745197814e-06
938760,0.11971830939694783,-1.0545400059729129e-10,0.0,1.0999980485915464,-2.992957745145687e-06
938820,0.11971830939356864,-1.0584018422848062e-10,0.0,1.0999980485915464,-2.9929577450935843e-06
938880,0.1197183093901937,-1.0622575572067951e-10,0.0,1.0999980485915464,-2.9929577450415058e-06
938940,0.11971830938682304,-1.0661071210867872e-10,0.0,1.0999980485915464,-2.9929577449894514e-06
939000,0.11971830938345665,-1.0699505042726887e-10,0.0,1.0999980485915464,-2.992957744937422e-06
939060,0.11971830938009459,-1.0737876771124085e-10,0.0,1.0999980485915464,-2.992957744885417e-06
939120,0.11971830937673689,-1.0776186099538531e-10,0.0,1.0999980485915464,-2.992957744833438e-06
939180,0.11971830937338354,-1.0814432731449298e-10,0.0,1.0999980485915464,-2.992957744781485e-06
939240,0.11971830937003461,-1.0852616370335467e-10,0.0,1.0999980485915464,-2.992957744729558e-06
939300,0.11971830936669009,-1.0890736719676107e-10,0.0,1.0999980485915464,-2.992957744677657e-06
939360,0.11971830936335003,-1.0928793482950295e-10,0.0,1.0999980485915464,-2.9929577446257833e-06
939420,0.11971830936001446,-1.0966786363637103e-10,0.0,1.0999980485915464,-2.9929577445739364e-06
939480,0.11971830935668337,-1.1004715065215614e-10,0.0,1.0999980485915464,-2.992957744522117e-06
939540,0.11971830935335684,-1.1042579291164889e-10,0.0,1.0999980485915464,-2.992957744470325e-06
939600,0.11971830935003486,-1.1080378744964006e-10,0.0,1.0999980485915464,-2.9929577444185618e-06
939660,0.11971830934671746,-1.111811313009205e-10,0.0,1.0999980485915464,-2.992957744366827e-06
939720,0.11971830934340467,-1.1155782150028084e-10,0.0,1.0999980485915464,-2.992957744315121e-06
939780,0.11971830934009653,-1.1193385508251189e-10,0.0,1.0999980485915464,-2.9929577442634438e-06
939840,0.11971830933679305,-1.1230922908240429e-10,0.0,1.0999980485915464,-2.9929577442117964e-06
939900,0.11971830933349425,-1.1268394053474892e-10,0.0,1.0999980485915464,-2.992957744160179e-06
939960,0.11971830933020018,-1.130579864743364e-10,0.0,1.0999980485915464,-2.9929577441085917e-06
940020,0.11971830932691085,-1.1343136393595751e-10,0.0,1.0999980485915464,-2.9929577440570345e-06
940080,0.1197183093236263,-1.1380406995440308e-10,0.0,1.0999980485915464,-2.9929577440055087e-06
940140,0.11971830932034655,-1.1417610156446379e-10,0.0,1.0999980485915464,-2.9929577439540137e-06
940200,0.11971830931707161,-1.1454745580093033e-10,0.0,1.0999980485915464,-2.9929577439025506e-06
940260,0.11971830931380154,-1.1491812969859349e-10,0.0,1.0999980485915464,-2.992957743851119e-06
940320,0.11971830931053633,-1.1528812029224405e-10,0.0,1.0999980485915464,-2.99295774379972e-06
940380,0.11971830930727602,-1.1565742461667271e-10,0.0,1.0999980485915464,-2.9929577437483533e-06
940440,0.11971830930402065,-1.160260397066702e-10,0.0,1.0999980485915464,-2.9929577436970197e-06
940500,0.11971830930077024,-1.1639396259702731e-10,0.0,1.0999980485915464,-2.992957743645719e-06
940560,0.1197183092975248,-1.1676119032253472e-10,0.0,1.0999980485915464,-2.992957743594452e-06
940620,0.11971830929428438,-1.1712771991798325e-10,0.0,1.0999980485915464,-2.9929577435432193e-06
940680,0.11971830929104899,-1.1749354841816356e-10,0.0,1.0999980485915464,-2.9929577434920204e-06
940740,0.11971830928781867,-1.178586728578665e-10,0.0,1.0999980485915464,-2.9929577434408566e-06
940800,0.11971830928459343,-1.1822309027188268e-10,0.0,1.0999980485915464,-2.992957743389727e-06
940860,0.11971830928137331,-1.1858679769500292e-10,0.0,1.0999980485915464,-2.9929577433386333e-06
940920,0.11971830927815834,-1.1894979216201803e-10,0.0,1.0999980485915464,-2.992957743287575e-06
940980,0.11971830927494853,-1.1931207070771866e-10,0.0,1.0999980485915464,-2.9929577432365527e-06
941040,0.11971830927174391,-1.196736303668955e-10,0.0,1.0999980485915464,-2.992957743185567e-06
941100,0.11971830926854451,-1.2003446817433945e-10,0.0,1.0999980485915464,-2.9929577431346174e-06
941160,0.11971830926535038,-1.2039458116484116e-10,0.0,1.0999980485915464,-2.992957743083705e-06
941220,0.11971830926216151,-1.207539663731913e-10,0.0,1.0999980485915464,-2.99295774303283e-06
941280,0.11971830925897795,-1.2111262083418073e-10,0.0,1.0999980485915464,-2.9929577429819926e-06
941340,0.1197183092557997,-1.214705415826002e-10,0.0,1.0999980485915464,-2.992957742931193e-06
941400,0.11971830925262682,-1.218277256532404e-10,0.0,1.0999980485915464,-2.992957742880432e-06
941460,0.11971830924945931,-1.2218417008089204e-10,0.0,1.0999980485915464,-2.9929577428297096e-06
941520,0.11971830924629721,-1.2253987190034593e-10,0.0,1.0999980485915464,-2.992957742779026e-06
941580,0.11971830924314054,-1.2289482814639282e-10,0.0,1.0999980485915464,-2.992957742728382e-06
941640,0.11971830923998934,-1.2324903585382338e-10,0.0,1.0999980485915464,-2.9929577426777778e-06
941700,0.11971830923684362,-1.2360249205742842e-10,0.0,1.0999980485915464,-2.9929577426272133e-06
941760,0.11971830923370343,-1.2395519379199872e-10,0.0,1.0999980485915464,-2.9929577425766895e-06
941820,0.11971830923056875,-1.243071380923249e-10,0.0,1.0999980485915464,-2.9929577425262063e-06
941880,0.11971830922743966,-1.2465832199319774e-10,0.0,1.0999980485915464,-2.992957742475764e-06
941940,0.11971830922431616,-1.2500874252940803e-10,0.0,1.0999980485915464,-2.9929577424253632e-06
942000,0.11971830922119826,-1.2535839673574652e-10,0.0,1.0999980485915464,-2.992957742375004e-06
942060,0.11971830921808603,-1.257072816470039e-10,0.0,1.0999980485915464,-2.992957742324687e-06
942120,0.11971830921497946,-1.2605539429797095e-10,0.0,1.0999980485915464,-2.9929577422744126e-06
942180,0.11971830921187858,-1.264027317234384e-10,0.0,1.0999980485915464,-2.9929577422241806e-06
942240,0.11971830920878344,-1.2674929095819694e-10,0.0,1.0999980485915464,-2.992957742173992e-06
942300,0.11971830920569404,-1.2709506903703745e-10,0.0,1.0999980485915464,-2.9929577421238466e-06
942360,0.11971830920261044,-1.274400629947506e-10,0.0,1.0999980485915464,-2.9929577420737454e-06
942420,0.11971830919953262,-1.277842698661271e-10,0.0,1.0999980485915464,-2.992957742023688e-06
942480,0.11971830919646065,-1.281276866859577e-10,0.0,1.0999980485915464,-2.992957741973675e-06
942540,0.11971830919339452,-1.2847031048903314e-10,0.0,1.0999980485915464,-2.9929577419237067e-06
942600,0.11971830919033428,-1.2881213831014424e-10,0.0,1.0999980485915464,-2.992957741873784e-06
942660,0.11971830918727996,-1.2915316718408161e-10,0.0,1.0999980485915464,-2.9929577418239063e-06
942720,0.11971830918423157,-1.2949339414563615e-10,0.0,1.0999980485915464,-2.9929577417740745e-06
942780,0.11971830918118914,-1.2983281622959848e-10,0.0,1.0999980485915464,-2.992957741724289e-06
942840,0.11971830917815271,-1.3017143047075943e-10,0.0,1.0999980485915464,-2.99295774167455e-06
942900,0.11971830917512229,-1.3050923390390964e-10,0.0,1.0999980485915464,-2.9929577416248574e-06
942960,0.11971830917209791,-1.3084622356383998e-10,0.0,1.0999980485915464,-2.9929577415752123e-06
943020,0.1197183091690796,-1.311823964853411e-10,0.0,1.0999980485915464,-2.9929577415256147e-06
943080,0.1197183091660674,-1.3151774970320373e-10,0.0,1.0999980485915464,-2.992957741476065e-06
943140,0.11971830916306131,-1.318522802522187e-10,0.0,1.0999980485915464,-2.992957741426563e-06
943200,0.11971830916006138,-1.3218598516717668e-10,0.0,1.0999980485915464,-2.9929577413771104e-06
943260,0.11971830915706762,-1.3251886148286842e-10,0.0,1.0999980485915464,-2.992957741327706e-06
943320,0.11971830915408005,-1.3285090623408473e-10,0.0,1.0999980485915464,-2.992957741278351e-06
943380,0.11971830915109873,-1.331821164556163e-10,0.0,1.0999980485915464,-2.9929577412290456e-06
943440,0.11971830914812365,-1.3351248918225384e-10,0.0,1.0999980485915464,-2.9929577411797903e-06
943500,0.11971830914515486,-1.3384202144878816e-10,0.0,1.0999980485915464,-2.992957741130585e-06
943560,0.11971830914219238,-1.3417071029000996e-10,0.0,1.0999980485915464,-2.9929577410814302e-06
943620,0.11971830913923621,-1.3449855274071e-10,0.0,1.0999980485915464,-2.992957741032326e-06
943680,0.11971830913628644,-1.3482554583567904e-10,0.0,1.0999980485915464,-2.9929577409832735e-06
943740,0.11971830913334303,-1.3515168660970782e-10,0.0,1.0999980485915464,-2.9929577409342727e-06
943800,0.11971830913040604,-1.35476972097587e-10,0.0,1.0999980485915464,-2.9929577408853235e-06
943860,0.1197183091274755,-1.3580139933410745e-10,0.0,1.0999980485915464,-2.992957740836427e-06
943920,0.11971830912455142,-1.361249653540598e-10,0.0,1.0999980485915464,-2.9929577407875827e-06
943980,0.11971830912163384,-1.364476671922349e-10,0.0,1.0999980485915464,-2.9929577407387914e-06
944040,0.11971830911872276,-1.3676950188342344e-10,0.0,1.0999980485915464,-2.992957740690053e-06
944100,0.11971830911581825,-1.3709046646241613e-10,0.0,1.0999980485915464,-2.992957740641369e-06
944160,0.11971830911292031,-1.3741055796400373e-10,0.0,1.0999980485915464,-2.9929577405927384e-06
944220,0.11971830911002897,-1.3772977342297704e-10,0.0,1.0999980485915464,-2.9929577405441623e-06
944280,0.11971830910714425,-1.3804810987412672e-10,0.0,1.0999980485915464,-2.992957740495641e-06
944340,0.11971830910426617,-1.3836556435224363e-10,0.0,1.0999980485915464,-2.9929577404471745e-06
944400,0.11971830910139479,-1.386821338921184e-10,0.0,1.0999980485915464,-2.992957740398763e-06
944460,0.11971830909853011,-1.3899781552854176e-10,0.0,1.0999980485915464,-2.9929577403504078e-06
944520,0.11971830909567216,-1.3931260629630455e-10,0.0,1.0999980485915464,-2.9929577403021083e-06
944580,0.11971830909282097,-1.3962650323019748e-10,0.0,1.0999980485915466,-2.992957740253865e-06
944640,0.11971830908997656,-1.399395033650113e-10,0.0,1.0999980485915466,-2.9929577402056786e-06
944700,0.11971830908713897,-1.4025160373553666e-10,0.0,1.0999980485915466,-2.9929577401575494e-06
944760,0.11971830908430822,-1.4056280137656442e-10,0.0,1.0999980485915466,-2.9929577401094773e-06
944820,0.11971830908148433,-1.4087309332288527e-10,0.0,1.0999980485915466,-2.992957740061463e-06
944880,0.11971830907866733,-1.4118247660929e-10,0.0,1.0999980485915466,-2.9929577400135064e-06
944940,0.11971830907585725,-1.4149094827056928e-10,0.0,1.0999980485915466,-2.9929577399656083e-06
945000,0.11971830907305411,-1.4179850534151392e-10,0.0,1.0999980485915466,-2.992957739917769e-06
945060,0.11971830907025795,-1.4210514485691463e-10,0.0,1.0999980485915466,-2.992957739869989e-06
945120,0.11971830906746879,-1.4241086385156211e-10,0.0,1.0999980485915466,-2.9929577398222683e-06
945180,0.11971830906468664,-1.4271565936024717e-10,0.0,1.0999980485915466,-2.9929577397746075e-06
945240,0.11971830906191154,-1.4301952841776056e-10,0.0,1.0999980485915466,-2.9929577397270064e-06
945300,0.11971830905914353,-1.4332246805889296e-10,0.0,1.0999980485915466,-2.9929577396794658e-06
945360,0.11971830905638262,-1.4362447531843517e-10,0.0,1.0999980485915466,-2.9929577396319858e-06
945420,0.11971830905362883,-1.439255472311779e-10,0.0,1.0999980485915466,-2.992957739584567e-06
945480,0.11971830905088221,-1.4422568083191195e-10,0.0,1.0999980485915466,-2.99295773953721e-06
945540,0.11971830904814276,-1.4452487315542796e-10,0.0,1.0999980485915466,-2.9929577394899146e-06
945600,0.11971830904541053,-1.4482312123651677e-10,0.0,1.0999980485915466,-2.992957739442681e-06
945660,0.11971830904268553,-1.4512042210996907e-10,0.0,1.0999980485915466,-2.9929577393955103e-06
945720,0.11971830903996779,-1.454167728105756e-10,0.0,1.0999980485915466,-2.992957739348402e-06
945780,0.11971830903725734,-1.4571217037312714e-10,0.0,1.0999980485915466,-2.992957739301357e-06
945840,0.11971830903455422,-1.4600661183241443e-10,0.0,1.0999980485915466,-2.9929577392543755e-06
945900,0.11971830903185841,-1.4630009422322817e-10,0.0,1.0999980485915466,-2.992957739207458e-06
945960,0.11971830902917,-1.4659261458035912e-10,0.0,1.0999980485915466,-2.9929577391606043e-06
946020,0.11971830902648897,-1.4688416993859805e-10,0.0,1.0999980485915466,-2.9929577391138155e-06
946080,0.11971830902381536,-1.471747573327357e-10,0.0,1.0999980485915466,-2.992957739067091e-06
946140,0.1197183090211492,-1.4746437379756275e-10,0.0,1.0999980485915466,-2.9929577390204322e-06
946200,0.11971830901849052,-1.4775301636787006e-10,0.0,1.0999980485915466,-2.9929577389738386e-06
946260,0.11971830901583934,-1.480406820784483e-10,0.0,1.0999980485915466,-2.992957738927311e-06
946320,0.11971830901319568,-1.4832736796408819e-10,0.0,1.0999980485915466,-2.9929577388808497e-06
946380,0.11971830901055958,-1.4861307105958051e-10,0.0,1.0999980485915466,-2.9929577388344547e-06
946440,0.11971830900793105,-1.48897788399716e-10,0.0,1.0999980485915466,-2.9929577387881262e-06
946500,0.11971830900531015,-1.4918151701928537e-10,0.0,1.0999980485915466,-2.9929577387418655e-06
946560,0.11971830900269687,-1.4946425395307943e-10,0.0,1.0999980485915466,-2.992957738695672e-06
946620,0.11971830900009124,-1.4974599623588887e-10,0.0,1.0999980485915466,-2.992957738649547e-06
946680,0.1197183089974933,-1.5002674090250443e-10,0.0,1.0999980485915466,-2.9929577386034896e-06
946740,0.11971830899490309,-1.503064849877169e-10,0.0,1.0999980485915466,-2.992957738557501e-06
946800,0.11971830899232061,-1.5058522552631695e-10,0.0,1.0999980485915466,-2.9929577385115814e-06
946860,0.11971830898974589,-1.5086295955309545e-10,0.0,1.0999980485915466,-2.992957738465731e-06
946920,0.11971830898717896,-1.51139684102843e-10,0.0,1.0999980485915466,-2.9929577384199502e-06
946980,0.11971830898461987,-1.514153962103504e-10,0.0,1.0999980485915466,-2.9929577383742393e-06
947040,0.1197183089820686,-1.5169009291040845e-10,0.0,1.0999980485915466,-2.9929577383285986e-06
947100,0.11971830897952522,-1.5196377123780778e-10,0.0,1.0999980485915466,-2.9929577382830286e-06
947160,0.11971830897698972,-1.522364282273392e-10,0.0,1.0999980485915466,-2.9929577382375294e-06
947220,0.11971830897446216,-1.5250806091379347e-10,0.0,1.0999980485915466,-2.9929577381921013e-06
947280,0.11971830897194255,-1.527786663319613e-10,0.0,1.0999980485915466,-2.9929577381467453e-06
947340,0.1197183089694309,-1.5304824151663343e-10,0.0,1.0999980485915466,-2.992957738101461e-06
947400,0.11971830896692728,-1.5331678350260063e-10,0.0,1.0999980485915466,-2.992957738056249e-06
947460,0.11971830896443168,-1.5358428932465365e-10,0.0,1.0999980485915466,-2.99295773801111e-06
947520,0.11971830896194414,-1.5385075601758319e-10,0.0,1.0999980485915466,-2.9929577379660435e-06
947580,0.11971830895946468,-1.5411618061618005e-10,0.0,1.0999980485915466,-2.992957737921051e-06
947640,0.11971830895699334,-1.5438056015523487e-10,0.0,1.0999980485915466,-2.9929577378761314e-06
947700,0.11971830895453013,-1.546438916695385e-10,0.0,1.0999980485915466,-2.992957737831286e-06
947760,0.11971830895207508,-1.5490617219388162e-10,0.0,1.0999980485915466,-2.9929577377865153e-06
947820,0.11971830894962822,-1.5516739876305504e-10,0.0,1.0999980485915468,-2.992957737741819e-06
947880,0.11971830894718959,-1.5542756841184944e-10,0.0,1.0999980485915468,-2.9929577376971978e-06
947940,0.11971830894475918,-1.5568667817505558e-10,0.0,1.0999980485915468,-2.992957737652652e-06
948000,0.11971830894233705,-1.559447250874642e-10,0.0,1.0999980485915468,-2.992957737608182e-06
948060,0.11971830893992322,-1.5620170618386607e-10,0.0,1.0999980485915468,-2.9929577375637875e-06
948120,0.11971830893751771,-1.5645761849905192e-10,0.0,1.0999980485915468,-2.99295773751947e-06
948180,0.11971830893512055,-1.5671245906781247e-10,0.0,1.0999980485915468,-2.992957737475229e-06
948240,0.11971830893273176,-1.569662249249385e-10,0.0,1.0999980485915468,-2.992957737431065e-06
948300,0.11971830893035137,-1.572189131052207e-10,0.0,1.0999980485915468,-2.9929577373869787e-06
948360,0.11971830892797942,-1.5747052064344986e-10,0.0,1.0999980485915468,-2.99295773734297e-06
948420,0.11971830892561593,-1.577210445744167e-10,0.0,1.0999980485915468,-2.992957737299039e-06
948480,0.11971830892326091,-1.5797048193291199e-10,0.0,1.0999980485915468,-2.9929577372551868e-06
948540,0.1197183089209144,-1.5821882975372644e-10,0.0,1.0999980485915468,-2.9929577372114134e-06
948600,0.11971830891857642,-1.584660850716508e-10,0.0,1.0999980485915468,-2.9929577371677187e-06
948660,0.119718308916247,-1.5871224492147583e-10,0.0,1.0999980485915468,-2.9929577371241038e-06
948720,0.11971830891392618,-1.5895730633799228e-10,0.0,1.0999980485915468,-2.992957737080569e-06
948780,0.11971830891161396,-1.5920126635599087e-10,0.0,1.0999980485915468,-2.9929577370371135e-06
948840,0.11971830890931039,-1.5944412201026237e-10,0.0,1.0999980485915468,-2.992957736993739e-06
948900,0.11971830890701549,-1.5968587033559751e-10,0.0,1.0999980485915468,-2.992957736950445e-06
948960,0.11971830890472927,-1.59926508366787e-10,0.0,1.0999980485915468,-2.9929577369072324e-06
949020,0.11971830890245179,-1.601660331386216e-10,0.0,1.0999980485915468,-2.9929577368641015e-06
949080,0.11971830890018303,-1.6040444168589207e-10,0.0,1.0999980485915468,-2.992957736821052e-06
949140,0.11971830889792306,-1.6064173104338916e-10,0.0,1.0999980485915468,-2.992957736778085e-06
949200,0.1197183088956719,-1.608778982459036e-10,0.0,1.0999980485915468,-2.9929577367352e-06
949260,0.11971830889342955,-1.6111294032822614e-10,0.0,1.0999980485915468,-2.992957736692398e-06
949320,0.11971830889119604,-1.6134685432514748e-10,0.0,1.0999980485915468,-2.9929577366496798e-06
949380,0.11971830888897143,-1.6157963727145844e-10,0.0,1.0999980485915468,-2.9929577366070443e-06
949440,0.11971830888675572,-1.618112862019497e-10,0.0,1.0999980485915468,-2.9929577365644932e-06
949500,0.11971830888454894,-1.6204179815141206e-10,0.0,1.0999980485915468,-2.992957736522026e-06
949560,0.11971830888235112,-1.622711701546362e-10,0.0,1.0999980485915468,-2.9929577364796434e-06
949620,0.11971830888016229,-1.624993992464129e-10,0.0,1.0999980485915468,-2.9929577364373455e-06
949680,0.11971830887798247,-1.6272648246153288e-10,0.0,1.0999980485915468,-2.9929577363951332e-06
949740,0.11971830887581168,-1.629524168347869e-10,0.0,1.0999980485915468,-2.9929577363530065e-06
949800,0.11971830887364997,-1.631771994009657e-10,0.0,1.0999980485915468,-2.9929577363109653e-06
949860,0.11971830887149733,-1.6340082719486004e-10,0.0,1.0999980485915468,-2.9929577362690104e-06
949920,0.11971830886935382,-1.6362329725126064e-10,0.0,1.0999980485915468,-2.9929577362271424e-06
949980,0.11971830886721946,-1.638446066049583e-10,0.0,1.0999980485915468,-2.992957736185361e-06
950040,0.11971830886509426,-1.6406475229074365e-10,0.0,1.0999980485915468,-2.992957736143667e-06
950100,0.11971830886297825,-1.642837313434075e-10,0.0,1.0999980485915468,-2.9929577361020607e-06
950160,0.11971830886087148,-1.6450154079774062e-10,0.0,1.0999980485915468,-2.992957736060542e-06
950220,0.11971830885877395,-1.6471817768853372e-10,0.0,1.099998048591547,-2.9929577360191116e-06
950280,0.1197183088566857,-1.6493363905057755e-10,0.0,1.099998048591547,-2.99295773597777e-06
950340,0.11971830885460676,-1.651479219186628e-10,0.0,1.099998048591547,-2.9929577359365174e-06
950400,0.11971830885253713,-1.6536102332758034e-10,0.0,1.099998048591547,-2.992957735895354e-06
950460,0.11971830885047688,-1.6557294031212078e-10,0.0,1.099998048591547,-2.9929577358542802e-06
950520,0.119718308848426,-1.6578366990707495e-10,0.0,1.099998048591547,-2.9929577358132965e-06
950580,0.11971830884638453,-1.6599320914723352e-10,0.0,1.099998048591547,-2.992957735772403e-06
950640,0.1197183088443525,-1.662015550673873e-10,0.0,1.099998048591547,-2.9929577357316002e-06
950700,0.11971830884232992,-1.6640870470232703e-10,0.0,1.099998048591547,-2.9929577356908884e-06
950760,0.11971830884031684,-1.6661465508684343e-10,0.0,1.099998048591547,-2.992957735650268e-06
950820,0.11971830883831328,-1.6681940325572723e-10,0.0,1.099998048591547,-2.9929577356097393e-06
950880,0.11971830883631925,-1.6702294624376919e-10,0.0,1.099998048591547,-2.9929577355693024e-06
950940,0.11971830883433479,-1.6722528108576005e-10,0.0,1.099998048591547,-2.9929577355289578e-06
951000,0.11971830883235993,-1.6742640481649052e-10,0.0,1.099998048591547,-2.9929577354887063e-06
951060,0.11971830883039468,-1.6762631447075143e-10,0.0,1.099998048591547,-2.9929577354485476e-06
951120,0.11971830882843909,-1.6782500708333345e-10,0.0,1.099998048591547,-2.992957735408482e-06
951180,0.11971830882649316,-1.6802247968902736e-10,0.0,1.099998048591547,-2.9929577353685107e-06
951240,0.11971830882455695,-1.6821872932262386e-10,0.0,1.099998048591547,-2.9929577353286328e-06
951300,0.11971830882263046,-1.6841375301891375e-10,0.0,1.099998048591547,-2.9929577352888497e-06
951360,0.11971830882071371,-1.686075478126877e-10,0.0,1.099998048591547,-2.992957735249161e-06
951420,0.11971830881880675,-1.6880011073873655e-10,0.0,1.099998048591547,-2.992957735209568e-06
951480,0.1197183088169096,-1.6899143883185094e-10,0.0,1.099998048591547,-2.99295773517007e-06
951540,0.11971830881502228,-1.691815291268217e-10,0.0,1.099998048591547,-2.9929577351306676e-06
951600,0.11971830881314482,-1.6937037865843952e-10,0.0,1.099998048591547,-2.9929577350913615e-06
951660,0.11971830881127725,-1.6955798446149516e-10,0.0,1.099998048591547,-2.9929577350521515e-06
951720,0.11971830880941958,-1.6974434357077937e-10,0.0,1.099998048591547,-2.992957735013039e-06
951780,0.11971830880757187,-1.6992945302108288e-10,0.0,1.099998048591547,-2.992957734974023e-06
951840,0.11971830880573411,-1.7011330984719643e-10,0.0,1.099998048591547,-2.9929577349351042e-06
951900,0.11971830880390634,-1.702959110839108e-10,0.0,1.099998048591547,-2.992957734896284e-06
951960,0.1197183088020886,-1.7047725376601665e-10,0.0,1.099998048591547,-2.9929577348575613e-06
952020,0.11971830880028089,-1.7065733492830482e-10,0.0,1.099998048591547,-2.992957734818937e-06
952080,0.11971830879848328,-1.70836151605566e-10,0.0,1.099998048591547,-2.992957734780412e-06
952140,0.11971830879669573,-1.7101370083259097e-10,0.0,1.099998048591547,-2.992957734741986e-06
952200,0.11971830879491833,-1.7118997964417042e-10,0.0,1.099998048591547,-2.9929577347036592e-06
952260,0.11971830879315108,-1.7136498507509512e-10,0.0,1.0999980485915473,-2.9929577346654327e-06
952320,0.119718308791394,-1.7153871416015582e-10,0.0,1.0999980485915473,-2.992957734627306e-06
952380,0.11971830878964713,-1.7171116393414323e-10,0.0,1.0999980485915473,-2.9929577345892797e-06
952440,0.11971830878791048,-1.7188233143184816e-10,0.0,1.0999980485915473,-2.9929577345513547e-06
952500,0.1197183087861841,-1.7205221368806131e-10,0.0,1.0999980485915473,-2.9929577345135304e-06
952560,0.119718308784468,-1.722208077375734e-10,0.0,1.0999980485915473,-2.992957734475808e-06
952620,0.11971830878276221,-1.7238811061517522e-10,0.0,1.0999980485915473,-2.9929577344381873e-06
952680,0.11971830878106675,-1.725541193556575e-10,0.0,1.0999980485915473,-2.9929577344006688e-06
952740,0.11971830877938167,-1.7271883099381096e-10,0.0,1.0999980485915473,-2.992957734363253e-06
952800,0.11971830877770696,-1.7288224256442637e-10,0.0,1.0999980485915473,-2.9929577343259397e-06
952860,0.11971830877604267,-1.7304435110229444e-10,0.0,1.0999980485915473,-2.99295773428873e-06
952920,0.11971830877438883,-1.7320515364220597e-10,0.0,1.0999980485915473,-2.9929577342516236e-06
952980,0.11971830877274546,-1.7336464721895162e-10,0.0,1.0999980485915473,-2.9929577342146214e-06
953040,0.11971830877111259,-1.7352282886732223e-10,0.0,1.0999980485915473,-2.9929577341777234e-06
953100,0.11971830876949023,-1.7367969562210848e-10,0.0,1.0999980485915473,-2.9929577341409295e-06
953160,0.11971830876787842,-1.738352445181011e-10,0.0,1.0999980485915473,-2.992957734104241e-06
953220,0.11971830876627719,-1.739894725900909e-10,0.0,1.0999980485915473,-2.9929577340676578e-06
953280,0.11971830876468656,-1.7414237687286854e-10,0.0,1.0999980485915473,-2.99295773403118e-06
953340,0.11971830876310656,-1.7429395440122486e-10,0.0,1.0999980485915473,-2.992957733994808e-06
953400,0.1197183087615372,-1.7444420220995051e-10,0.0,1.0999980485915473,-2.9929577339585426e-06
953460,0.11971830875997855,-1.745931173338363e-10,0.0,1.0999980485915473,-2.9929577339223836e-06
953520,0.11971830875843058,-1.7474069680767292e-10,0.0,1.0999980485915473,-2.9929577338863317e-06
953580,0.11971830875689336,-1.7488693766625116e-10,0.0,1.0999980485915473,-2.992957733850387e-06
953640,0.1197183087553669,-1.7503183694436172e-10,0.0,1.0999980485915473,-2.99295773381455e-06
953700,0.11971830875385123,-1.751753916767954e-10,0.0,1.0999980485915473,-2.992957733778821e-06
953760,0.11971830875234636,-1.753175988983429e-10,0.0,1.0999980485915473,-2.9929577337432e-06
953820,0.11971830875085233,-1.7545845564379496e-10,0.0,1.0999980485915473,-2.992957733707688e-06
953880,0.11971830874936919,-1.7559795894794233e-10,0.0,1.0999980485915473,-2.992957733672285e-06
953940,0.11971830874789692,-1.7573610584557576e-10,0.0,1.0999980485915475,-2.992957733636991e-06
954000,0.11971830874643558,-1.75872893371486e-10,0.0,1.0999980485915475,-2.992957733601807e-06
954060,0.11971830874498518,-1.760083185604638e-10,0.0,1.0999980485915475,-2.992957733566733e-06
954120,0.11971830874354576,-1.7614237844729987e-10,0.0,1.0999980485915475,-2.9929577335317693e-06
954180,0.11971830874211734,-1.7627507006678498e-10,0.0,1.0999980485915475,-2.9929577334969164e-06
954240,0.11971830874069994,-1.7640639045370984e-10,0.0,1.0999980485915475,-2.9929577334621745e-06
954300,0.1197183087392936,-1.7653633664286525e-10,0.0,1.0999980485915475,-2.9929577334275435e-06
954360,0.11971830873789832,-1.766649056690419e-10,0.0,1.0999980485915475,-2.992957733393025e-06
954420,0.11971830873651416,-1.7679209456703055e-10,0.0,1.0999980485915475,-2.992957733358618e-06
954480,0.11971830873514114,-1.7691790037162198e-10,0.0,1.0999980485915475,-2.9929577333243237e-06
954540,0.11971830873377926,-1.7704232011760687e-10,0.0,1.0999980485915475,-2.992957733290142e-06
954600,0.11971830873242857,-1.77165350839776e-10,0.0,1.0999980485915475,-2.992957733256073e-06
954660,0.1197183087310891,-1.772869895729201e-10,0.0,1.0999980485915475,-2.992957733222118e-06
954720,0.11971830872976086,-1.774072333518299e-10,0.0,1.0999980485915475,-2.9929577331882766e-06
954780,0.11971830872844388,-1.7752607921129623e-10,0.0,1.0999980485915475,-2.992957733154549e-06
954840,0.1197183087271382,-1.776435241861097e-10,0.0,1.0999980485915475,-2.9929577331209363e-06
954900,0.11971830872584384,-1.7775956531106116e-10,0.0,1.0999980485915475,-2.9929577330874382e-06
954960,0.11971830872456081,-1.778741996209413e-10,0.0,1.0999980485915475,-2.992957733054055e-06
955020,0.11971830872328916,-1.7798742415054086e-10,0.0,1.0999980485915475,-2.9929577330207877e-06
955080,0.1197183087220289,-1.7809923593465062e-10,0.0,1.0999980485915475,-2.9929577329876357e-06
955140,0.11971830872078007,-1.7820963200806128e-10,0.0,1.0999980485915475,-2.9929577329546e-06
955200,0.1197183087195427,-1.7831860940556363e-10,0.0,1.0999980485915475,-2.992957732921681e-06
955260,0.11971830871831679,-1.7842616516194837e-10,0.0,1.0999980485915475,-2.9929577328888785e-06
955320,0.11971830871710239,-1.7853229631200626e-10,0.0,1.0999980485915475,-2.992957732856193e-06
955380,0.11971830871589952,-1.7863699989052806e-10,0.0,1.0999980485915475,-2.9929577328236256e-06
955440,0.11971830871470819,-1.7874027293230446e-10,0.0,1.0999980485915475,-2.9929577327911757e-06
955500,0.11971830871352845,-1.788421124721263e-10,0.0,1.0999980485915477,-2.9929577327588436e-06
955560,0.11971830871236033,-1.789425155447842e-10,0.0,1.0999980485915477,-2.9929577327266306e-06
955620,0.11971830871120384,-1.79041479185069e-10,0.0,1.0999980485915477,-2.992957732694536e-06
955680,0.11971830871005902,-1.7913900042777142e-10,0.0,1.0999980485915477,-2.992957732662561e-06
955740,0.11971830870892587,-1.7923507630768215e-10,0.0,1.0999980485915477,-2.9929577326307054e-06
955800,0.11971830870780445,-1.79329703859592e-10,0.0,1.0999980485915477,-2.9929577325989696e-06
955860,0.11971830870669477,-1.794228801182917e-10,0.0,1.0999980485915477,-2.992957732567354e-06
955920,0.11971830870559684,-1.79514602118572e-10,0.0,1.0999980485915477,-2.992957732535859e-06
955980,0.11971830870451072,-1.796048668952236e-10,0.0,1.0999980485915477,-2.9929577325044847e-06
956040,0.11971830870343642,-1.7969367148303727e-10,0.0,1.0999980485915477,-2.9929577324732318e-06
956100,0.11971830870237397,-1.7978101291680376e-10,0.0,1.0999980485915477,-2.9929577324421003e-06
956160,0.11971830870132338,-1.798668882313138e-10,0.0,1.0999980485915477,-2.992957732411091e-06
956220,0.1197183087002847,-1.7995129446135812e-10,0.0,1.0999980485915477,-2.992957732380204e-06
956280,0.11971830869925795,-1.800342286417275e-10,0.0,1.0999980485915477,-2.992957732349439e-06
956340,0.11971830869824315,-1.8011568780721267e-10,0.0,1.0999980485915477,-2.9929577323187973e-06
956400,0.11971830869724033,-1.8019566899260434e-10,0.0,1.0999980485915477,-2.992957732288279e-06
956460,0.11971830869624953,-1.802741692326933e-10,0.0,1.0999980485915477,-2.9929577322578842e-06
956520,0.11971830869527074,-1.803511855622703e-10,0.0,1.0999980485915477,-2.9929577322276134e-06
956580,0.11971830869430401,-1.80426715016126e-10,0.0,1.0999980485915477,-2.9929577321974666e-06
956640,0.11971830869334939,-1.8050075462905127e-10,0.0,1.0999980485915477,-2.992957732167445e-06
956700,0.11971830869240686,-1.8057330143583672e-10,0.0,1.0999980485915477,-2.9929577321375475e-06
956760,0.11971830869147647,-1.806443524712732e-10,0.0,1.0999980485915477,-2.992957732107776e-06
956820,0.11971830869055826,-1.8071390477015136e-10,0.0,1.0999980485915477,-2.99295773207813e-06
956880,0.11971830868965223,-1.8078195536726203e-10,0.0,1.099998048591548,-2.99295773204861e-06
956940,0.11971830868875842,-1.8084850129739592e-10,0.0,1.099998048591548,-2.992957732019216e-06
957000,0.11971830868787686,-1.8091353959534376e-10,0.0,1.099998048591548,-2.992957731989949e-06
957060,0.11971830868700757,-1.8097706729589628e-10,0.0,1.099998048591548,-2.992957731960809e-06
957120,0.11971830868615058,-1.8103908143384427e-10,0.0,1.099998048591548,-2.992957731931796e-06
957180,0.1197183086853059,-1.8109957904397845e-10,0.0,1.099998048591548,-2.992957731902911e-06
957240,0.11971830868447358,-1.8115855716108956e-10,0.0,1.099998048591548,-2.992957731874154e-06
957300,0.11971830868365364,-1.8121601281996834e-10,0.0,1.099998048591548,-2.9929577318455253e-06
957360,0.1197183086828461,-1.8127194305540554e-10,0.0,1.099998048591548,-2.992957731817025e-06
957420,0.119718308682051,-1.813263449021919e-10,0.0,1.099998048591548,-2.9929577317886542e-06
957480,0.11971830868126834,-1.8137921539511817e-10,0.0,1.099998048591548,-2.992957731760413e-06
957540,0.11971830868049818,-1.8143055156897507e-10,0.0,1.099998048591548,-2.992957731732301e-06
957600,0.11971830867974052,-1.8148035045855337e-10,0.0,1.099998048591548,-2.992957731704319e-06
957660,0.1197183086789954,-1.815286090986438e-10,0.0,1.099998048591548,-2.9929577316764677e-06
957720,0.11971830867826284,-1.815753245240371e-10,0.0,1.099998048591548,-2.9929577316487473e-06
957780,0.11971830867754288,-1.8162049376952404e-10,0.0,1.099998048591548,-2.9929577316211577e-06
957840,0.11971830867683551,-1.8166411386989535e-10,0.0,1.099998048591548,-2.9929577315936994e-06
957900,0.1197183086761408,-1.8170618185994174e-10,0.0,1.099998048591548,-2.992957731566373e-06
957960,0.11971830867545877,-1.8174669477445398e-10,0.0,1.099998048591548,-2.992957731539179e-06
958020,0.11971830867478943,-1.8178564964822284e-10,0.0,1.099998048591548,-2.992957731512117e-06
958080,0.1197183086741328,-1.81823043516039e-10,0.0,1.099998048591548,-2.9929577314851877e-06
958140,0.11971830867348893,-1.8185887341269328e-10,0.0,1.0999980485915481,-2.992957731458392e-06
958200,0.11971830867285782,-1.8189313637297634e-10,0.0,1.0999980485915481,-2.9929577314317294e-06
958260,0.11971830867223952,-1.81925829431679e-10,0.0,1.0999980485915481,-2.9929577314052007e-06
958320,0.11971830867163405,-1.8195694962359195e-10,0.0,1.0999980485915481,-2.992957731378806e-06
958380,0.11971830867104144,-1.8198649398350596e-10,0.0,1.0999980485915481,-2.9929577313525458e-06
958440,0.1197183086704617,-1.8201445954621176e-10,0.0,1.0999980485915481,-2.9929577313264207e-06
958500,0.11971830866989487,-1.8204084334650007e-10,0.0,1.0999980485915481,-2.9929577313004304e-06
958560,0.11971830866934098,-1.820656424191617e-10,0.0,1.0999980485915481,-2.992957731274576e-06
958620,0.11971830866880004,-1.8208885379898734e-10,0.0,1.0999980485915481,-2.992957731248857e-06
958680,0.1197183086682721,-1.8211047452076774e-10,0.0,1.0999980485915481,-2.9929577312232746e-06
958740,0.11971830866775716,-1.8213050161929365e-10,0.0,1.0999980485915481,-2.9929577311978284e-06
958800,0.11971830866725527,-1.821489321293558e-10,0.0,1.0999980485915481,-2.992957731172519e-06
958860,0.11971830866676644,-1.82165763085745e-10,0.0,1.0999980485915481,-2.992957731147347e-06
958920,0.11971830866629071,-1.821809915232519e-10,0.0,1.0999980485915481,-2.9929577311223125e-06
958980,0.1197183086658281,-1.8219461447666728e-10,0.0,1.0999980485915481,-2.9929577310974156e-06
959040,0.11971830866537862,-1.8220662898078193e-10,0.0,1.0999980485915481,-2.9929577310726573e-06
959100,0.11971830866494233,-1.822170320703865e-10,0.0,1.0999980485915481,-2.9929577310480374e-06
959160,0.11971830866451923,-1.8222582078027179e-10,0.0,1.0999980485915481,-2.9929577310235565e-06
959220,0.11971830866410936,-1.8223299214522854e-10,0.0,1.0999980485915481,-2.992957730999215e-06
959280,0.11971830866371275,-1.822385432000475e-10,0.0,1.0999980485915481,-2.9929577309750126e-06
959340,0.1197183086633294,-1.822424709795194e-10,0.0,1.0999980485915484,-2.99295773095095e-06
959400,0.11971830866295936,-1.8224477251843496e-10,0.0,1.0999980485915484,-2.992957730927028e-06
959460,0.11971830866260266,-1.8224544485158497e-10,0.0,1.0999980485915484,-2.992957730903247e-06
959520,0.11971830866225931,-1.8224448501376016e-10,0.0,1.0999980485915484,-2.992957730879606e-06
959580,0.11971830866192935,-1.8224189003975123e-10,0.0,1.0999980485915484,-2.992957730856107e-06
959640,0.1197183086616128,-1.8223765696434897e-10,0.0,1.0999980485915484,-2.9929577308327496e-06
959700,0.11971830866130968,-1.8223178282234415e-10,0.0,1.0999980485915484,-2.9929577308095337e-06
959760,0.11971830866102004,-1.8222426464852743e-10,0.0,1.0999980485915484,-2.9929577307864605e-06
959820,0.11971830866074389,-1.822150994776896e-10,0.0,1.0999980485915484,-2.9929577307635296e-06
959880,0.11971830866048123,-1.822042843446214e-10,0.0,1.0999980485915484,-2.992957730740742e-06
959940,0.11971830866023214,-1.821918162841136e-10,0.0,1.0999980485915484,-2.9929577307180973e-06
960000,0.11971830865999661,-1.821776923309569e-10,0.0,1.0999980485915484,-2.9929577306955963e-06
960060,0.11971830865977467,-1.8216190951994206e-10,0.0,1.0999980485915484,-2.9929577306732397e-06
960120,0.11971830865956637,-1.8214446488585982e-10,0.0,1.0999980485915484,-2.992957730651027e-06
960180,0.1197183086593717,-1.8212535546350092e-10,0.0,1.0999980485915484,-2.9929577306289594e-06
960240,0.11971830865919073,-1.821045782876561e-10,0.0,1.0999980485915484,-2.9929577306070365e-06
960300,0.11971830865902344,-1.8208213039311615e-10,0.0,1.0999980485915484,-2.992957730585259e-06
960360,0.1197183086588699,-1.8205800881467173e-10,0.0,1.0999980485915484,-2.9929577305636273e-06
960420,0.1197183086587301,-1.8203221058711366e-10,0.0,1.0999980485915484,-2.9929577305421415e-06
960480,0.11971830865860408,-1.8200473274523264e-10,0.0,1.0999980485915486,-2.9929577305208018e-06
960540,0.11971830865849188,-1.8197557232381942e-10,0.0,1.0999980485915486,-2.992957730499609e-06
960600,0.1197183086583935,-1.8194472635766478e-10,0.0,1.0999980485915486,-2.9929577304785636e-06
960660,0.119718308658309,-1.819121918815594e-10,0.0,1.0999980485915486,-2.992957730457665e-06
960720,0.11971830865823838,-1.8187796593029406e-10,0.0,1.0999980485915486,-2.9929577304369146e-06
960780,0.11971830865818167,-1.8184204553865947e-10,0.0,1.0999980485915486,-2.992957730416312e-06
960840,0.11971830865813891,-1.8180442774144643e-10,0.0,1.0999980485915486,-2.992957730395858e-06
960900,0.1197183086581101,-1.8176510957344567e-10,0.0,1.0999980485915486,-2.992957730375553e-06
960960,0.11971830865809531,-1.817240880694479e-10,0.0,1.0999980485915486,-2.9929577303553966e-06
961020,0.11971830865809452,-1.8168136026424385e-10,0.0,1.0999980485915486,-2.9929577303353896e-06
961080,0.11971830865810779,-1.8163692319262433e-10,0.0,1.0999980485915486,-2.9929577303155326e-06
961140,0.11971830865813513,-1.8159077388938004e-10,0.0,1.0999980485915486,-2.9929577302958256e-06
961200,0.11971830865817656,-1.8154290938930172e-10,0.0,1.0999980485915486,-2.9929577302762693e-06
961260,0.11971830865823213,-1.8149332672718012e-10,0.0,1.0999980485915486,-2.9929577302568633e-06
961320,0.11971830865830184,-1.81442022937806e-10,0.0,1.0999980485915486,-2.9929577302376086e-06
961380,0.11971830865838574,-1.8138899505597007e-10,0.0,1.0999980485915486,-2.9929577302185054e-06
961440,0.11971830865848385,-1.813342401164631e-10,0.0,1.0999980485915486,-2.9929577301995544e-06
961500,0.11971830865859617,-1.8127775515407583e-10,0.0,1.0999980485915488,-2.992957730180755e-06
961560,0.11971830865872278,-1.8121953720359899e-10,0.0,1.0999980485915488,-2.9929577301621083e-06
961620,0.11971830865886365,-1.8115958329982334e-10,0.0,1.0999980485915488,-2.992957730143614e-06
961680,0.11971830865901885,-1.8109789047753962e-10,0.0,1.0999980485915488,-2.992957730125274e-06
961740,0.11971830865918838,-1.8103445577153856e-10,0.0,1.0999980485915488,-2.9929577301070863e-06
961800,0.11971830865937227,-1.809692762166109e-10,0.0,1.0999980485915488,-2.992957730089053e-06
961860,0.11971830865957056,-1.809023488475474e-10,0.0,1.0999980485915488,-2.992957730071174e-06
961920,0.11971830865978327,-1.8083367069913881e-10,0.0,1.0999980485915488,-2.992957730053449e-06
961980,0.11971830866001042,-1.8076323880617583e-10,0.0,1.0999980485915488,-2.992957730035879e-06
962040,0.11971830866025204,-1.8069105020344926e-10,0.0,1.0999980485915488,-2.9929577300184646e-06
962100,0.11971830866050816,-1.8061710192574983e-10,0.0,1.0999980485915488,-2.9929577300012055e-06
962160,0.1197183086607788,-1.8054139100786823e-10,0.0,1.0999980485915488,-2.992957729984102e-06
962220,0.11971830866106399,-1.8046391448459527e-10,0.0,1.0999980485915488,-2.992957729967155e-06
962280,0.11971830866136376,-1.8038466939072166e-10,0.0,1.0999980485915488,-2.9929577299503645e-06
962340,0.11971830866167814,-1.8030365276103814e-10,0.0,1.0999980485915488,-2.992957729933731e-06
962400,0.11971830866200715,-1.8022086163033546e-10,0.0,1.0999980485915488,-2.9929577299172548e-06
962460,0.11971830866235081,-1.8013629303340438e-10,0.0,1.0999980485915488,-2.992957729900936e-06
962520,0.11971830866270915,-1.8004994400503562e-10,0.0,1.099998048591549,-2.9929577298847753e-06
962580,0.11971830866308221,-1.7996181158001993e-10,0.0,1.099998048591549,-2.9929577298687727e-06
962640,0.11971830866347,-1.7987189279314805e-10,0.0,1.099998048591549,-2.9929577298529286e-06
962700,0.11971830866387255,-1.7978018467921075e-10,0.0,1.099998048591549,-2.9929577298372436e-06
962760,0.1197183086642899,-1.7968668427299873e-10,0.0,1.099998048591549,-2.9929577298217175e-06
962820,0.11971830866472205,-1.7959138860930276e-10,0.0,1.099998048591549,-2.9929577298063515e-06
962880,0.11971830866516905,-1.794942947229136e-10,0.0,1.099998048591549,-2.9929577297911456e-06
962940,0.11971830866563092,-1.7939539964862192e-10,0.0,1.099998048591549,-2.9929577297760993e-06
963000,0.11971830866610768,-1.7929470042121855e-10,0.0,1.099998048591549,-2.9929577297612144e-06
963060,0.11971830866659937,-1.7919219407549418e-10,0.0,1.099998048591549,-2.99295772974649e-06
963120,0.119718308667106,-1.790878776462396e-10,0.0,1.099998048591549,-2.992957729731927e-06
963180,0.11971830866762762,-1.7898174816824547e-10,0.0,1.099998048591549,-2.9929577297175257e-06
963240,0.11971830866816423,-1.7887380267630265e-10,0.0,1.099998048591549,-2.9929577297032862e-06
963300,0.11971830866871586,-1.7876403820520177e-10,0.0,1.099998048591549,-2.9929577296892094e-06
963360,0.11971830866928256,-1.7865245178973363e-10,0.0,1.099998048591549,-2.9929577296752947e-06
963420,0.11971830866986433,-1.7853904046468897e-10,0.0,1.0999980485915493,-2.9929577296615436e-06
963480,0.1197183086704612,-1.7842380126485853e-10,0.0,1.0999980485915493,-2.9929577296479555e-06
963540,0.11971830867107322,-1.7830673122503307e-10,0.0,1.0999980485915493,-2.9929577296345313e-06
963600,0.11971830867170039,-1.781878273800033e-10,0.0,1.0999980485915493,-2.992957729621271e-06
963660,0.11971830867234275,-1.7806708676455996e-10,0.0,1.0999980485915493,-2.992957729608175e-06
963720,0.11971830867300032,-1.7794450641349385e-10,0.0,1.0999980485915493,-2.9929577295952438e-06
963780,0.11971830867367314,-1.7782008336159564e-10,0.0,1.0999980485915493,-2.9929577295824777e-06
963840,0.11971830867436122,-1.7769381464365612e-10,0.0,1.0999980485915493,-2.9929577295698773e-06
963900,0.11971830867506458,-1.7756569729446604e-10,0.0,1.0999980485915493,-2.992957729557442e-06
963960,0.11971830867578327,-1.774357283488161e-10,0.0,1.0999980485915493,-2.992957729545173e-06
964020,0.11971830867651731,-1.7730390484149707e-10,0.0,1.0999980485915493,-2.9929577295330707e-06
964080,0.11971830867726672,-1.771702238072997e-10,0.0,1.0999980485915493,-2.9929577295211347e-06
964140,0.11971830867803153,-1.770346822810147e-10,0.0,1.0999980485915493,-2.992957729509366e-06
964200,0.11971830867881177,-1.7689727729743285e-10,0.0,1.0999980485915493,-2.992957729497765e-06
964260,0.11971830867960745,-1.7675800589134488e-10,0.0,1.0999980485915493,-2.9929577294863314e-06
964320,0.1197183086804186,-1.7661686509754155e-10,0.0,1.0999980485915495,-2.992957729475066e-06
964380,0.11971830868124528,-1.7647385195081355e-10,0.0,1.0999980485915495,-2.9929577294639693e-06
964440,0.11971830868208748,-1.7632896348595168e-10,0.0,1.0999980485915495,-2.992957729453041e-06
964500,0.11971830868294524,-1.7618219673774668e-10,0.0,1.0999980485915495,-2.992957729442282e-06
964560,0.11971830868381857,-1.7603354874098924e-10,0.0,1.0999980485915495,-2.9929577294316923e-06
964620,0.11971830868470752,-1.7588301653047015e-10,0.0,1.0999980485915495,-2.9929577294212725e-06
964680,0.11971830868561212,-1.7573059714098014e-10,0.0,1.0999980485915495,-2.992957729411023e-06
964740,0.11971830868653237,-1.7557628760730997e-10,0.0,1.0999980485915495,-2.992957729400944e-06
964800,0.1197183086874683,-1.7542008496425036e-10,0.0,1.0999980485915495,-2.9929577293910356e-06
964860,0.11971830868841997,-1.7526198624659207e-10,0.0,1.0999980485915495,-2.9929577293812985e-06
964920,0.11971830868938736,-1.7510198848912583e-10,0.0,1.0999980485915495,-2.992957729371733e-06
964980,0.11971830869037055,-1.7494008872664236e-10,0.0,1.0999980485915495,-2.9929577293623394e-06
965040,0.11971830869136951,-1.7477628399393247e-10,0.0,1.0999980485915495,-2.9929577293531177e-06
965100,0.1197183086923843,-1.7461057132578685e-10,0.0,1.0999980485915495,-2.9929577293440684e-06
965160,0.11971830869341495,-1.7444294775699625e-10,0.0,1.0999980485915495,-2.9929577293351924e-06
965220,0.11971830869446146,-1.742734103223514e-10,0.0,1.0999980485915497,-2.9929577293264895e-06
965280,0.11971830869552388,-1.741019560566431e-10,0.0,1.0999980485915497,-2.99295772931796e-06
965340,0.11971830869660223,-1.7392858199466203e-10,0.0,1.0999980485915497,-2.9929577293096044e-06
965400,0.11971830869769652,-1.7375328517119898e-10,0.0,1.0999980485915497,-2.992957729301423e-06
965460,0.11971830869880681,-1.7357606262104467e-10,0.0,1.0999980485915497,-2.9929577292934163e-06
965520,0.11971830869993311,-1.7339691137898983e-10,0.0,1.0999980485915497,-2.992957729285584e-06
965580,0.11971830870107543,-1.7321582847982524e-10,0.0,1.0999980485915497,-2.992957729277928e-06
965640,0.11971830870223382,-1.730328109583416e-10,0.0,1.0999980485915497,-2.992957729270447e-06
965700,0.1197183087034083,-1.7284785584932968e-10,0.0,1.0999980485915497,-2.9929577292631416e-06
965760,0.11971830870459889,-1.7266096018758023e-10,0.0,1.0999980485915497,-2.9929577292560126e-06
965820,0.11971830870580562,-1.7247212100788396e-10,0.0,1.0999980485915497,-2.9929577292490606e-06
965880,0.11971830870702851,-1.7228133534503166e-10,0.0,1.0999980485915497,-2.992957729242285e-06
965940,0.1197183087082676,-1.7208860023381402e-10,0.0,1.0999980485915497,-2.992957729235687e-06
966000,0.11971830870952292,-1.7189391270902184e-10,0.0,1.0999980485915497,-2.9929577292292667e-06
966060,0.11971830871079449,-1.7169726980544583e-10,0.0,1.09999804859155,-2.992957729223024e-06
966120,0.11971830871208232,-1.7149866855787672e-10,0.0,1.09999804859155,-2.99295772921696e-06
966180,0.11971830871338646,-1.7129810600110527e-10,0.0,1.09999804859155,-2.9929577292110745e-06
966240,0.11971830871470691,-1.7109557916992223e-10,0.0,1.09999804859155,-2.992957729205368e-06
966300,0.11971830871604372,-1.7089108509911833e-10,0.0,1.09999804859155,-2.9929577291998407e-06
966360,0.11971830871739692,-1.7068462082348433e-10,0.0,1.09999804859155,-2.992957729194493e-06
966420,0.11971830871876651,-1.7047618337781096e-10,0.0,1.09999804859155,-2.9929577291893257e-06
966480,0.11971830872015254,-1.7026576979688898e-10,0.0,1.09999804859155,-2.9929577291843384e-06
966540,0.11971830872155503,-1.700533771155091e-10,0.0,1.09999804859155,-2.992957729179532e-06
966600,0.11971830872297401,-1.6983900236846208e-10,0.0,1.09999804859155,-2.9929577291749062e-06
966660,0.11971830872440949,-1.6962264259053868e-10,0.0,1.09999804859155,-2.992957729170462e-06
966720,0.11971830872586152,-1.6940429481652962e-10,0.0,1.09999804859155,-2.9929577291661996e-06
966780,0.11971830872733011,-1.6918395608122566e-10,0.0,1.09999804859155,-2.992957729162119e-06
966840,0.11971830872881528,-1.6896162341941753e-10,0.0,1.0999980485915501,-2.992957729158221e-06
966900,0.11971830873031708,-1.6873729386589596e-10,0.0,1.0999980485915501,-2.9929577291545054e-06
966960,0.11971830873183552,-1.6851096445545173e-10,0.0,1.0999980485915501,-2.9929577291509733e-06
967020,0.11971830873337064,-1.6828263222287555e-10,0.0,1.0999980485915501,-2.992957729147624e-06
967080,0.11971830873492245,-1.680522942029582e-10,0.0,1.0999980485915501,-2.992957729144459e-06
967140,0.11971830873649099,-1.6781994743049038e-10,0.0,1.0999980485915501,-2.992957729141478e-06
967200,0.11971830873807626,-1.6758558894026287e-10,0.0,1.0999980485915501,-2.992957729138681e-06
967260,0.11971830873967833,-1.673492157670664e-10,0.0,1.0999980485915501,-2.9929577291360693e-06
967320,0.1197183087412972,-1.6711082494569167e-10,0.0,1.0999980485915501,-2.9929577291336426e-06
967380,0.11971830874293289,-1.6687041351092952e-10,0.0,1.0999980485915501,-2.9929577291314013e-06
967440,0.11971830874458544,-1.666279784975706e-10,0.0,1.0999980485915501,-2.9929577291293456e-06
967500,0.11971830874625487,-1.663835169404057e-10,0.0,1.0999980485915501,-2.992957729127476e-06
967560,0.11971830874794122,-1.6613702587422554e-10,0.0,1.0999980485915501,-2.992957729125793e-06
967620,0.1197183087496445,-1.658885023338209e-10,0.0,1.0999980485915504,-2.992957729124297e-06
967680,0.11971830875136474,-1.6563794335398247e-10,0.0,1.0999980485915504,-2.9929577291229873e-06
967740,0.11971830875310197,-1.6538534596950105e-10,0.0,1.0999980485915504,-2.992957729121866e-06
967800,0.11971830875485621,-1.6513070721516734e-10,0.0,1.0999980485915504,-2.992957729120932e-06
967860,0.1197183087566275,-1.648740241257721e-10,0.0,1.0999980485915504,-2.992957729120186e-06
967920,0.11971830875841585,-1.6461529373610608e-10,0.0,1.0999980485915504,-2.992957729119629e-06
967980,0.11971830876022131,-1.6435451308095999e-10,0.0,1.0999980485915504,-2.992957729119261e-06
968040,0.11971830876204388,-1.640916791951246e-10,0.0,1.0999980485915504,-2.9929577291190812e-06
968100,0.1197183087638836,-1.6382678911339069e-10,0.0,1.0999980485915504,-2.992957729119092e-06
968160,0.1197183087657405,-1.6355983987054894e-10,0.0,1.0999980485915504,-2.9929577291192917e-06
968220,0.11971830876761459,-1.632908285013901e-10,0.0,1.0999980485915504,-2.992957729119682e-06
968280,0.11971830876950591,-1.6301975204070495e-10,0.0,1.0999980485915504,-2.992957729120263e-06
968340,0.1197183087714145,-1.6274660752328422e-10,0.0,1.0999980485915506,-2.992957729121035e-06
968400,0.11971830877334035,-1.6247139198391864e-10,0.0,1.0999980485915506,-2.9929577291219976e-06
968460,0.11971830877528351,-1.6219410245739894e-10,0.0,1.0999980485915506,-2.992957729123152e-06
968520,0.11971830877724401,-1.619147359785159e-10,0.0,1.0999980485915506,-2.9929577291244984e-06
968580,0.11971830877922188,-1.6163328958206024e-10,0.0,1.0999980485915506,-2.992957729126037e-06
968640,0.11971830878121711,-1.6134976030282271e-10,0.0,1.0999980485915506,-2.9929577291277684e-06
968700,0.11971830878322977,-1.6106414517559407e-10,0.0,1.0999980485915506,-2.9929577291296924e-06
968760,0.11971830878525987,-1.60776441235165e-10,0.0,1.0999980485915506,-2.9929577291318096e-06
968820,0.11971830878730744,-1.6048664551632635e-10,0.0,1.0999980485915506,-2.9929577291341207e-06
968880,0.1197183087893725,-1.6019475505386877e-10,0.0,1.0999980485915506,-2.9929577291366254e-06
968940,0.11971830879145506,-1.5990076688258303e-10,0.0,1.0999980485915506,-2.9929577291393245e-06
969000,0.11971830879355518,-1.5960467803725988e-10,0.0,1.0999980485915506,-2.9929577291422184e-06
969060,0.11971830879567287,-1.5930648555269008e-10,0.0,1.0999980485915506,-2.992957729145307e-06
969120,0.11971830879780816,-1.5900618646366434e-10,0.0,1.0999980485915508,-2.992957729148591e-06
969180,0.11971830879996108,-1.587037778049734e-10,0.0,1.0999980485915508,-2.9929577291520706e-06
969240,0.11971830880213165,-1.5839925661140804e-10,0.0,1.0999980485915508,-2.992957729155746e-06
969300,0.11971830880431988,-1.58092619917759e-10,0.0,1.0999980485915508,-2.9929577291596177e-06
969360,0.11971830880652584,-1.5778386475881698e-10,0.0,1.0999980485915508,-2.9929577291636864e-06
969420,0.11971830880874952,-1.5747298816937275e-10,0.0,1.0999980485915508,-2.9929577291679517e-06
969480,0.11971830881099095,-1.5715998718421708e-10,0.0,1.0999980485915508,-2.9929577291724147e-06
969540,0.11971830881325017,-1.5684485883814065e-10,0.0,1.0999980485915508,-2.992957729177075e-06
969600,0.11971830881552721,-1.5652760016593425e-10,0.0,1.0999980485915508,-2.9929577291819336e-06
969660,0.11971830881782207,-1.5620820820238863e-10,0.0,1.0999980485915508,-2.9929577291869904e-06
969720,0.1197183088201348,-1.558866799822945e-10,0.0,1.0999980485915508,-2.992957729192246e-06
969780,0.11971830882246542,-1.5556301254044263e-10,0.0,1.099998048591551,-2.9929577291977003e-06
969840,0.11971830882481396,-1.5523720291162376e-10,0.0,1.099998048591551,-2.9929577292033542e-06
969900,0.11971830882718044,-1.549092481306286e-10,0.0,1.099998048591551,-2.9929577292092077e-06
969960,0.1197183088295649,-1.5457914523224793e-10,0.0,1.099998048591551,-2.9929577292152614e-06
970020,0.11971830883196734,-1.5424689125127248e-10,0.0,1.099998048591551,-2.992957729221515e-06
970080,0.11971830883438782,-1.53912483222493e-10,0.0,1.099998048591551,-2.99295772922797e-06
970140,0.11971830883682633,-1.5357591818070023e-10,0.0,1.099998048591551,-2.992957729234626e-06
970200,0.11971830883928293,-1.532371931606849e-10,0.0,1.099998048591551,-2.992957729241483e-06
970260,0.11971830884175762,-1.5289630519723777e-10,0.0,1.099998048591551,-2.9929577292485418e-06
970320,0.11971830884425044,-1.5255325132514958e-10,0.0,1.099998048591551,-2.992957729255803e-06
970380,0.11971830884676142,-1.5220802857921105e-10,0.0,1.099998048591551,-2.992957729263266e-06
970440,0.11971830884929058,-1.5186063399421296e-10,0.0,1.099998048591551,-2.9929577292709322e-06
970500,0.11971830885183796,-1.5151106460494605e-10,0.0,1.0999980485915513,-2.9929577292788016e-06
970560,0.11971830885440356,-1.5115931744620103e-10,0.0,1.0999980485915513,-2.9929577292868742e-06
970620,0.11971830885698742,-1.5080538955276868e-10,0.0,1.0999980485915513,-2.9929577292951506e-06
970680,0.11971830885958958,-1.504492779594397e-10,0.0,1.0999980485915513,-2.9929577293036315e-06
970740,0.11971830886221003,-1.5009097970100488e-10,0.0,1.0999980485915513,-2.9929577293123166e-06
970800,0.11971830886484884,-1.4973049181225493e-10,0.0,1.0999980485915513,-2.992957729321206e-06
970860,0.11971830886750602,-1.4936781132798063e-10,0.0,1.0999980485915513,-2.992957729330301e-06
970920,0.11971830887018159,-1.4900293528297267e-10,0.0,1.0999980485915513,-2.9929577293396016e-06
970980,0.11971830887287557,-1.4863586071202185e-10,0.0,1.0999980485915513,-2.992957729349108e-06
971040,0.119718308875588,-1.4826658464991885e-10,0.0,1.0999980485915513,-2.9929577293588204e-06
971100,0.11971830887831891,-1.4789510413145448e-10,0.0,1.0999980485915513,-2.9929577293687395e-06
971160,0.11971830888106832,-1.4752141619141943e-10,0.0,1.0999980485915515,-2.992957729378865e-06
971220,0.11971830888383625,-1.4714551786460448e-10,0.0,1.0999980485915515,-2.992957729389198e-06
971280,0.11971830888662273,-1.4676740618580034e-10,0.0,1.0999980485915515,-2.9929577293997384e-06
971340,0.1197183088894278,-1.4638707818979779e-10,0.0,1.0999980485915515,-2.992957729410487e-06
971400,0.11971830889225146,-1.4600453091138753e-10,0.0,1.0999980485915515,-2.992957729421443e-06
971460,0.11971830889337746,-1.4583931577629472e-10,0.0,1.0999980485915515,-2.992957729418307e-06
971520,0.1197183088920206,-1.459918804734908e-10,0.0,1.0999980485915515,-2.992957729394535e-06
971580,0.11971830889066723,-1.461441605274975e-10,0.0,1.0999980485915515,-2.9929577293708457e-06
971640,0.11971830888931735,-1.4629615530643364e-10,0.0,1.0999980485915515,-2.992957729347239e-06
971700,0.11971830888797098,-1.4644786417841813e-10,0.0,1.0999980485915515,-2.992957729323715e-06
971760,0.11971830888662814,-1.4659928651156975e-10,0.0,1.0999980485915515,-2.9929577293002747e-06
971820,0.11971830888528881,-1.4675042167400738e-10,0.0,1.0999980485915515,-2.9929577292769174e-06
971880,0.11971830888395302,-1.4690126903384981e-10,0.0,1.0999980485915515,-2.992957729253644e-06
971940,0.11971830888262078,-1.4705182795921593e-10,0.0,1.0999980485915517,-2.992957729230454e-06
972000,0.11971830888129208,-1.4720209781822458e-10,0.0,1.0999980485915517,-2.992957729207348e-06
972060,0.11971830887996694,-1.4735207797899453e-10,0.0,1.0999980485915517,-2.992957729184326e-06
972120,0.11971830887864536,-1.4750176780964472e-10,0.0,1.0999980485915517,-2.9929577291613884e-06
972180,0.11971830887732736,-1.476511666782939e-10,0.0,1.0999980485915517,-2.9929577291385355e-06
972240,0.11971830887601295,-1.4780027395306098e-10,0.0,1.0999980485915517,-2.9929577291157672e-06
972300,0.11971830887470213,-1.4794908900206475e-10,0.0,1.0999980485915517,-2.9929577290930837e-06
972360,0.1197183088733949,-1.4809761119342402e-10,0.0,1.0999980485915517,-2.9929577290704853e-06
972420,0.11971830887209128,-1.4824583989525775e-10,0.0,1.0999980485915517,-2.992957729047972e-06
972480,0.11971830887079128,-1.4839377447568467e-10,0.0,1.0999980485915517,-2.9929577290255442e-06
972540,0.1197183088694949,-1.4854141430282365e-10,0.0,1.0999980485915517,-2.992957729003202e-06
972600,0.11971830886820216,-1.4868875874479353e-10,0.0,1.0999980485915517,-2.992957728980946e-06
972660,0.11971830886691305,-1.4883580716971318e-10,0.0,1.0999980485915517,-2.9929577289587756e-06
972720,0.11971830886562759,-1.4898255894570138e-10,0.0,1.0999980485915517,-2.9929577289366913e-06
972780,0.1197183088643458,-1.49129013440877e-10,0.0,1.0999980485915517,-2.9929577289146935e-06
972840,0.11971830886306767,-1.492751700233589e-10,0.0,1.0999980485915517,-2.9929577288927824e-06
972900,0.11971830886179322,-1.494210280612659e-10,0.0,1.0999980485915517,-2.9929577288709578e-06
972960,0.11971830886052244,-1.4956658692271683e-10,0.0,1.0999980485915517,-2.9929577288492204e-06
973020,0.11971830885925536,-1.4971184597583057e-10,0.0,1.0999980485915517,-2.9929577288275698e-06
973080,0.11971830885799196,-1.498568045887259e-10,0.0,1.0999980485915517,-2.992957728806007e-06
973140,0.11971830885673229,-1.500014621295217e-10,0.0,1.0999980485915517,-2.992957728784531e-06
973200,0.11971830885547632,-1.5014581796633677e-10,0.0,1.0999980485915517,-2.992957728763143e-06
973260,0.11971830885422408,-1.5028987146728998e-10,0.0,1.0999980485915517,-2.9929577287418433e-06
973320,0.11971830885297557,-1.5043362200050019e-10,0.0,1.0999980485915517,-2.992957728720631e-06
973380,0.1197183088517308,-1.505770689340862e-10,0.0,1.0999980485915517,-2.9929577286995073e-06
973440,0.11971830885048979,-1.5072021163616692e-10,0.0,1.0999980485915517,-2.992957728678472e-06
973500,0.11971830884925252,-1.508630494748611e-10,0.0,1.0999980485915517,-2.9929577286575254e-06
973560,0.11971830884801903,-1.5100558181828757e-10,0.0,1.0999980485915517,-2.992957728636667e-06
973620,0.1197183088467893,-1.5114780803456526e-10,0.0,1.0999980485915517,-2.9929577286158984e-06
973680,0.11971830884556335,-1.5128972749181298e-10,0.0,1.0999980485915517,-2.9929577285952185e-06
973740,0.11971830884434119,-1.5143133955814952e-10,0.0,1.0999980485915517,-2.9929577285746284e-06
973800,0.11971830884312283,-1.5157264360169377e-10,0.0,1.0999980485915517,-2.9929577285541276e-06
973860,0.11971830884190829,-1.5171363899056453e-10,0.0,1.0999980485915517,-2.9929577285337167e-06
973920,0.11971830884069755,-1.5185432509288068e-10,0.0,1.0999980485915517,-2.9929577285133955e-06
973980,0.11971830883949064,-1.5199470127676101e-10,0.0,1.0999980485915517,-2.9929577284931645e-06
974040,0.11971830883828755,-1.5213476691032443e-10,0.0,1.0999980485915517,-2.992957728473024e-06
974100,0.11971830883708831,-1.5227452136168974e-10,0.0,1.0999980485915517,-2.9929577284529737e-06
974160,0.1197183088358929,-1.5241396399897578e-10,0.0,1.0999980485915517,-2.992957728433014e-06
974220,0.11971830883470137,-1.5255309419030137e-10,0.0,1.0999980485915517,-2.9929577284131453e-06
974280,0.11971830883351368,-1.5269191130378538e-10,0.0,1.0999980485915517,-2.992957728393368e-06
974340,0.11971830883232988,-1.528304147075466e-10,0.0,1.0999980485915517,-2.9929577283736817e-06
974400,0.11971830883114996,-1.5296860376970393e-10,0.0,1.099998048591552,-2.992957728354087e-06
974460,0.11971830882997392,-1.531064778583762e-10,0.0,1.099998048591552,-2.9929577283345835e-06
974520,0.11971830882880179,-1.5324403634168226e-10,0.0,1.099998048591552,-2.992957728315172e-06
974580,0.11971830882763355,-1.533812785877409e-10,0.0,1.099998048591552,-2.992957728295853e-06
974640,0.11971830882646924,-1.53518203964671e-10,0.0,1.099998048591552,-2.9929577282766257e-06
974700,0.11971830882530883,-1.5365481184059133e-10,0.0,1.099998048591552,-2.9929577282574908e-06
974760,0.11971830882415237,-1.5379110158362082e-10,0.0,1.099998048591552,-2.992957728238448e-06
974820,0.11971830882299983,-1.5392707256187827e-10,0.0,1.099998048591552,-2.992957728219499e-06
974880,0.11971830882185125,-1.5406272414348252e-10,0.0,1.099998048591552,-2.992957728200642e-06
974940,0.11971830882070662,-1.5419805569655242e-10,0.0,1.099998048591552,-2.9929577281818787e-06
975000,0.11971830881956595,-1.543330665892068e-10,0.0,1.099998048591552,-2.992957728163209e-06
975060,0.11971830881842926,-1.544677561895645e-10,0.0,1.099998048591552,-2.992957728144632e-06
975120,0.11971830881729655,-1.5460212386574437e-10,0.0,1.099998048591552,-2.992957728126149e-06
975180,0.11971830881616782,-1.5473616898586522e-10,0.0,1.099998048591552,-2.99295772810776e-06
975240,0.1197183088150431,-1.5486989091804592e-10,0.0,1.099998048591552,-2.992957728089465e-06
975300,0.11971830881392237,-1.550032890304053e-10,0.0,1.099998048591552,-2.9929577280712642e-06
975360,0.11971830881280565,-1.551363626910622e-10,0.0,1.099998048591552,-2.992957728053158e-06
975420,0.11971830881169296,-1.5526911126813546e-10,0.0,1.099998048591552,-2.9929577280351463e-06
975480,0.1197183088105843,-1.554015341297439e-10,0.0,1.099998048591552,-2.9929577280172294e-06
975540,0.11971830880947967,-1.555336306440064e-10,0.0,1.099998048591552,-2.9929577279994074e-06
975600,0.1197183088083791,-1.5566540017904177e-10,0.0,1.099998048591552,-2.9929577279816807e-06
975660,0.11971830880728257,-1.5579684210296883e-10,0.0,1.099998048591552,-2.9929577279640493e-06
975720,0.11971830880619011,-1.559279557839065e-10,0.0,1.099998048591552,-2.9929577279465136e-06
975780,0.11971830880510172,-1.5605874058997354e-10,0.0,1.099998048591552,-2.9929577279290736e-06
975840,0.11971830880401739,-1.5618919588928878e-10,0.0,1.099998048591552,-2.99295772791173e-06
975900,0.11971830880293717,-1.5631932104997112e-10,0.0,1.099998048591552,-2.9929577278944817e-06
975960,0.11971830880186103,-1.5644911544013937e-10,0.0,1.099998048591552,-2.99295772787733e-06
976020,0.11971830880078901,-1.5657857842791238e-10,0.0,1.099998048591552,-2.992957727860275e-06
976080,0.11971830879972109,-1.5670770938140898e-10,0.0,1.099998048591552,-2.9929577278433166e-06
976140,0.11971830879865729,-1.5683650766874803e-10,0.0,1.099998048591552,-2.992957727826455e-06
976200,0.11971830879759762,-1.5696497265804833e-10,0.0,1.099998048591552,-2.9929577278096907e-06
976260,0.11971830879654209,-1.5709310371742872e-10,0.0,1.099998048591552,-2.9929577277930236e-06
976320,0.11971830879549071,-1.5722090021500805e-10,0.0,1.099998048591552,-2.992957727776454e-06
976380,0.11971830879444348,-1.5734836151890524e-10,0.0,1.099998048591552,-2.992957727759982e-06
976440,0.1197183087934004,-1.57475486997239e-10,0.0,1.099998048591552,-2.9929577277436077e-06
976500,0.1197183087923615,-1.5760227601812828e-10,0.0,1.099998048591552,-2.9929577277273316e-06
976560,0.11971830879132678,-1.5772872794969183e-10,0.0,1.099998048591552,-2.9929577277111532e-06
976620,0.11971830879029624,-1.578548421600485e-10,0.0,1.099998048591552,-2.9929577276950736e-06
976680,0.1197183087892699,-1.5798061801731717e-10,0.0,1.099998048591552,-2.9929577276790926e-06
976740,0.11971830878824775,-1.581060548896167e-10,0.0,1.099998048591552,-2.9929577276632103e-06
976800,0.11971830878722982,-1.5823115214506592e-10,0.0,1.099998048591552,-2.9929577276474267e-06
976860,0.11971830878621612,-1.5835590915178355e-10,0.0,1.099998048591552,-2.9929577276317426e-06
976920,0.11971830878520663,-1.5848032527788862e-10,0.0,1.099998048591552,-2.9929577276161576e-06
976980,0.11971830878420138,-1.5860439989149984e-10,0.0,1.0999980485915521,-2.992957727600672e-06
977040,0.11971830878320038,-1.5872813236073604e-10,0.0,1.0999980485915521,-2.9929577275852863e-06
977100,0.11971830878220363,-1.5885152205371614e-10,0.0,1.0999980485915521,-2.9929577275700007e-06
977160,0.11971830878121113,-1.5897456833855897e-10,0.0,1.0999980485915521,-2.9929577275548147e-06
977220,0.11971830878022291,-1.590972705833833e-10,0.0,1.0999980485915521,-2.9929577275397294e-06
977280,0.11971830877923896,-1.5921962815630802e-10,0.0,1.0999980485915521,-2.992957727524744e-06
977340,0.11971830877825931,-1.5934164042545198e-10,0.0,1.0999980485915521,-2.9929577275098597e-06
977400,0.11971830877728394,-1.59463306758934e-10,0.0,1.0999980485915521,-2.9929577274950764e-06
977460,0.11971830877631287,-1.5958462652487288e-10,0.0,1.0999980485915521,-2.9929577274803935e-06
977520,0.11971830877534612,-1.5970559909138752e-10,0.0,1.0999980485915521,-2.9929577274658123e-06
977580,0.11971830877438369,-1.5982622382659676e-10,0.0,1.0999980485915521,-2.9929577274513322e-06
977640,0.11971830877342558,-1.5994650009861942e-10,0.0,1.0999980485915521,-2.992957727436954e-06
977700,0.1197183087724718,-1.600664272755743e-10,0.0,1.0999980485915521,-2.992957727422677e-06
977760,0.11971830877152237,-1.6018600472558028e-10,0.0,1.0999980485915521,-2.9929577274085024e-06
977820,0.11971830877057729,-1.603052318167562e-10,0.0,1.0999980485915521,-2.99295772739443e-06
977880,0.11971830876963657,-1.6042410791722093e-10,0.0,1.0999980485915521,-2.9929577273804597e-06
977940,0.11971830876870022,-1.6054263239509325e-10,0.0,1.0999980485915521,-2.992957727366592e-06
978000,0.11971830876776825,-1.60660804618492e-10,0.0,1.0999980485915521,-2.992957727352827e-06
978060,0.11971830876684066,-1.607786239555361e-10,0.0,1.0999980485915521,-2.9929577273391647e-06
978120,0.11971830876591746,-1.608960897743443e-10,0.0,1.0999980485915521,-2.992957727325606e-06
978180,0.11971830876499866,-1.6101320144303548e-10,0.0,1.0999980485915521,-2.99295772731215e-06
978240,0.11971830876408428,-1.6112995832972844e-10,0.0,1.0999980485915521,-2.9929577272987977e-06
978300,0.1197183087631743,-1.612463598025421e-10,0.0,1.0999980485915521,-2.992957727285549e-06
978360,0.11971830876226876,-1.6136240522959523e-10,0.0,1.0999980485915521,-2.9929577272724037e-06
978420,0.11971830876136764,-1.6147809397900672e-10,0.0,1.0999980485915521,-2.9929577272593632e-06
978480,0.11971830876047099,-1.6159342541889534e-10,0.0,1.0999980485915521,-2.9929577272464265e-06
978540,0.11971830875957876,-1.6170839891737998e-10,0.0,1.0999980485915521,-2.992957727233594e-06
978600,0.11971830875869101,-1.6182301384257948e-10,0.0,1.0999980485915521,-2.9929577272208664e-06
978660,0.11971830875780771,-1.6193726956261264e-10,0.0,1.0999980485915521,-2.9929577272082435e-06
978720,0.11971830875692889,-1.6205116544559836e-10,0.0,1.0999980485915521,-2.9929577271957256e-06
978780,0.11971830875605456,-1.6216470085965545e-10,0.0,1.0999980485915521,-2.992957727183313e-06
978840,0.11971830875518473,-1.6227787517290275e-10,0.0,1.0999980485915521,-2.9929577271710054e-06
978900,0.11971830875431938,-1.6239068775345905e-10,0.0,1.0999980485915521,-2.992957727158803e-06
978960,0.11971830875345855,-1.6250313796944327e-10,0.0,1.0999980485915521,-2.992957727146707e-06
979020,0.11971830875260224,-1.626152251889742e-10,0.0,1.0999980485915521,-2.9929577271347164e-06
979080,0.11971830875175045,-1.6272694878017074e-10,0.0,1.0999980485915521,-2.992957727122832e-06
979140,0.11971830875090318,-1.6283830811115163e-10,0.0,1.0999980485915521,-2.992957727111054e-06
979200,0.11971830875006047,-1.629493025500358e-10,0.0,1.0999980485915521,-2.992957727099383e-06
979260,0.1197183087492223,-1.6305993146494204e-10,0.0,1.0999980485915521,-2.992957727087818e-06
979320,0.1197183087483887,-1.631701942239892e-10,0.0,1.0999980485915521,-2.9929577270763596e-06
979380,0.11971830874755966,-1.6328009019529612e-10,0.0,1.0999980485915521,-2.9929577270650086e-06
979440,0.1197183087467352,-1.6338961874698167e-10,0.0,1.0999980485915521,-2.9929577270537646e-06
979500,0.11971830874591531,-1.6349877924716462e-10,0.0,1.0999980485915521,-2.9929577270426283e-06
979560,0.11971830874510002,-1.6360757106396388e-10,0.0,1.0999980485915521,-2.9929577270315995e-06
979620,0.11971830874428932,-1.6371599356549824e-10,0.0,1.0999980485915521,-2.9929577270206782e-06
979680,0.11971830874348323,-1.6382404611988657e-10,0.0,1.0999980485915521,-2.992957727009865e-06
979740,0.11971830874268176,-1.639317280952477e-10,0.0,1.0999980485915524,-2.99295772699916e-06
979800,0.11971830874188492,-1.6403903885970045e-10,0.0,1.0999980485915524,-2.9929577269885634e-06
979860,0.11971830874109271,-1.641459777813637e-10,0.0,1.0999980485915524,-2.992957726978075e-06
979920,0.11971830874030513,-1.6425254422835626e-10,0.0,1.0999980485915524,-2.9929577269676955e-06
979980,0.1197183087395222,-1.64358737568797e-10,0.0,1.0999980485915524,-2.992957726957425e-06
980040,0.11971830873874394,-1.644645571708047e-10,0.0,1.0999980485915524,-2.9929577269472638e-06
980100,0.11971830873797033,-1.6457000240249825e-10,0.0,1.0999980485915524,-2.9929577269372116e-06
980160,0.1197183087372014,-1.6467507263199646e-10,0.0,1.0999980485915524,-2.9929577269272687e-06
980220,0.11971830873643717,-1.6477976722741824e-10,0.0,1.0999980485915524,-2.9929577269174355e-06
980280,0.11971830873567761,-1.6488408555688232e-10,0.0,1.0999980485915524,-2.9929577269077124e-06
980340,0.11971830873492276,-1.6498802698850761e-10,0.0,1.0999980485915524,-2.992957726898099e-06
980400,0.11971830873417261,-1.6509159089041293e-10,0.0,1.0999980485915524,-2.992957726888596e-06
980460,0.11971830873342716,-1.6519477663071712e-10,0.0,1.0999980485915524,-2.9929577268792034e-06
980520,0.11971830873268645,-1.65297583577539e-10,0.0,1.0999980485915524,-2.992957726869921e-06
980580,0.11971830873195047,-1.654000110989975e-10,0.0,1.0999980485915524,-2.99295772686075e-06
980640,0.11971830873121923,-1.6550205856321134e-10,0.0,1.0999980485915524,-2.9929577268516897e-06
980700,0.11971830873049275,-1.6560372533829942e-10,0.0,1.0999980485915524,-2.9929577268427408e-06
980760,0.119718308729771,-1.6570501079238055e-10,0.0,1.0999980485915524,-2.992957726833903e-06
980820,0.11971830872905403,-1.658059142935736e-10,0.0,1.0999980485915524,-2.9929577268251767e-06
980880,0.11971830872834183,-1.6590643520999742e-10,0.0,1.0999980485915524,-2.992957726816562e-06
980940,0.11971830872763442,-1.660065729097708e-10,0.0,1.0999980485915524,-2.9929577268080594e-06
981000,0.11971830872693179,-1.6610632676101262e-10,0.0,1.0999980485915524,-2.9929577267996687e-06
981060,0.11971830872623396,-1.6620569613184172e-10,0.0,1.0999980485915524,-2.9929577267913902e-06
981120,0.11971830872554093,-1.6630468039037693e-10,0.0,1.0999980485915524,-2.9929577267832244e-06
981180,0.11971830872485272,-1.6640327890473707e-10,0.0,1.0999980485915524,-2.9929577267751712e-06
981240,0.11971830872416933,-1.6650149104304098e-10,0.0,1.0999980485915524,-2.9929577267672307e-06
981300,0.11971830872349078,-1.6659931617340752e-10,0.0,1.0999980485915524,-2.9929577267594037e-06
981360,0.11971830872281705,-1.6669675366395555e-10,0.0,1.0999980485915524,-2.9929577267516894e-06
981420,0.11971830872214818,-1.6679380288280387e-10,0.0,1.0999980485915524,-2.9929577267440885e-06
981480,0.11971830872148417,-1.6689046319807134e-10,0.0,1.0999980485915524,-2.9929577267366016e-06
981540,0.11971830872082502,-1.669867339778768e-10,0.0,1.0999980485915524,-2.992957726729228e-06
981600,0.11971830872017074,-1.6708261459033903e-10,0.0,1.0999980485915524,-2.9929577267219687e-06
981660,0.11971830871952134,-1.6717810440357698e-10,0.0,1.0999980485915524,-2.9929577267148235e-06
981720,0.11971830871887683,-1.672732027857094e-10,0.0,1.0999980485915524,-2.9929577267077927e-06
981780,0.1197183087182372,-1.6736790910485519e-10,0.0,1.0999980485915524,-2.9929577267008763e-06
981840,0.1197183087176025,-1.6746222272913312e-10,0.0,1.0999980485915524,-2.9929577266940746e-06
981900,0.1197183087169727,-1.6755614302666212e-10,0.0,1.0999980485915524,-2.992957726687388e-06
981960,0.11971830871634782,-1.6764966936556094e-10,0.0,1.0999980485915524,-2.9929577266808164e-06
982020,0.11971830871572788,-1.6774280111394846e-10,0.0,1.0999980485915524,-2.99295772667436e-06
982080,0.11971830871511288,-1.6783553763994354e-10,0.0,1.0999980485915524,-2.992957726668019e-06
982140,0.11971830871450281,-1.6792787831166497e-10,0.0,1.0999980485915524,-2.9929577266617938e-06
982200,0.11971830871389771,-1.6801982249723162e-10,0.0,1.0999980485915524,-2.992957726655684e-06
982260,0.11971830871329757,-1.6811136956476236e-10,0.0,1.0999980485915524,-2.992957726649691e-06
982320,0.11971830871270239,-1.6820251888237596e-10,0.0,1.0999980485915524,-2.992957726643814e-06
982380,0.1197183087121122,-1.6829326981819132e-10,0.0,1.0999980485915524,-2.992957726638053e-06
982440,0.119718308711527,-1.6838362174032722e-10,0.0,1.0999980485915524,-2.992957726632409e-06
982500,0.11971830871094678,-1.6847357401690255e-10,0.0,1.0999980485915524,-2.9929577266268816e-06
982560,0.11971830871037159,-1.6856312601603616e-10,0.0,1.0999980485915524,-2.992957726621471e-06
982620,0.1197183087098014,-1.6865227710584683e-10,0.0,1.0999980485915524,-2.9929577266161777e-06
982680,0.11971830870923622,-1.6874102665445348e-10,0.0,1.0999980485915526,-2.992957726611002e-06
982740,0.11971830870867607,-1.6882937402997484e-10,0.0,1.0999980485915526,-2.9929577266059434e-06
982800,0.11971830870812097,-1.6891731860052985e-10,0.0,1.0999980485915526,-2.9929577266010026e-06
982860,0.11971830870757091,-1.6900485973423729e-10,0.0,1.0999980485915526,-2.99295772659618e-06
982920,0.1197183087070259,-1.6909199679921604e-10,0.0,1.0999980485915526,-2.992957726591475e-06
982980,0.11971830870648596,-1.6917872916358493e-10,0.0,1.0999980485915526,-2.992957726586889e-06
983040,0.11971830870595108,-1.6926505619546277e-10,0.0,1.0999980485915526,-2.9929577265824213e-06
983100,0.1197183087054213,-1.693509772629684e-10,0.0,1.0999980485915526,-2.9929577265780718e-06
983160,0.11971830870489658,-1.6943649173422067e-10,0.0,1.0999980485915526,-2.9929577265738417e-06
983220,0.11971830870437697,-1.6952159897733846e-10,0.0,1.0999980485915526,-2.99295772656973e-06
983280,0.11971830870386246,-1.6960629836044058e-10,0.0,1.0999980485915526,-2.992957726565738e-06
983340,0.11971830870335307,-1.6969058925164588e-10,0.0,1.0999980485915526,-2.992957726561865e-06
983400,0.11971830870284879,-1.6977447101907316e-10,0.0,1.0999980485915526,-2.9929577265581123e-06
983460,0.11971830870234963,-1.6985794303084128e-10,0.0,1.0999980485915526,-2.992957726554479e-06
983520,0.11971830870185562,-1.699410046550691e-10,0.0,1.0999980485915526,-2.9929577265509654e-06
983580,0.11971830870136675,-1.7002365525987543e-10,0.0,1.0999980485915526,-2.9929577265475722e-06
983640,0.11971830870088304,-1.701058942133791e-10,0.0,1.0999980485915526,-2.9929577265442993e-06
983700,0.11971830870040448,-1.7018772088369903e-10,0.0,1.0999980485915526,-2.992957726541147e-06
983760,0.1197183086999311,-1.7026913463895399e-10,0.0,1.0999980485915526,-2.9929577265381155e-06
983820,0.1197183086994629,-1.7035013484726282e-10,0.0,1.0999980485915526,-2.9929577265352047e-06
983880,0.11971830869899987,-1.7043072087674437e-10,0.0,1.0999980485915526,-2.992957726532415e-06
983940,0.11971830869854204,-1.7051089209551748e-10,0.0,1.0999980485915526,-2.992957726529747e-06
984000,0.11971830869808942,-1.70590647871701e-10,0.0,1.0999980485915526,-2.9929577265272e-06
984060,0.11971830869764201,-1.7066998757341374e-10,0.0,1.0999980485915526,-2.9929577265247748e-06
984120,0.11971830869719981,-1.7074891056877457e-10,0.0,1.0999980485915526,-2.9929577265224712e-06
984180,0.11971830869676284,-1.7082741622590233e-10,0.0,1.0999980485915526,-2.99295772652029e-06
984240,0.11971830869633111,-1.7090550391291584e-10,0.0,1.0999980485915526,-2.992957726518231e-06
984300,0.11971830869590462,-1.7098317299793394e-10,0.0,1.0999980485915526,-2.9929577265162943e-06
984360,0.11971830869548339,-1.710604228490755e-10,0.0,1.0999980485915526,-2.9929577265144803e-06
984420,0.11971830869506742,-1.7113725283445932e-10,0.0,1.0999980485915526,-2.9929577265127892e-06
984480,0.1197183086946567,-1.7121366232220427e-10,0.0,1.0999980485915526,-2.9929577265112205e-06
984540,0.11971830869425128,-1.7128965068042918e-10,0.0,1.0999980485915526,-2.9929577265097755e-06
984600,0.11971830869385112,-1.7136521727725284e-10,0.0,1.0999980485915526,-2.9929577265084537e-06
984660,0.11971830869345627,-1.7144036148079418e-10,0.0,1.0999980485915526,-2.9929577265072556e-06
984720,0.11971830869306672,-1.7151508265917197e-10,0.0,1.0999980485915526,-2.992957726506181e-06
984780,0.11971830869268249,-1.7158938018050508e-10,0.0,1.0999980485915526,-2.9929577265052303e-06
984840,0.11971830869230356,-1.7166325341291234e-10,0.0,1.0999980485915526,-2.992957726504404e-06
984900,0.11971830869192997,-1.717367017245126e-10,0.0,1.0999980485915526,-2.992957726503702e-06
984960,0.1197183086915617,-1.7180972448342471e-10,0.0,1.0999980485915526,-2.992957726503124e-06
985020,0.11971830869119879,-1.7188232105776747e-10,0.0,1.0999980485915526,-2.992957726502671e-06
985080,0.11971830869084123,-1.7195449081565972e-10,0.0,1.0999980485915526,-2.9929577265023428e-06
985140,0.11971830869048902,-1.7202623312522035e-10,0.0,1.0999980485915526,-2.9929577265021395e-06
985200,0.11971830869014218,-1.7209754735456814e-10,0.0,1.0999980485915526,-2.9929577265020616e-06
985260,0.11971830868980071,-1.72168432871822e-10,0.0,1.0999980485915526,-2.9929577265021094e-06
985320,0.11971830868946463,-1.7223888904510072e-10,0.0,1.0999980485915526,-2.9929577265022822e-06
985380,0.11971830868913395,-1.7230891524252312e-10,0.0,1.0999980485915526,-2.9929577265025812e-06
985440,0.11971830868880866,-1.723785108322081e-10,0.0,1.0999980485915526,-2.992957726503006e-06
985500,0.11971830868848879,-1.7244767518227446e-10,0.0,1.0999980485915526,-2.992957726503557e-06
985560,0.11971830868817433,-1.7251640766084102e-10,0.0,1.0999980485915526,-2.9929577265042346e-06
985620,0.11971830868786529,-1.7258470763602667e-10,0.0,1.0999980485915526,-2.9929577265050385e-06
985680,0.1197183086875617,-1.7265257447595023e-10,0.0,1.0999980485915526,-2.992957726505969e-06
985740,0.11971830868726353,-1.7272000754873053e-10,0.0,1.0999980485915526,-2.992957726507027e-06
985800,0.11971830868697082,-1.727870062224864e-10,0.0,1.0999980485915526,-2.9929577265082114e-06
985860,0.11971830868668358,-1.728535698653367e-10,0.0,1.0999980485915526,-2.9929577265095235e-06
985920,0.11971830868640179,-1.7291969784540028e-10,0.0,1.0999980485915528,-2.9929577265109626e-06
985980,0.11971830868612549,-1.7298538953079594e-10,0.0,1.0999980485915528,-2.99295772651253e-06
986040,0.11971830868585467,-1.730506442896426e-10,0.0,1.0999980485915528,-2.992957726514225e-06
986100,0.11971830868558933,-1.7311546149005897e-10,0.0,1.0999980485915528,-2.9929577265160478e-06
986160,0.11971830868532951,-1.7317984050016396e-10,0.0,1.0999980485915528,-2.9929577265179993e-06
986220,0.11971830868507519,-1.7324378068807644e-10,0.0,1.0999980485915528,-2.992957726520079e-06
986280,0.11971830868482637,-1.7330728142191523e-10,0.0,1.0999980485915528,-2.992957726522287e-06
986340,0.1197183086845831,-1.7337034206979912e-10,0.0,1.0999980485915528,-2.9929577265246244e-06
986400,0.11971830868434534,-1.7343296199984703e-10,0.0,1.0999980485915528,-2.99295772652709e-06
986460,0.11971830868411314,-1.7349514058017774e-10,0.0,1.0999980485915528,-2.9929577265296854e-06
986520,0.11971830868388648,-1.735568771789101e-10,0.0,1.0999980485915528,-2.9929577265324103e-06
986580,0.11971830868366538,-1.7361817116416296e-10,0.0,1.0999980485915528,-2.9929577265352644e-06
986640,0.11971830868344985,-1.736790219040552e-10,0.0,1.0999980485915528,-2.992957726538248e-06
986700,0.11971830868323989,-1.7373942876670556e-10,0.0,1.0999980485915528,-2.992957726541362e-06
986760,0.11971830868303551,-1.7379939112023295e-10,0.0,1.0999980485915528,-2.992957726544606e-06
986820,0.11971830868283673,-1.7385890833275622e-10,0.0,1.0999980485915528,-2.99295772654798e-06
986880,0.11971830868264353,-1.7391797977239417e-10,0.0,1.0999980485915528,-2.9929577265514847e-06
986940,0.11971830868245596,-1.7397660480726565e-10,0.0,1.0999980485915528,-2.99295772655512e-06
987000,0.119718308682274,-1.740347828054895e-10,0.0,1.0999980485915528,-2.9929577265588865e-06
987060,0.11971830868209765,-1.7409251313518456e-10,0.0,1.0999980485915528,-2.9929577265627837e-06
987120,0.11971830868192694,-1.7414979516446967e-10,0.0,1.0999980485915528,-2.992957726566812e-06
987180,0.11971830868176188,-1.7420662826146368e-10,0.0,1.0999980485915528,-2.9929577265709724e-06
987240,0.11971830868160246,-1.7426301179428544e-10,0.0,1.0999980485915528,-2.992957726575264e-06
987300,0.1197183086814487,-1.7431894513105377e-10,0.0,1.0999980485915528,-2.992957726579687e-06
987360,0.1197183086813006,-1.7437442763988747e-10,0.0,1.0999980485915528,-2.9929577265842424e-06
987420,0.11971830868115818,-1.7442945868890543e-10,0.0,1.0999980485915528,-2.99295772658893e-06
987480,0.11971830868102143,-1.744840376462265e-10,0.0,1.0999980485915528,-2.99295772659375e-06
987540,0.11971830868089038,-1.7453816387996953e-10,0.0,1.0999980485915528,-2.992957726598702e-06
987600,0.11971830868076502,-1.7459183675825327e-10,0.0,1.0999980485915528,-2.9929577266037873e-06
987660,0.11971830868064538,-1.7464505564919663e-10,0.0,1.0999980485915528,-2.9929577266090054e-06
987720,0.11971830868053145,-1.7469781992091844e-10,0.0,1.0999980485915528,-2.9929577266143565e-06
987780,0.11971830868042324,-1.7475012894153754e-10,0.0,1.0999980485915528,-2.992957726619841e-06
987840,0.11971830868032077,-1.7480198207917274e-10,0.0,1.0999980485915528,-2.992957726625459e-06
987900,0.11971830868022403,-1.7485337870194293e-10,0.0,1.0999980485915528,-2.992957726631211e-06
987960,0.11971830868013304,-1.7490431817796694e-10,0.0,1.0999980485915528,-2.9929577266370964e-06
988020,0.1197183086800478,-1.749547998753636e-10,0.0,1.0999980485915528,-2.992957726643116e-06
988080,0.11971830867996834,-1.7500482316225172e-10,0.0,1.0999980485915528,-2.99295772664927e-06
988140,0.11971830867989464,-1.7505438740675015e-10,0.0,1.0999980485915528,-2.992957726655558e-06
988200,0.11971830867982672,-1.7510349197697777e-10,0.0,1.0999980485915528,-2.992957726661981e-06
988260,0.1197183086797646,-1.751521362410534e-10,0.0,1.0999980485915528,-2.9929577266685387e-06
988320,0.11971830867970827,-1.7520031956709586e-10,0.0,1.0999980485915528,-2.992957726675231e-06
988380,0.11971830867965774,-1.75248041323224e-10,0.0,1.0999980485915528,-2.992957726682059e-06
988440,0.11971830867961303,-1.7529530087755664e-10,0.0,1.0999980485915528,-2.9929577266890225e-06
988500,0.11971830867957414,-1.7534209759821265e-10,0.0,1.0999980485915528,-2.992957726696121e-06
988560,0.11971830867954109,-1.7538843085331087e-10,0.0,1.0999980485915528,-2.9929577267033556e-06
988620,0.11971830867951387,-1.7543430001097013e-10,0.0,1.0999980485915528,-2.992957726710726e-06
988680,0.1197183086794925,-1.7547970443930925e-10,0.0,1.0999980485915528,-2.9929577267182324e-06
988740,0.11971830867947698,-1.7552464350644712e-10,0.0,1.0999980485915528,-2.992957726725875e-06
988800,0.11971830867946733,-1.7556911658050256e-10,0.0,1.0999980485915528,-2.9929577267336548e-06
988860,0.11971830867946355,-1.7561312302959433e-10,0.0,1.0999980485915528,-2.9929577267415707e-06
988920,0.11971830867946565,-1.7565666222184138e-10,0.0,1.0999980485915528,-2.9929577267496235e-06
988980,0.11971830867947364,-1.7569973352536248e-10,0.0,1.0999980485915528,-2.9929577267578134e-06
989040,0.11971830867948752,-1.7574233630827652e-10,0.0,1.0999980485915528,-2.992957726766141e-06
989100,0.11971830867950731,-1.7578446993870234e-10,0.0,1.0999980485915528,-2.9929577267746054e-06
989160,0.11971830867953301,-1.7582613378475872e-10,0.0,1.0999980485915528,-2.992957726783208e-06
989220,0.11971830867956464,-1.758673272145645e-10,0.0,1.0999980485915528,-2.9929577267919476e-06
989280,0.11971830867960219,-1.7590804959623858e-10,0.0,1.0999980485915528,-2.9929577268008258e-06
989340,0.11971830867964568,-1.759483002978998e-10,0.0,1.0999980485915528,-2.992957726809842e-06
989400,0.11971830867969512,-1.7598807868766695e-10,0.0,1.0999980485915528,-2.9929577268189967e-06
989460,0.11971830867975052,-1.7602738413365887e-10,0.0,1.0999980485915528,-2.99295772682829e-06
989520,0.11971830867981187,-1.7606621600399449e-10,0.0,1.0999980485915528,-2.9929577268377217e-06
989580,0.11971830867987919,-1.7610457366679253e-10,0.0,1.0999980485915528,-2.9929577268472927e-06
989640,0.11971830867995249,-1.7614245649017187e-10,0.0,1.099998048591553,-2.9929577268570023e-06
989700,0.11971830868003179,-1.7617986384225136e-10,0.0,1.099998048591553,-2.9929577268668516e-06
989760,0.11971830868011707,-1.7621679509114985e-10,0.0,1.099998048591553,-2.9929577268768406e-06
989820,0.11971830868020837,-1.7625324960498617e-10,0.0,1.099998048591553,-2.992957726886969e-06
989880,0.11971830868030567,-1.7628922675187918e-10,0.0,1.099998048591553,-2.992957726897237e-06
989940,0.11971830868040899,-1.7632472589994766e-10,0.0,1.099998048591553,-2.9929577269076455e-06
990000,0.11971830868051835,-1.763597464173105e-10,0.0,1.099998048591553,-2.992957726918194e-06
990060,0.11971830868063374,-1.7639428767208652e-10,0.0,1.099998048591553,-2.992957726928883e-06
990120,0.11971830868075517,-1.764283490323946e-10,0.0,1.099998048591553,-2.992957726939713e-06
990180,0.11971830868088267,-1.7646192986635348e-10,0.0,1.099998048591553,-2.9929577269506837e-06
990240,0.11971830868101621,-1.7649502954208212e-10,0.0,1.099998048591553,-2.992957726961795e-06
990300,0.11971830868115584,-1.765276474276993e-10,0.0,1.099998048591553,-2.9929577269730475e-06
990360,0.11971830868130154,-1.7655978289132387e-10,0.0,1.099998048591553,-2.9929577269844417e-06
990420,0.11971830868145332,-1.765914353010746e-10,0.0,1.099998048591553,-2.9929577269959775e-06
990480,0.11971830868161121,-1.7662260402507043e-10,0.0,1.099998048591553,-2.9929577270076547e-06
990540,0.11971830868177519,-1.7665328843143018e-10,0.0,1.099998048591553,-2.9929577270194738e-06
990600,0.11971830868194529,-1.7668348788827264e-10,0.0,1.099998048591553,-2.992957727031435e-06
990660,0.1197183086821215,-1.7671320176371671e-10,0.0,1.099998048591553,-2.9929577270435392e-06
990720,0.11971830868230385,-1.767424294258812e-10,0.0,1.099998048591553,-2.9929577270557852e-06
990780,0.11971830868249232,-1.7677117024288493e-10,0.0,1.099998048591553,-2.9929577270681743e-06
990840,0.11971830868268694,-1.7679942358284675e-10,0.0,1.099998048591553,-2.992957727080706e-06
990900,0.11971830868288773,-1.7682718881388552e-10,0.0,1.099998048591553,-2.9929577270933808e-06
990960,0.11971830868309466,-1.768544653041201e-10,0.0,1.099998048591553,-2.992957727106199e-06
991020,0.11971830868330777,-1.7688125242166924e-10,0.0,1.099998048591553,-2.9929577271191606e-06
991080,0.11971830868352705,-1.7690754953465187e-10,0.0,1.099998048591553,-2.9929577271322655e-06
991140,0.11971830868375252,-1.7693335601118682e-10,0.0,1.099998048591553,-2.992957727145515e-06
991200,0.11971830868398418,-1.7695867121939285e-10,0.0,1.099998048591553,-2.9929577271589077e-06
991260,0.11971830868422205,-1.769834945273889e-10,0.0,1.099998048591553,-2.992957727172445e-06
991320,0.11971830868446613,-1.7700782530329373e-10,0.0,1.099998048591553,-2.9929577271861262e-06
991380,0.11971830868471643,-1.7703166291522626e-10,0.0,1.099998048591553,-2.9929577271999523e-06
991440,0.11971830868497295,-1.7705500673130524e-10,0.0,1.099998048591553,-2.9929577272139233e-06
991500,0.11971830868523571,-1.7707785611964958e-10,0.0,1.099998048591553,-2.992957727228039e-06
991560,0.11971830868550472,-1.7710021044837808e-10,0.0,1.099998048591553,-2.9929577272423e-06
991620,0.11971830868577997,-1.7712206908560958e-10,0.0,1.099998048591553,-2.9929577272567065e-06
991680,0.11971830868606148,-1.7714343139946293e-10,0.0,1.099998048591553,-2.992957727271258e-06
991740,0.11971830868634926,-1.77164296758057e-10,0.0,1.099998048591553,-2.9929577272859554e-06
991800,0.11971830868664332,-1.7718466452951058e-10,0.0,1.099998048591553,-2.992957727300799e-06
991860,0.11971830868694366,-1.7720453408194254e-10,0.0,1.099998048591553,-2.9929577273157883e-06
991920,0.11971830868725031,-1.772239047834717e-10,0.0,1.099998048591553,-2.992957727330924e-06
991980,0.11971830868756324,-1.772427760022169e-10,0.0,1.099998048591553,-2.992957727346206e-06
992040,0.1197183086878825,-1.77261147106297e-10,0.0,1.099998048591553,-2.992957727361635e-06
992100,0.11971830868820806,-1.7727901746383083e-10,0.0,1.099998048591553,-2.9929577273772105e-06
992160,0.11971830868853996,-1.7729638644293725e-10,0.0,1.099998048591553,-2.9929577273929327e-06
992220,0.11971830868887817,-1.7731325341173506e-10,0.0,1.099998048591553,-2.9929577274088027e-06
992280,0.11971830868922274,-1.773296177383431e-10,0.0,1.099998048591553,-2.9929577274248197e-06
992340,0.11971830868957367,-1.773454787908802e-10,0.0,1.099998048591553,-2.9929577274409845e-06
992400,0.11971830868993096,-1.7736083593746526e-10,0.0,1.099998048591553,-2.992957727457297e-06
992460,0.1197183086902946,-1.773756885462171e-10,0.0,1.099998048591553,-2.9929577274737574e-06
992520,0.11971830869066462,-1.773900359852545e-10,0.0,1.099998048591553,-2.9929577274903656e-06
992580,0.11971830869104103,-1.774038776226964e-10,0.0,1.099998048591553,-2.9929577275071225e-06
992640,0.11971830869142383,-1.7741721282666157e-10,0.0,1.099998048591553,-2.992957727524028e-06
992700,0.11971830869181303,-1.7743004096526882e-10,0.0,1.099998048591553,-2.992957727541082e-06
992760,0.11971830869220863,-1.7744236140663705e-10,0.0,1.099998048591553,-2.992957727558285e-06
992820,0.11971830869261067,-1.774541735188851e-10,0.0,1.099998048591553,-2.992957727575637e-06
992880,0.11971830869301912,-1.7746547667013175e-10,0.0,1.099998048591553,-2.9929577275931383e-06
992940,0.119718308693434,-1.7747627022849595e-10,0.0,1.099998048591553,-2.9929577276107887e-06
993000,0.11971830869385533,-1.7748655356209641e-10,0.0,1.099998048591553,-2.992957727628589e-06
993060,0.11971830869428311,-1.7749632603905204e-10,0.0,1.099998048591553,-2.9929577276465394e-06
993120,0.11971830869471735,-1.7750558702748166e-10,0.0,1.099998048591553,-2.9929577276646397e-06
993180,0.11971830869515805,-1.7751433589550415e-10,0.0,1.099998048591553,-2.99295772768289e-06
993240,0.11971830869560524,-1.775225720112383e-10,0.0,1.099998048591553,-2.992957727701291e-06
993300,0.11971830869605889,-1.7753029474280295e-10,0.0,1.099998048591553,-2.992957727719842e-06
993360,0.11971830869651905,-1.7753750345831697e-10,0.0,1.099998048591553,-2.992957727738544e-06
993420,0.1197183086969857,-1.775441975258992e-10,0.0,1.099998048591553,-2.992957727757397e-06
993480,0.11971830869745885,-1.7755037631366845e-10,0.0,1.099998048591553,-2.992957727776401e-06
993540,0.11971830869793854,-1.7755603918974357e-10,0.0,1.099998048591553,-2.9929577277955567e-06
993600,0.11971830869842473,-1.775611855222434e-10,0.0,1.099998048591553,-2.9929577278148635e-06
993660,0.11971830869891747,-1.775658146792868e-10,0.0,1.099998048591553,-2.9929577278343224e-06
993720,0.11971830869941674,-1.7756992602899259e-10,0.0,1.099998048591553,-2.992957727853933e-06
993780,0.11971830869992257,-1.7757351893947962e-10,0.0,1.099998048591553,-2.9929577278736955e-06
993840,0.11971830870043496,-1.7757659277886672e-10,0.0,1.099998048591553,-2.9929577278936105e-06
993900,0.1197183087009539,-1.7757914691527272e-10,0.0,1.099998048591553,-2.992957727913678e-06
993960,0.11971830870147943,-1.7758118071681647e-10,0.0,1.099998048591553,-2.992957727933898e-06
994020,0.11971830870201153,-1.775826935516168e-10,0.0,1.099998048591553,-2.9929577279542708e-06
994080,0.11971830870255022,-1.7758368478779258e-10,0.0,1.099998048591553,-2.9929577279747965e-06
994140,0.11971830870309552,-1.7758415379346265e-10,0.0,1.099998048591553,-2.9929577279954755e-06
994200,0.11971830870364741,-1.775840999367458e-10,0.0,1.099998048591553,-2.992957728016308e-06
994260,0.11971830870420594,-1.7758352258576087e-10,0.0,1.0999980485915533,-2.992957728037294e-06
994320,0.11971830870477108,-1.7758242110862674e-10,0.0,1.0999980485915533,-2.9929577280584338e-06
994380,0.11971830870534285,-1.7758079487346227e-10,0.0,1.0999980485915533,-2.9929577280797273e-06
994440,0.11971830870592126,-1.7757864324838625e-10,0.0,1.0999980485915533,-2.992957728101175e-06
994500,0.11971830870650632,-1.7757596560151756e-10,0.0,1.0999980485915533,-2.9929577281227774e-06
994560,0.11971830870709804,-1.7757276130097496e-10,0.0,1.0999980485915533,-2.9929577281445343e-06
994620,0.11971830870769642,-1.7756902971487742e-10,0.0,1.0999980485915533,-2.9929577281664457e-06
994680,0.11971830870830148,-1.7756477021134362e-10,0.0,1.0999980485915533,-2.9929577281885118e-06
994740,0.11971830870891322,-1.7755998215849254e-10,0.0,1.0999980485915533,-2.9929577282107333e-06
994800,0.11971830870953165,-1.7755466492444294e-10,0.0,1.0999980485915533,-2.9929577282331098e-06
994860,0.11971830871015678,-1.775488178773137e-10,0.0,1.0999980485915533,-2.9929577282556417e-06
994920,0.1197183087107886,-1.7754244038522365e-10,0.0,1.0999980485915533,-2.9929577282783295e-06
994980,0.11971830871142715,-1.7753553181629158e-10,0.0,1.0999980485915533,-2.992957728301173e-06
995040,0.11971830871207242,-1.775280915386364e-10,0.0,1.0999980485915533,-2.9929577283241726e-06
995100,0.11971830871272443,-1.7752011892037693e-10,0.0,1.0999980485915533,-2.9929577283473283e-06
995160,0.11971830871338317,-1.7751161332963198e-10,0.0,1.0999980485915533,-2.992957728370641e-06
995220,0.11971830871404865,-1.775025741345204e-10,0.0,1.0999980485915533,-2.9929577283941096e-06
995280,0.11971830871472089,-1.7749300070316106e-10,0.0,1.0999980485915533,-2.992957728417735e-06
995340,0.1197183087153999,-1.7748289240367278e-10,0.0,1.0999980485915533,-2.9929577284415176e-06
995400,0.11971830871608569,-1.774722486041744e-10,0.0,1.0999980485915533,-2.992957728465457e-06
995460,0.11971830871677824,-1.7746106867278474e-10,0.0,1.0999980485915533,-2.992957728489554e-06
995520,0.1197183087174776,-1.7744935197762268e-10,0.0,1.0999980485915533,-2.9929577285138084e-06
995580,0.11971830871818374,-1.7743709788680698e-10,0.0,1.0999980485915533,-2.9929577285382203e-06
995640,0.1197183087188967,-1.774243057684566e-10,0.0,1.0999980485915533,-2.9929577285627907e-06
995700,0.11971830871961646,-1.774109749906903e-10,0.0,1.0999980485915533,-2.992957728587519e-06
995760,0.11971830872034304,-1.7739710492162692e-10,0.0,1.0999980485915533,-2.992957728612405e-06
995820,0.11971830872107647,-1.7738269492938532e-10,0.0,1.0999980485915533,-2.99295772863745e-06
995880,0.11971830872181673,-1.773677443820843e-10,0.0,1.0999980485915533,-2.9929577286626533e-06
995940,0.11971830872256384,-1.7735225264784278e-10,0.0,1.0999980485915533,-2.992957728688016e-06
996000,0.11971830872331779,-1.7733621909477954e-10,0.0,1.0999980485915533,-2.992957728713537e-06
996060,0.11971830872407861,-1.7731964309101344e-10,0.0,1.0999980485915533,-2.992957728739218e-06
996120,0.1197183087248463,-1.7730252400466332e-10,0.0,1.0999980485915533,-2.992957728765058e-06
996180,0.11971830872562088,-1.7728486120384798e-10,0.0,1.0999980485915533,-2.992957728791057e-06
996240,0.11971830872640234,-1.772666540566863e-10,0.0,1.0999980485915533,-2.9929577288172165e-06
996300,0.1197183087271907,-1.7724790193129712e-10,0.0,1.0999980485915533,-2.992957728843536e-06
996360,0.11971830872798596,-1.7722860419579925e-10,0.0,1.0999980485915533,-2.9929577288700154e-06
996420,0.11971830872878814,-1.7720876021831156e-10,0.0,1.0999980485915533,-2.992957728896655e-06
996480,0.11971830872959724,-1.771883693669529e-10,0.0,1.0999980485915533,-2.992957728923455e-06
996540,0.11971830873041327,-1.7716743100984204e-10,0.0,1.0999980485915533,-2.9929577289504162e-06
996600,0.11971830873123623,-1.771459445150979e-10,0.0,1.0999980485915533,-2.9929577289775382e-06
996660,0.11971830873206614,-1.7712390925083927e-10,0.0,1.0999980485915533,-2.992957729004821e-06
996720,0.119718308732903,-1.7710132458518502e-10,0.0,1.0999980485915533,-2.9929577290322654e-06
996780,0.11971830873374684,-1.77078189886254e-10,0.0,1.0999980485915533,-2.992957729059871e-06
996840,0.11971830873459763,-1.77054504522165e-10,0.0,1.0999980485915533,-2.9929577290876385e-06
996900,0.1197183087354554,-1.7703026786103684e-10,0.0,1.0999980485915533,-2.9929577291155677e-06
996960,0.11971830873632017,-1.7700547927098845e-10,0.0,1.0999980485915533,-2.9929577291436587e-06
997020,0.11971830873719193,-1.7698013812013863e-10,0.0,1.0999980485915533,-2.9929577291719124e-06
997080,0.1197183087380707,-1.769542437766062e-10,0.0,1.0999980485915533,-2.9929577292003282e-06
997140,0.11971830873895646,-1.7692779560851e-10,0.0,1.0999980485915533,-2.9929577292289063e-06
997200,0.11971830873984926,-1.769007929839689e-10,0.0,1.0999980485915533,-2.9929577292576478e-06
997260,0.11971830874074908,-1.7687323527110172e-10,0.0,1.0999980485915533,-2.992957729286552e-06
997320,0.11971830874165595,-1.7684512183802729e-10,0.0,1.0999980485915533,-2.992957729315619e-06
997380,0.11971830874256985,-1.7681645205286445e-10,0.0,1.0999980485915533,-2.99295772934485e-06
997440,0.11971830874349082,-1.7678722528373206e-10,0.0,1.0999980485915533,-2.992957729374244e-06
997500,0.11971830874441883,-1.7675744089874897e-10,0.0,1.0999980485915533,-2.9929577294038016e-06
997560,0.11971830874535393,-1.76727098266034e-10,0.0,1.0999980485915533,-2.9929577294335236e-06
997620,0.11971830874629609,-1.7669619675370595e-10,0.0,1.0999980485915533,-2.9929577294634095e-06
997680,0.11971830874724534,-1.7666473572988371e-10,0.0,1.0999980485915533,-2.9929577294934596e-06
997740,0.1197183087482017,-1.7663271456268611e-10,0.0,1.0999980485915533,-2.992957729523674e-06
997800,0.11971830874916516,-1.76600132620232e-10,0.0,1.0999980485915533,-2.9929577295540534e-06
997860,0.11971830875013571,-1.765669892706402e-10,0.0,1.0999980485915533,-2.9929577295845974e-06
997920,0.1197183087511134,-1.7653328388202954e-10,0.0,1.0999980485915533,-2.9929577296153066e-06
997980,0.11971830875209821,-1.764990158225189e-10,0.0,1.0999980485915533,-2.992957729646181e-06
998040,0.11971830875309017,-1.7646418446022707e-10,0.0,1.0999980485915533,-2.9929577296772205e-06
998100,0.11971830875408926,-1.7642878916327291e-10,0.0,1.0999980485915533,-2.992957729708426e-06
998160,0.1197183087550955,-1.7639282929977526e-10,0.0,1.0999980485915533,-2.992957729739797e-06
998220,0.11971830875610891,-1.7635630423785298e-10,0.0,1.0999980485915533,-2.992957729771334e-06
998280,0.11971830875712948,-1.763192133456249e-10,0.0,1.0999980485915533,-2.992957729803037e-06
998340,0.11971830875815723,-1.7628155599120984e-10,0.0,1.0999980485915533,-2.9929577298349067e-06
998400,0.11971830875919216,-1.7624333154272666e-10,0.0,1.0999980485915533,-2.9929577298669427e-06
998460,0.1197183087602343,-1.762045393682942e-10,0.0,1.0999980485915533,-2.9929577298991456e-06
998520,0.11971830876128363,-1.7616517883603126e-10,0.0,1.0999980485915533,-2.9929577299315154e-06
998580,0.11971830876234017,-1.761252493140567e-10,0.0,1.0999980485915533,-2.992957729964052e-06
998640,0.11971830876340393,-1.7608475017048938e-10,0.0,1.0999980485915533,-2.9929577299967565e-06
998700,0.11971830876447492,-1.7604368077344815e-10,0.0,1.0999980485915533,-2.9929577300296277e-06
998760,0.11971830876555314,-1.7600204049105182e-10,0.0,1.0999980485915533,-2.992957730062667e-06
998820,0.11971830876663862,-1.7595982869141924e-10,0.0,1.0999980485915533,-2.992957730095874e-06
998880,0.11971830876773133,-1.7591704474266922e-10,0.0,1.0999980485915533,-2.9929577301292493e-06
998940,0.11971830876883131,-1.7587368801292066e-10,0.0,1.0999980485915533,-2.9929577301627923e-06
999000,0.11971830876993857,-1.7582975787029235e-10,0.0,1.0999980485915533,-2.992957730196504e-06
999060,0.11971830877105309,-1.7578525368290314e-10,0.0,1.0999980485915533,-2.9929577302303847e-06
999120,0.1197183087721749,-1.7574017481887188e-10,0.0,1.0999980485915533,-2.9929577302644337e-06
999180,0.119718308773304,-1.7569452064631738e-10,0.0,1.0999980485915533,-2.9929577302986517e-06
999240,0.1197183087744404,-1.7564829053335855e-10,0.0,1.0999980485915533,-2.9929577303330387e-06
999300,0.11971830877558412,-1.7560148384811415e-10,0.0,1.0999980485915533,-2.9929577303675955e-06
999360,0.11971830877673514,-1.7555409995870305e-10,0.0,1.0999980485915533,-2.9929577304023213e-06
999420,0.1197183087778935,-1.755061382332441e-10,0.0,1.0999980485915533,-2.9929577304372174e-06
999480,0.11971830877905919,-1.7545759803985615e-10,0.0,1.0999980485915533,-2.992957730472283e-06
999540,0.11971830878023222,-1.75408478746658e-10,0.0,1.0999980485915533,-2.9929577305075186e-06
999600,0.11971830878141261,-1.753587797217685e-10,0.0,1.0999980485915533,-2.992957730542925e-06
999660,0.11971830878260036,-1.753085003333065e-10,0.0,1.0999980485915533,-2.9929577305785012e-06
999720,0.11971830878379545,-1.7525763994939087e-10,0.0,1.0999980485915533,-2.9929577306142486e-06
999780,0.11971830878499795,-1.7520619793814038e-10,0.0,1.0999980485915533,-2.9929577306501666e-06
999840,0.11971830878620782,-1.7515417366767394e-10,0.0,1.0999980485915533,-2.9929577306862557e-06
999900,0.11971830878742508,-1.7510156650611034e-10,0.0,1.0999980485915533,-2.9929577307225163e-06
999960,0.11971830878864974,-1.7504837582156843e-10,0.0,1.0999980485915533,-2.992957730758948e-06
1000020,0.11971830878988181,-1.7499460098216707e-10,0.0,1.0999980485915533,-2.9929577307955513e-06
1000080,0.1197183087911213,-1.749402413560251e-10,0.0,1.0999980485915533,-2.992957730832326e-06
1000140,0.11971830879236821,-1.7488529631126132e-10,0.0,1.0999980485915533,-2.9929577308692732e-06
1000200,0.11971830879362257,-1.7482976521599458e-10,0.0,1.0999980485915533,-2.9929577309063928e-06
1000260,0.11971830879488435,-1.747736474383438e-10,0.0,1.0999980485915533,-2.9929577309436842e-06
1000320,0.11971830879615358,-1.7471694234642768e-10,0.0,1.0999980485915533,-2.9929577309811485e-06
1000380,0.11971830879743028,-1.7465964930836517e-10,0.0,1.0999980485915533,-2.992957731018785e-06
1000440,0.11971830879871445,-1.7460176769227507e-10,0.0,1.0999980485915533,-2.992957731056595e-06
1000500,0.11971830880000608,-1.745432968662762e-10,0.0,1.0999980485915533,-2.992957731094578e-06
1000560,0.1197183088013052,-1.7448423619848746e-10,0.0,1.0999980485915533,-2.992957731132734e-06
1000620,0.11971830880261182,-1.7442458505702765e-10,0.0,1.0999980485915533,-2.9929577311710634e-06
1000680,0.11971830880392594,-1.7436434281001557e-10,0.0,1.0999980485915533,-2.992957731209567e-06
1000740,0.11971830880524754,-1.7430350882557013e-10,0.0,1.0999980485915533,-2.9929577312482442e-06
1000800,0.11971830880657669,-1.742420824718101e-10,0.0,1.0999980485915533,-2.992957731287095e-06
1000860,0.11971830880791334,-1.7418006311685441e-10,0.0,1.0999980485915533,-2.992957731326121e-06
1000920,0.11971830880925753,-1.741174501288218e-10,0.0,1.0999980485915533,-2.9929577313653203e-06
1000980,0.11971830881060927,-1.7405424287583118e-10,0.0,1.0999980485915533,-2.992957731404695e-06
1001040,0.11971830881196856,-1.7399044072600139e-10,0.0,1.0999980485915533,-2.9929577314442443e-06
1001100,0.1197183088133354,-1.7392604304745123e-10,0.0,1.0999980485915533,-2.9929577314839684e-06
1001160,0.1197183088147098,-1.7386104920829952e-10,0.0,1.0999980485915533,-2.9929577315238675e-06
1001220,0.11971830881609177,-1.7379545857666518e-10,0.0,1.0999980485915533,-2.9929577315639423e-06
1001280,0.11971830881748134,-1.73729270520667e-10,0.0,1.0999980485915533,-2.9929577316041925e-06
1001340,0.11971830881887849,-1.736624844084238e-10,0.0,1.0999980485915533,-2.9929577316446184e-06
1001400,0.11971830882028324,-1.7359509960805447e-10,0.0,1.0999980485915533,-2.9929577316852205e-06
1001460,0.1197183088216956,-1.7352711548767781e-10,0.0,1.0999980485915533,-2.9929577317259984e-06
1001520,0.11971830882311557,-1.734585314154127e-10,0.0,1.0999980485915533,-2.992957731766953e-06
1001580,0.11971830882454317,-1.733893467593779e-10,0.0,1.0999980485915533,-2.9929577318080835e-06
1001640,0.1197183088259784,-1.7331956088769232e-10,0.0,1.0999980485915533,-2.992957731849391e-06
1001700,0.11971830882742127,-1.732491731684748e-10,0.0,1.0999980485915533,-2.992957731890875e-06
1001760,0.11971830882887179,-1.7317818296984416e-10,0.0,1.0999980485915533,-2.9929577319325368e-06
1001820,0.11971830883032995,-1.731065896599192e-10,0.0,1.0999980485915533,-2.992957731974375e-06
1001880,0.1197183088317958,-1.7303439260681884e-10,0.0,1.0999980485915533,-2.992957732016391e-06
1001940,0.11971830883326931,-1.729615911786619e-10,0.0,1.0999980485915533,-2.9929577320585846e-06
1002000,0.1197183088347505,-1.7288818474356715e-10,0.0,1.0999980485915533,-2.992957732100956e-06
1002060,0.11971830883623938,-1.7281417266965347e-10,0.0,1.0999980485915533,-2.9929577321435056e-06
1002120,0.11971830883773596,-1.7273955432503975e-10,0.0,1.0999980485915533,-2.992957732186233e-06
1002180,0.11971830883924024,-1.7266432907784476e-10,0.0,1.0999980485915533,-2.992957732229139e-06
1002240,0.11971830884075225,-1.7258849629618738e-10,0.0,1.0999980485915533,-2.9929577322722232e-06
1002300,0.11971830884227197,-1.7251205534818644e-10,0.0,1.0999980485915533,-2.9929577323154863e-06
1002360,0.11971830884379943,-1.7243500560196077e-10,0.0,1.0999980485915533,-2.9929577323589285e-06
1002420,0.11971830884533462,-1.723573464256292e-10,0.0,1.0999980485915533,-2.9929577324025494e-06
1002480,0.11971830884687756,-1.7227907718731058e-10,0.0,1.0999980485915533,-2.99295773244635e-06
1002540,0.11971830884842825,-1.722001972551238e-10,0.0,1.0999980485915533,-2.99295773249033e-06
1002600,0.11971830884998672,-1.721207059971876e-10,0.0,1.0999980485915533,-2.9929577325344896e-06
1002660,0.11971830885155295,-1.7204060278162088e-10,0.0,1.0999980485915533,-2.992957732578829e-06
1002720,0.11971830885312697,-1.719598869765425e-10,0.0,1.0999980485915533,-2.9929577326233484e-06
1002780,0.11971830885470876,-1.7187855795007124e-10,0.0,1.0999980485915535,-2.9929577326680485e-06
1002840,0.11971830885629836,-1.71796615070326e-10,0.0,1.0999980485915535,-2.9929577327129285e-06
1002900,0.11971830885789576,-1.7171405770542558e-10,0.0,1.0999980485915535,-2.9929577327579894e-06
1002960,0.11971830885950098,-1.7163088522348881e-10,0.0,1.0999980485915535,-2.9929577328032307e-06
1003020,0.11971830886111402,-1.7154709699263457e-10,0.0,1.0999980485915535,-2.9929577328486533e-06
1003080,0.11971830886273489,-1.7146269238098168e-10,0.0,1.0999980485915535,-2.992957732894257e-06
1003140,0.1197183088643636,-1.7137767075664896e-10,0.0,1.0999980485915535,-2.992957732940042e-06
1003200,0.11971830886600016,-1.712920314877553e-10,0.0,1.0999980485915535,-2.992957732986009e-06
1003260,0.11971830886764456,-1.7120577394241947e-10,0.0,1.0999980485915535,-2.992957733032157e-06
1003320,0.11971830886929684,-1.7111889748876035e-10,0.0,1.0999980485915535,-2.9929577330784876e-06
1003380,0.11971830887095698,-1.710314014948968e-10,0.0,1.0999980485915535,-2.992957733125e-06
1003440,0.11971830887262501,-1.709432853289476e-10,0.0,1.0999980485915535,-2.9929577331716947e-06
1003500,0.11971830887430092,-1.7085454835903167e-10,0.0,1.0999980485915535,-2.9929577332185716e-06
1003560,0.11971830887598472,-1.7076518995326778e-10,0.0,1.0999980485915535,-2.9929577332656315e-06
1003620,0.11971830887767644,-1.706752094797748e-10,0.0,1.0999980485915535,-2.9929577333128743e-06
1003680,0.11971830887937607,-1.7058460630667155e-10,0.0,1.0999980485915535,-2.9929577333603e-06
1003740,0.1197183088810836,-1.7049337980207689e-10,0.0,1.0999980485915535,-2.9929577334079093e-06
1003800,0.11971830888279908,-1.7040152933410967e-10,0.0,1.0999980485915535,-2.9929577334557015e-06
1003860,0.11971830888452249,-1.703090542708887e-10,0.0,1.0999980485915535,-2.992957733503678e-06
1003920,0.11971830888625386,-1.702159539805328e-10,0.0,1.0999980485915535,-2.9929577335518376e-06
1003980,0.11971830888799316,-1.7012222783116085e-10,0.0,1.0999980485915535,-2.9929577336001816e-06
1004040,0.11971830888974044,-1.700278751908917e-10,0.0,1.0999980485915535,-2.9929577336487094e-06
1004100,0.11971830889149568,-1.699328954278442e-10,0.0,1.0999980485915535,-2.992957733697422e-06
1004160,0.1197183088932589,-1.698372879101371e-10,0.0,1.0999980485915535,-2.992957733746319e-06
1004220,0.11971830889503011,-1.6974105200588933e-10,0.0,1.0999980485915535,-2.9929577337954002e-06
1004280,0.11971830889680933,-1.696441870832197e-10,0.0,1.0999980485915535,-2.992957733844667e-06
1004340,0.11971830889859654,-1.6954669251024703e-10,0.0,1.0999980485915535,-2.9929577338941185e-06
1004400,0.11971830890039176,-1.6944856765509018e-10,0.0,1.0999980485915535,-2.9929577339437555e-06
1004460,0.119718308902195,-1.69349811885868e-10,0.0,1.0999980485915535,-2.992957733993578e-06
1004520,0.11971830890400627,-1.692504245706993e-10,0.0,1.0999980485915535,-2.9929577340435864e-06
1004580,0.11971830890582558,-1.6915040507770294e-10,0.0,1.0999980485915535,-2.9929577340937803e-06
1004640,0.11971830890765292,-1.6904975277499776e-10,0.0,1.0999980485915535,-2.9929577341441605e-06
1004700,0.11971830890948833,-1.689484670307026e-10,0.0,1.0999980485915535,-2.9929577341947267e-06
1004760,0.1197183089113318,-1.6884654721293627e-10,0.0,1.0999980485915535,-2.9929577342454796e-06
1004820,0.11971830891318333,-1.6874399268981764e-10,0.0,1.0999980485915535,-2.992957734296419e-06
1004880,0.11971830891504295,-1.6864080282946558e-10,0.0,1.0999980485915535,-2.992957734347545e-06
1004940,0.11971830891691065,-1.6853697699999884e-10,0.0,1.0999980485915535,-2.9929577343988583e-06
1005000,0.11971830891878645,-1.6843251456953634e-10,0.0,1.0999980485915535,-2.9929577344503587e-06
1005060,0.11971830892067034,-1.6832741490619688e-10,0.0,1.0999980485915535,-2.9929577345020463e-06
1005120,0.11971830892256234,-1.6822167737809931e-10,0.0,1.0999980485915535,-2.9929577345539216e-06
1005180,0.11971830892446247,-1.6811530135336246e-10,0.0,1.0999980485915535,-2.9929577346059845e-06
1005240,0.11971830892637073,-1.680082862001052e-10,0.0,1.0999980485915535,-2.9929577346582354e-06
1005300,0.11971830892828712,-1.6790063128644633e-10,0.0,1.0999980485915535,-2.992957734710675e-06
1005360,0.11971830893021165,-1.6779233598050472e-10,0.0,1.0999980485915535,-2.992957734763302e-06
1005420,0.11971830893214434,-1.676833996503992e-10,0.0,1.0999980485915535,-2.9929577348161177e-06
1005480,0.1197183089340852,-1.675738216642486e-10,0.0,1.0999980485915535,-2.9929577348691225e-06
1005540,0.1197183089360342,-1.6746360139017175e-10,0.0,1.0999980485915535,-2.9929577349223157e-06
1005600,0.1197183089379914,-1.6735273819628754e-10,0.0,1.0999980485915535,-2.9929577349756983e-06
1005660,0.11971830893995677,-1.6724123145071477e-10,0.0,1.0999980485915535,-2.9929577350292697e-06
1005720,0.11971830894193035,-1.6712908052157228e-10,0.0,1.0999980485915535,-2.992957735083031e-06
1005780,0.11971830894391212,-1.670162847769789e-10,0.0,1.0999980485915535,-2.992957735136982e-06
1005840,0.11971830894590212,-1.6690284358505348e-10,0.0,1.0999980485915535,-2.9929577351911225e-06
1005900,0.11971830894790031,-1.6678875631391487e-10,0.0,1.0999980485915535,-2.992957735245453e-06
1005960,0.11971830894990675,-1.666740223316819e-10,0.0,1.0999980485915535,-2.992957735299974e-06
1006020,0.11971830895192141,-1.6655864100647344e-10,0.0,1.0999980485915535,-2.992957735354685e-06
1006080,0.11971830895394432,-1.6644261170640827e-10,0.0,1.0999980485915535,-2.9929577354095862e-06
1006140,0.11971830895597547,-1.663259337996053e-10,0.0,1.0999980485915535,-2.992957735464679e-06
1006200,0.1197183089580149,-1.6620860665418328e-10,0.0,1.0999980485915535,-2.9929577355199623e-06
1006260,0.11971830896006258,-1.6609062963826113e-10,0.0,1.0999980485915535,-2.9929577355754366e-06
1006320,0.11971830896211855,-1.6597200211995766e-10,0.0,1.0999980485915535,-2.9929577356311023e-06
1006380,0.1197183089641828,-1.6585272346739169e-10,0.0,1.0999980485915535,-2.99295773568696e-06
1006440,0.11971830896625534,-1.657327930486821e-10,0.0,1.0999980485915535,-2.992957735743009e-06
1006500,0.11971830896833618,-1.6561221023194768e-10,0.0,1.0999980485915535,-2.9929577357992494e-06
1006560,0.11971830897042533,-1.6549097438530732e-10,0.0,1.0999980485915535,-2.9929577358556825e-06
1006620,0.1197183089725228,-1.6536908487687983e-10,0.0,1.0999980485915535,-2.9929577359123075e-06
1006680,0.1197183089746286,-1.6524654107478407e-10,0.0,1.0999980485915535,-2.992957735969125e-06
1006740,0.11971830897674272,-1.6512334234713883e-10,0.0,1.0999980485915535,-2.992957736026135e-06
1006800,0.11971830897886519,-1.6499948806206301e-10,0.0,1.0999980485915535,-2.9929577360833383e-06
1006860,0.11971830898099602,-1.6487497758767542e-10,0.0,1.0999980485915535,-2.9929577361407345e-06
1006920,0.1197183089831352,-1.647498102920949e-10,0.0,1.0999980485915535,-2.9929577361983234e-06
1006980,0.11971830898528274,-1.646239855434403e-10,0.0,1.0999980485915535,-2.9929577362561063e-06
1007040,0.11971830898743867,-1.6449750270983046e-10,0.0,1.0999980485915535,-2.9929577363140823e-06
1007100,0.11971830898960298,-1.643703611593842e-10,0.0,1.0999980485915535,-2.9929577363722523e-06
1007160,0.11971830899177567,-1.642425602602204e-10,0.0,1.0999980485915535,-2.992957736430616e-06
1007220,0.11971830899395677,-1.6411409938045783e-10,0.0,1.0999980485915535,-2.9929577364891738e-06
1007280,0.11971830899614627,-1.6398497788821538e-10,0.0,1.0999980485915535,-2.992957736547926e-06
1007340,0.11971830899834421,-1.638551951516119e-10,0.0,1.0999980485915535,-2.992957736606873e-06
1007400,0.11971830900055055,-1.637247505387662e-10,0.0,1.0999980485915535,-2.9929577366660144e-06
1007460,0.11971830900276534,-1.635936434177971e-10,0.0,1.0999980485915535,-2.9929577367253507e-06
1007520,0.11971830900498856,-1.6346187315682353e-10,0.0,1.0999980485915535,-2.992957736784882e-06
1007580,0.11971830900722023,-1.6332943912396422e-10,0.0,1.0999980485915535,-2.9929577368446087e-06
1007640,0.11971830900946036,-1.6319634068733808e-10,0.0,1.0999980485915535,-2.992957736904531e-06
1007700,0.11971830901170896,-1.630625772150639e-10,0.0,1.0999980485915535,-2.9929577369646485e-06
1007760,0.11971830901396603,-1.6292814807526058e-10,0.0,1.0999980485915535,-2.992957737024962e-06
1007820,0.1197183090162316,-1.6279305263604688e-10,0.0,1.0999980485915535,-2.9929577370854714e-06
1007880,0.11971830901850564,-1.6265729026554174e-10,0.0,1.0999980485915535,-2.992957737146177e-06
1007940,0.11971830902078819,-1.625208603318639e-10,0.0,1.0999980485915535,-2.992957737207079e-06
1008000,0.11971830902307923,-1.623837622031323e-10,0.0,1.0999980485915535,-2.9929577372681777e-06
1008060,0.1197183090253788,-1.6224599524746566e-10,0.0,1.0999980485915535,-2.9929577373294732e-06
1008120,0.1197183090276869,-1.6210755883298292e-10,0.0,1.0999980485915533,-2.9929577373909657e-06
1008180,0.11971830903000352,-1.6196845232780286e-10,0.0,1.0999980485915533,-2.992957737452655e-06
1008240,0.11971830903232869,-1.6182867510004438e-10,0.0,1.0999980485915533,-2.992957737514542e-06
1008300,0.1197183090346624,-1.6168822651782624e-10,0.0,1.0999980485915533,-2.992957737576626e-06
1008360,0.11971830903700467,-1.6154710594926736e-10,0.0,1.0999980485915533,-2.992957737638908e-06
1008420,0.11971830903935551,-1.614053127624865e-10,0.0,1.0999980485915533,-2.992957737701388e-06
1008480,0.11971830904171493,-1.6126284632560256e-10,0.0,1.0999980485915533,-2.992957737764066e-06
1008540,0.11971830904408293,-1.6111970600673437e-10,0.0,1.0999980485915533,-2.992957737826942e-06
1008600,0.11971830904645951,-1.6097589117400073e-10,0.0,1.0999980485915533,-2.9929577378900168e-06
1008660,0.11971830904884469,-1.6083140119552053e-10,0.0,1.0999980485915533,-2.99295773795329e-06
1008720,0.11971830905123848,-1.6068623543941258e-10,0.0,1.0999980485915533,-2.992957738016762e-06
1008780,0.11971830905364088,-1.6054039327379573e-10,0.0,1.0999980485915533,-2.992957738080433e-06
1008840,0.11971830905605191,-1.603938740667888e-10,0.0,1.0999980485915533,-2.9929577381443033e-06
1008900,0.11971830905847157,-1.6024667718651067e-10,0.0,1.0999980485915533,-2.9929577382083733e-06
1008960,0.11971830906089986,-1.6009880200108016e-10,0.0,1.0999980485915533,-2.9929577382726423e-06
1009020,0.11971830906333682,-1.599502478786161e-10,0.0,1.0999980485915533,-2.9929577383371113e-06
1009080,0.11971830906578242,-1.598010141872373e-10,0.0,1.0999980485915533,-2.99295773840178e-06
1009140,0.11971830906823669,-1.5965110029506267e-10,0.0,1.0999980485915533,-2.9929577384666493e-06
1009200,0.11971830907069962,-1.59500505570211e-10,0.0,1.0999980485915533,-2.9929577385317188e-06
1009260,0.11971830907317124,-1.5934922938080114e-10,0.0,1.0999980485915533,-2.9929577385969886e-06
1009320,0.11971830907565156,-1.5919727109495194e-10,0.0,1.0999980485915533,-2.992957738662459e-06
1009380,0.11971830907814057,-1.5904463008078225e-10,0.0,1.0999980485915533,-2.9929577387281305e-06
1009440,0.11971830908063828,-1.5889130570641088e-10,0.0,1.0999980485915533,-2.992957738794003e-06
1009500,0.11971830908314471,-1.5873729733995665e-10,0.0,1.0999980485915533,-2.992957738860077e-06
1009560,0.11971830908565986,-1.5858260434953847e-10,0.0,1.0999980485915533,-2.9929577389263523e-06
1009620,0.11971830908818375,-1.584272261032751e-10,0.0,1.0999980485915533,-2.992957738992829e-06
1009680,0.11971830909071637,-1.5827116196928544e-10,0.0,1.0999980485915533,-2.9929577390595075e-06
1009740,0.11971830909325774,-1.5811441131568831e-10,0.0,1.0999980485915533,-2.9929577391263884e-06
1009800,0.11971830909580786,-1.5795697351060256e-10,0.0,1.0999980485915533,-2.9929577391934713e-06
1009860,0.11971830909836675,-1.57798847922147e-10,0.0,1.0999980485915533,-2.9929577392607566e-06
1009920,0.11971830910093441,-1.576400339184405e-10,0.0,1.0999980485915533,-2.9929577393282444e-06
1009980,0.11971830910351085,-1.5748053086760187e-10,0.0,1.0999980485915533,-2.992957739395935e-06
1010040,0.11971830910609607,-1.5732033813774998e-10,0.0,1.0999980485915533,-2.9929577394638286e-06
1010100,0.11971830910869011,-1.5715945509700366e-10,0.0,1.0999980485915533,-2.9929577395319253e-06
1010160,0.11971830911129293,-1.5699788111348172e-10,0.0,1.0999980485915533,-2.9929577396002254e-06
1010220,0.11971830911390458,-1.5683561555530305e-10,0.0,1.0999980485915533,-2.992957739668729e-06
1010280,0.11971830911652505,-1.5667265779058644e-10,0.0,1.0999980485915533,-2.992957739737436e-06
1010340,0.11971830911915433,-1.5650900718745077e-10,0.0,1.0999980485915533,-2.992957739806347e-06
1010400,0.11971830912179247,-1.5634466311401486e-10,0.0,1.0999980485915533,-2.9929577398754624e-06
1010460,0.11971830912443945,-1.5617962493839754e-10,0.0,1.0999980485915533,-2.992957739944782e-06
1010520,0.11971830912709529,-1.5601389202871768e-10,0.0,1.0999980485915533,-2.992957740014306e-06
1010580,0.11971830912975999,-1.558474637530941e-10,0.0,1.0999980485915533,-2.992957740084034e-06
1010640,0.11971830913243356,-1.5568033947964564e-10,0.0,1.0999980485915533,-2.9929577401539677e-06
1010700,0.119718309135116,-1.5551251857649113e-10,0.0,1.0999980485915533,-2.992957740224106e-06
1010760,0.11971830913780733,-1.553440004117494e-10,0.0,1.0999980485915533,-2.99295774029445e-06
1010820,0.11971830914050757,-1.5517478435353933e-10,0.0,1.0999980485915533,-2.9929577403649988e-06
1010880,0.1197183091432167,-1.5500486976997975e-10,0.0,1.0999980485915533,-2.992957740435753e-06
1010940,0.11971830914593476,-1.5483425602918947e-10,0.0,1.0999980485915533,-2.9929577405067133e-06
1011000,0.11971830914866172,-1.5466294249928737e-10,0.0,1.0999980485915533,-2.9929577405778797e-06
1011060,0.11971830915139763,-1.5449092854839225e-10,0.0,1.0999980485915533,-2.992957740649252e-06
1011120,0.11971830915414246,-1.5431821354462297e-10,0.0,1.0999980485915533,-2.992957740720831e-06
1011180,0.11971830915689624,-1.5414479685609836e-10,0.0,1.0999980485915533,-2.992957740792616e-06
1011240,0.11971830915965898,-1.5397067785093727e-10,0.0,1.0999980485915533,-2.992957740864608e-06
1011300,0.11971830916243067,-1.5379585589725852e-10,0.0,1.0999980485915533,-2.992957740936807e-06
1011360,0.11971830916521134,-1.5362033036318097e-10,0.0,1.0999980485915533,-2.9929577410092126e-06
1011420,0.11971830916800098,-1.5344410061682347e-10,0.0,1.0999980485915533,-2.992957741081826e-06
1011480,0.11971830917079962,-1.5326716602630482e-10,0.0,1.0999980485915533,-2.9929577411546465e-06
1011540,0.11971830917360725,-1.530895259597439e-10,0.0,1.0999980485915533,-2.9929577412276747e-06
1011600,0.11971830917642387,-1.5291117978525952e-10,0.0,1.0999980485915533,-2.992957741300911e-06
1011660,0.11971830917924951,-1.5273212687097054e-10,0.0,1.0999980485915533,-2.992957741374355e-06
1011720,0.11971830918208418,-1.525523665849958e-10,0.0,1.0999980485915533,-2.9929577414480075e-06
1011780,0.11971830918492787,-1.523718982954541e-10,0.0,1.0999980485915533,-2.9929577415218683e-06
1011840,0.11971830918778059,-1.5219072137046433e-10,0.0,1.0999980485915533,-2.9929577415959375e-06
1011900,0.11971830919064237,-1.5200883517814532e-10,0.0,1.0999980485915533,-2.9929577416702156e-06
1011960,0.1197183091935132,-1.5182623908661588e-10,0.0,1.0999980485915533,-2.9929577417447024e-06
1012020,0.11971830919639308,-1.5164293246399486e-10,0.0,1.0999980485915533,-2.992957741819399e-06
1012080,0.11971830919928203,-1.5145891467840113e-10,0.0,1.0999980485915533,-2.992957741894304e-06
1012140,0.11971830920218007,-1.512741850979535e-10,0.0,1.0999980485915533,-2.9929577419694194e-06
1012200,0.11971830920508719,-1.5108874309077082e-10,0.0,1.0999980485915533,-2.992957742044744e-06
1012260,0.1197183092080034,-1.509025880249719e-10,0.0,1.0999980485915533,-2.9929577421202785e-06
1012320,0.11971830921092871,-1.5071571926867564e-10,0.0,1.0999980485915533,-2.992957742196023e-06
1012380,0.11971830921386314,-1.505281361900008e-10,0.0,1.0999980485915533,-2.9929577422719783e-06
1012440,0.11971830921680669,-1.5033983815706631e-10,0.0,1.0999980485915533,-2.9929577423481435e-06
1012500,0.11971830921975936,-1.5015082453799096e-10,0.0,1.0999980485915533,-2.9929577424245196e-06
1012560,0.11971830922272117,-1.4996109470089357e-10,0.0,1.0999980485915533,-2.9929577425011066e-06
1012620,0.11971830922569213,-1.4977064801389302e-10,0.0,1.0999980485915533,-2.9929577425779045e-06
1012680,0.11971830922867223,-1.495794838451081e-10,0.0,1.0999980485915533,-2.992957742654914e-06
1012740,0.11971830923166149,-1.4938760156265773e-10,0.0,1.0999980485915533,-2.9929577427321344e-06
1012800,0.11971830923465993,-1.4919500053466067e-10,0.0,1.0999980485915533,-2.9929577428095663e-06
1012860,0.11971830923766755,-1.490016801292358e-10,0.0,1.0999980485915533,-2.99295774288721e-06
1012920,0.11971830924068434,-1.4880763971450193e-10,0.0,1.0999980485915533,-2.992957742965066e-06
1012980,0.11971830924371032,-1.4861287865857795e-10,0.0,1.0999980485915533,-2.992957743043134e-06
1013040,0.11971830924674552,-1.4841739632958266e-10,0.0,1.0999980485915533,-2.9929577431214142e-06
1013100,0.11971830924978992,-1.482211920956349e-10,0.0,1.0999980485915533,-2.992957743199907e-06
1013160,0.11971830925284353,-1.4802426532485352e-10,0.0,1.0999980485915533,-2.9929577432786125e-06
1013220,0.11971830925590639,-1.4782661538535735e-10,0.0,1.0999980485915533,-2.992957743357531e-06
1013280,0.11971830925897846,-1.4762824164526524e-10,0.0,1.0999980485915533,-2.9929577434366625e-06
1013340,0.11971830926205979,-1.4742914347269604e-10,0.0,1.0999980485915533,-2.9929577435160075e-06
1013400,0.11971830926515037,-1.4722932023576856e-10,0.0,1.0999980485915533,-2.992957743595566e-06
1013460,0.1197183092682502,-1.4702877130260167e-10,0.0,1.0999980485915533,-2.9929577436753378e-06
1013520,0.1197183092713593,-1.4682749604131418e-10,0.0,1.0999980485915533,-2.9929577437553235e-06
1013580,0.11971830927447767,-1.4662549382002495e-10,0.0,1.0999980485915533,-2.992957743835523e-06
1013640,0.11971830927760534,-1.4642276400685282e-10,0.0,1.0999980485915533,-2.992957743915937e-06
1013700,0.1197183092807423,-1.4621930596991662e-10,0.0,1.0999980485915533,-2.9929577439965657e-06
1013760,0.11971830928388855,-1.460151190773352e-10,0.0,1.0999980485915533,-2.9929577440774087e-06
1013820,0.11971830928704412,-1.4581020269722737e-10,0.0,1.0999980485915533,-2.9929577441584663e-06
1013880,0.119718309290209,-1.45604556197712e-10,0.0,1.0999980485915533,-2.992957744239739e-06
1013940,0.1197183092933832,-1.453981789469079e-10,0.0,1.0999980485915533,-2.992957744321227e-06
1014000,0.11971830929656675,-1.4519107031293396e-10,0.0,1.0999980485915533,-2.99295774440293e-06
1014060,0.11971830929975963,-1.4498322966390899e-10,0.0,1.0999980485915533,-2.992957744484849e-06
1014120,0.11971830930296187,-1.447746563679518e-10,0.0,1.0999980485915533,-2.992957744566983e-06
1014180,0.11971830930617346,-1.445653497931813e-10,0.0,1.0999980485915533,-2.9929577446493338e-06
1014240,0.11971830930939442,-1.4435530930771626e-10,0.0,1.0999980485915533,-2.9929577447319e-06
1014300,0.11971830931262475,-1.4414453427967555e-10,0.0,1.0999980485915533,-2.9929577448146826e-06
1014360,0.11971830931586447,-1.4393302407717802e-10,0.0,1.0999980485915533,-2.9929577448976817e-06
1014420,0.11971830931911359,-1.4372077806834248e-10,0.0,1.0999980485915533,-2.9929577449808976e-06
1014480,0.1197183093223721,-1.435077956212878e-10,0.0,1.0999980485915533,-2.9929577450643304e-06
1014540,0.11971830932564001,-1.432940761041328e-10,0.0,1.0999980485915533,-2.99295774514798e-06
1014600,0.11971830932891735,-1.430796188849963e-10,0.0,1.0999980485915533,-2.992957745231847e-06
1014660,0.1197183093322041,-1.428644233319972e-10,0.0,1.0999980485915533,-2.9929577453159313e-06
1014720,0.1197183093355003,-1.4264848881325428e-10,0.0,1.0999980485915533,-2.992957745400233e-06
1014780,0.11971830933880594,-1.4243181469688642e-10,0.0,1.0999980485915533,-2.992957745484753e-06
1014840,0.11971830934212102,-1.4221440035101244e-10,0.0,1.0999980485915533,-2.9929577455694906e-06
1014900,0.11971830934544556,-1.4199624514375117e-10,0.0,1.0999980485915533,-2.9929577456544464e-06
1014960,0.11971830934877957,-1.4177734844322146e-10,0.0,1.0999980485915533,-2.9929577457396206e-06
1015020,0.11971830935212305,-1.4155770961754217e-10,0.0,1.0999980485915533,-2.992957745825013e-06
1015080,0.11971830935547602,-1.4133732803483212e-10,0.0,1.0999980485915533,-2.9929577459106243e-06
1015140,0.11971830935883847,-1.4111620306321013e-10,0.0,1.0999980485915533,-2.992957745996455e-06
1015200,0.11971830936221042,-1.4089433407079508e-10,0.0,1.0999980485915533,-2.992957746082504e-06
1015260,0.11971830936559189,-1.4067172042570576e-10,0.0,1.0999980485915533,-2.992957746168773e-06
1015320,0.11971830936898287,-1.4044836149606106e-10,0.0,1.0999980485915533,-2.992957746255261e-06
1015380,0.11971830937238337,-1.402242566499798e-10,0.0,1.0999980485915533,-2.9929577463419686e-06
1015440,0.1197183093757934,-1.399994052555808e-10,0.0,1.0999980485915533,-2.992957746428896e-06
1015500,0.11971830937921298,-1.3977380668098294e-10,0.0,1.0999980485915533,-2.992957746516044e-06
1015560,0.11971830938264211,-1.3954746029430503e-10,0.0,1.0999980485915533,-2.992957746603412e-06
1015620,0.11971830938608079,-1.3932036546366592e-10,0.0,1.0999980485915533,-2.9929577466910004e-06
1015680,0.11971830938952903,-1.3909252155718442e-10,0.0,1.0999980485915533,-2.992957746778809e-06
1015740,0.11971830939298685,-1.388639279429794e-10,0.0,1.0999980485915533,-2.992957746866839e-06
1015800,0.11971830939645425,-1.3863458398916972e-10,0.0,1.0999980485915533,-2.992957746955089e-06
1015860,0.11971830939993124,-1.3840448906387417e-10,0.0,1.099998048591553,-2.9929577470435613e-06
1015920,0.11971830940341782,-1.3817364253521162e-10,0.0,1.099998048591553,-2.992957747132254e-06
1015980,0.11971830940691403,-1.379420437713009e-10,0.0,1.099998048591553,-2.992957747221169e-06
1016040,0.11971830941041983,-1.3770969214026087e-10,0.0,1.099998048591553,-2.9929577473103056e-06
1016100,0.11971830941393527,-1.374765870102103e-10,0.0,1.099998048591553,-2.9929577473996637e-06
1016160,0.11971830941746033,-1.3724272774926812e-10,0.0,1.099998048591553,-2.9929577474892442e-06
1016220,0.11971830942099504,-1.3700811372555314e-10,0.0,1.099998048591553,-2.9929577475790467e-06
1016280,0.11971830942453938,-1.3677274430718416e-10,0.0,1.099998048591553,-2.992957747669072e-06
1016340,0.1197183094280934,-1.3653661886228008e-10,0.0,1.099998048591553,-2.99295774775932e-06
1016400,0.11971830943165707,-1.3629973675895968e-10,0.0,1.099998048591553,-2.99295774784979e-06
1016460,0.11971830943523042,-1.3606209736534185e-10,0.0,1.099998048591553,-2.992957747940484e-06
1016520,0.11971830943881344,-1.358237000495454e-10,0.0,1.099998048591553,-2.992957748031401e-06
1016580,0.11971830944240616,-1.3558454417968917e-10,0.0,1.099998048591553,-2.992957748122541e-06
1016640,0.11971830944600857,-1.35344629123892e-10,0.0,1.099998048591553,-2.992957748213905e-06
1016700,0.1197183094496207,-1.3510395425027275e-10,0.0,1.099998048591553,-2.992957748305493e-06
1016760,0.11971830945324252,-1.3486251892695023e-10,0.0,1.099998048591553,-2.9929577483973046e-06
1016820,0.11971830945687408,-1.3462032252204331e-10,0.0,1.099998048591553,-2.9929577484893403e-06
1016880,0.11971830946051537,-1.3437736440367082e-10,0.0,1.099998048591553,-2.992957748581601e-06
1016940,0.1197183094641664,-1.341336439399516e-10,0.0,1.099998048591553,-2.9929577486740854e-06
1017000,0.11971830946782716,-1.3388916049900446e-10,0.0,1.099998048591553,-2.992957748766795e-06
1017060,0.11971830947149768,-1.3364391344894826e-10,0.0,1.099998048591553,-2.992957748859729e-06
1017120,0.11971830947517798,-1.3339790215790184e-10,0.0,1.099998048591553,-2.992957748952889e-06
1017180,0.11971830947886804,-1.3315112599398406e-10,0.0,1.099998048591553,-2.9929577490462733e-06
1017240,0.11971830948256788,-1.3290358432531372e-10,0.0,1.099998048591553,-2.9929577491398836e-06
1017300,0.11971830948627751,-1.326552765200097e-10,0.0,1.099998048591553,-2.9929577492337196e-06
1017360,0.11971830948999694,-1.3240620194619082e-10,0.0,1.099998048591553,-2.9929577493277813e-06
1017420,0.11971830949372617,-1.321563599719759e-10,0.0,1.099998048591553,-2.9929577494220692e-06
1017480,0.11971830949746522,-1.3190574996548382e-10,0.0,1.099998048591553,-2.992957749516583e-06
1017540,0.11971830950121408,-1.3165437129483338e-10,0.0,1.099998048591553,-2.9929577496113235e-06
1017600,0.11971830950497278,-1.3140222332814346e-10,0.0,1.099998048591553,-2.9929577497062903e-06
1017660,0.11971830950874131,-1.3114930543353287e-10,0.0,1.099998048591553,-2.992957749801484e-06
1017720,0.11971830951251969,-1.3089561697912044e-10,0.0,1.099998048591553,-2.992957749896905e-06
1017780,0.11971830951630792,-1.3064115733302505e-10,0.0,1.099998048591553,-2.992957749992553e-06
1017840,0.11971830952010602,-1.303859258633655e-10,0.0,1.099998048591553,-2.9929577500884284e-06
1017900,0.11971830952391399,-1.3012992193826065e-10,0.0,1.099998048591553,-2.992957750184531e-06
1017960,0.11971830952773184,-1.298731449258293e-10,0.0,1.099998048591553,-2.992957750280862e-06
1018020,0.11971830953155957,-1.2961559419419038e-10,0.0,1.099998048591553,-2.9929577503774203e-06
1018080,0.11971830953539721,-1.2935726911146264e-10,0.0,1.099998048591553,-2.992957750474207e-06
1018140,0.11971830953924474,-1.2909816904576498e-10,0.0,1.099998048591553,-2.992957750571222e-06
1018200,0.11971830954310218,-1.2883829336521617e-10,0.0,1.099998048591553,-2.992957750668465e-06
1018260,0.11971830954696956,-1.2857764143793512e-10,0.0,1.099998048591553,-2.992957750765937e-06
1018320,0.11971830955084685,-1.2831621263204065e-10,0.0,1.099998048591553,-2.992957750863638e-06
1018380,0.11971830955473409,-1.2805400631565156e-10,0.0,1.099998048591553,-2.992957750961568e-06
1018440,0.11971830955863126,-1.2779102185688676e-10,0.0,1.099998048591553,-2.992957751059727e-06
1018500,0.1197183095625384,-1.2752725862386503e-10,0.0,1.099998048591553,-2.9929577511581158e-06
1018560,0.11971830956645549,-1.272627159847052e-10,0.0,1.099998048591553,-2.9929577512567337e-06
1018620,0.11971830957038256,-1.2699739330752617e-10,0.0,1.099998048591553,-2.9929577513555816e-06
1018680,0.1197183095743196,-1.2673128996044675e-10,0.0,1.099998048591553,-2.99295775145466e-06
1018740,0.11971830957826662,-1.2646440531158578e-10,0.0,1.099998048591553,-2.9929577515539677e-06
1018800,0.11971830958222365,-1.2619673872906208e-10,0.0,1.099998048591553,-2.9929577516535064e-06
1018860,0.11971830958619069,-1.259282895809945e-10,0.0,1.099998048591553,-2.9929577517532754e-06
1018920,0.11971830959016772,-1.2565905723550191e-10,0.0,1.099998048591553,-2.9929577518532753e-06
1018980,0.11971830959415478,-1.2538904106070312e-10,0.0,1.099998048591553,-2.992957751953506e-06
1019040,0.11971830959815187,-1.2511824042471697e-10,0.0,1.099998048591553,-2.9929577520539675e-06
1019100,0.11971830960215898,-1.248466546956623e-10,0.0,1.099998048591553,-2.9929577521546606e-06
1019160,0.11971830960617616,-1.2457428324165793e-10,0.0,1.099998048591553,-2.992957752255585e-06
1019220,0.11971830961020338,-1.2430112543082275e-10,0.0,1.099998048591553,-2.9929577523567415e-06
1019280,0.11971830961424065,-1.240271806312756e-10,0.0,1.099998048591553,-2.9929577524581297e-06
1019340,0.11971830961828801,-1.2375244821113524e-10,0.0,1.099998048591553,-2.9929577525597495e-06
1019400,0.11971830962234543,-1.234769275385206e-10,0.0,1.099998048591553,-2.9929577526616022e-06
1019460,0.11971830962641294,-1.2320061798155047e-10,0.0,1.099998048591553,-2.9929577527636866e-06
1019520,0.11971830963049056,-1.2292351890834368e-10,0.0,1.099998048591553,-2.9929577528660044e-06
1019580,0.11971830963457827,-1.226456296870191e-10,0.0,1.099998048591553,-2.9929577529685543e-06
1019640,0.1197183096386761,-1.2236694968569556e-10,0.0,1.099998048591553,-2.9929577530713375e-06
1019700,0.11971830964278403,-1.2208747827249192e-10,0.0,1.099998048591553,-2.992957753174354e-06
1019760,0.1197183096469021,-1.2180721481552698e-10,0.0,1.099998048591553,-2.9929577532776035e-06
1019820,0.1197183096510303,-1.215261586829196e-10,0.0,1.0999980485915528,-2.992957753381087e-06
1019880,0.11971830965516865,-1.212443092427886e-10,0.0,1.0999980485915528,-2.992957753484804e-06
1019940,0.11971830965931714,-1.2096166586325286e-10,0.0,1.0999980485915528,-2.9929577535887547e-06
1020000,0.1197183096634758,-1.206782279124312e-10,0.0,1.0999980485915528,-2.99295775369294e-06
1020060,0.11971830966764463,-1.2039399475844245e-10,0.0,1.0999980485915528,-2.992957753797359e-06
1020120,0.11971830967182363,-1.2010896576940544e-10,0.0,1.0999980485915528,-2.992957753902013e-06
1020180,0.11971830967601281,-1.1982314031343904e-10,0.0,1.0999980485915528,-2.9929577540069015e-06
1020240,0.1197183096802122,-1.1953651775866207e-10,0.0,1.0999980485915528,-2.9929577541120246e-06
1020300,0.11971830968442178,-1.1924909747319337e-10,0.0,1.0999980485915528,-2.992957754217383e-06
1020360,0.11971830968864157,-1.1896087882515177e-10,0.0,1.0999980485915528,-2.992957754322977e-06
1020420,0.11971830969287159,-1.1867186118265613e-10,0.0,1.0999980485915528,-2.992957754428806e-06
1020480,0.11971830969711182,-1.183820439138253e-10,0.0,1.0999980485915528,-2.9929577545348706e-06
1020540,0.1197183097013623,-1.1809142638677809e-10,0.0,1.0999980485915528,-2.992957754641171e-06
1020600,0.119718309705623,-1.1780000796963335e-10,0.0,1.0999980485915528,-2.9929577547477076e-06
1020660,0.11971830970989397,-1.1750778803050992e-10,0.0,1.0999980485915528,-2.99295775485448e-06
1020720,0.1197183097141752,-1.1721476593752664e-10,0.0,1.0999980485915528,-2.992957754961489e-06
1020780,0.11971830971846668,-1.1692094105880235e-10,0.0,1.0999980485915528,-2.9929577550687348e-06
1020840,0.11971830972276845,-1.1662631276245588e-10,0.0,1.0999980485915528,-2.992957755176217e-06
1020900,0.1197183097270805,-1.1633088041660608e-10,0.0,1.0999980485915528,-2.992957755283936e-06
1020960,0.11971830973140285,-1.1603464338937179e-10,0.0,1.0999980485915528,-2.9929577553918926e-06
1021020,0.1197183097357355,-1.1573760104887184e-10,0.0,1.0999980485915528,-2.9929577555000863e-06
1021080,0.11971830974007845,-1.1543975276322509e-10,0.0,1.0999980485915528,-2.992957755608517e-06
1021140,0.11971830974443172,-1.1514109790055037e-10,0.0,1.0999980485915528,-2.992957755717186e-06
1021200,0.11971830974879531,-1.148416358289665e-10,0.0,1.0999980485915528,-2.9929577558260927e-06
1021260,0.11971830975316924,-1.1454136591659234e-10,0.0,1.0999980485915528,-2.9929577559352376e-06
1021320,0.11971830975755351,-1.1424028753154673e-10,0.0,1.0999980485915528,-2.9929577560446205e-06
1021380,0.11971830975905427,-1.1411528268071383e-10,0.0,1.099998048591553,-2.9929577560804563e-06
1021440,0.11971830976012374,-1.1401646259181888e-10,0.0,1.099998048591553,-2.9929577561052697e-06
1021500,0.11971830976119158,-1.1391756570177896e-10,0.0,1.099998048591553,-2.992957756130016e-06
1021560,0.11971830976225777,-1.1381859225891471e-10,0.0,1.099998048591553,-2.992957756154695e-06
1021620,0.11971830976332232,-1.1371954251154676e-10,0.0,1.099998048591553,-2.9929577561793063e-06
1021680,0.1197183097643852,-1.1362041670799572e-10,0.0,1.099998048591553,-2.99295775620385e-06
1021740,0.11971830976544644,-1.1352121509658226e-10,0.0,1.099998048591553,-2.9929577562283254e-06
1021800,0.119718309766506,-1.1342193792562702e-10,0.0,1.099998048591553,-2.992957756252733e-06
1021860,0.1197183097675639,-1.133225854434506e-10,0.0,1.099998048591553,-2.9929577562770726e-06
1021920,0.11971830976862012,-1.1322315789837362e-10,0.0,1.099998048591553,-2.9929577563013435e-06
1021980,0.11971830976967465,-1.1312365553871676e-10,0.0,1.099998048591553,-2.9929577563255457e-06
1022040,0.11971830977072749,-1.1302407861280062e-10,0.0,1.099998048591553,-2.992957756349679e-06
1022100,0.11971830977177864,-1.1292442736894583e-10,0.0,1.099998048591553,-2.9929577563737436e-06
1022160,0.11971830977282809,-1.1282470205547305e-10,0.0,1.099998048591553,-2.9929577563977388e-06
1022220,0.11971830977387582,-1.1272490292070289e-10,0.0,1.099998048591553,-2.9929577564216645e-06
1022280,0.11971830977492184,-1.12625030212956e-10,0.0,1.099998048591553,-2.992957756445521e-06
1022340,0.11971830977596615,-1.1252508418055298e-10,0.0,1.099998048591553,-2.9929577564693075e-06
1022400,0.11971830977700873,-1.124250650718145e-10,0.0,1.099998048591553,-2.9929577564930245e-06
1022460,0.11971830977804956,-1.1232497313506116e-10,0.0,1.099998048591553,-2.992957756516671e-06
1022520,0.11971830977908868,-1.1222480861861362e-10,0.0,1.099998048591553,-2.9929577565402474e-06
1022580,0.11971830978012603,-1.1212457177079252e-10,0.0,1.099998048591553,-2.9929577565637534e-06
1022640,0.11971830978116163,-1.1202426283991845e-10,0.0,1.099998048591553,-2.992957756587189e-06
1022700,0.11971830978219548,-1.1192388207431206e-10,0.0,1.099998048591553,-2.9929577566105537e-06
1022760,0.11971830978322757,-1.1182342972229401e-10,0.0,1.099998048591553,-2.992957756633847e-06
1022820,0.11971830978425789,-1.1172290603218491e-10,0.0,1.099998048591553,-2.9929577566570698e-06
1022880,0.11971830978528643,-1.1162231125230538e-10,0.0,1.099998048591553,-2.992957756680221e-06
1022940,0.11971830978631319,-1.1152164563097609e-10,0.0,1.099998048591553,-2.9929577567033004e-06
1023000,0.11971830978733816,-1.1142090941651764e-10,0.0,1.0999980485915528,-2.9929577567263084e-06
1023060,0.11971830978836133,-1.1132010285725067e-10,0.0,1.0999980485915528,-2.9929577567492447e-06
1023120,0.11971830978938271,-1.1121922620149582e-10,0.0,1.0999980485915528,-2.9929577567721087e-06
1023180,0.11971830979040228,-1.1111827969757371e-10,0.0,1.0999980485915528,-2.9929577567949007e-06
1023240,0.11971830979142004,-1.11017263593805e-10,0.0,1.0999980485915528,-2.9929577568176198e-06
1023300,0.11971830979243597,-1.109161781385103e-10,0.0,1.0999980485915528,-2.992957756840267e-06
1023360,0.11971830979345008,-1.1081502358001022e-10,0.0,1.0999980485915528,-2.9929577568628407e-06
1023420,0.11971830979446237,-1.1071380016662546e-10,0.0,1.0999980485915528,-2.9929577568853418e-06
1023480,0.11971830979547281,-1.1061250814667659e-10,0.0,1.0999980485915528,-2.99295775690777e-06
1023540,0.1197183097964814,-1.1051114776848425e-10,0.0,1.0999980485915528,-2.992957756930125e-06
1023600,0.11971830979748815,-1.104097192803691e-10,0.0,1.0999980485915528,-2.992957756952406e-06
1023660,0.11971830979849304,-1.1030822293065177e-10,0.0,1.0999980485915528,-2.9929577569746135e-06
1023720,0.11971830979949609,-1.1020665896765286e-10,0.0,1.0999980485915528,-2.9929577569967473e-06
1023780,0.11971830980049725,-1.1010502763969304e-10,0.0,1.0999980485915528,-2.992957757018807e-06
1023840,0.11971830980149654,-1.1000332919509292e-10,0.0,1.0999980485915528,-2.992957757040792e-06
1023900,0.11971830980249396,-1.0990156388217314e-10,0.0,1.0999980485915528,-2.9929577570627037e-06
1023960,0.11971830980348948,-1.0979973194925433e-10,0.0,1.0999980485915528,-2.99295775708454e-06
1024020,0.11971830980448311,-1.0969783364465714e-10,0.0,1.0999980485915528,-2.992957757106302e-06
1024080,0.11971830980547483,-1.0959586921670218e-10,0.0,1.0999980485915528,-2.9929577571279887e-06
1024140,0.11971830980646467,-1.0949383891371008e-10,0.0,1.0999980485915528,-2.9929577571496008e-06
1024200,0.11971830980745259,-1.093917429840015e-10,0.0,1.0999980485915528,-2.9929577571711374e-06
1024260,0.11971830980843859,-1.0928958167589705e-10,0.0,1.0999980485915528,-2.9929577571925983e-06
1024320,0.11971830980942266,-1.0918735523771737e-10,0.0,1.0999980485915528,-2.9929577572139838e-06
1024380,0.11971830981040481,-1.0908506391778308e-10,0.0,1.0999980485915528,-2.9929577572352934e-06
1024440,0.11971830981138502,-1.0898270796441484e-10,0.0,1.0999980485915528,-2.9929577572565273e-06
1024500,0.1197183098123633,-1.0888028762593325e-10,0.0,1.0999980485915528,-2.9929577572776844e-06
1024560,0.11971830981333963,-1.0877780315065897e-10,0.0,1.0999980485915528,-2.992957757298766e-06
1024620,0.11971830981431399,-1.0867525478691261e-10,0.0,1.0999980485915528,-2.99295775731977e-06
1024680,0.1197183098152864,-1.0857264278301482e-10,0.0,1.0999980485915528,-2.992957757340698e-06
1024740,0.11971830981625685,-1.0846996738728624e-10,0.0,1.0999980485915528,-2.992957757361549e-06
1024800,0.11971830981722531,-1.0836722884804747e-10,0.0,1.0999980485915528,-2.992957757382323e-06
1024860,0.1197183098181918,-1.0826442741361918e-10,0.0,1.0999980485915528,-2.99295775740302e-06
1024920,0.11971830981915631,-1.0816156333232198e-10,0.0,1.0999980485915528,-2.9929577574236392e-06
1024980,0.11971830982011883,-1.080586368524765e-10,0.0,1.0999980485915528,-2.9929577574441806e-06
1025040,0.11971830982107935,-1.0795564822240337e-10,0.0,1.0999980485915528,-2.9929577574646445e-06
1025100,0.11971830982203786,-1.0785259769042324e-10,0.0,1.0999980485915528,-2.9929577574850305e-06
1025160,0.11971830982299438,-1.0774948550485675e-10,0.0,1.0999980485915528,-2.992957757505338e-06
1025220,0.11971830982394888,-1.076463119140245e-10,0.0,1.0999980485915528,-2.9929577575255674e-06
1025280,0.11971830982490134,-1.0754307716624716e-10,0.0,1.0999980485915528,-2.9929577575457183e-06
1025340,0.11971830982585178,-1.0743978150984534e-10,0.0,1.0999980485915528,-2.992957757565791e-06
1025400,0.11971830982680019,-1.0733642519313967e-10,0.0,1.0999980485915528,-2.9929577575857842e-06
1025460,0.11971830982774656,-1.0723300846445078e-10,0.0,1.0999980485915528,-2.9929577576056984e-06
1025520,0.11971830982869089,-1.0712953157209932e-10,0.0,1.0999980485915528,-2.9929577576255334e-06
1025580,0.11971830982963316,-1.0702599476440591e-10,0.0,1.0999980485915528,-2.992957757645289e-06
1025640,0.11971830983057338,-1.0692239828969118e-10,0.0,1.0999980485915528,-2.9929577576649653e-06
1025700,0.11971830983151152,-1.0681874239627578e-10,0.0,1.0999980485915528,-2.9929577576845614e-06
1025760,0.1197183098324476,-1.0671502733248034e-10,0.0,1.0999980485915528,-2.992957757704078e-06
1025820,0.11971830983338161,-1.0661125334662546e-10,0.0,1.0999980485915528,-2.9929577577235143e-06
1025880,0.11971830983431353,-1.0650742068703181e-10,0.0,1.0999980485915528,-2.9929577577428703e-06
1025940,0.11971830983524336,-1.0640352960202001e-10,0.0,1.0999980485915528,-2.992957757762146e-06
1026000,0.1197183098361711,-1.0629958033991069e-10,0.0,1.0999980485915528,-2.9929577577813404e-06
1026060,0.11971830983709673,-1.0619557314902449e-10,0.0,1.0999980485915528,-2.9929577578004545e-06
1026120,0.11971830983802026,-1.0609150827768203e-10,0.0,1.0999980485915528,-2.9929577578194874e-06
1026180,0.11971830983894167,-1.0598738597420396e-10,0.0,1.0999980485915528,-2.9929577578384393e-06
1026240,0.11971830983986097,-1.0588320648691089e-10,0.0,1.0999980485915528,-2.99295775785731e-06
1026300,0.11971830984077814,-1.0577897006412348e-10,0.0,1.0999980485915528,-2.9929577578760984e-06
1026360,0.11971830984169317,-1.0567467695416233e-10,0.0,1.0999980485915528,-2.9929577578948055e-06
1026420,0.11971830984260608,-1.055703274053481e-10,0.0,1.0999980485915528,-2.992957757913431e-06
1026480,0.11971830984351682,-1.0546592166600142e-10,0.0,1.0999980485915528,-2.992957757931974e-06
1026540,0.11971830984442543,-1.0536145998444292e-10,0.0,1.0999980485915528,-2.992957757950435e-06
1026600,0.11971830984533188,-1.052569426089932e-10,0.0,1.0999980485915528,-2.9929577579688134e-06
1026660,0.11971830984623616,-1.0515236978797295e-10,0.0,1.0999980485915528,-2.992957757987109e-06
1026720,0.11971830984713829,-1.0504774176970276e-10,0.0,1.0999980485915528,-2.9929577580053218e-06
1026780,0.11971830984803822,-1.0494305880250328e-10,0.0,1.0999980485915528,-2.992957758023452e-06
1026840,0.11971830984893599,-1.0483832113469513e-10,0.0,1.0999980485915528,-2.9929577580414985e-06
1026900,0.11971830984983156,-1.0473352901459896e-10,0.0,1.0999980485915528,-2.992957758059462e-06
1026960,0.11971830985072494,-1.046286826905354e-10,0.0,1.0999980485915528,-2.992957758077342e-06
1027020,0.11971830985161612,-1.0452378241082507e-10,0.0,1.0999980485915528,-2.992957758095138e-06
1027080,0.11971830985250509,-1.044188284237886e-10,0.0,1.0999980485915528,-2.9929577581128505e-06
1027140,0.11971830985339187,-1.0431382097774666e-10,0.0,1.0999980485915528,-2.9929577581304785e-06
1027200,0.11971830985427641,-1.0420876032101984e-10,0.0,1.0999980485915528,-2.9929577581480227e-06
1027260,0.11971830985515873,-1.0410364670192877e-10,0.0,1.0999980485915528,-2.992957758165482e-06
1027320,0.11971830985603882,-1.0399848036879414e-10,0.0,1.0999980485915528,-2.9929577581828573e-06
1027380,0.11971830985691667,-1.0389326156993651e-10,0.0,1.0999980485915528,-2.9929577582001474e-06
1027440,0.11971830985779229,-1.0378799055367655e-10,0.0,1.0999980485915528,-2.9929577582173523e-06
1027500,0.11971830985866565,-1.0368266756833489e-10,0.0,1.0999980485915528,-2.9929577582344725e-06
1027560,0.11971830985953677,-1.0357729286223216e-10,0.0,1.0999980485915528,-2.9929577582515072e-06
1027620,0.11971830986040562,-1.0347186668368901e-10,0.0,1.0999980485915528,-2.9929577582684563e-06
1027680,0.1197183098612722,-1.0336638928102602e-10,0.0,1.0999980485915528,-2.99295775828532e-06
1027740,0.11971830986213651,-1.032608609025639e-10,0.0,1.0999980485915528,-2.9929577583020975e-06
1027800,0.11971830986299854,-1.0315528179662322e-10,0.0,1.0999980485915526,-2.992957758318789e-06
1027860,0.11971830986385829,-1.0304965221152462e-10,0.0,1.0999980485915526,-2.992957758335395e-06
1027920,0.11971830986471574,-1.0294397239558876e-10,0.0,1.0999980485915526,-2.9929577583519137e-06
1027980,0.11971830986557089,-1.0283824259713628e-10,0.0,1.0999980485915526,-2.992957758368346e-06
1028040,0.11971830986642375,-1.0273246306448776e-10,0.0,1.0999980485915526,-2.9929577583846917e-06
1028100,0.11971830986727429,-1.0262663404596389e-10,0.0,1.0999980485915526,-2.9929577584009505e-06
1028160,0.11971830986812251,-1.0252075578988526e-10,0.0,1.0999980485915526,-2.992957758417122e-06
1028220,0.11971830986896842,-1.0241482854457253e-10,0.0,1.0999980485915526,-2.9929577584332064e-06
1028280,0.119718309869812,-1.0230885255834631e-10,0.0,1.0999980485915526,-2.9929577584492034e-06
1028340,0.11971830987065324,-1.0220282807952725e-10,0.0,1.0999980485915526,-2.9929577584651124e-06
1028400,0.11971830987149214,-1.0209675535643599e-10,0.0,1.0999980485915526,-2.9929577584809337e-06
1028460,0.11971830987232869,-1.0199063463739313e-10,0.0,1.0999980485915526,-2.992957758496667e-06
1028520,0.1197183098731629,-1.0188446617071933e-10,0.0,1.0999980485915526,-2.992957758512312e-06
1028580,0.11971830987399473,-1.0177825020473522e-10,0.0,1.0999980485915526,-2.992957758527869e-06
1028640,0.11971830987482421,-1.0167198698776142e-10,0.0,1.0999980485915526,-2.992957758543337e-06
1028700,0.11971830987565132,-1.0156567676811858e-10,0.0,1.0999980485915526,-2.9929577585587168e-06
1028760,0.11971830987647605,-1.0145931979412732e-10,0.0,1.0999980485915526,-2.9929577585740074e-06
1028820,0.1197183098772984,-1.0135291631410827e-10,0.0,1.0999980485915526,-2.9929577585892087e-06
1028880,0.11971830987811835,-1.0124646657638208e-10,0.0,1.0999980485915526,-2.992957758604321e-06
1028940,0.1197183098789359,-1.0113997082926937e-10,0.0,1.0999980485915526,-2.9929577586193436e-06
1029000,0.11971830987975107,-1.0103342932109076e-10,0.0,1.0999980485915526,-2.9929577586342767e-06
1029060,0.11971830988056381,-1.0092684230016691e-10,0.0,1.0999980485915526,-2.99295775864912e-06
1029120,0.11971830988137415,-1.0082021001481844e-10,0.0,1.0999980485915526,-2.9929577586638733e-06
1029180,0.11971830988218207,-1.0071353271336598e-10,0.0,1.0999980485915526,-2.9929577586785363e-06
1029240,0.11971830988298755,-1.0060681064413015e-10,0.0,1.0999980485915526,-2.992957758693109e-06
1029300,0.11971830988379062,-1.0050004405543161e-10,0.0,1.0999980485915526,-2.9929577587075913e-06
1029360,0.11971830988459123,-1.0039323319559098e-10,0.0,1.0999980485915526,-2.9929577587219828e-06
1029420,0.1197183098853894,-1.002863783129289e-10,0.0,1.0999980485915526,-2.9929577587362837e-06
1029480,0.11971830988618512,-1.0017947965576598e-10,0.0,1.0999980485915526,-2.992957758750493e-06
1029540,0.11971830988697839,-1.0007253747242289e-10,0.0,1.0999980485915526,-2.9929577587646114e-06
1029600,0.11971830988776919,-9.996555201122021e-11,0.0,1.0999980485915526,-2.9929577587786383e-06
1029660,0.11971830988855751,-9.985852352047861e-11,0.0,1.0999980485915526,-2.9929577587925737e-06
1029720,0.11971830988934337,-9.975145224851873e-11,0.0,1.0999980485915526,-2.992957758806417e-06
1029780,0.11971830989012675,-9.964433844366118e-11,0.0,1.0999980485915526,-2.9929577588201687e-06
1029840,0.11971830989090763,-9.953718235422659e-11,0.0,1.0999980485915526,-2.9929577588338284e-06
1029900,0.11971830989168603,-9.942998422853562e-11,0.0,1.0999980485915526,-2.9929577588473953e-06
1029960,0.11971830989246192,-9.932274431490888e-11,0.0,1.0999980485915526,-2.99295775886087e-06
1030020,0.11971830989323531,-9.921546286166702e-11,0.0,1.0999980485915526,-2.9929577588742518e-06
1030080,0.11971830989400618,-9.910814011713064e-11,0.0,1.0999980485915526,-2.992957758887541e-06
1030140,0.11971830989477454,-9.90007763296204e-11,0.0,1.0999980485915526,-2.992957758900737e-06
1030200,0.11971830989554037,-9.889337174745694e-11,0.0,1.0999980485915526,-2.99295775891384e-06
1030260,0.11971830989630367,-9.878592661896086e-11,0.0,1.0999980485915526,-2.992957758926849e-06
1030320,0.11971830989706443,-9.867844119245282e-11,0.0,1.0999980485915526,-2.992957758939765e-06
1030380,0.11971830989782264,-9.857091571625346e-11,0.0,1.0999980485915526,-2.992957758952587e-06
1030440,0.11971830989857832,-9.846335043868338e-11,0.0,1.0999980485915526,-2.992957758965315e-06
1030500,0.11971830989933144,-9.835574560806324e-11,0.0,1.0999980485915526,-2.9929577589779494e-06
1030560,0.11971830990008199,-9.824810147271365e-11,0.0,1.0999980485915526,-2.992957758990489e-06
1030620,0.11971830990082998,-9.814041828095527e-11,0.0,1.0999980485915526,-2.9929577590029343e-06
1030680,0.11971830990157538,-9.80326962811087e-11,0.0,1.0999980485915526,-2.9929577590152844e-06
1030740,0.11971830990231822,-9.79249357214946e-11,0.0,1.0999980485915526,-2.99295775902754e-06
1030800,0.11971830990305846,-9.781713685043361e-11,0.0,1.0999980485915526,-2.992957759039701e-06
1030860,0.11971830990379612,-9.770929991624631e-11,0.0,1.0999980485915526,-2.9929577590517666e-06
1030920,0.11971830990453117,-9.760142516725339e-11,0.0,1.0999980485915526,-2.992957759063737e-06
1030980,0.11971830990526362,-9.749351285177546e-11,0.0,1.0999980485915526,-2.9929577590756114e-06
1031040,0.11971830990599346,-9.738556321813315e-11,0.0,1.0999980485915526,-2.9929577590873902e-06
1031100,0.11971830990672068,-9.727757651464709e-11,0.0,1.0999980485915526,-2.9929577590990734e-06
1031160,0.11971830990744528,-9.716955298963794e-11,0.0,1.0999980485915526,-2.99295775911066e-06
1031220,0.11971830990816726,-9.706149289142629e-11,0.0,1.0999980485915526,-2.9929577591221508e-06
1031280,0.11971830990888659,-9.69533964683328e-11,0.0,1.0999980485915526,-2.9929577591335446e-06
1031340,0.11971830990960329,-9.68452639686781e-11,0.0,1.0999980485915526,-2.9929577591448424e-06
1031400,0.11971830991031733,-9.67370956407828e-11,0.0,1.0999980485915526,-2.992957759156043e-06
1031460,0.11971830991102873,-9.662889173296759e-11,0.0,1.0999980485915526,-2.992957759167147e-06
1031520,0.11971830991173746,-9.652065249355304e-11,0.0,1.0999980485915526,-2.9929577591781532e-06
1031580,0.11971830991244353,-9.641237817085981e-11,0.0,1.0999980485915524,-2.9929577591890626e-06
1031640,0.11971830991314693,-9.630406901320852e-11,0.0,1.0999980485915524,-2.992957759199874e-06
1031700,0.11971830991384765,-9.619572526891984e-11,0.0,1.0999980485915524,-2.9929577592105882e-06
1031760,0.11971830991454568,-9.608734718631434e-11,0.0,1.0999980485915524,-2.992957759221204e-06
1031820,0.11971830991524103,-9.597893501371272e-11,0.0,1.0999980485915524,-2.992957759231722e-06
1031880,0.11971830991593367,-9.587048899943557e-11,0.0,1.0999980485915524,-2.992957759242142e-06
1031940,0.11971830991662362,-9.576200939180351e-11,0.0,1.0999980485915524,-2.9929577592524634e-06
1032000,0.11971830991731085,-9.565349643913723e-11,0.0,1.0999980485915524,-2.9929577592626863e-06
1032060,0.11971830991799537,-9.554495038975731e-11,0.0,1.0999980485915524,-2.99295775927281e-06
1032120,0.11971830991867717,-9.543637149198441e-11,0.0,1.0999980485915524,-2.992957759282835e-06
1032180,0.11971830991935624,-9.532775999413915e-11,0.0,1.0999980485915524,-2.992957759292761e-06
1032240,0.11971830992003259,-9.521911614454216e-11,0.0,1.0999980485915524,-2.9929577593025874e-06
1032300,0.11971830992070619,-9.511044019151408e-11,0.0,1.0999980485915524,-2.9929577593123143e-06
1032360,0.11971830992137704,-9.500173238337554e-11,0.0,1.0999980485915524,-2.9929577593219417e-06
1032420,0.11971830992204514,-9.489299296844718e-11,0.0,1.0999980485915524,-2.9929577593314696e-06
1032480,0.11971830992271049,-9.478422219504963e-11,0.0,1.0999980485915524,-2.9929577593408966e-06
1032540,0.11971830992337307,-9.467542031150351e-11,0.0,1.0999980485915524,-2.992957759350224e-06
1032600,0.11971830992403287,-9.456658756612947e-11,0.0,1.0999980485915524,-2.992957759359451e-06
1032660,0.1197183099246899,-9.445772420724813e-11,0.0,1.0999980485915524,-2.9929577593685772e-06
1032720,0.11971830992534416,-9.434883048318013e-11,0.0,1.0999980485915524,-2.992957759377603e-06
1032780,0.11971830992599562,-9.423990664224609e-11,0.0,1.0999980485915524,-2.992957759386527e-06
1032840,0.11971830992664428,-9.413095293276667e-11,0.0,1.0999980485915524,-2.9929577593953507e-06
1032900,0.11971830992729016,-9.402196960306248e-11,0.0,1.0999980485915524,-2.992957759404073e-06
1032960,0.11971830992793321,-9.391295690145414e-11,0.0,1.0999980485915524,-2.9929577594126937e-06
1033020,0.11971830992857346,-9.380391507626232e-11,0.0,1.0999980485915524,-2.9929577594212127e-06
1033080,0.11971830992921088,-9.369484437580764e-11,0.0,1.0999980485915524,-2.9929577594296297e-06
1033140,0.11971830992984549,-9.35857450484107e-11,0.0,1.0999980485915524,-2.992957759437945e-06
1033200,0.11971830993047726,-9.347661734239218e-11,0.0,1.0999980485915524,-2.992957759446158e-06
1033260,0.11971830993110619,-9.336746150607268e-11,0.0,1.0999980485915524,-2.9929577594542686e-06
1033320,0.11971830993173228,-9.325827778777284e-11,0.0,1.0999980485915524,-2.992957759462277e-06
1033380,0.11971830993235552,-9.31490664358133e-11,0.0,1.0999980485915524,-2.992957759470182e-06
1033440,0.1197183099329759,-9.30398276985147e-11,0.0,1.0999980485915524,-2.9929577594779842e-06
1033500,0.11971830993359342,-9.293056182419765e-11,0.0,1.0999980485915524,-2.9929577594856838e-06
1033560,0.11971830993420807,-9.28212690611828e-11,0.0,1.0999980485915524,-2.99295775949328e-06
1033620,0.11971830993481986,-9.271194965779078e-11,0.0,1.0999980485915524,-2.9929577595007724e-06
1033680,0.11971830993542874,-9.260260386234222e-11,0.0,1.0999980485915524,-2.9929577595081615e-06
1033740,0.11971830993603476,-9.249323192315774e-11,0.0,1.0999980485915524,-2.992957759515447e-06
1033800,0.11971830993663787,-9.238383408855798e-11,0.0,1.0999980485915524,-2.992957759522628e-06
1033860,0.11971830993723809,-9.22744106068636e-11,0.0,1.0999980485915524,-2.992957759529705e-06
1033920,0.1197183099378354,-9.216496172639519e-11,0.0,1.0999980485915524,-2.9929577595366777e-06
1033980,0.1197183099384298,-9.205548769547342e-11,0.0,1.0999980485915524,-2.992957759543546e-06
1034040,0.11971830993902129,-9.194598876241889e-11,0.0,1.0999980485915524,-2.992957759550309e-06
1034100,0.11971830993960984,-9.183646517555225e-11,0.0,1.0999980485915524,-2.992957759556968e-06
1034160,0.11971830994019547,-9.172691718319413e-11,0.0,1.0999980485915524,-2.9929577595635214e-06
1034220,0.11971830994077817,-9.161734503366518e-11,0.0,1.0999980485915524,-2.9929577595699695e-06
1034280,0.11971830994135793,-9.1507748975286e-11,0.0,1.0999980485915524,-2.9929577595763125e-06
1034340,0.11971830994193473,-9.139812925637724e-11,0.0,1.0999980485915524,-2.9929577595825496e-06
1034400,0.11971830994250858,-9.128848612525953e-11,0.0,1.0999980485915524,-2.9929577595886813e-06
1034460,0.11971830994307947,-9.117881983025351e-11,0.0,1.0999980485915524,-2.9929577595947067e-06
1034520,0.11971830994364739,-9.10691306196798e-11,0.0,1.0999980485915524,-2.992957759600626e-06
1034580,0.11971830994421234,-9.095941874185904e-11,0.0,1.0999980485915524,-2.992957759606439e-06
1034640,0.11971830994477431,-9.084968444511187e-11,0.0,1.0999980485915524,-2.9929577596121454e-06
1034700,0.11971830994533329,-9.07399279777589e-11,0.0,1.0999980485915521,-2.9929577596177455e-06
1034760,0.11971830994588929,-9.063014958812078e-11,0.0,1.0999980485915521,-2.9929577596232385e-06
1034820,0.1197183099464423,-9.052034952451815e-11,0.0,1.0999980485915521,-2.9929577596286244e-06
1034880,0.11971830994699229,-9.041052803527164e-11,0.0,1.0999980485915521,-2.992957759633903e-06
1034940,0.11971830994753926,-9.030068536870185e-11,0.0,1.0999980485915521,-2.9929577596390747e-06
1035000,0.11971830994808323,-9.019082177312944e-11,0.0,1.0999980485915521,-2.9929577596441382e-06
1035060,0.11971830994862419,-9.008093749687506e-11,0.0,1.0999980485915521,-2.9929577596490942e-06
1035120,0.1197183099491621,-8.99710327882593e-11,0.0,1.0999980485915521,-2.992957759653942e-06
1035180,0.11971830994969698,-8.986110789560283e-11,0.0,1.0999980485915521,-2.992957759658682e-06
1035240,0.11971830995022884,-8.975116306722627e-11,0.0,1.0999980485915521,-2.992957759663314e-06
1035300,0.11971830995075763,-8.964119855145024e-11,0.0,1.0999980485915521,-2.9929577596678374e-06
1035360,0.11971830995128338,-8.953121459659539e-11,0.0,1.0999980485915521,-2.9929577596722517e-06
1035420,0.11971830995180606,-8.942121145098233e-11,0.0,1.0999980485915521,-2.9929577596765576e-06
1035480,0.11971830995232569,-8.931118936293173e-11,0.0,1.0999980485915521,-2.992957759680754e-06
1035540,0.11971830995284224,-8.92011485807642e-11,0.0,1.0999980485915521,-2.9929577596848415e-06
1035600,0.11971830995335571,-8.909108935280036e-11,0.0,1.0999980485915521,-2.99295775968882e-06
1035660,0.1197183099538661,-8.898101192736088e-11,0.0,1.0999980485915521,-2.9929577596926885e-06
1035720,0.11971830995437341,-8.887091655276634e-11,0.0,1.0999980485915521,-2.992957759696447e-06
1035780,0.11971830995487762,-8.876080347733741e-11,0.0,1.0999980485915521,-2.992957759700096e-06
1035840,0.11971830995537872,-8.865067294939472e-11,0.0,1.0999980485915521,-2.992957759703635e-06
1035900,0.1197183099558767,-8.85405252172589e-11,0.0,1.0999980485915521,-2.992957759707064e-06
1035960,0.1197183099563716,-8.843036052925056e-11,0.0,1.0999980485915521,-2.992957759710382e-06
1036020,0.11971830995686336,-8.832017913369037e-11,0.0,1.0999980485915521,-2.9929577597135894e-06
1036080,0.119718309957352,-8.820998127889896e-11,0.0,1.0999980485915521,-2.992957759716686e-06
1036140,0.1197183099578375,-8.809976721319692e-11,0.0,1.0999980485915521,-2.992957759719672e-06
1036200,0.11971830995831986,-8.798953718490491e-11,0.0,1.0999980485915521,-2.992957759722547e-06
1036260,0.11971830995879909,-8.787929144234359e-11,0.0,1.0999980485915521,-2.99295775972531e-06
1036320,0.11971830995927515,-8.776903023383355e-11,0.0,1.0999980485915521,-2.9929577597279615e-06
1036380,0.11971830995974807,-8.765875380769542e-11,0.0,1.0999980485915521,-2.9929577597305017e-06
1036440,0.11971830996021782,-8.754846241224987e-11,0.0,1.0999980485915521,-2.9929577597329297e-06
1036500,0.1197183099606844,-8.743815629581751e-11,0.0,1.0999980485915521,-2.992957759735246e-06
1036560,0.11971830996114781,-8.732783570671898e-11,0.0,1.0999980485915521,-2.9929577597374495e-06
1036620,0.11971830996160804,-8.721750089327489e-11,0.0,1.0999980485915521,-2.992957759739541e-06
1036680,0.11971830996206508,-8.710715210380593e-11,0.0,1.0999980485915521,-2.99295775974152e-06
1036740,0.1197183099625189,-8.699678958663266e-11,0.0,1.0999980485915521,-2.992957759743386e-06
1036800,0.11971830996296956,-8.688641359007575e-11,0.0,1.0999980485915521,-2.992957759745139e-06
1036860,0.119718309963417,-8.677602436245584e-11,0.0,1.0999980485915521,-2.9929577597467787e-06
1036920,0.11971830996386122,-8.666562215209355e-11,0.0,1.0999980485915521,-2.9929577597483055e-06
1036980,0.11971830996430223,-8.655520720730949e-11,0.0,1.0999980485915521,-2.9929577597497183e-06
1037040,0.11971830996474,-8.644477977642436e-11,0.0,1.0999980485915521,-2.992957759751018e-06
1037100,0.11971830996517456,-8.633434010775873e-11,0.0,1.0999980485915521,-2.9929577597522035e-06
1037160,0.11971830996560588,-8.622388844963324e-11,0.0,1.0999980485915521,-2.992957759753275e-06
1037220,0.11971830996603396,-8.611342505036853e-11,0.0,1.0999980485915521,-2.992957759754232e-06
1037280,0.11971830996645877,-8.600295015828527e-11,0.0,1.0999980485915521,-2.9929577597550754e-06
1037340,0.11971830996688035,-8.589246402170403e-11,0.0,1.0999980485915521,-2.992957759755804e-06
1037400,0.11971830996729865,-8.578196688894549e-11,0.0,1.0999980485915521,-2.992957759756417e-06
1037460,0.1197183099677137,-8.567145900833026e-11,0.0,1.099998048591552,-2.992957759756916e-06
1037520,0.11971830996812546,-8.556094062817899e-11,0.0,1.099998048591552,-2.9929577597572997e-06
1037580,0.11971830996853394,-8.545041199681228e-11,0.0,1.099998048591552,-2.992957759757568e-06
1037640,0.11971830996893915,-8.533987336255079e-11,0.0,1.099998048591552,-2.9929577597577207e-06
1037700,0.11971830996934106,-8.522932497371516e-11,0.0,1.099998048591552,-2.9929577597577575e-06
1037760,0.11971830996973967,-8.5118767078626e-11,0.0,1.099998048591552,-2.992957759757679e-06
1037820,0.11971830997013498,-8.500819992560394e-11,0.0,1.099998048591552,-2.9929577597574844e-06
1037880,0.11971830997052697,-8.489762376296965e-11,0.0,1.099998048591552,-2.9929577597571735e-06
1037940,0.11971830997091565,-8.478703883904371e-11,0.0,1.099998048591552,-2.992957759756746e-06
1038000,0.119718309971301,-8.467644540214679e-11,0.0,1.099998048591552,-2.9929577597562024e-06
1038060,0.11971830997168305,-8.45658437005995e-11,0.0,1.099998048591552,-2.9929577597555417e-06
1038120,0.11971830997206173,-8.445523398272251e-11,0.0,1.099998048591552,-2.9929577597547645e-06
1038180,0.11971830997243708,-8.43446164968364e-11,0.0,1.099998048591552,-2.99295775975387e-06
1038240,0.11971830997280909,-8.423399149126183e-11,0.0,1.099998048591552,-2.9929577597528583e-06
1038300,0.11971830997317774,-8.412335921431947e-11,0.0,1.099998048591552,-2.9929577597517288e-06
1038360,0.11971830997354305,-8.401271991432988e-11,0.0,1.099998048591552,-2.992957759750482e-06
1038420,0.11971830997390497,-8.390207383961374e-11,0.0,1.099998048591552,-2.9929577597491174e-06
1038480,0.11971830997426353,-8.379142123849164e-11,0.0,1.099998048591552,-2.9929577597476346e-06
1038540,0.1197183099746187,-8.368076235928429e-11,0.0,1.099998048591552,-2.9929577597460337e-06
1038600,0.1197183099749705,-8.357009745031225e-11,0.0,1.099998048591552,-2.9929577597443147e-06
1038660,0.1197183099753189,-8.345942675989617e-11,0.0,1.099998048591552,-2.992957759742477e-06
1038720,0.1197183099756639,-8.334875053635672e-11,0.0,1.099998048591552,-2.992957759740521e-06
1038780,0.11971830997600552,-8.323806902801449e-11,0.0,1.099998048591552,-2.9929577597384456e-06
1038840,0.11971830997634371,-8.312738248319011e-11,0.0,1.099998048591552,-2.9929577597362514e-06
1038900,0.1197183099766785,-8.301669115020426e-11,0.0,1.099998048591552,-2.9929577597339377e-06
1038960,0.11971830997700986,-8.290599527737751e-11,0.0,1.099998048591552,-2.9929577597315046e-06
1039020,0.11971830997733779,-8.279529511303053e-11,0.0,1.099998048591552,-2.992957759728952e-06
1039080,0.1197183099776623,-8.268459090548396e-11,0.0,1.099998048591552,-2.9929577597262797e-06
1039140,0.11971830997798336,-8.257388290305842e-11,0.0,1.099998048591552,-2.9929577597234874e-06
1039200,0.11971830997830098,-8.246317135407453e-11,0.0,1.099998048591552,-2.992957759720575e-06
1039260,0.11971830997861514,-8.235245650685293e-11,0.0,1.099998048591552,-2.992957759717542e-06
1039320,0.11971830997892585,-8.224173860971429e-11,0.0,1.099998048591552,-2.992957759714389e-06
1039380,0.11971830997923309,-8.213101791097918e-11,0.0,1.099998048591552,-2.992957759711115e-06
1039440,0.11971830997953686,-8.202029465896826e-11,0.0,1.099998048591552,-2.9929577597077203e-06
1039500,0.11971830997983716,-8.190956910200217e-11,0.0,1.099998048591552,-2.9929577597042043e-06
1039560,0.11971830998013398,-8.179884148840154e-11,0.0,1.099998048591552,-2.9929577597005676e-06
1039620,0.11971830998042732,-8.168811206648702e-11,0.0,1.099998048591552,-2.992957759696809e-06
1039680,0.11971830998071714,-8.157738108457919e-11,0.0,1.099998048591552,-2.992957759692929e-06
1039740,0.11971830998100348,-8.146664879099873e-11,0.0,1.099998048591552,-2.992957759688927e-06
1039800,0.1197183099812863,-8.135591543406628e-11,0.0,1.099998048591552,-2.9929577596848034e-06
1039860,0.11971830998156562,-8.124518126210241e-11,0.0,1.099998048591552,-2.9929577596805577e-06
1039920,0.11971830998184141,-8.113444652342782e-11,0.0,1.099998048591552,-2.9929577596761895e-06
1039980,0.11971830998211368,-8.102371146636311e-11,0.0,1.0999980485915517,-2.992957759671699e-06
1040040,0.11971830998238242,-8.091297633922891e-11,0.0,1.0999980485915517,-2.992957759667086e-06
1040100,0.11971830998264762,-8.080224139034586e-11,0.0,1.0999980485915517,-2.99295775966235e-06
1040160,0.11971830998290928,-8.069150686803461e-11,0.0,1.0999980485915517,-2.992957759657491e-06
1040220,0.11971830998316739,-8.058077302061577e-11,0.0,1.0999980485915517,-2.9929577596525086e-06
1040280,0.11971830998342194,-8.047004009640997e-11,0.0,1.0999980485915517,-2.992957759647403e-06
1040340,0.11971830998367293,-8.035930834373788e-11,0.0,1.0999980485915517,-2.992957759642174e-06
1040400,0.11971830998392034,-8.024857801092008e-11,0.0,1.0999980485915517,-2.992957759636821e-06
1040460,0.11971830998416419,-8.013784934627723e-11,0.0,1.0999980485915517,-2.9929577596313442e-06
1040520,0.11971830998440446,-8.002712259812996e-11,0.0,1.0999980485915517,-2.9929577596257432e-06
1040580,0.11971830998464114,-7.99163980147989e-11,0.0,1.0999980485915517,-2.992957759620018e-06
1040640,0.11971830998487423,-7.98056758446047e-11,0.0,1.0999980485915517,-2.9929577596141685e-06
1040700,0.11971830998510372,-7.969495633586795e-11,0.0,1.0999980485915517,-2.9929577596081944e-06
1040760,0.1197183099853296,-7.958423973690934e-11,0.0,1.0999980485915517,-2.9929577596020953e-06
1040820,0.11971830998555187,-7.947352629604946e-11,0.0,1.0999980485915517,-2.9929577595958713e-06
1040880,0.11971830998577053,-7.936281626160896e-11,0.0,1.0999980485915517,-2.9929577595895224e-06
1040940,0.11971830998598557,-7.925210988190847e-11,0.0,1.0999980485915517,-2.992957759583048e-06
1041000,0.11971830998619697,-7.914140740526861e-11,0.0,1.0999980485915517,-2.992957759576448e-06
1041060,0.11971830998640473,-7.903070908001003e-11,0.0,1.0999980485915517,-2.992957759569722e-06
1041120,0.11971830998660886,-7.892001515445335e-11,0.0,1.0999980485915517,-2.9929577595628705e-06
1041180,0.11971830998680934,-7.880932587691923e-11,0.0,1.0999980485915517,-2.992957759555893e-06
1041240,0.11971830998700615,-7.869864149572825e-11,0.0,1.0999980485915517,-2.992957759548789e-06
1041300,0.11971830998719932,-7.858796225920109e-11,0.0,1.0999980485915517,-2.9929577595415587e-06
1041360,0.11971830998738882,-7.847728841565837e-11,0.0,1.0999980485915517,-2.992957759534202e-06
1041420,0.11971830998757464,-7.836662021342071e-11,0.0,1.0999980485915517,-2.9929577595267183e-06
1041480,0.11971830998775679,-7.825595790080877e-11,0.0,1.0999980485915517,-2.9929577595191077e-06
1041540,0.11971830998793526,-7.814530172614314e-11,0.0,1.0999980485915517,-2.99295775951137e-06
1041600,0.11971830998811002,-7.803465193774451e-11,0.0,1.0999980485915517,-2.992957759503505e-06
1041660,0.11971830998828109,-7.792400878393345e-11,0.0,1.0999980485915517,-2.9929577594955123e-06
1041720,0.11971830998844846,-7.781337251303062e-11,0.0,1.0999980485915517,-2.9929577594873922e-06
1041780,0.11971830998861213,-7.770274337335668e-11,0.0,1.0999980485915517,-2.992957759479144e-06
1041840,0.11971830998877207,-7.759212161323222e-11,0.0,1.0999980485915517,-2.992957759470768e-06
1041900,0.1197183099889283,-7.748150748097789e-11,0.0,1.0999980485915517,-2.9929577594622637e-06
1041960,0.11971830998908078,-7.737090122491435e-11,0.0,1.0999980485915517,-2.9929577594536308e-06
1042020,0.11971830998922955,-7.726030309336217e-11,0.0,1.0999980485915517,-2.9929577594448695e-06
1042080,0.11971830998937458,-7.714971333464204e-11,0.0,1.0999980485915517,-2.9929577594359795e-06
1042140,0.11971830998951585,-7.703913219707456e-11,0.0,1.0999980485915517,-2.9929577594269607e-06
1042200,0.11971830998965338,-7.692855992898037e-11,0.0,1.0999980485915517,-2.9929577594178123e-06
1042260,0.11971830998978715,-7.681799677868012e-11,0.0,1.0999980485915515,-2.992957759408535e-06
1042320,0.11971830998991714,-7.670744299449442e-11,0.0,1.0999980485915515,-2.9929577593991284e-06
1042380,0.11971830999004338,-7.659689882474392e-11,0.0,1.0999980485915515,-2.9929577593895917e-06
1042440,0.11971830999016583,-7.648636451774923e-11,0.0,1.0999980485915515,-2.9929577593799254e-06
1042500,0.1197183099902845,-7.637584032183101e-11,0.0,1.0999980485915515,-2.992957759370129e-06
1042560,0.11971830999039938,-7.626532648530988e-11,0.0,1.0999980485915515,-2.9929577593602026e-06
1042620,0.11971830999051047,-7.615482325650646e-11,0.0,1.0999980485915515,-2.992957759350146e-06
1042680,0.11971830999061775,-7.60443308837414e-11,0.0,1.0999980485915515,-2.992957759339958e-06
1042740,0.11971830999072124,-7.593384961533532e-11,0.0,1.0999980485915515,-2.99295775932964e-06
1042800,0.11971830999082089,-7.582337969960888e-11,0.0,1.0999980485915515,-2.992957759319191e-06
1042860,0.11971830999091675,-7.571292138488268e-11,0.0,1.0999980485915515,-2.992957759308611e-06
1042920,0.11971830999100876,-7.560247491947737e-11,0.0,1.0999980485915515,-2.9929577592978995e-06
1042980,0.11971830999109695,-7.549204055171358e-11,0.0,1.0999980485915515,-2.9929577592870567e-06
1043040,0.1197183099911813,-7.538161852991193e-11,0.0,1.0999980485915515,-2.9929577592760825e-06
1043100,0.1197183099912618,-7.527120910239305e-11,0.0,1.0999980485915515,-2.992957759264976e-06
1043160,0.11971830999133845,-7.51608125174776e-11,0.0,1.0999980485915515,-2.9929577592537378e-06
1043220,0.11971830999141125,-7.505042902348621e-11,0.0,1.0999980485915515,-2.9929577592423676e-06
1043280,0.11971830999148018,-7.494005886873951e-11,0.0,1.0999980485915515,-2.992957759230865e-06
1043340,0.11971830999154526,-7.482970230155809e-11,0.0,1.0999980485915515,-2.9929577592192297e-06
1043400,0.11971830999160644,-7.471935957026263e-11,0.0,1.0999980485915515,-2.9929577592074614e-06
1043460,0.11971830999166376,-7.460903092317377e-11,0.0,1.0999980485915515,-2.9929577591955606e-06
1043520,0.11971830999171718,-7.449871660861209e-11,0.0,1.0999980485915515,-2.992957759183527e-06
1043580,0.1197183099917667,-7.438841687489829e-11,0.0,1.0999980485915515,-2.9929577591713596e-06
1043640,0.11971830999181234,-7.427813197035292e-11,0.0,1.0999980485915515,-2.992957759159059e-06
1043700,0.11971830999185405,-7.416786214329669e-11,0.0,1.0999980485915515,-2.992957759146625e-06
1043760,0.11971830999189187,-7.40576076420502e-11,0.0,1.0999980485915515,-2.992957759134057e-06
1043820,0.11971830999192576,-7.394736871493408e-11,0.0,1.0999980485915515,-2.9929577591213554e-06
1043880,0.11971830999195573,-7.383714561026896e-11,0.0,1.0999980485915515,-2.992957759108519e-06
1043940,0.11971830999198177,-7.372693857637549e-11,0.0,1.0999980485915515,-2.992957759095549e-06
1044000,0.11971830999200388,-7.36167478615743e-11,0.0,1.0999980485915515,-2.992957759082444e-06
1044060,0.11971830999202204,-7.3506573714186e-11,0.0,1.0999980485915515,-2.992957759069205e-06
1044120,0.11971830999203625,-7.339641638253124e-11,0.0,1.0999980485915515,-2.9929577590558302e-06
1044180,0.11971830999204651,-7.328627611493065e-11,0.0,1.0999980485915515,-2.992957759042321e-06
1044240,0.11971830999205281,-7.317615315970488e-11,0.0,1.0999980485915515,-2.9929577590286765e-06
1044300,0.11971830999205513,-7.306604776517452e-11,0.0,1.0999980485915515,-2.9929577590148965e-06
1044360,0.11971830999205349,-7.295596017966025e-11,0.0,1.0999980485915513,-2.992957759000981e-06
1044420,0.11971830999204787,-7.284589065148267e-11,0.0,1.0999980485915513,-2.9929577589869296e-06
1044480,0.11971830999203825,-7.273583942896243e-11,0.0,1.0999980485915513,-2.9929577589727426e-06
1044540,0.11971830999202465,-7.262580676042014e-11,0.0,1.0999980485915513,-2.9929577589584193e-06
1044600,0.11971830999200705,-7.251579289417648e-11,0.0,1.0999980485915513,-2.9929577589439596e-06
1044660,0.11971830999198546,-7.240579807855203e-11,0.0,1.0999980485915513,-2.9929577589293635e-06
1044720,0.11971830999195984,-7.229582256186745e-11,0.0,1.0999980485915513,-2.9929577589146307e-06
1044780,0.11971830999193021,-7.218586659244337e-11,0.0,1.0999980485915513,-2.9929577588997614e-06
1044840,0.11971830999189657,-7.207593041860041e-11,0.0,1.0999980485915513,-2.9929577588847546e-06
1044900,0.1197183099918589,-7.196601428865921e-11,0.0,1.0999980485915513,-2.992957758869611e-06
1044960,0.11971830999181718,-7.185611845094041e-11,0.0,1.0999980485915513,-2.99295775885433e-06
1045020,0.11971830999177142,-7.174624315376465e-11,0.0,1.0999980485915513,-2.9929577588389114e-06
1045080,0.11971830999172162,-7.163638864545253e-11,0.0,1.0999980485915513,-2.992957758823355e-06
1045140,0.11971830999166777,-7.152655517432471e-11,0.0,1.0999980485915513,-2.9929577588076606e-06
1045200,0.11971830999160986,-7.141674298870181e-11,0.0,1.0999980485915513,-2.9929577587918283e-06
1045260,0.11971830999154788,-7.13069523369045e-11,0.0,1.0999980485915513,-2.992957758775858e-06
1045320,0.11971830999148182,-7.119718346725334e-11,0.0,1.0999980485915513,-2.9929577587597486e-06
1045380,0.1197183099914117,-7.108743662806901e-11,0.0,1.0999980485915513,-2.9929577587435012e-06
1045440,0.1197183099913375,-7.097771206767216e-11,0.0,1.0999980485915513,-2.9929577587271145e-06
1045500,0.1197183099912592,-7.086801003438338e-11,0.0,1.0999980485915513,-2.9929577587105893e-06
1045560,0.11971830999117679,-7.075833077652332e-11,0.0,1.0999980485915513,-2.9929577586939244e-06
1045620,0.1197183099910903,-7.064867454241263e-11,0.0,1.0999980485915513,-2.9929577586771205e-06
1045680,0.1197183099909997,-7.053904158037192e-11,0.0,1.0999980485915513,-2.9929577586601773e-06
1045740,0.11971830999090496,-7.04294321387218e-11,0.0,1.0999980485915513,-2.992957758643094e-06
1045800,0.11971830999080613,-7.031984646578297e-11,0.0,1.0999980485915513,-2.9929577586258712e-06
1045860,0.11971830999070315,-7.021028480987601e-11,0.0,1.0999980485915513,-2.992957758608508e-06
1045920,0.11971830999059606,-7.010074741932156e-11,0.0,1.0999980485915513,-2.992957758591005e-06
1045980,0.11971830999048481,-6.999123454244027e-11,0.0,1.0999980485915513,-2.992957758573361e-06
1046040,0.11971830999036943,-6.988174642755276e-11,0.0,1.0999980485915513,-2.992957758555577e-06
1046100,0.11971830999024989,-6.977228332297966e-11,0.0,1.0999980485915513,-2.9929577585376515e-06
1046160,0.1197183099901262,-6.96628454770416e-11,0.0,1.0999980485915513,-2.9929577585195855e-06
1046220,0.11971830998999834,-6.955343313805923e-11,0.0,1.0999980485915513,-2.992957758501378e-06
1046280,0.11971830998986632,-6.944404655435319e-11,0.0,1.0999980485915513,-2.9929577584830297e-06
1046340,0.11971830998973011,-6.933468597424408e-11,0.0,1.099998048591551,-2.99295775846454e-06
1046400,0.11971830998958974,-6.922535164605255e-11,0.0,1.099998048591551,-2.992957758445908e-06
1046460,0.11971830998944516,-6.911604381809922e-11,0.0,1.099998048591551,-2.992957758427135e-06
1046520,0.11971830998929639,-6.900676273870474e-11,0.0,1.099998048591551,-2.9929577584082193e-06
1046580,0.11971830998914343,-6.889750865618974e-11,0.0,1.099998048591551,-2.9929577583891615e-06
1046640,0.11971830998898626,-6.878828181887485e-11,0.0,1.099998048591551,-2.9929577583699614e-06
1046700,0.11971830998882486,-6.86790824750807e-11,0.0,1.099998048591551,-2.9929577583506185e-06
1046760,0.11971830998865926,-6.856991087312791e-11,0.0,1.099998048591551,-2.9929577583311334e-06
1046820,0.11971830998848944,-6.846076726133714e-11,0.0,1.099998048591551,-2.9929577583115047e-06
1046880,0.11971830998831538,-6.8351651888029e-11,0.0,1.099998048591551,-2.9929577582917332e-06
1046940,0.11971830998813708,-6.824256500152415e-11,0.0,1.099998048591551,-2.9929577582718186e-06
1047000,0.11971830998795455,-6.81335068501432e-11,0.0,1.099998048591551,-2.9929577582517605e-06
1047060,0.11971830998776775,-6.802447768220677e-11,0.0,1.099998048591551,-2.9929577582315587e-06
1047120,0.11971830998757671,-6.791547774603552e-11,0.0,1.099998048591551,-2.992957758211213e-06
1047180,0.1197183099873814,-6.780650728995007e-11,0.0,1.099998048591551,-2.9929577581907233e-06
1047240,0.11971830998718182,-6.769756656227106e-11,0.0,1.099998048591551,-2.992957758170089e-06
1047300,0.11971830998697798,-6.758865581131912e-11,0.0,1.099998048591551,-2.992957758149311e-06
1047360,0.11971830998676984,-6.747977528541486e-11,0.0,1.099998048591551,-2.9929577581283884e-06
1047420,0.11971830998655743,-6.737092523287896e-11,0.0,1.099998048591551,-2.9929577581073206e-06
1047480,0.11971830998634073,-6.726210590203201e-11,0.0,1.099998048591551,-2.9929577580861084e-06
1047540,0.11971830998611972,-6.715331754119467e-11,0.0,1.099998048591551,-2.992957758064751e-06
1047600,0.1197183099858944,-6.704456039868754e-11,0.0,1.099998048591551,-2.992957758043248e-06
1047660,0.11971830998566478,-6.693583472283129e-11,0.0,1.099998048591551,-2.9929577580216e-06
1047720,0.11971830998543084,-6.682714076194653e-11,0.0,1.099998048591551,-2.9929577579998063e-06
1047780,0.11971830998519259,-6.67184787643539e-11,0.0,1.099998048591551,-2.9929577579778664e-06
1047840,0.11971830998494999,-6.660984897837403e-11,0.0,1.099998048591551,-2.992957757955781e-06
1047900,0.11971830998470308,-6.650125165232755e-11,0.0,1.099998048591551,-2.9929577579335493e-06
1047960,0.1197183099844518,-6.63926870345351e-11,0.0,1.099998048591551,-2.992957757911171e-06
1048020,0.11971830998419619,-6.628415537331732e-11,0.0,1.099998048591551,-2.9929577578886468e-06
1048080,0.11971830998393622,-6.617565691699482e-11,0.0,1.099998048591551,-2.9929577578659755e-06
1048140,0.11971830998367189,-6.606719191388824e-11,0.0,1.099998048591551,-2.9929577578431573e-06
1048200,0.1197183099834032,-6.595876061231823e-11,0.0,1.0999980485915508,-2.992957757820192e-06
1048260,0.11971830998313013,-6.58503632606054e-11,0.0,1.0999980485915508,-2.9929577577970795e-06
1048320,0.11971830998285268,-6.57420001070704e-11,0.0,1.0999980485915508,-2.9929577577738196e-06
1048380,0.11971830998257085,-6.563367140003385e-11,0.0,1.0999980485915508,-2.9929577577504123e-06
1048440,0.11971830998228464,-6.552537738781639e-11,0.0,1.0999980485915508,-2.992957757726857e-06
1048500,0.11971830998199402,-6.541711831873864e-11,0.0,1.0999980485915508,-2.992957757703154e-06
1048560,0.11971830998169901,-6.530889444112126e-11,0.0,1.0999980485915508,-2.9929577576793026e-06
1048620,0.11971830998139958,-6.520070600328486e-11,0.0,1.0999980485915508,-2.992957757655303e-06
1048680,0.11971830998109573,-6.509255325355008e-11,0.0,1.0999980485915508,-2.992957757631155e-06
1048740,0.11971830998078747,-6.498443644023755e-11,0.0,1.0999980485915508,-2.9929577576068584e-06
1048800,0.11971830998047478,-6.487635581166788e-11,0.0,1.0999980485915508,-2.9929577575824126e-06
1048860,0.11971830998015766,-6.476831161616176e-11,0.0,1.0999980485915508,-2.992957757557818e-06
1048920,0.11971830997983608,-6.466030410203977e-11,0.0,1.0999980485915508,-2.992957757533074e-06
1048980,0.11971830997951008,-6.455233351762257e-11,0.0,1.0999980485915508,-2.9929577575081807e-06
1049040,0.11971830997917961,-6.444440011123079e-11,0.0,1.0999980485915508,-2.9929577574831382e-06
1049100,0.1197183099788447,-6.433650413118503e-11,0.0,1.0999980485915508,-2.9929577574579458e-06
1049160,0.11971830997850531,-6.422864582580597e-11,0.0,1.0999980485915508,-2.992957757432603e-06
1049220,0.11971830997816145,-6.412082544341421e-11,0.0,1.0999980485915508,-2.9929577574071107e-06
1049280,0.11971830997781312,-6.401304323233041e-11,0.0,1.0999980485915508,-2.9929577573814676e-06
1049340,0.1197183099774603,-6.390529944087519e-11,0.0,1.0999980485915508,-2.9929577573556746e-06
1049400,0.119718309977103,-6.379759431736916e-11,0.0,1.0999980485915508,-2.9929577573297304e-06
1049460,0.11971830997674121,-6.3689928110133e-11,0.0,1.0999980485915508,-2.992957757303636e-06
1049520,0.1197183099763749,-6.358230106748728e-11,0.0,1.0999980485915508,-2.9929577572773897e-06
1049580,0.1197183099760041,-6.347471343775268e-11,0.0,1.0999980485915508,-2.9929577572509927e-06
1049640,0.11971830997562878,-6.336716546924984e-11,0.0,1.0999980485915508,-2.9929577572244446e-06
1049700,0.11971830997524895,-6.325965741029935e-11,0.0,1.0999980485915508,-2.992957757197745e-06
1049760,0.11971830997486457,-6.315218950922187e-11,0.0,1.0999980485915508,-2.992957757170893e-06
1049820,0.11971830997447568,-6.304476201433803e-11,0.0,1.0999980485915508,-2.9929577571438897e-06
1049880,0.11971830997408224,-6.293737517396847e-11,0.0,1.0999980485915508,-2.9929577571167342e-06
1049940,0.11971830997368427,-6.28300292364338e-11,0.0,1.0999980485915506,-2.9929577570894263e-06
1050000,0.11971830997328174,-6.272272445005468e-11,0.0,1.0999980485915506,-2.992957757061966e-06
1050060,0.11971830997287465,-6.261546106315172e-11,0.0,1.0999980485915506,-2.992957757034353e-06
1050120,0.11971830997246301,-6.250823932404556e-11,0.0,1.0999980485915506,-2.9929577570065873e-06
1050180,0.1197183099720468,-6.240105948105683e-11,0.0,1.0999980485915506,-2.9929577569786687e-06
1050240,0.119718309971626,-6.229392178250617e-11,0.0,1.0999980485915506,-2.992957756950597e-06
1050300,0.11971830997120063,-6.218682647671423e-11,0.0,1.0999980485915506,-2.992957756922372e-06
1050360,0.11971830997077067,-6.20797738120016e-11,0.0,1.0999980485915506,-2.9929577568939933e-06
1050420,0.11971830997033613,-6.197276403668894e-11,0.0,1.0999980485915506,-2.992957756865461e-06
1050480,0.11971830996989698,-6.186579739909687e-11,0.0,1.0999980485915506,-2.9929577568367746e-06
1050540,0.11971830996945322,-6.175887414754604e-11,0.0,1.0999980485915506,-2.9929577568079344e-06
1050600,0.11971830996900484,-6.165199453035706e-11,0.0,1.0999980485915506,-2.99295775677894e-06
1050660,0.11971830996855186,-6.15451587958506e-11,0.0,1.0999980485915506,-2.992957756749791e-06
1050720,0.11971830996809425,-6.143836719234725e-11,0.0,1.0999980485915506,-2.9929577567204875e-06
1050780,0.11971830996763201,-6.133161996816766e-11,0.0,1.0999980485915506,-2.9929577566910294e-06
1050840,0.11971830996716515,-6.122491737163246e-11,0.0,1.0999980485915506,-2.9929577566614163e-06
1050900,0.11971830996669362,-6.11182596510623e-11,0.0,1.0999980485915506,-2.9929577566316478e-06
1050960,0.11971830996621746,-6.101164705477778e-11,0.0,1.0999980485915506,-2.992957756601724e-06
1051020,0.11971830996573664,-6.090507983109957e-11,0.0,1.0999980485915506,-2.9929577565716452e-06
1051080,0.11971830996525117,-6.079855822834827e-11,0.0,1.0999980485915506,-2.9929577565414104e-06
1051140,0.11971830996476102,-6.069208249484452e-11,0.0,1.0999980485915506,-2.9929577565110197e-06
1051200,0.11971830996426619,-6.058565287890896e-11,0.0,1.0999980485915506,-2.9929577564804727e-06
1051260,0.1197183099637667,-6.047926962886224e-11,0.0,1.0999980485915506,-2.99295775644977e-06
1051320,0.1197183099632625,-6.037293299302497e-11,0.0,1.0999980485915506,-2.9929577564189108e-06
1051380,0.11971830996275364,-6.026664321971778e-11,0.0,1.0999980485915506,-2.992957756387895e-06
1051440,0.11971830996224006,-6.01604005572613e-11,0.0,1.0999980485915506,-2.9929577563567225e-06
1051500,0.11971830996172178,-6.00542052539762e-11,0.0,1.0999980485915506,-2.992957756325393e-06
1051560,0.1197183099611988,-5.994805755818305e-11,0.0,1.0999980485915506,-2.992957756293906e-06
1051620,0.1197183099606711,-5.984195771820255e-11,0.0,1.0999980485915504,-2.992957756262262e-06
1051680,0.11971830996013867,-5.973590598235528e-11,0.0,1.0999980485915504,-2.992957756230461e-06
1051740,0.11971830995960152,-5.96299025989619e-11,0.0,1.0999980485915504,-2.992957756198502e-06
1051800,0.11971830995905963,-5.952394781634302e-11,0.0,1.0999980485915504,-2.9929577561663853e-06
1051860,0.11971830995851301,-5.94180418828193e-11,0.0,1.0999980485915504,-2.9929577561341103e-06
1051920,0.11971830995796164,-5.931218504671137e-11,0.0,1.0999980485915504,-2.9929577561016775e-06
1051980,0.11971830995740551,-5.920637755633984e-11,0.0,1.0999980485915504,-2.992957756069086e-06
1052040,0.11971830995684463,-5.910061966002536e-11,0.0,1.0999980485915504,-2.992957756036336e-06
1052100,0.11971830995627898,-5.899491160608855e-11,0.0,1.0999980485915504,-2.9929577560034276e-06
1052160,0.11971830995570855,-5.888925364285006e-11,0.0,1.0999980485915504,-2.9929577559703602e-06
1052220,0.11971830995513336,-5.878364601863051e-11,0.0,1.0999980485915504,-2.9929577559371337e-06
1052280,0.11971830995455338,-5.867808898175053e-11,0.0,1.0999980485915504,-2.992957755903748e-06
1052340,0.11971830995396861,-5.857258278053078e-11,0.0,1.0999980485915504,-2.9929577558702024e-06
1052400,0.11971830995337904,-5.846712766329186e-11,0.0,1.0999980485915504,-2.9929577558364977e-06
1052460,0.11971830995278467,-5.836172387835441e-11,0.0,1.0999980485915504,-2.992957755802633e-06
1052520,0.11971830995218549,-5.825637167403908e-11,0.0,1.0999980485915504,-2.992957755768608e-06
1052580,0.1197183099515815,-5.8151071298666464e-11,0.0,1.0999980485915504,-2.9929577557344235e-06
1052640,0.1197183099509727,-5.8045823000557244e-11,0.0,1.0999980485915504,-2.9929577557000784e-06
1052700,0.11971830995035905,-5.7940627028032016e-11,0.0,1.0999980485915504,-2.992957755665573e-06
1052760,0.11971830994974059,-5.783548362941143e-11,0.0,1.0999980485915504,-2.9929577556309063e-06
1052820,0.11971830994911728,-5.7730393053016117e-11,0.0,1.0999980485915504,-2.9929577555960793e-06
1052880,0.11971830994848913,-5.76253555471667e-11,0.0,1.0999980485915504,-2.992957755561091e-06
1052940,0.11971830994785612,-5.752037136018382e-11,0.0,1.0999980485915504,-2.992957755525941e-06
1053000,0.11971830994721826,-5.7415440740388116e-11,0.0,1.0999980485915504,-2.9929577554906304e-06
1053060,0.11971830994657554,-5.7310563936100204e-11,0.0,1.0999980485915504,-2.992957755455158e-06
1053120,0.11971830994592794,-5.7205741195640725e-11,0.0,1.0999980485915504,-2.9929577554195237e-06
1053180,0.11971830994527548,-5.7100972767330315e-11,0.0,1.0999980485915504,-2.9929577553837277e-06
1053240,0.11971830994461813,-5.6996258899489596e-11,0.0,1.0999980485915501,-2.992957755347769e-06
1053300,0.1197183099439559,-5.6891599840439215e-11,0.0,1.0999980485915501,-2.9929577553116486e-06
1053360,0.11971830994328876,-5.67869958384998e-11,0.0,1.0999980485915501,-2.9929577552753655e-06
1053420,0.11971830994261673,-5.668244714199198e-11,0.0,1.0999980485915501,-2.9929577552389198e-06
1053480,0.11971830994193979,-5.6577953999236385e-11,0.0,1.0999980485915501,-2.992957755202311e-06
1053540,0.11971830994125794,-5.6473516658553654e-11,0.0,1.0999980485915501,-2.992957755165539e-06
1053600,0.11971830994057117,-5.636913536826442e-11,0.0,1.0999980485915501,-2.9929577551286043e-06
1053660,0.11971830993987947,-5.6264810376689307e-11,0.0,1.0999980485915501,-2.9929577550915064e-06
1053720,0.11971830993918285,-5.616054193214896e-11,0.0,1.0999980485915501,-2.9929577550542446e-06
1053780,0.1197183099384813,-5.6056330282964e-11,0.0,1.0999980485915501,-2.992957755016819e-06
1053840,0.1197183099377748,-5.595217567745506e-11,0.0,1.0999980485915501,-2.992957754979229e-06
1053900,0.11971830993706334,-5.5848078363942785e-11,0.0,1.0999980485915501,-2.9929577549414757e-06
1053960,0.11971830993634693,-5.57440385907478e-11,0.0,1.0999980485915501,-2.992957754903558e-06
1054020,0.11971830993562556,-5.564005660619074e-11,0.0,1.0999980485915501,-2.9929577548654756e-06
1054080,0.11971830993489922,-5.553613265859223e-11,0.0,1.0999980485915501,-2.9929577548272287e-06
1054140,0.11971830993416792,-5.543226699627291e-11,0.0,1.0999980485915501,-2.992957754788817e-06
1054200,0.11971830993343163,-5.532845986755341e-11,0.0,1.0999980485915501,-2.99295775475024e-06
1054260,0.11971830993269035,-5.522471152075436e-11,0.0,1.0999980485915501,-2.992957754711498e-06
1054320,0.11971830993194409,-5.51210222041964e-11,0.0,1.0999980485915501,-2.992957754672591e-06
1054380,0.11971830993119281,-5.501739216620016e-11,0.0,1.0999980485915501,-2.9929577546335182e-06
1054440,0.11971830993043654,-5.491382165508628e-11,0.0,1.0999980485915501,-2.9929577545942794e-06
1054500,0.11971830992967526,-5.481031091917536e-11,0.0,1.0999980485915501,-2.992957754554875e-06
1054560,0.11971830992890897,-5.470686020678808e-11,0.0,1.0999980485915501,-2.9929577545153046e-06
1054620,0.11971830992813765,-5.4603469766245025e-11,0.0,1.0999980485915501,-2.9929577544755677e-06
1054680,0.1197183099273613,-5.450013984586687e-11,0.0,1.0999980485915501,-2.9929577544356644e-06
1054740,0.11971830992657992,-5.439687069397423e-11,0.0,1.09999804859155,-2.9929577543955947e-06
1054800,0.11971830992579349,-5.429366255888773e-11,0.0,1.09999804859155,-2.992957754355358e-06
1054860,0.11971830992500201,-5.419051568892801e-11,0.0,1.09999804859155,-2.9929577543149546e-06
1054920,0.1197183099242055,-5.4087430332415693e-11,0.0,1.09999804859155,-2.992957754274384e-06
1054980,0.1197183099234039,-5.398440673767144e-11,0.0,1.09999804859155,-2.992957754233646e-06
1055040,0.11971830992259726,-5.388144515301585e-11,0.0,1.09999804859155,-2.99295775419274e-06
1055100,0.11971830992178553,-5.377854582676958e-11,0.0,1.09999804859155,-2.992957754151667e-06
1055160,0.11971830992096873,-5.367570900725325e-11,0.0,1.09999804859155,-2.992957754110426e-06
1055220,0.11971830992014684,-5.357293494278749e-11,0.0,1.09999804859155,-2.9929577540690165e-06
1055280,0.11971830991931988,-5.347022388169294e-11,0.0,1.09999804859155,-2.992957754027439e-06
1055340,0.1197183099184878,-5.3367576072290237e-11,0.0,1.09999804859155,-2.992957753985693e-06
1055400,0.11971830991765063,-5.32649917629e-11,0.0,1.09999804859155,-2.992957753943779e-06
1055460,0.11971830991680835,-5.316247120184287e-11,0.0,1.09999804859155,-2.9929577539016957e-06
1055520,0.11971830991596094,-5.306001463743948e-11,0.0,1.09999804859155,-2.9929577538594436e-06
1055580,0.11971830991510843,-5.2957622318010466e-11,0.0,1.09999804859155,-2.992957753817022e-06
1055640,0.11971830991425078,-5.2855294491876447e-11,0.0,1.09999804859155,-2.9929577537744316e-06
1055700,0.119718309913388,-5.2753031407358066e-11,0.0,1.09999804859155,-2.9929577537316716e-06
1055760,0.11971830991252008,-5.2650833312775966e-11,0.0,1.09999804859155,-2.992957753688742e-06
1055820,0.11971830991164702,-5.254870045645075e-11,0.0,1.09999804859155,-2.9929577536456423e-06
1055880,0.1197183099107688,-5.244663308670308e-11,0.0,1.09999804859155,-2.992957753602373e-06
1055940,0.11971830990988544,-5.234463145185356e-11,0.0,1.09999804859155,-2.992957753558933e-06
1056000,0.1197183099089969,-5.2242695800222865e-11,0.0,1.09999804859155,-2.992957753515323e-06
1056060,0.11971830990810318,-5.214082638013159e-11,0.0,1.09999804859155,-2.9929577534715423e-06
1056120,0.1197183099072043,-5.203902343990038e-11,0.0,1.09999804859155,-2.9929577534275906e-06
1056180,0.11971830990630024,-5.193728722784987e-11,0.0,1.09999804859155,-2.9929577533834683e-06
1056240,0.119718309905391,-5.183561799230068e-11,0.0,1.0999980485915497,-2.992957753339175e-06
1056300,0.11971830990447654,-5.173401598157347e-11,0.0,1.0999980485915497,-2.9929577532947102e-06
1056360,0.11971830990355689,-5.163248144398884e-11,0.0,1.0999980485915497,-2.9929577532500737e-06
1056420,0.11971830990263203,-5.153101462786745e-11,0.0,1.0999980485915497,-2.992957753205266e-06
1056480,0.11971830990170196,-5.142961578152991e-11,0.0,1.0999980485915497,-2.9929577531602865e-06
1056540,0.11971830990076668,-5.132828515329687e-11,0.0,1.0999980485915497,-2.9929577531151346e-06
1056600,0.11971830989982617,-5.122702299148896e-11,0.0,1.0999980485915497,-2.9929577530698107e-06
1056660,0.11971830989888041,-5.11258295444268e-11,0.0,1.0999980485915497,-2.9929577530243144e-06
1056720,0.11971830989792943,-5.1024705060431034e-11,0.0,1.0999980485915497,-2.992957752978646e-06
1056780,0.11971830989697321,-5.0923649787822296e-11,0.0,1.0999980485915497,-2.9929577529328044e-06
1056840,0.11971830989601173,-5.082266397492121e-11,0.0,1.0999980485915497,-2.99295775288679e-06
1056900,0.119718309895045,-5.0721747870048415e-11,0.0,1.0999980485915497,-2.9929577528406027e-06
1056960,0.119718309894073,-5.0620901721524534e-11,0.0,1.0999980485915497,-2.992957752794242e-06
1057020,0.11971830989309575,-5.052012577767022e-11,0.0,1.0999980485915497,-2.9929577527477078e-06
1057080,0.11971830989211321,-5.041942028680609e-11,0.0,1.0999980485915497,-2.9929577527010003e-06
1057140,0.11971830989112539,-5.031878549725277e-11,0.0,1.0999980485915497,-2.9929577526541187e-06
1057200,0.11971830989013228,-5.021822165733091e-11,0.0,1.0999980485915497,-2.992957752607063e-06
1057260,0.11971830988913389,-5.0117729015361136e-11,0.0,1.0999980485915497,-2.9929577525598338e-06
1057320,0.11971830988813019,-5.0017307819664076e-11,0.0,1.0999980485915497,-2.9929577525124296e-06
1057380,0.11971830988712119,-4.9916958318560375e-11,0.0,1.0999980485915497,-2.9929577524648513e-06
1057440,0.11971830988610688,-4.981668076037064e-11,0.0,1.0999980485915497,-2.992957752417098e-06
1057500,0.11971830988508725,-4.971647539341554e-11,0.0,1.0999980485915497,-2.99295775236917e-06
1057560,0.11971830988406229,-4.9616342466015676e-11,0.0,1.0999980485915497,-2.992957752321067e-06
1057620,0.11971830988303202,-4.9516282226491693e-11,0.0,1.0999980485915495,-2.9929577522727887e-06
1057680,0.1197183098819964,-4.941629492316422e-11,0.0,1.0999980485915495,-2.992957752224335e-06
1057740,0.11971830988095544,-4.9316380804353906e-11,0.0,1.0999980485915495,-2.9929577521757056e-06
1057800,0.11971830987990913,-4.9216540118381364e-11,0.0,1.0999980485915495,-2.992957752126901e-06
1057860,0.11971830987885747,-4.911677311356723e-11,0.0,1.0999980485915495,-2.99295775207792e-06
1057920,0.11971830987780044,-4.901708003823214e-11,0.0,1.0999980485915495,-2.9929577520287627e-06
1057980,0.11971830987673805,-4.891746114069674e-11,0.0,1.0999980485915495,-2.992957751979429e-06
1058040,0.1197183098756703,-4.8817916669281635e-11,0.0,1.0999980485915495,-2.992957751929919e-06
1058100,0.11971830987459715,-4.871844687230748e-11,0.0,1.0999980485915495,-2.9929577518802325e-06
1058160,0.11971830987351863,-4.861905199809489e-11,0.0,1.0999980485915495,-2.9929577518303694e-06
1058220,0.11971830987243472,-4.851973229496451e-11,0.0,1.0999980485915495,-2.992957751780329e-06
1058280,0.1197183098713454,-4.8420488011236974e-11,0.0,1.0999980485915495,-2.992957751730111e-06
1058340,0.11971830987025069,-4.8321319395232906e-11,0.0,1.0999980485915495,-2.992957751679716e-06
1058400,0.11971830986915055,-4.8222226695272946e-11,0.0,1.0999980485915495,-2.9929577516291436e-06
1058460,0.11971830986804502,-4.812321015967772e-11,0.0,1.0999980485915495,-2.992957751578393e-06
1058520,0.11971830986693405,-4.802427003676787e-11,0.0,1.0999980485915495,-2.992957751527465e-06
1058580,0.11971830986581766,-4.7925406574864024e-11,0.0,1.0999980485915495,-2.9929577514763588e-06
1058640,0.11971830986469584,-4.782662002228681e-11,0.0,1.0999980485915495,-2.9929577514250743e-06
1058700,0.11971830986356857,-4.772791062735687e-11,0.0,1.0999980485915495,-2.992957751373611e-06
1058760,0.11971830986243585,-4.762927863839482e-11,0.0,1.0999980485915495,-2.9929577513219696e-06
1058820,0.1197183098612977,-4.75307243037213e-11,0.0,1.0999980485915495,-2.992957751270149e-06
1058880,0.11971830986015407,-4.743224787165696e-11,0.0,1.0999980485915495,-2.9929577512181492e-06
1058940,0.11971830985900499,-4.7333849590522415e-11,0.0,1.0999980485915495,-2.9929577511659707e-06
1059000,0.11971830985785042,-4.7235529708638297e-11,0.0,1.0999980485915493,-2.9929577511136127e-06
1059060,0.1197183098566904,-4.7137288474325244e-11,0.0,1.0999980485915493,-2.992957751061075e-06
1059120,0.11971830985552487,-4.703912613590389e-11,0.0,1.0999980485915493,-2.992957751008358e-06
1059180,0.11971830985435386,-4.6941042941694865e-11,0.0,1.0999980485915493,-2.9929577509554606e-06
1059240,0.11971830985317737,-4.684303914001881e-11,0.0,1.0999980485915493,-2.9929577509023834e-06
1059300,0.11971830985199536,-4.674511497919634e-11,0.0,1.0999980485915493,-2.9929577508491258e-06
1059360,0.11971830985080785,-4.6647270707548094e-11,0.0,1.0999980485915493,-2.992957750795688e-06
1059420,0.11971830984961482,-4.654950657339471e-11,0.0,1.0999980485915493,-2.9929577507420697e-06
1059480,0.11971830984841628,-4.6451822825056823e-11,0.0,1.0999980485915493,-2.9929577506882704e-06
1059540,0.11971830984721221,-4.635421971085506e-11,0.0,1.0999980485915493,-2.99295775063429e-06
1059600,0.11971830984600261,-4.625669747911006e-11,0.0,1.0999980485915493,-2.9929577505801284e-06
1059660,0.11971830984478746,-4.6159256378142433e-11,0.0,1.0999980485915493,-2.9929577505257858e-06
1059720,0.11971830984356678,-4.606189665627284e-11,0.0,1.0999980485915493,-2.9929577504712614e-06
1059780,0.11971830984234054,-4.5964618561821905e-11,0.0,1.0999980485915493,-2.9929577504165554e-06
1059840,0.11971830984110875,-4.5867422343110257e-11,0.0,1.0999980485915493,-2.9929577503616676e-06
1059900,0.11971830983987139,-4.577030824845853e-11,0.0,1.0999980485915493,-2.9929577503065978e-06
1059960,0.11971830983862847,-4.567327652618735e-11,0.0,1.0999980485915493,-2.992957750251346e-06
1060020,0.11971830983737997,-4.5576327424617366e-11,0.0,1.0999980485915493,-2.9929577501959113e-06
1060080,0.11971830983612589,-4.547946119206919e-11,0.0,1.0999980485915493,-2.9929577501402943e-06
1060140,0.11971830983486621,-4.5382678076863475e-11,0.0,1.0999980485915493,-2.9929577500844943e-06
1060200,0.11971830983360095,-4.528597832732084e-11,0.0,1.0999980485915493,-2.9929577500285114e-06
1060260,0.11971830983233009,-4.518936219176193e-11,0.0,1.0999980485915493,-2.9929577499723455e-06
1060320,0.11971830983105362,-4.5092829918507357e-11,0.0,1.099998048591549,-2.992957749915996e-06
1060380,0.11971830982977154,-4.499638175587777e-11,0.0,1.099998048591549,-2.9929577498594635e-06
1060440,0.11971830982848385,-4.49000179521938e-11,0.0,1.099998048591549,-2.9929577498027474e-06
1060500,0.11971830982719052,-4.480373875577607e-11,0.0,1.099998048591549,-2.992957749745847e-06
1060560,0.11971830982589157,-4.470754441494523e-11,0.0,1.099998048591549,-2.992957749688763e-06
1060620,0.11971830982458698,-4.46114351780219e-11,0.0,1.099998048591549,-2.9929577496314943e-06
1060680,0.11971830982327675,-4.451541129332671e-11,0.0,1.099998048591549,-2.9929577495740418e-06
1060740,0.11971830982196087,-4.44194730091803e-11,0.0,1.099998048591549,-2.992957749516404e-06
1060800,0.11971830982063933,-4.43236205739033e-11,0.0,1.099998048591549,-2.9929577494585823e-06
1060860,0.11971830981931214,-4.4227854235816346e-11,0.0,1.099998048591549,-2.9929577494005753e-06
1060920,0.11971830981797928,-4.413217424324007e-11,0.0,1.099998048591549,-2.992957749342383e-06
1060980,0.11971830981664074,-4.40365808444951e-11,0.0,1.099998048591549,-2.992957749284006e-06
1061040,0.11971830981529652,-4.3941074287902065e-11,0.0,1.099998048591549,-2.992957749225443e-06
1061100,0.11971830981394661,-4.384565482178161e-11,0.0,1.099998048591549,-2.9929577491666943e-06
1061160,0.11971830981259103,-4.375032269445436e-11,0.0,1.099998048591549,-2.9929577491077603e-06
1061220,0.11971830981122973,-4.3655078154240953e-11,0.0,1.099998048591549,-2.99295774904864e-06
1061280,0.11971830980986274,-4.355992144946201e-11,0.0,1.099998048591549,-2.9929577489893337e-06
1061340,0.11971830980849003,-4.346485282843817e-11,0.0,1.099998048591549,-2.9929577489298406e-06
1061400,0.11971830980711161,-4.336987253949007e-11,0.0,1.099998048591549,-2.992957748870161e-06
1061460,0.11971830980572747,-4.327498083093834e-11,0.0,1.099998048591549,-2.9929577488102955e-06
1061520,0.11971830980433759,-4.3180177951103615e-11,0.0,1.099998048591549,-2.9929577487502425e-06
1061580,0.11971830980294199,-4.3085464148306526e-11,0.0,1.099998048591549,-2.9929577486900024e-06
1061640,0.11971830980154063,-4.2990839670867696e-11,0.0,1.0999980485915488,-2.992957748629575e-06
1061700,0.11971830980013354,-4.289630476710777e-11,0.0,1.0999980485915488,-2.9929577485689605e-06
1061760,0.1197183097987207,-4.280185968534738e-11,0.0,1.0999980485915488,-2.992957748508158e-06
1061820,0.11971830979730208,-4.2707504673907154e-11,0.0,1.0999980485915488,-2.992957748447168e-06
1061880,0.1197183097958777,-4.2613239981107717e-11,0.0,1.0999980485915488,-2.99295774838599e-06
1061940,0.11971830979444756,-4.251906585526972e-11,0.0,1.0999980485915488,-2.9929577483246237e-06
1062000,0.11971830979301164,-4.242498254471379e-11,0.0,1.0999980485915488,-2.9929577482630694e-06
1062060,0.11971830979156993,-4.233099029776054e-11,0.0,1.0999980485915488,-2.992957748201326e-06
1062120,0.11971830979012243,-4.223708936273063e-11,0.0,1.0999980485915488,-2.9929577481393945e-06
1062180,0.11971830978866914,-4.214327998794468e-11,0.0,1.0999980485915488,-2.992957748077274e-06
1062240,0.11971830978721006,-4.204956242172332e-11,0.0,1.0999980485915488,-2.9929577480149645e-06
1062300,0.11971830978574514,-4.195593691238719e-11,0.0,1.0999980485915488,-2.9929577479524654e-06
1062360,0.11971830978427443,-4.1862403708256916e-11,0.0,1.0999980485915488,-2.9929577478897773e-06
1062420,0.11971830978279789,-4.1768963057653136e-11,0.0,1.0999980485915488,-2.9929577478268995e-06
1062480,0.11971830978131552,-4.1675615208896477e-11,0.0,1.0999980485915488,-2.992957747763832e-06
1062540,0.11971830977982732,-4.158236041030758e-11,0.0,1.0999980485915488,-2.9929577477005743e-06
1062600,0.1197183097783333,-4.148919891020707e-11,0.0,1.0999980485915488,-2.992957747637127e-06
1062660,0.11971830977683341,-4.1396130956915584e-11,0.0,1.0999980485915488,-2.992957747573489e-06
1062720,0.11971830977532767,-4.130315679875375e-11,0.0,1.0999980485915488,-2.9929577475096603e-06
1062780,0.11971830977381609,-4.12102766840422e-11,0.0,1.0999980485915488,-2.992957747445641e-06
1062840,0.11971830977229862,-4.111749086110158e-11,0.0,1.0999980485915486,-2.9929577473814313e-06
1062900,0.1197183097707753,-4.10247995782525e-11,0.0,1.0999980485915486,-2.9929577473170306e-06
1062960,0.1197183097692461,-4.093220308381562e-11,0.0,1.0999980485915486,-2.9929577472524384e-06
1063020,0.11971830976771103,-4.0839701626111546e-11,0.0,1.0999980485915486,-2.9929577471876548e-06
1063080,0.11971830976617005,-4.0747295453460926e-11,0.0,1.0999980485915486,-2.9929577471226797e-06
1063140,0.1197183097646232,-4.065498481418439e-11,0.0,1.0999980485915486,-2.992957747057513e-06
1063200,0.11971830976307042,-4.0562769956602567e-11,0.0,1.0999980485915486,-2.992957746992154e-06
1063260,0.11971830976151175,-4.0470651129036096e-11,0.0,1.0999980485915486,-2.9929577469266034e-06
1063320,0.11971830975994717,-4.037862857980561e-11,0.0,1.0999980485915486,-2.99295774686086e-06
1063380,0.11971830975837666,-4.0286702557231725e-11,0.0,1.0999980485915486,-2.9929577467949245e-06
1063440,0.11971830975680023,-4.01948733096351e-11,0.0,1.0999980485915486,-2.9929577467287967e-06
1063500,0.11971830975521787,-4.0103141085336346e-11,0.0,1.0999980485915486,-2.9929577466624757e-06
1063560,0.11971830975362958,-4.00115061326561e-11,0.0,1.0999980485915486,-2.9929577465959616e-06
1063620,0.11971830975203533,-3.991996869991501e-11,0.0,1.0999980485915486,-2.9929577465292544e-06
1063680,0.11971830975043515,-3.9828529035433694e-11,0.0,1.0999980485915486,-2.992957746462354e-06
1063740,0.11971830974882901,-3.973718738753278e-11,0.0,1.0999980485915486,-2.99295774639526e-06
1063800,0.1197183097472169,-3.964594400453291e-11,0.0,1.0999980485915486,-2.9929577463279722e-06
1063860,0.11971830974559883,-3.955479913475472e-11,0.0,1.0999980485915486,-2.9929577462604904e-06
1063920,0.11971830974397478,-3.9463753026518836e-11,0.0,1.0999980485915486,-2.992957746192815e-06
1063980,0.11971830974234475,-3.937280592814589e-11,0.0,1.0999980485915486,-2.9929577461249448e-06
1064040,0.11971830974070873,-3.928195808795652e-11,0.0,1.0999980485915486,-2.9929577460568806e-06
1064100,0.11971830973906672,-3.919120975427135e-11,0.0,1.0999980485915484,-2.9929577459886216e-06
1064160,0.11971830973741872,-3.910056117541102e-11,0.0,1.0999980485915484,-2.992957745920168e-06
1064220,0.11971830973576471,-3.9010012599696163e-11,0.0,1.0999980485915484,-2.992957745851519e-06
1064280,0.11971830973410467,-3.891956427544741e-11,0.0,1.0999980485915484,-2.9929577457826753e-06
1064340,0.11971830973243865,-3.8829216450985393e-11,0.0,1.0999980485915484,-2.9929577457136357e-06
1064400,0.11971830973076658,-3.873896937463074e-11,0.0,1.0999980485915484,-2.9929577456444014e-06
1064460,0.11971830972908848,-3.864882329470409e-11,0.0,1.0999980485915484,-2.992957745574971e-06
1064520,0.11971830972740435,-3.8558778459526075e-11,0.0,1.0999980485915484,-2.9929577455053444e-06
1064580,0.11971830972571419,-3.846883511741732e-11,0.0,1.0999980485915484,-2.9929577454355222e-06
1064640,0.11971830972401797,-3.8378993516698474e-11,0.0,1.0999980485915484,-2.992957745365504e-06
1064700,0.1197183097223157,-3.828925390569016e-11,0.0,1.0999980485915484,-2.9929577452952887e-06
1064760,0.11971830972060737,-3.8199616532713006e-11,0.0,1.0999980485915484,-2.9929577452248774e-06
1064820,0.11971830971889297,-3.811008164608764e-11,0.0,1.0999980485915484,-2.992957745154269e-06
1064880,0.11971830971717251,-3.802064949413472e-11,0.0,1.0999980485915484,-2.992957745083464e-06
1064940,0.11971830971544596,-3.793132032517485e-11,0.0,1.0999980485915484,-2.9929577450124614e-06
1065000,0.11971830971371332,-3.784209438752868e-11,0.0,1.0999980485915484,-2.992957744941262e-06
1065060,0.1197183097119746,-3.775297192951684e-11,0.0,1.0999980485915484,-2.9929577448698647e-06
1065120,0.11971830971022979,-3.766395319945996e-11,0.0,1.0999980485915484,-2.99295774479827e-06
1065180,0.11971830970847887,-3.7575038445678664e-11,0.0,1.0999980485915484,-2.9929577447264777e-06
1065240,0.11971830970672183,-3.74862279164936e-11,0.0,1.0999980485915481,-2.992957744654487e-06
1065300,0.11971830970495868,-3.73975218602254e-11,0.0,1.0999980485915481,-2.9929577445822983e-06
1065360,0.11971830970318942,-3.730892052519468e-11,0.0,1.0999980485915481,-2.992957744509911e-06
1065420,0.11971830970141402,-3.722042415972209e-11,0.0,1.0999980485915481,-2.9929577444373252e-06
1065480,0.11971830969963249,-3.713203301212825e-11,0.0,1.0999980485915481,-2.992957744364541e-06
1065540,0.11971830969784482,-3.70437473307338e-11,0.0,1.0999980485915481,-2.9929577442915576e-06
1065600,0.119718309696051,-3.6955567363859375e-11,0.0,1.0999980485915481,-2.992957744218375e-06
1065660,0.11971830969425104,-3.68674933598256e-11,0.0,1.0999980485915481,-2.9929577441449934e-06
1065720,0.11971830969244492,-3.677952556695312e-11,0.0,1.0999980485915481,-2.992957744071412e-06
1065780,0.11971830969063262,-3.6691664233562546e-11,0.0,1.0999980485915481,-2.9929577439976313e-06
1065840,0.11971830968881417,-3.6603909607974535e-11,0.0,1.0999980485915481,-2.9929577439236506e-06
1065900,0.11971830968698953,-3.65162619385097e-11,0.0,1.0999980485915481,-2.99295774384947e-06
1065960,0.1197183096851587,-3.6428721473488686e-11,0.0,1.0999980485915481,-2.992957743775089e-06
1066020,0.1197183096833217,-3.6341288461232124e-11,0.0,1.0999980485915481,-2.992957743700508e-06
1066080,0.1197183096814785,-3.625396315006064e-11,0.0,1.0999980485915481,-2.9929577436257262e-06
1066140,0.11971830967962908,-3.6166745788294876e-11,0.0,1.0999980485915481,-2.992957743550744e-06
1066200,0.11971830967777347,-3.607963662425545e-11,0.0,1.0999980485915481,-2.992957743475561e-06
1066260,0.11971830967591165,-3.5992635906263014e-11,0.0,1.0999980485915481,-2.9929577434001766e-06
1066320,0.11971830967404361,-3.590574388263819e-11,0.0,1.0999980485915481,-2.9929577433245908e-06
1066380,0.11971830967216933,-3.581896080170161e-11,0.0,1.099998048591548,-2.9929577432488038e-06
1066440,0.11971830967028883,-3.573228691177391e-11,0.0,1.099998048591548,-2.992957743172815e-06
1066500,0.11971830966840209,-3.564572246117571e-11,0.0,1.099998048591548,-2.992957743096625e-06
1066560,0.1197183096665091,-3.555926769822767e-11,0.0,1.099998048591548,-2.9929577430202323e-06
1066620,0.11971830966460988,-3.547292287125039e-11,0.0,1.099998048591548,-2.992957742943638e-06
1066680,0.11971830966270437,-3.5386688228564525e-11,0.0,1.099998048591548,-2.992957742866841e-06
1066740,0.11971830966079262,-3.5300564018490704e-11,0.0,1.099998048591548,-2.992957742789842e-06
1066800,0.1197183096588746,-3.521455048934956e-11,0.0,1.099998048591548,-2.99295774271264e-06
1066860,0.11971830965695031,-3.5128647889461716e-11,0.0,1.099998048591548,-2.992957742635235e-06
1066920,0.11971830965501973,-3.504285646714781e-11,0.0,1.099998048591548,-2.992957742557627e-06
1066980,0.11971830965308286,-3.495717647072848e-11,0.0,1.099998048591548,-2.992957742479816e-06
1067040,0.1197183096511397,-3.487160814852435e-11,0.0,1.099998048591548,-2.9929577424018013e-06
1067100,0.11971830964919024,-3.478615174885606e-11,0.0,1.099998048591548,-2.9929577423235833e-06
1067160,0.11971830964723448,-3.4700807520044245e-11,0.0,1.099998048591548,-2.992957742245161e-06
1067220,0.1197183096452724,-3.4615575710409526e-11,0.0,1.099998048591548,-2.9929577421665354e-06
1067280,0.11971830964330402,-3.453045656827254e-11,0.0,1.099998048591548,-2.992957742087706e-06
1067340,0.11971830964132929,-3.4445450341953924e-11,0.0,1.099998048591548,-2.9929577420086713e-06
1067400,0.11971830963934825,-3.4360557279774316e-11,0.0,1.099998048591548,-2.9929577419294326e-06
1067460,0.11971830963736087,-3.427577763005433e-11,0.0,1.099998048591548,-2.9929577418499894e-06
1067520,0.11971830963536714,-3.4191111641114614e-11,0.0,1.0999980485915477,-2.992957741770341e-06
1067580,0.11971830963336706,-3.4106559561275795e-11,0.0,1.0999980485915477,-2.992957741690488e-06
1067640,0.11971830963136064,-3.402212163885851e-11,0.0,1.0999980485915477,-2.9929577416104294e-06
1067700,0.11971830962934785,-3.393779812218339e-11,0.0,1.0999980485915477,-2.992957741530166e-06
1067760,0.11971830962732868,-3.385358925957106e-11,0.0,1.0999980485915477,-2.9929577414496965e-06
1067820,0.11971830962530315,-3.376949529934216e-11,0.0,1.0999980485915477,-2.9929577413690216e-06
1067880,0.11971830962327125,-3.3685516489817325e-11,0.0,1.0999980485915477,-2.9929577412881406e-06
1067940,0.11971830962123295,-3.3601653079317176e-11,0.0,1.0999980485915477,-2.9929577412070533e-06
1068000,0.11971830961918827,-3.351790531616236e-11,0.0,1.0999980485915477,-2.99295774112576e-06
1068060,0.11971830961713718,-3.3434273448673504e-11,0.0,1.0999980485915477,-2.9929577410442603e-06
1068120,0.1197183096150797,-3.3350757725171236e-11,0.0,1.0999980485915477,-2.992957740962554e-06
1068180,0.1197183096130158,-3.32673583939762e-11,0.0,1.0999980485915477,-2.9929577408806407e-06
1068240,0.11971830961094548,-3.318407570340901e-11,0.0,1.0999980485915477,-2.9929577407985204e-06
1068300,0.11971830960886876,-3.3100909901790315e-11,0.0,1.0999980485915477,-2.992957740716193e-06
1068360,0.11971830960678559,-3.3017861237440746e-11,0.0,1.0999980485915477,-2.9929577406336586e-06
1068420,0.119718309604696,-3.293492995868093e-11,0.0,1.0999980485915477,-2.992957740550916e-06
1068480,0.11971830960259995,-3.28521163138315e-11,0.0,1.0999980485915477,-2.992957740467966e-06
1068540,0.11971830960049747,-3.276942055121309e-11,0.0,1.0999980485915477,-2.9929577403848083e-06
1068600,0.11971830959838853,-3.268684291914633e-11,0.0,1.0999980485915475,-2.9929577403014425e-06
1068660,0.11971830959627314,-3.2604383665951866e-11,0.0,1.0999980485915475,-2.9929577402178683e-06
1068720,0.11971830959415128,-3.2522043039950314e-11,0.0,1.0999980485915475,-2.9929577401340857e-06
1068780,0.11971830959202294,-3.243982128946231e-11,0.0,1.0999980485915475,-2.9929577400500948e-06
1068840,0.11971830958988813,-3.2357718662808496e-11,0.0,1.0999980485915475,-2.9929577399658946e-06
1068900,0.11971830958774683,-3.227573540830949e-11,0.0,1.0999980485915475,-2.9929577398814857e-06
1068960,0.11971830958559905,-3.219387177428594e-11,0.0,1.0999980485915475,-2.9929577397968675e-06
1069020,0.11971830958344477,-3.211212800905847e-11,0.0,1.0999980485915475,-2.99295773971204e-06
1069080,0.11971830958128399,-3.203050436094771e-11,0.0,1.0999980485915475,-2.9929577396270035e-06
1069140,0.11971830957911671,-3.19490010782743e-11,0.0,1.0999980485915475,-2.992957739541757e-06
1069200,0.1197183095769429,-3.186761840935887e-11,0.0,1.0999980485915475,-2.9929577394563006e-06
1069260,0.11971830957476258,-3.178635660252205e-11,0.0,1.0999980485915475,-2.9929577393706338e-06
1069320,0.11971830957257573,-3.1705215906084476e-11,0.0,1.0999980485915475,-2.9929577392847573e-06
1069380,0.11971830957038235,-3.162419656836678e-11,0.0,1.0999980485915475,-2.9929577391986704e-06
1069440,0.11971830956818243,-3.154329883768959e-11,0.0,1.0999980485915475,-2.9929577391123726e-06
1069500,0.11971830956597596,-3.146252296237355e-11,0.0,1.0999980485915475,-2.9929577390258642e-06
1069560,0.11971830956376293,-3.138186919073927e-11,0.0,1.0999980485915475,-2.9929577389391446e-06
1069620,0.11971830956154336,-3.130133777110741e-11,0.0,1.0999980485915475,-2.9929577388522144e-06
1069680,0.11971830955931723,-3.122092895179859e-11,0.0,1.0999980485915473,-2.9929577387650725e-06
1069740,0.11971830955708453,-3.114064298113344e-11,0.0,1.0999980485915473,-2.9929577386777193e-06
1069800,0.11971830955484523,-3.10604801074326e-11,0.0,1.0999980485915473,-2.9929577385901543e-06
1069860,0.11971830955259938,-3.098044057901669e-11,0.0,1.0999980485915473,-2.9929577385023776e-06
1069920,0.11971830955034692,-3.090052464420636e-11,0.0,1.0999980485915473,-2.992957738414389e-06
1069980,0.11971830954808788,-3.082073255132223e-11,0.0,1.0999980485915473,-2.992957738326188e-06
1070040,0.11971830954582223,-3.0741064548684936e-11,0.0,1.0999980485915473,-2.9929577382377746e-06
1070100,0.11971830954354998,-3.066152088461511e-11,0.0,1.0999980485915473,-2.9929577381491487e-06
1070160,0.1197183095412711,-3.0582101807433385e-11,0.0,1.0999980485915473,-2.99295773806031e-06
1070220,0.11971830953898563,-3.05028075654604e-11,0.0,1.0999980485915473,-2.9929577379712587e-06
1070280,0.11971830953669352,-3.0423638407016776e-11,0.0,1.0999980485915473,-2.992957737881994e-06
1070340,0.11971830953439477,-3.0344594580423153e-11,0.0,1.0999980485915473,-2.9929577377925165e-06
1070400,0.1197183095320894,-3.026567633400016e-11,0.0,1.0999980485915473,-2.992957737702825e-06
1070460,0.11971830952977738,-3.018688391606843e-11,0.0,1.0999980485915473,-2.99295773761292e-06
1070520,0.11971830952745871,-3.01082175749486e-11,0.0,1.0999980485915473,-2.9929577375228013e-06
1070580,0.11971830952513339,-3.00296775589613e-11,0.0,1.0999980485915473,-2.9929577374324686e-06
1070640,0.11971830952280141,-2.995126411642717e-11,0.0,1.0999980485915473,-2.9929577373419217e-06
1070700,0.11971830952046275,-2.9872977495666826e-11,0.0,1.0999980485915473,-2.992957737251161e-06
1070760,0.11971830951811742,-2.9794817945000913e-11,0.0,1.099998048591547,-2.992957737160185e-06
1070820,0.11971830951576541,-2.9716785712750056e-11,0.0,1.099998048591547,-2.9929577370689945e-06
1070880,0.11971830951340673,-2.9638881047234896e-11,0.0,1.099998048591547,-2.992957736977589e-06
1070940,0.11971830951104134,-2.956110419677606e-11,0.0,1.099998048591547,-2.9929577368859685e-06
1071000,0.11971830950866925,-2.9483455409694184e-11,0.0,1.099998048591547,-2.992957736794133e-06
1071060,0.11971830950629046,-2.94059349343099e-11,0.0,1.099998048591547,-2.992957736702082e-06
1071120,0.11971830950390497,-2.932854301894384e-11,0.0,1.099998048591547,-2.9929577366098154e-06
1071180,0.11971830950151276,-2.925127991191663e-11,0.0,1.099998048591547,-2.992957736517333e-06
1071240,0.11971830978342773,-4.590066219454665e-11,0.0,1.0999980485915497,-2.9929577487920504e-06
1071300,0.11971830978210359,-4.5746347235617623e-11,0.0,1.0999980485915497,-2.992957748725936e-06
1071360,0.11971830978078275,-4.559224574231775e-11,0.0,1.0999980485915497,-2.992957748659969e-06
1071420,0.11971830977946522,-4.543835771464705e-11,0.0,1.0999980485915497,-2.99295774859415e-06
1071480,0.11971830977815098,-4.5284683152605504e-11,0.0,1.0999980485915497,-2.9929577485284787e-06
1071540,0.11971830977684006,-4.51312220561931e-11,0.0,1.0999980485915497,-2.9929577484629548e-06
1071600,0.11971830977553245,-4.4977974425409873e-11,0.0,1.0999980485915497,-2.9929577483975782e-06
1071660,0.11971830977422813,-4.4824940260255806e-11,0.0,1.0999980485915497,-2.9929577483323495e-06
1071720,0.11971830977292712,-4.467211956073091e-11,0.0,1.0999980485915497,-2.9929577482672686e-06
1071780,0.11971830977162942,-4.451951232683513e-11,0.0,1.0999980485915497,-2.992957748202335e-06
1071840,0.11971830977033501,-4.436711855856854e-11,0.0,1.0999980485915497,-2.9929577481375493e-06
1071900,0.11971830976904392,-4.421493825593112e-11,0.0,1.0999980485915497,-2.992957748072911e-06
1071960,0.11971830976775613,-4.4062971418922826e-11,0.0,1.0999980485915497,-2.9929577480084204e-06
1072020,0.11971830976647165,-4.391121804754371e-11,0.0,1.0999980485915497,-2.992957747944077e-06
1072080,0.11971830976519046,-4.375967814179376e-11,0.0,1.0999980485915497,-2.992957747879882e-06
1072140,0.1197183097639126,-4.3608351701672967e-11,0.0,1.0999980485915495,-2.992957747815834e-06
1072200,0.11971830976263802,-4.345723872718132e-11,0.0,1.0999980485915495,-2.9929577477519337e-06
1072260,0.11971830976136676,-4.3306339218318836e-11,0.0,1.0999980485915495,-2.9929577476881814e-06
1072320,0.11971830976009878,-4.315565317508552e-11,0.0,1.0999980485915495,-2.9929577476245764e-06
1072380,0.11971830975883413,-4.300518059748136e-11,0.0,1.0999980485915495,-2.9929577475611192e-06
1072440,0.11971830975757278,-4.285492148550635e-11,0.0,1.0999980485915495,-2.9929577474978094e-06
1072500,0.11971830975631473,-4.270487583916051e-11,0.0,1.0999980485915495,-2.992957747434647e-06
1072560,0.11971830975506,-4.255504365844382e-11,0.0,1.0999980485915495,-2.992957747371633e-06
1072620,0.11971830975380855,-4.240542494335628e-11,0.0,1.0999980485915495,-2.992957747308766e-06
1072680,0.11971830975256041,-4.2256019693897925e-11,0.0,1.0999980485915495,-2.9929577472460467e-06
1072740,0.11971830975131559,-4.2106827910068725e-11,0.0,1.0999980485915495,-2.992957747183475e-06
1072800,0.11971830975007407,-4.195784959186867e-11,0.0,1.0999980485915495,-2.992957747121051e-06
1072860,0.11971830974883585,-4.180908473929777e-11,0.0,1.0999980485915495,-2.9929577470587745e-06
1072920,0.11971830974760093,-4.1660533352356044e-11,0.0,1.0999980485915495,-2.992957746996646e-06
1072980,0.11971830974636932,-4.1512195431043476e-11,0.0,1.0999980485915495,-2.9929577469346647e-06
1073040,0.11971830974514101,-4.1364070975360045e-11,0.0,1.0999980485915495,-2.992957746872831e-06
1073100,0.11971830974391602,-4.1216159985305796e-11,0.0,1.0999980485915493,-2.992957746811145e-06
1073160,0.11971830974269432,-4.1068462460880704e-11,0.0,1.0999980485915493,-2.9929577467496066e-06
1073220,0.11971830974147593,-4.0920978402084775e-11,0.0,1.0999980485915493,-2.9929577466882158e-06
1073280,0.11971830974026085,-4.0773707808917976e-11,0.0,1.0999980485915493,-2.9929577466269727e-06
1073340,0.11971830973904907,-4.0626650681380366e-11,0.0,1.0999980485915493,-2.9929577465658775e-06
1073400,0.11971830973784059,-4.047980701947191e-11,0.0,1.0999980485915493,-2.9929577465049293e-06
1073460,0.11971830973663541,-4.033317682319262e-11,0.0,1.0999980485915493,-2.9929577464441292e-06
1073520,0.11971830973543354,-4.0186760092542456e-11,0.0,1.0999980485915493,-2.9929577463834766e-06
1073580,0.11971830973423499,-4.0040556827521485e-11,0.0,1.0999980485915493,-2.9929577463229713e-06
1073640,0.11971830973303972,-3.9894567028129663e-11,0.0,1.0999980485915493,-2.992957746262614e-06
1073700,0.11971830973184777,-3.974879069436699e-11,0.0,1.0999980485915493,-2.9929577462024043e-06
1073760,0.11971830973065913,-3.9603227826233484e-11,0.0,1.0999980485915493,-2.992957746142342e-06
1073820,0.11971830972947378,-3.9457878423729145e-11,0.0,1.0999980485915493,-2.9929577460824275e-06
1073880,0.11971830972829174,-3.931274248685396e-11,0.0,1.0999980485915493,-2.9929577460226605e-06
1073940,0.119718309727113,-3.916782001560792e-11,0.0,1.0999980485915493,-2.992957745963041e-06
1074000,0.11971830972593757,-3.9023111009991053e-11,0.0,1.0999980485915493,-2.9929577459035693e-06
1074060,0.11971830972476545,-3.8878615470003346e-11,0.0,1.0999980485915493,-2.9929577458442453e-06
1074120,0.11971830972359664,-3.87343333956448e-11,0.0,1.099998048591549,-2.992957745785069e-06
1074180,0.11971830972243111,-3.85902647869154e-11,0.0,1.099998048591549,-2.9929577457260397e-06
1074240,0.1197183097212689,-3.8446409643815165e-11,0.0,1.099998048591549,-2.9929577456671586e-06
1074300,0.11971830972011,-3.8302767966344097e-11,0.0,1.099998048591549,-2.992957745608425e-06
1074360,0.1197183097189544,-3.815933975450217e-11,0.0,1.099998048591549,-2.992957745549839e-06
1074420,0.1197183097178021,-3.8016125008289417e-11,0.0,1.099998048591549,-2.9929577454914006e-06
1074480,0.1197183097166531,-3.787312372770582e-11,0.0,1.099998048591549,-2.9929577454331094e-06
1074540,0.11971830971550743,-3.773033591275139e-11,0.0,1.099998048591549,-2.9929577453749666e-06
1074600,0.11971830971436505,-3.7587761563426096e-11,0.0,1.099998048591549,-2.992957745316971e-06
1074660,0.11971830971322596,-3.7445400679729986e-11,0.0,1.099998048591549,-2.992957745259123e-06
1074720,0.11971830971209019,-3.730325326166302e-11,0.0,1.099998048591549,-2.9929577452014226e-06
1074780,0.11971830971095772,-3.716131930922521e-11,0.0,1.099998048591549,-2.9929577451438697e-06
1074840,0.11971830970982857,-3.701959882241657e-11,0.0,1.099998048591549,-2.9929577450864646e-06
1074900,0.1197183097087027,-3.687809180123709e-11,0.0,1.099998048591549,-2.9929577450292073e-06
1074960,0.11971830970758014,-3.673679824568676e-11,0.0,1.099998048591549,-2.9929577449720974e-06
1075020,0.1197183097064609,-3.6595718155765585e-11,0.0,1.099998048591549,-2.992957744915135e-06
1075080,0.11971830970534496,-3.645485153147358e-11,0.0,1.099998048591549,-2.99295774485832e-06
1075140,0.11971830970423232,-3.6314198372810743e-11,0.0,1.0999980485915488,-2.992957744801653e-06
1075200,0.11971830970312299,-3.617375867977706e-11,0.0,1.0999980485915488,-2.9929577447451336e-06
1075260,0.11971830970201695,-3.603353245237251e-11,0.0,1.0999980485915488,-2.992957744688762e-06
1075320,0.11971830970091422,-3.5893519690597145e-11,0.0,1.0999980485915488,-2.9929577446325375e-06
1075380,0.1197183096998148,-3.575372039445094e-11,0.0,1.0999980485915488,-2.992957744576461e-06
1075440,0.11971830969871869,-3.5614134563933874e-11,0.0,1.0999980485915488,-2.9929577445205322e-06
1075500,0.11971830969762588,-3.547476219904598e-11,0.0,1.0999980485915488,-2.992957744464751e-06
1075560,0.11971830969653637,-3.533560329978725e-11,0.0,1.0999980485915488,-2.992957744409117e-06
1075620,0.11971830969545016,-3.519665786615768e-11,0.0,1.0999980485915488,-2.9929577443536308e-06
1075680,0.11971830969436727,-3.5057925898157256e-11,0.0,1.0999980485915488,-2.9929577442982924e-06
1075740,0.11971830969328769,-3.4919407395785994e-11,0.0,1.0999980485915488,-2.9929577442431014e-06
1075800,0.1197183096922114,-3.47811023590439e-11,0.0,1.0999980485915488,-2.9929577441880583e-06
1075860,0.1197183096911384,-3.4643010787930965e-11,0.0,1.0999980485915488,-2.9929577441331625e-06
1075920,0.11971830969006873,-3.450513268244717e-11,0.0,1.0999980485915488,-2.9929577440784145e-06
1075980,0.11971830968900236,-3.436746804259255e-11,0.0,1.0999980485915488,-2.992957744023814e-06
1076040,0.11971830968793928,-3.423001686836709e-11,0.0,1.0999980485915488,-2.992957743969361e-06
1076100,0.11971830968687952,-3.409277915977078e-11,0.0,1.0999980485915488,-2.9929577439150557e-06
1076160,0.11971830968582307,-3.395575491680364e-11,0.0,1.0999980485915488,-2.992957743860898e-06
1076220,0.11971830968476992,-3.381894413946565e-11,0.0,1.0999980485915488,-2.9929577438068883e-06
1076280,0.11971830968372006,-3.3682346827756825e-11,0.0,1.0999980485915486,-2.992957743753026e-06
1076340,0.11971830968267352,-3.354596298167715e-11,0.0,1.0999980485915486,-2.992957743699311e-06
1076400,0.11971830968163027,-3.3409792601226645e-11,0.0,1.0999980485915486,-2.992957743645744e-06
1076460,0.11971830968059034,-3.327383568640529e-11,0.0,1.0999980485915486,-2.9929577435923243e-06
1076520,0.11971830967955371,-3.313809223721309e-11,0.0,1.0999980485915486,-2.9929577435390523e-06
1076580,0.11971830967852039,-3.3002562253650064e-11,0.0,1.0999980485915486,-2.992957743485928e-06
1076640,0.11971830967749036,-3.28672457357162e-11,0.0,1.0999980485915486,-2.9929577434329517e-06
1076700,0.11971830967646364,-3.273214268341148e-11,0.0,1.0999980485915486,-2.9929577433801222e-06
1076760,0.11971830967544024,-3.2597253096735916e-11,0.0,1.0999980485915486,-2.992957743327441e-06
1076820,0.11971830967442013,-3.246257697568953e-11,0.0,1.0999980485915486,-2.992957743274907e-06
1076880,0.11971830967340333,-3.23281143202723e-11,0.0,1.0999980485915486,-2.9929577432225207e-06
1076940,0.11971830967238983,-3.2193865130484216e-11,0.0,1.0999980485915486,-2.992957743170282e-06
1077000,0.11971830967137964,-3.2059829406325284e-11,0.0,1.0999980485915486,-2.9929577431181913e-06
1077060,0.11971830967037275,-3.1926007147795535e-11,0.0,1.0999980485915486,-2.992957743066248e-06
1077120,0.11971830966936917,-3.1792398354894936e-11,0.0,1.0999980485915486,-2.992957743014452e-06
1077180,0.11971830966836888,-3.1659003027623487e-11,0.0,1.0999980485915486,-2.992957742962804e-06
1077240,0.11971830966737192,-3.15258211659812e-11,0.0,1.0999980485915486,-2.9929577429113035e-06
1077300,0.11971830966637824,-3.1392852769968083e-11,0.0,1.0999980485915486,-2.9929577428599504e-06
1077360,0.11971830966538788,-3.126009783958412e-11,0.0,1.0999980485915486,-2.992957742808745e-06
1077420,0.11971830966440082,-3.1127556374829306e-11,0.0,1.0999980485915486,-2.9929577427576873e-06
1077480,0.11971830966341707,-3.099522837570366e-11,0.0,1.0999980485915484,-2.992957742706777e-06
1077540,0.11971830966243661,-3.0863113842207173e-11,0.0,1.0999980485915484,-2.992957742656015e-06
1077600,0.11971830966145947,-3.073121277433984e-11,0.0,1.0999980485915484,-2.9929577426054e-06
1077660,0.11971830966048563,-3.0599525172101673e-11,0.0,1.0999980485915484,-2.9929577425549326e-06
1077720,0.11971830965951509,-3.046805103549266e-11,0.0,1.0999980485915484,-2.9929577425046133e-06
1077780,0.11971830965854786,-3.033679036451281e-11,0.0,1.0999980485915484,-2.992957742454441e-06
1077840,0.11971830965758394,-3.020574315916211e-11,0.0,1.0999980485915484,-2.9929577424044165e-06
1077900,0.1197183096566233,-3.007490941944058e-11,0.0,1.0999980485915484,-2.99295774235454e-06
1077960,0.11971830965566599,-2.9944289145348206e-11,0.0,1.0999980485915484,-2.992957742304811e-06
1078020,0.11971830965471199,-2.981388233688499e-11,0.0,1.0999980485915484,-2.992957742255229e-06
1078080,0.11971830965376128,-2.968368899405093e-11,0.0,1.0999980485915484,-2.9929577422057953e-06
1078140,0.11971830965281387,-2.9553709116846034e-11,0.0,1.0999980485915484,-2.992957742156509e-06
1078200,0.11971830965186978,-2.9423942705270296e-11,0.0,1.0999980485915484,-2.99295774210737e-06
1078260,0.11971830965092899,-2.92943897593237e-11,0.0,1.0999980485915484,-2.992957742058379e-06
1078320,0.11971830964999149,-2.916505027900629e-11,0.0,1.0999980485915484,-2.9929577420095357e-06
1078380,0.1197183096490573,-2.9035924264318033e-11,0.0,1.0999980485915484,-2.9929577419608398e-06
1078440,0.11971830964812642,-2.8907011715258927e-11,0.0,1.0999980485915484,-2.9929577419122916e-06
1078500,0.11971830964719886,-2.877831263182897e-11,0.0,1.0999980485915484,-2.992957741863891e-06
1078560,0.11971830964627458,-2.864982701402819e-11,0.0,1.0999980485915484,-2.992957741815638e-06
1078620,0.11971830964535363,-2.8521554861856574e-11,0.0,1.0999980485915484,-2.9929577417675324e-06
1078680,0.11971830964443596,-2.83934961753141e-11,0.0,1.0999980485915484,-2.9929577417195747e-06
1078740,0.1197183096435216,-2.8265650954400783e-11,0.0,1.0999980485915481,-2.9929577416717644e-06
1078800,0.11971830964261056,-2.8138019199116642e-11,0.0,1.0999980485915481,-2.992957741624102e-06
1078860,0.11971830964170281,-2.8010600909461657e-11,0.0,1.0999980485915481,-2.992957741576587e-06
1078920,0.11971830964079837,-2.7883396085435822e-11,0.0,1.0999980485915481,-2.9929577415292197e-06
1078980,0.11971830963989723,-2.7756404727039143e-11,0.0,1.0999980485915481,-2.9929577414819997e-06
1079040,0.1197183096389994,-2.7629626834271634e-11,0.0,1.0999980485915481,-2.9929577414349276e-06
1079100,0.11971830963810487,-2.7503062407133288e-11,0.0,1.0999980485915481,-2.9929577413880032e-06
1079160,0.11971830963721365,-2.7376711445624085e-11,0.0,1.0999980485915481,-2.9929577413412263e-06
1079220,0.11971830963632572,-2.7250573949744045e-11,0.0,1.0999980485915481,-2.992957741294597e-06
1079280,0.11971830963544111,-2.7124649919493175e-11,0.0,1.0999980485915481,-2.9929577412481153e-06
1079340,0.1197183096345598,-2.6998939354871448e-11,0.0,1.0999980485915481,-2.9929577412017813e-06
1079400,0.11971830963368181,-2.6873442255878897e-11,0.0,1.0999980485915481,-2.992957741155595e-06
1079460,0.11971830963280711,-2.674815862251549e-11,0.0,1.0999980485915481,-2.9929577411095564e-06
1079520,0.11971830963193571,-2.6623088454781258e-11,0.0,1.0999980485915481,-2.992957741063665e-06
1079580,0.11971830963106762,-2.6498231752676163e-11,0.0,1.0999980485915481,-2.9929577410179214e-06
1079640,0.11971830963020284,-2.637358851620025e-11,0.0,1.0999980485915481,-2.9929577409723256e-06
1079700,0.11971830962934137,-2.624915874535348e-11,0.0,1.0999980485915481,-2.9929577409268772e-06
1079760,0.11971830962848318,-2.6124942440135882e-11,0.0,1.0999980485915481,-2.9929577408815766e-06
1079820,0.11971830962762832,-2.6000939600547426e-11,0.0,1.0999980485915481,-2.9929577408364234e-06
1079880,0.11971830962677675,-2.5877150226588146e-11,0.0,1.0999980485915481,-2.9929577407914176e-06
1079940,0.11971830962592848,-2.5753574318258015e-11,0.0,1.0999980485915481,-2.99295774074656e-06
1080000,0.11971830962508354,-2.5630211875557035e-11,0.0,1.0999980485915481,-2.99295774070185e-06
1080060,0.11971830962424188,-2.550706289848523e-11,0.0,1.0999980485915481,-2.992957740657287e-06
1080120,0.11971830962340353,-2.538412738704259e-11,0.0,1.099998048591548,-2.992957740612872e-06
1080180,0.11971830962256849,-2.526140534122909e-11,0.0,1.099998048591548,-2.9929577405686043e-06
1080240,0.11971830962173675,-2.513889676104475e-11,0.0,1.099998048591548,-2.992957740524485e-06
1080300,0.11971830962090832,-2.5016601646489584e-11,0.0,1.099998048591548,-2.9929577404805125e-06
1080360,0.11971830962008319,-2.4894519997563574e-11,0.0,1.099998048591548,-2.992957740436688e-06
1080420,0.11971830961926137,-2.4772651814266715e-11,0.0,1.099998048591548,-2.992957740393011e-06
1080480,0.11971830961844285,-2.4650997096599012e-11,0.0,1.099998048591548,-2.9929577403494815e-06
1080540,0.11971830961762764,-2.452955584456048e-11,0.0,1.099998048591548,-2.9929577403061e-06
1080600,0.11971830961681573,-2.44083280581511e-11,0.0,1.099998048591548,-2.9929577402628657e-06
1080660,0.11971830961600713,-2.4287313737370868e-11,0.0,1.099998048591548,-2.992957740219779e-06
1080720,0.11971830961520183,-2.416651288221981e-11,0.0,1.099998048591548,-2.99295774017684e-06
1080780,0.11971830961439983,-2.4045925492697915e-11,0.0,1.099998048591548,-2.992957740134049e-06
1080840,0.11971830961360114,-2.3925551568805177e-11,0.0,1.099998048591548,-2.9929577400914054e-06
1080900,0.11971830961280576,-2.3805391110541575e-11,0.0,1.099998048591548,-2.9929577400489094e-06
1080960,0.11971830961201367,-2.3685444117907156e-11,0.0,1.099998048591548,-2.9929577400065607e-06
1081020,0.1197183096112249,-2.35657105909019e-11,0.0,1.099998048591548,-2.9929577399643602e-06
1081080,0.11971830961043943,-2.344619052952578e-11,0.0,1.099998048591548,-2.9929577399223067e-06
1081140,0.11971830960965726,-2.332688393377883e-11,0.0,1.099998048591548,-2.992957739880401e-06
1081200,0.1197183096088784,-2.320779080366105e-11,0.0,1.099998048591548,-2.992957739838643e-06
1081260,0.11971830960810284,-2.3088911139172427e-11,0.0,1.099998048591548,-2.9929577397970327e-06
1081320,0.1197183096073306,-2.2970244940312946e-11,0.0,1.099998048591548,-2.99295773975557e-06
1081380,0.11971830960656164,-2.285179220708263e-11,0.0,1.099998048591548,-2.992957739714255e-06
1081440,0.119718309605796,-2.273355293948148e-11,0.0,1.099998048591548,-2.9929577396730876e-06
1081500,0.11971830960503367,-2.2615527137509495e-11,0.0,1.099998048591548,-2.9929577396320675e-06
1081560,0.11971830960427463,-2.2497714801166653e-11,0.0,1.099998048591548,-2.992957739591195e-06
1081620,0.1197183096035189,-2.2380115930452974e-11,0.0,1.0999980485915477,-2.9929577395504707e-06
1081680,0.11971830960276648,-2.2262730525368458e-11,0.0,1.0999980485915477,-2.9929577395098936e-06
1081740,0.11971830960201736,-2.2145558585913092e-11,0.0,1.0999980485915477,-2.9929577394694643e-06
1081800,0.11971830960127154,-2.2028600112086902e-11,0.0,1.0999980485915477,-2.9929577394291824e-06
1081860,0.11971830960052904,-2.191185510388987e-11,0.0,1.0999980485915477,-2.992957739389048e-06
1081920,0.11971830959978984,-2.1795323561321985e-11,0.0,1.0999980485915477,-2.9929577393490615e-06
1081980,0.11971830959905393,-2.167900548438325e-11,0.0,1.0999980485915477,-2.9929577393092226e-06
1082040,0.11971830959832133,-2.15629008730737e-11,0.0,1.0999980485915477,-2.992957739269531e-06
1082100,0.11971830959759204,-2.1447009727393298e-11,0.0,1.0999980485915477,-2.9929577392299873e-06
1082160,0.11971830959686607,-2.133133204734204e-11,0.0,1.0999980485915477,-2.992957739190591e-06
1082220,0.11971830959614338,-2.1215867832919958e-11,0.0,1.0999980485915477,-2.9929577391513424e-06
1082280,0.119718309595424,-2.1100617084127038e-11,0.0,1.0999980485915477,-2.9929577391122417e-06
1082340,0.11971830959470793,-2.0985579800963275e-11,0.0,1.0999980485915477,-2.9929577390732883e-06
1082400,0.11971830959399517,-2.087075598342865e-11,0.0,1.0999980485915477,-2.992957739034483e-06
1082460,0.11971830959328571,-2.0756145631523206e-11,0.0,1.0999980485915477,-2.9929577389958246e-06
1082520,0.11971830959257955,-2.064174874524692e-11,0.0,1.0999980485915477,-2.9929577389573143e-06
1082580,0.1197183095918767,-2.0527565324599795e-11,0.0,1.0999980485915477,-2.9929577389189513e-06
1082640,0.11971830959117714,-2.04135953695818e-11,0.0,1.0999980485915477,-2.992957738880736e-06
1082700,0.1197183095904809,-2.0299838880192993e-11,0.0,1.0999980485915477,-2.9929577388426684e-06
1082760,0.11971830958978796,-2.0186295856433345e-11,0.0,1.0999980485915477,-2.9929577388047484e-06
1082820,0.11971830958909833,-2.007296629830284e-11,0.0,1.0999980485915477,-2.9929577387669762e-06
1082880,0.119718309588412,-1.99598502058015e-11,0.0,1.0999980485915477,-2.9929577387293515e-06
1082940,0.11971830958772897,-1.984694757892933e-11,0.0,1.0999980485915477,-2.992957738691874e-06
1083000,0.11971830958704925,-1.9734258417686316e-11,0.0,1.0999980485915477,-2.9929577386545445e-06
1083060,0.11971830958637285,-1.962178272207245e-11,0.0,1.0999980485915477,-2.9929577386173627e-06
1083120,0.11971830958569973,-1.9509520492087746e-11,0.0,1.0999980485915477,-2.9929577385803283e-06
1083180,0.11971830958502992,-1.939747172773221e-11,0.0,1.0999980485915477,-2.9929577385434417e-06
1083240,0.11971830958436343,-1.928563642900583e-11,0.0,1.0999980485915477,-2.9929577385067025e-06
1083300,0.11971830958370024,-1.91740145959086e-11,0.0,1.0999980485915477,-2.992957738470111e-06
1083360,0.11971830958304033,-1.9062606228440533e-11,0.0,1.0999980485915475,-2.9929577384336675e-06
1083420,0.11971830958238375,-1.895141132660163e-11,0.0,1.0999980485915475,-2.992957738397371e-06
1083480,0.11971830958173048,-1.8840429890391876e-11,0.0,1.0999980485915475,-2.9929577383612225e-06
1083540,0.1197183095810805,-1.8729661919811294e-11,0.0,1.0999980485915475,-2.9929577383252215e-06
1083600,0.11971830958043382,-1.861910741485986e-11,0.0,1.0999980485915475,-2.9929577382893682e-06
1083660,0.11971830957979046,-1.8508766375537598e-11,0.0,1.0999980485915475,-2.9929577382536624e-06
1083720,0.11971830957915039,-1.839863880184448e-11,0.0,1.0999980485915475,-2.992957738218104e-06
1083780,0.11971830957851363,-1.8288724693780535e-11,0.0,1.0999980485915475,-2.9929577381826933e-06
1083840,0.11971830957788018,-1.8179024051345738e-11,0.0,1.0999980485915475,-2.9929577381474305e-06
1083900,0.11971830957725003,-1.8069536874540098e-11,0.0,1.0999980485915475,-2.9929577381123155e-06
1083960,0.11971830957662319,-1.7960263163363627e-11,0.0,1.0999980485915475,-2.9929577380773474e-06
1084020,0.11971830957599965,-1.7851202917816318e-11,0.0,1.0999980485915475,-2.9929577380425276e-06
1084080,0.11971830957537942,-1.7742356137898157e-11,0.0,1.0999980485915475,-2.992957738007855e-06
1084140,0.11971830957476248,-1.7633722823609152e-11,0.0,1.0999980485915475,-2.99295773797333e-06
1084200,0.11971830957414886,-1.752530297494932e-11,0.0,1.0999980485915475,-2.992957737938953e-06
1084260,0.11971830957353854,-1.7417096591918643e-11,0.0,1.0999980485915475,-2.9929577379047234e-06
1084320,0.11971830957293153,-1.730910367451712e-11,0.0,1.0999980485915475,-2.9929577378706413e-06
1084380,0.11971830957232782,-1.720132422274475e-11,0.0,1.0999980485915475,-2.9929577378367066e-06
1084440,0.11971830957172741,-1.7093758236601554e-11,0.0,1.0999980485915475,-2.99295773780292e-06
1084500,0.1197183095711303,-1.6986405716087516e-11,0.0,1.0999980485915475,-2.9929577377692807e-06
1084560,0.11971830957053652,-1.6879266661202622e-11,0.0,1.0999980485915475,-2.9929577377357894e-06
1084620,0.11971830956994602,-1.6772341071946895e-11,0.0,1.0999980485915475,-2.9929577377024456e-06
1084680,0.11971830956935883,-1.6665628948320333e-11,0.0,1.0999980485915475,-2.992957737669249e-06
1084740,0.11971830956877495,-1.655913029032293e-11,0.0,1.0999980485915475,-2.9929577376362004e-06
1084800,0.11971830956819438,-1.6452845097954676e-11,0.0,1.0999980485915475,-2.992957737603299e-06
1084860,0.1197183095676171,-1.6346773371215584e-11,0.0,1.0999980485915475,-2.9929577375705456e-06
1084920,0.11971830956704313,-1.6240915110105658e-11,0.0,1.0999980485915475,-2.99295773753794e-06
1084980,0.11971830956647248,-1.613527031462489e-11,0.0,1.0999980485915475,-2.9929577375054816e-06
1085040,0.11971830956590511,-1.602983898477327e-11,0.0,1.0999980485915475,-2.992957737473171e-06
1085100,0.11971830956534106,-1.5924621120550815e-11,0.0,1.0999980485915475,-2.992957737441008e-06
1085160,0.1197183095647803,-1.5819616721957524e-11,0.0,1.0999980485915475,-2.9929577374089927e-06
1085220,0.11971830956422286,-1.5714825788993383e-11,0.0,1.0999980485915475,-2.9929577373771248e-06
1085280,0.11971830956366872,-1.5610248321658412e-11,0.0,1.0999980485915475,-2.9929577373454047e-06
1085340,0.1197183095631179,-1.550588431995259e-11,0.0,1.0999980485915475,-2.992957737313832e-06
1085400,0.11971830956257036,-1.540173378387594e-11,0.0,1.0999980485915473,-2.992957737282407e-06
1085460,0.11971830956202613,-1.529779671342843e-11,0.0,1.0999980485915473,-2.9929577372511295e-06
1085520,0.11971830956148521,-1.5194073108610094e-11,0.0,1.0999980485915473,-2.9929577372199997e-06
1085580,0.11971830956094759,-1.509056296942091e-11,0.0,1.0999980485915473,-2.992957737189018e-06
1085640,0.11971830956041328,-1.4987266295860882e-11,0.0,1.0999980485915473,-2.9929577371581833e-06
1085700,0.11971830955988227,-1.4884183087930022e-11,0.0,1.0999980485915473,-2.9929577371274965e-06
1085760,0.11971830955935457,-1.478131334562832e-11,0.0,1.0999980485915473,-2.992957737096957e-06
1085820,0.11971830955883019,-1.4678657068955774e-11,0.0,1.0999980485915473,-2.9929577370665657e-06
1085880,0.11971830955830909,-1.457621425791238e-11,0.0,1.0999980485915473,-2.9929577370363215e-06
1085940,0.1197183095577913,-1.4473984912498159e-11,0.0,1.0999980485915473,-2.992957737006225e-06
1086000,0.11971830955727682,-1.4371969032713094e-11,0.0,1.0999980485915473,-2.992957736976276e-06
1086060,0.11971830955676564,-1.4270166618557182e-11,0.0,1.0999980485915473,-2.992957736946475e-06
1086120,0.11971830955625777,-1.4168577670030423e-11,0.0,1.0999980485915473,-2.9929577369168217e-06
1086180,0.1197183095557532,-1.4067202187132837e-11,0.0,1.0999980485915473,-2.9929577368873157e-06
1086240,0.11971830955525194,-1.3966040169864411e-11,0.0,1.0999980485915473,-2.992957736857957e-06
1086300,0.11971830955475397,-1.3865091618225131e-11,0.0,1.0999980485915473,-2.9929577368287463e-06
1086360,0.11971830955425931,-1.3764356532215012e-11,0.0,1.0999980485915473,-2.9929577367996834e-06
1086420,0.11971830955376797,-1.3663834911834061e-11,0.0,1.0999980485915473,-2.9929577367707678e-06
1086480,0.11971830955327992,-1.356352675708227e-11,0.0,1.0999980485915473,-2.992957736742e-06
1086540,0.11971830955279518,-1.3463432067959626e-11,0.0,1.0999980485915473,-2.9929577367133796e-06
1086600,0.11971830955231375,-1.3363550844466145e-11,0.0,1.0999980485915473,-2.992957736684907e-06
1086660,0.11971830955183561,-1.326388308660183e-11,0.0,1.0999980485915473,-2.992957736656582e-06
1086720,0.11971830955136079,-1.3164428794366665e-11,0.0,1.0999980485915473,-2.9929577366284044e-06
1086780,0.11971830955088927,-1.3065187967760666e-11,0.0,1.0999980485915473,-2.992957736600375e-06
1086840,0.11971830955042105,-1.296616060678382e-11,0.0,1.0999980485915473,-2.9929577365724926e-06
1086900,0.11971830954995615,-1.2867346711436143e-11,0.0,1.0999980485915473,-2.9929577365447578e-06
1086960,0.11971830954949453,-1.276874628171761e-11,0.0,1.0999980485915473,-2.9929577365171708e-06
1087020,0.11971830954903623,-1.267035931762825e-11,0.0,1.0999980485915473,-2.9929577364897316e-06
1087080,0.11971830954858123,-1.2572185819168043e-11,0.0,1.0999980485915473,-2.9929577364624397e-06
1087140,0.11971830954812954,-1.2474225786336999e-11,0.0,1.0999980485915473,-2.9929577364352957e-06
1087200,0.11971830954768116,-1.2376479219135105e-11,0.0,1.0999980485915473,-2.992957736408299e-06
1087260,0.11971830954723607,-1.227894611756238e-11,0.0,1.0999980485915473,-2.9929577363814503e-06
1087320,0.11971830954679429,-1.2181626481618805e-11,0.0,1.0999980485915473,-2.992957736354749e-06
1087380,0.11971830954635582,-1.208452031130439e-11,0.0,1.0999980485915473,-2.992957736328195e-06
1087440,0.11971830954592065,-1.198762760661914e-11,0.0,1.0999980485915473,-2.9929577363017893e-06
1087500,0.11971830954548879,-1.1890948367563051e-11,0.0,1.0999980485915473,-2.992957736275531e-06
1087560,0.11971830954506023,-1.1794482594136115e-11,0.0,1.0999980485915473,-2.99295773624942e-06
1087620,0.11971830954463497,-1.1698230286338332e-11,0.0,1.0999980485915473,-2.9929577362234566e-06
1087680,0.11971830954421302,-1.1602191444169722e-11,0.0,1.0999980485915473,-2.992957736197641e-06
1087740,0.11971830954379437,-1.1506366067630268e-11,0.0,1.0999980485915473,-2.992957736171973e-06
1087800,0.11971830954337903,-1.1410754156719967e-11,0.0,1.0999980485915473,-2.992957736146453e-06
1087860,0.119718309542967,-1.1315355711438823e-11,0.0,1.0999980485915473,-2.99295773612108e-06
1087920,0.11971830954255826,-1.1220170731786844e-11,0.0,1.0999980485915473,-2.992957736095855e-06
1087980,0.11971830954215283,-1.1125199217764023e-11,0.0,1.099998048591547,-2.992957736070777e-06
1088040,0.11971830954175071,-1.1030441169370354e-11,0.0,1.099998048591547,-2.9929577360458473e-06
1088100,0.1197183095413519,-1.0935896586605855e-11,0.0,1.099998048591547,-2.9929577360210653e-06
1088160,0.11971830954095639,-1.0841565469470515e-11,0.0,1.099998048591547,-2.9929577359964306e-06
1088220,0.11971830954056417,-1.0747447817964326e-11,0.0,1.099998048591547,-2.9929577359719433e-06
1088280,0.11971830954017527,-1.0653543632087293e-11,0.0,1.099998048591547,-2.9929577359476038e-06
1088340,0.11971830953978968,-1.0559852911839432e-11,0.0,1.099998048591547,-2.992957735923412e-06
1088400,0.11971830953940739,-1.0466375657220728e-11,0.0,1.099998048591547,-2.992957735899368e-06
1088460,0.1197183095390284,-1.0373111868231171e-11,0.0,1.099998048591547,-2.9929577358754713e-06
1088520,0.11971830953865271,-1.028006154487078e-11,0.0,1.099998048591547,-2.992957735851722e-06
1088580,0.11971830953828033,-1.0187224687139551e-11,0.0,1.099998048591547,-2.992957735828121e-06
1088640,0.11971830953791125,-1.0094601295037483e-11,0.0,1.099998048591547,-2.992957735804667e-06
1088700,0.11971830953754549,-1.0002191368564564e-11,0.0,1.099998048591547,-2.992957735781361e-06
1088760,0.11971830953718302,-9.909994907720808e-12,0.0,1.099998048591547,-2.9929577357582026e-06
1088820,0.11971830953682386,-9.818011912506216e-12,0.0,1.099998048591547,-2.9929577357351916e-06
1088880,0.119718309536468,-9.726242382920786e-12,0.0,1.099998048591547,-2.992957735712328e-06
1088940,0.11971830953611545,-9.634686318964502e-12,0.0,1.099998048591547,-2.9929577356896124e-06
1089000,0.1197183095357662,-9.543343720637382e-12,0.0,1.099998048591547,-2.9929577356670445e-06
1089060,0.11971830953542027,-9.452214587939425e-12,0.0,1.099998048591547,-2.992957735644624e-06
1089120,0.11971830953507763,-9.36129892087062e-12,0.0,1.099998048591547,-2.992957735622351e-06
1089180,0.1197183095347383,-9.270596719430983e-12,0.0,1.099998048591547,-2.992957735600226e-06
1089240,0.11971830953440227,-9.180107983620498e-12,0.0,1.099998048591547,-2.9929577355782483e-06
1089300,0.11971830953406955,-9.089832713439179e-12,0.0,1.099998048591547,-2.992957735556418e-06
1089360,0.11971830953374013,-8.999770908887007e-12,0.0,1.099998048591547,-2.9929577355347358e-06
1089420,0.11971830953341402,-8.909922569964008e-12,0.0,1.099998048591547,-2.9929577355132012e-06
1089480,0.1197183095330912,-8.820287696670158e-12,0.0,1.099998048591547,-2.992957735491814e-06
1089540,0.11971830953277171,-8.730866289005475e-12,0.0,1.099998048591547,-2.9929577354705743e-06
1089600,0.1197183095324555,-8.641658346969942e-12,0.0,1.099998048591547,-2.9929577354494823e-06
1089660,0.11971830953214262,-8.552663870563578e-12,0.0,1.099998048591547,-2.992957735428538e-06
1089720,0.11971830953183302,-8.463882859786364e-12,0.0,1.099998048591547,-2.9929577354077414e-06
1089780,0.11971830953152673,-8.375315314638306e-12,0.0,1.099998048591547,-2.9929577353870924e-06
1089840,0.11971830953122375,-8.286961235119418e-12,0.0,1.099998048591547,-2.992957735366591e-06
1089900,0.11971830953092408,-8.19882062122969e-12,0.0,1.099998048591547,-2.992957735346237e-06
1089960,0.11971830953062772,-8.110893472969114e-12,0.0,1.099998048591547,-2.9929577353260307e-06
1090020,0.11971830953033465,-8.023179790337692e-12,0.0,1.099998048591547,-2.992957735305972e-06
1090080,0.11971830953004489,-7.93567957333544e-12,0.0,1.099998048591547,-2.9929577352860613e-06
1090140,0.11971830952975843,-7.848392821962347e-12,0.0,1.099998048591547,-2.992957735266298e-06
1090200,0.11971830952947528,-7.761319536218397e-12,0.0,1.099998048591547,-2.992957735246682e-06
1090260,0.11971830952919543,-7.67445971610362e-12,0.0,1.099998048591547,-2.9929577352272137e-06
1090320,0.11971830952891889,-7.587813361618006e-12,0.0,1.099998048591547,-2.9929577352078933e-06
1090380,0.11971830952864565,-7.501380472761549e-12,0.0,1.099998048591547,-2.9929577351887203e-06
1090440,0.11971830952837571,-7.415161049534241e-12,0.0,1.099998048591547,-2.992957735169695e-06
1090500,0.1197183095281091,-7.329155091936096e-12,0.0,1.099998048591547,-2.9929577351508173e-06
1090560,0.11971830952784576,-7.2433625999671146e-12,0.0,1.099998048591547,-2.9929577351320872e-06
1090620,0.11971830952758575,-7.157783573627296e-12,0.0,1.099998048591547,-2.9929577351135046e-06
1090680,0.11971830952732904,-7.0724180129166235e-12,0.0,1.099998048591547,-2.9929577350950698e-06
1090740,0.11971830952707563,-6.987265917835114e-12,0.0,1.099998048591547,-2.9929577350767828e-06
1090800,0.11971830952682552,-6.902327288382768e-12,0.0,1.099998048591547,-2.992957735058643e-06
1090860,0.11971830952657872,-6.817602124559575e-12,0.0,1.099998048591547,-2.992957735040651e-06
1090920,0.11971830952633523,-6.733090426365548e-12,0.0,1.099998048591547,-2.9929577350228064e-06
1090980,0.11971830952609504,-6.648792193800674e-12,0.0,1.099998048591547,-2.99295773500511e-06
1091040,0.11971830952585816,-6.564707426864966e-12,0.0,1.099998048591547,-2.9929577349875606e-06
1091100,0.11971830952562457,-6.4808361255584086e-12,0.0,1.099998048591547,-2.992957734970159e-06
1091160,0.11971830952539429,-6.397178289881017e-12,0.0,1.099998048591547,-2.992957734952905e-06
1091220,0.11971830952516732,-6.313733919832782e-12,0.0,1.099998048591547,-2.992957734935799e-06
1091280,0.11971830952494365,-6.2305030154137e-12,0.0,1.099998048591547,-2.99295773491884e-06
1091340,0.1197183095247233,-6.147485576623784e-12,0.0,1.099998048591547,-2.992957734902029e-06
1091400,0.11971830952450624,-6.064681603463031e-12,0.0,1.099998048591547,-2.992957734885365e-06
1091460,0.1197183095242925,-5.982091095931432e-12,0.0,1.099998048591547,-2.9929577348688493e-06
1091520,0.11971830952408204,-5.899714054028992e-12,0.0,1.099998048591547,-2.9929577348524812e-06
1091580,0.1197183095238749,-5.817550477755708e-12,0.0,1.099998048591547,-2.9929577348362606e-06
1091640,0.11971830952367106,-5.735600367111587e-12,0.0,1.099998048591547,-2.9929577348201877e-06
1091700,0.11971830952347053,-5.6538637220966215e-12,0.0,1.099998048591547,-2.992957734804262e-06
1091760,0.1197183095232733,-5.572340542710822e-12,0.0,1.099998048591547,-2.992957734788484e-06
1091820,0.11971830952307938,-5.491030828954172e-12,0.0,1.099998048591547,-2.9929577347728542e-06
1091880,0.11971830952288876,-5.409934580826685e-12,0.0,1.099998048591547,-2.9929577347573717e-06
1091940,0.11971830952270145,-5.32905179832836e-12,0.0,1.099998048591547,-2.9929577347420366e-06
1092000,0.11971830952251743,-5.2483824814591906e-12,0.0,1.099998048591547,-2.9929577347268493e-06
1092060,0.11971830952233672,-5.167926630219183e-12,0.0,1.099998048591547,-2.9929577347118094e-06
1092120,0.11971830952215932,-5.087684244608331e-12,0.0,1.099998048591547,-2.9929577346969173e-06
1092180,0.11971830952198523,-5.007655324626641e-12,0.0,1.099998048591547,-2.992957734682173e-06
1092240,0.11971830952181445,-4.927839870274109e-12,0.0,1.099998048591547,-2.992957734667576e-06
1092300,0.11971830952164696,-4.848237881550737e-12,0.0,1.099998048591547,-2.9929577346531265e-06
1092360,0.11971830952148277,-4.768849358456521e-12,0.0,1.099998048591547,-2.9929577346388252e-06
1092420,0.1197183095213219,-4.689674300991463e-12,0.0,1.099998048591547,-2.992957734624671e-06
1092480,0.11971830952116433,-4.610712709155571e-12,0.0,1.099998048591547,-2.9929577346106648e-06
1092540,0.11971830952101006,-4.5319645829488295e-12,0.0,1.099998048591547,-2.9929577345968056e-06
1092600,0.1197183095208591,-4.4534299223712555e-12,0.0,1.099998048591547,-2.9929577345830947e-06
1092660,0.11971830952071144,-4.375108727422833e-12,0.0,1.099998048591547,-2.992957734569531e-06
1092720,0.11971830952056708,-4.297000998103577e-12,0.0,1.099998048591547,-2.992957734556115e-06
1092780,0.11971830952042604,-4.219106734413472e-12,0.0,1.099998048591547,-2.9929577345428467e-06
1092840,0.1197183095202883,-4.1414259363525334e-12,0.0,1.099998048591547,-2.992957734529726e-06
1092900,0.11971830952015386,-4.063958603920748e-12,0.0,1.099998048591547,-2.992957734516753e-06
1092960,0.11971830952002273,-3.986704737118127e-12,0.0,1.0999980485915468,-2.992957734503927e-06
1093020,0.1197183095198949,-3.909664335944658e-12,0.0,1.0999980485915468,-2.9929577344912492e-06
1093080,0.11971830951977037,-3.8328374004003515e-12,0.0,1.0999980485915468,-2.992957734478719e-06
1093140,0.11971830951964915,-3.75622393048521e-12,0.0,1.0999980485915468,-2.9929577344663363e-06
1093200,0.11971830951953123,-3.679823926199218e-12,0.0,1.0999980485915468,-2.9929577344541013e-06
1093260,0.11971830951941663,-3.603637387542392e-12,0.0,1.0999980485915468,-2.992957734442014e-06
1093320,0.11971830951930532,-3.527664314514718e-12,0.0,1.0999980485915468,-2.992957734430074e-06
1093380,0.11971830951919732,-3.4519047071162115e-12,0.0,1.0999980485915468,-2.992957734418282e-06
1093440,0.11971830951909262,-3.376358565346855e-12,0.0,1.0999980485915468,-2.9929577344066374e-06
1093500,0.11971830951899123,-3.3010258892066664e-12,0.0,1.0999980485915468,-2.99295773439514e-06
1093560,0.11971830951889315,-3.2259066786956293e-12,0.0,1.0999980485915468,-2.992957734383791e-06
1093620,0.11971830951879836,-3.1510009338137535e-12,0.0,1.0999980485915468,-2.9929577343725892e-06
1093680,0.11971830951870689,-3.076308654561039e-12,0.0,1.0999980485915468,-2.992957734361535e-06
1093740,0.11971830951861871,-3.001829840937481e-12,0.0,1.0999980485915468,-2.9929577343506286e-06
1093800,0.11971830951853385,-2.927564492943084e-12,0.0,1.0999980485915468,-2.9929577343398696e-06
1093860,0.11971830951845229,-2.853512610577844e-12,0.0,1.0999980485915468,-2.9929577343292584e-06
1093920,0.11971830951837402,-2.7796741938417647e-12,0.0,1.0999980485915468,-2.9929577343187946e-06
1093980,0.11971830951829907,-2.7060492427348437e-12,0.0,1.0999980485915468,-2.9929577343084786e-06
1094040,0.11971830951822743,-2.6326377572570824e-12,0.0,1.0999980485915468,-2.9929577342983104e-06
1094100,0.11971830951815908,-2.559439737408479e-12,0.0,1.0999980485915468,-2.9929577342882895e-06
1094160,0.11971830951809403,-2.4864551831890323e-12,0.0,1.0999980485915468,-2.992957734278416e-06
1094220,0.1197183095180323,-2.41368409459875e-12,0.0,1.0999980485915468,-2.9929577342686905e-06
1094280,0.11971830951797388,-2.3411264716376208e-12,0.0,1.0999980485915468,-2.9929577342591126e-06
1094340,0.11971830951791874,-2.268782314305658e-12,0.0,1.0999980485915468,-2.992957734249682e-06
1094400,0.11971830951786692,-2.1966516226028464e-12,0.0,1.0999980485915468,-2.9929577342403996e-06
1094460,0.11971830951781841,-2.124734396529201e-12,0.0,1.0999980485915468,-2.9929577342312643e-06
1094520,0.11971830951777321,-2.0530306360847075e-12,0.0,1.0999980485915468,-2.992957734222277e-06
1094580,0.1197183095177313,-1.9815403412693815e-12,0.0,1.0999980485915468,-2.992957734213437e-06
1094640,0.1197183095176927,-1.9102635120832056e-12,0.0,1.0999980485915468,-2.9929577342047446e-06
1094700,0.1197183095176574,-1.8392001485261925e-12,0.0,1.0999980485915468,-2.9929577341961997e-06
1094760,0.11971830951762541,-1.7683502505983391e-12,0.0,1.0999980485915468,-2.9929577341878026e-06
1094820,0.11971830951759672,-1.6977138182996438e-12,0.0,1.0999980485915468,-2.9929577341795534e-06
1094880,0.11971830951757134,-1.6272908516301081e-12,0.0,1.0999980485915468,-2.9929577341714515e-06
1094940,0.11971830951754926,-1.5570813505897305e-12,0.0,1.0999980485915468,-2.992957734163497e-06
1095000,0.11971830951753049,-1.4870853151785142e-12,0.0,1.0999980485915468,-2.9929577341556908e-06
1095060,0.11971830951751503,-1.4173027453964543e-12,0.0,1.0999980485915468,-2.9929577341480315e-06
1095120,0.11971830951750285,-1.3477336412435557e-12,0.0,1.0999980485915468,-2.9929577341405204e-06
1095180,0.119718309517494,-1.2783780027198136e-12,0.0,1.0999980485915468,-2.9929577341331563e-06
1095240,0.11971830951748845,-1.2092358298252327e-12,0.0,1.0999980485915468,-2.9929577341259404e-06
1095300,0.1197183095174862,-1.1403071225598099e-12,0.0,1.0999980485915468,-2.992957734118872e-06
1095360,0.11971830951748726,-1.0715918809235451e-12,0.0,1.0999980485915468,-2.992957734111951e-06
1095420,0.11971830951749161,-1.0030901049164417e-12,0.0,1.0999980485915468,-2.9929577341051775e-06
1095480,0.11971830951749927,-9.348017945384946e-13,0.0,1.0999980485915468,-2.992957734098552e-06
1095540,0.11971830951751025,-8.667269497897089e-13,0.0,1.0999980485915468,-2.992957734092074e-06
1095600,0.11971830951752452,-7.988655706700812e-13,0.0,1.0999980485915468,-2.992957734085743e-06
1095660,0.1197183095175421,-7.312176571796131e-13,0.0,1.0999980485915468,-2.9929577340795603e-06
1095720,0.11971830951756299,-6.637832093183032e-13,0.0,1.0999980485915468,-2.992957734073525e-06
1095780,0.11971830951758718,-5.965622270861528e-13,0.0,1.0999980485915468,-2.9929577340676375e-06
1095840,0.11971830951761467,-5.295547104831606e-13,0.0,1.0999980485915468,-2.9929577340618975e-06
1095900,0.11971830951764546,-4.627606595093248e-13,0.0,1.0999980485915468,-2.992957734056305e-06
1095960,0.11971830951767956,-3.961800741646535e-13,0.0,1.0999980485915468,-2.9929577340508603e-06
1096020,0.11971830951771698,-3.298129544491354e-13,0.0,1.0999980485915468,-2.9929577340455634e-06
1096080,0.11971830951775768,-2.6365930036278343e-13,0.0,1.0999980485915468,-2.992957734040414e-06
1096140,0.1197183095178017,-1.9771911190558307e-13,0.0,1.0999980485915468,-2.9929577340354117e-06
1096200,0.11971830951784902,-1.3199238907754883e-13,0.0,1.0999980485915468,-2.9929577340305573e-06
1096260,0.11971830951789965,-6.64791318786678e-14,0.0,1.0999980485915468,-2.9929577340258508e-06
1096320,0.11971830951795358,-1.179340308951296e-15,0.0,1.0999980485915468,-2.9929577340212916e-06
1096380,0.11971830951801082,6.390698563161201e-14,0.0,1.0999980485915468,-2.9929577340168803e-06
1096440,0.11971830951807136,1.2877984594301564e-13,0.0,1.099998048591547,-2.9929577340126163e-06
1096500,0.11971830951813521,1.9343924062525637e-13,0.0,1.099998048591547,-2.9929577340085e-06
1096560,0.11971830951820235,2.5788516967834066e-13,0.0,1.099998048591547,-2.9929577340045314e-06
1096620,0.11971830951827281,3.221176331022653e-13,0.0,1.099998048591547,-2.9929577340007104e-06
1096680,0.11971830951834657,3.8613663089703186e-13,0.0,1.099998048591547,-2.992957733997037e-06
1096740,0.11971830951842363,4.4994216306263714e-13,0.0,1.099998048591547,-2.992957733993511e-06
1096800,0.119718309518504,5.13534229599086e-13,0.0,1.099998048591547,-2.992957733990133e-06
1096860,0.11971830951858768,5.769128305063735e-13,0.0,1.099998048591547,-2.9929577339869025e-06
1096920,0.11971830951867465,6.400779657845031e-13,0.0,1.099998048591547,-2.9929577339838193e-06
1096980,0.11971830951876494,7.030296354334777e-13,0.0,1.099998048591547,-2.9929577339808843e-06
1097040,0.11971830951885852,7.657678394532863e-13,0.0,1.099998048591547,-2.9929577339780963e-06
1097100,0.11971830951895542,8.282925778439416e-13,0.0,1.099998048591547,-2.9929577339754566e-06
1097160,0.11971830951905561,8.906038506054308e-13,0.0,1.099998048591547,-2.9929577339729637e-06
1097220,0.11971830951915911,9.5270165773777e-13,0.0,1.099998048591547,-2.992957733970619e-06
1097280,0.11971830951926593,1.0145859992409416e-12,0.0,1.099998048591547,-2.992957733968422e-06
1097340,0.11971830951937604,1.0762568751149615e-12,0.0,1.099998048591547,-2.992957733966372e-06
1097400,0.11971830951948945,1.1377142853598152e-12,0.0,1.099998048591547,-2.99295773396447e-06
1097460,0.11971830951960617,1.1989582299755174e-12,0.0,1.099998048591547,-2.9929577339627155e-06
1097520,0.1197183095197262,1.2599887089620534e-12,0.0,1.099998048591547,-2.9929577339611087e-06
1097580,0.11971830951984953,1.3208057223194379e-12,0.0,1.099998048591547,-2.9929577339596496e-06
1097640,0.11971830951997617,1.3814092700476594e-12,0.0,1.099998048591547,-2.992957733958338e-06
1097700,0.1197183095201061,1.4417993521467213e-12,0.0,1.099998048591547,-2.992957733957174e-06
1097760,0.11971830952023935,1.5019759686166251e-12,0.0,1.099998048591547,-2.9929577339561578e-06
1097820,0.1197183095203759,1.5619391194573669e-12,0.0,1.099998048591547,-2.992957733955289e-06
1097880,0.11971830952051575,1.6216888046689554e-12,0.0,1.099998048591547,-2.992957733954568e-06
1097940,0.11971830952065891,1.6812250242513786e-12,0.0,1.099998048591547,-2.9929577339539944e-06
1098000,0.11971830952080538,1.7405477782046494e-12,0.0,1.099998048591547,-2.992957733953569e-06
1098060,0.11971830952095515,1.7996570665287548e-12,0.0,1.099998048591547,-2.99295773395329e-06
1098120,0.11971830952110822,1.858552889223707e-12,0.0,1.099998048591547,-2.9929577339531597e-06
1098180,0.1197183095212646,1.917235246289498e-12,0.0,1.099998048591547,-2.9929577339531766e-06
1098240,0.11971830952142427,1.9757041377261294e-12,0.0,1.099998048591547,-2.9929577339533414e-06
1098300,0.11971830952158727,2.033959563533602e-12,0.0,1.099998048591547,-2.9929577339536535e-06
1098360,0.11971830952175357,2.0920015237119146e-12,0.0,1.099998048591547,-2.992957733954113e-06
1098420,0.11971830952192315,2.14983001826107e-12,0.0,1.099998048591547,-2.9929577339547208e-06
1098480,0.11971830952209606,2.2074450471810644e-12,0.0,1.099998048591547,-2.9929577339554755e-06
1098540,0.11971830952227226,2.2648466104719014e-12,0.0,1.099998048591547,-2.9929577339563784e-06
1098600,0.11971830952245177,2.3220347081335788e-12,0.0,1.099998048591547,-2.9929577339574287e-06
1098660,0.1197183095226346,2.3790093401660972e-12,0.0,1.099998048591547,-2.9929577339586264e-06
1098720,0.11971830952282071,2.43577050656946e-12,0.0,1.099998048591547,-2.992957733959972e-06
1098780,0.11971830952301014,2.4923182073436576e-12,0.0,1.099998048591547,-2.9929577339614653e-06
1098840,0.11971830952320286,2.548652442488702e-12,0.0,1.099998048591547,-2.992957733963106e-06
1098900,0.1197183095233989,2.604773212004581e-12,0.0,1.099998048591547,-2.992957733964894e-06
1098960,0.11971830952359824,2.6606805158913074e-12,0.0,1.099998048591547,-2.99295773396683e-06
1099020,0.11971830952380089,2.7163743541488687e-12,0.0,1.099998048591547,-2.9929577339689136e-06
1099080,0.11971830952400683,2.7718547267772768e-12,0.0,1.099998048591547,-2.9929577339711447e-06
1099140,0.11971830952421608,2.8271216337765203e-12,0.0,1.099998048591547,-2.9929577339735236e-06
1099200,0.11971830952442865,2.8821750751466106e-12,0.0,1.099998048591547,-2.99295773397605e-06
1099260,0.1197183095246445,2.9370150508875397e-12,0.0,1.099998048591547,-2.992957733978724e-06
1099320,0.11971830952486368,2.9916415609993082e-12,0.0,1.099998048591547,-2.992957733981546e-06
1099380,0.11971830952508615,3.0460546054819195e-12,0.0,1.099998048591547,-2.992957733984515e-06
1099440,0.11971830952531193,3.1002541843353704e-12,0.0,1.099998048591547,-2.992957733987632e-06
1099500,0.11971830952554101,3.154240297559663e-12,0.0,1.099998048591547,-2.9929577339908963e-06
1099560,0.11971830952577339,3.2080129451547955e-12,0.0,1.099998048591547,-2.9929577339943085e-06
1099620,0.11971830952600909,3.2615721271207705e-12,0.0,1.099998048591547,-2.992957733997868e-06
1099680,0.11971830952624808,3.314917843457585e-12,0.0,1.099998048591547,-2.9929577340015752e-06
1099740,0.11971830952649039,3.3680500941652425e-12,0.0,1.099998048591547,-2.9929577340054305e-06
1099800,0.119718309526736,3.4209688792437393e-12,0.0,1.099998048591547,-2.9929577340094327e-06
1099860,0.1197183095269849,3.473674198693078e-12,0.0,1.099998048591547,-2.992957734013583e-06
1099920,0.11971830952723711,3.5261660525132573e-12,0.0,1.099998048591547,-2.992957734017881e-06
1099980,0.11971830952749264,3.5784444407042776e-12,0.0,1.099998048591547,-2.9929577340223263e-06
1100040,0.11971830952775146,3.630509363266139e-12,0.0,1.099998048591547,-2.9929577340269193e-06
1100100,0.11971830952801359,3.682360820198841e-12,0.0,1.099998048591547,-2.99295773403166e-06
1100160,0.11971830952827903,3.733998811502384e-12,0.0,1.099998048591547,-2.9929577340365484e-06
1100220,0.11971830952854777,3.7854233371767684e-12,0.0,1.099998048591547,-2.992957734041584e-06
1100280,0.1197183095288198,3.836634397221994e-12,0.0,1.099998048591547,-2.9929577340467674e-06
1100340,0.11971830952909515,3.88763199163806e-12,0.0,1.099998048591547,-2.9929577340520986e-06
1100400,0.1197183095293738,3.938416120424968e-12,0.0,1.099998048591547,-2.9929577340575772e-06
1100460,0.11971830952965577,3.988986783582718e-12,0.0,1.099998048591547,-2.9929577340632037e-06
1100520,0.11971830952994103,4.0393439811113056e-12,0.0,1.099998048591547,-2.9929577340689775e-06
1100580,0.11971830953022959,4.089487713010738e-12,0.0,1.099998048591547,-2.992957734074899e-06
1100640,0.11971830953052147,4.139417979281007e-12,0.0,1.099998048591547,-2.9929577340809685e-06
1100700,0.11971830953081665,4.1891347799221215e-12,0.0,1.099998048591547,-2.992957734087185e-06
1100760,0.11971830953111513,4.2386381149340726e-12,0.0,1.099998048591547,-2.9929577340935495e-06
1100820,0.11971830953141692,4.287927984316869e-12,0.0,1.099998048591547,-2.9929577341000615e-06
1100880,0.11971830953172201,4.337004388070502e-12,0.0,1.099998048591547,-2.9929577341067212e-06
1100940,0.1197183095320304,4.3858673261949806e-12,0.0,1.099998048591547,-2.9929577341135284e-06
1101000,0.1197183095323421,4.434516798690298e-12,0.0,1.099998048591547,-2.992957734120483e-06
1101060,0.11971830953265711,4.482952805556456e-12,0.0,1.099998048591547,-2.9929577341275858e-06
1101120,0.11971830953297541,4.5311753467934556e-12,0.0,1.099998048591547,-2.9929577341348355e-06
1101180,0.11971830953329703,4.579184422401295e-12,0.0,1.099998048591547,-2.9929577341422335e-06
1101240,0.11971830953362195,4.626980032379977e-12,0.0,1.099998048591547,-2.992957734149779e-06
1101300,0.11971830953395017,4.6745621767294984e-12,0.0,1.099998048591547,-2.9929577341574717e-06
1101360,0.1197183095342817,4.7219308554498624e-12,0.0,1.099998048591547,-2.992957734165312e-06
1101420,0.11971830953461654,4.769086068541066e-12,0.0,1.0999980485915473,-2.9929577341733e-06
1101480,0.11971830953495467,4.8160278160031115e-12,0.0,1.0999980485915473,-2.992957734181436e-06
1101540,0.11971830953529612,4.8627560978360005e-12,0.0,1.0999980485915473,-2.9929577341897195e-06
1101600,0.11971830953564086,4.909270914039725e-12,0.0,1.0999980485915473,-2.9929577341981504e-06
1101660,0.11971830953598891,4.955572264614296e-12,0.0,1.0999980485915473,-2.992957734206729e-06
1101720,0.11971830953634027,5.0016601495597024e-12,0.0,1.0999980485915473,-2.9929577342154553e-06
1101780,0.11971830953669493,5.0475345688759544e-12,0.0,1.0999980485915473,-2.9929577342243292e-06
1101840,0.1197183095370529,5.0931955225630435e-12,0.0,1.0999980485915473,-2.9929577342333506e-06
1101900,0.11971830953741418,5.138643010620978e-12,0.0,1.0999980485915473,-2.9929577342425197e-06
1101960,0.11971830953777875,5.183877033049748e-12,0.0,1.0999980485915473,-2.992957734251836e-06
1102020,0.11971830953814663,5.228897589849366e-12,0.0,1.0999980485915473,-2.9929577342613005e-06
1102080,0.11971830953851782,5.2737046810198185e-12,0.0,1.0999980485915473,-2.9929577342709127e-06
1102140,0.1197183095388923,5.3182983065611165e-12,0.0,1.0999980485915473,-2.992957734280672e-06
1102200,0.1197183095392701,5.362678466473253e-12,0.0,1.0999980485915473,-2.992957734290579e-06
1102260,0.11971830953965121,5.406845160756232e-12,0.0,1.0999980485915473,-2.992957734300634e-06
1102320,0.11971830954003561,5.450798389410051e-12,0.0,1.0999980485915473,-2.9929577343108363e-06
1102380,0.11971830954042331,5.494538152434709e-12,0.0,1.0999980485915473,-2.992957734321186e-06
1102440,0.11971830954081433,5.538064449830212e-12,0.0,1.0999980485915473,-2.992957734331684e-06
1102500,0.11971830954120864,5.5813772815965516e-12,0.0,1.0999980485915473,-2.992957734342329e-06
1102560,0.11971830954160627,5.6244766477337375e-12,0.0,1.0999980485915473,-2.992957734353122e-06
1102620,0.1197183095420072,5.667362548241759e-12,0.0,1.0999980485915473,-2.9929577343640626e-06
1102680,0.11971830954241143,5.7100349831206264e-12,0.0,1.0999980485915473,-2.9929577343751506e-06
1102740,0.11971830954281897,5.752493952370333e-12,0.0,1.0999980485915473,-2.992957734386386e-06
1102800,0.11971830954322982,5.794739455990879e-12,0.0,1.0999980485915473,-2.9929577343977694e-06
1102860,0.11971830954364396,5.8367714939822675e-12,0.0,1.0999980485915473,-2.9929577344093005e-06
1102920,0.11971830954406142,5.878590066344496e-12,0.0,1.0999980485915473,-2.992957734420979e-06
1102980,0.11971830954448216,5.920195173077567e-12,0.0,1.0999980485915473,-2.9929577344328052e-06
1103040,0.11971830954490623,5.961586814181478e-12,0.0,1.0999980485915473,-2.992957734444779e-06
1103100,0.11971830954533359,6.0027649896562294e-12,0.0,1.0999980485915473,-2.9929577344569003e-06
1103160,0.11971830954576426,6.043729699501823e-12,0.0,1.0999980485915473,-2.992957734469169e-06
1103220,0.11971830954619825,6.084480943718257e-12,0.0,1.0999980485915473,-2.992957734481586e-06
1103280,0.11971830954663552,6.1250187223055344e-12,0.0,1.0999980485915473,-2.99295773449415e-06
1103340,0.1197183095470761,6.165343035263648e-12,0.0,1.0999980485915473,-2.9929577345068617e-06
1103400,0.11971830954752,6.2054538825926074e-12,0.0,1.0999980485915473,-2.992957734519721e-06
1103460,0.1197183095479672,6.245351264292403e-12,0.0,1.0999980485915473,-2.9929577345327284e-06
1103520,0.1197183095484177,6.285035180363044e-12,0.0,1.0999980485915473,-2.992957734545883e-06
1103580,0.1197183095488715,6.324505630804522e-12,0.0,1.0999980485915473,-2.992957734559185e-06
1103640,0.1197183095493286,6.3637626156168455e-12,0.0,1.0999980485915473,-2.992957734572635e-06
1103700,0.11971830954978901,6.402806134800005e-12,0.0,1.0999980485915473,-2.9929577345862325e-06
1103760,0.11971830955025274,6.44163618835401e-12,0.0,1.0999980485915473,-2.9929577345999778e-06
1103820,0.11971830955071976,6.480252776278855e-12,0.0,1.0999980485915473,-2.9929577346138704e-06
1103880,0.11971830955119009,6.518655898574539e-12,0.0,1.0999980485915473,-2.9929577346279108e-06
1103940,0.11971830955166372,6.556845555241066e-12,0.0,1.0999980485915473,-2.9929577346420986e-06
1104000,0.11971830955214065,6.594821746278432e-12,0.0,1.0999980485915473,-2.992957734656434e-06
1104060,0.1197183095526209,6.63258447168664e-12,0.0,1.0999980485915475,-2.9929577346709176e-06
1104120,0.11971830955310445,6.670133731465689e-12,0.0,1.0999980485915475,-2.9929577346855484e-06
1104180,0.11971830955359129,6.707469525615579e-12,0.0,1.0999980485915475,-2.9929577347003266e-06
1104240,0.11971830955408146,6.74459185413631e-12,0.0,1.0999980485915475,-2.9929577347152526e-06
1104300,0.11971830955457491,6.781500717027881e-12,0.0,1.0999980485915475,-2.9929577347303264e-06
1104360,0.11971830955507168,6.818196114290294e-12,0.0,1.0999980485915475,-2.9929577347455476e-06
1104420,0.11971830955557175,6.854678045923549e-12,0.0,1.0999980485915475,-2.9929577347609166e-06
1104480,0.11971830955607513,6.890946511927644e-12,0.0,1.0999980485915475,-2.992957734776433e-06
1104540,0.1197183095565818,6.92700151230258e-12,0.0,1.0999980485915475,-2.992957734792097e-06
1104600,0.11971830955709178,6.962843047048357e-12,0.0,1.0999980485915475,-2.992957734807909e-06
1104660,0.11971830955760507,6.998471116164975e-12,0.0,1.0999980485915475,-2.9929577348238685e-06
1104720,0.11971830955812167,7.0338857196524344e-12,0.0,1.0999980485915475,-2.9929577348399752e-06
1104780,0.11971830955864157,7.069086857510733e-12,0.0,1.0999980485915475,-2.9929577348562298e-06
1104840,0.11971830955916477,7.104074529739875e-12,0.0,1.0999980485915475,-2.992957734872632e-06
1104900,0.11971830955969127,7.1388487363398555e-12,0.0,1.0999980485915475,-2.992957734889182e-06
1104960,0.11971830956022109,7.17340947731068e-12,0.0,1.0999980485915475,-2.992957734905879e-06
1105020,0.1197183095607542,7.207756752652344e-12,0.0,1.0999980485915475,-2.9929577349227244e-06
1105080,0.11971830956129063,7.241890562364848e-12,0.0,1.0999980485915475,-2.9929577349397167e-06
1105140,0.11971830956183035,7.275810906448195e-12,0.0,1.0999980485915475,-2.9929577349568573e-06
1105200,0.11971830956237339,7.309517784902382e-12,0.0,1.0999980485915475,-2.9929577349741452e-06
1105260,0.11971830956291972,7.34301119772741e-12,0.0,1.0999980485915475,-2.9929577349915806e-06
1105320,0.11971830956346936,7.376291144923278e-12,0.0,1.0999980485915475,-2.9929577350091637e-06
1105380,0.11971830956402231,7.409357626489988e-12,0.0,1.0999980485915475,-2.9929577350268942e-06
1105440,0.11971830956457856,7.442210642427538e-12,0.0,1.0999980485915475,-2.9929577350447725e-06
1105500,0.11971830956513811,7.474850192735932e-12,0.0,1.0999980485915475,-2.9929577350627987e-06
1105560,0.11971830956570098,7.507276277415164e-12,0.0,1.0999980485915475,-2.992957735080972e-06
1105620,0.11971830956626714,7.539488896465239e-12,0.0,1.0999980485915475,-2.9929577350992935e-06
1105680,0.11971830956683661,7.571488049886153e-12,0.0,1.0999980485915475,-2.9929577351177622e-06
1105740,0.11971830956740939,7.603273737677908e-12,0.0,1.0999980485915475,-2.9929577351363787e-06
1105800,0.11971830956798547,7.634845959840505e-12,0.0,1.0999980485915475,-2.9929577351551426e-06
1105860,0.11971830956856486,7.666204716373943e-12,0.0,1.0999980485915475,-2.9929577351740543e-06
1105920,0.11971830956914754,7.697350007278222e-12,0.0,1.0999980485915475,-2.9929577351931134e-06
1105980,0.11971830956973353,7.728281832553341e-12,0.0,1.0999980485915475,-2.9929577352123203e-06
1106040,0.11971830957032283,7.759000192199303e-12,0.0,1.0999980485915475,-2.992957735231675e-06
1106100,0.11971830957091543,7.789505086216106e-12,0.0,1.0999980485915477,-2.992957735251177e-06
1106160,0.11971830957151133,7.819796514603747e-12,0.0,1.0999980485915477,-2.9929577352708266e-06
1106220,0.11971830957211055,7.849874477362232e-12,0.0,1.0999980485915477,-2.992957735290624e-06
1106280,0.11971830957271307,7.879738974491555e-12,0.0,1.0999980485915477,-2.992957735310569e-06
1106340,0.11971830957331889,7.909390005991722e-12,0.0,1.0999980485915477,-2.9929577353306614e-06
1106400,0.11971830957392801,7.93882757186273e-12,0.0,1.0999980485915477,-2.9929577353509017e-06
1106460,0.11971830957454045,7.968051672104577e-12,0.0,1.0999980485915477,-2.9929577353712893e-06
1106520,0.11971830957515618,7.997062306717266e-12,0.0,1.0999980485915477,-2.992957735391825e-06
1106580,0.11971830957577523,8.025859475700795e-12,0.0,1.0999980485915477,-2.9929577354125077e-06
1106640,0.11971830957639756,8.054443179055166e-12,0.0,1.0999980485915477,-2.9929577354333383e-06
1106700,0.11971830957702322,8.082813416780378e-12,0.0,1.0999980485915477,-2.9929577354543168e-06
1106760,0.11971830957765217,8.11097018887643e-12,0.0,1.0999980485915477,-2.9929577354754426e-06
1106820,0.11971830957828443,8.138913495343324e-12,0.0,1.0999980485915477,-2.992957735496716e-06
1106880,0.11971830957892,8.16664333618106e-12,0.0,1.0999980485915477,-2.992957735518137e-06
1106940,0.11971830957955887,8.194159711389636e-12,0.0,1.0999980485915477,-2.9929577355397058e-06
1107000,0.11971830958020103,8.221462620969052e-12,0.0,1.0999980485915477,-2.992957735561422e-06
1107060,0.11971830958084652,8.24855206491931e-12,0.0,1.0999980485915477,-2.992957735583286e-06
1107120,0.1197183095814953,8.275428043240408e-12,0.0,1.0999980485915477,-2.9929577356052974e-06
1107180,0.1197183095821474,8.302090555932348e-12,0.0,1.0999980485915477,-2.9929577356274567e-06
1107240,0.11971830958280279,8.32853960299513e-12,0.0,1.0999980485915477,-2.9929577356497633e-06
1107300,0.11971830958346148,8.35477518442875e-12,0.0,1.0999980485915477,-2.9929577356722177e-06
1107360,0.11971830958412348,8.380797300233212e-12,0.0,1.0999980485915477,-2.99295773569482e-06
1107420,0.1197183095847888,8.406605950408518e-12,0.0,1.0999980485915477,-2.9929577357175695e-06
1107480,0.1197183095854574,8.432201134954662e-12,0.0,1.0999980485915477,-2.9929577357404665e-06
1107540,0.11971830958612932,8.457582853871648e-12,0.0,1.0999980485915477,-2.9929577357635118e-06
1107600,0.11971830958680454,8.482751107159475e-12,0.0,1.0999980485915477,-2.992957735786704e-06
1107660,0.11971830958748307,8.507705894818142e-12,0.0,1.0999980485915477,-2.992957735810044e-06
1107720,0.1197183095881649,8.53244721684765e-12,0.0,1.0999980485915477,-2.9929577358335317e-06
1107780,0.11971830958885003,8.556975073248001e-12,0.0,1.0999980485915477,-2.992957735857167e-06
1107840,0.11971830958953847,8.581289464019192e-12,0.0,1.099998048591548,-2.99295773588095e-06
1107900,0.11971830959023022,8.605390389161223e-12,0.0,1.099998048591548,-2.9929577359048807e-06
1107960,0.11971830959092526,8.629277848674096e-12,0.0,1.099998048591548,-2.992957735928959e-06
1108020,0.11971830959162362,8.65295184255781e-12,0.0,1.099998048591548,-2.9929577359531845e-06
1108080,0.11971830959232528,8.676412370812363e-12,0.0,1.099998048591548,-2.992957735977558e-06
1108140,0.11971830959303024,8.699659433437759e-12,0.0,1.099998048591548,-2.992957736002079e-06
1108200,0.11971830959373851,8.722693030433996e-12,0.0,1.099998048591548,-2.9929577360267476e-06
1108260,0.11971830959445008,8.745513161801073e-12,0.0,1.099998048591548,-2.9929577360515635e-06
1108320,0.11971830959516495,8.768119827538992e-12,0.0,1.099998048591548,-2.9929577360765273e-06
1108380,0.11971830959588314,8.790513027647751e-12,0.0,1.099998048591548,-2.992957736101639e-06
1108440,0.11971830959660464,8.812692762127352e-12,0.0,1.099998048591548,-2.9929577361268982e-06
1108500,0.11971830959732942,8.834659030977794e-12,0.0,1.099998048591548,-2.9929577361523045e-06
1108560,0.11971830959805752,8.856411834199077e-12,0.0,1.099998048591548,-2.992957736177859e-06
1108620,0.11971830959878892,8.8779511717912e-12,0.0,1.099998048591548,-2.992957736203561e-06
1108680,0.11971830959952362,8.899277043754165e-12,0.0,1.099998048591548,-2.9929577362294104e-06
1108740,0.11971830960026164,8.92038945008797e-12,0.0,1.099998048591548,-2.9929577362554075e-06
1108800,0.11971830960100295,8.941288390792616e-12,0.0,1.099998048591548,-2.9929577362815525e-06
1108860,0.11971830960174758,8.961973865868104e-12,0.0,1.099998048591548,-2.9929577363078448e-06
1108920,0.11971830960249549,8.982445875314434e-12,0.0,1.099998048591548,-2.9929577363342845e-06
1108980,0.11971830960324673,9.002704419131602e-12,0.0,1.099998048591548,-2.9929577363608724e-06
1109040,0.11971830960400126,9.022749497319614e-12,0.0,1.099998048591548,-2.9929577363876073e-06
1109100,0.1197183096047591,9.042581109878465e-12,0.0,1.099998048591548,-2.9929577364144905e-06
1109160,0.11971830960552024,9.062199256808157e-12,0.0,1.099998048591548,-2.9929577364415206e-06
1109220,0.1197183096062847,9.081603938108692e-12,0.0,1.099998048591548,-2.992957736468699e-06
1109280,0.11971830960705244,9.100795153780067e-12,0.0,1.099998048591548,-2.9929577364960246e-06
1109340,0.11971830960782351,9.119772903822282e-12,0.0,1.0999980485915481,-2.9929577365234977e-06
1109400,0.11971830960859788,9.138537188235337e-12,0.0,1.0999980485915481,-2.9929577365511186e-06
1109460,0.11971830960937553,9.157088007019235e-12,0.0,1.0999980485915481,-2.9929577365788873e-06
1109520,0.1197183096101565,9.175425360173974e-12,0.0,1.0999980485915481,-2.9929577366068034e-06
1109580,0.11971830961094079,9.193549247699554e-12,0.0,1.0999980485915481,-2.992957736634867e-06
1109640,0.11971830961172837,9.211459669595974e-12,0.0,1.0999980485915481,-2.9929577366630785e-06
1109700,0.11971830961251925,9.229156625863234e-12,0.0,1.0999980485915481,-2.992957736691437e-06
1109760,0.11971830961331345,9.246640116501338e-12,0.0,1.0999980485915481,-2.992957736719944e-06
1109820,0.11971830961411094,9.263910141510281e-12,0.0,1.0999980485915481,-2.992957736748598e-06
1109880,0.11971830961491174,9.280966700890066e-12,0.0,1.0999980485915481,-2.9929577367774e-06
1109940,0.11971830961571585,9.297809794640692e-12,0.0,1.0999980485915481,-2.9929577368063495e-06
1110000,0.11971830961652326,9.314439422762157e-12,0.0,1.0999980485915481,-2.9929577368354464e-06
1110060,0.11971830961733397,9.330855585254465e-12,0.0,1.0999980485915481,-2.992957736864691e-06
1110120,0.119718309618148,9.347058282117614e-12,0.0,1.0999980485915481,-2.9929577368940835e-06
1110180,0.11971830961896532,9.363047513351603e-12,0.0,1.0999980485915481,-2.9929577369236233e-06
1110240,0.11971830961978595,9.378823278956433e-12,0.0,1.0999980485915481,-2.9929577369533106e-06
1110300,0.11971830962060988,9.394385578932105e-12,0.0,1.0999980485915481,-2.992957736983146e-06
1110360,0.11971830962143712,9.409734413278617e-12,0.0,1.0999980485915481,-2.9929577370131285e-06
1110420,0.11971830962226766,9.424869781995971e-12,0.0,1.0999980485915481,-2.992957737043259e-06
1110480,0.11971830962310151,9.439791685084166e-12,0.0,1.0999980485915481,-2.9929577370735367e-06
1110540,0.11971830962393867,9.4545001225432e-12,0.0,1.0999980485915481,-2.9929577371039626e-06
1110600,0.11971830962477913,9.468995094373077e-12,0.0,1.0999980485915481,-2.992957737134536e-06
1110660,0.11971830962562288,9.483276600573794e-12,0.0,1.0999980485915481,-2.9929577371652564e-06
1110720,0.11971830962646995,9.497344641145353e-12,0.0,1.0999980485915484,-2.992957737196125e-06
1110780,0.11971830962732033,9.511199216087752e-12,0.0,1.0999980485915484,-2.992957737227141e-06
1110840,0.11971830962817401,9.524840325400992e-12,0.0,1.0999980485915484,-2.9929577372583047e-06
1110900,0.11971830962903099,9.538267969085073e-12,0.0,1.0999980485915484,-2.9929577372896157e-06
1110960,0.11971830962989127,9.551482147139997e-12,0.0,1.0999980485915484,-2.992957737321075e-06
1111020,0.11971830963075486,9.56448285956576e-12,0.0,1.0999980485915484,-2.992957737352681e-06
1111080,0.11971830963162175,9.577270106362365e-12,0.0,1.0999980485915484,-2.9929577373844355e-06
1111140,0.11971830963249196,9.58984388752981e-12,0.0,1.0999980485915484,-2.992957737416337e-06
1111200,0.11971830963336547,9.602204203068096e-12,0.0,1.0999980485915484,-2.9929577374483865e-06
1111260,0.11971830963424226,9.614351052977222e-12,0.0,1.0999980485915484,-2.9929577374805835e-06
1111320,0.11971830963512238,9.626284437257191e-12,0.0,1.0999980485915484,-2.992957737512928e-06
1111380,0.1197183096360058,9.638004355908e-12,0.0,1.0999980485915484,-2.99295773754542e-06
1111440,0.11971830963689253,9.649510808929651e-12,0.0,1.0999980485915484,-2.99295773757806e-06
1111500,0.11971830963778256,9.660803796322143e-12,0.0,1.0999980485915484,-2.9929577376108474e-06
1111560,0.11971830963867588,9.671883318085476e-12,0.0,1.0999980485915484,-2.992957737643782e-06
1111620,0.11971830963957253,9.68274937421965e-12,0.0,1.0999980485915484,-2.992957737676865e-06
1111680,0.11971830964047248,9.693401964724663e-12,0.0,1.0999980485915484,-2.992957737710095e-06
1111740,0.11971830964137573,9.703841089600518e-12,0.0,1.0999980485915484,-2.9929577377434733e-06
1111800,0.11971830964228228,9.714066748847214e-12,0.0,1.0999980485915484,-2.9929577377769984e-06
1111860,0.11971830964319213,9.724078942464752e-12,0.0,1.0999980485915484,-2.992957737810672e-06
1111920,0.11971830964410529,9.73387767045313e-12,0.0,1.0999980485915484,-2.9929577378444926e-06
1111980,0.11971830964502175,9.743462932812349e-12,0.0,1.0999980485915486,-2.9929577378784607e-06
1112040,0.11971830964594153,9.75283472954241e-12,0.0,1.0999980485915486,-2.9929577379125767e-06
1112100,0.1197183096468646,9.761993060643311e-12,0.0,1.0999980485915486,-2.9929577379468404e-06
1112160,0.11971830964779098,9.770937926115054e-12,0.0,1.0999980485915486,-2.9929577379812515e-06
1112220,0.11971830964872067,9.779669325957636e-12,0.0,1.0999980485915486,-2.99295773801581e-06
1112280,0.11971830964965366,9.788187260171061e-12,0.0,1.0999980485915486,-2.992957738050517e-06
1112340,0.11971830965058995,9.796491728755327e-12,0.0,1.0999980485915486,-2.9929577380853705e-06
1112400,0.11971830965152956,9.804582731710433e-12,0.0,1.0999980485915486,-2.9929577381203725e-06
1112460,0.11971830965247246,9.812460269036379e-12,0.0,1.0999980485915486,-2.9929577381555214e-06
1112520,0.11971830965341868,9.820124340733167e-12,0.0,1.0999980485915486,-2.9929577381908185e-06
1112580,0.11971830965436818,9.827574946800797e-12,0.0,1.0999980485915486,-2.992957738226263e-06
1112640,0.119718309655321,9.834812087239266e-12,0.0,1.0999980485915486,-2.992957738261855e-06
1112700,0.11971830965627712,9.841835762048579e-12,0.0,1.0999980485915486,-2.9929577382975946e-06
1112760,0.11971830965723655,9.84864597122873e-12,0.0,1.0999980485915486,-2.992957738333482e-06
1112820,0.11971830965819928,9.855242714779723e-12,0.0,1.0999980485915486,-2.992957738369517e-06
1112880,0.11971830965916533,9.861625992701558e-12,0.0,1.0999980485915486,-2.9929577384056993e-06
1112940,0.11971830966013466,9.867795804994233e-12,0.0,1.0999980485915486,-2.9929577384420294e-06
1113000,0.11971830966110732,9.873752151657749e-12,0.0,1.0999980485915486,-2.9929577384785073e-06
1113060,0.11971830966208326,9.879495032692107e-12,0.0,1.0999980485915486,-2.9929577385151326e-06
1113120,0.11971830966306252,9.885024448097305e-12,0.0,1.0999980485915486,-2.9929577385519057e-06
1113180,0.11971830966404508,9.890340397873343e-12,0.0,1.0999980485915488,-2.9929577385888266e-06
1113240,0.11971830966503094,9.895442882020223e-12,0.0,1.0999980485915488,-2.9929577386258944e-06
1113300,0.11971830966602012,9.900331900537946e-12,0.0,1.0999980485915488,-2.9929577386631105e-06
1113360,0.11971830966701259,9.905007453426507e-12,0.0,1.0999980485915488,-2.992957738700474e-06
1113420,0.11971830966800838,9.909469540685911e-12,0.0,1.0999980485915488,-2.992957738737985e-06
1113480,0.11971830966900746,9.913718162316154e-12,0.0,1.0999980485915488,-2.992957738775644e-06
1113540,0.11971830967000985,9.91775331831724e-12,0.0,1.0999980485915488,-2.99295773881345e-06
1113600,0.11971830967101554,9.921575008689165e-12,0.0,1.0999980485915488,-2.992957738851404e-06
1113660,0.11971830967202454,9.925183233431932e-12,0.0,1.0999980485915488,-2.9929577388895055e-06
1113720,0.11971830967303684,9.928577992545542e-12,0.0,1.0999980485915488,-2.9929577389277545e-06
1113780,0.11971830967405246,9.93175928602999e-12,0.0,1.0999980485915488,-2.9929577389661514e-06
1113840,0.11971830967507137,9.93472711388528e-12,0.0,1.0999980485915488,-2.9929577390046956e-06
1113900,0.11971830967609359,9.937481476111412e-12,0.0,1.0999980485915488,-2.9929577390433877e-06
1113960,0.1197183096771191,9.940022372708384e-12,0.0,1.0999980485915488,-2.9929577390822275e-06
1114020,0.11971830967814794,9.942349803676197e-12,0.0,1.0999980485915488,-2.9929577391212147e-06
1114080,0.11971830967918007,9.944463769014851e-12,0.0,1.0999980485915488,-2.9929577391603494e-06
1114140,0.1197183096802155,9.946364268724346e-12,0.0,1.0999980485915488,-2.9929577391996318e-06
1114200,0.11971830968125424,9.948051302804682e-12,0.0,1.0999980485915488,-2.992957739239062e-06
1114260,0.1197183096822963,9.949524871255859e-12,0.0,1.099998048591549,-2.9929577392786396e-06
1114320,0.11971830968334164,9.950784974077876e-12,0.0,1.099998048591549,-2.992957739318365e-06
1114380,0.1197183096843903,9.951831611270736e-12,0.0,1.099998048591549,-2.992957739358238e-06
1114440,0.11971830968544227,9.952664782834436e-12,0.0,1.099998048591549,-2.9929577393982585e-06
1114500,0.11971830968649752,9.953284488768977e-12,0.0,1.099998048591549,-2.9929577394384265e-06
1114560,0.11971830968755609,9.95369072907436e-12,0.0,1.099998048591549,-2.9929577394787423e-06
1114620,0.11971830968861798,9.953883503750582e-12,0.0,1.099998048591549,-2.992957739519206e-06
1114680,0.11971830968968315,9.953862812797646e-12,0.0,1.099998048591549,-2.992957739559817e-06
1114740,0.11971830969075163,9.953628656215551e-12,0.0,1.099998048591549,-2.9929577396005752e-06
1114800,0.11971830969182343,9.953181034004298e-12,0.0,1.099998048591549,-2.9929577396414814e-06
1114860,0.11971830969289851,9.952519946163885e-12,0.0,1.099998048591549,-2.9929577396825354e-06
1114920,0.11971830969397691,9.951645392694312e-12,0.0,1.099998048591549,-2.992957739723737e-06
1114980,0.11971830969505862,9.950557373595581e-12,0.0,1.099998048591549,-2.992957739765086e-06
1115040,0.11971830969614362,9.949255888867692e-12,0.0,1.099998048591549,-2.9929577398065826e-06
1115100,0.11971830969723193,9.947740938510642e-12,0.0,1.099998048591549,-2.992957739848227e-06
1115160,0.11971830969832356,9.946012522524434e-12,0.0,1.099998048591549,-2.9929577398900187e-06
1115220,0.11971830969941848,9.944070640909068e-12,0.0,1.099998048591549,-2.9929577399319583e-06
1115280,0.11971830970051671,9.941915293664542e-12,0.0,1.099998048591549,-2.992957739974045e-06
1115340,0.11971830970161824,9.939546480790856e-12,0.0,1.0999980485915493,-2.99295774001628e-06
1115400,0.11971830970272307,9.936964202288013e-12,0.0,1.0999980485915493,-2.9929577400586625e-06
1115460,0.11971830970383121,9.93416845815601e-12,0.0,1.0999980485915493,-2.9929577401011925e-06
1115520,0.11971830970494265,9.931159248394847e-12,0.0,1.0999980485915493,-2.9929577401438702e-06
1115580,0.11971830970605742,9.927936573004526e-12,0.0,1.0999980485915493,-2.9929577401866954e-06
1115640,0.11971830970717547,9.924500431985047e-12,0.0,1.0999980485915493,-2.992957740229668e-06
1115700,0.11971830970829683,9.920850825336406e-12,0.0,1.0999980485915493,-2.9929577402727886e-06
1115760,0.11971830970942149,9.91698775305861e-12,0.0,1.0999980485915493,-2.9929577403160568e-06
1115820,0.11971830971054946,9.912911215151651e-12,0.0,1.0999980485915493,-2.9929577403594723e-06
1115880,0.11971830971168074,9.908621211615535e-12,0.0,1.0999980485915493,-2.9929577404030356e-06
1115940,0.11971830971281532,9.904117742450261e-12,0.0,1.0999980485915493,-2.9929577404467463e-06
1116000,0.1197183097139532,9.899400807655827e-12,0.0,1.0999980485915493,-2.992957740490605e-06
1116060,0.11971830971509438,9.894470407232234e-12,0.0,1.0999980485915493,-2.992957740534611e-06
1116120,0.11971830971623888,9.88932654117948e-12,0.0,1.0999980485915493,-2.992957740578765e-06
1116180,0.11971830971738667,9.883969209497571e-12,0.0,1.0999980485915493,-2.992957740623066e-06
1116240,0.11971830971853778,9.8783984121865e-12,0.0,1.0999980485915493,-2.9929577406675153e-06
1116300,0.11971830971969219,9.872614149246271e-12,0.0,1.0999980485915495,-2.9929577407121116e-06
1116360,0.1197183097208499,9.866616420676882e-12,0.0,1.0999980485915495,-2.9929577407568557e-06
1116420,0.11971830972201092,9.860405226478336e-12,0.0,1.0999980485915495,-2.9929577408017476e-06
1116480,0.11971830972317524,9.85398056665063e-12,0.0,1.0999980485915495,-2.9929577408467873e-06
1116540,0.11971830972434286,9.847342441193765e-12,0.0,1.0999980485915495,-2.992957740891974e-06
1116600,0.1197183097255138,9.840490850107741e-12,0.0,1.0999980485915495,-2.992957740937309e-06
1116660,0.11971830972668802,9.833425793392557e-12,0.0,1.0999980485915495,-2.992957740982791e-06
1116720,0.11971830972786557,9.826147271048215e-12,0.0,1.0999980485915495,-2.992957741028421e-06
1116780,0.11971830972904642,9.818655283074714e-12,0.0,1.0999980485915495,-2.9929577410741983e-06
1116840,0.11971830973023057,9.810949829472054e-12,0.0,1.0999980485915495,-2.9929577411201236e-06
1116900,0.11971830973141802,9.803030910240235e-12,0.0,1.0999980485915495,-2.9929577411661962e-06
1116960,0.11971830973260877,9.794898525379256e-12,0.0,1.0999980485915495,-2.9929577412124167e-06
1117020,0.11971830973380285,9.78655267488912e-12,0.0,1.0999980485915495,-2.9929577412587845e-06
1117080,0.11971830973500021,9.777993358769823e-12,0.0,1.0999980485915495,-2.9929577413053e-06
1117140,0.11971830973620089,9.769220577021368e-12,0.0,1.0999980485915495,-2.9929577413519633e-06
1117200,0.11971830973740487,9.760234329643754e-12,0.0,1.0999980485915495,-2.992957741398774e-06
1117260,0.11971830973861215,9.75103461663698e-12,0.0,1.0999980485915497,-2.9929577414457328e-06
1117320,0.11971830973982274,9.741621438001048e-12,0.0,1.0999980485915497,-2.992957741492839e-06
1117380,0.11971830974103663,9.731994793735956e-12,0.0,1.0999980485915497,-2.9929577415400922e-06
1117440,0.11971830974225382,9.722154683841707e-12,0.0,1.0999980485915497,-2.9929577415874935e-06
1117500,0.11971830974347433,9.712101108318297e-12,0.0,1.0999980485915497,-2.9929577416350425e-06
1117560,0.11971830974469813,9.70183406716573e-12,0.0,1.0999980485915497,-2.992957741682739e-06
1117620,0.11971830974592525,9.691353560384002e-12,0.0,1.0999980485915497,-2.992957741730583e-06
1117680,0.11971830974715567,9.680659587973116e-12,0.0,1.0999980485915497,-2.9929577417785748e-06
1117740,0.11971830974838939,9.66975214993307e-12,0.0,1.0999980485915497,-2.992957741826714e-06
1117800,0.11971830974962641,9.658631246263866e-12,0.0,1.0999980485915497,-2.992957741875001e-06
1117860,0.11971830975086674,9.647296876965502e-12,0.0,1.0999980485915497,-2.9929577419234356e-06
1117920,0.11971830975211037,9.635749042037981e-12,0.0,1.0999980485915497,-2.9929577419720176e-06
1117980,0.11971830975335732,9.6239877414813e-12,0.0,1.0999980485915497,-2.9929577420207474e-06
1118040,0.11971830975460755,9.61201297529546e-12,0.0,1.0999980485915497,-2.992957742069625e-06
1118100,0.1197183097558611,9.59982474348046e-12,0.0,1.0999980485915497,-2.99295774211865e-06
1118160,0.11971830975711796,9.587423046036302e-12,0.0,1.09999804859155,-2.9929577421678224e-06
1118220,0.11971830975837812,9.574807882962985e-12,0.0,1.09999804859155,-2.992957742217143e-06
1118280,0.11971830975964158,9.561979254260508e-12,0.0,1.09999804859155,-2.9929577422666106e-06
1118340,0.11971830976090835,9.548937159928873e-12,0.0,1.09999804859155,-2.9929577423162264e-06
1118400,0.11971830976217843,9.535681599968078e-12,0.0,1.09999804859155,-2.992957742365989e-06
1118460,0.1197183097634518,9.522212574378125e-12,0.0,1.09999804859155,-2.9929577424159e-06
1118520,0.11971830976472848,9.508530083159012e-12,0.0,1.09999804859155,-2.9929577424659585e-06
1118580,0.11971830976600847,9.494634126310742e-12,0.0,1.09999804859155,-2.9929577425161643e-06
1118640,0.11971830976729177,9.480524703833312e-12,0.0,1.09999804859155,-2.992957742566518e-06
1118700,0.11971830976857836,9.466201815726722e-12,0.0,1.09999804859155,-2.992957742617019e-06
1118760,0.11971830976986826,9.451665461990974e-12,0.0,1.09999804859155,-2.992957742667668e-06
1118820,0.11971830977116146,9.436915642626066e-12,0.0,1.09999804859155,-2.992957742718464e-06
1118880,0.11971830977245798,9.421952357631999e-12,0.0,1.09999804859155,-2.992957742769408e-06
1118940,0.11971830977375779,9.406775607008774e-12,0.0,1.09999804859155,-2.9929577428205e-06
1119000,0.11971830977506091,9.39138539075639e-12,0.0,1.09999804859155,-2.992957742871739e-06
1119060,0.11971830977636734,9.375781708874845e-12,0.0,1.0999980485915501,-2.992957742923126e-06
1119120,0.11971830977767707,9.359964561364144e-12,0.0,1.0999980485915501,-2.9929577429746603e-06
1119180,0.1197183097789901,9.343933948224282e-12,0.0,1.0999980485915501,-2.9929577430263424e-06
1119240,0.11971830978030644,9.327689869455261e-12,0.0,1.0999980485915501,-2.9929577430781724e-06
1119300,0.11971830978162609,9.311232325057083e-12,0.0,1.0999980485915501,-2.9929577431301497e-06
1119360,0.11971830978294903,9.294561315029745e-12,0.0,1.0999980485915501,-2.9929577431822744e-06
1119420,0.11971830978427529,9.277676839373247e-12,0.0,1.0999980485915501,-2.992957743234547e-06
1119480,0.11971830978560485,9.260578898087591e-12,0.0,1.0999980485915501,-2.9929577432869672e-06
1119540,0.1197183097869377,9.243267491172775e-12,0.0,1.0999980485915501,-2.992957743339535e-06
1119600,0.11971830978827387,9.2257426186288e-12,0.0,1.0999980485915501,-2.9929577433922505e-06
1119660,0.11971830978961336,9.208004280455667e-12,0.0,1.0999980485915501,-2.9929577434451134e-06
1119720,0.11971830979095613,9.190052476653374e-12,0.0,1.0999980485915501,-2.992957743498124e-06
1119780,0.1197183097923022,9.171887207221923e-12,0.0,1.0999980485915501,-2.992957743551282e-06
1119840,0.1197183097936516,9.153508472161312e-12,0.0,1.0999980485915501,-2.992957743604588e-06
1119900,0.1197183097950043,9.134916271471543e-12,0.0,1.0999980485915504,-2.9929577436580414e-06
1119960,0.11971830979636028,9.116110605152615e-12,0.0,1.0999980485915504,-2.9929577437116425e-06
1120020,0.11971830979771958,9.097091473204527e-12,0.0,1.0999980485915504,-2.9929577437653914e-06
1120080,0.11971830979908218,9.07785887562728e-12,0.0,1.0999980485915504,-2.9929577438192876e-06
1120140,0.1197183098004481,9.058412812420875e-12,0.0,1.0999980485915504,-2.9929577438733313e-06
1120200,0.11971830980181732,9.038753283585311e-12,0.0,1.0999980485915504,-2.9929577439275228e-06
1120260,0.11971830980318983,9.018880289120588e-12,0.0,1.0999980485915504,-2.992957743981862e-06
1120320,0.11971830980456566,8.998793829026704e-12,0.0,1.0999980485915504,-2.9929577440363487e-06
1120380,0.11971830980594479,8.978493903303663e-12,0.0,1.0999980485915504,-2.992957744090983e-06
1120440,0.11971830980732723,8.957980511951462e-12,0.0,1.0999980485915504,-2.992957744145765e-06
1120500,0.11971830980871297,8.937253654970103e-12,0.0,1.0999980485915504,-2.9929577442006947e-06
1120560,0.11971830981010201,8.916313332359585e-12,0.0,1.0999980485915504,-2.992957744255772e-06
1120620,0.11971830981149435,8.895159544119908e-12,0.0,1.0999980485915504,-2.992957744310997e-06
1120680,0.11971830981289,8.873792290251071e-12,0.0,1.0999980485915504,-2.9929577443663693e-06
1120740,0.11971830981428896,8.852211570753075e-12,0.0,1.0999980485915506,-2.9929577444218893e-06
1120800,0.11971830981569123,8.830417385625921e-12,0.0,1.0999980485915506,-2.992957744477557e-06
1120860,0.11971830981709679,8.808409734869608e-12,0.0,1.0999980485915506,-2.9929577445333724e-06
1120920,0.11971830981850566,8.786188618484134e-12,0.0,1.0999980485915506,-2.9929577445893355e-06
1120980,0.11971830981991784,8.763754036469503e-12,0.0,1.0999980485915506,-2.992957744645446e-06
1121040,0.11971830982133332,8.741105988825713e-12,0.0,1.0999980485915506,-2.992957744701704e-06
1121100,0.11971830982275211,8.718244475552762e-12,0.0,1.0999980485915506,-2.9929577447581097e-06
1121160,0.11971830982230314,8.792368596809661e-12,0.0,1.0999980485915506,-2.9929577447334797e-06
1121220,0.11971830982137482,8.891351968771266e-12,0.0,1.0999980485915506,-2.9929577446880563e-06
1121280,0.11971830982044743,8.990245612143547e-12,0.0,1.0999980485915506,-2.9929577446426765e-06
1121340,0.11971830981952096,9.089049526926527e-12,0.0,1.0999980485915506,-2.9929577445973416e-06
1121400,0.11971830981859541,9.187763713120233e-12,0.0,1.0999980485915506,-2.9929577445520508e-06
1121460,0.11971830981767079,9.286388170724615e-12,0.0,1.0999980485915506,-2.992957744506804e-06
1121520,0.11971830981674708,9.384922899739699e-12,0.0,1.0999980485915504,-2.9929577444616016e-06
1121580,0.1197183098158243,9.483367900165512e-12,0.0,1.0999980485915504,-2.9929577444164433e-06
1121640,0.11971830981490245,9.58172317200202e-12,0.0,1.0999980485915504,-2.9929577443713295e-06
1121700,0.11971830981398152,9.679988715249206e-12,0.0,1.0999980485915504,-2.99295774432626e-06
1121760,0.1197183098130615,9.778164529907094e-12,0.0,1.0999980485915504,-2.992957744281235e-06
1121820,0.11971830981214242,9.876250615975707e-12,0.0,1.0999980485915504,-2.9929577442362536e-06
1121880,0.11971830981122425,9.974246973454994e-12,0.0,1.0999980485915504,-2.992957744191317e-06
1121940,0.11971830981030701,1.0072153602344982e-11,0.0,1.0999980485915504,-2.9929577441464245e-06
1122000,0.11971830980939069,1.0169970502645703e-11,0.0,1.0999980485915504,-2.992957744101576e-06
1122060,0.1197183098084753,1.026769767435712e-11,0.0,1.0999980485915504,-2.9929577440567724e-06
1122120,0.11971830980756082,1.036533511747921e-11,0.0,1.0999980485915504,-2.9929577440120126e-06
1122180,0.11971830980664727,1.0462882832012002e-11,0.0,1.0999980485915504,-2.992957743967297e-06
1122240,0.11971830980573464,1.0560340817955522e-11,0.0,1.0999980485915504,-2.992957743922626e-06
1122300,0.11971830980482294,1.0657709075309716e-11,0.0,1.0999980485915504,-2.992957743877999e-06
1122360,0.11971830980391215,1.075498760407461e-11,0.0,1.0999980485915504,-2.9929577438334166e-06
1122420,0.1197183098030023,1.0852176404250234e-11,0.0,1.0999980485915504,-2.992957743788878e-06
1122480,0.11971830980209336,1.0949275475836555e-11,0.0,1.0999980485915504,-2.992957743744384e-06
1122540,0.11971830980118534,1.1046284818833553e-11,0.0,1.0999980485915504,-2.992957743699934e-06
1122600,0.11971830980027826,1.1143204433241253e-11,0.0,1.0999980485915504,-2.9929577436555286e-06
1122660,0.11971830979937208,1.1240034319059652e-11,0.0,1.0999980485915504,-2.992957743611167e-06
1122720,0.11971830979846683,1.1336774476288776e-11,0.0,1.0999980485915504,-2.9929577435668502e-06
1122780,0.11971830979756251,1.1433424904928577e-11,0.0,1.0999980485915501,-2.9929577435225775e-06
1122840,0.11971830979665911,1.1529985604979077e-11,0.0,1.0999980485915501,-2.992957743478349e-06
1122900,0.11971830979575664,1.1626456576440309e-11,0.0,1.0999980485915501,-2.9929577434341646e-06
1122960,0.11971830979485508,1.1722837819312237e-11,0.0,1.0999980485915501,-2.9929577433900245e-06
1123020,0.11971830979395445,1.1819129333594841e-11,0.0,1.0999980485915501,-2.9929577433459288e-06
1123080,0.11971830979305474,1.1915331119288148e-11,0.0,1.0999980485915501,-2.9929577433018776e-06
1123140,0.11971830979215596,1.201144317639218e-11,0.0,1.0999980485915501,-2.9929577432578704e-06
1123200,0.1197183097912581,1.2107465504906885e-11,0.0,1.0999980485915501,-2.9929577432139073e-06
1123260,0.11971830979036115,1.2203398104832293e-11,0.0,1.0999980485915501,-2.9929577431699886e-06
1123320,0.11971830978946514,1.2299240976168429e-11,0.0,1.0999980485915501,-2.9929577431261144e-06
1123380,0.11971830978857004,1.2394994118915264e-11,0.0,1.0999980485915501,-2.9929577430822843e-06
1123440,0.11971830978767586,1.2490657533072773e-11,0.0,1.0999980485915501,-2.992957743038498e-06
1123500,0.11971830978678262,1.2586231218640984e-11,0.0,1.0999980485915501,-2.9929577429947565e-06
1123560,0.11971830978589029,1.2681715175619924e-11,0.0,1.0999980485915501,-2.9929577429510594e-06
1123620,0.1197183097849989,1.2777109404009537e-11,0.0,1.0999980485915501,-2.9929577429074063e-06
1123680,0.11971830978410841,1.287241390380985e-11,0.0,1.0999980485915501,-2.9929577428637976e-06
1123740,0.11971830978321885,1.296762867502089e-11,0.0,1.0999980485915501,-2.992957742820233e-06
1123800,0.11971830978233022,1.3062753717642633e-11,0.0,1.0999980485915501,-2.992957742776713e-06
1123860,0.1197183097814425,1.3157789031675049e-11,0.0,1.0999980485915501,-2.992957742733237e-06
1123920,0.11971830978055571,1.3252734617118165e-11,0.0,1.0999980485915501,-2.992957742689805e-06
1123980,0.11971830977966985,1.3347590473972009e-11,0.0,1.0999980485915501,-2.9929577426464176e-06
1124040,0.1197183097787849,1.3442356602236526e-11,0.0,1.0999980485915501,-2.9929577426030745e-06
1124100,0.11971830977790088,1.3537033001911746e-11,0.0,1.09999804859155,-2.9929577425597755e-06
1124160,0.11971830977701779,1.3631619672997694e-11,0.0,1.09999804859155,-2.992957742516521e-06
1124220,0.11971830977613561,1.3726116615494341e-11,0.0,1.09999804859155,-2.9929577424733104e-06
1124280,0.11971830977525436,1.3820523829401662e-11,0.0,1.09999804859155,-2.9929577424301443e-06
1124340,0.11971830977437403,1.3914841314719686e-11,0.0,1.09999804859155,-2.9929577423870223e-06
1124400,0.11971830977349462,1.4009069071448411e-11,0.0,1.09999804859155,-2.9929577423439447e-06
1124460,0.11971830977261613,1.4103207099587859e-11,0.0,1.09999804859155,-2.9929577423009116e-06
1124520,0.11971830977173857,1.4197255399137986e-11,0.0,1.09999804859155,-2.9929577422579226e-06
1124580,0.11971830977086194,1.4291213970098839e-11,0.0,1.09999804859155,-2.9929577422149776e-06
1124640,0.11971830976998622,1.4385082812470365e-11,0.0,1.09999804859155,-2.992957742172077e-06
1124700,0.11971830976911144,1.4478861926252619e-11,0.0,1.09999804859155,-2.992957742129221e-06
1124760,0.11971830976823757,1.4572551311445547e-11,0.0,1.09999804859155,-2.992957742086409e-06
1124820,0.11971830976736461,1.4666150968049177e-11,0.0,1.09999804859155,-2.992957742043641e-06
1124880,0.11971830976649259,1.4759660896063532e-11,0.0,1.09999804859155,-2.9929577420009175e-06
1124940,0.11971830976562149,1.4853081095488564e-11,0.0,1.09999804859155,-2.9929577419582385e-06
1125000,0.11971830976475131,1.4946411566324298e-11,0.0,1.09999804859155,-2.9929577419156035e-06
1125060,0.11971830976388205,1.5039652308570758e-11,0.0,1.09999804859155,-2.992957741873013e-06
1125120,0.11971830976301372,1.5132803322227916e-11,0.0,1.09999804859155,-2.9929577418304666e-06
1125180,0.11971830976214631,1.5225864607295752e-11,0.0,1.09999804859155,-2.992957741787964e-06
1125240,0.11971830976127983,1.531883616377429e-11,0.0,1.09999804859155,-2.9929577417455066e-06
1125300,0.11971830976041425,1.541171799166355e-11,0.0,1.09999804859155,-2.9929577417030927e-06
1125360,0.11971830975954961,1.5504510090963485e-11,0.0,1.09999804859155,-2.9929577416607233e-06
1125420,0.1197183097586859,1.5597212461674124e-11,0.0,1.09999804859155,-2.9929577416183983e-06
1125480,0.1197183097578231,1.568982510379549e-11,0.0,1.0999980485915497,-2.992957741576118e-06
1125540,0.11971830975696122,1.5782348017327554e-11,0.0,1.0999980485915497,-2.992957741533881e-06
1125600,0.11971830975610027,1.5874781202270297e-11,0.0,1.0999980485915497,-2.992957741491689e-06
1125660,0.11971830975524025,1.5967124658623736e-11,0.0,1.0999980485915497,-2.9929577414495406e-06
1125720,0.11971830975438115,1.6059378386387907e-11,0.0,1.0999980485915497,-2.992957741407437e-06
1125780,0.11971830975352296,1.6151542385562747e-11,0.0,1.0999980485915497,-2.9929577413653777e-06
1125840,0.1197183097526657,1.6243616656148294e-11,0.0,1.0999980485915497,-2.9929577413233623e-06
1125900,0.11971830975180937,1.6335601198144565e-11,0.0,1.0999980485915497,-2.9929577412813914e-06
1125960,0.11971830975095396,1.6427496011551536e-11,0.0,1.0999980485915497,-2.9929577412394646e-06
1126020,0.11971830975009946,1.6519301096369183e-11,0.0,1.0999980485915497,-2.992957741197582e-06
1126080,0.1197183097492459,1.6611016452597533e-11,0.0,1.0999980485915497,-2.9929577411557443e-06
1126140,0.11971830974839326,1.6702642080236605e-11,0.0,1.0999980485915497,-2.9929577411139504e-06
1126200,0.11971830974754152,1.6794177979286353e-11,0.0,1.0999980485915497,-2.9929577410722006e-06
1126260,0.11971830974669073,1.6885624149746804e-11,0.0,1.0999980485915497,-2.992957741030495e-06
1126320,0.11971830974584086,1.6976980591617983e-11,0.0,1.0999980485915497,-2.9929577409888343e-06
1126380,0.1197183097449919,1.7068247304899858e-11,0.0,1.0999980485915497,-2.9929577409472175e-06
1126440,0.11971830974414387,1.715942428959241e-11,0.0,1.0999980485915497,-2.992957740905645e-06
1126500,0.11971830974329677,1.7250511545695664e-11,0.0,1.0999980485915497,-2.9929577408641167e-06
1126560,0.11971830974245058,1.734150907320962e-11,0.0,1.0999980485915497,-2.9929577408226325e-06
1126620,0.11971830974160531,1.74324168721343e-11,0.0,1.0999980485915497,-2.992957740781193e-06
1126680,0.11971830974076098,1.7523234942469654e-11,0.0,1.0999980485915497,-2.9929577407397973e-06
1126740,0.11971830973991755,1.7613963284215712e-11,0.0,1.0999980485915497,-2.992957740698446e-06
1126800,0.11971830973907506,1.7704601897372498e-11,0.0,1.0999980485915497,-2.992957740657139e-06
1126860,0.1197183097382335,1.779515078193998e-11,0.0,1.0999980485915495,-2.9929577406158764e-06
1126920,0.11971830973739284,1.7885609937918138e-11,0.0,1.0999980485915495,-2.992957740574658e-06
1126980,0.11971830973655312,1.7975979365307e-11,0.0,1.0999980485915495,-2.992957740533484e-06
1127040,0.11971830973571432,1.8066259064106586e-11,0.0,1.0999980485915495,-2.992957740492354e-06
1127100,0.11971830973487643,1.8156449034316848e-11,0.0,1.0999980485915495,-2.9929577404512686e-06
1127160,0.11971830973403948,1.824654927593781e-11,0.0,1.0999980485915495,-2.992957740410227e-06
1127220,0.11971830973320344,1.83365597889695e-11,0.0,1.0999980485915495,-2.99295774036923e-06
1127280,0.11971830973236833,1.842648057341189e-11,0.0,1.0999980485915495,-2.9929577403282773e-06
1127340,0.11971830973153415,1.8516311629264953e-11,0.0,1.0999980485915495,-2.9929577402873686e-06
1127400,0.11971830973070087,1.8606052956528722e-11,0.0,1.0999980485915495,-2.9929577402465044e-06
1127460,0.11971830972986854,1.8695704555203213e-11,0.0,1.0999980485915495,-2.9929577402056846e-06
1127520,0.11971830972903712,1.878526642528838e-11,0.0,1.0999980485915495,-2.9929577401649084e-06
1127580,0.11971830972820661,1.887473856678425e-11,0.0,1.0999980485915495,-2.992957740124177e-06
1127640,0.11971830972737704,1.8964120979690847e-11,0.0,1.0999980485915495,-2.99295774008349e-06
1127700,0.11971830972654839,1.905341366400814e-11,0.0,1.0999980485915495,-2.992957740042847e-06
1127760,0.11971830972572066,1.9142616619736112e-11,0.0,1.0999980485915495,-2.9929577400022484e-06
1127820,0.11971830972489385,1.9231729846874785e-11,0.0,1.0999980485915495,-2.9929577399616938e-06
1127880,0.11971830972406797,1.9320753345424183e-11,0.0,1.0999980485915495,-2.9929577399211836e-06
1127940,0.11971830972324302,1.9409687115384258e-11,0.0,1.0999980485915495,-2.992957739880718e-06
1128000,0.11971830972241897,1.9498531156755032e-11,0.0,1.0999980485915495,-2.992957739840296e-06
1128060,0.11971830972159586,1.9587285469536535e-11,0.0,1.0999980485915495,-2.992957739799919e-06
1128120,0.11971830972077367,1.9675950053728733e-11,0.0,1.0999980485915495,-2.9929577397595858e-06
1128180,0.1197183097199524,1.976452490933161e-11,0.0,1.0999980485915495,-2.992957739719297e-06
1128240,0.11971830971913205,1.9853010036345192e-11,0.0,1.0999980485915495,-2.9929577396790524e-06
1128300,0.11971830971831263,1.994140543476949e-11,0.0,1.0999980485915493,-2.992957739638852e-06
1128360,0.11971830971749413,2.0029711104604474e-11,0.0,1.0999980485915493,-2.992957739598696e-06
1128420,0.11971830971667655,2.0117927045850152e-11,0.0,1.0999980485915493,-2.9929577395585844e-06
1128480,0.1197183097158599,2.0206053258506537e-11,0.0,1.0999980485915493,-2.992957739518517e-06
1128540,0.11971830971504416,2.029408974257367e-11,0.0,1.0999980485915493,-2.9929577394784937e-06
1128600,0.11971830971422935,2.0382036498051454e-11,0.0,1.0999980485915493,-2.9929577394385146e-06
1128660,0.11971830971341546,2.0469893524939936e-11,0.0,1.0999980485915493,-2.99295773939858e-06
1128720,0.1197183097126025,2.055766082323912e-11,0.0,1.0999980485915493,-2.9929577393586893e-06
1128780,0.11971830971179045,2.0645338392949033e-11,0.0,1.0999980485915493,-2.992957739318843e-06
1128840,0.11971830971097934,2.073292623406962e-11,0.0,1.0999980485915493,-2.9929577392790415e-06
1128900,0.11971830971016914,2.0820424346600908e-11,0.0,1.0999980485915493,-2.9929577392392835e-06
1128960,0.11971830970935987,2.0907832730542922e-11,0.0,1.0999980485915493,-2.9929577391995704e-06
1129020,0.11971830970855152,2.0995151385895635e-11,0.0,1.0999980485915493,-2.9929577391599013e-06
1129080,0.1197183097077441,2.1082380312659024e-11,0.0,1.0999980485915493,-2.9929577391202762e-06
1129140,0.11971830970693759,2.1169519510833116e-11,0.0,1.0999980485915493,-2.9929577390806956e-06
1129200,0.11971830970613201,2.125656898041793e-11,0.0,1.0999980485915493,-2.9929577390411595e-06
1129260,0.11971830970532735,2.1343528721413424e-11,0.0,1.0999980485915493,-2.9929577390016675e-06
1129320,0.11971830970452361,2.143039873381962e-11,0.0,1.0999980485915493,-2.99295773896222e-06
1129380,0.1197183097037208,2.1517179017636538e-11,0.0,1.0999980485915493,-2.9929577389228163e-06
1129440,0.11971830970291891,2.160386957286416e-11,0.0,1.0999980485915493,-2.992957738883457e-06
1129500,0.11971830970211794,2.1690470399502452e-11,0.0,1.0999980485915493,-2.9929577388441422e-06
1129560,0.1197183097013179,2.177698149755145e-11,0.0,1.0999980485915493,-2.9929577388048712e-06
1129620,0.11971830970051878,2.186340286701117e-11,0.0,1.0999980485915493,-2.9929577387656447e-06
1129680,0.11971830969972058,2.1949734507881572e-11,0.0,1.0999980485915493,-2.9929577387264627e-06
1129740,0.1197183096989233,2.203597642016267e-11,0.0,1.099998048591549,-2.9929577386873247e-06
1129800,0.11971830969812695,2.2122128603854498e-11,0.0,1.099998048591549,-2.992957738648231e-06
1129860,0.11971830969733152,2.2208191058957023e-11,0.0,1.099998048591549,-2.9929577386091816e-06
1129920,0.11971830969653702,2.2294163785470225e-11,0.0,1.099998048591549,-2.9929577385701766e-06
1129980,0.11971830969574343,2.2380046783394125e-11,0.0,1.099998048591549,-2.9929577385312156e-06
1130040,0.11971830969495076,2.2465840052728754e-11,0.0,1.099998048591549,-2.992957738492299e-06
1130100,0.11971830969415903,2.255154359347406e-11,0.0,1.099998048591549,-2.992957738453427e-06
1130160,0.1197183096933682,2.2637157405630065e-11,0.0,1.099998048591549,-2.9929577384145987e-06
1130220,0.11971830969257831,2.272268148919677e-11,0.0,1.099998048591549,-2.992957738375815e-06
1130280,0.11971830969178934,2.2808115844174228e-11,0.0,1.099998048591549,-2.9929577383370757e-06
1130340,0.11971830969100129,2.2893460470562337e-11,0.0,1.099998048591549,-2.9929577382983803e-06
1130400,0.11971830969021417,2.2978715368361146e-11,0.0,1.099998048591549,-2.9929577382597293e-06
1130460,0.11971830968942797,2.3063880537570653e-11,0.0,1.099998048591549,-2.992957738221123e-06
1130520,0.1197183096886427,2.314895597819089e-11,0.0,1.099998048591549,-2.9929577381825604e-06
1130580,0.11971830968785833,2.32339416902218e-11,0.0,1.099998048591549,-2.992957738144042e-06
1130640,0.1197183096870749,2.3318837673663414e-11,0.0,1.099998048591549,-2.992957738105568e-06
1130700,0.11971830968629239,2.340364392851575e-11,0.0,1.099998048591549,-2.9929577380671386e-06
1130760,0.1197183096855108,2.3488360454778787e-11,0.0,1.099998048591549,-2.992957738028753e-06
1130820,0.11971830968473013,2.3572987252452503e-11,0.0,1.099998048591549,-2.9929577379904118e-06
1130880,0.11971830968395039,2.3657524321536918e-11,0.0,1.099998048591549,-2.9929577379521153e-06
1130940,0.11971830968317157,2.374197166203206e-11,0.0,1.099998048591549,-2.9929577379138624e-06
1131000,0.11971830968239368,2.3826329273937876e-11,0.0,1.099998048591549,-2.992957737875654e-06
1131060,0.1197183096816167,2.3910597157254395e-11,0.0,1.099998048591549,-2.99295773783749e-06
1131120,0.11971830968084066,2.399477531198164e-11,0.0,1.099998048591549,-2.9929577377993703e-06
1131180,0.11971830968006553,2.4078863738119584e-11,0.0,1.099998048591549,-2.992957737761295e-06
1131240,0.11971830967929131,2.4162862435668204e-11,0.0,1.0999980485915488,-2.9929577377232635e-06
1131300,0.11971830967851803,2.4246771404627524e-11,0.0,1.0999980485915488,-2.9929577376852766e-06
1131360,0.11971830967774567,2.4330590644997572e-11,0.0,1.0999980485915488,-2.992957737647334e-06
1131420,0.11971830967697424,2.4414320156778297e-11,0.0,1.0999980485915488,-2.9929577376094354e-06
1131480,0.11971830967620373,2.449795993996972e-11,0.0,1.0999980485915488,-2.992957737571581e-06
1131540,0.11971830967543413,2.458150999457187e-11,0.0,1.0999980485915488,-2.9929577375337712e-06
1131600,0.11971830967466546,2.4664970320584718e-11,0.0,1.0999980485915488,-2.992957737496006e-06
1131660,0.11971830967389771,2.4748340918008246e-11,0.0,1.0999980485915488,-2.992957737458284e-06
1131720,0.1197183096731309,2.4831621786842473e-11,0.0,1.0999980485915488,-2.992957737420607e-06
1131780,0.11971830967236499,2.4914812927087426e-11,0.0,1.0999980485915488,-2.9929577373829744e-06
1131840,0.11971830967160002,2.4997914338743055e-11,0.0,1.0999980485915488,-2.9929577373453856e-06
1131900,0.11971830967083597,2.5080926021809383e-11,0.0,1.0999980485915488,-2.9929577373078413e-06
1131960,0.11971830967007283,2.516384797628644e-11,0.0,1.0999980485915488,-2.9929577372703414e-06
1132020,0.11971830966931062,2.5246680202174196e-11,0.0,1.0999980485915488,-2.9929577372328857e-06
1132080,0.11971830966854934,2.5329422699472628e-11,0.0,1.0999980485915488,-2.992957737195474e-06
1132140,0.11971830966778897,2.5412075468181763e-11,0.0,1.0999980485915488,-2.9929577371581066e-06
1132200,0.11971830966702952,2.549463850830162e-11,0.0,1.0999980485915488,-2.992957737120784e-06
1132260,0.119718309666271,2.5577111819832157e-11,0.0,1.0999980485915488,-2.992957737083505e-06
1132320,0.11971830966551342,2.5659495402773392e-11,0.0,1.0999980485915488,-2.9929577370462707e-06
1132380,0.11971830966475674,2.5741789257125328e-11,0.0,1.0999980485915488,-2.9929577370090805e-06
1132440,0.11971830966400099,2.5823993382888014e-11,0.0,1.0999980485915488,-2.9929577369719343e-06
1132500,0.11971830966324616,2.5906107780061354e-11,0.0,1.0999980485915488,-2.992957736934833e-06
1132560,0.11971830966249226,2.5988132448645393e-11,0.0,1.0999980485915488,-2.9929577368977753e-06
1132620,0.11971830966173928,2.6070067388640132e-11,0.0,1.0999980485915488,-2.992957736860762e-06
1132680,0.11971830966098722,2.61519126000456e-11,0.0,1.0999980485915488,-2.9929577368237933e-06
1132740,0.11971830966023608,2.623366808286174e-11,0.0,1.0999980485915488,-2.9929577367868686e-06
1132800,0.11971830965948588,2.6315333837088582e-11,0.0,1.0999980485915486,-2.9929577367499884e-06
1132860,0.11971830965873659,2.639690986272615e-11,0.0,1.0999980485915486,-2.992957736713152e-06
1132920,0.11971830965798821,2.6478396159774417e-11,0.0,1.0999980485915486,-2.9929577366763604e-06
1132980,0.11971830965724077,2.6559792728233364e-11,0.0,1.0999980485915486,-2.992957736639613e-06
1133040,0.11971830965649426,2.664109956810301e-11,0.0,1.0999980485915486,-2.99295773660291e-06
1133100,0.11971830965574866,2.672231667938338e-11,0.0,1.0999980485915486,-2.992957736566251e-06
1133160,0.11971830965500398,2.680344406207443e-11,0.0,1.0999980485915486,-2.992957736529636e-06
1133220,0.11971830965426022,2.6884481716176177e-11,0.0,1.0999980485915486,-2.9929577364930655e-06
1133280,0.1197183096535174,2.6965429641688652e-11,0.0,1.0999980485915486,-2.9929577364565393e-06
1133340,0.1197183096527755,2.7046287838611824e-11,0.0,1.0999980485915486,-2.9929577364200576e-06
1133400,0.1197183096520345,2.712705630694568e-11,0.0,1.0999980485915486,-2.99295773638362e-06
1133460,0.11971830965129444,2.720773504669023e-11,0.0,1.0999980485915486,-2.9929577363472263e-06
1133520,0.11971830965055531,2.7288324057845505e-11,0.0,1.0999980485915486,-2.992957736310877e-06
1133580,0.1197183096498171,2.736882334041146e-11,0.0,1.0999980485915486,-2.9929577362745725e-06
1133640,0.1197183096490798,2.7449232894388115e-11,0.0,1.0999980485915486,-2.992957736238312e-06
1133700,0.11971830964834343,2.7529552719775495e-11,0.0,1.0999980485915486,-2.9929577362020953e-06
1133760,0.11971830964760798,2.7609782816573574e-11,0.0,1.0999980485915486,-2.992957736165923e-06
1133820,0.11971830964687345,2.768992318478233e-11,0.0,1.0999980485915486,-2.9929577361297955e-06
1133880,0.11971830964613986,2.776997382440179e-11,0.0,1.0999980485915486,-2.992957736093712e-06
1133940,0.11971830964540718,2.7849934735431972e-11,0.0,1.0999980485915486,-2.9929577360576728e-06
1134000,0.11971830964467542,2.7929805917872832e-11,0.0,1.0999980485915486,-2.9929577360216777e-06
1134060,0.11971830964394459,2.8009587371724394e-11,0.0,1.0999980485915486,-2.992957735985727e-06
1134120,0.11971830964321467,2.808927909698668e-11,0.0,1.0999980485915486,-2.9929577359498205e-06
1134180,0.11971830964248568,2.8168881093659662e-11,0.0,1.0999980485915486,-2.9929577359139584e-06
1134240,0.11971830964175763,2.8248393361743326e-11,0.0,1.0999980485915486,-2.9929577358781403e-06
1134300,0.11971830964103049,2.8327815901237692e-11,0.0,1.0999980485915486,-2.9929577358423667e-06
1134360,0.11971830964030426,2.840714871214278e-11,0.0,1.0999980485915486,-2.992957735806637e-06
1134420,0.11971830963957897,2.8486391794458544e-11,0.0,1.0999980485915484,-2.992957735770952e-06
1134480,0.11971830963885459,2.856554514818501e-11,0.0,1.0999980485915484,-2.992957735735311e-06
1134540,0.11971830963813114,2.864460877332218e-11,0.0,1.0999980485915484,-2.9929577356997145e-06
1134600,0.11971830963740861,2.8723582669870094e-11,0.0,1.0999980485915484,-2.992957735664162e-06
1134660,0.119718309636687,2.8802466837828665e-11,0.0,1.0999980485915484,-2.992957735628654e-06
1134720,0.11971830963596633,2.8881261277197935e-11,0.0,1.0999980485915484,-2.9929577355931904e-06
1134780,0.11971830963524657,2.8959965987977905e-11,0.0,1.0999980485915484,-2.992957735557771e-06
1134840,0.11971830963452773,2.90385809701686e-11,0.0,1.0999980485915484,-2.9929577355223954e-06
1134900,0.11971830963380982,2.9117106223769974e-11,0.0,1.0999980485915484,-2.9929577354870643e-06
1134960,0.11971830963309282,2.919554174878205e-11,0.0,1.0999980485915484,-2.992957735451778e-06
1135020,0.11971830963237676,2.9273887545204843e-11,0.0,1.0999980485915484,-2.9929577354165353e-06
1135080,0.1197183096316616,2.935214361303834e-11,0.0,1.0999980485915484,-2.992957735381337e-06
1135140,0.11971830963094739,2.9430309952282516e-11,0.0,1.0999980485915484,-2.992957735346183e-06
1135200,0.11971830963023408,2.950838656293739e-11,0.0,1.0999980485915484,-2.9929577353110733e-06
1135260,0.11971830962952171,2.9586373445003e-11,0.0,1.0999980485915484,-2.992957735276008e-06
1135320,0.11971830962881026,2.9664270598479274e-11,0.0,1.0999980485915484,-2.992957735240987e-06
1135380,0.11971830962809972,2.974207802336625e-11,0.0,1.0999980485915484,-2.99295773520601e-06
1135440,0.11971830962739012,2.981979571966396e-11,0.0,1.0999980485915484,-2.9929577351710774e-06
1135500,0.11971830962668144,2.989742368737236e-11,0.0,1.0999980485915484,-2.992957735136189e-06
1135560,0.11971830962597367,2.997496192649145e-11,0.0,1.0999980485915484,-2.992957735101345e-06
1135620,0.11971830962526683,3.005241043702123e-11,0.0,1.0999980485915484,-2.992957735066545e-06
1135680,0.11971830962456091,3.012976921896173e-11,0.0,1.0999980485915484,-2.9929577350317896e-06
1135740,0.11971830962385592,3.020703827231292e-11,0.0,1.0999980485915484,-2.9929577349970782e-06
1135800,0.11971830962315184,3.028421759707481e-11,0.0,1.0999980485915484,-2.9929577349624113e-06
1135860,0.1197183096224487,3.036130719324741e-11,0.0,1.0999980485915484,-2.9929577349277884e-06
1135920,0.11971830962174647,3.0438307060830725e-11,0.0,1.0999980485915484,-2.99295773489321e-06
1135980,0.11971830962104517,3.051521719982471e-11,0.0,1.0999980485915484,-2.9929577348586756e-06
1136040,0.11971830962034478,3.05920376102294e-11,0.0,1.0999980485915484,-2.9929577348241857e-06
1136100,0.11971830961964533,3.0668768292044816e-11,0.0,1.0999980485915481,-2.99295773478974e-06
1136160,0.11971830961894679,3.0745409245270907e-11,0.0,1.0999980485915481,-2.9929577347553384e-06
1136220,0.11971830961824918,3.0821960469907694e-11,0.0,1.0999980485915481,-2.9929577347209815e-06
1136280,0.11971830961755249,3.089842196595521e-11,0.0,1.0999980485915481,-2.9929577346866686e-06
1136340,0.11971830961685673,3.0974793733413427e-11,0.0,1.0999980485915481,-2.9929577346523998e-06
1136400,0.11971830961616188,3.105107577228232e-11,0.0,1.0999980485915481,-2.9929577346181754e-06
1136460,0.11971830961546796,3.112726808256192e-11,0.0,1.0999980485915481,-2.9929577345839955e-06
1136520,0.11971830961477496,3.120337066425223e-11,0.0,1.0999980485915481,-2.9929577345498597e-06
1136580,0.11971830961408289,3.127938351735323e-11,0.0,1.0999980485915481,-2.992957734515768e-06
1136640,0.11971830961339174,3.135530664186493e-11,0.0,1.0999980485915481,-2.9929577344817205e-06
1136700,0.11971830961270151,3.1431140037787323e-11,0.0,1.0999980485915481,-2.9929577344477177e-06
1136760,0.1197183096120122,3.150688370512047e-11,0.0,1.0999980485915481,-2.992957734413759e-06
1136820,0.11971830961132382,3.158253764386427e-11,0.0,1.0999980485915481,-2.9929577343798445e-06
1136880,0.11971830961063636,3.165810185401877e-11,0.0,1.0999980485915481,-2.992957734345974e-06
1136940,0.11971830960994982,3.1733576335583975e-11,0.0,1.0999980485915481,-2.9929577343121483e-06
1137000,0.1197183096092642,3.18089610885599e-11,0.0,1.0999980485915481,-2.9929577342783665e-06
1137060,0.11971830960857952,3.18842561129465e-11,0.0,1.0999980485915481,-2.9929577342446292e-06
1137120,0.11971830960789574,3.195946140874381e-11,0.0,1.0999980485915481,-2.992957734210936e-06
1137180,0.1197183096072129,3.2034576975951834e-11,0.0,1.0999980485915481,-2.992957734177287e-06
1137240,0.11971830960653097,3.210960281457056e-11,0.0,1.0999980485915481,-2.9929577341436824e-06
1137300,0.11971830960584996,3.218453892459997e-11,0.0,1.0999980485915481,-2.992957734110122e-06
1137360,0.1197183096051699,3.225938530604008e-11,0.0,1.0999980485915481,-2.992957734076606e-06
1137420,0.11971830960449073,3.233414195889091e-11,0.0,1.0999980485915481,-2.992957734043134e-06
1137480,0.11971830960381251,3.2408808883152414e-11,0.0,1.0999980485915481,-2.9929577340097063e-06
1137540,0.11971830960313519,3.248338607882463e-11,0.0,1.0999980485915481,-2.992957733976323e-06
1137600,0.1197183096024588,3.255787354590756e-11,0.0,1.0999980485915481,-2.9929577339429843e-06
1137660,0.11971830960178334,3.2632271284401193e-11,0.0,1.0999980485915481,-2.9929577339096895e-06
1137720,0.1197183096011088,3.2706579294305503e-11,0.0,1.0999980485915481,-2.992957733876439e-06
1137780,0.11971830960043518,3.278079757562052e-11,0.0,1.099998048591548,-2.9929577338432326e-06
1137840,0.11971830959976248,3.285492612834626e-11,0.0,1.099998048591548,-2.992957733810071e-06
1137900,0.11971830959909072,3.2928964952482674e-11,0.0,1.099998048591548,-2.992957733776953e-06
1137960,0.11971830959841986,3.300291404802979e-11,0.0,1.099998048591548,-2.9929577337438794e-06
1138020,0.11971830959774993,3.307677341498763e-11,0.0,1.099998048591548,-2.9929577337108502e-06
1138080,0.11971830959708094,3.315054305335617e-11,0.0,1.099998048591548,-2.9929577336778655e-06
1138140,0.11971830959641284,3.322422296313539e-11,0.0,1.099998048591548,-2.992957733644925e-06
1138200,0.11971830959574568,3.3297813144325305e-11,0.0,1.099998048591548,-2.992957733612028e-06
1138260,0.11971830959507945,3.337131359692595e-11,0.0,1.099998048591548,-2.9929577335791764e-06
1138320,0.11971830959441414,3.344472432093727e-11,0.0,1.099998048591548,-2.9929577335463683e-06
1138380,0.11971830959374975,3.351804531635929e-11,0.0,1.099998048591548,-2.9929577335136046e-06
1138440,0.11971830959308628,3.359127658319202e-11,0.0,1.099998048591548,-2.9929577334808854e-06
1138500,0.11971830959242373,3.3664418121435485e-11,0.0,1.099998048591548,-2.9929577334482103e-06
1138560,0.11971830959176212,3.3737469931089604e-11,0.0,1.099998048591548,-2.9929577334155796e-06
1138620,0.11971830959110141,3.381043201215443e-11,0.0,1.099998048591548,-2.992957733382993e-06
1138680,0.11971830959044164,3.388330436462996e-11,0.0,1.099998048591548,-2.992957733350451e-06
1138740,0.11971830958978279,3.395608698851621e-11,0.0,1.099998048591548,-2.9929577333179527e-06
1138800,0.11971830958912485,3.4028779883813136e-11,0.0,1.099998048591548,-2.992957733285499e-06
1138860,0.11971830958846785,3.410138305052077e-11,0.0,1.099998048591548,-2.99295773325309e-06
1138920,0.11971830958781177,3.4173896488639114e-11,0.0,1.099998048591548,-2.9929577332207248e-06
1138980,0.1197183095871566,3.424632019816817e-11,0.0,1.099998048591548,-2.9929577331884037e-06
1139040,0.11971830958650236,3.43186541791079e-11,0.0,1.099998048591548,-2.992957733156127e-06
1139100,0.11971830958584904,3.4390898431458337e-11,0.0,1.099998048591548,-2.9929577331238945e-06
1139160,0.11971830958519665,3.4463052955219487e-11,0.0,1.099998048591548,-2.9929577330917064e-06
1139220,0.11971830958454517,3.4535117750391326e-11,0.0,1.099998048591548,-2.992957733059563e-06
1139280,0.11971830958389462,3.4607092816973855e-11,0.0,1.099998048591548,-2.992957733027463e-06
1139340,0.119718309583245,3.467897815496711e-11,0.0,1.099998048591548,-2.9929577329954077e-06
1139400,0.1197183095825963,3.475077376437107e-11,0.0,1.099998048591548,-2.9929577329633966e-06
1139460,0.11971830958194853,3.482247964518571e-11,0.0,1.099998048591548,-2.99295773293143e-06
1139520,0.11971830958130167,3.489409579741105e-11,0.0,1.099998048591548,-2.9929577328995074e-06
1139580,0.11971830958065573,3.496562222104711e-11,0.0,1.0999980485915477,-2.992957732867629e-06
1139640,0.11971830958001071,3.5037058916093853e-11,0.0,1.0999980485915477,-2.9929577328357953e-06
1139700,0.11971830957936663,3.5108405882551293e-11,0.0,1.0999980485915477,-2.9929577328040053e-06
1139760,0.11971830957872347,3.5179663120419455e-11,0.0,1.0999980485915477,-2.99295773277226e-06
1139820,0.11971830957808122,3.525083062969832e-11,0.0,1.0999980485915477,-2.9929577327405587e-06
1139880,0.1197183095774399,3.532190841038786e-11,0.0,1.0999980485915477,-2.9929577327089017e-06
1139940,0.1197183095767995,3.5392896462488104e-11,0.0,1.0999980485915477,-2.992957732677289e-06
1140000,0.11971830957616003,3.5463794785999076e-11,0.0,1.0999980485915477,-2.9929577326457207e-06
1140060,0.11971830957552147,3.553460338092072e-11,0.0,1.0999980485915477,-2.9929577326141967e-06
1140120,0.11971830957488384,3.560532224725307e-11,0.0,1.0999980485915477,-2.9929577325827167e-06
1140180,0.11971830957424714,3.5675951384996135e-11,0.0,1.0999980485915477,-2.992957732551281e-06
1140240,0.11971830957361136,3.5746490794149904e-11,0.0,1.0999980485915477,-2.9929577325198897e-06
1140300,0.1197183095729765,3.5816940474714355e-11,0.0,1.0999980485915477,-2.9929577324885427e-06
1140360,0.11971830957234256,3.5887300426689503e-11,0.0,1.0999980485915477,-2.99295773245724e-06
1140420,0.11971830957170955,3.595757065007538e-11,0.0,1.0999980485915477,-2.9929577324259813e-06
1140480,0.11971830957107746,3.602775114487193e-11,0.0,1.0999980485915477,-2.9929577323947673e-06
1140540,0.11971830957044628,3.609784191107918e-11,0.0,1.0999980485915477,-2.9929577323635973e-06
1140600,0.11971830956981604,3.616784294869714e-11,0.0,1.0999980485915477,-2.9929577323324714e-06
1140660,0.11971830956918672,3.623775425772583e-11,0.0,1.0999980485915477,-2.99295773230139e-06
1140720,0.11971830956855832,3.630757583816519e-11,0.0,1.0999980485915477,-2.992957732270353e-06
1140780,0.11971830956793084,3.6377307690015246e-11,0.0,1.0999980485915477,-2.99295773223936e-06
1140840,0.11971830956730428,3.6446949813276e-11,0.0,1.0999980485915477,-2.992957732208411e-06
1140900,0.11971830956667864,3.6516502207947484e-11,0.0,1.0999980485915477,-2.9929577321775067e-06
1140960,0.11971830956605393,3.658596487402964e-11,0.0,1.0999980485915477,-2.9929577321466468e-06
1141020,0.11971830956543016,3.66553378115225e-11,0.0,1.0999980485915477,-2.992957732115831e-06
1141080,0.1197183095648073,3.6724621020426083e-11,0.0,1.0999980485915477,-2.992957732085059e-06
1141140,0.11971830956418535,3.6793814500740363e-11,0.0,1.0999980485915477,-2.992957732054332e-06
1141200,0.11971830956356433,3.6862918252465327e-11,0.0,1.0999980485915477,-2.9929577320236487e-06
1141260,0.11971830956294424,3.693193227560099e-11,0.0,1.0999980485915477,-2.99295773199301e-06
1141320,0.11971830956232506,3.700085657014737e-11,0.0,1.0999980485915477,-2.9929577319624154e-06
1141380,0.11971830956170681,3.706969113610444e-11,0.0,1.0999980485915477,-2.992957731931865e-06
1141440,0.11971830956108949,3.7138435973472204e-11,0.0,1.0999980485915477,-2.992957731901359e-06
1141500,0.11971830956047308,3.720709108225069e-11,0.0,1.0999980485915475,-2.9929577318708973e-06
1141560,0.1197183095598576,3.727565646243988e-11,0.0,1.0999980485915475,-2.99295773184048e-06
1141620,0.11971830955924304,3.734413211403975e-11,0.0,1.0999980485915475,-2.9929577318101066e-06
1141680,0.1197183095586294,3.741251803705032e-11,0.0,1.0999980485915475,-2.9929577317797777e-06
1141740,0.1197183095580167,3.7480814231471606e-11,0.0,1.0999980485915475,-2.992957731749493e-06
1141800,0.11971830955740491,3.754902069730358e-11,0.0,1.0999980485915475,-2.9929577317192526e-06
1141860,0.11971830955679404,3.761713743454625e-11,0.0,1.0999980485915475,-2.9929577316890567e-06
1141920,0.1197183095561841,3.7685164443199645e-11,0.0,1.0999980485915475,-2.992957731658905e-06
1141980,0.11971830955557507,3.775310172326374e-11,0.0,1.0999980485915475,-2.992957731628797e-06
1142040,0.11971830955496697,3.782094927473851e-11,0.0,1.0999980485915475,-2.9929577315987338e-06
1142100,0.11971830955435979,3.7888707097623986e-11,0.0,1.0999980485915475,-2.9929577315687145e-06
1142160,0.11971830955375354,3.795637519192018e-11,0.0,1.0999980485915475,-2.9929577315387397e-06
1142220,0.11971830955314822,3.802395355762706e-11,0.0,1.0999980485915475,-2.9929577315088094e-06
1142280,0.11971830955254381,3.809144219474464e-11,0.0,1.0999980485915475,-2.992957731478923e-06
1142340,0.11971830955194032,3.815884110327294e-11,0.0,1.0999980485915475,-2.992957731449081e-06
1142400,0.11971830955133776,3.822615028321194e-11,0.0,1.0999980485915475,-2.992957731419283e-06
1142460,0.11971830955073612,3.829336973456162e-11,0.0,1.0999980485915475,-2.9929577313895298e-06
1142520,0.1197183095501354,3.8360499457321996e-11,0.0,1.0999980485915475,-2.9929577313598205e-06
1142580,0.1197183095495356,3.84275394514931e-11,0.0,1.0999980485915475,-2.9929577313301557e-06
1142640,0.11971830954893674,3.8494489717074886e-11,0.0,1.0999980485915475,-2.992957731300535e-06
1142700,0.11971830954833879,3.8561350254067366e-11,0.0,1.0999980485915475,-2.9929577312709587e-06
1142760,0.11971830954774176,3.862812106247055e-11,0.0,1.0999980485915475,-2.9929577312414265e-06
1142820,0.11971830954714567,3.869480214228448e-11,0.0,1.0999980485915475,-2.9929577312119383e-06
1142880,0.11971830954655048,3.8761393493509066e-11,0.0,1.0999980485915475,-2.992957731182495e-06
1142940,0.11971830954595623,3.882789511614435e-11,0.0,1.0999980485915475,-2.9929577311530953e-06
1143000,0.11971830954536289,3.889430701019034e-11,0.0,1.0999980485915475,-2.9929577311237406e-06
1143060,0.11971830954477049,3.896062917564705e-11,0.0,1.0999980485915475,-2.9929577310944294e-06
1143120,0.119718309544179,3.902686161251444e-11,0.0,1.0999980485915475,-2.992957731065163e-06
1143180,0.11971830954358843,3.9093004320792526e-11,0.0,1.0999980485915475,-2.992957731035941e-06
1143240,0.1197183095429988,3.915905730048134e-11,0.0,1.0999980485915475,-2.9929577310067628e-06
1143300,0.11971830954241007,3.922502055158085e-11,0.0,1.0999980485915475,-2.992957730977629e-06
1143360,0.11971830954182228,3.9290894074091046e-11,0.0,1.0999980485915475,-2.9929577309485394e-06
1143420,0.1197183095412354,3.9356677868011936e-11,0.0,1.0999980485915473,-2.9929577309194942e-06
1143480,0.11971830954064945,3.9422371933343554e-11,0.0,1.0999980485915473,-2.992957730890493e-06
1143540,0.11971830954006442,3.948797627008585e-11,0.0,1.0999980485915473,-2.9929577308615364e-06
1143600,0.11971830953948032,3.9553490878238847e-11,0.0,1.0999980485915473,-2.9929577308326242e-06
1143660,0.11971830953889713,3.961891575780256e-11,0.0,1.0999980485915473,-2.992957730803756e-06
1143720,0.11971830953831487,3.968425090877698e-11,0.0,1.0999980485915473,-2.992957730774932e-06
1143780,0.11971830953773353,3.974949633116208e-11,0.0,1.0999980485915473,-2.9929577307461523e-06
1143840,0.11971830953715312,3.981465202495788e-11,0.0,1.0999980485915473,-2.992957730717417e-06
1143900,0.11971830953657363,3.98797179901644e-11,0.0,1.0999980485915473,-2.992957730688726e-06
1143960,0.11971830953599506,3.99446942267816e-11,0.0,1.0999980485915473,-2.9929577306600794e-06
1144020,0.11971830953541741,4.0009580734809505e-11,0.0,1.0999980485915473,-2.9929577306314768e-06
1144080,0.1197183095348407,4.007437751424813e-11,0.0,1.0999980485915473,-2.9929577306029182e-06
1144140,0.11971830953426489,4.013908456509745e-11,0.0,1.0999980485915473,-2.9929577305744045e-06
1144200,0.11971830953369002,4.020370188735746e-11,0.0,1.0999980485915473,-2.9929577305459345e-06
1144260,0.11971830953311606,4.026822948102816e-11,0.0,1.0999980485915473,-2.992957730517509e-06
1144320,0.11971830953254303,4.033266734610959e-11,0.0,1.0999980485915473,-2.992957730489128e-06
1144380,0.11971830953197092,4.03970154826017e-11,0.0,1.0999980485915473,-2.9929577304607907e-06
1144440,0.11971830953139972,4.0461273890504507e-11,0.0,1.0999980485915473,-2.992957730432498e-06
1144500,0.11971830953082947,4.0525442569818015e-11,0.0,1.0999980485915473,-2.9929577304042496e-06
1144560,0.11971830953026012,4.0589521520542265e-11,0.0,1.0999980485915473,-2.9929577303760455e-06
1144620,0.11971830952969172,4.065351074267717e-11,0.0,1.0999980485915473,-2.9929577303478855e-06
1144680,0.11971830952912421,4.071741023622278e-11,0.0,1.0999980485915473,-2.99295773031977e-06
1144740,0.11971830952855764,4.07812200011791e-11,0.0,1.0999980485915473,-2.992957730291699e-06
1144800,0.11971830952799199,4.0844940037546135e-11,0.0,1.0999980485915473,-2.9929577302636718e-06
1144860,0.11971830952742726,4.0908570345323846e-11,0.0,1.0999980485915473,-2.9929577302356888e-06
1144920,0.11971830952686346,4.097211092451226e-11,0.0,1.0999980485915473,-2.9929577302077502e-06
1144980,0.11971830952630058,4.10355617751114e-11,0.0,1.0999980485915473,-2.9929577301798558e-06
1145040,0.11971830952573863,4.109892289712123e-11,0.0,1.0999980485915473,-2.9929577301520057e-06
1145100,0.11971830952517759,4.116219429054175e-11,0.0,1.0999980485915473,-2.9929577301242e-06
1145160,0.11971830952461748,4.122537595537297e-11,0.0,1.0999980485915473,-2.9929577300964387e-06
1145220,0.11971830952405829,4.128846789161491e-11,0.0,1.0999980485915473,-2.9929577300687212e-06
1145280,0.11971830952350002,4.135147009926753e-11,0.0,1.0999980485915473,-2.9929577300410482e-06
1145340,0.11971830952294268,4.1414382578330846e-11,0.0,1.0999980485915473,-2.9929577300134197e-06
1145400,0.11971830952238625,4.147720532880489e-11,0.0,1.0999980485915473,-2.9929577299858352e-06
1145460,0.11971830952183075,4.1539938350689634e-11,0.0,1.0999980485915473,-2.9929577299582952e-06
1145520,0.11971830952127618,4.160258164398506e-11,0.0,1.099998048591547,-2.9929577299307993e-06
1145580,0.11971830952072253,4.166513520869118e-11,0.0,1.099998048591547,-2.9929577299033474e-06
1145640,0.1197183095201698,4.172759904480803e-11,0.0,1.099998048591547,-2.9929577298759403e-06
1145700,0.119718309519618,4.1789973152335555e-11,0.0,1.099998048591547,-2.992957729848577e-06
1145760,0.1197183095190671,4.185225753127378e-11,0.0,1.099998048591547,-2.992957729821258e-06
1145820,0.11971830951851715,4.191445218162273e-11,0.0,1.099998048591547,-2.9929577297939835e-06
1145880,0.11971830951796811,4.1976557103382374e-11,0.0,1.099998048591547,-2.992957729766753e-06
1145940,0.11971830951741999,4.20385722965527e-11,0.0,1.099998048591547,-2.992957729739567e-06
1146000,0.1197183095168728,4.2100497761133735e-11,0.0,1.099998048591547,-2.9929577297124253e-06
1146060,0.11971830951632653,4.216233349712549e-11,0.0,1.099998048591547,-2.992957729685328e-06
1146120,0.11971830951578119,4.222407950452792e-11,0.0,1.099998048591547,-2.992957729658275e-06
1146180,0.11971830951523676,4.228573578334105e-11,0.0,1.099998048591547,-2.9929577296312655e-06
1146240,0.11971830951469326,4.2347302333564906e-11,0.0,1.099998048591547,-2.992957729604301e-06
1146300,0.11971830951415068,4.240877915519946e-11,0.0,1.099998048591547,-2.9929577295773807e-06
1146360,0.11971830951360903,4.24701662482447e-11,0.0,1.099998048591547,-2.9929577295505043e-06
1146420,0.11971830951306829,4.2531463612700634e-11,0.0,1.099998048591547,-2.9929577295236725e-06
1146480,0.11971830951252849,4.2592671248567285e-11,0.0,1.099998048591547,-2.9929577294968846e-06
1146540,0.1197183095119896,4.2653789155844626e-11,0.0,1.099998048591547,-2.9929577294701412e-06
1146600,0.11971830951145163,4.2714817334532664e-11,0.0,1.099998048591547,-2.9929577294434423e-06
1146660,0.11971830951091458,4.2775755784631403e-11,0.0,1.099998048591547,-2.9929577294167875e-06
1146720,0.11971830951037847,4.2836604506140865e-11,0.0,1.099998048591547,-2.9929577293901767e-06
1146780,0.11971830950984327,4.289736349906103e-11,0.0,1.099998048591547,-2.9929577293636108e-06
1146840,0.11971830950930899,4.295803276339187e-11,0.0,1.099998048591547,-2.9929577293370885e-06
1146900,0.11971830950877564,4.301861229913341e-11,0.0,1.099998048591547,-2.9929577293106106e-06
1146960,0.11971830950824322,4.307910210628567e-11,0.0,1.099998048591547,-2.9929577292841773e-06
1147020,0.11971830950771171,4.313950218484862e-11,0.0,1.099998048591547,-2.992957729257788e-06
1147080,0.11971830950718113,4.3199812534822263e-11,0.0,1.099998048591547,-2.992957729231443e-06
1147140,0.11971830950665147,4.326003315620663e-11,0.0,1.099998048591547,-2.9929577292051423e-06
1147200,0.11971830950612274,4.33201640490017e-11,0.0,1.099998048591547,-2.992957729178886e-06
1147260,0.11971830950559492,4.338020521320744e-11,0.0,1.099998048591547,-2.9929577291526737e-06
1147320,0.11971830950506804,4.34401566488239e-11,0.0,1.099998048591547,-2.9929577291265055e-06
1147380,0.11971830950454207,4.3500018355851066e-11,0.0,1.099998048591547,-2.992957729100382e-06
1147440,0.11971830950401702,4.355979033428891e-11,0.0,1.099998048591547,-2.992957729074303e-06
1147500,0.1197183095034929,4.361947258413747e-11,0.0,1.099998048591547,-2.9929577290482676e-06
1147560,0.1197183095029697,4.367906510539674e-11,0.0,1.099998048591547,-2.992957729022277e-06
1147620,0.11971830950244743,4.373856789806671e-11,0.0,1.099998048591547,-2.99295772899633e-06
1147680,0.11971830950192607,4.3797980962147366e-11,0.0,1.099998048591547,-2.992957728970428e-06
1147740,0.11971830950140563,4.385730429763872e-11,0.0,1.0999980485915468,-2.9929577289445696e-06
1147800,0.11971830950088612,4.391653790454079e-11,0.0,1.0999980485915468,-2.992957728918756e-06
1147860,0.11971830950036753,4.397568178285355e-11,0.0,1.0999980485915468,-2.9929577288929865e-06
1147920,0.11971830949984988,4.403473593257701e-11,0.0,1.0999980485915468,-2.992957728867261e-06
1147980,0.11971830949933314,4.409370035371118e-11,0.0,1.0999980485915468,-2.99295772884158e-06
1148040,0.11971830949881732,4.415257504625606e-11,0.0,1.0999980485915468,-2.9929577288159434e-06
1148100,0.11971830949830242,4.421136001021163e-11,0.0,1.0999980485915468,-2.9929577287903507e-06
1148160,0.11971830949778846,4.4270055245577883e-11,0.0,1.0999980485915468,-2.9929577287648025e-06
1148220,0.11971830949727541,4.432866075235487e-11,0.0,1.0999980485915468,-2.9929577287392988e-06
1148280,0.11971830949676328,4.438717653054253e-11,0.0,1.0999980485915468,-2.992957728713839e-06
1148340,0.11971830949625208,4.444560258014089e-11,0.0,1.0999980485915468,-2.992957728688424e-06
1148400,0.11971830949574179,4.450393890114998e-11,0.0,1.0999980485915468,-2.9929577286630527e-06
1148460,0.11971830949523243,4.456218549356974e-11,0.0,1.0999980485915468,-2.9929577286377255e-06
1148520,0.119718309494724,4.4620342357400225e-11,0.0,1.0999980485915468,-2.9929577286124433e-06
1148580,0.1197183094942165,4.467840949264139e-11,0.0,1.0999980485915468,-2.9929577285872047e-06
1148640,0.1197183094937099,4.473638689929328e-11,0.0,1.0999980485915468,-2.9929577285620105e-06
1148700,0.11971830949320424,4.4794274577355853e-11,0.0,1.0999980485915468,-2.992957728536861e-06
1148760,0.1197183094926995,4.485207252682912e-11,0.0,1.0999980485915468,-2.9929577285117552e-06
1148820,0.11971830949219567,4.490978074771309e-11,0.0,1.0999980485915468,-2.992957728486694e-06
1148880,0.11971830949169278,4.496739924000778e-11,0.0,1.0999980485915468,-2.992957728461677e-06
1148940,0.1197183094911908,4.5024928003713167e-11,0.0,1.0999980485915468,-2.9929577284367043e-06
1149000,0.11971830949068975,4.5082367038829245e-11,0.0,1.0999980485915468,-2.992957728411776e-06
1149060,0.11971830949018962,4.513971634535601e-11,0.0,1.0999980485915468,-2.9929577283868916e-06
1149120,0.11971830948969041,4.519697592329351e-11,0.0,1.0999980485915468,-2.992957728362052e-06
1149180,0.11971830948919213,4.525414577264169e-11,0.0,1.0999980485915468,-2.9929577283372563e-06
1149240,0.11971830948869477,4.531122589340056e-11,0.0,1.0999980485915468,-2.9929577283125047e-06
1149300,0.11971830948819834,4.536821628557016e-11,0.0,1.0999980485915468,-2.9929577282877976e-06
1149360,0.11971830948770282,4.542511694915045e-11,0.0,1.0999980485915468,-2.9929577282631345e-06
1149420,0.11971830948720823,4.5481927884141435e-11,0.0,1.0999980485915468,-2.992957728238516e-06
1149480,0.11971830948671455,4.553864909054311e-11,0.0,1.0999980485915468,-2.992957728213942e-06
1149540,0.11971830948622181,4.5595280568355513e-11,0.0,1.0999980485915468,-2.9929577281894118e-06
1149600,0.11971830948572998,4.5651822317578597e-11,0.0,1.0999980485915468,-2.9929577281649257e-06
1149660,0.11971830948523908,4.5708274338212376e-11,0.0,1.0999980485915468,-2.992957728140484e-06
1149720,0.11971830948474911,4.5764636630256884e-11,0.0,1.0999980485915468,-2.992957728116087e-06
1149780,0.11971830948426004,4.582090919371208e-11,0.0,1.0999980485915468,-2.992957728091734e-06
1149840,0.11971830948377192,4.587709202857797e-11,0.0,1.0999980485915468,-2.9929577280674255e-06
1149900,0.11971830948328471,4.593318513485455e-11,0.0,1.0999980485915468,-2.992957728043161e-06
1149960,0.11971830948279842,4.5989188512541856e-11,0.0,1.0999980485915468,-2.9929577280189404e-06
1150020,0.11971830948231306,4.6045102161639843e-11,0.0,1.0999980485915468,-2.9929577279947644e-06
1150080,0.11971830948182861,4.6100926082148534e-11,0.0,1.0999980485915466,-2.992957727970633e-06
1150140,0.1197183094813451,4.615666027406794e-11,0.0,1.0999980485915466,-2.9929577279465454e-06
1150200,0.1197183094808625,4.621230473739805e-11,0.0,1.0999980485915466,-2.9929577279225024e-06
1150260,0.11971830948038083,4.626785947213884e-11,0.0,1.0999980485915466,-2.9929577278985034e-06
1150320,0.11971830947990007,4.6323324478290326e-11,0.0,1.0999980485915466,-2.992957727874549e-06
1150380,0.11971830947942025,4.637869975585254e-11,0.0,1.0999980485915466,-2.9929577278506384e-06
1150440,0.11971830947894134,4.6433985304825434e-11,0.0,1.0999980485915466,-2.9929577278267724e-06
1150500,0.11971830947846336,4.648918112520903e-11,0.0,1.0999980485915466,-2.992957727802951e-06
1150560,0.1197183094779863,4.6544287217003326e-11,0.0,1.0999980485915466,-2.992957727779173e-06
1150620,0.11971830947751017,4.659930358020834e-11,0.0,1.0999980485915466,-2.99295772775544e-06
1150680,0.11971830947703496,4.6654230214824053e-11,0.0,1.0999980485915466,-2.992957727731751e-06
1150740,0.11971830947656066,4.670906712085045e-11,0.0,1.0999980485915466,-2.992957727708106e-06
1150800,0.1197183094760873,4.676381429828755e-11,0.0,1.0999980485915466,-2.9929577276845056e-06
1150860,0.11971830947561485,4.681847174713537e-11,0.0,1.0999980485915466,-2.992957727660949e-06
1150920,0.11971830947514334,4.687303946739387e-11,0.0,1.0999980485915466,-2.9929577276374372e-06
1150980,0.11971830947467273,4.692751745906307e-11,0.0,1.0999980485915466,-2.9929577276139698e-06
1151040,0.11971830947420306,4.698190572214299e-11,0.0,1.0999980485915466,-2.9929577275905463e-06
1151100,0.1197183094737343,4.7036204256633605e-11,0.0,1.0999980485915466,-2.992957727567167e-06
1151160,0.11971830947326648,4.7090413062534914e-11,0.0,1.0999980485915466,-2.992957727543832e-06
1151220,0.11971830947279956,4.714453213984691e-11,0.0,1.0999980485915466,-2.9929577275205416e-06
1151280,0.11971830947233358,4.7198561488569646e-11,0.0,1.0999980485915466,-2.992957727497295e-06
1151340,0.11971830947186851,4.725250110870304e-11,0.0,1.0999980485915466,-2.9929577274740933e-06
1151400,0.11971830947140438,4.7306351000247155e-11,0.0,1.0999980485915466,-2.9929577274509354e-06
1151460,0.11971830947094116,4.736011116320198e-11,0.0,1.0999980485915466,-2.992957727427822e-06
1151520,0.11971830947047887,4.741378159756751e-11,0.0,1.0999980485915466,-2.9929577274047526e-06
1151580,0.11971830947001749,4.746736230334372e-11,0.0,1.0999980485915466,-2.9929577273817273e-06
1151640,0.11971830946955704,4.752085328053063e-11,0.0,1.0999980485915466,-2.992957727358747e-06
1151700,0.11971830946909752,4.7574254529128255e-11,0.0,1.0999980485915466,-2.99295772733581e-06
1151760,0.11971830946863891,4.762756604913657e-11,0.0,1.0999980485915466,-2.992957727312918e-06
1151820,0.11971830946818124,4.7680787840555586e-11,0.0,1.0999980485915466,-2.99295772729007e-06
1151880,0.11971830946772448,4.773391990338532e-11,0.0,1.0999980485915466,-2.9929577272672665e-06
1151940,0.11971830946726865,4.7786962237625746e-11,0.0,1.0999980485915466,-2.992957727244507e-06
1152000,0.11971830946681374,4.7839914843276864e-11,0.0,1.0999980485915466,-2.992957727221792e-06
1152060,0.11971830946635975,4.789277772033868e-11,0.0,1.0999980485915466,-2.992957727199121e-06
1152120,0.11971830946590668,4.7945550868811213e-11,0.0,1.0999980485915466,-2.992957727176494e-06
1152180,0.11971830946545454,4.799823428869443e-11,0.0,1.0999980485915466,-2.992957727153912e-06
1152240,0.11971830946500332,4.805082797998835e-11,0.0,1.0999980485915466,-2.9929577271313736e-06
1152300,0.11971830946455303,4.810333194269299e-11,0.0,1.0999980485915466,-2.9929577271088798e-06
1152360,0.11971830946410365,4.815574617680831e-11,0.0,1.0999980485915466,-2.9929577270864304e-06
1152420,0.11971830946365519,4.820807068233435e-11,0.0,1.0999980485915466,-2.992957727064025e-06
1152480,0.11971830946320768,4.826030545927107e-11,0.0,1.0999980485915466,-2.992957727041664e-06
1152540,0.11971830946276106,4.831245050761851e-11,0.0,1.0999980485915466,-2.992957727019347e-06
1152600,0.11971830946231538,4.836450582737664e-11,0.0,1.0999980485915466,-2.992957726997075e-06
1152660,0.11971830946187062,4.841647141854546e-11,0.0,1.0999980485915464,-2.9929577269748466e-06
1152720,0.11971830946142678,4.8468347281124986e-11,0.0,1.0999980485915464,-2.9929577269526628e-06
1152780,0.11971830946098387,4.852013341511523e-11,0.0,1.0999980485915464,-2.992957726930523e-06
1152840,0.11971830946054188,4.857182982051617e-11,0.0,1.0999980485915464,-2.9929577269084273e-06
1152900,0.11971830946010081,4.8623436497327805e-11,0.0,1.0999980485915464,-2.992957726886376e-06
1152960,0.11971830945966067,4.867495344555013e-11,0.0,1.0999980485915464,-2.9929577268643693e-06
1153020,0.11971830945922143,4.8726380665183183e-11,0.0,1.0999980485915464,-2.9929577268424066e-06
1153080,0.11971830945878313,4.8777718156226913e-11,0.0,1.0999980485915464,-2.9929577268204884e-06
1153140,0.11971830945834576,4.8828965918681346e-11,0.0,1.0999980485915464,-2.992957726798614e-06
1153200,0.1197183094579093,4.8880123952546494e-11,0.0,1.0999980485915464,-2.9929577267767844e-06
1153260,0.11971830945747378,4.8931192257822344e-11,0.0,1.0999980485915464,-2.9929577267549987e-06
1153320,0.11971830945703917,4.898217083450888e-11,0.0,1.0999980485915464,-2.9929577267332575e-06
1153380,0.11971830945660547,4.9033059682606114e-11,0.0,1.0999980485915464,-2.9929577267115603e-06
1153440,0.11971830945617272,4.9083858802114065e-11,0.0,1.0999980485915464,-2.9929577266899076e-06
1153500,0.11971830945574087,4.9134568193032706e-11,0.0,1.0999980485915464,-2.9929577266682994e-06
1153560,0.11971830945530995,4.918518785536204e-11,0.0,1.0999980485915464,-2.992957726646735e-06
1153620,0.11971830945487996,4.9235717789102095e-11,0.0,1.0999980485915464,-2.992957726625215e-06
1153680,0.11971830945445089,4.928615799425285e-11,0.0,1.0999980485915464,-2.9929577266037394e-06
1153740,0.11971830945402273,4.9336508470814294e-11,0.0,1.0999980485915464,-2.9929577265823078e-06
1153800,0.11971830945359552,4.9386769218786434e-11,0.0,1.0999980485915464,-2.9929577265609206e-06
1153860,0.1197183094531692,4.943694023816929e-11,0.0,1.0999980485915464,-2.992957726539578e-06
1153920,0.11971830945274382,4.9487021528962835e-11,0.0,1.0999980485915464,-2.9929577265182793e-06
1153980,0.11971830945231937,4.9537013091167083e-11,0.0,1.0999980485915464,-2.9929577264970247e-06
1154040,0.11971830945189584,4.958691492478204e-11,0.0,1.0999980485915464,-2.9929577264758146e-06
1154100,0.11971830945147321,4.9636727029807686e-11,0.0,1.0999980485915464,-2.992957726454649e-06
1154160,0.11971830945105152,4.968644940624405e-11,0.0,1.0999980485915464,-2.9929577264335273e-06
1154220,0.11971830945063076,4.97360820540911e-11,0.0,1.0999980485915464,-2.9929577264124497e-06
1154280,0.11971830945021092,4.9785624973348866e-11,0.0,1.0999980485915464,-2.9929577263914166e-06
1154340,0.11971830944979199,4.983507816401731e-11,0.0,1.0999980485915464,-2.992957726370428e-06
1154400,0.11971830944937399,4.988444162609646e-11,0.0,1.0999980485915464,-2.9929577263494834e-06
1154460,0.11971830944895692,4.993371535958633e-11,0.0,1.0999980485915464,-2.9929577263285833e-06
1154520,0.11971830944854077,4.998289936448688e-11,0.0,1.0999980485915464,-2.9929577263077272e-06
1154580,0.11971830944812555,5.0031993640798145e-11,0.0,1.0999980485915464,-2.9929577262869156e-06
1154640,0.11971830944771124,5.00809981885201e-11,0.0,1.0999980485915464,-2.992957726266148e-06
1154700,0.11971830944729785,5.012991300765277e-11,0.0,1.0999980485915464,-2.992957726245425e-06
1154760,0.11971830944688538,5.017873809819613e-11,0.0,1.0999980485915464,-2.992957726224746e-06
1154820,0.11971830944647385,5.022747346015018e-11,0.0,1.0999980485915464,-2.9929577262041114e-06
1154880,0.11971830944606324,5.027611909351494e-11,0.0,1.0999980485915464,-2.992957726183521e-06
1154940,0.11971830944565354,5.0324674998290416e-11,0.0,1.0999980485915464,-2.992957726162975e-06
1155000,0.11971830944524477,5.0373141174476586e-11,0.0,1.0999980485915464,-2.9929577261424728e-06
1155060,0.11971830944483693,5.0421517622073446e-11,0.0,1.0999980485915464,-2.9929577261220152e-06
1155120,0.11971830944442999,5.046980434108101e-11,0.0,1.0999980485915464,-2.992957726101602e-06
1155180,0.119718309444024,5.0518001331499287e-11,0.0,1.0999980485915464,-2.992957726081233e-06
1155240,0.11971830944361891,5.056610859332825e-11,0.0,1.0999980485915464,-2.992957726060908e-06
1155300,0.11971830944321475,5.061412612656791e-11,0.0,1.0999980485915464,-2.9929577260406277e-06
1155360,0.11971830944281152,5.066205393121829e-11,0.0,1.0999980485915464,-2.9929577260203916e-06
1155420,0.11971830944240922,5.070989200727937e-11,0.0,1.0999980485915462,-2.9929577260001996e-06
1155480,0.11971830944200783,5.0757640354751136e-11,0.0,1.0999980485915462,-2.9929577259800517e-06
1155540,0.11971830944160736,5.08052989736336e-11,0.0,1.0999980485915462,-2.992957725959948e-06
1155600,0.11971830944120782,5.0852867863926785e-11,0.0,1.0999980485915462,-2.992957725939889e-06
1155660,0.1197183094408092,5.0900347025630657e-11,0.0,1.0999980485915462,-2.9929577259198742e-06
1155720,0.11971830944041151,5.094773645874522e-11,0.0,1.0999980485915462,-2.9929577258999033e-06
1155780,0.11971830944001473,5.099503616327051e-11,0.0,1.0999980485915462,-2.9929577258799773e-06
1155840,0.11971830943961888,5.1042246139206474e-11,0.0,1.0999980485915462,-2.992957725860095e-06
1155900,0.11971830943922394,5.108936638655316e-11,0.0,1.0999980485915462,-2.992957725840257e-06
1155960,0.11971830943882994,5.113639690531054e-11,0.0,1.0999980485915462,-2.9929577258204635e-06
1156020,0.11971830943843687,5.1183337695478627e-11,0.0,1.0999980485915462,-2.992957725800714e-06
1156080,0.1197183094380447,5.12301887570574e-11,0.0,1.0999980485915462,-2.992957725781009e-06
1156140,0.11971830943765346,5.1276950090046875e-11,0.0,1.0999980485915462,-2.992957725761348e-06
1156200,0.11971830943726315,5.132362169444706e-11,0.0,1.0999980485915462,-2.9929577257417318e-06
1156260,0.11971830943687375,5.1370203570257946e-11,0.0,1.0999980485915462,-2.9929577257221594e-06
1156320,0.11971830943648529,5.141669571747953e-11,0.0,1.0999980485915462,-2.9929577257026314e-06
1156380,0.11971830943609775,5.146309813611181e-11,0.0,1.0999980485915462,-2.992957725683148e-06
1156440,0.11971830943571111,5.150941082615481e-11,0.0,1.0999980485915462,-2.992957725663708e-06
1156500,0.11971830943532542,5.1555633787608486e-11,0.0,1.0999980485915462,-2.9929577256443132e-06
1156560,0.11971830943494065,5.160176702047286e-11,0.0,1.0999980485915462,-2.9929577256249623e-06
1156620,0.11971830943455679,5.164781052474797e-11,0.0,1.0999980485915462,-2.9929577256056555e-06
1156680,0.11971830943417386,5.169376430043375e-11,0.0,1.0999980485915462,-2.992957725586393e-06
1156740,0.11971830943379184,5.1739628347530246e-11,0.0,1.0999980485915462,-2.9929577255671748e-06
1156800,0.11971830943341076,5.178540266603743e-11,0.0,1.0999980485915462,-2.992957725548001e-06
1156860,0.1197183094330306,5.183108725595533e-11,0.0,1.0999980485915462,-2.9929577255288715e-06
1156920,0.11971830943265135,5.1876682117283913e-11,0.0,1.0999980485915462,-2.992957725509786e-06
1156980,0.11971830943227305,5.19221872500232e-11,0.0,1.0999980485915462,-2.9929577254907453e-06
1157040,0.11971830943189565,5.196760265417319e-11,0.0,1.0999980485915462,-2.9929577254717485e-06
1157100,0.11971830943151918,5.2012928329733896e-11,0.0,1.0999980485915462,-2.9929577254527957e-06
1157160,0.11971830943114363,5.20581642767053e-11,0.0,1.0999980485915462,-2.9929577254338874e-06
1157220,0.119718309430769,5.210331049508739e-11,0.0,1.0999980485915462,-2.9929577254150235e-06
1157280,0.1197183094303953,5.2148366984880175e-11,0.0,1.0999980485915462,-2.9929577253962037e-06
1157340,0.11971830943002251,5.219333374608369e-11,0.0,1.0999980485915462,-2.9929577253774284e-06
1157400,0.11971830942965066,5.223821077869788e-11,0.0,1.0999980485915462,-2.992957725358697e-06
1157460,0.11971830942927972,5.228299808272277e-11,0.0,1.0999980485915462,-2.9929577253400103e-06
1157520,0.11971830942890971,5.2327695658158387e-11,0.0,1.0999980485915462,-2.9929577253213675e-06
1157580,0.11971830942854063,5.237230350500467e-11,0.0,1.0999980485915462,-2.9929577253027692e-06
1157640,0.11971830942817245,5.241682162326169e-11,0.0,1.0999980485915462,-2.992957725284215e-06
1157700,0.11971830942780522,5.246125001292938e-11,0.0,1.0999980485915462,-2.992957725265705e-06
1157760,0.1197183094274389,5.25055886740078e-11,0.0,1.0999980485915462,-2.9929577252472394e-06
1157820,0.1197183094270735,5.2549837606496895e-11,0.0,1.0999980485915462,-2.992957725228818e-06
1157880,0.11971830942670902,5.2593996810396694e-11,0.0,1.0999980485915462,-2.992957725210441e-06
1157940,0.11971830942634547,5.2638066285707214e-11,0.0,1.0999980485915462,-2.992957725192108e-06
1158000,0.11971830942598284,5.268204603242841e-11,0.0,1.0999980485915462,-2.9929577251738195e-06
1158060,0.11971830942562113,5.272593605056033e-11,0.0,1.0999980485915462,-2.9929577251555752e-06
1158120,0.11971830942526035,5.2769736340102927e-11,0.0,1.0999980485915462,-2.9929577251373754e-06
1158180,0.11971830942490048,5.281344690105625e-11,0.0,1.0999980485915462,-2.9929577251192197e-06
1158240,0.11971830942454155,5.285706773342025e-11,0.0,1.0999980485915462,-2.992957725101108e-06
1158300,0.11971830942418353,5.290059883719496e-11,0.0,1.0999980485915462,-2.992957725083041e-06
1158360,0.11971830942382644,5.2944040212380386e-11,0.0,1.0999980485915462,-2.992957725065018e-06
1158420,0.11971830942347027,5.2987391858976494e-11,0.0,1.0999980485915462,-2.9929577250470394e-06
1158480,0.11971830942311502,5.303065377698331e-11,0.0,1.0999980485915462,-2.9929577250291047e-06
1158540,0.1197183094227607,5.307382596640082e-11,0.0,1.099998048591546,-2.9929577250112145e-06
1158600,0.1197183094224073,5.3116908427229046e-11,0.0,1.099998048591546,-2.992957724993369e-06
1158660,0.11971830942205482,5.315990115946796e-11,0.0,1.099998048591546,-2.992957724975567e-06
1158720,0.11971830942170326,5.320280416311757e-11,0.0,1.099998048591546,-2.99295772495781e-06
1158780,0.11971830942135263,5.324561743817788e-11,0.0,1.099998048591546,-2.992957724940097e-06
1158840,0.11971830942100292,5.328834098464891e-11,0.0,1.099998048591546,-2.992957724922428e-06
1158900,0.11971830942065413,5.3330974802530635e-11,0.0,1.099998048591546,-2.9929577249048035e-06
1158960,0.11971830942030627,5.337351889182305e-11,0.0,1.099998048591546,-2.992957724887223e-06
1159020,0.11971830941995933,5.3415973252526166e-11,0.0,1.099998048591546,-2.992957724869687e-06
1159080,0.11971830941961331,5.3458337884639995e-11,0.0,1.099998048591546,-2.992957724852195e-06
1159140,0.11971830941926821,5.3500612788164513e-11,0.0,1.099998048591546,-2.992957724834748e-06
1159200,0.11971830941892404,5.3542797963099734e-11,0.0,1.099998048591546,-2.992957724817345e-06
1159260,0.11971830941858079,5.3584893409445664e-11,0.0,1.099998048591546,-2.9929577247999857e-06
1159320,0.11971830941823845,5.3626899127202296e-11,0.0,1.099998048591546,-2.992957724782671e-06
1159380,0.11971830941789706,5.366881511636962e-11,0.0,1.099998048591546,-2.9929577247654005e-06
1159440,0.11971830941755657,5.371064137694764e-11,0.0,1.099998048591546,-2.9929577247481744e-06
1159500,0.119718309417217,5.375237790893638e-11,0.0,1.099998048591546,-2.9929577247309923e-06
1159560,0.11971830941687837,5.3794024712335805e-11,0.0,1.099998048591546,-2.9929577247138547e-06
1159620,0.11971830941654066,5.383558178714593e-11,0.0,1.099998048591546,-2.9929577246967616e-06
1159680,0.11971830941620387,5.3877049133366765e-11,0.0,1.099998048591546,-2.9929577246797125e-06
1159740,0.119718309415868,5.3918426750998295e-11,0.0,1.099998048591546,-2.9929577246627075e-06
1159800,0.11971830941553306,5.3959714640040534e-11,0.0,1.099998048591546,-2.992957724645747e-06
1159860,0.11971830941519904,5.4000912800493456e-11,0.0,1.099998048591546,-2.992957724628831e-06
1159920,0.11971830941486594,5.404202123235711e-11,0.0,1.099998048591546,-2.992957724611959e-06
1159980,0.11971830941453376,5.4083039935631434e-11,0.0,1.099998048591546,-2.9929577245951308e-06
1160040,0.1197183094142025,5.4123968910316464e-11,0.0,1.099998048591546,-2.9929577245783473e-06
1160100,0.11971830941387218,5.416480815641221e-11,0.0,1.099998048591546,-2.992957724561608e-06
1160160,0.11971830941354276,5.4205557673918644e-11,0.0,1.099998048591546,-2.992957724544913e-06
1160220,0.11971830941321428,5.424621746283579e-11,0.0,1.099998048591546,-2.9929577245282626e-06
1160280,0.11971830941288672,5.428678752316362e-11,0.0,1.099998048591546,-2.992957724511656e-06
1160340,0.11971830941256008,5.4327267854902175e-11,0.0,1.099998048591546,-2.992957724495094e-06
1160400,0.11971830941223437,5.436765845805141e-11,0.0,1.099998048591546,-2.992957724478576e-06
1160460,0.11971830941190957,5.440795933261134e-11,0.0,1.099998048591546,-2.9929577244621026e-06
1160520,0.11971830941158569,5.4448170478582e-11,0.0,1.099998048591546,-2.992957724445673e-06
1160580,0.11971830941126275,5.448829189596333e-11,0.0,1.099998048591546,-2.992957724429288e-06
1160640,0.11971830941094072,5.4528323584755384e-11,0.0,1.099998048591546,-2.992957724412947e-06
1160700,0.11971830941061962,5.456826554495812e-11,0.0,1.099998048591546,-2.9929577243966506e-06
1160760,0.11971830941029944,5.460811777657157e-11,0.0,1.099998048591546,-2.992957724380398e-06
1160820,0.11971830940998018,5.4647880279595724e-11,0.0,1.099998048591546,-2.9929577243641902e-06
1160880,0.11971830940966184,5.468755305403056e-11,0.0,1.099998048591546,-2.9929577243480263e-06
1160940,0.11971830940934444,5.4727136099876116e-11,0.0,1.099998048591546,-2.992957724331907e-06
1161000,0.11971830940902795,5.4766629417132366e-11,0.0,1.099998048591546,-2.992957724315832e-06
1161060,0.11971830940871238,5.480603300579932e-11,0.0,1.099998048591546,-2.992957724299801e-06
1161120,0.11971830940839774,5.484534686587696e-11,0.0,1.099998048591546,-2.992957724283814e-06
1161180,0.11971830940808402,5.488457099736532e-11,0.0,1.099998048591546,-2.9929577242678716e-06
1161240,0.11971830940777121,5.492370540026438e-11,0.0,1.099998048591546,-2.992957724251973e-06
1161300,0.11971830940745934,5.496275007457412e-11,0.0,1.099998048591546,-2.9929577242361193e-06
1161360,0.1197183094071484,5.500170502029458e-11,0.0,1.099998048591546,-2.99295772422031e-06
1161420,0.11971830940683836,5.5040570237425726e-11,0.0,1.099998048591546,-2.9929577242045444e-06
1161480,0.11971830940652926,5.507934572596759e-11,0.0,1.099998048591546,-2.9929577241888235e-06
1161540,0.11971830940622108,5.511803148592015e-11,0.0,1.099998048591546,-2.9929577241731466e-06
1161600,0.11971830940591381,5.515662751728341e-11,0.0,1.099998048591546,-2.9929577241575138e-06
1161660,0.11971830940560747,5.519513382005736e-11,0.0,1.099998048591546,-2.992957724141926e-06
1161720,0.11971830940530206,5.523355039424202e-11,0.0,1.099998048591546,-2.9929577241263815e-06
1161780,0.11971830940499757,5.5271877239837385e-11,0.0,1.099998048591546,-2.9929577241108816e-06
1161840,0.119718309404694,5.5310114356843443e-11,0.0,1.099998048591546,-2.9929577240954262e-06
1161900,0.11971830940439135,5.5348261745260205e-11,0.0,1.099998048591546,-2.992957724080015e-06
1161960,0.11971830940408963,5.5386319405087675e-11,0.0,1.099998048591546,-2.992957724064648e-06
1162020,0.11971830940378883,5.542428733632584e-11,0.0,1.099998048591546,-2.992957724049325e-06
1162080,0.11971830940348895,5.54621655389747e-11,0.0,1.099998048591546,-2.992957724034047e-06
1162140,0.11971830940318999,5.549995401303427e-11,0.0,1.099998048591546,-2.9929577240188125e-06
1162200,0.11971830940289196,5.5537652758504535e-11,0.0,1.0999980485915457,-2.9929577240036227e-06
1162260,0.11971830940259486,5.55752617753855e-11,0.0,1.0999980485915457,-2.9929577239884773e-06
1162320,0.11971830940229866,5.5612781063677163e-11,0.0,1.0999980485915457,-2.9929577239733756e-06
1162380,0.1197183094020034,5.5650210623379544e-11,0.0,1.0999980485915457,-2.9929577239583187e-06
1162440,0.11971830940170906,5.5687550454492615e-11,0.0,1.0999980485915457,-2.992957723943306e-06
1162500,0.11971830940141565,5.5724800557016375e-11,0.0,1.0999980485915457,-2.992957723928337e-06
1162560,0.11971830940112314,5.576196093095085e-11,0.0,1.0999980485915457,-2.992957723913413e-06
1162620,0.11971830940083157,5.5799031576296016e-11,0.0,1.0999980485915457,-2.992957723898533e-06
1162680,0.11971830940054093,5.5836012493051896e-11,0.0,1.0999980485915457,-2.9929577238836972e-06
1162740,0.1197183094002512,5.5872903681218466e-11,0.0,1.0999980485915457,-2.9929577238689055e-06
1162800,0.11971830939996239,5.590970514079575e-11,0.0,1.0999980485915457,-2.9929577238541582e-06
1162860,0.11971830939967451,5.594641687178372e-11,0.0,1.0999980485915457,-2.9929577238394554e-06
1162920,0.11971830939938756,5.59830388741824e-11,0.0,1.0999980485915457,-2.9929577238247967e-06
1162980,0.11971830939910151,5.601957114799178e-11,0.0,1.0999980485915457,-2.992957723810182e-06
1163040,0.1197183093988164,5.605601369321185e-11,0.0,1.0999980485915457,-2.9929577237956117e-06
1163100,0.11971830939853222,5.609236650984263e-11,0.0,1.0999980485915457,-2.992957723781086e-06
1163160,0.11971830939824894,5.612862959788411e-11,0.0,1.0999980485915457,-2.9929577237666042e-06
1163220,0.1197183093979666,5.616480295733629e-11,0.0,1.0999980485915457,-2.992957723752167e-06
1163280,0.11971830939768519,5.6200886588199175e-11,0.0,1.0999980485915457,-2.9929577237377738e-06
1163340,0.11971830939740469,5.623688049047276e-11,0.0,1.0999980485915457,-2.992957723723425e-06
1163400,0.1197183093971251,5.627278466415705e-11,0.0,1.0999980485915457,-2.9929577237091203e-06
1163460,0.11971830939684645,5.630859910925202e-11,0.0,1.0999980485915457,-2.99295772369486e-06
1163520,0.11971830939656872,5.634432382575771e-11,0.0,1.0999980485915457,-2.992957723680644e-06
1163580,0.11971830939629191,5.637995881367409e-11,0.0,1.0999980485915457,-2.9929577236664722e-06
1163640,0.11971830939601603,5.641550407300118e-11,0.0,1.0999980485915457,-2.9929577236523446e-06
1163700,0.11971830939574107,5.645095960373897e-11,0.0,1.0999980485915457,-2.9929577236382614e-06
1163760,0.11971830939546703,5.6486325405887466e-11,0.0,1.0999980485915457,-2.9929577236242222e-06
1163820,0.11971830939519391,5.652160147944664e-11,0.0,1.0999980485915457,-2.9929577236102276e-06
1163880,0.11971830939492172,5.6556787824416533e-11,0.0,1.0999980485915457,-2.9929577235962773e-06
1163940,0.11971830939465045,5.659188444079713e-11,0.0,1.0999980485915457,-2.992957723582371e-06
1164000,0.11971830939438009,5.6626891328588417e-11,0.0,1.0999980485915457,-2.992957723568509e-06
1164060,0.11971830939411067,5.666180848779041e-11,0.0,1.0999980485915457,-2.9929577235546914e-06
1164120,0.11971830939384218,5.669663591840311e-11,0.0,1.0999980485915457,-2.9929577235409182e-06
1164180,0.1197183093935746,5.673137362042651e-11,0.0,1.0999980485915457,-2.992957723527189e-06
1164240,0.11971830939330794,5.6766021593860593e-11,0.0,1.0999980485915457,-2.992957723513504e-06
1164300,0.1197183093930422,5.680057983870539e-11,0.0,1.0999980485915457,-2.9929577234998634e-06
1164360,0.11971830939277739,5.683504835496089e-11,0.0,1.0999980485915457,-2.9929577234862672e-06
1164420,0.1197183093925135,5.686942714262709e-11,0.0,1.0999980485915457,-2.992957723472715e-06
1164480,0.11971830939225053,5.6903716201703984e-11,0.0,1.0999980485915457,-2.992957723459207e-06
1164540,0.11971830939198849,5.693791553219159e-11,0.0,1.0999980485915457,-2.9929577234457435e-06
1164600,0.11971830939172737,5.697202513408988e-11,0.0,1.0999980485915457,-2.9929577234323244e-06
1164660,0.11971830939146717,5.700604500739889e-11,0.0,1.0999980485915457,-2.9929577234189493e-06
1164720,0.11971830939120791,5.703997515211859e-11,0.0,1.0999980485915457,-2.9929577234056187e-06
1164780,0.11971830939094955,5.707381556824899e-11,0.0,1.0999980485915457,-2.992957723392332e-06
1164840,0.11971830939069213,5.7107566255790096e-11,0.0,1.0999980485915457,-2.99295772337909e-06
1164900,0.11971830939043562,5.71412272147419e-11,0.0,1.0999980485915457,-2.992957723365892e-06
1164960,0.11971830939018004,5.71747984451044e-11,0.0,1.0999980485915457,-2.9929577233527384e-06
1165020,0.11971830938992538,5.720827994687761e-11,0.0,1.0999980485915457,-2.992957723339629e-06
1165080,0.11971830938967164,5.7241671720061514e-11,0.0,1.0999980485915457,-2.992957723326564e-06
1165140,0.11971830938941883,5.727497376465613e-11,0.0,1.0999980485915457,-2.992957723313543e-06
1165200,0.11971830938916693,5.730818608066143e-11,0.0,1.0999980485915457,-2.9929577233005663e-06
1165260,0.11971830938891596,5.734130866807745e-11,0.0,1.0999980485915457,-2.992957723287634e-06
1165320,0.11971830938866591,5.7374341526904146e-11,0.0,1.0999980485915457,-2.9929577232747458e-06
1165380,0.1197183093884168,5.740728465714156e-11,0.0,1.0999980485915457,-2.992957723261902e-06
1165440,0.11971830938816859,5.744013805878968e-11,0.0,1.0999980485915457,-2.9929577232491027e-06
1165500,0.11971830938792132,5.7472901731848497e-11,0.0,1.0999980485915457,-2.9929577232363472e-06
1165560,0.11971830938767496,5.7505575676318e-11,0.0,1.0999980485915457,-2.9929577232236362e-06
1165620,0.11971830938742953,5.7538159892198217e-11,0.0,1.0999980485915457,-2.9929577232109697e-06
1165680,0.11971830938718502,5.757065437948913e-11,0.0,1.0999980485915457,-2.992957723198347e-06
1165740,0.11971830938694143,5.7603059138190747e-11,0.0,1.0999980485915457,-2.9929577231857688e-06
1165800,0.11971830938669877,5.7635374168303065e-11,0.0,1.0999980485915457,-2.9929577231732348e-06
1165860,0.11971830938645703,5.7667599469826086e-11,0.0,1.0999980485915457,-2.9929577231607453e-06
1165920,0.1197183093862162,5.769973504275981e-11,0.0,1.0999980485915457,-2.9929577231483e-06
1165980,0.11971830938597632,5.773178088710422e-11,0.0,1.0999980485915457,-2.992957723135899e-06
1166040,0.11971830938573734,5.7763737002859345e-11,0.0,1.0999980485915457,-2.992957723123542e-06
1166100,0.1197183093854993,5.779560339002517e-11,0.0,1.0999980485915457,-2.992957723111229e-06
1166160,0.11971830938526216,5.7827380048601684e-11,0.0,1.0999980485915457,-2.992957723098961e-06
1166220,0.11971830938502596,5.7859066978588913e-11,0.0,1.0999980485915457,-2.9929577230867366e-06
1166280,0.11971830938479068,5.789066417998684e-11,0.0,1.0999980485915457,-2.992957723074557e-06
1166340,0.11971830938455633,5.792217165279547e-11,0.0,1.0999980485915457,-2.9929577230624213e-06
1166400,0.11971830938432289,5.7953589397014784e-11,0.0,1.0999980485915457,-2.9929577230503303e-06
1166460,0.11971830938409038,5.798491741264482e-11,0.0,1.0999980485915457,-2.992957723038283e-06
1166520,0.11971830938385879,5.8016155699685533e-11,0.0,1.0999980485915457,-2.9929577230262805e-06
1166580,0.11971830938362812,5.8047304258136965e-11,0.0,1.0999980485915457,-2.9929577230143217e-06
1166640,0.11971830938339838,5.807836308799909e-11,0.0,1.0999980485915457,-2.9929577230024077e-06
1166700,0.11971830938316956,5.810933218927192e-11,0.0,1.0999980485915455,-2.992957722990538e-06
1166760,0.11971830938294166,5.8140211561955455e-11,0.0,1.0999980485915455,-2.992957722978712e-06
1166820,0.11971830938271467,5.817100120604969e-11,0.0,1.0999980485915455,-2.9929577229669306e-06
1166880,0.11971830938248863,5.820170112155463e-11,0.0,1.0999980485915455,-2.9929577229551933e-06
1166940,0.1197183093822635,5.823231130847025e-11,0.0,1.0999980485915455,-2.9929577229435004e-06
1167000,0.1197183093820393,5.826283176679658e-11,0.0,1.0999980485915455,-2.992957722931852e-06
1167060,0.119718309381816,5.829326249653363e-11,0.0,1.0999980485915455,-2.9929577229202476e-06
1167120,0.11971830938159364,5.832360349768135e-11,0.0,1.0999980485915455,-2.9929577229086873e-06
1167180,0.1197183093813722,5.83538547702398e-11,0.0,1.0999980485915455,-2.9929577228971715e-06
1167240,0.11971830938115169,5.838401631420894e-11,0.0,1.0999980485915455,-2.9929577228857e-06
1167300,0.1197183093809321,5.841408812958877e-11,0.0,1.0999980485915455,-2.992957722874273e-06
1167360,0.11971830938071343,5.844407021637931e-11,0.0,1.0999980485915455,-2.99295772286289e-06
1167420,0.11971830938049569,5.847396257458055e-11,0.0,1.0999980485915455,-2.992957722851551e-06
1167480,0.11971830938027886,5.850376520419248e-11,0.0,1.0999980485915455,-2.9929577228402564e-06
1167540,0.11971830938006295,5.853347810521513e-11,0.0,1.0999980485915455,-2.992957722829006e-06
1167600,0.11971830937984798,5.856310127764847e-11,0.0,1.0999980485915455,-2.9929577228178003e-06
1167660,0.11971830937963392,5.859263472149252e-11,0.0,1.0999980485915455,-2.9929577228066385e-06
1167720,0.11971830937942078,5.862207843674725e-11,0.0,1.0999980485915455,-2.992957722795521e-06
1167780,0.11971830937920858,5.865143242341271e-11,0.0,1.0999980485915455,-2.992957722784448e-06
1167840,0.11971830937899729,5.868069668148886e-11,0.0,1.0999980485915455,-2.992957722773419e-06
1167900,0.11971830937878693,5.87098712109757e-11,0.0,1.0999980485915455,-2.9929577227624344e-06
1167960,0.11971830937857748,5.873895601187325e-11,0.0,1.0999980485915455,-2.992957722751494e-06
1168020,0.11971830937836896,5.87679510841815e-11,0.0,1.0999980485915455,-2.992957722740598e-06
1168080,0.11971830937816136,5.879685642790044e-11,0.0,1.0999980485915455,-2.992957722729746e-06
1168140,0.11971830937795469,5.882567204303009e-11,0.0,1.0999980485915455,-2.992957722718939e-06
1168200,0.11971830937774894,5.885439792957044e-11,0.0,1.0999980485915455,-2.9929577227081756e-06
1168260,0.11971830937754412,5.88830340875215e-11,0.0,1.0999980485915455,-2.9929577226974564e-06
1168320,0.11971830937734021,5.891158051688325e-11,0.0,1.0999980485915455,-2.9929577226867816e-06
1168380,0.11971830937713722,5.894003721765569e-11,0.0,1.0999980485915455,-2.992957722676151e-06
1168440,0.11971830937693516,5.896840418983887e-11,0.0,1.0999980485915455,-2.9929577226655647e-06
1168500,0.11971830937673403,5.899668143343272e-11,0.0,1.0999980485915455,-2.992957722655023e-06
1168560,0.11971830937653381,5.902486894843726e-11,0.0,1.0999980485915455,-2.9929577226445253e-06
1168620,0.11971830937633453,5.905296673485253e-11,0.0,1.0999980485915455,-2.9929577226340716e-06
1168680,0.11971830937613616,5.908097479267848e-11,0.0,1.0999980485915455,-2.9929577226236624e-06
1168740,0.1197183093759387,5.910889312191514e-11,0.0,1.0999980485915455,-2.9929577226132977e-06
1168800,0.11971830937574218,5.913672172256251e-11,0.0,1.0999980485915455,-2.992957722602977e-06
1168860,0.11971830937554659,5.916446059462056e-11,0.0,1.0999980485915455,-2.992957722592701e-06
1168920,0.11971830937535191,5.919210973808932e-11,0.0,1.0999980485915455,-2.9929577225824687e-06
1168980,0.11971830937515815,5.921966915296879e-11,0.0,1.0999980485915455,-2.9929577225722806e-06
1169040,0.11971830937496532,5.924713883925895e-11,0.0,1.0999980485915455,-2.992957722562137e-06
1169100,0.11971830937477342,5.92745187969598e-11,0.0,1.0999980485915455,-2.9929577225520378e-06
1169160,0.11971830937458243,5.930180902607138e-11,0.0,1.0999980485915455,-2.9929577225419826e-06
1169220,0.11971830937439237,5.932900952659364e-11,0.0,1.0999980485915455,-2.992957722531972e-06
1169280,0.11971830937420323,5.93561202985266e-11,0.0,1.0999980485915455,-2.9929577225220054e-06
1169340,0.11971830937401501,5.938314134187027e-11,0.0,1.0999980485915455,-2.9929577225120832e-06
1169400,0.11971830937382771,5.941007265662465e-11,0.0,1.0999980485915455,-2.992957722502205e-06
1169460,0.11971830937364135,5.943691424278972e-11,0.0,1.0999980485915455,-2.9929577224923715e-06
1169520,0.1197183093734559,5.946366610036547e-11,0.0,1.0999980485915455,-2.9929577224825823e-06
1169580,0.11971830937327137,5.949032822935196e-11,0.0,1.0999980485915455,-2.992957722472837e-06
1169640,0.11971830937308776,5.951690062974912e-11,0.0,1.0999980485915455,-2.992957722463136e-06
1169700,0.11971830937290509,5.954338330155699e-11,0.0,1.0999980485915455,-2.9929577224534796e-06
1169760,0.11971830937272333,5.956977624477557e-11,0.0,1.0999980485915455,-2.992957722443867e-06
1169820,0.11971830937254249,5.959607945940484e-11,0.0,1.0999980485915455,-2.992957722434299e-06
1169880,0.11971830937236258,5.962229294544481e-11,0.0,1.0999980485915455,-2.992957722424775e-06
1169940,0.11971830937218358,5.96484167028955e-11,0.0,1.0999980485915455,-2.9929577224152953e-06
1170000,0.11971830937200552,5.967445073175686e-11,0.0,1.0999980485915455,-2.99295772240586e-06
1170060,0.11971830937182838,5.970039503202894e-11,0.0,1.0999980485915455,-2.992957722396469e-06
1170120,0.11971830937165216,5.972624960371172e-11,0.0,1.0999980485915455,-2.992957722387122e-06
1170180,0.11971830937147686,5.97520144468052e-11,0.0,1.0999980485915455,-2.9929577223778196e-06
1170240,0.11971830937130248,5.977768956130939e-11,0.0,1.0999980485915455,-2.9929577223685615e-06
1170300,0.11971830937112904,5.980327494722426e-11,0.0,1.0999980485915455,-2.9929577223593475e-06
1170360,0.11971830937095651,5.982877060454985e-11,0.0,1.0999980485915455,-2.992957722350178e-06
1170420,0.1197183093707849,5.985417653328612e-11,0.0,1.0999980485915455,-2.9929577223410524e-06
1170480,0.11971830937061421,5.98794927334331e-11,0.0,1.0999980485915455,-2.9929577223319714e-06
1170540,0.11971830937044445,5.99047192049908e-11,0.0,1.0999980485915455,-2.9929577223229344e-06
1170600,0.11971830937027561,5.992985594795916e-11,0.0,1.0999980485915455,-2.9929577223139415e-06
1170660,0.1197183093701077,5.995490296233826e-11,0.0,1.0999980485915455,-2.9929577223049934e-06
1170720,0.11971830936994071,5.997986024812806e-11,0.0,1.0999980485915455,-2.992957722296089e-06
1170780,0.11971830936977464,6.000472780532854e-11,0.0,1.0999980485915455,-2.9929577222872294e-06
1170840,0.11971830936960949,6.002950563393972e-11,0.0,1.0999980485915455,-2.9929577222784135e-06
1170900,0.11971830936944526,6.005419373396161e-11,0.0,1.0999980485915455,-2.9929577222696425e-06
1170960,0.11971830936928196,6.00787921053942e-11,0.0,1.0999980485915455,-2.9929577222609155e-06
1171020,0.11971830936911959,6.010330074823749e-11,0.0,1.0999980485915455,-2.9929577222522326e-06
1171080,0.11971830936895814,6.012771966249148e-11,0.0,1.0999980485915455,-2.992957722243594e-06
1171140,0.1197183093687976,6.015204884815617e-11,0.0,1.0999980485915455,-2.9929577222349997e-06
1171200,0.11971830936863799,6.017628830523158e-11,0.0,1.0999980485915455,-2.9929577222264497e-06
1171260,0.1197183093684793,6.020043803371766e-11,0.0,1.0999980485915455,-2.992957722217944e-06
1171320,0.11971830936832153,6.022449803361446e-11,0.0,1.0999980485915455,-2.9929577222094824e-06
1171380,0.1197183093681647,6.024846830492195e-11,0.0,1.0999980485915455,-2.9929577222010654e-06
1171440,0.11971830936800877,6.027234884764015e-11,0.0,1.0999980485915455,-2.9929577221926925e-06
1171500,0.11971830936785378,6.029613966176905e-11,0.0,1.0999980485915455,-2.9929577221843636e-06
1171560,0.11971830936769971,6.031984074730865e-11,0.0,1.0999980485915455,-2.9929577221760792e-06
1171620,0.11971830936754656,6.034345210425894e-11,0.0,1.0999980485915455,-2.9929577221678393e-06
1171680,0.11971830936739433,6.036697373261993e-11,0.0,1.0999980485915455,-2.9929577221596434e-06
1171740,0.11971830936724302,6.039040563239166e-11,0.0,1.0999980485915455,-2.992957722151492e-06
1171800,0.11971830936709264,6.041374780357404e-11,0.0,1.0999980485915455,-2.9929577221433846e-06
1171860,0.11971830936694318,6.043700024616714e-11,0.0,1.0999980485915455,-2.9929577221353213e-06
1171920,0.11971830936679465,6.046016296017096e-11,0.0,1.0999980485915455,-2.992957722127303e-06
1171980,0.11971830936664704,6.048323594558546e-11,0.0,1.0999980485915455,-2.992957722119328e-06
1172040,0.11971830936650034,6.050621920241066e-11,0.0,1.0999980485915455,-2.9929577221113977e-06
1172100,0.11971830936635458,6.052911273064657e-11,0.0,1.0999980485915455,-2.992957722103512e-06
1172160,0.11971830936620974,6.055191653029317e-11,0.0,1.0999980485915455,-2.99295772209567e-06
1172220,0.11971830936606581,6.057463060135048e-11,0.0,1.0999980485915455,-2.9929577220878726e-06
1172280,0.11971830936592281,6.059725494381849e-11,0.0,1.0999980485915455,-2.9929577220801193e-06
1172340,0.11971830936578073,6.061978955769718e-11,0.0,1.0999980485915455,-2.9929577220724104e-06
1172400,0.11971830936563958,6.064223444298662e-11,0.0,1.0999980485915455,-2.9929577220647456e-06
1172460,0.11971830936549935,6.066458959968672e-11,0.0,1.0999980485915455,-2.9929577220571253e-06
1172520,0.11971830936536004,6.068685502779753e-11,0.0,1.0999980485915455,-2.9929577220495494e-06
1172580,0.11971830936522165,6.070903072731904e-11,0.0,1.0999980485915455,-2.9929577220420176e-06
1172640,0.1197183093650842,6.073111669825126e-11,0.0,1.0999980485915455,-2.99295772203453e-06
1172700,0.11971830936494765,6.075311294059417e-11,0.0,1.0999980485915455,-2.9929577220270866e-06
1172760,0.11971830936481204,6.077501945434778e-11,0.0,1.0999980485915455,-2.9929577220196873e-06
1172820,0.11971830936467734,6.07968362395121e-11,0.0,1.0999980485915455,-2.9929577220123325e-06
1172880,0.11971830936454357,6.081856329608711e-11,0.0,1.0999980485915455,-2.992957722005022e-06
1172940,0.11971830936441072,6.084020062407283e-11,0.0,1.0999980485915455,-2.992957721997756e-06
1173000,0.1197183093642788,6.086174822346925e-11,0.0,1.0999980485915455,-2.9929577219905337e-06
1173060,0.11971830936414779,6.088320609427638e-11,0.0,1.0999980485915455,-2.992957721983356e-06
1173120,0.11971830936401771,6.09045742364942e-11,0.0,1.0999980485915455,-2.9929577219762226e-06
1173180,0.11971830936388855,6.09258526501227e-11,0.0,1.0999980485915455,-2.9929577219691334e-06
1173240,0.11971830936376032,6.094704133516194e-11,0.0,1.0999980485915455,-2.9929577219620886e-06
1173300,0.11971830936363301,6.096814029161186e-11,0.0,1.0999980485915455,-2.992957721955088e-06
1173360,0.11971830936350662,6.098914951947248e-11,0.0,1.0999980485915455,-2.9929577219481312e-06
1173420,0.11971830936338115,6.101006901874381e-11,0.0,1.0999980485915453,-2.992957721941219e-06
1173480,0.11971830936325661,6.103089878942582e-11,0.0,1.0999980485915453,-2.9929577219343513e-06
1173540,0.11971830936313299,6.105163883151856e-11,0.0,1.0999980485915453,-2.9929577219275276e-06
1173600,0.1197183093630103,6.107228914502198e-11,0.0,1.0999980485915453,-2.9929577219207483e-06
1173660,0.11971830936288852,6.109284972993611e-11,0.0,1.0999980485915453,-2.992957721914013e-06
1173720,0.11971830936276767,6.111332058626094e-11,0.0,1.0999980485915453,-2.9929577219073224e-06
1173780,0.11971830936264774,6.113370171399647e-11,0.0,1.0999980485915453,-2.9929577219006758e-06
1173840,0.11971830936252874,6.115399311314271e-11,0.0,1.0999980485915453,-2.9929577218940736e-06
1173900,0.11971830936241065,6.117419478369964e-11,0.0,1.0999980485915453,-2.9929577218875154e-06
1173960,0.1197183093622935,6.119430672566726e-11,0.0,1.0999980485915453,-2.9929577218810017e-06
1174020,0.11971830936217726,6.12143289390456e-11,0.0,1.0999980485915453,-2.9929577218745325e-06
1174080,0.11971830936206194,6.123426142383463e-11,0.0,1.0999980485915453,-2.9929577218681074e-06
1174140,0.11971830936194755,6.125410418003437e-11,0.0,1.0999980485915453,-2.9929577218617262e-06
1174200,0.11971830936183409,6.12738572076448e-11,0.0,1.0999980485915453,-2.9929577218553896e-06
1174260,0.11971830936172154,6.129352050666594e-11,0.0,1.0999980485915453,-2.992957721849097e-06
1174320,0.1197183093616099,6.131309407709778e-11,0.0,1.0999980485915453,-2.992957721842849e-06
1174380,0.11971830936149921,6.133257791894032e-11,0.0,1.0999980485915453,-2.992957721836645e-06
1174440,0.11971830936138943,6.135197203219356e-11,0.0,1.0999980485915453,-2.9929577218304855e-06
1174500,0.11971830936128057,6.137127641685749e-11,0.0,1.0999980485915453,-2.99295772182437e-06
1174560,0.11971830936117264,6.139049107293214e-11,0.0,1.0999980485915453,-2.992957721818299e-06
1174620,0.11971830936106563,6.140961600041748e-11,0.0,1.0999980485915453,-2.9929577218122722e-06
1174680,0.11971830936095955,6.142865119931352e-11,0.0,1.0999980485915453,-2.9929577218062896e-06
1174740,0.11971830936085438,6.144759666962024e-11,0.0,1.0999980485915453,-2.9929577218003515e-06
1174800,0.11971830936075015,6.14664524113377e-11,0.0,1.0999980485915453,-2.9929577217944574e-06
1174860,0.11971830936064683,6.148521842446585e-11,0.0,1.0999980485915453,-2.9929577217886074e-06
1174920,0.11971830936054442,6.150389470900469e-11,0.0,1.0999980485915453,-2.9929577217828023e-06
1174980,0.11971830936044296,6.152248126495424e-11,0.0,1.0999980485915453,-2.9929577217770407e-06
1175040,0.1197183093603424,6.154097809231448e-11,0.0,1.0999980485915453,-2.992957721771324e-06
1175100,0.11971830936024278,6.155938519108543e-11,0.0,1.0999980485915453,-2.992957721765651e-06
1175160,0.11971830936014408,6.157770256126708e-11,0.0,1.0999980485915453,-2.992957721760023e-06
1175220,0.1197183093600463,6.159593020285943e-11,0.0,1.0999980485915453,-2.9929577217544385e-06
1175280,0.11971830935994944,6.161406811586248e-11,0.0,1.0999980485915453,-2.992957721748899e-06
1175340,0.1197183093598535,6.163211630027623e-11,0.0,1.0999980485915453,-2.992957721743403e-06
1175400,0.11971830935975848,6.165007475610069e-11,0.0,1.0999980485915453,-2.992957721737952e-06
1175460,0.11971830935966439,6.166794348333584e-11,0.0,1.0999980485915453,-2.992957721732545e-06
1175520,0.11971830935957123,6.16857224819817e-11,0.0,1.0999980485915453,-2.992957721727182e-06
1175580,0.11971830935947898,6.170341175203825e-11,0.0,1.0999980485915453,-2.9929577217218633e-06
1175640,0.11971830935938767,6.17210112935055e-11,0.0,1.0999980485915453,-2.992957721716589e-06
1175700,0.11971830935929727,6.173852110638346e-11,0.0,1.0999980485915453,-2.992957721711359e-06
1175760,0.11971830935920778,6.175594119067212e-11,0.0,1.0999980485915453,-2.9929577217061733e-06
1175820,0.11971830935911923,6.177327154637148e-11,0.0,1.0999980485915453,-2.992957721701032e-06
1175880,0.1197183093590316,6.179051217348154e-11,0.0,1.0999980485915453,-2.9929577216959344e-06
1175940,0.1197183093589449,6.180766307200229e-11,0.0,1.0999980485915453,-2.9929577216908814e-06
1176000,0.11971830935885912,6.182472424193375e-11,0.0,1.0999980485915453,-2.992957721685873e-06
1176060,0.11971830935877426,6.184169568327592e-11,0.0,1.0999980485915453,-2.9929577216809084e-06
1176120,0.11971830935869031,6.185857739602878e-11,0.0,1.0999980485915453,-2.992957721675988e-06
1176180,0.11971830935860729,6.187536938019234e-11,0.0,1.0999980485915453,-2.9929577216711125e-06
1176240,0.1197183093585252,6.189207163576662e-11,0.0,1.0999980485915453,-2.9929577216662806e-06
1176300,0.11971830935844403,6.190868416275157e-11,0.0,1.0999980485915453,-2.992957721661493e-06
1176360,0.11971830935836378,6.192520696114724e-11,0.0,1.0999980485915453,-2.99295772165675e-06
1176420,0.11971830935828445,6.19416400309536e-11,0.0,1.0999980485915453,-2.9929577216520513e-06
1176480,0.11971830935820606,6.195798337217068e-11,0.0,1.0999980485915453,-2.992957721647397e-06
1176540,0.11971830935812858,6.197423698479844e-11,0.0,1.0999980485915453,-2.9929577216427864e-06
1176600,0.11971830935805201,6.199040086883691e-11,0.0,1.0999980485915453,-2.9929577216382205e-06
1176660,0.1197183093579764,6.200647502428608e-11,0.0,1.0999980485915453,-2.9929577216336986e-06
1176720,0.11971830935790168,6.202245945114595e-11,0.0,1.0999980485915453,-2.992957721629221e-06
1176780,0.11971830935782789,6.203835414941652e-11,0.0,1.0999980485915453,-2.992957721624788e-06
1176840,0.11971830935775503,6.205415911909779e-11,0.0,1.0999980485915453,-2.992957721620399e-06
1176900,0.11971830935768309,6.206987436018977e-11,0.0,1.0999980485915453,-2.992957721616054e-06
1176960,0.11971830935761206,6.208549987269243e-11,0.0,1.0999980485915453,-2.9929577216117537e-06
1177020,0.11971830935754196,6.210103565660582e-11,0.0,1.0999980485915453,-2.9929577216074978e-06
1177080,0.11971830935747278,6.211648171192989e-11,0.0,1.0999980485915453,-2.992957721603286e-06
1177140,0.11971830935740453,6.213183803866467e-11,0.0,1.0999980485915453,-2.992957721599118e-06
1177200,0.11971830935733721,6.214710463681015e-11,0.0,1.0999980485915453,-2.9929577215949947e-06
1177260,0.1197183093572708,6.216228150636633e-11,0.0,1.0999980485915453,-2.992957721590916e-06
1177320,0.11971830935720532,6.21773686473332e-11,0.0,1.0999980485915453,-2.992957721586881e-06
1177380,0.11971830935714076,6.219236605971078e-11,0.0,1.0999980485915453,-2.99295772158289e-06
1177440,0.11971830935707713,6.220727374349907e-11,0.0,1.0999980485915453,-2.992957721578944e-06
1177500,0.11971830935701441,6.222209169869805e-11,0.0,1.0999980485915453,-2.992957721575042e-06
1177560,0.11971830935695262,6.223681992530772e-11,0.0,1.0999980485915453,-2.992957721571184e-06
1177620,0.11971830935689175,6.225145842332812e-11,0.0,1.0999980485915453,-2.9929577215673704e-06
1177680,0.11971830935683181,6.22660071927592e-11,0.0,1.0999980485915453,-2.992957721563601e-06
1177740,0.11971830935677279,6.228046623360099e-11,0.0,1.0999980485915453,-2.9929577215598763e-06
1177800,0.11971830935671468,6.229483554585347e-11,0.0,1.0999980485915453,-2.9929577215561955e-06
1177860,0.1197183093566575,6.230911512951666e-11,0.0,1.0999980485915453,-2.9929577215525592e-06
1177920,0.11971830935660124,6.232330498459054e-11,0.0,1.0999980485915453,-2.992957721548967e-06
1177980,0.11971830935654591,6.233740511107514e-11,0.0,1.0999980485915453,-2.992957721545419e-06
1178040,0.11971830935649151,6.235141550897043e-11,0.0,1.0999980485915453,-2.9929577215419154e-06
1178100,0.11971830935643803,6.23653361782764e-11,0.0,1.0999980485915453,-2.992957721538456e-06
1178160,0.11971830935638546,6.23791671189931e-11,0.0,1.0999980485915453,-2.992957721535041e-06
1178220,0.11971830935633382,6.23929083311205e-11,0.0,1.0999980485915453,-2.99295772153167e-06
1178280,0.1197183093562831,6.240655981465858e-11,0.0,1.0999980485915453,-2.9929577215283434e-06
1178340,0.1197183093562333,6.242012156960739e-11,0.0,1.0999980485915453,-2.992957721525061e-06
1178400,0.11971830935618444,6.243359359596687e-11,0.0,1.0999980485915453,-2.992957721521823e-06
1178460,0.11971830935613649,6.244697589373707e-11,0.0,1.0999980485915453,-2.992957721518629e-06
1178520,0.11971830935608946,6.246026846291796e-11,0.0,1.0999980485915453,-2.99295772151548e-06
1178580,0.11971830935604336,6.247347130350956e-11,0.0,1.0999980485915453,-2.9929577215123747e-06
1178640,0.11971830935599817,6.248658441551185e-11,0.0,1.0999980485915453,-2.9929577215093135e-06
1178700,0.11971830935595391,6.249960779892485e-11,0.0,1.0999980485915453,-2.992957721506297e-06
1178760,0.11971830935591057,6.251254145374857e-11,0.0,1.0999980485915453,-2.9929577215033246e-06
1178820,0.11971830935586816,6.252538537998295e-11,0.0,1.0999980485915453,-2.9929577215003964e-06
1178880,0.11971830935582668,6.253813957762806e-11,0.0,1.0999980485915453,-2.9929577214975122e-06
1178940,0.11971830935578612,6.255080404668386e-11,0.0,1.0999980485915453,-2.9929577214946726e-06
1179000,0.11971830935574647,6.256337878715037e-11,0.0,1.0999980485915453,-2.9929577214918774e-06
1179060,0.11971830935570775,6.257586379902757e-11,0.0,1.0999980485915453,-2.992957721489126e-06
1179120,0.11971830935566995,6.258825908231548e-11,0.0,1.0999980485915453,-2.992957721486419e-06
1179180,0.11971830935563307,6.260056463701408e-11,0.0,1.0999980485915453,-2.992957721483757e-06
1179240,0.11971830935559712,6.261278046312339e-11,0.0,1.0999980485915453,-2.9929577214811382e-06
1179300,0.11971830935556209,6.262490656064339e-11,0.0,1.0999980485915453,-2.992957721478564e-06
1179360,0.11971830935552798,6.26369429295741e-11,0.0,1.0999980485915453,-2.9929577214760344e-06
1179420,0.1197183093554948,6.264888956991551e-11,0.0,1.0999980485915453,-2.992957721473549e-06
1179480,0.11971830935546254,6.266074648166762e-11,0.0,1.0999980485915453,-2.9929577214711077e-06
1179540,0.1197183093554312,6.267251366483043e-11,0.0,1.0999980485915453,-2.9929577214687106e-06
1179600,0.11971830935540079,6.268419111940394e-11,0.0,1.0999980485915453,-2.992957721466358e-06
1179660,0.1197183093553713,6.269577884538816e-11,0.0,1.0999980485915453,-2.9929577214640494e-06
1179720,0.11971830935534272,6.270727684278306e-11,0.0,1.0999980485915453,-2.9929577214617852e-06
1179780,0.11971830935531508,6.271868511158868e-11,0.0,1.0999980485915453,-2.9929577214595656e-06
1179840,0.11971830935528835,6.273000365180499e-11,0.0,1.0999980485915453,-2.9929577214573896e-06
1179900,0.11971830935526255,6.274123246343202e-11,0.0,1.0999980485915453,-2.9929577214552584e-06
1179960,0.11971830935523767,6.275237154646973e-11,0.0,1.0999980485915453,-2.9929577214531713e-06
1180020,0.11971830935521371,6.276342090091814e-11,0.0,1.0999980485915453,-2.9929577214511283e-06
1180080,0.11971830935519068,6.277438052677726e-11,0.0,1.0999980485915453,-2.9929577214491297e-06
1180140,0.11971830935516857,6.278525042404708e-11,0.0,1.0999980485915453,-2.992957721447175e-06
1180200,0.11971830935514738,6.27960305927276e-11,0.0,1.0999980485915453,-2.992957721445265e-06
1180260,0.11971830935512712,6.280672103281882e-11,0.0,1.0999980485915453,-2.9929577214433995e-06
1180320,0.11971830935510777,6.281732174432074e-11,0.0,1.0999980485915453,-2.992957721441578e-06
1180380,0.11971830935508936,6.282783272723337e-11,0.0,1.0999980485915453,-2.992957721439801e-06
1180440,0.11971830935507186,6.283825398155669e-11,0.0,1.0999980485915453,-2.992957721438068e-06
1180500,0.11971830935505529,6.284858550729071e-11,0.0,1.0999980485915453,-2.992957721436379e-06
1180560,0.11971830935503963,6.285882730443543e-11,0.0,1.0999980485915453,-2.9929577214347344e-06
1180620,0.11971830935502491,6.286897937299086e-11,0.0,1.0999980485915453,-2.9929577214331343e-06
1180680,0.1197183093550111,6.287904171295698e-11,0.0,1.0999980485915453,-2.9929577214315783e-06
1180740,0.11971830935499822,6.288901432433381e-11,0.0,1.0999980485915453,-2.992957721430067e-06
1180800,0.11971830935498626,6.289889720712133e-11,0.0,1.0999980485915453,-2.9929577214285993e-06
1180860,0.11971830935497522,6.290869036131957e-11,0.0,1.0999980485915453,-2.9929577214271763e-06
1180920,0.11971830935496511,6.29183937869285e-11,0.0,1.0999980485915453,-2.9929577214257973e-06
1180980,0.11971830935495592,6.292800748394813e-11,0.0,1.0999980485915453,-2.992957721424463e-06
1181040,0.11971830935494765,6.293753145237847e-11,0.0,1.0999980485915453,-2.9929577214231724e-06
1181100,0.11971830935494031,6.29469656922195e-11,0.0,1.0999980485915453,-2.9929577214219264e-06
1181160,0.11971830935493388,6.295631020347124e-11,0.0,1.0999980485915453,-2.9929577214207245e-06
1181220,0.11971830935492839,6.296556498613367e-11,0.0,1.0999980485915453,-2.992957721419567e-06
1181280,0.11971830935492381,6.29747300402068e-11,0.0,1.0999980485915453,-2.9929577214184536e-06
1181340,0.11971830935492016,6.298380536569065e-11,0.0,1.0999980485915453,-2.9929577214173846e-06
1181400,0.11971830935491742,6.299279096258517e-11,0.0,1.0999980485915453,-2.9929577214163597e-06
1181460,0.11971830935491562,6.300168683089041e-11,0.0,1.0999980485915453,-2.9929577214153793e-06
1181520,0.11971830935491473,6.301049297060635e-11,0.0,1.0999980485915453,-2.9929577214144433e-06
1181580,0.11971830935491476,6.301920938173299e-11,0.0,1.0999980485915453,-2.9929577214135514e-06
1181640,0.11971830935491573,6.302783606427034e-11,0.0,1.0999980485915453,-2.9929577214127035e-06
1181700,0.1197183093549176,6.303637301821837e-11,0.0,1.0999980485915453,-2.9929577214119e-06
1181760,0.11971830935492041,6.304482024357711e-11,0.0,1.0999980485915453,-2.992957721411141e-06
1181820,0.11971830935492414,6.305317774034655e-11,0.0,1.0999980485915453,-2.9929577214104262e-06
1181880,0.11971830935492879,6.306144550852669e-11,0.0,1.0999980485915453,-2.9929577214097554e-06
1181940,0.11971830935493437,6.306962354811755e-11,0.0,1.0999980485915453,-2.992957721409129e-06
1182000,0.11971830935494086,6.30777118591191e-11,0.0,1.0999980485915453,-2.992957721408547e-06
1182060,0.11971830935494829,6.308571044153133e-11,0.0,1.0999980485915453,-2.9929577214080092e-06
1182120,0.11971830935495663,6.309361929535429e-11,0.0,1.0999980485915453,-2.992957721407516e-06
1182180,0.11971830935496588,6.310143842058793e-11,0.0,1.0999980485915453,-2.9929577214070665e-06
1182240,0.11971830935497609,6.310916781723229e-11,0.0,1.0999980485915453,-2.9929577214066616e-06
1182300,0.11971830935498719,6.311680748528733e-11,0.0,1.0999980485915453,-2.9929577214063008e-06
1182360,0.11971830935499922,6.312435742475307e-11,0.0,1.0999980485915453,-2.992957721405984e-06
1182420,0.11971830935501218,6.313181763562952e-11,0.0,1.0999980485915453,-2.992957721405712e-06
1182480,0.11971830935502606,6.313918811791669e-11,0.0,1.0999980485915453,-2.992957721405484e-06
1182540,0.11971830935504087,6.314646887161453e-11,0.0,1.0999980485915453,-2.9929577214053004e-06
1182600,0.11971830935505659,6.315365989672309e-11,0.0,1.0999980485915453,-2.992957721405161e-06
1182660,0.11971830935507323,6.316076119324234e-11,0.0,1.0999980485915453,-2.992957721405066e-06
1182720,0.11971830935509081,6.316777276117229e-11,0.0,1.0999980485915453,-2.992957721405015e-06
1182780,0.1197183093551093,6.317469460051294e-11,0.0,1.0999980485915453,-2.992957721405008e-06
1182840,0.11971830935512871,6.31815267112643e-11,0.0,1.0999980485915453,-2.992957721405046e-06
1182900,0.11971830935514906,6.318826909342637e-11,0.0,1.0999980485915453,-2.9929577214051276e-06
1182960,0.11971830935517032,6.319492174699912e-11,0.0,1.0999980485915453,-2.992957721405254e-06
1183020,0.11971830935519251,6.320148467198258e-11,0.0,1.0999980485915453,-2.9929577214054245e-06
1183080,0.11971830935521562,6.320795786837675e-11,0.0,1.0999980485915453,-2.9929577214056392e-06
1183140,0.11971830935523964,6.32143413361816e-11,0.0,1.0999980485915453,-2.992957721405898e-06
1183200,0.11971830935526459,6.322063507539718e-11,0.0,1.0999980485915453,-2.9929577214062012e-06
1183260,0.11971830935529047,6.322683908602343e-11,0.0,1.0999980485915453,-2.992957721406549e-06
1183320,0.11971830935531727,6.323295336806039e-11,0.0,1.0999980485915453,-2.9929577214069407e-06
1183380,0.11971830935534498,6.323897792150805e-11,0.0,1.0999980485915453,-2.9929577214073765e-06
1183440,0.11971830935537363,6.324491274636642e-11,0.0,1.0999980485915453,-2.9929577214078568e-06
1183500,0.1197183093554032,6.325075784263549e-11,0.0,1.0999980485915453,-2.9929577214083815e-06
1183560,0.11971830935543369,6.325651321031527e-11,0.0,1.0999980485915453,-2.9929577214089503e-06
1183620,0.11971830935546511,6.326217884940573e-11,0.0,1.0999980485915453,-2.9929577214095635e-06
1183680,0.11971830935549745,6.326775475990689e-11,0.0,1.0999980485915453,-2.992957721410221e-06
1183740,0.1197183093555307,6.327324094181876e-11,0.0,1.0999980485915453,-2.9929577214109226e-06
1183800,0.11971830935556488,6.327863739514133e-11,0.0,1.0999980485915453,-2.9929577214116684e-06
1183860,0.11971830935559999,6.32839441198746e-11,0.0,1.0999980485915453,-2.9929577214124587e-06
1183920,0.11971830935563602,6.328916111601856e-11,0.0,1.0999980485915453,-2.992957721413293e-06
1183980,0.11971830935567296,6.329428838357326e-11,0.0,1.0999980485915453,-2.992957721414172e-06
1184040,0.11971830935571083,6.329932592253862e-11,0.0,1.0999980485915453,-2.9929577214150947e-06
1184100,0.11971830935574963,6.33042737329147e-11,0.0,1.0999980485915453,-2.992957721416062e-06
1184160,0.11971830935578935,6.330913181470148e-11,0.0,1.0999980485915453,-2.9929577214170733e-06
1184220,0.11971830935582999,6.331390016789895e-11,0.0,1.0999980485915453,-2.992957721418129e-06
1184280,0.11971830935587155,6.331857879250713e-11,0.0,1.0999980485915453,-2.992957721419229e-06
1184340,0.11971830935591404,6.332316768852601e-11,0.0,1.0999980485915453,-2.9929577214203734e-06
1184400,0.11971830935595745,6.332766685595558e-11,0.0,1.0999980485915453,-2.992957721421562e-06
1184460,0.11971830935600178,6.333207629479586e-11,0.0,1.0999980485915453,-2.992957721422795e-06
1184520,0.11971830935604703,6.333639600504685e-11,0.0,1.0999980485915453,-2.992957721424072e-06
1184580,0.11971830935609322,6.334062598670852e-11,0.0,1.0999980485915453,-2.9929577214253933e-06
1184640,0.11971830935614032,6.33447662397809e-11,0.0,1.0999980485915453,-2.9929577214267587e-06
1184700,0.11971830935618834,6.3348816764264e-11,0.0,1.0999980485915453,-2.9929577214281686e-06
1184760,0.11971830935623728,6.335277756015778e-11,0.0,1.0999980485915453,-2.992957721429623e-06
1184820,0.11971830935628716,6.335664862746225e-11,0.0,1.0999980485915453,-2.9929577214311214e-06
1184880,0.11971830935633795,6.336042996617744e-11,0.0,1.0999980485915453,-2.9929577214326642e-06
1184940,0.11971830935638966,6.336412157630333e-11,0.0,1.0999980485915453,-2.992957721434251e-06
1185000,0.1197183093564423,6.336772345783991e-11,0.0,1.0999980485915453,-2.992957721435882e-06
1185060,0.11971830935649586,6.337123561078721e-11,0.0,1.0999980485915453,-2.992957721437558e-06
1185120,0.11971830935655034,6.33746580351452e-11,0.0,1.0999980485915453,-2.9929577214392775e-06
1185180,0.11971830935660575,6.337799073091388e-11,0.0,1.0999980485915453,-2.9929577214410414e-06
1185240,0.11971830935666208,6.338123369809329e-11,0.0,1.0999980485915453,-2.99295772144285e-06
1185300,0.11971830935671933,6.338438693668337e-11,0.0,1.0999980485915453,-2.9929577214447023e-06
1185360,0.1197183093567775,6.338745044668416e-11,0.0,1.0999980485915453,-2.992957721446599e-06
1185420,0.1197183093568366,6.339042422809566e-11,0.0,1.0999980485915453,-2.99295772144854e-06
1185480,0.11971830935689662,6.339330828091785e-11,0.0,1.0999980485915453,-2.9929577214505256e-06
1185540,0.11971830935695757,6.339610260515074e-11,0.0,1.0999980485915453,-2.992957721452555e-06
1185600,0.11971830935701944,6.339880720079434e-11,0.0,1.0999980485915453,-2.992957721454629e-06
1185660,0.11971830935708222,6.340142206784863e-11,0.0,1.0999980485915453,-2.9929577214567475e-06
1185720,0.11971830935714593,6.340394720631362e-11,0.0,1.0999980485915453,-2.9929577214589096e-06
1185780,0.11971830935721056,6.340638261618934e-11,0.0,1.0999980485915453,-2.9929577214611165e-06
1185840,0.11971830935727612,6.340872829747573e-11,0.0,1.0999980485915453,-2.9929577214633675e-06
1185900,0.11971830935734261,6.341098425017283e-11,0.0,1.0999980485915453,-2.9929577214656625e-06
1185960,0.11971830935741001,6.341315047428064e-11,0.0,1.0999980485915453,-2.992957721468002e-06
1186020,0.11971830935747833,6.341522696979914e-11,0.0,1.0999980485915453,-2.992957721470386e-06
1186080,0.11971830935754758,6.341721373672833e-11,0.0,1.0999980485915453,-2.992957721472814e-06
1186140,0.11971830935761775,6.341911077506825e-11,0.0,1.0999980485915453,-2.992957721475286e-06
1186200,0.11971830935768885,6.342091808481884e-11,0.0,1.0999980485915453,-2.9929577214778026e-06
1186260,0.11971830935776086,6.342263566598015e-11,0.0,1.0999980485915453,-2.9929577214803636e-06
1186320,0.1197183093578338,6.342426351855216e-11,0.0,1.0999980485915453,-2.9929577214829687e-06
1186380,0.11971830935790767,6.342580164253486e-11,0.0,1.0999980485915453,-2.9929577214856178e-06
1186440,0.11971830935798246,6.342725003792827e-11,0.0,1.0999980485915453,-2.9929577214883113e-06
1186500,0.11971830935805816,6.342860870473237e-11,0.0,1.0999980485915453,-2.9929577214910494e-06
1186560,0.1197183093581348,6.342987764294718e-11,0.0,1.0999980485915453,-2.9929577214938315e-06
1186620,0.11971830935821234,6.34310568525727e-11,0.0,1.0999980485915453,-2.992957721496658e-06
1186680,0.11971830935829082,6.343214633360891e-11,0.0,1.0999980485915453,-2.9929577214995286e-06
1186740,0.11971830935837022,6.343314608605581e-11,0.0,1.0999980485915453,-2.9929577215024437e-06
1186800,0.11971830935845054,6.343405610991343e-11,0.0,1.0999980485915453,-2.9929577215054028e-06
1186860,0.11971830935853178,6.343487640518174e-11,0.0,1.0999980485915453,-2.9929577215084064e-06
1186920,0.11971830935861395,6.343560697186076e-11,0.0,1.0999980485915453,-2.992957721511454e-06
1186980,0.11971830935869704,6.343624780995047e-11,0.0,1.0999980485915453,-2.992957721514546e-06
1187040,0.11971830935878106,6.343679891945089e-11,0.0,1.0999980485915453,-2.992957721517682e-06
1187100,0.119718309358866,6.343726030036201e-11,0.0,1.0999980485915453,-2.992957721520863e-06
1187160,0.11971830935895185,6.343763195268381e-11,0.0,1.0999980485915453,-2.9929577215240875e-06
1187220,0.11971830935903864,6.343791387641633e-11,0.0,1.0999980485915453,-2.9929577215273566e-06
1187280,0.11971830935912633,6.343810607155956e-11,0.0,1.0999980485915453,-2.99295772153067e-06
1187340,0.11971830935921497,6.343820853811348e-11,0.0,1.0999980485915453,-2.992957721534028e-06
1187400,0.11971830935930453,6.343822127607811e-11,0.0,1.0999980485915453,-2.9929577215374295e-06
1187460,0.119718309359395,6.343814428545343e-11,0.0,1.0999980485915453,-2.9929577215408757e-06
1187520,0.1197183093594864,6.343797756623945e-11,0.0,1.0999980485915453,-2.9929577215443663e-06
1187580,0.11971830935957871,6.343772111843617e-11,0.0,1.0999980485915453,-2.992957721547901e-06
1187640,0.11971830935967195,6.34373749420436e-11,0.0,1.0999980485915453,-2.9929577215514797e-06
1187700,0.11971830935976611,6.343693903706171e-11,0.0,1.0999980485915453,-2.992957721555103e-06
1187760,0.1197183093598612,6.343641340349054e-11,0.0,1.0999980485915453,-2.9929577215587705e-06
1187820,0.11971830935995721,6.343579804133007e-11,0.0,1.0999980485915453,-2.992957721562482e-06
1187880,0.11971830936005415,6.34350929505803e-11,0.0,1.0999980485915453,-2.992957721566238e-06
1187940,0.119718309360152,6.343429813124122e-11,0.0,1.0999980485915453,-2.992957721570038e-06
1188000,0.11971830936025078,6.343341358331286e-11,0.0,1.0999980485915453,-2.992957721573883e-06
1188060,0.11971830936035048,6.343243930679519e-11,0.0,1.0999980485915453,-2.9929577215777716e-06
1188120,0.11971830936045111,6.343137530168822e-11,0.0,1.0999980485915453,-2.9929577215817048e-06
1188180,0.11971830936055265,6.343022156799196e-11,0.0,1.0999980485915453,-2.992957721585682e-06
1188240,0.11971830936065513,6.342897810570639e-11,0.0,1.0999980485915453,-2.9929577215897037e-06
1188300,0.11971830936075852,6.342764491483153e-11,0.0,1.0999980485915453,-2.9929577215937695e-06
1188360,0.11971830936086283,6.342622199536736e-11,0.0,1.0999980485915453,-2.9929577215978797e-06
1188420,0.11971830936096807,6.342470934731389e-11,0.0,1.0999980485915453,-2.992957721602034e-06
1188480,0.11971830936107423,6.342310697067114e-11,0.0,1.0999980485915453,-2.9929577216062327e-06
1188540,0.11971830936118132,6.342141486543906e-11,0.0,1.0999980485915453,-2.9929577216104755e-06
1188600,0.11971830936128931,6.34196330316177e-11,0.0,1.0999980485915453,-2.9929577216147628e-06
1188660,0.11971830936139825,6.341776146920704e-11,0.0,1.0999980485915453,-2.9929577216190945e-06
1188720,0.1197183093615081,6.341580017820708e-11,0.0,1.0999980485915453,-2.99295772162347e-06
1188780,0.11971830936161888,6.341374915861782e-11,0.0,1.0999980485915453,-2.99295772162789e-06
1188840,0.11971830936173057,6.341160841043927e-11,0.0,1.0999980485915453,-2.9929577216323544e-06
1188900,0.11971830936184319,6.34093779336714e-11,0.0,1.0999980485915453,-2.9929577216368627e-06
1188960,0.11971830936195674,6.340705772831425e-11,0.0,1.0999980485915453,-2.9929577216414155e-06
1189020,0.1197183093620712,6.340464779436779e-11,0.0,1.0999980485915453,-2.9929577216460128e-06
1189080,0.1197183093621866,6.340214813183203e-11,0.0,1.0999980485915453,-2.992957721650654e-06
1189140,0.1197183093623029,6.339955874070698e-11,0.0,1.0999980485915453,-2.9929577216553395e-06
1189200,0.11971830936242014,6.339687962099263e-11,0.0,1.0999980485915453,-2.9929577216600693e-06
1189260,0.1197183093625383,6.339411077268899e-11,0.0,1.0999980485915453,-2.9929577216648436e-06
1189320,0.11971830936265739,6.339125219579603e-11,0.0,1.0999980485915453,-2.992957721669662e-06
1189380,0.11971830936277739,6.338830389031377e-11,0.0,1.0999980485915453,-2.9929577216745248e-06
1189440,0.1197183093628983,6.338526585624222e-11,0.0,1.0999980485915453,-2.9929577216794316e-06
1189500,0.11971830936302015,6.338213809358137e-11,0.0,1.0999980485915453,-2.9929577216843825e-06
1189560,0.11971830936314293,6.337892060233122e-11,0.0,1.0999980485915453,-2.9929577216893783e-06
1189620,0.11971830936326662,6.337561338249178e-11,0.0,1.0999980485915455,-2.9929577216944178e-06
1189680,0.11971830936339124,6.337221643406304e-11,0.0,1.0999980485915455,-2.992957721699502e-06
1189740,0.11971830936351678,6.336872975704498e-11,0.0,1.0999980485915455,-2.99295772170463e-06
1189800,0.11971830936364325,6.336515335143763e-11,0.0,1.0999980485915455,-2.992957721709803e-06
1189860,0.11971830936377063,6.3361487217241e-11,0.0,1.0999980485915455,-2.9929577217150193e-06
1189920,0.11971830936389893,6.335773135445505e-11,0.0,1.0999980485915455,-2.9929577217202806e-06
1189980,0.11971830936402816,6.335388576307981e-11,0.0,1.0999980485915455,-2.9929577217255856e-06
1190040,0.11971830936415832,6.334995044311527e-11,0.0,1.0999980485915455,-2.9929577217309355e-06
1190100,0.1197183093642894,6.334592539456142e-11,0.0,1.0999980485915455,-2.9929577217363294e-06
1190160,0.1197183093644214,6.33418106174183e-11,0.0,1.0999980485915455,-2.9929577217417673e-06
1190220,0.11971830936455433,6.333760611168585e-11,0.0,1.0999980485915455,-2.9929577217472497e-06
1190280,0.11971830936468816,6.333331187736412e-11,0.0,1.0999980485915455,-2.992957721752776e-06
1190340,0.11971830936482294,6.332892791445308e-11,0.0,1.0999980485915455,-2.992957721758347e-06
1190400,0.11971830936495863,6.332445422295272e-11,0.0,1.0999980485915455,-2.9929577217639625e-06
1190460,0.11971830936509524,6.33198908028631e-11,0.0,1.0999980485915455,-2.992957721769622e-06
1190520,0.11971830936523278,6.331523765418417e-11,0.0,1.0999980485915455,-2.9929577217753255e-06
1190580,0.11971830936537124,6.331049477691592e-11,0.0,1.0999980485915455,-2.9929577217810735e-06
1190640,0.11971830936551062,6.33056621710584e-11,0.0,1.0999980485915455,-2.992957721786866e-06
1190700,0.11971830936565094,6.330073983661157e-11,0.0,1.0999980485915455,-2.9929577217927024e-06
1190760,0.11971830936579216,6.329572777357543e-11,0.0,1.0999980485915455,-2.9929577217985833e-06
1190820,0.1197183093659343,6.329062598195e-11,0.0,1.0999980485915455,-2.9929577218045083e-06
1190880,0.11971830936607739,6.328543446173528e-11,0.0,1.0999980485915455,-2.9929577218104774e-06
1190940,0.11971830936622138,6.328015321293125e-11,0.0,1.0999980485915455,-2.992957721816491e-06
1191000,0.1197183093663663,6.327478223553791e-11,0.0,1.0999980485915455,-2.992957721822549e-06
1191060,0.11971830936651214,6.326932152955528e-11,0.0,1.0999980485915455,-2.992957721828651e-06
1191120,0.1197183093666589,6.326377109498336e-11,0.0,1.0999980485915455,-2.9929577218347974e-06
1191180,0.1197183093668066,6.325813093182213e-11,0.0,1.0999980485915455,-2.992957721840988e-06
1191240,0.1197183093669552,6.325240104007161e-11,0.0,1.0999980485915455,-2.992957721847223e-06
1191300,0.11971830936710473,6.324658141973178e-11,0.0,1.0999980485915455,-2.992957721853502e-06
1191360,0.1197183093672552,6.324067207080266e-11,0.0,1.0999980485915455,-2.9929577218598255e-06
1191420,0.11971830936740657,6.323467299328425e-11,0.0,1.0999980485915455,-2.992957721866193e-06
1191480,0.11971830936755887,6.322858418717652e-11,0.0,1.0999980485915455,-2.992957721872605e-06
1191540,0.11971830936771209,6.32224056524795e-11,0.0,1.0999980485915455,-2.9929577218790616e-06
1191600,0.11971830936786625,6.321613738919318e-11,0.0,1.0999980485915455,-2.992957721885562e-06
1191660,0.11971830936802132,6.320977939731756e-11,0.0,1.0999980485915455,-2.9929577218921068e-06
1191720,0.1197183093681773,6.320333167685264e-11,0.0,1.0999980485915455,-2.992957721898696e-06
1191780,0.11971830936833422,6.319679422779843e-11,0.0,1.0999980485915455,-2.992957721905329e-06
1191840,0.11971830936849207,6.31901670501549e-11,0.0,1.0999980485915455,-2.9929577219120065e-06
1191900,0.11971830936865083,6.318345014392208e-11,0.0,1.0999980485915455,-2.9929577219187286e-06
1191960,0.1197183093688105,6.317664350909998e-11,0.0,1.0999980485915455,-2.9929577219254947e-06
1192020,0.11971830936897111,6.316974714568857e-11,0.0,1.0999980485915455,-2.992957721932305e-06
1192080,0.11971830936913265,6.316276105368785e-11,0.0,1.0999980485915455,-2.9929577219391595e-06
1192140,0.1197183093692951,6.315568523309784e-11,0.0,1.0999980485915455,-2.9929577219460585e-06
1192200,0.11971830936945847,6.314851968391853e-11,0.0,1.0999980485915455,-2.9929577219530017e-06
1192260,0.11971830936962277,6.314126440614991e-11,0.0,1.0999980485915455,-2.9929577219599893e-06
1192320,0.119718309369788,6.313391939979202e-11,0.0,1.0999980485915455,-2.992957721967021e-06
1192380,0.11971830936995415,6.31264846648448e-11,0.0,1.0999980485915455,-2.9929577219740966e-06
1192440,0.1197183093701212,6.311896020130829e-11,0.0,1.0999980485915455,-2.9929577219812168e-06
1192500,0.1197183093702892,6.311134600918248e-11,0.0,1.0999980485915455,-2.9929577219883814e-06
1192560,0.1197183093704581,6.310364208846737e-11,0.0,1.0999980485915455,-2.99295772199559e-06
1192620,0.11971830937062794,6.309584843916297e-11,0.0,1.0999980485915455,-2.992957722002843e-06
1192680,0.1197183093707987,6.308796506126926e-11,0.0,1.0999980485915455,-2.9929577220101404e-06
1192740,0.11971830937097039,6.307999195478625e-11,0.0,1.0999980485915455,-2.992957722017482e-06
1192800,0.11971830937114299,6.307192911971396e-11,0.0,1.0999980485915455,-2.9929577220248678e-06
1192860,0.11971830937131651,6.306377655605236e-11,0.0,1.0999980485915455,-2.992957722032298e-06
1192920,0.11971830937149096,6.305553426380145e-11,0.0,1.0999980485915455,-2.9929577220397726e-06
1192980,0.11971830937166633,6.304720224296125e-11,0.0,1.0999980485915455,-2.992957722047291e-06
1193040,0.11971830937184263,6.303878049353176e-11,0.0,1.0999980485915455,-2.992957722054854e-06
1193100,0.11971830937201985,6.303026901551295e-11,0.0,1.0999980485915455,-2.992957722062461e-06
1193160,0.11971830937219799,6.302166780890486e-11,0.0,1.0999980485915455,-2.9929577220701124e-06
1193220,0.11971830937237705,6.301297687370746e-11,0.0,1.0999980485915455,-2.992957722077808e-06
1193280,0.11971830937255704,6.300419620992077e-11,0.0,1.0999980485915455,-2.992957722085548e-06
1193340,0.11971830937273795,6.299532581754477e-11,0.0,1.0999980485915455,-2.992957722093332e-06
1193400,0.11971830937291979,6.298636569657948e-11,0.0,1.0999980485915455,-2.992957722101161e-06
1193460,0.11971830937310253,6.297731584702489e-11,0.0,1.0999980485915455,-2.9929577221090336e-06
1193520,0.11971830937328622,6.296817626888099e-11,0.0,1.0999980485915455,-2.9929577221169504e-06
1193580,0.11971830937347082,6.29589469621478e-11,0.0,1.0999980485915455,-2.992957722124912e-06
1193640,0.11971830937365634,6.294962792682531e-11,0.0,1.0999980485915455,-2.9929577221329174e-06
1193700,0.11971830937384279,6.294021916291353e-11,0.0,1.0999980485915455,-2.992957722140967e-06
1193760,0.11971830937403015,6.293072067041242e-11,0.0,1.0999980485915455,-2.9929577221490614e-06
1193820,0.11971830937421844,6.292113244932204e-11,0.0,1.0999980485915455,-2.9929577221571997e-06
1193880,0.11971830937440765,6.291145449964235e-11,0.0,1.0999980485915455,-2.9929577221653825e-06
1193940,0.11971830937459779,6.290168682137337e-11,0.0,1.0999980485915455,-2.9929577221736093e-06
1194000,0.11971830937478886,6.289182941451507e-11,0.0,1.0999980485915455,-2.99295772218188e-06
1194060,0.11971830937498083,6.28818822790675e-11,0.0,1.0999980485915455,-2.992957722190196e-06
1194120,0.11971830937517375,6.287184541503062e-11,0.0,1.0999980485915455,-2.9929577221985552e-06
1194180,0.11971830937536758,6.286171882240442e-11,0.0,1.0999980485915455,-2.9929577222069595e-06
1194240,0.11971830937556233,6.285150250118894e-11,0.0,1.0999980485915455,-2.9929577222154074e-06
1194300,0.119718309375758,6.284119645138417e-11,0.0,1.0999980485915455,-2.9929577222239e-06
1194360,0.1197183093759546,6.283080067299009e-11,0.0,1.0999980485915455,-2.992957722232437e-06
1194420,0.11971830937615212,6.28203151660067e-11,0.0,1.0999980485915455,-2.992957722241018e-06
1194480,0.11971830937635056,6.280973993043403e-11,0.0,1.0999980485915455,-2.992957722249643e-06
1194540,0.11971830937654993,6.279907496627204e-11,0.0,1.0999980485915455,-2.9929577222583126e-06
1194600,0.11971830937675021,6.278832027352077e-11,0.0,1.0999980485915455,-2.9929577222670264e-06
1194660,0.11971830937695142,6.277747585218019e-11,0.0,1.0999980485915455,-2.9929577222757847e-06
1194720,0.11971830937715355,6.27665417022503e-11,0.0,1.0999980485915455,-2.9929577222845867e-06
1194780,0.11971830937735661,6.275551782373113e-11,0.0,1.0999980485915455,-2.9929577222934335e-06
1194840,0.11971830937756059,6.274440421662267e-11,0.0,1.0999980485915455,-2.9929577223023244e-06
1194900,0.1197183093777655,6.273320088092489e-11,0.0,1.0999980485915455,-2.9929577223112593e-06
1194960,0.11971830937797132,6.272190781663782e-11,0.0,1.0999980485915455,-2.9929577223202387e-06
1195020,0.11971830937817807,6.271052502376144e-11,0.0,1.0999980485915455,-2.9929577223292626e-06
1195080,0.11971830937838573,6.269905250229578e-11,0.0,1.0999980485915455,-2.9929577223383305e-06
1195140,0.11971830937859433,6.26874902522408e-11,0.0,1.0999980485915455,-2.992957722347443e-06
1195200,0.11971830937880384,6.267583827359654e-11,0.0,1.0999980485915455,-2.9929577223565993e-06
1195260,0.11971830937901429,6.266409656636297e-11,0.0,1.0999980485915455,-2.9929577223657998e-06
1195320,0.11971830937922565,6.26522651305401e-11,0.0,1.0999980485915455,-2.992957722375045e-06
1195380,0.11971830937943793,6.264034396612793e-11,0.0,1.0999980485915455,-2.992957722384334e-06
1195440,0.11971830937965114,6.262833307312647e-11,0.0,1.0999980485915455,-2.9929577223936676e-06
1195500,0.11971830937986527,6.26162324515357e-11,0.0,1.0999980485915455,-2.9929577224030455e-06
1195560,0.11971830938008032,6.260404210135565e-11,0.0,1.0999980485915455,-2.9929577224124675e-06
1195620,0.1197183093802963,6.259176202258628e-11,0.0,1.0999980485915455,-2.992957722421934e-06
1195680,0.1197183093805132,6.25793922152276e-11,0.0,1.0999980485915455,-2.9929577224314444e-06
1195740,0.11971830938073103,6.256693267927966e-11,0.0,1.0999980485915455,-2.9929577224409994e-06
1195800,0.11971830938094977,6.25543834147424e-11,0.0,1.0999980485915455,-2.9929577224505984e-06
1195860,0.11971830938116944,6.254174442161583e-11,0.0,1.0999980485915455,-2.992957722460242e-06
1195920,0.11971830938139003,6.252901569989998e-11,0.0,1.0999980485915455,-2.9929577224699298e-06
1195980,0.11971830938161154,6.251619724959481e-11,0.0,1.0999980485915455,-2.9929577224796618e-06
1196040,0.11971830938183398,6.250328907070035e-11,0.0,1.0999980485915455,-2.992957722489438e-06
1196100,0.11971830938205734,6.249029116321659e-11,0.0,1.0999980485915455,-2.9929577224992583e-06
1196160,0.11971830938228162,6.247720352714354e-11,0.0,1.0999980485915455,-2.992957722509123e-06
1196220,0.11971830938250683,6.24640261624812e-11,0.0,1.0999980485915455,-2.992957722519032e-06
1196280,0.11971830938273295,6.245075906922954e-11,0.0,1.0999980485915455,-2.9929577225289853e-06
1196340,0.11971830938296,6.243740224738858e-11,0.0,1.0999980485915457,-2.992957722538983e-06
1196400,0.11971830938318798,6.242395569695834e-11,0.0,1.0999980485915457,-2.9929577225490244e-06
1196460,0.11971830938341686,6.241041941793878e-11,0.0,1.0999980485915457,-2.9929577225591105e-06
1196520,0.11971830938364669,6.239679341032994e-11,0.0,1.0999980485915457,-2.992957722569241e-06
1196580,0.11971830938387742,6.238307767413177e-11,0.0,1.0999980485915457,-2.9929577225794156e-06
1196640,0.11971830938410909,6.236927220934432e-11,0.0,1.0999980485915457,-2.9929577225896346e-06
1196700,0.11971830938434168,6.235537701596758e-11,0.0,1.0999980485915457,-2.9929577225998977e-06
1196760,0.11971830938457519,6.234139209400153e-11,0.0,1.0999980485915457,-2.9929577226102048e-06
1196820,0.11971830938480962,6.232731744344619e-11,0.0,1.0999980485915457,-2.9929577226205564e-06
1196880,0.11971830938504498,6.231315306430155e-11,0.0,1.0999980485915457,-2.9929577226309524e-06
1196940,0.11971830938528126,6.22988989565676e-11,0.0,1.0999980485915457,-2.9929577226413925e-06
1197000,0.11971830938551846,6.228455512024435e-11,0.0,1.0999980485915457,-2.992957722651877e-06
1197060,0.11971830938575657,6.227012155533181e-11,0.0,1.0999980485915457,-2.9929577226624057e-06
1197120,0.11971830938599563,6.225559826182997e-11,0.0,1.0999980485915457,-2.992957722672979e-06
1197180,0.1197183093862356,6.224098523973883e-11,0.0,1.0999980485915457,-2.992957722683596e-06
1197240,0.11971830938647648,6.222628248905838e-11,0.0,1.0999980485915457,-2.9929577226942576e-06
1197300,0.1197183093867183,6.221149000978865e-11,0.0,1.0999980485915457,-2.992957722704963e-06
1197360,0.11971830938696104,6.219660780192961e-11,0.0,1.0999980485915457,-2.9929577227157133e-06
1197420,0.11971830938720471,6.218163586548128e-11,0.0,1.0999980485915457,-2.992957722726508e-06
1197480,0.11971830938744929,6.216657420044364e-11,0.0,1.0999980485915457,-2.9929577227373466e-06
1197540,0.11971830938769479,6.21514228068167e-11,0.0,1.0999980485915457,-2.9929577227482292e-06
1197600,0.11971830938794122,6.213618168460046e-11,0.0,1.0999980485915457,-2.9929577227591564e-06
1197660,0.11971830938818857,6.212085083379493e-11,0.0,1.0999980485915457,-2.9929577227701276e-06
1197720,0.11971830938843685,6.210543025440009e-11,0.0,1.0999980485915457,-2.9929577227811432e-06
1197780,0.11971830938868605,6.208991994641596e-11,0.0,1.0999980485915457,-2.9929577227922034e-06
1197840,0.11971830938893617,6.207431990984252e-11,0.0,1.0999980485915457,-2.9929577228033075e-06
1197900,0.1197183093891872,6.20586301446798e-11,0.0,1.0999980485915457,-2.9929577228144558e-06
1197960,0.11971830938943917,6.204285065092776e-11,0.0,1.0999980485915457,-2.9929577228256485e-06
1198020,0.11971830938969207,6.202698142858644e-11,0.0,1.0999980485915457,-2.9929577228368856e-06
1198080,0.11971830938994588,6.201102247765582e-11,0.0,1.0999980485915457,-2.992957722848167e-06
1198140,0.11971830939020062,6.199497379813588e-11,0.0,1.0999980485915457,-2.9929577228594925e-06
1198200,0.11971830939045627,6.197883539002665e-11,0.0,1.0999980485915457,-2.9929577228708622e-06
1198260,0.11971830939071285,6.196260725332813e-11,0.0,1.0999980485915457,-2.9929577228822764e-06
1198320,0.11971830939097035,6.19462893880403e-11,0.0,1.0999980485915457,-2.9929577228937347e-06
1198380,0.11971830939122878,6.192988179416317e-11,0.0,1.0999980485915457,-2.992957722905237e-06
1198440,0.11971830939148813,6.191338447169676e-11,0.0,1.0999980485915457,-2.992957722916784e-06
1198500,0.11971830939174839,6.189679742064103e-11,0.0,1.0999980485915457,-2.992957722928375e-06
1198560,0.11971830939200959,6.188012064099601e-11,0.0,1.0999980485915457,-2.9929577229400106e-06
1198620,0.11971830939227171,6.186335413276169e-11,0.0,1.0999980485915457,-2.99295772295169e-06
1198680,0.11971830939253475,6.184649789593807e-11,0.0,1.0999980485915457,-2.992957722963414e-06
1198740,0.1197183093927987,6.182955193052515e-11,0.0,1.0999980485915457,-2.992957722975182e-06
1198800,0.11971830939306359,6.181251623652293e-11,0.0,1.0999980485915457,-2.9929577229869947e-06
1198860,0.1197183093933294,6.179539081393141e-11,0.0,1.0999980485915457,-2.9929577229988515e-06
1198920,0.11971830939359614,6.17781756627506e-11,0.0,1.0999980485915457,-2.9929577230107523e-06
1198980,0.11971830939386378,6.176087078298047e-11,0.0,1.0999980485915457,-2.9929577230226976e-06
1199040,0.11971830939413236,6.174347617462106e-11,0.0,1.0999980485915457,-2.992957723034687e-06
1199100,0.11971830939440187,6.172599183767236e-11,0.0,1.0999980485915457,-2.9929577230467207e-06
1199160,0.11971830939467229,6.170841777213434e-11,0.0,1.0999980485915457,-2.992957723058799e-06
1199220,0.11971830939494363,6.169075397800703e-11,0.0,1.0999980485915457,-2.9929577230709213e-06
1199280,0.1197183093952159,6.167300045529041e-11,0.0,1.0999980485915457,-2.9929577230830876e-06
1199340,0.1197183093954891,6.165515720398451e-11,0.0,1.0999980485915457,-2.9929577230952984e-06
1199400,0.11971830939576321,6.163722422408928e-11,0.0,1.0999980485915457,-2.9929577231075537e-06
1199460,0.11971830939603824,6.161920151560479e-11,0.0,1.0999980485915457,-2.992957723119853e-06
1199520,0.1197183093963142,6.160108907853098e-11,0.0,1.0999980485915457,-2.992957723132197e-06
1199580,0.11971830939659109,6.158288691286787e-11,0.0,1.0999980485915457,-2.9929577231445847e-06
1199640,0.1197183093968689,6.156459501861546e-11,0.0,1.0999980485915457,-2.9929577231570166e-06
1199700,0.11971830939714762,6.154621339577376e-11,0.0,1.0999980485915457,-2.992957723169493e-06
1199760,0.11971830939742727,6.152774204434274e-11,0.0,1.0999980485915457,-2.992957723182014e-06
1199820,0.11971830939770783,6.150918096432245e-11,0.0,1.0999980485915457,-2.9929577231945787e-06
1199880,0.11971830939798933,6.149053015571284e-11,0.0,1.0999980485915457,-2.992957723207188e-06
1199940,0.11971830939827176,6.147178961851394e-11,0.0,1.0999980485915457,-2.9929577232198415e-06
1200000,0.1197183093985551,6.145295935272574e-11,0.0,1.0999980485915457,-2.9929577232325394e-06
1200060,0.11971830939883936,6.143403935834824e-11,0.0,1.0999980485915457,-2.9929577232452813e-06
1200120,0.11971830939912455,6.141502963538144e-11,0.0,1.0999980485915457,-2.9929577232580677e-06
1200180,0.11971830939941065,6.139593018382534e-11,0.0,1.0999980485915457,-2.992957723270898e-06
1200240,0.11971830939969769,6.137674100367994e-11,0.0,1.0999980485915457,-2.992957723283773e-06
1200300,0.11971830939998565,6.135746209494524e-11,0.0,1.0999980485915457,-2.9929577232966924e-06
1200360,0.11971830940027453,6.133809345762126e-11,0.0,1.0999980485915457,-2.9929577233096554e-06
1200420,0.11971830940056433,6.131863509170796e-11,0.0,1.0999980485915457,-2.9929577233226633e-06
1200480,0.11971830940085505,6.129908699720535e-11,0.0,1.0999980485915457,-2.992957723335715e-06
1200540,0.1197183094011467,6.127944917411346e-11,0.0,1.0999980485915457,-2.992957723348811e-06
1200600,0.11971830940143927,6.125972162243227e-11,0.0,1.0999980485915457,-2.9929577233619516e-06
1200660,0.11971830940173277,6.123990434216177e-11,0.0,1.0999980485915457,-2.9929577233751365e-06
1200720,0.11971830940202718,6.121999733330197e-11,0.0,1.0999980485915457,-2.9929577233883655e-06
1200780,0.11971830940232252,6.120000059585289e-11,0.0,1.0999980485915457,-2.9929577234016385e-06
1200840,0.11971830940261878,6.11799141298145e-11,0.0,1.099998048591546,-2.992957723414956e-06
1200900,0.11971830940291596,6.115973793518682e-11,0.0,1.099998048591546,-2.992957723428318e-06
1200960,0.11971830940321407,6.113947201196983e-11,0.0,1.099998048591546,-2.992957723441724e-06
1201020,0.11971830940351309,6.111911636016354e-11,0.0,1.099998048591546,-2.992957723455174e-06
1201080,0.11971830940381305,6.109867097976795e-11,0.0,1.099998048591546,-2.9929577234686684e-06
1201140,0.11971830940411393,6.107813587078306e-11,0.0,1.099998048591546,-2.9929577234822074e-06
1201200,0.11971830940441572,6.105751103320888e-11,0.0,1.099998048591546,-2.9929577234957904e-06
1201260,0.11971830940471845,6.10367964670454e-11,0.0,1.099998048591546,-2.992957723509418e-06
1201320,0.1197183094050221,6.101599217229262e-11,0.0,1.099998048591546,-2.9929577235230895e-06
1201380,0.11971830940532666,6.099509814895054e-11,0.0,1.099998048591546,-2.9929577235368055e-06
1201440,0.11971830940563215,6.097411439701915e-11,0.0,1.099998048591546,-2.9929577235505655e-06
1201500,0.11971830940593856,6.095304091649847e-11,0.0,1.099998048591546,-2.99295772356437e-06
1201560,0.11971830940624589,6.093187770738849e-11,0.0,1.099998048591546,-2.9929577235782186e-06
1201620,0.11971830940655415,6.09106247696892e-11,0.0,1.099998048591546,-2.9929577235921116e-06
1201680,0.11971830940686333,6.088928210340065e-11,0.0,1.099998048591546,-2.9929577236060487e-06
1201740,0.11971830940717343,6.086784970852275e-11,0.0,1.099998048591546,-2.9929577236200303e-06
1201800,0.11971830940748446,6.084632758505557e-11,0.0,1.099998048591546,-2.992957723634056e-06
1201860,0.1197183094077964,6.082471573299911e-11,0.0,1.099998048591546,-2.992957723648126e-06
1201920,0.11971830940810928,6.080301415235334e-11,0.0,1.099998048591546,-2.9929577236622405e-06
1201980,0.11971830940842308,6.078122284311825e-11,0.0,1.099998048591546,-2.992957723676399e-06
1202040,0.11971830940873779,6.075934180529388e-11,0.0,1.099998048591546,-2.9929577236906017e-06
1202100,0.11971830940905344,6.073737103888022e-11,0.0,1.099998048591546,-2.9929577237048488e-06
1202160,0.11971830940936999,6.071531054387724e-11,0.0,1.099998048591546,-2.9929577237191403e-06
1202220,0.11971830940968749,6.069316032028497e-11,0.0,1.099998048591546,-2.992957723733476e-06
1202280,0.1197183094100059,6.067092036810341e-11,0.0,1.099998048591546,-2.9929577237478556e-06
1202340,0.11971830941032523,6.064859068733254e-11,0.0,1.099998048591546,-2.9929577237622797e-06
1202400,0.11971830941064548,6.062617127797237e-11,0.0,1.099998048591546,-2.9929577237767483e-06
1202460,0.11971830941096666,6.06036621400229e-11,0.0,1.099998048591546,-2.992957723791261e-06
1202520,0.11971830941128876,6.058106327348415e-11,0.0,1.099998048591546,-2.9929577238058176e-06
1202580,0.11971830941161178,6.055837467835606e-11,0.0,1.099998048591546,-2.992957723820419e-06
1202640,0.11971830941193573,6.05355963546387e-11,0.0,1.099998048591546,-2.9929577238350644e-06
1202700,0.1197183094122606,6.051272830233204e-11,0.0,1.099998048591546,-2.992957723849754e-06
1202760,0.11971830941258639,6.048977052143607e-11,0.0,1.099998048591546,-2.992957723864488e-06
1202820,0.1197183094129131,6.046672301195082e-11,0.0,1.099998048591546,-2.9929577238792664e-06
1202880,0.11971830941324074,6.044358577387625e-11,0.0,1.099998048591546,-2.992957723894089e-06
1202940,0.1197183094135693,6.042035880721239e-11,0.0,1.099998048591546,-2.9929577239089557e-06
1203000,0.11971830941389877,6.039704211195924e-11,0.0,1.099998048591546,-2.992957723923867e-06
1203060,0.11971830941422919,6.037363568811677e-11,0.0,1.099998048591546,-2.992957723938822e-06
1203120,0.1197183094145605,6.035013953568502e-11,0.0,1.099998048591546,-2.992957723953822e-06
1203180,0.11971830941489277,6.032655365466396e-11,0.0,1.099998048591546,-2.992957723968866e-06
1203240,0.11971830941522593,6.030287804505362e-11,0.0,1.099998048591546,-2.9929577239839537e-06
1203300,0.11971830941556004,6.027911270685395e-11,0.0,1.099998048591546,-2.9929577239990864e-06
1203360,0.11971830941589505,6.025525764006499e-11,0.0,1.099998048591546,-2.992957724014263e-06
1203420,0.11971830941623099,6.023131284468674e-11,0.0,1.099998048591546,-2.992957724029484e-06
1203480,0.11971830941656786,6.020727832071918e-11,0.0,1.099998048591546,-2.992957724044749e-06
1203540,0.11971830941690564,6.018315406816234e-11,0.0,1.099998048591546,-2.992957724060059e-06
1203600,0.11971830941724436,6.015894008701618e-11,0.0,1.099998048591546,-2.992957724075412e-06
1203660,0.11971830941758399,6.013463637728074e-11,0.0,1.099998048591546,-2.9929577240908103e-06
1203720,0.11971830941792455,6.011024293895599e-11,0.0,1.099998048591546,-2.9929577241062526e-06
1203780,0.11971830941826603,6.008575977204194e-11,0.0,1.099998048591546,-2.9929577241217393e-06
1203840,0.11971830941860843,6.006118687653859e-11,0.0,1.099998048591546,-2.99295772413727e-06
1203900,0.11971830941895176,6.003652425244595e-11,0.0,1.099998048591546,-2.992957724152845e-06
1203960,0.11971830941929601,6.001177189976401e-11,0.0,1.099998048591546,-2.992957724168464e-06
1204020,0.11971830941964118,5.998692981849276e-11,0.0,1.099998048591546,-2.992957724184128e-06
1204080,0.11971830941998726,5.996199800863222e-11,0.0,1.099998048591546,-2.9929577241998358e-06
1204140,0.11971830942033428,5.993697647018237e-11,0.0,1.099998048591546,-2.992957724215588e-06
1204200,0.11971830942068222,5.991186520314322e-11,0.0,1.099998048591546,-2.9929577242313843e-06
1204260,0.11971830942103108,5.988666420751479e-11,0.0,1.099998048591546,-2.992957724247225e-06
1204320,0.11971830942138087,5.986137348329705e-11,0.0,1.099998048591546,-2.99295772426311e-06
1204380,0.11971830942173158,5.983599303049001e-11,0.0,1.099998048591546,-2.9929577242790393e-06
1204440,0.11971830942208321,5.981052284909366e-11,0.0,1.0999980485915462,-2.9929577242950126e-06
1204500,0.11971830942243576,5.978496293910803e-11,0.0,1.0999980485915462,-2.9929577243110304e-06
1204560,0.11971830942278923,5.975931330053309e-11,0.0,1.0999980485915462,-2.9929577243270923e-06
1204620,0.11971830942314364,5.973357393336885e-11,0.0,1.0999980485915462,-2.9929577243431986e-06
1204680,0.11971830942349895,5.970774483761532e-11,0.0,1.0999980485915462,-2.992957724359349e-06
1204740,0.1197183094238552,5.968182601327248e-11,0.0,1.0999980485915462,-2.992957724375544e-06
1204800,0.11971830942421237,5.965581746034034e-11,0.0,1.0999980485915462,-2.9929577243917827e-06
1204860,0.11971830942457046,5.962971917881891e-11,0.0,1.0999980485915462,-2.992957724408066e-06
1204920,0.11971830942492948,5.960353116870817e-11,0.0,1.0999980485915462,-2.992957724424394e-06
1204980,0.11971830942528941,5.957725343000815e-11,0.0,1.0999980485915462,-2.992957724440766e-06
1205040,0.11971830942565026,5.955088596271881e-11,0.0,1.0999980485915462,-2.9929577244571817e-06
1205100,0.11971830942601204,5.952442876684018e-11,0.0,1.0999980485915462,-2.992957724473642e-06
1205160,0.11971830942637475,5.949788184237226e-11,0.0,1.0999980485915462,-2.992957724490147e-06
1205220,0.11971830942673838,5.947124518931503e-11,0.0,1.0999980485915462,-2.992957724506696e-06
1205280,0.11971830942710293,5.94445188076685e-11,0.0,1.0999980485915462,-2.992957724523289e-06
1205340,0.1197183094274684,5.941770269743267e-11,0.0,1.0999980485915462,-2.9929577245399263e-06
1205400,0.11971830942783479,5.939079685860755e-11,0.0,1.0999980485915462,-2.992957724556608e-06
1205460,0.11971830942820211,5.936380129119312e-11,0.0,1.0999980485915462,-2.992957724573334e-06
1205520,0.11971830942857035,5.93367159951894e-11,0.0,1.0999980485915462,-2.9929577245901045e-06
1205580,0.11971830942893952,5.930954097059638e-11,0.0,1.0999980485915462,-2.992957724606919e-06
1205640,0.1197183094293096,5.928227621741405e-11,0.0,1.0999980485915462,-2.992957724623778e-06
1205700,0.1197183094296806,5.925492173564243e-11,0.0,1.0999980485915462,-2.992957724640681e-06
1205760,0.11971830943005254,5.922747752528152e-11,0.0,1.0999980485915462,-2.992957724657628e-06
1205820,0.1197183094304254,5.91999435863313e-11,0.0,1.0999980485915462,-2.9929577246746197e-06
1205880,0.11971830943079918,5.917231991879178e-11,0.0,1.0999980485915462,-2.9929577246916553e-06
1205940,0.11971830943117388,5.914460652266296e-11,0.0,1.0999980485915462,-2.9929577247087357e-06
1206000,0.1197183094315495,5.911680339794485e-11,0.0,1.0999980485915462,-2.99295772472586e-06
1206060,0.11971830943192605,5.908891054463743e-11,0.0,1.0999980485915462,-2.9929577247430287e-06
1206120,0.11971830943230352,5.90609279627407e-11,0.0,1.0999980485915462,-2.9929577247602416e-06
1206180,0.11971830943268191,5.903285565225469e-11,0.0,1.0999980485915462,-2.9929577247774987e-06
1206240,0.11971830943306122,5.900469361317938e-11,0.0,1.0999980485915462,-2.9929577247948e-06
1206300,0.11971830943344146,5.897644184551478e-11,0.0,1.0999980485915462,-2.9929577248121457e-06
1206360,0.11971830943382263,5.894810034926086e-11,0.0,1.0999980485915462,-2.9929577248295357e-06
1206420,0.11971830943420471,5.891966912441766e-11,0.0,1.0999980485915462,-2.99295772484697e-06
1206480,0.11971830943458771,5.889114817098514e-11,0.0,1.0999980485915462,-2.9929577248644487e-06
1206540,0.11971830943497164,5.886253748896332e-11,0.0,1.0999980485915462,-2.9929577248819713e-06
1206600,0.1197183094353565,5.883383707835222e-11,0.0,1.0999980485915462,-2.9929577248995383e-06
1206660,0.11971830943574227,5.880504693915181e-11,0.0,1.0999980485915462,-2.99295772491715e-06
1206720,0.11971830943612896,5.87761670713621e-11,0.0,1.0999980485915462,-2.9929577249348054e-06
1206780,0.11971830943651658,5.874719747498309e-11,0.0,1.0999980485915462,-2.992957724952505e-06
1206840,0.11971830943690512,5.871813815001479e-11,0.0,1.0999980485915462,-2.992957724970249e-06
1206900,0.11971830943729458,5.868898909645718e-11,0.0,1.0999980485915462,-2.9929577249880376e-06
1206960,0.11971830943768498,5.865975031431028e-11,0.0,1.0999980485915462,-2.99295772500587e-06
1207020,0.11971830943807629,5.863042180357408e-11,0.0,1.0999980485915462,-2.9929577250237472e-06
1207080,0.11971830943846852,5.860100356424858e-11,0.0,1.0999980485915462,-2.9929577250416683e-06
1207140,0.11971830943886168,5.857149559633378e-11,0.0,1.0999980485915462,-2.992957725059634e-06
1207200,0.11971830943925577,5.854189789982968e-11,0.0,1.0999980485915462,-2.9929577250776435e-06
1207260,0.11971830943965077,5.851221047473628e-11,0.0,1.0999980485915462,-2.9929577250956976e-06
1207320,0.11971830944004669,5.848243332105358e-11,0.0,1.0999980485915462,-2.9929577251137957e-06
1207380,0.11971830944044354,5.845256643878159e-11,0.0,1.0999980485915462,-2.9929577251319383e-06
1207440,0.1197183094408413,5.842260982792028e-11,0.0,1.0999980485915462,-2.992957725150125e-06
1207500,0.11971830944124,5.839256348846969e-11,0.0,1.0999980485915462,-2.992957725168356e-06
1207560,0.11971830944163962,5.836242742042979e-11,0.0,1.0999980485915462,-2.9929577251866313e-06
1207620,0.11971830944204016,5.83322016238006e-11,0.0,1.0999980485915464,-2.992957725204951e-06
1207680,0.11971830944244162,5.83018860985821e-11,0.0,1.0999980485915464,-2.9929577252233146e-06
1207740,0.119718309442844,5.827148084477432e-11,0.0,1.0999980485915464,-2.9929577252417227e-06
1207800,0.11971830944324731,5.824098586237722e-11,0.0,1.0999980485915464,-2.9929577252601753e-06
1207860,0.11971830944365154,5.821040115139083e-11,0.0,1.0999980485915464,-2.992957725278672e-06
1207920,0.1197183094440567,5.817972671181514e-11,0.0,1.0999980485915464,-2.9929577252972127e-06
1207980,0.11971830944446277,5.8148962543650146e-11,0.0,1.0999980485915464,-2.992957725315798e-06
1208040,0.11971830944486977,5.8118108646895863e-11,0.0,1.0999980485915464,-2.9929577253344275e-06
1208100,0.1197183094452777,5.808716502155227e-11,0.0,1.0999980485915464,-2.992957725353101e-06
1208160,0.11971830944568654,5.8056131667619386e-11,0.0,1.0999980485915464,-2.992957725371819e-06
1208220,0.11971830944609631,5.8025008585097204e-11,0.0,1.0999980485915464,-2.992957725390581e-06
1208280,0.11971830944650699,5.799379577398571e-11,0.0,1.0999980485915464,-2.992957725409388e-06
1208340,0.11971830944691861,5.7962493234284934e-11,0.0,1.0999980485915464,-2.9929577254282385e-06
1208400,0.11971830944733115,5.793110096599485e-11,0.0,1.0999980485915464,-2.9929577254471333e-06
1208460,0.1197183094477446,5.789961896911547e-11,0.0,1.0999980485915464,-2.992957725466073e-06
1208520,0.11971830944815899,5.786804724364678e-11,0.0,1.0999980485915464,-2.992957725485056e-06
1208580,0.1197183094485743,5.7836385789588806e-11,0.0,1.0999980485915464,-2.992957725504084e-06
1208640,0.11971830944899052,5.780463460694152e-11,0.0,1.0999980485915464,-2.992957725523156e-06
1208700,0.11971830944940767,5.777279369570495e-11,0.0,1.0999980485915464,-2.9929577255422724e-06
1208760,0.11971830944982574,5.774086305587906e-11,0.0,1.0999980485915464,-2.992957725561433e-06
1208820,0.11971830945024474,5.7708842687463885e-11,0.0,1.0999980485915464,-2.992957725580638e-06
1208880,0.11971830945066465,5.767673259045941e-11,0.0,1.0999980485915464,-2.992957725599887e-06
1208940,0.1197183094510855,5.764453276486563e-11,0.0,1.0999980485915464,-2.9929577256191805e-06
1209000,0.11971830945150726,5.761224321068256e-11,0.0,1.0999980485915464,-2.9929577256385183e-06
1209060,0.11971830945192995,5.7579863927910184e-11,0.0,1.0999980485915464,-2.9929577256579005e-06
1209120,0.11971830945235357,5.7547394916548514e-11,0.0,1.0999980485915464,-2.9929577256773263e-06
1209180,0.11971830945277809,5.751483617659754e-11,0.0,1.0999980485915464,-2.992957725696797e-06
1209240,0.11971830945320355,5.748218770805727e-11,0.0,1.0999980485915464,-2.992957725716312e-06
1209300,0.11971830945362992,5.74494495109277e-11,0.0,1.0999980485915464,-2.9929577257358707e-06
1209360,0.11971830945405723,5.741662158520883e-11,0.0,1.0999980485915464,-2.992957725755474e-06
1209420,0.11971830945448546,5.738370393090066e-11,0.0,1.0999980485915464,-2.992957725775122e-06
1209480,0.1197183094549146,5.735069654800319e-11,0.0,1.0999980485915464,-2.9929577257948136e-06
1209540,0.11971830945534467,5.7317599436516424e-11,0.0,1.0999980485915464,-2.9929577258145495e-06
1209600,0.11971830945577566,5.728441259644036e-11,0.0,1.0999980485915464,-2.99295772583433e-06
1209660,0.11971830945620758,5.7251136027774986e-11,0.0,1.0999980485915464,-2.9929577258541546e-06
1209720,0.11971830945664041,5.721776973052033e-11,0.0,1.0999980485915464,-2.9929577258740235e-06
1209780,0.11971830945707418,5.7184313704676364e-11,0.0,1.0999980485915464,-2.9929577258939364e-06
1209840,0.11971830945750886,5.71507679502431e-11,0.0,1.0999980485915464,-2.992957725913894e-06
1209900,0.11971830945794447,5.711713246722054e-11,0.0,1.0999980485915464,-2.9929577259338956e-06
1209960,0.119718309458381,5.708340725560868e-11,0.0,1.0999980485915464,-2.9929577259539415e-06
1210020,0.11971830945881845,5.704959231540752e-11,0.0,1.0999980485915464,-2.992957725974032e-06
1210080,0.11971830945925682,5.7015687646617055e-11,0.0,1.0999980485915464,-2.992957725994166e-06
1210140,0.11971830945969612,5.6981693249237294e-11,0.0,1.0999980485915464,-2.992957726014345e-06
1210200,0.11971830946013634,5.694760912326824e-11,0.0,1.0999980485915464,-2.992957726034568e-06
1210260,0.11971830946057749,5.691343526870988e-11,0.0,1.0999980485915464,-2.9929577260548354e-06
1210320,0.11971830946101955,5.6879171685562226e-11,0.0,1.0999980485915464,-2.992957726075147e-06
1210380,0.11971830946146254,5.684481837382527e-11,0.0,1.0999980485915466,-2.9929577260955027e-06
1210440,0.11971830946190645,5.6810375333499014e-11,0.0,1.0999980485915466,-2.9929577261159026e-06
1210500,0.11971830946235129,5.677584256458346e-11,0.0,1.0999980485915466,-2.992957726136347e-06
1210560,0.11971830946279705,5.6741220067078605e-11,0.0,1.0999980485915466,-2.9929577261568355e-06
1210620,0.11971830946324372,5.670650784098446e-11,0.0,1.0999980485915466,-2.9929577261773684e-06
1210680,0.11971830946369133,5.6671705886301e-11,0.0,1.0999980485915466,-2.992957726197946e-06
1210740,0.11971830946413985,5.663681420302826e-11,0.0,1.0999980485915466,-2.9929577262185673e-06
1210800,0.1197183094645893,5.6601832791166204e-11,0.0,1.0999980485915466,-2.9929577262392327e-06
1210860,0.11971830946503967,5.6566761650714853e-11,0.0,1.0999980485915466,-2.9929577262599427e-06
1210920,0.11971830946549096,5.6531600781674205e-11,0.0,1.0999980485915466,-2.992957726280697e-06
1210980,0.11971830946594318,5.649635018404426e-11,0.0,1.0999980485915466,-2.9929577263014956e-06
1211040,0.11971830946639632,5.6461009857825017e-11,0.0,1.0999980485915466,-2.992957726322338e-06
1211100,0.11971830946685039,5.642557980301647e-11,0.0,1.0999980485915466,-2.992957726343225e-06
1211160,0.11971830946730537,5.6390060019618625e-11,0.0,1.0999980485915466,-2.9929577263641566e-06
1211220,0.11971830946776128,5.635445050763148e-11,0.0,1.0999980485915466,-2.992957726385132e-06
1211280,0.11971830946821811,5.6318751267055036e-11,0.0,1.0999980485915466,-2.9929577264061516e-06
1211340,0.11971830946867587,5.62829622978893e-11,0.0,1.0999980485915466,-2.992957726427216e-06
1211400,0.11971830946913455,5.624708360013425e-11,0.0,1.0999980485915466,-2.992957726448324e-06
1211460,0.11971830946959414,5.621111517378991e-11,0.0,1.0999980485915466,-2.9929577264694766e-06
1211520,0.11971830947005467,5.617505701885627e-11,0.0,1.0999980485915466,-2.9929577264906736e-06
1211580,0.11971830947051611,5.6138909135333336e-11,0.0,1.0999980485915466,-2.9929577265119147e-06
1211640,0.11971830947097847,5.61026715232211e-11,0.0,1.0999980485915466,-2.9929577265332e-06
1211700,0.11971830947144177,5.6066344182519563e-11,0.0,1.0999980485915466,-2.9929577265545298e-06
1211760,0.11971830947190598,5.6029927113228724e-11,0.0,1.0999980485915466,-2.9929577265759038e-06
1211820,0.11971830947237112,5.599342031534859e-11,0.0,1.0999980485915466,-2.992957726597322e-06
1211880,0.11971830947283718,5.595682378887915e-11,0.0,1.0999980485915466,-2.9929577266187844e-06
1211940,0.11971830947330417,5.592013753382042e-11,0.0,1.0999980485915466,-2.992957726640291e-06
1212000,0.11971830947377207,5.588336155017239e-11,0.0,1.0999980485915466,-2.992957726661842e-06
1212060,0.11971830947424089,5.584649583793506e-11,0.0,1.0999980485915466,-2.9929577266834376e-06
1212120,0.11971830947471064,5.580954039710843e-11,0.0,1.0999980485915466,-2.992957726705077e-06
1212180,0.11971830947518132,5.577249522769249e-11,0.0,1.0999980485915466,-2.9929577267267608e-06
1212240,0.11971830947565291,5.5735360329687266e-11,0.0,1.0999980485915466,-2.992957726748489e-06
1212300,0.11971830947612544,5.5698135703092737e-11,0.0,1.0999980485915466,-2.992957726770261e-06
1212360,0.11971830947659888,5.566082134790891e-11,0.0,1.0999980485915466,-2.9929577267920776e-06
1212420,0.11971830947707324,5.562341726413578e-11,0.0,1.0999980485915466,-2.9929577268139387e-06
1212480,0.11971830947754852,5.5585923451773355e-11,0.0,1.0999980485915466,-2.992957726835844e-06
1212540,0.11971830947802474,5.5548339910821635e-11,0.0,1.0999980485915466,-2.992957726857793e-06
1212600,0.11971830947850187,5.5510666641280605e-11,0.0,1.0999980485915466,-2.9929577268797866e-06
1212660,0.11971830947897993,5.547290364315029e-11,0.0,1.0999980485915466,-2.9929577269018247e-06
1212720,0.11971830947945891,5.5435050916430664e-11,0.0,1.0999980485915466,-2.992957726923907e-06
1212780,0.1197183094799388,5.539710846112174e-11,0.0,1.0999980485915466,-2.9929577269460335e-06
1212840,0.11971830948041963,5.535907627722352e-11,0.0,1.0999980485915466,-2.992957726968204e-06
1212900,0.11971830948090138,5.5320954364735996e-11,0.0,1.0999980485915466,-2.9929577269904193e-06
1212960,0.11971830948138405,5.528274272365918e-11,0.0,1.0999980485915468,-2.9929577270126784e-06
1213020,0.11971830948186764,5.524444135399306e-11,0.0,1.0999980485915468,-2.9929577270349817e-06
1213080,0.11971830948235215,5.520605025573765e-11,0.0,1.0999980485915468,-2.9929577270573298e-06
1213140,0.1197183094828376,5.516756942889293e-11,0.0,1.0999980485915468,-2.9929577270797215e-06
1213200,0.11971830948332396,5.512899887345891e-11,0.0,1.0999980485915468,-2.992957727102158e-06
1213260,0.11971830948381125,5.5090338589435594e-11,0.0,1.0999980485915468,-2.9929577271246384e-06
1213320,0.11971830948429946,5.505158857682298e-11,0.0,1.0999980485915468,-2.9929577271471636e-06
1213380,0.11971830948478858,5.501274883562107e-11,0.0,1.0999980485915468,-2.9929577271697327e-06
1213440,0.11971830948527863,5.497381936582986e-11,0.0,1.0999980485915468,-2.992957727192346e-06
1213500,0.11971830948576961,5.493480016744935e-11,0.0,1.0999980485915468,-2.9929577272150037e-06
1213560,0.11971830948626151,5.489569124047953e-11,0.0,1.0999980485915468,-2.9929577272377054e-06
1213620,0.11971830948675433,5.485649258492042e-11,0.0,1.0999980485915468,-2.9929577272604517e-06
1213680,0.11971830948724807,5.481720420077201e-11,0.0,1.0999980485915468,-2.9929577272832424e-06
1213740,0.11971830948774274,5.47778260880343e-11,0.0,1.0999980485915468,-2.9929577273060767e-06
1213800,0.11971830948823833,5.4738358246707295e-11,0.0,1.0999980485915468,-2.992957727328956e-06
1213860,0.11971830948873484,5.469880067679099e-11,0.0,1.0999980485915468,-2.992957727351879e-06
1213920,0.11971830948923227,5.465915337828539e-11,0.0,1.0999980485915468,-2.9929577273748464e-06
1213980,0.11971830948973064,5.461941635119048e-11,0.0,1.0999980485915468,-2.992957727397858e-06
1214040,0.11971830949022992,5.457958959550628e-11,0.0,1.0999980485915468,-2.9929577274209144e-06
1214100,0.11971830949073012,5.453967311123277e-11,0.0,1.0999980485915468,-2.9929577274440147e-06
1214160,0.11971830949123125,5.449966689836997e-11,0.0,1.0999980485915468,-2.9929577274671595e-06
1214220,0.11971830949173329,5.445957095691787e-11,0.0,1.0999980485915468,-2.9929577274903483e-06
1214280,0.11971830949223626,5.441938528687647e-11,0.0,1.0999980485915468,-2.992957727513581e-06
1214340,0.11971830949274016,5.4379109888245774e-11,0.0,1.0999980485915468,-2.992957727536859e-06
1214400,0.11971830949324498,5.433874476102577e-11,0.0,1.0999980485915468,-2.99295772756018e-06
1214460,0.11971830949375072,5.4298289905216467e-11,0.0,1.0999980485915468,-2.992957727583546e-06
1214520,0.11971830949425738,5.4257745320817877e-11,0.0,1.0999980485915468,-2.9929577276069563e-06
1214580,0.11971830949476497,5.4217111007829976e-11,0.0,1.0999980485915468,-2.9929577276304107e-06
1214640,0.11971830949527348,5.4176386966252785e-11,0.0,1.0999980485915468,-2.9929577276539095e-06
1214700,0.11971830949578291,5.413557319608629e-11,0.0,1.0999980485915468,-2.9929577276774523e-06
1214760,0.11971830949629327,5.409466969733049e-11,0.0,1.0999980485915468,-2.9929577277010397e-06
1214820,0.11971830949680454,5.40536764699854e-11,0.0,1.0999980485915468,-2.9929577277246715e-06
1214880,0.11971830949731674,5.401259351405101e-11,0.0,1.0999980485915468,-2.992957727748347e-06
1214940,0.11971830949782987,5.3971420829527325e-11,0.0,1.0999980485915468,-2.992957727772067e-06
1215000,0.11971830949834392,5.393015841641433e-11,0.0,1.0999980485915468,-2.9929577277958315e-06
1215060,0.11971830949885888,5.3888806274712035e-11,0.0,1.0999980485915468,-2.99295772781964e-06
1215120,0.11971830949937477,5.384736440442045e-11,0.0,1.0999980485915468,-2.992957727843493e-06
1215180,0.11971830949989158,5.380583280553956e-11,0.0,1.0999980485915468,-2.9929577278673897e-06
1215240,0.11971830950040932,5.3764211478069376e-11,0.0,1.0999980485915468,-2.992957727891331e-06
1215300,0.11971830950092799,5.3722500422009885e-11,0.0,1.099998048591547,-2.992957727915317e-06
1215360,0.11971830950144757,5.3680699637361104e-11,0.0,1.099998048591547,-2.992957727939347e-06
1215420,0.11971830950196807,5.363880912412301e-11,0.0,1.099998048591547,-2.992957727963421e-06
1215480,0.1197183095024895,5.3596828882295636e-11,0.0,1.099998048591547,-2.9929577279875392e-06
1215540,0.11971830950301185,5.355475891187895e-11,0.0,1.099998048591547,-2.992957728011702e-06
1215600,0.11971830950353513,5.3512599212872965e-11,0.0,1.099998048591547,-2.992957728035909e-06
1215660,0.11971830950405932,5.347034978527769e-11,0.0,1.099998048591547,-2.9929577280601605e-06
1215720,0.11971830950458444,5.3428010629093104e-11,0.0,1.099998048591547,-2.992957728084456e-06
1215780,0.11971830950511049,5.338558174431923e-11,0.0,1.099998048591547,-2.9929577281087954e-06
1215840,0.11971830950563744,5.334306313095605e-11,0.0,1.099998048591547,-2.9929577281331798e-06
1215900,0.11971830950616534,5.330045478900357e-11,0.0,1.099998048591547,-2.992957728157608e-06
1215960,0.11971830950669415,5.32577567184618e-11,0.0,1.099998048591547,-2.9929577281820803e-06
1216020,0.11971830950722388,5.321496891933072e-11,0.0,1.099998048591547,-2.992957728206597e-06
1216080,0.11971830950775454,5.317209139161034e-11,0.0,1.099998048591547,-2.992957728231158e-06
1216140,0.11971830950828612,5.3129124135300666e-11,0.0,1.099998048591547,-2.9929577282557637e-06
1216200,0.11971830950881862,5.3086067150401694e-11,0.0,1.099998048591547,-2.992957728280413e-06
1216260,0.11971830950935204,5.3042920436913424e-11,0.0,1.099998048591547,-2.992957728305107e-06
1216320,0.11971830950988639,5.299968399483585e-11,0.0,1.099998048591547,-2.9929577283298456e-06
1216380,0.11971830951042166,5.295635782416898e-11,0.0,1.099998048591547,-2.9929577283546277e-06
1216440,0.11971830951095785,5.291294192491281e-11,0.0,1.099998048591547,-2.9929577283794546e-06
1216500,0.11971830951149498,5.2869436297067336e-11,0.0,1.099998048591547,-2.9929577284043256e-06
1216560,0.11971830951203301,5.282584094063257e-11,0.0,1.099998048591547,-2.9929577284292407e-06
1216620,0.11971830951257198,5.2782155855608504e-11,0.0,1.099998048591547,-2.9929577284542e-06
1216680,0.11971830951311185,5.273838104199514e-11,0.0,1.099998048591547,-2.992957728479204e-06
1216740,0.11971830951365267,5.269451649979247e-11,0.0,1.099998048591547,-2.9929577285042518e-06
1216800,0.1197183095141944,5.26505622290005e-11,0.0,1.099998048591547,-2.9929577285293443e-06
1216860,0.11971830951473705,5.2606518229619244e-11,0.0,1.099998048591547,-2.992957728554481e-06
1216920,0.11971830951528063,5.2562384501648675e-11,0.0,1.099998048591547,-2.992957728579662e-06
1216980,0.11971830951582513,5.2518161045088815e-11,0.0,1.099998048591547,-2.992957728604887e-06
1217040,0.11971830951637055,5.247384785993965e-11,0.0,1.099998048591547,-2.992957728630156e-06
1217100,0.1197183095169169,5.242944494620119e-11,0.0,1.099998048591547,-2.9929577286554696e-06
1217160,0.11971830951746416,5.238495230387343e-11,0.0,1.099998048591547,-2.9929577286808277e-06
1217220,0.11971830951801235,5.2340369932956375e-11,0.0,1.099998048591547,-2.9929577287062298e-06
1217280,0.11971830951856147,5.2295697833450015e-11,0.0,1.099998048591547,-2.9929577287316763e-06
1217340,0.1197183095191115,5.225093600535435e-11,0.0,1.099998048591547,-2.992957728757167e-06
1217400,0.11971830951966246,5.22060844486694e-11,0.0,1.099998048591547,-2.992957728782702e-06
1217460,0.11971830952021434,5.216114316339514e-11,0.0,1.099998048591547,-2.992957728808281e-06
1217520,0.11971830952076715,5.2116112149531586e-11,0.0,1.0999980485915473,-2.9929577288339047e-06
1217580,0.11971830952132087,5.207099140707873e-11,0.0,1.0999980485915473,-2.9929577288595724e-06
1217640,0.11971830952187552,5.202578093603658e-11,0.0,1.0999980485915473,-2.9929577288852845e-06
1217700,0.1197183095224311,5.198048073640513e-11,0.0,1.0999980485915473,-2.9929577289110406e-06
1217760,0.11971830952298759,5.193509080818438e-11,0.0,1.0999980485915473,-2.9929577289368413e-06
1217820,0.11971830952354501,5.1889611151374326e-11,0.0,1.0999980485915473,-2.992957728962686e-06
1217880,0.11971830952410335,5.184404176597498e-11,0.0,1.0999980485915473,-2.992957728988575e-06
1217940,0.11971830952466261,5.179838265198632e-11,0.0,1.0999980485915473,-2.9929577290145082e-06
1218000,0.11971830952522279,5.175263380940838e-11,0.0,1.0999980485915473,-2.992957729040486e-06
1218060,0.11971830952578391,5.170679523824113e-11,0.0,1.0999980485915473,-2.992957729066508e-06
1218120,0.11971830952634593,5.1660866938484583e-11,0.0,1.0999980485915473,-2.992957729092574e-06
1218180,0.1197183095269089,5.1614848910138734e-11,0.0,1.0999980485915473,-2.9929577291186844e-06
1218240,0.11971830952747277,5.1568741153203594e-11,0.0,1.0999980485915473,-2.992957729144839e-06
1218300,0.11971830952803757,5.152254366767915e-11,0.0,1.0999980485915473,-2.992957729171038e-06
1218360,0.1197183095286033,5.147625645356541e-11,0.0,1.0999980485915473,-2.9929577291972814e-06
1218420,0.11971830952916994,5.142987951086236e-11,0.0,1.0999980485915473,-2.9929577292235687e-06
1218480,0.11971830952973751,5.138341283957002e-11,0.0,1.0999980485915473,-2.9929577292499004e-06
1218540,0.119718309530306,5.133685643968838e-11,0.0,1.0999980485915473,-2.9929577292762766e-06
1218600,0.11971830953087542,5.129021031121744e-11,0.0,1.0999980485915473,-2.992957729302697e-06
1218660,0.11971830953144576,5.1243474454157206e-11,0.0,1.0999980485915473,-2.992957729329161e-06
1218720,0.11971830953201702,5.1196648868507666e-11,0.0,1.0999980485915473,-2.9929577293556702e-06
1218780,0.1197183095325892,5.114973355426883e-11,0.0,1.0999980485915473,-2.992957729382223e-06
1218840,0.1197183095331623,5.110272851144069e-11,0.0,1.0999980485915473,-2.9929577294088203e-06
1218900,0.11971830953373634,5.105563374002325e-11,0.0,1.0999980485915473,-2.992957729435462e-06
1218960,0.11971830953431128,5.1008449240016526e-11,0.0,1.0999980485915473,-2.992957729462148e-06
1219020,0.11971830953488716,5.0961175011420486e-11,0.0,1.0999980485915473,-2.992957729488878e-06
1219080,0.11971830953546396,5.091381105423515e-11,0.0,1.0999980485915473,-2.9929577295156523e-06
1219140,0.11971830953604168,5.086635736846052e-11,0.0,1.0999980485915473,-2.992957729542471e-06
1219200,0.11971830953662033,5.081881395409659e-11,0.0,1.0999980485915473,-2.9929577295693343e-06
1219260,0.11971830953719989,5.0771180811143357e-11,0.0,1.0999980485915473,-2.992957729596241e-06
1219320,0.11971830953778037,5.072345793960083e-11,0.0,1.0999980485915473,-2.992957729623193e-06
1219380,0.1197183095383618,5.0675645339469e-11,0.0,1.0999980485915473,-2.9929577296501887e-06
1219440,0.11971830953894412,5.0627743010747874e-11,0.0,1.0999980485915473,-2.9929577296772285e-06
1219500,0.11971830953952738,5.057975095343745e-11,0.0,1.0999980485915473,-2.992957729704313e-06
1219560,0.11971830954011156,5.053166916753772e-11,0.0,1.0999980485915475,-2.992957729731441e-06
1219620,0.11971830954069666,5.0483497653048695e-11,0.0,1.0999980485915475,-2.992957729758614e-06
1219680,0.1197183095412827,5.043523640997037e-11,0.0,1.0999980485915475,-2.9929577297858313e-06
1219740,0.11971830954186964,5.038688543830274e-11,0.0,1.0999980485915475,-2.9929577298130926e-06
1219800,0.1197183095424575,5.0338444738045825e-11,0.0,1.0999980485915475,-2.992957729840398e-06
1219860,0.1197183095430463,5.02899143091996e-11,0.0,1.0999980485915475,-2.992957729867748e-06
1219920,0.11971830954363602,5.024129415176408e-11,0.0,1.0999980485915475,-2.992957729895142e-06
1219980,0.11971830954422666,5.019258426573926e-11,0.0,1.0999980485915475,-2.9929577299225805e-06
1220040,0.11971830954481823,5.014378465112514e-11,0.0,1.0999980485915475,-2.9929577299500633e-06
1220100,0.11971830954541071,5.009489530792171e-11,0.0,1.0999980485915475,-2.9929577299775902e-06
1220160,0.11971830954600411,5.0045916236129e-11,0.0,1.0999980485915475,-2.992957730005161e-06
1220220,0.11971830954659844,4.999684743574698e-11,0.0,1.0999980485915475,-2.992957730032777e-06
1220280,0.1197183095471937,4.994768890677567e-11,0.0,1.0999980485915475,-2.9929577300604364e-06
1220340,0.11971830954778988,4.989844064921505e-11,0.0,1.0999980485915475,-2.9929577300881403e-06
1220400,0.11971830954838697,4.9849102663065135e-11,0.0,1.0999980485915475,-2.9929577301158887e-06
1220460,0.11971830954898499,4.979967494832592e-11,0.0,1.0999980485915475,-2.992957730143681e-06
1220520,0.11971830954958394,4.975015750499741e-11,0.0,1.0999980485915475,-2.992957730171518e-06
1220580,0.11971830955018381,4.9700550333079603e-11,0.0,1.0999980485915475,-2.992957730199399e-06
1220640,0.1197183095507846,4.9650853432572485e-11,0.0,1.0999980485915475,-2.9929577302273243e-06
1220700,0.1197183095513863,4.960106680347608e-11,0.0,1.0999980485915475,-2.992957730255294e-06
1220760,0.11971830955198895,4.955119044579037e-11,0.0,1.0999980485915475,-2.9929577302833077e-06
1220820,0.11971830955259251,4.950122435951536e-11,0.0,1.0999980485915475,-2.992957730311366e-06
1220880,0.119718309553197,4.945116854465105e-11,0.0,1.0999980485915475,-2.9929577303394685e-06
1220940,0.1197183095538024,4.940102300119744e-11,0.0,1.0999980485915475,-2.992957730367615e-06
1221000,0.11971830955440872,4.935078772915454e-11,0.0,1.0999980485915475,-2.992957730395806e-06
1221060,0.11971830955501597,4.930046272852233e-11,0.0,1.0999980485915475,-2.992957730424041e-06
1221120,0.11971830955562415,4.9250047999300825e-11,0.0,1.0999980485915475,-2.9929577304523204e-06
1221180,0.11971830955623325,4.919954354149003e-11,0.0,1.0999980485915475,-2.9929577304806444e-06
1221240,0.11971830955684326,4.914894935508992e-11,0.0,1.0999980485915475,-2.9929577305090123e-06
1221300,0.1197183095574542,4.909826544010052e-11,0.0,1.0999980485915475,-2.9929577305374244e-06
1221360,0.11971830955806606,4.9047491796521816e-11,0.0,1.0999980485915475,-2.9929577305658813e-06
1221420,0.11971830955867885,4.899662842435382e-11,0.0,1.0999980485915475,-2.992957730594382e-06
1221480,0.11971830955929257,4.894567532359652e-11,0.0,1.0999980485915475,-2.992957730622927e-06
1221540,0.1197183095599072,4.889463249424992e-11,0.0,1.0999980485915477,-2.9929577306515163e-06
1221600,0.11971830956052275,4.884349993631402e-11,0.0,1.0999980485915477,-2.99295773068015e-06
1221660,0.11971830956113923,4.879227764978883e-11,0.0,1.0999980485915477,-2.992957730708828e-06
1221720,0.11971830956175664,4.874096563467433e-11,0.0,1.0999980485915477,-2.99295773073755e-06
1221780,0.11971830956237496,4.8689563890970534e-11,0.0,1.0999980485915477,-2.992957730766316e-06
1221840,0.1197183095629942,4.863807241867744e-11,0.0,1.0999980485915477,-2.992957730795127e-06
1221900,0.11971830956361437,4.858649121779505e-11,0.0,1.0999980485915477,-2.9929577308239815e-06
1221960,0.11971830956423547,4.853482028832336e-11,0.0,1.0999980485915477,-2.992957730852881e-06
1222020,0.11971830956485748,4.848305963026236e-11,0.0,1.0999980485915477,-2.992957730881824e-06
1222080,0.11971830956548042,4.843120924361207e-11,0.0,1.0999980485915477,-2.992957730910812e-06
1222140,0.11971830956610428,4.837926912837248e-11,0.0,1.0999980485915477,-2.992957730939844e-06
1222200,0.11971830956672906,4.8327239284543596e-11,0.0,1.0999980485915477,-2.9929577309689203e-06
1222260,0.11971830956735477,4.8275119712125405e-11,0.0,1.0999980485915477,-2.992957730998041e-06
1222320,0.1197183095679814,4.822291041111792e-11,0.0,1.0999980485915477,-2.9929577310272055e-06
1222380,0.11971830956860895,4.817061138152113e-11,0.0,1.0999980485915477,-2.9929577310564146e-06
1222440,0.11971830956923743,4.811822262333505e-11,0.0,1.0999980485915477,-2.9929577310856677e-06
1222500,0.11971830956986683,4.806574413655966e-11,0.0,1.0999980485915477,-2.9929577311149653e-06
1222560,0.11971830957049714,4.801317592119498e-11,0.0,1.0999980485915477,-2.9929577311443074e-06
1222620,0.11971830957112839,4.7960517977240995e-11,0.0,1.0999980485915477,-2.9929577311736935e-06
1222680,0.11971830957176055,4.790777030469771e-11,0.0,1.0999980485915477,-2.9929577312031236e-06
1222740,0.11971830957239364,4.785493290356513e-11,0.0,1.0999980485915477,-2.9929577312325983e-06
1222800,0.11971830957302766,4.780200577384325e-11,0.0,1.0999980485915477,-2.9929577312621174e-06
1222860,0.1197183095736626,4.774898891553207e-11,0.0,1.0999980485915477,-2.9929577312916805e-06
1222920,0.11971830957429845,4.769588232863159e-11,0.0,1.0999980485915477,-2.992957731321288e-06
1222980,0.11971830957493523,4.764268601314181e-11,0.0,1.0999980485915477,-2.9929577313509398e-06
1223040,0.11971830957557293,4.758939996906274e-11,0.0,1.0999980485915477,-2.9929577313806355e-06
1223100,0.11971830957621156,4.7536024196394356e-11,0.0,1.0999980485915477,-2.9929577314103757e-06
1223160,0.1197183095768511,4.748255869513668e-11,0.0,1.0999980485915477,-2.9929577314401603e-06
1223220,0.11971830957749158,4.7429003465289706e-11,0.0,1.0999980485915477,-2.992957731469989e-06
1223280,0.11971830957813298,4.737535850685343e-11,0.0,1.0999980485915477,-2.992957731499862e-06
1223340,0.11971830957877529,4.732162381982786e-11,0.0,1.0999980485915477,-2.9929577315297794e-06
1223400,0.11971830957941854,4.7267799404212984e-11,0.0,1.099998048591548,-2.992957731559741e-06
1223460,0.1197183095800627,4.721388526000882e-11,0.0,1.099998048591548,-2.9929577315897468e-06
1223520,0.11971830958070778,4.7159881387215346e-11,0.0,1.099998048591548,-2.992957731619797e-06
1223580,0.1197183095813538,4.710578778583258e-11,0.0,1.099998048591548,-2.992957731649891e-06
1223640,0.11971830958200072,4.7051604455860506e-11,0.0,1.099998048591548,-2.99295773168003e-06
1223700,0.11971830958264858,4.6997331397299136e-11,0.0,1.099998048591548,-2.992957731710213e-06
1223760,0.11971830958329735,4.694296861014847e-11,0.0,1.099998048591548,-2.99295773174044e-06
1223820,0.11971830958394705,4.6888516094408503e-11,0.0,1.099998048591548,-2.9929577317707115e-06
1223880,0.11971830958459767,4.683397385007924e-11,0.0,1.099998048591548,-2.9929577318010273e-06
1223940,0.11971830958524922,4.6779341877160674e-11,0.0,1.099998048591548,-2.992957731831387e-06
1224000,0.11971830958590168,4.672462017565281e-11,0.0,1.099998048591548,-2.9929577318617913e-06
1224060,0.11971830958655508,4.666980874555565e-11,0.0,1.099998048591548,-2.99295773189224e-06
1224120,0.1197183095872094,4.6614907586869183e-11,0.0,1.099998048591548,-2.9929577319227328e-06
1224180,0.11971830958786463,4.655991669959343e-11,0.0,1.099998048591548,-2.9929577319532696e-06
1224240,0.1197183095885208,4.6504836083728366e-11,0.0,1.099998048591548,-2.992957731983851e-06
1224300,0.11971830958917787,4.6449665739274e-11,0.0,1.099998048591548,-2.9929577320144766e-06
1224360,0.11971830958983588,4.6394405666230346e-11,0.0,1.099998048591548,-2.9929577320451464e-06
1224420,0.1197183095904948,4.6339055864597387e-11,0.0,1.099998048591548,-2.9929577320758602e-06
1224480,0.11971830959115466,4.628361633437513e-11,0.0,1.099998048591548,-2.992957732106619e-06
1224540,0.11971830959181542,4.6228087075563575e-11,0.0,1.099998048591548,-2.9929577321374213e-06
1224600,0.11971830959247713,4.6172468088162716e-11,0.0,1.099998048591548,-2.992957732168268e-06
1224660,0.11971830959313974,4.611675937217256e-11,0.0,1.099998048591548,-2.9929577321991594e-06
1224720,0.1197183095938033,4.6060960927593106e-11,0.0,1.099998048591548,-2.9929577322300948e-06
1224780,0.11971830959446775,4.6005072754424355e-11,0.0,1.099998048591548,-2.9929577322610746e-06
1224840,0.11971830959513315,4.5949094852666306e-11,0.0,1.099998048591548,-2.9929577322920984e-06
1224900,0.11971830959579945,4.5893027222318954e-11,0.0,1.099998048591548,-2.9929577323231667e-06
1224960,0.11971830959646669,4.5836869863382304e-11,0.0,1.099998048591548,-2.992957732354279e-06
1225020,0.11971830959713484,4.5780622775856356e-11,0.0,1.099998048591548,-2.992957732385436e-06
1225080,0.11971830959780393,4.5724285959741104e-11,0.0,1.099998048591548,-2.992957732416637e-06
1225140,0.11971830959847392,4.566785941503656e-11,0.0,1.099998048591548,-2.992957732447882e-06
1225200,0.11971830959914485,4.5611343141742714e-11,0.0,1.0999980485915481,-2.992957732479172e-06
1225260,0.11971830959981669,4.5554737139859564e-11,0.0,1.0999980485915481,-2.9929577325105054e-06
1225320,0.11971830960048946,4.5498041409387115e-11,0.0,1.0999980485915481,-2.9929577325418838e-06
1225380,0.11971830960116316,4.5441255950325376e-11,0.0,1.0999980485915481,-2.992957732573306e-06
1225440,0.11971830960183777,4.5384380762674326e-11,0.0,1.0999980485915481,-2.9929577326047726e-06
1225500,0.11971830960251331,4.532741584643399e-11,0.0,1.0999980485915481,-2.9929577326362835e-06
1225560,0.11971830960318977,4.5270361201604347e-11,0.0,1.0999980485915481,-2.992957732667839e-06
1225620,0.11971830960386716,4.5213216828185404e-11,0.0,1.0999980485915481,-2.9929577326994383e-06
1225680,0.11971830960454546,4.5155982726177164e-11,0.0,1.0999980485915481,-2.9929577327310817e-06
1225740,0.1197183096052247,4.509865889557963e-11,0.0,1.0999980485915481,-2.9929577327627696e-06
1225800,0.11971830960590485,4.5041245336392786e-11,0.0,1.0999980485915481,-2.992957732794502e-06
1225860,0.11971830960658593,4.4983742048616647e-11,0.0,1.0999980485915481,-2.9929577328262785e-06
1225920,0.11971830960726793,4.4926149032251217e-11,0.0,1.0999980485915481,-2.9929577328580994e-06
1225980,0.11971830960795085,4.4868466287296476e-11,0.0,1.0999980485915481,-2.9929577328899643e-06
1226040,0.1197183096086347,4.481069381375244e-11,0.0,1.0999980485915481,-2.9929577329218734e-06
1226100,0.11971830960931945,4.47528316116191e-11,0.0,1.0999980485915481,-2.9929577329538272e-06
1226160,0.11971830961000514,4.469487968089647e-11,0.0,1.0999980485915481,-2.9929577329858248e-06
1226220,0.11971830961069176,4.463683802158454e-11,0.0,1.0999980485915481,-2.9929577330178667e-06
1226280,0.11971830961137929,4.457870663368331e-11,0.0,1.0999980485915481,-2.992957733049953e-06
1226340,0.11971830961206775,4.452048551719278e-11,0.0,1.0999980485915481,-2.9929577330820837e-06
1226400,0.11971830961275713,4.446217467211295e-11,0.0,1.0999980485915481,-2.9929577331142587e-06
1226460,0.11971830961344744,4.4403774098443815e-11,0.0,1.0999980485915481,-2.992957733146478e-06
1226520,0.11971830961413867,4.434528379618539e-11,0.0,1.0999980485915481,-2.992957733178741e-06
1226580,0.1197183096148308,4.428670376533766e-11,0.0,1.0999980485915481,-2.992957733211049e-06
1226640,0.11971830961552389,4.4228034005900636e-11,0.0,1.0999980485915481,-2.992957733243401e-06
1226700,0.11971830961621788,4.4169274517874306e-11,0.0,1.0999980485915481,-2.992957733275797e-06
1226760,0.1197183096169128,4.4110425301258685e-11,0.0,1.0999980485915481,-2.9929577333082377e-06
1226820,0.11971830961760864,4.405148635605376e-11,0.0,1.0999980485915481,-2.9929577333407222e-06
1226880,0.1197183096183054,4.3992457682259537e-11,0.0,1.0999980485915481,-2.9929577333732513e-06
1226940,0.1197183096190031,4.393333927987601e-11,0.0,1.0999980485915484,-2.9929577334058248e-06
1227000,0.1197183096197017,4.387413114890319e-11,0.0,1.0999980485915484,-2.9929577334384423e-06
1227060,0.11971830962040123,4.381483328934107e-11,0.0,1.0999980485915484,-2.992957733471104e-06
1227120,0.11971830962110168,4.375544570118965e-11,0.0,1.0999980485915484,-2.99295773350381e-06
1227180,0.11971830962180306,4.369596838444893e-11,0.0,1.0999980485915484,-2.9929577335365605e-06
1227240,0.11971830962250536,4.3636401339118913e-11,0.0,1.0999980485915484,-2.992957733569355e-06
1227300,0.11971830962320859,4.3576744565199595e-11,0.0,1.0999980485915484,-2.9929577336021937e-06
1227360,0.11971830962391274,4.351699806269098e-11,0.0,1.0999980485915484,-2.9929577336350768e-06
1227420,0.1197183096246178,4.345716183159306e-11,0.0,1.0999980485915484,-2.9929577336680043e-06
1227480,0.11971830962532379,4.339723587190585e-11,0.0,1.0999980485915484,-2.992957733700976e-06
1227540,0.11971830962603071,4.3337220183629333e-11,0.0,1.0999980485915484,-2.992957733733992e-06
1227600,0.11971830962673854,4.327711476676352e-11,0.0,1.0999980485915484,-2.992957733767052e-06
1227660,0.1197183096274473,4.321691962130841e-11,0.0,1.0999980485915484,-2.9929577338001567e-06
1227720,0.119718309628157,4.3156634747264e-11,0.0,1.0999980485915484,-2.9929577338333054e-06
1227780,0.11971830962886759,4.309626014463029e-11,0.0,1.0999980485915484,-2.9929577338664985e-06
1227840,0.11971830962957912,4.3035795813407277e-11,0.0,1.0999980485915484,-2.9929577338997356e-06
1227900,0.11971830963029158,4.297524175359497e-11,0.0,1.0999980485915484,-2.9929577339330172e-06
1227960,0.11971830963100495,4.291459796519336e-11,0.0,1.0999980485915484,-2.992957733966343e-06
1228020,0.11971830963171924,4.285386444820245e-11,0.0,1.0999980485915484,-2.992957733999713e-06
1228080,0.11971830963243446,4.2793041202622246e-11,0.0,1.0999980485915484,-2.9929577340331272e-06
1228140,0.11971830963315061,4.2732128228452736e-11,0.0,1.0999980485915484,-2.992957734066586e-06
1228200,0.11971830963386768,4.2671125525693936e-11,0.0,1.0999980485915484,-2.992957734100089e-06
1228260,0.11971830963458566,4.261003309434583e-11,0.0,1.0999980485915484,-2.9929577341336357e-06
1228320,0.11971830963530457,4.254885093440843e-11,0.0,1.0999980485915484,-2.9929577341672274e-06
1228380,0.11971830963602441,4.248757904588173e-11,0.0,1.0999980485915484,-2.992957734200863e-06
1228440,0.11971830963674517,4.2426217428765726e-11,0.0,1.0999980485915484,-2.9929577342345428e-06
1228500,0.11971830963746684,4.2364766083060425e-11,0.0,1.0999980485915484,-2.992957734268267e-06
1228560,0.11971830963818944,4.2303225008765826e-11,0.0,1.0999980485915484,-2.9929577343020356e-06
1228620,0.11971830963891297,4.2241594205881923e-11,0.0,1.0999980485915486,-2.9929577343358483e-06
1228680,0.11971830963963742,4.217987367440873e-11,0.0,1.0999980485915486,-2.992957734369705e-06
1228740,0.11971830964036279,4.211806341434623e-11,0.0,1.0999980485915486,-2.9929577344036063e-06
1228800,0.11971830964108908,4.2056163425694437e-11,0.0,1.0999980485915486,-2.992957734437552e-06
1228860,0.1197183096418163,4.199417370845334e-11,0.0,1.0999980485915486,-2.9929577344715417e-06
1228920,0.11971830964254444,4.193209426262294e-11,0.0,1.0999980485915486,-2.992957734505576e-06
1228980,0.1197183096432735,4.186992508820325e-11,0.0,1.0999980485915486,-2.992957734539654e-06
1229040,0.11971830964400348,4.1807666185194255e-11,0.0,1.0999980485915486,-2.992957734573777e-06
1229100,0.11971830964473439,4.1745317553595965e-11,0.0,1.0999980485915486,-2.9929577346079437e-06
1229160,0.11971830964546622,4.168287919340837e-11,0.0,1.0999980485915486,-2.992957734642155e-06
1229220,0.11971830964619898,4.162035110463148e-11,0.0,1.0999980485915486,-2.99295773467641e-06
1229280,0.11971830964693266,4.155773328726529e-11,0.0,1.0999980485915486,-2.99295773471071e-06
1229340,0.11971830964766725,4.149502574130981e-11,0.0,1.0999980485915486,-2.9929577347450537e-06
1229400,0.11971830964840277,4.143222846676502e-11,0.0,1.0999980485915486,-2.992957734779442e-06
1229460,0.11971830964913922,4.136934146363093e-11,0.0,1.0999980485915486,-2.9929577348138743e-06
1229520,0.11971830964987658,4.1306364731907545e-11,0.0,1.0999980485915486,-2.992957734848351e-06
1229580,0.11971830965061488,4.124329827159486e-11,0.0,1.0999980485915486,-2.992957734882872e-06
1229640,0.11971830965135409,4.1180142082692876e-11,0.0,1.0999980485915486,-2.9929577349174372e-06
1229700,0.11971830965209422,4.111689616520159e-11,0.0,1.0999980485915486,-2.9929577349520466e-06
1229760,0.11971830965283528,4.1053560519121004e-11,0.0,1.0999980485915486,-2.9929577349867004e-06
1229820,0.11971830965357727,4.0990135144451125e-11,0.0,1.0999980485915486,-2.9929577350213987e-06
1229880,0.11971830965432016,4.092662004119194e-11,0.0,1.0999980485915486,-2.992957735056141e-06
1229940,0.119718309655064,4.086301520934347e-11,0.0,1.0999980485915486,-2.9929577350909274e-06
1230000,0.11971830965580875,4.079932064890568e-11,0.0,1.0999980485915486,-2.992957735125758e-06
1230060,0.11971830965655442,4.073553635987861e-11,0.0,1.0999980485915486,-2.9929577351606335e-06
1230120,0.11971830965730101,4.067166234226223e-11,0.0,1.0999980485915486,-2.992957735195553e-06
1230180,0.11971830965804853,4.060769859605655e-11,0.0,1.0999980485915488,-2.9929577352305163e-06
1230240,0.11971830965879697,4.0543645121261576e-11,0.0,1.0999980485915488,-2.9929577352655246e-06
1230300,0.11971830965954634,4.04795019178773e-11,0.0,1.0999980485915488,-2.9929577353005765e-06
1230360,0.11971830966029662,4.041526898590372e-11,0.0,1.0999980485915488,-2.992957735335673e-06
1230420,0.11971830966104784,4.0350946325340854e-11,0.0,1.0999980485915488,-2.9929577353708137e-06
1230480,0.11971830966179997,4.0286533936188677e-11,0.0,1.0999980485915488,-2.9929577354059986e-06
1230540,0.11971830966255302,4.022203181844721e-11,0.0,1.0999980485915488,-2.992957735441228e-06
1230600,0.119718309663307,4.0157439972116435e-11,0.0,1.0999980485915488,-2.9929577354765014e-06
1230660,0.1197183096640619,4.0092758397196365e-11,0.0,1.0999980485915488,-2.9929577355118193e-06
1230720,0.11971830966481772,4.0027987093687e-11,0.0,1.0999980485915488,-2.9929577355471812e-06
1230780,0.11971830966557447,3.996312606158833e-11,0.0,1.0999980485915488,-2.9929577355825876e-06
1230840,0.11971830966633214,3.989817530090036e-11,0.0,1.0999980485915488,-2.992957735618038e-06
1230900,0.11971830966709074,3.9833134811623096e-11,0.0,1.0999980485915488,-2.992957735653533e-06
1230960,0.11971830966785024,3.976800459375653e-11,0.0,1.0999980485915488,-2.992957735689072e-06
1231020,0.11971830966861069,3.9702784647300663e-11,0.0,1.0999980485915488,-2.9929577357246554e-06
1231080,0.11971830966937205,3.96374749722555e-11,0.0,1.0999980485915488,-2.992957735760283e-06
1231140,0.11971830967013433,3.9572075568621034e-11,0.0,1.0999980485915488,-2.992957735795955e-06
1231200,0.11971830967089754,3.9506586436397273e-11,0.0,1.0999980485915488,-2.9929577358316712e-06
1231260,0.11971830967166167,3.944100757558421e-11,0.0,1.0999980485915488,-2.9929577358674317e-06
1231320,0.11971830967242672,3.937533898618185e-11,0.0,1.0999980485915488,-2.992957735903236e-06
1231380,0.11971830967319269,3.930958066819019e-11,0.0,1.0999980485915488,-2.992957735939085e-06
1231440,0.11971830967395959,3.924373262160923e-11,0.0,1.0999980485915488,-2.9929577359749786e-06
1231500,0.11971830967472741,3.9177794846438974e-11,0.0,1.0999980485915488,-2.992957736010916e-06
1231560,0.11971830967549615,3.9111767342679415e-11,0.0,1.0999980485915488,-2.9929577360468976e-06
1231620,0.11971830967626582,3.904565011033056e-11,0.0,1.0999980485915488,-2.9929577360829237e-06
1231680,0.11971830967703641,3.8979443149392404e-11,0.0,1.0999980485915488,-2.992957736118994e-06
1231740,0.11971830967780792,3.8913146459864946e-11,0.0,1.099998048591549,-2.9929577361551086e-06
1231800,0.11971830967858035,3.88467600417482e-11,0.0,1.099998048591549,-2.9929577361912676e-06
1231860,0.11971830967935371,3.8780283895042144e-11,0.0,1.099998048591549,-2.9929577362274707e-06
1231920,0.11971830968012799,3.871371801974679e-11,0.0,1.099998048591549,-2.9929577362637178e-06
1231980,0.11971830968090319,3.864706241586213e-11,0.0,1.099998048591549,-2.9929577363000097e-06
1232040,0.11971830968167932,3.858031708338819e-11,0.0,1.099998048591549,-2.9929577363363453e-06
1232100,0.11971830968245636,3.851348202232494e-11,0.0,1.099998048591549,-2.9929577363727254e-06
1232160,0.11971830968323434,3.844655723267239e-11,0.0,1.099998048591549,-2.99295773640915e-06
1232220,0.11971830968401323,3.837954271443054e-11,0.0,1.099998048591549,-2.9929577364456185e-06
1232280,0.11971830968479305,3.831243846759939e-11,0.0,1.099998048591549,-2.9929577364821316e-06
1232340,0.11971830968557379,3.8245244492178944e-11,0.0,1.099998048591549,-2.992957736518689e-06
1232400,0.11971830968635545,3.81779607881692e-11,0.0,1.099998048591549,-2.99295773655529e-06
1232460,0.11971830968713804,3.811058735557015e-11,0.0,1.099998048591549,-2.9929577365919362e-06
1232520,0.11971830968792155,3.804312419438181e-11,0.0,1.099998048591549,-2.9929577366286263e-06
1232580,0.11971830968870598,3.7975571304604165e-11,0.0,1.099998048591549,-2.9929577366653604e-06
1232640,0.11971830968949133,3.7907928686237225e-11,0.0,1.099998048591549,-2.992957736702139e-06
1232700,0.11971830969027761,3.784019633928098e-11,0.0,1.099998048591549,-2.9929577367389617e-06
1232760,0.11971830969106481,3.777237426373544e-11,0.0,1.099998048591549,-2.992957736775829e-06
1232820,0.11971830969185293,3.77044624596006e-11,0.0,1.099998048591549,-2.9929577368127404e-06
1232880,0.11971830969264198,3.763646092687646e-11,0.0,1.099998048591549,-2.992957736849696e-06
1232940,0.11971830969343195,3.756836966556303e-11,0.0,1.099998048591549,-2.9929577368866957e-06
1233000,0.11971830969422284,3.750018867566029e-11,0.0,1.099998048591549,-2.99295773692374e-06
1233060,0.11971830969501465,3.7431917957168254e-11,0.0,1.099998048591549,-2.9929577369608284e-06
1233120,0.11971830969580738,3.7363557510086914e-11,0.0,1.099998048591549,-2.992957736997961e-06
1233180,0.11971830969660105,3.7295107334416283e-11,0.0,1.099998048591549,-2.992957737035138e-06
1233240,0.11971830969739562,3.722656743015635e-11,0.0,1.0999980485915493,-2.9929577370723594e-06
1233300,0.11971830969819112,3.7157937797307116e-11,0.0,1.0999980485915493,-2.9929577371096246e-06
1233360,0.11971830969898756,3.708921843586858e-11,0.0,1.0999980485915493,-2.9929577371469343e-06
1233420,0.1197183096997849,3.702040934584075e-11,0.0,1.0999980485915493,-2.9929577371842884e-06
1233480,0.11971830970058318,3.695151052722362e-11,0.0,1.0999980485915493,-2.9929577372216866e-06
1233540,0.11971830970138238,3.688252198001719e-11,0.0,1.0999980485915493,-2.9929577372591293e-06
1233600,0.1197183097021825,3.681344370422146e-11,0.0,1.0999980485915493,-2.992957737296616e-06
1233660,0.11971830970298354,3.6744275699836435e-11,0.0,1.0999980485915493,-2.992957737334147e-06
1233720,0.1197183097037855,3.667501796686211e-11,0.0,1.0999980485915493,-2.9929577373717224e-06
1233780,0.1197183097045884,3.660567050529848e-11,0.0,1.0999980485915493,-2.992957737409342e-06
1233840,0.1197183097053922,3.653623331514556e-11,0.0,1.0999980485915493,-2.992957737447006e-06
1233900,0.11971830970619693,3.646670639640333e-11,0.0,1.0999980485915493,-2.992957737484714e-06
1233960,0.11971830970700259,3.6397089749071807e-11,0.0,1.0999980485915493,-2.9929577375224667e-06
1234020,0.11971830970780917,3.6327383373150985e-11,0.0,1.0999980485915493,-2.9929577375602635e-06
1234080,0.11971830970861667,3.6257587268640865e-11,0.0,1.0999980485915493,-2.9929577375981042e-06
1234140,0.1197183097094251,3.618770143554144e-11,0.0,1.0999980485915493,-2.9929577376359895e-06
1234200,0.11971830971023444,3.611772587385272e-11,0.0,1.0999980485915493,-2.9929577376739188e-06
1234260,0.11971830971104472,3.60476605835747e-11,0.0,1.0999980485915493,-2.9929577377118925e-06
1234320,0.1197183097118559,3.5977505564707385e-11,0.0,1.0999980485915493,-2.9929577377499108e-06
1234380,0.11971830971266802,3.5907260817250765e-11,0.0,1.0999980485915493,-2.992957737787973e-06
1234440,0.11971830971348106,3.583692634120485e-11,0.0,1.0999980485915493,-2.9929577378260793e-06
1234500,0.11971830971429502,3.576650213656963e-11,0.0,1.0999980485915493,-2.99295773786423e-06
1234560,0.1197183097151099,3.569598820334512e-11,0.0,1.0999980485915493,-2.9929577379024254e-06
1234620,0.11971830971592572,3.56253845415313e-11,0.0,1.0999980485915493,-2.9929577379406647e-06
1234680,0.11971830971674244,3.555469115112819e-11,0.0,1.0999980485915493,-2.9929577379789485e-06
1234740,0.11971830971756009,3.5483908032135777e-11,0.0,1.0999980485915495,-2.9929577380172763e-06
1234800,0.11971830971837867,3.541303518455406e-11,0.0,1.0999980485915495,-2.992957738055648e-06
1234860,0.11971830971919817,3.5342072608383054e-11,0.0,1.0999980485915495,-2.9929577380940645e-06
1234920,0.11971830972001858,3.527102030362274e-11,0.0,1.0999980485915495,-2.9929577381325253e-06
1234980,0.11971830972083992,3.5199878270273135e-11,0.0,1.0999980485915495,-2.99295773817103e-06
1235040,0.1197183097216622,3.512864650833422e-11,0.0,1.0999980485915495,-2.9929577382095794e-06
1235100,0.11971830972248539,3.505732501780602e-11,0.0,1.0999980485915495,-2.992957738248173e-06
1235160,0.1197183097233095,3.498591379868851e-11,0.0,1.0999980485915495,-2.9929577382868106e-06
1235220,0.11971830972413454,3.4914412850981707e-11,0.0,1.0999980485915495,-2.9929577383254925e-06
1235280,0.11971830972496049,3.48428221746856e-11,0.0,1.0999980485915495,-2.992957738364219e-06
1235340,0.11971830972578737,3.47711417698002e-11,0.0,1.0999980485915495,-2.9929577384029897e-06
1235400,0.11971830972661518,3.469937163632549e-11,0.0,1.0999980485915495,-2.992957738441804e-06
1235460,0.1197183097274439,3.462751177426149e-11,0.0,1.0999980485915495,-2.9929577384806634e-06
1235520,0.11971830972827355,3.455556218360819e-11,0.0,1.0999980485915495,-2.992957738519567e-06
1235580,0.11971830972910412,3.4483522864365584e-11,0.0,1.0999980485915495,-2.9929577385585142e-06
1235640,0.11971830972993562,3.4411393816533683e-11,0.0,1.0999980485915495,-2.992957738597506e-06
1235700,0.11971830973076804,3.4339175040112485e-11,0.0,1.0999980485915495,-2.9929577386365425e-06
1235760,0.11971830973160137,3.426686653510199e-11,0.0,1.0999980485915495,-2.9929577386756225e-06
1235820,0.11971830973243563,3.419446830150219e-11,0.0,1.0999980485915495,-2.9929577387147473e-06
1235880,0.11971830973327083,3.4121980339313093e-11,0.0,1.0999980485915495,-2.9929577387539163e-06
1235940,0.11971830973410694,3.40494026485347e-11,0.0,1.0999980485915495,-2.9929577387931297e-06
1236000,0.11971830973494396,3.3976735229167006e-11,0.0,1.0999980485915495,-2.992957738832387e-06
1236060,0.11971830973578192,3.390397808121001e-11,0.0,1.0999980485915495,-2.9929577388716886e-06
1236120,0.1197183097366208,3.3831131204663717e-11,0.0,1.0999980485915495,-2.9929577389110345e-06
1236180,0.1197183097374606,3.3758194599528126e-11,0.0,1.0999980485915497,-2.992957738950425e-06
1236240,0.11971830973830132,3.368516826580323e-11,0.0,1.0999980485915497,-2.9929577389898594e-06
1236300,0.11971830973914296,3.361205220348904e-11,0.0,1.0999980485915497,-2.9929577390293383e-06
1236360,0.11971830973998554,3.353884641258555e-11,0.0,1.0999980485915497,-2.9929577390688613e-06
1236420,0.11971830974082902,3.346555089309276e-11,0.0,1.0999980485915497,-2.9929577391084288e-06
1236480,0.11971830974167344,3.3392165645010675e-11,0.0,1.0999980485915497,-2.9929577391480403e-06
1236540,0.11971830974251878,3.3318690668339285e-11,0.0,1.0999980485915497,-2.9929577391876962e-06
1236600,0.11971830974336503,3.32451259630786e-11,0.0,1.0999980485915497,-2.9929577392273963e-06
1236660,0.11971830974421221,3.3171471529228614e-11,0.0,1.0999980485915497,-2.9929577392671407e-06
1236720,0.11971830974506033,3.3097727366789326e-11,0.0,1.0999980485915497,-2.9929577393069293e-06
1236780,0.11971830974590936,3.3023893475760747e-11,0.0,1.0999980485915497,-2.9929577393467623e-06
1236840,0.1197183097467593,3.2949969856142863e-11,0.0,1.0999980485915497,-2.9929577393866393e-06
1236900,0.11971830974761018,3.2875956507935676e-11,0.0,1.0999980485915497,-2.992957739426561e-06
1236960,0.11971830974846197,3.28018534311392e-11,0.0,1.0999980485915497,-2.9929577394665264e-06
1237020,0.11971830974931469,3.2727660625753415e-11,0.0,1.0999980485915497,-2.9929577395065364e-06
1237080,0.11971830975016834,3.2653378091778335e-11,0.0,1.0999980485915497,-2.992957739546591e-06
1237140,0.1197183097510229,3.257900582921396e-11,0.0,1.0999980485915497,-2.9929577395866894e-06
1237200,0.11971830975187839,3.2504543838060276e-11,0.0,1.0999980485915497,-2.992957739626832e-06
1237260,0.1197183097527348,3.2429992118317304e-11,0.0,1.0999980485915497,-2.992957739667019e-06
1237320,0.11971830975359213,3.235535066998503e-11,0.0,1.0999980485915497,-2.9929577397072506e-06
1237380,0.11971830975445039,3.228061949306345e-11,0.0,1.0999980485915497,-2.992957739747526e-06
1237440,0.11971830975530957,3.2205798587552576e-11,0.0,1.0999980485915497,-2.9929577397878458e-06
1237500,0.11971830975616966,3.21308879534524e-11,0.0,1.0999980485915497,-2.99295773982821e-06
1237560,0.1197183097570307,3.205588759076293e-11,0.0,1.09999804859155,-2.9929577398686184e-06
1237620,0.11971830975789265,3.1980797499484157e-11,0.0,1.09999804859155,-2.992957739909071e-06
1237680,0.11971830975875551,3.190561767961608e-11,0.0,1.09999804859155,-2.992957739949568e-06
1237740,0.1197183097596193,3.1830348131158716e-11,0.0,1.09999804859155,-2.992957739990109e-06
1237800,0.11971830976048402,3.175498885411205e-11,0.0,1.09999804859155,-2.9929577400306943e-06
1237860,0.11971830976134966,3.1679539848476073e-11,0.0,1.09999804859155,-2.9929577400713244e-06
1237920,0.11971830976221623,3.160400111425081e-11,0.0,1.09999804859155,-2.992957740111998e-06
1237980,0.1197183097630837,3.152837265143624e-11,0.0,1.09999804859155,-2.9929577401527166e-06
1238040,0.11971830976395212,3.1452654460032374e-11,0.0,1.09999804859155,-2.992957740193479e-06
1238100,0.11971830976482145,3.137684654003921e-11,0.0,1.09999804859155,-2.992957740234286e-06
1238160,0.1197183097656917,3.130094889145674e-11,0.0,1.09999804859155,-2.9929577402751366e-06
1238220,0.11971830976656288,3.122496151428498e-11,0.0,1.09999804859155,-2.9929577403160322e-06
1238280,0.11971830976743497,3.1148884408523915e-11,0.0,1.09999804859155,-2.9929577403569714e-06
1238340,0.119718309768308,3.1072717574173554e-11,0.0,1.09999804859155,-2.9929577403979555e-06
1238400,0.11971830976918194,3.0996461011233897e-11,0.0,1.09999804859155,-2.9929577404389837e-06
1238460,0.1197183097700568,3.0920114719704935e-11,0.0,1.09999804859155,-2.992957740480056e-06
1238520,0.11971830977093259,3.0843678699586676e-11,0.0,1.09999804859155,-2.9929577405211726e-06
1238580,0.1197183097718093,3.076715295087911e-11,0.0,1.09999804859155,-2.9929577405623333e-06
1238640,0.11971830977268694,3.069053747358226e-11,0.0,1.09999804859155,-2.9929577406035385e-06
1238700,0.1197183097735655,3.06138322676961e-11,0.0,1.09999804859155,-2.992957740644788e-06
1238760,0.11971830977444499,3.0537037333220644e-11,0.0,1.09999804859155,-2.992957740686082e-06
1238820,0.11971830977532538,3.046015267015589e-11,0.0,1.09999804859155,-2.9929577407274196e-06
1238880,0.11971830977620672,3.038317827850183e-11,0.0,1.0999980485915501,-2.9929577407688022e-06
1238940,0.11971830977708896,3.030611415825848e-11,0.0,1.0999980485915501,-2.9929577408102285e-06
1239000,0.11971830977797214,3.0228960309425826e-11,0.0,1.0999980485915501,-2.9929577408516992e-06
1239060,0.11971830977885622,3.0151716732003876e-11,0.0,1.0999980485915501,-2.9929577408932144e-06
1239120,0.11971830977974125,3.007438342599262e-11,0.0,1.0999980485915501,-2.9929577409347737e-06
1239180,0.11971830978062718,2.999696039139208e-11,0.0,1.0999980485915501,-2.9929577409763774e-06
1239240,0.11971830978151406,2.991944762820222e-11,0.0,1.0999980485915501,-2.992957741018025e-06
1239300,0.11971830978240185,2.9841845136423075e-11,0.0,1.0999980485915501,-2.992957741059717e-06
1239360,0.11971830978329055,2.976415291605463e-11,0.0,1.0999980485915501,-2.9929577411014537e-06
1239420,0.11971830978418019,2.968637096709688e-11,0.0,1.0999980485915501,-2.992957741143234e-06
1239480,0.11971830978507074,2.960849928954984e-11,0.0,1.0999980485915501,-2.9929577411850592e-06
1239540,0.11971830978590561,2.953597682574309e-11,0.0,1.0999980485915501,-2.992957741224073e-06
1239600,0.1197183097859871,2.953582821557147e-11,0.0,1.0999980485915501,-2.992957741225094e-06
1239660,0.1197183097860687,2.9535668770814964e-11,0.0,1.0999980485915501,-2.9929577412261174e-06
1239720,0.1197183097861504,2.953549849147357e-11,0.0,1.0999980485915501,-2.9929577412271436e-06
1239780,0.11971830978623221,2.953531737754728e-11,0.0,1.0999980485915501,-2.9929577412281728e-06
1239840,0.11971830978631412,2.953512542903611e-11,0.0,1.0999980485915501,-2.992957741229205e-06
1239900,0.11971830978639612,2.953492264594004e-11,0.0,1.0999980485915501,-2.99295774123024e-06
1239960,0.11971830978647822,2.953470902825908e-11,0.0,1.0999980485915501,-2.9929577412312776e-06
1240020,0.11971830978656044,2.9534484575993226e-11,0.0,1.0999980485915501,-2.992957741232318e-06
1240080,0.11971830978664275,2.9534249289142486e-11,0.0,1.0999980485915501,-2.9929577412333617e-06
1240140,0.11971830978672515,2.9534003167706854e-11,0.0,1.0999980485915501,-2.9929577412344078e-06
1240200,0.11971830978680767,2.953374621168633e-11,0.0,1.0999980485915501,-2.9929577412354573e-06
1240260,0.11971830978689028,2.953347842108091e-11,0.0,1.0999980485915501,-2.9929577412365093e-06
1240320,0.119718309786973,2.953319979589061e-11,0.0,1.0999980485915501,-2.992957741237564e-06
1240380,0.11971830978705582,2.953291033611541e-11,0.0,1.0999980485915501,-2.9929577412386218e-06
1240440,0.11971830978713874,2.953261004175532e-11,0.0,1.0999980485915501,-2.9929577412396823e-06
1240500,0.11971830978722177,2.9532298912810345e-11,0.0,1.0999980485915501,-2.9929577412407457e-06
1240560,0.11971830978730488,2.9531976949280475e-11,0.0,1.0999980485915501,-2.992957741241812e-06
1240620,0.11971830978738811,2.953164415116571e-11,0.0,1.0999980485915501,-2.992957741242881e-06
1240680,0.11971830978747143,2.9531300518466056e-11,0.0,1.0999980485915501,-2.992957741243953e-06
1240740,0.11971830978755486,2.953094605118152e-11,0.0,1.0999980485915501,-2.992957741245028e-06
1240800,0.1197183097876384,2.953058074931208e-11,0.0,1.0999980485915501,-2.9929577412461057e-06
1240860,0.11971830978772202,2.9530204612857756e-11,0.0,1.0999980485915501,-2.992957741247186e-06
1240920,0.11971830978780576,2.952981764181854e-11,0.0,1.0999980485915501,-2.9929577412482695e-06
1240980,0.1197183097878896,2.952941983619443e-11,0.0,1.0999980485915501,-2.992957741249356e-06
1241040,0.11971830978797353,2.952901119598543e-11,0.0,1.0999980485915501,-2.992957741250445e-06
1241100,0.11971830978805756,2.9528591721191545e-11,0.0,1.0999980485915501,-2.992957741251537e-06
1241160,0.1197183097881417,2.9528161411812765e-11,0.0,1.0999980485915501,-2.9929577412526317e-06
1241220,0.11971830978822594,2.952772026784909e-11,0.0,1.0999980485915501,-2.9929577412537295e-06
1241280,0.11971830978831029,2.952726828930053e-11,0.0,1.0999980485915501,-2.9929577412548297e-06
1241340,0.11971830978839473,2.952680547616707e-11,0.0,1.0999980485915501,-2.992957741255933e-06
1241400,0.11971830978847928,2.9526331828448734e-11,0.0,1.0999980485915501,-2.9929577412570392e-06
1241460,0.11971830978856392,2.9525847346145496e-11,0.0,1.0999980485915501,-2.9929577412581484e-06
1241520,0.11971830978864867,2.952535202925737e-11,0.0,1.0999980485915501,-2.9929577412592606e-06
1241580,0.11971830978873352,2.952484587778435e-11,0.0,1.0999980485915501,-2.9929577412603753e-06
1241640,0.11971830978881848,2.952432889172644e-11,0.0,1.0999980485915501,-2.992957741261493e-06
1241700,0.11971830978890352,2.9523801071083645e-11,0.0,1.0999980485915501,-2.992957741262613e-06
1241760,0.11971830978898867,2.9523262415855955e-11,0.0,1.0999980485915501,-2.9929577412637367e-06
1241820,0.11971830978907394,2.952271292604337e-11,0.0,1.0999980485915501,-2.992957741264863e-06
1241880,0.1197183097891593,2.95221526016459e-11,0.0,1.0999980485915501,-2.992957741265992e-06
1241940,0.11971830978924476,2.952158144266354e-11,0.0,1.0999980485915501,-2.9929577412671236e-06
1242000,0.11971830978933032,2.9520999449096285e-11,0.0,1.0999980485915501,-2.9929577412682586e-06
1242060,0.11971830978941599,2.9520406620944136e-11,0.0,1.0999980485915501,-2.992957741269396e-06
1242120,0.11971830978950175,2.95198029582071e-11,0.0,1.0999980485915501,-2.9929577412705367e-06
1242180,0.11971830978958761,2.9519188460885174e-11,0.0,1.0999980485915501,-2.9929577412716798e-06
1242240,0.11971830978967357,2.951856312897835e-11,0.0,1.0999980485915501,-2.992957741272826e-06
1242300,0.11971830978975964,2.9517926962486646e-11,0.0,1.0999980485915501,-2.992957741273975e-06
1242360,0.11971830978984582,2.9517279961410046e-11,0.0,1.0999980485915501,-2.9929577412751268e-06
1242420,0.11971830978993209,2.951662212574856e-11,0.0,1.0999980485915501,-2.9929577412762817e-06
1242480,0.11971830979001846,2.951595345550217e-11,0.0,1.0999980485915501,-2.992957741277439e-06
1242540,0.11971830979010493,2.95152739506709e-11,0.0,1.0999980485915501,-2.9929577412785996e-06
1242600,0.11971830979019152,2.9514583611254735e-11,0.0,1.0999980485915501,-2.992957741279763e-06
1242660,0.1197183097902782,2.9513882437253684e-11,0.0,1.0999980485915501,-2.992957741280929e-06
1242720,0.11971830979036498,2.951317042866773e-11,0.0,1.0999980485915501,-2.992957741282098e-06
1242780,0.11971830979045187,2.9512447585496895e-11,0.0,1.0999980485915501,-2.9929577412832697e-06
1242840,0.11971830979053884,2.9511713907741164e-11,0.0,1.0999980485915501,-2.9929577412844446e-06
1242900,0.11971830979062593,2.951096939540055e-11,0.0,1.0999980485915501,-2.992957741285622e-06
1242960,0.11971830979071311,2.951021404847504e-11,0.0,1.0999980485915501,-2.9929577412868023e-06
1243020,0.1197183097908004,2.9509447866964634e-11,0.0,1.0999980485915501,-2.9929577412879856e-06
1243080,0.1197183097908878,2.950867085086934e-11,0.0,1.0999980485915501,-2.992957741289172e-06
1243140,0.11971830979097528,2.950788300018916e-11,0.0,1.0999980485915501,-2.9929577412903607e-06
1243200,0.11971830979106288,2.950708431492408e-11,0.0,1.0999980485915501,-2.9929577412915524e-06
1243260,0.11971830979115057,2.950627479507412e-11,0.0,1.0999980485915501,-2.992957741292747e-06
1243320,0.11971830979123838,2.9505454440639264e-11,0.0,1.0999980485915501,-2.992957741293945e-06
1243380,0.11971830979132626,2.9504623251619516e-11,0.0,1.0999980485915501,-2.992957741295145e-06
1243440,0.11971830979141426,2.9503781228014875e-11,0.0,1.0999980485915501,-2.9929577412963483e-06
1243500,0.11971830979150237,2.950292836982534e-11,0.0,1.0999980485915501,-2.9929577412975545e-06
1243560,0.11971830979159057,2.950206467705093e-11,0.0,1.0999980485915501,-2.9929577412987632e-06
1243620,0.11971830979167887,2.950119014969161e-11,0.0,1.0999980485915501,-2.992957741299975e-06
1243680,0.11971830979176729,2.950030478774741e-11,0.0,1.0999980485915501,-2.9929577413011896e-06
1243740,0.11971830979185578,2.949940859121832e-11,0.0,1.0999980485915501,-2.992957741302407e-06
1243800,0.1197183097919444,2.949850156010433e-11,0.0,1.0999980485915501,-2.9929577413036273e-06
1243860,0.11971830979203311,2.9497583694405454e-11,0.0,1.0999980485915501,-2.992957741304851e-06
1243920,0.11971830979212192,2.949665499412168e-11,0.0,1.0999980485915501,-2.9929577413060765e-06
1243980,0.11971830979221083,2.949571545925303e-11,0.0,1.0999980485915501,-2.9929577413073056e-06
1244040,0.11971830979229985,2.949476508979949e-11,0.0,1.0999980485915501,-2.9929577413085376e-06
1244100,0.11971830979238897,2.9493803885761044e-11,0.0,1.0999980485915501,-2.992957741309772e-06
1244160,0.11971830979247819,2.9492831847137714e-11,0.0,1.0999980485915501,-2.992957741311009e-06
1244220,0.1197183097925675,2.9491848973929485e-11,0.0,1.0999980485915501,-2.9929577413122497e-06
1244280,0.11971830979265692,2.9490855266136375e-11,0.0,1.0999980485915501,-2.9929577413134927e-06
1244340,0.11971830979274645,2.948985072375837e-11,0.0,1.0999980485915501,-2.9929577413147387e-06
1244400,0.11971830979283607,2.948883534679548e-11,0.0,1.0999980485915501,-2.9929577413159876e-06
1244460,0.1197183097929258,2.948780913524769e-11,0.0,1.0999980485915501,-2.9929577413172396e-06
1244520,0.11971830979301563,2.9486772089115015e-11,0.0,1.0999980485915501,-2.992957741318494e-06
1244580,0.11971830979310556,2.948572420839745e-11,0.0,1.0999980485915501,-2.9929577413197514e-06
1244640,0.11971830979319559,2.9484665493094987e-11,0.0,1.0999980485915501,-2.992957741321012e-06
1244700,0.11971830979328572,2.948359594320764e-11,0.0,1.0999980485915501,-2.9929577413222747e-06
1244760,0.11971830979337596,2.94825155587354e-11,0.0,1.0999980485915501,-2.9929577413235406e-06
1244820,0.1197183097934663,2.948142433967827e-11,0.0,1.0999980485915501,-2.9929577413248095e-06
1244880,0.11971830979355673,2.948032228603624e-11,0.0,1.0999980485915501,-2.9929577413260813e-06
1244940,0.11971830979364727,2.947920939780933e-11,0.0,1.0999980485915501,-2.992957741327356e-06
1245000,0.11971830979373792,2.9478085674997524e-11,0.0,1.0999980485915501,-2.9929577413286334e-06
1245060,0.11971830979382865,2.9476951117600826e-11,0.0,1.0999980485915501,-2.9929577413299137e-06
1245120,0.1197183097939195,2.947580572561924e-11,0.0,1.0999980485915501,-2.9929577413311965e-06
1245180,0.11971830979401045,2.9474649499052763e-11,0.0,1.0999980485915501,-2.9929577413324828e-06
1245240,0.11971830979410149,2.94734824379014e-11,0.0,1.0999980485915501,-2.9929577413337715e-06
1245300,0.11971830979419264,2.9472304542165136e-11,0.0,1.0999980485915501,-2.992957741335063e-06
1245360,0.1197183097942839,2.947111581184398e-11,0.0,1.0999980485915501,-2.9929577413363575e-06
1245420,0.11971830979437524,2.946991624693794e-11,0.0,1.0999980485915501,-2.9929577413376547e-06
1245480,0.1197183097944667,2.946870584744701e-11,0.0,1.0999980485915501,-2.992957741338955e-06
1245540,0.11971830979455825,2.9467484613371185e-11,0.0,1.0999980485915501,-2.992957741340258e-06
1245600,0.11971830979464991,2.946625254471047e-11,0.0,1.0999980485915501,-2.9929577413415642e-06
1245660,0.11971830979474167,2.946500964146486e-11,0.0,1.0999980485915501,-2.992957741342873e-06
1245720,0.11971830979483353,2.946375590363437e-11,0.0,1.0999980485915501,-2.9929577413441845e-06
1245780,0.1197183097949255,2.946249133121898e-11,0.0,1.0999980485915501,-2.992957741345499e-06
1245840,0.11971830979501756,2.94612159242187e-11,0.0,1.0999980485915501,-2.9929577413468163e-06
1245900,0.11971830979510972,2.9459929682633526e-11,0.0,1.0999980485915501,-2.9929577413481364e-06
1245960,0.11971830979520198,2.945863260646347e-11,0.0,1.0999980485915501,-2.9929577413494594e-06
1246020,0.11971830979529435,2.9457324695708514e-11,0.0,1.0999980485915501,-2.9929577413507855e-06
1246080,0.11971830979538682,2.9456005950368674e-11,0.0,1.0999980485915501,-2.992957741352114e-06
1246140,0.1197183097954794,2.945467637044394e-11,0.0,1.0999980485915501,-2.992957741353446e-06
1246200,0.11971830979557206,2.945333595593432e-11,0.0,1.0999980485915501,-2.99295774135478e-06
1246260,0.11971830979566485,2.94519847068398e-11,0.0,1.0999980485915501,-2.9929577413561175e-06
1246320,0.11971830979575772,2.945062262316039e-11,0.0,1.0999980485915501,-2.9929577413574575e-06
1246380,0.1197183097958507,2.94492497048961e-11,0.0,1.0999980485915501,-2.9929577413588005e-06
1246440,0.11971830979594378,2.94478659520469e-11,0.0,1.0999980485915501,-2.9929577413601464e-06
1246500,0.11971830979603695,2.9446471364612823e-11,0.0,1.0999980485915501,-2.9929577413614953e-06
1246560,0.11971830979613024,2.9445065942593854e-11,0.0,1.0999980485915501,-2.9929577413628468e-06
1246620,0.11971830979622362,2.944364968598999e-11,0.0,1.0999980485915501,-2.992957741364201e-06
1246680,0.1197183097963171,2.9442222594801235e-11,0.0,1.0999980485915501,-2.9929577413655586e-06
1246740,0.1197183097964107,2.944078466902759e-11,0.0,1.0999980485915501,-2.9929577413669185e-06
1246800,0.11971830979650439,2.943933590866906e-11,0.0,1.0999980485915501,-2.9929577413682818e-06
1246860,0.11971830979659817,2.9437876313725637e-11,0.0,1.0999980485915501,-2.9929577413696476e-06
1246920,0.11971830979669207,2.9436405884197316e-11,0.0,1.0999980485915501,-2.992957741371016e-06
1246980,0.11971830979678606,2.943492462008411e-11,0.0,1.0999980485915501,-2.9929577413723878e-06
1247040,0.11971830979688015,2.943343252138601e-11,0.0,1.0999980485915501,-2.992957741373762e-06
1247100,0.11971830979697436,2.943192958810302e-11,0.0,1.0999980485915501,-2.9929577413751393e-06
1247160,0.11971830979706864,2.9430415820235135e-11,0.0,1.0999980485915501,-2.9929577413765196e-06
1247220,0.11971830979716305,2.942889121778237e-11,0.0,1.0999980485915501,-2.9929577413779024e-06
1247280,0.11971830979725755,2.94273557807447e-11,0.0,1.0999980485915501,-2.992957741379288e-06
1247340,0.11971830979735215,2.9425809509122144e-11,0.0,1.0999980485915501,-2.992957741380677e-06
1247400,0.11971830979744685,2.94242524029147e-11,0.0,1.0999980485915501,-2.9929577413820685e-06
1247460,0.11971830979754167,2.942268446212237e-11,0.0,1.0999980485915501,-2.9929577413834627e-06
1247520,0.11971830979763658,2.9421105686745144e-11,0.0,1.0999980485915501,-2.99295774138486e-06
1247580,0.11971830979773158,2.941951607678302e-11,0.0,1.0999980485915501,-2.99295774138626e-06
1247640,0.11971830979782669,2.9417915632236016e-11,0.0,1.0999980485915501,-2.9929577413876627e-06
1247700,0.1197183097979219,2.941630435310411e-11,0.0,1.0999980485915501,-2.992957741389069e-06
1247760,0.11971830979801722,2.9414682239387316e-11,0.0,1.0999980485915501,-2.9929577413904774e-06
1247820,0.11971830979811264,2.9413049291085634e-11,0.0,1.0999980485915501,-2.992957741391889e-06
1247880,0.11971830979820815,2.9411405508199065e-11,0.0,1.0999980485915501,-2.992957741393303e-06
1247940,0.11971830979830377,2.94097508907276e-11,0.0,1.0999980485915501,-2.99295774139472e-06
1248000,0.1197183097983995,2.940808543867124e-11,0.0,1.0999980485915501,-2.9929577413961403e-06
1248060,0.11971830979849532,2.940640915203e-11,0.0,1.0999980485915501,-2.9929577413975633e-06
1248120,0.11971830979859124,2.9404722030803865e-11,0.0,1.0999980485915501,-2.992957741398989e-06
1248180,0.11971830979868726,2.940302407499284e-11,0.0,1.0999980485915501,-2.9929577414004178e-06
1248240,0.1197183097987834,2.940131528459692e-11,0.0,1.0999980485915501,-2.992957741401849e-06
1248300,0.11971830979887962,2.9399595659616105e-11,0.0,1.0999980485915501,-2.9929577414032833e-06
1248360,0.11971830979897595,2.93978652000504e-11,0.0,1.0999980485915501,-2.9929577414047203e-06
1248420,0.11971830979907239,2.939612390589981e-11,0.0,1.0999980485915501,-2.9929577414061607e-06
1248480,0.11971830979916892,2.939437177716433e-11,0.0,1.0999980485915501,-2.992957741407603e-06
1248540,0.11971830979926555,2.939260881384395e-11,0.0,1.0999980485915501,-2.992957741409049e-06
1248600,0.11971830979936228,2.9390835015938683e-11,0.0,1.0999980485915501,-2.9929577414104975e-06
1248660,0.11971830979945912,2.938905038344853e-11,0.0,1.0999980485915501,-2.992957741411949e-06
1248720,0.11971830979955607,2.938725491637349e-11,0.0,1.0999980485915501,-2.992957741413403e-06
1248780,0.1197183097996531,2.9385448614713544e-11,0.0,1.0999980485915501,-2.9929577414148605e-06
1248840,0.11971830979975025,2.9383631478468714e-11,0.0,1.0999980485915501,-2.9929577414163204e-06
1248900,0.11971830979984749,2.938180350763899e-11,0.0,1.0999980485915501,-2.9929577414177832e-06
1248960,0.11971830979994484,2.937996470222438e-11,0.0,1.0999980485915501,-2.992957741419249e-06
1249020,0.11971830980004229,2.937811506222488e-11,0.0,1.0999980485915501,-2.9929577414207173e-06
1249080,0.11971830980013984,2.937625458764048e-11,0.0,1.0999980485915501,-2.992957741422189e-06
1249140,0.11971830980023748,2.937438327847121e-11,0.0,1.0999980485915501,-2.9929577414236633e-06
1249200,0.11971830980033524,2.9372501134717026e-11,0.0,1.0999980485915501,-2.99295774142514e-06
1249260,0.11971830980043309,2.9370608156377965e-11,0.0,1.0999980485915501,-2.9929577414266203e-06
1249320,0.11971830980053105,2.9368704343454004e-11,0.0,1.0999980485915501,-2.992957741428103e-06
1249380,0.1197183098006291,2.936678969594515e-11,0.0,1.0999980485915501,-2.9929577414295887e-06
1249440,0.11971830980072727,2.9364864213851417e-11,0.0,1.0999980485915501,-2.992957741431077e-06
1249500,0.11971830980082553,2.936292789717279e-11,0.0,1.0999980485915501,-2.9929577414325686e-06
1249560,0.11971830980092389,2.9360980745909264e-11,0.0,1.0999980485915501,-2.9929577414340628e-06
1249620,0.11971830980102235,2.935902276006085e-11,0.0,1.0999980485915501,-2.99295774143556e-06
1249680,0.11971830980112091,2.9357053939627546e-11,0.0,1.0999980485915501,-2.9929577414370596e-06
1249740,0.11971830980121959,2.9355074284609354e-11,0.0,1.0999980485915501,-2.9929577414385626e-06
1249800,0.11971830980131835,2.935308379500627e-11,0.0,1.0999980485915501,-2.9929577414400682e-06
1249860,0.11971830980141722,2.935108247081829e-11,0.0,1.0999980485915501,-2.9929577414415764e-06
1249920,0.1197183098015162,2.934907031204542e-11,0.0,1.0999980485915501,-2.992957741443088e-06
1249980,0.11971830980161527,2.9347047318687663e-11,0.0,1.0999980485915501,-2.992957741444602e-06
1250040,0.11971830980171444,2.9345013490745013e-11,0.0,1.0999980485915501,-2.992957741446119e-06
1250100,0.11971830980181372,2.9342968828217477e-11,0.0,1.0999980485915501,-2.992957741447639e-06
1250160,0.1197183098019131,2.934091333110505e-11,0.0,1.0999980485915501,-2.9929577414491616e-06
1250220,0.11971830980201258,2.9338846999407725e-11,0.0,1.0999980485915501,-2.9929577414506875e-06
1250280,0.11971830980211215,2.933676983312551e-11,0.0,1.0999980485915501,-2.992957741452216e-06
1250340,0.11971830980221183,2.93346818322584e-11,0.0,1.0999980485915501,-2.992957741453747e-06
1250400,0.11971830980231163,2.9332582996806406e-11,0.0,1.0999980485915501,-2.9929577414552814e-06
1250460,0.11971830980241151,2.933047332676952e-11,0.0,1.0999980485915501,-2.9929577414568183e-06
1250520,0.1197183098025115,2.9328352822147744e-11,0.0,1.0999980485915501,-2.9929577414583582e-06
1250580,0.11971830980261158,2.932622148294108e-11,0.0,1.0999980485915501,-2.9929577414599007e-06
1250640,0.11971830980271178,2.932407930914952e-11,0.0,1.0999980485915501,-2.9929577414614465e-06
1250700,0.11971830980281206,2.9321926300773064e-11,0.0,1.0999980485915501,-2.992957741462995e-06
1250760,0.11971830980291247,2.931976245781172e-11,0.0,1.0999980485915501,-2.9929577414645462e-06
1250820,0.11971830980301296,2.931758778026549e-11,0.0,1.0999980485915501,-2.9929577414661e-06
1250880,0.11971830980311356,2.931540226813436e-11,0.0,1.0999980485915501,-2.9929577414676574e-06
1250940,0.11971830980321425,2.931320592141835e-11,0.0,1.0999980485915501,-2.992957741469217e-06
1251000,0.11971830980331505,2.9310998740117444e-11,0.0,1.0999980485915501,-2.9929577414707795e-06
1251060,0.11971830980341595,2.9308780724231646e-11,0.0,1.0999980485915501,-2.9929577414723453e-06
1251120,0.11971830980351696,2.9306551873760955e-11,0.0,1.0999980485915501,-2.9929577414739135e-06
1251180,0.11971830980361807,2.9304312188705385e-11,0.0,1.0999980485915501,-2.992957741475485e-06
1251240,0.11971830980371927,2.930206166906491e-11,0.0,1.0999980485915501,-2.992957741477059e-06
1251300,0.11971830980382057,2.929980031483955e-11,0.0,1.0999980485915501,-2.9929577414786358e-06
1251360,0.119718309803922,2.92975281260293e-11,0.0,1.0999980485915501,-2.992957741480216e-06
1251420,0.1197183098040235,2.929524510263416e-11,0.0,1.0999980485915501,-2.992957741481798e-06
1251480,0.11971830980412511,2.9292951244654125e-11,0.0,1.0999980485915501,-2.992957741483384e-06
1251540,0.11971830980422683,2.9290646552089196e-11,0.0,1.0999980485915501,-2.9929577414849724e-06
1251600,0.11971830980432864,2.928833102493938e-11,0.0,1.0999980485915501,-2.9929577414865636e-06
1251660,0.11971830980443056,2.9286004663204674e-11,0.0,1.0999980485915501,-2.9929577414881577e-06
1251720,0.11971830980453257,2.928366746688508e-11,0.0,1.0999980485915501,-2.9929577414897543e-06
1251780,0.1197183098046347,2.928131943598059e-11,0.0,1.0999980485915501,-2.9929577414913544e-06
1251840,0.11971830980473692,2.927896057049121e-11,0.0,1.0999980485915501,-2.992957741492957e-06
1251900,0.11971830980483925,2.927659087041694e-11,0.0,1.0999980485915501,-2.992957741494562e-06
1251960,0.11971830980494168,2.9274210335757774e-11,0.0,1.0999980485915501,-2.9929577414961706e-06
1252020,0.1197183098050442,2.927181896651372e-11,0.0,1.0999980485915501,-2.9929577414977817e-06
1252080,0.11971830980514683,2.9269416762684776e-11,0.0,1.0999980485915501,-2.9929577414993957e-06
1252140,0.11971830980524956,2.9267003724270945e-11,0.0,1.0999980485915501,-2.9929577415010127e-06
1252200,0.11971830980535239,2.926457985127222e-11,0.0,1.0999980485915501,-2.9929577415026326e-06
1252260,0.11971830980545532,2.92621451436886e-11,0.0,1.0999980485915501,-2.992957741504255e-06
1252320,0.11971830980555836,2.925969960152009e-11,0.0,1.0999980485915501,-2.9929577415058806e-06
1252380,0.1197183098056615,2.9257243224766695e-11,0.0,1.0999980485915501,-2.992957741507509e-06
1252440,0.11971830980576474,2.9254776013428405e-11,0.0,1.0999980485915501,-2.99295774150914e-06
1252500,0.11971830980586808,2.925229796750523e-11,0.0,1.0999980485915501,-2.992957741510774e-06
1252560,0.11971830980597152,2.924980908699715e-11,0.0,1.0999980485915501,-2.9929577415124108e-06
1252620,0.11971830980607506,2.9247309371904184e-11,0.0,1.0999980485915501,-2.9929577415140506e-06
1252680,0.1197183098061787,2.9244798822226335e-11,0.0,1.0999980485915501,-2.992957741515693e-06
1252740,0.11971830980628245,2.9242277437963593e-11,0.0,1.0999980485915501,-2.9929577415173384e-06
1252800,0.1197183098063863,2.923974521911595e-11,0.0,1.0999980485915501,-2.9929577415189867e-06
1252860,0.11971830980649024,2.923720216568343e-11,0.0,1.0999980485915501,-2.992957741520638e-06
1252920,0.1197183098065943,2.9234648277666004e-11,0.0,1.0999980485915501,-2.992957741522292e-06
1252980,0.11971830980669845,2.92320835550637e-11,0.0,1.0999980485915501,-2.9929577415239486e-06
1253040,0.1197183098068027,2.92295079978765e-11,0.0,1.0999980485915501,-2.9929577415256084e-06
1253100,0.11971830980690706,2.9226921606104404e-11,0.0,1.0999980485915501,-2.992957741527271e-06
1253160,0.11971830980701152,2.9224324379747425e-11,0.0,1.0999980485915501,-2.9929577415289364e-06
1253220,0.11971830980711608,2.922171631880555e-11,0.0,1.0999980485915501,-2.9929577415306046e-06
1253280,0.11971830980722074,2.9219097423278794e-11,0.0,1.0999980485915501,-2.992957741532276e-06
1253340,0.11971830980732551,2.921646769316713e-11,0.0,1.0999980485915501,-2.9929577415339496e-06
1253400,0.11971830980743037,2.9213827128470585e-11,0.0,1.0999980485915501,-2.9929577415356263e-06
1253460,0.11971830980753534,2.921117572918915e-11,0.0,1.0999980485915501,-2.992957741537306e-06
1253520,0.11971830980764041,2.920851349532282e-11,0.0,1.0999980485915501,-2.9929577415389886e-06
1253580,0.11971830980774557,2.9205840426871607e-11,0.0,1.0999980485915501,-2.9929577415406737e-06
1253640,0.11971830980785084,2.920315652383549e-11,0.0,1.0999980485915501,-2.9929577415423623e-06
1253700,0.11971830980795621,2.9200461786214494e-11,0.0,1.0999980485915501,-2.9929577415440534e-06
1253760,0.11971830980806168,2.91977562140086e-11,0.0,1.0999980485915501,-2.992957741545747e-06
1253820,0.11971830980816726,2.9195039807217816e-11,0.0,1.0999980485915501,-2.992957741547444e-06
1253880,0.11971830980827294,2.919231256584214e-11,0.0,1.0999980485915501,-2.9929577415491436e-06
1253940,0.11971830980837872,2.918957448988158e-11,0.0,1.0999980485915501,-2.992957741550846e-06
1254000,0.1197183098084846,2.918682557933612e-11,0.0,1.0999980485915501,-2.9929577415525512e-06
1254060,0.11971830980859058,2.918406583420578e-11,0.0,1.0999980485915501,-2.9929577415542593e-06
1254120,0.11971830980869666,2.9181295254490537e-11,0.0,1.0999980485915501,-2.9929577415559707e-06
1254180,0.11971830980880284,2.9178513840190403e-11,0.0,1.0999980485915501,-2.9929577415576843e-06
1254240,0.11971830980890913,2.9175721591305384e-11,0.0,1.0999980485915501,-2.992957741559401e-06
1254300,0.11971830980901552,2.917291850783547e-11,0.0,1.0999980485915501,-2.9929577415611207e-06
1254360,0.11971830980912201,2.917010458978067e-11,0.0,1.0999980485915501,-2.992957741562843e-06
1254420,0.1197183098092286,2.916727983714098e-11,0.0,1.0999980485915501,-2.9929577415645685e-06
1254480,0.11971830980933529,2.9164444249916394e-11,0.0,1.0999980485915501,-2.9929577415662965e-06
1254540,0.11971830980944209,2.9161597828106916e-11,0.0,1.0999980485915501,-2.992957741568028e-06
1254600,0.11971830980954898,2.915874057171255e-11,0.0,1.0999980485915501,-2.9929577415697617e-06
1254660,0.11971830980965598,2.9155872480733294e-11,0.0,1.0999980485915501,-2.992957741571498e-06
1254720,0.11971830980976308,2.9152993555169144e-11,0.0,1.0999980485915501,-2.992957741573238e-06
1254780,0.11971830980987028,2.915010379502011e-11,0.0,1.0999980485915501,-2.9929577415749803e-06
1254840,0.11971830980997758,2.914720320028618e-11,0.0,1.0999980485915501,-2.9929577415767256e-06
1254900,0.11971830981008498,2.9144291770967355e-11,0.0,1.0999980485915501,-2.9929577415784734e-06
1254960,0.11971830981019249,2.914136950706364e-11,0.0,1.0999980485915501,-2.9929577415802247e-06
1255020,0.1197183098103001,2.913843640857504e-11,0.0,1.0999980485915501,-2.9929577415819784e-06
1255080,0.1197183098104078,2.913549247550154e-11,0.0,1.0999980485915501,-2.992957741583735e-06
1255140,0.11971830981051562,2.913253770784316e-11,0.0,1.0999980485915501,-2.9929577415854945e-06
1255200,0.11971830981062352,2.9129572105599886e-11,0.0,1.0999980485915501,-2.992957741587257e-06
1255260,0.11971830981073155,2.912659566877171e-11,0.0,1.0999980485915501,-2.9929577415890224e-06
1255320,0.11971830981083965,2.912360839735866e-11,0.0,1.0999980485915501,-2.99295774159079e-06
1255380,0.11971830981094787,2.912061029136071e-11,0.0,1.0999980485915501,-2.9929577415925613e-06
1255440,0.11971830981105619,2.911760135077787e-11,0.0,1.0999980485915501,-2.992957741594335e-06
1255500,0.11971830981116462,2.911458157561014e-11,0.0,1.0999980485915501,-2.9929577415961116e-06
1255560,0.11971830981127313,2.911155096585751e-11,0.0,1.0999980485915501,-2.9929577415978912e-06
1255620,0.11971830981138175,2.910850952152e-11,0.0,1.0999980485915501,-2.9929577415996734e-06
1255680,0.11971830981149048,2.9105457242597596e-11,0.0,1.0999980485915501,-2.992957741601459e-06
1255740,0.11971830981159931,2.91023941290903e-11,0.0,1.0999980485915501,-2.992957741603247e-06
1255800,0.11971830981170824,2.9099320180998114e-11,0.0,1.0999980485915501,-2.9929577416050376e-06
1255860,0.11971830981181726,2.9096235398321036e-11,0.0,1.0999980485915501,-2.9929577416068317e-06
1255920,0.1197183098119264,2.909313978105907e-11,0.0,1.0999980485915501,-2.992957741608628e-06
1255980,0.11971830981203563,2.909003332921221e-11,0.0,1.0999980485915501,-2.9929577416104277e-06
1256040,0.11971830981214496,2.908691604278046e-11,0.0,1.0999980485915501,-2.99295774161223e-06
1256100,0.1197183098122544,2.9083787921763817e-11,0.0,1.0999980485915501,-2.9929577416140352e-06
1256160,0.11971830981236393,2.9080648966162285e-11,0.0,1.0999980485915501,-2.9929577416158432e-06
1256220,0.11971830981247357,2.9077499175975863e-11,0.0,1.0999980485915501,-2.992957741617654e-06
1256280,0.11971830981258332,2.9074338551204548e-11,0.0,1.0999980485915501,-2.9929577416194677e-06
1256340,0.11971830981269316,2.9071167091848343e-11,0.0,1.0999980485915501,-2.9929577416212846e-06
1256400,0.1197183098128031,2.9067984797907245e-11,0.0,1.0999980485915501,-2.992957741623104e-06
1256460,0.11971830981291315,2.9064791669381258e-11,0.0,1.0999980485915501,-2.992957741624926e-06
1256520,0.11971830981302328,2.9061587706270378e-11,0.0,1.0999980485915501,-2.9929577416267513e-06
1256580,0.11971830981313354,2.905837290857461e-11,0.0,1.0999980485915501,-2.9929577416285792e-06
1256640,0.11971830981324388,2.9055147276293948e-11,0.0,1.0999980485915501,-2.99295774163041e-06
1256700,0.11971830981335434,2.90519108094284e-11,0.0,1.0999980485915501,-2.992957741632244e-06
1256760,0.11971830981346489,2.9048663507977957e-11,0.0,1.0999980485915501,-2.9929577416340803e-06
1256820,0.11971830981357555,2.904540537194262e-11,0.0,1.0999980485915501,-2.9929577416359196e-06
1256880,0.11971830981368631,2.9042136401322396e-11,0.0,1.0999980485915501,-2.992957741637762e-06
1256940,0.11971830981379716,2.9038856596117282e-11,0.0,1.0999980485915501,-2.992957741639607e-06
1257000,0.11971830981390812,2.9035565956327274e-11,0.0,1.0999980485915501,-2.992957741641455e-06
1257060,0.11971830981401918,2.9032264481952377e-11,0.0,1.0999980485915501,-2.992957741643306e-06
1257120,0.11971830981413034,2.902895217299259e-11,0.0,1.0999980485915501,-2.99295774164516e-06
1257180,0.11971830981424161,2.902562902944791e-11,0.0,1.0999980485915501,-2.992957741647016e-06
1257240,0.11971830981435297,2.9022295051318337e-11,0.0,1.0999980485915501,-2.9929577416488754e-06
1257300,0.11971830981446445,2.9018950238603878e-11,0.0,1.0999980485915501,-2.992957741650738e-06
1257360,0.11971830981457601,2.9015594591304522e-11,0.0,1.0999980485915501,-2.9929577416526028e-06
1257420,0.11971830981468769,2.901222810942028e-11,0.0,1.0999980485915501,-2.992957741654471e-06
1257480,0.11971830981479946,2.9008850792951146e-11,0.0,1.0999980485915501,-2.9929577416563416e-06
1257540,0.11971830981491133,2.900546264189712e-11,0.0,1.0999980485915501,-2.9929577416582152e-06
1257600,0.11971830981502331,2.9002063656258204e-11,0.0,1.0999980485915501,-2.992957741660092e-06
1257660,0.11971830981513538,2.8998653836034396e-11,0.0,1.0999980485915501,-2.9929577416619714e-06
1257720,0.11971830981524756,2.8995233181225696e-11,0.0,1.0999980485915501,-2.9929577416638535e-06
1257780,0.11971830981535984,2.8991801691832106e-11,0.0,1.0999980485915501,-2.9929577416657386e-06
1257840,0.11971830981547223,2.8988359367853627e-11,0.0,1.0999980485915501,-2.992957741667626e-06
1257900,0.1197183098155847,2.8984906209290254e-11,0.0,1.0999980485915501,-2.992957741669517e-06
1257960,0.1197183098156973,2.8981442216141992e-11,0.0,1.0999980485915501,-2.9929577416714107e-06
1258020,0.11971830981580997,2.8977967388408837e-11,0.0,1.0999980485915501,-2.9929577416733072e-06
1258080,0.11971830981592277,2.8974481726090792e-11,0.0,1.0999980485915501,-2.9929577416752067e-06
1258140,0.11971830981603565,2.8970985229187858e-11,0.0,1.0999980485915501,-2.9929577416771087e-06
1258200,0.11971830981614864,2.896747789770003e-11,0.0,1.0999980485915501,-2.9929577416790137e-06
1258260,0.11971830981626173,2.8963959731627313e-11,0.0,1.0999980485915501,-2.9929577416809216e-06
1258320,0.11971830981637493,2.8960430730969703e-11,0.0,1.0999980485915501,-2.9929577416828325e-06
1258380,0.11971830981648823,2.8956890895727203e-11,0.0,1.0999980485915501,-2.992957741684746e-06
1258440,0.11971830981660163,2.8953340225899813e-11,0.0,1.0999980485915501,-2.9929577416866624e-06
1258500,0.11971830981671512,2.894977872148753e-11,0.0,1.0999980485915501,-2.9929577416885818e-06
1258560,0.11971830981682872,2.894620638249036e-11,0.0,1.0999980485915501,-2.9929577416905037e-06
1258620,0.11971830981694243,2.8942623208908294e-11,0.0,1.0999980485915501,-2.992957741692429e-06
1258680,0.11971830981705624,2.893902920074134e-11,0.0,1.0999980485915501,-2.992957741694357e-06
1258740,0.11971830981717015,2.8935424357989494e-11,0.0,1.0999980485915501,-2.9929577416962877e-06
1258800,0.11971830981728415,2.8931808680652757e-11,0.0,1.0999980485915501,-2.992957741698221e-06
1258860,0.11971830981739826,2.892818216873113e-11,0.0,1.0999980485915501,-2.9929577417001573e-06
1258920,0.11971830981751247,2.892454482222461e-11,0.0,1.0999980485915501,-2.9929577417020966e-06
1258980,0.11971830981762678,2.89208966411332e-11,0.0,1.0999980485915501,-2.992957741704039e-06
1259040,0.11971830981774119,2.89172376254569e-11,0.0,1.0999980485915501,-2.9929577417059836e-06
1259100,0.11971830981785571,2.8913567775195708e-11,0.0,1.0999980485915501,-2.992957741707932e-06
1259160,0.11971830981797033,2.8909887090349626e-11,0.0,1.0999980485915501,-2.992957741709882e-06
1259220,0.11971830981808504,2.890619557091865e-11,0.0,1.0999980485915501,-2.9929577417118358e-06
1259280,0.11971830981819986,2.8902493216902786e-11,0.0,1.0999980485915501,-2.992957741713792e-06
1259340,0.11971830981831479,2.8898780028302032e-11,0.0,1.0999980485915501,-2.9929577417157516e-06
1259400,0.1197183098184298,2.8895056005116384e-11,0.0,1.0999980485915501,-2.9929577417177133e-06
1259460,0.11971830981854494,2.8891321147345844e-11,0.0,1.0999980485915501,-2.9929577417196785e-06
1259520,0.11971830981866016,2.8887575454990417e-11,0.0,1.0999980485915501,-2.992957741721646e-06
1259580,0.11971830981877549,2.8883818928050097e-11,0.0,1.0999980485915501,-2.9929577417236167e-06
1259640,0.11971830981889092,2.8880051566524885e-11,0.0,1.0999980485915501,-2.9929577417255903e-06
1259700,0.11971830981900644,2.8876273370414782e-11,0.0,1.0999980485915501,-2.992957741727567e-06
1259760,0.11971830981912208,2.887248433971979e-11,0.0,1.0999980485915501,-2.992957741729546e-06
1259820,0.11971830981923781,2.8868684474439905e-11,0.0,1.0999980485915501,-2.992957741731528e-06
1259880,0.11971830981935365,2.886487377457513e-11,0.0,1.0999980485915501,-2.992957741733513e-06
1259940,0.11971830981946958,2.8861052240125466e-11,0.0,1.0999980485915501,-2.9929577417355006e-06
1260000,0.11971830981958563,2.885721987109091e-11,0.0,1.0999980485915501,-2.992957741737491e-06
1260060,0.11971830981970177,2.8853376667471462e-11,0.0,1.0999980485915501,-2.9929577417394846e-06
1260120,0.11971830981981801,2.8849522629267122e-11,0.0,1.0999980485915501,-2.992957741741481e-06
1260180,0.11971830981993435,2.8845657756477892e-11,0.0,1.0999980485915501,-2.9929577417434805e-06
1260240,0.1197183098200508,2.884178204910377e-11,0.0,1.0999980485915501,-2.9929577417454825e-06
1260300,0.11971830982016735,2.8837895507144757e-11,0.0,1.0999980485915501,-2.9929577417474874e-06
1260360,0.119718309820284,2.8833998130600855e-11,0.0,1.0999980485915501,-2.992957741749495e-06
1260420,0.11971830982040074,2.883008991947206e-11,0.0,1.0999980485915501,-2.9929577417515057e-06
1260480,0.1197183098205176,2.8826170873758375e-11,0.0,1.0999980485915501,-2.992957741753519e-06
1260540,0.11971830982063456,2.88222409934598e-11,0.0,1.0999980485915501,-2.9929577417555355e-06
1260600,0.1197183098207516,2.8818300278576334e-11,0.0,1.0999980485915501,-2.9929577417575544e-06
1260660,0.11971830982086876,2.8814348729107974e-11,0.0,1.0999980485915501,-2.9929577417595763e-06
1260720,0.11971830982098602,2.8810386345054727e-11,0.0,1.0999980485915501,-2.992957741761601e-06
1260780,0.11971830982110339,2.8806413126416584e-11,0.0,1.0999980485915501,-2.992957741763629e-06
1260840,0.11971830982122085,2.8802429073193555e-11,0.0,1.0999980485915501,-2.9929577417656596e-06
1260900,0.11971830982133841,2.8798434185385632e-11,0.0,1.0999980485915501,-2.992957741767693e-06
1260960,0.11971830982145606,2.8794428462992817e-11,0.0,1.0999980485915501,-2.9929577417697292e-06
1261020,0.11971830982157383,2.8790411906015115e-11,0.0,1.0999980485915501,-2.9929577417717685e-06
1261080,0.11971830982169171,2.878638451445252e-11,0.0,1.0999980485915501,-2.9929577417738102e-06
1261140,0.11971830982180967,2.8782346288305033e-11,0.0,1.0999980485915501,-2.992957741775855e-06
1261200,0.11971830982192774,2.8778297227572656e-11,0.0,1.0999980485915501,-2.9929577417779027e-06
1261260,0.11971830982204591,2.877423733225539e-11,0.0,1.0999980485915501,-2.9929577417799533e-06
1261320,0.11971830982216419,2.877016660235323e-11,0.0,1.0999980485915501,-2.992957741782007e-06
1261380,0.11971830982228257,2.876608503786618e-11,0.0,1.0999980485915501,-2.992957741784063e-06
1261440,0.11971830982240105,2.8761992638794237e-11,0.0,1.0999980485915501,-2.9929577417861223e-06
1261500,0.11971830982251963,2.8757889405137405e-11,0.0,1.0999980485915501,-2.992957741788184e-06
1261560,0.1197183098226383,2.8753775336895683e-11,0.0,1.0999980485915501,-2.992957741790249e-06
1261620,0.1197183098227571,2.8749650434069068e-11,0.0,1.0999980485915501,-2.9929577417923166e-06
1261680,0.11971830982287597,2.8745514696657563e-11,0.0,1.0999980485915501,-2.9929577417943868e-06
1261740,0.11971830982299496,2.8741368124661166e-11,0.0,1.0999980485915501,-2.9929577417964603e-06
1261800,0.11971830982311404,2.873721071807988e-11,0.0,1.0999980485915501,-2.9929577417985364e-06
1261860,0.11971830982323323,2.87330424769137e-11,0.0,1.0999980485915501,-2.9929577418006154e-06
1261920,0.11971830982335252,2.8728863401162632e-11,0.0,1.0999980485915501,-2.9929577418026974e-06
1261980,0.11971830982347191,2.872467349082667e-11,0.0,1.0999980485915501,-2.9929577418047824e-06
1262040,0.11971830982359141,2.872047274590582e-11,0.0,1.0999980485915501,-2.99295774180687e-06
1262100,0.119718309823711,2.8716261166400078e-11,0.0,1.0999980485915501,-2.9929577418089604e-06
1262160,0.1197183098238307,2.8712038752309442e-11,0.0,1.0999980485915501,-2.992957741811054e-06
1262220,0.1197183098239505,2.8707805503633918e-11,0.0,1.0999980485915501,-2.99295774181315e-06
1262280,0.11971830982407039,2.8703561420373503e-11,0.0,1.0999980485915501,-2.9929577418152488e-06
1262340,0.11971830982419039,2.8699306502528196e-11,0.0,1.0999980485915501,-2.9929577418173507e-06
1262400,0.1197183098243105,2.8695040750098e-11,0.0,1.0999980485915501,-2.9929577418194556e-06
1262460,0.1197183098244307,2.8690764163082908e-11,0.0,1.0999980485915501,-2.992957741821563e-06
1262520,0.119718309824551,2.868647674148293e-11,0.0,1.0999980485915501,-2.9929577418236734e-06
1262580,0.11971830982467142,2.8682178485298062e-11,0.0,1.0999980485915501,-2.9929577418257867e-06
1262640,0.11971830982479192,2.86778693945283e-11,0.0,1.0999980485915501,-2.992957741827903e-06
1262700,0.11971830982491254,2.8673549469173648e-11,0.0,1.0999980485915501,-2.992957741830022e-06
1262760,0.11971830982503325,2.8669218709234106e-11,0.0,1.0999980485915501,-2.9929577418321437e-06
1262820,0.11971830982515407,2.866487711470967e-11,0.0,1.0999980485915501,-2.9929577418342685e-06
1262880,0.11971830982527498,2.866052468560034e-11,0.0,1.0999980485915501,-2.9929577418363962e-06
1262940,0.119718309825396,2.8656161421906126e-11,0.0,1.0999980485915501,-2.9929577418385265e-06
1263000,0.11971830982551712,2.865178732362702e-11,0.0,1.0999980485915501,-2.9929577418406598e-06
1263060,0.11971830982563833,2.8647402390763022e-11,0.0,1.0999980485915501,-2.992957741842796e-06
1263120,0.11971830982575966,2.8643006623314132e-11,0.0,1.0999980485915501,-2.9929577418449347e-06
1263180,0.11971830982588108,2.8638600021280353e-11,0.0,1.0999980485915501,-2.992957741847077e-06
1263240,0.11971830982600261,2.863418258466168e-11,0.0,1.0999980485915501,-2.9929577418492216e-06
1263300,0.11971830982612423,2.8629754313458115e-11,0.0,1.0999980485915501,-2.992957741851369e-06
1263360,0.11971830982624597,2.8625315207669663e-11,0.0,1.0999980485915501,-2.9929577418535194e-06
1263420,0.11971830982636779,2.8620865267296318e-11,0.0,1.0999980485915501,-2.9929577418556726e-06
1263480,0.11971830982648972,2.861640449233808e-11,0.0,1.0999980485915501,-2.9929577418578287e-06
1263540,0.11971830982661176,2.8611932882794956e-11,0.0,1.0999980485915501,-2.9929577418599874e-06
1263600,0.1197183098267339,2.860745043866694e-11,0.0,1.0999980485915501,-2.9929577418621494e-06
1263660,0.11971830982685613,2.8602957159954032e-11,0.0,1.0999980485915501,-2.992957741864314e-06
1263720,0.11971830982697847,2.8598453046656233e-11,0.0,1.0999980485915501,-2.9929577418664816e-06
1263780,0.11971830982710091,2.859393809877354e-11,0.0,1.0999980485915501,-2.9929577418686517e-06
1263840,0.11971830982722345,2.8589412316305958e-11,0.0,1.0999980485915501,-2.992957741870825e-06
1263900,0.11971830982734609,2.8584875699253486e-11,0.0,1.0999980485915501,-2.992957741873001e-06
1263960,0.11971830982746884,2.858032824761612e-11,0.0,1.0999980485915501,-2.99295774187518e-06
1264020,0.11971830982759168,2.8575769961393866e-11,0.0,1.0999980485915501,-2.9929577418773617e-06
1264080,0.11971830982771463,2.8571200840586725e-11,0.0,1.0999980485915501,-2.992957741879546e-06
1264140,0.11971830982783768,2.8566620885194687e-11,0.0,1.0999980485915501,-2.9929577418817337e-06
1264200,0.11971830982796083,2.8562030095217757e-11,0.0,1.0999980485915501,-2.992957741883924e-06
1264260,0.11971830982808408,2.8557428470655937e-11,0.0,1.0999980485915501,-2.9929577418861175e-06
1264320,0.11971830982820743,2.8552816011509227e-11,0.0,1.0999980485915501,-2.9929577418883134e-06
1264380,0.11971830982833088,2.8548192717777628e-11,0.0,1.0999980485915501,-2.9929577418905123e-06
1264440,0.11971830982845445,2.8543558589461136e-11,0.0,1.0999980485915501,-2.992957741892714e-06
1264500,0.1197183098285781,2.8538913626559754e-11,0.0,1.0999980485915501,-2.9929577418949186e-06
1264560,0.11971830982870187,2.853425782907348e-11,0.0,1.0999980485915501,-2.992957741897126e-06
1264620,0.11971830982882573,2.8529591197002314e-11,0.0,1.0999980485915501,-2.9929577418993363e-06
1264680,0.1197183098289497,2.852491373034626e-11,0.0,1.0999980485915501,-2.9929577419015496e-06
1264740,0.11971830982907375,2.8520225429105312e-11,0.0,1.0999980485915501,-2.9929577419037654e-06
1264800,0.11971830982919793,2.8515526293279475e-11,0.0,1.0999980485915501,-2.992957741905984e-06
1264860,0.11971830982932219,2.8510816322868746e-11,0.0,1.0999980485915501,-2.992957741908206e-06
1264920,0.11971830982944656,2.8506095517873126e-11,0.0,1.0999980485915501,-2.9929577419104307e-06
1264980,0.11971830982957103,2.8501363878292617e-11,0.0,1.0999980485915501,-2.992957741912658e-06
1265040,0.1197183098296956,2.8496621404127214e-11,0.0,1.0999980485915501,-2.9929577419148882e-06
1265100,0.11971830982982028,2.849186809537692e-11,0.0,1.0999980485915501,-2.9929577419171214e-06
1265160,0.11971830982994505,2.8487103952041737e-11,0.0,1.0999980485915501,-2.992957741919357e-06
1265220,0.11971830983006994,2.8482328974121663e-11,0.0,1.0999980485915501,-2.9929577419215963e-06
1265280,0.11971830983019491,2.8477543161616695e-11,0.0,1.0999980485915501,-2.992957741923838e-06
1265340,0.11971830983031999,2.8472746514526838e-11,0.0,1.0999980485915501,-2.992957741926082e-06
1265400,0.11971830983044518,2.846793903285209e-11,0.0,1.0999980485915501,-2.9929577419283298e-06
1265460,0.11971830983057045,2.8463120716592454e-11,0.0,1.0999980485915501,-2.99295774193058e-06
1265520,0.11971830983069584,2.845829156574792e-11,0.0,1.0999980485915501,-2.992957741932833e-06
1265580,0.11971830983082134,2.8453451580318502e-11,0.0,1.0999980485915501,-2.992957741935089e-06
1265640,0.11971830983094692,2.844860076030419e-11,0.0,1.0999980485915501,-2.9929577419373477e-06
1265700,0.11971830983107261,2.8443739105704988e-11,0.0,1.0999980485915501,-2.9929577419396093e-06
1265760,0.1197183098311984,2.8438866616520893e-11,0.0,1.0999980485915501,-2.992957741941874e-06
1265820,0.1197183098313243,2.843398329275191e-11,0.0,1.0999980485915501,-2.9929577419441413e-06
1265880,0.11971830983145029,2.8429089134398034e-11,0.0,1.0999980485915501,-2.9929577419464114e-06
1265940,0.11971830983157639,2.8424184141459267e-11,0.0,1.0999980485915501,-2.9929577419486844e-06
1266000,0.11971830983170259,2.8419268313935607e-11,0.0,1.0999980485915501,-2.9929577419509604e-06
1266060,0.11971830983182889,2.841434165182706e-11,0.0,1.0999980485915501,-2.9929577419532393e-06
1266120,0.11971830983195529,2.8409404155133617e-11,0.0,1.0999980485915501,-2.992957741955521e-06
1266180,0.11971830983208179,2.8404455823855288e-11,0.0,1.0999980485915501,-2.9929577419578053e-06
1266240,0.1197183098322084,2.8399496657992066e-11,0.0,1.0999980485915501,-2.9929577419600927e-06
1266300,0.1197183098323351,2.8394526657543954e-11,0.0,1.0999980485915501,-2.9929577419623826e-06
1266360,0.11971830983246191,2.838954582251095e-11,0.0,1.0999980485915501,-2.992957741964676e-06
1266420,0.11971830983258883,2.8384554152893055e-11,0.0,1.0999980485915501,-2.992957741966972e-06
1266480,0.11971830983271584,2.8379551648690267e-11,0.0,1.0999980485915501,-2.9929577419692703e-06
1266540,0.11971830983284294,2.837453830990259e-11,0.0,1.0999980485915501,-2.992957741971572e-06
1266600,0.11971830983297016,2.8369514136530023e-11,0.0,1.0999980485915501,-2.9929577419738764e-06
1266660,0.11971830983309747,2.8364479128572563e-11,0.0,1.0999980485915501,-2.9929577419761838e-06
1266720,0.11971830983322489,2.8359433286030214e-11,0.0,1.0999980485915501,-2.992957741978494e-06
1266780,0.11971830983335241,2.835437660890297e-11,0.0,1.0999980485915501,-2.992957741980807e-06
1266840,0.11971830983348003,2.834930909719084e-11,0.0,1.0999980485915501,-2.9929577419831227e-06
1266900,0.11971830983360776,2.8344230750893817e-11,0.0,1.0999980485915501,-2.9929577419854414e-06
1266960,0.11971830983373558,2.8339141570011903e-11,0.0,1.0999980485915501,-2.992957741987763e-06
1267020,0.1197183098338635,2.8334041554545098e-11,0.0,1.0999980485915501,-2.9929577419900874e-06
1267080,0.11971830983399154,2.8328930704493404e-11,0.0,1.0999980485915501,-2.9929577419924146e-06
1267140,0.11971830983411966,2.8323809019856817e-11,0.0,1.0999980485915501,-2.992957741994745e-06
1267200,0.11971830983424789,2.8318676500635337e-11,0.0,1.0999980485915501,-2.992957741997078e-06
1267260,0.11971830983437623,2.8313533146828967e-11,0.0,1.0999980485915501,-2.9929577419994136e-06
1267320,0.11971830983450465,2.8308378958437708e-11,0.0,1.0999980485915501,-2.9929577420017523e-06
1267380,0.11971830983463319,2.8303213935461558e-11,0.0,1.0999980485915501,-2.992957742004094e-06
1267440,0.11971830983476182,2.8298038077900516e-11,0.0,1.0999980485915501,-2.992957742006438e-06
1267500,0.11971830983489057,2.829285138575458e-11,0.0,1.0999980485915501,-2.9929577420087856e-06
1267560,0.11971830983501941,2.8287653859023756e-11,0.0,1.0999980485915501,-2.9929577420111353e-06
1267620,0.11971830983514835,2.8282445497708042e-11,0.0,1.0999980485915501,-2.9929577420134884e-06
1267680,0.1197183098352774,2.8277226301807438e-11,0.0,1.0999980485915501,-2.9929577420158444e-06
1267740,0.11971830983540653,2.827199627132194e-11,0.0,1.0999980485915501,-2.992957742018203e-06
1267800,0.11971830983553579,2.826675540625155e-11,0.0,1.0999980485915501,-2.9929577420205645e-06
1267860,0.11971830983566513,2.826150370659627e-11,0.0,1.0999980485915501,-2.9929577420229285e-06
1267920,0.11971830983579458,2.82562411723561e-11,0.0,1.0999980485915501,-2.992957742025296e-06
1267980,0.11971830983592413,2.825096780353104e-11,0.0,1.0999980485915501,-2.992957742027666e-06
1268040,0.11971830983605378,2.8245683600121087e-11,0.0,1.0999980485915501,-2.992957742030039e-06
1268100,0.11971830983618353,2.8240388562126245e-11,0.0,1.0999980485915501,-2.9929577420324145e-06
1268160,0.11971830983631339,2.823508268954651e-11,0.0,1.0999980485915501,-2.9929577420347934e-06
1268220,0.11971830983644335,2.8229765982381886e-11,0.0,1.0999980485915501,-2.992957742037175e-06
1268280,0.1197183098365734,2.822443844063237e-11,0.0,1.0999980485915501,-2.992957742039559e-06
1268340,0.11971830983670358,2.8219100064297962e-11,0.0,1.0999980485915501,-2.992957742041946e-06
1268400,0.11971830983683383,2.8213750853378665e-11,0.0,1.0999980485915501,-2.9929577420443365e-06
1268460,0.1197183098369642,2.8208390807874475e-11,0.0,1.0999980485915501,-2.9929577420467293e-06
1268520,0.11971830983709467,2.8203019927785393e-11,0.0,1.0999980485915501,-2.9929577420491247e-06
1268580,0.11971830983722523,2.8197638213111424e-11,0.0,1.0999980485915501,-2.9929577420515235e-06
1268640,0.1197183098373559,2.8192245663852562e-11,0.0,1.0999980485915501,-2.992957742053925e-06
1268700,0.11971830983748667,2.8186842280008807e-11,0.0,1.0999980485915501,-2.992957742056329e-06
1268760,0.11971830983761754,2.8181428061580162e-11,0.0,1.0999980485915501,-2.9929577420587364e-06
1268820,0.11971830983774852,2.8176003008566628e-11,0.0,1.0999980485915501,-2.9929577420611462e-06
1268880,0.11971830983787958,2.81705671209682e-11,0.0,1.0999980485915501,-2.992957742063559e-06
1268940,0.11971830983801077,2.8165120398784883e-11,0.0,1.0999980485915501,-2.9929577420659748e-06
1269000,0.11971830983814204,2.8159662842016677e-11,0.0,1.0999980485915501,-2.9929577420683935e-06
1269060,0.11971830983827342,2.8154194450663577e-11,0.0,1.0999980485915501,-2.9929577420708147e-06
1269120,0.1197183098384049,2.8148715224725585e-11,0.0,1.0999980485915501,-2.992957742073239e-06
1269180,0.11971830983853649,2.8143225164202706e-11,0.0,1.0999980485915501,-2.992957742075666e-06
1269240,0.11971830983866817,2.8137724269094934e-11,0.0,1.0999980485915501,-2.9929577420780962e-06
1269300,0.11971830983879996,2.813221253940227e-11,0.0,1.0999980485915501,-2.992957742080529e-06
1269360,0.11971830983893185,2.8126689975124714e-11,0.0,1.0999980485915501,-2.9929577420829645e-06
1269420,0.11971830983906383,2.812115657626227e-11,0.0,1.0999980485915501,-2.992957742085403e-06
1269480,0.11971830983919592,2.8115612342814932e-11,0.0,1.0999980485915501,-2.9929577420878447e-06
1269540,0.11971830983932812,2.8110057274782705e-11,0.0,1.0999980485915501,-2.992957742090289e-06
1269600,0.11971830983946041,2.8104491372165586e-11,0.0,1.0999980485915501,-2.992957742092736e-06
1269660,0.1197183098395928,2.8098914634963576e-11,0.0,1.0999980485915501,-2.992957742095186e-06
1269720,0.1197183098397253,2.8093327063176677e-11,0.0,1.0999980485915501,-2.9929577420976385e-06
1269780,0.1197183098398579,2.8087728656804884e-11,0.0,1.0999980485915501,-2.992957742100094e-06
1269840,0.1197183098399906,2.8082119415848203e-11,0.0,1.0999980485915501,-2.9929577421025526e-06
1269900,0.11971830984012341,2.807649934030663e-11,0.0,1.0999980485915501,-2.992957742105014e-06
1269960,0.1197183098402563,2.8070868430180166e-11,0.0,1.0999980485915501,-2.9929577421074785e-06
1270020,0.11971830984038931,2.806522668546881e-11,0.0,1.0999980485915501,-2.9929577421099455e-06
1270080,0.11971830984052242,2.805957410617256e-11,0.0,1.0999980485915501,-2.9929577421124155e-06
1270140,0.11971830984065562,2.8053910692291425e-11,0.0,1.0999980485915501,-2.992957742114888e-06
1270200,0.11971830984078893,2.8048236443825398e-11,0.0,1.0999980485915501,-2.992957742117364e-06
1270260,0.11971830984092235,2.804255136077448e-11,0.0,1.0999980485915501,-2.9929577421198422e-06
1270320,0.11971830984105586,2.8036855443138666e-11,0.0,1.0999980485915501,-2.9929577421223236e-06
1270380,0.11971830984118947,2.8031148690917964e-11,0.0,1.0999980485915501,-2.9929577421248075e-06
1270440,0.11971830984132319,2.8025431104112372e-11,0.0,1.0999980485915501,-2.992957742127295e-06
1270500,0.11971830984145701,2.801970268272189e-11,0.0,1.0999980485915501,-2.9929577421297847e-06
1270560,0.11971830984159093,2.8013963426746516e-11,0.0,1.0999980485915501,-2.992957742132277e-06
1270620,0.11971830984172495,2.8008213336186248e-11,0.0,1.0999980485915501,-2.992957742134773e-06
1270680,0.11971830984185908,2.800245241104109e-11,0.0,1.0999980485915501,-2.9929577421372712e-06
1270740,0.1197183098419933,2.7996680651311044e-11,0.0,1.0999980485915501,-2.9929577421397725e-06
1270800,0.11971830984212763,2.7990898056996104e-11,0.0,1.0999980485915501,-2.9929577421422768e-06
1270860,0.11971830984226205,2.7985104628096275e-11,0.0,1.0999980485915501,-2.9929577421447835e-06
1270920,0.11971830984239658,2.7979300364611556e-11,0.0,1.0999980485915501,-2.9929577421472937e-06
1270980,0.1197183098425312,2.7973485266541944e-11,0.0,1.0999980485915501,-2.9929577421498065e-06
1271040,0.11971830984266595,2.7967659333887442e-11,0.0,1.0999980485915501,-2.9929577421523217e-06
1271100,0.11971830984280078,2.7961822566648047e-11,0.0,1.0999980485915501,-2.9929577421548404e-06
1271160,0.11971830984293572,2.7955974964823763e-11,0.0,1.0999980485915501,-2.9929577421573616e-06
1271220,0.11971830984307075,2.7950116528414588e-11,0.0,1.0999980485915501,-2.9929577421598857e-06
1271280,0.11971830984320589,2.794424725742052e-11,0.0,1.0999980485915501,-2.9929577421624124e-06
1271340,0.11971830984334113,2.7938367151841564e-11,0.0,1.0999980485915501,-2.9929577421649425e-06
1271400,0.11971830984347646,2.7932476211677715e-11,0.0,1.0999980485915501,-2.992957742167475e-06
1271460,0.11971830984361191,2.7926574436928975e-11,0.0,1.0999980485915501,-2.9929577421700107e-06
1271520,0.11971830984374746,2.7920661827595346e-11,0.0,1.0999980485915501,-2.992957742172549e-06
1271580,0.11971830984388311,2.791473838367682e-11,0.0,1.0999980485915501,-2.9929577421750904e-06
1271640,0.11971830984401885,2.790880410517341e-11,0.0,1.09999804859155,-2.9929577421776345e-06
1271700,0.1197183098441547,2.7902858992085107e-11,0.0,1.09999804859155,-2.992957742180181e-06
1271760,0.11971830984429066,2.789690304441191e-11,0.0,1.09999804859155,-2.992957742182731e-06
1271820,0.1197183098444267,2.7890936262153825e-11,0.0,1.09999804859155,-2.9929577421852836e-06
1271880,0.11971830984456286,2.788495864531085e-11,0.0,1.09999804859155,-2.992957742187839e-06
1271940,0.11971830984469913,2.787897019388298e-11,0.0,1.09999804859155,-2.9929577421903975e-06
1272000,0.11971830984483547,2.787297090787022e-11,0.0,1.09999804859155,-2.9929577421929585e-06
1272060,0.11971830984497193,2.7866960787272572e-11,0.0,1.09999804859155,-2.992957742195523e-06
1272120,0.11971830984510849,2.786093983209003e-11,0.0,1.09999804859155,-2.9929577421980895e-06
1272180,0.11971830984524516,2.7854908042322598e-11,0.0,1.09999804859155,-2.9929577422006593e-06
1272240,0.11971830984538193,2.7848865417970276e-11,0.0,1.09999804859155,-2.992957742203232e-06
1272300,0.11971830984551879,2.784281195903306e-11,0.0,1.09999804859155,-2.9929577422058076e-06
1272360,0.11971830984565576,2.7836747665510957e-11,0.0,1.09999804859155,-2.992957742208386e-06
1272420,0.11971830984579282,2.783067253740396e-11,0.0,1.09999804859155,-2.992957742210967e-06
1272480,0.11971830984593,2.7824586574712073e-11,0.0,1.09999804859155,-2.992957742213551e-06
1272540,0.11971830984606727,2.7818489777435296e-11,0.0,1.09999804859155,-2.992957742216138e-06
1272600,0.11971830984620464,2.781238214557363e-11,0.0,1.09999804859155,-2.992957742218728e-06
1272660,0.11971830984634212,2.780626367912707e-11,0.0,1.09999804859155,-2.99295774222132e-06
1272720,0.11971830984647969,2.7800134378095618e-11,0.0,1.09999804859155,-2.9929577422239155e-06
1272780,0.11971830984661737,2.7793994242479276e-11,0.0,1.09999804859155,-2.9929577422265138e-06
1272840,0.11971830984675515,2.7787843272278044e-11,0.0,1.09999804859155,-2.992957742229115e-06
1272900,0.11971830984689304,2.7781681467491916e-11,0.0,1.09999804859155,-2.992957742231719e-06
1272960,0.11971830984703101,2.7775508828120902e-11,0.0,1.09999804859155,-2.992957742234326e-06
1273020,0.11971830984716911,2.7769325354164995e-11,0.0,1.09999804859155,-2.9929577422369357e-06
1273080,0.11971830984730729,2.77631310456242e-11,0.0,1.09999804859155,-2.9929577422395483e-06
1273140,0.11971830984744558,2.7756925902498514e-11,0.0,1.09999804859155,-2.9929577422421635e-06
1273200,0.11971830984758397,2.7750709924787935e-11,0.0,1.09999804859155,-2.9929577422447817e-06
1273260,0.11971830984772246,2.7744483112492465e-11,0.0,1.09999804859155,-2.992957742247403e-06
1273320,0.11971830984786105,2.77382454656121e-11,0.0,1.09999804859155,-2.992957742250027e-06
1273380,0.11971830984799975,2.7731996984146848e-11,0.0,1.09999804859155,-2.9929577422526536e-06
1273440,0.11971830984813854,2.7725737668096706e-11,0.0,1.09999804859155,-2.9929577422552832e-06
1273500,0.11971830984827744,2.771946751746167e-11,0.0,1.09999804859155,-2.992957742257916e-06
1273560,0.11971830984841643,2.7713186532241747e-11,0.0,1.09999804859155,-2.9929577422605514e-06
1273620,0.11971830984855554,2.7706894712436933e-11,0.0,1.09999804859155,-2.9929577422631894e-06
1273680,0.11971830984869473,2.7700592058047226e-11,0.0,1.09999804859155,-2.9929577422658305e-06
1273740,0.11971830984883404,2.7694278569072626e-11,0.0,1.09999804859155,-2.9929577422684745e-06
1273800,0.11971830984897344,2.7687954245513137e-11,0.0,1.09999804859155,-2.9929577422711215e-06
1273860,0.11971830984911296,2.7681619087368757e-11,0.0,1.09999804859155,-2.992957742273771e-06
1273920,0.11971830984925257,2.7675273094639485e-11,0.0,1.09999804859155,-2.9929577422764235e-06
1273980,0.11971830984939227,2.7668916267325323e-11,0.0,1.09999804859155,-2.992957742279079e-06
1274040,0.11971830984953209,2.766254860542627e-11,0.0,1.09999804859155,-2.992957742281737e-06
1274100,0.119718309849672,2.7656170108942327e-11,0.0,1.09999804859155,-2.992957742284398e-06
1274160,0.11971830984981202,2.764978077787349e-11,0.0,1.09999804859155,-2.992957742287062e-06
1274220,0.11971830984995213,2.7643380612219766e-11,0.0,1.09999804859155,-2.9929577422897287e-06
1274280,0.11971830985009235,2.763696961198115e-11,0.0,1.09999804859155,-2.9929577422923985e-06
1274340,0.11971830985023267,2.763054777715764e-11,0.0,1.09999804859155,-2.992957742295071e-06
1274400,0.11971830985037309,2.7624115107749242e-11,0.0,1.09999804859155,-2.9929577422977463e-06
1274460,0.11971830985051361,2.761767160375595e-11,0.0,1.09999804859155,-2.992957742300424e-06
1274520,0.11971830985065424,2.761121726517777e-11,0.0,1.09999804859155,-2.9929577423031054e-06
1274580,0.11971830985079497,2.76047520920147e-11,0.0,1.09999804859155,-2.9929577423057893e-06
1274640,0.11971830985093579,2.7598276084266734e-11,0.0,1.09999804859155,-2.992957742308476e-06
1274700,0.11971830985107672,2.759178924193388e-11,0.0,1.09999804859155,-2.9929577423111654e-06
1274760,0.11971830985121776,2.7585291565016136e-11,0.0,1.09999804859155,-2.992957742313858e-06
1274820,0.11971830985135888,2.75787830535135e-11,0.0,1.09999804859155,-2.9929577423165534e-06
1274880,0.11971830985150012,2.757226370742597e-11,0.0,1.09999804859155,-2.9929577423192516e-06
1274940,0.11971830985164146,2.7565733526753555e-11,0.0,1.09999804859155,-2.9929577423219523e-06
1275000,0.11971830985178289,2.7559192511496245e-11,0.0,1.09999804859155,-2.992957742324656e-06
1275060,0.11971830985192443,2.7552640661654043e-11,0.0,1.09999804859155,-2.9929577423273628e-06
1275120,0.11971830985206608,2.754607797722695e-11,0.0,1.09999804859155,-2.9929577423300724e-06
1275180,0.11971830985220781,2.753950445821497e-11,0.0,1.09999804859155,-2.992957742332785e-06
1275240,0.11971830985234966,2.7532920104618097e-11,0.0,1.09999804859155,-2.9929577423355002e-06
1275300,0.1197183098524916,2.7526324916436333e-11,0.0,1.09999804859155,-2.9929577423382183e-06
1275360,0.11971830985263365,2.751971889366968e-11,0.0,1.09999804859155,-2.992957742340939e-06
1275420,0.1197183098527758,2.7513102036318132e-11,0.0,1.09999804859155,-2.992957742343663e-06
1275480,0.11971830985291805,2.7506474344381695e-11,0.0,1.09999804859155,-2.9929577423463897e-06
1275540,0.1197183098530604,2.7499835817860365e-11,0.0,1.09999804859155,-2.9929577423491192e-06
1275600,0.11971830985320285,2.7493186456754146e-11,0.0,1.09999804859155,-2.9929577423518518e-06
1275660,0.1197183098533454,2.7486526261063036e-11,0.0,1.09999804859155,-2.992957742354587e-06
1275720,0.11971830985348807,2.7479855230787034e-11,0.0,1.09999804859155,-2.992957742357325e-06
1275780,0.11971830985363083,2.7473173365926143e-11,0.0,1.09999804859155,-2.992957742360066e-06
1275840,0.11971830985377369,2.7466480666480358e-11,0.0,1.09999804859155,-2.99295774236281e-06
1275900,0.11971830985391664,2.7459777132449683e-11,0.0,1.09999804859155,-2.9929577423655563e-06
1275960,0.1197183098540597,2.745306276383412e-11,0.0,1.09999804859155,-2.992957742368306e-06
1276020,0.11971830985420287,2.7446337560633662e-11,0.0,1.09999804859155,-2.9929577423710582e-06
1276080,0.11971830985434614,2.7439601522848315e-11,0.0,1.09999804859155,-2.992957742373813e-06
1276140,0.1197183098544895,2.7432854650478076e-11,0.0,1.09999804859155,-2.992957742376571e-06
1276200,0.11971830985463297,2.742609694352295e-11,0.0,1.09999804859155,-2.992957742379332e-06
1276260,0.11971830985477655,2.7419328401982927e-11,0.0,1.09999804859155,-2.992957742382096e-06
1276320,0.11971830985492021,2.7412549025858015e-11,0.0,1.09999804859155,-2.9929577423848628e-06
1276380,0.11971830985506399,2.7405758815148213e-11,0.0,1.09999804859155,-2.992957742387632e-06
1276440,0.11971830985520787,2.739895776985352e-11,0.0,1.09999804859155,-2.9929577423904045e-06
1276500,0.11971830985535184,2.7392145889973934e-11,0.0,1.09999804859155,-2.9929577423931798e-06
1276560,0.11971830985549592,2.738532317550946e-11,0.0,1.09999804859155,-2.9929577423959576e-06
1276620,0.11971830985564011,2.7378489626460093e-11,0.0,1.09999804859155,-2.9929577423987384e-06
1276680,0.11971830985578438,2.7371645242825836e-11,0.0,1.09999804859155,-2.992957742401522e-06
1276740,0.11971830985592877,2.7364790024606687e-11,0.0,1.09999804859155,-2.992957742404309e-06
1276800,0.11971830985607325,2.7357923971802647e-11,0.0,1.09999804859155,-2.9929577424070982e-06
1276860,0.11971830985621784,2.7351047084413718e-11,0.0,1.09999804859155,-2.9929577424098905e-06
1276920,0.11971830985636253,2.7344159362439896e-11,0.0,1.09999804859155,-2.9929577424126857e-06
1276980,0.11971830985650732,2.7337260805881185e-11,0.0,1.09999804859155,-2.992957742415484e-06
1277040,0.11971830985665222,2.733035141473758e-11,0.0,1.09999804859155,-2.9929577424182846e-06
1277100,0.11971830985679721,2.7323431189009086e-11,0.0,1.09999804859155,-2.9929577424210882e-06
1277160,0.1197183098569423,2.73165001286957e-11,0.0,1.09999804859155,-2.992957742423895e-06
1277220,0.1197183098570875,2.7309558233797424e-11,0.0,1.09999804859155,-2.992957742426704e-06
1277280,0.1197183098572328,2.7302605504314255e-11,0.0,1.09999804859155,-2.9929577424295162e-06
1277340,0.11971830985737819,2.7295641940246198e-11,0.0,1.09999804859155,-2.9929577424323313e-06
1277400,0.1197183098575237,2.728866754159325e-11,0.0,1.09999804859155,-2.9929577424351494e-06
1277460,0.11971830985766929,2.7281682308355407e-11,0.0,1.09999804859155,-2.9929577424379705e-06
1277520,0.119718309857815,2.7274686240532675e-11,0.0,1.09999804859155,-2.992957742440794e-06
1277580,0.11971830985796081,2.7267679338125053e-11,0.0,1.09999804859155,-2.9929577424436206e-06
1277640,0.11971830985810672,2.7260661601132538e-11,0.0,1.09999804859155,-2.9929577424464497e-06
1277700,0.11971830985825273,2.7253633029555134e-11,0.0,1.09999804859155,-2.992957742449282e-06
1277760,0.11971830985839883,2.724659362339284e-11,0.0,1.09999804859155,-2.992957742452117e-06
1277820,0.11971830985854505,2.7239543382645653e-11,0.0,1.09999804859155,-2.992957742454955e-06
1277880,0.11971830985869136,2.7232482307313576e-11,0.0,1.09999804859155,-2.9929577424577957e-06
1277940,0.11971830985883777,2.7225410397396607e-11,0.0,1.09999804859155,-2.9929577424606396e-06
1278000,0.1197183098589843,2.7218327652894747e-11,0.0,1.09999804859155,-2.992957742463486e-06
1278060,0.11971830985913091,2.7211234073807995e-11,0.0,1.09999804859155,-2.9929577424663355e-06
1278120,0.11971830985927763,2.7204129660136353e-11,0.0,1.09999804859155,-2.9929577424691874e-06
1278180,0.11971830985942446,2.7197014411879822e-11,0.0,1.09999804859155,-2.9929577424720428e-06
1278240,0.11971830985957138,2.7189888329038397e-11,0.0,1.09999804859155,-2.9929577424749007e-06
1278300,0.1197183098597184,2.7182751411612083e-11,0.0,1.09999804859155,-2.992957742477761e-06
1278360,0.11971830985986553,2.717560365960088e-11,0.0,1.09999804859155,-2.992957742480625e-06
1278420,0.11971830986001275,2.7168445073004782e-11,0.0,1.09999804859155,-2.9929577424834913e-06
1278480,0.11971830986016009,2.7161275651823792e-11,0.0,1.09999804859155,-2.9929577424863606e-06
1278540,0.11971830986030751,2.7154095396057913e-11,0.0,1.09999804859155,-2.992957742489233e-06
1278600,0.11971830986045505,2.7146904305707143e-11,0.0,1.09999804859155,-2.9929577424921077e-06
1278660,0.11971830986060268,2.7139702380771484e-11,0.0,1.09999804859155,-2.9929577424949855e-06
1278720,0.11971830986075042,2.7132489621250933e-11,0.0,1.09999804859155,-2.9929577424978663e-06
1278780,0.11971830986089826,2.712526602714549e-11,0.0,1.09999804859155,-2.99295774250075e-06
1278840,0.1197183098610462,2.7118031598455156e-11,0.0,1.09999804859155,-2.9929577425036363e-06
1278900,0.11971830986119424,2.7110786335179932e-11,0.0,1.09999804859155,-2.992957742506526e-06
1278960,0.11971830986134238,2.7103530237319815e-11,0.0,1.09999804859155,-2.9929577425094177e-06
1279020,0.11971830986149062,2.7096263304874808e-11,0.0,1.09999804859155,-2.992957742512313e-06
1279080,0.11971830986163898,2.708898553784491e-11,0.0,1.09999804859155,-2.9929577425152105e-06
1279140,0.11971830986178741,2.7081696936230122e-11,0.0,1.09999804859155,-2.9929577425181116e-06
1279200,0.11971830986193596,2.7074397500030443e-11,0.0,1.09999804859155,-2.992957742521015e-06
1279260,0.11971830986208462,2.706708722924587e-11,0.0,1.09999804859155,-2.9929577425239214e-06
1279320,0.11971830986223336,2.705976612387641e-11,0.0,1.09999804859155,-2.9929577425268306e-06
1279380,0.11971830986238223,2.7052434183922054e-11,0.0,1.09999804859155,-2.9929577425297427e-06
1279440,0.11971830986253118,2.7045091409382813e-11,0.0,1.09999804859155,-2.9929577425326577e-06
1279500,0.11971830986268024,2.7037737800258675e-11,0.0,1.09999804859155,-2.9929577425355753e-06
1279560,0.1197183098628294,2.703037335654965e-11,0.0,1.09999804859155,-2.9929577425384963e-06
1279620,0.11971830986297866,2.7022998078255735e-11,0.0,1.09999804859155,-2.99295774254142e-06
1279680,0.11971830986312802,2.7015611965376928e-11,0.0,1.09999804859155,-2.992957742544346e-06
1279740,0.11971830986327747,2.700821501791323e-11,0.0,1.09999804859155,-2.9929577425472754e-06
1279800,0.11971830986342705,2.700080723586464e-11,0.0,1.09999804859155,-2.9929577425502074e-06
1279860,0.1197183098635767,2.6993388619231154e-11,0.0,1.09999804859155,-2.9929577425531424e-06
1279920,0.11971830986372647,2.6985959168012783e-11,0.0,1.09999804859155,-2.9929577425560803e-06
1279980,0.11971830986387635,2.697851888220952e-11,0.0,1.09999804859155,-2.9929577425590208e-06
1280040,0.11971830986402632,2.6971067761821367e-11,0.0,1.09999804859155,-2.9929577425619642e-06
1280100,0.11971830986417639,2.6963605806848322e-11,0.0,1.09999804859155,-2.9929577425649106e-06
1280160,0.11971830986432656,2.695613301729039e-11,0.0,1.09999804859155,-2.9929577425678596e-06
1280220,0.11971830986447685,2.6948649393147562e-11,0.0,1.09999804859155,-2.992957742570812e-06
1280280,0.11971830986462723,2.6941154934419842e-11,0.0,1.09999804859155,-2.9929577425737668e-06
1280340,0.1197183098647777,2.6933649641107233e-11,0.0,1.09999804859155,-2.9929577425767246e-06
1280400,0.11971830986492828,2.6926133513209734e-11,0.0,1.09999804859155,-2.992957742579685e-06
1280460,0.11971830986507896,2.691860655072734e-11,0.0,1.09999804859155,-2.9929577425826483e-06
1280520,0.11971830986522974,2.691106875366006e-11,0.0,1.09999804859155,-2.992957742585615e-06
1280580,0.11971830986538064,2.6903520122007888e-11,0.0,1.09999804859155,-2.992957742588584e-06
1280640,0.11971830986553161,2.6895960655770824e-11,0.0,1.09999804859155,-2.992957742591556e-06
1280700,0.1197183098656827,2.6888390354948867e-11,0.0,1.09999804859155,-2.992957742594531e-06
1280760,0.1197183098658339,2.688080921954202e-11,0.0,1.09999804859155,-2.9929577425975087e-06
1280820,0.1197183098659852,2.6873217249550283e-11,0.0,1.09999804859155,-2.9929577426004894e-06
1280880,0.11971830986613659,2.6865614444973653e-11,0.0,1.09999804859155,-2.9929577426034726e-06
1280940,0.11971830986628808,2.6858000805812134e-11,0.0,1.09999804859155,-2.992957742606459e-06
1281000,0.11971830986643968,2.6850376332065728e-11,0.0,1.09999804859155,-2.992957742609448e-06
1281060,0.11971830986659138,2.6842741023734426e-11,0.0,1.09999804859155,-2.99295774261244e-06
1281120,0.11971830986674317,2.6835094880818234e-11,0.0,1.09999804859155,-2.992957742615435e-06
1281180,0.11971830986689508,2.682743790331715e-11,0.0,1.09999804859155,-2.9929577426184325e-06
1281240,0.11971830986704708,2.6819770091231175e-11,0.0,1.09999804859155,-2.992957742621433e-06
1281300,0.11971830986719918,2.681209144456031e-11,0.0,1.09999804859155,-2.9929577426244367e-06
1281360,0.1197183098673514,2.6804401963304554e-11,0.0,1.09999804859155,-2.992957742627443e-06
1281420,0.11971830986750369,2.6796701647463908e-11,0.0,1.09999804859155,-2.992957742630452e-06
1281480,0.11971830986765611,2.678899049703837e-11,0.0,1.09999804859155,-2.992957742633464e-06
1281540,0.11971830986780861,2.678126851202794e-11,0.0,1.09999804859155,-2.9929577426364786e-06
1281600,0.11971830986796123,2.677353569243262e-11,0.0,1.09999804859155,-2.9929577426394965e-06
1281660,0.11971830986811394,2.6765792038252408e-11,0.0,1.09999804859155,-2.992957742642517e-06
1281720,0.11971830986826676,2.6758037549487306e-11,0.0,1.09999804859155,-2.99295774264554e-06
1281780,0.11971830986841968,2.675027222613731e-11,0.0,1.09999804859155,-2.9929577426485666e-06
1281840,0.1197183098685727,2.6742496068202427e-11,0.0,1.09999804859155,-2.9929577426515955e-06
1281900,0.11971830986872581,2.6734709075682653e-11,0.0,1.09999804859155,-2.9929577426546275e-06
1281960,0.11971830986887903,2.6726911248577986e-11,0.0,1.09999804859155,-2.9929577426576624e-06
1282020,0.11971830986903235,2.671910258688843e-11,0.0,1.09999804859155,-2.9929577426607e-06
1282080,0.11971830986918579,2.6711283090613983e-11,0.0,1.09999804859155,-2.9929577426637403e-06
1282140,0.11971830986933932,2.6703452759754644e-11,0.0,1.09999804859155,-2.9929577426667837e-06
1282200,0.11971830986949294,2.6695611594310415e-11,0.0,1.09999804859155,-2.99295774266983e-06
1282260,0.11971830986964667,2.6687759594281293e-11,0.0,1.09999804859155,-2.992957742672879e-06
1282320,0.1197183098698005,2.667989675966728e-11,0.0,1.09999804859155,-2.992957742675931e-06
1282380,0.11971830986995444,2.6672023090468377e-11,0.0,1.09999804859155,-2.9929577426789856e-06
1282440,0.11971830987010847,2.666413858668458e-11,0.0,1.09999804859155,-2.9929577426820434e-06
1282500,0.11971830987026261,2.6656243248315895e-11,0.0,1.09999804859155,-2.9929577426851037e-06
1282560,0.11971830987041684,2.6648337075362318e-11,0.0,1.09999804859155,-2.992957742688167e-06
1282620,0.11971830987057118,2.6640420067823852e-11,0.0,1.09999804859155,-2.9929577426912333e-06
1282680,0.11971830987072563,2.6632492225700492e-11,0.0,1.09999804859155,-2.992957742694302e-06
1282740,0.11971830987088017,2.6624553548992243e-11,0.0,1.09999804859155,-2.9929577426973743e-06
1282800,0.11971830987103481,2.6616604037699104e-11,0.0,1.09999804859155,-2.992957742700449e-06
1282860,0.11971830987118956,2.6608643691821072e-11,0.0,1.09999804859155,-2.9929577427035263e-06
1282920,0.11971830987134441,2.660067251135815e-11,0.0,1.09999804859155,-2.992957742706607e-06
1282980,0.11971830987149935,2.659269049631034e-11,0.0,1.09999804859155,-2.99295774270969e-06
1283040,0.11971830987165441,2.6584697646677635e-11,0.0,1.09999804859155,-2.9929577427127763e-06
1283100,0.11971830987180956,2.6576693962460038e-11,0.0,1.09999804859155,-2.992957742715865e-06
1283160,0.11971830987196481,2.656867944365755e-11,0.0,1.09999804859155,-2.992957742718957e-06
1283220,0.11971830987212016,2.6560654090270174e-11,0.0,1.09999804859155,-2.9929577427220517e-06
1283280,0.11971830987227562,2.6552617902297902e-11,0.0,1.09999804859155,-2.9929577427251493e-06
1283340,0.11971830987243119,2.6544570879740742e-11,0.0,1.09999804859155,-2.99295774272825e-06
1283400,0.11971830987258684,2.6536513022598694e-11,0.0,1.09999804859155,-2.992957742731353e-06
1283460,0.11971830987274261,2.6528444330871752e-11,0.0,1.09999804859155,-2.992957742734459e-06
1283520,0.11971830987289847,2.652036480455992e-11,0.0,1.09999804859155,-2.992957742737568e-06
1283580,0.11971830987305444,2.6512274443663196e-11,0.0,1.09999804859155,-2.9929577427406797e-06
1283640,0.1197183098732105,2.650417324818158e-11,0.0,1.09999804859155,-2.9929577427437947e-06
1283700,0.11971830987336667,2.6496061218115078e-11,0.0,1.09999804859155,-2.992957742746912e-06
1283760,0.11971830987352294,2.648793835346368e-11,0.0,1.09999804859155,-2.9929577427500322e-06
1283820,0.11971830987367932,2.6479804654227394e-11,0.0,1.09999804859155,-2.9929577427531556e-06
1283880,0.11971830987383579,2.6471660120406215e-11,0.0,1.09999804859155,-2.9929577427562816e-06
1283940,0.11971830987399236,2.6463504752000146e-11,0.0,1.09999804859155,-2.9929577427594106e-06
1284000,0.11971830987414904,2.6455338549009187e-11,0.0,1.09999804859155,-2.9929577427625425e-06
1284060,0.11971830987430582,2.6447161511433335e-11,0.0,1.09999804859155,-2.992957742765677e-06
1284120,0.11971830987446269,2.6438973639272594e-11,0.0,1.09999804859155,-2.9929577427688147e-06
1284180,0.11971830987461968,2.6430774932526956e-11,0.0,1.09999804859155,-2.9929577427719547e-06
1284240,0.11971830987477676,2.6422565391196432e-11,0.0,1.09999804859155,-2.992957742775098e-06
1284300,0.11971830987493394,2.6414345015281015e-11,0.0,1.09999804859155,-2.9929577427782443e-06
1284360,0.11971830987509123,2.640611380478071e-11,0.0,1.09999804859155,-2.992957742781393e-06
1284420,0.11971830987524862,2.639787175969551e-11,0.0,1.09999804859155,-2.9929577427845446e-06
1284480,0.1197183098754061,2.6389618880025425e-11,0.0,1.09999804859155,-2.9929577427876993e-06
1284540,0.1197183098755637,2.6381355165770443e-11,0.0,1.09999804859155,-2.9929577427908567e-06
1284600,0.1197183098757214,2.637308061693057e-11,0.0,1.09999804859155,-2.9929577427940174e-06
1284660,0.11971830987587918,2.6364795233505812e-11,0.0,1.09999804859155,-2.99295774279718e-06
1284720,0.11971830987603707,2.635649901549616e-11,0.0,1.09999804859155,-2.9929577428003464e-06
1284780,0.11971830987619507,2.6348191962901617e-11,0.0,1.09999804859155,-2.992957742803515e-06
1284840,0.11971830987635318,2.6339874075722182e-11,0.0,1.09999804859155,-2.992957742806687e-06
1284900,0.11971830987651137,2.633154535395786e-11,0.0,1.09999804859155,-2.9929577428098615e-06
1284960,0.11971830987666968,2.6323205797608642e-11,0.0,1.09999804859155,-2.9929577428130388e-06
1285020,0.11971830987682808,2.631485540667453e-11,0.0,1.09999804859155,-2.9929577428162194e-06
1285080,0.11971830987698659,2.6306494181155533e-11,0.0,1.09999804859155,-2.9929577428194025e-06
1285140,0.11971830987714518,2.629812212105164e-11,0.0,1.09999804859155,-2.992957742822588e-06
1285200,0.11971830987730389,2.6289739226362862e-11,0.0,1.09999804859155,-2.9929577428257773e-06
1285260,0.11971830987746271,2.628134549708919e-11,0.0,1.09999804859155,-2.992957742828969e-06
1285320,0.11971830987762162,2.627294093323063e-11,0.0,1.09999804859155,-2.9929577428321635e-06
1285380,0.11971830987778063,2.6264525534787174e-11,0.0,1.09999804859155,-2.992957742835361e-06
1285440,0.11971830987793974,2.625609930175883e-11,0.0,1.09999804859155,-2.992957742838561e-06
1285500,0.11971830987809896,2.624766223414559e-11,0.0,1.09999804859155,-2.992957742841764e-06
1285560,0.11971830987825828,2.6239214331947467e-11,0.0,1.09999804859155,-2.99295774284497e-06
1285620,0.1197183098784177,2.6230755595164447e-11,0.0,1.09999804859155,-2.9929577428481788e-06
1285680,0.11971830987857722,2.622228602379654e-11,0.0,1.09999804859155,-2.9929577428513907e-06
1285740,0.11971830987873684,2.621380561784374e-11,0.0,1.09999804859155,-2.992957742854605e-06
1285800,0.11971830987889656,2.620531437730605e-11,0.0,1.09999804859155,-2.9929577428578227e-06
1285860,0.11971830987905639,2.6196812302183468e-11,0.0,1.09999804859155,-2.9929577428610427e-06
1285920,0.11971830987921632,2.6188299392475994e-11,0.0,1.09999804859155,-2.9929577428642656e-06
1285980,0.11971830987937634,2.617977564818363e-11,0.0,1.09999804859155,-2.9929577428674915e-06
1286040,0.11971830987953648,2.6171241069306375e-11,0.0,1.09999804859155,-2.9929577428707204e-06
1286100,0.11971830987969671,2.616269565584423e-11,0.0,1.09999804859155,-2.9929577428739523e-06
1286160,0.11971830987985704,2.6154139407797192e-11,0.0,1.09999804859155,-2.9929577428771867e-06
1286220,0.11971830988001748,2.6145572325165265e-11,0.0,1.09999804859155,-2.992957742880424e-06
1286280,0.11971830988017802,2.6136994407948446e-11,0.0,1.09999804859155,-2.9929577428836644e-06
1286340,0.11971830988033866,2.6128405656146737e-11,0.0,1.09999804859155,-2.9929577428869072e-06
1286400,0.11971830988049939,2.6119806069760132e-11,0.0,1.09999804859155,-2.992957742890153e-06
1286460,0.11971830988066023,2.6111195648788644e-11,0.0,1.09999804859155,-2.992957742893402e-06
1286520,0.11971830988082117,2.610257439323226e-11,0.0,1.09999804859155,-2.9929577428966536e-06
1286580,0.11971830988098223,2.6093942303090988e-11,0.0,1.09999804859155,-2.992957742899908e-06
1286640,0.11971830988114338,2.608529937836482e-11,0.0,1.09999804859155,-2.992957742903165e-06
1286700,0.11971830988130462,2.6076645619053767e-11,0.0,1.09999804859155,-2.9929577429064254e-06
1286760,0.11971830988146596,2.6067981025157817e-11,0.0,1.09999804859155,-2.9929577429096886e-06
1286820,0.11971830988162742,2.605930559667698e-11,0.0,1.09999804859155,-2.9929577429129543e-06
1286880,0.11971830988178897,2.6050619333611252e-11,0.0,1.09999804859155,-2.992957742916223e-06
1286940,0.11971830988195063,2.6041922235960633e-11,0.0,1.09999804859155,-2.9929577429194947e-06
1287000,0.11971830988211238,2.603321430372512e-11,0.0,1.09999804859155,-2.992957742922769e-06
1287060,0.11971830988227423,2.602449553690472e-11,0.0,1.09999804859155,-2.9929577429260465e-06
1287120,0.1197183098824362,2.6015765935499425e-11,0.0,1.09999804859155,-2.9929577429293266e-06
1287180,0.11971830988259825,2.6007025499509244e-11,0.0,1.09999804859155,-2.9929577429326093e-06
1287240,0.11971830988276043,2.5998274228934167e-11,0.0,1.09999804859155,-2.9929577429358954e-06
1287300,0.11971830988292269,2.59895121237742e-11,0.0,1.09999804859155,-2.992957742939184e-06
1287360,0.11971830988308506,2.5980739184029347e-11,0.0,1.09999804859155,-2.9929577429424756e-06
1287420,0.11971830988324753,2.5971955409699594e-11,0.0,1.09999804859155,-2.99295774294577e-06
1287480,0.11971830988341009,2.5963160800784958e-11,0.0,1.09999804859155,-2.992957742949067e-06
1287540,0.11971830988357275,2.5954355357285426e-11,0.0,1.09999804859155,-2.992957742952367e-06
1287600,0.11971830988373552,2.5945539079201007e-11,0.0,1.09999804859155,-2.9929577429556702e-06
1287660,0.11971830988389841,2.5936711966531692e-11,0.0,1.09999804859155,-2.992957742958976e-06
1287720,0.11971830988406137,2.592787401927749e-11,0.0,1.09999804859155,-2.9929577429622847e-06
1287780,0.11971830988422445,2.5919025237438397e-11,0.0,1.09999804859155,-2.992957742965596e-06
1287840,0.11971830988438763,2.591016562101441e-11,0.0,1.09999804859155,-2.9929577429689106e-06
1287900,0.11971830988455091,2.5901295170005536e-11,0.0,1.09999804859155,-2.992957742972228e-06
1287960,0.1197183098847143,2.589241388441177e-11,0.0,1.09999804859155,-2.992957742975548e-06
1288020,0.11971830988487778,2.588352176423311e-11,0.0,1.09999804859155,-2.992957742978871e-06
1288080,0.11971830988504137,2.5874618809469558e-11,0.0,1.09999804859155,-2.9929577429821967e-06
1288140,0.11971830988520504,2.5865705020121122e-11,0.0,1.09999804859155,-2.992957742985525e-06
1288200,0.11971830988536884,2.5856780396187787e-11,0.0,1.09999804859155,-2.9929577429888565e-06
1288260,0.11971830988553273,2.584784493766957e-11,0.0,1.09999804859155,-2.992957742992191e-06
1288320,0.11971830988569672,2.583889864456645e-11,0.0,1.09999804859155,-2.992957742995528e-06
1288380,0.11971830988586081,2.5829941516878454e-11,0.0,1.09999804859155,-2.9929577429988685e-06
1288440,0.119718309886025,2.5820973554605553e-11,0.0,1.09999804859155,-2.9929577430022113e-06
1288500,0.1197183098861893,2.5811994757747767e-11,0.0,1.09999804859155,-2.992957743005557e-06
1288560,0.1197183098863537,2.580300512630509e-11,0.0,1.09999804859155,-2.9929577430089054e-06
1288620,0.1197183098865182,2.5794004660277524e-11,0.0,1.09999804859155,-2.992957743012257e-06
1288680,0.11971830988668279,2.5784993359665065e-11,0.0,1.09999804859155,-2.9929577430156113e-06
1288740,0.1197183098868475,2.5775971224467713e-11,0.0,1.09999804859155,-2.9929577430189686e-06
1288800,0.1197183098870123,2.5766938254685474e-11,0.0,1.09999804859155,-2.9929577430223283e-06
1288860,0.1197183098871772,2.575789445031834e-11,0.0,1.09999804859155,-2.9929577430256915e-06
1288920,0.11971830988734221,2.574883981136632e-11,0.0,1.09999804859155,-2.992957743029057e-06
1288980,0.11971830988750733,2.57397743378294e-11,0.0,1.09999804859155,-2.992957743032426e-06
1289040,0.11971830988767253,2.57306980297076e-11,0.0,1.09999804859155,-2.992957743035797e-06
1289100,0.11971830988783784,2.57216108870009e-11,0.0,1.09999804859155,-2.9929577430391716e-06
1289160,0.11971830988800326,2.5712512909709314e-11,0.0,1.09999804859155,-2.9929577430425487e-06
1289220,0.11971830988816877,2.5703404097832835e-11,0.0,1.09999804859155,-2.9929577430459283e-06
1289280,0.11971830988833439,2.569428445137147e-11,0.0,1.09999804859155,-2.9929577430493114e-06
1289340,0.1197183098885001,2.5685153970325204e-11,0.0,1.09999804859155,-2.992957743052697e-06
1289400,0.11971830988866593,2.5676012654694055e-11,0.0,1.09999804859155,-2.9929577430560855e-06
1289460,0.11971830988883185,2.566686050447801e-11,0.0,1.09999804859155,-2.992957743059477e-06
1289520,0.11971830988899787,2.565769751967708e-11,0.0,1.09999804859155,-2.992957743062871e-06
1289580,0.119718309889164,2.5648523700291256e-11,0.0,1.09999804859155,-2.992957743066268e-06
1289640,0.11971830988933022,2.563933904632054e-11,0.0,1.09999804859155,-2.992957743069668e-06
1289700,0.11971830988949655,2.5630143557764932e-11,0.0,1.09999804859155,-2.992957743073071e-06
1289760,0.11971830988966298,2.5620937234624436e-11,0.0,1.09999804859155,-2.9929577430764766e-06
1289820,0.11971830988982951,2.5611720076899046e-11,0.0,1.09999804859155,-2.992957743079885e-06
1289880,0.11971830988999614,2.5602492084588764e-11,0.0,1.09999804859155,-2.9929577430832965e-06
1289940,0.11971830989016287,2.5593253257693595e-11,0.0,1.09999804859155,-2.992957743086711e-06
1290000,0.11971830989032971,2.5584003596213534e-11,0.0,1.09999804859155,-2.992957743090128e-06
1290060,0.11971830989049664,2.5574743100148585e-11,0.0,1.09999804859155,-2.9929577430935477e-06
1290120,0.11971830989066369,2.5565471769498738e-11,0.0,1.09999804859155,-2.9929577430969706e-06
1290180,0.11971830989083082,2.5556189604264007e-11,0.0,1.09999804859155,-2.9929577431003964e-06
1290240,0.11971830989099806,2.554689660444438e-11,0.0,1.09999804859155,-2.9929577431038247e-06
1290300,0.11971830989116541,2.5537592770039864e-11,0.0,1.09999804859155,-2.992957743107256e-06
1290360,0.11971830989133286,2.5528278101050457e-11,0.0,1.09999804859155,-2.9929577431106904e-06
1290420,0.11971830989150041,2.5518952597476158e-11,0.0,1.09999804859155,-2.992957743114127e-06
1290480,0.11971830989166805,2.550961625931697e-11,0.0,1.09999804859155,-2.992957743117567e-06
1290540,0.11971830989183581,2.5500269086572887e-11,0.0,1.09999804859155,-2.9929577431210098e-06
1290600,0.11971830989200366,2.5490911079243915e-11,0.0,1.09999804859155,-2.9929577431244555e-06
1290660,0.11971830989217161,2.548154223733005e-11,0.0,1.09999804859155,-2.992957743127904e-06
1290720,0.11971830989233966,2.5472162560831297e-11,0.0,1.09999804859155,-2.9929577431313554e-06
1290780,0.11971830989250781,2.5462772049747653e-11,0.0,1.09999804859155,-2.9929577431348096e-06
1290840,0.11971830989267608,2.545337070407912e-11,0.0,1.09999804859155,-2.9929577431382664e-06
1290900,0.11971830989284443,2.5443958523825692e-11,0.0,1.09999804859155,-2.9929577431417265e-06
1290960,0.1197183098930129,2.5434535508987376e-11,0.0,1.09999804859155,-2.992957743145189e-06
1291020,0.11971830989318145,2.5425101659564167e-11,0.0,1.09999804859155,-2.992957743148655e-06
1291080,0.11971830989335012,2.541565697555607e-11,0.0,1.09999804859155,-2.992957743152123e-06
1291140,0.11971830989351889,2.5406201456963076e-11,0.0,1.09999804859155,-2.9929577431555946e-06
1291200,0.11971830989368776,2.5396735103785195e-11,0.0,1.09999804859155,-2.9929577431590687e-06
1291260,0.11971830989385672,2.5387257916022423e-11,0.0,1.09999804859155,-2.9929577431625453e-06
1291320,0.11971830989402579,2.537776989367476e-11,0.0,1.09999804859155,-2.9929577431660253e-06
1291380,0.11971830989419496,2.5368271036742205e-11,0.0,1.09999804859155,-2.992957743169508e-06
1291440,0.11971830989436424,2.5358761345224758e-11,0.0,1.09999804859155,-2.9929577431729935e-06
1291500,0.11971830989453362,2.5349240819122425e-11,0.0,1.09999804859155,-2.992957743176482e-06
1291560,0.1197183098947031,2.5339709458435192e-11,0.0,1.09999804859155,-2.992957743179973e-06
1291620,0.11971830989487267,2.5330167263163073e-11,0.0,1.09999804859155,-2.9929577431834674e-06
1291680,0.11971830989504235,2.5320614233306064e-11,0.0,1.09999804859155,-2.9929577431869644e-06
1291740,0.11971830989521214,2.5311050368864166e-11,0.0,1.09999804859155,-2.992957743190464e-06
1291800,0.11971830989538201,2.5301475669837374e-11,0.0,1.09999804859155,-2.992957743193967e-06
1291860,0.119718309895552,2.529189013622569e-11,0.0,1.09999804859155,-2.9929577431974723e-06
1291920,0.11971830989572209,2.5282293768029115e-11,0.0,1.09999804859155,-2.9929577432009807e-06
1291980,0.11971830989589227,2.527268656524765e-11,0.0,1.09999804859155,-2.9929577432044916e-06
1292040,0.11971830989606257,2.5263068527881298e-11,0.0,1.09999804859155,-2.992957743208006e-06
1292100,0.11971830989623296,2.525343965593005e-11,0.0,1.09999804859155,-2.992957743211523e-06
1292160,0.11971830989640345,2.5243799949393912e-11,0.0,1.09999804859155,-2.9929577432150427e-06
1292220,0.11971830989657405,2.5234149408272886e-11,0.0,1.09999804859155,-2.992957743218565e-06
1292280,0.11971830989674474,2.5224488032566964e-11,0.0,1.09999804859155,-2.992957743222091e-06
1292340,0.11971830989691554,2.5214815822276155e-11,0.0,1.09999804859155,-2.992957743225619e-06
1292400,0.11971830989708644,2.520513277740045e-11,0.0,1.09999804859155,-2.9929577432291505e-06
1292460,0.11971830989725744,2.5195438897939856e-11,0.0,1.09999804859155,-2.9929577432326843e-06
1292520,0.11971830989742854,2.5185734183894372e-11,0.0,1.09999804859155,-2.992957743236221e-06
1292580,0.11971830989759975,2.5176018635263998e-11,0.0,1.09999804859155,-2.992957743239761e-06
1292640,0.11971830989777105,2.5166292252048735e-11,0.0,1.09999804859155,-2.9929577432433035e-06
1292700,0.11971830989794247,2.5156555034248578e-11,0.0,1.09999804859155,-2.992957743246849e-06
1292760,0.11971830989811397,2.514680698186353e-11,0.0,1.09999804859155,-2.9929577432503974e-06
1292820,0.11971830989828558,2.513704809489359e-11,0.0,1.09999804859155,-2.9929577432539486e-06
1292880,0.11971830989845729,2.512727837333876e-11,0.0,1.09999804859155,-2.9929577432575024e-06
1292940,0.11971830989862911,2.511749781719904e-11,0.0,1.09999804859155,-2.9929577432610595e-06
1293000,0.11971830989880101,2.5107706426474428e-11,0.0,1.09999804859155,-2.992957743264619e-06
1293060,0.11971830989897303,2.5097904201164927e-11,0.0,1.09999804859155,-2.9929577432681817e-06
1293120,0.11971830989914516,2.5088091141270533e-11,0.0,1.09999804859155,-2.992957743271747e-06
1293180,0.11971830989931738,2.507826724679125e-11,0.0,1.09999804859155,-2.9929577432753155e-06
1293240,0.1197183098994897,2.5068432517727072e-11,0.0,1.09999804859155,-2.9929577432788866e-06
1293300,0.11971830989966212,2.5058586954078002e-11,0.0,1.09999804859155,-2.9929577432824606e-06
1293360,0.11971830989983465,2.5048730555844043e-11,0.0,1.09999804859155,-2.992957743286037e-06
1293420,0.11971830990000727,2.5038863323025197e-11,0.0,1.09999804859155,-2.992957743289617e-06
1293480,0.11971830990018,2.5028985255621455e-11,0.0,1.09999804859155,-2.9929577432931997e-06
1293540,0.11971830990035283,2.5019096353632827e-11,0.0,1.09999804859155,-2.9929577432967848e-06
1293600,0.11971830990052576,2.5009196617059302e-11,0.0,1.09999804859155,-2.9929577433003732e-06
1293660,0.11971830990069879,2.499928604590089e-11,0.0,1.09999804859155,-2.9929577433039642e-06
1293720,0.11971830990087193,2.4989364640157587e-11,0.0,1.09999804859155,-2.992957743307558e-06
1293780,0.11971830990104516,2.4979432399829393e-11,0.0,1.09999804859155,-2.992957743311155e-06
1293840,0.1197183099012185,2.4969489324916307e-11,0.0,1.09999804859155,-2.9929577433147546e-06
1293900,0.11971830990139194,2.495953541541833e-11,0.0,1.09999804859155,-2.992957743318357e-06
1293960,0.11971830990156548,2.494957067133546e-11,0.0,1.09999804859155,-2.9929577433219624e-06
1294020,0.11971830990173912,2.4939595092667705e-11,0.0,1.09999804859155,-2.9929577433255708e-06
1294080,0.11971830990191287,2.4929608679415053e-11,0.0,1.09999804859155,-2.9929577433291817e-06
1294140,0.1197183099020867,2.4919611431577508e-11,0.0,1.09999804859155,-2.992957743332796e-06
1294200,0.11971830990226066,2.4909603349155077e-11,0.0,1.09999804859155,-2.9929577433364124e-06
1294260,0.1197183099024347,2.4899584432147756e-11,0.0,1.09999804859155,-2.992957743340032e-06
1294320,0.11971830990260886,2.4889554680555542e-11,0.0,1.09999804859155,-2.9929577433436545e-06
1294380,0.11971830990278311,2.4879514094378435e-11,0.0,1.09999804859155,-2.9929577433472802e-06
1294440,0.11971830990295747,2.486946267361644e-11,0.0,1.09999804859155,-2.992957743350908e-06
1294500,0.11971830990313191,2.4859400418269555e-11,0.0,1.09999804859155,-2.9929577433545393e-06
1294560,0.11971830990330648,2.4849327328337776e-11,0.0,1.09999804859155,-2.992957743358173e-06
1294620,0.11971830990348113,2.4839243403821104e-11,0.0,1.09999804859155,-2.99295774336181e-06
1294680,0.1197183099036559,2.4829148644719548e-11,0.0,1.09999804859155,-2.9929577433654495e-06
1294740,0.11971830990383076,2.4819043051033093e-11,0.0,1.09999804859155,-2.9929577433690917e-06
1294800,0.11971830990400571,2.4808926622761755e-11,0.0,1.09999804859155,-2.9929577433727374e-06
1294860,0.11971830990418078,2.479879935990552e-11,0.0,1.09999804859155,-2.9929577433763855e-06
1294920,0.11971830990435595,2.4788661262464397e-11,0.0,1.09999804859155,-2.9929577433800363e-06
1294980,0.11971830990453121,2.4778512330438383e-11,0.0,1.09999804859155,-2.9929577433836904e-06
1295040,0.11971830990470658,2.4768352563827474e-11,0.0,1.09999804859155,-2.992957743387347e-06
1295100,0.11971830990488205,2.4758181962631677e-11,0.0,1.09999804859155,-2.9929577433910066e-06
1295160,0.11971830990505763,2.4748000526850988e-11,0.0,1.09999804859155,-2.992957743394669e-06
1295220,0.1197183099052333,2.473780825648541e-11,0.0,1.09999804859155,-2.9929577433983343e-06
1295280,0.11971830990540908,2.472760515153494e-11,0.0,1.09999804859155,-2.9929577434020024e-06
1295340,0.11971830990558495,2.471739121199958e-11,0.0,1.09999804859155,-2.9929577434056734e-06
1295400,0.11971830990576093,2.4707166437879328e-11,0.0,1.09999804859155,-2.9929577434093474e-06
1295460,0.11971830990593701,2.4696930829174184e-11,0.0,1.09999804859155,-2.992957743413024e-06
1295520,0.1197183099061132,2.4686684385884146e-11,0.0,1.09999804859155,-2.9929577434167035e-06
1295580,0.11971830990628948,2.4676427108009226e-11,0.0,1.09999804859155,-2.992957743420386e-06
1295640,0.11971830990646587,2.4666158995549406e-11,0.0,1.09999804859155,-2.992957743424071e-06
1295700,0.11971830990664235,2.4655880048504703e-11,0.0,1.09999804859155,-2.9929577434277594e-06
1295760,0.11971830990681895,2.46455902668751e-11,0.0,1.09999804859155,-2.9929577434314503e-06
1295820,0.11971830990699563,2.4635289650660615e-11,0.0,1.09999804859155,-2.992957743435144e-06
1295880,0.11971830990717243,2.462497819986123e-11,0.0,1.09999804859155,-2.9929577434388407e-06
1295940,0.11971830990734932,2.4614655914476962e-11,0.0,1.09999804859155,-2.99295774344254e-06
1296000,0.11971830990752631,2.4604322794507797e-11,0.0,1.09999804859155,-2.9929577434462425e-06
1296060,0.11971830990770341,2.4593978839953746e-11,0.0,1.09999804859155,-2.992957743449948e-06
1296120,0.1197183099078806,2.4583624050814803e-11,0.0,1.09999804859155,-2.9929577434536557e-06
1296180,0.1197183099080579,2.4573258427090966e-11,0.0,1.09999804859155,-2.9929577434573666e-06
1296240,0.1197183099082353,2.456288196878224e-11,0.0,1.09999804859155,-2.9929577434610804e-06
1296300,0.11971830990841281,2.4552494675888623e-11,0.0,1.09999804859155,-2.992957743464797e-06
1296360,0.11971830990859042,2.4542096548410114e-11,0.0,1.09999804859155,-2.9929577434685165e-06
1296420,0.11971830990876813,2.4531687586346712e-11,0.0,1.09999804859155,-2.9929577434722388e-06
1296480,0.11971830990894593,2.4521267789698426e-11,0.0,1.09999804859155,-2.992957743475964e-06
1296540,0.11971830990912384,2.4510837158465242e-11,0.0,1.09999804859155,-2.9929577434796922e-06
1296600,0.11971830990930185,2.4500395692647174e-11,0.0,1.09999804859155,-2.992957743483423e-06
1296660,0.11971830990947996,2.4489943392244206e-11,0.0,1.09999804859155,-2.9929577434871567e-06
1296720,0.11971830990965818,2.4479480257256356e-11,0.0,1.09999804859155,-2.9929577434908934e-06
1296780,0.11971830990983649,2.4469006287683606e-11,0.0,1.09999804859155,-2.992957743494633e-06
1296840,0.1197183099100149,2.445852148352597e-11,0.0,1.09999804859155,-2.9929577434983752e-06
1296900,0.11971830991019343,2.4448025844783443e-11,0.0,1.09999804859155,-2.9929577435021204e-06
1296960,0.11971830991037205,2.4437519371456024e-11,0.0,1.09999804859155,-2.9929577435058685e-06
1297020,0.11971830991055077,2.4427002063543715e-11,0.0,1.09999804859155,-2.992957743509619e-06
1297080,0.1197183099107296,2.4416473921046517e-11,0.0,1.09999804859155,-2.992957743513373e-06
1297140,0.11971830991090851,2.4405934943964425e-11,0.0,1.09999804859155,-2.9929577435171294e-06
1297200,0.11971830991108755,2.4395385132297438e-11,0.0,1.09999804859155,-2.992957743520889e-06
1297260,0.11971830991126667,2.438482448604557e-11,0.0,1.09999804859155,-2.992957743524651e-06
1297320,0.1197183099114459,2.43742530052088e-11,0.0,1.09999804859155,-2.9929577435284165e-06
1297380,0.11971830991162523,2.436367068978715e-11,0.0,1.09999804859155,-2.992957743532184e-06
1297440,0.11971830991180467,2.43530775397806e-11,0.0,1.09999804859155,-2.992957743535955e-06
1297500,0.1197183099119842,2.4342473555189167e-11,0.0,1.09999804859155,-2.9929577435397287e-06
1297560,0.11971830991216384,2.4331858736012835e-11,0.0,1.09999804859155,-2.9929577435435056e-06
1297620,0.11971830991234357,2.4321233082251616e-11,0.0,1.09999804859155,-2.9929577435472846e-06
1297680,0.11971830991252341,2.4310596593905504e-11,0.0,1.09999804859155,-2.992957743551067e-06
1297740,0.11971830991270335,2.4299949270974503e-11,0.0,1.09999804859155,-2.992957743554852e-06
1297800,0.1197183099128834,2.4289291113458612e-11,0.0,1.09999804859155,-2.99295774355864e-06
1297860,0.11971830991306354,2.4278622121357828e-11,0.0,1.09999804859155,-2.992957743562431e-06
1297920,0.11971830991324378,2.4267942294672154e-11,0.0,1.09999804859155,-2.9929577435662247e-06
1297980,0.11971830991342414,2.4257251633401587e-11,0.0,1.09999804859155,-2.992957743570021e-06
1298040,0.11971830991360459,2.424655013754613e-11,0.0,1.09999804859155,-2.9929577435738205e-06
1298100,0.11971830991378514,2.4235837807105782e-11,0.0,1.09999804859155,-2.992957743577623e-06
1298160,0.11971830991396579,2.4225114642080546e-11,0.0,1.09999804859155,-2.9929577435814277e-06
1298220,0.11971830991414655,2.4214380642470414e-11,0.0,1.09999804859155,-2.9929577435852355e-06
1298280,0.1197183099143274,2.4203635808275396e-11,0.0,1.09999804859155,-2.9929577435890463e-06
1298340,0.11971830991450835,2.419288013949548e-11,0.0,1.09999804859155,-2.99295774359286e-06
1298400,0.11971830991468942,2.4182113636130683e-11,0.0,1.09999804859155,-2.9929577435966764e-06
1298460,0.11971830991487058,2.4171336298180986e-11,0.0,1.09999804859155,-2.9929577436004956e-06
1298520,0.11971830991505183,2.4160548125646402e-11,0.0,1.09999804859155,-2.992957743604318e-06
1298580,0.1197183099152332,2.4149749118526926e-11,0.0,1.09999804859155,-2.992957743608143e-06
1298640,0.11971830991541466,2.413893927682256e-11,0.0,1.09999804859155,-2.992957743611971e-06
1298700,0.11971830991559623,2.41281186005333e-11,0.0,1.09999804859155,-2.9929577436158015e-06
1298760,0.11971830991577789,2.4117287089659154e-11,0.0,1.09999804859155,-2.992957743619635e-06
1298820,0.11971830991595966,2.4106444744200112e-11,0.0,1.09999804859155,-2.992957743623472e-06
1298880,0.11971830991614153,2.409559156415618e-11,0.0,1.09999804859155,-2.992957743627311e-06
1298940,0.11971830991632351,2.408472754952736e-11,0.0,1.09999804859155,-2.992957743631153e-06
1299000,0.11971830991650559,2.407385270031365e-11,0.0,1.09999804859155,-2.9929577436349983e-06
1299060,0.11971830991668776,2.4062967016515045e-11,0.0,1.09999804859155,-2.992957743638846e-06
1299120,0.11971830991687003,2.4052070498131548e-11,0.0,1.09999804859155,-2.992957743642697e-06
1299180,0.11971830991705242,2.4041163145163164e-11,0.0,1.09999804859155,-2.9929577436465505e-06
1299240,0.1197183099172349,2.4030244957609885e-11,0.0,1.09999804859155,-2.9929577436504066e-06
1299300,0.11971830991741748,2.401931593547172e-11,0.0,1.09999804859155,-2.992957743654266e-06
1299360,0.11971830991760017,2.400837607874866e-11,0.0,1.09999804859155,-2.992957743658128e-06
1299420,0.11971830991778296,2.399742538744071e-11,0.0,1.09999804859155,-2.992957743661993e-06
1299480,0.11971830991796584,2.398646386154787e-11,0.0,1.09999804859155,-2.992957743665861e-06
1299540,0.11971830991814883,2.3975491501070138e-11,0.0,1.09999804859155,-2.9929577436697317e-06
1299600,0.11971830991833192,2.3964508306007514e-11,0.0,1.09999804859155,-2.992957743673605e-06
1299660,0.1197183099185151,2.3953514276360004e-11,0.0,1.09999804859155,-2.9929577436774816e-06
1299720,0.1197183099186984,2.3942509412127597e-11,0.0,1.09999804859155,-2.992957743681361e-06
1299780,0.1197183099188818,2.39314937133103e-11,0.0,1.09999804859155,-2.992957743685243e-06
1299840,0.11971830991906529,2.3920467179908114e-11,0.0,1.09999804859155,-2.992957743689128e-06
1299900,0.1197183099192489,2.3909429811921035e-11,0.0,1.09999804859155,-2.9929577436930158e-06
1299960,0.1197183099194326,2.3898381609349066e-11,0.0,1.09999804859155,-2.992957743696906e-06
1300020,0.11971830991961639,2.3887322572192207e-11,0.0,1.09999804859155,-2.9929577437008e-06
1300080,0.1197183099198003,2.387625270045046e-11,0.0,1.09999804859155,-2.9929577437046964e-06
1300140,0.1197183099199843,2.386517199412381e-11,0.0,1.0999980485915497,-2.9929577437085953e-06
1300200,0.11971830992016841,2.3854080453212284e-11,0.0,1.0999980485915497,-2.9929577437124975e-06
1300260,0.11971830992035262,2.3842978077715856e-11,0.0,1.0999980485915497,-2.9929577437164024e-06
1300320,0.11971830992053693,2.3831864867634543e-11,0.0,1.0999980485915497,-2.99295774372031e-06
1300380,0.11971830992072134,2.3820740822968336e-11,0.0,1.0999980485915497,-2.992957743724221e-06
1300440,0.11971830992090585,2.380960594371724e-11,0.0,1.0999980485915497,-2.992957743728134e-06
1300500,0.11971830992109046,2.379846022988125e-11,0.0,1.0999980485915497,-2.992957743732051e-06
1300560,0.11971830992127518,2.3787303681460372e-11,0.0,1.0999980485915497,-2.9929577437359697e-06
1300620,0.11971830992146,2.3776136298454604e-11,0.0,1.0999980485915497,-2.992957743739892e-06
1300680,0.11971830992164492,2.3764958080863942e-11,0.0,1.0999980485915497,-2.9929577437438166e-06
1300740,0.11971830992182994,2.375376902868839e-11,0.0,1.0999980485915497,-2.9929577437477447e-06
1300800,0.11971830992201506,2.3742569141927947e-11,0.0,1.0999980485915497,-2.992957743751675e-06
1300860,0.11971830992220028,2.3731358420582613e-11,0.0,1.0999980485915497,-2.9929577437556086e-06
1300920,0.11971830992238561,2.3720136864652386e-11,0.0,1.0999980485915497,-2.9929577437595447e-06
1300980,0.11971830992257104,2.3708904474137273e-11,0.0,1.0999980485915497,-2.992957743763484e-06
1301040,0.11971830992275656,2.3697661249037264e-11,0.0,1.0999980485915497,-2.992957743767426e-06
1301100,0.11971830992294219,2.3686407189352368e-11,0.0,1.0999980485915497,-2.992957743771371e-06
1301160,0.11971830992312793,2.3675142295082576e-11,0.0,1.0999980485915497,-2.9929577437753186e-06
1301220,0.11971830992331377,2.3663866566227897e-11,0.0,1.0999980485915497,-2.992957743779269e-06
1301280,0.1197183099234997,2.3652580002788326e-11,0.0,1.0999980485915497,-2.9929577437832227e-06
1301340,0.11971830992368573,2.3641282604763865e-11,0.0,1.0999980485915497,-2.9929577437871787e-06
1301400,0.11971830992387188,2.3629974372154514e-11,0.0,1.0999980485915497,-2.992957743791138e-06
1301460,0.11971830992405812,2.3618655304960267e-11,0.0,1.0999980485915497,-2.9929577437951e-06
1301520,0.11971830992424445,2.3607325403181133e-11,0.0,1.0999980485915497,-2.9929577437990647e-06
1301580,0.1197183099244309,2.3595984666817107e-11,0.0,1.0999980485915497,-2.9929577438030327e-06
1301640,0.11971830992461743,2.3584633095868188e-11,0.0,1.0999980485915497,-2.992957743807003e-06
1301700,0.11971830992480409,2.357327069033438e-11,0.0,1.0999980485915497,-2.9929577438109766e-06
1301760,0.11971830992499083,2.356189745021568e-11,0.0,1.0999980485915497,-2.9929577438149525e-06
1301820,0.11971830992517768,2.355051337551209e-11,0.0,1.0999980485915497,-2.992957743818932e-06
1301880,0.11971830992536463,2.353911846622361e-11,0.0,1.0999980485915497,-2.992957743822914e-06
1301940,0.11971830992555169,2.3527712722350236e-11,0.0,1.0999980485915497,-2.9929577438268987e-06
1302000,0.11971830992573884,2.3516296143891978e-11,0.0,1.0999980485915497,-2.992957743830886e-06
1302060,0.1197183099259261,2.350486873084882e-11,0.0,1.0999980485915497,-2.992957743834877e-06
1302120,0.11971830992611346,2.3493430483220774e-11,0.0,1.0999980485915497,-2.99295774383887e-06
1302180,0.1197183099263009,2.348198140100784e-11,0.0,1.0999980485915497,-2.992957743842866e-06
1302240,0.11971830992648848,2.3470521484210012e-11,0.0,1.0999980485915497,-2.9929577438468653e-06
1302300,0.11971830992667613,2.3459050732827293e-11,0.0,1.0999980485915497,-2.992957743850867e-06
1302360,0.1197183099268639,2.3447569146859684e-11,0.0,1.0999980485915497,-2.992957743854872e-06
1302420,0.11971830992705176,2.3436076726307186e-11,0.0,1.0999980485915497,-2.9929577438588797e-06
1302480,0.11971830992723972,2.3424573471169795e-11,0.0,1.0999980485915497,-2.99295774386289e-06
1302540,0.1197183099274278,2.341305938144751e-11,0.0,1.0999980485915497,-2.9929577438669036e-06
1302600,0.11971830992761597,2.3401534457140336e-11,0.0,1.0999980485915497,-2.99295774387092e-06
1302660,0.11971830992780425,2.3389998698248273e-11,0.0,1.0999980485915497,-2.9929577438749386e-06
1302720,0.11971830992799261,2.3378452104771316e-11,0.0,1.0999980485915497,-2.9929577438789607e-06
1302780,0.11971830992818108,2.3366894676709473e-11,0.0,1.0999980485915497,-2.9929577438829854e-06
1302840,0.11971830992836967,2.3355326414062734e-11,0.0,1.0999980485915497,-2.992957743887013e-06
1302900,0.11971830992855835,2.3343747316831108e-11,0.0,1.0999980485915497,-2.992957743891043e-06
1302960,0.11971830992874713,2.3332157385014586e-11,0.0,1.0999980485915497,-2.9929577438950768e-06
1303020,0.119718309928936,2.3320556618613178e-11,0.0,1.0999980485915497,-2.992957743899113e-06
1303080,0.119718309929125,2.3308945017626876e-11,0.0,1.0999980485915497,-2.992957743903152e-06
1303140,0.11971830992931407,2.3297322582055685e-11,0.0,1.0999980485915497,-2.9929577439071936e-06
1303200,0.11971830992950326,2.3285689311899598e-11,0.0,1.0999980485915497,-2.9929577439112386e-06
1303260,0.11971830992969254,2.3274045207158624e-11,0.0,1.0999980485915497,-2.992957743915286e-06
1303320,0.11971830992988193,2.326239026783276e-11,0.0,1.0999980485915497,-2.992957743919336e-06
1303380,0.11971830993007143,2.3250724493922e-11,0.0,1.0999980485915497,-2.9929577439233897e-06
1303440,0.11971830993026102,2.3239047885426356e-11,0.0,1.0999980485915497,-2.9929577439274457e-06
1303500,0.11971830993045071,2.3227360442345817e-11,0.0,1.0999980485915497,-2.9929577439315047e-06
1303560,0.1197183099306405,2.3215662164680388e-11,0.0,1.0999980485915497,-2.9929577439355666e-06
1303620,0.11971830993083041,2.3203953052430066e-11,0.0,1.0999980485915497,-2.992957743939631e-06
1303680,0.11971830993102041,2.319223310559486e-11,0.0,1.0999980485915497,-2.992957743943699e-06
1303740,0.1197183099312105,2.3180502324174754e-11,0.0,1.0999980485915497,-2.9929577439477694e-06
1303800,0.1197183099314007,2.316876070816976e-11,0.0,1.0999980485915497,-2.9929577439518424e-06
1303860,0.11971830993159101,2.3157008257579877e-11,0.0,1.0999980485915497,-2.9929577439559187e-06
1303920,0.11971830993178141,2.3145244972405103e-11,0.0,1.0999980485915497,-2.9929577439599976e-06
1303980,0.11971830993197193,2.3133470852645437e-11,0.0,1.0999980485915497,-2.9929577439640795e-06
1304040,0.11971830993216252,2.3121685898300878e-11,0.0,1.0999980485915497,-2.992957743968164e-06
1304100,0.11971830993235325,2.310989010937143e-11,0.0,1.0999980485915497,-2.9929577439722516e-06
1304160,0.11971830993254405,2.309808348585709e-11,0.0,1.0999980485915497,-2.992957743976342e-06
1304220,0.11971830993273497,2.308626602775786e-11,0.0,1.0999980485915497,-2.9929577439804352e-06
1304280,0.11971830993292598,2.3074437735073735e-11,0.0,1.0999980485915497,-2.992957743984531e-06
1304340,0.11971830993311709,2.3062598607804724e-11,0.0,1.0999980485915497,-2.99295774398863e-06
1304400,0.11971830993330831,2.305074864595082e-11,0.0,1.0999980485915497,-2.9929577439927316e-06
1304460,0.11971830993349963,2.3038887849512026e-11,0.0,1.0999980485915497,-2.9929577439968363e-06
1304520,0.11971830993369105,2.302701621848834e-11,0.0,1.0999980485915497,-2.992957744000944e-06
1304580,0.11971830993388258,2.3015133752879767e-11,0.0,1.0999980485915497,-2.9929577440050542e-06
1304640,0.1197183099340742,2.3003240452686294e-11,0.0,1.0999980485915497,-2.9929577440091674e-06
1304700,0.11971830993426592,2.299133631790794e-11,0.0,1.0999980485915497,-2.9929577440132836e-06
1304760,0.11971830993445776,2.2979421348544687e-11,0.0,1.0999980485915497,-2.9929577440174023e-06
1304820,0.11971830993464969,2.296749554459655e-11,0.0,1.0999980485915497,-2.992957744021524e-06
1304880,0.11971830993484171,2.2955558906063518e-11,0.0,1.0999980485915497,-2.9929577440256486e-06
1304940,0.11971830993503385,2.2943611432945593e-11,0.0,1.0999980485915497,-2.992957744029776e-06
1305000,0.11971830993522607,2.293165312524278e-11,0.0,1.0999980485915497,-2.9929577440339063e-06
1305060,0.11971830993541842,2.2919683982955076e-11,0.0,1.0999980485915497,-2.9929577440380394e-06
1305120,0.11971830993561085,2.290770400608248e-11,0.0,1.0999980485915497,-2.9929577440421755e-06
1305180,0.11971830993580339,2.2895713194624994e-11,0.0,1.0999980485915497,-2.9929577440463145e-06
1305240,0.11971830993599603,2.2883711548582614e-11,0.0,1.0999980485915497,-2.992957744050456e-06
1305300,0.11971830993618877,2.2871699067955346e-11,0.0,1.0999980485915497,-2.9929577440546006e-06
1305360,0.11971830993638162,2.2859675752743187e-11,0.0,1.0999980485915497,-2.992957744058748e-06
1305420,0.11971830993657456,2.2847641602946136e-11,0.0,1.0999980485915497,-2.9929577440628986e-06
1305480,0.1197183099367676,2.2835596618564195e-11,0.0,1.0999980485915497,-2.9929577440670516e-06
1305540,0.11971830993696075,2.282354079959736e-11,0.0,1.0999980485915497,-2.9929577440712075e-06
1305600,0.119718309937154,2.281147414604564e-11,0.0,1.0999980485915497,-2.9929577440753665e-06
1305660,0.11971830993734736,2.2799396657909023e-11,0.0,1.0999980485915497,-2.992957744079528e-06
1305720,0.1197183099375408,2.278730833518752e-11,0.0,1.0999980485915497,-2.9929577440836924e-06
1305780,0.11971830993773436,2.277520917788112e-11,0.0,1.0999980485915497,-2.9929577440878598e-06
1305840,0.11971830993792802,2.2763099185989835e-11,0.0,1.0999980485915497,-2.99295774409203e-06
1305900,0.11971830993812177,2.2750978359513656e-11,0.0,1.0999980485915497,-2.9929577440962035e-06
1305960,0.11971830993831563,2.2738846698452588e-11,0.0,1.0999980485915497,-2.9929577441003793e-06
1306020,0.1197183099385096,2.2726704202806623e-11,0.0,1.0999980485915497,-2.992957744104558e-06
1306080,0.11971830993870367,2.2714550872575772e-11,0.0,1.0999980485915497,-2.9929577441087396e-06
1306140,0.11971830993889783,2.2702386707760028e-11,0.0,1.0999980485915497,-2.9929577441129243e-06
1306200,0.11971830993909209,2.2690211708359394e-11,0.0,1.0999980485915497,-2.9929577441171116e-06
1306260,0.11971830993928645,2.267802587437387e-11,0.0,1.0999980485915497,-2.992957744121302e-06
1306320,0.11971830993948092,2.2665829205803454e-11,0.0,1.0999980485915497,-2.9929577441254947e-06
1306380,0.1197183099396755,2.2653621702648148e-11,0.0,1.0999980485915497,-2.992957744129691e-06
1306440,0.11971830993987016,2.264140336490795e-11,0.0,1.0999980485915497,-2.9929577441338897e-06
1306500,0.11971830994006494,2.2629174192582864e-11,0.0,1.0999980485915497,-2.9929577441380914e-06
1306560,0.11971830994025981,2.261693418567288e-11,0.0,1.0999980485915497,-2.9929577441422956e-06
1306620,0.11971830994045479,2.260468334417801e-11,0.0,1.0999980485915497,-2.992957744146503e-06
1306680,0.11971830994064987,2.259242166809825e-11,0.0,1.0999980485915497,-2.992957744150713e-06
1306740,0.11971830994084505,2.25801491574336e-11,0.0,1.0999980485915497,-2.992957744154926e-06
1306800,0.11971830994104034,2.2567865812184055e-11,0.0,1.0999980485915497,-2.9929577441591422e-06
1306860,0.11971830994123571,2.255557163234962e-11,0.0,1.0999980485915497,-2.992957744163361e-06
1306920,0.1197183099414312,2.2543266617930292e-11,0.0,1.0999980485915497,-2.9929577441675825e-06
1306980,0.11971830994162679,2.2530950768926073e-11,0.0,1.0999980485915497,-2.9929577441718067e-06
1307040,0.11971830994182248,2.2518624085336967e-11,0.0,1.0999980485915497,-2.992957744176034e-06
1307100,0.11971830994201826,2.250628656716297e-11,0.0,1.0999980485915497,-2.9929577441802643e-06
1307160,0.11971830994221415,2.2493938214404077e-11,0.0,1.0999980485915497,-2.9929577441844973e-06
1307220,0.11971830994241014,2.24815790270603e-11,0.0,1.0999980485915497,-2.9929577441887333e-06
1307280,0.11971830994260624,2.2469209005131625e-11,0.0,1.0999980485915497,-2.992957744192972e-06
1307340,0.11971830994280244,2.245682814861806e-11,0.0,1.0999980485915497,-2.9929577441972134e-06
1307400,0.11971830994299873,2.244443645751961e-11,0.0,1.0999980485915497,-2.992957744201458e-06
1307460,0.11971830994319513,2.2432033931836264e-11,0.0,1.0999980485915497,-2.9929577442057053e-06
1307520,0.11971830994339164,2.2419620571568028e-11,0.0,1.0999980485915497,-2.9929577442099553e-06
1307580,0.11971830994358824,2.2407196376714902e-11,0.0,1.0999980485915497,-2.9929577442142083e-06
1307640,0.11971830994378495,2.2394761347276886e-11,0.0,1.0999980485915497,-2.992957744218464e-06
1307700,0.11971830994398175,2.2382315483253974e-11,0.0,1.0999980485915497,-2.9929577442227227e-06
1307760,0.11971830994417866,2.2369858784646173e-11,0.0,1.0999980485915497,-2.992957744226984e-06
1307820,0.11971830994437566,2.2357391251453485e-11,0.0,1.0999980485915497,-2.9929577442312485e-06
1307880,0.11971830994457278,2.23449128836759e-11,0.0,1.0999980485915497,-2.992957744235516e-06
1307940,0.11971830994476998,2.2332423681313427e-11,0.0,1.0999980485915497,-2.992957744239786e-06
1308000,0.1197183099449673,2.2319923644366063e-11,0.0,1.0999980485915497,-2.992957744244059e-06
1308060,0.11971830994516472,2.230741277283381e-11,0.0,1.0999980485915497,-2.992957744248335e-06
1308120,0.11971830994536223,2.229489106671666e-11,0.0,1.0999980485915497,-2.9929577442526136e-06
1308180,0.11971830994555985,2.2282358526014624e-11,0.0,1.0999980485915497,-2.992957744256895e-06
1308240,0.11971830994575756,2.2269815150727695e-11,0.0,1.0999980485915497,-2.9929577442611792e-06
1308300,0.11971830994595539,2.225726094085588e-11,0.0,1.0999980485915497,-2.9929577442654665e-06
1308360,0.11971830994615332,2.224469589639917e-11,0.0,1.0999980485915497,-2.9929577442697567e-06
1308420,0.11971830994635134,2.2232120017357567e-11,0.0,1.0999980485915497,-2.9929577442740495e-06
1308480,0.11971830994654946,2.2219533303731076e-11,0.0,1.0999980485915497,-2.992957744278345e-06
1308540,0.11971830994674769,2.2206935755519692e-11,0.0,1.0999980485915497,-2.992957744282644e-06
1308600,0.11971830994694602,2.2194327372723416e-11,0.0,1.0999980485915497,-2.992957744286945e-06
1308660,0.11971830994714446,2.2181708155342252e-11,0.0,1.0999980485915497,-2.9929577442912497e-06
1308720,0.11971830994734298,2.2169078103376196e-11,0.0,1.0999980485915497,-2.992957744295557e-06
1308780,0.11971830994754162,2.215643721682525e-11,0.0,1.0999980485915497,-2.992957744299867e-06
1308840,0.11971830994774035,2.214378549568941e-11,0.0,1.0999980485915497,-2.9929577443041797e-06
1308900,0.1197183099479392,2.213112293996868e-11,0.0,1.0999980485915497,-2.9929577443084953e-06
1308960,0.11971830994813813,2.211844954966306e-11,0.0,1.0999980485915497,-2.992957744312814e-06
1309020,0.11971830994833717,2.210576532477255e-11,0.0,1.0999980485915497,-2.9929577443171355e-06
1309080,0.11971830994853631,2.209307026529715e-11,0.0,1.0999980485915497,-2.99295774432146e-06
1309140,0.11971830994873556,2.2080364371236856e-11,0.0,1.0999980485915497,-2.992957744325787e-06
1309200,0.1197183099489349,2.2067647642591672e-11,0.0,1.0999980485915497,-2.992957744330117e-06
1309260,0.11971830994913435,2.2054920079361596e-11,0.0,1.0999980485915497,-2.9929577443344497e-06
1309320,0.1197183099493339,2.204218168154663e-11,0.0,1.0999980485915497,-2.9929577443387857e-06
1309380,0.11971830994953354,2.2029432449146774e-11,0.0,1.0999980485915497,-2.992957744343124e-06
1309440,0.1197183099497333,2.2016672382162022e-11,0.0,1.0999980485915497,-2.9929577443474656e-06
1309500,0.11971830994993315,2.2003901480592386e-11,0.0,1.0999980485915497,-2.9929577443518096e-06
1309560,0.1197183099501331,2.1991119744437855e-11,0.0,1.0999980485915497,-2.992957744356157e-06
1309620,0.11971830995033317,2.1978327173698434e-11,0.0,1.0999980485915497,-2.992957744360507e-06
1309680,0.11971830995053331,2.196552376837412e-11,0.0,1.0999980485915497,-2.99295774436486e-06
1309740,0.11971830995073358,2.1952709528464916e-11,0.0,1.0999980485915497,-2.9929577443692153e-06
1309800,0.11971830995093394,2.1939884453970823e-11,0.0,1.0999980485915497,-2.992957744373574e-06
1309860,0.1197183099511344,2.1927048544891836e-11,0.0,1.0999980485915497,-2.9929577443779355e-06
1309920,0.11971830995133496,2.191420180122796e-11,0.0,1.0999980485915497,-2.9929577443822994e-06
1309980,0.11971830995153564,2.190134422297919e-11,0.0,1.0999980485915497,-2.9929577443866667e-06
1310040,0.1197183099517364,2.1888475810145535e-11,0.0,1.0999980485915497,-2.9929577443910366e-06
1310100,0.11971830995193727,2.1875596562726987e-11,0.0,1.0999980485915497,-2.9929577443954094e-06
1310160,0.11971830995213824,2.1862706480723542e-11,0.0,1.0999980485915497,-2.992957744399785e-06
1310220,0.11971830995233931,2.1849805564135218e-11,0.0,1.0999980485915497,-2.9929577444041635e-06
1310280,0.11971830995254049,2.183689381296199e-11,0.0,1.0999980485915497,-2.9929577444085447e-06
1310340,0.11971830995274177,2.1823971227203877e-11,0.0,1.0999980485915497,-2.992957744412929e-06
1310400,0.11971830995294314,2.1811037806860873e-11,0.0,1.0999980485915497,-2.992957744417316e-06
1310460,0.11971830995314461,2.179809355193298e-11,0.0,1.0999980485915497,-2.992957744421706e-06
1310520,0.1197183099533462,2.1785138462420194e-11,0.0,1.0999980485915497,-2.992957744426099e-06
1310580,0.11971830995354789,2.1772172538322515e-11,0.0,1.0999980485915497,-2.9929577444304943e-06
1310640,0.11971830995374967,2.1759195779639946e-11,0.0,1.0999980485915497,-2.992957744434893e-06
1310700,0.11971830995395155,2.1746208186372488e-11,0.0,1.0999980485915497,-2.992957744439294e-06
1310760,0.11971830995415354,2.1733209758520133e-11,0.0,1.0999980485915497,-2.9929577444436983e-06
1310820,0.11971830995435563,2.1720200496082892e-11,0.0,1.0999980485915497,-2.9929577444481054e-06
1310880,0.11971830995455782,2.1707180399060762e-11,0.0,1.0999980485915497,-2.9929577444525155e-06
1310940,0.11971830995476011,2.1694149467453738e-11,0.0,1.0999980485915497,-2.992957744456928e-06
1311000,0.1197183099549625,2.1681107701261825e-11,0.0,1.0999980485915497,-2.9929577444613437e-06
1311060,0.119718309955165,2.1668055100485018e-11,0.0,1.0999980485915497,-2.9929577444657622e-06
1311120,0.11971830995536759,2.1654991665123326e-11,0.0,1.0999980485915497,-2.9929577444701833e-06
1311180,0.11971830995557028,2.1641917395176733e-11,0.0,1.0999980485915497,-2.992957744474608e-06
1311240,0.1197183099557731,2.1628832290645258e-11,0.0,1.0999980485915497,-2.992957744479035e-06
1311300,0.11971830995597599,2.161573635152889e-11,0.0,1.0999980485915497,-2.9929577444834644e-06
1311360,0.11971830995617899,2.1602629577827628e-11,0.0,1.0999980485915497,-2.9929577444878973e-06
1311420,0.1197183099563821,2.1589511969541474e-11,0.0,1.0999980485915497,-2.992957744492333e-06
1311480,0.1197183099565853,2.1576383526670433e-11,0.0,1.0999980485915497,-2.9929577444967713e-06
1311540,0.11971830995678862,2.15632442492145e-11,0.0,1.0999980485915497,-2.9929577445012123e-06
1311600,0.11971830995699202,2.1550094137173676e-11,0.0,1.0999980485915497,-2.9929577445056566e-06
1311660,0.11971830995719553,2.153693319054796e-11,0.0,1.0999980485915497,-2.9929577445101036e-06
1311720,0.11971830995739914,2.152376140933735e-11,0.0,1.0999980485915497,-2.9929577445145535e-06
1311780,0.11971830995760285,2.1510578793541855e-11,0.0,1.0999980485915497,-2.992957744519006e-06
1311840,0.11971830995780668,2.1497385343161467e-11,0.0,1.0999980485915497,-2.9929577445234617e-06
1311900,0.11971830995801058,2.1484181058196188e-11,0.0,1.0999980485915497,-2.99295774452792e-06
1311960,0.1197183099582146,2.1470965938646017e-11,0.0,1.0999980485915497,-2.9929577445323814e-06
1312020,0.11971830995841873,2.1457739984510956e-11,0.0,1.0999980485915497,-2.9929577445368453e-06
1312080,0.11971830995862295,2.1444503195791002e-11,0.0,1.0999980485915497,-2.992957744541312e-06
1312140,0.11971830995882728,2.143125557248616e-11,0.0,1.0999980485915497,-2.992957744545782e-06
1312200,0.1197183099590317,2.1417997114596425e-11,0.0,1.0999980485915497,-2.9929577445502546e-06
1312260,0.11971830995923623,2.14047278221218e-11,0.0,1.0999980485915497,-2.9929577445547304e-06
1312320,0.11971830995944086,2.1391447695062283e-11,0.0,1.0999980485915497,-2.9929577445592086e-06
1312380,0.11971830995964558,2.1378156733417874e-11,0.0,1.0999980485915497,-2.99295774456369e-06
1312440,0.11971830995985042,2.1364854937188576e-11,0.0,1.0999980485915497,-2.992957744568174e-06
1312500,0.11971830996005535,2.1351542306374384e-11,0.0,1.0999980485915497,-2.9929577445726608e-06
1312560,0.11971830996026038,2.1338218840975303e-11,0.0,1.0999980485915497,-2.9929577445771505e-06
1312620,0.11971830996046552,2.1324884540991332e-11,0.0,1.0999980485915497,-2.992957744581643e-06
1312680,0.11971830996067075,2.1311539406422468e-11,0.0,1.0999980485915497,-2.9929577445861388e-06
1312740,0.1197183099608761,2.1298183437268715e-11,0.0,1.0999980485915497,-2.992957744590637e-06
1312800,0.11971830996108153,2.1284816633530075e-11,0.0,1.0999980485915497,-2.992957744595138e-06
1312860,0.11971830996128707,2.1271438995206535e-11,0.0,1.0999980485915497,-2.992957744599642e-06
1312920,0.11971830996149271,2.125805052229811e-11,0.0,1.0999980485915497,-2.9929577446041492e-06
1312980,0.11971830996169847,2.1244651214804794e-11,0.0,1.0999980485915497,-2.992957744608659e-06
1313040,0.11971830996190432,2.1231241072726585e-11,0.0,1.0999980485915497,-2.9929577446131714e-06
1313100,0.11971830996211026,2.1217820096063484e-11,0.0,1.0999980485915497,-2.992957744617687e-06
1313160,0.1197183099623163,2.120438828481549e-11,0.0,1.0999980485915497,-2.992957744622205e-06
1313220,0.11971830996252246,2.1190945638982608e-11,0.0,1.0999980485915497,-2.9929577446267265e-06
1313280,0.11971830996272871,2.1177492158564838e-11,0.0,1.0999980485915497,-2.9929577446312505e-06
1313340,0.11971830996293507,2.1164027843562174e-11,0.0,1.0999980485915497,-2.992957744635777e-06
1313400,0.11971830996314153,2.1150552693974618e-11,0.0,1.0999980485915497,-2.992957744640307e-06
1313460,0.11971830996334809,2.1137066709802172e-11,0.0,1.0999980485915497,-2.9929577446448394e-06
1313520,0.11971830996355474,2.1123569891044836e-11,0.0,1.0999980485915497,-2.992957744649375e-06
1313580,0.11971830996376151,2.111006223770261e-11,0.0,1.0999980485915497,-2.9929577446539133e-06
1313640,0.11971830996396837,2.109654374977549e-11,0.0,1.0999980485915497,-2.992957744658454e-06
1313700,0.11971830996417533,2.108301442726348e-11,0.0,1.0999980485915497,-2.992957744662998e-06
1313760,0.1197183099643824,2.1069474270166576e-11,0.0,1.0999980485915497,-2.992957744667545e-06
1313820,0.11971830996458957,2.1055923278484785e-11,0.0,1.0999980485915497,-2.992957744672095e-06
1313880,0.11971830996479683,2.1042361452218105e-11,0.0,1.0999980485915497,-2.992957744676647e-06
1313940,0.11971830996500421,2.102878879136653e-11,0.0,1.0999980485915497,-2.9929577446812025e-06
1314000,0.11971830996521168,2.1015205295930065e-11,0.0,1.0999980485915497,-2.992957744685761e-06
1314060,0.11971830996541925,2.100161096590871e-11,0.0,1.0999980485915497,-2.992957744690322e-06
1314120,0.11971830996562693,2.0988005801302463e-11,0.0,1.0999980485915497,-2.992957744694886e-06
1314180,0.11971830996583471,2.0974389802111324e-11,0.0,1.0999980485915497,-2.9929577446994527e-06
1314240,0.11971830996604259,2.0960762968335292e-11,0.0,1.0999980485915497,-2.9929577447040224e-06
1314300,0.11971830996625057,2.0947125299974374e-11,0.0,1.0999980485915497,-2.9929577447085947e-06
1314360,0.11971830996645866,2.0933476797028563e-11,0.0,1.0999980485915497,-2.99295774471317e-06
1314420,0.11971830996666684,2.0919817459497862e-11,0.0,1.0999980485915497,-2.992957744717748e-06
1314480,0.11971830996687512,2.090614728738227e-11,0.0,1.0999980485915497,-2.9929577447223294e-06
1314540,0.1197183099670835,2.0892466280681782e-11,0.0,1.0999980485915497,-2.9929577447269135e-06
1314600,0.119718309967292,2.0878774439396412e-11,0.0,1.0999980485915497,-2.9929577447315e-06
1314660,0.11971830996750059,2.0865071763526143e-11,0.0,1.0999980485915497,-2.99295774473609e-06
1314720,0.11971830996770928,2.0851358253070987e-11,0.0,1.0999980485915497,-2.992957744740682e-06
1314780,0.11971830996791807,2.083763390803094e-11,0.0,1.0999980485915497,-2.9929577447452776e-06
1314840,0.11971830996812696,2.0823898728406e-11,0.0,1.0999980485915497,-2.9929577447498757e-06
1314900,0.11971830996833596,2.081015271419617e-11,0.0,1.0999980485915497,-2.992957744754477e-06
1314960,0.11971830996854506,2.079639586540145e-11,0.0,1.0999980485915497,-2.9929577447590804e-06
1315020,0.11971830996875427,2.0782628182021837e-11,0.0,1.0999980485915497,-2.9929577447636874e-06
1315080,0.11971830996896357,2.0768849664057336e-11,0.0,1.0999980485915497,-2.992957744768297e-06
1315140,0.11971830996917297,2.075506031150794e-11,0.0,1.0999980485915497,-2.9929577447729095e-06
1315200,0.11971830996938247,2.0741260124373657e-11,0.0,1.0999980485915497,-2.9929577447775246e-06
1315260,0.11971830996959208,2.072744910265448e-11,0.0,1.0999980485915497,-2.992957744782143e-06
1315320,0.11971830996980179,2.0713627246350412e-11,0.0,1.0999980485915497,-2.992957744786764e-06
1315380,0.1197183099700116,2.069979455546145e-11,0.0,1.0999980485915497,-2.9929577447913875e-06
1315440,0.11971830997022151,2.06859510299876e-11,0.0,1.0999980485915497,-2.9929577447960145e-06
1315500,0.11971830997043152,2.0672096669928863e-11,0.0,1.0999980485915497,-2.992957744800644e-06
1315560,0.11971830997064163,2.0658231475285232e-11,0.0,1.0999980485915497,-2.9929577448052763e-06
1315620,0.11971830997085185,2.0644355446056712e-11,0.0,1.0999980485915497,-2.9929577448099117e-06
1315680,0.11971830997106217,2.0630468582243298e-11,0.0,1.0999980485915497,-2.9929577448145497e-06
1315740,0.11971830997127259,2.061657088384499e-11,0.0,1.0999980485915497,-2.9929577448191906e-06
1315800,0.11971830997148311,2.06026623508618e-11,0.0,1.0999980485915497,-2.9929577448238344e-06
1315860,0.11971830997169373,2.0588742983293713e-11,0.0,1.0999980485915497,-2.9929577448284812e-06
1315920,0.11971830997190445,2.0574812781140734e-11,0.0,1.0999980485915497,-2.9929577448331306e-06
1315980,0.11971830997211527,2.0560871744402868e-11,0.0,1.0999980485915497,-2.992957744837783e-06
1316040,0.1197183099723262,2.0546919873080107e-11,0.0,1.0999980485915497,-2.9929577448424382e-06
1316100,0.11971830997253723,2.053295716717246e-11,0.0,1.0999980485915497,-2.9929577448470965e-06
1316160,0.11971830997274836,2.0518983626679915e-11,0.0,1.0999980485915497,-2.9929577448517573e-06
1316220,0.1197183099729596,2.0504999251602484e-11,0.0,1.0999980485915497,-2.992957744856421e-06
1316280,0.11971830997317093,2.049100404194016e-11,0.0,1.0999980485915497,-2.9929577448610878e-06
1316340,0.11971830997338236,2.0476997997692944e-11,0.0,1.0999980485915497,-2.9929577448657575e-06
1316400,0.1197183099735939,2.046298111886084e-11,0.0,1.0999980485915497,-2.9929577448704297e-06
1316460,0.11971830997380553,2.0448953405443845e-11,0.0,1.0999980485915497,-2.992957744875105e-06
1316520,0.11971830997401728,2.043491485744196e-11,0.0,1.0999980485915497,-2.992957744879783e-06
1316580,0.11971830997422912,2.042086547485518e-11,0.0,1.0999980485915497,-2.9929577448844638e-06
1316640,0.11971830997444106,2.040680525768351e-11,0.0,1.0999980485915497,-2.992957744889148e-06
1316700,0.1197183099746531,2.039273420592695e-11,0.0,1.0999980485915497,-2.992957744893834e-06
1316760,0.11971830997486525,2.0378652319585497e-11,0.0,1.0999980485915497,-2.9929577448985237e-06
1316820,0.1197183099750775,2.0364559598659156e-11,0.0,1.0999980485915497,-2.9929577449032162e-06
1316880,0.11971830997528984,2.0350456043147923e-11,0.0,1.0999980485915497,-2.9929577449079113e-06
1316940,0.1197183099755023,2.0336341653051796e-11,0.0,1.0999980485915497,-2.9929577449126094e-06
1317000,0.11971830997571485,2.0322216428370783e-11,0.0,1.0999980485915497,-2.99295774491731e-06
1317060,0.1197183099759275,2.0308080369104877e-11,0.0,1.0999980485915497,-2.992957744922014e-06
1317120,0.11971830997614026,2.029393347525408e-11,0.0,1.0999980485915497,-2.9929577449267205e-06
1317180,0.11971830997635312,2.027977574681839e-11,0.0,1.0999980485915497,-2.99295774493143e-06
1317240,0.11971830997656607,2.0265607183797812e-11,0.0,1.0999980485915497,-2.992957744936142e-06
1317300,0.11971830997677914,2.025142778619234e-11,0.0,1.0999980485915497,-2.9929577449408575e-06
1317360,0.1197183099769923,2.023723755400198e-11,0.0,1.0999980485915497,-2.9929577449455755e-06
1317420,0.11971830997720556,2.022303648722673e-11,0.0,1.0999980485915497,-2.992957744950296e-06
1317480,0.11971830997741893,2.0208824585866586e-11,0.0,1.0999980485915497,-2.99295774495502e-06
1317540,0.11971830997763239,2.019460184992155e-11,0.0,1.0999980485915497,-2.9929577449597464e-06
1317600,0.11971830997784597,2.0180368279391626e-11,0.0,1.0999980485915497,-2.9929577449644758e-06
1317660,0.11971830997805963,2.016612387427681e-11,0.0,1.0999980485915497,-2.992957744969208e-06
1317720,0.1197183099782734,2.01518686345771e-11,0.0,1.0999980485915497,-2.9929577449739435e-06
1317780,0.11971830997848727,2.01376025602925e-11,0.0,1.0999980485915497,-2.9929577449786814e-06
1317840,0.11971830997870125,2.0123325651423012e-11,0.0,1.0999980485915497,-2.992957744983422e-06
1317900,0.11971830997891533,2.010903790796863e-11,0.0,1.0999980485915497,-2.9929577449881656e-06
1317960,0.11971830997912951,2.0094739329929357e-11,0.0,1.0999980485915497,-2.9929577449929124e-06
1318020,0.11971830997934378,2.0080429917305196e-11,0.0,1.0999980485915497,-2.9929577449976617e-06
1318080,0.11971830997955817,2.0066109670096143e-11,0.0,1.0999980485915497,-2.992957745002414e-06
1318140,0.11971830997977265,2.0051778588302196e-11,0.0,1.0999980485915497,-2.992957745007169e-06
1318200,0.11971830997998723,2.0037436671923363e-11,0.0,1.0999980485915497,-2.992957745011927e-06
1318260,0.11971830998020191,2.0023083920959638e-11,0.0,1.0999980485915497,-2.9929577450166877e-06
1318320,0.1197183099804167,2.000872033541102e-11,0.0,1.0999980485915497,-2.9929577450214514e-06
1318380,0.1197183099806316,1.999434591527751e-11,0.0,1.0999980485915497,-2.9929577450262177e-06
1318440,0.11971830998084658,1.9979960660559112e-11,0.0,1.0999980485915497,-2.9929577450309873e-06
1318500,0.11971830998106167,1.996556457125582e-11,0.0,1.0999980485915497,-2.9929577450357595e-06
1318560,0.11971830998127687,1.995115764736764e-11,0.0,1.0999980485915497,-2.9929577450405347e-06
1318620,0.11971830998149216,1.9936739888894567e-11,0.0,1.0999980485915497,-2.9929577450453124e-06
1318680,0.11971830998170756,1.9922311295836603e-11,0.0,1.0999980485915497,-2.992957745050093e-06
1318740,0.11971830998192307,1.990787186819375e-11,0.0,1.0999980485915497,-2.9929577450548766e-06
1318800,0.11971830998213866,1.9893421605966e-11,0.0,1.0999980485915497,-2.992957745059663e-06
1318860,0.11971830998235436,1.9878960509153365e-11,0.0,1.0999980485915497,-2.9929577450644528e-06
1318920,0.11971830998257016,1.9864488577755837e-11,0.0,1.0999980485915497,-2.992957745069245e-06
1318980,0.11971830998278607,1.985000581177342e-11,0.0,1.0999980485915497,-2.99295774507404e-06
1319040,0.11971830998300208,1.9835512211206107e-11,0.0,1.0999980485915497,-2.9929577450788375e-06
1319100,0.11971830998321818,1.982100777605391e-11,0.0,1.0999980485915497,-2.9929577450836385e-06
1319160,0.1197183099834344,1.9806492506316818e-11,0.0,1.0999980485915497,-2.992957745088442e-06
1319220,0.11971830998365071,1.9791966401994838e-11,0.0,1.0999980485915497,-2.9929577450932485e-06
1319280,0.11971830998386712,1.9777429463087964e-11,0.0,1.0999980485915497,-2.9929577450980575e-06
1319340,0.11971830998408363,1.9762881689596198e-11,0.0,1.0999980485915497,-2.99295774510287e-06
1319400,0.11971830998430025,1.9748323081519542e-11,0.0,1.0999980485915497,-2.992957745107685e-06
1319460,0.11971830998451696,1.9733753638857993e-11,0.0,1.0999980485915497,-2.992957745112503e-06
1319520,0.11971830998473379,1.9719173361611555e-11,0.0,1.0999980485915497,-2.9929577451173233e-06
1319580,0.11971830998495071,1.970458224978023e-11,0.0,1.0999980485915497,-2.992957745122147e-06
1319640,0.11971830998516773,1.968998030336401e-11,0.0,1.0999980485915497,-2.9929577451269735e-06
1319700,0.11971830998538485,1.9675367522362897e-11,0.0,1.0999980485915497,-2.9929577451318025e-06
1319760,0.11971830998560208,1.9660743906776896e-11,0.0,1.0999980485915497,-2.9929577451366348e-06
1319820,0.11971830998581941,1.9646109456606003e-11,0.0,1.0999980485915497,-2.9929577451414696e-06
1319880,0.11971830998603683,1.9631464171850216e-11,0.0,1.0999980485915497,-2.9929577451463075e-06
1319940,0.11971830998625436,1.9616808052509543e-11,0.0,1.0999980485915497,-2.9929577451511483e-06
1320000,0.119718309986472,1.9602141098583977e-11,0.0,1.0999980485915497,-2.9929577451559916e-06
1320060,0.11971830998668972,1.958746331007352e-11,0.0,1.0999980485915497,-2.9929577451608383e-06
1320120,0.11971830998690756,1.9572774686978173e-11,0.0,1.0999980485915497,-2.9929577451656876e-06
1320180,0.1197183099871255,1.9558075229297938e-11,0.0,1.0999980485915497,-2.9929577451705394e-06
1320240,0.11971830998734354,1.9543364937032807e-11,0.0,1.0999980485915497,-2.9929577451753946e-06
1320300,0.11971830998756168,1.9528643810182782e-11,0.0,1.0999980485915497,-2.9929577451802523e-06
1320360,0.11971830998777992,1.9513911848747875e-11,0.0,1.0999980485915497,-2.992957745185113e-06
1320420,0.11971830998799826,1.9499169052728068e-11,0.0,1.0999980485915497,-2.9929577451899763e-06
1320480,0.11971830998821671,1.9484415422123375e-11,0.0,1.0999980485915497,-2.992957745194843e-06
1320540,0.11971830998843526,1.946965095693379e-11,0.0,1.0999980485915497,-2.992957745199712e-06
1320600,0.1197183099886539,1.9454875657159316e-11,0.0,1.0999980485915497,-2.9929577452045838e-06
1320660,0.11971830998887266,1.944008952279995e-11,0.0,1.0999980485915497,-2.992957745209459e-06
1320720,0.11971830998909151,1.9425292553855692e-11,0.0,1.0999980485915497,-2.9929577452143365e-06
1320780,0.11971830998931046,1.941048475032654e-11,0.0,1.0999980485915497,-2.992957745219217e-06
1320840,0.11971830998952951,1.9395666112212502e-11,0.0,1.0999980485915497,-2.9929577452241007e-06
1320900,0.11971830998974867,1.938083663951357e-11,0.0,1.0999980485915497,-2.992957745228987e-06
1320960,0.11971830998996792,1.9365996332229748e-11,0.0,1.0999980485915497,-2.9929577452338763e-06
1321020,0.11971830999018729,1.9351145190361037e-11,0.0,1.0999980485915497,-2.9929577452387683e-06
1321080,0.11971830999040675,1.933628321390743e-11,0.0,1.0999980485915497,-2.9929577452436633e-06
1321140,0.11971830999062631,1.9321410402868938e-11,0.0,1.0999980485915497,-2.992957745248561e-06
1321200,0.11971830999084597,1.930652675724555e-11,0.0,1.0999980485915497,-2.9929577452534614e-06
1321260,0.11971830999106574,1.9291632277037273e-11,0.0,1.0999980485915497,-2.992957745258365e-06
1321320,0.1197183099912856,1.9276726962244105e-11,0.0,1.0999980485915497,-2.9929577452632713e-06
1321380,0.11971830999150557,1.926181081286605e-11,0.0,1.0999980485915497,-2.9929577452681803e-06
1321440,0.11971830999172564,1.9246883828903095e-11,0.0,1.0999980485915497,-2.9929577452730922e-06
1321500,0.11971830999194581,1.9231946010355254e-11,0.0,1.0999980485915497,-2.992957745278007e-06
1321560,0.1197183099921661,1.9216997357222524e-11,0.0,1.0999980485915497,-2.992957745282925e-06
1321620,0.11971830999238646,1.92020378695049e-11,0.0,1.0999980485915497,-2.9929577452878454e-06
1321680,0.11971830999260694,1.9187067547202387e-11,0.0,1.0999980485915497,-2.992957745292769e-06
1321740,0.11971830999282752,1.917208639031498e-11,0.0,1.0999980485915497,-2.992957745297695e-06
1321800,0.1197183099930482,1.9157094398842688e-11,0.0,1.0999980485915497,-2.992957745302624e-06
1321860,0.11971830999326898,1.9142091572785496e-11,0.0,1.0999980485915497,-2.9929577453075563e-06
1321920,0.11971830999348987,1.912707791214342e-11,0.0,1.0999980485915497,-2.992957745312491e-06
1321980,0.11971830999371084,1.9112053416916453e-11,0.0,1.0999980485915497,-2.992957745317429e-06
1322040,0.11971830999393193,1.9097018087104592e-11,0.0,1.0999980485915497,-2.992957745322369e-06
1322100,0.11971830999415312,1.908197192270784e-11,0.0,1.0999980485915497,-2.9929577453273125e-06
1322160,0.11971830999437441,1.90669149237262e-11,0.0,1.0999980485915497,-2.9929577453322587e-06
1322220,0.1197183099945958,1.9051847090159667e-11,0.0,1.0999980485915497,-2.992957745337208e-06
1322280,0.11971830999481729,1.903676842200824e-11,0.0,1.0999980485915497,-2.9929577453421597e-06
1322340,0.1197183099950389,1.9021678919271924e-11,0.0,1.0999980485915497,-2.992957745347115e-06
1322400,0.11971830999526058,1.9006578581950722e-11,0.0,1.0999980485915497,-2.992957745352072e-06
1322460,0.11971830999548239,1.8991467410044623e-11,0.0,1.0999980485915497,-2.9929577453570328e-06
1322520,0.11971830999570428,1.897634540355363e-11,0.0,1.0999980485915497,-2.992957745361996e-06
1322580,0.11971830999592628,1.8961212562477757e-11,0.0,1.0999980485915497,-2.9929577453669625e-06
1322640,0.11971830999614838,1.8946068886816986e-11,0.0,1.0999980485915497,-2.9929577453719312e-06
1322700,0.11971830999637059,1.893091437657132e-11,0.0,1.0999980485915497,-2.9929577453769033e-06
1322760,0.11971830999659289,1.891574903174077e-11,0.0,1.0999980485915497,-2.992957745381878e-06
1322820,0.11971830999681529,1.8900572852325328e-11,0.0,1.0999980485915497,-2.9929577453868555e-06
1322880,0.11971830999703781,1.8885385838324995e-11,0.0,1.0999980485915497,-2.992957745391836e-06
1322940,0.11971830999726042,1.887018798973977e-11,0.0,1.0999980485915497,-2.9929577453968196e-06
1323000,0.11971830999748313,1.8854979306569653e-11,0.0,1.0999980485915497,-2.9929577454018056e-06
1323060,0.11971830999770594,1.8839759788814647e-11,0.0,1.0999980485915497,-2.9929577454067947e-06
1323120,0.11971830999792886,1.8824529436474746e-11,0.0,1.0999980485915497,-2.9929577454117867e-06
1323180,0.11971830999815188,1.8809288249549958e-11,0.0,1.0999980485915497,-2.992957745416781e-06
1323240,0.11971830999837499,1.8794036228040276e-11,0.0,1.0999980485915497,-2.9929577454217787e-06
1323300,0.11971830999859821,1.8778773371945706e-11,0.0,1.0999980485915497,-2.992957745426779e-06
1323360,0.11971830999882153,1.8763499681266242e-11,0.0,1.0999980485915497,-2.9929577454317826e-06
1323420,0.11971830999904495,1.8748215156001892e-11,0.0,1.0999980485915497,-2.992957745436789e-06
1323480,0.11971830999926848,1.873291979615265e-11,0.0,1.0999980485915497,-2.992957745441798e-06
1323540,0.11971830999949211,1.8717613601718513e-11,0.0,1.0999980485915497,-2.9929577454468098e-06
1323600,0.11971830999971583,1.8702296572699484e-11,0.0,1.0999980485915497,-2.9929577454518242e-06
1323660,0.11971830999993967,1.868696870909557e-11,0.0,1.0999980485915497,-2.992957745456842e-06
1323720,0.11971831000016359,1.867163001090676e-11,0.0,1.0999980485915497,-2.9929577454618624e-06
1323780,0.11971831000038763,1.865628047813306e-11,0.0,1.0999980485915497,-2.9929577454668857e-06
1323840,0.11971831000061176,1.864092011077447e-11,0.0,1.0999980485915497,-2.9929577454719116e-06
1323900,0.11971831000083599,1.862554890883099e-11,0.0,1.0999980485915497,-2.9929577454769404e-06
1323960,0.11971831000106033,1.8610166872302617e-11,0.0,1.0999980485915497,-2.9929577454819722e-06
1324020,0.11971831000128477,1.859477400118935e-11,0.0,1.0999980485915497,-2.992957745487007e-06
1324080,0.11971831000150931,1.8579370295491197e-11,0.0,1.0999980485915497,-2.9929577454920447e-06
1324140,0.11971831000173395,1.856395575520815e-11,0.0,1.0999980485915497,-2.992957745497085e-06
1324200,0.11971831000195869,1.854853038034022e-11,0.0,1.0999980485915497,-2.9929577455021282e-06
1324260,0.11971831000218354,1.8533094170887387e-11,0.0,1.0999980485915497,-2.9929577455071744e-06
1324320,0.11971831000240848,1.851764712684967e-11,0.0,1.0999980485915497,-2.992957745512223e-06
1324380,0.11971831000263354,1.850218924822706e-11,0.0,1.0999980485915497,-2.992957745517275e-06
1324440,0.11971831000285868,1.848672053501956e-11,0.0,1.0999980485915497,-2.9929577455223295e-06
1324500,0.11971831000308393,1.847124098722717e-11,0.0,1.0999980485915497,-2.992957745527387e-06
1324560,0.11971831000330929,1.8455750604849885e-11,0.0,1.0999980485915497,-2.9929577455324474e-06
1324620,0.11971831000353475,1.8440249387887715e-11,0.0,1.0999980485915497,-2.992957745537511e-06
1324680,0.1197183100037603,1.842473733634065e-11,0.0,1.0999980485915497,-2.9929577455425766e-06
1324740,0.11971831000398596,1.8409214450208693e-11,0.0,1.0999980485915497,-2.9929577455476457e-06
1324800,0.11971831000421172,1.8393680729491848e-11,0.0,1.0999980485915497,-2.9929577455527173e-06
1324860,0.11971831000443758,1.837813617419011e-11,0.0,1.0999980485915497,-2.9929577455577923e-06
1324920,0.11971831000466354,1.836258078430348e-11,0.0,1.0999980485915497,-2.9929577455628694e-06
1324980,0.11971831000488961,1.8347014559831963e-11,0.0,1.0999980485915497,-2.99295774556795e-06
1325040,0.11971831000511578,1.8331437500775552e-11,0.0,1.0999980485915497,-2.992957745573033e-06
1325100,0.11971831000534204,1.8315849607134248e-11,0.0,1.0999980485915495,-2.992957745578119e-06
1325160,0.1197183100055684,1.8300250878908055e-11,0.0,1.0999980485915495,-2.992957745583208e-06
1325220,0.11971831000579487,1.8284641316096975e-11,0.0,1.0999980485915495,-2.9929577455883e-06
1325280,0.11971831000602146,1.8269020918701e-11,0.0,1.0999980485915495,-2.9929577455933943e-06
1325340,0.11971831000624812,1.8253389686720133e-11,0.0,1.0999980485915495,-2.9929577455984918e-06
1325400,0.1197183100064749,1.8237747620154377e-11,0.0,1.0999980485915495,-2.992957745603592e-06
1325460,0.11971831000670177,1.822209471900373e-11,0.0,1.0999980485915495,-2.992957745608695e-06
1325520,0.11971831000692876,1.820643098326819e-11,0.0,1.0999980485915495,-2.992957745613801e-06
1325580,0.11971831000715584,1.819075641294776e-11,0.0,1.0999980485915495,-2.99295774561891e-06
1325640,0.11971831000738302,1.817507100804244e-11,0.0,1.0999980485915495,-2.9929577456240218e-06
1325700,0.1197183100076103,1.8159374768552228e-11,0.0,1.0999980485915495,-2.992957745629136e-06
1325760,0.11971831000783768,1.8143667694477124e-11,0.0,1.0999980485915495,-2.9929577456342535e-06
1325820,0.11971831000806517,1.8127949785817134e-11,0.0,1.0999980485915495,-2.992957745639374e-06
1325880,0.11971831000829276,1.8112221042572248e-11,0.0,1.0999980485915495,-2.992957745644497e-06
1325940,0.11971831000852044,1.8096481464742472e-11,0.0,1.0999980485915495,-2.992957745649623e-06
1326000,0.11971831000874825,1.8080731052327807e-11,0.0,1.0999980485915495,-2.9929577456547517e-06
1326060,0.11971831000897613,1.8064969805328248e-11,0.0,1.0999980485915495,-2.9929577456598835e-06
1326120,0.11971831000920413,1.80491977237438e-11,0.0,1.0999980485915495,-2.992957745665018e-06
1326180,0.11971831000943223,1.8033414807574456e-11,0.0,1.0999980485915495,-2.9929577456701554e-06
1326240,0.11971831000966042,1.8017621056820228e-11,0.0,1.0999980485915495,-2.9929577456752956e-06
1326300,0.11971831000988872,1.8001816471481108e-11,0.0,1.0999980485915495,-2.992957745680439e-06
1326360,0.11971831001011712,1.7986001051557094e-11,0.0,1.0999980485915495,-2.9929577456855846e-06
1326420,0.11971831001034562,1.797017479704819e-11,0.0,1.0999980485915495,-2.9929577456907332e-06
1326480,0.11971831001057423,1.7954337707954395e-11,0.0,1.0999980485915495,-2.992957745695885e-06
1326540,0.11971831001080294,1.793848978427571e-11,0.0,1.0999980485915495,-2.9929577457010395e-06
1326600,0.11971831001103174,1.792263102601213e-11,0.0,1.0999980485915495,-2.992957745706197e-06
1326660,0.11971831001126065,1.7906761433163665e-11,0.0,1.0999980485915495,-2.9929577457113572e-06
1326720,0.11971831001148966,1.7890881005730307e-11,0.0,1.0999980485915495,-2.9929577457165203e-06
1326780,0.11971831001171877,1.7874989743712056e-11,0.0,1.0999980485915495,-2.992957745721686e-06
1326840,0.11971831001194798,1.7859087647108915e-11,0.0,1.0999980485915495,-2.992957745726855e-06
1326900,0.1197183100121773,1.7843174715920885e-11,0.0,1.0999980485915495,-2.9929577457320265e-06
1326960,0.11971831001240672,1.782725095014796e-11,0.0,1.0999980485915495,-2.992957745737201e-06
1327020,0.11971831001263623,1.7811316349790148e-11,0.0,1.0999980485915495,-2.992957745742378e-06
1327080,0.11971831001286586,1.7795370914847442e-11,0.0,1.0999980485915495,-2.9929577457475586e-06
1327140,0.11971831001309557,1.7779414645319846e-11,0.0,1.0999980485915495,-2.9929577457527416e-06
1327200,0.1197183100133254,1.776344754120736e-11,0.0,1.0999980485915495,-2.992957745757927e-06
1327260,0.11971831001355532,1.774746960250998e-11,0.0,1.0999980485915495,-2.992957745763116e-06
1327320,0.11971831001378536,1.7731480829227714e-11,0.0,1.0999980485915495,-2.9929577457683075e-06
1327380,0.11971831001401548,1.7715481221360553e-11,0.0,1.0999980485915495,-2.992957745773502e-06
1327440,0.11971831001424571,1.7699470778908503e-11,0.0,1.0999980485915495,-2.9929577457786993e-06
1327500,0.11971831001447604,1.7683449501871562e-11,0.0,1.0999980485915495,-2.9929577457838997e-06
1327560,0.11971831001470647,1.766741739024973e-11,0.0,1.0999980485915495,-2.9929577457891026e-06
1327620,0.119718310014937,1.7651374444043003e-11,0.0,1.0999980485915495,-2.9929577457943084e-06
1327680,0.11971831001516764,1.763532066325139e-11,0.0,1.0999980485915495,-2.992957745799517e-06
1327740,0.11971831001539839,1.7619256047874884e-11,0.0,1.0999980485915495,-2.9929577458047286e-06
1327800,0.11971831001562921,1.7603180597913485e-11,0.0,1.0999980485915495,-2.992957745809943e-06
1327860,0.11971831001586015,1.75870943133672e-11,0.0,1.0999980485915495,-2.9929577458151603e-06
1327920,0.1197183100160912,1.7570997194236016e-11,0.0,1.0999980485915495,-2.9929577458203805e-06
1327980,0.11971831001632234,1.7554889240519948e-11,0.0,1.0999980485915495,-2.9929577458256033e-06
1328040,0.11971831001655359,1.7538770452218987e-11,0.0,1.0999980485915495,-2.992957745830829e-06
1328100,0.11971831001678494,1.7522640829333137e-11,0.0,1.0999980485915495,-2.992957745836058e-06
1328160,0.11971831001701638,1.7506500371862394e-11,0.0,1.0999980485915495,-2.9929577458412895e-06
1328220,0.11971831001724793,1.7490349079806757e-11,0.0,1.0999980485915495,-2.9929577458465238e-06
1328280,0.11971831001747958,1.7474186953166235e-11,0.0,1.0999980485915495,-2.992957745851761e-06
1328340,0.11971831001771134,1.745801399194082e-11,0.0,1.0999980485915495,-2.992957745857001e-06
1328400,0.1197183100179432,1.744183019613051e-11,0.0,1.0999980485915495,-2.992957745862244e-06
1328460,0.11971831001817515,1.7425635565735315e-11,0.0,1.0999980485915495,-2.99295774586749e-06
1328520,0.11971831001840721,1.7409430100755224e-11,0.0,1.0999980485915495,-2.9929577458727386e-06
1328580,0.11971831001863938,1.7393213801190246e-11,0.0,1.0999980485915495,-2.9929577458779898e-06
1328640,0.11971831001887163,1.7376986667040373e-11,0.0,1.0999980485915495,-2.9929577458832444e-06
1328700,0.11971831001910399,1.7360748698305612e-11,0.0,1.0999980485915495,-2.9929577458885015e-06
1328760,0.11971831001933646,1.734449989498596e-11,0.0,1.0999980485915495,-2.9929577458937615e-06
1328820,0.11971831001956902,1.7328240257081413e-11,0.0,1.0999980485915495,-2.9929577458990246e-06
1328880,0.1197183100198017,1.731196978459198e-11,0.0,1.0999980485915495,-2.99295774590429e-06
1328940,0.11971831002003447,1.7295688477517654e-11,0.0,1.0999980485915495,-2.9929577459095587e-06
1329000,0.11971831002026734,1.7279396335858436e-11,0.0,1.0999980485915495,-2.9929577459148302e-06
1329060,0.1197183100205003,1.7263093359614324e-11,0.0,1.0999980485915495,-2.9929577459201047e-06
1329120,0.11971831002073338,1.7246779548785326e-11,0.0,1.0999980485915495,-2.9929577459253817e-06
1329180,0.11971831002096656,1.7230454903371435e-11,0.0,1.0999980485915495,-2.9929577459306617e-06
1329240,0.11971831002119983,1.7214119423372658e-11,0.0,1.0999980485915495,-2.9929577459359446e-06
1329300,0.11971831002143321,1.7197773108788988e-11,0.0,1.0999980485915495,-2.9929577459412305e-06
1329360,0.11971831002166669,1.7181415959620425e-11,0.0,1.0999980485915495,-2.992957745946519e-06
1329420,0.11971831002190028,1.7165047975866968e-11,0.0,1.0999980485915495,-2.9929577459518104e-06
1329480,0.11971831002213396,1.7148669157528623e-11,0.0,1.0999980485915495,-2.9929577459571048e-06
1329540,0.11971831002236774,1.7132279504605387e-11,0.0,1.0999980485915495,-2.9929577459624017e-06
1329600,0.11971831002260164,1.711587901709726e-11,0.0,1.0999980485915495,-2.992957745967702e-06
1329660,0.11971831002283562,1.709946769500424e-11,0.0,1.0999980485915495,-2.992957745973005e-06
1329720,0.11971831002306971,1.7083045538326332e-11,0.0,1.0999980485915495,-2.9929577459783102e-06
1329780,0.1197183100233039,1.706661254706353e-11,0.0,1.0999980485915495,-2.992957745983619e-06
1329840,0.1197183100235382,1.7050168721215838e-11,0.0,1.0999980485915495,-2.9929577459889303e-06
1329900,0.11971831002377259,1.7033714060783257e-11,0.0,1.0999980485915495,-2.9929577459942446e-06
1329960,0.11971831002400708,1.7017248565765784e-11,0.0,1.0999980485915495,-2.992957745999562e-06
1330020,0.11971831002424169,1.7000772236163418e-11,0.0,1.0999980485915495,-2.9929577460048817e-06
1330080,0.11971831002447639,1.6984285071976165e-11,0.0,1.0999980485915495,-2.9929577460102044e-06
1330140,0.11971831002471119,1.696778707320402e-11,0.0,1.0999980485915495,-2.99295774601553e-06
1330200,0.11971831002494608,1.695127823984698e-11,0.0,1.0999980485915495,-2.992957746020859e-06
1330260,0.11971831002518109,1.6934758571905053e-11,0.0,1.0999980485915495,-2.99295774602619e-06
1330320,0.11971831002541619,1.6918228069378235e-11,0.0,1.0999980485915495,-2.9929577460315242e-06
1330380,0.1197183100256514,1.6901686732266525e-11,0.0,1.0999980485915495,-2.9929577460368614e-06
1330440,0.11971831002588672,1.6885134560569924e-11,0.0,1.0999980485915495,-2.992957746042201e-06
1330500,0.11971831002612213,1.686857155428843e-11,0.0,1.0999980485915495,-2.992957746047544e-06
1330560,0.11971831002635763,1.6851997713422044e-11,0.0,1.0999980485915495,-2.99295774605289e-06
1330620,0.11971831002659325,1.6835413037970775e-11,0.0,1.0999980485915495,-2.9929577460582384e-06
1330680,0.11971831002682896,1.6818817527934606e-11,0.0,1.0999980485915495,-2.9929577460635895e-06
1330740,0.11971831002706479,1.680221118331355e-11,0.0,1.0999980485915495,-2.9929577460689436e-06
1330800,0.1197183100273007,1.6785594004107602e-11,0.0,1.0999980485915495,-2.9929577460743007e-06
1330860,0.11971831002753672,1.6768965990316767e-11,0.0,1.0999980485915495,-2.9929577460796607e-06
1330920,0.11971831002777285,1.6752327141941036e-11,0.0,1.0999980485915495,-2.9929577460850233e-06
1330980,0.11971831002800906,1.6735677458980415e-11,0.0,1.0999980485915495,-2.9929577460903892e-06
1331040,0.11971831002824539,1.6719016941434904e-11,0.0,1.0999980485915495,-2.9929577460957577e-06
1331100,0.11971831002848182,1.67023455893045e-11,0.0,1.0999980485915495,-2.9929577461011288e-06
1331160,0.11971831002871834,1.6685663402589208e-11,0.0,1.0999980485915495,-2.992957746106503e-06
1331220,0.11971831002895497,1.6668970381289025e-11,0.0,1.0999980485915495,-2.99295774611188e-06
1331280,0.11971831002919171,1.665226652540395e-11,0.0,1.0999980485915495,-2.99295774611726e-06
1331340,0.11971831002942854,1.663555183493398e-11,0.0,1.0999980485915495,-2.9929577461226425e-06
1331400,0.11971831002966547,1.6618826309879122e-11,0.0,1.0999980485915495,-2.9929577461280284e-06
1331460,0.11971831002990252,1.6602089950239377e-11,0.0,1.0999980485915495,-2.992957746133417e-06
1331520,0.11971831003013965,1.6585342756014736e-11,0.0,1.0999980485915495,-2.9929577461388077e-06
1331580,0.11971831003037689,1.6568584727205206e-11,0.0,1.0999980485915495,-2.992957746144202e-06
1331640,0.11971831003061423,1.6551815863810785e-11,0.0,1.0999980485915495,-2.992957746149599e-06
1331700,0.11971831003085168,1.6535036165831472e-11,0.0,1.0999980485915495,-2.9929577461549988e-06
1331760,0.11971831003108922,1.6518245633267266e-11,0.0,1.0999980485915495,-2.9929577461604016e-06
1331820,0.11971831003132687,1.6501444266118173e-11,0.0,1.0999980485915495,-2.9929577461658073e-06
1331880,0.1197183100315646,1.6484632064384187e-11,0.0,1.0999980485915495,-2.9929577461712157e-06
1331940,0.11971831003180246,1.6467809028065312e-11,0.0,1.0999980485915495,-2.992957746176627e-06
1332000,0.1197183100320404,1.6450975157161543e-11,0.0,1.0999980485915495,-2.992957746182041e-06
1332060,0.11971831003227847,1.643413045167289e-11,0.0,1.0999980485915495,-2.992957746187458e-06
1332120,0.11971831003251662,1.6417274911599334e-11,0.0,1.0999980485915495,-2.9929577461928777e-06
1332180,0.11971831003275488,1.6400408536940897e-11,0.0,1.0999980485915495,-2.9929577461983004e-06
1332240,0.11971831003299323,1.6383531327697567e-11,0.0,1.0999980485915495,-2.992957746203726e-06
1332300,0.11971831003323169,1.636664328386934e-11,0.0,1.0999980485915495,-2.9929577462091543e-06
1332360,0.11971831003347025,1.6349744405456227e-11,0.0,1.0999980485915495,-2.9929577462145854e-06
1332420,0.1197183100337089,1.633283469245822e-11,0.0,1.0999980485915495,-2.9929577462200196e-06
1332480,0.11971831003394767,1.631591414487533e-11,0.0,1.0999980485915495,-2.9929577462254567e-06
1332540,0.11971831003418654,1.629898276270754e-11,0.0,1.0999980485915495,-2.9929577462308963e-06
1332600,0.1197183100344255,1.6282040545954865e-11,0.0,1.0999980485915495,-2.992957746236339e-06
1332660,0.11971831003466457,1.6265087494617294e-11,0.0,1.0999980485915495,-2.9929577462417845e-06
1332720,0.11971831003490374,1.6248123608694836e-11,0.0,1.0999980485915495,-2.9929577462472326e-06
1332780,0.11971831003514301,1.6231148888187485e-11,0.0,1.0999980485915495,-2.992957746252684e-06
1332840,0.11971831003538239,1.6214163333095242e-11,0.0,1.0999980485915495,-2.992957746258138e-06
1332900,0.11971831003562186,1.6197166943418112e-11,0.0,1.0999980485915495,-2.9929577462635948e-06
1332960,0.11971831003586143,1.618015971915609e-11,0.0,1.0999980485915495,-2.9929577462690547e-06
1333020,0.11971831003610112,1.6163141660309173e-11,0.0,1.0999980485915495,-2.9929577462745172e-06
1333080,0.1197183100363409,1.6146112766877364e-11,0.0,1.0999980485915495,-2.9929577462799827e-06
1333140,0.11971831003658077,1.612907303886067e-11,0.0,1.0999980485915495,-2.992957746285451e-06
1333200,0.11971831003682075,1.611202247625908e-11,0.0,1.0999980485915495,-2.992957746290922e-06
1333260,0.11971831003706083,1.6094961079072606e-11,0.0,1.0999980485915495,-2.992957746296396e-06
1333320,0.11971831003730103,1.607788884730123e-11,0.0,1.0999980485915495,-2.992957746301873e-06
1333380,0.11971831003754131,1.606080578094497e-11,0.0,1.0999980485915495,-2.992957746307353e-06
1333440,0.1197183100377817,1.604371188000382e-11,0.0,1.0999980485915495,-2.9929577463128353e-06
1333500,0.11971831003802219,1.6026607144477777e-11,0.0,1.0999980485915495,-2.9929577463183207e-06
1333560,0.11971831003826279,1.6009491574366845e-11,0.0,1.0999980485915495,-2.992957746323809e-06
1333620,0.11971831003850347,1.599236516967102e-11,0.0,1.0999980485915495,-2.9929577463293004e-06
1333680,0.11971831003874427,1.5975227930390303e-11,0.0,1.0999980485915495,-2.9929577463347942e-06
1333740,0.11971831003898517,1.5958079856524698e-11,0.0,1.0999980485915495,-2.992957746340291e-06
1333800,0.11971831003922617,1.5940920948074196e-11,0.0,1.0999980485915495,-2.992957746345791e-06
1333860,0.11971831003946727,1.5923751205038812e-11,0.0,1.0999980485915495,-2.9929577463512936e-06
1333920,0.11971831003970847,1.590657062741853e-11,0.0,1.0999980485915495,-2.992957746356799e-06
1333980,0.11971831003994977,1.588937921521336e-11,0.0,1.0999980485915495,-2.992957746362307e-06
1334040,0.11971831004019118,1.5872176968423297e-11,0.0,1.0999980485915495,-2.9929577463678184e-06
1334100,0.11971831004043268,1.5854963887048344e-11,0.0,1.0999980485915495,-2.992957746373332e-06
1334160,0.11971831004067429,1.58377399710885e-11,0.0,1.0999980485915495,-2.992957746378849e-06
1334220,0.119718310040916,1.5820505220543765e-11,0.0,1.0999980485915495,-2.9929577463843685e-06
1334280,0.11971831004115781,1.580325963541414e-11,0.0,1.0999980485915495,-2.992957746389891e-06
1334340,0.11971831004139973,1.5786003215699624e-11,0.0,1.0999980485915495,-2.9929577463954164e-06
1334400,0.11971831004164174,1.5768735961400213e-11,0.0,1.0999980485915495,-2.9929577464009445e-06
1334460,0.11971831004188385,1.5751457872515918e-11,0.0,1.0999980485915495,-2.9929577464064757e-06
1334520,0.11971831004212607,1.5734168949046724e-11,0.0,1.0999980485915495,-2.9929577464120098e-06
1334580,0.1197183100423684,1.5716869190992644e-11,0.0,1.0999980485915495,-2.9929577464175464e-06
1334640,0.11971831004261081,1.5699558598353677e-11,0.0,1.0999980485915495,-2.992957746423086e-06
1334700,0.11971831004285334,1.568223717112981e-11,0.0,1.0999980485915495,-2.9929577464286285e-06
1334760,0.11971831004309595,1.5664904909321057e-11,0.0,1.0999980485915495,-2.992957746434174e-06
1334820,0.11971831004333869,1.564756181292741e-11,0.0,1.0999980485915495,-2.992957746439722e-06
1334880,0.11971831004358151,1.5630207881948876e-11,0.0,1.0999980485915495,-2.992957746445273e-06
1334940,0.11971831004382444,1.5612843116385448e-11,0.0,1.0999980485915495,-2.992957746450827e-06
1335000,0.11971831004406747,1.559546751623713e-11,0.0,1.0999980485915495,-2.992957746456384e-06
1335060,0.1197183100443106,1.5578081081503922e-11,0.0,1.0999980485915495,-2.9929577464619436e-06
1335120,0.11971831004455383,1.556068381218582e-11,0.0,1.0999980485915495,-2.992957746467506e-06
1335180,0.11971831004479717,1.554327570828283e-11,0.0,1.0999980485915495,-2.9929577464730715e-06
1335240,0.1197183100450406,1.5525856769794947e-11,0.0,1.0999980485915495,-2.9929577464786395e-06
1335300,0.11971831004528415,1.5508426996722177e-11,0.0,1.0999980485915495,-2.9929577464842104e-06
1335360,0.11971831004552778,1.549098638906451e-11,0.0,1.0999980485915495,-2.9929577464897843e-06
1335420,0.11971831004577152,1.547353494682196e-11,0.0,1.0999980485915495,-2.992957746495361e-06
1335480,0.11971831004601537,1.545607266999451e-11,0.0,1.0999980485915495,-2.9929577465009406e-06
1335540,0.11971831004625931,1.5438599558582175e-11,0.0,1.0999980485915495,-2.992957746506523e-06
1335600,0.11971831004650337,1.5421115612584947e-11,0.0,1.0999980485915495,-2.9929577465121083e-06
1335660,0.1197183100467475,1.5403620832002826e-11,0.0,1.0999980485915495,-2.9929577465176966e-06
1335720,0.11971831004699175,1.5386115216835818e-11,0.0,1.0999980485915495,-2.9929577465232874e-06
1335780,0.11971831004723611,1.5368598767083915e-11,0.0,1.0999980485915495,-2.9929577465288812e-06
1335840,0.11971831004748056,1.5351071482747124e-11,0.0,1.0999980485915495,-2.992957746534478e-06
1335900,0.11971831004772511,1.533353336382544e-11,0.0,1.0999980485915495,-2.9929577465400777e-06
1335960,0.11971831004796978,1.5315984410318865e-11,0.0,1.0999980485915495,-2.99295774654568e-06
1336020,0.11971831004821452,1.52984246222274e-11,0.0,1.0999980485915495,-2.9929577465512853e-06
1336080,0.11971831004845938,1.5280853999551044e-11,0.0,1.0999980485915495,-2.9929577465568935e-06
1336140,0.11971831004870434,1.5263272542289796e-11,0.0,1.0999980485915495,-2.9929577465625042e-06
1336200,0.11971831004894941,1.524568025044366e-11,0.0,1.0999980485915495,-2.9929577465681183e-06
1336260,0.11971831004919457,1.522807712401263e-11,0.0,1.0999980485915495,-2.992957746573735e-06
1336320,0.11971831004943984,1.521046316299671e-11,0.0,1.0999980485915495,-2.9929577465793542e-06
1336380,0.11971831004968521,1.51928383673959e-11,0.0,1.0999980485915495,-2.992957746584977e-06
1336440,0.11971831004993067,1.5175202737210196e-11,0.0,1.0999980485915495,-2.992957746590602e-06
1336500,0.11971831005017625,1.5157556272439603e-11,0.0,1.0999980485915495,-2.99295774659623e-06
1336560,0.11971831005042191,1.513989897308412e-11,0.0,1.0999980485915495,-2.9929577466018608e-06
1336620,0.11971831005066769,1.5122230839143744e-11,0.0,1.0999980485915495,-2.992957746607495e-06
1336680,0.11971831005091356,1.510455187061848e-11,0.0,1.0999980485915495,-2.9929577466131314e-06
1336740,0.11971831005115954,1.508686206750832e-11,0.0,1.0999980485915495,-2.992957746618771e-06
1336800,0.11971831005140561,1.5069161429813273e-11,0.0,1.0999980485915495,-2.992957746624413e-06
1336860,0.11971831005165179,1.5051449957533335e-11,0.0,1.0999980485915495,-2.9929577466300585e-06
1336920,0.11971831005189808,1.5033727650668504e-11,0.0,1.0999980485915495,-2.9929577466357065e-06
1336980,0.11971831005214446,1.501599450921878e-11,0.0,1.0999980485915495,-2.9929577466413575e-06
1337040,0.11971831005239095,1.499825053318417e-11,0.0,1.0999980485915495,-2.992957746647011e-06
1337100,0.11971831005263753,1.4980495722564668e-11,0.0,1.0999980485915495,-2.992957746652668e-06
1337160,0.11971831005288422,1.4962730077360272e-11,0.0,1.0999980485915495,-2.9929577466583274e-06
1337220,0.11971831005313101,1.4944953597570986e-11,0.0,1.0999980485915495,-2.9929577466639893e-06
1337280,0.1197183100533779,1.492716628319681e-11,0.0,1.0999980485915495,-2.9929577466696547e-06
1337340,0.11971831005362489,1.4909368134237743e-11,0.0,1.0999980485915495,-2.9929577466753227e-06
1337400,0.11971831005387198,1.4891559150693785e-11,0.0,1.0999980485915495,-2.9929577466809935e-06
1337460,0.11971831005411918,1.4873739332564937e-11,0.0,1.0999980485915495,-2.9929577466866674e-06
1337520,0.11971831005436648,1.4855908679851193e-11,0.0,1.0999980485915495,-2.9929577466923438e-06
1337580,0.11971831005461388,1.4838067192552563e-11,0.0,1.0999980485915495,-2.992957746698023e-06
1337640,0.11971831005486137,1.482021487066904e-11,0.0,1.0999980485915495,-2.9929577467037055e-06
1337700,0.11971831005510898,1.480235171420063e-11,0.0,1.0999980485915495,-2.9929577467093907e-06
1337760,0.11971831005535669,1.4784477723147324e-11,0.0,1.0999980485915495,-2.9929577467150786e-06
1337820,0.11971831005560449,1.476659289750913e-11,0.0,1.0999980485915495,-2.9929577467207694e-06
1337880,0.11971831005585239,1.4748697237286043e-11,0.0,1.0999980485915495,-2.992957746726463e-06
1337940,0.1197183100561004,1.4730790742478062e-11,0.0,1.0999980485915495,-2.99295774673216e-06
1338000,0.1197183100563485,1.4712873413085194e-11,0.0,1.0999980485915495,-2.992957746737859e-06
1338060,0.11971831005659672,1.4694945249107436e-11,0.0,1.0999980485915495,-2.9929577467435613e-06
1338120,0.11971831005684504,1.4677006250544786e-11,0.0,1.0999980485915495,-2.9929577467492665e-06
1338180,0.11971831005709345,1.4659056417397246e-11,0.0,1.0999980485915495,-2.9929577467549747e-06
1338240,0.11971831005734196,1.4641095749664812e-11,0.0,1.0999980485915495,-2.9929577467606854e-06
1338300,0.11971831005759058,1.4623124247347486e-11,0.0,1.0999980485915495,-2.992957746766399e-06
1338360,0.1197183100578393,1.4605141910445274e-11,0.0,1.0999980485915495,-2.9929577467721156e-06
1338420,0.11971831005808813,1.4587148738958168e-11,0.0,1.0999980485915495,-2.992957746777835e-06
1338480,0.11971831005833705,1.4569144732886173e-11,0.0,1.0999980485915495,-2.992957746783557e-06
1338540,0.11971831005858607,1.4551129892229285e-11,0.0,1.0999980485915495,-2.992957746789282e-06
1338600,0.1197183100588352,1.4533104216987507e-11,0.0,1.0999980485915495,-2.99295774679501e-06
1338660,0.11971831005908443,1.4515067707160836e-11,0.0,1.0999980485915495,-2.9929577468007407e-06
1338720,0.11971831005933375,1.4497020362749276e-11,0.0,1.0999980485915495,-2.9929577468064747e-06
1338780,0.11971831005958318,1.4478962183752825e-11,0.0,1.0999980485915495,-2.992957746812211e-06
1338840,0.11971831005983272,1.4460893170171482e-11,0.0,1.0999980485915495,-2.9929577468179503e-06
1338900,0.11971831006008235,1.444281332200525e-11,0.0,1.0999980485915495,-2.9929577468236923e-06
1338960,0.11971831006033208,1.4424722639254124e-11,0.0,1.0999980485915495,-2.9929577468294378e-06
1339020,0.11971831006058192,1.4406621121918108e-11,0.0,1.0999980485915495,-2.9929577468351853e-06
1339080,0.11971831006083186,1.4388508769997203e-11,0.0,1.0999980485915495,-2.9929577468409362e-06
1339140,0.1197183100610819,1.4370385583491405e-11,0.0,1.0999980485915495,-2.9929577468466897e-06
1339200,0.11971831006133205,1.4352251562400715e-11,0.0,1.0999980485915495,-2.992957746852446e-06
1339260,0.11971831006158229,1.4334106706725136e-11,0.0,1.0999980485915495,-2.9929577468582055e-06
1339320,0.11971831006183263,1.4315951016464666e-11,0.0,1.0999980485915495,-2.992957746863968e-06
1339380,0.11971831006208307,1.4297784491619304e-11,0.0,1.0999980485915495,-2.992957746869733e-06
1339440,0.11971831006233362,1.4279607132189052e-11,0.0,1.0999980485915495,-2.9929577468755007e-06
1339500,0.11971831006258428,1.4261418938173908e-11,0.0,1.0999980485915495,-2.9929577468812715e-06
1339560,0.11971831006283502,1.4243219909573874e-11,0.0,1.0999980485915495,-2.992957746887045e-06
1339620,0.11971831006308588,1.4225010046388949e-11,0.0,1.0999980485915495,-2.9929577468928212e-06
1339680,0.11971831006333683,1.420678934861913e-11,0.0,1.0999980485915495,-2.9929577468986005e-06
1339740,0.1197183100635879,1.4188557816264422e-11,0.0,1.0999980485915495,-2.992957746904383e-06
1339800,0.11971831006383904,1.4170315449324824e-11,0.0,1.0999980485915495,-2.9929577469101676e-06
1339860,0.11971831006409031,1.4152062247800335e-11,0.0,1.0999980485915495,-2.992957746915956e-06
1339920,0.11971831006434167,1.4133798211690953e-11,0.0,1.0999980485915495,-2.9929577469217466e-06
1339980,0.11971831006459313,1.4115523340996683e-11,0.0,1.0999980485915495,-2.99295774692754e-06
1340040,0.1197183100648447,1.409723763571752e-11,0.0,1.0999980485915495,-2.992957746933336e-06
1340100,0.11971831006509635,1.4078941095853467e-11,0.0,1.0999980485915495,-2.9929577469391357e-06
1340160,0.11971831006534812,1.4060633721404522e-11,0.0,1.0999980485915495,-2.9929577469449375e-06
1340220,0.11971831006559999,1.4042315512370686e-11,0.0,1.0999980485915495,-2.9929577469507426e-06
1340280,0.11971831006585196,1.402398646875196e-11,0.0,1.0999980485915495,-2.9929577469565503e-06
1340340,0.11971831006610403,1.400564659054834e-11,0.0,1.0999980485915495,-2.992957746962361e-06
1340400,0.1197183100663562,1.3987295877759832e-11,0.0,1.0999980485915495,-2.9929577469681746e-06
1340460,0.11971831006660848,1.3968934330386431e-11,0.0,1.0999980485915495,-2.992957746973991e-06
1340520,0.11971831006686086,1.3950561948428141e-11,0.0,1.0999980485915495,-2.9929577469798102e-06
1340580,0.11971831006711334,1.3932178731884961e-11,0.0,1.0999980485915495,-2.9929577469856323e-06
1340640,0.11971831006736591,1.3913784680756888e-11,0.0,1.0999980485915495,-2.9929577469914574e-06
1340700,0.1197183100676186,1.3895379795043924e-11,0.0,1.0999980485915495,-2.992957746997285e-06
1340760,0.11971831006787138,1.387696407474607e-11,0.0,1.0999980485915495,-2.9929577470031155e-06
1340820,0.11971831006812426,1.3858537519863323e-11,0.0,1.0999980485915495,-2.992957747008949e-06
1340880,0.11971831006837726,1.3840100130395686e-11,0.0,1.0999980485915495,-2.9929577470147855e-06
1340940,0.11971831006863035,1.3821651906343158e-11,0.0,1.0999980485915495,-2.9929577470206245e-06
1341000,0.11971831006888353,1.3803192847705739e-11,0.0,1.0999980485915495,-2.9929577470264665e-06
1341060,0.11971831006913683,1.378472295448343e-11,0.0,1.0999980485915495,-2.9929577470323115e-06
1341120,0.11971831006939021,1.376624222667623e-11,0.0,1.0999980485915495,-2.9929577470381594e-06
1341180,0.11971831006964372,1.3747750664284138e-11,0.0,1.0999980485915495,-2.99295774704401e-06
1341240,0.1197183100698973,1.3729248267307153e-11,0.0,1.0999980485915495,-2.9929577470498633e-06
1341300,0.119718310070151,1.371073503574528e-11,0.0,1.0999980485915495,-2.9929577470557196e-06
1341360,0.1197183100704048,1.3692210969598515e-11,0.0,1.0999980485915495,-2.992957747061579e-06
1341420,0.11971831007065871,1.367367606886686e-11,0.0,1.0999980485915495,-2.992957747067441e-06
1341480,0.1197183100709127,1.3655130333550311e-11,0.0,1.0999980485915495,-2.9929577470733057e-06
1341540,0.1197183100711668,1.3636573763648873e-11,0.0,1.0999980485915495,-2.9929577470791736e-06
1341600,0.11971831007142102,1.3618006359162546e-11,0.0,1.0999980485915495,-2.992957747085044e-06
1341660,0.11971831007167533,1.3599428120091325e-11,0.0,1.0999980485915495,-2.9929577470909177e-06
1341720,0.11971831007192973,1.3580839046435215e-11,0.0,1.0999980485915495,-2.992957747096794e-06
1341780,0.11971831007218424,1.3562239138194211e-11,0.0,1.0999980485915495,-2.992957747102673e-06
1341840,0.11971831007243885,1.3543628395368318e-11,0.0,1.0999980485915495,-2.992957747108555e-06
1341900,0.11971831007269357,1.3525006817957536e-11,0.0,1.0999980485915495,-2.9929577471144398e-06
1341960,0.11971831007294838,1.350637440596186e-11,0.0,1.0999980485915495,-2.9929577471203275e-06
1342020,0.1197183100732033,1.3487731159381295e-11,0.0,1.0999980485915495,-2.992957747126218e-06
1342080,0.11971831007345832,1.3469077078215837e-11,0.0,1.0999980485915495,-2.9929577471321114e-06
1342140,0.11971831007371343,1.3450412162465489e-11,0.0,1.0999980485915495,-2.9929577471380076e-06
1342200,0.11971831007396866,1.3431736412130251e-11,0.0,1.0999980485915495,-2.9929577471439068e-06
1342260,0.11971831007422398,1.341304982721012e-11,0.0,1.0999980485915495,-2.992957747149809e-06
1342320,0.1197183100744794,1.3394352407705099e-11,0.0,1.0999980485915495,-2.9929577471557136e-06
1342380,0.11971831007473493,1.3375644153615187e-11,0.0,1.0999980485915495,-2.992957747161621e-06
1342440,0.11971831007499056,1.3356925064940384e-11,0.0,1.0999980485915495,-2.992957747167532e-06
1342500,0.11971831007524629,1.3338195141680689e-11,0.0,1.0999980485915495,-2.992957747173445e-06
1342560,0.11971831007550211,1.3319454383836105e-11,0.0,1.0999980485915495,-2.9929577471793615e-06
1342620,0.11971831007575805,1.3300702791406628e-11,0.0,1.0999980485915495,-2.9929577471852805e-06
1342680,0.11971831007601408,1.3281940364392261e-11,0.0,1.0999980485915495,-2.992957747191202e-06
1342740,0.11971831007627022,1.3263167102793002e-11,0.0,1.0999980485915495,-2.992957747197127e-06
1342800,0.11971831007652646,1.3244383006608854e-11,0.0,1.0999980485915495,-2.9929577472030547e-06
1342860,0.1197183100767828,1.3225588075839814e-11,0.0,1.0999980485915495,-2.992957747208985e-06
1342920,0.11971831007703923,1.3206782310485884e-11,0.0,1.0999980485915495,-2.9929577472149186e-06
1342980,0.11971831007729578,1.318796571054706e-11,0.0,1.0999980485915495,-2.9929577472208546e-06
1343040,0.11971831007755242,1.3169138276023348e-11,0.0,1.0999980485915495,-2.9929577472267936e-06
1343100,0.11971831007780917,1.3150300006914745e-11,0.0,1.0999980485915495,-2.9929577472327356e-06
1343160,0.11971831007806602,1.313145090322125e-11,0.0,1.0999980485915495,-2.9929577472386805e-06
1343220,0.11971831007832297,1.3112590964942863e-11,0.0,1.0999980485915495,-2.992957747244628e-06
1343280,0.11971831007858001,1.3093720192079586e-11,0.0,1.0999980485915495,-2.9929577472505783e-06
1343340,0.11971831007883717,1.3074838584631418e-11,0.0,1.0999980485915495,-2.9929577472565317e-06
1343400,0.11971831007909442,1.3055946142598358e-11,0.0,1.0999980485915495,-2.992957747262488e-06
1343460,0.11971831007935177,1.3037042865980407e-11,0.0,1.0999980485915495,-2.992957747268447e-06
1343520,0.11971831007960923,1.3018128754777567e-11,0.0,1.0999980485915495,-2.9929577472744087e-06
1343580,0.11971831007986679,1.2999203808989834e-11,0.0,1.0999980485915495,-2.9929577472803735e-06
1343640,0.11971831008012444,1.2980268028617211e-11,0.0,1.0999980485915495,-2.9929577472863413e-06
1343700,0.11971831008038221,1.2961321413659695e-11,0.0,1.0999980485915495,-2.9929577472923116e-06
1343760,0.11971831008064007,1.2942363964117293e-11,0.0,1.0999980485915495,-2.992957747298285e-06
1343820,0.11971831008089803,1.2923395679989995e-11,0.0,1.0999980485915495,-2.992957747304261e-06
1343880,0.1197183100811561,1.2904416561277808e-11,0.0,1.0999980485915495,-2.99295774731024e-06
1343940,0.11971831008141427,1.2885426607980729e-11,0.0,1.0999980485915495,-2.9929577473162217e-06
1344000,0.11971831008167254,1.2866425820098762e-11,0.0,1.0999980485915495,-2.9929577473222064e-06
1344060,0.1197183100819309,1.2847414197631901e-11,0.0,1.0999980485915495,-2.992957747328194e-06
1344120,0.11971831008218937,1.2828391740580148e-11,0.0,1.0999980485915495,-2.9929577473341843e-06
1344180,0.11971831008244796,1.2809358448943506e-11,0.0,1.0999980485915495,-2.992957747340178e-06
1344240,0.11971831008270663,1.2790314322721974e-11,0.0,1.0999980485915495,-2.9929577473461736e-06
1344300,0.1197183100829654,1.277125936191555e-11,0.0,1.0999980485915495,-2.9929577473521727e-06
1344360,0.11971831008322428,1.2752193566524234e-11,0.0,1.0999980485915495,-2.9929577473581744e-06
1344420,0.11971831008348327,1.2733116936548027e-11,0.0,1.0999980485915495,-2.9929577473641794e-06
1344480,0.11971831008374234,1.2714029471986931e-11,0.0,1.0999980485915495,-2.9929577473701866e-06
1344540,0.11971831008400154,1.269493117284094e-11,0.0,1.0999980485915495,-2.992957747376197e-06
1344600,0.11971831008426081,1.2675822039110063e-11,0.0,1.0999980485915495,-2.99295774738221e-06
1344660,0.1197183100845202,1.2656702070794292e-11,0.0,1.0999980485915495,-2.9929577473882262e-06
1344720,0.11971831008477969,1.263757126789363e-11,0.0,1.0999980485915495,-2.9929577473942453e-06
1344780,0.11971831008503928,1.2618429630408079e-11,0.0,1.0999980485915495,-2.9929577474002672e-06
1344840,0.11971831008529897,1.2599277158337635e-11,0.0,1.0999980485915495,-2.9929577474062918e-06
1344900,0.11971831008555876,1.25801138516823e-11,0.0,1.0999980485915495,-2.9929577474123192e-06
1344960,0.11971831008581865,1.2560939710442075e-11,0.0,1.0999980485915495,-2.9929577474183497e-06
1345020,0.11971831008607865,1.2541754734616959e-11,0.0,1.0999980485915495,-2.9929577474243827e-06
1345080,0.11971831008633875,1.252255892420695e-11,0.0,1.0999980485915495,-2.9929577474304186e-06
1345140,0.11971831008659896,1.2503352279212051e-11,0.0,1.0999980485915495,-2.9929577474364576e-06
1345200,0.11971831008685925,1.2484134799632262e-11,0.0,1.0999980485915495,-2.9929577474424994e-06
1345260,0.11971831008711965,1.2464906485467582e-11,0.0,1.0999980485915495,-2.992957747448544e-06
1345320,0.11971831008738015,1.244566733671801e-11,0.0,1.0999980485915495,-2.9929577474545917e-06
1345380,0.11971831008764076,1.2426417353383548e-11,0.0,1.0999980485915495,-2.9929577474606416e-06
1345440,0.11971831008790147,1.2407156535464195e-11,0.0,1.0999980485915495,-2.992957747466695e-06
1345500,0.11971831008816228,1.238788488295995e-11,0.0,1.0999980485915495,-2.992957747472751e-06
1345560,0.1197183100884232,1.2368602395870816e-11,0.0,1.0999980485915495,-2.99295774747881e-06
1345620,0.11971831008868421,1.2349309074196789e-11,0.0,1.0999980485915495,-2.9929577474848714e-06
1345680,0.11971831008894532,1.2330004917937871e-11,0.0,1.0999980485915495,-2.992957747490936e-06
1345740,0.11971831008920654,1.2310689927094063e-11,0.0,1.0999980485915495,-2.9929577474970035e-06
1345800,0.11971831008946784,1.2291364101665363e-11,0.0,1.0999980485915495,-2.9929577475030737e-06
1345860,0.11971831008972927,1.2272027441651772e-11,0.0,1.0999980485915495,-2.992957747509147e-06
1345920,0.11971831008999079,1.2252679947053291e-11,0.0,1.0999980485915495,-2.992957747515223e-06
1345980,0.11971831009025241,1.2233321617869918e-11,0.0,1.0999980485915495,-2.992957747521302e-06
1346040,0.11971831009051413,1.2213952454101654e-11,0.0,1.0999980485915495,-2.9929577475273836e-06
1346100,0.11971831009077596,1.21945724557485e-11,0.0,1.0999980485915495,-2.9929577475334682e-06
1346160,0.11971831009103788,1.2175181622810454e-11,0.0,1.0999980485915495,-2.9929577475395554e-06
1346220,0.1197183100912999,1.2155779955287518e-11,0.0,1.0999980485915495,-2.9929577475456456e-06
1346280,0.11971831009156204,1.213636745317969e-11,0.0,1.0999980485915495,-2.9929577475517387e-06
1346340,0.11971831009182428,1.211694411648697e-11,0.0,1.0999980485915495,-2.992957747557835e-06
1346400,0.11971831009208661,1.2097509945209362e-11,0.0,1.0999980485915495,-2.9929577475639335e-06
1346460,0.11971831009234904,1.2078064939346862e-11,0.0,1.0999980485915495,-2.992957747570035e-06
1346520,0.11971831009261158,1.205860909889947e-11,0.0,1.0999980485915495,-2.9929577475761396e-06
1346580,0.11971831009287422,1.2039142423867187e-11,0.0,1.0999980485915495,-2.992957747582247e-06
1346640,0.11971831009313695,1.2019664914250013e-11,0.0,1.0999980485915495,-2.9929577475883573e-06
1346700,0.1197183100933998,1.2000176570047949e-11,0.0,1.0999980485915495,-2.9929577475944703e-06
1346760,0.11971831009366274,1.1980677391260992e-11,0.0,1.0999980485915495,-2.9929577476005863e-06
1346820,0.11971831009392578,1.1961167377889146e-11,0.0,1.0999980485915495,-2.9929577476067053e-06
1346880,0.11971831009418893,1.1941646529932408e-11,0.0,1.0999980485915495,-2.9929577476128268e-06
1346940,0.11971831009445218,1.1922114847390779e-11,0.0,1.0999980485915495,-2.9929577476189512e-06
1347000,0.11971831009471552,1.190257233026426e-11,0.0,1.0999980485915495,-2.9929577476250787e-06
1347060,0.11971831009497898,1.1883018978552848e-11,0.0,1.0999980485915495,-2.9929577476312086e-06
1347120,0.11971831009524253,1.1863454792256548e-11,0.0,1.0999980485915495,-2.9929577476373416e-06
1347180,0.11971831009550618,1.1843879771375355e-11,0.0,1.0999980485915495,-2.9929577476434775e-06
1347240,0.11971831009576993,1.1824293915909271e-11,0.0,1.0999980485915495,-2.9929577476496164e-06
1347300,0.11971831009603379,1.1804697225858297e-11,0.0,1.0999980485915495,-2.992957747655758e-06
1347360,0.11971831009629774,1.178508970122243e-11,0.0,1.0999980485915495,-2.9929577476619026e-06
1347420,0.11971831009656181,1.1765471342001674e-11,0.0,1.0999980485915495,-2.99295774766805e-06
1347480,0.11971831009682597,1.1745842148196026e-11,0.0,1.0999980485915493,-2.9929577476742e-06
1347540,0.11971831009709023,1.1726202119805487e-11,0.0,1.0999980485915493,-2.992957747680353e-06
1347600,0.11971831009735459,1.1706551256830058e-11,0.0,1.0999980485915493,-2.992957747686509e-06
1347660,0.11971831009761906,1.1686889559269736e-11,0.0,1.0999980485915493,-2.9929577476926677e-06
1347720,0.11971831009788363,1.1667217027124525e-11,0.0,1.0999980485915493,-2.992957747698829e-06
1347780,0.1197183100981483,1.1647533660394422e-11,0.0,1.0999980485915493,-2.9929577477049937e-06
1347840,0.11971831009841308,1.1627839459079428e-11,0.0,1.0999980485915493,-2.992957747711161e-06
1347900,0.11971831009867795,1.1608134423179544e-11,0.0,1.0999980485915493,-2.992957747717331e-06
1347960,0.11971831009894292,1.1588418552694766e-11,0.0,1.0999980485915493,-2.992957747723504e-06
1348020,0.119718310099208,1.15686918476251e-11,0.0,1.0999980485915493,-2.9929577477296796e-06
1348080,0.11971831009947317,1.1548954307970542e-11,0.0,1.0999980485915493,-2.9929577477358583e-06
1348140,0.11971831009973845,1.1529205933731092e-11,0.0,1.0999980485915493,-2.99295774774204e-06
1348200,0.11971831010000383,1.1509446724906754e-11,0.0,1.0999980485915493,-2.9929577477482246e-06
1348260,0.11971831010026932,1.1489676681497522e-11,0.0,1.0999980485915493,-2.9929577477544117e-06
1348320,0.1197183101005349,1.14698958035034e-11,0.0,1.0999980485915493,-2.992957747760602e-06
1348380,0.11971831010080058,1.1450104090924388e-11,0.0,1.0999980485915493,-2.992957747766795e-06
1348440,0.11971831010106637,1.1430301543760484e-11,0.0,1.0999980485915493,-2.9929577477729905e-06
1348500,0.11971831010133226,1.1410488162011688e-11,0.0,1.0999980485915493,-2.992957747779189e-06
1348560,0.11971831010159825,1.1390663945678003e-11,0.0,1.0999980485915493,-2.9929577477853907e-06
1348620,0.11971831010186434,1.1370828894759425e-11,0.0,1.0999980485915493,-2.992957747791595e-06
1348680,0.11971831010213053,1.1350983009255957e-11,0.0,1.0999980485915493,-2.9929577477978022e-06
1348740,0.11971831010239684,1.1331126289167598e-11,0.0,1.0999980485915493,-2.9929577478040123e-06
1348800,0.11971831010266322,1.131125873449435e-11,0.0,1.0999980485915493,-2.9929577478102253e-06
1348860,0.11971831010292973,1.1291380345236208e-11,0.0,1.0999980485915493,-2.992957747816441e-06
1348920,0.11971831010319632,1.1271491121393177e-11,0.0,1.0999980485915493,-2.9929577478226597e-06
1348980,0.11971831010346302,1.1251591062965254e-11,0.0,1.0999980485915493,-2.992957747828881e-06
1349040,0.11971831010372982,1.1231680169952438e-11,0.0,1.0999980485915493,-2.9929577478351056e-06
1349100,0.11971831010399674,1.1211758442354733e-11,0.0,1.0999980485915493,-2.9929577478413325e-06
1349160,0.11971831010426374,1.1191825880172138e-11,0.0,1.0999980485915493,-2.992957747847563e-06
1349220,0.11971831010453085,1.1171882483404651e-11,0.0,1.0999980485915493,-2.9929577478537958e-06
1349280,0.11971831010479805,1.1151928252052272e-11,0.0,1.0999980485915493,-2.992957747860031e-06
1349340,0.11971831010506537,1.1131963186115005e-11,0.0,1.0999980485915493,-2.99295774786627e-06
1349400,0.11971831010533278,1.1111987285592844e-11,0.0,1.0999980485915493,-2.9929577478725114e-06
1349460,0.11971831010560029,1.1092000550485793e-11,0.0,1.0999980485915493,-2.9929577478787557e-06
1349520,0.1197183101058679,1.1072002980793851e-11,0.0,1.0999980485915493,-2.992957747885003e-06
1349580,0.11971831010613562,1.1051994576517017e-11,0.0,1.0999980485915493,-2.992957747891253e-06
1349640,0.11971831010640345,1.1031975337655293e-11,0.0,1.0999980485915493,-2.9929577478975056e-06
1349700,0.11971831010667136,1.1011945264208678e-11,0.0,1.0999980485915493,-2.9929577479037614e-06
1349760,0.11971831010693938,1.0991904356177171e-11,0.0,1.0999980485915493,-2.99295774791002e-06
1349820,0.11971831010720752,1.0971852613560775e-11,0.0,1.0999980485915493,-2.9929577479162814e-06
1349880,0.11971831010747573,1.0951790036359487e-11,0.0,1.0999980485915493,-2.9929577479225456e-06
1349940,0.11971831010774406,1.0931716624573307e-11,0.0,1.0999980485915493,-2.992957747928813e-06
1350000,0.1197183101080125,1.0911632378202236e-11,0.0,1.0999980485915493,-2.992957747935083e-06
1350060,0.11971831010828102,1.0891537297246276e-11,0.0,1.0999980485915493,-2.9929577479413557e-06
1350120,0.11971831010854965,1.0871431381705424e-11,0.0,1.0999980485915493,-2.9929577479476314e-06
1350180,0.11971831010881838,1.0851314631579681e-11,0.0,1.0999980485915493,-2.99295774795391e-06
1350240,0.11971831010908722,1.0831187046869047e-11,0.0,1.0999980485915493,-2.992957747960191e-06
1350300,0.11971831010935616,1.0811048627573522e-11,0.0,1.0999980485915493,-2.9929577479664757e-06
1350360,0.11971831010962519,1.0790899373693105e-11,0.0,1.0999980485915493,-2.992957747972763e-06
1350420,0.11971831010989434,1.0770739285227797e-11,0.0,1.0999980485915493,-2.9929577479790525e-06
1350480,0.11971831011016358,1.07505683621776e-11,0.0,1.0999980485915493,-2.9929577479853455e-06
1350540,0.11971831011043292,1.073038660454251e-11,0.0,1.0999980485915493,-2.992957747991641e-06
1350600,0.11971831011070236,1.071019401232253e-11,0.0,1.0999980485915493,-2.9929577479979396e-06
1350660,0.1197183101109719,1.0689990585517659e-11,0.0,1.0999980485915493,-2.992957748004241e-06
1350720,0.11971831011124155,1.0669776324127896e-11,0.0,1.0999980485915493,-2.992957748010545e-06
1350780,0.11971831011151131,1.0649551228153243e-11,0.0,1.0999980485915493,-2.992957748016852e-06
1350840,0.11971831011178116,1.06293152975937e-11,0.0,1.0999980485915493,-2.992957748023162e-06
1350900,0.11971831011205111,1.0609068532449263e-11,0.0,1.0999980485915493,-2.992957748029475e-06
1350960,0.11971831011232116,1.0588810932719938e-11,0.0,1.0999980485915493,-2.9929577480357905e-06
1351020,0.11971831011259132,1.056854249840572e-11,0.0,1.0999980485915493,-2.992957748042109e-06
1351080,0.11971831011286158,1.0548263229506612e-11,0.0,1.0999980485915493,-2.9929577480484304e-06
1351140,0.11971831011313193,1.0527973126022614e-11,0.0,1.0999980485915493,-2.9929577480547548e-06
1351200,0.11971831011340239,1.0507672187953722e-11,0.0,1.0999980485915493,-2.9929577480610817e-06
1351260,0.11971831011367295,1.0487360415299942e-11,0.0,1.0999980485915493,-2.9929577480674116e-06
1351320,0.11971831011394361,1.0467037808061269e-11,0.0,1.0999980485915493,-2.9929577480737444e-06
1351380,0.11971831011421438,1.0446704366237705e-11,0.0,1.0999980485915493,-2.9929577480800798e-06
1351440,0.11971831011448525,1.0426360089829251e-11,0.0,1.0999980485915493,-2.9929577480864186e-06
1351500,0.11971831011475621,1.0406004978835906e-11,0.0,1.0999980485915493,-2.99295774809276e-06
1351560,0.11971831011502729,1.038563903325767e-11,0.0,1.0999980485915493,-2.9929577480991037e-06
1351620,0.11971831011529846,1.0365262253094542e-11,0.0,1.0999980485915493,-2.992957748105451e-06
1351680,0.11971831011556973,1.0344874638346522e-11,0.0,1.0999980485915493,-2.9929577481118007e-06
1351740,0.11971831011584111,1.0324476189013614e-11,0.0,1.0999980485915493,-2.9929577481181535e-06
1351800,0.11971831011611259,1.0304066905095813e-11,0.0,1.0999980485915493,-2.992957748124509e-06
1351860,0.11971831011638416,1.0283646786593122e-11,0.0,1.0999980485915493,-2.9929577481308675e-06
1351920,0.11971831011665585,1.0263215833505539e-11,0.0,1.0999980485915493,-2.9929577481372287e-06
1351980,0.11971831011692763,1.0242774045833067e-11,0.0,1.0999980485915493,-2.992957748143593e-06
1352040,0.11971831011719951,1.0222321423575701e-11,0.0,1.0999980485915493,-2.99295774814996e-06
1352100,0.11971831011747149,1.0201857966733446e-11,0.0,1.0999980485915493,-2.9929577481563297e-06
1352160,0.11971831011774357,1.01813836753063e-11,0.0,1.0999980485915493,-2.9929577481627023e-06
1352220,0.11971831011801576,1.0160898549294262e-11,0.0,1.0999980485915493,-2.992957748169078e-06
1352280,0.11971831011828805,1.0140402588697334e-11,0.0,1.0999980485915493,-2.992957748175456e-06
1352340,0.11971831011856045,1.0119895793515514e-11,0.0,1.0999980485915493,-2.9929577481818377e-06
1352400,0.11971831011883294,1.0099378163748804e-11,0.0,1.0999980485915493,-2.9929577481882218e-06
1352460,0.11971831011910553,1.0078849699397202e-11,0.0,1.0999980485915493,-2.9929577481946084e-06
1352520,0.11971831011937822,1.005831040046071e-11,0.0,1.0999980485915493,-2.9929577482009984e-06
1352580,0.11971831011965102,1.0037760266939327e-11,0.0,1.0999980485915493,-2.992957748207391e-06
1352640,0.11971831011992391,1.0017199298833052e-11,0.0,1.0999980485915493,-2.9929577482137865e-06
1352700,0.11971831012019692,9.996627496141887e-12,0.0,1.0999980485915493,-2.992957748220185e-06
1352760,0.11971831012047002,9.976044858865829e-12,0.0,1.0999980485915493,-2.992957748226586e-06
1352820,0.11971831012074323,9.955451387004881e-12,0.0,1.0999980485915493,-2.99295774823299e-06
1352880,0.11971831012101652,9.934847080559044e-12,0.0,1.0999980485915493,-2.992957748239397e-06
1352940,0.11971831012128993,9.914231939528313e-12,0.0,1.0999980485915493,-2.992957748245807e-06
1353000,0.11971831012156345,9.893605963912693e-12,0.0,1.0999980485915493,-2.9929577482522193e-06
1353060,0.11971831012183705,9.872969153712182e-12,0.0,1.0999980485915493,-2.992957748258635e-06
1353120,0.11971831012211076,9.852321508926779e-12,0.0,1.0999980485915493,-2.992957748265053e-06
1353180,0.11971831012238457,9.831663029556485e-12,0.0,1.0999980485915493,-2.9929577482714745e-06
1353240,0.11971831012265849,9.810993715601301e-12,0.0,1.0999980485915493,-2.9929577482778984e-06
1353300,0.1197183101229325,9.790313567061225e-12,0.0,1.0999980485915493,-2.9929577482843253e-06
1353360,0.11971831012320662,9.769622583936258e-12,0.0,1.0999980485915493,-2.992957748290755e-06
1353420,0.11971831012348084,9.7489207662264e-12,0.0,1.0999980485915493,-2.992957748297188e-06
1353480,0.11971831012375517,9.728208113931652e-12,0.0,1.0999980485915493,-2.9929577483036232e-06
1353540,0.11971831012402959,9.707484627052013e-12,0.0,1.0999980485915493,-2.9929577483100615e-06
1353600,0.1197183101243041,9.686750305587481e-12,0.0,1.0999980485915493,-2.9929577483165028e-06
1353660,0.11971831012457873,9.66600514953806e-12,0.0,1.0999980485915493,-2.9929577483229466e-06
1353720,0.11971831012485347,9.645249158903747e-12,0.0,1.0999980485915493,-2.9929577483293938e-06
1353780,0.11971831012512829,9.624482333684543e-12,0.0,1.0999980485915493,-2.9929577483358435e-06
1353840,0.11971831012540322,9.60370467388045e-12,0.0,1.0999980485915493,-2.9929577483422958e-06
1353900,0.11971831012567825,9.582916179491463e-12,0.0,1.0999980485915493,-2.9929577483487514e-06
1353960,0.11971831012595338,9.562116850517587e-12,0.0,1.0999980485915493,-2.9929577483552096e-06
1354020,0.11971831012622862,9.541306686958819e-12,0.0,1.0999980485915493,-2.992957748361671e-06
1354080,0.11971831012650395,9.52048568881516e-12,0.0,1.0999980485915493,-2.9929577483681345e-06
1354140,0.1197183101267794,9.49965385608661e-12,0.0,1.0999980485915493,-2.9929577483746016e-06
1354200,0.11971831012705493,9.47881118877317e-12,0.0,1.0999980485915493,-2.9929577483810712e-06
1354260,0.11971831012733058,9.457957686874837e-12,0.0,1.0999980485915493,-2.992957748387544e-06
1354320,0.11971831012760632,9.437093350391614e-12,0.0,1.0999980485915493,-2.992957748394019e-06
1354380,0.11971831012788217,9.4162181793235e-12,0.0,1.0999980485915493,-2.9929577484004975e-06
1354440,0.11971831012815812,9.395332173670497e-12,0.0,1.0999980485915493,-2.9929577484069786e-06
1354500,0.11971831012843416,9.3744353334326e-12,0.0,1.0999980485915493,-2.992957748413462e-06
1354560,0.11971831012871031,9.353527658609814e-12,0.0,1.0999980485915493,-2.9929577484199492e-06
1354620,0.11971831012898657,9.332609149202136e-12,0.0,1.0999980485915493,-2.9929577484264388e-06
1354680,0.11971831012926291,9.311679805209567e-12,0.0,1.0999980485915493,-2.9929577484329313e-06
1354740,0.11971831012953937,9.290739626632107e-12,0.0,1.0999980485915493,-2.9929577484394267e-06
1354800,0.11971831012981593,9.269788613469756e-12,0.0,1.0999980485915493,-2.992957748445925e-06
1354860,0.11971831013009258,9.248826765722514e-12,0.0,1.0999980485915493,-2.992957748452426e-06
1354920,0.11971831013036933,9.227854083390382e-12,0.0,1.0999980485915493,-2.99295774845893e-06
1354980,0.1197183101306462,9.206870566473358e-12,0.0,1.0999980485915493,-2.9929577484654366e-06
1355040,0.11971831013092317,9.185876214971443e-12,0.0,1.0999980485915493,-2.9929577484719464e-06
1355100,0.11971831013120023,9.164871028884636e-12,0.0,1.0999980485915493,-2.992957748478459e-06
1355160,0.11971831013147739,9.14385500821294e-12,0.0,1.0999980485915493,-2.9929577484849742e-06
1355220,0.11971831013175466,9.122828152956352e-12,0.0,1.0999980485915493,-2.992957748491492e-06
1355280,0.11971831013203203,9.101790463114873e-12,0.0,1.0999980485915493,-2.9929577484980135e-06
1355340,0.11971831013230949,9.080741938688503e-12,0.0,1.0999980485915493,-2.9929577485045373e-06
1355400,0.11971831013258707,9.059682579677242e-12,0.0,1.0999980485915493,-2.992957748511064e-06
1355460,0.11971831013286474,9.03861238608109e-12,0.0,1.0999980485915493,-2.9929577485175935e-06
1355520,0.11971831013314252,9.017531357900046e-12,0.0,1.0999980485915493,-2.9929577485241262e-06
1355580,0.1197183101334204,8.996439495134113e-12,0.0,1.0999980485915493,-2.9929577485306615e-06
1355640,0.11971831013369837,8.975336797783289e-12,0.0,1.0999980485915493,-2.9929577485371997e-06
1355700,0.11971831013397645,8.954223265847573e-12,0.0,1.0999980485915493,-2.9929577485437405e-06
1355760,0.11971831013425463,8.933098899326965e-12,0.0,1.0999980485915493,-2.9929577485502843e-06
1355820,0.11971831013453292,8.911963698221467e-12,0.0,1.0999980485915493,-2.992957748556831e-06
1355880,0.1197183101348113,8.890817662531078e-12,0.0,1.0999980485915493,-2.9929577485633807e-06
1355940,0.11971831013508978,8.869660792255798e-12,0.0,1.0999980485915493,-2.992957748569933e-06
1356000,0.11971831013536838,8.848493087395627e-12,0.0,1.0999980485915493,-2.9929577485764885e-06
1356060,0.11971831013564706,8.827314547950566e-12,0.0,1.0999980485915493,-2.9929577485830467e-06
1356120,0.11971831013592585,8.806125173920611e-12,0.0,1.0999980485915493,-2.9929577485896074e-06
1356180,0.11971831013620475,8.784924965305768e-12,0.0,1.0999980485915493,-2.9929577485961715e-06
1356240,0.11971831013648374,8.763713922106033e-12,0.0,1.0999980485915493,-2.992957748602738e-06
1356300,0.11971831013676283,8.742492044321406e-12,0.0,1.0999980485915493,-2.9929577486093077e-06
1356360,0.11971831013704204,8.72125933195189e-12,0.0,1.0999980485915493,-2.99295774861588e-06
1356420,0.11971831013732133,8.700015784997481e-12,0.0,1.0999980485915493,-2.9929577486224553e-06
1356480,0.11971831013760073,8.678761403458182e-12,0.0,1.0999980485915493,-2.9929577486290334e-06
1356540,0.11971831013788023,8.657496187333992e-12,0.0,1.0999980485915493,-2.9929577486356144e-06
1356600,0.11971831013815984,8.63622013662491e-12,0.0,1.0999980485915493,-2.992957748642198e-06
1356660,0.11971831013843955,8.61493325133094e-12,0.0,1.0999980485915493,-2.992957748648785e-06
1356720,0.11971831013871935,8.593635531452075e-12,0.0,1.0999980485915493,-2.9929577486553744e-06
1356780,0.11971831013899926,8.572326976988322e-12,0.0,1.0999980485915493,-2.9929577486619664e-06
1356840,0.11971831013927926,8.551007587939677e-12,0.0,1.0999980485915493,-2.992957748668562e-06
1356900,0.11971831013955939,8.52967736430614e-12,0.0,1.0999980485915493,-2.99295774867516e-06
1356960,0.11971831013983959,8.508336306087714e-12,0.0,1.0999980485915493,-2.9929577486817607e-06
1357020,0.11971831014011991,8.486984413284395e-12,0.0,1.0999980485915493,-2.9929577486883646e-06
1357080,0.11971831014040032,8.465621685896186e-12,0.0,1.0999980485915493,-2.992957748694971e-06
1357140,0.11971831014068084,8.444248123923086e-12,0.0,1.0999980485915493,-2.9929577487015805e-06
1357200,0.11971831014096146,8.422863727365095e-12,0.0,1.0999980485915493,-2.992957748708193e-06
1357260,0.11971831014124218,8.401468496222212e-12,0.0,1.0999980485915493,-2.992957748714808e-06
1357320,0.11971831014152301,8.38006243049444e-12,0.0,1.0999980485915493,-2.992957748721426e-06
1357380,0.11971831014180392,8.358645530181774e-12,0.0,1.0999980485915493,-2.9929577487280473e-06
1357440,0.11971831014208496,8.33721779528422e-12,0.0,1.0999980485915493,-2.9929577487346707e-06
1357500,0.11971831014236609,8.315779225801773e-12,0.0,1.0999980485915493,-2.9929577487412974e-06
1357560,0.11971831014264732,8.294329821734437e-12,0.0,1.0999980485915493,-2.9929577487479267e-06
1357620,0.11971831014292865,8.272869583082208e-12,0.0,1.0999980485915493,-2.992957748754559e-06
1357680,0.11971831014321008,8.25139850984509e-12,0.0,1.0999980485915493,-2.9929577487611942e-06
1357740,0.11971831014349162,8.229916602023078e-12,0.0,1.0999980485915493,-2.9929577487678324e-06
1357800,0.11971831014377325,8.208423859616176e-12,0.0,1.0999980485915493,-2.992957748774473e-06
1357860,0.11971831014405498,8.186920282624385e-12,0.0,1.0999980485915493,-2.992957748781117e-06
1357920,0.11971831014433681,8.165405871047701e-12,0.0,1.0999980485915493,-2.9929577487877635e-06
1357980,0.11971831043243195,1.4200873024398659e-12,0.0,1.0999980485915488,-2.9929577532412696e-06
1358040,0.11971831043217589,1.4194835093814787e-12,0.0,1.0999980485915488,-2.9929577532383398e-06
1358100,0.11971831043191984,1.4188797163230914e-12,0.0,1.0999980485915488,-2.9929577532354103e-06
1358160,0.1197183104316638,1.418275923264704e-12,0.0,1.0999980485915488,-2.9929577532324804e-06
1358220,0.11971831043140774,1.4176721302063168e-12,0.0,1.0999980485915488,-2.992957753229551e-06
1358280,0.11971831043115169,1.4170683371479294e-12,0.0,1.0999980485915488,-2.992957753226621e-06
1358340,0.11971831043089563,1.416464544089542e-12,0.0,1.0999980485915488,-2.9929577532236916e-06
1358400,0.11971831043063959,1.415860751031155e-12,0.0,1.0999980485915488,-2.9929577532207617e-06
1358460,0.11971831043038354,1.4152569579727676e-12,0.0,1.0999980485915488,-2.9929577532178322e-06
1358520,0.11971831043012748,1.4146531649143803e-12,0.0,1.0999980485915488,-2.9929577532149024e-06
1358580,0.11971831042987144,1.414049371855993e-12,0.0,1.0999980485915488,-2.992957753211973e-06
1358640,0.1197183104296154,1.4134455787976057e-12,0.0,1.0999980485915488,-2.9929577532090434e-06
1358700,0.11971831042935933,1.4128417857392185e-12,0.0,1.0999980485915488,-2.9929577532061135e-06
1358760,0.11971831042910329,1.4122379926808312e-12,0.0,1.0999980485915488,-2.992957753203184e-06
1358820,0.11971831042884724,1.4116341996224439e-12,0.0,1.0999980485915488,-2.992957753200254e-06
1358880,0.11971831042859118,1.4110304065640565e-12,0.0,1.0999980485915488,-2.9929577531973247e-06
1358940,0.11971831042833514,1.4104266135056692e-12,0.0,1.0999980485915488,-2.992957753194395e-06
1359000,0.11971831042807908,1.4098228204472819e-12,0.0,1.0999980485915488,-2.9929577531914654e-06
1359060,0.11971831042782304,1.4092190273888945e-12,0.0,1.0999980485915488,-2.9929577531885355e-06
1359120,0.11971831042756699,1.4086152343305072e-12,0.0,1.0999980485915488,-2.992957753185606e-06
1359180,0.11971831042731093,1.4080114412721199e-12,0.0,1.0999980485915488,-2.9929577531826766e-06
1359240,0.11971831042705489,1.4074076482137326e-12,0.0,1.0999980485915488,-2.9929577531797467e-06
1359300,0.11971831042679884,1.4068038551553452e-12,0.0,1.0999980485915488,-2.992957753176817e-06
1359360,0.11971831042654278,1.4062000620969581e-12,0.0,1.0999980485915488,-2.9929577531738873e-06
1359420,0.11971831042628674,1.4055962690385708e-12,0.0,1.0999980485915488,-2.992957753170958e-06
1359480,0.11971831042603069,1.4049924759801834e-12,0.0,1.0999980485915488,-2.992957753168028e-06
1359540,0.11971831042577463,1.4043886829217961e-12,0.0,1.0999980485915488,-2.9929577531650985e-06
1359600,0.11971831042551859,1.4037848898634088e-12,0.0,1.0999980485915488,-2.9929577531621686e-06
1359660,0.11971831042526253,1.4031810968050217e-12,0.0,1.0999980485915488,-2.992957753159239e-06
1359720,0.11971831042500648,1.4025773037466343e-12,0.0,1.0999980485915488,-2.9929577531563093e-06
1359780,0.11971831042475044,1.401973510688247e-12,0.0,1.0999980485915488,-2.99295775315338e-06
1359840,0.11971831042449438,1.4013697176298597e-12,0.0,1.0999980485915488,-2.9929577531504503e-06
1359900,0.11971831042423833,1.4007659245714723e-12,0.0,1.0999980485915488,-2.9929577531475205e-06
1359960,0.11971831042398229,1.400162131513085e-12,0.0,1.0999980485915488,-2.992957753144591e-06
1360020,0.11971831042372623,1.3995583384546979e-12,0.0,1.0999980485915488,-2.992957753141661e-06
1360080,0.11971831042347018,1.3989545453963106e-12,0.0,1.0999980485915488,-2.9929577531387316e-06
1360140,0.11971831042321414,1.3983507523379232e-12,0.0,1.0999980485915488,-2.9929577531358018e-06
1360200,0.11971831042295808,1.397746959279536e-12,0.0,1.0999980485915488,-2.9929577531328723e-06
1360260,0.11971831042270203,1.3971431662211486e-12,0.0,1.0999980485915488,-2.9929577531299424e-06
1360320,0.11971831042244598,1.3965393731627612e-12,0.0,1.0999980485915488,-2.992957753127013e-06
1360380,0.11971831042218993,1.395935580104374e-12,0.0,1.0999980485915488,-2.9929577531240835e-06
1360440,0.11971831042193389,1.3953317870459866e-12,0.0,1.0999980485915488,-2.9929577531211536e-06
1360500,0.11971831042167783,1.3947279939875993e-12,0.0,1.0999980485915488,-2.992957753118224e-06
1360560,0.11971831042142178,1.394124200929212e-12,0.0,1.0999980485915488,-2.9929577531152942e-06
1360620,0.11971831042116574,1.3935204078708248e-12,0.0,1.0999980485915488,-2.9929577531123648e-06
1360680,0.11971831042090968,1.3929166148124375e-12,0.0,1.0999980485915488,-2.992957753109435e-06
1360740,0.11971831042065363,1.3923128217540501e-12,0.0,1.0999980485915488,-2.9929577531065054e-06
1360800,0.11971831042039757,1.3917090286956628e-12,0.0,1.0999980485915488,-2.9929577531035755e-06
1360860,0.11971831042014153,1.3911052356372755e-12,0.0,1.0999980485915488,-2.992957753100646e-06
1360920,0.11971831041988548,1.3905014425788882e-12,0.0,1.0999980485915488,-2.992957753097716e-06
1360980,0.11971831041962942,1.389897649520501e-12,0.0,1.0999980485915488,-2.9929577530947867e-06
1361040,0.11971831041937338,1.3892938564621137e-12,0.0,1.0999980485915488,-2.9929577530918573e-06
1361100,0.11971831041911733,1.3886900634037264e-12,0.0,1.0999980485915488,-2.9929577530889274e-06
1361160,0.11971831041886127,1.388086270345339e-12,0.0,1.0999980485915488,-2.992957753085998e-06
1361220,0.11971831041860523,1.3874824772869517e-12,0.0,1.0999980485915488,-2.992957753083068e-06
1361280,0.11971831041834918,1.3868786842285646e-12,0.0,1.0999980485915488,-2.9929577530801386e-06
1361340,0.11971831041809312,1.3862748911701773e-12,0.0,1.0999980485915488,-2.9929577530772087e-06
1361400,0.11971831041783708,1.38567109811179e-12,0.0,1.0999980485915488,-2.9929577530742792e-06
1361460,0.11971831041758102,1.3850673050534026e-12,0.0,1.0999980485915488,-2.9929577530713493e-06
1361520,0.11971831041732497,1.3844635119950153e-12,0.0,1.0999980485915488,-2.99295775306842e-06
1361580,0.11971831041706893,1.383859718936628e-12,0.0,1.0999980485915488,-2.9929577530654904e-06
1361640,0.11971831041681287,1.3832559258782406e-12,0.0,1.0999980485915488,-2.9929577530625605e-06
1361700,0.11971831041655683,1.3826521328198533e-12,0.0,1.0999980485915488,-2.992957753059631e-06
1361760,0.11971831041630078,1.382048339761466e-12,0.0,1.0999980485915488,-2.992957753056701e-06
1361820,0.11971831041604472,1.3814445467030786e-12,0.0,1.0999980485915488,-2.9929577530537717e-06
1361880,0.11971831041578868,1.3808407536446913e-12,0.0,1.0999980485915488,-2.992957753050842e-06
1361940,0.11971831041553263,1.3802369605863042e-12,0.0,1.0999980485915488,-2.9929577530479123e-06
1362000,0.11971831041527657,1.3796331675279168e-12,0.0,1.0999980485915488,-2.9929577530449825e-06
1362060,0.11971831041502053,1.3790293744695295e-12,0.0,1.0999980485915488,-2.992957753042053e-06
1362120,0.11971831041476447,1.3784255814111422e-12,0.0,1.0999980485915488,-2.992957753039123e-06
1362180,0.11971831041450842,1.3778217883527549e-12,0.0,1.0999980485915488,-2.9929577530361936e-06
1362240,0.11971831041425238,1.3772179952943677e-12,0.0,1.0999980485915488,-2.992957753033264e-06
1362300,0.11971831041399632,1.3766142022359804e-12,0.0,1.0999980485915488,-2.9929577530303343e-06
1362360,0.11971831041374027,1.376010409177593e-12,0.0,1.0999980485915488,-2.992957753027405e-06
1362420,0.11971831041348423,1.3754066161192057e-12,0.0,1.0999980485915488,-2.992957753024475e-06
1362480,0.11971831041322817,1.3748028230608184e-12,0.0,1.0999980485915488,-2.9929577530215455e-06
1362540,0.11971831041297212,1.374199030002431e-12,0.0,1.0999980485915488,-2.9929577530186156e-06
1362600,0.11971831041271608,1.373595236944044e-12,0.0,1.0999980485915488,-2.992957753015686e-06
1362660,0.11971831041246002,1.3729914438856566e-12,0.0,1.0999980485915488,-2.9929577530127562e-06
1362720,0.11971831041220397,1.3723876508272693e-12,0.0,1.0999980485915488,-2.9929577530098268e-06
1362780,0.11971831041194791,1.371783857768882e-12,0.0,1.0999980485915488,-2.9929577530068973e-06
1362840,0.11971831041169187,1.3711800647104946e-12,0.0,1.0999980485915488,-2.9929577530039674e-06
1362900,0.11971831041143582,1.3705762716521075e-12,0.0,1.0999980485915488,-2.992957753001038e-06
1362960,0.11971831041117977,1.36997247859372e-12,0.0,1.0999980485915488,-2.992957752998108e-06
1363020,0.11971831041092372,1.3693686855353327e-12,0.0,1.0999980485915488,-2.9929577529951786e-06
1363080,0.11971831041066767,1.3687648924769453e-12,0.0,1.0999980485915488,-2.9929577529922487e-06
1363140,0.11971831041041162,1.368161099418558e-12,0.0,1.0999980485915488,-2.9929577529893193e-06
1363200,0.11971831041015557,1.3675573063601707e-12,0.0,1.0999980485915488,-2.9929577529863894e-06
1363260,0.11971831040989951,1.3669535133017835e-12,0.0,1.0999980485915488,-2.99295775298346e-06
1363320,0.11971831040964347,1.3663497202433962e-12,0.0,1.0999980485915488,-2.99295775298053e-06
1363380,0.11971831040938742,1.3657459271850089e-12,0.0,1.0999980485915488,-2.9929577529776006e-06
1363440,0.11971831040913136,1.3651421341266215e-12,0.0,1.0999980485915488,-2.992957752974671e-06
1363500,0.11971831040887532,1.3645383410682342e-12,0.0,1.0999980485915488,-2.9929577529717412e-06
1363560,0.11971831040861927,1.363934548009847e-12,0.0,1.0999980485915488,-2.9929577529688118e-06
1363620,0.11971831040836321,1.3633307549514598e-12,0.0,1.0999980485915488,-2.992957752965882e-06
1363680,0.11971831040810717,1.3627269618930724e-12,0.0,1.0999980485915488,-2.9929577529629524e-06
1363740,0.11971831040785112,1.3621231688346851e-12,0.0,1.0999980485915488,-2.9929577529600225e-06
1363800,0.11971831040759506,1.3615193757762978e-12,0.0,1.0999980485915488,-2.992957752957093e-06
1363860,0.11971831040733902,1.3609155827179107e-12,0.0,1.0999980485915488,-2.992957752954163e-06
1363920,0.11971831040708296,1.3603117896595233e-12,0.0,1.0999980485915488,-2.9929577529512337e-06
1363980,0.11971831040682691,1.359707996601136e-12,0.0,1.0999980485915488,-2.9929577529483042e-06
1364040,0.11971831040657087,1.3591042035427487e-12,0.0,1.0999980485915488,-2.9929577529453744e-06
1364100,0.11971831040631481,1.3585004104843613e-12,0.0,1.0999980485915488,-2.992957752942445e-06
1364160,0.11971831040605876,1.357896617425974e-12,0.0,1.0999980485915488,-2.992957752939515e-06
1364220,0.11971831040580272,1.3572928243675869e-12,0.0,1.0999980485915488,-2.9929577529365855e-06
1364280,0.11971831040554666,1.3566890313091993e-12,0.0,1.0999980485915488,-2.9929577529336557e-06
1364340,0.11971831040529061,1.356085238250812e-12,0.0,1.0999980485915488,-2.992957752930726e-06
1364400,0.11971831040503457,1.3554814451924247e-12,0.0,1.0999980485915488,-2.9929577529277963e-06
1364460,0.11971831040477851,1.3548776521340374e-12,0.0,1.0999980485915488,-2.992957752924867e-06
1364520,0.11971831040452247,1.3542738590756502e-12,0.0,1.0999980485915488,-2.992957752921937e-06
1364580,0.1197183104042664,1.353670066017263e-12,0.0,1.0999980485915488,-2.9929577529190075e-06
1364640,0.11971831040401036,1.3530662729588756e-12,0.0,1.0999980485915488,-2.992957752916078e-06
1364700,0.11971831040375432,1.3524624799004882e-12,0.0,1.0999980485915488,-2.992957752913148e-06
1364760,0.11971831040349826,1.351858686842101e-12,0.0,1.0999980485915488,-2.9929577529102187e-06
1364820,0.11971831040324221,1.3512548937837138e-12,0.0,1.0999980485915488,-2.9929577529072888e-06
1364880,0.11971831040298617,1.3506511007253265e-12,0.0,1.0999980485915488,-2.9929577529043593e-06
1364940,0.11971831040273011,1.3500473076669391e-12,0.0,1.0999980485915488,-2.9929577529014294e-06
1365000,0.11971831040247406,1.3494435146085518e-12,0.0,1.0999980485915488,-2.9929577528985e-06
1365060,0.11971831040221802,1.3488397215501645e-12,0.0,1.0999980485915488,-2.99295775289557e-06
1365120,0.11971831040196196,1.3482359284917771e-12,0.0,1.0999980485915488,-2.9929577528926406e-06
1365180,0.11971831040170591,1.34763213543339e-12,0.0,1.0999980485915488,-2.992957752889711e-06
1365240,0.11971831040144985,1.3470283423750027e-12,0.0,1.0999980485915488,-2.9929577528867813e-06
1365300,0.11971831040119381,1.3464245493166154e-12,0.0,1.0999980485915488,-2.992957752883852e-06
1365360,0.11971831040093776,1.345820756258228e-12,0.0,1.0999980485915488,-2.992957752880922e-06
1365420,0.1197183104006817,1.3452169631998407e-12,0.0,1.0999980485915488,-2.9929577528779925e-06
1365480,0.11971831040042566,1.3446131701414536e-12,0.0,1.0999980485915488,-2.9929577528750626e-06
1365540,0.11971831040016961,1.3440093770830662e-12,0.0,1.0999980485915488,-2.992957752872133e-06
1365600,0.11971831039991356,1.3434055840246787e-12,0.0,1.0999980485915488,-2.9929577528692032e-06
1365660,0.11971831039965751,1.3428017909662914e-12,0.0,1.0999980485915488,-2.9929577528662738e-06
1365720,0.11971831039940145,1.342197997907904e-12,0.0,1.0999980485915488,-2.992957752863344e-06
1365780,0.1197183103991454,1.3415942048495167e-12,0.0,1.0999980485915488,-2.9929577528604144e-06
1365840,0.11971831039888936,1.3409904117911296e-12,0.0,1.0999980485915488,-2.992957752857485e-06
1365900,0.1197183103986333,1.3403866187327423e-12,0.0,1.0999980485915488,-2.992957752854555e-06
1365960,0.11971831039837726,1.339782825674355e-12,0.0,1.0999980485915488,-2.9929577528516256e-06
1366020,0.11971831039812121,1.3391790326159676e-12,0.0,1.0999980485915488,-2.9929577528486957e-06
1366080,0.11971831039786515,1.3385752395575803e-12,0.0,1.0999980485915488,-2.9929577528457662e-06
1366140,0.1197183103976091,1.3379714464991932e-12,0.0,1.0999980485915488,-2.9929577528428364e-06
1366200,0.11971831039735306,1.3373676534408058e-12,0.0,1.0999980485915488,-2.992957752839907e-06
1366260,0.119718310397097,1.3367638603824185e-12,0.0,1.0999980485915488,-2.992957752836977e-06
1366320,0.11971831039684096,1.3361600673240312e-12,0.0,1.0999980485915488,-2.9929577528340475e-06
1366380,0.1197183103965849,1.3355562742656438e-12,0.0,1.0999980485915488,-2.992957752831118e-06
1366440,0.11971831039632885,1.3349524812072567e-12,0.0,1.0999980485915488,-2.992957752828188e-06
1366500,0.11971831039607281,1.3343486881488694e-12,0.0,1.0999980485915488,-2.9929577528252587e-06
1366560,0.11971831039581675,1.333744895090482e-12,0.0,1.0999980485915488,-2.992957752822329e-06
1366620,0.1197183103955607,1.3331411020320947e-12,0.0,1.0999980485915488,-2.9929577528193994e-06
1366680,0.11971831039530466,1.3325373089737074e-12,0.0,1.0999980485915488,-2.9929577528164695e-06
1366740,0.1197183103950486,1.33193351591532e-12,0.0,1.0999980485915488,-2.99295775281354e-06
1366800,0.11971831039479255,1.331329722856933e-12,0.0,1.0999980485915488,-2.99295775281061e-06
1366860,0.11971831039453651,1.3307259297985456e-12,0.0,1.0999980485915488,-2.9929577528076807e-06
1366920,0.11971831039428045,1.330122136740158e-12,0.0,1.0999980485915488,-2.992957752804751e-06
1366980,0.1197183103940244,1.3295183436817708e-12,0.0,1.0999980485915488,-2.9929577528018213e-06
1367040,0.11971831039376835,1.3289145506233834e-12,0.0,1.0999980485915488,-2.992957752798892e-06
1367100,0.1197183103935123,1.3283107575649963e-12,0.0,1.0999980485915488,-2.992957752795962e-06
1367160,0.11971831039325626,1.327706964506609e-12,0.0,1.0999980485915488,-2.9929577527930325e-06
1367220,0.1197183103930002,1.3271031714482216e-12,0.0,1.0999980485915488,-2.9929577527901026e-06
1367280,0.11971831039274415,1.3264993783898343e-12,0.0,1.0999980485915488,-2.992957752787173e-06
1367340,0.1197183103924881,1.325895585331447e-12,0.0,1.0999980485915488,-2.9929577527842433e-06
1367400,0.11971831039223205,1.3252917922730597e-12,0.0,1.0999980485915488,-2.992957752781314e-06
1367460,0.119718310391976,1.3246879992146725e-12,0.0,1.0999980485915488,-2.992957752778384e-06
1367520,0.11971831039171996,1.3240842061562852e-12,0.0,1.0999980485915488,-2.9929577527754545e-06
1367580,0.1197183103914639,1.3234804130978979e-12,0.0,1.0999980485915488,-2.992957752772525e-06
1367640,0.11971831039120785,1.3228766200395105e-12,0.0,1.0999980485915488,-2.992957752769595e-06
1367700,0.1197183103909518,1.3222728269811232e-12,0.0,1.0999980485915488,-2.9929577527666656e-06
1367760,0.11971831039069575,1.321669033922736e-12,0.0,1.0999980485915488,-2.9929577527637358e-06
1367820,0.1197183103904397,1.3210652408643488e-12,0.0,1.0999980485915488,-2.9929577527608063e-06
1367880,0.11971831039018364,1.3204614478059614e-12,0.0,1.0999980485915488,-2.9929577527578764e-06
1367940,0.1197183103899276,1.319857654747574e-12,0.0,1.0999980485915488,-2.992957752754947e-06
1368000,0.11971831038967155,1.3192538616891868e-12,0.0,1.0999980485915488,-2.992957752752017e-06
1368060,0.1197183103894155,1.3186500686307996e-12,0.0,1.0999980485915488,-2.9929577527490876e-06
1368120,0.11971831038915945,1.3180462755724123e-12,0.0,1.0999980485915488,-2.9929577527461577e-06
1368180,0.11971831038890339,1.317442482514025e-12,0.0,1.0999980485915488,-2.9929577527432282e-06
1368240,0.11971831038864734,1.3168386894556374e-12,0.0,1.0999980485915488,-2.9929577527402988e-06
1368300,0.1197183103883913,1.3162348963972501e-12,0.0,1.0999980485915488,-2.992957752737369e-06
1368360,0.11971831038813524,1.3156311033388628e-12,0.0,1.0999980485915488,-2.9929577527344394e-06
1368420,0.1197183103878792,1.3150273102804757e-12,0.0,1.0999980485915488,-2.9929577527315095e-06
1368480,0.11971831038762315,1.3144235172220883e-12,0.0,1.0999980485915488,-2.99295775272858e-06
1368540,0.11971831038736709,1.313819724163701e-12,0.0,1.0999980485915488,-2.99295775272565e-06
1368600,0.11971831038711105,1.3132159311053137e-12,0.0,1.0999980485915488,-2.9929577527227207e-06
1368660,0.119718310386855,1.3126121380469263e-12,0.0,1.0999980485915488,-2.992957752719791e-06
1368720,0.11971831038659894,1.3120083449885392e-12,0.0,1.0999980485915488,-2.9929577527168614e-06
1368780,0.1197183103863429,1.3114045519301519e-12,0.0,1.0999980485915488,-2.992957752713932e-06
1368840,0.11971831038608684,1.3108007588717646e-12,0.0,1.0999980485915488,-2.992957752711002e-06
1368900,0.11971831038583079,1.3101969658133772e-12,0.0,1.0999980485915488,-2.9929577527080726e-06
1368960,0.11971831038557475,1.30959317275499e-12,0.0,1.0999980485915488,-2.9929577527051427e-06
1369020,0.11971831038531869,1.3089893796966026e-12,0.0,1.0999980485915488,-2.9929577527022132e-06
1369080,0.11971831038506264,1.3083855866382154e-12,0.0,1.0999980485915488,-2.9929577526992833e-06
1369140,0.1197183103848066,1.3077817935798281e-12,0.0,1.0999980485915488,-2.992957752696354e-06
1369200,0.11971831038455054,1.3071780005214408e-12,0.0,1.0999980485915488,-2.992957752693424e-06
1369260,0.1197183103842945,1.3065742074630535e-12,0.0,1.0999980485915488,-2.9929577526904945e-06
1369320,0.11971831038403845,1.3059704144046661e-12,0.0,1.0999980485915488,-2.9929577526875646e-06
1369380,0.11971831038378239,1.305366621346279e-12,0.0,1.0999980485915488,-2.992957752684635e-06
1369440,0.11971831038352634,1.3047628282878917e-12,0.0,1.0999980485915488,-2.9929577526817057e-06
1369500,0.11971831038327028,1.3041590352295043e-12,0.0,1.0999980485915488,-2.992957752678776e-06
1369560,0.11971831038301424,1.3035552421711168e-12,0.0,1.0999980485915488,-2.9929577526758464e-06
1369620,0.1197183103827582,1.3029514491127295e-12,0.0,1.0999980485915488,-2.9929577526729165e-06
1369680,0.11971831038250214,1.3023476560543424e-12,0.0,1.0999980485915488,-2.992957752669987e-06
1369740,0.11971831038224609,1.301743862995955e-12,0.0,1.0999980485915488,-2.992957752667057e-06
1369800,0.11971831038199005,1.3011400699375677e-12,0.0,1.0999980485915488,-2.9929577526641276e-06
1369860,0.11971831038173399,1.3005362768791804e-12,0.0,1.0999980485915488,-2.9929577526611978e-06
1369920,0.11971831038147794,1.299932483820793e-12,0.0,1.0999980485915488,-2.9929577526582683e-06
1369980,0.1197183103812219,1.2993286907624057e-12,0.0,1.0999980485915488,-2.992957752655339e-06
1370040,0.11971831038096584,1.2987248977040186e-12,0.0,1.0999980485915488,-2.992957752652409e-06
1370100,0.11971831038070979,1.2981211046456313e-12,0.0,1.0999980485915488,-2.9929577526494795e-06
1370160,0.11971831038045373,1.297517311587244e-12,0.0,1.0999980485915488,-2.9929577526465496e-06
1370220,0.11971831038019769,1.2969135185288566e-12,0.0,1.0999980485915488,-2.99295775264362e-06
1370280,0.11971831037994164,1.2963097254704693e-12,0.0,1.0999980485915488,-2.9929577526406902e-06
1370340,0.11971831037968558,1.2957059324120821e-12,0.0,1.0999980485915488,-2.9929577526377608e-06
1370400,0.11971831037942954,1.2951021393536948e-12,0.0,1.0999980485915488,-2.992957752634831e-06
1370460,0.11971831037917349,1.2944983462953075e-12,0.0,1.0999980485915488,-2.9929577526319014e-06
1370520,0.11971831037891743,1.2938945532369202e-12,0.0,1.0999980485915488,-2.9929577526289715e-06
1370580,0.11971831037866139,1.2932907601785328e-12,0.0,1.0999980485915488,-2.992957752626042e-06
1370640,0.11971831037840533,1.2926869671201455e-12,0.0,1.0999980485915488,-2.9929577526231126e-06
1370700,0.11971831037814928,1.2920831740617584e-12,0.0,1.0999980485915488,-2.9929577526201827e-06
1370760,0.11971831037789324,1.291479381003371e-12,0.0,1.0999980485915488,-2.9929577526172533e-06
1370820,0.11971831037763718,1.2908755879449837e-12,0.0,1.0999980485915488,-2.9929577526143234e-06
1370880,0.11971831037738113,1.2902717948865962e-12,0.0,1.0999980485915488,-2.992957752611394e-06
1370940,0.11971831037712509,1.2896680018282089e-12,0.0,1.0999980485915488,-2.992957752608464e-06
1371000,0.11971831037686903,1.2890642087698217e-12,0.0,1.0999980485915488,-2.9929577526055346e-06
1371060,0.11971831037661299,1.2884604157114344e-12,0.0,1.0999980485915488,-2.9929577526026047e-06
1371120,0.11971831037635694,1.287856622653047e-12,0.0,1.0999980485915488,-2.9929577525996752e-06
1371180,0.11971831037610088,1.2872528295946597e-12,0.0,1.0999980485915488,-2.9929577525967458e-06
1371240,0.11971831037584484,1.2866490365362724e-12,0.0,1.0999980485915488,-2.992957752593816e-06
1371300,0.11971831037558878,1.2860452434778853e-12,0.0,1.0999980485915488,-2.9929577525908864e-06
1371360,0.11971831037533273,1.285441450419498e-12,0.0,1.0999980485915488,-2.9929577525879565e-06
1371420,0.11971831037507669,1.2848376573611106e-12,0.0,1.0999980485915488,-2.992957752585027e-06
1371480,0.11971831037482063,1.2842338643027233e-12,0.0,1.0999980485915488,-2.992957752582097e-06
1371540,0.11971831037456458,1.283630071244336e-12,0.0,1.0999980485915488,-2.9929577525791677e-06
1371600,0.11971831037430854,1.2830262781859486e-12,0.0,1.0999980485915488,-2.992957752576238e-06
1371660,0.11971831037405248,1.2824224851275615e-12,0.0,1.0999980485915488,-2.9929577525733084e-06
1371720,0.11971831037379643,1.2818186920691742e-12,0.0,1.0999980485915488,-2.9929577525703785e-06
1371780,0.11971831037354039,1.2812148990107869e-12,0.0,1.0999980485915488,-2.992957752567449e-06
1371840,0.11971831037328433,1.2806111059523995e-12,0.0,1.0999980485915488,-2.9929577525645195e-06
1371900,0.11971831037302828,1.2800073128940122e-12,0.0,1.0999980485915488,-2.9929577525615897e-06
1371960,0.11971831037277222,1.279403519835625e-12,0.0,1.0999980485915488,-2.99295775255866e-06
1372020,0.11971831037251618,1.2787997267772377e-12,0.0,1.0999980485915488,-2.9929577525557303e-06
1372080,0.11971831037226013,1.2781959337188504e-12,0.0,1.0999980485915488,-2.992957752552801e-06
1372140,0.11971831037200407,1.277592140660463e-12,0.0,1.0999980485915488,-2.992957752549871e-06
1372200,0.11971831037174803,1.2769883476020756e-12,0.0,1.0999980485915488,-2.9929577525469415e-06
1372260,0.11971831037149198,1.2763845545436884e-12,0.0,1.0999980485915488,-2.9929577525440116e-06
1372320,0.11971831037123593,1.275780761485301e-12,0.0,1.0999980485915488,-2.992957752541082e-06
1372380,0.11971831037097988,1.2751769684269138e-12,0.0,1.0999980485915488,-2.9929577525381527e-06
1372440,0.11971831037072383,1.2745731753685264e-12,0.0,1.0999980485915488,-2.9929577525352228e-06
1372500,0.11971831037046778,1.2739693823101391e-12,0.0,1.0999980485915488,-2.9929577525322933e-06
1372560,0.11971831037021173,1.2733655892517518e-12,0.0,1.0999980485915488,-2.9929577525293634e-06
1372620,0.11971831036995567,1.2727617961933647e-12,0.0,1.0999980485915488,-2.992957752526434e-06
1372680,0.11971831036969963,1.2721580031349773e-12,0.0,1.0999980485915488,-2.992957752523504e-06
1372740,0.11971831036944358,1.27155421007659e-12,0.0,1.0999980485915488,-2.9929577525205746e-06
1372800,0.11971831036918752,1.2709504170182027e-12,0.0,1.0999980485915488,-2.9929577525176447e-06
1372860,0.11971831036893148,1.2703466239598153e-12,0.0,1.0999980485915488,-2.9929577525147153e-06
1372920,0.11971831036867543,1.2697428309014282e-12,0.0,1.0999980485915488,-2.9929577525117854e-06
1372980,0.11971831036841937,1.2691390378430409e-12,0.0,1.0999980485915488,-2.992957752508856e-06
1373040,0.11971831036816333,1.2685352447846536e-12,0.0,1.0999980485915488,-2.9929577525059265e-06
1373100,0.11971831036790727,1.2679314517262662e-12,0.0,1.0999980485915488,-2.9929577525029966e-06
1373160,0.11971831036765122,1.2673276586678789e-12,0.0,1.0999980485915488,-2.992957752500067e-06
1373220,0.11971831036739518,1.2667238656094916e-12,0.0,1.0999980485915488,-2.9929577524971372e-06
1373280,0.11971831036713912,1.2661200725511044e-12,0.0,1.0999980485915488,-2.9929577524942078e-06
1373340,0.11971831036688307,1.2655162794927171e-12,0.0,1.0999980485915488,-2.992957752491278e-06
1373400,0.11971831036662703,1.2649124864343298e-12,0.0,1.0999980485915488,-2.9929577524883484e-06
1373460,0.11971831036637097,1.2643086933759424e-12,0.0,1.0999980485915488,-2.9929577524854185e-06
1373520,0.11971831036611492,1.263704900317555e-12,0.0,1.0999980485915488,-2.992957752482489e-06
1373580,0.11971831036585888,1.2631011072591678e-12,0.0,1.0999980485915488,-2.9929577524795596e-06
1373640,0.11971831036560282,1.2624973142007805e-12,0.0,1.0999980485915488,-2.9929577524766297e-06
1373700,0.11971831036534678,1.2618935211423931e-12,0.0,1.0999980485915488,-2.9929577524737002e-06
1373760,0.11971831036509072,1.2612897280840058e-12,0.0,1.0999980485915488,-2.9929577524707704e-06
1373820,0.11971831036483467,1.2606859350256185e-12,0.0,1.0999980485915488,-2.992957752467841e-06
1373880,0.11971831036457863,1.2600821419672313e-12,0.0,1.0999980485915488,-2.992957752464911e-06
1373940,0.11971831036432257,1.259478348908844e-12,0.0,1.0999980485915488,-2.9929577524619815e-06
1374000,0.11971831036406652,1.2588745558504567e-12,0.0,1.0999980485915488,-2.9929577524590517e-06
1374060,0.11971831036381048,1.2582707627920694e-12,0.0,1.0999980485915488,-2.992957752456122e-06
1374120,0.11971831036355442,1.257666969733682e-12,0.0,1.0999980485915488,-2.9929577524531923e-06
1374180,0.11971831036329837,1.2570631766752947e-12,0.0,1.0999980485915488,-2.992957752450263e-06
1374240,0.11971831036304233,1.2564593836169076e-12,0.0,1.0999980485915488,-2.9929577524473334e-06
1374300,0.11971831036278627,1.2558555905585202e-12,0.0,1.0999980485915488,-2.9929577524444035e-06
1374360,0.11971831036253022,1.255251797500133e-12,0.0,1.0999980485915488,-2.992957752441474e-06
1374420,0.11971831036227416,1.2546480044417456e-12,0.0,1.0999980485915488,-2.992957752438544e-06
1374480,0.11971831036201812,1.2540442113833583e-12,0.0,1.0999980485915488,-2.9929577524356147e-06
1374540,0.11971831036176207,1.2534404183249711e-12,0.0,1.0999980485915488,-2.992957752432685e-06
1374600,0.11971831036150601,1.2528366252665838e-12,0.0,1.0999980485915488,-2.9929577524297553e-06
1374660,0.11971831036124997,1.2522328322081965e-12,0.0,1.0999980485915488,-2.9929577524268254e-06
1374720,0.11971831036099392,1.2516290391498091e-12,0.0,1.0999980485915488,-2.992957752423896e-06
1374780,0.11971831036073786,1.2510252460914216e-12,0.0,1.0999980485915488,-2.9929577524209665e-06
1374840,0.11971831036048182,1.2504214530330345e-12,0.0,1.0999980485915488,-2.9929577524180366e-06
1374900,0.11971831036022577,1.2498176599746472e-12,0.0,1.0999980485915488,-2.992957752415107e-06
1374960,0.11971831035996972,1.2492138669162598e-12,0.0,1.0999980485915488,-2.9929577524121773e-06
1375020,0.11971831035971367,1.2486100738578725e-12,0.0,1.0999980485915488,-2.992957752409248e-06
1375080,0.11971831035945761,1.2480062807994852e-12,0.0,1.0999980485915488,-2.992957752406318e-06
1375140,0.11971831035920157,1.2474024877410978e-12,0.0,1.0999980485915488,-2.9929577524033885e-06
1375200,0.11971831035894552,1.2467986946827107e-12,0.0,1.0999980485915488,-2.9929577524004586e-06
1375260,0.11971831035868946,1.2461949016243234e-12,0.0,1.0999980485915488,-2.992957752397529e-06
1375320,0.11971831035843342,1.245591108565936e-12,0.0,1.0999980485915488,-2.9929577523945992e-06
1375380,0.11971831035817737,1.2449873155075487e-12,0.0,1.0999980485915488,-2.9929577523916698e-06
1375440,0.11971831035792131,1.2443835224491614e-12,0.0,1.0999980485915488,-2.9929577523887403e-06
1375500,0.11971831035766527,1.2437797293907743e-12,0.0,1.0999980485915488,-2.9929577523858104e-06
1375560,0.11971831035740921,1.243175936332387e-12,0.0,1.0999980485915488,-2.992957752382881e-06
1375620,0.11971831035715316,1.2425721432739996e-12,0.0,1.0999980485915488,-2.992957752379951e-06
1375680,0.11971831035689712,1.2419683502156123e-12,0.0,1.0999980485915488,-2.9929577523770216e-06
1375740,0.11971831035664106,1.241364557157225e-12,0.0,1.0999980485915488,-2.9929577523740917e-06
1375800,0.11971831035638501,1.2407607640988376e-12,0.0,1.0999980485915488,-2.9929577523711622e-06
1375860,0.11971831035612897,1.2401569710404505e-12,0.0,1.0999980485915488,-2.9929577523682324e-06
1375920,0.11971831035587291,1.2395531779820632e-12,0.0,1.0999980485915488,-2.992957752365303e-06
1375980,0.11971831035561686,1.2389493849236758e-12,0.0,1.0999980485915488,-2.9929577523623734e-06
1376040,0.11971831035536082,1.2383455918652885e-12,0.0,1.0999980485915488,-2.9929577523594435e-06
1376100,0.11971831035510476,1.237741798806901e-12,0.0,1.0999980485915488,-2.992957752356514e-06
1376160,0.11971831035484871,1.2371380057485139e-12,0.0,1.0999980485915488,-2.992957752353584e-06
1376220,0.11971831035459266,1.2365342126901265e-12,0.0,1.0999980485915488,-2.9929577523506547e-06
1376280,0.11971831035433661,1.2359304196317392e-12,0.0,1.0999980485915488,-2.992957752347725e-06
1376340,0.11971831035408056,1.2353266265733519e-12,0.0,1.0999980485915488,-2.9929577523447954e-06
1376400,0.1197183103538245,1.2347228335149645e-12,0.0,1.0999980485915488,-2.9929577523418655e-06
1376460,0.11971831035356846,1.2341190404565774e-12,0.0,1.0999980485915488,-2.992957752338936e-06
1376520,0.11971831035331242,1.23351524739819e-12,0.0,1.0999980485915488,-2.992957752336006e-06
1376580,0.11971831035305636,1.2329114543398028e-12,0.0,1.0999980485915488,-2.9929577523330767e-06
1376640,0.11971831035280031,1.2323076612814154e-12,0.0,1.0999980485915488,-2.9929577523301472e-06
1376700,0.11971831035254427,1.231703868223028e-12,0.0,1.0999980485915488,-2.9929577523272173e-06
1376760,0.11971831035228821,1.2311000751646408e-12,0.0,1.0999980485915488,-2.992957752324288e-06
1376820,0.11971831035203216,1.2304962821062536e-12,0.0,1.0999980485915488,-2.992957752321358e-06
1376880,0.1197183103517761,1.2298924890478663e-12,0.0,1.0999980485915488,-2.9929577523184285e-06
1376940,0.11971831035152006,1.229288695989479e-12,0.0,1.0999980485915488,-2.9929577523154986e-06
1377000,0.11971831035126401,1.2286849029310917e-12,0.0,1.0999980485915488,-2.992957752312569e-06
1377060,0.11971831035100795,1.2280811098727043e-12,0.0,1.0999980485915488,-2.9929577523096393e-06
1377120,0.11971831035075191,1.2274773168143172e-12,0.0,1.0999980485915488,-2.99295775230671e-06
1377180,0.11971831035049586,1.2268735237559299e-12,0.0,1.0999980485915488,-2.9929577523037804e-06
1377240,0.1197183103502398,1.2262697306975425e-12,0.0,1.0999980485915488,-2.9929577523008505e-06
1377300,0.11971831034998376,1.2256659376391552e-12,0.0,1.0999980485915488,-2.992957752297921e-06
1377360,0.1197183103497277,1.2250621445807679e-12,0.0,1.0999980485915488,-2.992957752294991e-06
1377420,0.11971831034947165,1.2244583515223806e-12,0.0,1.0999980485915488,-2.9929577522920617e-06
1377480,0.11971831034921561,1.2238545584639932e-12,0.0,1.0999980485915488,-2.9929577522891318e-06
1377540,0.11971831034895955,1.2232507654056059e-12,0.0,1.0999980485915488,-2.9929577522862023e-06
1377600,0.1197183103487035,1.2226469723472186e-12,0.0,1.0999980485915488,-2.9929577522832724e-06
1377660,0.11971831034844746,1.2220431792888312e-12,0.0,1.0999980485915488,-2.992957752280343e-06
1377720,0.1197183103481914,1.221439386230444e-12,0.0,1.0999980485915488,-2.992957752277413e-06
1377780,0.11971831034793536,1.2208355931720568e-12,0.0,1.0999980485915488,-2.9929577522744836e-06
1377840,0.11971831034767931,1.2202318001136695e-12,0.0,1.0999980485915488,-2.992957752271554e-06
1377900,0.11971831034742325,1.2196280070552821e-12,0.0,1.0999980485915488,-2.9929577522686242e-06
1377960,0.1197183103471672,1.2190242139968948e-12,0.0,1.0999980485915488,-2.9929577522656948e-06
1378020,0.11971831034691115,1.2184204209385075e-12,0.0,1.0999980485915488,-2.992957752262765e-06
1378080,0.1197183103466551,1.2178166278801203e-12,0.0,1.0999980485915488,-2.9929577522598354e-06
1378140,0.11971831034639906,1.217212834821733e-12,0.0,1.0999980485915488,-2.9929577522569055e-06
1378200,0.119718310346143,1.2166090417633457e-12,0.0,1.0999980485915488,-2.992957752253976e-06
1378260,0.11971831034588695,1.2160052487049583e-12,0.0,1.0999980485915488,-2.992957752251046e-06
1378320,0.11971831034563091,1.215401455646571e-12,0.0,1.0999980485915488,-2.9929577522481167e-06
1378380,0.11971831034537485,1.2147976625881837e-12,0.0,1.0999980485915488,-2.9929577522451873e-06
1378440,0.1197183103451188,1.2141938695297966e-12,0.0,1.0999980485915488,-2.9929577522422574e-06
1378500,0.11971831034486276,1.2135900764714092e-12,0.0,1.0999980485915488,-2.992957752239328e-06
1378560,0.1197183103446067,1.212986283413022e-12,0.0,1.0999980485915488,-2.992957752236398e-06
1378620,0.11971831034435065,1.2123824903546346e-12,0.0,1.0999980485915488,-2.9929577522334686e-06
1378680,0.1197183103440946,1.2117786972962472e-12,0.0,1.0999980485915488,-2.9929577522305387e-06
1378740,0.11971831034383855,1.21117490423786e-12,0.0,1.0999980485915488,-2.9929577522276092e-06
1378800,0.1197183103435825,1.2105711111794726e-12,0.0,1.0999980485915488,-2.9929577522246793e-06
1378860,0.11971831034332645,1.2099673181210853e-12,0.0,1.0999980485915488,-2.99295775222175e-06
1378920,0.1197183103430704,1.209363525062698e-12,0.0,1.0999980485915488,-2.9929577522188204e-06
1378980,0.11971831034281435,1.2087597320043106e-12,0.0,1.0999980485915488,-2.9929577522158905e-06
1379040,0.1197183103425583,1.2081559389459235e-12,0.0,1.0999980485915488,-2.992957752212961e-06
1379100,0.11971831034230225,1.2075521458875361e-12,0.0,1.0999980485915488,-2.992957752210031e-06
1379160,0.1197183103420462,1.2069483528291488e-12,0.0,1.0999980485915488,-2.9929577522071017e-06
1379220,0.11971831034179015,1.2063445597707615e-12,0.0,1.0999980485915488,-2.992957752204172e-06
1379280,0.1197183103415341,1.2057407667123742e-12,0.0,1.0999980485915488,-2.9929577522012424e-06
1379340,0.11971831034127804,1.2051369736539868e-12,0.0,1.0999980485915488,-2.9929577521983125e-06
1379400,0.119718310341022,1.2045331805955997e-12,0.0,1.0999980485915488,-2.992957752195383e-06
1379460,0.11971831034076595,1.2039293875372124e-12,0.0,1.0999980485915488,-2.992957752192453e-06
1379520,0.11971831034050989,1.203325594478825e-12,0.0,1.0999980485915488,-2.9929577521895237e-06
1379580,0.11971831034025385,1.2027218014204377e-12,0.0,1.0999980485915488,-2.992957752186594e-06
1379640,0.1197183103399978,1.2021180083620504e-12,0.0,1.0999980485915488,-2.9929577521836643e-06
1379700,0.11971831033974174,1.2015142153036633e-12,0.0,1.0999980485915488,-2.992957752180735e-06
1379760,0.1197183103394857,1.200910422245276e-12,0.0,1.0999980485915488,-2.992957752177805e-06
1379820,0.11971831033922964,1.2003066291868886e-12,0.0,1.0999980485915488,-2.9929577521748755e-06
1379880,0.1197183103389736,1.1997028361285013e-12,0.0,1.0999980485915488,-2.9929577521719456e-06
1379940,0.11971831033871755,1.199099043070114e-12,0.0,1.0999980485915488,-2.992957752169016e-06
1380000,0.11971831033846149,1.1984952500117266e-12,0.0,1.0999980485915488,-2.9929577521660863e-06
1380060,0.11971831033820544,1.1978914569533393e-12,0.0,1.0999980485915488,-2.992957752163157e-06
1380120,0.1197183103379494,1.197287663894952e-12,0.0,1.0999980485915488,-2.9929577521602273e-06
1380180,0.11971831033769334,1.1966838708365646e-12,0.0,1.0999980485915488,-2.9929577521572974e-06
1380240,0.1197183103374373,1.1960800777781773e-12,0.0,1.0999980485915488,-2.992957752154368e-06
1380300,0.11971831033718125,1.19547628471979e-12,0.0,1.0999980485915488,-2.992957752151438e-06
1380360,0.11971831033692519,1.1948724916614028e-12,0.0,1.0999980485915488,-2.9929577521485086e-06
1380420,0.11971831033666915,1.1942686986030155e-12,0.0,1.0999980485915488,-2.9929577521455787e-06
1380480,0.11971831033641309,1.1936649055446282e-12,0.0,1.0999980485915488,-2.9929577521426493e-06
1380540,0.11971831033615704,1.1930611124862409e-12,0.0,1.0999980485915488,-2.9929577521397194e-06
1380600,0.119718310335901,1.1924573194278535e-12,0.0,1.0999980485915488,-2.99295775213679e-06
1380660,0.11971831033564494,1.1918535263694664e-12,0.0,1.0999980485915488,-2.99295775213386e-06
1380720,0.11971831033538889,1.191249733311079e-12,0.0,1.0999980485915488,-2.9929577521309306e-06
1380780,0.11971831033513285,1.1906459402526917e-12,0.0,1.0999980485915488,-2.992957752128001e-06
1380840,0.11971831033487679,1.1900421471943044e-12,0.0,1.0999980485915488,-2.9929577521250712e-06
1380900,0.11971831033462074,1.189438354135917e-12,0.0,1.0999980485915488,-2.9929577521221418e-06
1380960,0.1197183103343647,1.1888345610775298e-12,0.0,1.0999980485915488,-2.992957752119212e-06
1381020,0.11971831033410864,1.1882307680191426e-12,0.0,1.0999980485915488,-2.9929577521162824e-06
1381080,0.11971831033385259,1.1876269749607553e-12,0.0,1.0999980485915488,-2.9929577521133525e-06
1381140,0.11971831033359653,1.187023181902368e-12,0.0,1.0999980485915488,-2.992957752110423e-06
1381200,0.11971831033334049,1.1864193888439806e-12,0.0,1.0999980485915488,-2.992957752107493e-06
1381260,0.11971831033308444,1.1858155957855933e-12,0.0,1.0999980485915488,-2.9929577521045637e-06
1381320,0.11971831033282838,1.1852118027272062e-12,0.0,1.0999980485915488,-2.9929577521016342e-06
1381380,0.11971831033257234,1.1846080096688187e-12,0.0,1.0999980485915488,-2.9929577520987044e-06
1381440,0.1197183103323163,1.1840042166104313e-12,0.0,1.0999980485915488,-2.992957752095775e-06
1381500,0.11971831033206023,1.183400423552044e-12,0.0,1.0999980485915488,-2.992957752092845e-06
1381560,0.11971831033180419,1.1827966304936567e-12,0.0,1.0999980485915488,-2.9929577520899155e-06
1381620,0.11971831033154814,1.1821928374352693e-12,0.0,1.0999980485915488,-2.9929577520869857e-06
1381680,0.11971831033129209,1.1815890443768822e-12,0.0,1.0999980485915488,-2.992957752084056e-06
1381740,0.11971831033103604,1.1809852513184949e-12,0.0,1.0999980485915488,-2.9929577520811263e-06
1381800,0.11971831033077998,1.1803814582601076e-12,0.0,1.0999980485915488,-2.992957752078197e-06
1381860,0.11971831033052394,1.1797776652017202e-12,0.0,1.0999980485915488,-2.992957752075267e-06
1381920,0.11971831033026789,1.1791738721433329e-12,0.0,1.0999980485915488,-2.9929577520723375e-06
1381980,0.11971831033001183,1.1785700790849458e-12,0.0,1.0999980485915488,-2.992957752069408e-06
1382040,0.11971831032975579,1.1779662860265584e-12,0.0,1.0999980485915488,-2.992957752066478e-06
1382100,0.11971831032949974,1.1773624929681711e-12,0.0,1.0999980485915488,-2.9929577520635487e-06
1382160,0.11971831032924368,1.1767586999097838e-12,0.0,1.0999980485915488,-2.992957752060619e-06
1382220,0.11971831032898764,1.1761549068513965e-12,0.0,1.0999980485915488,-2.9929577520576893e-06
1382280,0.11971831032873158,1.1755511137930093e-12,0.0,1.0999980485915488,-2.9929577520547594e-06
1382340,0.11971831032847553,1.174947320734622e-12,0.0,1.0999980485915488,-2.99295775205183e-06
1382400,0.11971831032821949,1.1743435276762347e-12,0.0,1.0999980485915488,-2.9929577520489e-06
1382460,0.11971831032796343,1.1737397346178473e-12,0.0,1.0999980485915488,-2.9929577520459706e-06
1382520,0.11971831032770738,1.17313594155946e-12,0.0,1.0999980485915488,-2.992957752043041e-06
1382580,0.11971831032745134,1.1725321485010727e-12,0.0,1.0999980485915488,-2.9929577520401113e-06
1382640,0.11971831032719528,1.1719283554426856e-12,0.0,1.0999980485915488,-2.992957752037182e-06
1382700,0.11971831032693923,1.171324562384298e-12,0.0,1.0999980485915488,-2.992957752034252e-06
1382760,0.11971831032668319,1.1707207693259107e-12,0.0,1.0999980485915488,-2.9929577520313225e-06
1382820,0.11971831032642713,1.1701169762675234e-12,0.0,1.0999980485915488,-2.9929577520283926e-06
1382880,0.11971831032617108,1.169513183209136e-12,0.0,1.0999980485915488,-2.992957752025463e-06
1382940,0.11971831032591503,1.168909390150749e-12,0.0,1.0999980485915488,-2.9929577520225332e-06
1383000,0.11971831032565898,1.1683055970923616e-12,0.0,1.0999980485915488,-2.9929577520196038e-06
1383060,0.11971831032540294,1.1677018040339742e-12,0.0,1.0999980485915488,-2.992957752016674e-06
1383120,0.11971831032514688,1.167098010975587e-12,0.0,1.0999980485915488,-2.9929577520137444e-06
1383180,0.11971831032489083,1.1664942179171996e-12,0.0,1.0999980485915488,-2.992957752010815e-06
1383240,0.11971831032463479,1.1658904248588123e-12,0.0,1.0999980485915488,-2.992957752007885e-06
1383300,0.11971831032437873,1.1652866318004251e-12,0.0,1.0999980485915488,-2.9929577520049556e-06
1383360,0.11971831032412268,1.1646828387420378e-12,0.0,1.0999980485915488,-2.9929577520020257e-06
1383420,0.11971831032386664,1.1640790456836505e-12,0.0,1.0999980485915488,-2.9929577519990962e-06
1383480,0.11971831032361058,1.1634752526252631e-12,0.0,1.0999980485915488,-2.9929577519961664e-06
1383540,0.11971831032335453,1.1628714595668758e-12,0.0,1.0999980485915488,-2.992957751993237e-06
1383600,0.11971831032309847,1.1622676665084887e-12,0.0,1.0999980485915488,-2.992957751990307e-06
1383660,0.11971831032284243,1.1616638734501014e-12,0.0,1.0999980485915488,-2.9929577519873775e-06
1383720,0.11971831032258638,1.161060080391714e-12,0.0,1.0999980485915488,-2.992957751984448e-06
1383780,0.11971831032233032,1.1604562873333267e-12,0.0,1.0999980485915488,-2.992957751981518e-06
1383840,0.11971831032207428,1.1598524942749394e-12,0.0,1.0999980485915488,-2.9929577519785887e-06
1383900,0.11971831032181823,1.1592487012165522e-12,0.0,1.0999980485915488,-2.992957751975659e-06
1383960,0.11971831032156217,1.158644908158165e-12,0.0,1.0999980485915488,-2.9929577519727294e-06
1384020,0.11971831032130613,1.1580411150997774e-12,0.0,1.0999980485915488,-2.9929577519697995e-06
1384080,0.11971831032105008,1.15743732204139e-12,0.0,1.0999980485915488,-2.99295775196687e-06
1384140,0.11971831032079402,1.1568335289830027e-12,0.0,1.0999980485915488,-2.99295775196394e-06
1384200,0.11971831032053798,1.1562297359246154e-12,0.0,1.0999980485915488,-2.9929577519610107e-06
1384260,0.11971831032028192,1.1556259428662283e-12,0.0,1.0999980485915488,-2.992957751958081e-06
1384320,0.11971831032002588,1.155022149807841e-12,0.0,1.0999980485915488,-2.9929577519551513e-06
1384380,0.11971831031976983,1.1544183567494536e-12,0.0,1.0999980485915488,-2.992957751952222e-06
1384440,0.11971831031951377,1.1538145636910663e-12,0.0,1.0999980485915488,-2.992957751949292e-06
1384500,0.11971831031925773,1.153210770632679e-12,0.0,1.0999980485915488,-2.9929577519463625e-06
1384560,0.11971831031900168,1.1526069775742918e-12,0.0,1.0999980485915488,-2.9929577519434326e-06
1384620,0.11971831031874562,1.1520031845159045e-12,0.0,1.0999980485915488,-2.992957751940503e-06
1384680,0.11971831031848958,1.1513993914575172e-12,0.0,1.0999980485915488,-2.9929577519375733e-06
1384740,0.11971831031823352,1.1507955983991298e-12,0.0,1.0999980485915488,-2.992957751934644e-06
1384800,0.11971831031797747,1.1501918053407425e-12,0.0,1.0999980485915488,-2.992957751931714e-06
1384860,0.11971831031772143,1.1495880122823552e-12,0.0,1.0999980485915488,-2.9929577519287845e-06
1384920,0.11971831031746537,1.148984219223968e-12,0.0,1.0999980485915488,-2.992957751925855e-06
1384980,0.11971831031720932,1.1483804261655807e-12,0.0,1.0999980485915488,-2.992957751922925e-06
1385040,0.11971831031695328,1.1477766331071934e-12,0.0,1.0999980485915488,-2.9929577519199957e-06
1385100,0.11971831031669722,1.147172840048806e-12,0.0,1.0999980485915488,-2.9929577519170658e-06
1385160,0.11971831031644117,1.1465690469904187e-12,0.0,1.0999980485915488,-2.9929577519141363e-06
1385220,0.11971831031618513,1.1459652539320316e-12,0.0,1.0999980485915488,-2.9929577519112064e-06
1385280,0.11971831031592907,1.1453614608736443e-12,0.0,1.0999980485915488,-2.992957751908277e-06
1385340,0.11971831031567302,1.1447576678152568e-12,0.0,1.0999980485915488,-2.992957751905347e-06
1385400,0.11971831031541696,1.1441538747568694e-12,0.0,1.0999980485915488,-2.9929577519024176e-06
1385460,0.11971831031516092,1.143550081698482e-12,0.0,1.0999980485915488,-2.9929577518994877e-06
1385520,0.11971831031490487,1.142946288640095e-12,0.0,1.0999980485915488,-2.9929577518965583e-06
1385580,0.11971831031464882,1.1423424955817076e-12,0.0,1.0999980485915488,-2.9929577518936288e-06
1385640,0.11971831031439277,1.1417387025233203e-12,0.0,1.0999980485915488,-2.992957751890699e-06
1385700,0.11971831031413672,1.141134909464933e-12,0.0,1.0999980485915488,-2.9929577518877694e-06
1385760,0.11971831031388067,1.1405311164065457e-12,0.0,1.0999980485915488,-2.9929577518848396e-06
1385820,0.11971831031362462,1.1399273233481583e-12,0.0,1.0999980485915488,-2.99295775188191e-06
1385880,0.11971831031336858,1.1393235302897712e-12,0.0,1.0999980485915488,-2.99295775187898e-06
1385940,0.11971831031311252,1.1387197372313839e-12,0.0,1.0999980485915488,-2.9929577518760507e-06
1386000,0.11971831031285647,1.1381159441729965e-12,0.0,1.0999980485915488,-2.992957751873121e-06
1386060,0.11971831031260041,1.1375121511146092e-12,0.0,1.0999980485915488,-2.9929577518701914e-06
1386120,0.11971831031234437,1.1369083580562219e-12,0.0,1.0999980485915488,-2.992957751867262e-06
1386180,0.11971831031208832,1.1363045649978348e-12,0.0,1.0999980485915488,-2.992957751864332e-06
1386240,0.11971831031183226,1.1357007719394474e-12,0.0,1.0999980485915488,-2.9929577518614026e-06
1386300,0.11971831031157622,1.13509697888106e-12,0.0,1.0999980485915488,-2.9929577518584727e-06
1386360,0.11971831031132017,1.1344931858226728e-12,0.0,1.0999980485915488,-2.9929577518555432e-06
1386420,0.11971831031106411,1.1338893927642854e-12,0.0,1.0999980485915488,-2.9929577518526133e-06
1386480,0.11971831031080807,1.1332855997058983e-12,0.0,1.0999980485915488,-2.992957751849684e-06
1386540,0.11971831031055202,1.1326818066475108e-12,0.0,1.0999980485915488,-2.992957751846754e-06
1386600,0.11971831031029596,1.1320780135891237e-12,0.0,1.0999980485915488,-2.9929577518438245e-06
1386660,0.11971831031003992,1.1314742205307361e-12,0.0,1.0999980485915488,-2.9929577518408946e-06
1386720,0.11971831030978386,1.130870427472349e-12,0.0,1.0999980485915488,-2.992957751837965e-06
1386780,0.11971831030952781,1.1302666344139615e-12,0.0,1.0999980485915488,-2.9929577518350357e-06
1386840,0.11971831030927177,1.1296628413555743e-12,0.0,1.0999980485915488,-2.992957751832106e-06
1386900,0.11971831030901571,1.129059048297187e-12,0.0,1.0999980485915488,-2.9929577518291764e-06
1386960,0.11971831030875967,1.1284552552387997e-12,0.0,1.0999980485915488,-2.9929577518262465e-06
1387020,0.11971831030850362,1.1278514621804124e-12,0.0,1.0999980485915488,-2.992957751823317e-06
1387080,0.11971831030824756,1.127247669122025e-12,0.0,1.0999980485915488,-2.992957751820387e-06
1387140,0.11971831030799152,1.1266438760636379e-12,0.0,1.0999980485915488,-2.9929577518174577e-06
1387200,0.11971831030773546,1.1260400830052504e-12,0.0,1.0999980485915488,-2.9929577518145278e-06
1387260,0.11971831030747941,1.1254362899468632e-12,0.0,1.0999980485915488,-2.9929577518115983e-06
1387320,0.11971831030722337,1.124832496888476e-12,0.0,1.0999980485915488,-2.992957751808669e-06
1387380,0.11971831030696731,1.1242287038300886e-12,0.0,1.0999980485915488,-2.992957751805739e-06
1387440,0.11971831030671126,1.1236249107717015e-12,0.0,1.0999980485915488,-2.9929577518028095e-06
1387500,0.11971831030645522,1.123021117713314e-12,0.0,1.0999980485915488,-2.9929577517998796e-06
1387560,0.11971831030619916,1.1224173246549268e-12,0.0,1.0999980485915488,-2.99295775179695e-06
1387620,0.11971831030594311,1.1218135315965395e-12,0.0,1.0999980485915488,-2.9929577517940203e-06
1387680,0.11971831030568707,1.1212097385381521e-12,0.0,1.0999980485915488,-2.992957751791091e-06
1387740,0.11971831030543101,1.120605945479765e-12,0.0,1.0999980485915488,-2.992957751788161e-06
1387800,0.11971831030517496,1.1200021524213775e-12,0.0,1.0999980485915488,-2.9929577517852314e-06
1387860,0.1197183103049189,1.1193983593629903e-12,0.0,1.0999980485915488,-2.9929577517823016e-06
1387920,0.11971831030466286,1.118794566304603e-12,0.0,1.0999980485915488,-2.992957751779372e-06
1387980,0.11971831030440681,1.1181907732462155e-12,0.0,1.0999980485915488,-2.9929577517764426e-06
1388040,0.11971831030415075,1.1175869801878282e-12,0.0,1.0999980485915488,-2.9929577517735127e-06
1388100,0.11971831030389471,1.116983187129441e-12,0.0,1.0999980485915488,-2.9929577517705833e-06
1388160,0.11971831030363866,1.1163793940710535e-12,0.0,1.0999980485915488,-2.9929577517676534e-06
1388220,0.1197183103033826,1.1157756010126664e-12,0.0,1.0999980485915488,-2.992957751764724e-06
1388280,0.11971831030312656,1.115171807954279e-12,0.0,1.0999980485915488,-2.992957751761794e-06
1388340,0.11971831030287051,1.1145680148958917e-12,0.0,1.0999980485915488,-2.9929577517588646e-06
1388400,0.11971831030261446,1.1139642218375046e-12,0.0,1.0999980485915488,-2.9929577517559347e-06
1388460,0.11971831030235841,1.113360428779117e-12,0.0,1.0999980485915488,-2.9929577517530052e-06
1388520,0.11971831030210235,1.11275663572073e-12,0.0,1.0999980485915488,-2.9929577517500758e-06
1388580,0.1197183103018463,1.1121528426623426e-12,0.0,1.0999980485915488,-2.992957751747146e-06
1388640,0.11971831030159026,1.1115490496039553e-12,0.0,1.0999980485915488,-2.9929577517442164e-06
1388700,0.1197183103013342,1.1109452565455681e-12,0.0,1.0999980485915488,-2.9929577517412865e-06
1388760,0.11971831030107816,1.1103414634871806e-12,0.0,1.0999980485915488,-2.992957751738357e-06
1388820,0.11971831030082211,1.1097376704287935e-12,0.0,1.0999980485915488,-2.992957751735427e-06
1388880,0.11971831030056605,1.1091338773704062e-12,0.0,1.0999980485915488,-2.9929577517324977e-06
1388940,0.11971831030031001,1.1085300843120188e-12,0.0,1.0999980485915488,-2.992957751729568e-06
1389000,0.11971831030005396,1.1079262912536317e-12,0.0,1.0999980485915488,-2.9929577517266384e-06
1389060,0.1197183102997979,1.1073224981952442e-12,0.0,1.0999980485915488,-2.9929577517237085e-06
1389120,0.11971831029954186,1.106718705136857e-12,0.0,1.0999980485915488,-2.992957751720779e-06
1389180,0.1197183102992858,1.1061149120784697e-12,0.0,1.0999980485915488,-2.9929577517178495e-06
1389240,0.11971831029902975,1.1055111190200824e-12,0.0,1.0999980485915488,-2.9929577517149197e-06
1389300,0.11971831029877371,1.1049073259616949e-12,0.0,1.0999980485915488,-2.99295775171199e-06
1389360,0.11971831029851765,1.1043035329033077e-12,0.0,1.0999980485915488,-2.9929577517090603e-06
1389420,0.1197183102982616,1.1036997398449202e-12,0.0,1.0999980485915488,-2.992957751706131e-06
1389480,0.11971831029800556,1.103095946786533e-12,0.0,1.0999980485915488,-2.992957751703201e-06
1389540,0.1197183102977495,1.1024921537281457e-12,0.0,1.0999980485915488,-2.9929577517002715e-06
1389600,0.11971831029749345,1.1018883606697584e-12,0.0,1.0999980485915488,-2.9929577516973416e-06
1389660,0.1197183102972374,1.1012845676113713e-12,0.0,1.0999980485915488,-2.992957751694412e-06
1389720,0.11971831029698135,1.1006807745529838e-12,0.0,1.0999980485915488,-2.9929577516914827e-06
1389780,0.1197183102967253,1.1000769814945966e-12,0.0,1.0999980485915488,-2.992957751688553e-06
1389840,0.11971831029646925,1.0994731884362093e-12,0.0,1.0999980485915488,-2.9929577516856233e-06
1389900,0.1197183102962132,1.098869395377822e-12,0.0,1.0999980485915488,-2.9929577516826934e-06
1389960,0.11971831029595716,1.0982656023194348e-12,0.0,1.0999980485915488,-2.992957751679764e-06
1390020,0.1197183102957011,1.0976618092610473e-12,0.0,1.0999980485915488,-2.992957751676834e-06
1390080,0.11971831029544505,1.0970580162026602e-12,0.0,1.0999980485915488,-2.9929577516739046e-06
1390140,0.119718310295189,1.0964542231442729e-12,0.0,1.0999980485915488,-2.9929577516709747e-06
1390200,0.11971831029493295,1.0958504300858855e-12,0.0,1.0999980485915488,-2.9929577516680453e-06
1390260,0.1197183102946769,1.095246637027498e-12,0.0,1.0999980485915488,-2.9929577516651154e-06
1390320,0.11971831029442084,1.0946428439691109e-12,0.0,1.0999980485915488,-2.992957751662186e-06
1390380,0.1197183102941648,1.0940390509107235e-12,0.0,1.0999980485915488,-2.9929577516592565e-06
1390440,0.11971831029390875,1.0934352578523362e-12,0.0,1.0999980485915488,-2.9929577516563266e-06
1390500,0.1197183102936527,1.092831464793949e-12,0.0,1.0999980485915488,-2.992957751653397e-06
1390560,0.11971831029339665,1.0922276717355616e-12,0.0,1.0999980485915488,-2.9929577516504672e-06
1390620,0.1197183102931406,1.0916238786771744e-12,0.0,1.0999980485915488,-2.9929577516475378e-06
1390680,0.11971831029288454,1.091020085618787e-12,0.0,1.0999980485915488,-2.992957751644608e-06
1390740,0.1197183102926285,1.0904162925603998e-12,0.0,1.0999980485915488,-2.9929577516416784e-06
1390800,0.11971831029237245,1.0898124995020126e-12,0.0,1.0999980485915488,-2.9929577516387485e-06
1390860,0.1197183102921164,1.0892087064436251e-12,0.0,1.0999980485915488,-2.992957751635819e-06
1390920,0.11971831029186035,1.088604913385238e-12,0.0,1.0999980485915488,-2.9929577516328896e-06
1390980,0.11971831029160429,1.0880011203268505e-12,0.0,1.0999980485915488,-2.9929577516299597e-06
1391040,0.11971831029134825,1.0873973272684633e-12,0.0,1.0999980485915488,-2.9929577516270302e-06
1391100,0.1197183102910922,1.086793534210076e-12,0.0,1.0999980485915488,-2.9929577516241004e-06
1391160,0.11971831029083614,1.0861897411516887e-12,0.0,1.0999980485915488,-2.992957751621171e-06
1391220,0.1197183102905801,1.0855859480933013e-12,0.0,1.0999980485915488,-2.992957751618241e-06
1391280,0.11971831029032405,1.084982155034914e-12,0.0,1.0999980485915488,-2.9929577516153115e-06
1391340,0.11971831029006799,1.0843783619765269e-12,0.0,1.0999980485915488,-2.9929577516123817e-06
1391400,0.11971831028981195,1.0837745689181394e-12,0.0,1.0999980485915488,-2.992957751609452e-06
1391460,0.1197183102895559,1.0831707758597522e-12,0.0,1.0999980485915488,-2.9929577516065223e-06
1391520,0.11971831028929984,1.0825669828013649e-12,0.0,1.0999980485915488,-2.992957751603593e-06
1391580,0.1197183102890438,1.0819631897429776e-12,0.0,1.0999980485915488,-2.9929577516006634e-06
1391640,0.11971831028878774,1.0813593966845902e-12,0.0,1.0999980485915488,-2.9929577515977335e-06
1391700,0.11971831028853169,1.080755603626203e-12,0.0,1.0999980485915488,-2.992957751594804e-06
1391760,0.11971831028827565,1.0801518105678158e-12,0.0,1.0999980485915488,-2.992957751591874e-06
1391820,0.11971831028801959,1.0795480175094282e-12,0.0,1.0999980485915488,-2.9929577515889447e-06
1391880,0.11971831028776354,1.0789442244510411e-12,0.0,1.0999980485915488,-2.992957751586015e-06
1391940,0.1197183102875075,1.0783404313926538e-12,0.0,1.0999980485915488,-2.9929577515830853e-06
1392000,0.11971831028725144,1.0777366383342665e-12,0.0,1.0999980485915488,-2.9929577515801554e-06
1392060,0.1197183102869954,1.0771328452758793e-12,0.0,1.0999980485915488,-2.992957751577226e-06
1392120,0.11971831028673934,1.0765290522174918e-12,0.0,1.0999980485915488,-2.9929577515742965e-06
1392180,0.11971831028648329,1.0759252591591047e-12,0.0,1.0999980485915488,-2.9929577515713666e-06
1392240,0.11971831028622724,1.0753214661007171e-12,0.0,1.0999980485915488,-2.992957751568437e-06
1392300,0.11971831028597119,1.07471767304233e-12,0.0,1.0999980485915488,-2.9929577515655073e-06
1392360,0.11971831028571514,1.0741138799839425e-12,0.0,1.0999980485915488,-2.992957751562578e-06
1392420,0.1197183102854591,1.0735100869255554e-12,0.0,1.0999980485915488,-2.992957751559648e-06
1392480,0.11971831028520304,1.072906293867168e-12,0.0,1.0999980485915488,-2.9929577515567185e-06
1392540,0.11971831028494699,1.0723025008087807e-12,0.0,1.0999980485915488,-2.9929577515537886e-06
1392600,0.11971831028469095,1.0716987077503936e-12,0.0,1.0999980485915488,-2.992957751550859e-06
1392660,0.11971831028443489,1.071094914692006e-12,0.0,1.0999980485915488,-2.9929577515479292e-06
1392720,0.11971831028417884,1.070491121633619e-12,0.0,1.0999980485915488,-2.9929577515449998e-06
1392780,0.11971831028392278,1.0698873285752316e-12,0.0,1.0999980485915488,-2.9929577515420703e-06
1392840,0.11971831028366674,1.0692835355168443e-12,0.0,1.0999980485915488,-2.9929577515391404e-06
1392900,0.11971831028341069,1.068679742458457e-12,0.0,1.0999980485915488,-2.992957751536211e-06
1392960,0.11971831028315463,1.0680759494000696e-12,0.0,1.0999980485915488,-2.992957751533281e-06
1393020,0.11971831028289859,1.0674721563416823e-12,0.0,1.0999980485915488,-2.9929577515303516e-06
1393080,0.11971831028264254,1.066868363283295e-12,0.0,1.0999980485915488,-2.9929577515274217e-06
1393140,0.11971831028238648,1.0662645702249078e-12,0.0,1.0999980485915488,-2.9929577515244923e-06
1393200,0.11971831028213044,1.0656607771665205e-12,0.0,1.0999980485915488,-2.9929577515215624e-06
1393260,0.1197183102818744,1.0650569841081332e-12,0.0,1.0999980485915488,-2.992957751518633e-06
1393320,0.11971831028161833,1.0644531910497458e-12,0.0,1.0999980485915488,-2.9929577515157034e-06
1393380,0.11971831028136229,1.0638493979913585e-12,0.0,1.0999980485915488,-2.9929577515127736e-06
1393440,0.11971831028110623,1.0632456049329714e-12,0.0,1.0999980485915488,-2.992957751509844e-06
1393500,0.11971831028085018,1.0626418118745838e-12,0.0,1.0999980485915488,-2.992957751506914e-06
1393560,0.11971831028059414,1.0620380188161967e-12,0.0,1.0999980485915488,-2.9929577515039847e-06
1393620,0.11971831028033808,1.0614342257578092e-12,0.0,1.0999980485915488,-2.992957751501055e-06
1393680,0.11971831028008204,1.060830432699422e-12,0.0,1.0999980485915488,-2.9929577514981254e-06
1393740,0.11971831027982599,1.0602266396410347e-12,0.0,1.0999980485915488,-2.9929577514951955e-06
1393800,0.11971831027956993,1.0596228465826474e-12,0.0,1.0999980485915488,-2.992957751492266e-06
1393860,0.11971831027931389,1.0590190535242603e-12,0.0,1.0999980485915488,-2.992957751489336e-06
1393920,0.11971831027905784,1.0584152604658727e-12,0.0,1.0999980485915488,-2.9929577514864067e-06
1393980,0.11971831027880178,1.0578114674074856e-12,0.0,1.0999980485915488,-2.9929577514834772e-06
1394040,0.11971831027854574,1.0572076743490983e-12,0.0,1.0999980485915488,-2.9929577514805473e-06
1394100,0.11971831027828968,1.056603881290711e-12,0.0,1.0999980485915488,-2.992957751477618e-06
1394160,0.11971831027803363,1.0560000882323238e-12,0.0,1.0999980485915488,-2.992957751474688e-06
1394220,0.11971831027777759,1.0553962951739363e-12,0.0,1.0999980485915488,-2.9929577514717585e-06
1394280,0.11971831027752153,1.054792502115549e-12,0.0,1.0999980485915488,-2.9929577514688286e-06
1394340,0.11971831027726548,1.0541887090571616e-12,0.0,1.0999980485915488,-2.992957751465899e-06
1394400,0.11971831027700944,1.0535849159987745e-12,0.0,1.0999980485915488,-2.9929577514629693e-06
1394460,0.11971831027675338,1.052981122940387e-12,0.0,1.0999980485915488,-2.99295775146004e-06
1394520,0.11971831027649733,1.0523773298819999e-12,0.0,1.0999980485915488,-2.9929577514571104e-06
1394580,0.11971831027624127,1.0517735368236125e-12,0.0,1.0999980485915488,-2.9929577514541805e-06
1394640,0.11971831027598523,1.0511697437652252e-12,0.0,1.0999980485915488,-2.992957751451251e-06
1394700,0.11971831027572918,1.050565950706838e-12,0.0,1.0999980485915488,-2.992957751448321e-06
1394760,0.11971831027547312,1.0499621576484505e-12,0.0,1.0999980485915488,-2.9929577514453917e-06
1394820,0.11971831027521708,1.0493583645900634e-12,0.0,1.0999980485915488,-2.9929577514424618e-06
1394880,0.11971831027496103,1.0487545715316759e-12,0.0,1.0999980485915488,-2.9929577514395323e-06
1394940,0.11971831027470498,1.0481507784732888e-12,0.0,1.0999980485915488,-2.9929577514366024e-06
1395000,0.11971831027444893,1.0475469854149014e-12,0.0,1.0999980485915488,-2.992957751433673e-06
1395060,0.11971831027419289,1.046943192356514e-12,0.0,1.0999980485915488,-2.992957751430743e-06
1395120,0.11971831027393683,1.0463393992981268e-12,0.0,1.0999980485915488,-2.9929577514278136e-06
1395180,0.11971831027368078,1.0457356062397394e-12,0.0,1.0999980485915488,-2.992957751424884e-06
1395240,0.11971831027342472,1.0451318131813523e-12,0.0,1.0999980485915488,-2.9929577514219543e-06
1395300,0.11971831027316868,1.044528020122965e-12,0.0,1.0999980485915488,-2.992957751419025e-06
1395360,0.11971831027291263,1.0439242270645777e-12,0.0,1.0999980485915488,-2.992957751416095e-06
1395420,0.11971831027265657,1.0433204340061903e-12,0.0,1.0999980485915488,-2.9929577514131654e-06
1395480,0.11971831027240053,1.042716640947803e-12,0.0,1.0999980485915488,-2.9929577514102356e-06
1395540,0.11971831027214448,1.0421128478894157e-12,0.0,1.0999980485915488,-2.992957751407306e-06
1395600,0.11971831027188842,1.0415090548310283e-12,0.0,1.0999980485915488,-2.992957751404376e-06
1395660,0.11971831027163238,1.0409052617726412e-12,0.0,1.0999980485915488,-2.9929577514014467e-06
1395720,0.11971831027137633,1.0403014687142537e-12,0.0,1.0999980485915488,-2.9929577513985173e-06
1395780,0.11971831027112027,1.0396976756558666e-12,0.0,1.0999980485915488,-2.9929577513955874e-06
1395840,0.11971831027086423,1.0390938825974792e-12,0.0,1.0999980485915488,-2.992957751392658e-06
1395900,0.11971831027060817,1.0384900895390919e-12,0.0,1.0999980485915488,-2.992957751389728e-06
1395960,0.11971831027035212,1.0378862964807048e-12,0.0,1.0999980485915488,-2.9929577513867986e-06
1396020,0.11971831027009608,1.0372825034223172e-12,0.0,1.0999980485915488,-2.9929577513838687e-06
1396080,0.11971831026984002,1.0366787103639301e-12,0.0,1.0999980485915488,-2.9929577513809392e-06
1396140,0.11971831026958397,1.0360749173055428e-12,0.0,1.0999980485915488,-2.9929577513780093e-06
1396200,0.11971831026932793,1.0354711242471555e-12,0.0,1.0999980485915488,-2.99295775137508e-06
1396260,0.11971831026907187,1.0348673311887681e-12,0.0,1.0999980485915488,-2.99295775137215e-06
1396320,0.11971831026881583,1.0342635381303808e-12,0.0,1.0999980485915488,-2.9929577513692205e-06
1396380,0.11971831026855978,1.0336597450719935e-12,0.0,1.0999980485915488,-2.992957751366291e-06
1396440,0.11971831026830372,1.0330559520136061e-12,0.0,1.0999980485915488,-2.992957751363361e-06
1396500,0.11971831026804768,1.032452158955219e-12,0.0,1.0999980485915488,-2.9929577513604317e-06
1396560,0.11971831026779162,1.0318483658968315e-12,0.0,1.0999980485915488,-2.992957751357502e-06
1396620,0.11971831026753557,1.0312445728384444e-12,0.0,1.0999980485915488,-2.9929577513545724e-06
1396680,0.11971831026727953,1.030640779780057e-12,0.0,1.0999980485915488,-2.9929577513516425e-06
1396740,0.11971831026702347,1.0300369867216697e-12,0.0,1.0999980485915488,-2.992957751348713e-06
1396800,0.11971831026676742,1.0294331936632826e-12,0.0,1.0999980485915488,-2.992957751345783e-06
1396860,0.11971831026651138,1.028829400604895e-12,0.0,1.0999980485915488,-2.9929577513428537e-06
1396920,0.11971831026625532,1.028225607546508e-12,0.0,1.0999980485915488,-2.992957751339924e-06
1396980,0.11971831026599927,1.0276218144881204e-12,0.0,1.0999980485915488,-2.9929577513369943e-06
1397040,0.11971831026574321,1.0270180214297332e-12,0.0,1.0999980485915488,-2.992957751334065e-06
1397100,0.11971831026548717,1.026414228371346e-12,0.0,1.0999980485915488,-2.992957751331135e-06
1397160,0.11971831026523112,1.0258104353129586e-12,0.0,1.0999980485915488,-2.9929577513282055e-06
1397220,0.11971831026497506,1.0252066422545713e-12,0.0,1.0999980485915488,-2.9929577513252756e-06
1397280,0.11971831026471902,1.024602849196184e-12,0.0,1.0999980485915488,-2.992957751322346e-06
1397340,0.11971831026446297,1.0239990561377968e-12,0.0,1.0999980485915488,-2.9929577513194163e-06
1397400,0.11971831026420691,1.0233952630794095e-12,0.0,1.0999980485915488,-2.992957751316487e-06
1397460,0.11971831026395087,1.0227914700210221e-12,0.0,1.0999980485915488,-2.992957751313557e-06
1397520,0.11971831026369482,1.0221876769626346e-12,0.0,1.0999980485915488,-2.9929577513106274e-06
1397580,0.11971831026343877,1.0215838839042475e-12,0.0,1.0999980485915488,-2.992957751307698e-06
1397640,0.11971831026318272,1.0209800908458602e-12,0.0,1.0999980485915488,-2.992957751304768e-06
1397700,0.11971831026292666,1.0203762977874728e-12,0.0,1.0999980485915488,-2.9929577513018386e-06
1397760,0.11971831026267062,1.0197725047290857e-12,0.0,1.0999980485915488,-2.9929577512989087e-06
1397820,0.11971831026241457,1.0191687116706982e-12,0.0,1.0999980485915488,-2.9929577512959793e-06
1397880,0.11971831026215851,1.018564918612311e-12,0.0,1.0999980485915488,-2.9929577512930494e-06
1397940,0.11971831026190247,1.0179611255539237e-12,0.0,1.0999980485915488,-2.99295775129012e-06
1398000,0.11971831026164642,1.0173573324955364e-12,0.0,1.0999980485915488,-2.99295775128719e-06
1398060,0.11971831026139036,1.0167535394371493e-12,0.0,1.0999980485915488,-2.9929577512842606e-06
1398120,0.11971831026113432,1.0161497463787617e-12,0.0,1.0999980485915488,-2.992957751281331e-06
1398180,0.11971831026087827,1.0155459533203744e-12,0.0,1.0999980485915488,-2.9929577512784012e-06
1398240,0.11971831026062221,1.014942160261987e-12,0.0,1.0999980485915488,-2.9929577512754718e-06
1398300,0.11971831026036617,1.0143383672036e-12,0.0,1.0999980485915488,-2.992957751272542e-06
1398360,0.11971831026011011,1.0137345741452126e-12,0.0,1.0999980485915488,-2.9929577512696124e-06
1398420,0.11971831025985406,1.0131307810868253e-12,0.0,1.0999980485915488,-2.9929577512666825e-06
1398480,0.11971831025959802,1.012526988028438e-12,0.0,1.0999980485915488,-2.992957751263753e-06
1398540,0.11971831025934196,1.0119231949700506e-12,0.0,1.0999980485915488,-2.992957751260823e-06
1398600,0.11971831025908591,1.0113194019116635e-12,0.0,1.0999980485915488,-2.9929577512578937e-06
1398660,0.11971831025882987,1.010715608853276e-12,0.0,1.0999980485915488,-2.992957751254964e-06
1398720,0.11971831025857381,1.0101118157948888e-12,0.0,1.0999980485915488,-2.9929577512520344e-06
1398780,0.11971831025831776,1.0095080227365015e-12,0.0,1.0999980485915488,-2.992957751249105e-06
1398840,0.1197183102580617,1.0089042296781142e-12,0.0,1.0999980485915488,-2.992957751246175e-06
1398900,0.11971831025780566,1.0083004366197269e-12,0.0,1.0999980485915488,-2.9929577512432456e-06
1398960,0.11971831025754961,1.0076966435613395e-12,0.0,1.0999980485915488,-2.9929577512403157e-06
1399020,0.11971831025729356,1.0070928505029524e-12,0.0,1.0999980485915488,-2.992957751237386e-06
1399080,0.11971831025703751,1.0064890574445649e-12,0.0,1.0999980485915488,-2.9929577512344563e-06
1399140,0.11971831025678147,1.0058852643861777e-12,0.0,1.0999980485915488,-2.992957751231527e-06
1399200,0.1197183102565254,1.0052814713277904e-12,0.0,1.0999980485915488,-2.992957751228597e-06
1399260,0.11971831025626936,1.004677678269403e-12,0.0,1.0999980485915488,-2.9929577512256675e-06
1399320,0.11971831025601332,1.0040738852110158e-12,0.0,1.0999980485915488,-2.992957751222738e-06
1399380,0.11971831025575726,1.0034700921526284e-12,0.0,1.0999980485915488,-2.992957751219808e-06
1399440,0.11971831025550121,1.0028662990942413e-12,0.0,1.0999980485915488,-2.9929577512168787e-06
1399500,0.11971831025524515,1.0022625060358538e-12,0.0,1.0999980485915488,-2.992957751213949e-06
1399560,0.11971831025498911,1.0016587129774666e-12,0.0,1.0999980485915488,-2.9929577512110193e-06
1399620,0.11971831025473306,1.0010549199190791e-12,0.0,1.0999980485915488,-2.9929577512080894e-06
1399680,0.119718310254477,1.000451126860692e-12,0.0,1.0999980485915488,-2.99295775120516e-06
1399740,0.11971831025422096,9.998473338023047e-13,0.0,1.0999980485915488,-2.99295775120223e-06
1399800,0.11971831025396491,9.992435407439173e-13,0.0,1.0999980485915488,-2.9929577511993006e-06
1399860,0.11971831025370885,9.986397476855302e-13,0.0,1.0999980485915488,-2.9929577511963707e-06
1399920,0.11971831025345281,9.980359546271427e-13,0.0,1.0999980485915488,-2.9929577511934413e-06
1399980,0.11971831025319676,9.974321615687555e-13,0.0,1.0999980485915488,-2.992957751190512e-06
1400040,0.1197183102529407,9.968283685103682e-13,0.0,1.0999980485915488,-2.992957751187582e-06
1400100,0.11971831025268466,9.962245754519809e-13,0.0,1.0999980485915488,-2.9929577511846525e-06
1400160,0.1197183102524286,9.956207823935936e-13,0.0,1.0999980485915488,-2.9929577511817226e-06
1400220,0.11971831025217256,9.950169893352062e-13,0.0,1.0999980485915488,-2.992957751178793e-06
1400280,0.11971831025191651,9.944131962768189e-13,0.0,1.0999980485915488,-2.9929577511758632e-06
1400340,0.11971831025166045,9.938094032184316e-13,0.0,1.0999980485915488,-2.9929577511729338e-06
1400400,0.1197183102514044,9.932056101600444e-13,0.0,1.0999980485915488,-2.992957751170004e-06
1400460,0.11971831025114836,9.926018171016571e-13,0.0,1.0999980485915488,-2.9929577511670744e-06
1400520,0.1197183102508923,9.919980240432698e-13,0.0,1.0999980485915488,-2.992957751164145e-06
1400580,0.11971831025063626,9.913942309848825e-13,0.0,1.0999980485915488,-2.992957751161215e-06
1400640,0.11971831025038021,9.907904379264951e-13,0.0,1.0999980485915488,-2.9929577511582856e-06
1400700,0.11971831025012415,9.90186644868108e-13,0.0,1.0999980485915488,-2.9929577511553557e-06
1400760,0.1197183102498681,9.895828518097205e-13,0.0,1.0999980485915488,-2.9929577511524263e-06
1400820,0.11971831024961205,9.889790587513333e-13,0.0,1.0999980485915488,-2.9929577511494964e-06
1400880,0.119718310249356,9.883752656929458e-13,0.0,1.0999980485915488,-2.992957751146567e-06
1400940,0.11971831024909996,9.877714726345587e-13,0.0,1.0999980485915488,-2.992957751143637e-06
1401000,0.1197183102488439,9.871676795761714e-13,0.0,1.0999980485915488,-2.9929577511407076e-06
1401060,0.11971831024858785,9.86563886517784e-13,0.0,1.0999980485915488,-2.9929577511377777e-06
1401120,0.11971831024833181,9.859600934593969e-13,0.0,1.0999980485915488,-2.992957751134848e-06
1401180,0.11971831024807575,9.853563004010094e-13,0.0,1.0999980485915488,-2.9929577511319187e-06
1401240,0.1197183102478197,9.847525073426222e-13,0.0,1.0999980485915488,-2.992957751128989e-06
1401300,0.11971831024756364,9.84148714284235e-13,0.0,1.0999980485915488,-2.9929577511260594e-06
1401360,0.1197183102473076,9.835449212258476e-13,0.0,1.0999980485915488,-2.9929577511231295e-06
1401420,0.11971831024705155,9.829411281674603e-13,0.0,1.0999980485915488,-2.9929577511202e-06
1401480,0.1197183102467955,9.82337335109073e-13,0.0,1.0999980485915488,-2.99295775111727e-06
1401540,0.11971831024653945,9.817335420506856e-13,0.0,1.0999980485915488,-2.9929577511143407e-06
1401600,0.1197183102462834,9.811297489922983e-13,0.0,1.0999980485915488,-2.992957751111411e-06
1401660,0.11971831024602735,9.805259559339111e-13,0.0,1.0999980485915488,-2.9929577511084813e-06
1401720,0.1197183102457713,9.799221628755236e-13,0.0,1.0999980485915488,-2.992957751105552e-06
1401780,0.11971831024551526,9.793183698171365e-13,0.0,1.0999980485915488,-2.992957751102622e-06
1401840,0.1197183102452592,9.787145767587491e-13,0.0,1.0999980485915488,-2.9929577510996925e-06
1401900,0.11971831024500315,9.781107837003618e-13,0.0,1.0999980485915488,-2.9929577510967626e-06
1401960,0.11971831024474709,9.775069906419747e-13,0.0,1.0999980485915488,-2.992957751093833e-06
1402020,0.11971831024449105,9.769031975835872e-13,0.0,1.0999980485915488,-2.9929577510909033e-06
1402080,0.119718310244235,9.762994045252e-13,0.0,1.0999980485915488,-2.992957751087974e-06
1402140,0.11971831024397894,9.756956114668125e-13,0.0,1.0999980485915488,-2.992957751085044e-06
1402200,0.1197183102437229,9.750918184084254e-13,0.0,1.0999980485915488,-2.9929577510821145e-06
1402260,0.11971831024346685,9.74488025350038e-13,0.0,1.0999980485915488,-2.9929577510791846e-06
1402320,0.1197183102432108,9.738842322916507e-13,0.0,1.0999980485915488,-2.992957751076255e-06
1402380,0.11971831024295475,9.732804392332634e-13,0.0,1.0999980485915488,-2.9929577510733257e-06
1402440,0.1197183102426987,9.72676646174876e-13,0.0,1.0999980485915488,-2.9929577510703958e-06
1402500,0.11971831024244264,9.72072853116489e-13,0.0,1.0999980485915488,-2.9929577510674663e-06
1402560,0.1197183102421866,9.714690600581016e-13,0.0,1.0999980485915488,-2.9929577510645364e-06
1402620,0.11971831024193054,9.708652669997143e-13,0.0,1.0999980485915488,-2.992957751061607e-06
1402680,0.1197183102416745,9.70261473941327e-13,0.0,1.0999980485915488,-2.992957751058677e-06
1402740,0.11971831024141845,9.696576808829396e-13,0.0,1.0999980485915488,-2.9929577510557476e-06
1402800,0.11971831024116239,9.690538878245523e-13,0.0,1.0999980485915488,-2.9929577510528177e-06
1402860,0.11971831024090634,9.68450094766165e-13,0.0,1.0999980485915488,-2.9929577510498883e-06
1402920,0.1197183102406503,9.678463017077778e-13,0.0,1.0999980485915488,-2.992957751046959e-06
1402980,0.11971831024039424,9.672425086493903e-13,0.0,1.0999980485915488,-2.992957751044029e-06
1403040,0.1197183102401382,9.666387155910032e-13,0.0,1.0999980485915488,-2.9929577510410994e-06
1403100,0.11971831023988215,9.660349225326158e-13,0.0,1.0999980485915488,-2.9929577510381696e-06
1403160,0.11971831023962609,9.654311294742285e-13,0.0,1.0999980485915488,-2.99295775103524e-06
1403220,0.11971831023937005,9.648273364158414e-13,0.0,1.0999980485915488,-2.99295775103231e-06
1403280,0.11971831023911399,9.642235433574539e-13,0.0,1.099998048591549,-2.9929577510293807e-06
1403340,0.11971831023885794,9.636197502990667e-13,0.0,1.099998048591549,-2.992957751026451e-06
1403400,0.1197183102386019,9.630159572406794e-13,0.0,1.099998048591549,-2.9929577510235214e-06
1403460,0.11971831023834584,9.62412164182292e-13,0.0,1.099998048591549,-2.9929577510205915e-06
1403520,0.11971831023808979,9.618083711239045e-13,0.0,1.099998048591549,-2.992957751017662e-06
1403580,0.11971831023783375,9.612045780655174e-13,0.0,1.099998048591549,-2.9929577510147326e-06
1403640,0.11971831023757769,9.6060078500713e-13,0.0,1.099998048591549,-2.9929577510118027e-06
1403700,0.11971831023732164,9.599969919487428e-13,0.0,1.099998048591549,-2.9929577510088732e-06
1403760,0.11971831023706558,9.593931988903556e-13,0.0,1.099998048591549,-2.9929577510059433e-06
1403820,0.11971831023680954,9.58789405831968e-13,0.0,1.099998048591549,-2.992957751003014e-06
1403880,0.1197183102365535,9.58185612773581e-13,0.0,1.099998048591549,-2.992957751000084e-06
1403940,0.11971831023629743,9.575818197151936e-13,0.0,1.099998048591549,-2.9929577509971545e-06
1404000,0.11971831023604139,9.569780266568063e-13,0.0,1.099998048591549,-2.9929577509942246e-06
1404060,0.11971831023578534,9.563742335984192e-13,0.0,1.099998048591549,-2.992957750991295e-06
1404120,0.11971831023552928,9.557704405400317e-13,0.0,1.099998048591549,-2.9929577509883657e-06
1404180,0.11971831023527324,9.551666474816445e-13,0.0,1.099998048591549,-2.992957750985436e-06
1404240,0.1197183102350172,9.54562854423257e-13,0.0,1.099998048591549,-2.9929577509825064e-06
1404300,0.11971831023476114,9.539590613648699e-13,0.0,1.099998048591549,-2.9929577509795765e-06
1404360,0.11971831023450509,9.533552683064825e-13,0.0,1.099998048591549,-2.992957750976647e-06
1404420,0.11971831023424903,9.527514752480952e-13,0.0,1.099998048591549,-2.992957750973717e-06
1404480,0.11971831023399299,9.521476821897079e-13,0.0,1.099998048591549,-2.9929577509707877e-06
1404540,0.11971831023373694,9.515438891313206e-13,0.0,1.099998048591549,-2.9929577509678578e-06
1404600,0.11971831023348088,9.509400960729334e-13,0.0,1.099998048591549,-2.9929577509649283e-06
1404660,0.11971831023322484,9.503363030145459e-13,0.0,1.099998048591549,-2.9929577509619984e-06
1404720,0.11971831023296879,9.497325099561588e-13,0.0,1.099998048591549,-2.992957750959069e-06
1404780,0.11971831023271273,9.491287168977712e-13,0.0,1.099998048591549,-2.9929577509561395e-06
1404840,0.11971831023245669,9.485249238393841e-13,0.0,1.099998048591549,-2.9929577509532096e-06
1404900,0.11971831023220064,9.479211307809968e-13,0.0,1.099998048591549,-2.99295775095028e-06
1404960,0.11971831023194458,9.473173377226095e-13,0.0,1.099998048591549,-2.9929577509473503e-06
1405020,0.11971831023168854,9.467135446642223e-13,0.0,1.099998048591549,-2.992957750944421e-06
1405080,0.11971831023143248,9.461097516058348e-13,0.0,1.099998048591549,-2.992957750941491e-06
1405140,0.11971831023117643,9.455059585474477e-13,0.0,1.099998048591549,-2.9929577509385614e-06
1405200,0.11971831023092039,9.449021654890603e-13,0.0,1.099998048591549,-2.9929577509356316e-06
1405260,0.11971831023066433,9.44298372430673e-13,0.0,1.099998048591549,-2.992957750932702e-06
1405320,0.11971831023040828,9.436945793722859e-13,0.0,1.099998048591549,-2.9929577509297726e-06
1405380,0.11971831023015224,9.430907863138984e-13,0.0,1.099998048591549,-2.9929577509268427e-06
1405440,0.11971831022989618,9.42486993255511e-13,0.0,1.099998048591549,-2.9929577509239133e-06
1405500,0.11971831022964013,9.418832001971237e-13,0.0,1.099998048591549,-2.9929577509209834e-06
1405560,0.11971831022938409,9.412794071387366e-13,0.0,1.099998048591549,-2.992957750918054e-06
1405620,0.11971831022912803,9.40675614080349e-13,0.0,1.099998048591549,-2.992957750915124e-06
1405680,0.11971831022887199,9.40071821021962e-13,0.0,1.099998048591549,-2.9929577509121946e-06
1405740,0.11971831022861593,9.394680279635746e-13,0.0,1.099998048591549,-2.9929577509092647e-06
1405800,0.11971831022835988,9.388642349051873e-13,0.0,1.099998048591549,-2.9929577509063352e-06
1405860,0.11971831022810384,9.382604418468001e-13,0.0,1.099998048591549,-2.9929577509034053e-06
1405920,0.11971831022784778,9.376566487884126e-13,0.0,1.099998048591549,-2.992957750900476e-06
1405980,0.11971831022759173,9.370528557300255e-13,0.0,1.099998048591549,-2.9929577508975464e-06
1406040,0.11971831022733569,9.364490626716381e-13,0.0,1.099998048591549,-2.9929577508946165e-06
1406100,0.11971831022707963,9.358452696132508e-13,0.0,1.099998048591549,-2.992957750891687e-06
1406160,0.11971831022682358,9.352414765548635e-13,0.0,1.099998048591549,-2.992957750888757e-06
1406220,0.11971831022656752,9.346376834964761e-13,0.0,1.099998048591549,-2.9929577508858277e-06
1406280,0.11971831022631148,9.34033890438089e-13,0.0,1.099998048591549,-2.992957750882898e-06
1406340,0.11971831022605543,9.334300973797015e-13,0.0,1.099998048591549,-2.9929577508799684e-06
1406400,0.11971831022579937,9.328263043213144e-13,0.0,1.099998048591549,-2.9929577508770385e-06
1406460,0.11971831022554333,9.32222511262927e-13,0.0,1.099998048591549,-2.992957750874109e-06
1406520,0.11971831022528728,9.316187182045397e-13,0.0,1.099998048591549,-2.9929577508711796e-06
1406580,0.11971831022503122,9.310149251461524e-13,0.0,1.099998048591549,-2.9929577508682497e-06
1406640,0.11971831022477518,9.30411132087765e-13,0.0,1.099998048591549,-2.99295775086532e-06
1406700,0.11971831022451913,9.298073390293777e-13,0.0,1.099998048591549,-2.9929577508623903e-06
1406760,0.11971831022426307,9.292035459709904e-13,0.0,1.099998048591549,-2.992957750859461e-06
1406820,0.11971831022400703,9.285997529126033e-13,0.0,1.099998048591549,-2.992957750856531e-06
1406880,0.11971831022375097,9.279959598542157e-13,0.0,1.099998048591549,-2.9929577508536015e-06
1406940,0.11971831022349493,9.273921667958286e-13,0.0,1.099998048591549,-2.9929577508506716e-06
1407000,0.11971831022323888,9.267883737374413e-13,0.0,1.099998048591549,-2.992957750847742e-06
1407060,0.11971831022298282,9.26184580679054e-13,0.0,1.099998048591549,-2.9929577508448123e-06
1407120,0.11971831022272678,9.255807876206668e-13,0.0,1.099998048591549,-2.992957750841883e-06
1407180,0.11971831022247073,9.249769945622793e-13,0.0,1.099998048591549,-2.9929577508389533e-06
1407240,0.11971831022221467,9.243732015038922e-13,0.0,1.099998048591549,-2.9929577508360234e-06
1407300,0.11971831022195863,9.237694084455048e-13,0.0,1.099998048591549,-2.992957750833094e-06
1407360,0.11971831022170258,9.231656153871175e-13,0.0,1.099998048591549,-2.992957750830164e-06
1407420,0.11971831022144652,9.225618223287302e-13,0.0,1.099998048591549,-2.9929577508272346e-06
1407480,0.11971831022119048,9.219580292703428e-13,0.0,1.099998048591549,-2.9929577508243047e-06
1407540,0.11971831022093442,9.213542362119555e-13,0.0,1.099998048591549,-2.9929577508213753e-06
1407600,0.11971831022067837,9.207504431535682e-13,0.0,1.099998048591549,-2.9929577508184454e-06
1407660,0.11971831022042233,9.20146650095181e-13,0.0,1.099998048591549,-2.992957750815516e-06
1407720,0.11971831022016627,9.195428570367935e-13,0.0,1.099998048591549,-2.9929577508125865e-06
1407780,0.11971831021991022,9.189390639784064e-13,0.0,1.099998048591549,-2.9929577508096566e-06
1407840,0.11971831021965418,9.18335270920019e-13,0.0,1.099998048591549,-2.992957750806727e-06
1407900,0.11971831021939812,9.177314778616317e-13,0.0,1.099998048591549,-2.9929577508037972e-06
1407960,0.11971831021914207,9.171276848032446e-13,0.0,1.099998048591549,-2.9929577508008678e-06
1408020,0.11971831021888603,9.16523891744857e-13,0.0,1.099998048591549,-2.992957750797938e-06
1408080,0.11971831021862997,9.1592009868647e-13,0.0,1.099998048591549,-2.9929577507950084e-06
1408140,0.11971831021837392,9.153163056280824e-13,0.0,1.099998048591549,-2.9929577507920785e-06
1408200,0.11971831021811787,9.147125125696953e-13,0.0,1.099998048591549,-2.992957750789149e-06
1408260,0.11971831021786182,9.14108719511308e-13,0.0,1.099998048591549,-2.992957750786219e-06
1408320,0.11971831021760578,9.135049264529206e-13,0.0,1.099998048591549,-2.9929577507832897e-06
1408380,0.11971831021734972,9.129011333945335e-13,0.0,1.099998048591549,-2.9929577507803603e-06
1408440,0.11971831021709367,9.12297340336146e-13,0.0,1.099998048591549,-2.9929577507774304e-06
1408500,0.11971831021683763,9.116935472777589e-13,0.0,1.099998048591549,-2.992957750774501e-06
1408560,0.11971831021658157,9.110897542193715e-13,0.0,1.099998048591549,-2.992957750771571e-06
1408620,0.11971831021632552,9.104859611609842e-13,0.0,1.099998048591549,-2.9929577507686416e-06
1408680,0.11971831021606946,9.098821681025967e-13,0.0,1.099998048591549,-2.9929577507657117e-06
1408740,0.11971831021581342,9.092783750442095e-13,0.0,1.099998048591549,-2.992957750762782e-06
1408800,0.11971831021555737,9.086745819858222e-13,0.0,1.099998048591549,-2.9929577507598523e-06
1408860,0.11971831021530131,9.08070788927435e-13,0.0,1.099998048591549,-2.992957750756923e-06
1408920,0.11971831021504527,9.074669958690477e-13,0.0,1.099998048591549,-2.9929577507539934e-06
1408980,0.11971831021478922,9.068632028106603e-13,0.0,1.099998048591549,-2.9929577507510635e-06
1409040,0.11971831021453316,9.062594097522731e-13,0.0,1.099998048591549,-2.992957750748134e-06
1409100,0.11971831021427712,9.056556166938858e-13,0.0,1.099998048591549,-2.992957750745204e-06
1409160,0.11971831021402107,9.050518236354984e-13,0.0,1.099998048591549,-2.9929577507422747e-06
1409220,0.11971831021376501,9.044480305771112e-13,0.0,1.099998048591549,-2.992957750739345e-06
1409280,0.11971831021350897,9.038442375187239e-13,0.0,1.099998048591549,-2.9929577507364153e-06
1409340,0.11971831021325291,9.032404444603365e-13,0.0,1.099998048591549,-2.9929577507334855e-06
1409400,0.11971831021299686,9.026366514019492e-13,0.0,1.099998048591549,-2.992957750730556e-06
1409460,0.11971831021274082,9.020328583435619e-13,0.0,1.099998048591549,-2.992957750727626e-06
1409520,0.11971831021248476,9.014290652851747e-13,0.0,1.099998048591549,-2.9929577507246966e-06
1409580,0.11971831021222872,9.008252722267873e-13,0.0,1.099998048591549,-2.992957750721767e-06
1409640,0.11971831021197267,9.002214791684e-13,0.0,1.099998048591549,-2.9929577507188373e-06
1409700,0.11971831021171661,8.996176861100128e-13,0.0,1.099998048591549,-2.992957750715908e-06
1409760,0.11971831021146057,8.990138930516255e-13,0.0,1.099998048591549,-2.992957750712978e-06
1409820,0.11971831021120452,8.984100999932381e-13,0.0,1.099998048591549,-2.9929577507100485e-06
1409880,0.11971831021094846,8.978063069348509e-13,0.0,1.099998048591549,-2.9929577507071186e-06
1409940,0.11971831021069242,8.972025138764636e-13,0.0,1.099998048591549,-2.992957750704189e-06
1410000,0.11971831021043636,8.965987208180762e-13,0.0,1.099998048591549,-2.9929577507012592e-06
1410060,0.11971831021018031,8.959949277596889e-13,0.0,1.099998048591549,-2.9929577506983298e-06
1410120,0.11971831020992427,8.953911347013016e-13,0.0,1.099998048591549,-2.9929577506954003e-06
1410180,0.11971831020966821,8.947873416429144e-13,0.0,1.099998048591549,-2.9929577506924704e-06
1410240,0.11971831020941216,8.94183548584527e-13,0.0,1.099998048591549,-2.992957750689541e-06
1410300,0.11971831020915612,8.935797555261397e-13,0.0,1.099998048591549,-2.992957750686611e-06
1410360,0.11971831020890006,8.929759624677525e-13,0.0,1.099998048591549,-2.9929577506836816e-06
1410420,0.11971831020864401,8.923721694093651e-13,0.0,1.099998048591549,-2.9929577506807517e-06
1410480,0.11971831020838797,8.917683763509779e-13,0.0,1.099998048591549,-2.9929577506778223e-06
1410540,0.11971831020813191,8.911645832925906e-13,0.0,1.099998048591549,-2.9929577506748924e-06
1410600,0.11971831020787586,8.905607902342033e-13,0.0,1.099998048591549,-2.992957750671963e-06
1410660,0.1197183102076198,8.899569971758159e-13,0.0,1.099998048591549,-2.992957750669033e-06
1410720,0.11971831020736376,8.893532041174286e-13,0.0,1.099998048591549,-2.9929577506661036e-06
1410780,0.11971831020710771,8.887494110590413e-13,0.0,1.099998048591549,-2.992957750663174e-06
1410840,0.11971831020685166,8.88145618000654e-13,0.0,1.099998048591549,-2.992957750660244e-06
1410900,0.11971831020659561,8.875418249422667e-13,0.0,1.099998048591549,-2.9929577506573147e-06
1410960,0.11971831020633956,8.869380318838794e-13,0.0,1.099998048591549,-2.992957750654385e-06
1411020,0.1197183102060835,8.863342388254921e-13,0.0,1.099998048591549,-2.9929577506514554e-06
1411080,0.11971831020582746,8.857304457671048e-13,0.0,1.099998048591549,-2.9929577506485255e-06
1411140,0.1197183102055714,8.851266527087176e-13,0.0,1.099998048591549,-2.992957750645596e-06
1411200,0.11971831020531536,8.845228596503303e-13,0.0,1.099998048591549,-2.992957750642666e-06
1411260,0.11971831020505931,8.839190665919429e-13,0.0,1.099998048591549,-2.9929577506397367e-06
1411320,0.11971831020480325,8.833152735335556e-13,0.0,1.099998048591549,-2.9929577506368072e-06
1411380,0.11971831020454721,8.827114804751683e-13,0.0,1.099998048591549,-2.9929577506338773e-06
1411440,0.11971831020429116,8.821076874167809e-13,0.0,1.099998048591549,-2.992957750630948e-06
1411500,0.1197183102040351,8.815038943583937e-13,0.0,1.099998048591549,-2.992957750628018e-06
1411560,0.11971831020377906,8.809001013000064e-13,0.0,1.099998048591549,-2.9929577506250885e-06
1411620,0.11971831020352301,8.802963082416192e-13,0.0,1.099998048591549,-2.9929577506221586e-06
1411680,0.11971831020326695,8.796925151832318e-13,0.0,1.099998048591549,-2.992957750619229e-06
1411740,0.11971831020301091,8.790887221248445e-13,0.0,1.099998048591549,-2.9929577506162993e-06
1411800,0.11971831020275485,8.784849290664573e-13,0.0,1.099998048591549,-2.99295775061337e-06
1411860,0.1197183102024988,8.778811360080699e-13,0.0,1.099998048591549,-2.9929577506104404e-06
1411920,0.11971831020224276,8.772773429496826e-13,0.0,1.099998048591549,-2.9929577506075105e-06
1411980,0.1197183102019867,8.766735498912953e-13,0.0,1.099998048591549,-2.992957750604581e-06
1412040,0.11971831020173065,8.76069756832908e-13,0.0,1.099998048591549,-2.992957750601651e-06
1412100,0.11971831020147461,8.754659637745207e-13,0.0,1.099998048591549,-2.9929577505987217e-06
1412160,0.11971831020121855,8.748621707161334e-13,0.0,1.099998048591549,-2.9929577505957918e-06
1412220,0.1197183102009625,8.742583776577461e-13,0.0,1.099998048591549,-2.9929577505928623e-06
1412280,0.11971831020070646,8.736545845993588e-13,0.0,1.099998048591549,-2.9929577505899324e-06
1412340,0.1197183102004504,8.730507915409715e-13,0.0,1.099998048591549,-2.992957750587003e-06
1412400,0.11971831020019436,8.724469984825842e-13,0.0,1.099998048591549,-2.992957750584073e-06
1412460,0.1197183101999383,8.71843205424197e-13,0.0,1.099998048591549,-2.9929577505811436e-06
1412520,0.11971831019968225,8.712394123658096e-13,0.0,1.099998048591549,-2.992957750578214e-06
1412580,0.1197183101994262,8.706356193074223e-13,0.0,1.099998048591549,-2.9929577505752843e-06
1412640,0.11971831019917015,8.70031826249035e-13,0.0,1.099998048591549,-2.992957750572355e-06
1412700,0.1197183101989141,8.694280331906476e-13,0.0,1.099998048591549,-2.992957750569425e-06
1412760,0.11971831019865806,8.688242401322604e-13,0.0,1.099998048591549,-2.9929577505664954e-06
1412820,0.119718310198402,8.682204470738731e-13,0.0,1.099998048591549,-2.9929577505635656e-06
1412880,0.11971831019814595,8.676166540154858e-13,0.0,1.099998048591549,-2.992957750560636e-06
1412940,0.11971831019788991,8.670128609570985e-13,0.0,1.099998048591549,-2.992957750557706e-06
1413000,0.11971831019763385,8.664090678987112e-13,0.0,1.099998048591549,-2.9929577505547767e-06
1413060,0.1197183101973778,8.658052748403239e-13,0.0,1.099998048591549,-2.9929577505518473e-06
1413120,0.11971831019712174,8.652014817819366e-13,0.0,1.099998048591549,-2.9929577505489174e-06
1413180,0.1197183101968657,8.645976887235493e-13,0.0,1.099998048591549,-2.992957750545988e-06
1413240,0.11971831019660965,8.639938956651621e-13,0.0,1.099998048591549,-2.992957750543058e-06
1413300,0.1197183101963536,8.633901026067747e-13,0.0,1.099998048591549,-2.9929577505401286e-06
1413360,0.11971831019609755,8.627863095483873e-13,0.0,1.099998048591549,-2.9929577505371987e-06
1413420,0.1197183101958415,8.621825164900001e-13,0.0,1.099998048591549,-2.9929577505342692e-06
1413480,0.11971831019558545,8.615787234316128e-13,0.0,1.099998048591549,-2.9929577505313393e-06
1413540,0.1197183101953294,8.609749303732254e-13,0.0,1.099998048591549,-2.99295775052841e-06
1413600,0.11971831019507334,8.603711373148382e-13,0.0,1.099998048591549,-2.99295775052548e-06
1413660,0.1197183101948173,8.597673442564509e-13,0.0,1.099998048591549,-2.9929577505225505e-06
1413720,0.11971831019456125,8.591635511980637e-13,0.0,1.099998048591549,-2.992957750519621e-06
1413780,0.11971831019430519,8.585597581396763e-13,0.0,1.099998048591549,-2.992957750516691e-06
1413840,0.11971831019404915,8.57955965081289e-13,0.0,1.099998048591549,-2.9929577505137617e-06
1413900,0.1197183101937931,8.573521720229018e-13,0.0,1.099998048591549,-2.992957750510832e-06
1413960,0.11971831019353704,8.567483789645143e-13,0.0,1.099998048591549,-2.9929577505079024e-06
1414020,0.119718310193281,8.56144585906127e-13,0.0,1.099998048591549,-2.9929577505049725e-06
1414080,0.11971831019302495,8.555407928477398e-13,0.0,1.099998048591549,-2.992957750502043e-06
1414140,0.11971831019276889,8.549369997893525e-13,0.0,1.099998048591549,-2.992957750499113e-06
1414200,0.11971831019251285,8.543332067309652e-13,0.0,1.099998048591549,-2.9929577504961837e-06
1414260,0.11971831019225679,8.537294136725779e-13,0.0,1.099998048591549,-2.992957750493254e-06
1414320,0.11971831019200074,8.531256206141906e-13,0.0,1.099998048591549,-2.9929577504903243e-06
1414380,0.1197183101917447,8.525218275558033e-13,0.0,1.099998048591549,-2.992957750487395e-06
1414440,0.11971831019148864,8.51918034497416e-13,0.0,1.099998048591549,-2.992957750484465e-06
1414500,0.1197183101912326,8.513142414390287e-13,0.0,1.099998048591549,-2.9929577504815355e-06
1414560,0.11971831019097655,8.507104483806415e-13,0.0,1.099998048591549,-2.9929577504786056e-06
1414620,0.11971831019072049,8.50106655322254e-13,0.0,1.099998048591549,-2.992957750475676e-06
1414680,0.11971831019046444,8.495028622638668e-13,0.0,1.099998048591549,-2.9929577504727463e-06
1414740,0.1197183101902084,8.488990692054795e-13,0.0,1.099998048591549,-2.992957750469817e-06
1414800,0.11971831018995234,8.482952761470921e-13,0.0,1.099998048591549,-2.992957750466887e-06
1414860,0.1197183101896963,8.476914830887049e-13,0.0,1.099998048591549,-2.9929577504639575e-06
1414920,0.11971831018944024,8.470876900303176e-13,0.0,1.099998048591549,-2.992957750461028e-06
1414980,0.11971831018918419,8.464838969719303e-13,0.0,1.099998048591549,-2.992957750458098e-06
1415040,0.11971831018892815,8.45880103913543e-13,0.0,1.099998048591549,-2.9929577504551686e-06
1415100,0.11971831018867209,8.452763108551557e-13,0.0,1.099998048591549,-2.9929577504522388e-06
1415160,0.11971831018841604,8.446725177967684e-13,0.0,1.099998048591549,-2.9929577504493093e-06
1415220,0.11971831018816,8.440687247383811e-13,0.0,1.099998048591549,-2.9929577504463794e-06
1415280,0.11971831018790394,8.434649316799937e-13,0.0,1.099998048591549,-2.99295775044345e-06
1415340,0.11971831018764789,8.428611386216065e-13,0.0,1.099998048591549,-2.99295775044052e-06
1415400,0.11971831018739185,8.422573455632192e-13,0.0,1.099998048591549,-2.9929577504375906e-06
1415460,0.11971831018713579,8.416535525048318e-13,0.0,1.099998048591549,-2.992957750434661e-06
1415520,0.11971831018687974,8.410497594464446e-13,0.0,1.099998048591549,-2.9929577504317312e-06
1415580,0.11971831018662368,8.404459663880573e-13,0.0,1.099998048591549,-2.9929577504288018e-06
1415640,0.11971831018636764,8.398421733296699e-13,0.0,1.099998048591549,-2.992957750425872e-06
1415700,0.11971831018611159,8.392383802712827e-13,0.0,1.099998048591549,-2.9929577504229424e-06
1415760,0.11971831018585553,8.386345872128954e-13,0.0,1.099998048591549,-2.9929577504200125e-06
1415820,0.11971831018559949,8.380307941545082e-13,0.0,1.099998048591549,-2.992957750417083e-06
1415880,0.11971831018534344,8.374270010961208e-13,0.0,1.099998048591549,-2.992957750414153e-06
1415940,0.11971831018508738,8.368232080377334e-13,0.0,1.099998048591549,-2.9929577504112237e-06
1416000,0.11971831018483134,8.362194149793462e-13,0.0,1.099998048591549,-2.992957750408294e-06
1416060,0.11971831018457528,8.356156219209588e-13,0.0,1.099998048591549,-2.9929577504053644e-06
1416120,0.11971831018431923,8.350118288625715e-13,0.0,1.099998048591549,-2.992957750402435e-06
1416180,0.11971831018406319,8.344080358041843e-13,0.0,1.099998048591549,-2.992957750399505e-06
1416240,0.11971831018380713,8.338042427457969e-13,0.0,1.099998048591549,-2.9929577503965756e-06
1416300,0.11971831018355109,8.332004496874097e-13,0.0,1.099998048591549,-2.9929577503936457e-06
1416360,0.11971831018329504,8.325966566290224e-13,0.0,1.099998048591549,-2.992957750390716e-06
1416420,0.11971831018303898,8.319928635706351e-13,0.0,1.099998048591549,-2.9929577503877863e-06
1416480,0.11971831018278294,8.313890705122478e-13,0.0,1.099998048591549,-2.992957750384857e-06
1416540,0.11971831018252689,8.307852774538605e-13,0.0,1.099998048591549,-2.992957750381927e-06
1416600,0.11971831018227083,8.301814843954731e-13,0.0,1.099998048591549,-2.9929577503789975e-06
1416660,0.11971831018201479,8.295776913370858e-13,0.0,1.099998048591549,-2.992957750376068e-06
1416720,0.11971831018175873,8.289738982786985e-13,0.0,1.099998048591549,-2.992957750373138e-06
1416780,0.11971831018150268,8.283701052203113e-13,0.0,1.099998048591549,-2.9929577503702087e-06
1416840,0.11971831018124664,8.27766312161924e-13,0.0,1.099998048591549,-2.992957750367279e-06
1416900,0.11971831018099058,8.271625191035366e-13,0.0,1.099998048591549,-2.9929577503643493e-06
1416960,0.11971831018073453,8.265587260451494e-13,0.0,1.099998048591549,-2.9929577503614195e-06
1417020,0.11971831018047849,8.259549329867621e-13,0.0,1.099998048591549,-2.99295775035849e-06
1417080,0.11971831018022243,8.253511399283747e-13,0.0,1.099998048591549,-2.99295775035556e-06
1417140,0.11971831017996638,8.247473468699875e-13,0.0,1.099998048591549,-2.9929577503526306e-06
1417200,0.11971831017971034,8.241435538116002e-13,0.0,1.099998048591549,-2.9929577503497008e-06
1417260,0.11971831017945428,8.235397607532128e-13,0.0,1.099998048591549,-2.9929577503467713e-06
1417320,0.11971831017919823,8.229359676948255e-13,0.0,1.099998048591549,-2.992957750343842e-06
1417380,0.11971831017894217,8.223321746364382e-13,0.0,1.099998048591549,-2.992957750340912e-06
1417440,0.11971831017868613,8.21728381578051e-13,0.0,1.099998048591549,-2.9929577503379825e-06
1417500,0.11971831017843008,8.211245885196636e-13,0.0,1.099998048591549,-2.9929577503350526e-06
1417560,0.11971831017817403,8.205207954612763e-13,0.0,1.099998048591549,-2.992957750332123e-06
1417620,0.11971831017791798,8.199170024028891e-13,0.0,1.099998048591549,-2.9929577503291932e-06
1417680,0.11971831017766194,8.193132093445018e-13,0.0,1.099998048591549,-2.9929577503262638e-06
1417740,0.11971831017740588,8.187094162861144e-13,0.0,1.099998048591549,-2.992957750323334e-06
1417800,0.11971831017714983,8.181056232277272e-13,0.0,1.099998048591549,-2.9929577503204044e-06
1417860,0.11971831017689377,8.175018301693399e-13,0.0,1.099998048591549,-2.992957750317475e-06
1417920,0.11971831017663773,8.168980371109525e-13,0.0,1.099998048591549,-2.992957750314545e-06
1417980,0.11971831017638168,8.162942440525652e-13,0.0,1.099998048591549,-2.9929577503116156e-06
1418040,0.11971831017612562,8.156904509941779e-13,0.0,1.099998048591549,-2.9929577503086857e-06
1418100,0.11971831017586958,8.150866579357907e-13,0.0,1.099998048591549,-2.9929577503057563e-06
1418160,0.11971831017561353,8.144828648774033e-13,0.0,1.099998048591549,-2.9929577503028264e-06
1418220,0.11971831017535747,8.13879071819016e-13,0.0,1.099998048591549,-2.992957750299897e-06
1418280,0.11971831017510143,8.132752787606288e-13,0.0,1.099998048591549,-2.992957750296967e-06
1418340,0.11971831017484538,8.126714857022414e-13,0.0,1.099998048591549,-2.9929577502940376e-06
1418400,0.11971831017458932,8.120676926438542e-13,0.0,1.099998048591549,-2.9929577502911077e-06
1418460,0.11971831017433328,8.114638995854669e-13,0.0,1.099998048591549,-2.992957750288178e-06
1418520,0.11971831017407722,8.108601065270796e-13,0.0,1.099998048591549,-2.9929577502852487e-06
1418580,0.11971831017382117,8.102563134686922e-13,0.0,1.099998048591549,-2.992957750282319e-06
1418640,0.11971831017356513,8.096525204103049e-13,0.0,1.099998048591549,-2.9929577502793894e-06
1418700,0.11971831017330907,8.090487273519176e-13,0.0,1.099998048591549,-2.9929577502764595e-06
1418760,0.11971831017305302,8.084449342935303e-13,0.0,1.099998048591549,-2.99295775027353e-06
1418820,0.11971831017279698,8.07841141235143e-13,0.0,1.099998048591549,-2.9929577502706e-06
1418880,0.11971831017254092,8.072373481767557e-13,0.0,1.099998048591549,-2.9929577502676707e-06
1418940,0.11971831017228488,8.066335551183685e-13,0.0,1.099998048591549,-2.992957750264741e-06
1419000,0.11971831017202883,8.060297620599811e-13,0.0,1.099998048591549,-2.9929577502618113e-06
1419060,0.11971831017177277,8.054259690015939e-13,0.0,1.099998048591549,-2.992957750258882e-06
1419120,0.11971831017151673,8.048221759432066e-13,0.0,1.099998048591549,-2.992957750255952e-06
1419180,0.11971831017126067,8.042183828848192e-13,0.0,1.099998048591549,-2.9929577502530225e-06
1419240,0.11971831017100462,8.036145898264319e-13,0.0,1.099998048591549,-2.9929577502500926e-06
1419300,0.11971831017074858,8.030107967680446e-13,0.0,1.099998048591549,-2.992957750247163e-06
1419360,0.11971831017049252,8.024070037096573e-13,0.0,1.099998048591549,-2.9929577502442333e-06
1419420,0.11971831017023647,8.0180321065127e-13,0.0,1.099998048591549,-2.992957750241304e-06
1419480,0.11971831016998043,8.011994175928827e-13,0.0,1.099998048591549,-2.992957750238374e-06
1419540,0.11971831016972437,8.005956245344955e-13,0.0,1.099998048591549,-2.9929577502354445e-06
1419600,0.11971831016946832,7.999918314761081e-13,0.0,1.099998048591549,-2.9929577502325146e-06
1419660,0.11971831016921228,7.993880384177208e-13,0.0,1.099998048591549,-2.992957750229585e-06
1419720,0.11971831016895622,7.987842453593336e-13,0.0,1.099998048591549,-2.9929577502266557e-06
1419780,0.11971831016870017,7.981804523009463e-13,0.0,1.099998048591549,-2.9929577502237258e-06
1419840,0.11971831016844411,7.975766592425589e-13,0.0,1.099998048591549,-2.9929577502207963e-06
1419900,0.11971831016818807,7.969728661841716e-13,0.0,1.099998048591549,-2.9929577502178664e-06
1419960,0.11971831016793202,7.963690731257843e-13,0.0,1.099998048591549,-2.992957750214937e-06
1420020,0.11971831016767596,7.95765280067397e-13,0.0,1.099998048591549,-2.992957750212007e-06
1420080,0.11971831016741992,7.951614870090097e-13,0.0,1.099998048591549,-2.9929577502090776e-06
1420140,0.11971831016716387,7.945576939506224e-13,0.0,1.099998048591549,-2.9929577502061477e-06
1420200,0.11971831016690782,7.939539008922352e-13,0.0,1.099998048591549,-2.9929577502032183e-06
1420260,0.11971831016665177,7.933501078338478e-13,0.0,1.099998048591549,-2.992957750200289e-06
1420320,0.11971831016639571,7.927463147754605e-13,0.0,1.099998048591549,-2.992957750197359e-06
1420380,0.11971831016613967,7.921425217170733e-13,0.0,1.099998048591549,-2.9929577501944294e-06
1420440,0.11971831016588362,7.915387286586859e-13,0.0,1.099998048591549,-2.9929577501914996e-06
1420500,0.11971831016562756,7.909349356002986e-13,0.0,1.099998048591549,-2.99295775018857e-06
1420560,0.11971831016537152,7.903311425419113e-13,0.0,1.099998048591549,-2.9929577501856402e-06
1420620,0.11971831016511547,7.897273494835239e-13,0.0,1.099998048591549,-2.9929577501827107e-06
1420680,0.11971831016485941,7.891235564251367e-13,0.0,1.099998048591549,-2.992957750179781e-06
1420740,0.11971831016460337,7.885197633667494e-13,0.0,1.099998048591549,-2.9929577501768514e-06
1420800,0.11971831016434732,7.879159703083621e-13,0.0,1.099998048591549,-2.9929577501739215e-06
1420860,0.11971831016409126,7.873121772499748e-13,0.0,1.099998048591549,-2.992957750170992e-06
1420920,0.11971831016383522,7.867083841915875e-13,0.0,1.099998048591549,-2.9929577501680626e-06
1420980,0.11971831016357916,7.861045911332002e-13,0.0,1.099998048591549,-2.9929577501651327e-06
1421040,0.11971831016332311,7.855007980748129e-13,0.0,1.099998048591549,-2.9929577501622032e-06
1421100,0.11971831016306707,7.848970050164256e-13,0.0,1.099998048591549,-2.9929577501592733e-06
1421160,0.11971831016281101,7.842932119580384e-13,0.0,1.099998048591549,-2.992957750156344e-06
1421220,0.11971831016255496,7.83689418899651e-13,0.0,1.099998048591549,-2.992957750153414e-06
1421280,0.11971831016229892,7.830856258412636e-13,0.0,1.099998048591549,-2.9929577501504845e-06
1421340,0.11971831016204286,7.824818327828764e-13,0.0,1.099998048591549,-2.9929577501475546e-06
1421400,0.11971831016178681,7.818780397244891e-13,0.0,1.099998048591549,-2.992957750144625e-06
1421460,0.11971831016153077,7.812742466661017e-13,0.0,1.099998048591549,-2.9929577501416957e-06
1421520,0.11971831016127471,7.806704536077145e-13,0.0,1.099998048591549,-2.992957750138766e-06
1421580,0.11971831016101867,7.800666605493272e-13,0.0,1.099998048591549,-2.9929577501358364e-06
1421640,0.1197183101607626,7.7946286749094e-13,0.0,1.099998048591549,-2.9929577501329065e-06
1421700,0.11971831016050656,7.788590744325526e-13,0.0,1.099998048591549,-2.992957750129977e-06
1421760,0.11971831016025052,7.782552813741653e-13,0.0,1.099998048591549,-2.992957750127047e-06
1421820,0.11971831015999446,7.776514883157781e-13,0.0,1.099998048591549,-2.9929577501241177e-06
1421880,0.11971831015973841,7.770476952573906e-13,0.0,1.099998048591549,-2.9929577501211878e-06
1421940,0.11971831015948237,7.764439021990033e-13,0.0,1.099998048591549,-2.9929577501182583e-06
1422000,0.11971831015922631,7.758401091406161e-13,0.0,1.099998048591549,-2.9929577501153284e-06
1422060,0.11971831015897026,7.752363160822288e-13,0.0,1.099998048591549,-2.992957750112399e-06
1422120,0.11971831015871422,7.746325230238415e-13,0.0,1.099998048591549,-2.9929577501094695e-06
1422180,0.11971831015845816,7.740287299654542e-13,0.0,1.099998048591549,-2.9929577501065396e-06
1422240,0.11971831015820211,7.734249369070669e-13,0.0,1.099998048591549,-2.99295775010361e-06
1422300,0.11971831015794605,7.728211438486796e-13,0.0,1.099998048591549,-2.9929577501006803e-06
1422360,0.11971831015769001,7.722173507902923e-13,0.0,1.099998048591549,-2.992957750097751e-06
1422420,0.11971831015743396,7.71613557731905e-13,0.0,1.099998048591549,-2.992957750094821e-06
1422480,0.1197183101571779,7.710097646735178e-13,0.0,1.099998048591549,-2.9929577500918915e-06
1422540,0.11971831015692186,7.704059716151303e-13,0.0,1.099998048591549,-2.9929577500889616e-06
1422600,0.11971831015666581,7.698021785567431e-13,0.0,1.099998048591549,-2.992957750086032e-06
1422660,0.11971831015640975,7.691983854983558e-13,0.0,1.099998048591549,-2.9929577500831026e-06
1422720,0.11971831015615371,7.685945924399684e-13,0.0,1.099998048591549,-2.9929577500801728e-06
1422780,0.11971831015589765,7.679907993815812e-13,0.0,1.099998048591549,-2.9929577500772433e-06
1422840,0.1197183101556416,7.673870063231939e-13,0.0,1.099998048591549,-2.9929577500743134e-06
1422900,0.11971831015538556,7.667832132648066e-13,0.0,1.099998048591549,-2.992957750071384e-06
1422960,0.1197183101551295,7.661794202064193e-13,0.0,1.099998048591549,-2.992957750068454e-06
1423020,0.11971831015487346,7.65575627148032e-13,0.0,1.099998048591549,-2.9929577500655246e-06
1423080,0.11971831015461741,7.649718340896447e-13,0.0,1.099998048591549,-2.9929577500625947e-06
1423140,0.11971831015436135,7.643680410312574e-13,0.0,1.099998048591549,-2.9929577500596652e-06
1423200,0.1197183101541053,7.6376424797287e-13,0.0,1.099998048591549,-2.9929577500567354e-06
1423260,0.11971831015384926,7.631604549144828e-13,0.0,1.099998048591549,-2.992957750053806e-06
1423320,0.1197183101535932,7.625566618560955e-13,0.0,1.099998048591549,-2.9929577500508764e-06
1423380,0.11971831015333716,7.619528687977081e-13,0.0,1.099998048591549,-2.9929577500479465e-06
1423440,0.1197183101530811,7.613490757393209e-13,0.0,1.099998048591549,-2.992957750045017e-06
1423500,0.11971831015282505,7.607452826809336e-13,0.0,1.099998048591549,-2.992957750042087e-06
1423560,0.11971831015256901,7.601414896225462e-13,0.0,1.099998048591549,-2.9929577500391577e-06
1423620,0.11971831015231295,7.59537696564159e-13,0.0,1.099998048591549,-2.992957750036228e-06
1423680,0.1197183101520569,7.589339035057717e-13,0.0,1.099998048591549,-2.9929577500332984e-06
1423740,0.11971831015180086,7.583301104473845e-13,0.0,1.099998048591549,-2.9929577500303685e-06
1423800,0.1197183101515448,7.577263173889971e-13,0.0,1.099998048591549,-2.992957750027439e-06
1423860,0.11971831015128875,7.571225243306097e-13,0.0,1.099998048591549,-2.9929577500245096e-06
1423920,0.11971831015103271,7.565187312722225e-13,0.0,1.099998048591549,-2.9929577500215797e-06
1423980,0.11971831015077665,7.559149382138351e-13,0.0,1.099998048591549,-2.99295775001865e-06
1424040,0.1197183101505206,7.553111451554478e-13,0.0,1.099998048591549,-2.9929577500157203e-06
1424100,0.11971831015026455,7.547073520970606e-13,0.0,1.099998048591549,-2.992957750012791e-06
1424160,0.1197183101500085,7.541035590386733e-13,0.0,1.099998048591549,-2.992957750009861e-06
1424220,0.11971831014975245,7.53499765980286e-13,0.0,1.099998048591549,-2.9929577500069315e-06
1424280,0.1197183101494964,7.528959729218987e-13,0.0,1.099998048591549,-2.9929577500040016e-06
1424340,0.11971831014924035,7.522921798635114e-13,0.0,1.099998048591549,-2.992957750001072e-06
1424400,0.1197183101489843,7.516883868051241e-13,0.0,1.099998048591549,-2.9929577499981423e-06
1424460,0.11971831014872825,7.510845937467368e-13,0.0,1.099998048591549,-2.992957749995213e-06
1424520,0.1197183101484722,7.504808006883494e-13,0.0,1.099998048591549,-2.9929577499922833e-06
1424580,0.11971831014821616,7.498770076299622e-13,0.0,1.099998048591549,-2.9929577499893535e-06
1424640,0.1197183101479601,7.492732145715748e-13,0.0,1.099998048591549,-2.992957749986424e-06
1424700,0.11971831014770405,7.486694215131876e-13,0.0,1.099998048591549,-2.992957749983494e-06
1424760,0.11971831014744799,7.480656284548003e-13,0.0,1.099998048591549,-2.9929577499805646e-06
1424820,0.11971831014719195,7.474618353964129e-13,0.0,1.099998048591549,-2.9929577499776348e-06
1424880,0.1197183101469359,7.468580423380257e-13,0.0,1.099998048591549,-2.9929577499747053e-06
1424940,0.11971831014667984,7.462542492796384e-13,0.0,1.099998048591549,-2.9929577499717754e-06
1425000,0.1197183101464238,7.45650456221251e-13,0.0,1.099998048591549,-2.992957749968846e-06
1425060,0.11971831014616775,7.450466631628638e-13,0.0,1.099998048591549,-2.9929577499659165e-06
1425120,0.1197183101459117,7.444428701044765e-13,0.0,1.099998048591549,-2.9929577499629866e-06
1425180,0.11971831014565565,7.438390770460891e-13,0.0,1.099998048591549,-2.992957749960057e-06
1425240,0.11971831014539959,7.432352839877018e-13,0.0,1.099998048591549,-2.9929577499571272e-06
1425300,0.11971831014514354,7.426314909293145e-13,0.0,1.099998048591549,-2.9929577499541978e-06
1425360,0.1197183101448875,7.420276978709273e-13,0.0,1.099998048591549,-2.992957749951268e-06
1425420,0.11971831014463144,7.414239048125399e-13,0.0,1.099998048591549,-2.9929577499483384e-06
1425480,0.1197183101443754,7.408201117541526e-13,0.0,1.099998048591549,-2.9929577499454085e-06
1425540,0.11971831014411935,7.402163186957654e-13,0.0,1.099998048591549,-2.992957749942479e-06
1425600,0.11971831014386329,7.396125256373781e-13,0.0,1.099998048591549,-2.992957749939549e-06
1425660,0.11971831014360725,7.390087325789907e-13,0.0,1.099998048591549,-2.9929577499366197e-06
1425720,0.1197183101433512,7.384049395206035e-13,0.0,1.099998048591549,-2.9929577499336903e-06
1425780,0.11971831014309514,7.378011464622162e-13,0.0,1.099998048591549,-2.9929577499307604e-06
1425840,0.1197183101428391,7.371973534038288e-13,0.0,1.099998048591549,-2.992957749927831e-06
1425900,0.11971831014258304,7.365935603454415e-13,0.0,1.099998048591549,-2.992957749924901e-06
1425960,0.11971831014232699,7.359897672870542e-13,0.0,1.099998048591549,-2.9929577499219716e-06
1426020,0.11971831014207095,7.35385974228667e-13,0.0,1.099998048591549,-2.9929577499190417e-06
1426080,0.11971831014181489,7.347821811702796e-13,0.0,1.099998048591549,-2.992957749916112e-06
1426140,0.11971831014155884,7.341783881118923e-13,0.0,1.099998048591549,-2.9929577499131823e-06
1426200,0.1197183101413028,7.335745950535051e-13,0.0,1.099998048591549,-2.992957749910253e-06
1426260,0.11971831014104674,7.329708019951177e-13,0.0,1.099998048591549,-2.9929577499073234e-06
1426320,0.11971831014079069,7.323670089367305e-13,0.0,1.099998048591549,-2.9929577499043935e-06
1426380,0.11971831014053465,7.317632158783432e-13,0.0,1.099998048591549,-2.992957749901464e-06
1426440,0.11971831014027859,7.311594228199559e-13,0.0,1.099998048591549,-2.992957749898534e-06
1426500,0.11971831014002254,7.305556297615685e-13,0.0,1.099998048591549,-2.9929577498956047e-06
1426560,0.11971831013976648,7.299518367031812e-13,0.0,1.099998048591549,-2.992957749892675e-06
1426620,0.11971831013951044,7.293480436447939e-13,0.0,1.099998048591549,-2.9929577498897453e-06
1426680,0.1197183101392544,7.287442505864066e-13,0.0,1.099998048591549,-2.9929577498868155e-06
1426740,0.11971831013899834,7.281404575280193e-13,0.0,1.099998048591549,-2.992957749883886e-06
1426800,0.11971831013874229,7.27536664469632e-13,0.0,1.099998048591549,-2.992957749880956e-06
1426860,0.11971831013848624,7.269328714112448e-13,0.0,1.099998048591549,-2.9929577498780266e-06
1426920,0.11971831013823019,7.263290783528574e-13,0.0,1.099998048591549,-2.992957749875097e-06
1426980,0.11971831013797414,7.257252852944702e-13,0.0,1.099998048591549,-2.9929577498721673e-06
1427040,0.1197183101377181,7.251214922360829e-13,0.0,1.099998048591549,-2.992957749869238e-06
1427100,0.11971831013746204,7.245176991776955e-13,0.0,1.099998048591549,-2.992957749866308e-06
1427160,0.11971831013720599,7.239139061193082e-13,0.0,1.099998048591549,-2.9929577498633785e-06
1427220,0.11971831013694993,7.233101130609209e-13,0.0,1.099998048591549,-2.9929577498604486e-06
1427280,0.11971831013669389,7.227063200025336e-13,0.0,1.099998048591549,-2.992957749857519e-06
1427340,0.11971831013643784,7.221025269441463e-13,0.0,1.099998048591549,-2.9929577498545892e-06
1427400,0.11971831013618178,7.21498733885759e-13,0.0,1.099998048591549,-2.9929577498516598e-06
1427460,0.11971831013592574,7.208949408273718e-13,0.0,1.099998048591549,-2.9929577498487303e-06
1427520,0.11971831013566969,7.202911477689844e-13,0.0,1.099998048591549,-2.9929577498458004e-06
1427580,0.11971831013541363,7.196873547105971e-13,0.0,1.099998048591549,-2.992957749842871e-06
1427640,0.11971831013515759,7.190835616522099e-13,0.0,1.099998048591549,-2.992957749839941e-06
1427700,0.11971831013490153,7.184797685938226e-13,0.0,1.099998048591549,-2.9929577498370116e-06
1427760,0.11971831013464548,7.178759755354352e-13,0.0,1.099998048591549,-2.9929577498340817e-06
1427820,0.11971831013438944,7.172721824770479e-13,0.0,1.099998048591549,-2.9929577498311523e-06
1427880,0.11971831013413338,7.166683894186606e-13,0.0,1.099998048591549,-2.9929577498282224e-06
1427940,0.11971831013387733,7.160645963602733e-13,0.0,1.099998048591549,-2.992957749825293e-06
1428000,0.11971831013362129,7.15460803301886e-13,0.0,1.099998048591549,-2.992957749822363e-06
1428060,0.11971831013336523,7.148570102434987e-13,0.0,1.099998048591549,-2.9929577498194336e-06
1428120,0.11971831013310918,7.142532171851115e-13,0.0,1.099998048591549,-2.992957749816504e-06
1428180,0.11971831013285314,7.136494241267241e-13,0.0,1.099998048591549,-2.9929577498135742e-06
1428240,0.11971831013259708,7.130456310683368e-13,0.0,1.099998048591549,-2.9929577498106448e-06
1428300,0.11971831013234104,7.124418380099496e-13,0.0,1.099998048591549,-2.992957749807715e-06
1428360,0.11971831013208498,7.118380449515622e-13,0.0,1.099998048591549,-2.9929577498047854e-06
1428420,0.11971831013182893,7.112342518931749e-13,0.0,1.099998048591549,-2.9929577498018555e-06
1428480,0.11971831013157289,7.106304588347876e-13,0.0,1.099998048591549,-2.992957749798926e-06
1428540,0.11971831013131683,7.100266657764003e-13,0.0,1.099998048591549,-2.992957749795996e-06
1428600,0.11971831013106078,7.09422872718013e-13,0.0,1.099998048591549,-2.9929577497930667e-06
1428660,0.11971831013080474,7.088190796596257e-13,0.0,1.099998048591549,-2.9929577497901372e-06
1428720,0.11971831013054868,7.082152866012384e-13,0.0,1.099998048591549,-2.9929577497872073e-06
1428780,0.11971831013029263,7.076114935428511e-13,0.0,1.099998048591549,-2.992957749784278e-06
1428840,0.11971831013003659,7.070077004844638e-13,0.0,1.099998048591549,-2.992957749781348e-06
1428900,0.11971831012978053,7.064039074260765e-13,0.0,1.099998048591549,-2.9929577497784185e-06
1428960,0.11971831012952448,7.058001143676893e-13,0.0,1.099998048591549,-2.9929577497754886e-06
1429020,0.11971831012926842,7.051963213093019e-13,0.0,1.099998048591549,-2.992957749772559e-06
1429080,0.11971831012901238,7.045925282509146e-13,0.0,1.099998048591549,-2.9929577497696293e-06
1429140,0.11971831012875633,7.039887351925273e-13,0.0,1.099998048591549,-2.9929577497667e-06
1429200,0.11971831012850027,7.033849421341399e-13,0.0,1.099998048591549,-2.99295774976377e-06
1429260,0.11971831012824423,7.027811490757527e-13,0.0,1.099998048591549,-2.9929577497608405e-06
1429320,0.11971831012798818,7.021773560173654e-13,0.0,1.099998048591549,-2.992957749757911e-06
1429380,0.11971831012773212,7.015735629589781e-13,0.0,1.099998048591549,-2.992957749754981e-06
1429440,0.11971831012747608,7.009697699005908e-13,0.0,1.099998048591549,-2.9929577497520517e-06
1429500,0.11971831012722003,7.003659768422035e-13,0.0,1.099998048591549,-2.9929577497491218e-06
1429560,0.11971831012696398,6.997621837838163e-13,0.0,1.099998048591549,-2.9929577497461923e-06
1429620,0.11971831012670793,6.991583907254289e-13,0.0,1.099998048591549,-2.9929577497432624e-06
1429680,0.11971831012645187,6.985545976670416e-13,0.0,1.099998048591549,-2.992957749740333e-06
1429740,0.11971831012619583,6.979508046086543e-13,0.0,1.099998048591549,-2.992957749737403e-06
1429800,0.11971831012593978,6.97347011550267e-13,0.0,1.099998048591549,-2.9929577497344736e-06
1429860,0.11971831012568372,6.967432184918796e-13,0.0,1.099998048591549,-2.992957749731544e-06
1429920,0.11971831012542768,6.961394254334924e-13,0.0,1.099998048591549,-2.9929577497286143e-06
1429980,0.11971831012517163,6.955356323751051e-13,0.0,1.099998048591549,-2.992957749725685e-06
1430040,0.11971831012491557,6.949318393167178e-13,0.0,1.099998048591549,-2.992957749722755e-06
1430100,0.11971831012465953,6.943280462583305e-13,0.0,1.099998048591549,-2.9929577497198255e-06
1430160,0.11971831012440347,6.937242531999432e-13,0.0,1.099998048591549,-2.9929577497168956e-06
1430220,0.11971831012414742,6.931204601415559e-13,0.0,1.099998048591549,-2.992957749713966e-06
1430280,0.11971831012389138,6.925166670831686e-13,0.0,1.099998048591549,-2.9929577497110362e-06
1430340,0.11971831012363532,6.919128740247813e-13,0.0,1.099998048591549,-2.9929577497081068e-06
1430400,0.11971831012337927,6.91309080966394e-13,0.0,1.099998048591549,-2.992957749705177e-06
1430460,0.11971831012312323,6.907052879080066e-13,0.0,1.099998048591549,-2.9929577497022474e-06
1430520,0.11971831012286717,6.901014948496194e-13,0.0,1.099998048591549,-2.992957749699318e-06
1430580,0.11971831012261112,6.894977017912321e-13,0.0,1.099998048591549,-2.992957749696388e-06
1430640,0.11971831012235508,6.888939087328447e-13,0.0,1.099998048591549,-2.9929577496934586e-06
1430700,0.11971831012209902,6.882901156744575e-13,0.0,1.099998048591549,-2.9929577496905287e-06
1430760,0.11971831012184297,6.876863226160702e-13,0.0,1.099998048591549,-2.9929577496875992e-06
1430820,0.11971831012158692,6.870825295576829e-13,0.0,1.099998048591549,-2.9929577496846694e-06
1430880,0.11971831012133087,6.864787364992956e-13,0.0,1.099998048591549,-2.99295774968174e-06
1430940,0.11971831012107483,6.858749434409083e-13,0.0,1.099998048591549,-2.99295774967881e-06
1431000,0.11971831012081877,6.85271150382521e-13,0.0,1.099998048591549,-2.9929577496758805e-06
1431060,0.11971831012056272,6.846673573241336e-13,0.0,1.099998048591549,-2.992957749672951e-06
1431120,0.11971831012030668,6.840635642657463e-13,0.0,1.099998048591549,-2.992957749670021e-06
1431180,0.11971831012005062,6.834597712073591e-13,0.0,1.099998048591549,-2.9929577496670917e-06
1431240,0.11971831011979457,6.828559781489718e-13,0.0,1.099998048591549,-2.992957749664162e-06
1431300,0.11971831011953853,6.822521850905845e-13,0.0,1.099998048591549,-2.9929577496612324e-06
1431360,0.11971831011928247,6.816483920321972e-13,0.0,1.099998048591549,-2.9929577496583025e-06
1431420,0.11971831011902642,6.810445989738099e-13,0.0,1.099998048591549,-2.992957749655373e-06
1431480,0.11971831011877036,6.804408059154225e-13,0.0,1.099998048591549,-2.992957749652443e-06
1431540,0.11971831011851432,6.798370128570353e-13,0.0,1.099998048591549,-2.9929577496495137e-06
1431600,0.11971831011825827,6.79233219798648e-13,0.0,1.099998048591549,-2.9929577496465838e-06
1431660,0.11971831011800221,6.786294267402608e-13,0.0,1.099998048591549,-2.9929577496436543e-06
1431720,0.11971831011774617,6.780256336818733e-13,0.0,1.099998048591549,-2.992957749640725e-06
1431780,0.11971831011749012,6.774218406234861e-13,0.0,1.099998048591549,-2.992957749637795e-06
1431840,0.11971831011723406,6.768180475650988e-13,0.0,1.099998048591549,-2.9929577496348655e-06
1431900,0.11971831011697802,6.762142545067114e-13,0.0,1.099998048591549,-2.9929577496319356e-06
1431960,0.11971831011672197,6.756104614483241e-13,0.0,1.099998048591549,-2.992957749629006e-06
1432020,0.11971831011646591,6.750066683899369e-13,0.0,1.099998048591549,-2.9929577496260763e-06
1432080,0.11971831011620987,6.744028753315496e-13,0.0,1.099998048591549,-2.992957749623147e-06
1432140,0.11971831011595381,6.737990822731623e-13,0.0,1.099998048591549,-2.992957749620217e-06
1432200,0.11971831011569777,6.73195289214775e-13,0.0,1.099998048591549,-2.9929577496172875e-06
1432260,0.11971831011544172,6.725914961563877e-13,0.0,1.099998048591549,-2.992957749614358e-06
1432320,0.11971831011518566,6.719877030980003e-13,0.0,1.099998048591549,-2.992957749611428e-06
1432380,0.11971831011492962,6.71383910039613e-13,0.0,1.099998048591549,-2.9929577496084986e-06
1432440,0.11971831011467357,6.707801169812257e-13,0.0,1.099998048591549,-2.9929577496055688e-06
1432500,0.11971831011441751,6.701763239228385e-13,0.0,1.099998048591549,-2.9929577496026393e-06
1432560,0.11971831011416147,6.695725308644511e-13,0.0,1.099998048591549,-2.9929577495997094e-06
1432620,0.11971831011390541,6.689687378060639e-13,0.0,1.099998048591549,-2.99295774959678e-06
1432680,0.11971831011364936,6.683649447476766e-13,0.0,1.099998048591549,-2.99295774959385e-06
1432740,0.11971831011339332,6.677611516892892e-13,0.0,1.099998048591549,-2.9929577495909206e-06
1432800,0.11971831011313726,6.671573586309019e-13,0.0,1.099998048591549,-2.9929577495879907e-06
1432860,0.11971831011288121,6.665535655725147e-13,0.0,1.099998048591549,-2.9929577495850612e-06
1432920,0.11971831011262517,6.659497725141275e-13,0.0,1.099998048591549,-2.9929577495821318e-06
1432980,0.11971831011236911,6.653459794557401e-13,0.0,1.099998048591549,-2.992957749579202e-06
1433040,0.11971831011211306,6.647421863973527e-13,0.0,1.099998048591549,-2.9929577495762724e-06
1433100,0.11971831011185702,6.641383933389655e-13,0.0,1.099998048591549,-2.9929577495733425e-06
1433160,0.11971831011160096,6.635346002805781e-13,0.0,1.099998048591549,-2.992957749570413e-06
1433220,0.11971831011134491,6.629308072221908e-13,0.0,1.099998048591549,-2.992957749567483e-06
1433280,0.11971831011108885,6.623270141638035e-13,0.0,1.099998048591549,-2.9929577495645537e-06
1433340,0.11971831011083281,6.617232211054163e-13,0.0,1.099998048591549,-2.992957749561624e-06
1433400,0.11971831011057676,6.61119428047029e-13,0.0,1.099998048591549,-2.9929577495586944e-06
1433460,0.1197183101103207,6.605156349886417e-13,0.0,1.099998048591549,-2.992957749555765e-06
1433520,0.11971831011006466,6.599118419302544e-13,0.0,1.099998048591549,-2.992957749552835e-06
1433580,0.11971831010980861,6.59308048871867e-13,0.0,1.099998048591549,-2.9929577495499056e-06
1433640,0.11971831010955256,6.587042558134797e-13,0.0,1.099998048591549,-2.9929577495469757e-06
1433700,0.11971831010929651,6.581004627550924e-13,0.0,1.099998048591549,-2.9929577495440462e-06
1433760,0.11971831010904047,6.574966696967052e-13,0.0,1.099998048591549,-2.9929577495411163e-06
1433820,0.1197183101087844,6.568928766383179e-13,0.0,1.099998048591549,-2.992957749538187e-06
1433880,0.11971831010852836,6.562890835799306e-13,0.0,1.099998048591549,-2.992957749535257e-06
1433940,0.1197183101082723,6.556852905215433e-13,0.0,1.099998048591549,-2.9929577495323275e-06
1434000,0.11971831010801626,6.550814974631559e-13,0.0,1.099998048591549,-2.9929577495293976e-06
1434060,0.11971831010776021,6.544777044047686e-13,0.0,1.099998048591549,-2.992957749526468e-06
1434120,0.11971831010750415,6.538739113463814e-13,0.0,1.099998048591549,-2.9929577495235387e-06
1434180,0.11971831010724811,6.53270118287994e-13,0.0,1.099998048591549,-2.992957749520609e-06
1434240,0.11971831010699206,6.526663252296067e-13,0.0,1.099998048591549,-2.9929577495176793e-06
1434300,0.119718310106736,6.520625321712195e-13,0.0,1.099998048591549,-2.9929577495147495e-06
1434360,0.11971831010647996,6.514587391128322e-13,0.0,1.099998048591549,-2.99295774951182e-06
1434420,0.11971831010622391,6.508549460544448e-13,0.0,1.099998048591549,-2.99295774950889e-06
1434480,0.11971831010596785,6.502511529960575e-13,0.0,1.099998048591549,-2.9929577495059606e-06
1434540,0.11971831010571181,6.496473599376702e-13,0.0,1.099998048591549,-2.9929577495030308e-06
1434600,0.11971831010545575,6.49043566879283e-13,0.0,1.099998048591549,-2.9929577495001013e-06
1434660,0.1197183101051997,6.484397738208956e-13,0.0,1.099998048591549,-2.992957749497172e-06
1434720,0.11971831010494366,6.478359807625084e-13,0.0,1.099998048591549,-2.992957749494242e-06
1434780,0.1197183101046876,6.472321877041211e-13,0.0,1.099998048591549,-2.9929577494913125e-06
1434840,0.11971831010443156,6.466283946457337e-13,0.0,1.099998048591549,-2.9929577494883826e-06
1434900,0.11971831010417551,6.460246015873464e-13,0.0,1.099998048591549,-2.992957749485453e-06
1434960,0.11971831010391945,6.454208085289591e-13,0.0,1.099998048591549,-2.9929577494825232e-06
1435020,0.1197183101036634,6.448170154705718e-13,0.0,1.099998048591549,-2.9929577494795938e-06
1435080,0.11971831010340735,6.442132224121845e-13,0.0,1.099998048591549,-2.992957749476664e-06
1435140,0.1197183101031513,6.436094293537973e-13,0.0,1.099998048591549,-2.9929577494737344e-06
1435200,0.11971831010289526,6.4300563629541e-13,0.0,1.099998048591549,-2.9929577494708045e-06
1435260,0.1197183101026392,6.424018432370226e-13,0.0,1.099998048591549,-2.992957749467875e-06
1435320,0.11971831010238315,6.417980501786353e-13,0.0,1.099998048591549,-2.9929577494649456e-06
1435380,0.1197183101021271,6.41194257120248e-13,0.0,1.099998048591549,-2.9929577494620157e-06
1435440,0.11971831010187105,6.405904640618607e-13,0.0,1.099998048591549,-2.9929577494590863e-06
1435500,0.119718310101615,6.399866710034734e-13,0.0,1.099998048591549,-2.9929577494561564e-06
1435560,0.11971831010135896,6.393828779450861e-13,0.0,1.099998048591549,-2.992957749453227e-06
1435620,0.1197183101011029,6.387790848866989e-13,0.0,1.099998048591549,-2.992957749450297e-06
1435680,0.11971831010084685,6.381752918283115e-13,0.0,1.099998048591549,-2.9929577494473676e-06
1435740,0.1197183101005908,6.375714987699242e-13,0.0,1.099998048591549,-2.9929577494444377e-06
1435800,0.11971831010033475,6.369677057115369e-13,0.0,1.099998048591549,-2.9929577494415082e-06
1435860,0.1197183101000787,6.363639126531495e-13,0.0,1.099998048591549,-2.9929577494385788e-06
1435920,0.11971831009982264,6.357601195947623e-13,0.0,1.099998048591549,-2.992957749435649e-06
1435980,0.1197183100995666,6.351563265363751e-13,0.0,1.099998048591549,-2.9929577494327194e-06
1436040,0.11971831009931055,6.345525334779878e-13,0.0,1.099998048591549,-2.9929577494297895e-06
1436100,0.1197183100990545,6.339487404196004e-13,0.0,1.099998048591549,-2.99295774942686e-06
1436160,0.11971831009879845,6.333449473612131e-13,0.0,1.099998048591549,-2.99295774942393e-06
1436220,0.1197183100985424,6.327411543028258e-13,0.0,1.099998048591549,-2.9929577494210007e-06
1436280,0.11971831009828635,6.321373612444384e-13,0.0,1.099998048591549,-2.992957749418071e-06
1436340,0.1197183100980303,6.315335681860512e-13,0.0,1.099998048591549,-2.9929577494151414e-06
1436400,0.11971831009777424,6.30929775127664e-13,0.0,1.099998048591549,-2.9929577494122115e-06
1436460,0.1197183100975182,6.303259820692767e-13,0.0,1.099998048591549,-2.992957749409282e-06
1436520,0.11971831009726215,6.297221890108893e-13,0.0,1.099998048591549,-2.9929577494063525e-06
1436580,0.11971831009700609,6.29118395952502e-13,0.0,1.099998048591549,-2.9929577494034226e-06
1436640,0.11971831009675005,6.285146028941147e-13,0.0,1.099998048591549,-2.992957749400493e-06
1436700,0.119718310096494,6.279108098357274e-13,0.0,1.099998048591549,-2.9929577493975633e-06
1436760,0.11971831009623794,6.273070167773401e-13,0.0,1.099998048591549,-2.992957749394634e-06
1436820,0.1197183100959819,6.267032237189528e-13,0.0,1.099998048591549,-2.992957749391704e-06
1436880,0.11971831009572585,6.260994306605656e-13,0.0,1.099998048591549,-2.9929577493887745e-06
1436940,0.1197183100954698,6.254956376021782e-13,0.0,1.099998048591549,-2.9929577493858446e-06
1437000,0.11971831009521375,6.248918445437909e-13,0.0,1.099998048591549,-2.992957749382915e-06
1437060,0.11971831009495769,6.242880514854036e-13,0.0,1.099998048591549,-2.9929577493799857e-06
1437120,0.11971831009470164,6.236842584270163e-13,0.0,1.099998048591549,-2.9929577493770558e-06
1437180,0.1197183100944456,6.230804653686289e-13,0.0,1.099998048591549,-2.9929577493741263e-06
1437240,0.11971831009418954,6.224766723102417e-13,0.0,1.099998048591549,-2.9929577493711964e-06
1437300,0.1197183100939335,6.218728792518545e-13,0.0,1.099998048591549,-2.992957749368267e-06
1437360,0.11971831009367745,6.212690861934671e-13,0.0,1.099998048591549,-2.992957749365337e-06
1437420,0.11971831009342139,6.206652931350798e-13,0.0,1.099998048591549,-2.9929577493624076e-06
1437480,0.11971831009316534,6.200615000766925e-13,0.0,1.099998048591549,-2.9929577493594777e-06
1437540,0.11971831009290929,6.194577070183051e-13,0.0,1.099998048591549,-2.9929577493565483e-06
1437600,0.11971831009265324,6.188539139599179e-13,0.0,1.099998048591549,-2.9929577493536184e-06
1437660,0.1197183100923972,6.182501209015306e-13,0.0,1.099998048591549,-2.992957749350689e-06
1437720,0.11971831009214114,6.176463278431434e-13,0.0,1.099998048591549,-2.9929577493477595e-06
1437780,0.11971831009188509,6.17042534784756e-13,0.0,1.099998048591549,-2.9929577493448296e-06
1437840,0.11971831009162905,6.164387417263687e-13,0.0,1.099998048591549,-2.9929577493419e-06
1437900,0.11971831009137299,6.158349486679814e-13,0.0,1.099998048591549,-2.9929577493389702e-06
1437960,0.11971831009111694,6.15231155609594e-13,0.0,1.099998048591549,-2.9929577493360408e-06
1438020,0.1197183100908609,6.146273625512068e-13,0.0,1.099998048591549,-2.992957749333111e-06
1438080,0.11971831009060484,6.140235694928196e-13,0.0,1.099998048591549,-2.9929577493301814e-06
1438140,0.11971831009034879,6.134197764344322e-13,0.0,1.099998048591549,-2.9929577493272515e-06
1438200,0.11971831009009273,6.128159833760449e-13,0.0,1.099998048591549,-2.992957749324322e-06
1438260,0.11971831008983669,6.122121903176576e-13,0.0,1.099998048591549,-2.9929577493213926e-06
1438320,0.11971831008958064,6.116083972592703e-13,0.0,1.099998048591549,-2.9929577493184627e-06
1438380,0.11971831008932458,6.110046042008829e-13,0.0,1.099998048591549,-2.9929577493155332e-06
1438440,0.11971831008906854,6.104008111424957e-13,0.0,1.099998048591549,-2.9929577493126034e-06
1438500,0.1197183100888125,6.097970180841084e-13,0.0,1.099998048591549,-2.992957749309674e-06
1438560,0.11971831008855643,6.091932250257212e-13,0.0,1.099998048591549,-2.992957749306744e-06
1438620,0.11971831008830039,6.085894319673338e-13,0.0,1.099998048591549,-2.9929577493038145e-06
1438680,0.11971831008804434,6.079856389089465e-13,0.0,1.099998048591549,-2.9929577493008847e-06
1438740,0.11971831008778828,6.073818458505592e-13,0.0,1.099998048591549,-2.992957749297955e-06
1438800,0.11971831008753224,6.067780527921718e-13,0.0,1.099998048591549,-2.9929577492950253e-06
1438860,0.11971831008727618,6.061742597337845e-13,0.0,1.099998048591549,-2.992957749292096e-06
1438920,0.11971831008702014,6.055704666753973e-13,0.0,1.099998048591549,-2.9929577492891664e-06
1438980,0.11971831008676409,6.049666736170101e-13,0.0,1.099998048591549,-2.9929577492862365e-06
1439040,0.11971831008650803,6.043628805586227e-13,0.0,1.099998048591549,-2.992957749283307e-06
1439100,0.11971831008625199,6.037590875002354e-13,0.0,1.099998048591549,-2.992957749280377e-06
1439160,0.11971831008599594,6.031552944418481e-13,0.0,1.099998048591549,-2.9929577492774477e-06
1439220,0.11971831008573988,6.025515013834607e-13,0.0,1.099998048591549,-2.9929577492745178e-06
1439280,0.11971831008548384,6.019477083250734e-13,0.0,1.099998048591549,-2.9929577492715883e-06
1439340,0.11971831008522778,6.013439152666862e-13,0.0,1.099998048591549,-2.9929577492686584e-06
1439400,0.11971831008497173,6.00740122208299e-13,0.0,1.099998048591549,-2.992957749265729e-06
1439460,0.11971831008471569,6.001363291499116e-13,0.0,1.099998048591549,-2.9929577492627995e-06
1439520,0.11971831008445963,5.995325360915243e-13,0.0,1.099998048591549,-2.9929577492598696e-06
1439580,0.11971831008420358,5.98928743033137e-13,0.0,1.099998048591549,-2.99295774925694e-06
1439640,0.11971831008394754,5.983249499747496e-13,0.0,1.099998048591549,-2.9929577492540103e-06
1439700,0.11971831008369148,5.977211569163624e-13,0.0,1.099998048591549,-2.992957749251081e-06
1439760,0.11971831008343543,5.971173638579751e-13,0.0,1.099998048591549,-2.992957749248151e-06
1439820,0.11971831008317939,5.965135707995877e-13,0.0,1.099998048591549,-2.9929577492452215e-06
1439880,0.11971831008292333,5.959097777412005e-13,0.0,1.099998048591549,-2.9929577492422916e-06
1439940,0.11971831008266728,5.953059846828132e-13,0.0,1.099998048591549,-2.992957749239362e-06
