t,Tpos,Tpro,Tneg,o2,test
0,1000.0,1000.0,0.0,0.5,0.0
60,44.846858174333185,121.62720903900107,0.0,1.095591904038057,0.0032070183301336043
120,44.80411856407282,117.88401726057731,0.0,1.0968427915658319,0.005415099766096045
180,45.06322382670874,116.11739873238977,0.0,1.098175434625457,0.0070872063807789825
240,45.44728969442769,115.12772469433051,0.0,1.098195336332622,0.008368032168898533
300,45.90001311516269,114.54329591559643,0.0,1.0960084607725857,0.009354889377798391
360,46.39619076622224,114.20098819295067,0.0,1.095792412144153,0.010118233370654466
420,46.92235550798563,114.01522822371683,0.0,1.096755730627296,0.010710561226246928
480,47.470469932178524,113.93592002949671,0.0,1.098636683145616,0.011171547298987342
540,48.03535993436262,113.93149628638362,0.0,1.0979207384149268,0.011531415500850127
600,48.61350685773081,113.98100411646568,0.0,1.0975885770178937,0.011813303796369872
660,49.20241693058143,114.07000014617779,0.0,1.0950764646166449,0.012034982179552662
720,49.800264984339805,114.18824462603395,0.0,1.096331247662516,0.012210127912694152
780,50.40568025667598,114.3283231209405,0.0,1.097457193129316,0.012349284196618194
840,51.017610892761006,114.4847801300001,0.0,1.098779536892241,0.012460587292359762
900,51.63523459696201,114.65355197364815,0.0,1.0972316055880933,0.01255032105317602
960,52.25789763329451,114.83158296570356,0.0,1.0967754290399405,0.012623341563701774
1020,52.88507196999296,115.01655849956296,0.0,1.095558965961113,0.012683403200743812
1080,53.51632444098311,115.20671523711391,0.0,1.0970644696187533,0.01273340956976544
1140,54.151294124120675,115.40070371067094,0.0,1.0979627047908243,0.012775606877549165
1200,54.78967548305434,115.59748741216258,0.0,1.0979446323401563,0.01281173312005665
1260,55.43120564275065,115.7962678118879,0.0,1.0963332168364823,0.012843133293563664
1320,56.07565469326484,115.99642814503858,0.0,1.0961164404204549,0.012870848396955153
1380,56.722818241273686,116.19749095112492,0.0,1.0969909933620419,0.012895684239053124
1440,57.37251165627282,116.39908582151006,0.0,1.0975263098412424,0.012918264646083588
1500,58.02456560631992,116.60092478850224,0.0,1.0981422377684014,0.012939072621978753
1560,58.67882258640853,116.80278348616429,0.0,1.0961487939134844,0.012958482184676181
1620,59.33513421199498,117.00448668106273,0.0,1.0955488595293954,0.012976783009901242
1680,59.993359110532865,117.20589714487018,0.0,1.0960913175088698,0.012994199494001312
1740,60.65336127810753,117.4069070761276,0.0,1.097328266216518,0.01301090551283746
1800,61.31500880183125,117.60743148227097,0.0,1.097913953766707,0.013027035843318829
1860,61.978172869499865,117.80740306823743,0.0,1.09731827039632,0.013042695004033307
1920,62.642727005454866,118.0067682854888,0.0,1.0956274486994615,0.01305796409888629
1980,63.3085464851706,118.20548427703308,0.0,1.0959096256406362,0.01307290611373156
2040,63.9755078907978,118.40351651367807,0.0,1.0974608656600113,0.013087570016770992
2100,64.64348877827976,118.60083696484816,0.0,1.0975635956863807,0.01310199393243856
2160,65.31236743263689,118.79742268257749,0.0,1.0978790641505987,0.013116207598458704
2220,65.9820226932135,118.99325470570616,0.0,1.0954787567358664,0.013130234267114002
2280,66.65233383404592,119.18831721118585,0.0,1.0951675470207292,0.013144092177484173
2340,67.32318048806606,119.38259685738768,0.0,1.0961593624662138,0.01315779569437286
2400,67.99444260579371,119.57608227555055,0.0,1.09748083412572,0.013171356190098037
2460,68.66600044134822,119.76876367622806,0.0,1.0978716420069146,0.013184782726738647
2520,69.33773455996669,119.96063254470342,0.0,1.0965631694094335,0.01319808258405206
2580,70.00952586242013,120.15168140528937,0.0,1.0952411214156617,0.013211261667930942
2640,70.68125562267414,120.34190363902069,0.0,1.0957759366977347,0.013224324826286155
2700,71.35280553583316,120.53129334261688,0.0,1.0976918556566486,0.013237276093371601
2760,72.02405777403715,120.71984521942812,0.0,1.0975047801516522,0.013250118878642404
2820,72.69489504840621,120.90755449509476,0.0,1.0975995418609568,0.013262856112727033
2880,73.3652006755364,121.0944168523703,0.0,1.0949612473340486,0.013275490360112293
2940,74.03485864728918,121.28042838068964,0.0,1.095244033394394,0.013288023906169665
3000,74.70375370289722,121.46558553718869,0.0,1.0962710281301817,0.013300458824209509
3060,75.37177140255955,121.64988511650716,0.0,1.0985793220950648,0.013312797027159411
3120,76.03879820186167,121.83332422739021,0.0,1.0969444478965664,0.013325040307285735
3180,76.70472152646846,122.01590027449474,0.0,1.0970408806588825,0.013337190366698629
3240,77.36942984663382,122.19761094422107,0.0,1.0942976621160156,0.013349248840670506
3300,78.03281275113719,122.37845419358545,0.0,1.096024922572087,0.013361217315455276
3360,78.69476102032571,122.55842824144358,0.0,1.096817766593752,0.01337309734179631
3420,79.35516669799074,122.73753156147566,0.0,1.0973760440316767,0.013384890445132146
3480,80.01392316183363,122.9157628765025,0.0,1.0971556348865037,0.013396598133240763
3540,80.67092519233191,123.09312115380446,0.0,1.094567412681677,0.013408221901886041
3600,81.32606903981541,123.26960560116214,0.0,1.0954475126956071,0.013419763238949807
3660,81.9792524896092,123.44521566344035,0.0,1.0964200529987753,0.013431223627358794
3720,82.63037492510294,123.61995101953572,0.0,1.098545151884471,0.013442604547116266
3780,83.27933738863157,123.79381157958713,0.0,1.096292576252635,0.013453907476616163
3840,83.92604264006224,123.96679748233724,0.0,1.0965472733156372,0.013465133893433923
3900,84.57039521299905,124.13890909260253,0.0,1.0945687304719858,0.013476285274674355
3960,85.2123014685214,124.3101469987651,0.0,1.0960334910074288,0.013487363097027808
4020,85.85166964638607,124.48051201026853,0.0,1.097923341716984,0.013498368836573835
4080,86.4884099136413,124.6500051550842,0.0,1.0969464692553845,0.013509303968394304
4140,87.12243441058361,124.81862767710358,0.0,1.0968661520336211,0.013520169966080046
4200,87.75365729403643,124.98638103348043,0.0,1.095040969745769,0.013530968301097929
4260,88.38199477789406,125.1532668918681,0.0,1.0956037512633843,0.013541700442118693
4320,89.00736517091616,125.31928712757708,0.0,1.0969625665293872,0.013552367854272124
4380,89.6296889117422,125.48444382062459,0.0,1.0973059937370337,0.013562971998384969
4440,90.24888860111976,125.64873925269004,0.0,1.0962395783408072,0.013573514330187254
4500,90.86488903132846,125.81217590396001,0.0,1.0946022275088692,0.013583996299523293
4560,91.47761721280963,125.97475644988182,0.0,1.0954519285150013,0.013594419349545049
4620,92.08700239799434,126.13648375780929,0.0,1.0974998011267112,0.013604784915923736
4680,92.6929761023495,126.29736088355736,0.0,1.0968988722107067,0.013615094426061574
4740,93.295472122645,126.45739106784883,0.0,1.097179840090054,0.01362534929834093
4800,93.8944265524837,126.61657773269138,0.0,1.0942756326357166,0.013635550941356593
4860,94.48977779509507,126.77492447764494,0.0,1.0955343298714721,0.013645700753207084
4920,95.08146657344754,126.93243507602625,0.0,1.0962281936093878,0.01365580012077714
4980,95.66943593770107,127.08911347102737,0.0,1.0966106394967388,0.013665850419058668
5040,96.25363127003982,127.24496377175477,0.0,1.0979449187425527,0.013675853010509621
5100,96.83400028694666,127.39999024921914,0.0,1.095881269979828,0.013685809244409295
5160,97.41049303894361,127.5541973322414,0.0,1.095265019921913,0.01369572045627703
5220,97.98306190787653,127.70758960332117,0.0,1.0955792892561875,0.013705587967287717
5280,98.55166160178196,127.86017179444202,0.0,1.0964746298000474,0.013715413083734756
5340,99.11624914740614,128.01194878283533,0.0,1.0968483663392667,0.013725197096514326
5400,99.67678388043365,128.16292558669826,0.0,1.0967658846173873,0.013734941280646864
5460,100.23322743349986,128.31310736088506,0.0,1.0940420460619797,0.013744646894813174
5520,100.78554372204371,128.46249939255756,0.0,1.0952726646868873,0.013754315180937166
5580,101.33369892808635,128.6111070968209,0.0,1.096723536798781,0.013763947363781477
5640,101.87766148199793,128.75893601233523,0.0,1.0967154393652778,0.013773544650577684
5700,102.41740204232818,128.90599179690682,0.0,1.0973615378274144,0.013783108230696554
5760,102.95289347378913,129.05228022308327,0.0,1.093551146200011,0.013792639275323128
5820,103.48411082344914,129.197807173729,0.0,1.0950691415876739,0.013802138937184476
5880,104.01103129523956,129.34257863761457,0.0,1.0957627283408349,0.013811608350283378
5940,104.53363422283532,129.48660070500367,0.0,1.097685671480262,0.01382104862967062
6000,105.05190104100089,129.62987956324864,0.0,1.0965474025894129,0.013830460871245807
6060,105.5658152554804,129.77242149240502,0.0,1.0964750551574878,0.013839846151575866
6120,106.07536241151571,129.91423286086274,0.0,1.0946646629114396,0.013849205527742572
6180,106.58053006106853,130.05532012099778,0.0,1.0952630370744212,0.013858540037217924
6240,107.08130772883831,130.19568980485602,0.0,1.0965883512517405,0.013867850697755538
6300,107.57768687714655,130.33534851986235,0.0,1.0968998331471287,0.013877138507314661
6360,108.06966086977691,130.47430294456944,0.0,1.0952771338997613,0.01388640444399854
6420,108.55722493484353,130.61255982443808,0.0,1.0956368143374515,0.013895649466025776
6480,109.04037612677831,130.75012596766868,0.0,1.0947117017703494,0.013904874511708215
6540,109.51911328750246,130.88700824107121,0.0,1.095888419884572,0.013914080499460309
6600,109.99343700686937,131.0232135659836,0.0,1.0976753157528736,0.013923268327828064
6660,110.46334958245261,131.15874891424792,0.0,1.0962284940815126,0.01393243887552707
6720,110.92885497874589,131.29362130422982,0.0,1.0957267476181727,0.013941593001516405
6780,111.38995878586391,131.4278377969072,0.0,1.0945995313198944,0.013950731545070653
6840,111.84666817779903,131.56140549200973,0.0,1.0955229879730455,0.01395985532588272
6900,112.29899187031494,131.69433152422488,0.0,1.097929754495566,0.013968965144175236
6960,112.7469400785402,131.82662305946613,0.0,1.0961809952954937,0.013978061780830947
7020,113.19052447432495,131.9582872912059,0.0,1.0963557864405429,0.013987145997539306
7080,113.62975814343521,132.0893314368821,0.0,1.093391734116116,0.013996218536948862
7140,114.06465554263136,132.21976273436803,0.0,1.095260551813022,0.014005280122842847
7200,114.49523245670756,132.34958843851877,0.0,1.0961593159328902,0.014014331460319374
7260,114.92150595553507,132.47881581778907,0.0,1.0963680184992801,0.014023373235985185
7320,115.34349435117322,132.60745215092257,0.0,1.096449604152586,0.014032406118165766
7380,115.76121715510058,132.73550472372273,0.0,1.0935674754103242,0.01404143075711482
7440,116.17469503561178,132.86298082589303,0.0,1.0950220429465538,0.014050447785245229
7500,116.58394977543918,132.98988774796086,0.0,1.096530307518422,0.014059457817358616
7560,116.98900422963489,133.11623277827744,0.0,1.0963346630078434,0.014068461450886343
7620,117.38988228376277,133.24202320009206,0.0,1.0971136392760148,0.014077459266145252
7680,117.78660881244504,133.36726628871426,0.0,1.0949890537776752,0.014086451826585885
7740,118.17920963829332,133.4919693087467,0.0,1.094666611308252,0.01409543967906156
7800,118.56771149127611,133.61613951140518,0.0,1.095681271770124,0.014104423354091308
7860,118.95214196854414,133.73978413191432,0.0,1.0964008445367763,0.014113403366134876
7920,119.33252949475491,133.862910386985,0.0,1.0960802974922437,0.014122380213868987
7980,119.70890328292379,133.9855254723699,0.0,1.0959835202390296,0.014131354380471143
8040,120.08129329583255,134.1076365605023,0.0,1.0936764557129135,0.014140326333900409
8100,120.44973020801883,134.22925079821078,0.0,1.0953936249402119,0.014149296527187731
8160,120.81424536837645,134.35037530451564,0.0,1.0959348913896085,0.014158265398723365
8220,121.17487076338251,134.47101716850227,0.0,1.0977467817903563,0.01416723337254972
8280,121.53163898097847,134.59118344727423,0.0,1.094531824843549,0.014176200858653029
8340,121.8845831751158,134.7108811639809,0.0,1.0954123840220187,0.014185168253260105
8400,122.23373703099463,134.83011730592648,0.0,1.0945069439326442,0.014194135939128957
8460,122.57913473099751,134.9488988227513,0.0,1.0955967772379924,0.014203104285844974
8520,122.92081092134245,135.06723262468876,0.0,1.0975107140107023,0.014212073650116858
8580,123.25880067946017,135.18512558089964,0.0,1.095883062099117,0.014221044376066245
8640,123.59313948210631,135.30258451787395,0.0,1.0954837948503224,0.014230016795526254
8700,123.92386317422174,135.41961621791154,0.0,1.0943873143808787,0.01423899122832806
8760,124.2510079385414,135.53622741766918,0.0,1.095294179999933,0.014247967982593573
8820,124.57461026596194,135.65242480678054,0.0,1.09642804247127,0.014256947355022096
8880,124.89470692666997,135.768215026543,0.0,1.096527930816894,0.01426592963117802
8940,125.2113349420339,135.88360466867442,0.0,1.0942477144691003,0.014274915085772675
9000,125.52453155726049,135.99860027413376,0.0,1.094874414371286,0.014283903982947944
9060,125.83433421481892,136.11320833201,0.0,1.0951332847534174,0.0142928965765521
9120,126.14078052862688,136.22743527847322,0.0,1.0958847781884309,0.014301893110415471
9180,126.44390825900187,136.3412874957876,0.0,1.0972938265010244,0.014310893818624368
9240,126.74375528837054,136.45477131138853,0.0,1.095507736532782,0.014319898925786848
9300,127.04035959773331,136.56789299701595,0.0,1.0947795229268658,0.014328908647300987
9360,127.33375924388152,136.68065876790973,0.0,1.0948135038240687,0.01433792318961389
9420,127.62399233735773,136.79307478206044,0.0,1.0956460257104828,0.014346942750479633
9480,127.91109702115631,136.9051471395157,0.0,1.096825856723491,0.014355967519214195
9540,128.19511145015332,137.0168818817424,0.0,1.0950087901225172,0.014364997676942807
9600,128.47607377126076,137.1282849910395,0.0,1.0948382637838288,0.014374033396848333
9660,128.75402210429468,137.23936239000543,0.0,1.094412996271319,0.01438307484440968
9720,129.02899452354885,137.350119941053,0.0,1.0955035686908785,0.014392122177640042
9780,129.30102904006358,137.46056344597466,0.0,1.0961177486574434,0.014401175547319001
9840,129.5701635845798,137.57069864555433,0.0,1.095687446540834,0.014410235097220262
9900,129.83643599116766,137.68053121922492,0.0,1.0957809778343643,0.014419300964336424
9960,130.09988398151756,137.79006678477162,0.0,1.0934109672821408,0.014428373279096383
10020,130.3605451498832,137.89931089807683,0.0,1.094926166943514,0.014437452165581096
10080,130.61845694866474,138.0082690529078,0.0,1.0967934207962249,0.014446537741733005
10140,130.8736566746184,138.11694668074463,0.0,1.0960507905390544,0.014455630119560683
10200,131.1261814556822,138.2253491506464,0.0,1.0962253589059126,0.014464729405341626
10260,131.37606823840315,138.33348176915626,0.0,1.0942490581816462,0.01447383569981636
10320,131.6233537759541,138.441349780242,0.0,1.0945302300697761,0.014482949098381652
10380,131.86807461672734,138.54895836527228,0.0,1.0958714538011258,0.014492069691276541
10440,132.11026709349127,138.6563126430261,0.0,1.0963449964019825,0.014501197563765599
10500,132.34996731309687,138.76341766973536,0.0,1.0957626278353194,0.014510332796316612
10560,132.5872111467214,138.87027843915808,0.0,1.0939275368526873,0.014519475464774919
10620,132.82203422063435,138.97689988268226,0.0,1.0945497612484743,0.014528625640531962
10680,133.05447190747458,139.0832868694582,0.0,1.0962504859215398,0.014537783390690385
10740,133.2845593180223,139.18944420655896,0.0,1.0960448984667348,0.014546948778223996
10800,133.5123312934564,139.29537663916634,0.0,1.0963683025962798,0.014556121862135228
10860,133.73782239807892,139.40108885078357,0.0,1.0937146731808183,0.014565302697605486
10920,133.96106691249793,139.50658546347094,0.0,1.0947970298530385,0.014574491336144442
10980,134.18209882725293,139.6118710381056,0.0,1.095016802824241,0.014583687825732498
11040,134.40095183686972,139.71695007466303,0.0,1.0956591509924598,0.014592892210960537
11100,134.61765933433458,139.82182701251935,0.0,1.0972054173563361,0.014602104533166247
11160,134.83225440596976,139.92650623077407,0.0,1.0952524868941105,0.01461132483056447
11220,135.04476982670334,140.03099204859154,0.0,1.0946307453323814,0.014620553138376256
11280,135.25523805571615,140.13528872556097,0.0,1.0945321110885722,0.014629789488951701
11340,135.463691232456,140.2394004620728,0.0,1.095482853755871,0.014639033911890548
11400,135.67016117300622,140.34333139971218,0.0,1.0961461233776484,0.014648286434158459
11460,135.8746793667967,140.44708562166684,0.0,1.0961001043154133,0.014657547080200265
11520,136.0772769736445,140.55066715315021,0.0,1.0934288260103968,0.01466681587204877
11580,136.27798482111425,140.65407996183754,0.0,1.0944544861985572,0.014676092829431213
11640,136.47683340218487,140.75732795831527,0.0,1.0956348977978294,0.014685377969871249
11700,136.6738528732122,140.860414996542,0.0,1.09588750349958,0.014694671308788104
11760,136.86907305217815,140.96334487432074,0.0,1.0967827924131597,0.014703972859593073
11820,137.06252341721134,141.06612133378198,0.0,1.0931027585832669,0.01471328263378151
11880,137.25423310537383,141.16874806187568,0.0,1.0943753864339196,0.014722600641023226
11940,137.44423091169895,141.2712286908733,0.0,1.0947532486942633,0.01473192688924851
12000,137.63254528847273,141.37356679887742,0.0,1.0969234710151479,0.01474126138473199
12060,137.819204344749,141.47576591033925,0.0,1.0958626531290072,0.014750604132173594
12120,138.00423584608694,141.57782949658326,0.0,1.0960555731446566,0.014759955134776412
12180,138.18766721450257,141.67976097633817,0.0,1.0940654791467193,0.01476931439432188
12240,138.3695255286254,141.7815637162739,0.0,1.0944212522094914,0.014778681911242587
12300,138.54983752404988,141.88324103154358,0.0,1.095728422189266,0.014788057684691974
12360,138.72862959387447,141.9847961863304,0.0,1.0961500771067612,0.014797441712611995
12420,138.90592778941834,142.08623239439876,0.0,1.0948876131717005,0.014806833991797969
12480,139.08175782110908,142.18755281964874,0.0,1.0951319894042597,0.014816234517961496
12540,139.2561450595308,142.28876057667412,0.0,1.0937234106718996,0.01482564328579036
12600,139.4291145366277,142.3898587313229,0.0,1.0950492679073223,0.014835060289006765
12660,139.60069094705355,142.49085030126025,0.0,1.0969187583917808,0.014844485520423199
12720,139.77089864965964,142.591738256533,0.0,1.095686115322811,0.01485391897199587
12780,139.93976166911634,142.69252552013577,0.0,1.0953532357475708,0.014863360634876798
12840,140.10730369765741,142.793214968578,0.0,1.0938714837409267,0.014872810499462995
12900,140.273548096944,142.8938094324517,0.0,1.0946776514239844,0.014882268555444412
12960,140.4385179000396,142.9943116969992,0.0,1.097207105554159,0.014891734791849562
13020,140.6022358134902,143.09472450268117,0.0,1.0956627565672845,0.014901209197089536
13080,140.7647242195048,143.19505054574373,0.0,1.0959292675305334,0.01491069175900031
13140,140.9260051782271,143.2952924787853,0.0,1.0925441874326898,0.01492018246488297
13200,141.08610043009685,143.39545291132208,0.0,1.0944236815019441,0.014929681301542748
13260,141.2450313982918,143.49553441035212,0.0,1.0953556461470793,0.014939188255326053
13320,141.4028191912467,143.595539500918,0.0,1.0958770935095317,0.014948703312156102
13380,141.55948460524442,143.69547066666746,0.0,1.0959469551045626,0.014958226457567201
13440,141.7150481270724,143.7953303504119,0.0,1.0930837530939568,0.014967757676737192
13500,141.86952993674257,143.89512095468248,0.0,1.0943944546948745,0.014977296954518932
13560,142.02294991026662,143.9948448422837,0.0,1.0956180452107445,0.014986844275470007
13620,142.17532762248484,144.09450433684395,0.0,1.0956916843911744,0.0149963996238813
13680,142.32668234994432,144.1941017233634,0.0,1.0967128375671584,0.015005962983804497
13740,142.4770330738194,144.29363924875813,0.0,1.0946141088817913,0.015015534339077902
13800,142.62639848287475,144.39311912240143,0.0,1.094108232162716,0.015025113673351558
13860,142.77479697646328,144.49254351666127,0.0,1.094867288573902,0.015034700970110818
13920,142.92224666755772,144.5919145674339,0.0,1.0956895209457376,0.015044296212699057
13980,143.06876538581193,144.69123437467374,0.0,1.0957058766774426,0.015053899384339212
14040,143.21437068064802,144.7905050029195,0.0,1.0955947927937089,0.01506351046815443
14100,143.35907982436595,144.8897284818155,0.0,1.0930509734082758,0.015073129447187493
14160,143.50290981527377,144.9889068066295,0.0,1.0944078159894985,0.015082756304419532
14220,143.6458773808341,145.08804193876549,0.0,1.0960808177330355,0.015092391022787657
14280,143.7879989808243,145.18713580627252,0.0,1.0959845116448963,0.015102033585201726
14340,143.92929081050949,145.28619030434842,0.0,1.095623774303299,0.015111683974560433
14400,144.06976880382246,145.3852072958394,0.0,1.093970380025758,0.015121342173766286
14460,144.20944863655131,145.48418861173445,0.0,1.0939289363543183,0.015131008165740067
14520,144.34834572953002,145.58313605165523,0.0,1.0949134157539135,0.015140681933434336
14580,144.48647525183168,145.6820513843407,0.0,1.096979756484692,0.015150363459846345
14640,144.62385212396026,145.78093634812723,0.0,1.0954708123711665,0.015160052728030117
14700,144.76049102104133,145.87979265142334,0.0,1.0953283098469018,0.015169749721108064
14760,144.89640637600692,145.9786219731795,0.0,1.0937782517757646,0.01517945442228168
14820,145.03161238277525,146.07742596335277,0.0,1.0945779667907023,0.015189166814841847
14880,145.16612299942204,146.1762062433665,0.0,1.0958512136825287,0.015198886882178386
14940,145.29995195134242,146.2749644065645,0.0,1.0960465015658947,0.015208614607789156
15000,145.43311273440145,146.37370201866017,0.0,1.094073528965689,0.015218349975288509
15060,145.56561861807268,146.47242061818056,0.0,1.0945420261207937,0.015228092968415303
15120,145.69748264856167,146.57112171690474,0.0,1.0942609480697232,0.01523784357104032
15180,145.828717651915,146.66980680029738,0.0,1.0952359198153003,0.015247601767173241
15240,145.9593362371125,146.76847732793672,0.0,1.0968419959718343,0.015257367540969222
15300,146.08935079914113,146.86713473393732,0.0,1.0952162922842015,0.015267140876734869
15360,146.21877352205144,146.9657804273676,0.0,1.0945556767547375,0.015276921758933987
15420,146.34761638199222,147.06441579266203,0.0,1.0938525069886196,0.015286710172192741
15480,146.47589115022586,147.16304219002788,0.0,1.0949828571463562,0.01529650610130452
15540,146.60360939612116,147.26166095584705,0.0,1.096248732593093,0.015306309531234435
15600,146.73078249012346,147.36027340307223,0.0,1.094993505330804,0.015316120447123393
15660,146.8574216067022,147.458880821618,0.0,1.0945800400660437,0.015325938834291945
15720,146.98353772727313,147.5574844787468,0.0,1.0939550633605832,0.015335764678243671
15780,147.10914164309654,147.6560856194493,0.0,1.0947877708124714,0.015345597964668356
15840,147.23424395814968,147.75468546681986,0.0,1.0955060402426187,0.015355438679444826
15900,147.35885509197317,147.85328522242688,0.0,1.0954474811730825,0.015365286808643505
15960,147.48298528249097,147.95188606667764,0.0,1.0954992328228188,0.015375142338528743
16020,147.60664458880308,148.05048915917837,0.0,1.0928283394094511,0.0153850052555608
16080,147.7298428939508,148.1490956390889,0.0,1.094347668872955,0.015394875546397686
16140,147.85258990765402,148.24770662547263,0.0,1.0960952539973878,0.015404753197896694
16200,147.97489516902007,148.34632321764093,0.0,1.0956211027999998,0.015414638197115724
16260,148.0967680492245,148.4449464954931,0.0,1.096059030601682,0.015424530531314463
16320,148.21821775416194,148.54357751985103,0.0,1.0939996285885365,0.015434430187955246
16380,148.33925332706895,148.64221733278887,0.0,1.0939783996473045,0.015444337154703844
16440,148.45988365111631,148.7408669579582,0.0,1.095220396709167,0.01545425141942998
16500,148.58011745197257,148.83952740090785,0.0,1.0958211115726,0.015464172970207742
16560,148.69996330033723,148.93819964939922,0.0,1.0951058691124635,0.015474101795315776
16620,148.81942961444452,149.03688467371688,0.0,1.0950247056535238,0.01548403788323738
16680,148.93852466253662,149.13558342697416,0.0,1.0931634574037685,0.015493981222660406
16740,149.05725656530723,149.23429684541443,0.0,1.0950355933917824,0.015503931802477052
16800,149.1756332983145,149.3330258487073,0.0,1.095403793760905,0.015513889611783504
16860,149.29366269436431,149.43177134024074,0.0,1.096789103185044,0.015523854639879478
16920,149.41135244586278,149.5305342074082,0.0,1.0935086141293533,0.015533826876267616
16980,149.52871010713903,149.6293153218916,0.0,1.0945004267954994,0.01554380631065282
17040,149.64574309673736,149.72811553993958,0.0,1.094243915950431,0.015553792932941417
17100,149.76245869967948,149.8269357026415,0.0,1.0950814769313908,0.015563786733240274
17160,149.8788640696968,149.92577663619713,0.0,1.0968364389229037,0.015573787701855829
17220,149.9949662314321,150.02463915218195,0.0,1.095043016167696,0.015583795829292984
17280,150.1107720826125,150.12352404780813,0.0,1.094486654510267,0.015593811106253984
17340,150.22628839619128,150.2224321061816,0.0,1.0938909221028832,0.015603833523637171
17400,150.34152182246086,150.32136409655453,0.0,1.094850541672063,0.015613863072535683
17460,150.4564788911361,150.42032077457418,0.0,1.0957842338970354,0.015623899744236096
17520,150.5711660134081,150.51930288252723,0.0,1.0958036957293258,0.01563394353021701
17580,150.68558948396893,150.61831114958056,0.0,1.0933005028289802,0.015643994422147537
17640,150.79975548300732,150.7173462920177,0.0,1.0940904595424008,0.01565405241188581
17700,150.91367007817547,150.81640901347166,0.0,1.0948613024297518,0.01566411749147736
17760,151.02733922652703,150.91550000515358,0.0,1.0953798488355708,0.01567418965315353
17820,151.14076877642717,151.01461994607803,0.0,1.0965446167533415,0.015684268889329753
17880,151.2539644694336,151.1137695032841,0.0,1.0930747237329335,0.015694355192603916
17940,151.36693194215079,151.2129493320531,0.0,1.0941301704871929,0.01570444855575456
18000,151.47967672805493,151.31216007612258,0.0,1.0940733520627213,0.01571454897173915
18060,151.5922042592926,151.41140236789641,0.0,1.0964273767109065,0.015724656433692235
18120,151.70451986845148,151.5106768286519,0.0,1.0954791965376551,0.015734770934923675
18180,151.8166287903043,151.6099840687428,0.0,1.0959901880696183,0.01574489246891676
18240,151.92853616352573,151.70932468779927,0.0,1.0938723311353333,0.015755021029326337
18300,152.04024703238332,151.80869927492435,0.0,1.0939355664713974,0.01576515660997695
18360,152.15176634840117,151.90810840888693,0.0,1.0951332043677775,0.015775299204860926
18420,152.26309897199857,152.00755265831148,0.0,1.0956718850386238,0.015785448808136465
18480,152.3742496741025,152.10703258186467,0.0,1.0948036873147964,0.015795605414125696
18540,152.48522313773455,152.2065487284386,0.0,1.0949569618746824,0.015805769017312787
18600,152.59602395957302,152.3061016373308,0.0,1.0930529503330317,0.015815939612341956
18660,152.70665665148962,152.40569183842146,0.0,1.0944928896052708,0.015826117194015554
18720,152.81712564206217,152.50531985234718,0.0,1.0963956723488701,0.01583630175729211
18780,152.92743527806226,152.60498619067192,0.0,1.0954037972099804,0.015846493297284363
18840,153.03758982591967,152.7046913560549,0.0,1.0952960003648913,0.01585669180925733
18900,153.14759347316215,152.8044358424156,0.0,1.0935123274476264,0.01586689728862635
18960,153.25745032983258,152.90422013509584,0.0,1.0941078544825527,0.015877109730955116
19020,153.36716442988217,153.00404471101908,0.0,1.0966822306310084,0.01588732913195375
19080,153.47673973254126,153.10391003884675,0.0,1.0953725690896532,0.015897555487476855
19140,153.5861801236676,153.203816579132,0.0,1.0957620379089552,0.015907788793521564
19200,153.69548941707166,153.30376478447073,0.0,1.0920411795446971,0.01591802904622564
19260,153.80467135582072,153.40375509964974,0.0,1.0938507636649961,0.015928276241865533
19320,153.91372961352067,153.5037879617925,0.0,1.0947733583629708,0.01593853037685446
19380,154.02266779557644,153.60386380050224,0.0,1.0955812561978726,0.015948791447740536
19440,154.13148944043152,153.70398303800235,0.0,1.0956644042459713,0.01595905945120485
19500,154.24019802078632,153.80414608927455,0.0,1.0929621976733606,0.015969334384059595
19560,154.34879694479622,153.9043533621944,0.0,1.0940666354675121,0.015979616243246203
19620,154.45728955724897,154.0046052576644,0.0,1.0948895596419908,0.01598990502583349
19680,154.56567914072224,154.1049021697447,0.0,1.0952364117780795,0.0160002007290158
19740,154.67396891672166,154.20524448578155,0.0,1.0965064493405683,0.016010503350111196
19800,154.78216204679893,154.30563258653345,0.0,1.0944683054978805,0.01602081288655963
19860,154.8902616336512,154.4060668462948,0.0,1.0938494020668428,0.016031129335921157
19920,154.99827072220126,154.50654763301768,0.0,1.0942454061761655,0.01604145269587414
19980,155.10619230065913,154.607075308431,0.0,1.0951501816859164,0.016051782964213484
20040,155.21402930156546,154.70765022815795,0.0,1.0954961302636173,0.0160621201388489
20100,155.32178460281682,154.8082727418309,0.0,1.0953978228355115,0.01607246421780314
20160,155.42946102867293,154.90894319320464,0.0,1.0927213229576591,0.016082815199210322
20220,155.53706135074663,155.0096619202671,0.0,1.093946672718645,0.01609317308131419
20280,155.64458828897642,155.11042925534835,0.0,1.0954312057934117,0.016103537862466447
20340,155.7520445125821,155.21124552522772,0.0,1.0957754789615186,0.016113909541125095
20400,155.8594326410035,155.31211105123862,0.0,1.095374923125697,0.01612428811585279
20460,155.96675524482293,155.41302614937166,0.0,1.0939221186882948,0.0161346735853152
20520,156.07401484667102,155.51399113037587,0.0,1.0931662031625973,0.016145065948279403
20580,156.18121392211702,155.6150062998581,0.0,1.0943993606126645,0.016155465203612288
20640,156.28835490054308,155.71607195838044,0.0,1.0964951522764481,0.016165871350279006
20700,156.39544016600294,155.817188401556,0.0,1.0952060735593494,0.016176284387341384
20760,156.50247205806582,155.91835592014291,0.0,1.095277426202947,0.016186704313956413
20820,156.60945287264477,156.0195748001366,0.0,1.0934203376950244,0.01619713112937471
20880,156.71638486281066,156.1208453228602,0.0,1.0940462009010234,0.01620756483293905
20940,156.8232702395914,156.2221677650536,0.0,1.0953850385021897,0.01621800542408286
21000,156.930111172757,156.32354239896054,0.0,1.095680701404905,0.016228452902328768
21060,157.03690979159038,156.4249694924144,0.0,1.094038508119292,0.016238907267287172
21120,157.14366818564474,156.52644930892208,0.0,1.0943668943975897,0.016249368518654803
21180,157.25038840548686,156.62798210774665,0.0,1.0935627651540507,0.016259836656213337
21240,157.35707246342724,156.7295681439881,0.0,1.094721080116951,0.016270311679828005
21300,157.46372233423722,156.83120766866313,0.0,1.0964669093373351,0.016280793589446223
21360,157.5703399558527,156.93290092878277,0.0,1.0950251241586397,0.01629128238509625
21420,157.67692723006581,157.0346481674292,0.0,1.0944811077520336,0.01630177806688587
21480,157.78348602320332,157.13644962383069,0.0,1.0930604929994683,0.016312280635001068
21540,157.8900181667933,157.2383055334355,0.0,1.0944469857068253,0.016322790089704744
21600,157.99652545821945,157.34021612798404,0.0,1.095759998292349,0.016333306431335456
21660,158.1030096613633,157.4421816355799,0.0,1.0950603773528005,0.016343829660306137
21720,158.2094725072354,157.54420228075975,0.0,1.0944271307849942,0.016354359777102888
21780,158.31591569459417,157.6462782845614,0.0,1.0936893262713343,0.01636489678228375
21840,158.42234089055407,157.74840986459114,0.0,1.0941907193858063,0.01637544067647751
21900,158.52874973118236,157.85059723508942,0.0,1.0949946175286769,0.01638599146038251
21960,158.6351438220849,157.95284060699552,0.0,1.0952675059448744,0.01639654913476549
22020,158.74152473898158,158.05514018801108,0.0,1.0952962911920756,0.016407113700460444
22080,158.84789402827067,158.15749618266207,0.0,1.0924584326717188,0.016417685158367484
22140,158.95425320758318,158.2599087923601,0.0,1.093911219879076,0.016428263509451743
22200,159.060603766327,158.36237821546212,0.0,1.0954653722985186,0.016438848754742264
22260,159.16694716622078,158.46490464732926,0.0,1.095256686587469,0.01644944089533094
22320,159.2732848418182,158.56748828038468,0.0,1.0959463239187628,0.016460039932371426
22380,159.37961820102254,158.67012930416988,0.0,1.0938556304203464,0.01647064586707814
22440,159.48594862559173,158.7728279054004,0.0,1.0935735443540013,0.016481258700725195
22500,159.59227747163396,158.87558426802033,0.0,1.0946429367004866,0.0164918784346454
22560,159.69860607009429,158.97839857325567,0.0,1.0953591202181865,0.01650250507022928
22620,159.80493572723205,159.08127099966683,0.0,1.0949940555639595,0.016513138608924074
22680,159.9112677250897,159.18420172320012,0.0,1.0948715809214677,0.016523779052232797
22740,160.01760332195266,159.2871909172382,0.0,1.0926518483417789,0.016534426401713265
22800,160.12394375280076,159.39023875264968,0.0,1.0943766597222409,0.016545080658977182
22860,160.2302902297514,159.4933453978377,0.0,1.094917190088378,0.01655574182568922
22920,160.3366439424942,159.59651101878748,0.0,1.096635680425582,0.01656640990356611
22980,160.4430060587177,159.6997357791135,0.0,1.0934900644663637,0.01657708489437577
23040,160.5493777245284,159.80301984010487,0.0,1.0943243739335085,0.016587766799936406
23100,160.65576006486128,159.90636336077085,0.0,1.0935248370079627,0.01659845562211568
23160,160.76215418388347,160.0097664978847,0.0,1.0945924642835925,0.016609151362829852
23220,160.86856116538976,160.11322940602724,0.0,1.0964678926777047,0.016619854024042965
23280,160.97498207319103,160.21675223762927,0.0,1.0948493283074292,0.01663056360776601
23340,161.08141795149547,160.32033514301332,0.0,1.094410075362954,0.016641280116056128
23400,161.18786982528232,160.4239782704346,0.0,1.0933843603097155,0.01665200355101584
23460,161.29433870066896,160.52768176612105,0.0,1.0943090644612197,0.016662733914792244
23520,161.40082556527094,160.63144577431294,0.0,1.0954313234787258,0.01667347120957628
23580,161.50733138855543,160.73527043730132,0.0,1.0955209446489707,0.01668421543760196
23640,161.61385712218765,160.83915589546604,0.0,1.0932448576762046,0.016694966601145646
23700,161.72040370037143,160.94310228731288,0.0,1.0938475221131454,0.01670572470252532
23760,161.82697204018268,161.04710974951013,0.0,1.094169655436442,0.016716489744099863
23820,161.93356304189706,161.1511784169242,0.0,1.0949152349487195,0.016727261728268383
23880,162.04017758931133,161.25530842265502,0.0,1.0962847838169352,0.016738040657469505
23940,162.1468165500586,161.3594998980702,0.0,1.0931144850655055,0.016748826534180698
24000,162.25348077591775,161.46375297283896,0.0,1.0939407782401018,0.016759619360917632
24060,162.3601711031171,161.56806777496524,0.0,1.0934946716763314,0.016770419140233493
24120,162.46688835263188,161.67244443082026,0.0,1.0959060671496517,0.016781225874718374
24180,162.57363333047678,161.77688306517442,0.0,1.0951133064481262,0.016792039566998634
24240,162.68040682799244,161.8813838012284,0.0,1.0958990158025432,0.016802860219736267
24300,162.78720962212677,161.9859467606442,0.0,1.0937190088051414,0.016813687835628324
24360,162.89404247571093,162.09057206357494,0.0,1.093548846974363,0.016824522417406295
24420,163.00090613773006,162.19525982869456,0.0,1.0945728236351466,0.016835363967835526
24480,163.10780134358882,162.30001017322672,0.0,1.0952170198004714,0.01684621248971465
24540,163.21472881537213,162.4048232129732,0.0,1.0947102661716304,0.016857067985875017
24600,163.32168926210065,162.50969906234187,0.0,1.094788935754752,0.016867930459180138
24660,163.42868337998175,162.61463783437395,0.0,1.0925074591174402,0.016878799912525142
24720,163.5357118526555,162.71963964077088,0.0,1.0939993407982573,0.016889676348836244
24780,163.64277535143611,162.8247045919205,0.0,1.095865232279952,0.016900559771070217
24840,163.74987453554863,162.92983279692308,0.0,1.0951160346303006,0.016911450182213874
24900,163.85701005236143,163.03502436361654,0.0,1.0952284023974703,0.016922347585283555
24960,163.96418253761408,163.1402793986011,0.0,1.0932878160174375,0.01693325198332464
25020,164.07139261564086,163.24559800726394,0.0,1.0936110630467895,0.016944163379411053
25080,164.1786408995902,163.35098029380288,0.0,1.0949651895516792,0.016955081776644787
25140,164.28592799163982,163.4564263612499,0.0,1.095431138714783,0.01696600717815543
25200,164.39325448320778,163.561936311494,0.0,1.0947977573034364,0.016976939587099695
25260,164.50062095515966,163.66751024530396,0.0,1.0929933408884036,0.016987879006660978
25320,164.60802797801148,163.77314826235028,0.0,1.0936127570669634,0.016998825440048902
25380,164.71547611212918,163.87885046122696,0.0,1.0953390323536034,0.017009778890498883
25440,164.822965907924,163.98461693947274,0.0,1.0951415690498496,0.01702073936127171
25500,164.93049790604425,164.09044779359192,0.0,1.0954495625461704,0.01703170685565309
25560,165.0380726375634,164.19634311907487,0.0,1.0928063981436664,0.017042681376953275
25620,165.1456906241646,164.30230301041817,0.0,1.093854268032422,0.017053662928506623
25680,165.25335237832152,164.40832756114426,0.0,1.0941348724636086,0.01706465151367122
25740,165.36105840347628,164.51441686382068,0.0,1.0947692653640528,0.017075647135828473
25800,165.46880919421315,164.62057101007903,0.0,1.0962732198011067,0.017086649798382723
25860,165.5766052364298,164.7267900906337,0.0,1.0943349457394305,0.017097659504760897
25920,165.6844470075045,164.8330741952999,0.0,1.0936982511781093,0.017108676258412087
25980,165.79233497646075,164.9394234130117,0.0,1.0936438890457891,0.017119700062807233
26040,165.90026960412848,165.04583783183938,0.0,1.0946014857738808,0.01713073092143874
26100,166.00825134330205,165.15231753900682,0.0,1.0952518060323637,0.017141768837820134
26160,166.1162806388956,165.25886262090827,0.0,1.0951928164071267,0.01715281381548571
26220,166.2243579280951,165.36547316312482,0.0,1.0925420844627123,0.017163865857990214
26280,166.33248364050752,165.47214925044076,0.0,1.0935516976195983,0.01717492496890849
26340,166.44065819830755,165.57889096685943,0.0,1.0947528855771065,0.017185991151835164
26400,166.54888201638084,165.68569839561889,0.0,1.0955141358660463,0.017197064410384325
26460,166.6571555024651,165.79257161920702,0.0,1.0951077718771876,0.017208144748189217
26520,166.76547905728816,165.89951071937685,0.0,1.0939446759598352,0.01721923216890191
26580,166.87385307470353,166.00651577716104,0.0,1.092450381404642,0.017230326676193026
26640,166.98227794182333,166.11358687288643,0.0,1.0939041081235765,0.017241428273751417
26700,167.0907540391486,166.2207240861882,0.0,1.0959593222454453,0.017252536965283904
26760,167.19928174069733,166.3279274960237,0.0,1.0949160944018381,0.017263652754514955
26820,167.30786141412972,166.43519718068617,0.0,1.0952352649000432,0.017274775645186445
26880,167.41649342087126,166.54253321781806,0.0,1.093182619830704,0.01728590564105735
26940,167.52517811623358,166.64993568442415,0.0,1.0935446371652373,0.017297042745903483
27000,167.6339158495325,166.75740465688435,0.0,1.0948771316033372,0.01730818696351725
27060,167.74270696420447,166.86494021096638,0.0,1.0952836860500994,0.017319338297707366
27120,167.85155179792008,166.97254242183814,0.0,1.0940040151212642,0.017330496752298613
27180,167.96045068269592,167.0802113640798,0.0,1.09421543475226,0.017341662331131585
27240,168.06940394500424,167.18794711169568,0.0,1.0928882472072168,0.01735283503806245
27300,168.17841190588013,167.295749738126,0.0,1.094197512237877,0.017364014876962708
27360,168.28747488102707,167.40361931625822,0.0,1.0960397217957936,0.01737520185171894
27420,168.39659318092018,167.51155591843835,0.0,1.0948092219322771,0.017386395966232596
27480,168.50576711090773,167.61955961648195,0.0,1.09443419679755,0.017397597224419768
27540,168.6149969713104,167.7276304816848,0.0,1.0930016911656684,0.017408805630210952
27600,168.72428305751887,167.83576858483372,0.0,1.0938279837916702,0.017420021187550837
27660,168.83362566008952,167.94397399621676,0.0,1.096312244976661,0.017431243900398092
27720,168.94302506483808,168.05224678563337,0.0,1.0947986238727654,0.017442473772725158
27780,169.0524815529318,168.16058702240463,0.0,1.0950291198302455,0.017453710808518038
27840,169.16199540097952,168.26899477538274,0.0,1.0917204751361265,0.017464955011776088
27900,169.27156688112032,168.37747011296082,0.0,1.0935725969896015,0.017476206386511834
27960,169.3811962611102,168.48601310308234,0.0,1.0945125866548568,0.017487464936750772
28020,169.49088380440733,168.59462381325025,0.0,1.0950180679678063,0.017498730666531157
28080,169.6006297702554,168.7033023105361,0.0,1.095073156107856,0.017510003579903854
28140,169.71043441376568,168.81204866158893,0.0,1.0922335931096245,0.017521283680932115
28200,169.8202979859971,168.92086293264407,0.0,1.0935208174212525,0.017532570973691434
28260,169.9302207340353,169.02974518953152,0.0,1.0947670888864693,0.017543865462269333
28320,170.0402029010696,169.13869549768444,0.0,1.0948418321314972,0.017555167150765216
28380,170.15024472646905,169.24771392214745,0.0,1.0958251787035749,0.0175664760432902
28440,170.26034644585656,169.3568005275845,0.0,1.0937419815179428,0.017577792143966924
28500,170.3705082911817,169.46595537828705,0.0,1.0932367023698328,0.01758911545692941
28560,170.48073049079244,169.57517853818143,0.0,1.0940170095474986,0.017600445986322887
28620,170.59101326950505,169.68447007083697,0.0,1.0948424347957926,0.017611783736303645
28680,170.70135684867287,169.79383003947297,0.0,1.0948506424081172,0.017623128711038872
28740,170.8117614462539,169.90325850696632,0.0,1.0947231014196541,0.017634480914706503
28800,170.9222272768767,170.01275553585867,0.0,1.0922063103683124,0.017645840351495072
28860,171.03275455190536,170.12232118836326,0.0,1.0936680960773035,0.017657207025603576
28920,171.14334347950316,170.2319555263721,0.0,1.0943869517686982,0.017668580941241314
28980,171.25399426469488,170.34165861146252,0.0,1.0964396698320091,0.017679962102627768
29040,171.36470710942802,170.4514305049039,0.0,1.093475529129207,0.017691350513992447
29100,171.47548221263276,170.56127126766424,0.0,1.094179099301645,0.01770274617957475
29160,171.58631977028085,170.67118096041642,0.0,1.0927825581128265,0.017714149103623865
29220,171.69721997544332,170.78115964354458,0.0,1.0940718526311157,0.017725559290398606
29280,171.80818301834705,170.89120737715024,0.0,1.0960357400266671,0.017736976744167292
29340,171.9192090864303,171.00132422105824,0.0,1.0946282620646017,0.01774840146920764
29400,172.03029836439714,171.11151023482284,0.0,1.0943782043083434,0.017759833469806616
29460,172.14145103427094,171.22176547773324,0.0,1.092922876136342,0.01777127275026034
29520,172.25266727544658,171.3320900088196,0.0,1.0937453381232445,0.017782719314873963
29580,172.3639472647419,171.44248388685827,0.0,1.0950109632575307,0.017794173167961527
29640,172.47529117644802,171.5529471703776,0.0,1.0951957833762047,0.01780563431384589
29700,172.58669918237877,171.66347991766295,0.0,1.0932132326805117,0.01781710275685859
29760,172.69817145191914,171.77408218676234,0.0,1.093654240910017,0.017828578501339745
29820,172.80970815207272,171.8847540354912,0.0,1.0934386285400073,0.01784006155163794
29880,172.9213094475084,171.9954955214378,0.0,1.0944029023737223,0.017851551912110127
29940,173.03297550060591,172.10630670196787,0.0,1.0959708165726822,0.017863049587121527
30000,173.14470647150077,172.21718763422984,0.0,1.093168258897723,0.01787455458104552
30060,173.25650251812823,172.32813837515928,0.0,1.0937739213609423,0.01788606689826356
30120,173.3683637962662,172.43915898148376,0.0,1.0929209316202089,0.017897586543165058
30180,173.48029045957782,172.5502495097274,0.0,1.095295724052194,0.0179091135201473
30240,173.59228265965254,172.66141001621534,0.0,1.0946973582798378,0.017920647833615366
30300,173.70434054604718,172.77264055707826,0.0,1.0957832941589634,0.017932189487982007
30360,173.81646426632548,172.88394118825659,0.0,1.0935758605375072,0.01794373848766759
30420,173.92865396609727,172.9953119655048,0.0,1.0932142498885002,0.01795529483709999
30480,174.040909789057,173.10675294439557,0.0,1.0939652251357934,0.017966858540714507
30540,174.1532318770211,173.21826418032393,0.0,1.0947112426879202,0.017978429602953785
30600,174.265620369965,173.3298457285112,0.0,1.094576032762583,0.01799000802826773
30660,174.37807540605925,173.44149764400888,0.0,1.0946090544035634,0.01800159382111342
30720,174.490597121705,173.55321998170263,0.0,1.0920121135481422,0.018013186985955047
30780,174.60318565156885,173.66501279631595,0.0,1.0935046562270119,0.01802478752726382
30840,174.71584112861686,173.77687614241395,0.0,1.0952647994763136,0.01803639544951789
30900,174.82856368414804,173.8888100744069,0.0,1.0947788539145744,0.018048010757202273
30960,174.94135344782723,174.00081464655398,0.0,1.0951486604671485,0.018059633454808804
31020,175.05421054771716,174.11288991296652,0.0,1.0931168916026994,0.018071263546836035
31080,175.1671351103102,174.2250359276116,0.0,1.0931299285153993,0.018082901037789166
31140,175.280127260559,174.33725274431544,0.0,1.0943938734557415,0.018094545932179986
31200,175.39318712190715,174.44954041676655,0.0,1.094987053895079,0.01810619823452682
31260,175.50631481631873,174.56189899851913,0.0,1.0948465458797416,0.018117857949354423
31320,175.61951046430767,174.67432854299616,0.0,1.0928798457635525,0.018129525081193948
31380,175.7327741849662,174.7868291034925,0.0,1.09329304361765,0.018141199634582886
31440,175.84610609599306,174.89940073317797,0.0,1.094568788484916,0.018152881614064968
31500,175.959506313721,175.01204348510038,0.0,1.0947496652197024,0.01816457102419014
31560,176.07297495314373,175.12475741218836,0.0,1.0951156679223883,0.01817626786951448
31620,176.18651212794245,175.23754256725442,0.0,1.0927660663170577,0.018187972154600156
31680,176.3001179505118,175.35039900299762,0.0,1.0936391372765424,0.018199683884015362
31740,176.41379253198528,175.46332677200633,0.0,1.0933991623054886,0.018211403062334246
31800,176.52753598226033,175.5763259267611,0.0,1.094270934115312,0.018223129694136884
31860,176.64134841002277,175.68939651963717,0.0,1.0959589181529181,0.018234863784009202
31920,176.75522992277078,175.8025386029072,0.0,1.0941569823394721,0.018246605336542928
31980,176.86918062683847,175.91575222874368,0.0,1.0935705851394728,0.018258354356335556
32040,176.98320062741902,176.02903744922173,0.0,1.0930643995518723,0.018270110847990274
32100,177.09729002858734,176.14239431632123,0.0,1.0940364119095767,0.018281874816115914
32160,177.21144893332223,176.25582288192948,0.0,1.094935674450615,0.018293646265326927
32220,177.32567744352815,176.36932319784347,0.0,1.0949322247708322,0.018305425200243305
32280,177.43997566005672,176.48289531577223,0.0,1.0924336373311028,0.01831721162549055
32340,177.55434368272753,176.59653928733906,0.0,1.093205062999777,0.018329005545699637
32400,177.66878161034876,176.7102551640839,0.0,1.0940481776042439,0.01834080696550694
32460,177.78328954073734,176.8240429974654,0.0,1.095166989950488,0.01835261588955422
32520,177.8978675707387,176.93790283886315,0.0,1.094787696925476,0.018364432322488557
32580,178.01251579624608,177.05183473957976,0.0,1.0939607385283379,0.01837625626896232
32640,178.12723431221968,177.16583875084288,0.0,1.0918050444376228,0.018388087733633124
32700,178.24202321270522,177.27991492380738,0.0,1.0934199618554425,0.018399926721163782
32760,178.35688259085214,177.39406330955723,0.0,1.095358034001086,0.018411773236222274
32820,178.4718125389317,177.50828395910744,0.0,1.0945734758843744,0.018423627283481705
32880,178.58681314835442,177.62257692340603,0.0,1.0951381792901969,0.01843548886762026
32940,178.70188450968743,177.73694225333597,0.0,1.0929901858478432,0.01844735799332118
33000,178.81702671267126,177.8513799997168,0.0,1.0930672447573093,0.018459234665272713
33060,178.93223984623654,177.96589021330678,0.0,1.0943210514439365,0.01847111888816808
33120,179.04752399852012,178.08047294480434,0.0,1.0948385787275583,0.018483010666705442
33180,179.16287925688118,178.19512824485005,0.0,1.0939224989457228,0.018494910005587874
33240,179.27830570791681,178.3098561640282,0.0,1.0940381470962643,0.0185068169095233
33300,179.39380343747726,178.42465675286851,0.0,1.0922497125713904,0.01851873138322451
33360,179.50937253068116,178.5395300618478,0.0,1.0936624956178629,0.018530653431409083
33420,179.62501307193,178.6544761413916,0.0,1.0955414109447306,0.018542583058799363
33480,179.74072514492286,178.76949504187564,0.0,1.0945381696688603,0.01855452027012245
33540,179.85650883267056,178.88458681362752,0.0,1.09435846992085,0.018566465070110148
33600,179.97236421750935,178.99975150692825,0.0,1.0926343517995025,0.018578417463498944
33660,180.0882913811148,179.11498917201354,0.0,1.0932719599969805,0.01859037745502998
33720,180.20429040451515,179.23029985907553,0.0,1.0957986721794497,0.018602345049449014
33780,180.32036136810424,179.34568361826402,0.0,1.0945151129343185,0.018614320251506403
33840,180.4365043516546,179.46114049968799,0.0,1.0948527072472773,0.018626303065957077
33900,180.55271943432996,179.57667055341693,0.0,1.0912329251921942,0.01863829349756049
33960,180.6690066946976,179.69227382948225,0.0,1.0930073444634274,0.01865029155108063
34020,180.78536621074062,179.80795037787846,0.0,1.0939440601356136,0.018662297231285947
34080,180.90179805986975,179.92370024856476,0.0,1.0947226619250456,0.018674310542949383
34140,181.01830231893493,180.03952349146599,0.0,1.0947881665331212,0.01868633149084829
34200,181.13487906423694,180.15542015647412,0.0,1.0920964364303105,0.018698360079764453
34260,181.25152837153857,180.2713902934494,0.0,1.093173067262605,0.018710396314484033
34320,181.3682503160755,180.38743395222153,0.0,1.094055065992357,0.018722440199797567
34380,181.4850449725673,180.50355118259088,0.0,1.0943893238267608,0.018734491740499928
34440,181.60191241522782,180.61974203432976,0.0,1.0956022198068527,0.01874655094139031
34500,181.71885271777577,180.73600655718326,0.0,1.093577978203762,0.01875861780727221
34560,181.8358659534447,180.85234480087075,0.0,1.0929524681721048,0.018770692342953393
34620,181.95295219499326,180.96875681508672,0.0,1.0933972439573112,0.018782774553245896
34680,182.0701115147146,181.0852426495019,0.0,1.0943039734506972,0.018794864442965978
34740,182.1873439844464,181.20180235376432,0.0,1.0946257848617296,0.01880696201693412
34800,182.30464967557995,181.3184359775005,0.0,1.094507330700594,0.018819067279974996
34860,182.42202865906964,181.43514357031617,0.0,1.0918620429007273,0.018831180236917464
34920,182.5394810054418,181.55192518179751,0.0,1.0929768155970336,0.01884330089259453
34980,182.65700678480374,181.66878086151203,0.0,1.093848839862022,0.01885542925184334
35040,182.77460606685244,181.78571065900957,0.0,1.096126396180364,0.01886756531950517
35100,182.89227892088303,181.90271462382316,0.0,1.0934060637295349,0.018879709100425402
35160,183.0100254157972,182.0197928054701,0.0,1.0939864411002476,0.018891860599453487
35220,183.1278456201115,182.13694525345264,0.0,1.092095931487988,0.018904019821442953
35280,183.24573960196517,182.2541720172591,0.0,1.0935502112583757,0.018916186771251398
35340,183.36370742912834,182.37147314636456,0.0,1.0955297559053288,0.018928361453740432
35400,183.48174916900962,182.48884869023183,0.0,1.0943457117677524,0.018940543873775702
35460,183.59986488866366,182.6062986983123,0.0,1.09429277895928,0.01895273403622685
35520,183.71805465479872,182.72382322004657,0.0,1.092528983056245,0.01896493194596752
35580,183.8363185337839,182.84142230486555,0.0,1.0931948936501992,0.018977137607875325
35640,183.9546565916563,182.95909600219096,0.0,1.0945310369771155,0.01898935102683184
35700,184.07306889412814,183.0768443614364,0.0,1.0948139451547587,0.019001572207722587
35760,184.19155550659363,183.19466743200786,0.0,1.0931449815402743,0.019013801155437018
35820,184.31011649413557,183.3125652633046,0.0,1.0934432934031346,0.019026037874868514
35880,184.4287519215323,183.4305379047199,0.0,1.0927291448109657,0.01903828237091435
35940,184.54746185326388,183.54858540564163,0.0,1.0938691479462153,0.019050534648475708
36000,184.6662463535187,183.66670781545318,0.0,1.0955737581649092,0.019062794712457632
36060,184.7851054861995,183.78490518353397,0.0,1.094132530976307,0.019075062567769054
36120,184.9040393149299,183.9031775592602,0.0,1.0935494466841116,0.019087338219322757
36180,185.0230479030599,184.0215249920055,0.0,1.0922241017703083,0.019099621672035362
36240,185.14213131367225,184.13994753114167,0.0,1.0935884696413414,0.019111912930827323
36300,185.26128960958792,184.25844522603916,0.0,1.0948947633591555,0.019124212000622923
36360,185.38052285337196,184.37701812606787,0.0,1.0941663891782742,0.01913651888635025
36420,185.49983110733888,184.49566628059767,0.0,1.0935231472747626,0.019148833592941193
36480,185.61921443355834,184.61438973899902,0.0,1.0927799307603094,0.019161156125331435
36540,185.73867289386038,184.73318855064355,0.0,1.093327595703694,0.019173486488460432
36600,185.85820654984062,184.8520627649047,0.0,1.0941332753016537,0.019185824687271407
36660,185.9778154628655,184.9710124311583,0.0,1.0943842804416266,0.01919817072671135
36720,186.09749969407727,185.09003759878303,0.0,1.0943931089140155,0.019210524611731
36780,186.217259304399,185.2091383171611,0.0,1.091590812026819,0.019222886347284827
36840,186.33709435453937,185.32831463567865,0.0,1.0930220856694017,0.01923525593833104
36900,186.4570049049975,185.4475666037265,0.0,1.0945887219504116,0.01924763338983157
36960,186.57699101606752,185.5668942707004,0.0,1.0943796771095524,0.01926001870675206
37020,186.69705274784332,185.68629768600175,0.0,1.0950263195374315,0.01927241189406186
37080,186.81719016022288,185.80577689903805,0.0,1.0929521000103986,0.019284812956734006
37140,186.93740331291275,185.9253319592233,0.0,1.0926794155300694,0.019297221899745236
37200,187.05769226543228,186.0449629159787,0.0,1.093765626229492,0.01930963872807597
37260,187.17805707711813,186.16466981873282,0.0,1.0944816191612718,0.019322063446710287
37320,187.29849780712806,186.28445271692235,0.0,1.0948509842045615,0.019334496060635944
37380,187.41901451444525,186.40431165999235,0.0,1.092764187347221,0.019346936574844348
37440,187.53960725788218,186.5242466973969,0.0,1.0930327596114902,0.01935938499433056
37500,187.66027609608466,186.6442578785994,0.0,1.0937317731343161,0.01937184132409329
37560,187.7810210875356,186.76434525307297,0.0,1.0942816663238448,0.019384305569134883
37620,187.9018422905588,186.88450887030103,0.0,1.0947217995771348,0.019396777734461305
37680,188.02273976332253,187.00474877977757,0.0,1.092718673202038,0.019409257825082155
37740,188.14371356384345,187.1250650310076,0.0,1.0934291763123136,0.019421745846010658
37800,188.2647637499899,187.24545767350764,0.0,1.0926394200550646,0.019434241802263632
37860,188.3858903794855,187.36592675680606,0.0,1.0937296985273046,0.019446745698861515
37920,188.50709350991252,187.48647233044332,0.0,1.0955674568254987,0.019459257540828338
37980,188.6283731987153,187.60709444397264,0.0,1.0939360250823222,0.019471777333191734
38040,188.7497295032035,187.72779314696007,0.0,1.093465704126523,0.019484305080982908
38100,188.87116248055534,187.84856848898514,0.0,1.0925007319922024,0.01949684078923667
38160,188.99267218782074,187.969420519641,0.0,1.093439266668834,0.0195093844629914
38220,189.11425868192447,188.09034928853492,0.0,1.0945433823122717,0.019521936107289046
38280,189.2359220196692,188.2113548452885,0.0,1.0946172288950466,0.019534495727175128
38340,189.35766225773838,188.3324372395381,0.0,1.092340737591005,0.01954706332769873
38400,189.4794794526994,188.4535965209352,0.0,1.0929162638250953,0.019559638913912495
38460,189.60137366100614,188.57483273914667,0.0,1.0933002447364553,0.019572222490872614
38520,189.72334493900206,188.6961459438551,0.0,1.094035143770231,0.019584814063638843
38580,189.84539334292288,188.8175361847591,0.0,1.0953593993134934,0.01959741363727447
38640,189.96751892889924,188.93900351157367,0.0,1.0922298482996733,0.019610021216846327
38700,190.0897217529594,189.0605479740305,0.0,1.093009632778195,0.019622636807424793
38760,190.21200187103187,189.18216962187813,0.0,1.0926124486911457,0.019635260414083762
38820,190.3343593389479,189.3038685048825,0.0,1.0949922294933578,0.019647892041900678
38880,190.4567942124441,189.425644672827,0.0,1.0942214218399429,0.019660531695956492
38940,190.5793065471647,189.54749817551283,0.0,1.0949533629988104,0.019673179381335695
39000,190.70189639866422,189.66942906275938,0.0,1.0927970179479305,0.019685835103126288
39060,190.82456382240971,189.79143738440436,0.0,1.0926356954469703,0.01969849886641979
39120,190.947308873783,189.91352319030412,0.0,1.0936805534885954,0.019711170676311222
39180,191.07013160808305,190.03568653033398,0.0,1.0943245152226886,0.019723850537899133
39240,191.19303208052824,190.15792745438836,0.0,1.093805473472875,0.019736538456285566
39300,191.3160103462585,190.28024601238116,0.0,1.0938611671912402,0.01974923443657607
39360,191.4390664603374,190.40264225424593,0.0,1.0916181062975174,0.019761938483879696
39420,191.56220047775437,190.52511622993612,0.0,1.0930956747742981,0.01977465060330899
39480,191.68541245342666,190.6476679894254,0.0,1.0949530814097201,0.01978737079997999
39540,191.8087024422015,190.7702975827078,0.0,1.0942104090873945,0.019800099079012236
39600,191.93207049885797,190.89300505979799,0.0,1.094291771798569,0.019812835445528747
39660,192.055516678109,191.01579047073153,0.0,1.0923676511818146,0.019825579904656044
39720,192.1790410346032,191.138653865565,0.0,1.0927019660871649,0.019838332461524118
39780,192.3026436229269,191.26159529437632,0.0,1.0951828391074958,0.01985109312126646
39840,192.4263244976059,191.3846148072649,0.0,1.0941643872115137,0.01986386188902002
39900,192.55008371310717,191.50771245435203,0.0,1.0946469066798685,0.019876638769925244
39960,192.6739213238409,191.63088828578074,0.0,1.0908390475907914,0.01988942376912605
40020,192.79783738416188,191.75414235171633,0.0,1.0924448698281302,0.019902216891769835
40080,192.92183194837153,191.87747470234643,0.0,1.0933240108061764,0.01991501814300746
40140,193.0459050707193,192.00088538788125,0.0,1.0943476698000199,0.01992782752799327
40200,193.17005680540453,192.12437445855366,0.0,1.0944534328205084,0.019940645051885066
40260,193.29428720657788,192.24794196461954,0.0,1.0919977178249993,0.01995347071984413
40320,193.4185963283431,192.3715879563579,0.0,1.092887646983466,0.019966304537035205
40380,193.54298422475836,192.49531248407106,0.0,1.093271861712023,0.019979146508626502
40440,193.6674509498379,192.61911559808473,0.0,1.093872349662058,0.019991996639789688
40500,193.79199655755355,192.74299734874847,0.0,1.0953234285952476,0.020004854935699902
40560,193.91662110183606,192.86695778643556,0.0,1.0933977470192766,0.02001772140153574
40620,194.04132463657663,192.99099696154335,0.0,1.0927397849002973,0.02003059604247927
40680,194.16610721562827,193.1151149244933,0.0,1.0927429652365326,0.020043478863716005
40740,194.29096889280723,193.2393117257314,0.0,1.0937049501830807,0.02005636987043492
40800,194.4159097218943,193.36358741572798,0.0,1.0943328377278927,0.02006926906782845
40860,194.54092975663613,193.48794204497815,0.0,1.09425558906231,0.02008217646109248
40920,194.6660290507466,193.61237566400186,0.0,1.09162369570361,0.02009509205542636
40980,194.79120765790802,193.736888323344,0.0,1.0922604227437105,0.02010801585603289
41040,194.91646563177235,193.86148007357468,0.0,1.093268724919395,0.02012094786811832
41100,195.04180302596265,193.98615096528928,0.0,1.0957318417701485,0.02013388809689236
41160,195.16721989407392,194.11090104910863,0.0,1.093296966742918,0.020146836547568173
41220,195.2927162896747,194.23573037567914,0.0,1.093782550680821,0.02015979322536237
41280,195.4182922663078,194.36063899567304,0.0,1.0914147754510264,0.020172758135495017
41340,195.54394787749177,194.4856269597883,0.0,1.0930042885123936,0.020185731283189626
41400,195.6696831767219,194.61069431874904,0.0,1.0949413210873158,0.020198712673673163
41460,195.79549821747125,194.73584112330548,0.0,1.0940087030520353,0.02021170231217605
41520,195.92139305319182,194.86106742423414,0.0,1.0942025250746095,0.02022470020393215
41580,196.04736773731557,194.98637327233791,0.0,1.0922174257036743,0.02023770635417878
41640,196.17342232325538,195.11175871844628,0.0,1.092633602714197,0.02025072076815671
41700,196.2995568644063,195.23722381341545,0.0,1.0939742268752168,0.02026374345111015
41760,196.42577141414617,195.3627686081284,0.0,1.0943703151376587,0.020276774408286766
41820,196.55206602583695,195.48839315349497,0.0,1.0930568693685234,0.020289813644937673
41880,196.6784407528254,195.61409750045217,0.0,1.0932378352754055,0.020302861166317434
41940,196.80489564844427,195.7398816999641,0.0,1.0920004252300117,0.02031591697768407
42000,196.931430766013,195.86574580302218,0.0,1.0932902637608606,0.02032898108429903
42060,197.0580461588388,195.99168986064515,0.0,1.0950999929673033,0.02034205349142723
42120,197.18474188021744,196.11771392387948,0.0,1.0938675265718147,0.020355134204337034
42180,197.31151798343407,196.243818043799,0.0,1.093445403812585,0.020368223228300248
42240,197.43837452176422,196.37000227150546,0.0,1.0914160448424586,0.020381320568592137
42300,197.5653115484745,196.4962666581284,0.0,1.0929932275797507,0.020394426230491404
42360,197.69232911682354,196.62261125482536,0.0,1.0943163462166103,0.020407540219280217
42420,197.81942728006265,196.74903611278188,0.0,1.0941399500752642,0.02042066254024419
42480,197.94660609143685,196.8755412832117,0.0,1.0933113159447632,0.020433793198672372
42540,198.07386560418527,197.0021268173568,0.0,1.0925350852145426,0.02044693219985729
42600,198.20120587154236,197.12879276648758,0.0,1.0926747917611204,0.020460079549094908
42660,198.3286269467382,197.25553918190292,0.0,1.0935467512430568,0.020473235251684638
42720,198.4561288829996,197.3823661149301,0.0,1.0941027160591918,0.02048639931292936
42780,198.5837117335506,197.50927361692533,0.0,1.09411583876645,0.020499571738135384
42840,198.7113755516132,197.63626173927332,0.0,1.0912764882419137,0.020512752532612505
42900,198.8391203904082,197.7633305333878,0.0,1.0925664142077414,0.020525941701673944
42960,198.96694630315562,197.89048005071137,0.0,1.0938655338510173,0.02053913925063639
43020,199.09485334307564,198.01771034271567,0.0,1.0939236758560658,0.020552345184819996
43080,199.2228415633891,198.1450214609015,0.0,1.0948246540368152,0.020565559509548352
43140,199.35091101731805,198.2724134567988,0.0,1.092760833007489,0.020578782230148526
43200,199.47906175808674,198.39988638196684,0.0,1.0922714564166207,0.020592013351951023
43260,199.6072938389218,198.52744028799427,0.0,1.0931078295533736,0.02060525288028982
43320,199.7356073130531,198.65507522649924,0.0,1.0939291696698552,0.02061850082050236
43380,199.8640022337143,198.78279124912942,0.0,1.094767294415599,0.02063175717792953
43440,199.99247865414344,198.91058840756205,0.0,1.0926164255973794,0.02064502195791568
43500,200.12103662758344,199.03846675350414,0.0,1.0927895494241546,0.020658295165808638
43560,200.24967620728285,199.16642633869253,0.0,1.0928650286516444,0.02067157680695968
43620,200.37839744649608,199.29446721489384,0.0,1.0937498109925854,0.020684866886723552
43680,200.5072003984843,199.42258943390468,0.0,1.0942695586375972,0.020698165410458456
43740,200.6360851165157,199.55079304755168,0.0,1.092634234383336,0.020711472383526084
43800,200.7650516538662,199.6790781076916,0.0,1.0931942014046072,0.020724787811291563
43860,200.89410006381982,199.8074446662113,0.0,1.0918923021806222,0.02073811169912351
43920,201.02323039966927,199.93589277502787,0.0,1.0931629142383061,0.020751444052394003
43980,201.15244271471641,200.06442248608886,0.0,1.0950926333694242,0.020764784876478593
44040,201.28173706227273,200.19303385137198,0.0,1.0936568497271264,0.020778134176756297
44100,201.41111349565983,200.3217269228856,0.0,1.0933428163490797,0.02079149195860961
44160,201.54057206820994,200.45050175266852,0.0,1.0919774869798076,0.020804858227424505
44220,201.67011283326627,200.5793583927901,0.0,1.0928301135358185,0.020818232988590417
44280,201.7997358441835,200.7082968953505,0.0,1.094077375116394,0.02083161624750026
44340,201.92944115432832,200.8373173124804,0.0,1.0942406177436268,0.020845008009550435
44400,202.05922881707974,200.9664196963415,0.0,1.0922343240390726,0.020858408280140805
44460,202.1890988858296,201.09560409912612,0.0,1.0926445610626343,0.020871817064674728
44520,202.3190514139828,201.22487057305773,0.0,1.0925378956033993,0.02088523436855904
44580,202.44908645495806,201.35421917039062,0.0,1.093478892907462,0.02089866019720405
44640,202.57920406218796,201.48364994341017,0.0,1.0949872406591739,0.020912094556023556
44700,202.70940428911962,201.6131629444329,0.0,1.0922093035352254,0.020925537450434843
44760,202.8396871892148,201.74275822580645,0.0,1.092768848059489,0.020938988885858677
44820,202.97005281595057,201.87243583990974,0.0,1.091989702806004,0.02095244886771932
44880,203.1005012228195,202.00219583915296,0.0,1.094337225597523,0.020965917401444507
44940,203.23103246333008,202.13203827597758,0.0,1.0937570524310138,0.02097939449246548
45000,203.3616465910071,202.26196320285655,0.0,1.094762410010541,0.020992880146216964
45060,203.49234365939193,202.3919706722943,0.0,1.0925831558055061,0.021006374368137178
45120,203.623123722043,202.5220607368267,0.0,1.0922293185987086,0.021019877163667836
45180,203.75398683253601,202.65223344902122,0.0,1.0930288919213829,0.02103338853825415
45240,203.8849330444643,202.782488861477,0.0,1.0937728834616958,0.021046908497344825
45300,204.01596241143923,202.91282702682477,0.0,1.0936060477464238,0.021060437046392065
45360,204.14707498709043,203.0432479977271,0.0,1.0936139593358098,0.021073974190851583
45420,204.27827082506624,203.17375182687823,0.0,1.0910715220550515,0.021087519936182582
45480,204.4095499790338,203.3043385670044,0.0,1.0925441110125433,0.021101074287847774
45540,204.54091250267962,203.4350082708636,0.0,1.0943076671282121,0.02111463725131338
45600,204.67235844970958,203.56576099124584,0.0,1.0938181566289609,0.021128208832049116
45660,204.8038878738496,203.69659678097304,0.0,1.094136150229549,0.021141789035528217
45720,204.93550082884556,203.8275156928993,0.0,1.0921262228341457,0.021155377867227432
45780,205.06719736846384,203.95851777991072,0.0,1.092162267335862,0.021168975332627
45840,205.19897754649148,204.08960309492556,0.0,1.0944821064892172,0.021182581437210694
45900,205.33084141673646,204.22077169089428,0.0,1.0937483687157994,0.021196196186465788
45960,205.46278903302797,204.35202362079957,0.0,1.0943571228080713,0.021209819585883086
46020,205.5948204492168,204.48335893765645,0.0,1.0905995399593,0.0212234516409569
46080,205.72693571917537,204.61477769451224,0.0,1.091930827617526,0.02123709235718506
46140,205.85913489679814,204.74627994444663,0.0,1.092707344885699,0.021250741740068923
46200,205.9914180360019,204.87786574057174,0.0,1.0938981833958281,0.021264399795113367
46260,206.12378519072584,205.00953513603224,0.0,1.094056201185674,0.021278066527826794
46320,206.256236414932,205.14128818400516,0.0,1.0918806520981392,0.02129174194372113
46380,206.38877176260533,205.2731249377003,0.0,1.0925992805836329,0.021305426048311836
46440,206.521391287754,205.4050454503599,0.0,1.0924913878585527,0.021319118847117895
46500,206.65409504440967,205.5370497752589,0.0,1.0933227808368193,0.021332820345661828
46560,206.78688308662765,205.66913796570498,0.0,1.0949499635105284,0.02134653054946968
46620,206.91975546848712,205.80131007503857,0.0,1.0931568375072038,0.021360249464071047
46680,207.05271224409145,205.93356615663276,0.0,1.0925333049958263,0.021373977094999042
46740,207.18575346756828,206.0659062638936,0.0,1.092107329283517,0.021387713447790332
46800,207.3188791930697,206.1983304502599,0.0,1.0930883297165626,0.021401458527985116
46860,207.45208947477272,206.3308387692035,0.0,1.0939597557422736,0.021415212341127143
46920,207.5853843668792,206.46343127422907,0.0,1.0939359757087017,0.021428974892763696
46980,207.71876392361608,206.5961080188743,0.0,1.0914453874884438,0.021442746188445612
47040,207.85222819923578,206.72886905670998,0.0,1.09219949919098,0.021456526233727274
47100,207.98577724801612,206.86171444133987,0.0,1.0930965583227943,0.021470315034166614
47160,208.11941112426078,206.9946442264009,0.0,1.0941847484039502,0.021484112595325112
47220,208.25312988229916,207.12765846556314,0.0,1.093804150238541,0.021497918922767804
47280,208.38693357648697,207.26075721252985,0.0,1.092927238791585,0.021511734022063286
47340,208.520822261206,207.39394052103748,0.0,1.090856593706219,0.021525557898783704
47400,208.6547959908646,207.5272084448558,0.0,1.0924375551668133,0.021539390558504765
47460,208.78885481989775,207.66056103778786,0.0,1.094375908774168,0.021553232006805735
47520,208.92299880276713,207.79399835367002,0.0,1.093593281087226,0.021567082249269447
47580,209.05722799396142,207.92752044637209,0.0,1.0941036874888581,0.021580941291482296
47640,209.19154244799648,208.0611273697972,0.0,1.0919809676232342,0.021594809139034245
47700,209.32594221941537,208.19481917788198,0.0,1.092078428969721,0.021608685797518828
47760,209.46042736278866,208.32859592459664,0.0,1.0933452817818934,0.021622571272533142
47820,209.59499793271453,208.46245766394478,0.0,1.0938594942792184,0.02163646556967786
47880,209.72965398381885,208.59640444996353,0.0,1.0929295000443482,0.021650368694557234
47940,209.86439557075545,208.7304363367238,0.0,1.0930193053457047,0.021664280652779082
48000,209.99922274820617,208.86455337833002,0.0,1.0912783256827334,0.021678201449954807
48060,210.13413557088117,208.99875562892026,0.0,1.0926787116615244,0.021692131091699395
48120,210.26913409351886,209.1330431426664,0.0,1.0945412899484899,0.021706069583631412
48180,210.40421837088613,209.26741597377392,0.0,1.093543611449359,0.021720016931373005
48240,210.5393884577786,209.40187417648218,0.0,1.0933320010448508,0.021733973140549912
48300,210.6746444090206,209.53641780506433,0.0,1.090633548469637,0.021747938216791454
48360,210.80998627946533,209.67104691382733,0.0,1.092377632868188,0.021761912165730545
48420,210.9454141239951,209.80576155711196,0.0,1.0936702718408637,0.02177589499300369
48480,211.08092799752134,209.9405617892931,0.0,1.0940422114037514,0.02178988670425099
48540,211.2165279549848,210.0754476647794,0.0,1.093060041079135,0.021803887305116145
48600,211.35221405135562,210.2104192380135,0.0,1.0923393397785133,0.021817896801246444
48660,211.48798634163356,210.3454765634721,0.0,1.0920103935702248,0.02183191519829279
48720,211.62384488084797,210.48061969566595,0.0,1.092917756449955,0.021845942501909674
48780,211.7597897240581,210.61584868913988,0.0,1.0937432571902714,0.0218599787177552
48840,211.895820926353,210.75116359847271,0.0,1.0937857374613147,0.021874023851491082
48900,212.0319385428518,210.88656447827756,0.0,1.091069593229215,0.021888077908782628
48960,212.16814262870383,211.02205138320164,0.0,1.0921466837141285,0.02190214089529878
49020,212.30443323908855,211.15762436792636,0.0,1.0930809125906082,0.021916212816712067
49080,212.44081042921596,211.2932834871674,0.0,1.0934060208771,0.021930293678698653
49140,212.5772742543264,211.42902879567464,0.0,1.094558428990986,0.0219443834869383
49200,212.7138247696908,211.56486034823232,0.0,1.0925478341326746,0.021958482247114403
49260,212.8504620306109,211.70077819965897,0.0,1.0919181630317778,0.021972589964913983
49320,212.98718609241914,211.83678240480756,0.0,1.092412736615366,0.02198670664602767
49380,213.1239970104789,211.97287301856537,0.0,1.093320611812922,0.022000832296149728
49440,213.26089484018456,212.1090500958541,0.0,1.0936157030099114,0.02201496692097804
49500,213.39787963696162,212.24531369162992,0.0,1.0934758880491198,0.022029110526214136
49560,213.53495145626678,212.38166386088352,0.0,1.0908637742134724,0.022043263117563154
49620,213.67211035358807,212.51810065864007,0.0,1.0919878734891033,0.022057424700733883
49680,213.80935638444484,212.65462413995925,0.0,1.0928571632710282,0.022071595281438743
49740,213.946689604388,212.79123435993534,0.0,1.0950768148179046,0.022085774865393794
49800,214.08411006900005,212.92793137369725,0.0,1.092401784995926,0.022099963458318727
49860,214.22161783389512,213.06471523640855,0.0,1.092943370453134,0.022114161065936885
49920,214.35921295471914,213.20158600326738,0.0,1.0911114236409942,0.022128367693975255
49980,214.49689548714994,213.33854372950665,0.0,1.0925462854106496,0.022142583348164473
50040,214.63466548689723,213.47558847039392,0.0,1.0945082064450422,0.02215680803423881
50100,214.77252300970278,213.61272028123153,0.0,1.0933307562529655,0.022171041757936206
50160,214.9104681113405,213.74993921735668,0.0,1.0932407309804142,0.02218528452499824
50220,215.0485008476164,213.88724533414126,0.0,1.091507112639469,0.022199536341170154
50280,215.18662127436892,214.02463868699206,0.0,1.0921852457826293,0.022213797212200844
50340,215.3248294474688,214.16211933135074,0.0,1.0935204434816164,0.02222806714384287
50400,215.46312542281927,214.29968732269379,0.0,1.0937984562308052,0.022242346141852446
50460,215.601509256356,214.4373427165327,0.0,1.0921299102245365,0.02225663421198947
50520,215.7399810040473,214.5750855684139,0.0,1.092401463230495,0.02227093136001747
50580,215.87854072189424,214.71291593391877,0.0,1.091721391531813,0.022285237591703682
50640,216.0171884659306,214.85083386866367,0.0,1.0928568504010656,0.022299552912818987
50700,216.15592429222292,214.9888394283001,0.0,1.0945390146670586,0.022313877329137945
50760,216.29474825687078,215.1269326685146,0.0,1.0921790503029194,0.0223282108464388
50820,216.43366041600663,215.2651136450287,0.0,1.0925341375967852,0.022342553470503457
50880,216.5726608257961,215.40338241359913,0.0,1.0913684265799106,0.022356905207117517
50940,216.71174954243784,215.54173903001777,0.0,1.093574443314383,0.02237126606207025
51000,216.85092662216377,215.68018355011165,0.0,1.0932231971277067,0.02238563604115462
51060,216.990192121239,215.81871602974303,0.0,1.0945290003339903,0.02240001515016727
51120,217.12954609596204,215.9573365248094,0.0,1.0923620641035863,0.022414403394908532
51180,217.26898860266485,216.09604509124344,0.0,1.091883609869992,0.022428800781182433
51240,217.40851969771273,216.2348417850132,0.0,1.092319213670403,0.022443207314796692
51300,217.5481394375046,216.37372666212204,0.0,1.0931525106005842,0.022457623001562718
51360,217.68784787847298,216.51269977860863,0.0,1.0933458311536692,0.022472047847295624
51420,217.82764507708404,216.65176119054698,0.0,1.0933379259058866,0.022486481857814218
51480,217.9675310898377,216.79091095404658,0.0,1.0905835330317568,0.02250092503894101
51540,218.1075059732677,216.93014912525223,0.0,1.0919897339664468,0.022515377396502223
51600,218.24756978394154,217.06947576034432,0.0,1.0935745395713066,0.022529838936327772
51660,218.38772257846077,217.20889091553857,0.0,1.093358728949895,0.022544309664251288
51720,218.52796441346078,217.34839464708622,0.0,1.0939519870702232,0.022558789586110115
51780,218.66829534561109,217.48798701127419,0.0,1.0918963897684886,0.022573278707745302
51840,218.8087154316153,217.62766806442482,0.0,1.0916400263962318,0.022587777035001633
51900,218.94922472821122,217.76743786289603,0.0,1.0936806682467188,0.022602284573727587
51960,219.08982329217076,217.9072964630814,0.0,1.093258307460874,0.022616801329775376
52020,219.2305111803002,218.04724392141014,0.0,1.0940133672460093,0.022631327309000925
52080,219.37128844944004,218.1872802943471,0.0,1.0904772705910766,0.022645862517263898
52140,219.51215515646527,218.3274056383928,0.0,1.0914664450122051,0.022660406960427665
52200,219.65311135828532,218.46762001008355,0.0,1.0920601718325078,0.02267496064435935
52260,219.79415711184402,218.6079234659913,0.0,1.0933640166562735,0.02268952357492979
52320,219.93529247411982,218.74831606272383,0.0,1.0935975673693987,0.022704095758013562
52380,220.0765175021258,218.88879785692473,0.0,1.0917588185361808,0.022718677199488977
52440,220.21783225290957,219.02936890527332,0.0,1.0923233120152975,0.022733267905238087
52500,220.35923678355363,219.17002926448484,0.0,1.091665567712402,0.02274786788114669
52560,220.50073115117507,219.31077899131043,0.0,1.0927175003953256,0.022762477133104312
52620,220.64231541292588,219.45161814253706,0.0,1.0945016354068486,0.022777095667004237
52680,220.7839896259929,219.5925467749876,0.0,1.092876366656911,0.02279172348874349
52740,220.9257538475979,219.73356494552095,0.0,1.0923570095395014,0.02280636060422285
52800,221.06760813499753,219.87467271103193,0.0,1.091471805039173,0.022821007019346848
52860,221.20955254548352,220.0158701284514,0.0,1.092424961254634,0.02283566274002377
52920,221.35158713638265,220.1571572547462,0.0,1.0935071358129873,0.022850327772165658
52980,221.49371196505686,220.29853414691925,0.0,1.0935626330646813,0.022865002121688308
53040,221.63592708890312,220.44000086200958,0.0,1.0912836242664077,0.02287968579451128
53100,221.77823256535368,220.5815574570922,0.0,1.0918331204556564,0.02289437879655791
53160,221.92062845187598,220.7232039892784,0.0,1.0922871062801964,0.02290908113375528
53220,222.0631148059729,220.86494051571552,0.0,1.093685876900259,0.022923792812034258
53280,222.2056916851825,221.00676709358711,0.0,1.0933679697606349,0.022938513837329474
53340,222.34835914707833,221.14868378011295,0.0,1.0928697475060223,0.02295324421557933
53400,222.49111724926934,221.29069063254903,0.0,1.0902147802271456,0.02296798395272601
53460,222.6339660493999,221.43278770818762,0.0,1.0918891924093792,0.022982733054715467
53520,222.77690560515003,221.57497506435718,0.0,1.0936412371284894,0.022997491527497443
53580,222.9199359742352,221.7172527584226,0.0,1.0931311874501122,0.023012259377025467
53640,223.0630572144065,221.859620847785,0.0,1.093898147359073,0.023027036609256833
53700,223.2062693834508,222.00207938988194,0.0,1.0917226906089055,0.023041823230152643
53760,223.34957253919046,222.14462844218733,0.0,1.0915519411862271,0.023056619245677774
53820,223.49296673948373,222.28726806221147,0.0,1.0926682321375323,0.023071424661800906
53880,223.6364520422246,222.4299983075011,0.0,1.0932952780971694,0.02308623948449451
53940,223.7800285053428,222.57281923563943,0.0,1.0927334470104415,0.02310106371973485
54000,223.9236961868041,222.71573090424616,0.0,1.0927546961982926,0.02311589737350199
54060,224.06745514461005,222.85873337097743,0.0,1.090602805141637,0.023130740451779805
54120,224.2113054367981,223.00182669352606,0.0,1.0920576740059535,0.023145592960555957
54180,224.35524712144178,223.14501092962126,0.0,1.0939055658429084,0.023160454905821932
54240,224.49928025665068,223.28828613702893,0.0,1.093152199425255,0.023175326293573013
54300,224.6434049005703,223.43165237355157,0.0,1.093165069817489,0.023190207129808297
54360,224.78762111138235,223.57510969702827,0.0,1.0899294079890636,0.02320509742053069
54420,224.93192894730467,223.7186581653348,0.0,1.0917655434500229,0.02321999717174693
54480,225.0763284665913,223.86229783638365,0.0,1.0929780687192194,0.023234906389467548
54540,225.22081972753244,224.00602876812397,0.0,1.0938431751990023,0.023249825079706923
54600,225.36540278845462,224.14985101854163,0.0,1.0927504773813947,0.023264753248483237
54660,225.51007770772063,224.29376464565934,0.0,1.0921486386412689,0.023279690901818504
54720,225.65484454372955,224.4377697075365,0.0,1.091363784057914,0.02329463804573857
54780,225.799703354917,224.5818662622694,0.0,1.0922672340489858,0.023309594686273097
54840,225.94465419975478,224.72605436799105,0.0,1.0933029108406809,0.023324560829455596
54900,226.08969713675125,224.87033408287152,0.0,1.0933919091804998,0.023339536481323406
54960,226.2348322244513,225.01470546511754,0.0,1.0908864096707056,0.023354521647917705
55020,226.3800595214363,225.1591685729729,0.0,1.0917675598227943,0.02336951633528351
55080,226.5253790863241,225.30372346471822,0.0,1.0922631774483957,0.023384520549469674
55140,226.67079097776926,225.44837019867117,0.0,1.0928371979707474,0.023399534296528905
55200,226.8162952544629,225.59310883318634,0.0,1.0942068238167062,0.023414557582517755
55260,226.9618919751328,225.73793942665534,0.0,1.092289705737476,0.02342959041349662
55320,227.1075811985435,225.88286203750684,0.0,1.091610910189261,0.023444632795529753
55380,227.25336298349623,226.02787672420652,0.0,1.091705997618175,0.023459684734685262
55440,227.39923738882902,226.17298354525724,0.0,1.0926719582319766,0.023474746237035108
55500,227.5452044734166,226.3181825591988,0.0,1.0932565899246265,0.02348981730865511
55560,227.69126429617066,226.4634738246083,0.0,1.0931523301488015,0.023504897955624958
55620,227.83741691603973,226.60885740009988,0.0,1.0905421776473772,0.023519988184028194
55680,227.9836623920092,226.75433334432492,0.0,1.0912229559820625,0.023535087999952232
55740,228.13000078310148,226.89990171597205,0.0,1.0922206978730866,0.02355019740948836
55800,228.2764321483759,227.045562573767,0.0,1.094611288683097,0.023565316418731726
55860,228.4229565469288,227.19131597647285,0.0,1.092216988163941,0.023580445033781358
55920,228.5695740378936,227.33716198288997,0.0,1.0926599830378634,0.023595583260740165
55980,228.71628468044076,227.483100651856,0.0,1.0903810239324578,0.02361073110571493
56040,228.86308853377787,227.62913204224589,0.0,1.091937482921988,0.023625888574816307
56100,229.0099856571496,227.77525621297195,0.0,1.093865448211044,0.02364105567415886
56160,229.1569761098379,227.92147322298396,0.0,1.0929289682878192,0.023656232409861002
56220,229.30405995116186,228.06778313126898,0.0,1.0930612931637265,0.023671418788045063
56280,229.45123724047778,228.21418599685157,0.0,1.0911128307256142,0.02368661481483726
56340,229.59850803717933,228.36068187879368,0.0,1.0915604231777802,0.023701820496367692
56400,229.74587240069738,228.50727083619483,0.0,1.0929068839937637,0.023717035838770363
56460,229.89333039050024,228.653952928192,0.0,1.0932945441813262,0.02373226084818317
56520,230.0408820660935,228.8007282139597,0.0,1.0919627768888285,0.023747495530747915
56580,230.1885274870202,228.94759675270996,0.0,1.092115110452558,0.0237627398926103
56640,230.33626671286075,229.0945586036924,0.0,1.0909424169376887,0.023777993939919934
56700,230.4840998032331,229.2416138261943,0.0,1.092218896763851,0.023793257678830334
56760,230.63202681779265,229.38876247954053,0.0,1.0940014210681506,0.023808531115498927
56820,230.78004781623235,229.53600462309353,0.0,1.0920800252816791,0.023823814256087053
56880,230.9281628582827,229.68334031625352,0.0,1.092242665986088,0.023839107106759967
56940,231.07637200371175,229.8307696184584,0.0,1.0907969255665317,0.023854409673686846
57000,231.22467531232525,229.97829258918375,0.0,1.0927510580988455,0.02386972196304078
57060,231.37307284396653,230.125909287943,0.0,1.0926492557867387,0.023885043980998784
57120,231.5215646585166,230.27361977428725,0.0,1.0941868597402247,0.023900375733741805
57180,231.67015081589423,230.42142410780548,0.0,1.0920815819145655,0.02391571722745471
57240,231.81883137605587,230.5693223481244,0.0,1.0915675188422822,0.023931068468326305
57300,231.9676063989958,230.7173145549086,0.0,1.0916098690609288,0.023946429462549313
57360,232.11647594474607,230.86540078786064,0.0,1.092505828379118,0.023961800216320408
57420,232.26544007337654,231.01358110672084,0.0,1.0929993687277182,0.023977180735840195
57480,232.414498844995,231.16185557126752,0.0,1.0929915138847275,0.02399257102731322
57540,232.5636523197471,231.31022424131697,0.0,1.0901915285206285,0.02400797109694797
57600,232.71290055781634,231.4586871767234,0.0,1.0914562358726458,0.024023380950956883
57660,232.86224361942428,231.60724443737902,0.0,1.092799208001211,0.024038800595556336
57720,233.01168156483044,231.75589608321405,0.0,1.0928416181498146,0.02405423003696667
57780,233.16121445433222,231.90464217419688,0.0,1.093674910757918,0.02406966928141216
57840,233.31084234826528,232.05348277033377,0.0,1.0916286684881609,0.024085118335121045
57900,233.46056530700315,232.20241793166923,0.0,1.0911526365604218,0.02410057720432553
57960,233.6103833909576,232.3514477182858,0.0,1.0920317108449102,0.024116045895261774
58020,233.76029666057846,232.50057219030424,0.0,1.0928499275129517,0.024131524414169887
58080,233.91030517635372,232.64979140788344,0.0,1.0936164080314639,0.024147012767293963
58140,234.06040899880958,232.79910543122054,0.0,1.0914970647926117,0.024162510960882053
58200,234.2106081885104,232.94851432055074,0.0,1.0916415197779363,0.02417801900118618
58260,234.36090280605887,233.09801813614772,0.0,1.0917868250624199,0.024193536894462346
58320,234.51129291209585,233.2476169383232,0.0,1.092661469627691,0.02420906464697051
58380,234.66177856730064,233.3973107874274,0.0,1.093172069323471,0.024224602264974634
58440,234.8123598323907,233.5470997438487,0.0,1.0915240758736358,0.024240149754742642
58500,234.963036768122,233.69698386801392,0.0,1.0920506751594585,0.02425570712254645
58560,235.11380943528883,233.84696322038815,0.0,1.090812807209,0.02427127437466195
58620,235.2646778947239,233.997037861475,0.0,1.0920671353184437,0.024286851517369035
58680,235.41564220729833,234.1472078518164,0.0,1.09396820399085,0.024302438556951574
58740,235.5667024339218,234.2974732519928,0.0,1.0925397775922205,0.024318035499697438
58800,235.7178586355424,234.44783412262302,0.0,1.0921905251658006,0.024333642351898496
58860,235.86911087314684,234.5982905243645,0.0,1.090864943305791,0.024349259119850603
58920,236.02045920776027,234.7488425179131,0.0,1.0917286397860229,0.024364885809853624
58980,236.17190370044653,234.8994901640032,0.0,1.0929690365760472,0.024380522428211426
59040,236.32344441230808,235.05023352340785,0.0,1.0931236271752007,0.024396168981231887
59100,236.4750814044859,235.20107265693866,0.0,1.0911196666385152,0.024411825475226877
59160,236.6268147381598,235.35200762544582,0.0,1.091502989870207,0.02442749191651229
59220,236.77864447454814,235.50303848981815,0.0,1.0914346327923,0.024443168311408026
59280,236.93057067490815,235.6541653109832,0.0,1.0930894022775635,0.02445885466623801
59340,237.08259340053567,235.80538814990715,0.0,1.0928658937824405,0.024474550987330174
59400,237.23471271276546,235.95670706759495,0.0,1.0927913712481685,0.024490257281016482
59460,237.38692867297095,236.10812212509026,0.0,1.0896677608587262,0.024505973553632907
59520,237.53924134256454,236.25963338347557,0.0,1.0913567204943433,0.024521699811519464
59580,237.6916507829974,236.41124090387203,0.0,1.0928269336189453,0.024537436061020185
59640,237.84415705575967,236.5629447474397,0.0,1.0926034206594974,0.024553182308483138
59700,237.9967602223803,236.7147449753775,0.0,1.0936341158003087,0.02456893856026042
59760,238.1494603444273,236.86664164892318,0.0,1.0914510860377968,0.02458470482270817
59820,238.30225748350762,237.01863482935337,0.0,1.0910572968054688,0.024600481102186565
59880,238.45515170126717,237.17072457798366,0.0,1.0919343526274425,0.02461626740505982
59940,238.60814305939093,237.3229109561685,0.0,1.0926681937824665,0.0246320637376962
60000,238.76123161960294,237.47519402530142,0.0,1.0924740770208015,0.024647870106468
60060,238.91441744366634,237.62757384681484,0.0,1.09245389149757,0.024663686517751582
60120,239.0677005933833,237.78005048218026,0.0,1.089968853963921,0.024679512977927354
60180,239.22108113059525,237.9326239929082,0.0,1.0914226974590941,0.024695349493379773
60240,239.37455911718268,238.08529444054824,0.0,1.0931881277678568,0.024711196070497363
60300,239.52813461506543,238.2380618866891,0.0,1.092694056680263,0.024727052715672694
60360,239.68180768620232,238.39092639295856,0.0,1.0929581404064568,0.02474291943530241
60420,239.8355783925916,238.54388802102355,0.0,1.0909710705413986,0.024758796235787212
60480,239.98944679627078,238.69694683259016,0.0,1.0910328344491391,0.024774683123531867
60540,240.1434129593166,238.85010288940373,0.0,1.0933369527729733,0.02479058010494522
60600,240.2974769438452,239.00335625324877,0.0,1.092624952396394,0.024806487186440178
60660,240.45163881201202,239.15670698594906,0.0,1.0932002786961814,0.02482240437443373
60720,240.60589862601196,239.31015514936757,0.0,1.0894973733389974,0.024838331675346936
60780,240.76025644807925,239.46370080540672,0.0,1.0907940658569957,0.02485426909560494
60840,240.91471234048765,239.61734401600805,0.0,1.0915863332297877,0.02487021664163697
60900,241.06926636555028,239.77108484315258,0.0,1.092768636286312,0.024886174319876334
60960,241.22391858561977,239.9249233488607,0.0,1.0929180085114252,0.024902142136760428
61020,241.37866906308838,240.0788595951921,0.0,1.090745417180615,0.024918120098730748
61080,241.5335178603878,240.23289364424602,0.0,1.0914324346142859,0.024934108212232867
61140,241.68846503998935,240.38702555816104,0.0,1.091367602648301,0.02495010648371647
61200,241.84351066440394,240.54125539911522,0.0,1.0921931723570228,0.024966114919635327
61260,241.99865479618208,240.69558322932616,0.0,1.093787668454131,0.024982133526447313
61320,242.153897497914,240.85000911105095,0.0,1.0920061226608504,0.024998162310614403
61380,242.3092388322295,241.00453310658625,0.0,1.091364595198872,0.02501420127860269
61440,242.46467886179823,241.15915527826826,0.0,1.090967643627834,0.025030250436882357
61500,242.62021764932948,241.31387568847276,0.0,1.0919535946382575,0.025046309791927714
61560,242.7758552575723,241.46869439961523,0.0,1.0928166903433683,0.025062379350217177
61620,242.93159174931557,241.62361147415072,0.0,1.092782223571433,0.025078459118233275
61680,243.087427187388,241.77862697457402,0.0,1.0903262819377135,0.025094549102462664
61740,243.24336163465804,241.93374096341955,0.0,1.0904403778611826,0.02511064930939612
61800,243.39939515403412,242.08895350326145,0.0,1.0915385946192429,0.025126759745528533
61860,243.55552780846452,242.2442646567137,0.0,1.0940529287856327,0.025142880417358935
61920,243.71175966093747,242.39967448642997,0.0,1.0919798139270072,0.025159011331390476
61980,243.8680907744811,242.55518305510373,0.0,1.0923570230293342,0.025175152494130444
62040,244.02452121216353,242.71079042546833,0.0,1.089664706724665,0.025191303912090256
62100,244.18105103709294,242.86649666029695,0.0,1.0913065282330288,0.02520746559178547
62160,244.33768031241746,243.02230182240254,0.0,1.0931277999736337,0.025223637539735784
62220,244.49440910132535,243.17820597463816,0.0,1.092461411958512,0.02523981976246504
62280,244.65123746704484,243.33420917989662,0.0,1.0928686353156243,0.025256012266501215
62340,244.8081654728444,243.49031150111077,0.0,1.0907936689646482,0.025272215058376447
62400,244.96519318203258,243.64651300125337,0.0,1.0909289608639237,0.02528842814462702
62460,245.1223206579581,243.80281374333725,0.0,1.0922080796563527,0.025304651531793364
62520,245.27954796400985,243.95921379041528,0.0,1.0927174977468417,0.025320885226420075
62580,245.43687516361695,244.11571320558028,0.0,1.0917629413960201,0.025337129235055895
62640,245.59430232024877,244.27231205196523,0.0,1.091825653442128,0.025353383564253745
62700,245.75182949741495,244.42901039274318,0.0,1.090147544182819,0.02536964822057069
62760,245.9094567586654,244.58580829112742,0.0,1.091532872322868,0.025385923210567967
62820,246.06718416759037,244.7427058103712,0.0,1.093375846641667,0.025402208540810992
62880,246.22501178782048,244.89970301376815,0.0,1.091934736440454,0.025418504217869346
62940,246.38293968302668,245.05679996465196,0.0,1.0919290112990185,0.025434810248316776
63000,246.54096791692038,245.21399672639663,0.0,1.0902654651803578,0.025451126638731215
63060,246.69909655325336,245.37129336241645,0.0,1.0918356181266995,0.025467453395694773
63120,246.85732565581793,245.52868993616588,0.0,1.092011270654199,0.025483790525793748
63180,247.0156552884468,245.6861865111398,0.0,1.0937749142045792,0.02550013803561861
63240,247.17408551501322,245.84378315087332,0.0,1.091767969080058,0.025516495931764024
63300,247.33261639943103,246.001479918942,0.0,1.0912959246692726,0.025532864220828847
63360,247.49124800565457,246.1592768789618,0.0,1.0908727856779254,0.02554924290941612
63420,247.64998039767877,246.31717409458903,0.0,1.0918010913105527,0.02556563200413309
63480,247.8088136395392,246.47517162952045,0.0,1.0925744971845537,0.025582031511591198
63540,247.96774779531208,246.63326954749326,0.0,1.092595419553197,0.02559844143840608
63600,248.12678292911426,246.79146791228527,0.0,1.0899004190179808,0.025614861791197582
63660,248.28591910510332,246.9497667877147,0.0,1.0909492419874964,0.025631292576589755
63720,248.44515638747757,247.10816623764035,0.0,1.0919477658414998,0.025647733801210857
63780,248.60449484047604,247.26666632596152,0.0,1.0922549597177817,0.025664185471693357
63840,248.76393452837857,247.42526711661824,0.0,1.0933410116725368,0.02568064759467394
63900,248.92347551550574,247.58396867359102,0.0,1.091344185093071,0.025697120176793507
63960,249.08311786621903,247.7427710609011,0.0,1.0907127509888084,0.02571360322469718
64020,249.2428616449207,247.9016743426104,0.0,1.0912631092267315,0.025730096745034292
64080,249.402706916054,248.06067858282145,0.0,1.092170830590457,0.02574660074445842
64140,249.562653744103,248.2197838456776,0.0,1.0933841677334344,0.025763115229627355
64200,249.7227021935927,248.3789901953629,0.0,1.0912468201540881,0.02577964020720312
64260,249.88285232908916,248.53829769610215,0.0,1.0913345363830953,0.025796175683851973
64320,250.04310421519932,248.69770641216104,0.0,1.0908120644167507,0.025812721666244407
64380,250.20345791657118,248.857216407846,0.0,1.0919885845760324,0.025829278161055153
64440,250.36391349789383,249.01682774750432,0.0,1.0925885553123118,0.02584584517496318
64500,250.52447102389735,249.17654049552428,0.0,1.0913274084556295,0.025862422714651705
64560,250.68513055935293,249.3363547163349,0.0,1.0917241460856146,0.02587901078680819
64620,250.8458921690729,249.49627047440623,0.0,1.0899948826055035,0.02589560939812434
64680,251.00675591791074,249.6562878342493,0.0,1.0913935762029552,0.02591221855529612
64740,251.16772187076114,249.81640686041607,0.0,1.0933429356636675,0.02592883826502375
64800,251.32879009255993,249.9766276174995,0.0,1.0921343380664774,0.025945468534011695
64860,251.48996064828418,250.13695017013362,0.0,1.0919800887587452,0.02596210936896869
64920,251.65123360295232,250.29737458299354,0.0,1.0903120124463987,0.025978760776607733
64980,251.81260902162387,250.4579009207954,0.0,1.0910250211140315,0.025995422763646085
65040,251.97408696939985,250.61852924829648,0.0,1.0923542548157374,0.02601209533680527
65100,252.13566751142247,250.77925963029526,0.0,1.092614830464068,0.02602877850281109
65160,252.29735071287539,250.94009213163125,0.0,1.0909196052496284,0.02604547226839362
65220,252.45913663898364,251.1010268171853,0.0,1.0911600481218375,0.0260621766402872
65280,252.62102535501364,251.2620637518794,0.0,1.0905774853521686,0.026078891625230465
65340,252.7830169262733,251.4232030006768,0.0,1.0924065135991627,0.026095617229966315
65400,252.94511141811194,251.58444462858196,0.0,1.0923023160718557,0.026112353461241945
65460,253.10730889592045,251.7457887006408,0.0,1.0926422305786958,0.026129100325808844
65520,253.2696094251312,251.9072352819404,0.0,1.0892565732736281,0.026145857830422763
65580,253.4320130712181,252.06878443760925,0.0,1.0908495113350023,0.026162625981843775
65640,253.59451989969665,252.23043623281728,0.0,1.091959187378626,0.02617940478683623
65700,253.757129976124,252.3921907327757,0.0,1.0920176033139093,0.02619619425216879
65760,253.9198433660988,252.55404800273723,0.0,1.09328260847046,0.026212994384614396
65820,254.0826601352616,252.71600810799606,0.0,1.0911395376090227,0.026229805190950316
65880,254.24558034929433,252.87807111388778,0.0,1.0906012419239905,0.026246626677958112
65940,254.40860407392083,253.0402370857896,0.0,1.0911686816783883,0.02626345885242365
66000,254.57173137490668,253.20250608912022,0.0,1.0919924840129274,0.026280301721137125
66060,254.73496231805913,253.36487818933978,0.0,1.0921347451713104,0.02629715529089302
66120,254.8982969692273,253.52735345195018,0.0,1.0920947800271241,0.02631401956849016
66180,255.06173539430202,253.68993194249487,0.0,1.089403919090097,0.02633089456073167
66240,255.22527765921615,253.85261372655893,0.0,1.0907903215794181,0.02634778027442502
66300,255.38892382994425,254.01539886976911,0.0,1.092403662865745,0.026364676716381978
66360,255.55267397250284,254.1782874377939,0.0,1.0921687082647409,0.026381583893418662
66420,255.71652815295042,254.34127949634342,0.0,1.0926798620396632,0.02639850181235551
66480,255.8804864373874,254.50437511116962,0.0,1.0906496340980263,0.026415430480017297
66540,256.0445488919561,254.6675743480662,0.0,1.0904290917267976,0.026432369903233128
66600,256.20871558284097,254.83087727286863,0.0,1.092481286701822,0.02644932008883645
66660,256.37298657626843,254.99428395145424,0.0,1.0920693068257616,0.026466281043665062
66720,256.537361938507,255.15779444974223,0.0,1.0927789026088024,0.026483252774561095
66780,256.70184173586716,255.3214088336936,0.0,1.0892886839767237,0.026500235288371025
66840,256.86642603470176,255.4851271693113,0.0,1.0902437169153663,0.02651722859194569
66900,257.03111490140554,255.64894952264027,0.0,1.0908723707662815,0.026534232692140277
66960,257.19590840241557,255.81287595976733,0.0,1.0921686348469224,0.026551247595814318
67020,257.360806604211,255.9769065468213,0.0,1.0923906634001432,0.026568273309831716
67080,257.5258095733132,256.1410413499731,0.0,1.0905347305050042,0.026585309841060726
67140,257.69091737628594,256.3052804354355,0.0,1.0910653684045475,0.026602357196373973
67200,257.85613007973524,256.4696238694637,0.0,1.0904884554955645,0.026619415382648448
67260,258.0214477503093,256.63407171835445,0.0,1.091522043945982,0.026636484406765505
67320,258.1868704546987,256.7986240484471,0.0,1.0932638901942817,0.026653564275610876
67380,258.35239825963635,256.96328092612293,0.0,1.0916448577045437,0.026670654996074673
67440,258.51803123189774,257.12804241780543,0.0,1.0910912990726107,0.026687756575051368
67500,258.6837694383005,257.29290858996035,0.0,1.0902616443097621,0.026704869019439834
67560,258.84961294570496,257.4578795090955,0.0,1.0912250421733471,0.02672199233614331
67620,259.01556182101365,257.62295524176113,0.0,1.0922913449466076,0.026739126532069436
67680,259.1816161311718,257.7881358545497,0.0,1.0923325613598758,0.026756271614130227
67740,259.347775943167,257.95342141409594,0.0,1.0901315632396396,0.0267734275892421
67800,259.5140413240296,258.1188119870769,0.0,1.0897160501861785,0.026790594464325856
67860,259.68041234083245,258.28430764021215,0.0,1.0908575511277747,0.02680777224630671
67920,259.84688906069084,258.44990844026347,0.0,1.0933831772300862,0.02682496094211426
67980,260.0134715507629,258.61561445403515,0.0,1.0916564205749755,0.02684216055868251
68040,260.1801598782493,258.78142574837386,0.0,1.0919790533677185,0.026859371102949878
68100,260.3469541103934,258.94734239016884,0.0,1.0890328296223566,0.02687659258185918
68160,260.5138543144814,259.11336444635174,0.0,1.0906843701650661,0.026893825002357652
68220,260.6808605578421,259.2794919838967,0.0,1.092332231496341,0.026911068371396937
68280,260.8479729078471,259.4457250698206,0.0,1.0919288330727144,0.026928322695933104
68340,261.0151914319108,259.61206377118265,0.0,1.0925810018376232,0.026945587982926626
68400,261.1825161974905,259.7785081550848,0.0,1.0904485574868685,0.026962864239342417
68460,261.34994727208624,259.94505828867165,0.0,1.090319410119832,0.026980151472149796
68520,261.51748472324095,260.11171423913044,0.0,1.091465271688988,0.026997449688322527
68580,261.6851286185405,260.278476073691,0.0,1.0920863601705715,0.0270147588948388
68640,261.85287902561373,260.445343859626,0.0,1.091484783323368,0.02703207909868123
68700,262.0207360121325,260.61231766425084,0.0,1.0914772675902837,0.027049410306836878
68760,262.1886996458113,260.77939755492355,0.0,1.0894016109909277,0.027066752526297245
68820,262.35676999440807,260.9465835990451,0.0,1.0908372960919246,0.027084105764058265
68880,262.5249471257236,261.11387586405925,0.0,1.0926734051356704,0.027101470027120326
68940,262.69323110760166,261.28127441745266,0.0,1.0919142236207622,0.02711884532248826
69000,262.8616220079294,261.44877932675473,0.0,1.0918712289212769,0.02713623165717135
69060,263.03011989463675,261.6163906595379,0.0,1.0887377514899939,0.027153629038183334
69120,263.198724835697,261.78410848341736,0.0,1.0905335464465928,0.0271710374725424
69180,263.3674368991267,261.9519328660515,0.0,1.091762019809307,0.027188456967271197
69240,263.53625615298535,262.11986387514145,0.0,1.0925784356288166,0.02720588752939684
69300,263.7051826653758,262.28790157843156,0.0,1.0914950113427815,0.027223329165950907
69360,263.87421650444423,262.45604604370914,0.0,1.0908563403873128,0.027240781883969445
69420,264.0433577383801,262.6242973388046,0.0,1.0901289515910735,0.027258245690492972
69480,264.2126064354161,262.79265553159127,0.0,1.0910403731157052,0.02727572059256647
69540,264.38196266382835,262.9611206899859,0.0,1.0920621357094964,0.027293206597239408
69600,264.55142649193624,263.1296928819481,0.0,1.092138079307585,0.027310703711565725
69660,264.7209979881027,263.2983721754809,0.0,1.0896418795786882,0.02732821194260385
69720,264.89067722073395,263.4671586386302,0.0,1.0904920935477473,0.02734573129741669
69780,265.06046425827975,263.6360523394857,0.0,1.091031112234561,0.027363261783071646
69840,265.23035916923345,263.8050533461797,0.0,1.0915996336542404,0.0273808034066406
69900,265.40036202213156,263.9741617268883,0.0,1.0929298176544706,0.02739835617519993
69960,265.5704728855546,264.1433775498307,0.0,1.0910246555892458,0.027415920095830524
70020,265.7406918281262,264.3127008832694,0.0,1.090333738548218,0.027433495175617748
70080,265.911018918514,264.48213179551027,0.0,1.0904608065107981,0.02745108142165148
70140,266.0814542254289,264.65167035490276,0.0,1.091430276062337,0.027468678841026103
70200,266.25199781762575,264.82131662983954,0.0,1.093063139014255,0.027486287440840505
70260,266.42264976390277,264.99107068875685,0.0,1.0909519574845934,0.027503907228198086
70320,266.5934101331022,265.16093260013434,0.0,1.0910273590123423,0.02752153821020676
70380,266.7642789941099,265.3309024324953,0.0,1.0897999066803008,0.02753918039397895
70440,266.93525641585524,265.50098025440633,0.0,1.0912433623038273,0.02755683378663161
70500,267.10634246731183,265.6711661344778,0.0,1.0919343167833615,0.027574498395286202
70560,267.27753721749684,265.8414601413636,0.0,1.0910766654480286,0.027592174227068722
70620,267.44884073547126,266.01186234376115,0.0,1.0913656686704483,0.027609861289109697
70680,267.62025309034,266.1823728104116,0.0,1.0891878297643693,0.027627559588544168
70740,267.7917743512519,266.3529916100999,0.0,1.0906901921342258,0.027645269132511727
70800,267.9634045873997,266.5237188116544,0.0,1.092627379846727,0.027662989928156488
70860,268.1351438680201,266.6945544839475,0.0,1.0916622045012188,0.027680721982627117
70920,268.30699226239386,266.8654986958951,0.0,1.0917417552336448,0.02769846530307681
70980,268.47894983984565,267.036551516457,0.0,1.0898275092953547,0.027716219896663317
71040,268.6510166697442,267.2077130146368,0.0,1.0903061843142492,0.027733985770548926
71100,268.8231928215023,267.378983259482,0.0,1.0916574259041418,0.027751762931900487
71160,268.99547836457697,267.550362320084,0.0,1.09203500879715,0.0277695513878894
71220,269.1678733684692,267.7218502655778,0.0,1.0906837935925882,0.027787351145691606
71280,269.34037790272413,267.8934471651427,0.0,1.090807061039292,0.027805162212487636
71340,269.5129920369312,268.0651530880017,0.0,1.0897030157533094,0.027822984595462553
71400,269.68571584072396,268.2369681034219,0.0,1.090965610236768,0.027840818301806004
71460,269.85854938378026,268.4088922807143,0.0,1.0927187909289648,0.027858663338712192
71520,270.03149273582216,268.58092568923416,0.0,1.0908116201936295,0.027876519713379903
71580,270.204545966616,268.7530683983806,0.0,1.0909418319101447,0.02789438743301248
71640,270.3777091459727,268.92532047759687,0.0,1.0895275605390315,0.02791226650481786
71700,270.550982343747,269.0976819963704,0.0,1.0914758745455044,0.027930156936008553
71760,270.72436562983864,269.2701530242326,0.0,1.0913881360121866,0.027948058733801653
71820,270.89785907419133,269.4427336307594,0.0,1.0928760075336788,0.02796597190541883
71880,271.0714627467934,269.6154238855705,0.0,1.0907895250668767,0.027983896458086344
71940,271.24517671767745,269.7882238583302,0.0,1.0902598973772313,0.02800183239903507
72000,271.41900105692093,269.96113361874677,0.0,1.0903406670921234,0.02801977973550044
72060,271.59293583464546,270.13415323657307,0.0,1.0912401278879025,0.028037738474722507
72120,271.7669811210174,270.307282781606,0.0,1.0917203431641407,0.028055708623945918
72180,271.9411369862476,270.4805223236869,0.0,1.091696611986417,0.028073690190419928
72240,272.1154035005916,270.65387193270163,0.0,1.0889209841075544,0.028091683181398392
72300,272.28978073434956,270.82733167858026,0.0,1.0901639035886124,0.028109687604139767
72360,272.46426875786614,271.0009016312974,0.0,1.091518174164144,0.028127703465907143
72420,272.6388676415309,271.1745818608719,0.0,1.0915635118741083,0.028145730773968196
72480,272.81357745577805,271.34837243736746,0.0,1.092363845303571,0.028163769535595243
72540,272.9883982710865,271.5222734308921,0.0,1.0903310671588036,0.02818181975806521
72600,273.16333015798,271.69628491159824,0.0,1.0898552709238016,0.028199881448659654
72660,273.33837318702706,271.8704069496832,0.0,1.091513623765764,0.02821795461466475
72720,273.51352742884103,272.0446396153886,0.0,1.0914277978959772,0.0282360392633713
72780,273.6887929540801,272.2189829790007,0.0,1.0922915173487304,0.028254135402074755
72840,273.86416983344753,272.39343711085075,0.0,1.0891275034283254,0.02827224303807518
72900,274.0396581376912,272.5680020813143,0.0,1.0897679619808553,0.028290362178677298
72960,274.2152579376041,272.74267796081176,0.0,1.0901275426219483,0.02830849283119045
73020,274.3909693040242,272.91746481980834,0.0,1.091472885037345,0.02832663500292865
73080,274.56679230783453,273.092362728814,0.0,1.0917895183104365,0.028344788701210526
73140,274.742727019963,273.2673717583834,0.0,1.0903058397752339,0.028362953933359386
73200,274.91877351138277,273.4424919791162,0.0,1.0907028218825867,0.028381130706703173
73260,275.09493185311186,273.6177234616567,0.0,1.0895615047934712,0.028399319028574493
73320,275.2712021162136,273.79306627669416,0.0,1.0907891543913908,0.02841751890631061
73380,275.44758437179644,273.9685204949629,0.0,1.09265304211605,0.02843573034725344
73440,275.62407869101395,274.14408618724195,0.0,1.091232657308193,0.02845395335874958
73500,275.8006851450648,274.3197634243554,0.0,1.090838393659467,0.028472187948150277
73560,275.97740380519315,274.4955522771725,0.0,1.0895671271936926,0.028490434122811468
73620,276.1542347426883,274.6714528166073,0.0,1.090445509090074,0.028508691890093748
73680,276.3311780288848,274.847465113619,0.0,1.0916750947706044,0.028526961257362392
73740,276.5082337351625,275.02358923921196,0.0,1.091817507142218,0.028545242231987362
73800,276.6854019329467,275.1998252644354,0.0,1.089974022908679,0.02856353482134329
73860,276.8626826937081,275.37617326038395,0.0,1.0890299233616607,0.02858183903280951
73920,277.0400760889626,275.5526332981973,0.0,1.0901538434348041,0.028600154873770024
73980,277.21758219027186,275.72920544906026,0.0,1.0926088319442302,0.028618482351613548
74040,277.3952010692426,275.90588978420305,0.0,1.0912576333427861,0.028636821473733465
74100,277.5729327975274,276.082686374901,0.0,1.0915561221615087,0.02865517224752789
74160,277.75077744682426,276.2595952924748,0.0,1.0884664624779805,0.028673534680399605
74220,277.9287350888765,276.43661660829036,0.0,1.0900668807130316,0.028691908779756112
74280,278.10680579547335,276.61375039375906,0.0,1.0914473588002827,0.02871029455300962
74340,278.2849896384495,276.79099672033755,0.0,1.0913237738058887,0.028728692007577043
74400,278.46328668968516,276.96835565952796,0.0,1.0922463500435804,0.02874710115088001
74460,278.64169702110655,277.14582728287775,0.0,1.0900950979143622,0.02876552199034486
74520,278.82022070468525,277.3234116619799,0.0,1.0897308804054098,0.02878395453340266
74580,278.9988578124387,277.5011088684729,0.0,1.0906513614758713,0.02880239878748918
74640,279.1776084164301,277.6789189740407,0.0,1.0913818158444453,0.028820854760044944
74700,279.3564725887684,277.8568420504128,0.0,1.0911462922247672,0.028839322458515174
74760,279.53545040160833,278.03487816936433,0.0,1.0910985439297864,0.02885780189034984
74820,279.7145419271506,278.2130274027159,0.0,1.0886796573944697,0.02887629306300364
74880,279.89374723764166,278.3912898223339,0.0,1.0901141981558775,0.028894795983936006
74940,280.0730664053739,278.56966550013027,0.0,1.0918809124287443,0.028913310660611105
75000,280.25249950268557,278.7481545080627,0.0,1.0913789651556525,0.028931837100497862
75060,280.43204660196113,278.92675691813474,0.0,1.0915833944370745,0.028950375311069934
75120,280.6117077756307,279.1054728023953,0.0,1.0880279846380185,0.02896892529980573
75180,280.7914830961707,279.2843022329393,0.0,1.0898359200156778,0.02898748707418841
75240,280.9713726361033,279.4632452819076,0.0,1.0909324670318867,0.029006060641705893
75300,281.151376467997,279.64230202148656,0.0,1.0922009722175743,0.029024646009850847
75360,281.33149466446633,279.82147252390877,0.0,1.0910530301141743,0.029043243186120702
75420,281.5117272981719,280.00075686145243,0.0,1.0905861692530323,0.029061852178017666
75480,281.6920744418205,280.1801551064418,0.0,1.089415057107996,0.029080472993048688
75540,281.87253616816525,280.3596673312471,0.0,1.0902748051781124,0.029099105638725514
75600,282.05311255000527,280.5392936082845,0.0,1.0914589566014135,0.02911775012256464
75660,282.23380366018597,280.71903401001606,0.0,1.0916040436623193,0.029136406452087347
75720,282.4146095715993,280.8988886089501,0.0,1.089372947366565,0.0291550746348197
75780,282.59553035718324,281.0788574776408,0.0,1.0900491527119744,0.02917375467829253
75840,282.7765660899222,281.2589406886885,0.0,1.0900897129577387,0.029192446590041467
75900,282.95771684284693,281.43913831473986,0.0,1.0908918616418202,0.029211150377606923
75960,283.13898268903466,281.61945042848737,0.0,1.0924200843046474,0.02922986604853411
76020,283.320363701609,281.79987710267,0.0,1.0906432745769925,0.029248593610373016
76080,283.50185995373994,281.98041841007273,0.0,1.0899701639087638,0.029267333070678442
76140,283.6834715186441,282.1610744235268,0.0,1.0896565101366165,0.029286084437009977
76200,283.86519846958464,282.3418452159099,0.0,1.0906507862442802,0.029304847716932023
76260,284.0470408798711,282.5227308601459,0.0,1.0926231557516954,0.029323622918013784
76320,284.2289988228595,282.7037314292049,0.0,1.0905891938176926,0.02934241004782927
76380,284.4110723719529,282.8848469961034,0.0,1.0906810242681984,0.029361209113957305
76440,284.5932616006006,283.06607763390457,0.0,1.0887983378422124,0.02938002012398153
76500,284.7755665822988,283.24742341571766,0.0,1.090449042782037,0.029398843085490407
76560,284.9579873905902,283.4288844146984,0.0,1.091221891354276,0.029417678006077204
76620,285.14052409906435,283.6104607040493,0.0,1.0907487066497366,0.029436524893340033
76680,285.3231767813575,283.792152357019,0.0,1.0909496292163428,0.029455383754881825
76740,285.5059455111528,283.97395944690294,0.0,1.088425939927413,0.029474254598310337
76800,285.68883036218,284.15588204704306,0.0,1.0899747539557012,0.029493137431238173
76860,285.8718314082159,284.3379202308279,0.0,1.0918307679490513,0.02951203226128276
76920,286.054948723084,284.5200740716924,0.0,1.0911185127305745,0.029530939096066366
76980,286.2381823806549,284.7023436431185,0.0,1.0914374733560825,0.029549857943216108
77040,286.42153245484604,284.88472901863474,0.0,1.0894024222200638,0.029568788810363948
77100,286.6049990196217,285.0672302718162,0.0,1.0895898441185157,0.02958773170514669
77160,286.78858214899327,285.24984747628497,0.0,1.090892693117418,0.029606686635206002
77220,286.97228191701925,285.4325807057096,0.0,1.091387285574448,0.029625653608188397
77280,287.156098397805,285.6154300338057,0.0,1.090386533498347,0.029644632631745247
77340,287.3400316655031,285.79839553433567,0.0,1.0904160552844826,0.02966362371353279
77400,287.52408179431313,285.98147728110865,0.0,1.08884247424275,0.02968262686121212
77460,287.70824885848197,286.16467534798085,0.0,1.090205716829954,0.029701642082449214
77520,287.89253293230354,286.3479898088553,0.0,1.0920201437813137,0.029720669384914907
77580,288.07693409011904,286.53142073768186,0.0,1.0905672978730083,0.029739708776284908
77640,288.2614524063168,286.7149682084578,0.0,1.090533123286048,0.029758760264239806
77700,288.44608795533253,286.8986322952268,0.0,1.0889041843262537,0.02977782385646507
77760,288.63084081164914,287.08241307208004,0.0,1.0905005152094944,0.02979689956065105
77820,288.8157110497969,287.26631061315567,0.0,1.0906769980158635,0.029815987384492988
77880,289.00069874435354,287.45032499263885,0.0,1.0923734586169735,0.029835087335691006
77940,289.18580396994395,287.634456284762,0.0,1.0903837732282233,0.029854199421950122
78000,289.3710268012406,287.8187045638045,0.0,1.0898794564222969,0.02987332365098025
78060,289.55636731296335,288.0030699040931,0.0,1.0895286228084569,0.0298924600304962
78120,289.7418255798794,288.1875523800018,0.0,1.0904631712083837,0.029911608568217687
78180,289.92740167680375,288.3721520659517,0.0,1.0912110117337896,0.02993076927186933
78240,290.1130956785987,288.55686903641134,0.0,1.091213310060353,0.029949942149180658
78300,290.2989076601743,288.74170336589646,0.0,1.0885348013093479,0.029969127207886106
78360,290.4848376964879,288.92665512897014,0.0,1.089561494930773,0.029988324455725024
78420,290.6708858625447,289.1117244002429,0.0,1.0906008642388005,0.030007533900441682
78480,290.85705223339755,289.29691125437273,0.0,1.0908995997490616,0.03002675554978527
78540,291.0433368841469,289.4822157660648,0.0,1.09193462786709,0.030045989411509898
78600,291.2297398899409,289.667638010072,0.0,1.0899511490926186,0.030065235493374604
78660,291.41626132597565,289.85317806119457,0.0,1.089317809997319,0.03008449380314336
78720,291.60290126749476,290.03883599428036,0.0,1.090498247163187,0.030103764348585065
78780,291.78965978978977,290.22461188422477,0.0,1.0907293652566439,0.030123047137473553
78840,291.97653696820004,290.4105058059707,0.0,1.0917154023192182,0.030142342177587603
78900,292.16353287811285,290.5965178345087,0.0,1.088958898729305,0.030161649476710933
78960,292.3506475949632,290.78264804487696,0.0,1.0893279375781741,0.03018096904263221
79020,292.5378811942343,290.96889651216145,0.0,1.0893953751088863,0.030200300883145036
79080,292.725233751457,291.15526331149573,0.0,1.09071532635056,0.03021964500604799
79140,292.91270534221036,291.3417485180611,0.0,1.091127744221732,0.030239001419144575
79200,293.10029604212144,291.52835220708664,0.0,1.0900053314003615,0.030258370130243274
79260,293.2880059268653,291.7150744538493,0.0,1.0902838198682023,0.030277751147157528
79320,293.47583507216507,291.90191533367374,0.0,1.0886654463082515,0.030297144477705738
79380,293.6637835537919,292.08887492193264,0.0,1.0900344665517956,0.030316550129711274
79440,293.85185144756537,292.2759532940463,0.0,1.0919502265784957,0.030335968111002476
79500,294.04003882935297,292.4631505254832,0.0,1.0907429457795599,0.030355398429412647
79560,294.22834577507047,292.6504666917596,0.0,1.0905253578784764,0.03037484109278009
79620,294.41677236068176,292.83790186843987,0.0,1.088919027868914,0.030394296108948064
79680,294.6053186621993,293.02545613113625,0.0,1.089659373595976,0.030413763485764835
79740,294.7939847556834,293.2131295555092,0.0,1.0909816593690151,0.030433243231083634
79800,294.9827707172432,293.40092221726707,0.0,1.0912278823552066,0.030452735352762692
79860,295.17167662303586,293.5888341921665,0.0,1.0895149885768396,0.030472239858665234
79920,295.36070254926693,293.7768655560119,0.0,1.0897264004337162,0.030491756756659473
79980,295.54984857219046,293.9650163846563,0.0,1.0892213938223174,0.03051128605461863
80040,295.73911476810895,294.15328675400065,0.0,1.0910232864626648,0.030530827760420928
80100,295.92850121337347,294.34167673999417,0.0,1.0909216281495946,0.03055038188194958
80160,296.1180079843833,294.53018641863434,0.0,1.0911903051490783,0.03056994842709283
80220,296.3076351575867,294.71881586596703,0.0,1.087884337003812,0.030589527403743915
80280,296.49738280948,294.90756515808624,0.0,1.0894312333011773,0.0306091188198011
80340,296.6872510166085,295.0964343711344,0.0,1.0905812602037857,0.030628722683167662
80400,296.8772398555661,295.2854235813024,0.0,1.0906334762106262,0.030648339001751897
80460,297.0673494029951,295.47453286482937,0.0,1.0918455889315588,0.030667967783467136
80520,297.25757973558683,295.663762298003,0.0,1.0897197689383222,0.03068760903623172
80580,297.44793093008116,295.8531119571595,0.0,1.0891783103230275,0.030707262767969038
80640,297.63840306326676,296.04258191868337,0.0,1.0897806636231673,0.030726928986607508
80700,297.82899621198106,296.2321722590078,0.0,1.0906055800307408,0.03074660770008058
80760,298.01971045311024,296.4218830546147,0.0,1.0907303294448307,0.030766298916326748
80820,298.2105458635895,296.61171438203405,0.0,1.0906705549173148,0.030786002643289553
80880,298.4015025204028,296.801666317845,0.0,1.0880133764478546,0.03080571888891758
80940,298.5925805005831,296.99173893867504,0.0,1.0893815054025795,0.03082544766116446
81000,298.78377988121224,297.18193232120046,0.0,1.0909988843292369,0.030845188967988883
81060,298.975100739421,297.3722465421463,0.0,1.090766203094122,0.030864942817354593
81120,299.1665431523891,297.56268167828637,0.0,1.091240690349984,0.030884709217230393
81180,299.35810719734565,297.753237806443,0.0,1.0874206736467267,0.030904488175590154
81240,299.5497929515684,297.94391500348763,0.0,1.0891515572258428,0.03092427970041281
81300,299.74160049238435,298.1347133463404,0.0,1.0900412033066662,0.03094408379968236
81360,299.93352989716976,298.3256329119703,0.0,1.091715173530458,0.03096390048138788
81420,300.1255812433499,298.5166737773953,0.0,1.0905446133362169,0.030983729753523523
81480,300.31775460839935,298.70783601968225,0.0,1.0903065431235208,0.03100357162408852
81540,300.5100500698417,298.899119715947,0.0,1.0887365164459288,0.031023426101087177
81600,300.70246770524994,299.0905249433544,0.0,1.0894790318060943,0.0310432931925289
81660,300.89500759224654,299.28205177911826,0.0,1.0907646664031285,0.031063172906428172
81720,301.0876698085029,299.4737003005015,0.0,1.090996977338142,0.031083065250804575
81780,301.28045443173994,299.6654705848161,0.0,1.0890840722097717,0.03110297023368278
81840,301.47336153972805,299.8573627094233,0.0,1.089603496741154,0.031122887863092558
81900,301.6663912102869,300.04937675173323,0.0,1.0891058560768625,0.031142818147068787
81960,301.8595435212858,300.2415127892054,0.0,1.0901229376469754,0.03116276109365145
82020,302.0528185506432,300.4337708993484,0.0,1.0918200564737583,0.031182716710885617
82080,302.24621637632737,300.62615115972034,0.0,1.0902059783749023,0.031202685006821506
82140,302.4397370763559,300.81865364792816,0.0,1.089618847698266,0.03122266598951442
82200,302.63338072879617,301.0112784416285,0.0,1.0888473828672376,0.031242659667024796
82260,302.82714741176494,301.20402561852717,0.0,1.089820986476515,0.031262666047418175
82320,303.0210372034287,301.39689525637937,0.0,1.0908692855360698,0.03128268513876525
82380,303.2150501820036,301.5898874329897,0.0,1.090894887793599,0.03130271694914181
82440,303.4091864257555,301.78300222621215,0.0,1.0886923524411172,0.0313227614866288
82500,303.6034460129998,301.97623971395035,0.0,1.0883020053789432,0.03134281875931229
82560,303.79782902210206,302.16959997415717,0.0,1.0894357515493016,0.031362888775283475
82620,303.9923355314772,302.3630830848352,0.0,1.0919251296116395,0.03138297154263872
82680,304.1869656195903,302.55668912403644,0.0,1.090230046604693,0.031403067069479505
82740,304.3817193649561,302.75041816986266,0.0,1.0905234015171137,0.031423175363912474
82800,304.57659684613924,302.94427030046506,0.0,1.0876219464036971,0.03144329643404941
82860,304.7715981417543,303.13824559404475,0.0,1.0892450465887407,0.031463430288007264
82920,304.96672333046575,303.3323441288522,0.0,1.0908994971969774,0.03148357693390813
82980,305.1619724909882,303.5265659831878,0.0,1.0904980983845525,0.03150373637987927
83040,305.35734570208615,303.7209112354016,0.0,1.0911076627245517,0.03152390863405311
83100,305.5528430425741,303.91537996389366,0.0,1.0889943755952254,0.03154409370456724
83160,305.7484645913168,304.10997224711343,0.0,1.088874086777564,0.03156429159956442
83220,305.9442104272289,304.30468816356057,0.0,1.090031761148503,0.03158450232719259
83280,306.1400806292753,304.4995277917845,0.0,1.0906523470298017,0.03160472589560486
83340,306.33607527647104,304.69449121038434,0.0,1.090043491683252,0.031624962312959505
83400,306.5321944478814,304.8895784980096,0.0,1.0900136075112403,0.031645211587420015
83460,306.72843822262183,305.08478973335934,0.0,1.0879704566534512,0.031665473727155065
83520,306.92480667985814,305.28012499518286,0.0,1.0893943453621453,0.03168574874033848
83580,307.1212998988063,305.47558436227933,0.0,1.0912189218755028,0.03170603663514932
83640,307.31791795873266,305.6711679134981,0.0,1.0902623688802449,0.03172633741977182
83700,307.5146609389541,305.86687572773855,0.0,1.090091984314881,0.03174665110239543
83760,307.71152891883764,306.0627078839502,0.0,1.0883381735485067,0.03176697769121479
83820,307.9085219778009,306.25866446113287,0.0,1.0894261366235802,0.03178731719442974
83880,308.10564019531193,306.4547455383363,0.0,1.0898926217045988,0.03180766962024534
83940,308.3028836508891,306.6509511946607,0.0,1.0917883910568553,0.03182803497687187
84000,308.50025242410146,306.84728150925645,0.0,1.0899333228253316,0.031848413272524835
84060,308.69774659456874,307.0437365613242,0.0,1.0895342842064497,0.031868804515424926
84120,308.89536624196097,307.24031643011483,0.0,1.0886940465470538,0.03188920871379808
84180,309.093111445999,307.43702119492986,0.0,1.0896204425600649,0.031909625875875446
84240,309.2909822864542,307.6338509351208,0.0,1.0906100424022824,0.03193005600989343
84300,309.48897884314874,307.8308057300899,0.0,1.0906680943352318,0.03195049912409364
84360,309.6871011959555,308.02788565928967,0.0,1.0881863503534863,0.031970955226722934
84420,309.88534942479794,308.22509080222324,0.0,1.0890005826158167,0.03199142432603341
84480,310.08372360965046,308.4224212384441,0.0,1.089598449826111,0.03201190643028242
84540,310.2822238305382,308.6198770475565,0.0,1.090155415197059,0.032032401547732535
84600,310.48085016753726,308.81745830921494,0.0,1.0914365748170296,0.0320529096866516
84660,310.67960270077447,309.01516510312484,0.0,1.089542639271696,0.03207343085531269
84720,310.8784815104276,309.21299750904217,0.0,1.088839078917289,0.03209396506199417
84780,311.0774866767255,309.41095560677337,0.0,1.089390424323759,0.032114512314979624
84840,311.2766182799478,309.6090394761759,0.0,1.0899492575638143,0.032135072622557936
84900,311.47587640042514,309.8072491971578,0.0,1.0910571354509482,0.03215564599302324
84960,311.67526111853937,310.00558484967786,0.0,1.0887899026923935,0.03217623243467491
85020,311.87477251472336,310.2040465137457,0.0,1.088886140903438,0.03219683195581766
85080,312.07441066946086,310.40263426942187,0.0,1.088659092571925,0.03221744456476144
85140,312.2741756632871,310.6013481968175,0.0,1.0898697298733995,0.03223807026982146
85200,312.4740675767883,310.800188376095,0.0,1.090388352713324,0.03225870907931824
85260,312.6740864906017,310.9991548874674,0.0,1.0896541514840783,0.0322793610015776
85320,312.8742324854162,311.1982478111988,0.0,1.089840249778489,0.03230002604493061
85380,313.0745056419716,311.39746722760447,0.0,1.0877579115974563,0.032320704217713665
85440,313.27490604105907,311.59681321705034,0.0,1.0892348484091912,0.03234139552826845
85500,313.4754337635213,311.79628585995374,0.0,1.09115149888205,0.032362099984941946
85560,313.6760888902522,311.99588523678295,0.0,1.0901849818352471,0.03238281759608642
85620,313.87687150219693,312.19561142805736,0.0,1.0901945400117872,0.03240354837005949
85680,314.0777816803524,312.39546451434757,0.0,1.0883270961909648,0.032424292315224035
85740,314.27881950576665,312.5954445762754,0.0,1.0888425677289886,0.03244504943994827
85800,314.47998505953944,312.7955516945136,0.0,1.090196652157929,0.032465819752605735
85860,314.68127842282206,312.99578594978664,0.0,1.0905619570913285,0.032486603261575285
85920,314.88269967681725,313.19614742286996,0.0,1.089186448246725,0.03250739997524109
85980,315.0842489027793,313.3966361945904,0.0,1.0892800263831797,0.03252820990199264
86040,315.2859261820143,313.59725234582623,0.0,1.088254674950839,0.03254903305022479
86100,315.48773159587984,313.797995957507,0.0,1.0901609674358301,0.03256986942833768
86160,315.68966522578535,313.99886711061373,0.0,1.0902027554355325,0.03259071904473683
86220,315.8917271531918,314.19986588617877,0.0,1.0908911284273652,0.032611581907833066
86280,316.09391745961216,314.40099236528624,0.0,1.0874982614852904,0.03263245802604259
86340,316.29623622661086,314.60224662907143,0.0,1.0888582485805325,0.03265334740778693
86400,316.49868353580433,314.80362875872146,0.0,1.089560771682302,0.03267425006149297
86460,316.70125946886105,315.0051388354748,0.0,1.0898931765647288,0.03269516599559295
86520,316.90396410750105,315.2067769406218,0.0,1.0913284947383493,0.03271609521852446
86580,317.1067975334964,315.4085431555042,0.0,1.0892803961841662,0.03273703773873046
86640,317.3097598286712,315.6104375615156,0.0,1.08867007021227,0.03275799356465926
86700,317.51285107490156,315.8124602401012,0.0,1.0888848371589266,0.03277896270476457
86760,317.7160713541154,316.014611272758,0.0,1.08978064644603,0.03279994516750542
86820,317.91942074829296,316.2168907410347,0.0,1.0902198550067772,0.03282094096134627
86880,318.12289933946636,316.41929872653196,0.0,1.0901683137143636,0.032841950094756926
86940,318.32650720971986,316.6218353109022,0.0,1.0874292209976382,0.03286297257621257
87000,318.53024444119,316.82450057584964,0.0,1.0886563765111918,0.03288400841419378
87060,318.7341111160654,317.0272946031306,0.0,1.0900507267035247,0.032905057617186526
87120,318.9381073165869,317.23021747455317,0.0,1.0900793787568268,0.032926120193682164
87180,319.14223312504765,317.43326927197745,0.0,1.09080701307599,0.03294719615217745
87240,319.3464886237931,317.6364500773157,0.0,1.086955390163621,0.03296828550117453
87300,319.55087389522095,317.8397599725321,0.0,1.0884954217957343,0.032989388249180955
87360,319.7553890217811,318.04319903964273,0.0,1.0891165679748152,0.033010504404709685
87420,319.9600340859763,318.2467673607161,0.0,1.091105154815726,0.03303163397627909
87480,320.16480917036125,318.4504650178726,0.0,1.0899608812960058,0.033052776972412934
87540,320.3697143575432,318.65429209328505,0.0,1.0899706322249407,0.03307393340164042
87600,320.5747497301821,318.85824866917835,0.0,1.0881135110874354,0.03309510327249616
87660,320.77991537099024,319.0623348278295,0.0,1.0886722577374168,0.033116286593520186
87720,320.98521136273246,319.26655065156797,0.0,1.0899888082119897,0.033137483373257955
87780,321.19063778822624,319.4708962227754,0.0,1.090316390478705,0.03315869362026036
87840,321.3961947303417,319.67537162388606,0.0,1.0887457208560454,0.03317991734308374
87900,321.60188227200143,319.8799769373862,0.0,1.0891253641052008,0.03320115455028983
87960,321.80770049618104,320.0847122458146,0.0,1.0881130780259434,0.03322240525044584
88020,322.0136494859085,320.2895776317627,0.0,1.0893088308115981,0.03324366945212441
88080,322.21972932426473,320.49457317787414,0.0,1.091122107999391,0.03326494716390363
88140,322.42594009438346,320.6996989668453,0.0,1.0896962502199028,0.03328623839436703
88200,322.63228187945117,320.9049550814248,0.0,1.0892411551889303,0.033307543152103616
88260,322.8387547627071,321.1103416044142,0.0,1.088057509049662,0.033328861445707826
88320,323.0453588274436,321.31585861866733,0.0,1.0889598845726016,0.03335019328377957
88380,323.2520941570057,321.52150620709085,0.0,1.0901680668137521,0.03337153867492423
88440,323.4589608347915,321.72728445264414,0.0,1.0902888856571367,0.03339289762775264
88500,323.66595894425217,321.9331934383391,0.0,1.0884127396339858,0.03341427015088111
88560,323.8730885688918,322.1392332472405,0.0,1.087523115449445,0.03343565625293142
88620,324.08034979226744,322.34540396246587,0.0,1.088638977536609,0.033457055942530844
88680,324.2877426979894,322.55170566718556,0.0,1.0910664334385223,0.03347846922831212
88740,324.49526736972115,322.7581384446227,0.0,1.0897342112533819,0.0334998961189135
88800,324.70292389117907,322.96470237805335,0.0,1.090000306490814,0.033521336622978674
88860,324.91071234613287,323.1713975508065,0.0,1.0869605469732542,0.033542790749156864
88920,325.1186328184056,323.378224046264,0.0,1.0885249406349138,0.03356425850610277
88980,325.32668539187335,323.5851819478607,0.0,1.089939925097781,0.0335857399024766
89040,325.5348701504656,323.79227133908455,0.0,1.0898053147599749,0.03360723494694405
89100,325.7431871781653,323.9994923034764,0.0,1.090662409229844,0.03362874364817634
89160,325.9516365590083,324.20684492463033,0.0,1.0885333914554371,0.033650266014850196
89220,326.16021837708445,324.41432928619344,0.0,1.088181985800556,0.03367180205564784
89280,326.3689327165367,324.6219454718659,0.0,1.0891356476816432,0.03369335177925703
89340,326.57777966156124,324.82969356540127,0.0,1.0898632663897174,0.03371491519437103
89400,326.7867592964082,325.0375736506061,0.0,1.0896020025112567,0.033736492309688636
89460,326.9958717053811,325.24558581134033,0.0,1.089529600761033,0.033758083133914166
89520,327.20511697283683,325.4537301315172,0.0,1.0871611240694063,0.033779687675757473
89580,327.4144951831861,325.6620066951031,0.0,1.0885790820096446,0.03380130594393394
89640,327.62400642089307,325.87041558611793,0.0,1.0903421545218064,0.03382293794716448
89700,327.8336507704757,326.0789568886348,0.0,1.0898474166766383,0.03384458369417556
89760,328.0434283165056,326.28763068678046,0.0,1.0895684518674054,0.033866243193699186
89820,328.25333914360806,326.496437064735,0.0,1.0878289834684387,0.0338879164544729
89880,328.46338333646224,326.7053761067319,0.0,1.08833534781149,0.033909603485239824
89940,328.6735609798011,326.9144478970583,0.0,1.089076717293514,0.03393130429474862
90000,328.8838721584113,327.1236525200548,0.0,1.0910910385339827,0.033953018891753485
90060,329.09431695713346,327.3329900601157,0.0,1.089401225025209,0.03397474728501421
90120,329.30489546086216,327.5424606016888,0.0,1.0891384279885852,0.03399648948329615
90180,329.51560775454567,327.7520642292755,0.0,1.0878859917978445,0.03401824549537021
90240,329.7264539231867,327.96180102743114,0.0,1.0887601341098765,0.03404001533001287
90300,329.93743405184136,328.17167108076455,0.0,1.0899185737398855,0.034061798996006205
90360,330.1485482256204,328.38167447393835,0.0,1.0900419109368966,0.03408359650213786
90420,330.3597965296882,328.59181129166905,0.0,1.087809667387258,0.03410540785720105
90480,330.5711790492635,328.8020816187269,0.0,1.088447482779623,0.0341272330699946
90540,330.78269586961903,329.012485539936,0.0,1.088576696946157,0.03414907214932291
90600,330.9943470760818,329.22302314017446,0.0,1.0893586372336679,0.03417092510399596
90660,331.206132754033,329.43369450437416,0.0,1.090829979281916,0.03419279194282937
90720,331.418052988908,329.64449971752106,0.0,1.089060354298132,0.03421467267464432
90780,331.63010786619657,329.85543886465496,0.0,1.0883618161431539,0.03423656730826762
90840,331.84229747144275,330.06651203086994,0.0,1.0881141122376237,0.034258475852531674
90900,332.0546218902449,330.2777193013139,0.0,1.0891146926799855,0.03428039831627449
90960,332.26708120825583,330.48906076118897,0.0,1.0910149458668645,0.03430233470833972
91020,332.4796755111826,330.7005364957514,0.0,1.0890149915032257,0.0343242850375766
91080,332.6924048847869,330.9121465903116,0.0,1.0890671170632567,0.03434624931284001
91140,332.90526941488497,331.1238911302341,0.0,1.0872744187500247,0.034368227542990466
91200,333.11826918734727,331.33577020093776,0.0,1.0889012621418874,0.03439021973689408
91260,333.3314042880991,331.5477838878958,0.0,1.0896723964052764,0.034412225903422626
91320,333.5446748031203,331.7599322766355,0.0,1.0891766832540184,0.03443424605145351
91380,333.75808081844525,331.9722154527386,0.0,1.0893514358145613,0.03445628018986977
91440,333.971622420163,332.18463350184135,0.0,1.0868794862795348,0.034478328327560086
91500,334.1852996944174,332.39718650963414,0.0,1.0884057722290337,0.03450039047341879
91560,334.3991127274069,332.6098745618621,0.0,1.0902566076533913,0.03452246663634586
91620,334.61306160538476,332.8226977443246,0.0,1.0895470026917433,0.034544556825246944
91680,334.8271464146591,333.03565614287567,0.0,1.0898212114016934,0.03456666104903334
91740,335.0413672415929,333.24874984342364,0.0,1.0878087351805326,0.034588779316622
91800,335.25572417260383,333.46197893193175,0.0,1.0880131158521176,0.03461091163693555
91860,335.4702172941646,333.67534349441775,0.0,1.0893224998035977,0.03463305801890228
91920,335.6848466928029,333.8888436169539,0.0,1.0898135706908882,0.034655218471456146
91980,335.8996124551013,334.1024793856673,0.0,1.0888045388968515,0.034677393003536804
92040,336.1145146676974,334.3162508867398,0.0,1.0888090364884386,0.03469958162408956
92100,336.3295534172839,334.53015820640775,0.0,1.0872753128146415,0.03472178434206543
92160,336.5447287906085,334.74420143096256,0.0,1.0892030207754537,0.03474400116642109
92220,336.76004087447404,334.95838064675036,0.0,1.0894080893239726,0.034766232106118934
92280,336.9754897557386,335.1726959401721,0.0,1.0905189252131204,0.034788477170127036
92340,337.1910755213152,335.38714739768375,0.0,1.0871219430352959,0.034810736367419166
92400,337.40679825817244,335.60173510579614,0.0,1.0883069192336698,0.0348330097069748
92460,337.62265805333385,335.816459151075,0.0,1.0884724150816438,0.03485529719777912
92520,337.8386549938785,336.0313196201411,0.0,1.0890823822925069,0.03487759884882301
92580,338.05478916694057,336.2463165996703,0.0,1.0907208474267778,0.03489991466910307
92640,338.27106065970975,336.46145017639344,0.0,1.0887893915241684,0.03492224466762162
92700,338.48746955943096,336.6767204370966,0.0,1.0881930989796142,0.0349445888533867
92760,338.70401595340485,336.89212746862086,0.0,1.0879566089595059,0.03496694723541207
92820,338.9206999289872,337.1076713578625,0.0,1.0888932213142102,0.034989319822717205
92880,339.1375215735895,337.3233521917731,0.0,1.0896169837041256,0.035011706624327336
92940,339.3544809746787,337.53917005735934,0.0,1.0895991128679658,0.0350341076492734
93000,339.5715782197774,337.75512504168324,0.0,1.0869365672339457,0.03505652290659209
93060,339.78881339646364,337.9712172318623,0.0,1.0879442595174647,0.03507895240532584
93120,340.0061865923713,338.18744671506903,0.0,1.08902419543739,0.03510139615452283
93180,340.22369789518984,338.40381357853164,0.0,1.0893135426627227,0.035123854163236976
93240,340.44134739266434,338.62031790953364,0.0,1.0902950050310818,0.035146326440527946
93300,340.6591351725959,338.8369597954139,0.0,1.0883249529274954,0.035168812995461186
93360,340.87706132284103,339.053739323567,0.0,1.087691629353823,0.03519131383710789
93420,341.09512593131234,339.2706565814429,0.0,1.088899672934764,0.035213828974545
93480,341.3133290859783,339.48771165654694,0.0,1.0891384352801308,0.03523635841685525
93540,341.53167087486304,339.7049046364405,0.0,1.0900994291869481,0.03525890217312713
93600,341.7501513860469,339.9222356087402,0.0,1.0873669151825358,0.035281460252454905
93660,341.96877070766607,340.13970466111857,0.0,1.0876981185456613,0.03530403266393862
93720,342.1875289279125,340.35731188130364,0.0,1.087788256737181,0.0353266194166841
93780,342.4064261350345,340.57505735707934,0.0,1.0891148435027391,0.035349220519802965
93840,342.62546241733634,340.79294117628535,0.0,1.0895239491276525,0.03537183598241261
93900,342.84463786317843,341.0109634268171,0.0,1.0883923354944343,0.035394465813636235
93960,343.06395256097727,341.22912419662583,0.0,1.0886424205848926,0.035417110022602824
94020,343.2834065992054,341.44742357371877,0.0,1.087069450546406,0.035439768618447165
94080,343.50300006639185,341.665861646159,0.0,1.0884252211221417,0.03546244161030986
94140,343.7227330511217,341.8844385020655,0.0,1.0903204447007389,0.03548512900733731
94200,343.94260564203637,342.1031542296135,0.0,1.089122298722383,0.03550783081868172
94260,344.1626179278336,342.3220089170338,0.0,1.0888754051674798,0.035530547053501116
94320,344.3827699972674,342.5410026526137,0.0,1.0872942691265932,0.03555327772095936
94380,344.6030619391484,342.76013552469624,0.0,1.0880424907221269,0.03557602283022611
94440,344.82349384234334,342.9794076216808,0.0,1.0893615646469281,0.035598782390476855
94500,345.04406579577574,343.19881903202304,0.0,1.0896029949957313,0.03562155641089293
94560,345.2647778884254,343.4183698442345,0.0,1.088155683369947,0.035644344900661484
94620,345.48563020932863,343.63806014688305,0.0,1.0868054034056265,0.03566714786897552
94680,345.7066228475785,343.857890028593,0.0,1.0878218807504239,0.035689965325033865
94740,345.92775589232457,344.07785957804475,0.0,1.0900885882324902,0.03571279727804119
94800,346.1490294327729,344.2979688839753,0.0,1.089148134746075,0.03573564373720804
94860,346.37044355818654,344.51821803517765,0.0,1.089419625207215,0.03575850471175079
94920,346.5919983578851,344.7386071205017,0.0,1.0863869447816596,0.03578138021089166
94980,346.81369392124486,344.95913622885337,0.0,1.0878195967975417,0.03580427024385876
95040,347.0355303376989,345.1798054491953,0.0,1.0888780817210337,0.03582717481988604
95100,347.25750769673726,345.4006148705466,0.0,1.089027203325172,0.03585009394821333
95160,347.47962608790675,345.6215645819829,0.0,1.0901581026632792,0.03587302763808631
95220,347.701885600811,345.84265467263646,0.0,1.0880521227178774,0.035895975898756566
95280,347.92428632511076,346.06388523169613,0.0,1.0875229295854323,0.035918938739481536
95340,348.1468283505235,346.28525634840753,0.0,1.0881628997556914,0.03594191616952455
95400,348.3695117668238,346.5067681120728,0.0,1.0889885497938014,0.03596490819815482
95460,348.59233666384347,346.72842061205097,0.0,1.0890854949343152,0.03598791483464746
95520,348.81530313147107,346.9502139377579,0.0,1.089003302224616,0.03601093608828344
95580,349.0384112596525,347.172148178666,0.0,1.0863881137447404,0.036033971968349676
95640,349.26166113839065,347.39422342430476,0.0,1.0877382304529886,0.03605702248413895
95700,349.4850528577457,347.6164397642605,0.0,1.0893627997447035,0.03608008764494996
95760,349.70858650783515,347.83879728817635,0.0,1.089342086010592,0.0361031674600873
95820,349.9322621788334,348.0612960857526,0.0,1.0889876046391689,0.03612626193886151
95880,350.15607996097253,348.2839362467463,0.0,1.0873814442670124,0.03614937109058901
95940,350.3800399445417,348.5067178609717,0.0,1.0871802288269161,0.03617249492459214
96000,350.60414221988754,348.72964101830013,0.0,1.088201067506223,0.03619563345019918
96060,350.82838687741406,348.9527058086598,0.0,1.0902935223948722,0.036218786676744344
96120,351.05277400758274,349.17591232203625,0.0,1.0888031704216687,0.03624195461356775
96180,351.2773037009125,349.39926064847214,0.0,1.088737284559628,0.03626513727001547
96240,351.5019760479798,349.6227508780673,0.0,1.0870967355443217,0.03628833465543951
96300,351.72679113941854,349.84638310097887,0.0,1.087851253942343,0.03631154677919779
96360,351.95174906592024,350.0701574074212,0.0,1.0891279446788418,0.03633477365065422
96420,352.17684991823427,350.294073887666,0.0,1.0893388833023472,0.03635801527917864
96480,352.4020937871673,350.5181326320424,0.0,1.0874146796991693,0.036381271674146835
96540,352.62748076358395,350.74233373093676,0.0,1.087894735760533,0.03640454284494057
96600,352.8530109384065,350.9666772747931,0.0,1.0874920599975084,0.036427828800947526
96660,353.0786844026149,351.1911633541126,0.0,1.0884871941499228,0.0364511295515614
96720,353.30450124724706,351.4157920594541,0.0,1.090133663037345,0.036474445106181835
96780,353.53046156339866,351.64056348143407,0.0,1.0885238576369,0.03649777547421444
96840,353.7565654422233,351.86547771072645,0.0,1.0879005801977935,0.0365211206650708
96900,353.98281297493224,352.0905348380628,0.0,1.0871961557037257,0.0365444806881685
96960,354.2092042527952,352.3157349542323,0.0,1.0881805555684636,0.036567855552931086
97020,354.4357393671393,352.54107815008183,0.0,1.0903664289832837,0.03659124526878809
97080,354.66241840935015,352.766564516516,0.0,1.0884864706444375,0.03661464984517505
97140,354.88924147087124,352.99219414449715,0.0,1.0885869674270752,0.0366380692915335
97200,355.11620864320406,353.21796712504545,0.0,1.0861717753521023,0.03666150361731096
97260,355.34332001790835,353.44388354923893,0.0,1.0879470178574493,0.03668495283196095
97320,355.57057568660207,353.66994350821335,0.0,1.0887910161967023,0.03670841694494301
97380,355.79797574096136,353.89614709316254,0.0,1.0886694915836788,0.0367318959657227
97440,356.0255202727205,354.12249439533815,0.0,1.0887837800207993,0.03675538990377154
97500,356.25320937367206,354.34898550604987,0.0,1.0860540219228596,0.036778898768567145
97560,356.48104313566716,354.5756205166653,0.0,1.087567810762035,0.03680242256959308
97620,356.70902165061494,354.8023995186103,0.0,1.089273842167153,0.036825961316338994
97680,356.93714501048333,355.0293226033686,0.0,1.0888285632381318,0.03684951501830051
97740,357.16541330729825,355.25638986248214,0.0,1.089357381017693,0.03687308368497935
97800,357.39382663314433,355.48360138755106,0.0,1.087273979365711,0.03689666732588321
97860,357.6223850801648,355.7109572702336,0.0,1.0871898839579035,0.03692026595052585
97920,357.85108874056124,355.9384576022464,0.0,1.0883808167872207,0.03694387956842709
97980,358.07993770659397,356.16610247536414,0.0,1.0889908261285752,0.03696750818911278
98040,358.3089320705817,356.39389198142,0.0,1.088340327030903,0.03699115182211482
98100,358.538071924902,356.6218262123054,0.0,1.0882794400975098,0.03701481047697117
98160,358.76735736199106,356.8499052599703,0.0,1.086320236979962,0.03703848416322588
98220,358.9967884743438,357.0781292164228,0.0,1.0881755492929506,0.037062172890429006
98280,359.226365354514,357.3064981737297,0.0,1.088551032789461,0.03708587666813672
98340,359.45608809511396,357.5350122240162,0.0,1.0900324014221936,0.037109595505911246
98400,359.6859567888152,357.763671459466,0.0,1.0867153485086252,0.037133329413320884
98460,359.9159715283479,357.9924759723216,0.0,1.0877308788477242,0.03715707839994001
98520,360.1461324065011,358.2214258548837,0.0,1.087352175846153,0.03718084247534909
98580,360.37643951612296,358.45052119951197,0.0,1.088215601506335,0.03720462164913467
98640,360.60689295012054,358.6797620986246,0.0,1.0900072496855568,0.03722841593088941
98700,360.8374928014599,358.9091486446986,0.0,1.0882257322578612,0.037252225330212024
98760,361.0682391631663,359.13868093026963,0.0,1.0877061167024067,0.037276049856707356
98820,361.29913212832395,359.36835904793224,0.0,1.087022724463565,0.03729988951998634
98880,361.5301717900763,359.5981830903398,0.0,1.0879620141029291,0.037323744329666016
98940,361.76135824162577,359.8281531502044,0.0,1.0889162221459512,0.03734761429536954
99000,361.9926915762344,360.05826932029714,0.0,1.0889493329497526,0.03737149942672619
99060,362.2241718872231,360.28853169344814,0.0,1.0864651164136911,0.03739539973337134
99120,362.45579926797234,360.51894036254646,0.0,1.0872528105791892,0.03741931522494649
99180,362.6875738119217,360.7494954205401,0.0,1.0879438799126901,0.03744324591109928
99240,362.91949561257024,360.9801969604361,0.0,1.0884766184220835,0.037467191801483474
99300,363.15156476347636,361.2110450753008,0.0,1.0896828255725761,0.03749115290575897
99360,363.38378135825803,361.44203985825936,0.0,1.0877981781534023,0.03751512923359178
99420,363.6161454905926,361.6731814024963,0.0,1.0870817032909692,0.0375391207946541
99480,363.84865725421696,361.9044698012554,0.0,1.0877167318004364,0.03756312759862425
99540,364.0813167429276,362.1359051478395,0.0,1.0882650025937248,0.03758714965518668
99600,364.31412405058046,362.36748753561085,0.0,1.0893417338187392,0.03761118697403203
99660,364.54707927109115,362.5992170579909,0.0,1.0870699067702072,0.03763523956485707
99720,364.7801824984352,362.83109380846065,0.0,1.0871352399970056,0.03765930743736474
99780,365.0134338266475,363.06311788056036,0.0,1.086942341038386,0.03768339060126414
99840,365.24683334982296,363.29528936788967,0.0,1.0881768945244132,0.03770748906627055
99900,365.4803811621161,363.5276083641078,0.0,1.0886891996408132,0.03773160284210541
99960,365.7140773577412,363.7600749629333,0.0,1.0879238845582628,0.03775573193849634
100020,365.9479220309726,363.9926892581446,0.0,1.0880797629463959,0.03777987636517714
100080,366.18191527614454,364.2254513435793,0.0,1.0860707457934358,0.0378040361318878
100140,366.41605718765095,364.458361313135,0.0,1.0875244805093676,0.0378282112483745
100200,366.6503478599459,364.6914192607688,0.0,1.0894241531068838,0.0378524017243896
100260,366.88478738754344,364.9246252804973,0.0,1.0884577721249673,0.037876607569691655
100320,367.11937586501784,365.1579794663971,0.0,1.0884167447386424,0.037900828794045445
100380,367.35411338700317,365.39148191260443,0.0,1.08658467736015,0.037925065407221924
100440,367.5890000481937,365.6251327133155,0.0,1.0871236776931759,0.03794931741899826
100500,367.82403594334403,365.85893196278613,0.0,1.088478059113025,0.03797358483915786
100560,368.0592211672688,366.09287975533215,0.0,1.0888347779786685,0.03799786767749031
100620,368.29455581484297,366.3269761853294,0.0,1.0878246445894706,0.038022165943791444
100680,368.5300399810017,366.56122134721346,0.0,1.0861825524906745,0.03804647964786329
100740,368.7656737607406,366.79561533548014,0.0,1.08701037373015,0.03807080879951414
100800,369.0014572491154,367.0301582446851,0.0,1.0890200609081646,0.03809515340855849
100860,369.23739054124246,367.2648501694442,0.0,1.088462229248193,0.038119513484817076
100920,369.47347373229854,367.49969120443325,0.0,1.088748693816038,0.03814388903811689
100980,369.70970691752075,367.73468144438857,0.0,1.085889835994936,0.03816828007829115
101040,369.9460901922068,367.9698209841063,0.0,1.087128100931671,0.03819268661517933
101100,370.18262365171483,368.2051099184429,0.0,1.0877791048352867,0.03821710865862714
101160,370.4193073914638,368.4405483423152,0.0,1.0881859521808714,0.03824154621848657
101220,370.6561415069332,368.67613635070023,0.0,1.0895350802978983,0.038265999304615855
101280,370.8931260936629,368.91187403863546,0.0,1.087498483262142,0.0382904679268795
101340,371.13026124725377,369.1477615012186,0.0,1.0868873915746833,0.038314952095148264
101400,371.36754706336745,369.383798833608,0.0,1.0871669091313931,0.03833945181929919
101460,371.6049836377262,369.61998613102224,0.0,1.0880647318844578,0.0383639671092156
101520,371.84257106611324,369.8563234887405,0.0,1.088466214355482,0.03838849797478708
101580,372.08030944437235,370.0928110021025,0.0,1.0883904509895668,0.0384130444259095
101640,372.3181988684086,370.3294487665085,0.0,1.0856877698339087,0.03843760647248505
101700,372.5562394341878,370.56623687741944,0.0,1.086897940799741,0.038462184124422164
101760,372.7944312377366,370.8031754303568,0.0,1.0883198546858268,0.0384867773916356
101820,373.032774375143,371.0402645209029,0.0,1.088337682784379,0.038511386284046406
101880,373.2712689425557,371.2775042447006,0.0,1.0890050123370334,0.03853601081158194
101940,373.5099150361847,371.5148946974537,0.0,1.0852304697307276,0.03856065098417587
102000,373.74871275230106,371.7524359749267,0.0,1.0867200108354378,0.038585306811768146
102060,373.987662187237,371.990128172945,0.0,1.087385574778606,0.038609978304305084
102120,374.2267634373859,372.2279713873948,0.0,1.0893221009130865,0.03863466547173927
102180,374.46601659920253,372.4659657142233,0.0,1.0881992909096916,0.038659368324029636
102240,374.70542176920276,372.70411124943865,0.0,1.0881532803028922,0.03868408687114145
102300,374.9449790439639,372.94240808911,0.0,1.0863374887070605,0.03870882112304629
102360,375.18468852012455,373.18085632936754,0.0,1.0869152512476392,0.03873357108972209
102420,375.4245502943848,373.41945606640246,0.0,1.0882336451925212,0.03875833678115312
102480,375.66456446350617,373.6582073964671,0.0,1.0885541366435152,0.03878311820732997
102540,375.9047311243116,373.89711041587503,0.0,1.0869761609603845,0.03880791537824961
102600,376.1450503736854,374.13616522100097,0.0,1.0873249662323612,0.038832728303915334
102660,376.3855223085738,374.37537190828084,0.0,1.0863645962295423,0.038857556994336816
102720,376.62614702598427,374.6147305742118,0.0,1.0875486189317474,0.038882401459530064
102780,376.8669246229861,374.85424131535245,0.0,1.089333250289758,0.03890726170951747
102840,377.10785519671026,375.0939042283226,0.0,1.0879161931028378,0.03893213775432779
102900,377.3489388443493,375.3337194098035,0.0,1.0874333815959767,0.03895702960399614
102960,377.5901756631577,375.57368695653787,0.0,1.0862822063867803,0.03898193726856403
103020,377.8315657504516,375.81380696532983,0.0,1.0871920624237843,0.03900686075807933
103080,378.07310920360896,376.054079533045,0.0,1.0895966224426923,0.039031800082596324
103140,378.3148061200697,376.29450475661065,0.0,1.087877503623147,0.03905675525217564
103200,378.5566565973356,376.5350827330155,0.0,1.0880598433069237,0.03908172627688433
103260,378.79866073297035,376.77581355930994,0.0,1.0850773417832609,0.03910671316679584
103320,379.04081862459964,377.016697332606,0.0,1.0869373758781138,0.039131715931990003
103380,379.2831303699113,377.2577341500775,0.0,1.0878339534141501,0.039156734582553074
103440,379.52559606665505,377.4989241089599,0.0,1.0880701335426068,0.039181769128577695
103500,379.7682158126429,377.7402673065505,0.0,1.0881501770288222,0.03920681958016293
103560,380.01098970574884,377.9817638402084,0.0,1.0852855368150847,0.03923188594741426
103620,380.2539178439091,378.22341380735435,0.0,1.08672073472506,0.039256968240443585
103680,380.49700032512214,378.46521730547147,0.0,1.0881964886964965,0.03928206646936924
103740,380.7402372474487,378.70717443210435,0.0,1.0880255800708734,0.03930718064431598
103800,380.98362870901184,378.94928528485985,0.0,1.088820708761203,0.03933231077541499
103860,381.2271748079969,379.1915499614067,0.0,1.0867125430267643,0.03935745687280389
103920,381.4708756426516,379.4339685594757,0.0,1.0863744693708026,0.03938261894662674
103980,381.7147313112862,379.6765411768598,0.0,1.0873623006500965,0.03940779700703407
104040,381.9587419122732,379.91926791141395,0.0,1.0880856312282376,0.039432991064182826
104100,382.2029075440478,380.1621488610555,0.0,1.0877968329738952,0.03945820112823642
104160,382.44722830510767,380.4051841237638,0.0,1.0876987874749187,0.03948342720936472
104220,382.6917042940131,380.6483737975804,0.0,1.0853840161701367,0.03950866931774406
104280,382.9363356093869,380.8917179806094,0.0,1.0867856439198638,0.039533927463557245
104340,383.1811223499147,381.1352167710172,0.0,1.0885437634356563,0.03955920165699352
104400,383.4260646143446,381.3788702670323,0.0,1.088042019965501,0.03958449190824864
104460,383.67116250148763,381.62267856694586,0.0,1.0877465275740008,0.03960979822752483
104520,383.91641611021765,381.8666417691113,0.0,1.0860065087865773,0.039635120625030766
104580,384.161825539471,382.1107599719447,0.0,1.0865432636792138,0.03966045911098164
104640,384.40739088824733,382.3550332739247,0.0,1.0872817874717073,0.03968581369559915
104700,384.6531122556088,382.5994617735922,0.0,1.0892596440096938,0.03971118438911144
104760,384.89898974068075,382.84404556955116,0.0,1.0875843996983656,0.039736571201753196
104820,385.14502344265145,383.0887847604677,0.0,1.087287795498182,0.03976197414376558
104880,385.39121346077206,383.333679445071,0.0,1.0860751605784467,0.039787393225396275
104940,385.63755989435697,383.57872972215284,0.0,1.0869569937117376,0.03981282845689946
105000,385.88406284278364,383.82393569056774,0.0,1.088107396826224,0.03983827984853585
105060,386.1307224054926,384.06929744923303,0.0,1.0882217474704365,0.03986374741057265
105120,386.3775386819875,384.3148150971289,0.0,1.0859985908301868,0.039889231153283626
105180,386.62451177183544,384.5604887332985,0.0,1.0866061417430823,0.03991473108694904
105240,386.8716417746665,384.8063184568478,0.0,1.086766256327801,0.039940247221855706
105300,387.1189287901743,385.05230436694575,0.0,1.0875456984772311,0.03996577956829695
105360,387.3663729181157,385.2984465628243,0.0,1.0889873248831121,0.039991328136572656
105420,387.61397425831086,385.54474514377864,0.0,1.0872299477815557,0.040016892936989255
105480,387.86173291064347,385.79120020916673,0.0,1.0865176003365218,0.04004247397985971
105540,388.10964897506057,386.03781185840984,0.0,1.0864317230632214,0.040068071275503554
105600,388.3577225515729,386.2845801909925,0.0,1.0872983231210283,0.04009368483424687
105660,388.6059537402547,386.5315053064622,0.0,1.0884856647500434,0.04011931466642228
105720,388.85434264124336,386.7785873044298,0.0,1.0867539657541485,0.04014496078236902
105780,389.1028893547405,387.0258262845695,0.0,1.0865581771094692,0.040170623192432836
105840,389.3515939810112,387.27322234661875,0.0,1.0860987431830034,0.040196301906966096
105900,389.600456620384,387.5207755903784,0.0,1.0871409455831147,0.04022199693632771
105960,389.8494773732515,387.7684861157127,0.0,1.0877622679257704,0.04024770829088321
106020,390.09865634006997,388.0163540225494,0.0,1.0873888984750528,0.04027343598100466
106080,390.34799362135936,388.2643794108796,0.0,1.087480582635309,0.040299180017070765
106140,390.5974893177037,388.51256238075814,0.0,1.0850652051113883,0.04032494040946679
106200,390.84714352975084,388.76090303230325,0.0,1.0865762422735925,0.04035071716858462
106260,391.09695635821254,389.0094014656967,0.0,1.0884168752049097,0.04037651030482272
106320,391.3469279038646,389.2580577811843,0.0,1.0877104136276283,0.04040231982858617
106380,391.59705826754674,389.50687207907504,0.0,1.0879277393413276,0.040428145750286686
106440,391.847347550163,389.755844459742,0.0,1.085943611829985,0.04045398808034256
106500,392.0977958526813,390.0049750236219,0.0,1.086173991254131,0.040479846829178726
106560,392.3484032761338,390.2542638712153,0.0,1.0874913231036998,0.04050572200722674
106620,392.59916992161675,390.5037111030867,0.0,1.0879757283347586,0.04053161362492477
106680,392.8500958902907,390.75331681986427,0.0,1.0874672393513252,0.040557521692717646
106740,393.1011812833806,391.00308112224025,0.0,1.0856150859544136,0.04058344622105681
106800,393.3524262021755,391.25300411097083,0.0,1.0862059897769005,0.04060938722040034
106860,393.6038307480289,391.5030858868763,0.0,1.087835040819581,0.04063534470121297
106920,393.85539502235866,391.75332655084094,0.0,1.0876722864831596,0.0406613186739661
106980,394.10711912664715,392.0037262038131,0.0,1.0880001142572233,0.04068730914913774
107040,394.3590031624411,392.25428494680517,0.0,1.0853951316776607,0.0407133161372126
107100,394.611047231352,392.505002880894,0.0,1.0864544633421649,0.04073933964868203
107160,394.8632514350556,392.75588010722043,0.0,1.0865946710271497,0.040765379694044035
107220,395.1156158752923,393.0069167269897,0.0,1.0872606175992419,0.04079143628380332
107280,395.3681406538674,393.2581128414712,0.0,1.0888254335970624,0.04081750942847123
107340,395.6208258726505,393.5094685519987,0.0,1.0868959138322558,0.04084359913856583
107400,395.8736716335763,393.7609839599705,0.0,1.0862837830457082,0.04086970542461182
107460,396.12667803864395,394.01265916684906,0.0,1.0861198283874096,0.04089582829714061
107520,396.37984518991766,394.26449427416156,0.0,1.0870621491378578,0.040921967766690326
107580,396.6331731895262,394.51648938349956,0.0,1.087751645598966,0.040948123843805743
107640,396.8866621396635,394.76864459651915,0.0,1.0877113688142384,0.04097429653903836
107700,397.1403121425882,395.0209600149411,0.0,1.08506789457917,0.04100048586294639
107760,397.39412330062413,395.2734357405508,0.0,1.0860581058626464,0.041026691826094724
107820,397.64809571616,395.5260718751981,0.0,1.087182468032721,0.041052914439055004
107880,397.9022294916496,395.77886852079786,0.0,1.0874590986329078,0.04107915371240554
107940,398.1565247296119,396.0318257793295,0.0,1.0883806743472468,0.0411054096567314
108000,398.41098153263056,396.2849437528372,0.0,1.084733373736109,0.041131682282624385
108060,398.6656000033551,396.53822254343015,0.0,1.0859767948302144,0.041157971600682984
108120,398.9203802444998,396.79166225328225,0.0,1.0862974322953878,0.04118427762151245
108180,399.1753223588444,397.0452629846325,0.0,1.088477326094515,0.041210600355724776
108240,399.4304264492338,397.2990248397846,0.0,1.0874271955938877,0.04123693981393868
108300,399.68569261857823,397.5529479211075,0.0,1.0876552805959294,0.04126329600677964
108360,399.94112096985344,397.807032331035,0.0,1.0856566101839868,0.04128966894487987
108420,400.19671160610056,398.06127817206607,0.0,1.0859711350492232,0.04131605863887836
108480,400.4524646304262,398.3156855467649,0.0,1.0872554961064766,0.04134246509942084
108540,400.70838014600236,398.57025455776056,0.0,1.0876825870429474,0.04136888833715983
108600,400.96445825606673,398.8249853077477,0.0,1.0864679712370657,0.04139532836275458
108660,401.2206990639226,399.0798778994858,0.0,1.086699913081097,0.04142178518687113
108720,401.4771026729387,399.3349324358,0.0,1.0852371367565687,0.04144825882018232
108780,401.73366918654966,399.59014901958056,0.0,1.0865642568394904,0.041474749273367736
108840,401.99039870825567,399.84552775378313,0.0,1.0884245428728243,0.041501256557113765
108900,402.2472913416228,400.1010687414289,0.0,1.0872203171093324,0.041527780682113574
108960,402.5043471902829,400.35677208560435,0.0,1.0869119088072303,0.041554321659067146
109020,402.7615663579335,400.61263788946155,0.0,1.0853970906665062,0.04158087949868125
109080,403.01894894833816,400.8686662562181,0.0,1.0861732842964222,0.04160745421166944
109140,403.2764950653264,401.12485728915715,0.0,1.0886932903976307,0.041634045808752095
109200,403.53420481279363,401.3812110916274,0.0,1.0871749392872054,0.041660654300656415
109260,403.7920782947013,401.6377277670434,0.0,1.0874509760669764,0.041687279698116385
109320,404.05011561507683,401.89440741888524,0.0,1.0840388925404745,0.04171392201187285
109380,404.3083168780139,402.15125015069884,0.0,1.0859000035389188,0.04174058125267344
109440,404.5666821876722,402.4082560660959,0.0,1.0868204384499467,0.04176725743127263
109500,404.8252116482776,402.6654252687538,0.0,1.0873660690096647,0.04179395055843173
109560,405.08390536412224,402.92275786241606,0.0,1.0874330663562795,0.041820660644918885
109620,405.3427634395645,403.180253950892,0.0,1.0845950911358309,0.04184738770150909
109680,405.60178597902905,403.4379136380568,0.0,1.0858750906934085,0.04187413173898416
109740,405.8609730870069,403.6957370278517,0.0,1.08704637140056,0.04190089276813279
109800,406.1203248680555,403.9537242242839,0.0,1.0871424774800138,0.041927670799750516
109860,406.37984142679863,404.21187533142694,0.0,1.088181277522889,0.04195446584463973
109920,406.63952286792664,404.47019045342023,0.0,1.0860969141899461,0.04198127791360969
109980,406.8993692961964,404.7286696944694,0.0,1.0855750907801,0.04200810701747653
110040,407.1593808164313,404.98731315884623,0.0,1.0862889033943692,0.042034953167063245
110100,407.4195575335213,405.246120950889,0.0,1.087109098320268,0.04206181637319971
110160,407.67989955242297,405.505093175002,0.0,1.0871558408672706,0.04208869664672267
110220,407.9404069781597,405.764229935656,0.0,1.087043152878595,0.04211559399847578
110280,408.2010799158215,406.023531337388,0.0,1.0844921187496364,0.04214250843930957
110340,408.46191847056514,406.2829974848017,0.0,1.0858255218009971,0.042169439980081456
110400,408.72292274761423,406.54262848256695,0.0,1.0874655167201424,0.04219638863165577
110460,408.9840928522593,406.8024244354203,0.0,1.087409710182815,0.04222335440490373
110520,409.2454288898578,407.06238544816466,0.0,1.087042799266432,0.04225033731070346
110580,409.5069309658338,407.32251162566973,0.0,1.0854140014762284,0.04227733735994002
110640,409.7685991856788,407.5828030728718,0.0,1.0852972558587315,0.042304354563505356
110700,410.03043365495097,407.8432598947737,0.0,1.0862948587251091,0.042331388932298354
110760,410.29243447927576,408.10388219644506,0.0,1.088348122943013,0.04235844047722481
110820,410.5546017643456,408.36467008302225,0.0,1.0868652885808086,0.042385509209197474
110880,410.81693561592016,408.62562365970854,0.0,1.086741524468029,0.04241259513913599
110940,411.07943613982627,408.8867430317738,0.0,1.0851621312100361,0.042439698277966974
111000,411.342103441958,409.14802830455506,0.0,1.0859362236147998,0.04246681863662397
111060,411.6049376282766,409.40947958345606,0.0,1.0872040178645626,0.04249395622604747
111120,411.8679388048109,409.67109697394767,0.0,1.0874025747296319,0.042521111057184924
111180,412.1311070776568,409.93288058156764,0.0,1.0854704500329886,0.04254828314099071
111240,412.39444255297775,410.19483051192077,0.0,1.0859183900371419,0.042575472488426205
111300,412.6579453370046,410.45694687067913,0.0,1.085581383172018,0.04260267911045973
111360,412.9216155360359,410.7192297635817,0.0,1.0865629456982062,0.04262990301806657
111420,413.18545325643737,410.9816792964349,0.0,1.0881687594118437,0.042657144222229
111480,413.4494586046426,411.24429557511206,0.0,1.0865665979806138,0.04268440273393625
111540,413.7136316871527,411.507078705554,0.0,1.0859166720125344,0.04271167856418455
111600,413.9779726105364,411.77002879376874,0.0,1.0851428313078213,0.04273897172397711
111660,414.24248148143033,412.03314594583185,0.0,1.0862851905625464,0.04276628222432413
111720,414.50715840653857,412.296430267886,0.0,1.0875424316185012,0.042793610076242806
111780,414.77200349263325,412.5598818661415,0.0,1.086344303427593,0.04282095529075734
111840,415.0370168465542,412.8235008468761,0.0,1.085908695551333,0.04284831787889892
111900,415.3021985752092,413.087287316435,0.0,1.0852693199748094,0.04287569785170577
111960,415.56754878557393,413.351241381231,0.0,1.086061019307885,0.04290309522022311
112020,415.833067584692,413.6153631477446,0.0,1.086777055495404,0.042930509995503165
112080,416.0987550796751,413.8796527225238,0.0,1.0867469123389004,0.0429579421886052
112140,416.3646113777029,414.1441102121845,0.0,1.0867913096648445,0.04298539181059552
112200,416.6306365860232,414.40873572341013,0.0,1.084113425308945,0.04301285887254743
112260,416.89683081195193,414.673529362952,0.0,1.0856133890027115,0.04304034338554128
112320,417.1631941628732,414.9384912376292,0.0,1.0873269305158495,0.04306784536066447
112380,417.42972674623934,415.2036214543287,0.0,1.0868757436627086,0.043095364809011445
112440,417.6964286695711,415.46892012000546,0.0,1.0873306767892341,0.043122901741683685
112500,417.9633000404573,415.7343873416823,0.0,1.0852766913070397,0.043150456169789735
112560,418.2303409665553,416.00002322645014,0.0,1.0852238714394578,0.04317802810444519
112620,418.4975515555907,416.2658278814677,0.0,1.0864372600393235,0.043205617556772706
112680,418.7649319153576,416.5318014139621,0.0,1.087039070347813,0.043233224537902015
112740,419.03248215371866,416.79794393122836,0.0,1.0863575875082334,0.04326084905896992
112800,419.3002023786051,417.06425554062974,0.0,1.0862681904273475,0.043288491131120294
112860,419.5680926980165,417.33073634959777,0.0,1.084378013826066,0.04331615076550408
112920,419.8361532200214,417.59738646563204,0.0,1.0862207238229629,0.043343827973279334
112980,420.1043840527566,417.86420599630077,0.0,1.0865962644751803,0.043371522765611174
113040,420.37278530442785,418.13119504924015,0.0,1.0880001213233463,0.04339923515367182
113100,420.64135708330963,418.3983537321551,0.0,1.0847479359952632,0.04342696514864059
113160,420.91009949774514,418.6656821528187,0.0,1.085713615250022,0.043454712761703915
113220,421.1790126561465,418.9331804190727,0.0,1.0854019648018545,0.04348247800405532
113280,421.4480966669946,419.2008486388272,0.0,1.0862499157600878,0.04351026088689544
113340,421.7173516388394,419.468686920061,0.0,1.0879997368420948,0.04353806142143205
113400,421.98677768029967,419.73669537082134,0.0,1.086229742656124,0.043565879618880025
113460,422.2563749000633,420.0048740992243,0.0,1.0856822492533424,0.04359371549046136
113520,422.5261434068871,420.2732232134545,0.0,1.0850441220755924,0.04362156904740518
113580,422.79608330959724,420.54174282176547,0.0,1.085989140244189,0.04364944030094778
113640,423.06619471708876,420.8104330324793,0.0,1.0869296502974248,0.04367732926233256
113700,423.33647773832604,421.0792939539871,0.0,1.086949745785806,0.04370523594281005
113760,423.60693248234264,421.34832569474855,0.0,1.0844792904138656,0.043733160353637966
113820,423.87755905824133,421.6175283632926,0.0,1.085239672445905,0.04376110250608116
113880,424.1483575751943,421.886902068217,0.0,1.085959874918024,0.04378906241141163
113940,424.41932814244313,422.1564469181884,0.0,1.0864902900924618,0.04381704008090856
114000,424.6904708692987,422.4261630219427,0.0,1.0876612231458518,0.04384503552585827
114060,424.96178586514134,422.6960504882847,0.0,1.084236483101809,0.043873048757554274
114120,425.23327323942095,422.96610942608834,0.0,1.085259062553716,0.043901079787297265
114180,425.50493310165695,423.2363399442969,0.0,1.0851604211424284,0.043929128626395086
114240,425.7767655614383,423.5067421519227,0.0,1.0875001512664335,0.04395719528616279
114300,426.0487707284236,423.7773161580473,0.0,1.0865658312955802,0.043985279777922624
114360,426.3209487123412,424.0480620718218,0.0,1.0870937983384878,0.044013382113004006
114420,426.593299622989,424.3189800024664,0.0,1.0849794712176812,0.04404150230274355
114480,426.86582357023485,424.59007005927083,0.0,1.085013702130244,0.04406964035848511
114540,427.1385206640163,424.86133235159417,0.0,1.0861829500975806,0.044097796291579706
114600,427.4113910143408,425.1327669888651,0.0,1.086721452036009,0.04412597011338559
114660,427.68443473128565,425.40437408058165,0.0,1.085888001143971,0.04415416183526823
114720,427.95765192499795,425.6761537363116,0.0,1.0860276804309064,0.04418237146860031
114780,428.2310427056951,425.9481060656923,0.0,1.0840953565624591,0.04421059902476174
114840,428.5046071836641,426.2202311784306,0.0,1.0855252018870454,0.04423884451513966
114900,428.7783454692626,426.49252918430324,0.0,1.0874064348986627,0.044267107951128454
114960,429.0522576729178,426.76500019315665,0.0,1.0864382686751095,0.04429538934412973
115020,429.3263439051274,427.037644314907,0.0,1.086345883527806,0.044323688705552346
115080,429.6006042764591,427.3104616595404,0.0,1.0845515284284597,0.04435200604681242
115140,429.87503889755106,427.5834523371127,0.0,1.0851149208569881,0.044380341379333305
115200,430.1496478791116,427.8566164577498,0.0,1.0864682150825657,0.04440869471454563
115260,430.4244313319193,428.1299541316475,0.0,1.086814987699755,0.04443706606388726
115320,430.69938936682337,428.40346546907153,0.0,1.0857736620307081,0.04446545543880336
115380,430.9745220947431,428.6771505803579,0.0,1.084153020239039,0.044493862850746344
115440,431.2498296266686,428.95100957591256,0.0,1.0849743794106363,0.044522288311175905
115500,431.52531207366036,429.2250425662116,0.0,1.0869814684258927,0.04455073183155902
115560,431.80096954684933,429.49924966180134,0.0,1.0864402737541707,0.04457919342336996
115620,432.07680215743716,429.7736309732984,0.0,1.0867074573696516,0.04460767309809027
115680,432.3528100166962,430.0481866113895,0.0,1.0838695916252903,0.044636170867208794
115740,432.62899323596946,430.32291668683195,0.0,1.0850696469586498,0.04466468674222169
115800,432.9053519266706,430.5978213104532,0.0,1.0857568061502214,0.044693220734632395
115860,433.1818862002842,430.8729005931511,0.0,1.086159713241098,0.04472177285595168
115920,433.4585961683656,431.14815464589424,0.0,1.0874679782985504,0.044750343117697614
115980,433.73548194254096,431.42358357972137,0.0,1.085447183102286,0.04477893153139559
116040,434.0125436345075,431.69918750574203,0.0,1.084826075672602,0.04480753810857832
116100,434.2897813560333,431.9749665351362,0.0,1.0851314228320255,0.04483616286078584
116160,434.56719521895747,432.25092077915457,0.0,1.0860313915500666,0.044864805799565526
116220,434.84478533519024,432.52705034911855,0.0,1.0864228097591553,0.044893466936472094
116280,435.1225518167128,432.8033553564202,0.0,1.0863314080990119,0.044922146283067586
116340,435.4004947755777,433.07983591252236,0.0,1.0836533800445358,0.04495084385092139
116400,435.67861432390856,433.3564921289588,0.0,1.0848429292838082,0.04497955965161027
116460,435.95691057390013,433.6333241173339,0.0,1.0862678933564303,0.04500829369671832
116520,436.2353836378186,433.9103319893233,0.0,1.0866698489139341,0.045037045997837
116580,436.51403362800147,434.18751585667326,0.0,1.0862664784637377,0.045065816566565144
116640,436.79286065685756,434.4648758312012,0.0,1.0848642923246747,0.04509460541450894
116700,437.0718648368671,434.74241202479567,0.0,1.0839857514510134,0.04512341255328195
116760,437.35104628058184,435.02012454941604,0.0,1.0852413078443868,0.04515223799450514
116820,437.630405100625,435.2980135170931,0.0,1.087319249288396,0.04518108174980684
116880,437.90994140969144,435.57607903992863,0.0,1.0860644936074537,0.04520994383082275
116940,438.1896553205475,435.8543212300957,0.0,1.086177801251603,0.045238824249196
117000,438.46954694603113,436.1327401998387,0.0,1.084284134776478,0.0452677230165771
117060,438.7496163990522,436.4113360614732,0.0,1.0848620585165254,0.04529664014462395
117120,439.02986379259204,436.69010892738623,0.0,1.0861866650980165,0.04532557564500187
117180,439.3102892397039,436.96905891003627,0.0,1.0864904161397242,0.045354529529383604
117240,439.5908928535129,437.24818612195304,0.0,1.0849059677441986,0.04538350180944928
117300,439.871674747216,437.52749067573797,0.0,1.0852181650858628,0.04541249249688648
117360,440.15263503408204,437.80697268406396,0.0,1.084327304922388,0.04544150160339019
117420,440.4337738274519,438.0866322596755,0.0,1.0854950496631386,0.04547052914066283
117480,440.7150912407383,438.3664695153887,0.0,1.0872445077372577,0.04549957512041427
117540,440.9965873874262,438.6464845640913,0.0,1.085833474235777,0.04552863955436179
117600,441.2782623810726,438.9266775187429,0.0,1.0853167425353494,0.04555772245423014
117660,441.56011633530665,439.2070484923747,0.0,1.0837894071983158,0.04558682383175151
117720,441.84214936382966,439.48759759808985,0.0,1.0851932654393748,0.045615943698665555
117780,442.12436158041527,439.76832494906324,0.0,1.0864937070437548,0.04564508206671938
117840,442.40675309890923,440.04923065854183,0.0,1.0858705641701718,0.04567423894766753
117900,442.6893240332298,440.3303148398444,0.0,1.0852139773095226,0.04570341435327206
117960,442.97207449736754,440.61157760636166,0.0,1.0844714226834946,0.04573260829530247
118020,443.2550046053855,440.8930190715566,0.0,1.0849032486876355,0.04576182078553576
118080,443.538114471419,441.17463934896404,0.0,1.0857029459962895,0.045791051835756394
118140,443.82140420967625,441.4564385521911,0.0,1.086011865019308,0.04582030145775632
118200,444.10487393443753,441.73841679491704,0.0,1.0860382989055815,0.045849569663335
118260,444.3885237600561,442.02057419089334,0.0,1.0831987964594125,0.045878856464299365
118320,444.6723538009578,442.3029108539437,0.0,1.084625793127878,0.04590816187246387
118380,444.95636417164104,442.5854268979642,0.0,1.0861275325359232,0.04593748589965046
118440,445.24055498667724,442.8681224369233,0.0,1.0859476802745354,0.045966828557688605
118500,445.52492636071025,443.1509975848618,0.0,1.0866675231004403,0.045996189858415276
118560,445.809478408457,443.43405245589304,0.0,1.0845839522247627,0.04602556981367499
118620,446.09421124470725,443.71728716420273,0.0,1.084267233610835,0.04605496843531976
118680,446.37912498432377,444.0007018240493,0.0,1.0852900397506133,0.046084385735209135
118740,446.66421974224215,444.2842965497636,0.0,1.086007486799553,0.04611382172521022
118800,446.94949563347114,444.5680714557493,0.0,1.085685295298808,0.04614327641719763
118860,447.2349527730924,444.85202665648256,0.0,1.085559810773468,0.046172749823053555
118920,447.5205912762609,445.1361622665125,0.0,1.0833065406442965,0.04620224195466771
118980,447.80641125820466,445.42047840046075,0.0,1.0849880342658147,0.04623175282393737
119040,448.092412834225,445.704975173022,0.0,1.0855375905351985,0.04626128244276738
119100,448.37859611969634,445.98965269896365,0.0,1.0872845663274722,0.046290830823070145
119160,448.6649612300665,446.2745110931261,0.0,1.0841686158206225,0.04632039797676561
119220,448.9515082808567,446.55955047042266,0.0,1.084981307713591,0.04634998391578134
119280,449.23823738766134,446.84477094583974,0.0,1.0841072324000869,0.046379588652052446
119340,449.52514866614865,447.13017263443675,0.0,1.0851874858296544,0.04640921219752163
119400,449.81224223206,447.41575565134616,0.0,1.0870579013528672,0.04643885456413919
119460,450.0995182012104,447.7015201117737,0.0,1.0854675792447501,0.046468515763863
119520,450.3869766894884,447.9874661309981,0.0,1.0850489240042727,0.04649819580865855
119580,450.67461781285635,448.2735938243716,0.0,1.083970297613119,0.04652789471049892
119640,450.9624416873501,448.5599033073195,0.0,1.084871764546435,0.04655761248136479
119700,451.25044842907937,448.8463946953405,0.0,1.0859982720993484,0.04658734913324448
119760,451.53863815422744,449.1330681040068,0.0,1.0860921069478766,0.046617104678133896
119820,451.8270109790516,449.41992364896385,0.0,1.083858104776435,0.04664687912803658
119880,452.11556701988286,449.7069614459307,0.0,1.0844348748814647,0.0466766724949637
119940,452.40430639312626,449.9941816106998,0.0,1.0846861648987358,0.04670648479093405
120000,452.6932292152608,450.2815842591373,0.0,1.0854445398217418,0.04673631602797407
120060,452.9823356028395,450.5691695071829,0.0,1.0868238377832973,0.04676616621811783
120120,453.27162567248917,450.85693747085,0.0,1.083705627326296,0.046796035373407055
120180,453.561099540911,451.1448882662256,0.0,1.0845008984792606,0.046825923505891105
120240,453.85075732488025,451.4330220094707,0.0,1.0840030671818588,0.04685583062762702
120300,454.1405991412463,451.72133881681975,0.0,1.0863925785840118,0.046885756750679485
120360,454.430625106933,452.0098388045813,0.0,1.0856165049893087,0.04691570188712084
120420,454.7208353389381,452.29852208913775,0.0,1.0864275273087325,0.04694566604903112
120480,455.0112299543341,452.58738878694544,0.0,1.0842526269057688,0.04697564924849803
120540,455.30180907026755,452.87643901453464,0.0,1.0840537532343135,0.04700565149761692
120600,455.5925728039596,453.16567288850973,0.0,1.0850356689834435,0.04703567280849087
120660,455.8835212727059,453.45509052554917,0.0,1.0856793345653781,0.04706571319323064
120720,456.17465459387637,453.74469204240546,0.0,1.0852119909033573,0.04709577266395466
120780,456.4659728849159,454.0344775559053,0.0,1.0852805857258385,0.04712585123278908
120840,456.75747626334373,454.32444718294977,0.0,1.0829705679180177,0.04715594891186775
120900,457.0491648467538,454.61460104051406,0.0,1.0844479620896912,0.047186065713332226
120960,457.34103875281477,454.90493924564777,0.0,1.0862846972387492,0.047216201649331775
121020,457.63309809927017,455.1954619154748,0.0,1.0855623369243756,0.0472463567320234
121080,457.9253430039381,455.4861691671935,0.0,1.085697598660934,0.047276530973571824
121140,458.2177735847117,455.77706111807663,0.0,1.0837539901055466,0.047306724386149475
121200,458.5103899595591,456.0681378854716,0.0,1.0840337678839405,0.047336936981936535
121260,458.80319224652317,456.35939958680007,0.0,1.08536361716169,0.04736716877312092
121320,459.0961805637219,456.6508463395588,0.0,1.0858329468243404,0.047397419771898305
121380,459.38935502934817,456.94247826131874,0.0,1.0852516850415879,0.04742768999047209
121440,459.6827157616701,457.2342954697257,0.0,1.0834366370567168,0.04745797944105342
121500,459.976262879031,457.5262980825003,0.0,1.0840221840695645,0.047488288135861235
121560,460.26999649984924,457.8184862174379,0.0,1.0856854626882835,0.04751861608712222
121620,460.5639167426185,458.1108599924087,0.0,1.0855213962620847,0.04754896330707081
121680,460.85802372590774,458.4034195253577,0.0,1.0858269698073253,0.04757932980794925
121740,461.1523175683612,458.69616493430505,0.0,1.0832272170713766,0.04760971560200753
121800,461.4467983886985,458.98909633734564,0.0,1.0842447036289098,0.04764012070150344
121860,461.7414663057147,459.2822138526496,0.0,1.0844614971931354,0.04767054511870255
121920,462.0363214382805,459.57551759846206,0.0,1.0851094842228457,0.04770098886587822
121980,462.3313639053418,459.8690076931031,0.0,1.0866173193050086,0.047731451955311636
122040,462.62659382592034,460.16268425496827,0.0,1.0847011597548724,0.04776193439929175
122100,462.92201131911344,460.45654740252814,0.0,1.0840673096691298,0.047792436210115335
122160,463.217616504094,460.7505972543287,0.0,1.0839595932982962,0.04782295740008699
122220,463.5134095001106,461.0448339289911,0.0,1.0849053908498907,0.047853497981519104
122280,463.8093904264877,461.339257545212,0.0,1.085571742451385,0.047884057966731924
122340,464.1055594026256,461.63386822176335,0.0,1.0855128460803816,0.04791463736805349
122400,464.4019165480003,461.92866607749266,0.0,1.082889929475688,0.0479452361978197
122460,464.6984619821639,462.2236512313229,0.0,1.0838608353398056,0.047975854468374275
122520,464.99519582474426,462.5188238022525,0.0,1.0850117848287195,0.04800649219206878
122580,465.2921181954454,462.81418390935573,0.0,1.0857986596757598,0.04803714938126264
122640,465.5892292140473,463.10973167178224,0.0,1.0853910660129384,0.04806782604832312
122700,465.88652900040603,463.4054672087577,0.0,1.0842649900099819,0.048098522205625334
122760,466.1840176744539,463.7013906395832,0.0,1.0827059885211026,0.048129237865552274
122820,466.48169535619945,463.9975020836359,0.0,1.0841603787850966,0.048159973040494804
122880,466.7795621657273,464.2938016603685,0.0,1.0861834807040218,0.04819072774285166
122940,467.0776182231985,464.59028948930995,0.0,1.085167622748041,0.04822150198502942
123000,467.3758636488504,464.8869656900649,0.0,1.0855042896179385,0.048252295779442594
123060,467.6742985629967,465.1838303823141,0.0,1.0834506358072309,0.04828310913851355
123120,467.97292308602755,465.48088368581426,0.0,1.0837734154276106,0.04831394207467256
123180,468.27173733840965,465.7781257203982,0.0,1.0850828831661885,0.04834479460035778
123240,468.57074144068633,466.07555660597484,0.0,1.085490567036749,0.04837566672801529
123300,468.86993551347723,466.37317646252944,0.0,1.084251948661507,0.04840655847009905
123360,469.1693196774788,466.6709854101233,0.0,1.0844463833388807,0.04843746983907097
123420,469.4688940534643,466.96898356889415,0.0,1.0830748530255876,0.04846840084740084
123480,469.7686587622834,467.2671710590559,0.0,1.0843788183467213,0.04849935150756639
123540,470.0686139248628,467.56554800089896,0.0,1.0862054175901643,0.04853032183205326
123600,470.36875966220595,467.8641145147901,0.0,1.0850007636313452,0.04856131183335506
123660,470.6690960953932,468.16287072117274,0.0,1.0846422405815586,0.048592321523973324
123720,470.9696233455818,468.4618167405665,0.0,1.08318210224139,0.04862335091641749
123780,471.270341534006,468.7609526935678,0.0,1.08397884423176,0.048654400023205
123840,471.57125078197697,469.06027870084966,0.0,1.0864445294617624,0.04868546885686122
123900,471.87235121088327,469.3597948831616,0.0,1.0849577512410475,0.048716557429919476
123960,472.17364294219016,469.6595013613302,0.0,1.0851912053666464,0.04874766575492105
124020,472.47512609744035,469.95939825625845,0.0,1.0818667075509216,0.04877879384441521
124080,472.7768007982537,470.2594856889263,0.0,1.0836933697774824,0.04880994171095918
124140,473.07866716632736,470.5597637803906,0.0,1.0846195676468806,0.04884110936711818
124200,473.3807253234358,470.86023265178517,0.0,1.0851431763010218,0.04887229682546539
124260,473.6829753914307,471.16089242432054,0.0,1.0851921787091328,0.048903504098582004
124320,473.9854174922415,471.46174321928453,0.0,1.0823795704752488,0.04893473119905719
124380,474.2880517478747,471.7627851580419,0.0,1.0836313795566814,0.04896597813948813
124440,474.5908782804146,472.0640183620344,0.0,1.084827482051707,0.048997244932479984
124500,474.893897212023,472.36544295278117,0.0,1.0849206410996253,0.049028531590645956
124560,475.19710866493926,472.66705905187837,0.0,1.0859133950398434,0.04905983812660723
124620,475.5005127614806,472.9688667809995,0.0,1.083846089646334,0.049091164552993026
124680,475.80410962404153,473.27086626189543,0.0,1.0833238300896728,0.04912251088244059
124740,476.1078993750948,473.57305761639424,0.0,1.0840607277498762,0.04915387712759519
124800,476.41188213719073,473.87544096640147,0.0,1.084881024793303,0.049185263301110144
124860,476.7160580329574,474.17801643390015,0.0,1.0849146722453302,0.04921666941564677
124920,477.020427185101,474.4807841409508,0.0,1.0847825320008944,0.04924809548387449
124980,477.3249897164057,474.78374420969146,0.0,1.0822630559113084,0.04927954151847071
125040,477.62974574973344,475.08689676233774,0.0,1.083676214798109,0.049311007532120935
125100,477.93469540802454,475.39024192118296,0.0,1.084397567412039,0.049342493537518725
125160,478.23983881429723,475.6937798085982,0.0,1.0864512839161287,0.04937399954736569
125220,478.5451760916478,475.99751054703205,0.0,1.0835274109071793,0.04940552557437151
125280,478.85070736325105,476.30143425901116,0.0,1.084207025498861,0.04943707163125396
125340,479.1564327523597,476.60555106713997,0.0,1.0827658337761885,0.04946863773073886
125400,479.4623523823051,476.9098610941006,0.0,1.0840549472523449,0.04950022388556017
125460,479.76846637649663,477.21436446265346,0.0,1.0859991016503912,0.04953183010845988
125520,480.0747748584225,477.51906129563673,0.0,1.0846183299893608,0.049563456412188116
125580,480.38127795164894,477.82395171596664,0.0,1.0843828937135038,0.049595102809503085
125640,480.6879757798209,478.1290358466375,0.0,1.0829002252631938,0.04962676931317111
125700,480.99486846666184,478.43431381072196,0.0,1.0836963452256996,0.04965845593596663
125760,481.301956135974,478.7397857313706,0.0,1.0849534478342775,0.049690162690672175
125820,481.609238911638,479.0454517318125,0.0,1.0851392732990757,0.04972188959007843
125880,481.9167169176133,479.3513119353547,0.0,1.0831971103677627,0.04975363664698417
125940,482.2243902779382,479.65736646538295,0.0,1.0836139914375347,0.04978540387419634
126000,482.5322591167296,479.9636154453612,0.0,1.0833451874362812,0.049817191284529994
126060,482.8403235581834,480.27005899883187,0.0,1.0843124124718422,0.04984899889080835
126120,483.1485837265745,480.5766972494158,0.0,1.0858750052250414,0.04988082670586274
126180,483.4570397462565,480.8835303208125,0.0,1.0842800047420313,0.04991267474253268
126240,483.76569174166224,481.1905583368,0.0,1.0836034032724962,0.049944543013665826
126300,484.07453983730346,481.49778142123495,0.0,1.0828938518099611,0.04997643153211801
126360,484.3835841577711,481.8051996980528,0.0,1.0840244035713107,0.05000834031075323
126420,484.69282482773525,482.1128132912675,0.0,1.0852687592192956,0.05004026936244363
126480,485.00226197194513,482.42062232497216,0.0,1.0840642760523276,0.05007221870006957
126540,485.31189571522935,482.7286269233384,0.0,1.0836089820989694,0.05010418833651958
126600,485.6217261824957,483.036827210617,0.0,1.0829718339446261,0.050136178284690365
126660,485.93175349873144,483.3452233111374,0.0,1.0837893409227701,0.050168188557486844
126720,486.24197778900316,483.65381534930816,0.0,1.084505439861142,0.05020021916782212
126780,486.552399178457,483.96260344961706,0.0,1.0844609231386846,0.05023227012861751
126840,486.8630177923183,484.2715877366307,0.0,1.0844836694506186,0.050264341452802536
126900,487.17383375589253,484.5807683349949,0.0,1.0818428104025295,0.05029643315331493
126960,487.48484719456434,484.89014536943483,0.0,1.0833206771449113,0.05032854524310066
127020,487.796058233798,485.1997189647547,0.0,1.0850310216337227,0.0503606777351139
127080,488.1074669991379,485.509489245838,0.0,1.0845856144360724,0.050392830642317074
127140,488.41907361620775,485.8194563376478,0.0,1.0850055785144392,0.05042500397768081
127200,488.7308782107113,486.1296203652264,0.0,1.0829688844940992,0.05045719775418401
127260,489.0428809084322,486.4399814536956,0.0,1.0829221948975551,0.05048941198481381
127320,489.3550818352339,486.7505397282565,0.0,1.0841406314925004,0.05052164668256559
127380,489.6674811170599,487.0612953141901,0.0,1.0847416049673884,0.05055390186044301
127440,489.98007887993356,487.3722483368566,0.0,1.084687258707932,0.05058617753145796
127500,490.29287524995857,487.68339892169627,0.0,1.082703524518219,0.05061847370863061
127560,490.60587035331855,487.99474719422875,0.0,1.0830873224759288,0.05065079040498941
127620,490.91906431627734,488.3062932800535,0.0,1.0842562087354881,0.05068312763357108
127680,491.23245726517894,488.61803730484996,0.0,1.0844809754912361,0.05071548540742062
127740,491.54604932644776,488.9299793943772,0.0,1.0848510671016054,0.050747863739591344
127800,491.8598406265884,489.24211967447417,0.0,1.0825630849199068,0.050780262643144815
127860,492.1738312921859,489.55445827106,0.0,1.0834098492740663,0.05081268213115093
127920,492.4880214499058,489.8669953101336,0.0,1.0830686779622352,0.05084512221668787
127980,492.80241122649386,490.179730917774,0.0,1.0839613386978253,0.05087758291284214
128040,493.11700074877666,490.49266522014045,0.0,1.0856629112031928,0.050910064232708545
128100,493.4317901436612,490.8057983434722,0.0,1.083889878694111,0.050942566189390213
128160,493.7467795381352,491.11913041408883,0.0,1.0833232999000688,0.050975088795998616
128220,494.0619690592668,491.43266155839,0.0,1.0827361143312921,0.05100763206565353
128280,494.37735883420527,491.74639190285586,0.0,1.083688153669298,0.05104019601148307
128340,494.69294899018047,492.06032157404684,0.0,1.0846077479934266,0.05107278064662372
128400,495.008739654503,492.3744506986038,0.0,1.0846113491512628,0.05110538598422027
128460,495.32473095456453,492.6887794032481,0.0,1.0821532477413875,0.05113801203742589
128520,495.6409230178375,493.0033078147814,0.0,1.0828876423590414,0.0511706588194021
128580,495.95731597187546,493.31803606008623,0.0,1.0836481434299472,0.051203326343318784
128640,496.273909944313,493.6329642661255,0.0,1.084799941988626,0.05123601462235417
128700,496.59070506286565,493.94809255994295,0.0,1.0844236064810926,0.051268723669694906
128760,496.9077014553303,494.26342106866286,0.0,1.0836583645744144,0.051301453498535966
128820,497.2248992495849,494.5789499194904,0.0,1.0814142432583551,0.05133420412208075
128880,497.5422985735886,494.8946792397116,0.0,1.0830325911883645,0.051366975553541014
128940,497.859899555382,495.2106091566933,0.0,1.084923647182545,0.051399767806136934
129000,498.177702323087,495.5267397978831,0.0,1.0841739725478132,0.05143258089309706
129060,498.4957070049068,495.84307129080986,0.0,1.0847728571281623,0.051465414827658366
129120,498.81391372912617,496.15960376308334,0.0,1.082623644097977,0.05149826962306624
129180,499.1323226241113,496.4763373423943,0.0,1.0826529383371821,0.05153114529257446
129240,499.45093381831,496.79327215651483,0.0,1.083868445539353,0.051564041849445255
129300,499.76974744025165,497.1104083332979,0.0,1.0843892777266972,0.05159695930694925
129360,500.08876361854743,497.42774600067804,0.0,1.0835262510627173,0.05162989767836553
129420,500.4079824818899,497.74528528667076,0.0,1.0836299832614005,0.051662856976981614
129480,500.7274041590537,498.0630263193731,0.0,1.081784410173045,0.05169583721609342
129540,501.04702877889525,498.38096922696343,0.0,1.083189992351674,0.05172883840900538
129600,501.3668564703527,498.6991141377016,0.0,1.085048376997197,0.05176186056903032
129660,501.68688736244616,499.01746117992883,0.0,1.0840772735327782,0.05179490370948956
129720,502.00712158427774,499.336010482068,0.0,1.0839282296430695,0.05182796784371287
129780,502.32755926503165,499.6547621726235,0.0,1.0821778181931614,0.05186105298503851
129840,502.64820053397403,499.9737163801815,0.0,1.0827691115338949,0.051894159146813175
129900,502.9690455204533,500.29287323340964,0.0,1.0852709535263523,0.051927286342392055
129960,503.29009435389986,500.6122328610575,0.0,1.0840176663149044,0.05196043458513885
130020,503.61134716382657,500.9317953919564,0.0,1.0843667394654648,0.05199360388842573
130080,503.93280407982843,501.25156095501956,0.0,1.0807331670484088,0.05202679426563336
130140,504.2544652315828,501.571529679242,0.0,1.0824743006820954,0.052060005730150904
130200,504.5763307488495,501.8917016937007,0.0,1.0833899239552263,0.05209323829537604
130260,504.8984007614706,502.21207712755483,0.0,1.084187546580435,0.052126491974714965
130320,505.220675399371,502.5326561100454,0.0,1.0842511100504892,0.05215976678158237
130380,505.5431547925578,502.85343877049564,0.0,1.0815998173187906,0.052193062729401496
130440,505.8658390711209,503.17442523831096,0.0,1.082639893993215,0.052226379831604094
130500,506.1887283652328,503.49561564297886,0.0,1.083449407327231,0.05225971810163046
130560,506.51182280514877,503.8170101140693,0.0,1.0838051124896575,0.05229307755292941
130620,506.83512252120664,504.13860878123444,0.0,1.085033812974975,0.052326458198958335
130680,507.15862764382734,504.4604117742088,0.0,1.083029692986878,0.05235986005318315
130740,507.4823383035144,504.7824192228095,0.0,1.0823963765570215,0.05239328312907834
130800,507.8062546308543,505.1046312569358,0.0,1.0827783712910024,0.052426727440126934
130860,508.1303767565166,505.4270480065699,0.0,1.083676999274531,0.05246019299982056
130920,508.454704811254,505.74966960177625,0.0,1.0840273396941602,0.05249367982165938
130980,508.77923892590195,506.07249617270213,0.0,1.0839089961302815,0.05252718791915216
131040,509.1039792313792,506.3955278495774,0.0,1.0812719275799147,0.05256071730581624
131100,509.42892585868765,506.71876476271467,0.0,1.0823208939694369,0.05259426799517754
131160,509.75407893891247,507.0422070425094,0.0,1.0831943536248427,0.05262784000077058
131220,510.07943860322206,507.3658548194399,0.0,1.0854735843251297,0.05266143333613849
131280,510.4050049828682,507.6897082240673,0.0,1.082797005125046,0.05269504801483299
131340,510.7307782091861,508.01376738703584,0.0,1.0833578286636703,0.05272868405041441
131400,511.0567584135943,508.33803243907255,0.0,1.0814161631179628,0.0527623414564517
131460,511.3829457275949,508.6625035109876,0.0,1.0828688632152987,0.05279602024652245
131520,511.70934028277355,508.98718073367445,0.0,1.0848227742402046,0.05282972043421282
131580,512.0359422107996,509.3120642381095,0.0,1.0836695597831,0.05286344203311768
131640,512.3627516434258,509.6371541553523,0.0,1.0836405768473663,0.05289718505684047
131700,512.6897687124888,509.96245061654594,0.0,1.0818531074961613,0.052930949518993305
131760,513.016993549909,510.2879537529166,0.0,1.0824809343367903,0.05296473543319694
131820,513.3444262876905,510.61366369577394,0.0,1.083801196907723,0.0529985428130808
131880,513.6720670579215,510.9395805765111,0.0,1.084087105514299,0.05303237167228295
131940,513.9999159927737,511.26570452660457,0.0,1.082465809231887,0.053066222024450126
132000,514.3279732245035,511.5920356776145,0.0,1.0827431755368861,0.053100093883237734
132060,514.6562388854504,511.91857416118444,0.0,1.0819664709679693,0.053133987262309855
132120,514.9847131080388,512.2453201090418,0.0,1.0831073094215853,0.05316790217533925
132180,515.3133960247767,512.5722736529974,0.0,1.0848047337999425,0.05320183863600738
132240,515.6422877682566,512.8994349249463,0.0,1.083391623853283,0.053235796658004375
132300,515.971388471155,513.2268040568667,0.0,1.0828251012009362,0.053269776255029086
132360,516.300698266233,513.5543811808212,0.0,1.08142308621167,0.053303777440789055
132420,516.6302172863358,513.8821664289561,0.0,1.0827932863335907,0.05333780022900053
132480,516.9599456643929,514.2101599335017,0.0,1.0840839577194732,0.05337184463338849
132540,517.2898835334186,514.5383618267721,0.0,1.0834166417723692,0.05340591066768661
132600,517.6200310265115,514.8667722411658,0.0,1.0827525138532348,0.05343999834563731
132660,517.9503882768548,515.1953913091651,0.0,1.0820022609547388,0.053474107680991735
132720,518.2809554177163,515.5242191633366,0.0,1.0824943932069842,0.05350823868750977
132780,518.6117325824486,515.8532559363314,0.0,1.083293192721214,0.05354239137896004
132840,518.9427199044886,516.1825017608844,0.0,1.0835703158959538,0.053576565769119906
132900,519.2739175173588,516.5119567698152,0.0,1.0835729613349676,0.0536107618717755
132960,519.6053255546656,516.8416210960276,0.0,1.0807777362526116,0.0536449797007217
133020,519.9369441501008,517.1714948725098,0.0,1.0821781557813914,0.05367921926976217
133080,520.268773437441,517.5015782323347,0.0,1.0836969615200878,0.05371348059270932
133140,520.6008135505482,517.8318713086596,0.0,1.0835114006508677,0.05374776368338434
133200,520.9330646233686,518.1623742347265,0.0,1.0841750569838977,0.05378206855561721
133260,521.2655267899344,518.4930871438618,0.0,1.0821122872638669,0.05381639522324668
133320,521.5982001843623,518.8240101694769,0.0,1.0818087835871322,0.05385074370012033
133380,521.9310849408545,519.1551434450678,0.0,1.0828532972497529,0.05388511400009449
133440,522.2641811936985,519.4864871042155,0.0,1.0835670628926366,0.05391950613703433
133500,522.5974890772669,519.8180412805856,0.0,1.0839790461292866,0.05395392012481381
133560,522.931008726018,520.1498061079288,0.0,1.0818955564148567,0.053988355977315695
133620,523.2647402744954,520.4817817200809,0.0,1.0821439513389555,0.05402281370843161
133680,523.5986838573278,520.8139682509624,0.0,1.0827637896863704,0.05405729333206197
133740,523.93283960923,521.1463658345789,0.0,1.083337429618734,0.05409179486211603
133800,524.2672076650022,521.4789746050216,0.0,1.083774628982473,0.054126318312511884
133860,524.6017881595299,521.8117946964662,0.0,1.081821906552247,0.05416086369717648
133920,524.9365812277849,522.1448262431745,0.0,1.0825039493633957,0.05419543103004559
133980,525.2715870048244,522.478069379493,0.0,1.0816575611627435,0.054230020325063875
134040,525.6068056257914,522.8115242398538,0.0,1.0827509023518453,0.05426463159618482
134100,525.9422372259147,523.145190958774,0.0,1.084576880096654,0.05429926485737079
134160,526.2778819405095,523.4790696708568,0.0,1.0829733867467937,0.05433392012259302
134220,526.6137399049762,523.8131605107903,0.0,1.0825166930972525,0.05436859740583162
134280,526.9498112548018,524.1474636133486,0.0,1.0815082119734398,0.054403296721075606
134340,527.2860961255594,524.4819791133913,0.0,1.082423552056098,0.05443801808232284
134400,527.6225946529078,524.8167071458636,0.0,1.083527503442156,0.054472761503580096
134460,527.9593069725921,525.1516478457967,0.0,1.0836027113740796,0.05450752699886307
134520,528.296233220444,525.4868013483073,0.0,1.0813676725403456,0.05454231458219631
134580,528.6333735323814,525.822167788598,0.0,1.0819136845245638,0.05457712426761334
134640,528.9707280444082,526.1577473019573,0.0,1.082235209407646,0.05461195606915655
134700,529.3082968926152,526.4935400237599,0.0,1.082978318251642,0.05464681000087726
134760,529.6460802131792,526.8295460894661,0.0,1.0843043681910056,0.054681686076835746
134820,529.9840781423637,527.1657656346226,0.0,1.0812310540855385,0.054716584311101185
134880,530.3222908165191,527.5021987948622,0.0,1.08197498255123,0.0547515047177517
134940,530.660718372082,527.8388457059035,0.0,1.0815324425739803,0.05478644731087436
135000,530.9993609455756,528.1757065035519,0.0,1.0838837259727019,0.054821412104565204
135060,531.3382186736104,528.5127813236985,0.0,1.0831306395858131,0.05485639911292921
135120,531.677291692883,528.8500703023213,0.0,1.0838788992103532,0.0548914083500803
135180,532.0165801401776,529.1875735754842,0.0,1.0817319691689227,0.054926439830141394
135240,532.3560841523645,529.5252912793379,0.0,1.0815424357628334,0.05496149356724436
135300,532.6958038664015,529.8632235501192,0.0,1.0825470050817145,0.05499656957553008
135360,533.0357394193336,530.2013705241519,0.0,1.083188062160723,0.055031667869148364
135420,533.3758909482922,530.5397323378463,0.0,1.0827045816379948,0.055066788462258064
135480,533.7162585904961,530.8783091276994,0.0,1.08274757020696,0.05510193136902701
135540,534.0568424832516,531.2171010302944,0.0,1.080483397823266,0.05513709660363202
135600,534.3976427639519,531.5561081823021,0.0,1.0819416147230934,0.05517228418025894
135660,534.7386595700777,531.8953307204796,0.0,1.083766668208196,0.05520749411310262
135720,535.0798930391968,532.234768781671,0.0,1.0830498314400714,0.05524272641636692
135780,535.4213433089647,532.5744225028075,0.0,1.0831483930345804,0.055277981104264746
135840,535.7630105171239,532.9142920209068,0.0,1.0812249661800284,0.055313258191018004
135900,536.1048948015051,533.2543774730743,0.0,1.0815169921844126,0.05534855769085767
135960,536.446996300026,533.5946789965024,0.0,1.08395441583532,0.05538387961802373
136020,536.7893151506919,533.9351967284699,0.0,1.0829663398717164,0.05541922398676524
136080,537.1318514915963,534.2759308063439,0.0,1.0834504581082782,0.05545459081134029
136140,537.4746054609201,534.6168813675781,0.0,1.0796684468908233,0.05548998010601605
136200,537.8175771969318,534.9580485497137,0.0,1.0812285868486025,0.05552539188506874
136260,538.1607668379881,535.2994324903794,0.0,1.0820832604500477,0.055560826162783655
136320,538.5041745225335,535.6410333272914,0.0,1.0831091616240307,0.05559628295345516
136380,538.8478003891005,535.9828511982529,0.0,1.0832114437956433,0.05563176227138671
136440,539.1916445763094,536.3248862411552,0.0,1.0807998948672872,0.055667264130890855
136500,539.5357072228686,536.6671385939769,0.0,1.0816565684649722,0.05570278854628921
136560,539.879988467575,537.0096083947843,0.0,1.081979561426267,0.05573833553191253
136620,540.2244884493132,537.3522957817316,0.0,1.0825911946381546,0.05577390510210063
136680,540.5692073070564,537.6952008930607,0.0,1.0840406145015886,0.05580949727120246
136740,540.9141451798662,538.0383238671012,0.0,1.0821392003599297,0.055845112053576104
136800,541.2593022068919,538.3816648422708,0.0,1.0814819490335559,0.05588074946358873
136860,541.6046785273719,538.7252239570747,0.0,1.0814339960867518,0.055916409515616654
136920,541.9502742806326,539.0690013501068,0.0,1.0823823225577918,0.05595209222404534
136980,542.2960896060893,539.4129971600483,0.0,1.0830234575634288,0.05598779760326936
137040,542.6421246432454,539.7572115256693,0.0,1.0829446977286705,0.056023525667692455
137100,542.9883795316937,540.1016445858273,0.0,1.0803434399047627,0.056059276431727506
137160,543.3348544111146,540.4462964794685,0.0,1.0812964178890638,0.056095049909796565
137220,543.6815494212783,540.7911673456274,0.0,1.0824738281495974,0.056130846116330825
137280,544.0284647020432,541.1362573234264,0.0,1.083239886190247,0.056166665065770664
137340,544.3756003933568,541.4815665520767,0.0,1.0828287356719848,0.056202506772565636
137400,544.7229566352552,541.8270951708778,0.0,1.0816731819607228,0.056238371251174465
137460,545.0705335678639,542.1728433192179,0.0,1.0801732586645552,0.056274258516065066
137520,545.4183313313971,542.5188111365734,0.0,1.0816026663565252,0.05631016858171455
137580,545.7663500661582,542.8649987625096,0.0,1.0836104687372357,0.056346101462609224
137640,546.1145899125399,543.2114063366803,0.0,1.0826041679427805,0.0563820571732446
137700,546.463051011024,543.558033998828,0.0,1.0828968768206038,0.056418035728125385
137760,546.8117335021813,543.9048818887844,0.0,1.0808684055196645,0.05645403714176553
137820,547.1606375266722,544.2519501464694,0.0,1.08120500576623,0.05649006142868817
137880,547.5097632252463,544.5992389118923,0.0,1.0825165825010248,0.056526108603425704
137940,547.859110738743,544.9467483251511,0.0,1.0829205049527026,0.05656217868051974
138000,548.2086802080904,545.294478526433,0.0,1.0816801647109888,0.05659827167452114
138060,548.558471774307,545.642429656014,0.0,1.081846513794202,0.056634387599989996
138120,548.9084855785004,545.9906018542595,0.0,1.0805101856085557,0.056670526471495675
138180,549.258721761868,546.3389952616238,0.0,1.0818038260138763,0.05670668830361677
138240,549.6091804656968,546.6876100186508,0.0,1.0836084149658514,0.05674287311094114
138300,549.9598618313638,547.0364462659734,0.0,1.0824149914676902,0.05677908090806593
138360,550.3107660003355,547.3855041443138,0.0,1.0820334311100155,0.05681531170959756
138420,550.6618931141686,547.7347837944841,0.0,1.0798837879904928,0.05685156553015173
138480,551.0132433145096,548.0842853573853,0.0,1.0814739402915077,0.0568878423843534
138540,551.3648167430948,548.4340089740081,0.0,1.0827736515534918,0.05692414228683684
138600,551.7166135417509,548.7839547854327,0.0,1.0826848797793842,0.056960465252245636
138660,552.0686338523946,549.1341229328293,0.0,1.0818339286766039,0.056996811295232645
138720,552.4208778170323,549.4845135574574,0.0,1.081067736081006,0.057033180430460045
138780,552.7733455777615,549.8351268006664,0.0,1.0811149763608205,0.05706957267259934
138840,553.1260372767692,550.1859628038956,0.0,1.0819760605823971,0.05710598803633135
138900,553.4789530563331,550.5370217086737,0.0,1.082566913081506,0.05714242653634622
138960,553.8320930588214,550.8883036566201,0.0,1.0825809095379306,0.057178888187343416
139020,554.1854574266927,551.2398087894435,0.0,1.079764666671141,0.057215373004031775
139080,554.5390463024956,551.591537248943,0.0,1.0810135676257364,0.05725188100112945
139140,554.89285982887,551.9434891770076,0.0,1.0822361290460005,0.05728841219336395
139200,555.2468981485458,552.2956647156165,0.0,1.0823258948329502,0.05732496659547215
139260,555.6011614043443,552.6480640068391,0.0,1.0832609361903247,0.057361544222200286
139320,555.9556497391768,553.0006871928352,0.0,1.0812121682038245,0.057398145088303966
139380,556.3103632960459,553.3535344158548,0.0,1.080694062873548,0.05743476920854816
139440,556.6653022180448,553.7066058182382,0.0,1.0814619538733559,0.05747141659770723
139500,557.0204666483576,554.0599015424162,0.0,1.0822803614089427,0.057508087270564924
139560,557.3758567302596,554.4134217309103,0.0,1.0831821530657753,0.057544781241914374
139620,557.731472607117,554.7671665263323,0.0,1.081033484248942,0.05758149852655812
139680,558.087314422387,555.1211360713845,0.0,1.0811953550648314,0.05761823913930811
139740,558.4433823196179,555.4753305088602,0.0,1.0811557010208184,0.05765500309498568
139800,558.7996764424495,555.8297499816433,0.0,1.082069151390942,0.05769179040842162
139860,559.1561969346127,556.1843946327084,0.0,1.0825891134624457,0.057728601094456114
139920,559.5129439399296,556.5392646051209,0.0,1.0810189431263888,0.05776543516793878
139980,559.8699176023139,556.8943600420372,0.0,1.0815546552308117,0.05780229264372867
140040,560.2271180657706,557.2496810867046,0.0,1.0801755621078897,0.05783917353669428
140100,560.5845454743961,557.6052278824615,0.0,1.0814508949332957,0.05787607786171357
140160,560.9421999723785,557.9610005727374,0.0,1.083367547784152,0.05791300563367391
140220,561.3000817039974,558.3169993010526,0.0,1.081966334960071,0.057949956867472154
140280,561.6581908136243,558.6732242110191,0.0,1.0816817183097354,0.057986931578014635
140340,562.0165274457222,559.0296754463399,0.0,1.08026394073384,0.05802392978021714
140400,562.3750917448458,559.3863531508088,0.0,1.0810803007543768,0.05806095148900494
140460,562.7338838556419,559.7432574683118,0.0,1.0823228130744194,0.058097996719312775
140520,563.0929039228494,560.1003885428258,0.0,1.0824919212572455,0.05813506548608487
140580,563.4521520912983,560.4577465184195,0.0,1.0805394424001853,0.058172157804274975
140640,563.8116285059114,560.8153315392527,0.0,1.0809236946905871,0.05820927368884631
140700,564.1713333117034,561.1731437495773,0.0,1.0807322548142773,0.05824641315477162
140760,564.531266653781,561.5311832937365,0.0,1.081682404051546,0.05828357621703316
140820,564.8914286773431,561.889450316165,0.0,1.083196223857864,0.0583207628906227
140880,565.2518195276812,562.24794496139,0.0,1.0804838035377256,0.05835797319054153
140940,565.6124393501784,562.6066673740298,0.0,1.0810105121901399,0.05839520713180048
141000,565.973288290311,562.9656176987951,0.0,1.08017611762448,0.05843246472941991
141060,566.3343664936469,563.3247960804879,0.0,1.0824836578159363,0.05846974599842973
141120,566.6956741058473,563.684202664003,0.0,1.08192496432878,0.0585070509538694
141180,567.0572112726654,564.0438375943269,0.0,1.0829569725843562,0.058544379610787914
141240,567.4189781399472,564.4037010165379,0.0,1.080789624731378,0.05858173198424386
141300,567.7809748536312,564.7637930758069,0.0,1.0804117458478149,0.05861910808930538
141360,568.1432015597487,565.1241139173969,0.0,1.081151945004554,0.05865650794105018
141420,568.5056584044241,565.4846636866632,0.0,1.0818918810146743,0.05869393155456556
141480,568.8683455338742,565.8454425290535,0.0,1.0817661487839554,0.058731378944948384
141540,569.2312630944087,566.2064505901076,0.0,1.08176608144605,0.05876885012730514
141600,569.5944112324306,566.5676880154582,0.0,1.0792057802590083,0.058806345116751896
141660,569.9577900944357,566.9291549508304,0.0,1.0806528753566766,0.058843863928414314
141720,570.3213998270129,567.2908515420417,0.0,1.0823726822569102,0.05888140657742767
141780,570.6852405768443,567.6527779350024,0.0,1.0819129744664242,0.058918973078936884
141840,571.0493124907049,568.0149342757155,0.0,1.082257613241829,0.05895656344809646
141900,571.4136157154635,568.3773207102766,0.0,1.0802515055455135,0.058994177700070545
141960,571.7781503980816,568.7399373848745,0.0,1.080240614198831,0.05903181585003293
142020,572.1429166856148,569.1027844457903,0.0,1.0825027563418532,0.05906947791316703
142080,572.5079147252112,569.4658620393986,0.0,1.0818021760714704,0.05910716390466593
142140,572.873144664113,569.829170312167,0.0,1.0824172633932947,0.05914487383973233
142200,573.2386066496563,570.1927094106555,0.0,1.0787056415180531,0.05918260773357864
142260,573.6043008292697,570.556479481518,0.0,1.079979152540892,0.0592203656014269
142320,573.9702273504765,570.9204806715009,0.0,1.0807202738387522,0.05925814745850881
142380,574.3363863608932,571.2847131274443,0.0,1.0819079252947947,0.059295953320065785
142440,574.7027780082304,571.6491769962813,0.0,1.0820653583162056,0.0593337832013489
142500,575.0694024402923,572.0138724250388,0.0,1.0799429897834667,0.05937163711761892
142560,575.436259804977,572.3787995608367,0.0,1.0806306984775562,0.059409515084146304
142620,575.8033502502767,572.7439585508884,0.0,1.0804478876356833,0.05944741711621123
142680,576.1706739242776,573.1093495425009,0.0,1.0812901121896181,0.059485343229103566
142740,576.53823097516,573.474972683075,0.0,1.0829156790405623,0.059523293438122904
142800,576.9060215511983,573.8408281201047,0.0,1.0811513092079146,0.05956126775857856
142860,577.274045800761,574.2069160011782,0.0,1.0805380523862425,0.05959926620578957
142920,577.6423038723111,574.5732364739771,0.0,1.0800515152936148,0.05963728879508469
142980,578.0107959144057,574.939789686277,0.0,1.0810126883188904,0.05967533554180243
143040,578.3795220756964,575.3065757859473,0.0,1.0818948641650692,0.05971340646129106
143100,578.7484825049294,575.6735949209516,0.0,1.081873036236098,0.05975150156890858
143160,579.1176773509449,576.0408472393473,0.0,1.0794221134837523,0.05978962088002274
143220,579.4871067626784,576.4083328892856,0.0,1.0801358249155188,0.05982776441001108
143280,579.8567708891593,576.7760520190122,0.0,1.0809664747623864,0.05986593217426089
143340,580.2266698795122,577.144004776867,0.0,1.0820745876926463,0.05990412418816923
143400,580.5968038829564,577.512191311284,0.0,1.0816959748759143,0.05994234046714299
143460,580.9671730488054,577.8806117707916,0.0,1.080865080607463,0.059980581026598784
143520,581.3377775264686,578.2492663040124,0.0,1.0787329798745002,0.06001884588196306
143580,581.7086174654493,578.6181550596635,0.0,1.0803051217945996,0.060057135048672064
143640,582.0796930153464,578.9872781865568,0.0,1.0821973499407347,0.06009544854217183
143700,582.4510043258538,579.3566358335981,0.0,1.081445472562664,0.06013378637791823
143760,582.8225515467602,579.7262281497885,0.0,1.081974984956387,0.060172148571376934
143820,583.1943348279498,580.0960552842232,0.0,1.0798579723616133,0.06021053513802346
143880,583.5663543194017,580.4661173860925,0.0,1.079913299081672,0.06024894609334315
143940,583.9386101711909,580.8364146046815,0.0,1.08114429427901,0.06028738145283117
144000,584.311102533487,581.2069470893697,0.0,1.081658045671792,0.06032584123199254
144060,584.6838315565554,581.577714989632,0.0,1.0807730764375303,0.06036432544634215
144120,585.0567973907567,581.9487184550379,0.0,1.080846987401298,0.06040283411140471
144180,585.4300001865477,582.3199576352523,0.0,1.0790645273333876,0.06044136724271481
144240,585.80344009448,582.6914326800351,0.0,1.0804510499812894,0.060479924855816936
144300,586.1771172652012,583.063143739241,0.0,1.0822875362689637,0.060518506966265415
144360,586.5510318494547,583.4350909628203,0.0,1.081319578884555,0.06055711358962448
144420,586.9251839980797,583.8072745008184,0.0,1.0811288660756195,0.06059574474146823
144480,587.2995738620107,584.1796945033759,0.0,1.0783828203459862,0.06063440043738068
144540,587.6742015922788,584.5523511207292,0.0,1.0801150150305174,0.06067308069295572
144600,588.0490673400108,584.9252445032098,0.0,1.0813785607946913,0.06071178552379718
144660,588.4241712564293,585.2983748012447,0.0,1.081797114092823,0.06075051494551879
144720,588.7995134928532,585.6717421653567,0.0,1.0808037005195734,0.0607892689737442
144780,589.1750942006975,586.0453467461641,0.0,1.0800949317659536,0.06082804762410696
144840,589.5509135314734,586.419188694381,0.0,1.0797083132211527,0.0608668509122506
144900,589.9269716367884,586.7932681608169,0.0,1.0805989339819764,0.06090567885382857
144960,590.3032686683462,587.1675852963776,0.0,1.081433838416771,0.060944531464504244
145020,590.679804777947,587.5421402520647,0.0,1.0814729068553892,0.06098340875995098
145080,591.0565801174873,587.9169331789753,0.0,1.078798664213813,0.061022310755852065
145140,591.4335948389605,588.291964228303,0.0,1.0798336771692956,0.06106123746790078
145200,591.8108490944559,588.6672335513371,0.0,1.0807034352613547,0.06110018891180036
145260,592.1883430361601,589.0427412994634,0.0,1.0810453042036068,0.061139165103264
145320,592.5660768163561,589.4184876241635,0.0,1.0822040934460941,0.06117816605801492
145380,592.9440505874235,589.7944726770154,0.0,1.080216121793277,0.06121719179178629
145440,593.3222645018388,590.1706966096933,0.0,1.0795766722977669,0.0612562423203213
145500,593.7007187121759,590.5471595739682,0.0,1.0800147864201393,0.061295317659373134
145560,594.0794133711047,590.923861721707,0.0,1.080912177153135,0.06133441782470498
145620,594.4583486313927,591.3008032048732,0.0,1.0812302711990833,0.06137354283209005
145680,594.8375246459044,591.677984175527,0.0,1.0810877812714537,0.061412692697311574
145740,595.2169415676013,592.0554047858252,0.0,1.0784887499201559,0.06145186743616281
145800,595.5965995495421,592.4330651880213,0.0,1.07954826815338,0.061491067064447055
145860,595.976498744883,592.8109655344653,0.0,1.0804152619895022,0.06153029159797763
145920,596.3566393068769,593.1891059776042,0.0,1.0826260878270864,0.061569541052577906
145980,596.7370213888748,593.5674866699818,0.0,1.0800003969212082,0.06160881544408134
146040,597.1176451443249,593.946107764239,0.0,1.0805177130564472,0.0616481147883314
146100,597.4985107267725,594.3249694131131,0.0,1.0786441564748543,0.061687439101181664
146160,597.8796182898608,594.704071769439,0.0,1.0800710627025814,0.061726788398495755
146220,598.2609679873306,595.0834149861487,0.0,1.0820025875296393,0.061766162696147375
146280,598.6425599730203,595.4629992162712,0.0,1.0808559149778039,0.061805562010020326
146340,599.0243944008661,595.8428246129325,0.0,1.0807838041992246,0.0618449863560085
146400,599.4064714249018,596.2228913293563,0.0,1.079031645804288,0.06188443575001586
146460,599.7887911992597,596.6031995188636,0.0,1.0796720866780276,0.06192391020795652
146520,600.171353878169,596.9837493348724,0.0,1.0809884806827252,0.06196340974575466
146580,600.5541596159579,597.3645409308988,0.0,1.0812671947750347,0.062002934379344614
146640,600.9372085670519,597.7455744605556,0.0,1.0796457095364458,0.06204248412467082
146700,601.3205008859751,598.1268500775541,0.0,1.0798930433346599,0.06208205899768783
146760,601.7040367273495,598.5083679357027,0.0,1.079156322087519,0.06212165901436038
146820,602.0878162458956,598.8901281889077,0.0,1.0802882284576665,0.06216128419066329
146880,602.4718395964319,599.2721309911732,0.0,1.081957160006517,0.06220093454258158
146940,602.8561069338754,599.654376496601,0.0,1.079661785873366,0.06224061008611041
147000,603.2406184132415,600.0368648593909,0.0,1.0799841173188305,0.06228031083725509
147060,603.6253741896442,600.4195962338408,0.0,1.0787890787022936,0.062320036812031104
147120,604.010374418296,600.8025707743465,0.0,1.0809399778415048,0.06235978802646412
147180,604.3956192545078,601.1857886354017,0.0,1.0806101340179495,0.062399564496589996
147240,604.7811088536894,601.5692499715985,0.0,1.0819209244262404,0.06243936623845474
147300,605.1668433713494,601.9529549376275,0.0,1.0797751105641753,0.062479193268114595
147360,605.552822963095,602.336903688277,0.0,1.079287023350517,0.06251904560163599
147420,605.9390477846325,602.7210963784339,0.0,1.0796682778785949,0.06255892325509554
147480,606.3255179917668,603.1055331630836,0.0,1.0804917761337351,0.06259882624458014
147540,606.712233740402,603.4902141973097,0.0,1.080709412089781,0.06263875458618683
147600,607.0991951865414,603.8751396362948,0.0,1.0806929501638876,0.06267870829602291
147660,607.4864024862869,604.2603096353195,0.0,1.0779496608209043,0.06271868739020592
147720,607.8738557958404,604.6457243497636,0.0,1.0793202512108058,0.06275869188486363
147780,608.2615552715023,605.0313839351052,0.0,1.0808556880880233,0.06279872179613405
147840,608.6495010696724,605.4172885469217,0.0,1.0806623799079362,0.06283877714016547
147900,609.0376933468502,605.8034383408886,0.0,1.0812680636137706,0.06287885793311641
147960,609.4261322596345,606.189833472781,0.0,1.0792267232076675,0.06291896419115567
148020,609.8148179647235,606.5764740984724,0.0,1.078938465730664,0.06295909593046234
148080,610.203750618915,606.9633603739359,0.0,1.0800043504842487,0.06299925316722574
148140,610.5929303791066,607.3504924552433,0.0,1.0807132003986277,0.06303943591764552
148200,610.9823574022952,607.7378704985657,0.0,1.0810727280564527,0.06307964419793162
148260,611.3720318455778,608.1254946601733,0.0,1.079017063434632,0.06311987802430423
148320,611.761953866151,608.5133650964358,0.0,1.079240081765159,0.06316013741299394
148380,612.1521236213114,608.9014819638221,0.0,1.079897535584814,0.06320042238024155
148440,612.5425412684556,609.2898454189007,0.0,1.0804713711153155,0.06324073294229825
148500,612.9332069650798,609.6784556183392,0.0,1.080897831510917,0.06328106911542551
148560,613.3241208687807,610.067312718905,0.0,1.0789483639729802,0.06332143091589514
148620,613.7152831372551,610.456416877465,0.0,1.0795930986240658,0.06336181835998933
148680,614.1066939282999,610.845768250986,0.0,1.0787932643091163,0.06340223146400056
148740,614.498353399812,611.2353669965344,0.0,1.0798746789872267,0.06344267024423171
148800,614.890261709789,611.6252132712759,0.0,1.0816679189468292,0.06348313471699595
148860,615.2824190163287,612.015307232477,0.0,1.0800779992056257,0.06352362489861689
148920,615.6748254776294,612.4056490375034,0.0,1.0795962811269748,0.06356414080542848
148980,616.0674812519899,612.796238843821,0.0,1.0786171012547,0.06360468245377503
149040,616.4603864978095,613.1870768089957,0.0,1.0795361483884567,0.06364524986001123
149100,616.8535413735882,613.5781630906935,0.0,1.0806316185139024,0.06368584304050222
149160,617.2469460379267,613.9694978466808,0.0,1.0806979155231027,0.06372646201162349
149220,617.6406006495265,614.361081234824,0.0,1.0784771027659932,0.06376710678976093
149280,618.03450536719,614.7529134130899,0.0,1.0789933272576804,0.06380777739131088
149340,618.4286603498203,615.1449945395456,0.0,1.07933417449613,0.06384847383268004
149400,618.8230657564214,615.5373247723585,0.0,1.080760702171401,0.06388919613028557
149460,619.2177217460987,615.9299042697967,0.0,1.080450228392668,0.06392994430055506
149520,619.6126284780584,616.3227331902287,0.0,1.08003156794079,0.06397071835992652
149580,620.0077861116079,616.715811692124,0.0,1.0772908531621674,0.06401151832484843
149640,620.4031948061557,617.1091399340523,0.0,1.0789578746320592,0.0640523442117797
149700,620.798854721212,617.5027180746844,0.0,1.0806387925375038,0.0640931960371897
149760,621.1947660163879,617.8965462727915,0.0,1.0801697264180414,0.06413407381755827
149820,621.5909288513959,618.290624687246,0.0,1.0809772753908415,0.06417497756937572
149880,621.9873433860502,618.6849534770214,0.0,1.0788083680788143,0.06421590730914285
149940,622.3840097802666,619.0795328011918,0.0,1.0785891418385656,0.06425686305337092
150000,622.7809281940622,619.4743628189324,0.0,1.079645716350611,0.06429784481858167
150060,623.1780987875561,619.8694436895197,0.0,1.080274038842149,0.06433885262130735
150120,623.5755217209689,620.2647755723316,0.0,1.079772432512932,0.06437988647809074
150180,623.9731971546231,620.6603586268467,0.0,1.0797847248805736,0.06442094640548511
150240,624.3711252489429,621.0561930126455,0.0,1.0775793056936105,0.06446203242005423
150300,624.7693061644546,621.4522788894095,0.0,1.0790164949517063,0.06450314453837243
150360,625.1677400617865,621.8486164169218,0.0,1.080828423954253,0.06454428277702452
150420,625.5664271016689,622.245205755067,0.0,1.080113060156373,0.06458544715260592
150480,625.965367444934,622.6420470638313,0.0,1.0801656330635316,0.06462663768172253
150540,626.3645612525166,623.0391405033026,0.0,1.0768676681716378,0.06466785438099082
150600,626.7640086854534,623.4364862336704,0.0,1.0786910154769227,0.06470909726703782
150660,627.1637099048837,623.834084415226,0.0,1.0798596534190594,0.06475036635650111
150720,627.5636650720489,624.2319352083624,0.0,1.080785263271416,0.06479166166602887
150780,627.9638743482931,624.6300387735749,0.0,1.0796822190096997,0.06483298321227986
150840,628.3643378950627,625.0283952714605,0.0,1.0791110096936964,0.06487433101192336
150900,628.7650558739067,625.427004862718,0.0,1.0782485212685846,0.0649157050816393
150960,629.1660284464771,625.8258677081488,0.0,1.079125928916707,0.0649571054381182
151020,629.5672557745279,626.2249839686563,0.0,1.0801693528841927,0.06499853209806117
151080,629.9687380199165,626.6243538052458,0.0,1.080260107828906,0.06503998507817996
151140,630.3704753446028,627.0239773790254,0.0,1.0778097594795701,0.0650814643951969
151200,630.7724679106499,627.4238548512051,0.0,1.0786540106810252,0.06512297006584494
151260,631.1747158802234,627.8239863830977,0.0,1.079055338251259,0.06516450210686772
151320,631.5772194155924,628.2243721361182,0.0,1.0796496063224106,0.06520606053501946
151380,631.9799786791287,628.6250122717844,0.0,1.0810327637486328,0.06524764536706505
151440,632.3829938333078,629.0259069517164,0.0,1.079143876977819,0.06528925661978002
151500,632.7862650407078,629.4270563376374,0.0,1.078467280410927,0.06533089430995055
151560,633.1897924640105,629.828460591373,0.0,1.0784836231937431,0.06537255845437354
151620,633.5935762660009,630.2301198748518,0.0,1.0794338486875852,0.06541424906985648
151680,633.9976166095676,630.6320343501052,0.0,1.0800444322455356,0.0654559661732176
151740,634.4019136577023,631.0342041792676,0.0,1.07994334091094,0.06549770978128577
151800,634.8064675735006,631.4366295245762,0.0,1.0773654784173956,0.06553947991090062
151860,635.2112785201617,631.8393105483718,0.0,1.0779575544633055,0.06558127657891238
151920,635.6163466609886,632.2422474130977,0.0,1.0789504802316576,0.06562309980218209
151980,636.0216721593875,632.645440281301,0.0,1.0813314519887791,0.06566494959758144
152040,636.4272551788691,633.0488893156315,0.0,1.0789908710282345,0.06570682598199284
152100,636.8330958830475,633.4525946788427,0.0,1.0794153083276383,0.06574872897230946
152160,637.2391944356409,633.8565565337916,0.0,1.0770893378556636,0.06579065858543516
152220,637.6455510004718,634.2607750434382,0.0,1.0786354784885084,0.06583261483828458
152280,638.0521657414663,634.6652503708465,0.0,1.0805235919528464,0.06587459774778306
152340,638.459038822655,635.0699826791839,0.0,1.0796229878372983,0.06591660733086677
152400,638.8661704081725,635.4749721317215,0.0,1.0797849448076855,0.06595864360448254
152460,639.2735606622579,635.8802188918343,0.0,1.077827579056808,0.06600070658558806
152520,639.6812097492543,636.2857231230006,0.0,1.0782200909303166,0.06604279629115174
152580,640.0891178336097,636.6914849888032,0.0,1.079536969185014,0.06608491273815277
152640,640.4972850798763,637.0975046529283,0.0,1.0799272082181868,0.06612705594358116
152700,640.9057116527107,637.5037822791664,0.0,1.0786511768585518,0.06616922592443772
152760,641.3143977168744,637.9103180314121,0.0,1.0787836943572215,0.06621142269773397
152820,641.7233434372334,638.3171120736639,0.0,1.0775446200484096,0.06625364628049236
152880,642.1325489787586,638.7241645700245,0.0,1.0788142899979987,0.06629589668974609
152940,642.5420145065256,639.1314756847012,0.0,1.0805799861309706,0.06633817394253917
153000,642.9517401857148,639.5390455820053,0.0,1.078730242347872,0.06638047805592649
153060,643.3617261816119,639.9468744263527,0.0,1.0788636665804483,0.06642280904697374
153120,643.7719726596072,640.3549623822635,0.0,1.0773916411665747,0.06646516693275746
153180,644.1824797851962,640.7633096143626,0.0,1.079273007421809,0.06650755173036502
153240,644.5932477239796,641.1719162873792,0.0,1.0791955161565139,0.06654996345689469
153300,645.0042766416634,641.5807825661475,0.0,1.0807408071231408,0.06659240212945557
153360,645.4155667040587,641.9899086156063,0.0,1.0786608797112551,0.06663486776516762
153420,645.827118077082,642.3992946007991,0.0,1.07814754304302,0.06667736038116175
153480,646.2389309267554,642.8089406868742,0.0,1.0781205204363553,0.06671987999457964
153540,646.6510054192062,643.2188470390851,0.0,1.0790022679853581,0.06676242662257394
153600,647.0633417206673,643.6290138227901,0.0,1.079519415621826,0.0668050002823082
153660,647.4759399974774,644.0394412034525,0.0,1.079506958771353,0.06684760099095682
153720,647.8888004160808,644.450129346641,0.0,1.0767345946941838,0.06689022876570519
153780,648.3019231430276,644.8610784180293,0.0,1.077954254554933,0.06693288362374955
153840,648.7153083449734,645.2722885833962,0.0,1.0792328397314672,0.06697556558229707
153900,649.12895618868,645.6837600086261,0.0,1.079298907682797,0.06701827465856593
153960,649.5428668410153,646.0954928597085,0.0,1.080148681711807,0.06706101086978512
154020,649.9570404689528,646.507487302739,0.0,1.0781215427010555,0.0671037742331947
154080,650.3714772395721,646.9197435039179,0.0,1.077618789749832,0.06714656476604561
154140,650.7861773200594,647.3322616295516,0.0,1.0784406620912816,0.06718938248559976
154200,651.2011408777067,647.745041846052,0.0,1.0792520878735972,0.06723222740913005
154260,651.6163680799126,648.1580843199368,0.0,1.0800603118945529,0.06727509955392035
154320,652.0318590941816,648.5713892178295,0.0,1.0779518205099465,0.0673179989372655
154380,652.4476140881252,648.9849567064595,0.0,1.0780788059218,0.06736092557647134
154440,652.863633229461,649.3987869526618,0.0,1.0781308155551934,0.06740387948885469
154500,653.2799166860133,649.8128801233778,0.0,1.0790244550501402,0.06744686069174338
154560,653.696464625713,650.2272363856549,0.0,1.0795310545943324,0.06748986920247624
154620,654.1132772165977,650.6418559066465,0.0,1.0779412160057908,0.06753290503840313
154680,654.5303546268116,651.056738853612,0.0,1.0784383184698505,0.06757596821688494
154740,654.9476970246059,651.4718853939177,0.0,1.077141871606741,0.06761905875529356
154800,655.3653045783389,651.8872956950356,0.0,1.0783922328303712,0.06766217667101196
154860,655.7831774564753,652.3029699245446,0.0,1.0802714605942916,0.06770532198143409
154920,656.2013158275877,652.7189082501295,0.0,1.0788767551688037,0.06774849470396503
154980,656.6197198603546,653.1351108395822,0.0,1.0785470245015223,0.06779169485602086
155040,657.0383897235629,653.551577860801,0.0,1.077181293712295,0.06783492245502874
155100,657.4573255861059,653.9683094817907,0.0,1.0780102310993487,0.06787817751842692
155160,657.8765276169845,654.385305870663,0.0,1.079240673311367,0.06792146006366472
155220,658.2959959853071,654.8025671956366,0.0,1.0793972224614967,0.06796477010820252
155280,658.7157308602893,655.2200936250365,0.0,1.0774446292323436,0.06800810766951182
155340,659.1357324112544,655.6378853272953,0.0,1.077797826639119,0.06805147276507523
155400,659.5560008076329,656.0559424709522,0.0,1.0776577013498814,0.06809486541238643
155460,659.9765362189636,656.4742652246537,0.0,1.079308560527508,0.06813828562895026
155520,660.3973388148924,656.8928537571533,0.0,1.0790916216569215,0.06818173343228265
155580,660.8184087651733,657.3117082373117,0.0,1.0790610993482463,0.06822520883991068
155640,661.2397462396683,657.730828834097,0.0,1.0759227311082313,0.06826871186937253
155700,661.6613514083468,658.1502157165847,0.0,1.0775783335766076,0.06831224253821758
155760,662.0832244412867,658.5698690539576,0.0,1.0789818544448644,0.06835580086400629
155820,662.5053655086737,658.989789015506,0.0,1.078785672512571,0.06839938686431032
155880,662.9277747808015,659.4099757706276,0.0,1.0798257058270115,0.06844300055671251
155940,663.3504524280726,659.8304294888283,0.0,1.0776629774980655,0.06848664195880681
156000,663.7733986209969,660.2511503397209,0.0,1.0772440776476662,0.06853031108819843
156060,664.1966135301934,660.6721384930265,0.0,1.0780673588269019,0.0685740079625037
156120,664.6200973263889,661.0933941185741,0.0,1.0787944901586402,0.06861773259935015
156180,665.0438501804192,661.5149173863,0.0,1.078635668937759,0.06866148501637655
156240,665.4678722632282,661.9367084662491,0.0,1.0786043785799548,0.06870526523123284
156300,665.8921637458687,662.358767528574,0.0,1.0761096041349372,0.0687490732615802
156360,666.3167247995021,662.7810947435356,0.0,1.0775324423040515,0.06879290912509098
156420,666.7415555953984,663.203690281503,0.0,1.0792523993010508,0.0688367728394488
156480,667.1666563049366,663.6265543129531,0.0,1.078785959447453,0.06888066442234855
156540,667.5920270996045,664.0496870084717,0.0,1.0790685373563815,0.06892458389149629
156600,668.0176681509988,664.4730885387523,0.0,1.077089448642973,0.06896853126460935
156660,668.4435796308254,664.8967590745978,0.0,1.0771058843054455,0.06901250655941633
156720,668.8697617108992,665.3206987869188,0.0,1.0793482761345221,0.06905650979365713
156780,669.2962145631442,665.7449078467348,0.0,1.0786698518117563,0.06910054098508282
156840,669.7229383595936,666.1693864251739,0.0,1.0792458807387466,0.06914460015145586
156900,670.1499332723901,666.5941346934729,0.0,1.0755973062136266,0.06918868731054993
156960,670.5771994737856,667.0191528229775,0.0,1.0768306021168517,0.06923280248015001
157020,671.0047371361416,667.4444409851423,0.0,1.0775874779249273,0.06927694567805238
157080,671.4325464319288,667.8699993515305,0.0,1.0787625543269563,0.06932111692206464
157140,671.8606275337278,668.2958280938149,0.0,1.0789090864278577,0.0693653162300057
157200,672.2889806142286,668.7219273837766,0.0,1.0767905101320365,0.06940954361970582
157260,672.7176058462313,669.1482973933065,0.0,1.0774419134185225,0.0694537991090065
157320,673.1465034026453,669.5749382944043,0.0,1.0773076802194776,0.06949808271576066
157380,673.57567345649,670.0018502591794,0.0,1.0781396226142153,0.06954239445783254
157440,674.0051161808951,670.42903345985,0.0,1.079725196367513,0.06958673435309772
157500,674.4348317490999,670.8564880687442,0.0,1.0779746508675847,0.06963110241944313
157560,674.8648203344537,671.2842142582994,0.0,1.0773406643762817,0.06967549867476709
157620,675.2950821104164,671.7122122010622,0.0,1.0768872685897402,0.06971992313697929
157680,675.7256172505575,672.1404820696897,0.0,1.0778510469501181,0.06976437582400079
157740,676.1564259285574,672.5690240369478,0.0,1.0787206278926738,0.06980885675376398
157800,676.5875083182062,672.9978382757128,0.0,1.078685974387091,0.06985336594421275
157860,677.0188645934052,673.4269249589703,0.0,1.0762774455233868,0.0698979034133023
157920,677.4504949281654,673.8562842598162,0.0,1.0763184425688541,0.06994246917899932
157980,677.8823994966089,674.2859163514564,0.0,1.0774013984411306,0.06998706325928185
158040,678.314578472968,674.7158214072064,0.0,1.079880979495299,0.07003168567213934
158100,678.7470320315862,675.1459996004924,0.0,1.077863544883337,0.07007633643557275
158160,679.1797603469172,675.5764511048502,0.0,1.078220313390336,0.0701210155675944
158220,679.6127635935261,676.0071760939265,0.0,1.0755170246360408,0.07016572308622807
158280,680.0460419460885,676.4381747414777,0.0,1.077133626790563,0.07021045900950902
158340,680.4795955793912,676.869447221371,0.0,1.0789056454470551,0.07025522335548398
158400,680.9134246683319,677.3009937075841,0.0,1.0782690245528892,0.07030001614221107
158460,681.3475293879194,677.7328143742047,0.0,1.0786915220031894,0.07034483738775994
158520,681.781909913274,678.1649093954319,0.0,1.0766247513509932,0.07038968711021173
158580,682.2165664196269,678.5972789455748,0.0,1.0767165623162143,0.07043456532765906
158640,682.6514990823209,679.0299231990534,0.0,1.0779578599717063,0.07047947205820601
158700,683.0867080768098,679.4628423303989,0.0,1.07846478577342,0.07052440731996819
158760,683.5221935786595,679.896036514253,0.0,1.0775550071889146,0.07056937113107271
158820,683.9579557635469,680.3295059253684,0.0,1.0775990354472713,0.07061436350965822
158880,684.3939948072607,680.7632507386089,0.0,1.075882922540995,0.07065938447387486
158940,684.8303108857012,681.1972711289496,0.0,1.077249826728024,0.07070443404188434
159000,685.2669041748809,681.6315672714762,0.0,1.0790621255554758,0.07074951223185988
159060,685.7037748509237,682.0661393413864,0.0,1.0780965510403715,0.07079461906198624
159120,686.1409230900651,682.5009875139885,0.0,1.0778630062854082,0.07083975455045977
159180,686.5783490686534,682.9361119647027,0.0,1.0752000006032798,0.07088491871548834
159240,687.0160529631481,683.3715128690604,0.0,1.0768982172344097,0.07093011157529142
159300,687.4540349501216,683.8071904027046,0.0,1.0781641912794904,0.07097533314810003
159360,687.8922952062578,684.2431447413895,0.0,1.0785524333034215,0.07102058345215681
159420,688.3308339083534,684.6793760609819,0.0,1.0775604183921057,0.07106586250571595
159480,688.769651233317,685.1158845374594,0.0,1.076827896157762,0.07111117032704323
159540,689.2087473581697,685.5526703469117,0.0,1.0764810474116429,0.0711565069344161
159600,689.6481224600452,685.9897336655408,0.0,1.0773739561657334,0.07120187234612355
159660,690.0877767161898,686.4270746696599,0.0,1.0781957131674873,0.07124726658046622
159720,690.5277103039622,686.8646935356949,0.0,1.078220694365946,0.0712926896557564
159780,690.9679234008339,687.3025904401834,0.0,1.0755687085800043,0.071338141590318
159840,691.4084161843891,687.7407655597752,0.0,1.0765714583347632,0.07138362240248652
159900,691.8491888323251,688.1792190712326,0.0,1.0774595208813096,0.0714291321106092
159960,692.2902415224514,688.6179511514299,0.0,1.0778016918014346,0.07147467073304485
160020,692.7315744326913,689.0569619773538,0.0,1.0789249292277223,0.07152023828816403
160080,693.1731877410806,689.4962517261038,0.0,1.0769531588461592,0.0715658347943489
160140,693.6150816257684,689.9358205748912,0.0,1.076306050340107,0.07161146026999334
160200,694.057256265017,690.3756687010407,0.0,1.0767589400854498,0.07165711473350288
160260,694.4997118372021,690.8157962819892,0.0,1.0776568834875369,0.07170279820329478
160320,694.9424485208121,691.2562034952864,0.0,1.0789381448323039,0.07174851069779799
160380,695.3854664944497,691.696890518595,0.0,1.076810644726327,0.07179425223545316
160440,695.8287659368303,692.1378575296901,0.0,1.0768940119073145,0.07184002283471265
160500,696.2723470267836,692.5791047064603,0.0,1.076231397942446,0.07188582251404059
160560,696.716209943252,693.0206322269069,0.0,1.0774330205765295,0.07193165129191277
160620,697.1603548652924,693.4624402691444,0.0,1.0780319867043058,0.07197750918681678
160680,697.6047819720752,693.9045290114005,0.0,1.076848245290943,0.07202339621725191
160740,698.0494914428846,694.3468986320161,0.0,1.0772214158535296,0.07206931240172924
160800,698.4944834571183,694.7895493094452,0.0,1.0754104028062699,0.07211525775877159
160860,698.9397581942887,695.2324812222555,0.0,1.076806298363501,0.07216123230691356
160920,699.3853158340219,695.675694549128,0.0,1.0787286912597283,0.07220723606470152
160980,699.8311565560581,696.1191894688573,0.0,1.077562784255107,0.07225326905069361
161040,700.2772805402518,696.5629661603515,0.0,1.0774494037978044,0.07229933128345979
161100,700.7236879665716,697.0070248026323,0.0,1.0757363564107973,0.0723454227815818
161160,701.1703790151006,697.4513655748353,0.0,1.0763937279478646,0.07239154356365318
161220,701.6173538660364,697.8959886562099,0.0,1.0777042330272983,0.07243769364827929
161280,702.0646126996909,698.3408942261193,0.0,1.0779719886838652,0.07248387305407733
161340,702.5121556964905,698.7860824640408,0.0,1.07634444505515,0.07253008179967628
161400,702.9599830369764,699.2315535495654,0.0,1.0765601867881807,0.07257631990371699
161460,703.4080949018045,699.6773076623987,0.0,1.0758786713350004,0.07262258738485217
161520,703.8564914717455,700.12334498236,0.0,1.0776997643993675,0.07266888426174636
161580,704.3051729276847,700.5696656893832,0.0,1.0776067400518252,0.07271521055307592
161640,704.7541394506227,701.0162699635164,0.0,1.0780136776963802,0.07276156627752918
161700,705.2033912216749,701.463157984922,0.0,1.0746230800008258,0.07280795145380622
161760,705.6529284220716,701.9103299338768,0.0,1.0761723100590832,0.0728543661006191
161820,706.1027512331585,702.3577859907725,0.0,1.0771837269362923,0.07290081023669172
161880,706.5528598363966,702.8055263361149,0.0,1.0772759417024684,0.07294728388075984
161940,707.0032544133619,703.253551150525,0.0,1.0785610593978758,0.07299378705157124
162000,707.4539351457458,703.7018606147383,0.0,1.076443053473397,0.07304031976788547
162060,707.9049022153555,704.150454909605,0.0,1.0758894716087946,0.0730868820484741
162120,708.3561558041131,704.5993342160905,0.0,1.0763764765792145,0.0731334739121206
162180,708.8076960940568,705.048498715275,0.0,1.0771908874419553,0.07318009537762037
162240,709.2595232673405,705.4979485883537,0.0,1.0773745538776018,0.07322674646378072
162300,709.7116375062333,705.947684016637,0.0,1.0773294987257238,0.07327342718942097
162360,710.1640389931205,706.3977051815507,0.0,1.0746378201959474,0.07332013757337234
162420,710.6167279105031,706.8480122646354,0.0,1.0759840801150662,0.07336687763447808
162480,711.0697044409982,707.2986054475473,0.0,1.0775346909988002,0.07341364739159333
162540,711.522968767339,707.749484912058,0.0,1.0773321405247844,0.07346044686358526
162600,711.9765210723746,708.2006508400549,0.0,1.0778734032643882,0.07350727606933304
162660,712.4303615390702,708.6521034135404,0.0,1.0758553569694052,0.07355413502772779
162720,712.8844903505075,709.1038428146328,0.0,1.0755871346763954,0.07360102375767265
162780,713.3389076898844,709.5558692255663,0.0,1.0775566013361957,0.07364794227808279
162840,713.7936137405152,710.0081828286906,0.0,1.0771815910614215,0.0736948906078854
162900,714.2486086858307,710.4607838064711,0.0,1.0778972806000864,0.07374186876601964
162960,714.7038927093781,710.9136723414896,0.0,1.0744766852488932,0.07378887677143676
163020,715.1594659948214,711.3668486164437,0.0,1.0753681859499589,0.07383591464310003
163080,715.6153287259413,711.8203128141469,0.0,1.0759450059272377,0.07388298239998478
163140,716.0714810866349,712.274065117529,0.0,1.0772256841234515,0.07393008006107839
163200,716.5279232609166,712.7281057096361,0.0,1.0774479976928948,0.07397720764538027
163260,716.9846554329175,713.1824347736306,0.0,1.0756569105987723,0.07402436517190195
163320,717.4416777868857,713.637052492791,0.0,1.0761555529566875,0.07407155265966701
163380,717.8989905071865,714.0919590505125,0.0,1.075493580889267,0.07411877012771115
163440,718.356593778302,714.5471546303067,0.0,1.0765326609523937,0.07416601759508211
163500,718.8144877848318,715.002639415802,0.0,1.0782644469115434,0.07421329508083976
163560,719.2726727114928,715.4584135907432,0.0,1.076681875455162,0.0742606026040561
163620,719.7311487431191,715.9144773389919,0.0,1.0761478303557845,0.07430794018381524
163680,720.1899160646622,716.3708308445266,0.0,1.0752532947627036,0.07435530783921339
163740,720.6489748611913,716.8274742914426,0.0,1.0761850884385078,0.0744027055893589
163800,721.1083253178932,717.2844078639525,0.0,1.0772536548608984,0.07445013345337226
163860,721.5679676200721,717.7416317463855,0.0,1.0772986039793053,0.0744975914503861
163920,722.0279019531499,718.1991461231878,0.0,1.0751607688774318,0.07454507959954529
163980,722.4881285026668,718.6569511789235,0.0,1.0746661654574727,0.07459259792000673
164040,722.9486474542804,719.1150470982732,0.0,1.075784842076509,0.0746401464309396
164100,723.4094589937664,719.5734340660354,0.0,1.0782658794316629,0.07468772515152515
164160,723.8705633070185,720.0321122671254,0.0,1.0765981916152891,0.07473533410095695
164220,724.3319605800488,720.4910818865767,0.0,1.0769051555804625,0.07478297329844065
164280,724.793650998987,720.9503431095399,0.0,1.0739580493324643,0.07483064276319418
164340,725.2556347500818,721.4098961212833,0.0,1.0755774889990908,0.07487834251444762
164400,725.7179120196995,721.869741107193,0.0,1.0771617582414217,0.07492607257144332
164460,726.1804829943252,722.3298782527728,0.0,1.076790697794738,0.0749738329534358
164520,726.6433478605625,722.7903077436446,0.0,1.0774642966278938,0.07502162367969187
164580,727.1065068051334,723.2510297655476,0.0,1.0753446313884774,0.07506944476949055
164640,727.5699600148787,723.7120445043398,0.0,1.0751725058490098,0.07511729624212311
164700,728.0337076767576,724.1733521459969,0.0,1.0762664925983787,0.07516517811689309
164760,728.4977499778485,724.6349528766126,0.0,1.0768841875145472,0.07521309041311627
164820,728.9620871053484,725.0968468823991,0.0,1.0763308861662617,0.07526103315012074
164880,729.4267192465733,725.5590343496868,0.0,1.0763091598936931,0.07530900634724681
164940,729.8916465889581,726.0215154649246,0.0,1.0741986521272802,0.07535701002384715
165000,730.3568693200572,726.4842904146798,0.0,1.0756090392536135,0.07540504419928667
165060,730.8223876275434,726.947359385638,0.0,1.0774056068126128,0.07545310889294261
165120,731.2882016992096,727.4107225646037,0.0,1.0766798495273626,0.07550120412420454
165180,731.7543117229674,727.8743801385,0.0,1.0766619519464493,0.07554932991247429
165240,732.2207178868479,728.3383322943688,0.0,1.0734939575992084,0.07559748627716606
165300,732.6874203790019,728.8025792193708,0.0,1.07526371453782,0.07564567323770638
165360,733.1544193876994,729.2671211007855,0.0,1.0764507303403443,0.07569389081353411
165420,733.6217151013304,729.7319581260116,0.0,1.077309658434021,0.0757421390241005
165480,734.0893077084044,730.1970904825668,0.0,1.0762203338357594,0.07579041788886907
165540,734.5571973975506,730.6625183580875,0.0,1.075602255409017,0.07583872742731582
165600,735.0253843575181,731.1282419403302,0.0,1.0748128825413223,0.07588706765892902
165660,735.493868777176,731.59426141717,0.0,1.075697550093146,0.07593543860320941
165720,735.9626508455132,732.0605769766014,0.0,1.07672002349475,0.07598384027967005
165780,736.431730751639,732.5271888067388,0.0,1.0767937836003618,0.07603227270783643
165840,736.9011086847825,732.9940970958155,0.0,1.0743530736091944,0.07608073590724646
165900,737.3707848342932,733.461302032185,0.0,1.075160519893743,0.07612922989745041
165960,737.8407593896409,733.9288038043201,0.0,1.0756176389164211,0.07617775469801104
166020,738.3110325404157,734.3966026008131,0.0,1.0761996110755654,0.07622631032850348
166080,738.7816044763283,734.8646986103769,0.0,1.0775308056354282,0.07627489680851533
166140,739.2524753872098,735.3330920218438,0.0,1.0756563631630762,0.07632351415764664
166200,739.7236454630118,735.8017830241657,0.0,1.0749645602804694,0.0763721623955099
166260,740.195114893807,736.2707718064154,0.0,1.0750227995623056,0.07642084154173003
166320,740.6668838697886,736.7400585577852,0.0,1.0759737543234713,0.07646955161594446
166380,741.1389525812706,737.209643467588,0.0,1.0776233190845879,0.0765182926378031
166440,741.6113212186877,737.6795267252564,0.0,1.0755376474702734,0.07656706462696831
166500,742.0839899725962,738.149708520344,0.0,1.075604286875762,0.07661586760311499
166560,742.556959033673,738.6201890425245,0.0,1.0742959577481834,0.07666470158593049
166620,743.0302285927161,739.0909684815922,0.0,1.0757391003696624,0.07671356659511469
166680,743.503798840645,739.5620470274619,0.0,1.0764212490486909,0.07676246265037998
166740,743.9776699685003,740.033424870169,0.0,1.0756158833524507,0.0768113897714513
166800,744.4518421674442,740.5051021998701,0.0,1.0758799114077158,0.0768603479780661
166860,744.9263156287601,740.977079206842,0.0,1.0736718297411938,0.07690933728997437
166920,745.401090543853,741.4493560814826,0.0,1.075152767804703,0.07695835772693864
166980,745.8761671042496,741.921933014311,0.0,1.0770465095181343,0.07700740930873401
167040,746.3515455015984,742.3948101959671,0.0,1.0761161364839467,0.07705649205514815
167100,746.8272259276691,742.8679878172119,0.0,1.0762161335720912,0.0771056059859813
167160,747.303208574354,743.3414660689277,0.0,1.0742974042223123,0.07715475112104626
167220,747.7794936336669,743.8152451421182,0.0,1.0747238831136052,0.07720392748016844
167280,748.2560812977434,744.2893252279083,0.0,1.0760435061931024,0.07725313508318582
167340,748.7329717588416,744.7637065175445,0.0,1.0764206190070462,0.077302373949949
167400,749.2101652093415,745.2383892023943,0.0,1.0751227303155468,0.0773516441003212
167460,749.6876618417457,745.7133734739474,0.0,1.0752222596342242,0.07740094555417827
167520,750.1654618486784,746.1886595238147,0.0,1.0740603954585854,0.07745027833140866
167580,750.6435654228869,746.6642475437293,0.0,1.0753104792478039,0.07749964245191346
167640,751.1219727572403,747.1401377255457,0.0,1.077040117467379,0.07754903793560641
167700,751.600684044731,747.6163302612405,0.0,1.0752057730233127,0.0775984648024139
167760,752.0796994784732,748.0928253429122,0.0,1.075303385236298,0.07764792307227499
167820,752.5590192517045,748.5696231627812,0.0,1.0738665913791303,0.0776974127651414
167880,753.0386435577848,749.0467239131906,0.0,1.0757389737167158,0.07774693390097753
167940,753.5185725901971,749.5241277866049,0.0,1.0756742709812197,0.07779648649976047
168000,753.9988065425471,750.0018349756116,0.0,1.0771606733156418,0.07784607058147996
168060,754.4793456085638,750.4798456729201,0.0,1.075103571321019,0.07789568616613853
168120,754.9601899820991,750.9581600713623,0.0,1.0745717584801433,0.0779453332737513
168180,755.4413398571282,751.4367783638927,0.0,1.074587024258833,0.07799501192434621
168240,755.9227954277493,751.9157007435884,0.0,1.075469508656109,0.07804472213796387
168300,756.4045568881841,752.3949274036494,0.0,1.0759690673002062,0.07809446393465763
168360,756.8866244327776,752.8744585373979,0.0,1.075938262202616,0.0781442373344936
168420,757.3689982559983,753.3542943382794,0.0,1.0731955934387405,0.07819404235755063
168480,757.8516785524386,753.8344349998621,0.0,1.0743878015887116,0.07824387902392031
168540,758.3346655168137,754.3148807158371,0.0,1.0756766594873257,0.07829374735370702
168600,758.8179593439635,754.795631680019,0.0,1.0757434765718208,0.0783436473670279
168660,759.301560228851,755.2766880863448,0.0,1.0765536260787838,0.07839357908401284
168720,759.7854683665634,755.7580501288754,0.0,1.0745436407871847,0.07844354252480461
168780,760.2696839523115,756.2397180017947,0.0,1.074040531421255,0.07849353770955866
168840,760.7542071814306,756.72169189941,0.0,1.0756104900141235,0.07854356465844335
168900,761.2390382493799,757.2039720161519,0.0,1.0755549529675776,0.0785936233916398
168960,761.7241773517425,757.6865585465748,0.0,1.076412557001546,0.07864371392934193
169020,762.2096246842262,758.1694516853566,0.0,1.0733303719937786,0.07869383629175655
169080,762.6953804426629,758.652651627299,0.0,1.0739183534319199,0.0787439904991033
169140,763.181444823009,759.1361585673271,0.0,1.074225613881615,0.07879417657161458
169200,763.6678180213454,759.6199727004903,0.0,1.0755417706803776,0.07884439452953577
169260,764.1545002338775,760.1040942219616,0.0,1.0758552941019965,0.07889464439312505
169320,764.6414916569354,760.5885233270382,0.0,1.0744278786593933,0.07894492618265342
169380,765.128792486974,761.073260211141,0.0,1.0747937974619988,0.07899523991840487
169440,765.616402920573,761.5583050698158,0.0,1.0735959142624887,0.0790455856206762
169500,766.1043231544369,762.043658098732,0.0,1.0748155894641702,0.07909596330977714
169560,766.5925533853953,762.5293194936833,0.0,1.0766519873532652,0.07914637300603027
169620,767.0810938104026,763.0152894505884,0.0,1.0752674471700234,0.07919681472977116
169680,767.5699446265388,763.5015681654899,0.0,1.074889818727837,0.07924728850134824
169740,768.0591060310088,763.9881558345552,0.0,1.0735801095118347,0.07929779434112291
169800,768.5485782211426,764.4750526540762,0.0,1.0744213993974783,0.07934833226946945
169860,769.038361394396,764.9622588204695,0.0,1.0756376699863854,0.07939890230677517
169920,769.5284557483501,765.4497745302768,0.0,1.0757803479997916,0.07944950447344025
169980,770.0188614807113,765.9375999801645,0.0,1.0738275984103614,0.07950013878987787
170040,770.509578789312,766.4257353669234,0.0,1.0741495809970631,0.07955080527651419
170100,771.0006078721099,766.9141808874704,0.0,1.074062827306492,0.0796015039537883
170160,771.4919489271888,767.4029367388466,0.0,1.0756870367086424,0.07965223484215234
170220,771.9836021527582,767.8920031182188,0.0,1.0754735953806227,0.07970299796207139
170280,772.4755677471534,768.3813802228789,0.0,1.075392182913712,0.07975379333402358
170340,772.9678459088359,768.8710682502441,0.0,1.072326964276296,0.0798046209785
170400,773.4604368363933,769.3610673978569,0.0,1.0739364657453438,0.07985548091600479
170460,773.9533407285395,769.8513778633858,0.0,1.0753522025170723,0.07990637316705511
170520,774.4465577841142,770.3419998446243,0.0,1.0751584992582612,0.07995729775218116
170580,774.9400882020839,770.8329335394919,0.0,1.0761518149300844,0.0800082546919262
170640,775.4339321815411,771.3241791460339,0.0,1.0740102754876075,0.08005924400684648
170700,775.9280899217051,771.8157368624212,0.0,1.0735910420483232,0.08011026571751138
170760,776.4225616219219,772.3076068869507,0.0,1.07442938951268,0.08016131984450332
170820,776.9173474816636,772.7997894180455,0.0,1.0751555172307372,0.08021240640841779
170880,777.4124477005296,773.2922846542546,0.0,1.074988500780164,0.08026352542986337
170940,777.9078624782455,773.7850927942527,0.0,1.074935484502249,0.08031467692946176
171000,778.4035920146648,774.2782140368414,0.0,1.0724733685449317,0.08036586092784771
171060,778.899636509767,774.7716485809484,0.0,1.0738753880239191,0.08041707744566913
171120,779.3959961636589,775.2653966256277,0.0,1.0755845529216699,0.080468326503587
171180,779.8926711765747,775.7594583700596,0.0,1.0751269418923342,0.08051960812227547
171240,780.3896617488756,776.2538340135516,0.0,1.0753810892923872,0.08057092232242183
171300,780.8869680810501,776.748523755537,0.0,1.071780617676458,0.08062226912472646
171360,781.3845903737144,777.2435277955764,0.0,1.0735589999155877,0.08067364854990294
171420,781.8825288276115,777.7388463333568,0.0,1.0745902537225949,0.08072506061867801
171480,782.3807836436126,778.2344795686923,0.0,1.07591795797587,0.08077650535179152
171540,782.8793550227163,778.730427701524,0.0,1.074765060258906,0.0808279827699966
171600,783.3782431660486,779.22669093192,0.0,1.0743445049023983,0.08087949289405946
171660,783.8774482748639,779.7232694600752,0.0,1.0730911195830355,0.08093103574475956
171720,784.376970550544,780.2201634863121,0.0,1.0739084981117784,0.08098261134288957
171780,784.8768101945985,780.7173732110803,0.0,1.0750883564563332,0.08103421970925531
171840,785.3769674086657,781.2148988349567,0.0,1.075237525564716,0.0810858608646759
171900,785.8774423945113,781.7127405586458,0.0,1.0730797320828664,0.08113753482998363
171960,786.3782353540295,782.2108985829794,0.0,1.0737173160639708,0.08118924162602406
172020,786.879346489243,782.7093731089171,0.0,1.0736416466122145,0.08124098127365596
172080,787.3807760023024,783.208164337546,0.0,1.07446122134705,0.0812927537937514
172140,787.8825240954868,783.7072724700812,0.0,1.075997898033153,0.08134455920719565
172200,788.3845909712045,784.2066977078654,0.0,1.0742594343674927,0.08139639753488728
172260,788.8869768319913,784.7064402523692,0.0,1.0736020719165325,0.08144826879773814
172320,789.3896818805126,785.2065003051918,0.0,1.073194069552013,0.0815001730166734
172380,789.8927063195621,785.7068780680594,0.0,1.074160678441035,0.08155211021263145
172440,790.3960503520624,786.2075737428272,0.0,1.0761585730846144,0.08160408040656404
172500,790.899714181065,786.7085875314785,0.0,1.0741526566282562,0.0816560836194362
172560,791.4036980097507,787.2099196361248,0.0,1.0742480305701503,0.08170811987222631
172620,791.9080020414291,787.7115702590061,0.0,1.0722594091833935,0.08176018918592606
172680,792.412626479539,788.2135396024905,0.0,1.073908230214,0.08181229158154049
172740,792.9175715276486,788.7158278690756,0.0,1.0746707618901792,0.08186442708008795
172800,793.4228373894551,789.2184352613866,0.0,1.0742601089107437,0.08191659570260018
172860,793.9284242687856,789.7213619821782,0.0,1.0744416323235035,0.08196879747012226
172920,794.4343323695964,790.2246082343335,0.0,1.0718869903391475,0.08202103240371267
172980,794.9405618959734,790.7281742208646,0.0,1.073409235588111,0.08207330052444325
173040,795.4471130521321,791.2320601449128,0.0,1.0752071226745707,0.08212560185339923
173100,795.953986042418,791.7362662097481,0.0,1.074535993881406,0.08217793641167923
173160,796.4611810713063,792.2407926187699,0.0,1.0748899876047184,0.08223030422039528
173220,796.968698343402,792.7456395755066,0.0,1.0728561705716109,0.08228270530067282
173280,797.4765380634401,793.2508072836163,0.0,1.0729793697197207,0.08233513967365072
173340,797.9847004362861,793.756295946886,0.0,1.0742348432431545,0.08238760736048129
173400,798.4931856669349,794.2621057692327,0.0,1.074730492825306,0.08244010838233023
173460,799.0019939605122,794.7682369547026,0.0,1.0737935099633624,0.08249264276037675
173520,799.5111255222739,795.2746897074716,0.0,1.0738052229979589,0.0825452105158135
173580,800.0205805576064,795.7814642318452,0.0,1.0721644969427946,0.08259781166984656
173640,800.5303592720264,796.2885607322592,0.0,1.073510165419837,0.08265044624369551
173700,801.0404618711814,796.7959794132786,0.0,1.075294637080348,0.08270311425859342
173760,801.5508885608491,797.3037204795991,0.0,1.073923225550981,0.08275581573578683
173820,802.0616395469385,797.8117841360456,0.0,1.073861007035428,0.0828085506965358
173880,802.5727150354892,798.3201705875739,0.0,1.0722176300074688,0.08286131916211385
173940,803.0841152326716,798.8288800392696,0.0,1.0737131683205152,0.0829141211538081
174000,803.5958403447872,799.3379126963488,0.0,1.0739159568539163,0.0829669566929191
174060,804.1078905782684,799.8472687641578,0.0,1.0756131757882992,0.083019825800761
174120,804.6202661396793,800.3569484481736,0.0,1.073658141288041,0.08307272849866149
174180,805.1329672357145,800.8669519540035,0.0,1.0731647721078272,0.08312566480796175
174240,805.6459940732003,801.3772794873855,0.0,1.0727325714074856,0.08317863475001658
174300,806.1593468590945,801.8879312541885,0.0,1.0736430084398503,0.08323163834619435
174360,806.673025800486,802.398907460412,0.0,1.0744082017079166,0.08328467561787695
174420,807.1870311045959,802.9102083121863,0.0,1.0744080982819622,0.0833377465864599
174480,807.7013629787764,803.421834015773,0.0,1.0717814172320836,0.08339085127335231
174540,808.2160216305116,803.9337847775645,0.0,1.0727512688077783,0.08344398969997688
174600,808.7310072674173,804.4460608040843,0.0,1.0737038400685333,0.0834971618877699
174660,809.2463200972418,804.9586623019873,0.0,1.0740250071292399,0.08355036785818133
174720,809.7619603278646,805.4715894780595,0.0,1.0750742069136001,0.08360360763267474
174780,810.2779281672977,805.9848425392182,0.0,1.0731193664226517,0.08365688123272734
174840,810.7942238236852,806.4984216925127,0.0,1.0724692961358118,0.08371018867982995
174900,811.3108475053035,807.0123271451232,0.0,1.0735363566715255,0.08376352999548707
174960,811.8277994205612,807.526559104362,0.0,1.0737984618866672,0.08381690520121687
175020,812.3450797779994,808.0411177776728,0.0,1.0747788206865432,0.08387031431855117
175080,812.8626887862916,808.5560033726312,0.0,1.0721168080368155,0.0839237573690355
175140,813.3806266542439,809.0712160969446,0.0,1.0724345844242877,0.08397723437422903
175200,813.8988935907952,809.5867561584527,0.0,1.0724447235491619,0.0840307453557047
175260,814.4174898050171,810.102623765127,0.0,1.073722127653983,0.0840842903350491
175320,814.9364155061139,810.618819125071,0.0,1.0741322417012822,0.08413786933386254
175380,815.4556709034229,811.1353424465207,0.0,1.073071804519754,0.08419148237375908
175440,815.9752562064144,811.6521939378442,0.0,1.0733233985065944,0.08424512947636649
175500,816.4951716246918,812.1693738075422,0.0,1.0716459375938328,0.0842988106633263
175560,817.0154173679916,812.6868822642476,0.0,1.07300197751666,0.08435252595629376
175620,817.5359936461838,813.2047195167258,0.0,1.0748827397290155,0.0844062753769379
175680,818.0569006692714,813.7228857738753,0.0,1.0737152704060828,0.08446005894694152
175740,818.5781386473909,814.241381244727,0.0,1.0735232356878157,0.08451387668800117
175800,819.0997077908127,814.7602061384446,0.0,1.071885007859516,0.08456772862182724
175860,819.62160830994,815.2793606643245,0.0,1.0725753256199313,0.08462161477014385
175920,820.1438404153106,815.7988450317966,0.0,1.0738748319211897,0.08467553515468897
175980,820.6664043175955,816.3186594504236,0.0,1.0741229877565637,0.08472948979721431
176040,821.1893002275997,816.8388041299013,0.0,1.0724715683549915,0.08478347871948552
176100,821.7125283562619,817.3592792800584,0.0,1.0726529074371713,0.08483750194328196
176160,822.2360889146554,817.8800851108577,0.0,1.0720682013651266,0.08489155949039691
176220,822.7599821139868,818.4012218323949,0.0,1.0738514717971848,0.08494565138263746
176280,823.2842081655974,818.922689654899,0.0,1.0737586187547448,0.08499977764182452
176340,823.808767280963,819.444488788733,0.0,1.0740742237573082,0.08505393828979295
176400,824.3336596716932,819.9666194443932,0.0,1.0707825349913822,0.0851081333483914
176460,824.8588855495324,820.48908183251,0.0,1.0722748312804746,0.08516236283948246
176520,825.3844451263593,821.0118761638471,0.0,1.0733375972304844,0.08521662678494257
176580,825.9103386141874,821.5350026493029,0.0,1.0734169874222985,0.08527092520666207
176640,826.4365662251648,822.0584614999088,0.0,1.0746342021756192,0.08532525812654528
176700,826.9631281715747,822.5822529268311,0.0,1.0725380954167896,0.08537962556651033
176760,827.4900246658345,823.1063771413699,0.0,1.0719796096734582,0.08543402754848933
176820,828.0172559204973,823.6308343549598,0.0,1.0725104805052874,0.08548846409442833
176880,828.5448221482508,824.1556247791692,0.0,1.0733223805141623,0.08554293522628732
176940,829.0727235619179,824.6807486257015,0.0,1.0734801313844082,0.08559744096604023
177000,829.6009603744566,825.2062061063942,0.0,1.073411186664911,0.08565198133567495
177060,830.1295327989606,825.7319974332198,0.0,1.0707631134232358,0.08570655635719335
177120,830.6584410486586,826.258122818285,0.0,1.07208472668015,0.08576116605261128
177180,831.1876853369149,826.7845824738316,0.0,1.073639107712708,0.08581581044395857
177240,831.7172658772296,827.3113766122362,0.0,1.0734348754542657,0.08587048955327904
177300,832.247182883238,827.8385054460101,0.0,1.0739279395675891,0.08592520340263053
177360,832.7774365687114,828.3659691877998,0.0,1.0701361977312562,0.08597995201408491
177420,833.308027147557,828.893768050387,0.0,1.0718115868211313,0.086034735409728
177480,833.8389548338175,829.4219022466884,0.0,1.0726422293361628,0.08608955361165975
177540,834.3702198416721,829.9503719897563,0.0,1.0743279034737552,0.0861444066419941
177600,834.9018223854357,830.4791774927778,0.0,1.0731647863377383,0.08619929452285903
177660,835.4337626795595,831.0083189690758,0.0,1.0729537969717873,0.08625421727639661
177720,835.9660409386312,831.5377966321089,0.0,1.0713504107772314,0.08630917492476295
177780,836.4986573773743,832.067610695471,0.0,1.0720487327319883,0.08636416749012824
177840,837.0316122106492,832.5977613728918,0.0,1.0733109631204558,0.08641919499467678
177900,837.5649056534525,833.128248878237,0.0,1.0735410897114641,0.08647425746060694
177960,838.0985379209175,833.6590734255077,0.0,1.0716926214462492,0.08652935491013122
178020,838.6325092283143,834.1902352288414,0.0,1.0721739567816195,0.0865844873654762
178080,839.1668197910498,834.7217345025116,0.0,1.0716002781753031,0.08663965484888261
178140,839.7014698246672,835.2535714609277,0.0,1.0726164748910283,0.08669485738260528
178200,840.2364595448477,835.7857463186356,0.0,1.0742950540845617,0.08675009498891322
178260,840.7717891674085,836.3182592903172,0.0,1.0727192518365223,0.08680536769008952
178320,841.3074589083045,836.8511105907911,0.0,1.072146652373456,0.08686067550843152
178380,841.8434689836274,837.3843004350123,0.0,1.0713164202952734,0.08691601846625063
178440,842.3798196096068,837.9178290380722,0.0,1.0722564169511886,0.08697139658587254
178500,842.9165110026089,838.4516966151991,0.0,1.0733019149524936,0.08702680988963704
178560,843.4535433791381,838.985903381758,0.0,1.073328403859059,0.08708225839989815
178620,843.9909169558358,839.5204495532505,0.0,1.071189894617801,0.08713774213902407
178680,844.5286319494813,840.0553353453154,0.0,1.070723403574539,0.08719326112939724
178740,845.0666885769917,840.5905609737282,0.0,1.071829362024513,0.08724881539341432
178800,845.6050870554219,841.1261266544019,0.0,1.0742653419890245,0.08730440495348617
178860,846.1438276019645,841.6620326033864,0.0,1.0726331730873857,0.08736002983203789
178920,846.6829104339502,842.1982790368688,0.0,1.0729065935958635,0.08741569005150888
178980,847.2223357688478,842.7348661711737,0.0,1.0700124644617226,0.08747138563435271
179040,847.7621038242643,843.2717942227634,0.0,1.071595272782558,0.0875271166030373
179100,848.3022148179448,843.8090634082372,0.0,1.0731834258039192,0.08758288298004481
179160,848.842668967773,844.3466739443321,0.0,1.0728131480589873,0.08763868478787168
179220,849.3834664917707,844.8846260479232,0.0,1.0734368328572015,0.08769452204902865
179280,849.9246076080987,845.4229199360232,0.0,1.0713410381743673,0.08775039478604074
179340,850.4660925350559,845.9615558257824,0.0,1.071176939645355,0.08780630302144733
179400,851.0079214910802,846.5005339344895,0.0,1.0722807947792392,0.08786224677780205
179460,851.5500946947482,847.0398544795709,0.0,1.0728950312387984,0.08791822607767294
179520,852.0926123647753,847.5795176785913,0.0,1.0723327445511996,0.08797424094364231
179580,852.635474720016,848.1195237492537,0.0,1.0722855426502194,0.08803029139830686
179640,853.1786819794637,848.6598729093994,0.0,1.0702137755984342,0.08808637746427762
179700,853.7222343622509,849.2005653770078,0.0,1.0716061378696549,0.08814249916418002
179760,854.2661320876497,849.7416013701974,0.0,1.0733852908886972,0.08819865652065384
179820,854.8103753750712,850.2829811072244,0.0,1.072495630042255,0.08825484955635322
179880,855.3549644440657,850.8247048064846,0.0,1.0723007578079222,0.08831107829394674
179940,855.8998995143235,851.3667726865119,0.0,1.0705587868349877,0.08836734275611736
180000,856.4451808056741,851.9091849659793,0.0,1.0715447579124864,0.08842364296556246
180060,856.9908085380868,852.4519418636988,0.0,1.0720294619398059,0.08847997894499382
180120,857.5367829316705,852.9950435986215,0.0,1.073902718690187,0.08853635071713768
180180,858.0831042066744,853.5384903898371,0.0,1.0720866675287346,0.0885927583047347
180240,858.629772583487,854.0822824565751,0.0,1.0716994155540107,0.08864920173053999
180300,859.1767882826375,854.6264200182037,0.0,1.070802661771566,0.0887056810173231
180360,859.7241515247945,855.1709032942312,0.0,1.0716981313001928,0.08876219618786811
180420,860.2718625307673,855.7157325043046,0.0,1.072686194468702,0.08881874726497348
180480,860.8199215215053,856.260907868211,0.0,1.0727399077631965,0.08887533427145224
180540,861.3683287180984,856.8064296058768,0.0,1.0703178392363097,0.08893195723013185
180600,861.9170843417769,857.3522979373686,0.0,1.0710832616671548,0.08898861616385435
180660,862.4661886139115,857.8985130828922,0.0,1.0715979442785057,0.08904531109547621
180720,863.0156417560139,858.4450752627937,0.0,1.0721658555179814,0.08910204204786847
180780,863.5654439897361,858.9919846975591,0.0,1.0734425805557612,0.0891588090439167
180840,864.1155955368713,859.5392416078146,0.0,1.0715829051934687,0.08921561210652094
180900,864.6660966193534,860.0868462143263,0.0,1.0708765811181669,0.08927245125859591
180960,865.2169474592575,860.6347987380008,0.0,1.0709778982168083,0.0893293265230708
181020,865.7681482787996,861.1830993998848,0.0,1.0719285426488827,0.08938623792288938
181080,866.3196993003369,861.7317484211659,0.0,1.0735156012128748,0.08944318548100998
181140,866.8716007463679,862.2807460231718,0.0,1.0714651056733264,0.08950016922040556
181200,867.4238528395326,862.8300924273708,0.0,1.0714963948901624,0.08955718916406365
181260,867.9764558026123,863.3797878553725,0.0,1.0702495677386314,0.08961424533498638
181320,868.5294098585299,863.9298325289263,0.0,1.0716750486004165,0.08967133775619052
181380,869.0827152303499,864.4802266699237,0.0,1.072352477890682,0.08972846645070744
181440,869.6363721412785,865.0309705003959,0.0,1.0715389770561716,0.08978563144158315
181500,870.1903808146639,865.5820642425163,0.0,1.071772534860053,0.0898428327518783
181560,870.7447414739958,866.1335081185987,0.0,1.069609235385956,0.0899000704046682
181620,871.2994543429063,866.6853023510984,0.0,1.0710677118571192,0.0899573444230428
181680,871.8545196451694,867.237447162612,0.0,1.072941994311815,0.09001465483010673
181740,872.4099376047013,867.7899427758779,0.0,1.0720223614159319,0.09007200164897933
181800,872.9657084455605,868.3427894137753,0.0,1.072088043284724,0.0901293849027946
181860,873.5218323919478,868.8959872993255,0.0,1.0701918586161039,0.09018680461470122
181920,874.0783096682065,869.4495366556914,0.0,1.0706240830017608,0.0902442608078626
181980,874.6351404988224,870.0034377061777,0.0,1.0719399173069115,0.09030175350545688
182040,875.1923251084237,870.5576906742308,0.0,1.072312970493237,0.0903592827306769
182100,875.7498637217819,871.1122957834393,0.0,1.071020513402795,0.09041684850673024
182160,876.3077565638108,871.6672532575338,0.0,1.0710919135521313,0.09047445085683924
182220,876.8660038595673,872.2225633203869,0.0,1.0699548350760246,0.09053208980424098
182280,877.4246058342511,872.7782261960137,0.0,1.0718340846880694,0.09058976537218733
182340,877.9835627132053,873.3342421085714,0.0,1.071890334759832,0.09064747758394488
182400,878.5428747219158,873.8906112823596,0.0,1.0726549584533736,0.09070522646279505
182460,879.102542086012,874.4473339418206,0.0,1.0692789030943892,0.09076301203203403
182520,879.6625650312667,875.0044103115391,0.0,1.0705876548981441,0.09082083431497284
182580,880.222943783596,875.5618406162426,0.0,1.071156875361681,0.09087869333493724
182640,880.7836785690595,876.1196250808014,0.0,1.0715247496349432,0.09093658911526789
182700,881.3447696138605,876.6777639302285,0.0,1.0729774591077001,0.09099452167932023
182760,881.9062171443461,877.2362573896802,0.0,1.0709658707784222,0.09105249105046458
182820,882.4680213870072,877.7951056844556,0.0,1.070355261702057,0.09111049725208607
182880,883.0301825684784,878.3543090399969,0.0,1.070463760839003,0.09116854030758469
182940,883.5927009155384,878.9138676818895,0.0,1.0713410213571424,0.09122662024037531
183000,884.15557665511,879.4737818358625,0.0,1.0718195447963073,0.09128473707388768
183060,884.7188100142604,880.0340517277881,0.0,1.0717665060621082,0.09134289083156644
183120,885.2824012202005,880.5946775836819,0.0,1.069055970210575,0.0914010815368711
183180,885.8463505002862,881.1556596297033,0.0,1.0702227220442906,0.09145930921327608
183240,886.4106580820174,881.7169980921554,0.0,1.0715271925722858,0.09151757388427076
183300,886.9753241930385,882.2786931974852,0.0,1.0715900898012816,0.0915758755733594
183360,887.5403490611391,882.8407451722832,0.0,1.0723506112688974,0.09163421430406117
183420,888.1057329142528,883.403154243284,0.0,1.0685510588614788,0.09169259009991026
183480,888.6714759804587,883.9659206373665,0.0,1.0700228789051849,0.09175100298445572
183540,889.2375784879802,884.5290445815534,0.0,1.070556185687632,0.09180945298126165
183600,889.8040406651861,885.0925263030119,0.0,1.0725570517253138,0.09186794011390705
183660,890.3708627405902,885.6563660290535,0.0,1.0714237612053814,0.09192646440598595
183720,890.9380449428512,886.220563987134,0.0,1.0714801405861767,0.09198502588110735
183780,891.5055875007737,886.7851204048536,0.0,1.0695958483665646,0.09204362456289523
183840,892.073490643307,887.3500355099575,0.0,1.0700886067071653,0.09210226047498861
183900,892.6417545995461,887.9153095303352,0.0,1.071367708957437,0.09216093364104154
183960,893.210379598732,888.4809426940213,0.0,1.071696210312874,0.09221964408472307
184020,893.7793658702506,889.046935229195,0.0,1.0702032202952105,0.09227839182971728
184080,894.3487136436339,889.6132873641807,0.0,1.0705499176362496,0.09233717689972332
184140,894.9184231485599,890.1799993274477,0.0,1.06944426660075,0.09239599931845538
184200,895.4884946148522,890.7470713476105,0.0,1.0706371928454756,0.09245485910964274
184260,896.0589282724808,891.314503653429,0.0,1.0724286995374706,0.09251375629702974
184320,896.6297243515614,891.8822964738083,0.0,1.0710478879528171,0.09257269090437584
184380,897.200883082356,892.4504500377988,0.0,1.0706225172640602,0.0926316629554555
184440,897.7724046952732,893.0189645745968,0.0,1.069374068350074,0.0926906724740584
184500,898.3442894208675,893.5878403135437,0.0,1.070228589138732,0.09274971948398927
184560,898.9165374898404,894.1570774841272,0.0,1.0714270803667059,0.09280880400906798
184620,899.4891491330396,894.7266763159803,0.0,1.0715531613398204,0.09286792607312952
184680,900.0621245814597,895.2966370388823,0.0,1.0697599677638097,0.09292708570002403
184740,900.6354640662416,895.8669598827581,0.0,1.0687928286419688,0.09298628291361684
184800,901.2091678186739,896.437645077679,0.0,1.0698690979891734,0.09304551773778838
184860,901.7832360701913,897.0086928538624,0.0,1.072228365616291,0.0931047901964343
184920,902.357669052376,897.5801034416717,0.0,1.0709629716358742,0.09316410031346545
184980,902.9324669969571,898.151877071617,0.0,1.0712148995057804,0.09322344811280776
185040,903.5076301358114,898.7240139743548,0.0,1.0681999679423309,0.09328283361840249
185100,904.0831587009624,899.2965143806881,0.0,1.0697143907533855,0.09334225685420602
185160,904.6590529245813,899.8693785215663,0.0,1.07104244122145,0.09340171784419005
185220,905.2353130389868,900.4426066280859,0.0,1.0709417506136045,0.09346121661234139
185280,905.8119392766453,901.0161989314901,0.0,1.071820014998027,0.09352075318266219
185340,906.3889318701707,901.5901556631688,0.0,1.069714125448858,0.0935803275791698
185400,906.9662910523249,902.1644770546593,0.0,1.0693234674141119,0.09363993982589683
185460,907.5440170560174,902.7391633376459,0.0,1.0702040191357827,0.09369958994689116
185520,908.122110114306,903.3142147439597,0.0,1.0709230117979573,0.09375927796621598
185580,908.7005704603964,903.8896315055796,0.0,1.0707117322993005,0.09381900390794974
185640,909.2793983276424,904.4654138546316,0.0,1.0706276270507575,0.09387876779618616
185700,909.8585939495462,905.0415620233894,0.0,1.0682382129236663,0.09393856965503435
185760,910.4381575597582,905.6180762442741,0.0,1.0696151642621965,0.09399840950861864
185820,911.0180893920776,906.1949567498544,0.0,1.0713199309165853,0.09405828738107878
185880,911.5983896804518,906.772203772847,0.0,1.0708945667862586,0.09411820329656978
185940,912.1790586589766,907.3498175461161,0.0,1.0705962645206462,0.09417815727926206
186000,912.7600965618973,907.9277983026743,0.0,1.0688881241513222,0.09423814935334132
186060,913.3415036236073,908.506146275682,0.0,1.0692685748149031,0.0942981795430087
186120,913.9232800786493,909.0848616984478,0.0,1.0700278689413647,0.09435824787248069
186180,914.505426161715,909.6639448044283,0.0,1.0720137364575557,0.09441835436598917
186240,915.0879421076452,910.2433958272287,0.0,1.0703680196511747,0.0944784990477814
186300,915.6708281514295,910.8232150006024,0.0,1.0701278349651584,0.09453868194212003
186360,916.2540845282075,911.4034025584517,0.0,1.068818348491328,0.0945989030732832
186420,916.8377114732674,911.9839587348272,0.0,1.0696504324199014,0.09465916246556438
186480,917.4217092220478,912.5648837639282,0.0,1.0707989112623215,0.09471946014327257
186540,918.0060780101361,913.1461778801026,0.0,1.0709208146293336,0.0947797961307321
186600,918.5908180732698,913.7278413178478,0.0,1.0687583023110094,0.09484017045228285
186660,919.175929647336,914.3098743118097,0.0,1.0693503781070675,0.09490058313228014
186720,919.7614129683718,914.8922770967835,0.0,1.0693832244716452,0.09496103419509476
186780,920.3472682725641,915.4750499077131,0.0,1.070173124396891,0.09502152366511296
186840,920.9334957962501,916.0581929796926,0.0,1.0716377226814708,0.0950820515667365
186900,921.5200957759167,916.6417065479646,0.0,1.069907935452082,0.0951426179243827
186960,922.1070684482016,917.2255908479217,0.0,1.0692180007139698,0.09520322276248426
187020,922.6944140498925,917.8098461151055,0.0,1.0688912286931755,0.09526386610548955
187080,923.2821328179277,918.394472585208,0.0,1.0698621094314662,0.09532454797786238
187140,923.8702249893961,918.97947049407,0.0,1.0717670758803968,0.09538526840408211
187200,924.4586908015368,919.5648400776831,0.0,1.0698029919159462,0.09544602740864372
187260,925.0475304917403,920.1505815721883,0.0,1.0698494913234244,0.09550682501605767
187320,925.6367442975472,920.7366952138768,0.0,1.067975802910978,0.09556766125085005
187380,926.2263324566499,921.3231812391898,0.0,1.06958867752128,0.09562853613756249
187440,926.8162952068907,921.9100398847187,0.0,1.0703455397748642,0.09568944970075226
187500,927.4066327862638,922.4972713872054,0.0,1.069903821394829,0.09575040196499217
187560,927.9973454329147,923.0848759835421,0.0,1.0700542413330827,0.09581139295487072
187620,928.5884333851398,923.6728539107716,0.0,1.0675656619157508,0.09587242269499195
187680,929.1798968813868,924.261205406087,0.0,1.0690558819205074,0.0959334912099756
187740,929.7717361602554,924.8499307068327,0.0,1.070845084120673,0.09599459852445699
187800,930.3639514604965,925.4390300505031,0.0,1.070173937524753,0.09605574466308717
187860,930.9565430210127,926.0285036747442,0.0,1.070470585394707,0.09611692965053278
187920,931.5495110808587,926.6183518173525,0.0,1.0684665514307214,0.09617815351147616
187980,932.1428558792408,927.208574716276,0.0,1.0686097518918896,0.09623941627061534
188040,932.7365776555173,927.7991726096135,0.0,1.069870250326077,0.09630071795266404
188100,933.3306766491987,928.3901457356152,0.0,1.0703580976411462,0.09636205858235165
188160,933.9251530999476,928.9814943326828,0.0,1.069407947689281,0.09642343818442331
188220,934.5200072475786,929.5732186393694,0.0,1.0693900393459965,0.09648485678363987
188280,935.1152393320592,930.1653188943797,0.0,1.0678019663856095,0.0965463144047779
188340,935.7108495935091,930.7577953365699,0.0,1.0696786483889096,0.09660781107262974
188400,936.3068382722004,931.3506482049478,0.0,1.0698918382643716,0.09666934681200344
188460,936.9032056085582,931.9438777386737,0.0,1.0710298155616167,0.09673092164772285
188520,937.49995184316,932.5374841770591,0.0,1.06768539927913,0.09679253560462758
188580,938.0970772167365,933.1314677595683,0.0,1.068813610693968,0.096854188707573
188640,938.6945819701708,933.7258287258171,0.0,1.0688826996479563,0.0969158809814303
188700,939.2924663444996,934.3205673155738,0.0,1.0695079297292416,0.09697761245108645
188760,939.8907305809126,934.915683768759,0.0,1.071131263393731,0.09703938314144425
188820,940.4893749207528,935.5111783254457,0.0,1.0692412480144398,0.09710119307742232
188880,941.0883996055161,936.1070512258595,0.0,1.0686515863526733,0.09716304228395513
188940,941.6878048768523,936.7033027103789,0.0,1.0683396061162256,0.09722493078599292
189000,942.2875909765645,937.2999330195344,0.0,1.0692495673844526,0.09728685860850186
189060,942.8877581466096,937.8969423940099,0.0,1.069985021015186,0.09734882577646395
189120,943.4883066290981,938.494331074642,0.0,1.0699617347534045,0.09741083231487706
189180,944.0892366662943,939.0920993024205,0.0,1.0673555827379693,0.09747287824875493
189240,944.6905485006165,939.6902473184881,0.0,1.0682993007592207,0.09753496360312726
189300,945.292242374637,940.2887753641409,0.0,1.0692945402305867,0.09759708840303956
189360,945.8943185310823,940.887683680828,0.0,1.069602611034037,0.0976592526735533
189420,946.4967772128329,941.4869725101522,0.0,1.070589440932418,0.09772145643974588
189480,947.0996186629237,942.0866420938697,0.0,1.0686519573039386,0.0977836997267106
189540,947.7028431245442,942.6866926738904,0.0,1.0679997391612446,0.09784598255955673
189600,948.3064508410382,943.2871244922778,0.0,1.069095192191353,0.0979083049634095
189660,948.9104420559041,943.8879377912491,0.0,1.0693623150187586,0.0979706669634101
189720,949.5148170127952,944.4891328131754,0.0,1.070311864233986,0.09803306858471565
189780,950.1195759555193,945.090709800582,0.0,1.067679199819619,0.09809550985249929
189840,950.7247191280395,945.6926689961481,0.0,1.0679539186665796,0.09815799079195016
189900,951.3302467744735,946.2950106427072,0.0,1.0679861999437814,0.0982205114282734
189960,951.9361591390943,946.897734983247,0.0,1.0692669186682267,0.09828307178669014
190020,952.5424564663302,947.5008422609094,0.0,1.0696709053619673,0.09834567189243756
190080,953.1491390007645,948.1043327189913,0.0,1.0686009351379624,0.09840831177076888
190140,953.7562069871361,948.7082066009438,0.0,1.0688195720358484,0.09847099144695332
190200,954.3636606703393,949.3124641503725,0.0,1.0671936581380896,0.09853371094627619
190260,954.9715002954242,949.9171056110383,0.0,1.0685296545598422,0.09859647029403887
190320,955.5797261075963,950.5221312268566,0.0,1.070382464923084,0.0986592695155588
190380,956.1883383522172,951.1275412418977,0.0,1.0692259913692617,0.09872210863616952
190440,956.797337274804,951.7333359003874,0.0,1.0690003901446368,0.09878498768122065
190500,957.4067231210303,952.3395154467062,0.0,1.0673913381725977,0.09884790667607792
190560,958.0164961367252,952.94608012539,0.0,1.0680868838956035,0.09891086564612316
190620,958.6266565678743,953.5530301811302,0.0,1.0693782791919255,0.09897386461675436
190680,959.2372046606196,954.1603658587737,0.0,1.0696191437981912,0.09903690361338564
190740,959.8481406612592,954.7680874033227,0.0,1.068247578215504,0.09909998266144723
190800,960.4594648162481,955.3761950599352,0.0,1.0668575295461689,0.09916310178638557
190860,961.0711773721973,955.984689073925,0.0,1.0678213408068065,0.09922626101366322
190920,961.6832785758751,956.5935696907616,0.0,1.070002447364967,0.09928946036875894
190980,962.295768674206,957.2028371560708,0.0,1.069121531361645,0.09935269987716769
191040,962.9086479142717,957.8124917156341,0.0,1.0693766849983133,0.09941597956440058
191100,963.521916543311,958.4225336153893,0.0,1.0664044263473524,0.099479299455985
191160,964.1355748087195,959.0329631014304,0.0,1.0677716519130571,0.09954265957746451
191220,964.7496229580503,959.6437804200079,0.0,1.0687427871050879,0.0996060599543989
191280,965.3640612390134,960.2549858175287,0.0,1.0689145701320633,0.09966950061236422
191340,965.9788898994764,960.8665795405561,0.0,1.0700459727456615,0.09973298157695275
191400,966.5941091874643,961.4785618358101,0.0,1.0679732641566793,0.09979650287377304
191460,967.2097193511598,962.0909329501678,0.0,1.0674238641938225,0.09986006452844992
191520,967.8257206389034,962.7036931306626,0.0,1.0679903428770343,0.09992366656662448
191580,968.4421132991928,963.3168426244852,0.0,1.068799793738078,0.0999873090139541
191640,969.0588975806843,963.9303816789832,0.0,1.0689286113692524,0.10005099189611248
191700,969.6760737321916,964.5443105416615,0.0,1.0688349177678287,0.10011471523878963
191760,970.2936420026871,965.158629460182,0.0,1.0662333409204316,0.10017847906769187
191820,970.9116026413008,965.7733386823644,0.0,1.0675299673296403,0.10024228340854184
191880,971.5299558973211,966.3884384561854,0.0,1.069086281320712,0.10030612828707858
191940,972.148702020195,967.0039290297794,0.0,1.0688794553022998,0.10037001372905742
192000,972.7678412595278,967.6198106514387,0.0,1.0693224098394634,0.10043393976025006
192060,973.3873738650836,968.2360835696128,0.0,1.0656146108752285,0.10049790640644461
192120,974.0073000867852,968.8527480329094,0.0,1.0672354162891573,0.10056191369344555
192180,974.6276201747137,969.4698042900943,0.0,1.0680867735563222,0.10062596164707373
192240,975.2483343791096,970.0872525900911,0.0,1.0697279036844083,0.10069005029316645
192300,975.8694429503721,970.7050931819817,0.0,1.0685833586806028,0.10075417965757738
192360,976.4909461390596,971.3233263150062,0.0,1.0683315157355568,0.10081834976617664
192420,977.1128441958898,971.9419522385627,0.0,1.066764981181469,0.10088256064485078
192480,977.7351373717395,972.5609712022085,0.0,1.0674684395102092,0.10094681231950281
192540,978.3578259176451,973.1803834556588,0.0,1.0687236042617616,0.10101110481605217
192600,978.9809100848021,973.8001892487879,0.0,1.0689458771517755,0.10107543816043481
192660,979.6043901245662,974.4203888316283,0.0,1.067107023933092,0.1011398123786031
192720,980.2282662884522,975.0409824543722,0.0,1.0675526256174084,0.10120422749652595
192780,980.8525388281352,975.6619703673697,0.0,1.0670097996982162,0.10126868354018877
192840,981.4772079954497,976.2833528211311,0.0,1.0680175003849335,0.10133318053559344
192900,982.1022740423905,976.9051300663248,0.0,1.0696639192580477,0.10139771850875838
192960,982.7277372211125,977.5273023537792,0.0,1.0681043172165738,0.10146229748571854
193020,983.353597783931,978.1498699344818,0.0,1.067513102116993,0.1015269174925254
193080,983.9798559833212,978.7728330595795,0.0,1.0667014748295305,0.10159157855524703
193140,984.6065120719188,979.3961919803788,0.0,1.0676408041234704,0.10165628069996802
193200,985.2335663025202,980.0199469483462,0.0,1.0698395403511534,0.10172102395278954
193260,985.8610189280823,980.6440982151073,0.0,1.0679990266132886,0.10178580833982938
193320,986.4888702017226,981.268646032448,0.0,1.0681103806982326,0.10185063388722189
193380,987.1171203767198,981.8935906523143,0.0,1.0655862383128418,0.101915500621118
193440,987.745769706513,982.5189323268119,0.0,1.0673441800924315,0.10198040856768531
193500,988.3748184447029,983.144671308207,0.0,1.0681698934808528,0.10204535775310802
193560,989.0042668450506,983.7708078489258,0.0,1.0681142661906529,0.10211034820358696
193620,989.634115161479,984.397342201555,0.0,1.068211528952235,0.10217537994533961
193680,990.2643636480722,985.0242746188419,0.0,1.0654713815056558,0.10224045300460011
193740,990.8950125590757,985.6516053536942,0.0,1.0669407477590211,0.10230556740761929
193800,991.5260621488964,986.2793346591803,0.0,1.0685614932862622,0.1023707231806646
193860,992.1575126721032,986.9074627885296,0.0,1.0681627072488389,0.10243592035002023
193920,992.7893643834262,987.5359899951322,0.0,1.0687323835208964,0.10250115894198705
193980,993.4216175377579,988.1649165325391,0.0,1.0666612429961082,0.10256643898288269
194040,994.0542723901524,988.7942426544626,0.0,1.0665097165335893,0.10263176049904138
194100,994.6873291958258,989.4239686147761,0.0,1.0676280034335985,0.1026971235168142
194160,995.3207882101567,990.0540946675142,0.0,1.0682354489728845,0.10276252806256894
194220,995.9546496886854,990.6846210668731,0.0,1.067656489640171,0.10282797416269009
194280,996.5889138871152,991.3155480672103,0.0,1.0675811668863902,0.10289346184357898
194340,997.2235810613114,991.946875923045,0.0,1.0655605323621364,0.10295899113165366
194400,997.8586514673021,992.5786048890582,0.0,1.067346104695834,0.10302456205334898
194460,998.4941253612778,993.2107352200926,0.0,1.0677322659966335,0.1030901746351166
194520,999.1300029995923,993.8432671711528,0.0,1.069253863832587,0.10315582890342496
194580,999.7662846387616,994.4762009974055,0.0,1.0659929963900907,0.10322152488475934
194640,1000.4029705354651,995.1095369541794,0.0,1.0669582325540259,0.10328726260562185
194700,1001.040060946545,995.7432752969656,0.0,1.0664562780517428,0.10335304209253139
194760,1001.6775561290071,996.3774162814174,0.0,1.0673372365654203,0.10341886337202377
194820,1002.3154563400201,997.0119601633504,0.0,1.0691137409087128,0.10348472647065163
194880,1002.9537618369164,997.646907198743,0.0,1.0673810609689502,0.10355063141498448
194940,1003.5924728771917,998.282257643736,0.0,1.0668852287825266,0.10361657823160872
195000,1004.231589718505,998.9180117546332,0.0,1.0661100856518142,0.10368256694712763
195060,1004.8711126186797,999.554169787901,0.0,1.0670116512619543,0.10374859758816142
195120,1005.5110418357024,1000.1907320001687,0.0,1.067973420978025,0.10381467018134716
195180,1006.151377627724,1000.8276986482291,0.0,1.0680065915231636,0.10388078475333888
195240,1006.792120253059,1001.4650699890375,0.0,1.0655936224798968,0.10394694133080754
195300,1007.4332699701866,1002.1028462797129,0.0,1.0663237930841938,0.10401313994044106
195360,1008.07482703775,1002.7410277775376,0.0,1.066899795170132,0.10407938060894428
195420,1008.7167917145563,1003.3796147399572,0.0,1.0674517844402194,0.10414566336303904
195480,1009.3591642595774,1004.0186074245812,0.0,1.0686677356362906,0.10421198822946413
195540,1010.0019449319497,1004.6580060891823,0.0,1.0668228876254873,0.10427835523497536
195600,1010.6451339909744,1005.2978109916972,0.0,1.0661027765633582,0.10434476440634555
195660,1011.2887316961172,1005.9380223902267,0.0,1.0665940830577731,0.10441121577036443
195720,1011.9327383070087,1006.5786405430354,0.0,1.0671710843706894,0.10447770935383888
195780,1012.5771540834446,1007.2196657085517,0.0,1.068235694104685,0.10454424518359272
195840,1013.2219792853854,1007.8610981453687,0.0,1.0660782525106336,0.10461082328646687
195900,1013.8672141729569,1008.5029381122433,0.0,1.066088813701667,0.10467744368931925
195960,1014.5128590064502,1009.1451858680972,0.0,1.0658364063705486,0.10474410641902492
196020,1015.1589140463219,1009.7878416720165,0.0,1.0670065545706888,0.10481081150247594
196080,1015.8053795531938,1010.4309057832519,0.0,1.0675136895430821,0.10487755896658149
196140,1016.4522557878536,1011.0743784612187,0.0,1.0668160989098328,0.10494434883826784
196200,1017.0995430112541,1011.7182599654969,0.0,1.0669460418156498,0.10501118114447838
196260,1017.7472414845147,1012.3625505558321,0.0,1.0648843900949607,0.10507805591217359
196320,1018.3953514689201,1013.007250492134,0.0,1.0663112754958888,0.1051449731683311
196380,1019.0438732259213,1013.6523600344781,0.0,1.068157337885787,0.10521193293994568
196440,1019.6928070171352,1014.2978794431049,0.0,1.0672370599538858,0.10527893525402925
196500,1020.3421531043451,1014.9438089784201,0.0,1.0672279020788367,0.10534598013761087
196560,1020.9919117495007,1015.590148900995,0.0,1.0653816981922137,0.10541306761773682
196620,1021.6420832147178,1016.2368994715669,0.0,1.0658494314783602,0.10548019772147052
196680,1022.292667762279,1016.8840609510377,0.0,1.0671629235609117,0.1055473704758926
196740,1022.9436656546336,1017.531633600476,0.0,1.067520255470421,0.1056145859081009
196800,1023.5950771543972,1018.1796176811159,0.0,1.0665981416989128,0.10568184404521046
196860,1024.246902524353,1018.8280134543577,0.0,1.06493565288583,0.10574914491435357
196920,1024.8991420274501,1019.4768211817673,0.0,1.0656938709917883,0.10581648854267975
196980,1025.5517959268059,1020.1260411250772,0.0,1.0675968782607832,0.10588387495735575
197040,1026.2048644857036,1020.775673546186,0.0,1.0670988110845492,0.10595130418556561
197100,1026.8583479675951,1021.4257187071589,0.0,1.0673729411154893,0.10601877625451064
197160,1027.512246636099,1022.0761768702274,0.0,1.0645911660956617,0.1060862911914094
197220,1028.166560755001,1022.7270482977896,0.0,1.0657655032215305,0.10615384902349775
197280,1028.821290588255,1023.3783332524106,0.0,1.066307248347388,0.10622144977802891
197340,1029.4764363999823,1024.030031996822,0.0,1.0667355369499145,0.10628909348227336
197400,1030.131998454472,1024.6821447939221,0.0,1.0680847365306125,0.10635678016351889
197460,1030.787977016182,1025.3346719067774,0.0,1.0660878857976837,0.1064245098490707
197520,1031.444372349736,1025.9876135986199,0.0,1.0654704976823233,0.10649228256625126
197580,1032.1011847199286,1026.64097013285,0.0,1.0656594842970957,0.10656009834240045
197640,1032.7584143917204,1027.294741773035,0.0,1.0665350202160155,0.10662795720487549
197700,1033.4160616302415,1027.94892878291,0.0,1.066964894043072,0.10669585918105101
197760,1034.0741267007904,1028.6035314263768,0.0,1.0668822756842316,0.106763804298319
197820,1034.732609868834,1029.258549967506,0.0,1.064215322594682,0.1068317925840889
197880,1035.3915114000076,1029.9139846705352,0.0,1.0653591957266033,0.1068998240657875
197940,1036.0508315601155,1030.5698357998704,0.0,1.0666963387014732,0.10696789877085909
198000,1036.7105706151306,1031.226103620085,0.0,1.066742001387207,0.10703601672676531
198060,1037.3707288311955,1031.8827883959211,0.0,1.0674264857506786,0.10710417796098533
198120,1038.0313064746215,1032.5398903922887,0.0,1.0637216185278513,0.10717238250101571
198180,1038.6923038118885,1033.197409874266,0.0,1.0651299452225134,0.10724063037437055
198240,1039.3537211096464,1033.8553471070998,0.0,1.06571686084516,0.10730892160858137
198300,1040.0155586347144,1034.5137023562054,0.0,1.0676481544219525,0.10737725623119722
198360,1040.6778166540812,1035.1724758871667,0.0,1.0665410711519168,0.10744563426978462
198420,1041.340495434905,1035.8316679657364,0.0,1.0665274011027035,0.10751405575192766
198480,1042.003595244514,1036.4912788578358,0.0,1.0646939946731901,0.10758252070522788
198540,1042.6671163504059,1037.1513088295553,0.0,1.0652087918097632,0.10765102915730441
198600,1043.3310590202489,1037.8117581471547,0.0,1.0664863731762222,0.1077195811357939
198660,1043.9954235218804,1038.4726270770625,0.0,1.0668034618474103,0.1077881766683506
198720,1044.6602101233088,1039.1339158858766,0.0,1.0653001041799883,0.10785681578264629
198780,1045.3254190927123,1039.7956248403643,0.0,1.0656096511677635,0.10792549850637034
198840,1045.9910506984397,1040.4577542074626,0.0,1.0645696203542825,0.1079942248672297
198900,1046.6571052090103,1041.1203042542775,0.0,1.0657420527909034,0.10806299489294896
198960,1047.323582893114,1041.7832752480854,0.0,1.067494062599981,0.10813180861127028
199020,1047.990484019611,1042.446667456332,0.0,1.0661232916596617,0.10820066604995349
199080,1048.6578088575327,1043.1104811466337,0.0,1.065662849239751,0.10826956723677604
199140,1049.3255576760814,1043.7747165867756,0.0,1.0644562732627156,0.108338512199533
199200,1049.9937307446305,1044.4393740447144,0.0,1.0653166010231265,0.10840750096603714
199260,1050.6623283327247,1045.1044537885757,0.0,1.0676854426182893,0.10847653356411889
199320,1051.3313507100793,1045.7699560866567,0.0,1.0660146264407884,0.10854561002162634
199380,1052.0007981465817,1046.435881207424,0.0,1.06619453355974,0.1086147303664253
199440,1052.67067091229,1047.1022294195154,0.0,1.0631786619723114,0.10868389462639926
199500,1053.3409692774349,1047.7690009917392,0.0,1.0649940580408848,0.10875310282944944
199560,1054.0116935124177,1048.4361961930745,0.0,1.065864168583762,0.1088223550034948
199620,1054.6828438878122,1049.1038152926712,0.0,1.0661338555497857,0.10889165117647202
199680,1055.354420674364,1049.7718585598502,0.0,1.066195382183096,0.10896099137633553
199740,1056.026424142991,1050.4403262641042,0.0,1.06336676647643,0.10903037563105752
199800,1056.698854564782,1051.109218675096,0.0,1.0647406400619606,0.10909980396862796
199860,1057.3717122109995,1051.77853606266,0.0,1.0661291546562264,0.10916927641705462
199920,1058.0449973530776,1052.4482786968026,0.0,1.0659900418697599,0.10923879300436302
199980,1058.718710262623,1053.1184468477013,0.0,1.0667961461719284,0.1093083537585965
200040,1059.392851211415,1053.789040785706,0.0,1.064716643777243,0.10937795870781623
200100,1060.0674204714055,1054.4600607813368,0.0,1.0643374086522894,0.10944760788010123
200160,1060.7424183147193,1055.1315071052873,0.0,1.0652521529142114,0.10951730130354832
200220,1061.417845013654,1055.803380028422,0.0,1.0659631116738224,0.10958703900627217
200280,1062.09370084068,1056.4756798217782,0.0,1.0657209275619413,0.10965682101640536
200340,1062.769986068441,1057.148406756565,0.0,1.065607538249017,0.10972664736209829
200400,1063.4467009697544,1057.8215611041642,0.0,1.0632792754599727,0.10979651807151929
200460,1064.1238458176101,1058.4951431361292,0.0,1.0646323753661804,0.10986643317285454
200520,1064.801420885172,1059.1691531241868,0.0,1.0663266218076346,0.10993639269430816
200580,1065.479426445777,1059.8435913402361,0.0,1.0658926553140435,0.11000639666410218
200640,1066.1578627729366,1060.518458056349,0.0,1.0655760118349147,0.1100764451104766
200700,1066.8367301403352,1061.1937535447696,0.0,1.063868300593635,0.11014653806168927
200760,1067.5160288218315,1061.8694780779165,0.0,1.0642796249450908,0.11021667554601607
200820,1068.1957590914578,1062.5456319283799,0.0,1.0650309658915507,0.11028685759175083
200880,1068.8759212234213,1063.2222153689238,0.0,1.0669709238344298,0.11035708422720533
200940,1069.5565154921026,1063.8992286724854,0.0,1.0653437716743166,0.11042735548070937
201000,1070.2375421720567,1064.5766721121756,0.0,1.065065030841153,0.11049767138061074
201060,1070.9190015380138,1065.2545459612786,0.0,1.0637993371682446,0.11056803195527523
201120,1071.6008938648777,1065.9328504932519,0.0,1.064635583039836,0.11063843723308665
201180,1072.2832194277275,1066.611585981727,0.0,1.065770881746812,0.11070888724244687
201240,1072.9659785018168,1067.2907527005098,0.0,1.065881239338622,0.11077938201177577
201300,1073.6491713625742,1067.9703509235794,0.0,1.0637324936662724,0.1108499215695113
201360,1074.332798285603,1068.6503809250892,0.0,1.06428770766936,0.1109205059441095
201420,1075.016859546682,1069.3308429793665,0.0,1.0643516082796902,0.11099113516404448
201480,1075.7013554217651,1070.0117373609137,0.0,1.065134577558743,0.11106180925780838
201540,1076.3862861869814,1070.6930643444068,0.0,1.0665614816084465,0.11113252825391157
201600,1077.0716521186353,1071.374824204697,0.0,1.0648481467003976,0.11120329218088237
201660,1077.7574534932073,1072.0570172168093,0.0,1.0641426343643152,0.1112741010672674
201720,1078.443690587353,1072.7396436559438,0.0,1.0639357608981161,0.11134495494163127
201780,1079.130363677904,1073.4227037974758,0.0,1.064815572728345,0.11141585383255682
201840,1079.8174730418677,1074.1061979169556,0.0,1.0659771841901542,0.11148679776864502
201900,1080.5050189564279,1074.7901262901075,0.0,1.0643499495150492,0.11155778677851502
201960,1081.1930016989436,1075.4744891928322,0.0,1.064105052895505,0.11162882089080416
202020,1081.881421546951,1076.1592869012054,0.0,1.063607766456053,0.11169990013416797
202080,1082.570278778162,1076.8445196914774,0.0,1.0645789808702788,0.11177102453728018
202140,1083.2595736704654,1077.5301878400753,0.0,1.0651886645841564,0.11184219412883271
202200,1083.9493065019262,1078.216291623601,0.0,1.0648645219942825,0.1119134089375358
202260,1084.639477550786,1078.9028313188319,0.0,1.064931341526614,0.11198466899211783
202320,1085.3300870954638,1079.5898072027219,0.0,1.062502175368383,0.11205597432132548
202380,1086.0211354145545,1080.2772195524008,0.0,1.06397013706245,0.11212732495392369
202440,1086.712622786831,1080.965068645174,0.0,1.0657426094695726,0.11219872091869566
202500,1087.4045494912425,1081.6533547585232,0.0,1.0650761747496225,0.11227016224444292
202560,1088.096915806916,1082.3420781701072,0.0,1.065312470909712,0.11234164895998523
202620,1088.7897220131558,1083.0312391577602,0.0,1.063340375102727,0.11241318109416074
202680,1089.4829683894432,1083.7208379994934,0.0,1.0635049755162398,0.11248475867582584
202740,1090.1766552154377,1084.4108749734944,0.0,1.064768467514925,0.11255638173385533
202800,1090.8707827709757,1085.1013503581275,0.0,1.0652471649501183,0.11262805029714232
202860,1091.565351336072,1085.7922644319347,0.0,1.064283100040345,0.11269976439459825
202920,1092.2603611909192,1086.4836174736338,0.0,1.0642347560875902,0.11277152405515298
202980,1092.955812615888,1087.1754097621201,0.0,1.0627019351833153,0.11284332930775473
203040,1093.651705891527,1087.8676415764662,0.0,1.0645533202090742,0.11291518018137009
203100,1094.348041298563,1088.5603131959222,0.0,1.0647696656955334,0.11298707670498409
203160,1095.0448191179014,1089.2534248999152,0.0,1.0658442165514765,0.11305901890760013
203220,1095.7420396306259,1089.9469769680504,0.0,1.0625710588143913,0.1131310068182401
203280,1096.439703117999,1090.64096968011,0.0,1.0636432548033636,0.11320304046594429
203340,1097.1378098614614,1091.3354033160542,0.0,1.063750048552276,0.11327511987977142
203400,1097.8363601426333,1092.0302781560213,0.0,1.0643673228693733,0.11334724508879873
203460,1098.5353542433136,1092.725594480327,0.0,1.0659471986358806,0.11341941612212186
203520,1099.23479244548,1093.4213525694659,0.0,1.06407680110182,0.11349163300885502
203580,1099.934675031289,1094.11755270411,0.0,1.0634687660523723,0.11356389577813084
203640,1100.6350022830773,1094.8141951651105,0.0,1.0631818545027998,0.11363620445910053
203700,1101.3357744833604,1095.511280233496,0.0,1.0640908947581549,0.11370855908093375
203760,1102.0369919148334,1096.2088081904749,0.0,1.0648152364900172,0.11378095967281873
203820,1102.738654860371,1096.906779317433,0.0,1.0647777943990004,0.11385340626396227
203880,1103.440763603028,1097.6051938959356,0.0,1.062199048622809,0.11392589888358967
203940,1104.1433184260384,1098.3040522077272,0.0,1.0631095677471811,0.11399843756094484
204000,1104.8463196128164,1099.00335453473,0.0,1.0641079002686233,0.11407102232529026
204060,1105.5497674469566,1099.703101159047,0.0,1.064419291475832,0.11414365320590698
204120,1106.253662212233,1100.403292362959,0.0,1.0653751540365195,0.1142163302320947
204180,1106.9580041926006,1101.1039284289268,0.0,1.0618093463610083,0.11428905343317168
204240,1107.6627936721948,1101.805009639591,0.0,1.062983850042572,0.11436182283847483
204300,1108.368030935331,1102.506536277771,0.0,1.063183042443868,0.11443463847735974
204360,1109.0737162665057,1103.2085086264665,0.0,1.065355244394649,0.11450750037920057
204420,1109.779849950396,1103.9109269688568,0.0,1.0643253329184337,0.11458040857339023
204480,1110.4864322718597,1104.613791588301,0.0,1.0646108709328863,0.11465336308934024
204540,1111.1934635159362,1105.3171027683377,0.0,1.0626033769035035,0.11472636395648084
204600,1111.900943967845,1106.0208607926872,0.0,1.062831418675655,0.1147994112042609
204660,1112.6088739129877,1106.7250659452486,0.0,1.0640532346648897,0.11487250486214813
204720,1113.3172536369468,1107.429718510102,0.0,1.064479810471296,0.11494564495962886
204780,1114.0260834254864,1108.134818771508,0.0,1.0633562297182073,0.11501883152620816
204840,1114.735363564552,1108.8403670139073,0.0,1.0635561853658908,0.11509206459140991
204900,1115.4450943402708,1109.5463635219223,0.0,1.061995502571548,0.11516534418477668
204960,1116.155276038952,1110.2528085803551,0.0,1.0633074100691997,0.11523867033586985
205020,1116.8659089470866,1110.9597024741893,0.0,1.0651278953841614,0.11531204307426954
205080,1117.5769933513473,1111.6670454885898,0.0,1.0639785129836106,0.11538546242957472
205140,1118.2885295385895,1112.3748379089022,0.0,1.06371224651238,0.11545892843140312
205200,1119.0005177958503,1113.0830800206543,0.0,1.0621415520830886,0.11553244110939132
205260,1119.7129584103495,1113.7917721095537,0.0,1.0628462379424664,0.11560600049319468
205320,1120.4258516694897,1114.5009144614908,0.0,1.0653207507357314,0.1156796066124875
205380,1121.1391978608553,1115.210507362537,0.0,1.0638554650034795,0.1157532594969628
205440,1121.8529972722138,1115.9205510989464,0.0,1.0641407738115065,0.11582695917633255
205500,1122.5672501915158,1116.6310459571537,0.0,1.0606982138335166,0.11590070568032759
205560,1123.2819569068943,1117.3419922237765,0.0,1.0625027885034197,0.11597449903869765
205620,1123.9971177066661,1118.0533901856143,0.0,1.0633869484244352,0.11604833928121132
205680,1124.7127328793304,1118.7652401296482,0.0,1.063965976839694,0.11612222643765618
205740,1125.4288027135703,1119.4775423430424,0.0,1.0640205746218971,0.11619616053783866
205800,1126.145327498252,1120.1902971131433,0.0,1.0612483693464752,0.11627014161158417
205860,1126.862307522425,1120.9035047274801,0.0,1.0624526650956945,0.11634416968873702
205920,1127.579743075323,1121.617165473764,0.0,1.0635072345422578,0.11641824479916055
205980,1128.2976344463636,1122.33127963989,0.0,1.0636381951570275,0.11649236697273704
206040,1129.0159819251473,1123.0458475139346,0.0,1.0646957454493422,0.11656653623936777
206100,1129.7347858014593,1123.7608693841587,0.0,1.0626472225133667,0.11664075262897299
206160,1130.4540463652688,1124.4763455390057,0.0,1.0620951839739055,0.11671501617149196
206220,1131.1737639067292,1125.1922762671027,0.0,1.062709405127384,0.116789326896883
206280,1131.8939387161786,1125.9086618572592,0.0,1.0635128364435593,0.11686368483512342
206340,1132.6145710841388,1126.6255025984694,0.0,1.0636092572877478,0.11693809001620961
206400,1133.3356613013166,1127.34279877991,0.0,1.0634881971385861,0.117012542470157
206460,1134.0572096586038,1128.0605506909426,0.0,1.0609385587576194,0.11708704222700007
206520,1134.7792164470766,1128.7787586211118,0.0,1.0622101734360987,0.11716158931679244
206580,1135.501681957996,1129.4974228601463,0.0,1.0637675926114365,0.11723618376960677
206640,1136.2246064828087,1130.2165436979587,0.0,1.0637817876305133,0.11731082561553488
206700,1136.947990313146,1130.9361214246464,0.0,1.063399882877639,0.11738551488468763
206760,1137.671833740825,1131.656156330491,0.0,1.0618252706343414,0.11746025160719507
206820,1138.3961370578475,1132.376648705958,0.0,1.0615592314979914,0.11753503581320641
206880,1139.1209005564012,1133.0975988416974,0.0,1.062568207596609,0.11760986753288995
206940,1139.8461245288595,1133.8190070285445,0.0,1.0645742569456156,0.11768474679643319
207000,1140.5718092677814,1134.5408735575193,0.0,1.063145449830826,0.11775967363404283
207060,1141.297955065912,1135.2631987198263,0.0,1.0630525904384898,0.11783464807594472
207120,1142.0245622161824,1135.985982806855,0.0,1.0614249767041337,0.11790967015238397
207180,1142.7516310117094,1136.7092261101807,0.0,1.0621371629536545,0.11798473989362486
207240,1143.479161745796,1137.4329289215627,0.0,1.0633778406589605,0.11805985732995089
207300,1144.2071547119326,1138.1570915329473,0.0,1.063575232531655,0.11813502249166484
207360,1144.935610203795,1138.8817142364649,0.0,1.0617286547184626,0.11821023540908873
207420,1145.6645285152456,1139.6067973244321,0.0,1.062128884427819,0.11828549611256381
207480,1146.3939099403344,1140.3323410893513,0.0,1.0616821538637273,0.11836080463245066
207540,1147.1237547732972,1141.0583458239107,0.0,1.0626626747958006,0.11843616099912911
207600,1147.854063308557,1141.784811820984,0.0,1.0642495512268813,0.11851156524299832
207660,1148.5848358407245,1142.5117393736318,0.0,1.062697772500476,0.11858701739447675
207720,1149.3160726645967,1143.2391287751,0.0,1.0620680707492016,0.11866251748400217
207780,1150.0477740751587,1143.9669803188215,0.0,1.0611593834559132,0.11873806554203171
207840,1150.7799403675822,1144.695294298415,0.0,1.0623101126726515,0.11881366159904189
207900,1151.512571837227,1145.4240710076867,0.0,1.0635353530732243,0.1188893056855285
207960,1152.2456687796405,1146.1533107406283,0.0,1.0624483767707946,0.11896499783200676
208020,1152.979231490558,1146.8830137914192,0.0,1.0619681365699927,0.11904073806901128
208080,1153.7132602659024,1147.6131804544252,0.0,1.0613023864906983,0.11911652642709607
208140,1154.4477554017842,1148.3438110241996,0.0,1.0620027492025086,0.11919236293683454
208200,1155.182717194503,1149.074905795482,0.0,1.0627033590138397,0.11926824762881952
208260,1155.918145940546,1149.8064650632002,0.0,1.0627208155828627,0.11934418053366329
208320,1156.6540419365892,1150.538489122469,0.0,1.0627455389057971,0.11942016168199757
208380,1157.3904054794964,1151.2709782685904,0.0,1.0600704187760084,0.11949619110447356
208440,1158.1272368663206,1152.0039327970544,0.0,1.0615158345792994,0.1195722688317619
208500,1158.8645363943037,1152.737353003539,0.0,1.0631450132264146,0.11964839489455277
208560,1159.602304360876,1153.4712391839093,0.0,1.0627349825308992,0.1197245693235558
208620,1160.3405410636565,1154.205591634219,0.0,1.0632132583320952,0.11980079214950012
208680,1161.0792468004543,1154.9404106507093,0.0,1.0611793443828834,0.11987706340313446
208740,1161.8184218692663,1155.6756965298102,0.0,1.0610621977163517,0.119953383115227
208800,1162.55806656828,1156.4114495681401,0.0,1.0622051542802347,0.12002975131656553
208860,1163.2981811958723,1157.147670062505,0.0,1.0627989703379925,0.12010616803795736
208920,1164.0387660506085,1157.8843583099006,0.0,1.062180662399488,0.1201826333102294
208980,1164.779821431245,1158.62151460751,0.0,1.0620710558585118,0.12025914716422813
209040,1165.521347636727,1159.3591392527067,0.0,1.0601354183205938,0.12033570963081962
209100,1166.2633449661898,1160.0972325430516,0.0,1.0619014064287096,0.12041232074088958
209160,1167.0058137189594,1160.8357947762959,0.0,1.062282802541258,0.1204889805253433
209220,1167.7487541945513,1161.574826250379,0.0,1.063705526302242,0.12056568901510578
209280,1168.4921666926716,1162.3143272634302,0.0,1.0605259502036617,0.12064244624112158
209340,1169.2360515132166,1163.054298113768,0.0,1.0614297505645667,0.12071925223435498
209400,1169.9804089562735,1163.7947390999007,0.0,1.0610095654548652,0.12079610702578991
209460,1170.7252393221197,1164.5356505205252,0.0,1.0618653793208714,0.12087301064642998
209520,1171.4705429112237,1165.2770326745301,0.0,1.0635864846042322,0.12094996312729853
209580,1172.2163200242446,1166.0188858609918,0.0,1.0618686789684229,0.12102696449943857
209640,1172.9625709620332,1166.7612103791782,0.0,1.0613376788419897,0.12110401479391285
209700,1173.7092960256305,1167.5040065285466,0.0,1.0606181747735897,0.12118111404180384
209760,1174.4564955162693,1168.2472746087453,0.0,1.0615221826953005,0.12125826227421381
209820,1175.204169735374,1168.991014919612,0.0,1.062462402004796,0.12133545952226472
209880,1175.9523189845606,1169.7352277611758,0.0,1.0624784250084578,0.12141270581709837
209940,1176.7009435656355,1170.4799134336552,0.0,1.0600837560104932,0.1214900011898763
210000,1177.450043780598,1171.2250722374608,0.0,1.0607781258917461,0.12156734567177986
210060,1178.199619931639,1171.9707044731938,0.0,1.0613891074951605,0.12164473929401022
210120,1178.9496723211419,1172.7168104416457,0.0,1.0619326647783165,0.12172218208778836
210180,1179.7002012516807,1173.4633904437994,0.0,1.0631010388800375,0.12179967408435509
210240,1180.4512070260234,1174.2104447808292,0.0,1.0597830443200453,0.1218772153149711
210300,1181.2026899471296,1174.9579737541005,0.0,1.0607300266703599,0.12195480581091692
210360,1181.954650318151,1175.7059776651706,0.0,1.0605469326777324,0.12203244560349295
210420,1182.7070884424325,1176.4544568157883,0.0,1.0628352641246943,0.12211013472401948
210480,1183.4600046235114,1177.2034115078936,0.0,1.061929546638436,0.12218787320383669
210540,1184.2133991651183,1177.952842043619,0.0,1.062480774681751,0.12226566107430471
210600,1184.967272371176,1178.7027487252883,0.0,1.0603837421375115,0.12234349836680355
210660,1185.7216245458012,1179.453131855418,0.0,1.0603578410050154,0.12242138511273319
210720,1186.4764559933033,1180.2039917367163,0.0,1.0614575090965057,0.12249932134351353
210780,1187.2317670181849,1180.955328672084,0.0,1.0619864621152044,0.12257730709058447
210840,1187.987557925143,1181.7071429646144,0.0,1.061219886592208,0.12265534238540583
210900,1188.7438290190669,1182.4594349175932,0.0,1.0613276654290973,0.12273342725945746
210960,1189.5005806050408,1183.2122048344988,0.0,1.0593511570482699,0.12281156174423923
211020,1190.2578129883418,1183.9654530190028,0.0,1.0607451865090516,0.12288974587127097
211080,1191.0155264744415,1184.7191797749688,0.0,1.0625651637796476,0.12296797967209255
211140,1191.7737213690057,1185.4733854064548,0.0,1.061644225402963,0.1230462631782639
211200,1192.5323979778937,1186.2280702177104,0.0,1.0615771039257462,0.12312459642136499
211260,1193.2915566071592,1186.9832345131802,0.0,1.059772508952179,0.12320297943299585
211320,1194.0511975630518,1187.7388785975004,0.0,1.060263261154799,0.1232814122447766
211380,1194.8113211520138,1188.4950027755021,0.0,1.0615705821083545,0.12335989488834742
211440,1195.571927680683,1189.2516073522104,0.0,1.0619146111602293,0.12343842739536863
211500,1196.3330174558926,1190.0086926328427,0.0,1.0609593296040503,0.12351700979752067
211560,1197.0945907846692,1190.7662589228114,0.0,1.059322398601234,0.12359564212650404
211620,1197.8566479742362,1191.5243065277225,0.0,1.0600674661821468,0.12367432441403946
211680,1198.619189332011,1192.2828357533767,0.0,1.0619607786780871,0.12375305669186774
211740,1199.3822151656066,1193.0418469057681,0.0,1.0614805876802005,0.12383183899174993
211800,1200.145725782832,1193.801340291086,0.0,1.0617314846018509,0.1239106713454672
211860,1200.909721491691,1194.5613162157135,0.0,1.058978557849676,0.12398955378482089
211920,1201.6742026003838,1195.3217749862295,0.0,1.0601043252398936,0.12406848634163263
211980,1202.4391694173055,1196.0827169094066,0.0,1.060681050549648,0.1241474690477442
212040,1203.2046222510478,1196.8441422922128,0.0,1.061101961916289,0.12422650193501764
212100,1203.9705614103984,1197.6060514418107,0.0,1.062401513025085,0.1243055850353352
212160,1204.7369872043414,1198.3684446655589,0.0,1.0604261219426951,0.12438471838059946
212220,1205.503899942056,1199.1313222710105,0.0,1.0597963563119954,0.12446390200273318
212280,1206.2712999329199,1199.8946845659143,0.0,1.0600095353328287,0.12454313593367944
212340,1207.0391874865054,1200.6585318582145,0.0,1.060882703664375,0.12462242020540162
212400,1207.8075629125826,1201.422864456051,0.0,1.061299177308917,0.12470175484988343
212460,1208.5764265211183,1202.1876826677596,0.0,1.0611982129459092,0.12478113989912884
212520,1209.3457786222757,1202.952986801872,0.0,1.0585636257445197,0.1248605753851622
212580,1210.1156195264155,1203.7187771671156,0.0,1.0596779117738993,0.1249400613400282
212640,1210.8859495440956,1204.4850540724142,0.0,1.0610118958818746,0.1250195977957919
212700,1211.6567689860708,1205.2518178268879,0.0,1.0614576181421296,0.12509918478453866
212760,1212.428078163294,1206.0190687398533,0.0,1.0610443955735032,0.12517882233837435
212820,1213.1998773869154,1206.7868071208236,0.0,1.0597021002456595,0.1252585104894251
212880,1213.9721669682822,1207.5550332795078,0.0,1.058707797250745,0.12533824926983758
212940,1214.7449472189408,1208.3237475258127,0.0,1.0599557182668655,0.12541803871177878
213000,1215.5182184506339,1209.0929501698417,0.0,1.0619649338596289,0.12549787884743624
213060,1216.2919809753034,1209.8626415218948,0.0,1.060762637232334,0.12557776970901782
213120,1217.0662351050894,1210.6328218924696,0.0,1.060895300942193,0.12565771132875192
213180,1217.8409811523297,1211.4034915922605,0.0,1.0589925508195095,0.1257377037388874
213240,1218.616219429561,1212.17465093216,0.0,1.0595021345081759,0.12581774697169362
213300,1219.3919502495182,1212.9463002232578,0.0,1.0607818235829023,0.12589784105946042
213360,1220.1681739251355,1213.7184397768413,0.0,1.0610797949556454,0.1259779860344982
213420,1220.9448907695453,1214.4910699043953,0.0,1.0595745259097014,0.1260581819291378
213480,1221.7221010960789,1215.2641909176025,0.0,1.0598418789790265,0.12613842877573073
213540,1222.4998052182675,1216.0378031283444,0.0,1.0588698592900252,0.1262187266066489
213600,1223.2780034498405,1216.8119068487001,0.0,1.0600204585146509,0.12629907545428493
213660,1224.0566961047273,1217.586502390947,0.0,1.061729868487288,0.12637947535105196
213720,1224.8358834970566,1218.3615900675607,0.0,1.0603694230786325,0.1264599263293837
213780,1225.6155659411563,1219.1371701912158,0.0,1.0598735770618266,0.12654042842173446
213840,1226.3957437515544,1219.9132430747852,0.0,1.0587106023393236,0.12662098166057928
213900,1227.176417242979,1220.689809031341,0.0,1.0595758695066544,0.12670158607841367
213960,1227.9575867303572,1221.4668683741534,0.0,1.0618839753444753,0.12678224170775393
214020,1228.7392525288174,1222.2444214166924,0.0,1.0602518951454916,0.1268629485811369
214080,1229.521414953687,1223.022468472627,0.0,1.0603935625032965,0.12694370673112018
214140,1230.3040743204951,1223.8010098558252,0.0,1.0574515460492746,0.12702451619028202
214200,1231.0872309449703,1224.5800458803546,0.0,1.0592301520415248,0.12710537699122135
214260,1231.8708851430417,1225.3595768604828,0.0,1.060098763224291,0.12718628916655786
214320,1232.6550372308395,1226.139603110676,0.0,1.0603546333419653,0.12726725274893194
214380,1233.439687524695,1226.920124945601,0.0,1.060394712818527,0.12734826777100475
214440,1234.22483634114,1227.7011426801246,0.0,1.0576031125259535,0.1274293342654581
214500,1235.0104839969076,1228.4826566293132,0.0,1.0589413522856932,0.12751045226499466
214560,1235.796630808932,1229.2646671084335,0.0,1.0603275704517083,0.12759162180233788
214620,1236.5832770943491,1230.0471744329525,0.0,1.0601938435325797,0.12767284291023193
214680,1237.3704231704958,1230.830178918538,0.0,1.0609609570882685,0.12775411562144182
214740,1238.1580693549108,1231.6136808810575,0.0,1.0589031259182367,0.1278354399687534
214800,1238.946215965335,1232.3976806365804,0.0,1.0585209119422843,0.12791681598497331
214860,1239.734863319711,1233.1821785013758,0.0,1.0594380836809665,0.12799824370292906
214920,1240.5240117361825,1233.9671747919144,0.0,1.0601464259910542,0.12807972315546906
214980,1241.3136615330966,1234.7526698248678,0.0,1.0599025297470868,0.1281612543754625
215040,1242.1038130290017,1235.5386639171084,0.0,1.059767381628147,0.12824283739579947
215100,1242.894466542649,1236.3251573857103,0.0,1.057467161522624,0.128324472249391
215160,1243.6856223929926,1237.1121505479493,0.0,1.0590436315992537,0.12840615896916904
215220,1244.4772808991888,1237.8996437213023,0.0,1.0596011695561307,0.1284878975880864
215280,1245.2694423805963,1238.6876372234483,0.0,1.0613814559214603,0.12856968813911687
215340,1246.0621071567773,1239.476131372268,0.0,1.058343151181165,0.1286515306552552
215400,1246.8552755474973,1240.2651264858437,0.0,1.0591031277109897,0.12873342516951702
215460,1247.648947872724,1241.05462288246,0.0,1.0580890358072303,0.1288153717149391
215520,1248.443124452629,1241.8446208806042,0.0,1.0591793297547918,0.128897370324579
215580,1249.2378056075872,1242.6351207989658,0.0,1.0610179633881351,0.12897942103151544
215640,1250.0329916581775,1243.4261229564356,0.0,1.0594894109141824,0.12906152386884812
215700,1250.8286829251815,1244.217627672109,0.0,1.0591098887338337,0.1291436788696977
215760,1251.6248797295855,1245.0096352652822,0.0,1.0579354762747348,0.12922588606720595
215820,1252.421582392579,1245.8021460554558,0.0,1.058778298596063,0.12930814549453562
215880,1253.2187912355564,1246.5951603623323,0.0,1.0598966386901087,0.12939045718487066
215940,1254.0165065801157,1247.3886785058178,0.0,1.059992727832878,0.12947282117141604
216000,1254.8147287480595,1248.182700806022,0.0,1.0578530443201637,0.12955523748739778
216060,1255.6134580613943,1248.9772275832572,0.0,1.0583711422506545,0.12963770616606302
216120,1256.4126948423323,1249.7722591580396,0.0,1.0584786501421226,0.12972022724068008
216180,1257.2124394132893,1250.5677958510892,0.0,1.0592499355461404,0.1298028007445384
216240,1258.0126920968862,1251.3638379833299,0.0,1.060630447622037,0.12988542671094852
216300,1258.8134532159497,1252.1603858758886,0.0,1.0576333684320336,0.12996810517324223
216360,1259.6147230935103,1252.9574398500972,0.0,1.0583572400939028,0.1300508361647724
216420,1260.4165020528046,1253.755000227491,0.0,1.0577603071677124,0.13013361971891318
216480,1261.2187904172745,1254.5530673298101,0.0,1.0600804184977715,0.13021645586905983
216540,1262.0215885105672,1255.3516414789995,0.0,1.0593384678885356,0.13029934464862894
216600,1262.8248966565359,1256.1507229972074,0.0,1.0601858143530822,0.13038228609105829
216660,1263.6287151792385,1256.9503122067879,0.0,1.0580335387135729,0.13046528022980677
216720,1264.4330444029401,1257.750409430299,0.0,1.0577784791923432,0.13054832709835476
216780,1265.2378846521108,1258.5510149905042,0.0,1.0586641588793868,0.1306314267302037
216840,1266.0432362514282,1259.3521292103717,0.0,1.0592963517677085,0.1307145791588765
216900,1266.8490995257744,1260.1537524130756,0.0,1.0589023711664778,0.1307977844179172
216960,1267.655474800239,1260.9558849219945,0.0,1.0589461381432883,0.13088104254089128
217020,1268.4623624001183,1261.7585270607128,0.0,1.056597277419574,0.13096435356138553
217080,1269.2697626509146,1262.5616791530206,0.0,1.0580286837629558,0.13104771751300795
217140,1270.0776758783375,1263.3653415229135,0.0,1.059787575233561,0.13113113442938806
217200,1270.8861024083033,1264.1695144945927,0.0,1.0591173948577006,0.13121460434417662
217260,1271.6950425669352,1264.9741983924664,0.0,1.0592904818356514,0.13129812729104584
217320,1272.5044966805642,1265.779393541148,0.0,1.0573523668401044,0.13138170330368934
217380,1273.3144650757279,1266.5851002654572,0.0,1.0575419586402162,0.13146533241582212
217440,1274.124948079172,1267.3913188904205,0.0,1.0588073531524467,0.13154901466118057
217500,1274.9359460178496,1268.1980497412703,0.0,1.0592742341018448,0.13163275007352254
217560,1275.7474592189212,1269.0052931434464,0.0,1.0587928402068387,0.1317165386866273
217620,1276.5594880097556,1269.8130494225945,0.0,1.0569670844298076,0.13180038053429566
217680,1277.3720327179292,1270.621318904568,0.0,1.0574793260761735,0.13188427565034982
217740,1278.1850936712267,1271.4301019154266,0.0,1.058999669785898,0.13196822406863354
217800,1278.9986711976414,1272.2393987814378,0.0,1.0588960770635962,0.13205222582301201
217860,1279.8127656253741,1273.049209829076,0.0,1.0591895954629038,0.13213628094737193
217920,1280.6273772828354,1273.8595353850235,0.0,1.056689879035973,0.13222038947562165
217980,1281.4425064986433,1274.6703757761695,0.0,1.0576357298842425,0.13230455144169093
218040,1282.2581536016253,1275.4817313296114,0.0,1.0577219811365113,0.13238876687953116
218100,1283.0743189208176,1276.2936023726538,0.0,1.0583856147251924,0.1324730358231153
218160,1283.8910027854658,1277.10598923281,0.0,1.0598828233543938,0.13255735830643783
218220,1284.708205525024,1277.9188922378014,0.0,1.0580196208015333,0.13264173436351495
218280,1285.5259274691562,1278.7323117155565,0.0,1.057392907006712,0.13272616402838433
218340,1286.3441689477356,1279.5462479942132,0.0,1.057177421469853,0.13281064733510536
218400,1287.1629302908448,1280.3607014021177,0.0,1.0580870211345013,0.13289518431775904
218460,1287.9822118287768,1281.1756722678244,0.0,1.0587726570931513,0.132979775010448
218520,1288.802013892034,1281.9911609200974,0.0,1.0587094729283388,0.13306441944729658
218580,1289.6223368113283,1282.8071676879083,0.0,1.05615741331058,0.1331491176624508
218640,1290.4431809175824,1283.623692900439,0.0,1.057041496894733,0.13323386969007833
218700,1291.2645465419291,1284.4407368870795,0.0,1.0580788280301796,0.13331867556436858
218760,1292.0864340157116,1285.2582999774302,0.0,1.0589028270410326,0.13340353531953272
218820,1292.9088436704833,1286.0763825012998,0.0,1.0584914528849263,0.13348844898980353
218880,1293.7317758380088,1286.8949847887068,0.0,1.057441813856763,0.1335734166094357
218940,1294.5552308502631,1287.71410716988,0.0,1.0557656992083653,0.13365843821270554
219000,1295.3792090394318,1288.5337499752573,0.0,1.0572038671764459,0.13374351383391125
219060,1296.2037107379124,1289.353913535487,0.0,1.059141885771393,0.13382864350737275
219120,1297.028736278313,1290.1745981814272,0.0,1.0581820296747073,0.1339138272674318
219180,1297.8542859934535,1290.9958042441465,0.0,1.0585447693662782,0.13399906514845197
219240,1298.6803602163643,1291.8175320549237,0.0,1.0565010125585654,0.13408435718481865
219300,1299.5069592802884,1292.6397819452477,0.0,1.056740658278411,0.1341697034109391
219360,1300.3340835186798,1293.4625542468186,0.0,1.0579882852954947,0.1342551038612424
219420,1301.1617332652047,1294.2858492915473,0.0,1.0583898760015686,0.13434055857017957
219480,1301.9899088537416,1295.1096674115543,0.0,1.057235175160712,0.1344260675722235
219540,1302.8186106183807,1295.934008939173,0.0,1.0573903029104996,0.13451163090186888
219600,1303.6478388934247,1296.7588742069468,0.0,1.0559394579815589,0.13459724859363248
219660,1304.4775940133884,1297.5842635476301,0.0,1.0572169156132794,0.1346829206820529
219720,1305.307876312999,1298.4101772941897,0.0,1.0589924383488434,0.13476864720169063
219780,1306.1386861271972,1299.2366157798037,0.0,1.0578423524630194,0.13485442818712826
219840,1306.9700237911354,1300.0635793378613,0.0,1.057514049297199,0.13494026367297027
219900,1307.80188964018,1300.8910683019637,0.0,1.056008771242686,0.13502615369384313
219960,1308.6342840099098,1301.7190830059244,0.0,1.0567349662114298,0.13511209828439533
220020,1309.4672072361166,1302.5476237837688,0.0,1.0591378885105398,0.13519809747929737
220080,1310.3006596548064,1303.3766909697342,0.0,1.057710355981473,0.13528415131324173
220140,1311.1346416021981,1304.2062848982714,0.0,1.0579427254056415,0.13537025982094297
220200,1311.9691534147244,1305.036405904042,0.0,1.0546113108600987,0.13545642303713773
220260,1312.8041954290316,1305.8670543219216,0.0,1.0563670661642797,0.13554264099658472
220320,1313.6397679819797,1306.698230486998,0.0,1.0572532850899343,0.13562891373406463
220380,1314.4758714106433,1307.5299347345717,0.0,1.0578017149459231,0.13571524128438042
220440,1315.3125060523107,1308.3621674001565,0.0,1.057833700858156,0.13580162368235704
220500,1316.1496722444847,1309.1949288194796,0.0,1.055094429320843,0.13588806096284156
220560,1316.9873703248825,1310.0282193284813,0.0,1.0562602658736113,0.13597455316070325
220620,1317.8256006314357,1310.8620392633152,0.0,1.057342140746162,0.13606110031083352
220680,1318.6643635022906,1311.696388960348,0.0,1.0574650926054119,0.1361477024481459
220740,1319.503659275809,1312.5312687561614,0.0,1.0584627097935049,0.13623435960757616
220800,1320.3434882905665,1313.3666789875501,0.0,1.0564378660973845,0.13632107182408226
220860,1321.1838508853546,1314.2026199915226,0.0,1.0558835520929286,0.13640783913264432
220920,1322.0247473991801,1315.0390921053022,0.0,1.056522979511075,0.13649466156826476
220980,1322.866178171265,1315.8760956663255,0.0,1.0573213160743309,0.13658153916596816
221040,1323.7081435410464,1316.7136310122446,0.0,1.0573983250979395,0.13666847196080142
221100,1324.550643848178,1317.5516984809253,0.0,1.057253418257153,0.13675545998783364
221160,1325.3936794325286,1318.3902984104484,0.0,1.0547461541798642,0.1368425032821563
221220,1326.237250634183,1319.2294311391095,0.0,1.0560457772815706,0.13692960187888306
221280,1327.081357793442,1320.0690970054188,0.0,1.0567609816961947,0.13701675581314998
221340,1327.9260012508234,1320.909296348102,0.0,1.0587939805164455,0.13710396512011538
221400,1328.77118134706,1321.7500295061,0.0,1.05596709960253,0.13719122983495993
221460,1329.6168984231024,1322.5912968185687,0.0,1.0565897754730051,0.13727854999288672
221520,1330.4631528201169,1323.43309862488,0.0,1.0550683416422593,0.13736592562912112
221580,1331.3099448794871,1324.2754352646207,0.0,1.056341138187148,0.13745335677891085
221640,1332.157274942813,1325.1183070775937,0.0,1.0582251681701176,0.1375408434775262
221700,1333.005143351912,1325.961714403818,0.0,1.0569023440892185,0.1376283857602597
221760,1333.8535504488189,1326.8056575835287,0.0,1.0566926949029853,0.13771598366242635
221820,1334.702496575785,1327.6501369571765,0.0,1.0551648777194966,0.13780363721936362
221880,1335.55198207528,1328.495152865429,0.0,1.0558965110203733,0.1378913464664314
221940,1336.4020072899905,1329.3407056491694,0.0,1.0571205219483657,0.13797911143901204
222000,1337.252572562821,1330.1867956494987,0.0,1.0573019015575282,0.13806693217251037
222060,1338.1036782368935,1331.033423207734,0.0,1.0554490811895896,0.13815480870235375
222120,1338.9553246555495,1331.8805886654086,0.0,1.0558107144366091,0.138242741063992
222180,1339.8075121623465,1332.7282923642738,0.0,1.0554346125910796,0.13833072929289755
222240,1340.660241101062,1333.5765346462974,0.0,1.0563942867625564,0.13841877342456524
222300,1341.513511815691,1334.425315853665,0.0,1.057928189143774,0.13850687349451254
222360,1342.3673246504472,1335.2746363287795,0.0,1.0563878699632272,0.13859502953827949
222420,1343.2216799497635,1336.1244964142609,0.0,1.0557281425323797,0.1386832415914287
222480,1344.0765780582908,1336.974896452947,0.0,1.0548875807663038,0.13877150968954532
222540,1344.9320193208996,1337.8258367878936,0.0,1.0560189233026527,0.13885983386823722
222600,1345.7880040826792,1338.6773177623747,0.0,1.0572246992550605,0.1389482141631348
222660,1346.6445326889386,1339.5293397198818,0.0,1.0561335405124535,0.1390366506098911
222720,1347.5016054852056,1340.381903004125,0.0,1.0556313291162656,0.13912514324418188
222780,1348.3592228172279,1341.2350079590328,0.0,1.0549651008701753,0.13921369210170548
222840,1349.2173850309725,1342.0886549287522,0.0,1.0556880074480475,0.13930229721818302
222900,1350.0760924726264,1342.9428442576489,0.0,1.0563843658027428,0.1393909586293582
222960,1350.935345488597,1343.7975762903068,0.0,1.056385594719554,0.13947967637099756
223020,1351.7951444255111,1344.6528513715298,0.0,1.056384702876322,0.13956845047889024
223080,1352.6554896302164,1345.5086698463397,0.0,1.0537546561471731,0.1396572809888482
223140,1353.5163814497798,1346.3650320599784,0.0,1.0551674816155912,0.13974616793670608
223200,1354.3778202314907,1347.221938357907,0.0,1.0567851924060512,0.1398351113583214
223260,1355.239806322857,1348.0793890858058,0.0,1.0563816304898292,0.13992411128957438
223320,1356.1023400716085,1348.9373845895745,0.0,1.0568191764260384,0.14001316776636802
223380,1356.965421825696,1349.7959252153332,0.0,1.05480836580119,0.1401022808246282
223440,1357.829051933291,1350.6550113094218,0.0,1.0546933704014751,0.14019145050030352
223500,1358.6932307427862,1351.5146432183994,0.0,1.0558348676070555,0.14028067682936557
223560,1359.557958602796,1352.3748212890466,0.0,1.0564240035226538,0.14036995984780865
223620,1360.4232358621562,1353.2355458683635,0.0,1.0564419107374985,0.14045929959165
223680,1361.2890628699236,1354.0968173035706,0.0,1.0544688849201382,0.14054869609692977
223740,1362.1554399753777,1354.9586359421094,0.0,1.0547957826254803,0.1406381493997109
223800,1363.0223675280195,1355.8210021316422,0.0,1.0558187666253656,0.14072765953607938
223860,1363.8898458775718,1356.6839162200517,0.0,1.0560864283350024,0.14081722654214404
223920,1364.75787537398,1357.5473785554418,0.0,1.0564405425167545,0.14090685045403667
223980,1365.6264563674113,1358.4113894861382,0.0,1.0542542448304888,0.14099653130791204
224040,1366.4955892082564,1359.275949360687,0.0,1.0550295793883804,0.14108626913994782
224100,1367.3652742471277,1360.1410585278559,0.0,1.0545832473671644,0.14117606398634477
224160,1368.2355118348603,1361.0067173366347,0.0,1.0554742743503736,0.14126591588332651
224220,1369.106302322513,1361.8729261362341,0.0,1.0571402348870655,0.14135582486713988
224280,1369.977646061367,1362.739685276088,0.0,1.0554247604027998,0.14144579097405455
224340,1370.8495434029267,1363.606995105851,0.0,1.0548721058938781,0.14153581424036332
224400,1371.72199469892,1364.4748559754005,0.0,1.054200478549434,0.14162589470238204
224460,1372.5950003012986,1365.343268234836,0.0,1.0551059341576896,0.14171603239644964
224520,1373.4685605622371,1366.2122322344794,0.0,1.0560216996348293,0.14180622735892814
224580,1374.3426758341345,1367.0817483248754,0.0,1.0560192087485958,0.14189647962620264
224640,1375.2173464696132,1367.9518168567913,0.0,1.053644937787838,0.1419867892346813
224700,1376.0925728215198,1368.8224381812172,0.0,1.054303244957117,0.14207715622079561
224760,1376.9683552429253,1369.693612649366,0.0,1.0549479281974175,0.14216758062100002
224820,1377.8446940871247,1370.5653406126744,0.0,1.0554819034097565,0.14225806247177217
224880,1378.7215897076376,1371.4376224228015,0.0,1.0566001811019876,0.14234860180961295
224940,1379.5990424582083,1372.3104584316309,0.0,1.053350012007121,0.14243919867104637
225000,1380.4770526928057,1373.1838489912682,0.0,1.0542342566852185,0.1425298530926197
225060,1381.3556207656238,1374.0577944540446,0.0,1.0540857179197827,0.14262056511090335
225120,1382.2347470310813,1374.9322951725135,0.0,1.0563258719804625,0.14271133476249107
225180,1383.1144318438223,1375.8073514994535,0.0,1.0554470240090028,0.14280216208399976
225240,1383.9946755587164,1376.6829637878666,0.0,1.0559478594366825,0.14289304711206965
225300,1384.8754785308583,1377.5591323909796,0.0,1.0538804143545515,0.14298398988336425
225360,1385.7568411155685,1378.4358576622428,0.0,1.0538565996506977,0.14307499043457034
225420,1386.6387636683928,1379.3131399553322,0.0,1.054958032496264,0.14316604880239797
225480,1387.5212465451038,1380.190979624148,0.0,1.055482294191525,0.14325716502358057
225540,1388.4042901016996,1381.069377022815,0.0,1.0547158161865104,0.14334833913487496
225600,1389.2878946944045,1381.9483325056833,0.0,1.0547932544018375,0.14343957117306114
225660,1390.172060679669,1382.8278464273283,0.0,1.0528513144336469,0.14353086117494263
225720,1391.0567884141701,1383.7079191425503,0.0,1.0542236188611902,0.14362220917734633
225780,1391.942078254812,1384.588551006375,0.0,1.0560173387175253,0.14371361521712245
225840,1392.8279305587248,1385.469742374054,0.0,1.055111466322625,0.14380507933114461
225900,1393.7143456832662,1386.3514936010647,0.0,1.0550183370942257,0.14389660155631
225960,1394.6013239860201,1387.2338050431097,0.0,1.0532329488572656,0.14398818192953913
226020,1395.4888658247987,1388.116677056118,0.0,1.0537200059189842,0.14407982048777596
226080,1396.3769715576407,1389.000109996245,0.0,1.056141535390205,0.144171517267988
226140,1397.2656415428123,1389.8841042198717,0.0,1.0549535815596747,0.14426327230716618
226200,1398.1548761388078,1390.7686600836064,0.0,1.0553160963642478,0.14435508564232497
226260,1399.0446757043492,1391.6537779442829,0.0,1.0516887934259767,0.1444469573105023
226320,1399.935040598386,1392.5394581589628,0.0,1.0533413777821534,0.14453888734875975
226380,1400.8259711800958,1393.425701084934,0.0,1.0542009359434898,0.1446308757941823
226440,1401.717467808885,1394.3125070797112,0.0,1.0550206468398,0.14472292268387857
226500,1402.6095308443876,1395.199876501037,0.0,1.0550745909085117,0.14481502805498078
226560,1403.5021606464666,1396.0878097068803,0.0,1.0525217367913622,0.1449071919446447
226620,1404.3953575752134,1396.976307055438,0.0,1.0534786750982852,0.1449994143900497
226680,1405.2891219909486,1397.8653689051346,0.0,1.05413052867657,0.14509169542839884
226740,1406.1834542542208,1398.7549956146224,0.0,1.0545192221199853,0.14518403509691868
226800,1407.0783547258086,1399.6451875427815,0.0,1.055761015278887,0.14527643343285965
226860,1407.9738237667193,1400.5359450487197,0.0,1.0538085920825635,0.1453688904734956
226920,1408.8698617381897,1401.4272684917728,0.0,1.053163672518154,0.14546140625612422
226980,1409.7664690016866,1402.319158231506,0.0,1.0534125512637527,0.14555398081806686
227040,1410.6636459189053,1403.2116146277117,0.0,1.0542813167696674,0.14564661419666855
227100,1411.5613928517719,1404.1046380404111,0.0,1.0546770733667956,0.1457393064292981
227160,1412.4597101624422,1404.9982288298556,0.0,1.054554576323485,0.14583205755334802
227220,1413.358598213302,1405.8923873565234,0.0,1.0519568714929928,0.14592486760623463
227280,1414.2580573669673,1406.7871139811227,0.0,1.0528587485011742,0.1460177366253979
227340,1415.158087986285,1407.6824090645912,0.0,1.0537216359057693,0.14611066464830175
227400,1416.0586904343313,1408.5782729680952,0.0,1.0559760196762253,0.14620365171243377
227460,1416.9598650744144,1409.474706053031,0.0,1.0534036461377125,0.14629669785530544
227520,1417.8616122700726,1410.3717086810245,0.0,1.0539159235398712,0.14638980311445204
227580,1418.7639323850756,1411.269281213931,0.0,1.0518881297370388,0.14648296752743276
227640,1419.6668257834237,1412.1674240138357,0.0,1.0533187375769284,0.14657619113183057
227700,1420.570292829349,1413.0661374430542,0.0,1.0551978536738367,0.14666947396525232
227760,1421.4743338873147,1413.9654218641324,0.0,1.0541095017096773,0.14676281606532887
227820,1422.3789493220156,1414.865277639846,0.0,1.0541223856971893,0.14685621746971486
227880,1423.284139498378,1415.7657051332014,0.0,1.0523029080616082,0.14694967821608884
227940,1424.1899047815607,1416.6667047074359,0.0,1.052842605608044,0.14704319834215343
228000,1425.0962455369536,1417.568276726017,0.0,1.054112647832865,0.14713677788563512
228060,1426.0031621301796,1418.470421552644,0.0,1.0543965768470236,0.14723041688428437
228120,1426.9106549270934,1419.3731395512466,0.0,1.0528771334038491,0.14732411537587561
228180,1427.8187242937825,1420.276431085986,0.0,1.0531058882265742,0.14741787339820736
228240,1428.7273705965663,1421.1802965212541,0.0,1.052208720076533,0.14751169098910205
228300,1429.636594201998,1422.0847362216753,0.0,1.0533351384137917,0.1476055681864062
228360,1430.5463954768627,1422.9897505521053,0.0,1.054996710969353,0.14769950502799026
228420,1431.456774788179,1423.8953398776314,0.0,1.0536455540321026,0.147793501551749
228480,1432.3677325031986,1424.8015045635732,0.0,1.0531119354782974,0.14788755779560098
228540,1433.2792689894063,1425.7082449754819,0.0,1.0515667122177939,0.14798167379748897
228600,1434.1913846145212,1426.6155614791412,0.0,1.05293050343557,0.14807584959537992
228660,1435.1040797464948,1427.5234544405678,0.0,1.0541728263832413,0.1481700852272648
228720,1436.0173547535132,1428.4319242260099,0.0,1.0536252615914137,0.14826438073115875
228780,1436.9312100039967,1429.340971201949,0.0,1.0529202575084513,0.14835873614510106
228840,1437.8456458665987,1430.2505957350995,0.0,1.052160646528919,0.14845315150715518
228900,1438.7606627102075,1431.1607981924087,0.0,1.0525314348789003,0.1485476268554088
228960,1439.6762609039456,1432.0715789410567,0.0,1.053303940523634,0.1486421622279737
229020,1440.59244081717,1432.9829383484573,0.0,1.0536231239355192,0.14873675766298597
229080,1441.5092028194726,1433.8948767822574,0.0,1.0536083462870216,0.1488314131986059
229140,1442.4265472806796,1434.8073946103377,0.0,1.0508498700156281,0.14892612887301804
229200,1443.3444745708532,1435.720492200813,0.0,1.0521699317147348,0.1490209047244311
229260,1444.262985060289,1436.634169922031,0.0,1.0535737575486925,0.14911574079107823
229320,1445.1820791195194,1437.5484281425743,0.0,1.0534304302162887,0.14921063711121677
229380,1446.1017571193115,1438.4632672312594,0.0,1.054115831881562,0.14930559372312835
229440,1447.0220194306687,1439.378687557137,0.0,1.0520884479361574,0.149400610665119
229500,1447.9428664248287,1440.2946894894924,0.0,1.0517234865741307,0.14949568797551904
229560,1448.8642984732667,1441.2112733978454,0.0,1.0526691545950613,0.14959082569268312
229620,1449.7863159476926,1442.1284396519509,0.0,1.0533666970317075,0.1496860238549903
229680,1450.708919220053,1443.0461886217984,0.0,1.053852769579419,0.149781282500844
229740,1451.6321086625314,1443.9645206776124,0.0,1.0517887168424016,0.14987660166867203
229800,1452.5558846475467,1444.8834361898532,0.0,1.0519910438096949,0.1499719813969267
229860,1453.480247547755,1445.8029355292156,0.0,1.0524420777652705,0.1500674217240846
229920,1454.4051977360489,1446.7230190666307,0.0,1.0530518392882946,0.15016292268864692
229980,1455.3307355855582,1447.6436871732649,0.0,1.0534742296305517,0.1502584843291392
230040,1456.2568614696495,1448.5649402205202,0.0,1.0516322651914467,0.15035410668411156
230100,1457.1835757619272,1449.486778580035,0.0,1.0522469360453919,0.15044978979213847
230160,1458.1108788362321,1450.4092026236838,0.0,1.0512910103643114,0.150545533691819
230220,1459.0387710666434,1451.332212723577,0.0,1.0523749877653918,0.1506413384217768
230280,1459.9672528274778,1452.2558092520617,0.0,1.0541552746356373,0.15073720402065993
230340,1460.8963244932888,1453.1799925817213,0.0,1.0526153639569162,0.1508331305271411
230400,1461.8259864388694,1454.1047630853764,0.0,1.052184977244123,0.1509291179799175
230460,1462.7562390392497,1455.0301211360843,0.0,1.0510948940458216,0.15102516641771105
230520,1463.6870826696988,1455.956067107139,0.0,1.0519496287574939,0.15112127587926813
230580,1464.6185177057234,1456.8826013720718,0.0,1.0530368014128093,0.1512174464033598
230640,1465.5505445230694,1457.8097243046514,0.0,1.0531088217967675,0.15131367802878173
230700,1466.483163497721,1458.7374362788842,0.0,1.0509700790316396,0.15140997079435428
230760,1467.4163750059017,1459.6657376690137,0.0,1.0514479782553492,0.15150632473892245
230820,1468.350179424074,1460.594628849522,0.0,1.0516367960071253,0.1516027399013559
230880,1469.2845771289392,1461.524110195128,0.0,1.0523839055743593,0.15169921632054903
230940,1470.2195684974379,1462.4541820807892,0.0,1.0536958072496445,0.15179575403542092
231000,1471.155153906751,1463.3848448817018,0.0,1.0507557685532594,0.1518923530849153
231060,1472.091333734298,1464.3160989733,0.0,1.051416541296547,0.15198901350800087
231120,1473.0281083577388,1465.2479447312564,0.0,1.0508830894519698,0.15208573534367084
231180,1473.9654781549734,1466.180382531482,0.0,1.0531496884559821,0.15218251863094331
231240,1474.9034435041413,1467.1134127501277,0.0,1.0524336526611704,0.1522793634088612
231300,1475.8420047836225,1468.0470357635822,0.0,1.0532019557530174,0.15237626971649212
231360,1476.7811623720377,1468.981251948474,0.0,1.051087025179684,0.15247323759292863
231420,1477.7209166482478,1469.916061681671,0.0,1.0508393651055117,0.15257026707728807
231480,1478.6612679913544,1470.8514653402794,0.0,1.051747822905251,0.1526673582087126
231540,1479.6022167807002,1471.7874633016468,0.0,1.0523720754977883,0.15276451102636934
231600,1480.5437633958688,1472.724055943359,0.0,1.0519570675530663,0.15286172556945019
231660,1481.485908216685,1473.6612436432426,0.0,1.0519693149683984,0.15295900187717199
231720,1482.4286516232146,1474.599026779364,0.0,1.0496791944240347,0.15305633998877655
231780,1483.3719939957657,1475.5374057300296,0.0,1.0510796833378937,0.15315373994353054
231840,1484.315935714887,1476.4763808737862,0.0,1.0528178073674246,0.15325120178072563
231900,1485.2604771613696,1477.4159525894215,0.0,1.052152924580286,0.15334872553967835
231960,1486.2056187162466,1478.3561212559634,0.0,1.0522794181143578,0.15344631125973038
232020,1487.1513607607926,1479.2968872526808,0.0,1.050369068016178,0.15354395898024822
232080,1488.097703676525,1480.2382509590836,0.0,1.0505694197088216,0.15364166874062352
232140,1489.0446478452036,1481.1802127549226,0.0,1.0528915083878143,0.1537394405802729
232200,1489.9921936488302,1482.1227730201902,0.0,1.0519673579894933,0.153837274538638
232260,1490.9403414696496,1483.06593213512,0.0,1.0524450703917794,0.15393517065518553
232320,1491.8890916901498,1484.0096904801874,0.0,1.048746201780811,0.15403312896940732
232380,1492.8384446930618,1484.9540484361094,0.0,1.0501935783753376,0.15413114952082027
232440,1493.7884008613587,1485.8990063838446,0.0,1.0509853391335242,0.15422923234896635
232500,1494.7389605782585,1486.8445647045942,0.0,1.0519999981659178,0.15432737749341272
232560,1495.6901242272215,1487.7907237798008,0.0,1.052089414640382,0.15442558499375156
232620,1496.6418921919521,1488.7374839911504,0.0,1.0497815212050061,0.15452385488960033
232680,1497.5942648563982,1489.6848457205708,0.0,1.0505594193408205,0.15462218722060164
232740,1498.5472426047525,1490.6328093502327,0.0,1.0507512060458717,0.1547205820264232
232800,1499.5008258214502,1491.581375262549,0.0,1.0513740290295326,0.154819039346758
232860,1500.4550148911724,1492.5305438401767,0.0,1.0528015720790904,0.15491755922132425
232920,1501.4098101988436,1493.480315466015,0.0,1.0509594736235783,0.15501614168986536
232980,1502.3652121296334,1494.4306905232072,0.0,1.05030536407484,0.15511478679215
233040,1503.3212210689555,1495.3816693951385,0.0,1.0501495112670178,0.1552134945679721
233100,1504.2778374024688,1496.3332524654395,0.0,1.0510562227236087,0.15531226505715093
233160,1505.2350615160776,1497.2854401179832,0.0,1.051711729018271,0.15541109829953098
233220,1506.1928937959308,1498.2382327368873,0.0,1.051625480449401,0.15550999433498217
233280,1507.1513346284232,1499.1916307065133,0.0,1.0491033967566716,0.1556089532033995
233340,1508.1103844001946,1500.1456344114665,0.0,1.0499585286137927,0.15570797494470368
233400,1509.0700434981304,1501.1002442365973,0.0,1.051017427888761,0.15580705959884045
233460,1510.0303123093622,1502.055460567,0.0,1.0518151037419325,0.15590620720578113
233520,1510.9911912212672,1503.0112837880138,0.0,1.0513996853826297,0.1560054178055224
233580,1511.9526806214694,1503.9677142852229,0.0,1.050320308487518,0.15610469143808628
233640,1512.9147808978382,1504.924752444456,0.0,1.0487081053441145,0.15620402814352027
233700,1513.87749243849,1505.8823986517875,0.0,1.0501103112781818,0.15630342796189733
233760,1514.8408156317873,1506.840653293537,0.0,1.0520222914378488,0.15640289093331583
233820,1515.8047508663399,1507.799516756269,0.0,1.051075441785329,0.15650241709789967
233880,1516.7692985310043,1508.758989426794,0.0,1.0513880244671407,0.15660200649579825
233940,1517.7344590148837,1509.7190716921682,0.0,1.049375580915236,0.15670165916718637
234000,1518.700232707329,1510.6797639396939,0.0,1.0496232695357657,0.15680137515226447
234060,1519.6666199979381,1511.641066556919,0.0,1.0508656985381384,0.15690115449125852
234120,1520.633621276557,1512.602979931638,0.0,1.0512600038853177,0.15700099722441999
234180,1521.6012369332789,1513.5655044518921,0.0,1.0501076844686317,0.15710090339202593
234240,1522.5694673584446,1514.5286405059683,0.0,1.050228617060913,0.15720087303437902
234300,1523.5383129426436,1515.4923884824009,0.0,1.048814797576723,0.15730090619180753
234360,1524.507774076713,1516.4567487699703,0.0,1.0500733249978227,0.15740100290466538
234420,1525.4778511517386,1517.4217217577052,0.0,1.0518162124374155,0.1575011632133321
234480,1526.4485445590547,1518.38730783488,0.0,1.0506818391368065,0.1576013871582128
234540,1527.4198546902433,1519.3535073910173,0.0,1.0503282660139603,0.1577016747797384
234600,1528.3917819371363,1520.3203208158868,0.0,1.0480915611712938,0.15780202611836547
234660,1529.3643266918143,1521.2877484995067,0.0,1.0496491347079986,0.1579024412145762
234720,1530.3374893466068,1522.2557908321417,0.0,1.0508865751725158,0.15800292010887856
234780,1531.3112702940925,1523.2244482043052,0.0,1.0508865925680158,0.15810346284180626
234840,1532.2856699271,1524.1937210067586,0.0,1.0500078357566207,0.1582040694539188
234900,1533.2606886387066,1525.1636096305117,0.0,1.0492503098484407,0.15830473998580138
234960,1534.2363268222402,1526.1341144668222,0.0,1.0491879041196461,0.15840547447806497
235020,1535.2125848712783,1527.105235907197,0.0,1.0500119657907292,0.15850627297134645
235080,1536.1894631796483,1528.0769743433916,0.0,1.050618766019585,0.15860713550630842
235140,1537.166962141428,1529.0493301674103,0.0,1.0506154781929682,0.15870806212363933
235200,1538.1450821509457,1530.0223037715061,0.0,1.0478802813030763,0.15880905286405353
235260,1539.1238236027798,1530.995895548182,0.0,1.0490312499555825,0.15891010776829118
235320,1540.1031868917596,1531.9701058901894,0.0,1.0501310992614021,0.15901122687711836
235380,1541.0831724129657,1532.9449351905303,0.0,1.0502501667906514,0.15911241023132702
235440,1542.063780561729,1533.9203838424555,0.0,1.0511849166191787,0.1592136578717351
235500,1543.0450117336316,1534.8964522394663,0.0,1.0491850551175061,0.1593149698391864
235560,1544.0268663245076,1535.8731407753137,0.0,1.0486300254114542,0.15941634617455064
235620,1545.009344730442,1536.8504498439988,0.0,1.0492927160591705,0.15951778691872362
235680,1545.9924473477722,1537.8283798397729,0.0,1.0500843990377446,0.15961929211262701
235740,1546.9761745730862,1538.8069311571385,0.0,1.0501406549786665,0.15972086179720854
235800,1547.9605268032249,1539.7861041908477,0.0,1.049970822832536,0.15982249601344198
235860,1548.9455044352812,1540.7658993359044,0.0,1.0475085300256133,0.15992419480232706
235920,1549.9311078666,1541.7463169875628,0.0,1.0487898505523894,0.1600259582048896
235980,1550.9173374947786,1542.7273575413285,0.0,1.0495002516002907,0.16012778626218152
236040,1551.9041937176676,1543.7090213929584,0.0,1.0514657139018873,0.16022967901528073
236100,1552.8916769333694,1544.6913089384602,0.0,1.0487056867150026,0.16033163650529134
236160,1553.8797875402402,1545.6742205740943,0.0,1.0492771665909981,0.16043365877334348
236220,1554.8685259368885,1546.6577566963724,0.0,1.0478019725180665,0.16053574586059347
236280,1555.8578925221768,1547.641917702058,0.0,1.0490516756329453,0.16063789780822377
236340,1556.8478876952208,1548.6267039881661,0.0,1.050899630569727,0.160740114657443
236400,1557.8385118553895,1549.6121159519653,0.0,1.0495949546779948,0.160842396449486
236460,1558.8297654023054,1550.5981539909758,0.0,1.0493549516886473,0.16094474322561375
236520,1559.8216487358459,1551.58481850297,0.0,1.0478537299997197,0.16104715502711348
236580,1560.8141622561416,1552.5721098859738,0.0,1.0485823865114363,0.1611496318952986
236640,1561.8073063635773,1553.5600285382654,0.0,1.049794274560547,0.1612521738715088
236700,1562.8010814587929,1554.5485748583767,0.0,1.0499675584212407,0.1613547809971101
236760,1563.7954879426823,1555.5377492450916,0.0,1.0481344502600989,0.1614574533134947
236820,1564.7905262163938,1556.527552097449,0.0,1.048458671415618,0.16156019086208118
236880,1565.7861966813314,1557.5179838147399,0.0,1.0480963809602921,0.16166299368431433
236940,1566.7824997391538,1558.50904479651,0.0,1.049048838259251,0.1617658618216654
237000,1567.7794357917742,1559.5007354425577,0.0,1.0505504420046328,0.16186879531563192
237060,1568.7770052413623,1560.493056152937,0.0,1.0479894518780348,0.16197179420773777
237120,1569.7752084903427,1561.4860073279547,0.0,1.048439359374132,0.16207485853953327
237180,1570.7740459413956,1562.4795893681726,0.0,1.0475013042721282,0.16217798835259503
237240,1571.773517997457,1563.4738026744064,0.0,1.0496965688315192,0.1622811836885262
237300,1572.7736250617193,1564.4686476477275,0.0,1.0491816362963162,0.16238444458895632
237360,1573.7743675376307,1565.464124689461,0.0,1.0502486876267418,0.16248777109554136
237420,1574.7757458288963,1566.4602342011876,0.0,1.0481205894838599,0.16259116324996375
237480,1575.7777603394768,1567.4569765847432,0.0,1.0476975965130537,0.16269462109393243
237540,1576.78041147359,1568.4543522422189,0.0,1.048303841991555,0.16279814466918283
237600,1577.783699635711,1569.4523615759608,0.0,1.0490223839888133,0.16290173401747687
237660,1578.787625230571,1570.451004988571,0.0,1.0489714858319925,0.16300538918060303
237720,1579.7921886631589,1571.4502828829075,0.0,1.0489497386952575,0.1631091102003764
237780,1580.7973903387208,1572.4501956620845,0.0,1.0463779411309266,0.1632128971186385
237840,1581.8032306627601,1573.4507437294715,0.0,1.0477525949185647,0.16331674997725756
237900,1582.8097100410382,1574.4519274886952,0.0,1.0493602393859702,0.1634206688181283
237960,1583.8168288795737,1575.453747343638,0.0,1.0489580090424295,0.16352465368317218
238020,1584.8245875846437,1576.4562036984391,0.0,1.0493455819799886,0.1636287046143372
238080,1585.8329865627834,1577.4592969574949,0.0,1.0473614652638585,0.163732821653598
238140,1586.842026220786,1578.4630275254578,0.0,1.0472540880941743,0.16383700484295602
238200,1587.8517069657032,1579.4673958072387,0.0,1.0493694829069988,0.16394125422443925
238260,1588.8620292048458,1580.4724022080045,0.0,1.048736666051916,0.16404556984010243
238320,1589.8729933457828,1581.4780471331796,0.0,1.049351958441706,0.164149951732027
238380,1590.8845997963422,1582.484330988447,0.0,1.045767217962832,0.1642543999423212
238440,1591.8968489646118,1583.4912541797464,0.0,1.0469063361752986,0.16435891451311987
238500,1592.9097412589372,1584.498817113276,0.0,1.0475617392723253,0.16446349548658484
238560,1593.9232770879253,1585.5070201954918,0.0,1.0487233413466246,0.16456814290490457
238620,1594.937456860441,1586.5158638331081,0.0,1.0488725649294295,0.1646728568102944
238680,1595.9522809856098,1587.5253484330979,0.0,1.0468706095646714,0.1647776372449964
238740,1596.9677498728174,1588.5354744026918,0.0,1.047484561387412,0.16488248425127955
238800,1597.9838639317088,1589.5462421493803,0.0,1.0471485816044699,0.16498739787143973
238860,1599.0006235721894,1590.5576520809125,0.0,1.0479980986865076,0.1650923781477996
238920,1600.018029204426,1591.569704605296,0.0,1.0495974234101433,0.1651974251227087
238980,1601.0360812388446,1592.5824001307983,0.0,1.0479012945850907,0.1653025388385436
239040,1602.054780086133,1593.5957390659457,0.0,1.0473102611054455,0.16540771933770768
239100,1603.0741261572396,1594.6097218195248,0.0,1.0467023932728905,0.16551296666263127
239160,1604.0941198633736,1595.6243488005812,0.0,1.0476077982194978,0.1656182808557717
239220,1605.114761616006,1596.6396204184205,0.0,1.0484952742995013,0.16572366195961333
239280,1606.1360518268687,1597.6555370826086,0.0,1.0484718078472075,0.1658291100166673
239340,1607.1579909079558,1598.6720992029716,0.0,1.0461187159007952,0.165934625069472
239400,1608.1805792715222,1599.6893071895959,0.0,1.046741402276586,0.16604020716059276
239460,1609.2038173300862,1600.7071614528281,0.0,1.0474224476948437,0.16614585633262183
239520,1610.2277054964263,1601.7256624032764,0.0,1.0485524068097445,0.16625157262817875
239580,1611.2522441835852,1602.744810451809,0.0,1.0481761636267497,0.16635735608990995
239640,1612.2774338048664,1603.7646060095558,0.0,1.047439862351438,0.16646320676048906
239700,1613.3032747738368,1604.7850494879071,0.0,1.0452019584347585,0.16656912468261675
239760,1614.329767504326,1605.8061412985157,0.0,1.0467339724753806,0.1666751098990209
239820,1615.3569124104265,1606.8278818532947,0.0,1.0485076725178653,0.16678116245245647
239880,1616.3847099064938,1607.85027156442,0.0,1.04781865949905,0.16688728238570563
239940,1617.4131604071465,1608.8733108443284,0.0,1.0483750784944248,0.16699346974157767
240000,1618.4422643272676,1609.8970001057194,0.0,1.0462842847317257,0.16709972456290909
240060,1619.4720220820022,1610.9213397615545,0.0,1.0462505110039093,0.1672060468925637
240120,1620.5024340867603,1611.9463302250579,0.0,1.0473898603142437,0.16731243677343244
240180,1621.5335007572153,1612.9719719097154,0.0,1.047892078155757,0.16741889424843356
240240,1622.5652225093045,1613.998265229277,0.0,1.0470989386629395,0.16752541936051255
240300,1623.5975997592302,1615.0252105977538,0.0,1.0471346505546655,0.16763201215264217
240360,1624.6306329234585,1616.0528084294215,0.0,1.045281999362149,0.1677386726678225
240420,1625.6643224187203,1617.0810591388183,0.0,1.046620636661621,0.16784540094908093
240480,1626.698668662011,1618.1099631407455,0.0,1.0483799111980805,0.16795219703947228
240540,1627.7336720705919,1619.1395208502684,0.0,1.0474747523306827,0.16805906098207854
240600,1628.769333061988,1620.1697326827161,0.0,1.0473221134406043,0.16816599282000924
240660,1629.8056520539906,1621.2005990536813,0.0,1.0445031429945024,0.16827299259640122
240720,1630.842629464656,1622.232120379021,0.0,1.0461877286310866,0.16838006035441871
240780,1631.8802657123067,1623.2642970748554,0.0,1.0473737966886008,0.16848719613725346
240840,1632.9185612155297,1624.2971295575708,0.0,1.047874933946401,0.16859439998812453
240900,1633.9575163931795,1625.330618243817,0.0,1.0468627111935418,0.16870167195027855
240960,1634.9971316643757,1626.3647635505083,0.0,1.0461804858869477,0.16880901206698956
241020,1636.0374074485044,1627.3995658948243,0.0,1.0456756046792557,0.16891642038155913
241080,1637.0783441652181,1628.4350256942096,0.0,1.0465173721890457,0.16902389693731634
241140,1638.1199422344364,1629.4711433663747,0.0,1.0473558551399595,0.16913144177761774
241200,1639.162202076345,1630.5079193292938,0.0,1.0473821968280794,0.16923905494584754
241260,1640.2051241113973,1631.5453540012081,0.0,1.0448126230780888,0.16934673648541737
241320,1641.2487087603126,1632.5834478006245,0.0,1.0457489685398913,0.16945448643976657
241380,1642.2929564440792,1633.6222011463146,0.0,1.046471952949602,0.16956230485236204
241440,1643.3378675839517,1634.6616144573177,0.0,1.046838336402698,0.16967019176669823
241500,1644.3834426014525,1635.7016881529375,0.0,1.0479925227500948,0.1697781472262973
241560,1645.4296819183724,1636.742422652746,0.0,1.0460630193367708,0.16988617127470906
241620,1646.4765859567692,1637.7838183765805,0.0,1.0454068551296392,0.16999426395551095
241680,1647.5241551389693,1638.8258757445453,0.0,1.0457189072256512,0.1701024253123081
241740,1648.572389887568,1639.8685951770121,0.0,1.0465804053526904,0.17021065538873342
241800,1649.6212906254284,1640.9119770946186,0.0,1.0469348705340396,0.17031895422844742
241860,1650.6708577756826,1641.9560219182713,0.0,1.0467827497369318,0.17042732187513843
241920,1651.721091761731,1643.0007300691425,0.0,1.0442329147488927,0.1705357583725225
241980,1652.7719930072437,1644.0461019686734,0.0,1.0451426544969942,0.17064426376434347
242040,1653.8235619361599,1645.092138038572,0.0,1.0459907106308797,0.17075283809437303
242100,1654.8757989726876,1646.138838700815,0.0,1.048155397144606,0.17086148140641053
242160,1655.9287045413046,1647.1862043776466,0.0,1.045648436859936,0.17097019374428332
242220,1656.9822790667586,1648.2342354915797,0.0,1.0461063836327646,0.1710789751518465
242280,1658.0365229740669,1649.282932465395,0.0,1.0441617119546793,0.17118782567298307
242340,1659.091436688517,1650.3322957221433,0.0,1.0455524789470931,0.17129674535160386
242400,1660.1470206356664,1651.382325685142,0.0,1.0473972124189856,0.17140573423164762
242460,1661.2032752413434,1652.433022777979,0.0,1.04631755669748,0.17151479235708106
242520,1662.2602009316463,1653.484387424511,0.0,1.046276876763588,0.17162391977189875
242580,1663.3177981329443,1654.536420048864,0.0,1.0445008774289744,0.1717331165201233
242640,1664.376067271878,1655.5891210754335,0.0,1.0450505945821917,0.17184238264580518
242700,1665.435008775358,1656.642490928884,0.0,1.046309010396409,0.17195171819302293
242760,1666.4946230705673,1657.6965300341506,0.0,1.0465809793245964,0.17206112320588313
242820,1667.5549105849593,1658.7512388164382,0.0,1.045063852663707,0.17217059772852028
242880,1668.6158717462597,1659.8066177012217,0.0,1.045254403087172,0.17228014180509696
242940,1669.6775069824657,1660.8626671142465,0.0,1.0444040887556678,0.17238975547980384
243000,1670.7398167218466,1661.9193874815282,0.0,1.0455117281735091,0.17249943879685958
243060,1671.8028013929434,1662.9767792293535,0.0,1.0471314220614827,0.1726091918005111
243120,1672.8664614245697,1664.0348427842794,0.0,1.0449826947713778,0.17271901453503324
243180,1673.9307972458114,1665.0935785731342,0.0,1.0452298236770343,0.1728289070447291
243240,1674.995809286027,1666.1529870230174,0.0,1.0439822393756062,0.17293886937392988
243300,1676.061497974848,1667.2130685613,0.0,1.0459922323072977,0.17304890156699493
243360,1677.1278637421783,1668.273823615624,0.0,1.0457039993917567,0.17315900366831183
243420,1678.1949070181959,1669.335252613904,0.0,1.0470062261504989,0.1732691757222963
243480,1679.2626282333513,1670.3973559843255,0.0,1.0449175059944646,0.17337941777339233
243540,1680.3310278183687,1671.4601341553466,0.0,1.0444109385637559,0.17348972986607214
243600,1681.4001062042462,1672.5235875556975,0.0,1.0446703085593194,0.17360011204483622
243660,1682.469863822255,1673.587716614381,0.0,1.0454600041043993,0.17371056435421325
243720,1683.5403011039416,1674.6525217606718,0.0,1.0457180218384365,0.17382108683876035
243780,1684.6114184811254,1675.7180034241183,0.0,1.0456789358952683,0.17393167954306277
243840,1685.683216385901,1676.7841620345407,0.0,1.04298143912382,0.17404234251173423
243900,1686.755695250637,1677.8509980220333,0.0,1.0442588299187072,0.17415307578941672
243960,1687.8288555079769,1678.918511816963,0.0,1.0456716484024327,0.1742638794207806
244020,1688.902697590839,1679.9867038499708,0.0,1.045519929317622,0.17437475345052464
244080,1689.9772219324168,1681.0555745519703,0.0,1.046139247193838,0.174485697923376
244140,1691.0524289661794,1682.1251243541499,0.0,1.0441403259507842,0.17459671288409026
244200,1692.12831912587,1683.1953536879712,0.0,1.0437856355971769,0.17470779837745146
244260,1693.204892845509,1684.2662629851704,0.0,1.0447464075206594,0.174818954448272
244320,1694.2821505593913,1685.337852677758,0.0,1.0454339102034964,0.17493018114139283
244380,1695.3600927020884,1686.4101231980185,0.0,1.0458619079851967,0.1750414785016834
244440,1696.4387197084477,1687.4830749785112,0.0,1.0438339450356524,0.1751528465740416
244500,1697.518032013593,1688.556708452071,0.0,1.0440025619281657,0.17526428540339387
244560,1698.5980300529243,1689.631024051807,0.0,1.0444847129654824,0.17537579503469525
244620,1699.6787142621185,1690.7060222111031,0.0,1.0450910467102452,0.1754873755129293
244680,1700.760085077129,1691.7817033636193,0.0,1.0454982581597165,0.17559902688310816
244740,1701.8421429341863,1692.8580679432914,0.0,1.043667784892527,0.17571074919027255
244800,1702.9248882697987,1693.93511638433,0.0,1.044235078581923,0.1758225424794918
244860,1704.0083215207505,1695.0128491212222,0.0,1.0433249423365483,0.17593440679586395
244920,1705.0924431241049,1696.0912665887308,0.0,1.0443891961283271,0.17604634218451562
244980,1706.1772535172015,1697.170369221895,0.0,1.0461250034356078,0.17615834869060212
245040,1707.2627531376588,1698.2501574560304,0.0,1.044605457667626,0.17627042635930748
245100,1708.3489424233728,1699.330631726729,0.0,1.0441476055539167,0.17638257523584436
245160,1709.435821812518,1700.4117924698598,0.0,1.043086087400881,0.17649479536545423
245220,1710.5233917435476,1701.4936401215687,0.0,1.0439369697471246,0.17660708679340728
245280,1711.6116526551918,1702.5761751182783,0.0,1.0450088466719993,0.1767194495650024
245340,1712.7006049864613,1703.6593978966891,0.0,1.04506922088384,0.17683188372556735
245400,1713.7902491766454,1704.7433088937787,0.0,1.0429545075319746,0.1769443893204586
245460,1714.8805856653119,1705.8279085468025,0.0,1.043392980349201,0.17705696639506158
245520,1715.9716148923078,1706.9131972932935,0.0,1.043593727047086,0.1771696149947904
245580,1717.0633372977607,1707.9991755710626,0.0,1.0450065510281736,0.1772823351650881
245640,1718.1557533220762,1709.0858438181992,0.0,1.0447018069312772,0.17739512695142653
245700,1719.248863405941,1710.173202473071,0.0,1.0443601942563558,0.1775079903993066
245760,1720.3426679903212,1711.2612519743238,0.0,1.0415833861893395,0.17762092555425787
245820,1721.4371675164632,1712.3499927608825,0.0,1.0431785338213393,0.17773393246183908
245880,1722.5323624258938,1713.439425271951,0.0,1.04472561095486,0.17784701116763768
245940,1723.6282531604204,1714.5295499470117,0.0,1.0443098482315425,0.17796016171727028
246000,1724.7248401621307,1715.6203672258264,0.0,1.045121285349673,0.17807338415638238
246060,1725.8221238733938,1716.7118775484366,0.0,1.0429983187592362,0.1781866785306485
246120,1726.9201047368595,1717.8040813551631,0.0,1.0427135143104258,0.1783000448857722
246180,1728.0187831954593,1718.8969790866067,0.0,1.043665936837807,0.178413483267486
246240,1729.1181596924052,1719.9905711836477,0.0,1.0442735319599452,0.17852699372155156
246300,1730.2182346711913,1721.0848580874472,0.0,1.0438439339784251,0.17864057629375954
246360,1731.3190085755944,1722.1798402394459,0.0,1.0438210302978415,0.17875423102992977
246420,1732.4204818496714,1723.2755180813654,0.0,1.0415917133031796,0.17886795797591115
246480,1733.5226549377626,1724.3718920552078,0.0,1.0429601949365797,0.17898175717758175
246540,1734.6255282844902,1725.4689626032557,0.0,1.0446737602413587,0.17909562868084872
246600,1735.7291023347595,1726.5667301680733,0.0,1.0440144013264125,0.17920957253164838
246660,1736.8333775337574,1727.6651951925055,0.0,1.044093269754672,0.17932358877594634
246720,1737.9383543269544,1728.764358119679,0.0,1.0422121429471602,0.1794376774597373
246780,1739.044033160104,1729.8642193930016,0.0,1.0424228751225615,0.17955183862904522
246840,1740.1504144792423,1730.9647794561633,0.0,1.044696802800222,0.17966607232992332
246900,1741.2574987306898,1732.0660387531352,0.0,1.0438073609793812,0.17978037860845408
246960,1742.3652863610496,1733.1679977281715,0.0,1.0442483638367053,0.1798947575107492
247020,1743.473777817209,1734.2706568258077,0.0,1.0406286944765637,0.18000920908294973
247080,1744.5829735463392,1735.3740164908622,0.0,1.0420197232355584,0.180123733371226
247140,1745.6928739958958,1736.4780771684364,0.0,1.0428109874631437,0.18023833042177775
247200,1746.8034796136176,1737.5828393039137,0.0,1.043809896554942,0.18035300028083404
247260,1747.9147908475295,1738.688303342961,0.0,1.0438860992441812,0.18046774299465318
247320,1749.0268081459396,1739.794469731528,0.0,1.0416052676456025,0.18058255860952308
247380,1750.1395319574415,1740.901338915848,0.0,1.0423364866209779,0.18069744717176087
247440,1751.2529627309139,1742.008911342438,0.0,1.0425435500210163,0.18081240872771323
247500,1752.3671009155205,1743.1171874580982,0.0,1.0431616313629148,0.18092744332375624
247560,1753.4819469607103,1744.226167709913,0.0,1.0445481427780987,0.1810425510062955
247620,1754.5975013162179,1745.3358525452506,0.0,1.0427301424218667,0.18115773182176595
247680,1755.7137644320637,1746.4462424117635,0.0,1.0420623369473714,0.18127298581663215
247740,1756.830736758554,1747.5573377573892,0.0,1.0419143102507888,0.18138831303738817
247800,1757.9484187462813,1748.6691390303483,0.0,1.0428152029796594,0.1815037135305576
247860,1759.066810846124,1749.7816466791483,0.0,1.043462079681803,0.18161918734269364
247920,1760.1859135092475,1750.89486115258,0.0,1.043361865558441,0.18173473452037894
247980,1761.3057271871035,1752.0087828997198,0.0,1.0408763386018198,0.18185035511022588
248040,1762.4262523314308,1753.1234123699294,0.0,1.0412749475396597,0.1819660491588764
248100,1763.5474893942546,1754.2387500128561,0.0,1.042240485798454,0.18208181671300203
248160,1764.6694388278881,1755.3547962784332,0.0,1.044565937099827,0.18219765781930403
248220,1765.7921010849316,1756.4715516168794,0.0,1.042352829885243,0.18231357252451333
248280,1766.9154766182721,1757.5890164786995,0.0,1.0427288104257866,0.18242956087539047
248340,1768.039565881086,1758.7071913146842,0.0,1.0403315105524231,0.1825456229187258
248400,1769.164369326836,1759.8260765759114,0.0,1.0418326051933984,0.18266175870133933
248460,1770.289887409274,1760.9456727137454,0.0,1.043610935553001,0.1827779682700808
248520,1771.4161205824396,1762.0659801798365,0.0,1.0427855159637687,0.18289425167182974
248580,1772.543069300661,1763.186999426123,0.0,1.0429985125830352,0.18301060895349552
248640,1773.6707340185553,1764.3087309048294,0.0,1.0410430093267913,0.18312704016201728
248700,1774.7991151910285,1765.4311750684685,0.0,1.0413120709463497,0.18324354534436393
248760,1775.9282132732749,1766.5543323698396,0.0,1.0425460182856794,0.18336012454753428
248820,1777.058028720779,1767.6782032620301,0.0,1.0429310712178952,0.18347677781855698
248880,1778.1885619893137,1768.8027881984158,0.0,1.0417735042363419,0.1835935052044905
248940,1779.319813534942,1769.9280876326598,0.0,1.04185846657672,0.18371030675242336
249000,1780.4517838140168,1771.0541020187134,0.0,1.0404947654430363,0.18382718250947389
249060,1781.5844732831808,1772.180831810817,0.0,1.0417299376940345,0.18394413252279032
249120,1782.7178823993665,1773.3082774634988,0.0,1.0434343503343657,0.18406115683955093
249180,1783.8520116197974,1774.4364394315767,0.0,1.0417425976631705,0.18417825550696393
249240,1784.9868614019865,1775.5653181701568,0.0,1.041808701436131,0.18429542857226752
249300,1786.1224322037385,1776.6949141346347,0.0,1.0402972156461734,0.1844126760827299
249360,1787.2587244831482,1777.8252277806953,0.0,1.04200014021202,0.18452999808564938
249420,1788.395738698602,1778.9562595643124,0.0,1.0419680587708835,0.1846473946283542
249480,1789.5334753087768,1780.0880099417507,0.0,1.0435042762485693,0.18476486575820272
249540,1790.671934772642,1781.220479369564,0.0,1.041491227847089,0.18488241152258345
249600,1791.8111175494582,1782.3536683045959,0.0,1.040981413252384,0.18500003196891493
249660,1792.9510240987772,1783.4875772039811,0.0,1.040807144161135,0.18511772714464586
249720,1794.0916548804432,1784.6222065251443,0.0,1.0416438629512672,0.18523549709725512
249780,1795.2330103545926,1785.7575567258007,0.0,1.0421949214069988,0.18535334187425165
249840,1796.375090981654,1786.893628263956,0.0,1.0421671425925574,0.18547126152317467
249900,1797.5178972223487,1788.0304215979081,0.0,1.0394801948608499,0.18558925609159357
249960,1798.6614295376908,1789.1679371862447,0.0,1.0405859884636637,0.18570732562710798
250020,1799.8056883889865,1790.3061754878458,0.0,1.041711142839602,0.18582547017734774
250080,1800.9506742378362,1791.4451369618823,0.0,1.0418180269442372,0.18594368978997297
250140,1802.0963875461334,1792.5848220678176,0.0,1.0426849609738387,0.18606198451267408
250200,1803.2428287760642,1793.7252312654061,0.0,1.0407116177437834,0.1861803543931718
250260,1804.389998390109,1794.8663650146948,0.0,1.0401574047683175,0.1862987994792171
250320,1805.5378968510422,1796.008223776023,0.0,1.0408451577845865,0.1864173198185914
250380,1806.6865246219318,1797.1508080100223,0.0,1.0416277587725298,0.18653591545910636
250440,1807.83588216614,1798.2941181776173,0.0,1.0425043547344255,0.18665458644860408
250500,1808.9859699473238,1799.4381547400253,0.0,1.0404338313201007,0.18677333283495706
250560,1810.1367884294343,1800.582918158756,0.0,1.0405191552795603,0.18689215466606818
250620,1811.288338076718,1801.7284088956135,0.0,1.0403731824966524,0.18701105198987084
250680,1812.4406193537159,1802.8746274126945,0.0,1.0412895127308173,0.18713002485432875
250740,1813.593632725264,1804.0215741723891,0.0,1.0417767409240248,0.18724907330743623
250800,1814.7473786564935,1805.1692496373819,0.0,1.040314636298916,0.18736819739721805
250860,1815.9018576128321,1806.317654270651,0.0,1.0407403958871426,0.18748739717172946
250920,1817.0570700600024,1807.4667885354686,0.0,1.039333194220477,0.18760667267905629
250980,1818.213016464023,1808.6166528954018,0.0,1.0405555319167865,0.18772602396731483
251040,1819.3696972912082,1809.7672478143113,0.0,1.0423628296295808,0.1878454510846521
251100,1820.5271130081696,1810.9185737563535,0.0,1.0410448049214727,0.18796495407924552
251160,1821.6852640818145,1812.0706311859788,0.0,1.0407526651652828,0.18808453299930325
251220,1822.844150979347,1813.223420567933,0.0,1.0393157586026438,0.18820418789306406
251280,1824.0037741682677,1814.376942367258,0.0,1.040056631557265,0.18832391880879734
251340,1825.164134116375,1815.5311970492899,0.0,1.0412457640616264,0.18844372579480317
251400,1826.3252312917643,1816.686185079661,0.0,1.04139871403018,0.1885636088994123
251460,1827.487066162828,1817.8419069242998,0.0,1.0395648044029706,0.18868356817098617
251520,1828.6496391982555,1818.9983630494298,0.0,1.0398470849743227,0.18880360365791696
251580,1829.8129508670356,1820.155553921572,0.0,1.039555286564324,0.18892371540862765
251640,1830.9770016384543,1821.3134800075427,0.0,1.0411728917761012,0.1890439034715719
251700,1832.1417919820954,1822.4721417744556,0.0,1.0409662988900008,0.18916416789523424
251760,1833.307322367841,1823.6315396897205,0.0,1.041019395735937,0.18928450872812996
251820,1834.4735932658725,1824.7916742210448,0.0,1.0378832355111614,0.1894049260188051
251880,1835.6406051466697,1825.9525458364324,0.0,1.0394432647704868,0.18952541981583668
251940,1836.808358481011,1827.1141550041852,0.0,1.040686592601975,0.18964599016783246
252000,1837.976853739974,1828.2765021929024,0.0,1.040542160379351,0.1897666371234312
252060,1839.1460913949359,1829.4395878714809,0.0,1.0415837168987823,0.1898873607313025
252120,1840.3160719175733,1830.6034125091148,0.0,1.0394784973834459,0.19000816104014687
252180,1841.486795779862,1831.7679765752978,0.0,1.0390092185975355,0.19012903809869577
252240,1842.6582634540782,1832.9332805398203,0.0,1.0397047048937083,0.19024999195571163
252300,1843.830475412798,1834.0993248727725,0.0,1.040404312120394,0.19037102265998787
252360,1845.0034321288977,1835.2661100445425,0.0,1.0403118868294985,0.19049213026034886
252420,1846.1771340755542,1836.4336365258173,0.0,1.0402522433642565,0.1906133148056501
252480,1847.3515817262453,1837.6019047875834,0.0,1.0377601156975063,0.19073457634477803
252540,1848.5267755547484,1838.770915301126,0.0,1.0390965196402921,0.19085591492665016
252600,1849.7027160351438,1839.94066853803,0.0,1.040697253789039,0.19097733060021513
252660,1850.8794036418108,1841.1111649701797,0.0,1.0402859052394382,0.1910988234144526
252720,1852.0568388494319,1842.28240506976,0.0,1.0405971454195264,0.1912203934183735
252780,1853.2350221329903,1843.4543893092546,0.0,1.0386488500807591,0.19134204066101967
252840,1854.4139539677715,1844.6271181614482,0.0,1.0385671118262843,0.19146376519146432
252900,1855.5936348293624,1845.8005920994256,0.0,1.0406500240522367,0.1915855670588117
252960,1856.7740651936524,1846.9748115965724,0.0,1.0400419809764272,0.19170744631219733
253020,1857.9552455368332,1848.149777126575,0.0,1.0406073281769845,0.19182940300078793
253080,1859.1371763353993,1849.3254891634197,0.0,1.0371062567934832,0.19195143717378152
253140,1860.3198580661474,1850.5019481813958,0.0,1.038188417721652,0.19207354888040723
253200,1861.5032912061774,1851.6791546550924,0.0,1.038856196502768,0.19219573816992555
253260,1862.6874762328925,1852.8571090594005,0.0,1.0399962796491231,0.19231800509162836
253320,1863.872413623999,1854.0358118695133,0.0,1.040129811102039,0.1924403496948386
253380,1865.0581038575062,1855.2152635609257,0.0,1.0381376902335084,0.1925627720289109
253440,1866.2445474117285,1856.3954646094344,0.0,1.038703357810171,0.19268527214323097
253500,1867.431744765283,1857.5764154911385,0.0,1.038420629398988,0.192807850087216
253560,1868.6196963970913,1858.7581166824398,0.0,1.039250658911063,0.19293050591031452
253620,1869.8084027863788,1859.9405686600426,0.0,1.040794617849356,0.1930532396620066
253680,1870.9978644126763,1861.1237719009541,0.0,1.0391193456031182,0.19317605139180363
253740,1872.1880817558185,1862.3077268824845,0.0,1.0385027443771686,0.1932989411492485
253800,1873.3790552959456,1863.4924340822477,0.0,1.0379311764984214,0.19342190898391556
253860,1874.5707855135017,1864.6778939781602,0.0,1.0388319864824715,0.19354495494541069
253920,1875.7632728892377,1865.864107048443,0.0,1.0396983931261978,0.1936680790833712
253980,1876.9565179042086,1867.0510737716204,0.0,1.0396578862589185,0.1937912814474661
254040,1878.1505210397759,1868.2387946265212,0.0,1.0373678354982365,0.1939145620873958
254100,1879.3452827776064,1869.427270092278,0.0,1.0372506901622347,0.19403792105289233
254160,1880.5408035996736,1870.6165006483275,0.0,1.038283515040202,0.1941613583937194
254220,1881.7370839882562,1871.806486774412,0.0,1.040657755375347,0.1942848741596722
254280,1882.9341244259401,1872.9972289505772,0.0,1.0387695741602319,0.19440846840057768
254340,1884.1319253956176,1874.1887276571758,0.0,1.039074866602306,0.1945321411662944
254400,1885.3304873804877,1875.3809833748637,0.0,1.0363727298906842,0.1946558925067125
254460,1886.5298108640568,1876.5739965846033,0.0,1.0379129138687107,0.194779722471754
254520,1887.729896330138,1877.767767767662,0.0,1.0395569231764827,0.19490363111137252
254580,1888.930744262852,1878.9622974056138,0.0,1.0389819402946618,0.1950276184755534
254640,1890.1323551466264,1880.1575859803374,0.0,1.039425605879699,0.19515168461431384
254700,1891.334729466198,1881.3536339740192,0.0,1.0373907373050473,0.19527582957770273
254760,1892.5378677066105,1882.5504418691503,0.0,1.0373864489970974,0.19540005341580083
254820,1893.7417703532165,1883.7480101485298,0.0,1.0385283113913135,0.19552435617872063
254880,1894.946437891676,1884.9463392952628,0.0,1.0390189464164628,0.19564873791660656
254940,1896.1518708079584,1886.145429792761,0.0,1.038204076984681,0.1957731986796348
255000,1897.358069588341,1887.3452821247442,0.0,1.038203271938527,0.19589773851801348
255060,1898.5650347194114,1888.5458967752386,0.0,1.0364207859116965,0.19602235748198263
255120,1899.772766688065,1889.7472742285786,0.0,1.0377282426552064,0.19614705562181414
255180,1900.9812659815075,1890.9494149694062,0.0,1.039451071687939,0.19627183298781192
255240,1902.1905330872535,1892.152319482671,0.0,1.0385524742650662,0.19639668963031182
255300,1903.4005684931274,1893.3559882536308,0.0,1.0383530822012326,0.19652162559968156
255360,1904.611372687264,1894.560421767852,0.0,1.0356273374096927,0.19664664094632106
255420,1905.8229461581082,1895.765620511209,0.0,1.0372625679381609,0.1967717357206621
255480,1907.0352893944143,1896.9715849698855,0.0,1.0384421553540086,0.19689690997316855
255540,1908.2484028852482,1898.1783156303736,0.0,1.038909861060005,0.1970221637543364
255600,1909.4622871199863,1899.3858129794746,0.0,1.0379009153088892,0.19714749711469365
255660,1910.6769425883151,1900.5940775042993,0.0,1.037192729665268,0.19727291010480041
255720,1911.8923697802338,1901.8031096922678,0.0,1.0367235177027185,0.19739840277524892
255780,1913.1085691860515,1903.0129100311099,0.0,1.0375600284234503,0.1975239751766636
255840,1914.3255412963895,1904.223479008865,0.0,1.0383799559660007,0.19764962735970096
255900,1915.5432866021804,1905.4348171138838,0.0,1.0383887381628254,0.19777535937504975
255960,1916.761805594669,1906.646924834825,0.0,1.0358542253424523,0.19790117127343093
256020,1917.981098765412,1907.8598026606603,0.0,1.036743474417791,0.19802706310559767
256080,1919.201166606279,1909.07345108067,0.0,1.037474847219493,0.19815303492233538
256140,1920.4220096094514,1910.2878705844466,0.0,1.037838939799578,0.19827908677446177
256200,1921.6436282674233,1911.5030616618933,0.0,1.0389487357729978,0.19840521871282674
256260,1922.8660230730025,1912.719024803224,0.0,1.037044205251422,0.19853143078831262
256320,1924.0891945193086,1913.9357604989648,0.0,1.0363775764309635,0.198657723051834
256380,1925.313143099776,1915.1532692399533,0.0,1.0366952608054933,0.1987840955543378
256440,1926.5378693081516,1916.3715515173383,0.0,1.0375501380364496,0.19891054834680338
256500,1927.7633736384962,1917.5906078225817,0.0,1.0388538583749503,0.19903708148024243
256560,1928.9896565851845,1918.8104386474565,0.0,1.0367849160430855,0.19916369500569903
256620,1930.2167186429058,1920.0310444840495,0.0,1.0368325692901157,0.1992903889742498
256680,1931.4445603066629,1921.2524258247588,0.0,1.0360086634020689,0.1994171634370037
256740,1932.6731820717735,1922.474583162296,0.0,1.0372038271250084,0.19954401844510222
256800,1933.9025844338696,1923.6975169896857,0.0,1.0377754562393915,0.19967095404971932
256860,1935.132767888899,1924.921227800266,0.0,1.036703133244604,0.19979797030206145
256920,1936.363732933124,1926.1457160876878,0.0,1.0370080190184547,0.19992506725336764
256980,1937.595480063122,1927.3709823459162,0.0,1.0351338565908519,0.20005224495490948
257040,1938.8280097757865,1928.5970270692299,0.0,1.0364775402108213,0.20017950345799104
257100,1940.061322568326,1929.8238507522215,0.0,1.0383011493072212,0.20030684281394914
257160,1941.2954189382654,1931.051453889798,0.0,1.037209197551362,0.2004342630741531
257220,1942.5302993834453,1932.2798369771808,0.0,1.0371251213124126,0.20056176429000488
257280,1943.765964402023,1933.5090005099064,0.0,1.03538832442714,0.20068934651293918
257340,1945.002414492472,1934.7389449838251,0.0,1.0359452672400182,0.20081700979442327
257400,1946.2396501535832,1935.9696708951037,0.0,1.0371891432551803,0.20094475418595723
257460,1947.477671884463,1937.2011787402228,0.0,1.037447402694766,0.20107257973907378
257520,1948.7164801845365,1938.4334690159787,0.0,1.0359343547453428,0.20120048650533845
257580,1949.9560755535447,1939.666542219484,0.0,1.0360851837345546,0.20132847453634942
257640,1951.1964584915472,1940.900398848167,0.0,1.0352819420494193,0.20145654388373774
257700,1952.437629498921,1942.1350393997714,0.0,1.0363690284511307,0.20158469459916728
257760,1953.6795890763606,1943.370464372358,0.0,1.0379435124878715,0.20171292673433464
257820,1954.9223377248786,1944.6066742643034,0.0,1.0358420339822785,0.20184124034096937
257880,1956.1658759458069,1945.8436695743007,0.0,1.0360399110904046,0.20196963547083385
257940,1957.4102042407949,1947.0814508013605,0.0,1.0348194623083238,0.2020981121757233
258000,1958.6553231118107,1948.3200184448103,0.0,1.03678748634529,0.20222667050746593
258060,1959.9012330611422,1949.5593730042945,0.0,1.0365218907088016,0.20235531051792274
258120,1961.1479345913958,1950.799514979775,0.0,1.0377693398458387,0.2024840322589879
258180,1962.395428205497,1952.0404448715317,0.0,1.035712413533754,0.20261283578258832
258240,1963.6437144066915,1953.282163180162,0.0,1.0351920870566345,0.20274172114068403
258300,1964.8927936985442,1954.5246704065814,0.0,1.0354626121004722,0.20287068838526812
258360,1966.1426665849401,1955.767967052024,0.0,1.0362462048697136,0.20299973756836653
258420,1967.3933335700847,1957.0120536180418,0.0,1.0364963034524146,0.20312886874203848
258480,1968.6447951585033,1958.2569306065059,0.0,1.036435423661935,0.20325808195837608
258540,1969.8970518550416,1959.5025985196057,0.0,1.033777194397499,0.20338737726950462
258600,1971.1501041648671,1960.7490578598504,0.0,1.0350145361849141,0.2035167547275825
258660,1972.403952593467,1961.996309130068,0.0,1.0364081956266156,0.20364621438480124
258720,1973.6585976466506,1963.2443528334063,0.0,1.0362664990003554,0.20377575629338554
258780,1974.9140398305478,1964.4931894733327,0.0,1.0368539896242959,0.20390538050559331
258840,1976.170279651611,1965.7428195536338,0.0,1.0348785476886586,0.20403508707371554
258900,1977.4273176166132,1966.993243578417,0.0,1.034514695481715,0.2041648760500766
258960,1978.6851542326501,1968.24446205211,0.0,1.0362787515414846,0.20429474748703402
259020,1979.9437900071398,1969.4964754794605,0.0,1.035978265509318,0.2044247014369786
259080,1981.2032254478222,1970.7492843655375,0.0,1.0366899106042287,0.20455473795233445
259140,1982.4634610627602,1972.0028892157302,0.0,1.0334494406891936,0.20468485708555895
259200,1983.7244973603395,1973.2572905357497,0.0,1.0341967357372592,0.2048150588891428
259260,1984.9863348492681,1974.5124888316277,0.0,1.0346500203464155,0.20494534341561013
259320,1986.2489740385784,1975.7684846097177,0.0,1.035873433764286,0.20507571071751837
259380,1987.512415437625,1977.0252783766948,0.0,1.0360873136219548,0.20520616084745838
259440,1988.776659556087,1978.2828706395562,0.0,1.0344419576947113,0.2053366938580544
259500,1990.041706903967,1979.541261905621,0.0,1.0348626992837455,0.2054673098019641
259560,1991.3075579915915,1980.8004526825307,0.0,1.0340294789196227,0.2055980087318786
259620,1992.5742133296112,1982.0604434782492,0.0,1.0350602636277575,0.2057287907005226
259680,1993.8416734290017,1983.3212348010636,0.0,1.0367418526098104,0.20585965576065418
259740,1995.109938801063,1984.5828271595835,0.0,1.0352451212551832,0.205990603965065
259800,1996.3790099574194,1985.8452210627422,0.0,1.0347519450232816,0.2061216353665802
259860,1997.6488874100212,1987.1084170197953,0.0,1.0337310810216964,0.2062527500180586
259920,1998.9195716711433,1988.3724155403227,0.0,1.0345784085558762,0.20638394797239243
259980,2000.1910632533863,1989.637217134228,0.0,1.0356295725580928,0.20651522928250768
260040,2001.4633626696764,1990.9028223117384,0.0,1.0356749008587294,0.2066465940013639
260100,2002.7364704332658,1992.1692315834061,0.0,1.0336872395810732,0.20677804218195428
260160,2004.010387057733,1993.4364454601066,0.0,1.033031463634996,0.2069095738773057
260220,2005.2851130569825,1994.704464453041,0.0,1.0340809946552658,0.20704118914047878
260280,2006.5606489452448,1995.9732890737343,0.0,1.0364306283525935,0.2071728880245677
260340,2007.8369952370783,1997.2429198340371,0.0,1.0348972021733958,0.2073046705827005
260400,2009.1141524473671,1998.513357246125,0.0,1.035161691951973,0.20743653686803895
260460,2010.3921210913234,1999.7846018224989,0.0,1.0322461962716971,0.2075684869337786
260520,2011.6709016844864,2001.0566540759853,0.0,1.0337713454670399,0.2077005208331488
260580,2012.9504947427224,2002.329514519737,0.0,1.0351965519611224,0.20783263861941267
260640,2014.2309007822262,2003.6031836672319,0.0,1.0348892919022301,0.2079648403458672
260700,2015.51212031952,2004.8776620322756,0.0,1.0355913403486494,0.2080971260658433
260760,2016.7941538714542,2006.152950128998,0.0,1.033515890296971,0.20822949583270567
260820,2018.077001955208,2007.429048471858,0.0,1.0332539246974421,0.20836194969985297
260880,2019.360665088289,2008.7059575756398,0.0,1.0342185242913056,0.20849448772071777
260940,2020.6451437885335,2009.983677955455,0.0,1.0348155126996483,0.2086271099487666
261000,2021.9304385741066,2011.2622101267432,0.0,1.0343594830984508,0.2087598164374999
261060,2023.216549963503,2012.5415546052698,0.0,1.0343020765962596,0.20889260724045222
261120,2024.5034784755467,2013.8217119071298,0.0,1.0321408451260743,0.20902548241119204
261180,2025.7912246293913,2015.1026825487452,0.0,1.033474345435399,0.20915844200332187
261240,2027.07978894452,2016.384467046866,0.0,1.035159678257139,0.20929148607047832
261300,2028.3691719407466,2017.6670659185704,0.0,1.0345041323751398,0.209424614666332
261360,2029.6593741382146,2018.9504796812657,0.0,1.034531199280514,0.2095578278445877
261420,2030.9503960573984,2020.2347088526876,0.0,1.0313265195794483,0.20969112565898435
261480,2032.242238219103,2021.5197539509006,0.0,1.0330126760512492,0.2098245081632949
261540,2033.5349011444637,2022.805615494299,0.0,1.034091855082484,0.20995797541132658
261600,2034.8283853549478,2024.0922940016055,0.0,1.0350199528868071,0.21009152745692075
261660,2036.1226913723533,2025.379789991873,0.0,1.0339245050740749,0.21022516435395303
261720,2037.4178197188103,2026.6681039844839,0.0,1.0333508844922819,0.21035888615633322
261780,2038.7137709167798,2027.957236499151,0.0,1.0324369380179284,0.21049269291800532
261840,2040.0105454890554,2029.2471880559167,0.0,1.0332477653027894,0.21062658469294776
261900,2041.3081439587625,2030.5379591751541,0.0,1.0342510574281125,0.2107605615351731
261960,2042.606566849359,2031.829550377567,0.0,1.0343131881382763,0.21089462349872834
262020,2043.9058146846357,2033.1219621841904,0.0,1.0320087929716029,0.21102877063769476
262080,2045.2058879887156,2034.4151951163892,0.0,1.0327123730206038,0.21116300300618798
262140,2046.5067872860552,2035.7092496958605,0.0,1.0329865186705678,0.21129732065835805
262200,2047.8085131014439,2037.0041264446327,0.0,1.0335828644286054,0.21143172364838939
262260,2049.1110659600045,2038.2998258850657,0.0,1.0348932370366986,0.21156621203050088
262320,2050.4144463871935,2039.596348539851,0.0,1.033096660139249,0.2117007858589458
262380,2051.7186549088015,2040.8936949320132,0.0,1.0324068928624568,0.21183544518801195
262440,2053.023692050953,2042.1918655849079,0.0,1.032313628515694,0.21197019007202156
262500,2054.3295583401064,2043.4908610222242,0.0,1.0332078810480019,0.21210502056533145
262560,2055.6362543030555,2044.7906817679832,0.0,1.0348645812464903,0.21223993672233293
262620,2056.943780466927,2046.0913283465397,0.0,1.0328489696909533,0.21237493859745185
262680,2058.2521373591844,2047.3928012825809,0.0,1.0328908399919954,0.2125100262451487
262740,2059.561325507626,2048.695101101128,0.0,1.0314224737644637,0.21264519971991852
262800,2060.8713454403846,2049.998228327535,0.0,1.0328410561926016,0.21278045907629095
262860,2062.1821976859287,2051.3021834874908,0.0,1.0334908199000263,0.21291580436883034
262920,2063.4938827730634,2052.606967107017,0.0,1.0327950411047089,0.2130512356521357
262980,2064.806401230929,2053.9125797124707,0.0,1.0329978768706056,0.2131867529808407
263040,2066.119753589003,2055.2190218305423,0.0,1.030747377485932,0.2133223564096137
263100,2067.4339403770964,2056.526293988257,0.0,1.0321590049548146,0.21345804599315782
263160,2068.7489621253612,2057.834396712976,0.0,1.0339323647090537,0.213593821786211
263220,2070.064819364283,2059.143330532393,0.0,1.0330780008425722,0.21372968384354582
263280,2071.381512624685,2060.4530959745407,0.0,1.0332129353483706,0.21386563221996976
263340,2072.699042437728,2061.7636935677842,0.0,1.0313050678347278,0.2140016669703251
263400,2074.0174093349115,2063.0751238408257,0.0,1.0316070280933172,0.21413778814948897
263460,2075.336613848071,2064.387387322703,0.0,1.0328368456815133,0.21427399581237333
263520,2076.6566565093804,2065.700484542789,0.0,1.0332024881758208,0.2144102900139251
263580,2077.977537851351,2067.014416030795,0.0,1.03202281637884,0.214546670809126
263640,2079.2992584068334,2068.329182316767,0.0,1.0320655110140953,0.21468313825299284
263700,2080.6218187090176,2069.644783931089,0.0,1.0307900861186108,0.2148196924005772
263760,2081.94521929143,2070.961221404481,0.0,1.0319924771691948,0.21495633330696573
263820,2083.269460687937,2072.2784952680013,0.0,1.0336456464793973,0.21509306102728012
263880,2084.5945434327455,2073.596606053044,0.0,1.031976875009222,0.21522987561667706
263940,2085.9204680604007,2074.915554291343,0.0,1.0319987335388774,0.21536677713034816
264000,2087.2472351057863,2076.2353405149684,0.0,1.0305271462626817,0.21550376562352028
264060,2088.5748451041277,2077.555965256328,0.0,1.032208614252871,0.21564084115145526
264120,2089.90329859099,2078.8774290481692,0.0,1.0321874632586177,0.2157780037694501
264180,2091.232596102277,2080.199732423577,0.0,1.0336467040568198,0.2159152535328369
264240,2092.5627381742356,2081.5228759159763,0.0,1.0316669875174043,0.21605259049698286
264300,2093.893725343451,2082.846860059129,0.0,1.0311325144553471,0.21619001471729046
264360,2095.2255581468507,2084.171685387138,0.0,1.0310020720929614,0.21632752624919738
264420,2096.5582371217024,2085.497352434444,0.0,1.0318318630527583,0.21646512514817642
264480,2097.891762805616,2086.823861735828,0.0,1.032358062692913,0.2166028114697357
264540,2099.2261357365437,2088.151213826411,0.0,1.032306712520376,0.21674058526941864
264600,2100.5613564527766,2089.4794092416532,0.0,1.0296628239403272,0.21687844660280386
264660,2101.8974254929503,2090.8084485173563,0.0,1.030725160563977,0.21701639552550533
264720,2103.2343433960423,2092.13833218966,0.0,1.0318527604317405,0.21715443209317237
264780,2104.5721107013715,2093.469060795048,0.0,1.031957069773266,0.2172925563614896
264840,2105.910727948601,2094.800634870342,0.0,1.0327718575987679,0.21743076838617711
264900,2107.2501956777355,2096.1330549527065,0.0,1.030825177844091,0.21756906822299035
264960,2108.590514429123,2097.466321579647,0.0,1.0302668692043562,0.21770745592772014
265020,2109.931684743455,2098.8004352890084,0.0,1.031622395827666,0.21784593155619283
265080,2111.2737071617667,2100.1353966189804,0.0,1.0316250348910956,0.21798449516427018
265140,2112.616582225437,2101.4712061080927,0.0,1.0324537027150245,0.21812314680784947
265200,2113.9603104761886,2102.8078642952187,0.0,1.029572286010913,0.21826188654286352
265260,2115.304892456088,2104.1453717195723,0.0,1.0300373035128327,0.2184007144252806
265320,2116.650328707547,2105.483728920711,0.0,1.030223474636942,0.21853963051110464
265380,2117.996619773321,2106.822936438535,0.0,1.031454633178696,0.2186786348563751
265440,2119.343766196511,2108.1629948132886,0.0,1.0317521740899356,0.21881772751716702
265500,2120.6917685205626,2109.503904585556,0.0,1.030451306974577,0.2189569085495911
265560,2122.0406272892674,2110.8456662962694,0.0,1.0307418784627058,0.21909617800979372
265620,2123.3903430467617,2112.188280486701,0.0,1.029431822536651,0.2192355359539569
265680,2124.740916337528,2113.5317476984687,0.0,1.0306138909083855,0.21937498243829834
265740,2126.092347706394,2114.8760684735344,0.0,1.0323644076475929,0.21951451751907142
265800,2127.4446376985343,2116.2212433542036,0.0,1.0310636343053876,0.21965414125256538
265860,2128.79778685947,2117.5672728831264,0.0,1.0307196190500532,0.21979385369510512
265920,2130.151795735068,2118.914157603299,0.0,1.0293388085131432,0.2199336549030514
265980,2131.506664871543,2120.261898058061,0.0,1.0300833935889864,0.22007354493280068
266040,2132.862394815455,2121.6104947910976,0.0,1.0312496578526547,0.22021352384078535
266100,2134.218986113714,2122.959948346441,0.0,1.0313852332931186,0.22035359168347363
266160,2135.5764393135755,2124.3102592684663,0.0,1.0295612400704068,0.2204937485173696
266220,2136.9347549626423,2125.661428101897,0.0,1.0298016908197178,0.22063399439901327
266280,2138.2939336088666,2127.0134553918006,0.0,1.0295567016897744,0.2207743293849805
266340,2139.6539758005483,2128.366341683592,0.0,1.0311353773551188,0.22091475353188322
266400,2141.0148820863346,2129.720087523033,0.0,1.030932006580008,0.22105526689636923
266460,2142.3766530152225,2131.074693456231,0.0,1.0309318040404465,0.22119586953512232
266520,2143.739289136558,2132.430160029642,0.0,1.0278835015888999,0.22133656150486233
266580,2145.1027910000353,2133.7864877900674,0.0,1.0293778749929359,0.22147734286234513
266640,2146.467159155697,2135.1436772846573,0.0,1.0306199523964943,0.22161821366436263
266700,2147.832394153938,2136.501729060909,0.0,1.0304789656335782,0.2217591739677429
266760,2149.198496545499,2137.860643666667,0.0,1.0314646948305997,0.22190022382934993
266820,2150.5654668814745,2139.2204216501245,0.0,1.0293907023523137,0.22204136330608407
266880,2151.933305713307,2140.581063559823,0.0,1.0289151149906373,0.22218259245488167
266940,2153.30201359279,2141.9425699446533,0.0,1.0296146670741104,0.2223239113327153
267000,2154.6715910720663,2143.3049413538533,0.0,1.0303067776597248,0.22246531999659377
267060,2156.0420387036315,2144.6681783370104,0.0,1.0302076011638603,0.22260681850356204
267120,2157.413357040331,2146.032281444062,0.0,1.0301213823524933,0.2227484069107013
267180,2158.7855466353612,2147.397251225294,0.0,1.0276702888734885,0.22289008527512905
267240,2160.158608042271,2148.7630882313424,0.0,1.0289703139465636,0.22303185365399905
267300,2161.53254181496,2150.1297930131927,0.0,1.0305447904032916,0.22317371210450146
267360,2162.9073485076806,2151.4973661221816,0.0,1.0301453751324932,0.2233156606838627
267420,2164.283028675037,2152.8658081099934,0.0,1.0304243567386993,0.22345769944934551
267480,2165.6595828719846,2154.2351195286665,0.0,1.026874522479122,0.2235998284582491
267540,2167.037011653834,2155.605300930587,0.0,1.028532025771683,0.22374204776790904
267600,2168.415315576246,2156.9763528684934,0.0,1.029443265410904,0.22388435743569735
267660,2169.7944951952354,2158.348275895475,0.0,1.0307901399856347,0.22402675751902246
267720,2171.1745510671713,2159.721070564973,0.0,1.0296488135477695,0.22416924807532926
267780,2172.5554837487743,2161.0947374307802,0.0,1.0292704192236004,0.22431182916209924
267840,2173.9372937971207,2162.4692770470397,0.0,1.0279379566635942,0.22445450083685034
267900,2175.319981769639,2163.8446899682485,0.0,1.0286660365234583,0.22459726315713704
267960,2176.7035482241135,2165.2209767492554,0.0,1.0297958441765724,0.22474011618055037
268020,2178.087993718682,2166.5981379452614,0.0,1.0299302986822974,0.224883059964718
268080,2179.473318811836,2167.976174111821,0.0,1.0279139875431464,0.22502609456730413
268140,2180.859524062424,2169.3550858048397,0.0,1.0284518771215478,0.22516922004600975
268200,2182.2466100296474,2170.734873580579,0.0,1.0282155017183645,0.22531243645857238
268260,2183.634577273064,2172.1155379956517,0.0,1.0290276312597644,0.2254557438627662
268320,2185.023426352587,2173.497079607025,0.0,1.0305130128453224,0.22559914231640227
268380,2186.4131578284855,2174.879498972021,0.0,1.028859537339255,0.22574263187732815
268440,2187.803772261384,2176.262796648313,0.0,1.028218522351725,0.22588621260342837
268500,2189.1952702122635,2177.6469731939314,0.0,1.027681913942293,0.2260298845526241
268560,2190.587652242462,2179.03202916726,0.0,1.0285759169373272,0.2261736477828733
268620,2191.980918913673,2180.4179651270374,0.0,1.029418989438104,0.22631750235217088
268680,2193.375070787948,2181.8047816323574,0.0,1.029360270560056,0.22646144831854842
268740,2194.770108427694,2183.1924792426685,0.0,1.027099685595761,0.22660548574007452
268800,2196.166032395678,2184.581058517776,0.0,1.0269755065664639,0.22674961467485458
268860,2197.562843255022,2185.970520017839,0.0,1.0279888728458977,0.22689383518103098
268920,2198.9605415692063,2187.3608643033745,0.0,1.0302981060961787,0.22703814731678304
268980,2200.35912790207,2188.7520919352537,0.0,1.028468686129786,0.22718255114032704
269040,2201.7586028178102,2190.144203474705,0.0,1.028733022139653,0.22732704670991613
269100,2203.1589668809825,2191.537199483314,0.0,1.026082008485371,0.22747163408384066
269160,2204.560220656501,2192.9310805230216,0.0,1.0275780333611713,0.22761631332042784
269220,2205.9623647096373,2194.325847156127,0.0,1.0291955204655698,0.22776108447804208
269280,2207.365399606025,2195.7214999452867,0.0,1.0286343426864342,0.2279059476150848
269340,2208.769325911656,2197.118039453514,0.0,1.0290392987681123,0.22805090278999454
269400,2210.1741441928802,2198.51546624418,0.0,1.0270322701174706,0.22819595006124696
269460,2211.579855016409,2199.9137808810137,0.0,1.0270204125021547,0.22834108948735485
269520,2212.986458949313,2201.3129839281028,0.0,1.0281491382603591,0.22848632112686826
269580,2214.393956559024,2202.7130759498928,0.0,1.02863343813009,0.22863164503837435
269640,2215.802348413334,2204.1140575111876,0.0,1.0278300273232923,0.22877706128049755
269700,2217.2116350803944,2205.5159291771515,0.0,1.0277974621859802,0.22892256991189947
269760,2218.62181712872,2206.9186915133055,0.0,1.026037443504789,0.22906817099127907
269820,2220.0328951271845,2208.3223450855317,0.0,1.0273201220274473,0.2292138645773726
269880,2221.4448696450254,2209.7268904600714,0.0,1.0290084784880271,0.22935965072895362
269940,2222.857741251839,2211.1323282035255,0.0,1.0278151804859195,0.22950552950483294
270000,2224.2715105175853,2212.5386588828546,0.0,1.0276875762519622,0.2296515009638589
270060,2225.686178012587,2213.94588306538,0.0,1.0260361383013774,0.22979756516491706
270120,2227.101744307527,2215.354001318782,0.0,1.0272884089040284,0.22994372216693051
270180,2228.5182099734534,2216.7630142111047,0.0,1.0275381480984103,0.23008997202885975
270240,2229.935575581775,2218.17292231075,0.0,1.029204221388699,0.2302363148097027
270300,2231.353841704264,2219.5837261864817,0.0,1.027338578593249,0.23038275056849478
270360,2232.773008913057,2220.9954264074263,0.0,1.0268700071651213,0.23052927936430898
270420,2234.1930777806533,2222.4080235430706,0.0,1.026268561783155,0.23067590125625573
270480,2235.6140488799156,2223.8215181632636,0.0,1.0271085366426675,0.23082261630348308
270540,2237.0359227840713,2225.2359108382166,0.0,1.027889126171001,0.23096942456517663
270600,2238.4587000667116,2226.651202138502,0.0,1.0278768381217382,0.2311163261005596
270660,2239.882381301792,2228.0673926350564,0.0,1.0253860781359925,0.23126332096889277
270720,2241.306967063633,2229.4844828991777,0.0,1.0262216042210324,0.2314104092294747
270780,2242.73245792692,2230.902473502528,0.0,1.026969359598554,0.23155759094164152
270840,2244.1588544667025,2232.3213650171324,0.0,1.027325428538551,0.2317048661647671
270900,2245.5861572583976,2233.7411580153785,0.0,1.0283812973359867,0.23185223495826301
270960,2247.0143668777855,2235.161853070018,0.0,1.0265033952671063,0.23199969738157863
271020,2248.4434839010137,2236.5834507541663,0.0,1.0258263248864659,0.23214725349420098
271080,2249.8735089045954,2238.005951641304,0.0,1.026629109983241,0.23229490335565506
271140,2251.3044424654104,2239.4293563052747,0.0,1.026946515039548,0.2324426470255035
271200,2252.7362851607045,2240.853665320288,0.0,1.0278943818315611,0.23259048456334686
271260,2254.1690375680896,2242.2788792609167,0.0,1.0254575424769345,0.2327384160288236
271320,2255.6027002655464,2243.7049987020996,0.0,1.0256549376132715,0.23288644148161006
271380,2257.0372738314213,2245.1320242191405,0.0,1.0255412932297725,0.2330345609814204
271440,2258.4727588444293,2246.5599563877095,0.0,1.02670286192816,0.23318277458800682
271500,2259.9091558836517,2247.988795783841,0.0,1.0270963329100369,0.23333108236115946
271560,2261.346465528539,2249.4185429839363,0.0,1.0261692953940806,0.23347948436070642
271620,2262.7846883589086,2250.8491985647634,0.0,1.0263544496259527,0.23362798064651388
271680,2264.2238249549478,2252.2807631034557,0.0,1.0245704432551916,0.23377657127848597
271740,2265.6638758972117,2253.713237177514,0.0,1.0258738238602982,0.2339252563165649
271800,2267.1048417666234,2255.1466213648055,0.0,1.0276480119695404,0.23407403582073105
271860,2268.546723144477,2256.5809162435644,0.0,1.0265707173689036,0.23422290985100278
271920,2269.989520612434,2258.0161223923933,0.0,1.0264275028746552,0.23437187846743665
271980,2271.4332347525274,2259.4522403902615,0.0,1.0247417108339916,0.23452094173012733
272040,2272.877866147158,2260.8892708165063,0.0,1.0253073036430853,0.2346700996992078
272100,2274.3234153790977,2262.3272142508335,0.0,1.0265326833858426,0.23481935243484908
272160,2275.769883031489,2263.766071273317,0.0,1.0267749084821485,0.23496869999726056
272220,2277.2172696878442,2265.2058424643974,0.0,1.0252647882828696,0.23511814244668974
272280,2278.6655759320465,2266.6465284048886,0.0,1.025374149657348,0.23526767984342248
272340,2280.1148023483497,2268.088129675969,0.0,1.0246233002307807,0.235417312247783
272400,2281.5649495213793,2269.5306468591884,0.0,1.026335040882595,0.2355670397201338
272460,2283.0160180361327,2270.9740805364654,0.0,1.0262559598649745,0.23571686232087558
272520,2284.4680084779784,2272.418431290089,0.0,1.026657593819942,0.23586678011044768
272580,2285.920921432656,2273.8636997027174,0.0,1.0234414152404188,0.2360167931493276
272640,2287.3747574862787,2275.30988635738,0.0,1.0247859379803896,0.23616690149803152
272700,2288.829517225331,2276.756991837475,0.0,1.025640301786508,0.2363171052171138
272760,2290.2852012366716,2278.205016726773,0.0,1.0257686683875422,0.23646740436716743
272820,2291.74181010753,2279.6539616094137,0.0,1.0269730964967259,0.23661779900882388
272880,2293.19934442551,2281.10382706991,0.0,1.0249578141493023,0.23676828920275308
272940,2294.657804778588,2282.5546136931443,0.0,1.0243686694886547,0.23691887500966358
273000,2296.117191755115,2284.006322064372,0.0,1.0247309782821024,0.23706955649030248
273060,2297.5775059438147,2285.458952769219,0.0,1.0254979847174033,0.23722033370545545
273120,2299.038747933786,2286.9125063936854,0.0,1.025713898966633,0.2373712067159468
273180,2300.500918314501,2288.366983524141,0.0,1.0256197022066114,0.2375221755826395
273240,2301.964017675807,2289.82238474733,0.0,1.023022334243911,0.2376732403664351
273300,2303.428046607926,2291.278710650368,0.0,1.02421890628561,0.23782440112827397
273360,2304.893005701454,2292.7359618207447,0.0,1.0256109957202397,0.23797565792913516
273420,2306.3588955473638,2294.1941388463238,0.0,1.0254618468744912,0.2381270108300364
273480,2307.8257167370025,2295.65324231534,0.0,1.025980229371231,0.23827845989203425
273540,2309.2934698620934,2297.1132728164034,0.0,1.022297526671296,0.23843000517622404
273600,2310.762155514736,2298.5742309384987,0.0,1.0238219044339487,0.2385816467437399
273660,2312.231774287405,2300.036117270983,0.0,1.0245072430635926,0.23873338465575486
273720,2313.7023267729537,2301.4989324035896,0.0,1.0261868144355084,0.23888521897348075
273780,2315.173813564609,2302.9626769264246,0.0,1.0250476965159745,0.23903714975816834
273840,2316.646235255977,2304.427351429971,0.0,1.0248899215415648,0.23918917707110726
273900,2318.1195924410404,2305.892956505086,0.0,1.0232330553715983,0.2393413009736261
273960,2319.593885714158,2307.359492743002,0.0,1.0238183919509805,0.23949352152709247
274020,2321.069115670068,2308.8269607353272,0.0,1.025005807981353,0.2396458387929129
274080,2322.545282903886,2310.295361074046,0.0,1.025222055932229,0.239798252832533
274140,2324.0223880111052,2311.7646943515188,0.0,1.0235245595801121,0.23995076370743731
274200,2325.5004315875976,2313.2349611604814,0.0,1.023912904055752,0.24010337147914954
274260,2326.979414229613,2314.7061620940476,0.0,1.023177993757644,0.24025607620923248
274320,2328.4593365337814,2316.178297745707,0.0,1.0241722553625496,0.24040887795928798
274380,2329.9401990971114,2317.6513687093275,0.0,1.0257827035122888,0.24056177679095703
274440,2331.422002516989,2319.125375579153,0.0,1.0242995513268809,0.24071477276591985
274500,2332.9047473911824,2320.600318949805,0.0,1.0237592456600204,0.24086786594589576
274560,2334.388434317839,2322.0761994162845,0.0,1.0228085948273988,0.24102105639264337
274620,2335.8730638954844,2323.553017573968,0.0,1.0236565951629384,0.24117434416796046
274680,2337.3586367230273,2325.0307740186126,0.0,1.0246741791714078,0.24132772933368413
274740,2338.8451533997545,2326.509469346352,0.0,1.0246956430950167,0.24148121195169076
274800,2340.3326145253345,2327.9891041537007,0.0,1.0227140404807482,0.24163479208389604
274860,2341.8210206998174,2329.46967903755,0.0,1.022085809962024,0.24178846979225496
274920,2343.3103725236333,2330.9511945951717,0.0,1.023109475398019,0.2419422451387619
274980,2344.8006705975945,2332.433651424217,0.0,1.0253922181005621,0.24209611818545063
275040,2346.291915522895,2333.9170501227163,0.0,1.0239061754054504,0.24225008899439437
275100,2347.784107901111,2335.40139128908,0.0,1.0241276501068015,0.24240415762770565
275160,2349.2772483342,2336.8866755220997,0.0,1.021281866635233,0.24255832414753664
275220,2350.7713374245036,2338.372903420947,0.0,1.022749826061064,0.2427125886160789
275280,2352.2663757747437,2339.8600755851726,0.0,1.0241676196314204,0.24286695109556342
275340,2353.762363988027,2341.34819261471,0.0,1.023860683692916,0.24302141164826094
275400,2355.2593026678437,2342.8372551098737,0.0,1.0244996362205057,0.24317597033648156
275460,2356.757192418065,2344.3272636713587,0.0,1.022459169279505,0.24333062722257504
275520,2358.2560338429485,2345.8182189002428,0.0,1.0221992218776867,0.24348538236893086
275580,2359.7558275471342,2347.3101213979844,0.0,1.0231645462962178,0.24364023583797798
275640,2361.2565741356466,2348.8029717664244,0.0,1.0237509941379306,0.24379518769218508
275700,2362.7582742138948,2350.2967706077875,0.0,1.0232861239561217,0.2439502379940606
275760,2364.2609283876723,2351.791518524679,0.0,1.0231961921024353,0.24410538680615254
275820,2365.7645372631573,2353.287216120088,0.0,1.0210839580903874,0.2442606341910488
275880,2367.2691014469137,2354.7838639973866,0.0,1.022383192896452,0.24441598021137692
275940,2368.7746215458906,2356.28146276033,0.0,1.0240349644253366,0.24457142492980435
276000,2370.2810981674215,2357.7800130130577,0.0,1.0232904678429453,0.24472696840903826
276060,2371.7885319192283,2359.2795153600923,0.0,1.023039371816625,0.24488261071182565
276120,2373.296923409416,2360.779970406341,0.0,1.0213420988389317,0.2450383519009535
276180,2374.8062732464796,2362.2813787570954,0.0,1.022084729287108,0.24519419203924855
276240,2376.316582039297,2363.783741018031,0.0,1.022596312444642,0.24535013118957755
276300,2377.8278503971346,2365.287057795208,0.0,1.0243907360881597,0.24550616941484715
276360,2379.3400789296466,2366.791329695073,0.0,1.0226722962715815,0.24566230677800396
276420,2380.8532682468726,2368.2965573244564,0.0,1.0223096433596304,0.2458185433420346
276480,2382.367418959242,2369.8027412905753,0.0,1.0212964279493948,0.24597487916996572
276540,2383.8825316775706,2371.309882201032,0.0,1.0221059206488123,0.246131314324864
276600,2385.3986070130627,2372.8179806638145,0.0,1.0230695933754863,0.24628784886983615
276660,2386.915645577311,2374.327037287298,0.0,1.023107156364921,0.24644448286802909
276720,2388.433647982297,2375.8370526802437,0.0,1.020834951261106,0.24660121638262972
276780,2389.9526148403897,2377.3480274517988,0.0,1.0214809508414389,0.24675804947686514
276840,2391.4725467643493,2378.859962211499,0.0,1.021801931013577,0.24691498221400268
276900,2392.993444367324,2380.372857569266,0.0,1.0223790619346276,0.24707201465734976
276960,2394.5153082628512,2381.886714135411,0.0,1.0236234283700492,0.24722914687025413
277020,2396.038139064859,2383.40153252063,0.0,1.021851861900829,0.24738637891610368
277080,2397.561937387665,2384.917313336009,0.0,1.021144048394628,0.2475437108583267
277140,2399.0867038459774,2386.4340571930225,0.0,1.0210845409839573,0.24770114276039162
277200,2400.612439054895,2387.9517647035323,0.0,1.0219691534419721,0.24785867468580736
277260,2402.1391436299064,2389.470436479789,0.0,1.0235506931745615,0.24801630669812305
277320,2403.666818186893,2390.9900731344333,0.0,1.0215834619925876,0.2481740388609283
277380,2405.1954633421265,2392.5106752804936,0.0,1.021582528917013,0.24833187123785305
277440,2406.72507971227,2394.032243531389,0.0,1.020172560313194,0.2484898038925677
277500,2408.255667914379,2395.554778500929,0.0,1.021560898390571,0.2486478368887831
277560,2409.7872285659005,2397.0782808033105,0.0,1.022199021067732,0.24880597029025056
277620,2411.319762284673,2398.6027510531235,0.0,1.0215018966808322,0.24896420416076195
277680,2412.85326968893,2400.128189865346,0.0,1.0216654259907785,0.2491225385641496
277740,2414.3877513972957,2401.654597855349,0.0,1.0194645858389864,0.2492809735642864
277800,2415.923208028788,2403.1819756388927,0.0,1.0208381542608584,0.24943950922508593
277860,2417.4596402028174,2404.710323832129,0.0,1.0225746130344364,0.24959814561050223
277920,2418.9970485391896,2406.2396430516014,0.0,1.021737656828088,0.24975688278453004
277980,2420.535433658102,2407.7699339142455,0.0,1.0218349952884118,0.24991572081120475
278040,2422.074796180148,2409.301197037389,0.0,1.0199555670087788,0.2500746597546024
278100,2423.615136726314,2410.833433038751,0.0,1.0202507175528266,0.25023369967883985
278160,2425.1564559179815,2412.3666425364427,0.0,1.021463465275801,0.2503928406480746
278220,2426.6987543769255,2413.9008261489694,0.0,1.0218206046474567,0.250552082726505
278280,2428.2420327253185,2415.4359844952287,0.0,1.0206565997657882,0.2507114259783701
278340,2429.7862915857268,2416.972118194511,0.0,1.0206629388348463,0.2508708704679497
278400,2431.331531581112,2418.5092278665006,0.0,1.0194078079907896,0.25103041625956457
278460,2432.8777533348316,2420.047314131276,0.0,1.0211744677505867,0.25119006341757627
278520,2434.42495747064,2421.5863776093083,0.0,1.021240843655061,0.25134981200638734
278580,2435.973144612687,2423.1264189214644,0.0,1.022050644099048,0.2515096620904412
278640,2437.5223153855195,2424.6674386890045,0.0,1.0188018285521796,0.2516696137342222
278700,2439.0724704140807,2426.209437533584,0.0,1.0199623558623976,0.2518296670022556
278760,2440.623610323712,2427.7524160772537,0.0,1.0203267534509737,0.2519898219591078
278820,2442.17573574015,2429.296374942458,0.0,1.0207228555064554,0.25215007866938605
278880,2443.72884728953,2430.8413147520387,0.0,1.0221288127708212,0.25231043719773877
278940,2445.282945598387,2432.387236129232,0.0,1.020211643934417,0.25247089760885544
279000,2446.8380312936506,2433.9341396976706,0.0,1.0195965933252435,0.25263145996746655
279060,2448.394105002651,2435.4820260813844,0.0,1.0195440855746294,0.2527921243383438
279120,2449.951167353116,2437.0308959047975,0.0,1.020360431720382,0.25295289078630007
279180,2451.509218973173,2438.580749792732,0.0,1.0208644894341232,0.25311375937618935
279240,2453.0682604913477,2440.131588370408,0.0,1.0207877197351263,0.25327473017290686
279300,2454.628292536566,2441.683412263441,0.0,1.0181891258328892,0.2534358032413891
279360,2456.1893157381523,2443.2362220978443,0.0,1.0192066598149934,0.2535969786466137
279420,2457.7513307258314,2444.7900185000303,0.0,1.0203319643746196,0.2537582564535996
279480,2459.314338129729,2446.344802096808,0.0,1.0204334158252042,0.25391963672740725
279540,2460.8783385803695,2447.9005735153855,0.0,1.0211941601587604,0.25408111953313817
279600,2462.4433327086786,2449.457333383369,0.0,1.0192760670094316,0.2542427049359354
279660,2464.0093211459844,2451.0150823287636,0.0,1.0187135148033246,0.25440439300098333
279720,2465.5763045240133,2452.573820979972,0.0,1.0200428713218017,0.25456618379350776
279780,2467.1442834748946,2454.1335499657985,0.0,1.0200649503875643,0.2547280773787759
279840,2468.7132586311595,2455.6942699154456,0.0,1.020859661150755,0.2548900738220965
279900,2470.2832306257405,2457.255981458516,0.0,1.018048392226584,0.25505217318881973
279960,2471.854200091973,2458.818685225012,0.0,1.0184501691533694,0.25521437554433724
280020,2473.4261676635933,2460.3823818453357,0.0,1.0186357362361722,0.25537668095408245
280080,2474.999133974742,2461.9470719502915,0.0,1.0198502531124434,0.25553908948353016
280140,2476.5730996599605,2463.512756171083,0.0,1.0201390626916909,0.2557016011981967
280200,2478.1480653541958,2465.0794351393156,0.0,1.0188556340509103,0.25586421616364025
280260,2479.7240316927973,2466.6471094869953,0.0,1.0191025935797713,0.25602693444546043
280320,2481.3009993115174,2468.2157798465296,0.0,1.0178170194078846,0.2561897561092987
280380,2482.8789688465135,2469.7854468507294,0.0,1.0189768270322275,0.25635268122083815
280440,2484.457940934346,2471.356111132805,0.0,1.0206842579298099,0.2565157098458036
280500,2486.0379162119807,2472.927773326371,0.0,1.0194094788922519,0.2566788420499616
280560,2487.618895316788,2474.500434065445,0.0,1.019044843001433,0.2568420778991206
280620,2489.200878886543,2476.074093984445,0.0,1.01767826659228,0.2570054174591308
280680,2490.783867559425,2477.6487537181943,0.0,1.0184084916731584,0.2571688607958841
280740,2492.367861974021,2479.2244139019185,0.0,1.0195571764623141,0.2573324079753145
280800,2493.952862769322,2480.8010751712477,0.0,1.0196844665140241,0.2574960590633977
280860,2495.538870584726,2482.378738162214,0.0,1.018084798694483,0.25765981412615135
280920,2497.125886060036,2483.957403511256,0.0,1.0169681039512022,0.25782367322963523
280980,2498.7139098354623,2485.5370718552144,0.0,1.0179327067550066,0.2579876364399509
281040,2500.3029425516224,2487.1177438313366,0.0,1.0201005697691448,0.2581517038232418
281100,2501.89298484954,2488.699420077273,0.0,1.0189859733864777,0.2583158754456938
281160,2503.4840373706465,2490.2821012310797,0.0,1.019196608116255,0.2584801513735345
281220,2505.0761007567803,2491.8657879312195,0.0,1.0162799460542584,0.25864453167303353
281280,2506.669175650188,2493.450480816559,0.0,1.0176546233589783,0.25880901641050286
281340,2508.2632626935247,2495.036180526372,0.0,1.0187680857839811,0.25897360565229643
281400,2509.8583625298534,2496.6228877003373,0.0,1.0187318528804536,0.2591382994648105
281460,2511.4544758026454,2498.2106029785414,0.0,1.019631999678619,0.25930309791448325
281520,2513.0516031557804,2499.7993270014763,0.0,1.0175965837804348,0.25946800106779544
281580,2514.6497452335484,2501.3890604100416,0.0,1.0171276208525453,0.2596330089912696
281640,2516.2489026806484,2502.9798038455447,0.0,1.0178290450726442,0.259798121751471
281700,2517.8490761421886,2504.571557949698,0.0,1.0185118372935686,0.2599633394150068
281760,2519.4502662636864,2506.1643233646255,0.0,1.0183977599073897,0.26012866204852675
281820,2521.0524736910716,2507.7581007328554,0.0,1.0182822876248,0.26029408971872287
281880,2522.6556990706813,2509.352890697326,0.0,1.015881657546953,0.2604596224923294
281940,2524.2599430492664,2510.948693901384,0.0,1.0171415472473746,0.26062526043612333
282000,2525.865206273986,2512.5455109887844,0.0,1.0186878005383364,0.26079100361692364
282060,2527.4714893924124,2514.143342603692,0.0,1.018405200509002,0.26095685210159214
282120,2529.078793052528,2515.7421893906794,0.0,1.018062592503382,0.2611228059570329
282180,2530.687117902728,2517.3420519947304,0.0,1.0164426121529184,0.26128886525019257
282240,2532.296464591818,2518.9429310612377,0.0,1.0165383837128597,0.2614550300480603
282300,2533.906833769018,2520.544827236004,0.0,1.0173185932380435,0.26162130041766785
282360,2535.5182260839574,2522.1477411652427,0.0,1.0192056799695202,0.2617876764260896
282420,2537.1306421866816,2523.7516734955775,0.0,1.0176677934853693,0.2619541581404424
282480,2538.7440827276478,2525.3566248740426,0.0,1.0174720447215644,0.26212074562788584
282540,2540.3585483577253,2526.9625959480836,0.0,1.0160567179017477,0.2622874389556222
282600,2541.974039728198,2528.569587365558,0.0,1.0167770940626941,0.2624542381908964
282660,2543.590557490764,2530.1775997747345,0.0,1.0178773199365667,0.2626211434009962
282720,2545.208102297534,2531.7866338242934,0.0,1.0179873277329479,0.26278815465325195
282780,2546.826674801035,2533.396690163327,0.0,1.0159942782646556,0.2629552720150369
282840,2548.4462756542066,2535.0077694413403,0.0,1.0164742102384505,0.26312249555376693
282900,2550.0669055104045,2536.619872308252,0.0,1.0162938869716847,0.26328982533690104
282960,2551.6885650233994,2538.2329994143915,0.0,1.017081612186091,0.2634572614319408
283020,2553.3112548473764,2539.847151410503,0.0,1.0185020499626463,0.26362480390643084
283080,2554.9349756369375,2541.4623289477436,0.0,1.0168721076427516,0.26379245282795866
283140,2556.5597280471,2543.0785326776845,0.0,1.016205132937564,0.2639602082641547
283200,2558.1855127332974,2544.6957632523113,0.0,1.0157073018539524,0.2641280702826924
283260,2559.8123303513794,2546.3140213240213,0.0,1.0165922994321681,0.2642960389512881
283320,2561.440181557613,2547.9333075456298,0.0,1.0184697348928828,0.2644641143377013
283380,2563.069067008681,2549.5536225703645,0.0,1.016601456384958,0.26463229650973435
283440,2564.698987361685,2551.1749670518698,0.0,1.0166284310895668,0.26480058553523295
283500,2566.329943274143,2552.797341644203,0.0,1.0146018934785783,0.2649689814820857
283560,2567.9619354039905,2554.4207470018387,0.0,1.0161533892964174,0.2651374844182243
283620,2569.594964409582,2556.0451837796677,0.0,1.01686201615213,0.2653060944116239
283680,2571.229030949691,2557.670652632996,0.0,1.0165309477249558,0.2654748115303025
283740,2572.8641356835064,2559.2971542175455,0.0,1.0166203348720602,0.26564363584232153
283800,2574.500279270639,2560.9246891894554,0.0,1.0141273061763103,0.2658125674157855
283860,2576.137462371117,2562.5532582052824,0.0,1.0155100094550458,0.2659816063188423
283920,2577.775685645389,2564.182861921999,0.0,1.0171325703458216,0.2661507526196832
283980,2579.414949754322,2565.8135009969965,0.0,1.01654451153172,0.26632000638654263
284040,2581.0552553592042,2567.4451760880825,0.0,1.0168769893781207,0.26648936768769843
284100,2582.696603121743,2569.0778878534834,0.0,1.014910797723565,0.26665883659147177
284160,2584.3389937040674,2570.711636951843,0.0,1.0149159328616566,0.26682841316622724
284220,2585.9824277687253,2572.3464240422245,0.0,1.0160435424573562,0.2669980974803731
284280,2587.6269059786864,2573.9822497841096,0.0,1.0165106950734262,0.2671678896023607
284340,2589.272428997342,2575.6191148373987,0.0,1.015689750990438,0.2673377896006851
284400,2590.918997488505,2577.2570198624117,0.0,1.0156170548542782,0.2675077975438849
284460,2592.566612116409,2578.895965519888,0.0,1.0139289779977565,0.2676779135005421
284520,2594.2152735457107,2580.5359524709856,0.0,1.0156592564377318,0.26784813753928244
284580,2595.8649824414883,2582.176981377285,0.0,1.0158806689952444,0.268018469728775
284640,2597.515739469243,2583.8190529007857,0.0,1.0170519575294186,0.2681889101377329
284700,2599.1675452948984,2585.462167703907,0.0,1.0138580497294691,0.2683594588349125
284760,2600.820400584802,2587.106326449491,0.0,1.014842729730787,0.26853011588911413
284820,2602.4743060057244,2588.751529800799,0.0,1.014695137545955,0.26870088136918163
284880,2604.1292622248584,2590.3977784215144,0.0,1.015336985932452,0.2688717553440028
284940,2605.785269909823,2592.045072975743,0.0,1.0168972620714505,0.26904273788250904
285000,2607.4423297286594,2593.6934141280117,0.0,1.0151129629212494,0.2692138290536755
285060,2609.1004423498343,2595.3428025432695,0.0,1.014540850338668,0.26938502892652133
285120,2610.7596084422394,2596.993238886888,0.0,1.014062447083599,0.26955633757010944
285180,2612.4198286751903,2598.644723824662,0.0,1.0148939609159955,0.26972775505354646
285240,2614.081103718429,2600.2972580228097,0.0,1.015634534417117,0.2698992814459833
285300,2615.743434242121,2601.950842147971,0.0,1.0155930868665979,0.27007091681661455
285360,2617.406820916861,2603.6054768672107,0.0,1.013136436125434,0.2702426612346787
285420,2619.0712644136656,2605.2611628480163,0.0,1.013925294775104,0.27041451476945844
285480,2620.7367654039817,2606.9179007583016,0.0,1.014712413251192,0.27058647749028025
285540,2622.4033245596806,2608.5756912664015,0.0,1.01504876247558,0.27075854946651484
285600,2624.0709425530604,2610.2345350410787,0.0,1.0160257053714197,0.270930730767577
285660,2625.7396200568464,2611.8944327515183,0.0,1.0141759204564704,0.27110302146292553
285720,2627.4093577441927,2613.555385067332,0.0,1.013490087580166,0.2712754216220633
285780,2629.08015628868,2615.217392658556,0.0,1.0143133910301518,0.27144793131453754
285840,2630.7520163643167,2616.8804561956536,0.0,1.0146311746903809,0.27162055060993945
285900,2632.4249386455394,2618.5445763495127,0.0,1.0155358150953764,0.27179327957790456
285960,2634.0989238072143,2620.2097537914483,0.0,1.0131464735852225,0.2719661182881126
286020,2635.773972524635,2621.875989193201,0.0,1.0132871055204882,0.2721390668102877
286080,2637.4500854735247,2623.543283226939,0.0,1.0131883623457434,0.2723121252141982
286140,2639.127263330037,2625.211636565258,0.0,1.0143419128747078,0.27248529356965656
286200,2640.8055067707537,2626.881049881179,0.0,1.0147227518015347,0.27265857194652
286260,2642.4848164726864,2628.551523848153,0.0,1.0137905462681294,0.27283196041468977
286320,2644.165193113277,2630.2230591400576,0.0,1.01393179497852,0.2730054590441118
286380,2645.846637370399,2631.895656431198,0.0,1.012206903152531,0.2731790679047762
286440,2647.5291499223554,2633.5693163963097,0.0,1.0134736226065713,0.27335278706671773
286500,2649.2127314478803,2635.2440397105547,0.0,1.015200986954657,0.2735266166000156
286560,2650.8973826261395,2636.9198270495262,0.0,1.0141416308335516,0.2737005565747936
286620,2652.5831041367296,2638.5966790892444,0.0,1.0139584070585497,0.2738746070612199
286680,2654.2698966596795,2640.274596506161,0.0,1.0123075665382517,0.27404876812950735
286740,2655.95776087545,2641.953579977155,0.0,1.0128676611413778,0.27422303984991353
286800,2657.6466974649334,2643.6336301795386,0.0,1.0140717379303306,0.27439742229274056
286860,2659.336707109457,2645.314747791052,0.0,1.0143013470735984,0.2745719155283351
286920,2661.0277904907784,2646.996933489867,0.0,1.013104773524068,0.27474651962708874
286980,2662.7199482910896,2648.680187954585,0.0,1.011646812168498,0.2749212346594376
287040,2664.4131811930156,2650.364511864241,0.0,1.0124700145600747,0.2750960606958626
287100,2666.1074898796155,2652.0499058982996,0.0,1.0144249634914746,0.2752709978068896
287160,2667.8028750343815,2653.7363707366567,0.0,1.0136764563828264,0.2754460460630889
287220,2669.4993373412417,2655.423907059641,0.0,1.0138866185751232,0.27562120553507613
287280,2671.1968774845577,2657.112515548014,0.0,1.0110839252918529,0.27579647629351134
287340,2672.8954961491254,2658.802196882969,0.0,1.0122805194625746,0.2759718584090997
287400,2674.595194020176,2660.492951746131,0.0,1.0130367864694456,0.2761473519525913
287460,2676.295971783378,2662.184780819561,0.0,1.0132476195428899,0.27632295699478115
287520,2677.9978301248316,2663.8776847857503,0.0,1.0143574410841212,0.2764986736065092
287580,2679.700769731077,2665.5716643276255,0.0,1.012375840056719,0.27667450185866044
287640,2681.404791289088,2667.266720128547,0.0,1.011787734122996,0.2768504418221649
287700,2683.1098954862764,2668.9628528723083,0.0,1.012174328251178,0.2770264935679976
287760,2684.816083010489,2670.6600632431387,0.0,1.0129300783547672,0.2772026571671788
287820,2686.5233545500114,2672.3583519257013,0.0,1.01311680956959,0.27737893269077374
287880,2688.2317107935655,2674.0577196050954,0.0,1.0129928435541824,0.27755532020989304
287940,2689.941152430311,2675.7581669668534,0.0,1.0104532178152694,0.27773181979569217
288000,2691.651680149845,2677.459694696945,0.0,1.0116051016118255,0.277908431519372
288060,2693.363294642205,2679.1623034817753,0.0,1.0129818021360206,0.27808515545217866
288120,2695.075996597863,2680.8659940081857,0.0,1.0128317756492784,0.27826199166540344
288180,2696.789786707733,2682.570766963453,0.0,1.0132940892655609,0.27843894023038296
288240,2698.504665663166,2684.2766230352922,0.0,1.009720418220249,0.2786160012184992
288300,2700.2206341559536,2685.983562911854,0.0,1.011163462230975,0.2787931747011796
288360,2701.937692878326,2687.6915872817267,0.0,1.0118561671398751,0.2789704607498967
288420,2703.655842522953,2689.4006968339363,0.0,1.0134779655990285,0.27914785943616865
288480,2705.3750837829466,2691.110892257947,0.0,1.012363982379312,0.279325370831559
288540,2707.095417351856,2692.8221742436594,0.0,1.0121636997001555,0.27950299500767684
288600,2708.816843923674,2694.534543481414,0.0,1.0105442260353479,0.27968073203617655
288660,2710.539364192832,2696.2480006619894,0.0,1.0111213064273634,0.2798585819887583
288720,2712.262978854204,2697.962546476603,0.0,1.012289015518601,0.2800365449371675
288780,2713.9876886031047,2699.678181616912,0.0,1.0124931365001226,0.28021462095319555
288840,2715.713494135291,2701.394906775011,0.0,1.010820781563676,0.280392810108679
288900,2717.440396146962,2703.112722643437,0.0,1.0111599301932,0.28057111247550043
288960,2719.1683953347588,2704.831629915165,0.0,1.0104452974711728,0.2807495281255878
289020,2720.897492395765,2706.5516292836123,0.0,1.01142119686561,0.280928057130915
289080,2722.6276880275072,2708.272721442634,0.0,1.0129839633326556,0.2811066995635016
289140,2724.3589829279554,2709.994907086529,0.0,1.0115286495888556,0.2812854554954128
289200,2726.0913777955234,2711.7181869100345,0.0,1.010969804513512,0.2814643249987596
289260,2727.824873329067,2713.4425616083313,0.0,1.0100301544590515,0.28164330814569905
289320,2729.5594702278886,2715.168031877041,0.0,1.0108637492172414,0.28182240500843375
289380,2731.295169191733,2716.8945984122265,0.0,1.0129742575695406,0.2820016156592123
289440,2733.0319709207897,2718.6222619103946,0.0,1.0112455047413478,0.2821809401703292
289500,2734.7698761156935,2720.351023068493,0.0,1.0113343186400798,0.2823603786141249
289560,2736.508885477525,2722.0808825839126,0.0,1.0087351451955096,0.2825399310629859
289620,2738.2489997078083,2723.8118411544892,0.0,1.0103903074852714,0.2827195975893444
289680,2739.990219508516,2725.543899478498,0.0,1.0111527840435426,0.282899378265679
289740,2741.732545582064,2727.2770582546627,0.0,1.0111735646552833,0.28307927316451403
289800,2743.475978631316,2729.0113181821475,0.0,1.0112143971053487,0.28325928235841996
289860,2745.2205193595823,2730.7466799605613,0.0,1.0085386551139799,0.28343940592001354
289920,2746.9661684706193,2732.483144289958,0.0,1.0098694506853951,0.28361964392195743
289980,2748.71292666863,2734.220711870837,0.0,1.0112990607384853,0.28379999643696074
290040,2750.460794658267,2735.9593834041416,0.0,1.0109699993636074,0.2839804635377785
290100,2752.2097731446283,2737.699159591261,0.0,1.0115508718466548,0.2841610452972121
290160,2753.9598628332615,2739.44004113403,0.0,1.0095450245041298,0.28434174178810906
290220,2755.711064430161,2741.182028734728,0.0,1.0092840613306566,0.2845225530833633
290280,2757.4633786417717,2742.9251230960836,0.0,1.0102467354888032,0.2847034792559152
290340,2759.216806174985,2744.6693249212685,0.0,1.0108202677637015,0.2848845203787511
290400,2760.9713477371433,2746.4146349139037,0.0,1.0103476038725472,0.28506567652490394
290460,2762.7270040360377,2748.161053778056,0.0,1.0102236772378888,0.28524694776745324
290520,2764.483775779909,2749.90858221824,0.0,1.0081619541693407,0.2854283341795245
290580,2766.241663677448,2751.657220939417,0.0,1.0094238088321077,0.28560983583429017
290640,2768.000668437795,2753.4069706469977,0.0,1.0110372846399542,0.28579145280496876
290700,2769.7607907705424,2755.1578320468398,0.0,1.0103162342458964,0.28597318516482556
290760,2771.5220313857326,2756.90980584525,0.0,1.0100360438158655,0.28615503298717243
290820,2773.284390993859,2758.662892748983,0.0,1.008355151464439,0.2863369963453676
290880,2775.047870305866,2760.4170934652434,0.0,1.009071145575591,0.28651907531281606
290940,2776.812470033151,2762.1724087016846,0.0,1.009585545734147,0.28670126996296946
291000,2778.5781908875624,2763.9288391664104,0.0,1.0113224831999825,0.286883580369326
291060,2780.345033581402,2765.686385567974,0.0,1.0096392587476901,0.28706600660543063
291120,2782.112998827421,2767.445048615378,0.0,1.0092512729148555,0.2872485487448751
291180,2783.8820873388277,2769.2048290180755,0.0,1.0082556843420947,0.2874312068612978
291240,2785.6522998292808,2770.9657274859724,0.0,1.0090518785971478,0.2876139810283839
291300,2787.423637012893,2772.727744729424,0.0,1.0099982215771934,0.2877968713198656
291360,2789.1960996042308,2774.490881459237,0.0,1.010021968827058,0.28797987780952156
291420,2790.9696883183155,2776.255138386669,0.0,1.0077923608416979,0.2881630005711778
291480,2792.7444038706217,2778.020516223431,0.0,1.0083849004727672,0.2883462396787068
291540,2794.5202469770784,2779.7870156816857,0.0,1.0086945457323369,0.2885295952060282
291600,2796.2972183540696,2781.554637474048,0.0,1.0092691611601259,0.28871306722710866
291660,2798.0753187184355,2783.323382313585,0.0,1.0104742522055308,0.2888966558159616
291720,2799.8545487874703,2785.093250913819,0.0,1.008733563696268,0.28908036104664764
291780,2801.634909278925,2786.8642439887226,0.0,1.0080148943722562,0.28926418299327444
291840,2803.4164009110063,2788.6363622527247,0.0,1.0081793686471885,0.28944812172999673
291900,2805.1990244023764,2790.4096064207056,0.0,1.0088013248896686,0.28963217733101637
291960,2806.9827804721554,2792.183977208002,0.0,1.0098132476859023,0.28981634987058225
292020,2808.7676698399196,2793.9594753304045,0.0,1.00792497627838,0.29000063942299065
292080,2810.5536932257023,2795.7361015041574,0.0,1.0078076275874912,0.29018504606258483
292140,2812.340851349995,2797.513856445961,0.0,1.0074306430395057,0.2903695698637554
292200,2814.129144933746,2799.2927408729715,0.0,1.008431416372184,0.29055421090094025
292260,2815.9185746983626,2801.0727555027997,0.0,1.008911776864718,0.2907389692486244
292320,2817.70914136571,2802.853901053513,0.0,1.0083567936244873,0.29092384498134044
292380,2819.500845658111,2804.6361782436334,0.0,1.0084210923488859,0.29110883817366817
292440,2821.29368829835,2806.419587792142,0.0,1.006277307064998,0.2912939489002348
292500,2823.087670009668,2808.2041304184754,0.0,1.007613836787508,0.291479177235715
292560,2824.8827915157663,2809.9898068425264,0.0,1.009304372779376,0.2916645232548307
292620,2826.6790535408068,2811.7766177846465,0.0,1.0084873650865074,0.29184998703235154
292680,2828.47645680941,2813.564563965645,0.0,1.0085371760937416,0.2920355686430946
292740,2830.275002046659,2815.3536461067874,0.0,1.0066926782180465,0.29222126816192434
292800,2832.074689978095,2817.1438649297997,0.0,1.0069849171325935,0.29240708566375295
292860,2833.875521329722,2818.935221156865,0.0,1.0081778166069926,0.29259302122354025
292920,2835.6774968280038,2820.727715510626,0.0,1.0085228951517409,0.29277907491629346
292980,2837.480617199868,2822.5213487141837,0.0,1.0077939302616623,0.2929652468170677
293040,2839.2848831727015,2824.316121491099,0.0,1.0061052117919116,0.29315153700096563
293100,2841.090295474355,2826.1120345653926,0.0,1.0066986428667148,0.2933379455431377
293160,2842.896854833141,2827.9090886615454,0.0,1.0083280399396324,0.2935244725187821
293220,2844.7045619778346,2829.707284504498,0.0,1.0079572508730652,0.2937111180031447
293280,2846.513417637675,2831.5066228196524,0.0,1.0081931348675786,0.29389788207151935
293340,2848.323422542363,2833.3071043328696,0.0,1.005611585574255,0.2940847647992475
293400,2850.1345774220645,2835.1087297704744,0.0,1.006623218622779,0.29427176626171875
293460,2851.9468830074084,2836.9114998592518,0.0,1.006912176092,0.2944588865343704
293520,2853.7603400294884,2838.715415326448,0.0,1.0073712337798026,0.2946461256926878
293580,2855.574949219862,2840.520476899772,0.0,1.0086894843594667,0.2948334838122039
293640,2857.3907113105524,2842.326685307394,0.0,1.0067989928044305,0.2950209609685003
293700,2859.2076270340467,2844.134041277949,0.0,1.0061747075819187,0.295208557237206
293760,2861.0256971232993,2845.9425455405335,0.0,1.0061550892467521,0.2953962726939985
293820,2862.8449223117277,2847.7521988247067,0.0,1.006960231292819,0.295584107414603
293880,2864.6653033332173,2849.5630018604934,0.0,1.0074327937458236,0.2957720614747931
293940,2866.4868409221194,2851.3749553783796,0.0,1.007328828829762,0.2959601349503904
294000,2868.309535813251,2853.1880601093176,0.0,1.0047817375691812,0.29614832791726475
294060,2870.1333887418973,2855.0023167847226,0.0,1.0057508925707792,0.29633664045133407
294120,2871.9584004438093,2856.817726136476,0.0,1.0068719068685579,0.2965250726285647
294180,2873.7845716552074,2858.6342888969216,0.0,1.006968064528863,0.29671362452497113
294240,2875.6119031127764,2860.4520057988725,0.0,1.0076695155136097,0.2969022962166161
294300,2877.440395553673,2862.270877575603,0.0,1.004166991013691,0.2970910877796109
294360,2879.27004971552,2864.0909049608563,0.0,1.0053730866957846,0.2972799992901149
294420,2881.100866336409,2865.912088688841,0.0,1.0057674277913542,0.297469030824336
294480,2882.9328461549017,2867.734429494231,0.0,1.0076453626859307,0.29765818245853054
294540,2884.7659899100267,2869.557928112169,0.0,1.0065824170185553,0.2978474542690031
294600,2886.600298341285,2871.3825852782634,0.0,1.0066304356058748,0.29803684633210714
294660,2888.4357721886454,2873.20840172859,0.0,1.0047875421133883,0.29822635872424424
294720,2890.272412192548,2875.0353781996932,0.0,1.00514320441342,0.2984159915218647
294780,2892.1102190939023,2876.863515428585,0.0,1.0063011073075943,0.2986057448014674
294840,2893.9491936340896,2878.6928141527437,0.0,1.0065987551869247,0.29879561863959975
294900,2895.789336554961,2880.5232751101194,0.0,1.0052688216227217,0.2989856131128579
294960,2897.6306485988407,2882.3548990391287,0.0,1.00548147746118,0.2991757282978865
295020,2899.473130508523,2884.1876866786583,0.0,1.0042776045636774,0.2993659642713791
295080,2901.3167830272737,2886.021638768065,0.0,1.0053981836480868,0.29955632111007785
295140,2903.1616068988324,2887.856756047173,0.0,1.0070432079093767,0.2997467988907736
295200,2905.007602867411,2889.693039256279,0.0,1.0057838285908585,0.29993739769030614
295260,2906.854771677694,2891.5304891361493,0.0,1.0053719250754665,0.300128117585564
295320,2908.7031140748377,2893.3691064280206,0.0,1.0040590938961482,0.30031895865348457
295380,2910.552630804473,2895.2088918736,0.0,1.004786928715807,0.30050992097105417
295440,2912.4033226127062,2897.0498462150667,0.0,1.0070305232039776,0.3007010046153079
295500,2914.2551902461137,2898.8919701950717,0.0,1.0054815673752295,0.30089220966332986
295560,2916.10823445175,2900.7352645567366,0.0,1.005646050990051,0.30108353619225325
295620,2917.962455977142,2902.5797300436566,0.0,1.0025989307691097,0.30127498427926014
295680,2919.817855570292,2904.425367399898,0.0,1.0042783458928193,0.3014665540015817
295740,2921.6744339796783,2906.27217737,0.0,1.0050691491664816,0.3016582454364981
295800,2923.532191954254,2908.1201606989766,0.0,1.005396175376969,0.3018500586613386
295860,2925.391130243449,2909.9693181323128,0.0,1.0054096151474496,0.3020419937534818
295920,2927.2512495971678,2911.819650415968,0.0,1.0027014674691581,0.30223405079035515
295980,2929.1125507657916,2913.6711582963767,0.0,1.0039084065195847,0.30242622984943557
296040,2930.97503450018,2915.5238425204457,0.0,1.0050736647947955,0.3026185310082489
296100,2932.838701551668,2917.377703835559,0.0,1.0049972465883699,0.30281095434437066
296160,2934.703552672068,2919.2327429895718,0.0,1.0058067289812573,0.3030034999354253
296220,2936.5695886136714,2921.0889607308177,0.0,1.0038112761292985,0.3031961678590867
296280,2938.4368101292466,2922.9463578081036,0.0,1.0033449638577476,0.3033889581930781
296340,2940.30521797204,2924.804934970714,0.0,1.0040735062434902,0.30358187101517214
296400,2942.1748128957765,2926.664692968409,0.0,1.0047390431166419,0.30377490640319077
296460,2944.045595654662,2928.525632551423,0.0,1.004591300554593,0.3039680644350055
296520,2945.9175670033787,2930.3877544704687,0.0,1.0044389009965435,0.3041613451885373
296580,2947.7907276970896,2932.251059476737,0.0,1.0021124841868425,0.30435474874175666
296640,2949.6650784914373,2934.115548321894,0.0,1.0033281470667512,0.3045482751726835
296700,2951.540620142545,2935.9812217580843,0.0,1.0048469701887326,0.3047419245593874
296760,2953.417353407015,2937.8480805379295,0.0,1.0045570041577048,0.30493569697998757
296820,2955.295279041932,2939.716125414531,0.0,1.004191880730292,0.3051295925126527
296880,2957.174397804861,2941.5853571414673,0.0,1.0025771013272875,0.30532361123560137
296940,2959.0547104538477,2943.4557764727965,0.0,1.002694141278806,0.30551775322710156
297000,2960.9362177474204,2945.327384163055,0.0,1.0034551210940632,0.30571201856547126
297060,2962.818920444588,2947.2001809672583,0.0,1.0052740772618474,0.30590640732907814
297120,2964.702819304843,2949.074167640904,0.0,1.0037666748400869,0.30610091959633956
297180,2966.5879150881606,2950.9493449399665,0.0,1.0035248250439892,0.30629555544572284
297240,2968.474208554997,2952.8257136209027,0.0,1.0021564038557105,0.306490314955745
297300,2970.361700466293,2954.7032744406492,0.0,1.0028687645088663,0.3066851982049732
297360,2972.250391583473,2956.582028156624,0.0,1.003943162003298,0.3068802052720242
297420,2974.1402826684443,2958.4619755267254,0.0,1.004036223832793,0.3070753362355648
297480,2976.0313744835994,2960.343117309334,0.0,1.0020726563217872,0.307270591174312
297540,2977.9236677918134,2962.225454263313,0.0,1.0024987850254594,0.30746597016703253
297600,2979.817163356448,2964.108987148006,0.0,1.0023409860486086,0.30766147329254334
297660,2981.7118619413486,2965.9937167232397,0.0,1.0031116348863933,0.3078571006297114
297720,2983.607764310847,2967.8796437493243,0.0,1.0044766451136777,0.3080528522574537
297780,2985.5048712297594,2969.766768987052,0.0,1.002875514979086,0.30824872825473765
297840,2987.4031834633884,2971.655093197699,0.0,1.0021904926496485,0.3084447287005804
297900,2989.302701777524,2973.544617143026,0.0,1.0017094826853605,0.30864085367404964
297960,2991.2034269384403,2975.435341585275,0.0,1.0025973996923325,0.3088371032542633
298020,2993.1053597129003,2977.3272672871753,0.0,1.0036773803057513,0.3090334775203893
298080,2995.008500868153,2979.220395011939,0.0,1.0022936160781253,0.3092299765516462
298140,2996.912851171936,2981.1147255232636,0.0,1.001936251520081,0.3094266004273026
298200,2998.818411392474,2983.0102595853314,0.0,1.001359610537313,0.3096233492266776
298260,3000.7251822984795,2984.9069979628116,0.0,1.0021473614790921,0.3098202230291407
298320,3002.633164659154,2986.804941420857,0.0,1.0027150304409467,0.3100172219141118
298380,3004.5423592441866,2988.7040907251085,0.0,1.0024929335365609,0.3102143459610613
298440,3006.452766823757,2990.604446641693,0.0,1.0024975518084387,0.31041159524951
298500,3008.364388168534,2992.5060099372226,0.0,1.0000691631994059,0.31060896985902936
298560,3010.2772240496747,2994.4087813787996,0.0,1.0014102757388792,0.3108064698692412
298620,3012.191275238827,2996.31276173401,0.0,1.0029962744242664,0.3110040953598182
298680,3014.106542508129,2998.2179517709305,0.0,1.0024187076150592,0.31120184641048326
298740,3016.0229787236576,3000.124352258124,0.0,1.0026858391417879,0.31139972310101033
298800,3017.9406234035623,3002.0319639728555,0.0,1.0007605236443486,0.3115977257020342
298860,3019.8595456052103,3003.940787723202,0.0,1.0007716288375654,0.311795854204499
298920,3021.7780567982086,3005.8508243352485,0.0,1.0018863355819956,0.3119941105973508
298980,3023.6993832651046,3007.7620751583745,0.0,1.002338250294301,0.31219249565867097
299040,3025.6178083830514,3009.6745410363833,0.0,1.0015130446297882,0.31239100679989
299100,3027.5425549231154,3011.5882235694535,0.0,1.00140035419879,0.31258965274489436
299160,3029.4720825011345,3013.5031237984313,0.0,0.999767252698227,0.3127884214419887
299220,3031.3771991364165,3015.419243767973,0.0,1.0014487724682355,0.3129873471408175
299280,3033.300087622762,3017.3365903736576,0.0,1.0016732585076449,0.3131864243407876
299340,3035.218398171331,3019.255164747724,0.0,1.0027612151253154,0.31338561626960076
299400,3037.13246507019,3021.1749673046697,0.0,0.999680377708658,0.3135849603260849
299460,3039.0610457191306,3023.096006686325,0.0,1.0005712717760709,0.3137844734455623
299520,3041.0039106310196,3025.018282814396,0.0,1.0004624742708859,0.3139840840602612
299580,3042.913622250909,3026.9417948381833,0.0,1.0010866325098022,0.31418383933974225
299640,3044.8422376878193,3028.8665448181223,0.0,1.0025771009698103,0.31438370686107314
299700,3046.766574650767,3030.79253129711,0.0,1.0008272283760227,0.3145837119797553
299760,3048.704480927641,3032.7197582924923,0.0,1.0002248522415225,0.31478384918039315
299820,3050.624409353398,3034.6482250121676,0.0,0.9997811903208452,0.3149841274483568
299880,3052.555785114438,3036.5779395815134,0.0,1.0006032534412905,0.31518457320559506
299940,3054.453886852206,3038.5089027536915,0.0,1.001316470734046,0.3153851416463391
300000,3056.3853842358367,3040.4411229626944,0.0,1.0012502416282916,0.3155859215955113
300060,3058.3235423669908,3042.3746047514373,0.0,0.9988368631215857,0.31578680323586755
300120,3060.2138870528065,3044.309354669712,0.0,0.9995720459561842,0.31598793578626116
300180,3062.1511923845037,3046.245385347788,0.0,1.0003814468595253,0.31618919686516056
300240,3064.00529732977,3048.182700849331,0.0,1.0007042451781931,0.31639069343220305
300300,3065.9071649501275,3050.121321825525,0.0,1.0016015834031038,0.31659238481856966
300360,3067.7799298149043,3052.0612543786315,0.0,0.9982856030954197,0.31679430742432296
300420,3069.5952125101066,3054.002538819717,0.0,0.9992671758947811,0.3169967090931031
300480,3071.507749763663,3055.9452090935474,0.0,0.9993536770703074,0.31719928841316064
300540,3073.2673777584578,3057.8892658195377,0.0,1.0013735348434007,0.31740207678165466
300600,3075.0828105229066,3059.834746947922,0.0,1.0003985042284205,0.3176053448684656
300660,3076.960549794685,3061.7816859024033,0.0,1.00064185759517,0.31780877723766715
300720,3078.8075426010705,3063.7300785089437,0.0,0.9987067974830578,0.3180124020319706
300780,3080.6790064202264,3065.6799451284537,0.0,0.9988560034596875,0.3182162814109153
300840,3082.461460707493,3067.6312882170337,0.0,0.9999646367237834,0.31842031031663537
300900,3084.2931077735334,3069.584124901801,0.0,1.0003360831793464,0.3186246421618911
300960,3086.120759286298,3071.538466247865,0.0,0.9992544548325661,0.31882912414355585
301020,3087.935441903768,3073.4943272241053,0.0,0.9993820229843801,0.31903395004327306
301080,3089.811713466734,3075.4517266390844,0.0,0.9978888907430482,0.3192389628044047
301140,3091.552559470596,3077.410675199032,0.0,0.9990827681539894,0.31944427608612724
301200,3093.332981787649,3079.371196752782,0.0,1.0007487453708905,0.31964981185861824
301260,3095.1035802320966,3081.3332997880316,0.0,0.999620797294191,0.3198556217010133
301320,3096.9344482887523,3083.2970096701492,0.0,0.9992995133082195,0.3200617041093259
301380,3098.740306560629,3085.2623352998457,0.0,0.997821750785759,0.32026804138066417
301440,3100.5195874693945,3087.2293002629585,0.0,0.9984732812159379,0.3204746794348655
301500,3102.1995519691795,3089.197916174877,0.0,1.000744190449326,0.32068152470998196
301560,3103.9021401018895,3091.1682101033316,0.0,0.9993006803439517,0.32088884072388496
301620,3105.6942848416716,3093.1402275365476,0.0,0.9994974040553452,0.3210964817695612
301680,3107.5450469278385,3095.1139719765165,0.0,0.9963156692964927,0.32130429925111853
301740,3109.160003762691,3097.0894627703124,0.0,0.997983162138876,0.32151255703213805
301800,3110.9048202833583,3099.066742749853,0.0,0.9987789697070498,0.32172111742816467
301860,3112.5967108841623,3101.0458093384987,0.0,0.9991992102590778,0.3219297849298679
301920,3114.3515956519764,3103.026669593577,0.0,0.9992062813563106,0.3221387663188346
301980,3116.2148907298756,3105.009330378104,0.0,0.9965229579837884,0.3223478909017367
302040,3117.9149902164886,3106.9937940212462,0.0,0.9976836005595272,0.3225573037543937
302100,3119.619301204853,3108.980074637078,0.0,0.998782534419912,0.32276690795858576
302160,3121.2930125263943,3110.9681750694854,0.0,0.9987567975076076,0.3229767731046985
302220,3123.0305884216255,3112.9581140721893,0.0,0.999596555120635,0.3231868788732195
302280,3124.800816279185,3114.949895062783,0.0,0.9976088056851652,0.32339724290027266
302340,3126.5914257053296,3116.9435370325546,0.0,0.997127862436957,0.32360790415666274
302400,3128.2373950574397,3118.9390458494036,0.0,0.9978385218132582,0.3238187792711578
302460,3129.924036983452,3120.9364384214255,0.0,0.9985061803324132,0.32402996454863064
302520,3131.617661322402,3122.9357248808396,0.0,0.9983549580665563,0.32424134026613366
302580,3133.344699176246,3124.9369175886263,0.0,0.9982038462421762,0.32445306426018644
302640,3135.1803162037277,3126.9400311016175,0.0,0.9959002498579715,0.3246650219288509
302700,3136.8243718972803,3128.945073692293,0.0,0.9971235760003841,0.32487727328442156
302760,3138.4502791284017,3130.9520628589926,0.0,0.9986567485979605,0.32508976001265544
302820,3140.065966174259,3132.961006686281,0.0,0.9982867696291545,0.3253025504703484
302880,3141.751215504632,3134.97194328183,0.0,0.9979400054284496,0.3255158397624204
302940,3143.581164621107,3136.984895210434,0.0,0.996308036697122,0.32572932442843533
303000,3145.174876096196,3138.9998601352854,0.0,0.9966030426457746,0.3259431035181407
303060,3146.7976349766805,3141.01687245982,0.0,0.9972827979077586,0.3261573224437892
303120,3148.4155982849184,3143.0359506370883,0.0,0.9990767949445051,0.3263716942374163
303180,3150.1148064825907,3145.057085868115,0.0,0.9975000797878788,0.3265862887731613
303240,3151.891883670607,3147.0802872324234,0.0,0.9971969544231077,0.32680111913789406
303300,3153.624613214342,3149.1055497590055,0.0,0.9959929809576117,0.3270161694612886
303360,3155.279995362181,3151.1328820975673,0.0,0.996747634449804,0.32723147765616173
303420,3156.844347248126,3153.162286260052,0.0,0.9977505060838474,0.32744695173287613
303480,3158.522020926733,3155.193770497495,0.0,0.9978010228296689,0.32766275357118185
303540,3160.345381174187,3157.2273434401773,0.0,0.9956635879076855,0.3278787571613615
303600,3162.0220866912637,3159.263009740339,0.0,0.9962119400588265,0.3280950824700011
303660,3163.6754373575777,3161.3007823217063,0.0,0.9963779122623002,0.3283116515838951
303720,3165.2615893103357,3163.340665278777,0.0,0.9969956724141389,0.32852847318289213
303780,3166.889625355064,3165.3826733110027,0.0,0.9982407167227175,0.32874554884710205
303840,3168.6213974124826,3167.4268103087547,0.0,0.9965180779101522,0.3289629039849621
303900,3170.404378758744,3169.473090589717,0.0,0.9958110239839095,0.32918056389608735
303960,3172.0452971867553,3171.52151878752,0.0,0.9956954140888844,0.329398482692655
304020,3173.646604946515,3173.5721079043033,0.0,0.9965541969193925,0.3296166892296344
304080,3175.204280349608,3175.624865951964,0.0,0.998103512235771,0.3298351023286948
304140,3176.871586469701,3177.6798101045188,0.0,0.9961524699162566,0.33005398894029686
304200,3178.595392001994,3179.7369773166283,0.0,0.996144653800209,0.33027323781024565
304260,3180.314080493558,3181.7963715019932,0.0,0.9948102523715495,0.3304927275620158
304320,3181.784801852161,3183.85800261785,0.0,0.9961395727291023,0.3307125745299955
304380,3183.3921332077543,3185.9219047723136,0.0,0.9967320442543197,0.33093277905973084
304440,3185.066124022545,3187.988082818593,0.0,0.995958767037154,0.33115318332870053
304500,3186.737336265235,3190.056538424149,0.0,0.9961342549007999,0.33137388814755925
304560,3188.507110477262,3192.127282853903,0.0,0.9940720262924415,0.3315949615785218
304620,3190.069052885179,3194.2003289351237,0.0,0.9953951373784884,0.3318162470180361
304680,3191.5177732295656,3196.275684004794,0.0,0.9971158360114801,0.3320378572320242
304740,3193.176906390514,3198.3533655403303,0.0,0.9961682411023861,0.3322597420703418
304800,3194.82515534536,3200.4333780462875,0.0,0.9961584080832894,0.3324819510410309
304860,3196.6199408079387,3202.515743135469,0.0,0.9943716599501832,0.33270453490036
304920,3198.1798257869686,3204.600464109722,0.0,0.9948014131861125,0.33292737464822564
304980,3199.646062789176,3206.687563216326,0.0,0.9959855544052509,0.33315057990661767
305040,3201.236662036434,3208.7770468558174,0.0,0.9962459602715944,0.3333740203058717
305100,3202.937769900357,3210.8689337202736,0.0,0.9948399471075792,0.33359788509195687
305160,3204.5899191625385,3212.963234823348,0.0,0.994943175161825,0.333821985539331
305220,3206.217487432362,3215.0599618738015,0.0,0.9940706245650965,0.3340465711369896
305280,3207.747667673714,3217.159135504885,0.0,0.995116550588599,0.33427130518054654
305340,3209.146893596444,3219.260757579532,0.0,0.996632622088029,0.33449646338687156
305400,3210.898585374699,3221.364860893552,0.0,0.9945578532576523,0.3347219318450584
305460,3212.5617598488066,3223.4714443706953,0.0,0.9947525098001189,0.33494769568058214
305520,3214.167581000635,3225.580519159392,0.0,0.9935718265915472,0.33517394355818036
305580,3215.5620608870327,3227.6921274141414,0.0,0.9955004374195362,0.3354005340448897
305640,3217.164150620674,3229.8062711765274,0.0,0.9951599205290761,0.33562734788225196
305700,3218.497309356848,3231.9229680850644,0.0,0.9963220451698817,0.33585478761407683
305760,3220.3265782439994,3234.0422816524815,0.0,0.9942822025302586,0.33608259479552954
305820,3221.7792833995654,3236.1641959606573,0.0,0.9937882216963706,0.33631078456399316
305880,3223.3633050507783,3238.288776765181,0.0,0.9941439335530732,0.3365395636966159
305940,3224.761459792084,3240.416007172893,0.0,0.994845453851234,0.3367684087561875
306000,3226.24240451786,3242.545931047454,0.0,0.9949194269293227,0.3369979301545791
306060,3227.836449263241,3244.678545607128,0.0,0.9948638750801299,0.33722747453971585
306120,3229.5609562654304,3246.8138694489644,0.0,0.9923110625870143,0.3374577935999773
306180,3231.0475267021334,3248.951922163748,0.0,0.9935808122379671,0.3376880258856321
306240,3232.2895526747698,3251.092693913691,0.0,0.9950449343942378,0.3379189578114887
306300,3233.9619561577006,3253.2362327154087,0.0,0.9946818669583498,0.3381499452298196
306360,3235.288309337496,3255.3825046895345,0.0,0.9950909168919018,0.3383814372902806
306420,3237.1731417036062,3257.5315747808313,0.0,0.9931487634005121,0.33861334099563867
306480,3238.545073227754,3259.683405485745,0.0,0.9929937244402248,0.3388454503621493
306540,3240.000914171297,3261.8380564342974,0.0,0.9940409971357677,0.33907820890618634
306600,3241.4346052472633,3263.9955086895993,0.0,0.9945618591710933,0.339310943194937
306660,3242.915148770243,3266.1557982748313,0.0,0.9944980714914184,0.3395444633290147
306720,3244.755698864125,3268.3189402873445,0.0,0.9926050941098451,0.33977797199945
306780,3246.1124950368567,3270.484876547031,0.0,0.9929136057767752,0.34001167046058167
306840,3247.4320005275376,3272.6536798792185,0.0,0.9939772513465768,0.3402464090868003
306900,3249.009848830489,3274.8253906517284,0.0,0.9940808831140208,0.34048103833382976
306960,3250.4640706051296,3276.9999400900783,0.0,0.9943707548934848,0.3407158084445659
307020,3252.0579216028254,3279.1774012273486,0.0,0.9921256665380584,0.3409516749197748
307080,3253.5088710802297,3281.3578107197472,0.0,0.9929325415355905,0.3411875451329655
307140,3254.8035986761824,3283.5411888815074,0.0,0.9927016752680996,0.34142449171807415
307200,3256.269002756981,3285.727619437728,0.0,0.9933959354668348,0.34166158213750464
307260,3257.3489689053017,3287.917093373307,0.0,0.9948899557263192,0.34189945617941664
307320,3259.0969684670276,3290.1096990825035,0.0,0.9931146369696072,0.34213772573235796
307380,3260.3584728213928,3292.305403360743,0.0,0.9925312899708204,0.3423764172355878
307440,3261.946933896044,3294.504287976941,0.0,0.9921508233425438,0.3426158396627337
307500,3263.1477430186446,3296.7063289554376,0.0,0.9929692908202686,0.3428553094958707
307560,3264.4260288077576,3298.9115819850667,0.0,0.9936196698317282,0.3430956406050673
307620,3265.895986041588,3301.1200477684088,0.0,0.9935521084414318,0.3433359881553467
307680,3267.4358884619796,3303.3317490550344,0.0,0.9910692801428824,0.3435772376038415
307740,3268.82667020575,3305.546714041884,0.0,0.9919323855140432,0.3438184979973786
307800,3269.9870806873914,3307.7649361011627,0.0,0.9928782588677777,0.34406056158631465
307860,3271.4643101235183,3309.9864689271353,0.0,0.9930727114789487,0.344302736528264
307920,3272.593638122256,3312.2112826447506,0.0,0.9939107360258582,0.34454551259415744
307980,3274.30684216054,3314.4394446480946,0.0,0.9920315082758512,0.34478872239109876
308040,3275.567348311638,3316.6709190906663,0.0,0.991430535601225,0.3450322495428278
308100,3276.958190468424,3318.9057681794275,0.0,0.9926210894789244,0.3452764843320834
308160,3278.6953604015725,3321.143923367686,0.0,0.9926700019011921,0.3455198324539224
308220,3279.8498026659195,3323.385250763447,0.0,0.9934754981833094,0.34576357771070826
308280,3281.60531239357,3325.6298618284145,0.0,0.9906968362859235,0.3460082909750529
308340,3283.3287660267706,3327.87771078599,0.0,0.9911134703788891,0.3462523404212033
308400,3284.418676340249,3330.1286964217193,0.0,0.9912678207941505,0.34649693086120525
308460,3285.688492521944,3332.3829634106705,0.0,0.9924446085537455,0.3467427221683878
308520,3286.992894712988,3334.6405423539586,0.0,0.9927062877738361,0.34698876821826774
308580,3288.2997382275726,3336.9015217545075,0.0,0.9913737042603031,0.3472360918905341
308640,3289.659291761186,3339.1659651234504,0.0,0.9916763331531964,0.34748366539560155
308700,3290.955038628242,3341.4339082439733,0.0,0.9904998841364352,0.3477323381157219
308760,3292.271805361042,3343.705418318249,0.0,0.9915872376923853,0.3479811223359682
308820,3293.2491974178806,3345.980484614383,0.0,0.9932670762456894,0.348230747416598
308880,3294.830789057527,3348.2591863663706,0.0,0.9918927195792687,0.34848073239639427
308940,3295.965783469835,3350.541489588997,0.0,0.9914979383010406,0.3487312230984008
309000,3297.553475467385,3352.827470018573,0.0,0.9902970051819254,0.34898240036064465
309060,3298.6385314278327,3355.1170957744744,0.0,0.9910538351892562,0.34923369551104966
309120,3299.8321380081343,3357.4104203920606,0.0,0.9920972096148082,0.34948583452847826
309180,3301.1806502508975,3359.707434323494,0.0,0.9921569596628237,0.3497380090533772
309240,3302.5705147446174,3362.008159520189,0.0,0.9901612389384018,0.34999107229176896
309300,3303.9137118468716,3364.312613467678,0.0,0.9905453472908142,0.3502441874748054
309360,3305.10595559569,3366.6207895418306,0.0,0.9906330336976539,0.350498132487148
309420,3306.4546406276377,3368.932729922269,0.0,0.9913294664278539,0.35075216657141867
309480,3307.4870247488793,3371.2484045057113,0.0,0.9925614003985358,0.35100685485407174
309540,3309.3953523517375,3373.5678711393857,0.0,0.9897190713405177,0.35126179043125594
309600,3310.9529286109514,3375.8909625779575,0.0,0.9903313594435141,0.3515156454870218
309660,3312.089432748611,3378.2175885577285,0.0,0.9898220692048227,0.351770415383207
309720,3313.467866802712,3380.547873000246,0.0,0.9919417871736729,0.3520258017754927
309780,3315.2687872201946,3382.881687338186,0.0,0.991193044055749,0.3522800964172159
309840,3316.239402317355,3385.2189581789885,0.0,0.9918450433916206,0.35253558873516827
309900,3317.90455653143,3387.5598567292027,0.0,0.9898071444965425,0.352792026475071
309960,3318.938391346786,3389.9043994199906,0.0,0.9896169211291385,0.3530491160605243
310020,3320.1926601803216,3392.2527209789073,0.0,0.9905119055511319,0.3533074169443453
310080,3321.3727454968052,3394.604850394614,0.0,0.9910263230441138,0.3535660042948942
310140,3322.5789225045146,3396.960862231178,0.0,0.9904273663366583,0.35382572716697575
310200,3323.91458433928,3399.320787717886,0.0,0.9904748315077114,0.35408561088008317
310260,3325.235186786299,3401.6846500506995,0.0,0.988435766198187,0.3543465474429314
310320,3326.478686099008,3404.052498599574,0.0,0.9897357500724705,0.3546075742842907
310380,3327.4494644884608,3406.4243189652134,0.0,0.9914159576370974,0.3548694518582989
310440,3328.931091723944,3408.8001753490726,0.0,0.9905490921180538,0.35513161757857253
310500,3329.9905747818743,3411.1800296274296,0.0,0.990520369717707,0.3553943451117187
310560,3331.582576873775,3413.563949734993,0.0,0.9887474297044936,0.35565768878188286
310620,3332.6456762391776,3415.951897018249,0.0,0.9891411249793243,0.3559212317270467
310680,3333.8517432425974,3418.3439231803427,0.0,0.9903255433740854,0.3561855888699965
310740,3335.1230838141096,3420.740009527475,0.0,0.9906097857420959,0.35645000057506704
310800,3336.408227854718,3423.140178809765,0.0,0.9892913220407556,0.3567152969570391
310860,3337.748630967595,3425.5444399827934,0.0,0.9893211835636919,0.35698067415920015
310920,3339.0151539226054,3427.952788287214,0.0,0.9883878441753698,0.3572469073730109
310980,3340.57179399421,3430.365246415996,0.0,0.9900590896003356,0.3575128609544297
311040,3342.0466807581956,3432.7816067776384,0.0,0.9900192999926232,0.3577779841757557
311100,3343.059007737427,3435.2018584027937,0.0,0.990495327813077,0.35804439925421677
311160,3345.236010232421,3437.626095589146,0.0,0.9873562522622449,0.35831090712075186
311220,3346.4236070618053,3440.054128278339,0.0,0.9885860468768594,0.35857661325910606
311280,3347.501297500234,3442.4859829446186,0.0,0.9893552443564486,0.35884392185531694
311340,3348.8955164759946,3444.921796138761,0.0,0.9894729029682731,0.35911171349947413
311400,3349.811168195539,3447.361591605583,0.0,0.9906646520658864,0.35938063513310115
311460,3351.365780441562,3449.8055069343654,0.0,0.9886796644622093,0.35965038846915215
311520,3352.4096333288176,3452.253545332043,0.0,0.988105329762006,0.3599207617642509
311580,3353.7642151656787,3454.7058074122356,0.0,0.9884573900791491,0.36019210233116433
311640,3354.882181858472,3457.1622840331183,0.0,0.9891721629813183,0.3604636231404934
311700,3356.040158945312,3459.6230324188105,0.0,0.9893093148796417,0.36073618927521167
311760,3357.3749005401064,3462.0880632756553,0.0,0.9892260300401791,0.36100887583982416
311820,3358.712498273023,3464.557392607683,0.0,0.9866870291575728,0.36128256703612266
311880,3359.94602405624,3467.0310534224304,0.0,0.9879048658830217,0.36155633821744176
311940,3360.9776732649775,3469.509029076341,0.0,0.989317589093686,0.3618309686288274
312000,3362.398018192039,3471.9913712440375,0.0,0.9890272661126557,0.36210583475100167
312060,3363.4222246468175,3474.4780409640557,0.0,0.9894611007767089,0.362381323220818
312120,3364.9975852613743,3476.969099665436,0.0,0.9875370418575931,0.36265735844747915
312180,3366.0934471806813,3479.464505138864,0.0,0.9873160272471793,0.3629336894604513
312240,3367.3766494517477,3481.9643089800607,0.0,0.988321935799628,0.3632108068162615
312300,3368.598043489381,3484.4684857314437,0.0,0.9888726672953181,0.3634880112712586
312360,3369.7699495749107,3486.977060969643,0.0,0.9889223649265676,0.3637661151895206
312420,3371.8396649521173,3489.490003790303,0.0,0.987018636460692,0.36404353539596535
312480,3372.950007170964,3492.0070974220225,0.0,0.9872480380443293,0.3643206840243371
312540,3374.1933435073747,3494.52841278672,0.0,0.9881613820060517,0.3645992343153321
312600,3375.9957875378946,3497.053971550474,0.0,0.9883768132260742,0.36487713685558193
312660,3377.246517801882,3499.583580211491,0.0,0.9886858887714279,0.36515499503435117
312720,3378.549531649541,3502.117343489818,0.0,0.9865440293668138,0.3654344580111569
312780,3379.803401819433,3504.6553519703525,0.0,0.987270796084903,0.3657143308772621
312840,3380.949232872336,3507.1976633161953,0.0,0.9868924198827325,0.36599559182442937
312900,3382.2470645045164,3509.744387517998,0.0,0.9876539007285811,0.3662773101224497
312960,3383.1885083409747,3512.295536193648,0.0,0.9891706551854796,0.36656004654972996
313020,3384.728493612286,3514.851205535106,0.0,0.9874629598667511,0.3668433585423486
313080,3385.7679468662745,3517.411370489197,0.0,0.9868932689247142,0.36712725475978075
313140,3387.2274115974833,3519.976113714434,0.0,0.9863682637677129,0.3674120030200435
313200,3388.311626435422,3522.5454101894206,0.0,0.9871839757768389,0.3676969350835242
313260,3389.4859989908614,3525.1193106079313,0.0,0.9879120388961915,0.36798285789128676
313320,3390.8232001863007,3527.697811084623,0.0,0.9878544710095655,0.3682688893560825
313380,3392.13655888182,3530.2809263019353,0.0,0.9854546179236588,0.36855590413089384
313440,3393.4059822431263,3532.8686789293456,0.0,0.9862047803210403,0.368843029588862
313500,3394.5379419293677,3535.461054494004,0.0,0.9870030513703214,0.36913103324250524
313560,3395.920193473289,3538.0580957219213,0.0,0.9872951122362832,0.36941924676671656
313620,3396.9432320144806,3540.659766225998,0.0,0.9882064469458237,0.3697081522952525
313680,3398.5036762127156,3543.266122562077,0.0,0.9863687312629965,0.36999755353039
313740,3399.623075199221,3545.87712214058,0.0,0.9857100096710023,0.3702873475003209
313800,3401.0723414183058,3548.4928186403554,0.0,0.9866607026901902,0.37057791618936126
313860,3402.824939398849,3551.113103321761,0.0,0.9868526173552007,0.3708673085189029
313920,3403.916963018136,3553.737804577797,0.0,0.9876995838646339,0.37115721614940345
313980,3405.495763601354,3556.3670364490254,0.0,0.9851406502249457,0.37144823573925295
314040,3407.3099002759645,3559.0007397361355,0.0,0.9854071111250796,0.3717383804998256
314100,3408.329744216148,3561.638761922026,0.0,0.9854148537443106,0.37202911199883754
314160,3409.623941423098,3564.2812613497013,0.0,0.9865698811664291,0.3723212828994085
314220,3410.879413417418,3566.928281210451,0.0,0.9868697915496516,0.3726138967234223
314280,3412.0589319691167,3569.5799181930597,0.0,0.985718648649809,0.37290796864733805
314340,3413.358519507046,3572.2362437900174,0.0,0.9859445189860987,0.3732024456497917
314400,3414.6039903076335,3574.8972977428184,0.0,0.9845374258475411,0.37349813588295344
314460,3415.8874923368944,3577.5631482770914,0.0,0.9856861811233607,0.3737940968499838
314520,3416.8898323337194,3580.2337865761197,0.0,0.9873743524927892,0.3740910274797153
314580,3418.404034763104,3582.9092873467953,0.0,0.9861147994577608,0.3743884228472907
314640,3419.4382811606283,3585.58961721335,0.0,0.9858001961641276,0.3746864415550643
314700,3420.9793456157236,3588.2748483135183,0.0,0.9844151058947701,0.37498521871380563
314760,3422.0589077898303,3590.9649462936773,0.0,0.9851002523693941,0.3752842307846802
314820,3423.2987172340136,3593.659960466205,0.0,0.9861938585201949,0.375584203062591
314880,3424.6319828610217,3596.359877254419,0.0,0.9862991770607598,0.37588430020978875
314940,3425.9055808574412,3599.064713785564,0.0,0.984469698526195,0.37618538328248863
315000,3427.2241472609285,3601.7744853271197,0.0,0.984748745979013,0.3764866132404733
315060,3428.4639801771873,3604.489181606652,0.0,0.9845536400093081,0.3767887512124983
315120,3429.8237799289564,3607.208838970792,0.0,0.9853541543771623,0.37709109574833893
315180,3430.880331282533,3609.9334254626324,0.0,0.9866691211811836,0.3773942041734773
315240,3432.7042433376255,3612.6629912335793,0.0,0.9840646143328563,0.3776976082402443
315300,3434.27242891518,3615.397361156889,0.0,0.9845209516313824,0.3779999874831808
315360,3435.4544071230453,3618.1364368500535,0.0,0.9837840615656144,0.37830329701451654
315420,3436.9560012201964,3620.8803248977974,0.0,0.9858527425406868,0.3786072977739085
315480,3438.752570030569,3623.6288892821294,0.0,0.9852312572728368,0.378910278699149
315540,3439.770683499498,3626.3820557432896,0.0,0.986028653361685,0.37921453525507376
315600,3441.3873286945204,3629.1399773854287,0.0,0.9839836568988851,0.37951976503567725
315660,3442.510604875506,3631.9026739318206,0.0,0.9836631759276967,0.3798257691117201
315720,3443.870849409598,3634.670253213175,0.0,0.9844023889773289,0.3801328451884425
315780,3445.097523763023,3637.4427366142036,0.0,0.9849730493911173,0.38044042840811815
315840,3446.3577134480324,3640.2201947784424,0.0,0.9846008499509172,0.38074913123842274
315900,3447.702720886411,3643.002652446318,0.0,0.9845926624955973,0.3810581835787494
315960,3449.0711801721995,3645.790139463969,0.0,0.9823438621680703,0.38136829642410724
316020,3450.3484483168695,3648.5826942996746,0.0,0.9836432147494061,0.38167868508373026
316080,3451.5056149164525,3651.380316882801,0.0,0.9852549059422728,0.3819900281762137
316140,3452.9880644010436,3654.183057060081,0.0,0.9845593825881906,0.3823017652944632
316200,3454.088819166773,3656.9908928185105,0.0,0.984668328896015,0.3826142461659176
316260,3455.643405192632,3659.8038832122993,0.0,0.9828191183388266,0.3829273597699123
316320,3456.7904824001807,3662.6220002309947,0.0,0.9830039868531381,0.3832409060973658
316380,3458.12808784829,3665.44529441005,0.0,0.9841528971662197,0.3835552911433826
316440,3459.431180506523,3668.2737483289907,0.0,0.9845135274004865,0.3838699510609595
316500,3460.69184448662,3671.1073901937643,0.0,0.9838755378834348,0.3841855572569758
316560,3462.7773878011208,3673.94619322012,0.0,0.9821766117886902,0.38450063545086594
316620,3464.009307907657,3676.7899449196034,0.0,0.9827000345367674,0.3848154461217082
316680,3465.275264109893,3679.6386851627,0.0,0.9842674153458923,0.38513146638584583
316740,3467.202568554625,3682.492434852445,0.0,0.9838969493807861,0.38544711418333927
316800,3468.5867391088,3685.3510106392314,0.0,0.9841267405618014,0.38576269717745754
316860,3470.030507556036,3688.2144700954404,0.0,0.9815416318300242,0.38607958749424465
316920,3471.3799171155406,3691.082886325431,0.0,0.9825645874806159,0.38639708270343937
316980,3472.730279359947,3693.9563060604555,0.0,0.9828856861620354,0.38671560914186376
317040,3474.100487768435,3696.8347920713754,0.0,0.9832826308343463,0.38703479574676897
317100,3475.339492221572,3699.718378642999,0.0,0.984544463211108,0.3873549141481543
317160,3476.850563308766,3702.6071227040234,0.0,0.9826375560996562,0.3876756914860799
317220,3478.1385954148873,3705.501033998501,0.0,0.9820268900359165,0.387997190419977
317280,3479.57131772519,3708.400164537524,0.0,0.9821192935365013,0.3883194222010007
317340,3480.858160469719,3711.3045173250052,0.0,0.9828734893035334,0.3886421794357889
317400,3482.1819976268316,3714.2141298043794,0.0,0.9832028160361846,0.38896576500372565
317460,3483.5810113392076,3717.1290120123267,0.0,0.98309485243998,0.3892898291296578
317520,3485.0309025297606,3720.0491852180035,0.0,0.9805406853773996,0.38961473274193714
317580,3486.367700417438,3722.9746697740197,0.0,0.9816219201123955,0.3899400794386863
317640,3487.6887462170507,3725.9054749905417,0.0,0.9828635428212635,0.39026620560051734
317700,3489.1027489055828,3728.8416247495234,0.0,0.982764004877929,0.39059282051654265
317760,3490.3769115115333,3731.7831191457744,0.0,0.983321070436127,0.39092017660990835
317820,3491.883933648869,3734.7299896479158,0.0,0.9814134495447192,0.3912481194542424
317880,3493.1967763120474,3737.6822313378666,0.0,0.9810089755874106,0.3915766631185371
317940,3494.629754870036,3740.6398776323977,0.0,0.9826327075193338,0.391905887029208
318000,3496.485189729767,3743.6028501299756,0.0,0.9823274186846536,0.3922344035899766
318060,3497.813921086371,3746.5710156962323,0.0,0.9829718693515148,0.39256351438809134
318120,3499.3706911319464,3749.544447553676,0.0,0.9798337359762885,0.3928936629232824
318180,3501.1563409810155,3752.5231224355457,0.0,0.980536145798157,0.39322332386166975
318240,3502.5239711915374,3755.506909039976,0.0,0.9809579912430734,0.3935534642104074
318300,3503.89941779925,3758.495874383496,0.0,0.9820792509862029,0.39388454300114434
318360,3505.31980612408,3761.4900638745294,0.0,0.9822308414530662,0.39421639537805797
318420,3506.7842089486035,3764.4895256614886,0.0,0.9805342768802214,0.3945491151853538
318480,3508.202088072625,3767.494306251748,0.0,0.9809568888890838,0.3948826635131449
318540,3509.671252725056,3770.5044513154335,0.0,0.9803036552474449,0.39521697347822626
318600,3511.0240538396315,3773.5199891690977,0.0,0.9811794779045618,0.39555199293016813
318660,3512.424714082775,3776.5409546426313,0.0,0.9827133239430547,0.3958877648892008
318720,3513.8458141913015,3779.5673673544543,0.0,0.9811530470351552,0.3962242055695056
318780,3515.2920360439284,3782.5992562203824,0.0,0.9805987829059517,0.396561414002212
318840,3516.7350285336083,3785.636642677684,0.0,0.9798178582310306,0.39689923599262966
318900,3518.112810619969,3788.6795465617047,0.0,0.9806189227991341,0.397237757878273
318960,3519.474935932695,3791.7279878758472,0.0,0.9814690882568284,0.39757691367247316
319020,3520.8930247290705,3794.7819822450924,0.0,0.9814273180135739,0.39791677026229766
319080,3522.3806871191923,3797.84154855965,0.0,0.9792000375204881,0.3982572949726812
319140,3523.7926552733124,3800.9067022360578,0.0,0.9797318118771712,0.39859850721144496
319200,3525.235103666605,3803.977464594973,0.0,0.9802695954137494,0.39894032706950144
319260,3526.8395373831177,3807.053832157879,0.0,0.9813086311409864,0.3992824588859115
319320,3528.394548811964,3810.1356848119462,0.0,0.980911406939042,0.3996243041832992
319380,3529.827078739855,3813.223005813637,0.0,0.9801790518330024,0.3999671290816235
319440,3531.853425232359,3816.315842159485,0.0,0.9780430313464679,0.40031043651002524
319500,3533.282329533641,3819.4140794513346,0.0,0.9794480032142932,0.4006533942042795
319560,3534.7489096856193,3822.5177083250055,0.0,0.9811112673892558,0.40099725432313366
319620,3536.131770685278,3825.626773722722,0.0,0.9803449281784983,0.4013420366898672
319680,3537.680230521172,3828.741345275602,0.0,0.9808006242181048,0.40168773199470104
319740,3539.0796672648735,3831.861455521138,0.0,0.9787882753333789,0.4020342750885543
319800,3540.6008438257363,3834.9871776164614,0.0,0.9788013358468203,0.40238176625772726
319860,3541.9450153207995,3838.118533477584,0.0,0.9798647505410755,0.40272984357200026
319920,3543.379406989269,3841.255565336078,0.0,0.9802394859417015,0.40307885334377985
319980,3544.8453675024098,3844.3982932806666,0.0,0.9792587316154742,0.4034284478425513
320040,3546.303895000913,3847.5467456827346,0.0,0.9793386521745011,0.40377896637620386
320100,3547.8439049393965,3850.7009506082063,0.0,0.9777710905591622,0.4041299965886299
320160,3549.200263746203,3853.8609160418987,0.0,0.9789493165228298,0.404481906559198
320220,3550.720773348456,3857.026683076266,0.0,0.980576837900004,0.40483436774758913
320280,3552.0356781992737,3860.1982406441048,0.0,0.9794834000618033,0.405187594993004
320340,3553.635903022067,3863.3756376003835,0.0,0.9791794442700764,0.4055415775907541
320400,3555.0268514068707,3866.558862815066,0.0,0.9776804989094505,0.40589612269777453
320460,3556.53714511006,3869.7479584233533,0.0,0.9782893291975308,0.4062515232184355
320520,3557.903229828991,3872.942921467811,0.0,0.9794113255058043,0.40660736754197435
320580,3559.330699564097,3876.143778499601,0.0,0.9795528926096784,0.4069641450127305
320640,3560.8193362474717,3879.350540118768,0.0,0.9781350283456143,0.4073214147371335
320700,3562.7348994625313,3882.5631911485816,0.0,0.9768861819118334,0.40767897794361657
320760,3564.1835420828806,3885.781636536169,0.0,0.9777520808317582,0.4080367088932767
320820,3565.6232476653277,3889.005886490209,0.0,0.9797675242323652,0.40839516977293594
320880,3567.487629352442,3892.2359349066105,0.0,0.9787546137340374,0.40875381353942664
320940,3568.929390709551,3895.471698103813,0.0,0.9789188161039353,0.40911287429754184
321000,3570.516726902483,3898.713206778302,0.0,0.9760936083090591,0.4094727781447565
321060,3571.942947431283,3901.9605207434147,0.0,0.977370036833627,0.40983386356706925
321120,3573.46111647303,3905.213712827321,0.0,0.9784099152199991,0.41019560884550005
321180,3574.7201110014344,3908.47281124687,0.0,0.9783534677923517,0.4105585393267848
321240,3576.347433045712,3911.7379061504644,0.0,0.9791750722031323,0.41092225964406515
321300,3577.660460205745,3915.0089932660208,0.0,0.9771829715205214,0.41128679439326143
321360,3579.2877471809284,3918.286148189051,0.0,0.9767269659130295,0.41165226924884163
321420,3580.6072700030727,3921.5693644151684,0.0,0.9774272639448367,0.4120182440663971
321480,3582.0764926250736,3924.8586949696187,0.0,0.9780368224461096,0.4123852822177877
321540,3583.521954808425,3928.1541424922552,0.0,0.9778019144644566,0.4127527657108076
321600,3584.976188563726,3931.4557381442196,0.0,0.977675722235248,0.41312134134140216
321660,3586.536308362691,3934.763502579036,0.0,0.9754161153319825,0.4134903055979216
321720,3587.9317638977714,3938.077439955164,0.0,0.9766361648812938,0.4138603336601195
321780,3589.5083295549603,3941.39759455477,0.0,0.9781553102444808,0.4142307573877769
321840,3590.761119905579,3944.7239378650743,0.0,0.9776179326534422,0.41460208284394834
321900,3592.4544820203173,3948.056531000067,0.0,0.9777018976935798,0.414974105940168
321960,3594.1332326168495,3951.395338246005,0.0,0.9744664399017402,0.415346627999025
322020,3595.694065000498,3954.740323772614,0.0,0.976040333107929,0.4157191702085695
322080,3597.255369101855,3958.0914276754934,0.0,0.9769852757878222,0.4160922245626189
322140,3598.782791413822,3961.448635984171,0.0,0.97793368603598,0.41646579608596973
322200,3600.517241774096,3964.8118998871055,0.0,0.9768291086636003,0.4168395045175372
322260,3602.206033468661,3968.181209135131,0.0,0.9762786414314275,0.41721417256536536
322320,3603.5499960767884,3971.5565985413855,0.0,0.9753174200099787,0.4175897193249444
322380,3605.1137575495154,3974.9381759821727,0.0,0.976043461963275,0.4179665519016566
322440,3606.5427708014718,3978.325967266419,0.0,0.9769548738068629,0.4183439497996432
322500,3607.980207140402,3981.7200296513497,0.0,0.9769751527221728,0.41872260793317234
322560,3609.5697545630583,3985.120397053094,0.0,0.9747132443050379,0.4191017884368585
322620,3611.0328542017646,3988.52709284017,0.0,0.9753854530981813,0.4194821092259653
322680,3612.6273194527303,3991.940163932836,0.0,0.9756772301036895,0.4198628704271966
322740,3613.952077732584,3995.359595189841,0.0,0.9761518872253008,0.420244620884455
322800,3615.6264320627356,3998.7854456496825,0.0,0.977318444939211,0.42062699813935395
322860,3616.9888387593624,4002.2176824648755,0.0,0.9755244837380063,0.4210101097754392
322920,3618.7065264044254,4005.656363314153,0.0,0.974838501931358,0.42139408854292565
322980,3620.1245383109003,4009.1014633118407,0.0,0.9748683617464202,0.4217784942038223
323040,3621.679693764349,4012.5530190673276,0.0,0.9756537985204413,0.42216390434673196
323100,3623.2046764349902,4016.011022033075,0.0,0.9760570622251488,0.4225497048245284
323160,3624.710472997596,4019.4754874521627,0.0,0.9758808366256221,0.4229365308828978
323220,3626.381312163292,4022.9464268231955,0.0,0.9734370674345527,0.42332379650208474
323280,3628.0916711263008,4026.4238198292273,0.0,0.974119357718212,0.4237115804223796
323340,3629.6971772182555,4029.907624384165,0.0,0.974895332060743,0.42409976957690065
323400,3631.336956631151,4033.3978219434102,0.0,0.9769268443638097,0.4244884226817331
323460,3633.1428276993342,4036.894379652505,0.0,0.9745170362591343,0.4248775482787236
323520,3634.649243472367,4040.397277482186,0.0,0.9749118610573306,0.42526737518746716
323580,3636.3049130552363,4043.906548796377,0.0,0.9730101321972747,0.42565797046253995
323640,3637.711785993803,4047.4222403376743,0.0,0.9742737515485128,0.42604988119162107
323700,3639.3402595401844,4050.9444398591,0.0,0.9759601211151234,0.4264424999353478
323760,3640.756510322557,4054.4731420245,0.0,0.974867513927918,0.4268360740202836
323820,3642.4870141869446,4058.0084126045604,0.0,0.9747617248695004,0.42723049491214193
323880,3643.984586352595,4061.550238607562,0.0,0.9730821369343368,0.4276255942688785
323940,3645.6385951520265,4065.098673625612,0.0,0.9735911749297411,0.4280216622985775
324000,3647.1280899205385,4068.6537128927616,0.0,0.974704921010141,0.4284182124776263
324060,3648.677285642496,4072.2153835508316,0.0,0.9748721137330545,0.42881580593071184
324120,3650.3444256533976,4075.783694980284,0.0,0.9732547376113156,0.4292139379843623
324180,3651.9177186182806,4079.3586588812477,0.0,0.9734679363719506,0.42961304284871366
324240,3653.594908566003,4082.9402993488434,0.0,0.9728494218865024,0.4300126608902101
324300,3655.059936356018,4086.5286080991586,0.0,0.9737505415783226,0.430413184067411
324360,3656.729671117765,4090.123623505127,0.0,0.975163027039273,0.4308143295779844
324420,3658.2369354119037,4093.7253239899687,0.0,0.9737203173578171,0.43121628736252726
324480,3659.997380346971,4097.333753312888,0.0,0.9730755079231338,0.43161906038251996
324540,3661.6660751219238,4100.948896895962,0.0,0.9721208646993715,0.4320223824545487
324600,3663.1921318407058,4104.570754129344,0.0,0.9731422210517839,0.43242639984984144
324660,3664.8285580462534,4108.199342466619,0.0,0.9742026790323185,0.4328311162975773
324720,3666.4648028553397,4111.834640468955,0.0,0.9731247582118308,0.4332364313849814
324780,3668.1762142399416,4115.476654048414,0.0,0.9726125744347279,0.43364250191580017
324840,3669.9241718562616,4119.125401972134,0.0,0.9719603257453152,0.43404944555329167
324900,3671.4001871522246,4122.7808968896215,0.0,0.9725915202383238,0.43445708704833147
324960,3672.996961836047,4126.443198087966,0.0,0.9731596313671377,0.4348658840705269
325020,3674.620340750671,4130.1123245246545,0.0,0.9730164489398365,0.43527530151827404
325080,3676.2298335478395,4133.788296015688,0.0,0.972978557902902,0.4356857030457285
325140,3677.997416375154,4137.471130923903,0.0,0.9705405563885021,0.4360967590390169
325200,3679.5390728108077,4141.1608395963995,0.0,0.9718225050821047,0.4365087144856681
325260,3681.172907674225,4144.857453151206,0.0,0.9733314746393048,0.43692129666535234
325320,3682.7130817248244,4148.560962168601,0.0,0.9727581132762239,0.4373347821920064
325380,3684.4444393523227,4152.271406198641,0.0,0.9729927888928049,0.43774904204559845
325440,3686.0903907945885,4155.988774729944,0.0,0.9710865442283233,0.4381640659143716
325500,3687.8035203922227,4159.713103593929,0.0,0.9710975748691633,0.43857994223669183
325560,3689.3520013259613,4163.444391231767,0.0,0.972171937143158,0.4389964154133666
325620,3690.9751305415716,4167.182658541932,0.0,0.9725620737367978,0.43941384103968056
325680,3692.6750696562417,4170.927913978388,0.0,0.9716335327188634,0.43983194518276486
325740,3694.333135188165,4174.680172302108,0.0,0.9715285772917504,0.4402509633489881
325800,3696.093776318715,4178.439450840961,0.0,0.9700551885949845,0.44067066721059156
325860,3697.608960956481,4182.205752858987,0.0,0.9717053155473078,0.4410911361523117
325920,3699.1727368852394,4185.979127900523,0.0,0.9718088300362893,0.44151283831419247
325980,3700.932300656725,4189.759615799454,0.0,0.9726877754596689,0.44193517465838505
326040,3702.537985880085,4193.547204397468,0.0,0.9695377247744176,0.4423584526492297
326100,3704.149684989881,4197.341952318279,0.0,0.9705526951405036,0.4427826732389502
326160,3705.8344579684303,4201.143869565684,0.0,0.9707293805064441,0.44320750983102564
326220,3707.372388171336,4204.952954430849,0.0,0.9711366165141718,0.44363329496803994
326280,3709.0353514857766,4208.7692429840135,0.0,0.9724635539215302,0.4440597989323281
326340,3710.739017571139,4212.592721085503,0.0,0.9706016670756312,0.4444871232661813
326400,3712.5027262730678,4216.423410508151,0.0,0.9699690617633047,0.44491522607964895
326460,3714.144010307313,4220.2613076230455,0.0,0.9698769379993917,0.4453440179271973
326520,3715.7916682783516,4224.106432203869,0.0,0.9706167711883562,0.44577366667177204
326580,3717.427752778234,4227.958789333385,0.0,0.9710242223981312,0.44620403270679176
326640,3719.1164790404355,4231.818393157615,0.0,0.9709058085742267,0.4466353079972362
326700,3720.955743524713,4235.68525529552,0.0,0.9683583458836805,0.44706738749420966
326760,3722.5869447656087,4239.5593910351445,0.0,0.969353500698864,0.4475002599840702
326820,3724.2297328115937,4243.440817436483,0.0,0.9704810662890817,0.44793387420402087
326880,3725.872653113742,4247.329539635695,0.0,0.9704372796737202,0.4483683817192201
326940,3727.567343934537,4251.22558209971,0.0,0.971028863218299,0.4488036960420992
327000,3729.34467649955,4255.128949666341,0.0,0.9691249779289164,0.449239902883889
327060,3731.093777448517,4259.0396672625,0.0,0.9686509609480313,0.44967693175953427
327120,3732.7198303719138,4262.957747050272,0.0,0.9701539077606562,0.45011468649681935
327180,3734.067097581785,4266.8832227430075,0.0,0.9699101319393585,0.4505538497286554
327240,3735.7481062691613,4270.816218735754,0.0,0.9705428193310521,0.4509942136278929
327300,3737.4303008662073,4274.756734489771,0.0,0.9674924622402195,0.4514353130277669
327360,3739.05928289663,4278.704818861724,0.0,0.9680981836781427,0.4518777333315732
327420,3740.7521820723573,4282.660523043991,0.0,0.9684689787479985,0.4523208827457087
327480,3742.3296821767667,4286.623828909052,0.0,0.9695654439828683,0.4527646429030918
327540,3744.0257339565887,4290.594735478078,0.0,0.9697109067410625,0.4532092459820474
327600,3745.8365378474114,4294.573237585597,0.0,0.9680597513625455,0.45365459658888324
327660,3747.544536315047,4298.559330987596,0.0,0.9684229050384218,0.4541006243896892
327720,3749.3085054583757,4302.55301084233,0.0,0.9677069047868306,0.4545474380337504
327780,3750.95714240028,4306.554282805626,0.0,0.968574051830627,0.45499500745929455
327840,3752.5780410154525,4310.563154664648,0.0,0.9700686896167304,0.45544336680848285
327900,3754.388985278408,4314.579632095316,0.0,0.9685264197148084,0.45589265632262793
327960,3756.1452506973174,4318.603730096643,0.0,0.9679519257449022,0.4563427625401066
328020,3757.9271444932438,4322.635462361621,0.0,0.9671456520634782,0.45679373935937084
328080,3759.582840263902,4326.674844271939,0.0,0.9679190113958085,0.45724550853395474
328140,3761.23111014757,4330.721892364545,0.0,0.9687417432646833,0.4576981667422789
328200,3762.96161821719,4334.776621581434,0.0,0.9686742110722191,0.4581517192764092
328260,3764.8313533502915,4338.839049866097,0.0,0.9664617472158221,0.4586062694239549
328320,3766.523707010963,4342.909201247282,0.0,0.9669439339072137,0.45906160089694414
328380,3768.1970082494568,4346.987092959655,0.0,0.9674798024762554,0.45951785816565244
328440,3769.659404057885,4351.072750444555,0.0,0.9684818414444799,0.4599751746153363
328500,3771.208975923997,4355.1662875251,0.0,0.9680656584791272,0.46043429237319927
328560,3773.0069569040324,4359.267786635161,0.0,0.96730002495524,0.4608942885161245
328620,3774.5445835265336,4363.377248115817,0.0,0.9652157682561473,0.46135527596556736
328680,3776.151207507514,4367.494758520886,0.0,0.9665746567498159,0.4618176271196259
328740,3777.7621192674637,4371.620343533836,0.0,0.968191178680582,0.46228058976297987
328800,3779.51203644223,4375.753976146085,0.0,0.9674186151060183,0.4627443214132297
328860,3781.201165429652,4379.895646587355,0.0,0.9677915602544916,0.463208766146674
328920,3783.0784376984766,4384.045345599204,0.0,0.9658028963288865,0.4636740632940139
328980,3784.7868555761397,4388.203071927961,0.0,0.9658285014102773,0.4641400894898402
329040,3786.428704775871,4392.368831849601,0.0,0.9668767590474114,0.4646069359394596
329100,3788.1242360294077,4396.54262935278,0.0,0.9672151688591952,0.46507465142793414
329160,3789.9061002149083,4400.724477500871,0.0,0.9661757695860439,0.4655433411636821
329220,3791.633001071874,4404.914393055824,0.0,0.9662147502155118,0.46601287972259425
329280,3793.4547852315177,4409.112390514814,0.0,0.9647482579856597,0.4664834271401717
329340,3795.0916385724718,4413.31849343077,0.0,0.9658663179054676,0.4669547840670616
329400,3796.686321163166,4417.532718322355,0.0,0.9674302816067665,0.4674270919443803
329460,3798.482136910494,4421.7550853804005,0.0,0.9662978949516532,0.46790043213938837
329520,3800.2156996288663,4425.985616929793,0.0,0.9659069912001153,0.4683747200114311
329580,3802.0460812059614,4430.22433716339,0.0,0.964491018474798,0.4688500160077371
329640,3803.700386138164,4434.471268745904,0.0,0.9651178940369767,0.46932618913018687
329700,3805.360529825819,4438.726437344284,0.0,0.9672450276105434,0.4698033232228735
329760,3806.7455948839297,4442.989886840987,0.0,0.9657868567384826,0.4702820451136968
329820,3808.452833586677,4447.261747191773,0.0,0.9658974475820326,0.4707620787679308
329880,3810.2565660358837,4451.542031506544,0.0,0.9629114411571392,0.4712429952235859
329940,3811.6386216298456,4455.830779542281,0.0,0.9644880350881857,0.4717253156179088
330000,3813.2994961867444,4460.128091238476,0.0,0.9652174355463738,0.47220876474283696
330060,3814.989278915327,4464.433959156287,0.0,0.9654827379954628,0.47269292344400937
330120,3816.725547612332,4468.748358323504,0.0,0.9654422752085526,0.473177809397226
330180,3818.63452357187,4473.0712755399245,0.0,0.962797622844923,0.4736636385238161
330240,3820.2778512949226,4477.402715040704,0.0,0.9639405655298507,0.4741501563041092
330300,3821.9040473128002,4481.74267589887,0.0,0.9651120914422743,0.47463758859280153
330360,3823.632570500896,4486.091166715332,0.0,0.9649195828308204,0.47512596428917175
330420,3825.2947073800324,4490.4481993802465,0.0,0.965552801014735,0.47561527602214215
330480,3827.165645575884,4494.8137890621565,0.0,0.9635791065675725,0.476105641118669
330540,3828.8996209373963,4499.187953954181,0.0,0.9631861946943979,0.4765969238139948
330600,3830.5555001209877,4503.57071663865,0.0,0.9639930291935975,0.47708916186367045
330660,3832.2246188572694,4507.96209340413,0.0,0.9645365453324573,0.4775823810869241
330720,3833.955534842311,4512.362107287207,0.0,0.9641173337158219,0.47807667330197956
330780,3835.6918052780966,4516.77078127392,0.0,0.9639408777293924,0.4785719481416304
330840,3837.555006065086,4521.188136698402,0.0,0.961882523666845,0.4790683459484268
330900,3839.1826682210212,4525.614203124619,0.0,0.9630523941259792,0.479565618342152
330960,3840.772891139961,4530.049000693007,0.0,0.9645602124748828,0.48006393007617737
331020,3842.3781790219045,4534.492553810692,0.0,0.9637902404899283,0.48056342434294275
331080,3844.0484424372694,4538.944944582035,0.0,0.9634872526066542,0.4810644791192979
331140,3845.8749444776367,4543.40623247901,0.0,0.9618340361293588,0.4815665888819421
331200,3847.398623969651,4547.87643271163,0.0,0.9626109633493858,0.4820696161514956
331260,3848.9383668716073,4552.355612348776,0.0,0.9629840976669942,0.482574291563105
331320,3850.530619839546,4556.8438345512795,0.0,0.9645658021400378,0.4830798229928645
331380,3852.380794815973,4561.341082736736,0.0,0.9628389339445348,0.4835862840184282
331440,3854.1208469980247,4565.847350741247,0.0,0.9623635182868984,0.4840935995448499
331500,3855.907716522042,4570.3626427858135,0.0,0.9615763871442811,0.4846018710195454
331560,3857.5538240006426,4574.886964578324,0.0,0.9623145121890601,0.4851110240773725
331620,3859.1985307509826,4579.4203290141095,0.0,0.9630520242475908,0.48562119258155756
331680,3860.92453238531,4583.962748197476,0.0,0.9629879194593636,0.48613237454694624
331740,3862.80883663825,4588.514238920788,0.0,0.9606185113416866,0.4866447070366412
331800,3864.478371742583,4593.074826343452,0.0,0.9613090726900607,0.4871579395687841
331860,3866.135826777262,4597.644527809713,0.0,0.9619432852153426,0.48767225028526323
331920,3867.821606855534,4602.223366765415,0.0,0.9622254793268947,0.4881876063804209
331980,3869.4537023024955,4606.8113652976435,0.0,0.9631394038465544,0.48870403195034284
332040,3871.308562396005,4611.408547166813,0.0,0.9612985731638726,0.48922162895867877
332100,3873.059466853951,4616.014937613528,0.0,0.9606119712839095,0.4897402697713839
332160,3874.7472822074237,4620.63056541926,0.0,0.9609588670100312,0.49025996865376587
332220,3876.391254783138,4625.255452315585,0.0,0.9616799624972514,0.4907807183351875
332280,3878.0832150959995,4629.889626262227,0.0,0.9626492222609586,0.4913026051766378
332340,3879.7562152977903,4634.533118803077,0.0,0.9606605286447484,0.49182585118526273
332400,3881.462866553548,4639.185999508279,0.0,0.9606274071090951,0.4923502872944809
332460,3883.1984999909996,4643.848292004354,0.0,0.9601741986080069,0.49287579140360743
332520,3884.6538121096296,4648.520021221008,0.0,0.9610751214191711,0.49340251471883356
332580,3886.333928476096,4653.201260440017,0.0,0.9614828135536628,0.4939305963502514
332640,3888.1326525736577,4657.892032098809,0.0,0.9601514737491247,0.49445973937738275
332700,3889.833080767731,4662.592342536399,0.0,0.9604302979857824,0.49498979245436997
332760,3891.6455830036643,4667.302198234218,0.0,0.959013613621777,0.49552098209009215
332820,3893.2697528327344,4672.021619238518,0.0,0.9600921242576691,0.4960531021450278
332880,3894.843714231167,4676.750619406109,0.0,0.9616980624865786,0.4965863065045232
332940,3896.6484294379356,4681.489217373784,0.0,0.9603956699495211,0.4971206950234689
333000,3898.3712738508198,4686.237435173945,0.0,0.9600238269444633,0.49765617054860584
333060,3900.1945678905695,4690.995297751219,0.0,0.958684076022711,0.49819280741066585
333120,3901.833414066412,4695.762828459936,0.0,0.9593348682539681,0.4987304707710063
333180,3903.447816375819,4700.54005369579,0.0,0.9603359468029611,0.4992692756143152
333240,3905.152040999513,4705.326995457777,0.0,0.9603715703176582,0.4998092290960912
333300,3906.9923324304473,4710.123679997292,0.0,0.9584688328057691,0.5003504381559472
333360,3908.6841747820663,4714.930138074164,0.0,0.9587317514628706,0.5008926904249674
333420,3910.3862761610367,4719.746393612552,0.0,0.9586630706352743,0.5014361372296988
333480,3911.889895142677,4724.572477571315,0.0,0.9599762379543872,0.5019807233627467
333540,3913.6430106321905,4729.408434109145,0.0,0.9596409205337839,0.5025266487943368
333600,3915.3605404851696,4734.254294410055,0.0,0.9593285919313336,0.5030737458477907
333660,3917.171455321897,4739.110081130999,0.0,0.9566127909020341,0.5036220141985698
333720,3918.7594173737702,4743.975842487886,0.0,0.9580338271577014,0.5041716487745873
333780,3920.3474579657727,4748.8516259338785,0.0,0.9593887696706602,0.5047224048308485
333840,3922.080821834806,4753.737445198641,0.0,0.9589149732689742,0.5052742999602583
333900,3923.7171028242697,4758.63331761155,0.0,0.9595719805598273,0.5058273097220822
333960,3925.584399929368,4763.539264117863,0.0,0.9575253885611428,0.5063815726314136
334020,3927.2899768627803,4768.455308382131,0.0,0.9572424145281673,0.5069369255379652
334080,3928.9170840632637,4773.381477851196,0.0,0.9581050638055416,0.5074934187219443
334140,3930.573707283772,4778.3177926398885,0.0,0.9585522671221457,0.5080510773323212
334200,3932.303329449,4783.264280163629,0.0,0.9579158559832737,0.5086100021272726
334260,3934.014727342431,4788.220968034493,0.0,0.9578593449469932,0.5091700737802012
334320,3935.860030923967,4793.187881046452,0.0,0.9559159562773955,0.5097314575952864
334380,3937.4627190306815,4798.165052989521,0.0,0.9571003181749024,0.5102938891946629
334440,3939.023578858537,4803.1525076276785,0.0,0.9586527166160569,0.5108575434658003
334500,3940.7833755773067,4808.150272723875,0.0,0.9577696705243482,0.5114224872493058
334560,3942.4788841773866,4813.158377140044,0.0,0.9575957488544006,0.5119886439365512
334620,3944.321387133663,4818.176851264128,0.0,0.9558888806600819,0.5125560906505774
334680,3945.9671473973654,4823.205724295008,0.0,0.956276659289023,0.5131246681691415
334740,3947.51761483542,4828.245028633192,0.0,0.9584127925541602,0.5136944382789427
334800,3949.2665579796603,4833.294785622834,0.0,0.957189204173908,0.5142655301750744
334860,3950.933992778628,4838.355028896042,0.0,0.9573992233258316,0.5148378289638865
334920,3952.9048675828576,4843.42578725104,0.0,0.9540802872369755,0.5154115350944067
334980,3954.4402005804623,4848.507091483222,0.0,0.9555670209583214,0.5159862618885255
335040,3956.05416296242,4853.598977613148,0.0,0.9562847545772721,0.516562373631341
335100,3957.6813594032596,4858.701484553354,0.0,0.9568165714940678,0.5171397608820181
335160,3959.380723441946,4863.814636874473,0.0,0.9567680340068155,0.5177183861750286
335220,3961.260090036472,4868.938462393057,0.0,0.9542192518562034,0.518298414409972
335280,3962.876853976036,4874.072997899467,0.0,0.9551573257609711,0.5188795387243968
335340,3964.484971322685,4879.218268739642,0.0,0.9559873955754917,0.5194619628140003
335400,3966.157925525046,4884.374305754738,0.0,0.9560417354687395,0.5200456565080185
335460,3967.7602787962487,4889.541138018666,0.0,0.9568929890604204,0.5206306212386014
335520,3969.6057182428917,4894.718795594633,0.0,0.9549473469688237,0.5212169694219078
335580,3971.320106310053,4899.907309389048,0.0,0.9543701783899673,0.5218045498252825
335640,3972.9605341606198,4905.106713852147,0.0,0.954900523246257,0.5223933853533926
335700,3974.580970883816,4910.317035024101,0.0,0.9555201050988678,0.5229834775901994
335760,3976.2521541526467,4915.538305202501,0.0,0.9554085037211052,0.5235749280312849
335820,3977.9576393994394,4920.770554772865,0.0,0.9552016474177518,0.5241676552116769
335880,3979.8198438340437,4926.013812907816,0.0,0.9528937985703473,0.5247618089811165
335940,3981.411147456758,4931.268117285571,0.0,0.9540014982235248,0.5253570979423616
336000,3982.962934008682,4936.53349458678,0.0,0.9554044158735939,0.5259537103965093
336060,3984.68785308424,4941.809974924743,0.0,0.9550369239009241,0.526551641325908
336120,3986.4323848738345,4947.097569879619,0.0,0.9546400909164203,0.527150748945052
336180,3988.222877992605,4952.396304604776,0.0,0.953017269446671,0.5277513062102819
336240,3989.922932653567,4957.706224005514,0.0,0.9532461370234535,0.5283530919485024
336300,3991.539392897193,4963.027344643062,0.0,0.9538406212535544,0.5289561301484919
336360,3993.0606677139212,4968.359706759201,0.0,0.9555020510252079,0.5295605618377291
336420,3994.8595300648685,4973.703348035525,0.0,0.9539141256150797,0.5301664720358324
336480,3996.5410515427793,4979.058306437858,0.0,0.9535465145694617,0.5307737271465701
336540,3998.3154336349603,4984.424621927778,0.0,0.9523945628088939,0.5313824022458284
336600,3999.9062656831798,4989.802329736225,0.0,0.9530762093996582,0.5319923476942617
336660,4001.4825718230663,4995.191466869052,0.0,0.953947429161732,0.532603682910597
336720,4003.154316432963,5000.592064336552,0.0,0.9539217415397149,0.5332163930614858
336780,4004.986834479458,5006.004156048652,0.0,0.9517428278147976,0.5338306038227336
336840,4006.6165994568496,5011.427781219944,0.0,0.9522606895006545,0.5344460488536636
336900,4008.249844460096,5016.86296964758,0.0,0.952519499696978,0.5350629087909232
336960,4009.8683874683734,5022.3097567672685,0.0,0.952975376287924,0.5356811030514269
337020,4011.429167557194,5027.768173991484,0.0,0.9540360360284796,0.5363006809726099
337080,4013.2396339563493,5033.238254325689,0.0,0.9522740315931476,0.5369217465069083
337140,4014.94721578314,5038.720031488254,0.0,0.9515378445999281,0.537544165937664
337200,4016.611949258325,5044.213542852145,0.0,0.9515652191292663,0.5381679568311362
337260,4018.1942690158635,5049.718818150306,0.0,0.9523126970326671,0.5387930820203848
337320,4019.7432716074227,5055.235893354247,0.0,0.9535512307997599,0.5394196261945662
337380,4021.6264971507408,5060.764789936932,0.0,0.9515860230922453,0.5400475261495331
337440,4023.2793372340443,5066.305523691342,0.0,0.9515132553387735,0.540676728071348
337500,4025.0277837919416,5071.858135144802,0.0,0.9505762215417508,0.5413074572095099
337560,4026.637156933474,5077.4226576047995,0.0,0.9516431309154556,0.5419393631340251
337620,4028.2427761791664,5082.999101945293,0.0,0.9521019757898054,0.5425726850882818
337680,4029.9624124741667,5088.5875140994885,0.0,0.9510296160678111,0.5432076060368953
337740,4031.60611615633,5094.187939913663,0.0,0.9512102554288325,0.5438439262980832
337800,4033.3903926026082,5099.800418647352,0.0,0.949478396292457,0.5444818507100184
337860,4034.937078423389,5105.4249984776825,0.0,0.9506188725871448,0.5451210914161705
337920,4036.4324532832634,5111.061714980781,0.0,0.9522173456132982,0.5457618127446143
337980,4038.168527942573,5116.7106059356765,0.0,0.9510609213433111,0.5464040903857983
338040,4039.8173173142695,5122.371709361776,0.0,0.9508049384740237,0.5470478170916799
338100,4041.6064289604055,5128.045064438423,0.0,0.9492455013662685,0.5476930717933323
338160,4043.1816804314903,5133.73070734495,0.0,0.9497801856374455,0.5483396834429571
338220,4044.7187606028315,5139.428676412382,0.0,0.9508175464963818,0.548987766975442
338280,4046.351100480525,5145.139003430928,0.0,0.9509036059816535,0.5496373294863774
338340,4048.1209344918484,5150.861724856547,0.0,0.9491902295169866,0.5502884828881113
338400,4049.7551208073914,5156.596880491134,0.0,0.9493405986440238,0.5509410089663569
338460,4051.418136247187,5162.344503130905,0.0,0.9489496228456531,0.5515950717357064
338520,4052.982010525064,5168.104631869285,0.0,0.9497258758829954,0.5522505329547424
338580,4054.4967396471625,5173.877299686234,0.0,0.9509633387318587,0.5529074920174915
338640,4056.369175563662,5179.662540664316,0.0,0.9484927485433949,0.5535660476372309
338700,4058.01460272105,5185.460375981112,0.0,0.9488150407988075,0.5542258253302658
338760,4059.6971375524727,5191.270828857174,0.0,0.9480008099492306,0.5548872126752887
338820,4061.1891532223203,5197.093951102639,0.0,0.9499379982107026,0.5555499942576306
338880,4062.9093700404223,5202.929754843848,0.0,0.9493077024126566,0.5562141921238366
338940,4064.4545250404353,5208.778274243661,0.0,0.9500237270023538,0.5568799668267825
339000,4066.262406803568,5214.639558348008,0.0,0.9479991154355858,0.5575474295848519
339060,4067.895986567678,5220.513652928894,0.0,0.9476149624440041,0.5582164022979126
339120,4069.453133023134,5226.400607493749,0.0,0.9482857274842325,0.5588869242343655
339180,4071.0176135910565,5232.300460570312,0.0,0.9487824137586347,0.5595589879507301
339240,4072.650243199406,5238.213255851645,0.0,0.9483474209961563,0.5602326960013538
339300,4074.284701445869,5244.13903436627,0.0,0.948254939299228,0.5609079218402574
339360,4076.081325740002,5250.077833663359,0.0,0.9460943008358681,0.5615848433431725
339420,4077.593046451628,5256.02970027819,0.0,0.9472746727269715,0.5622631445871926
339480,4079.06058486617,5261.994668374602,0.0,0.9487736932264933,0.5629430274325224
339540,4080.731445569589,5267.972776425921,0.0,0.9480183370103518,0.5636245474931094
339600,4082.3309610847737,5273.964062976679,0.0,0.9479694188366774,0.5643076327938313
339660,4084.1119675656046,5279.968568220104,0.0,0.9461690338869035,0.5649923716180062
339720,4085.6822487190334,5285.986330726087,0.0,0.9463815083113777,0.5656785875914148
339780,4087.183998919103,5292.01739177794,0.0,0.9474519408729469,0.5663663687660676
339840,4088.763704045579,5298.061785054365,0.0,0.9477018449009315,0.5670557391002479
339900,4090.431213277995,5304.119550653429,0.0,0.946844476402404,0.5677467933360612
339960,4092.259637244491,5310.190722432607,0.0,0.9452230993234473,0.568439326874534
340020,4093.799643922914,5316.275315938666,0.0,0.945752592340223,0.5691332875423853
340080,4095.2611311773635,5322.373376968045,0.0,0.9473403051246649,0.5698289042184713
340140,4096.948356792173,5328.484940947006,0.0,0.9468038820167651,0.5705260695464239
340200,4098.5377771442345,5334.610026770178,0.0,0.9469190095810103,0.5712247737886106
340260,4100.349506659081,5340.748681374558,0.0,0.9443078857721889,0.571925344642492
340320,4101.8633342213725,5346.900961989589,0.0,0.9452484721978044,0.5726274073788232
340380,4103.388632789632,5353.066911948419,0.0,0.9457970233114019,0.573331206569414
340440,4104.948146040261,5359.24658100928,0.0,0.9459856147911793,0.574036663285213
340500,4106.43016110111,5365.440013520202,0.0,0.9469548190341457,0.5747437902146001
340560,4108.1891816488505,5371.647253702931,0.0,0.945029758482167,0.5754527003774222
340620,4109.809245997978,5377.868345209954,0.0,0.9443921384492701,0.5761632284897394
340680,4111.363073084095,5384.10333541565,0.0,0.944720665614318,0.5768753978720335
340740,4112.870198811626,5390.352261740724,0.0,0.9453545233357042,0.5775891879389143
340800,4114.422262714454,5396.615168044248,0.0,0.9453820991885813,0.5783047160957329
340860,4116.025440112616,5402.8920950030415,0.0,0.9451745801227345,0.5790218992422601
340920,4117.808894127363,5409.183082437864,0.0,0.942769996820805,0.5797409049482953
340980,4119.2900128766305,5415.488179175166,0.0,0.9438219148868817,0.5804614030438772
341040,4120.727887278988,5421.807421762162,0.0,0.9451344338961725,0.5811836067032984
341100,4122.337564033663,5428.140850740632,0.0,0.944934195042267,0.5819074864690112
341160,4123.984346159839,5434.488483082886,0.0,0.9445063966687138,0.5826328990984496
341220,4125.669977162253,5440.850353645515,0.0,0.9429329103263501,0.5833601593095978
341280,4127.310503154949,5447.226519128148,0.0,0.942876371395893,0.5840890367923534
341340,4128.824901765876,5453.616995998287,0.0,0.943546906131826,0.5848193869818819
341400,4130.211730151412,5460.021825667234,0.0,0.9452257027438831,0.5855515504868105
341460,4131.902022527099,5466.44106229609,0.0,0.9436920270855492,0.5862856161837523
341520,4133.459755758338,5472.874758722239,0.0,0.9433901724017387,0.5870214396691098
341580,4135.142564640767,5479.322969457946,0.0,0.9420760479158846,0.58775910709963
341640,4136.608218940628,5485.78574311522,0.0,0.9427014123510974,0.5884984354466912
341700,4138.050726083581,5492.263129920224,0.0,0.943597618224211,0.5892395560511685
341760,4139.599206197285,5498.755172417443,0.0,0.9435834380043983,0.589982451042761
341820,4141.317794947401,5505.261916658107,0.0,0.941481984984752,0.5907272596274575
341880,4142.824677757493,5511.783413638617,0.0,0.941946541051651,0.591473693417658
341940,4144.345023504062,5518.319704281648,0.0,0.9420277625678346,0.5922219554736631
342000,4145.827968854994,5524.870835999591,0.0,0.9425255651534347,0.5929719350593605
342060,4147.244188583968,5531.43685085996,0.0,0.9436319583874386,0.5937237022645765
342120,4148.939085293429,5538.017793223684,0.0,0.9418937903971295,0.5944773683196587
342180,4150.520388112594,5544.613707683413,0.0,0.9411535996274362,0.5952327912748501
342240,4152.06804325426,5551.22464333651,0.0,0.9410445273076483,0.5959899957524759
342300,4153.508963968194,5557.850640739974,0.0,0.9417736469571157,0.5967489269204039
342360,4154.904530831692,5564.49174752767,0.0,0.9430871935051056,0.5975096850794424
342420,4156.681985032128,5571.1479942699825,0.0,0.9411177265575414,0.5982721881059755
342480,4158.1966253137125,5577.819404521681,0.0,0.9410440253733393,0.5990363917514314
342540,4159.833274690283,5584.506031442945,0.0,0.939946475477778,0.5998025601420165
342600,4161.300705926373,5591.207919644456,0.0,0.9410336352571923,0.60057027267695
342660,4162.758915250132,5597.925087376548,0.0,0.9414862830269036,0.6013398144441293
342720,4164.335981354765,5604.657594433383,0.0,0.9404734567639075,0.6021113955647039
342780,4165.837065743034,5611.405499794266,0.0,0.9406337040088473,0.6028847972726543
342840,4167.497861251836,5618.168855570755,0.0,0.9388158787296016,0.6036602509770853
342900,4168.886781612603,5624.947723685477,0.0,0.9399493902495961,0.6044374272283294
342960,4170.217567314832,5631.742151766498,0.0,0.9415234379723022,0.6052165166644063
343020,4171.811612040567,5638.552190272201,0.0,0.9403838454138364,0.6059975948306096
343080,4173.305359268358,5645.377889244353,0.0,0.9401545040352363,0.6067805507344904
343140,4174.963028314633,5652.2193005834615,0.0,0.9385476593327418,0.6075654740606528
343200,4176.378934696836,5659.076472384505,0.0,0.9390352827381551,0.6083521730908485
343260,4177.749536576643,5665.9494557373355,0.0,0.9400496653118035,0.60914077693958
343320,4179.223741866877,5672.838294012679,0.0,0.9401280240089039,0.6099312898696156
343380,4180.846019727225,5679.743036100564,0.0,0.9384341072991229,0.6107238416266878
343440,4182.320614875147,5686.663734286238,0.0,0.938571939572729,0.6115181907542157
343500,4183.829336382283,5693.600433343206,0.0,0.9381211861968537,0.6123145249351489
343560,4185.222540023489,5700.553185212383,0.0,0.938880598586358,0.6131126827263379
343620,4186.557849774811,5707.522034763403,0.0,0.9401072135399045,0.6139127819207397
343680,4188.293344671719,5714.507028606019,0.0,0.9376310979340441,0.614714924727181
343740,4189.774437862784,5721.508197058901,0.0,0.9379517239424997,0.6155186903659705
343800,4191.293339527162,5728.525573894478,0.0,0.9371099968084243,0.6163245287947973
343860,4192.601847246346,5735.559225966007,0.0,0.9390217044417901,0.6171321986940402
343920,4194.164878523317,5742.609174327209,0.0,0.9383641848876677,0.6179417048822634
343980,4195.523899853915,5749.67546496708,0.0,0.9390713339113266,0.6187532545331058
344040,4197.176528525084,5756.758162401887,0.0,0.9370392064153795,0.6195669667264619
344100,4198.630618492142,5763.857326470652,0.0,0.9366474148116093,0.6203826466128292
344160,4200.000817563936,5770.973021878203,0.0,0.9372935140621051,0.6212003410762206
344220,4201.378016692964,5778.105300590186,0.0,0.9377593638541597,0.6220200361837486
344280,4202.829097813275,5785.254220572052,0.0,0.9372901209483491,0.6228418516853239
344340,4204.279601887319,5792.419836555319,0.0,0.9371958427302273,0.6236656409985843
344400,4205.906561335614,5799.602199481783,0.0,0.9350505482929689,0.6244916079192773
344460,4207.218322479976,5806.801370101262,0.0,0.9362058164317261,0.6253194011959717
344520,4208.477826290747,5814.017395554694,0.0,0.9376811722021118,0.6261492484342993
344580,4209.965751055937,5821.250328065943,0.0,0.9368829121956408,0.6269812076231731
344640,4211.369657445108,5828.5002193831615,0.0,0.9368047171932823,0.6278152031479826
344700,4212.973719873001,5835.767123839944,0.0,0.9350112896889259,0.6286513315367255
344760,4214.337067825352,5843.051093166845,0.0,0.9352368219720851,0.6294893981791178
344820,4215.6268511510225,5850.352182787018,0.0,0.9362779357401763,0.6303295085236493
344880,4217.004476011518,5857.6704394355465,0.0,0.9364877926881983,0.6311716828499704
344940,4218.481113737004,5865.00591713923,0.0,0.9355508031186749,0.6320160350707055
345000,4220.133708825674,5872.358662926752,0.0,0.9339574353773717,0.6328623181638967
345060,4221.453303767635,5879.728701373216,0.0,0.9345124346056157,0.633710482188322
345120,4222.684059013951,5887.116093352899,0.0,0.9361268349518361,0.6345608026321599
345180,4224.18369192284,5894.52088807557,0.0,0.9354853111212708,0.6354131444114208
345240,4225.55958583127,5901.943114530699,0.0,0.9355818932805139,0.636267494733828
345300,4227.183947161871,5909.3828352213395,0.0,0.9329249946973812,0.6371242411918758
345360,4228.4655176676,5916.840124363174,0.0,0.9338998995380272,0.6379829559081743
345420,4229.753670004942,5924.315040509228,0.0,0.934511297154159,0.6388439191970354
345480,4231.094186045291,5931.807649407654,0.0,0.9346126532246875,0.6397070468207788
345540,4232.3434455983315,5939.318010581252,0.0,0.9355113236906338,0.6405723503490977
345600,4233.8991697744295,5946.846183944781,0.0,0.93356239266774,0.6414399507912247
345660,4235.290177610598,5954.392227763511,0.0,0.9329439325669993,0.6423096658812255
345720,4236.6009485317445,5961.956205236531,0.0,0.9333372174535786,0.6431815252645149
345780,4237.870483851822,5969.538167749523,0.0,0.9339180702905261,0.6440555095702131
345840,4239.193275521137,5977.138174484587,0.0,0.933830361429811,0.6449317545874972
345900,4240.563071328288,5984.756281093844,0.0,0.9336157682265932,0.6458101544576477
345960,4242.125908218893,5992.392542049445,0.0,0.9312618898086763,0.6466909046172234
346020,4243.351890516478,6000.047021774101,0.0,0.932322412991041,0.6475736386048063
346080,4244.525677934189,6007.719771177393,0.0,0.9336517682839248,0.6484585981464981
346140,4245.886364680272,6015.410847104784,0.0,0.9331870957802869,0.6493458189117463
346200,4247.1763450108665,6023.120305293244,0.0,0.9332843644848415,0.6502352601817372
346260,4248.877810296436,6030.848203047726,0.0,0.9300208560961897,0.6511270614717922
346320,4250.088847726515,6038.594581669556,0.0,0.9314247689822905,0.6520206266703958
346380,4251.2837090844405,6046.359476462179,0.0,0.93221957814839,0.6529165051977173
346440,4252.494995316241,6054.142960092362,0.0,0.933165387422452,0.6538146626643563
346500,4253.988414842484,6061.945069407263,0.0,0.9320305771440031,0.654714923210149
346560,4255.309811857733,6069.765850253471,0.0,0.9314500911964193,0.6556175290800046
346620,4256.725046350298,6077.605382368077,0.0,0.9303898098721068,0.6565225226713742
346680,4257.9104124244395,6085.4637323049,0.0,0.9310101200497367,0.6574297396378089
346740,4259.073012030866,6093.340972563939,0.0,0.9318287519666941,0.6583393346438244
346800,4260.353189210474,6101.237166278388,0.0,0.931777125197897,0.6592512666524689
346860,4261.829879677299,6109.152378732101,0.0,0.9295561487775527,0.6601656963416057
346920,4263.046173439471,6117.086680178637,0.0,0.9301023673150698,0.6610822788276415
346980,4264.266422504346,6125.040128685752,0.0,0.9303324518912388,0.662001251965584
347040,4265.472089480745,6133.012789319117,0.0,0.9307040921385104,0.6629225030306546
347100,4266.596094003129,6141.004721121308,0.0,0.9317192309697324,0.6638461001208253
347160,4268.03194893717,6149.015985978718,0.0,0.9299157862136663,0.6647721634880119
347220,4269.3268840190685,6157.046644859976,0.0,0.9291818514146387,0.6657005331475669
347280,4270.566879206179,6165.096764658448,0.0,0.9292256911870654,0.6666312368044547
347340,4271.707831840311,6173.16640142581,0.0,0.9298979306397317,0.6675642257770158
347400,4272.883646904907,6181.2556189045035,0.0,0.9301316151932253,0.6684996499870236
347460,4274.142719357902,6189.364476501813,0.0,0.9298697769789551,0.6694374349118811
347520,4275.603298429643,6197.493034477319,0.0,0.9274660209550165,0.6703777663925535
347580,4276.826874542547,6205.641358238478,0.0,0.9282085263983498,0.6713201736841323
347640,4277.961752767597,6213.809471048519,0.0,0.9288295131161256,0.6722648087830083
347700,4278.962708465193,6221.997441594836,0.0,0.9306004554824606,0.6732119387042768
347760,4280.496486596841,6230.205331608738,0.0,0.9281199067688645,0.6741615368402684
347820,4281.661864381012,6238.433180675224,0.0,0.9284495821713844,0.6751133087089306
347880,4283.008512045446,6246.681056348536,0.0,0.9268292648933738,0.6760677803859835
347940,4284.07169657787,6254.949043367731,0.0,0.9278772213454214,0.6770245691786313
348000,4285.057639840022,6263.237211362532,0.0,0.929414557925818,0.6779838983401069
348060,4286.349355510235,6271.54563448413,0.0,0.9281479494811627,0.6789458521740331
348120,4287.520993806565,6279.874384441496,0.0,0.927819969892916,0.6799102929520784
348180,4288.8534024989385,6288.223534829786,0.0,0.9263587580807431,0.6808773063037705
348240,4289.916516879765,6296.593152401472,0.0,0.9268984326813757,0.6818466857879268
348300,4290.9392569958145,6304.983308198835,0.0,0.9278315720320236,0.6828185885983099
348360,4292.081663807097,6313.394064206155,0.0,0.9278335475616287,0.6837930010866312
348420,4293.399271149819,6321.825487969983,0.0,0.925943945406645,0.6847700834317108
348480,4294.515598137847,6330.277651397374,0.0,0.9261908931496662,0.6857495362014786
348540,4295.649020179689,6338.750616948844,0.0,0.9260024677299192,0.6867315833528116
348600,4296.695508175778,6347.244454844961,0.0,0.9266071940307257,0.6877160689856378
348660,4297.668995397993,6355.759228033387,0.0,0.9277209162995825,0.6887031091539794
348720,4298.955390364661,6364.295003628452,0.0,0.9260943463119353,0.6896928166968943
348780,4300.121409108781,6372.851847878923,0.0,0.925317595492009,0.6906850520331808
348840,4301.29106230269,6381.42983400664,0.0,0.9251040503603536,0.6916798330606629
348900,4302.365241292272,6390.029005973763,0.0,0.9256966624161305,0.6926768409369923
348960,4303.33409800249,6398.649407559141,0.0,0.9265507768797616,0.6936764527087846
349020,4304.608562427995,6407.291118632945,0.0,0.924790524018341,0.6946788564024111
349080,4305.817939102124,6415.954198040786,0.0,0.9245196707923228,0.6956835468176908
349140,4306.899685603655,6424.638689545063,0.0,0.9240603424643484,0.6966909079456185
349200,4307.858953442218,6433.344688085474,0.0,0.9248981819833871,0.6977009388302455
349260,4308.860633209259,6442.072267473424,0.0,0.9252297705983024,0.6987136450117166
349320,4309.947735838423,6450.821511579054,0.0,0.9245206348733522,0.6997291732367333
349380,4311.0034573967105,6459.59250083992,0.0,0.9244821018839908,0.7007473214455924
349440,4312.2363278655575,6468.385308840165,0.0,0.9225611173449799,0.7017683222167664
349500,4313.138858398761,6477.200018710069,0.0,0.9236664017316537,0.7027917928854788
349560,4313.972551998856,6486.036698437242,0.0,0.9251504956131769,0.7038179804659656
349620,4315.090593841278,6494.895421570263,0.0,0.9241320548819562,0.7048469564295123
349680,4316.099813236028,6503.776260165514,0.0,0.9239014835898179,0.705878623066473
349740,4317.308454547622,6512.679290263734,0.0,0.9222311294897617,0.7069130806562084
349800,4318.229611057103,6521.604582844128,0.0,0.9226238027156889,0.7079501118208568
349860,4319.087792078524,6530.552213844613,0.0,0.9236165853870947,0.7089898652625115
349920,4320.058857951323,6539.522249592141,0.0,0.9237028798282032,0.7100323444836033
349980,4321.187296708015,6548.514763756151,0.0,0.9221346743169858,0.7110777066274905
350040,4322.170385941579,6557.529833001057,0.0,0.9221372506896988,0.712125689716226
350100,4323.1895837472985,6566.567526654345,0.0,0.9215442745340285,0.7131765074290592
350160,4324.041872537632,6575.627920352494,0.0,0.9229239041126612,0.7142298357275297
350220,4325.049936210905,6584.711046029183,0.0,0.9226608818989946,0.7152857927306053
350280,4325.965878822003,6593.816978000862,0.0,0.9226347164941059,0.7163446741464627
350340,4327.350658957738,6602.94579847716,0.0,0.9196947646244977,0.7174064038651594
350400,4328.140231695368,6612.097555567015,0.0,0.9209194976054259,0.7184705079277968
350460,4328.924373389252,6621.272323935188,0.0,0.9219222985837727,0.7195376178819154
350520,4329.853530751683,6630.470196338827,0.0,0.9216478463592896,0.7206076417024087
350580,4330.644705161567,6639.69125893756,0.0,0.9223802735122768,0.721680570675809
350640,4331.775369231407,6648.935600266571,0.0,0.9203627483015571,0.722756545341552
350700,4332.688324811888,6658.203304446357,0.0,0.9198689128126749,0.7238353368714665
350760,4333.493428771554,6667.4944603753875,0.0,0.9204882971296885,0.7249169870926575
350820,4334.2977686182585,6676.809141519147,0.0,0.9209377213893474,0.7260014858596098
350880,4335.179308685327,6686.147430860048,0.0,0.9205024588001427,0.7270889913960212
350940,4336.071690847991,6695.509407827489,0.0,0.9203294237334698,0.72817933907245
351000,4337.157180267171,6704.89514871919,0.0,0.9181985297501555,0.7292727678428162
351060,4337.876607996655,6714.304740871547,0.0,0.919286400421347,0.7303688753033267
351120,4338.528184807485,6723.7382565543385,0.0,0.9206883618806482,0.7314679337103321
351180,4339.436487403226,6733.195774917358,0.0,0.9199205064628468,0.7325699986834953
351240,4340.2488379256165,6742.67737337673,0.0,0.9197897064853077,0.7336750045129709
351300,4341.290501672291,6752.183134220735,0.0,0.9180097421975396,0.7347830552589255
351360,4342.04571811811,6761.713135292523,0.0,0.9181943878769898,0.7358939336759496
351420,4342.6291665137705,6771.26746179486,0.0,0.9201545803132208,0.7370077268202714
351480,4343.622756173256,6780.846167568104,0.0,0.9190377163451166,0.7381243294550128
351540,4344.367537655091,6790.449305797729,0.0,0.9192089280356948,0.7392438589490778
351600,4345.551868336325,6800.076967466214,0.0,0.915898575936495,0.7403666880978148
351660,4346.267371712072,6809.729233478766,0.0,0.9172079049285423,0.7414920212168853
351720,4346.910248897332,6819.406148134466,0.0,0.9178334975138774,0.7426203953386703
351780,4347.5595395245255,6829.107817376475,0.0,0.9183495396994088,0.7437519744736091
351840,4348.31824177659,6838.8343331229635,0.0,0.9182389489023951,0.7448866601006934
351900,4349.312037127775,6848.58578970052,0.0,0.9157668224690685,0.746024686512907
351960,4349.946586319483,6858.362289335042,0.0,0.9165522687121215,0.7471656055057266
352020,4350.555223254721,6868.163916696183,0.0,0.9172291043408273,0.7483097010615261
352080,4351.24023983762,6877.990762851485,0.0,0.9172583173955431,0.7494568895617436
352140,4351.814978066055,6887.842912598663,0.0,0.9180325504754197,0.7506072049138177
352200,4352.737692651018,6897.720454319765,0.0,0.9161007949025081,0.7517607795456479
352260,4353.4596529219925,6907.62347306156,0.0,0.9154712076949802,0.7529174165833803
352320,4354.076449373987,6917.5520617433185,0.0,0.9159103257145194,0.7540771547017553
352380,4354.650887010168,6927.506298634848,0.0,0.9164440341526046,0.7552399744297533
352440,4355.289040497047,6937.486272448712,0.0,0.9162594079968012,0.756406048473045
352500,4355.976442294693,6947.492067812872,0.0,0.9159929235263413,0.7575752406056341
352560,4356.870685184925,6957.523768360858,0.0,0.913730018836994,0.7587477874363663
352620,4357.376422429342,6967.581468928377,0.0,0.914740144135717,0.7599232707033736
352680,4357.8101932438085,6977.665249257026,0.0,0.9160432229418073,0.7611019762949628
352740,4358.511669788324,6987.775195069312,0.0,0.9155390450691758,0.7622838652392986
352800,4359.223821948427,6997.9113576864365,0.0,0.9151071773351253,0.7634686966834427
352860,4359.97560942428,7008.073812921671,0.0,0.9134605290911748,0.7646569629110723
352920,4360.614337470475,7018.262670749092,0.0,0.9137866847194901,0.7658483291428798
352980,4361.1564871687915,7028.477981020323,0.0,0.9142132418124985,0.7670426122822074
353040,4361.4973348893245,7038.719830210329,0.0,0.9157155986886683,0.7682403105930071
353100,4362.241570162616,7048.988326566648,0.0,0.9140549682883684,0.7694415184454784
353160,4362.79588762826,7059.283572473608,0.0,0.9135824454695717,0.7706460659509479
353220,4363.460143283997,7069.605676801006,0.0,0.9125754446424148,0.7718540435790063
353280,4363.859865557025,7079.954735850684,0.0,0.913187755901813,0.7730652413622592
353340,4364.242974959624,7090.330851137545,0.0,0.9138726021104261,0.7742798509903994
353400,4364.758741021684,7100.734113397269,0.0,0.9137493584282017,0.775497809016573
353460,4365.502541692452,7111.164617393683,0.0,0.9114524890907646,0.7767193346579541
353520,4365.921377751792,7121.622465082926,0.0,0.9119989589165118,0.7779440141860472
353580,4366.309122163631,7132.107744560708,0.0,0.9124476226862132,0.7791721319278666
353640,4366.723565945309,7142.62055216324,0.0,0.9126663646020763,0.7804035851927866
353700,4367.037880533304,7153.160977713775,0.0,0.9134882168328982,0.7816384499969521
353760,4367.708162874121,7163.729116318387,0.0,0.9116492024787075,0.782876854477301
353820,4368.194139105935,7174.325059874194,0.0,0.9109156768885958,0.7841186210060987
353880,4368.5832481200905,7184.948909529792,0.0,0.9111636324686541,0.7853637823259375
353940,4368.886456906212,7195.600751877944,0.0,0.9117627705416186,0.7866123017042642
354000,4369.1601113220095,7206.28068546083,0.0,0.9125752521280018,0.7878643355883438
354060,4369.916388801794,7216.988787292142,0.0,0.910576416363686,0.7891196728919391
354120,4370.277489284112,7227.725116070094,0.0,0.9104806985726864,0.7903783021193794
354180,4370.705593082529,7238.489780647548,0.0,0.9101040918059878,0.7916405943658152
354240,4371.047792138458,7249.282873868323,0.0,0.9107957036711415,0.7929060328564549
354300,4371.335501530327,7260.104451980277,0.0,0.9110813283885979,0.7941749428131214
354360,4371.809644939954,7270.954631789534,0.0,0.9095861671931873,0.7954476977363547
354420,4372.102956213138,7281.833531487012,0.0,0.9098437582623072,0.7967239302274687
354480,4372.5384271998755,7292.741258274167,0.0,0.9085997515705629,0.7980039729670616
354540,4372.702531058403,7303.6779310011625,0.0,0.9094793085773196,0.7992874523533325
354600,4372.764095780573,7314.64365135033,0.0,0.9109069274165668,0.8005745878253182
354660,4373.20544449835,7325.638525510635,0.0,0.9094597993420778,0.8018654773101931
354720,4373.489050512824,7336.662655804463,0.0,0.9089423260802489,0.8031599743368582
354780,4373.900406585894,7347.716151612164,0.0,0.9078035802345883,0.8044581658217096
354840,4374.01316352213,7358.799111205828,0.0,0.90839787086603,0.8057598431802372
354900,4374.096725295765,7369.911640824209,0.0,0.9091680800292335,0.8070652163198332
354960,4374.322173380472,7381.053836492741,0.0,0.9090546712645926,0.8083742392452151
355020,4374.765189971637,7392.225800417687,0.0,0.9069395327728369,0.8096871317417107
355080,4374.919133451688,7403.427641430145,0.0,0.9072712016125183,0.8110035057703745
355140,4375.037800784898,7414.6594564802135,0.0,0.907514030156702,0.8123236367702292
355200,4375.1366279305485,7425.921351261835,0.0,0.9078792931141426,0.81364739753922
355260,4375.142204879419,7437.213424131688,0.0,0.9087353310155512,0.8149749005855428
355320,4375.735964664872,7448.53577776398,0.0,0.9057052743209,0.8163062821780942
355380,4375.84776519434,7459.888486687464,0.0,0.9063499871522622,0.8176408665929861
355440,4375.946609085602,7471.271629323361,0.0,0.906102227780096,0.8189793601406048
355500,4375.842864611332,7482.685335428784,0.0,0.9078864682502537,0.8203215346793957
355560,4376.149533235821,7494.129671105384,0.0,0.9068903215766378,0.8216672632194407
355620,4376.151254804356,7505.604730631289,0.0,0.9070604294555213,0.8230169334639909
355680,4376.485924222724,7517.110647485395,0.0,0.9051248705827161,0.8243706640294988
355740,4376.47866058486,7528.647541179356,0.0,0.9051017582086245,0.8257281902774348
355800,4376.361743057538,7540.215541002816,0.0,0.905976450933561,0.8270896431035633
355860,4376.334071871077,7551.814757665486,0.0,0.9061761545070837,0.8284549910465757
355920,4376.4491009799,7563.445310274382,0.0,0.9049830006071538,0.8298244266469026
355980,4376.448199995462,7575.107315732235,0.0,0.9050093435422885,0.8311976484395356
356040,4376.584816900034,7586.800882661148,0.0,0.9036521667420137,0.8325749609123295
356100,4376.41396362717,7598.526131292445,0.0,0.9045686883013001,0.833955982988156
356160,4376.141629190384,7610.283166434208,0.0,0.9059505457312964,0.835340978125696
356220,4376.242165379638,7622.072100591168,0.0,0.9046439500990924,0.836730041898684
356280,4376.196451808517,7633.893042720346,0.0,0.9041194290283553,0.8381230541084304
356340,4376.299152636478,7645.746110577131,0.0,0.9028644831476642,0.839520105649722
356400,4376.072315061085,7657.631411329315,0.0,0.9034287078443396,0.8409209765672124
356460,4375.80432460468,7669.549061037299,0.0,0.9042522016366519,0.8423258858718765
356520,4375.683646704403,7681.499165136173,0.0,0.9041565999753315,0.8437347971162179
356580,4375.761834810851,7693.481836822392,0.0,0.9022959074953648,0.8451479289607111
356640,4375.868490669563,7705.4971857773235,0.0,0.9015251771809034,0.8465647738688377
356700,4375.552807295991,7717.545273583983,0.0,0.9022958039133687,0.8479853491394043
356760,4375.082826319938,7729.62622486202,0.0,0.904212903637346,0.8494101403169486
356820,4375.189351363072,7741.740151414239,0.0,0.9026261058951591,0.8508389494403245
356880,4374.9657752836165,7753.887128192536,0.0,0.9026953471958327,0.852271623853225
356940,4375.065687852263,7766.06728264777,0.0,0.90006252979588,0.8537088513128894
357000,4374.643648831491,7778.280762517734,0.0,0.9012617085519377,0.8551499985341573
357060,4374.158936923173,7790.527692427755,0.0,0.9025053726307071,0.8565954724365498
357120,4373.933477728883,7802.808206751324,0.0,0.9018846574450927,0.8580452500223145
357180,4373.554302521557,7815.122431373873,0.0,0.9021270324486208,0.8594992717711953
357240,4373.52706415332,7827.470496421749,0.0,0.9001696800897268,0.8609576690169041
357300,4373.162580891265,7839.852522880856,0.0,0.9000431681417679,0.862420172280574
357360,4372.669568307886,7852.268641445933,0.0,0.9009102142937692,0.8638869055622649
357420,4372.25683314092,7864.718964877622,0.0,0.9011396110520538,0.8653578587014942
357480,4371.979922254563,7877.2036181278845,0.0,0.9000799292993054,0.8668332483330573
357540,4371.616239730964,7889.722724894395,0.0,0.8999729822528019,0.8683127931934792
357600,4371.388574790381,7902.276402734328,0.0,0.8985406687801988,0.8697967995820625
357660,4370.822562572127,7914.8647815702525,0.0,0.8994711280296943,0.8712848719867022
357720,4370.1539098573085,7927.487975892015,0.0,0.9008086966678315,0.8727773010890247
357780,4369.855355942973,7940.1461094131055,0.0,0.8996124100140293,0.8742741751303927
357840,4369.418847943133,7952.83930178108,0.0,0.8990745386176636,0.87577539423748
357900,4369.278613797509,7965.5676826888475,0.0,0.8972377509386528,0.8772810568620861
357960,4368.683739808561,7978.331342619266,0.0,0.8983361355451238,0.8787904478706067
358020,4367.979058663564,7991.130368758912,0.0,0.8992449368104459,0.8803043148757815
358080,4367.518180929753,8003.964908041005,0.0,0.8986665809319255,0.881822784439786
358140,4367.231536694103,8016.835061872294,0.0,0.8978693633481513,0.8833452945417606
358200,4366.712735814381,8029.740924307339,0.0,0.8970423255205284,0.8848723850546714
358260,4366.096265885364,8042.682661731182,0.0,0.8972273777660205,0.8864040616756552
358320,4365.369207991883,8055.660409756235,0.0,0.897701655453955,0.8879402369741286
358380,4364.675445712421,8068.674319358618,0.0,0.8976811463934007,0.8894811455280122
358440,4364.061376129762,8081.724530611385,0.0,0.8975083187521784,0.8910265889369905
358500,4363.729859234839,8094.8111800868255,0.0,0.8949995612049548,0.8925768805463119
358560,4362.89162421914,8107.934415305707,0.0,0.8960544672641054,0.8941314400976127
358620,4361.971438897068,8121.09436254267,0.0,0.8972651039755334,0.8956906592888094
358680,4361.310584988788,8134.2911582345005,0.0,0.8967118931077936,0.8972545248751941
358740,4360.499836664295,8147.524932134555,0.0,0.8969031825034748,0.8988230164004394
358800,4360.046877734176,8160.795822345143,0.0,0.8949794708975297,0.9003962711218423
358860,4359.249132779975,8174.103958213306,0.0,0.8948019582917635,0.9019740302677299
358920,4358.308444865604,8187.449480992649,0.0,0.8956568697586805,0.9035564205277701
358980,4357.441664161773,8200.832513765701,0.0,0.895907853960813,0.9051434366025332
359040,4356.7101750681095,8214.253193369397,0.0,0.894925347162816,0.9067353114723912
359100,4355.910918041899,8227.711655332298,0.0,0.8947171583365664,0.9083317696630719
359160,4355.242415145285,8241.208030201373,0.0,0.8932624471579821,0.9099331203839692
359220,4354.211547197177,8254.742461183068,0.0,0.8941870398249744,0.9115389547240844
359280,4353.074209792104,8268.315075685745,0.0,0.8954794117829038,0.9131495842446758
359340,4352.442247388716,8281.926009320507,0.0,0.8938843560364423,0.9147650290114799
359400,4351.616151622526,8295.57535472987,0.0,0.8937132119393408,0.916384787924451
359460,4350.817429334465,8309.263227309864,0.0,0.8922881671565965,0.918009607791111
359520,4349.718900136885,8322.989796952945,0.0,0.8936789941098386,0.9196390590657878
359580,4348.821613342123,8336.755150309971,0.0,0.8934146121544178,0.9212729819514763
359640,4347.589291739526,8350.55941970175,0.0,0.8944227691270785,0.9229119775202351
359700,4346.847577695479,8364.402775415485,0.0,0.8924646153348665,0.9245561576559354
359760,4345.815200016732,8378.285373222601,0.0,0.8918260651725415,0.9262052969156258
359820,4344.721721223415,8392.207383366465,0.0,0.8918577763720341,0.9278594691177099
359880,4343.487905618791,8406.16895210199,0.0,0.8923701639522618,0.929518539186569
359940,4342.298147868013,8420.170237212265,0.0,0.8923556313443476,0.9311827542281462
360000,4341.196528056224,8434.211385422803,0.0,0.8921308711207059,0.9328519190260187
360060,4340.375539938793,8448.292543116206,0.0,0.8896739445693567,0.9345263747074668
360120,4339.036336992155,8462.413869352236,0.0,0.8906502209506106,0.9362055366808154
360180,4337.600134646425,8476.575502465921,0.0,0.8918224008000778,0.9378898098927941
360240,4336.423598562114,8490.777592100196,0.0,0.891326096293806,0.939579177658623
360300,4335.1004699131545,8505.020280671572,0.0,0.891471172180437,0.9412736415881272
360360,4334.144642367023,8519.303721031629,0.0,0.8895744634023469,0.9429733352159706
360420,4332.830329975502,8533.628056200942,0.0,0.88936166789645,0.9446780018141873
360480,4331.359188043412,8547.993442811661,0.0,0.8902046503665859,0.9463877708379314
360540,4329.957808339402,8562.400018248367,0.0,0.890467302622967,0.9481026352408604
360600,4328.635094505445,8576.847935481559,0.0,0.8899836995964762,0.9498228273817477
360660,4327.736091252077,8591.337329130025,0.0,0.8881906431695332,0.9515478966066884
360720,4326.253323033936,8605.868290941955,0.0,0.8884174151987175,0.9532778403153561
360780,4324.645793296644,8620.440989430317,0.0,0.8895603423570474,0.9550131964460442
360840,4323.361049951288,8635.055571213017,0.0,0.8892053588930955,0.9567535008533604
360900,4321.876200970608,8649.712134582533,0.0,0.8892517046341628,0.9584989139712747
360960,4320.720276521049,8664.410855230011,0.0,0.886804756872595,0.9602501150263577
361020,4319.090960880529,8679.15192102699,0.0,0.8875214136457139,0.962006455673589
361080,4317.466113320155,8693.93549881697,0.0,0.8877093761610435,0.9637683976272721
361140,4315.833896672445,8708.76176821228,0.0,0.8879008695764804,0.9655356930939705
361200,4314.034273662213,8723.630892132087,0.0,0.8888260121608296,0.9673084673335729
361260,4312.724803703934,8738.543040610857,0.0,0.8869210764015998,0.9690868469882139
361320,4311.136490607611,8753.498372443646,0.0,0.88620995901549,0.9708706077283329
361380,4309.455964778899,8768.497061937132,0.0,0.8863270513377014,0.9726598160398383
361440,4307.636222219002,8783.539259501871,0.0,0.8868373592586231,0.9744543671067998
361500,4305.8643350356215,8798.625132071102,0.0,0.8867965574079442,0.9762545442389009
361560,4304.187607538119,8813.75483716661,0.0,0.8865191251723114,0.9780601493330824
361620,4302.788359833177,8828.928533510296,0.0,0.8841314537445132,0.9798715434718384
361680,4300.854445410609,8844.14639357006,0.0,0.8850546470007148,0.9816881341389145
361740,4298.805616729306,8859.408569585197,0.0,0.886219061019822,0.9835103450228894
361800,4297.030826413248,8874.715226608363,0.0,0.8857286312620114,0.9853381621460471
361860,4295.111090984357,8890.066521821627,0.0,0.8857864306894574,0.9871716025297749
361920,4293.563081111774,8905.462625150574,0.0,0.8839232413137126,0.9890107952849467
361980,4291.630848050658,8920.90369522419,0.0,0.8837296747301037,0.9908554805354878
362040,4289.441597994459,8936.389907899069,0.0,0.8854177386655442,0.9927057588732742
362100,4287.7412095779655,8951.921386377096,0.0,0.8845807313575016,0.9945612966733045
362160,4285.677790851769,8967.498248113598,0.0,0.884793096965485,0.9964224852692749
362220,4284.248658218553,8983.12068220248,0.0,0.881498324540751,0.9982898414961492
362280,4282.226940160884,8998.788006674726,0.0,0.8824977715737532,1.0001621911535148
362340,4279.892439086973,9014.347708646865,0.0,0.8830041132848655,1.0020389487373647
362400,4277.369864320154,9029.691387071169,0.0,0.8836325385029473,1.0039152679493843
362460,4274.870585654505,9044.821370492224,0.0,0.8835052495129129,1.0057862251255885
362520,4272.508956331568,9059.739849509726,0.0,0.8812447391241388,1.007648465318061
362580,4269.578425342573,9074.449017045812,0.0,0.8818184748115133,1.0094984716906024
362640,4266.482768018242,9088.951067401315,0.0,0.8821805348712264,1.01133439020837
362700,4263.302588260757,9103.248195340773,0.0,0.8823581982480113,1.0131542346389157
362760,4259.844205704727,9117.34259520607,0.0,0.8832190567122076,1.0149567979521381
362820,4256.800650521773,9131.236460057997,0.0,0.8813847871837293,1.01674116590668
362880,4253.373720633365,9144.931980845868,0.0,0.8807157814686914,1.018506316926302
362940,4249.747570897381,9158.431345604531,0.0,0.8809895144611763,1.020251717905763
363000,4245.921507221313,9171.73673867858,0.0,0.8815551202251819,1.0219768245130385
363060,4242.092012910826,9184.850339973362,0.0,0.8815150488853809,1.0236816232250647
363120,4238.30306672766,9197.774324232434,0.0,0.8812732584087211,1.025365665835534
363180,4234.740347279336,9210.51086034093,0.0,0.8790477711446023,1.0270291875423356
363240,4230.575514241598,9223.062110654657,0.0,0.8800338244518461,1.0286714848246743
363300,4226.241982297519,9235.430230354343,0.0,0.8813021020726215,1.0302929652569417
363360,4222.255748344267,9247.617366824617,0.0,0.8809286089527594,1.0318934761235659
363420,4218.267152767612,9259.625659057501,0.0,0.8805406428857606,1.0334726734272415
363480,4214.248418014914,9271.45723707958,0.0,0.878999361561257,1.0350314970768537
363540,4210.113044322341,9283.114221402826,0.0,0.8793275964655421,1.0365695224314508
363600,4205.777944001754,9294.598722498316,0.0,0.8798001608543636,1.0380864218087904
363660,4201.104428780767,9305.912840292607,0.0,0.8813177348203555,1.0395832818926092
363720,4197.009965274046,9317.058663686104,0.0,0.8797538262158763,1.0410602552993908
363780,4192.609236903788,9328.038270093213,0.0,0.8793545308310408,1.0425172932420959
363840,4188.3742789821135,9338.853725003506,0.0,0.8784954252349128,1.0439546497152756
363900,4183.747960720347,9349.50708156373,0.0,0.8791619466749392,1.0453721435512178
363960,4179.110061574118,9360.000380179985,0.0,0.8798518085018455,1.0467702372621361
364020,4174.676162344222,9370.335648139764,0.0,0.8797979752106818,1.0481489147806764
364080,4170.564236978269,9380.514899253209,0.0,0.877577833896023,1.0495087056619015
364140,4165.993794199089,9390.540133513327,0.0,0.8782776613033224,1.050849144695774
364200,4161.366071084963,9400.413336774507,0.0,0.8789449903748511,1.052170837563409
364260,4156.850011343347,9410.136480448995,0.0,0.8791341389711543,1.0534737702293142
364320,4152.196037640529,9419.71152122093,0.0,0.8799348292202193,1.054758253376328
364380,4148.076008464909,9429.140400777222,0.0,0.8781966045131012,1.0560245846665814
364440,4143.677155137713,9438.425045555188,0.0,0.877649078556087,1.057272708875763
364500,4139.162593137559,9447.567366506148,0.0,0.8781719427048844,1.0585028693473895
364560,4134.600147266414,9456.56925887478,0.0,0.8787951671474247,1.0597151607748063
364620,4130.158473938355,9465.432601993698,0.0,0.8787021182811742,1.0609100677465522
364680,4125.841950626299,9474.159259092834,0.0,0.8785041684182137,1.062087520819834
364740,4121.82226369168,9482.75107712316,0.0,0.8764871289676662,1.0632480720404114
364800,4117.442490817799,9491.209886594394,0.0,0.8777386864786231,1.0643910504560692
364860,4113.052464843332,9499.537501426195,0.0,0.8781862405168201,1.06551685208672
364920,4108.460487992982,9507.735718812524,0.0,0.8795807242691178,1.066626350258352
364980,4104.868934539448,9515.806319098647,0.0,0.8769437352307267,1.0677194364751352
365040,4100.529764773844,9523.751065670536,0.0,0.8775612004001251,1.0687957714877452
365100,4096.38654468159,9531.571704856082,0.0,0.876965075076492,1.0698566043334168
365160,4092.0475306531453,9539.269965837873,0.0,0.8777230746098188,1.0709015545197476
365220,4087.5696054548566,9546.847560577173,0.0,0.8791605042117797,1.071931119659049
365280,4083.692425222056,9554.30618374854,0.0,0.8776796377778686,1.0729455512721766
365340,4079.612538178004,9561.647512685011,0.0,0.8771912349406741,1.073944810874292
365400,4075.678026314962,9568.873207333158,0.0,0.8766515913685319,1.0749291425536764
365460,4071.4510993450317,9575.984910217943,0.0,0.8773878974280637,1.0758984551232413
365520,4067.2746658083624,9582.984246416854,0.0,0.8780349879351801,1.0768532452724964
365580,4063.338691301594,9589.872823543086,0.0,0.8779904405790003,1.077793505634455
365640,4059.765062215473,9596.65223173733,0.0,0.8757842650220693,1.0787197758842875
365700,4055.758769781684,9603.32404366795,0.0,0.8765656653148294,1.0796316026218773
365760,4051.709452926455,9609.889814539154,0.0,0.8774422208756555,1.0805295849475616
365820,4047.851668297977,9616.351082106841,0.0,0.8775902071482291,1.081413746729033
365880,4043.8997285818114,9622.709366701958,0.0,0.8782933062389008,1.0822843722222726
365940,4040.483239063772,9628.966171260821,0.0,0.8766017987564043,1.083141743820996
366000,4036.809027528472,9635.122981362381,0.0,0.8761470708861271,1.083985796486483
366060,4033.0279199440565,9641.181265271925,0.0,0.8768348006500276,1.084816764551797
366120,4029.25996503515,9647.142473991067,0.0,0.8774674874680802,1.0856347456809798
366180,4025.558232839901,9653.008041313746,0.0,0.8779298714066145,1.0864401721741492
366240,4022.5522932303497,9658.77938388792,0.0,0.8761711166467502,1.0872327071060082
366300,4018.9835754153755,9664.457901282743,0.0,0.8762857271657012,1.0880125751647804
366360,4015.4530655900353,9670.044976060926,0.0,0.8767672104939411,1.0887805280579073
366420,4012.084153291321,9675.541973856094,0.0,0.8772133784028581,1.0895359775391755
366480,4008.624153842043,9680.950243454921,0.0,0.8775354393183347,1.0902794586840936
366540,4005.5111410986838,9686.271116883681,0.0,0.8757959701905721,1.0910117954896883
366600,4002.1136376979657,9691.505909499198,0.0,0.8763677774465369,1.0917325154010225
366660,3998.857067322873,9696.655920083751,0.0,0.8759673672033159,1.0924422472935509
366720,3995.460970687773,9701.722430943906,0.0,0.8767186701916981,1.093140699843005
366780,3991.9597545756114,9706.70670801302,0.0,0.8780878840975912,1.0938282668793646
366840,3989.0528443539624,9711.610000957098,0.0,0.876593317004758,1.0945051654340254
366900,3985.949682557431,9716.43354328406,0.0,0.8760790206726429,1.0951713504757647
366960,3982.9491523728666,9721.178552455951,0.0,0.8757468057802963,1.0958270364859042
367020,3979.705158457629,9725.84623000411,0.0,0.8765174382984176,1.096472135230502
367080,3976.5282390506723,9730.437761647047,0.0,0.877103832447764,1.0971071023199248
367140,3973.582601293754,9734.954317410884,0.0,0.8770479019725348,1.0977318938710714
367200,3970.9923495891426,9739.39705175215,0.0,0.8748565526816365,1.098347006533396
367260,3967.969379495886,9743.767103682843,0.0,0.8756897071512633,1.0989519662907492
367320,3964.8923459650923,9748.06559689752,0.0,0.8766981164043308,1.0995473209031537
367380,3962.0351103821085,9752.293639902333,0.0,0.8768049393816613,1.100133085314296
367440,3959.0951813817383,9756.452326145869,0.0,0.8774139964920773,1.1007094876691814
367500,3957.016121092765,9760.542734151575,0.0,0.8742673199642673,1.101276792841427
367560,3954.20784141714,9764.565927651765,0.0,0.8754924359870975,1.101834082514893
367620,3951.359715232886,9768.522955722918,0.0,0.8760389107053251,1.1023825615031484
367680,3948.48754973734,9772.414852922295,0.0,0.8775581670580999,1.1029222017831983
367740,3946.2309210316184,9776.24263942567,0.0,0.8765921231592552,1.1034526636079816
367800,3943.6036966998295,9780.007321166084,0.0,0.8764436744223121,1.1039747774493331
367860,3941.346666560445,9783.709889973468,0.0,0.875088231190296,1.104488748925049
367920,3938.651744693575,9787.351323715122,0.0,0.8756731159158019,1.1049943435713074
367980,3935.940102112194,9790.932586436833,0.0,0.8766999548766172,1.1054919573414557
368040,3933.468638515999,9794.454628504633,0.0,0.8768631596865631,1.105981548218535
368100,3931.2925689662666,9797.918386747006,0.0,0.8751697438965975,1.106463533038889
368160,3928.857729330302,9801.324784597575,0.0,0.8756638459405581,1.1069374812155959
368220,3926.5040679183867,9804.674732238018,0.0,0.8755337458323877,1.1074039154514417
368280,3924.064536811832,9807.969126741278,0.0,0.876216468535858,1.1078625892924905
368340,3921.520855993951,9811.208852214919,0.0,0.8774868281468509,1.1083138521249163
368400,3919.5394894736028,9814.394779944516,0.0,0.8759902858353862,1.108757897942442
368460,3917.3657557487254,9817.527768537122,0.0,0.8754360918004996,1.1091946535593546
368520,3915.240336198516,9820.608664064564,0.0,0.8752991787701593,1.109624285848243
368580,3912.907134758917,9823.638300206681,0.0,0.8760887696298587,1.1100467063822812
368640,3910.6454005162477,9826.617498394298,0.0,0.8766033871520224,1.1104623230777455
368700,3908.59530054194,9829.547067951979,0.0,0.8765210383331951,1.1108710538498454
368760,3906.880641909956,9832.42780624041,0.0,0.8743560857836057,1.111273344047545
368820,3904.7285018086272,9835.26049879843,0.0,0.8752218499319367,1.111668700720197
368880,3902.5056312958773,9838.045919484593,0.0,0.8763305683063877,1.1120576164675098
368940,3900.5497132474666,9840.784830618235,0.0,0.8767116624876086,1.1124399283215394
369000,3898.7779348864797,9843.477983120045,0.0,0.8763672264290766,1.1128154847877225
369060,3897.001168163784,9846.126116651998,0.0,0.8751779005589994,1.113185167250128
369120,3895.427627982943,9848.72995975667,0.0,0.8746261373566862,1.1135486334178175
369180,3893.4423014207573,9851.290229995891,0.0,0.8755857354828673,1.1139054200678515
369240,3891.268093661776,9853.807634088666,0.0,0.8772849570937723,1.11425663823266
369300,3889.6510139058823,9856.282868048322,0.0,0.8761309849045276,1.1146023226260509
369360,3887.8144249213055,9858.716617318943,0.0,0.8760649348549748,1.1149424392720868
369420,3886.3216221521843,9861.109556910884,0.0,0.8747374572982656,1.1152771881697037
369480,3884.4124063959252,9863.46235153549,0.0,0.875373886188002,1.1156062757672798
369540,3882.488216313612,9865.775655738906,0.0,0.8763872923317979,1.1159300452168543
369600,3880.7942311329466,9868.05011403498,0.0,0.876523908117568,1.1162484392983376
369660,3879.3846469058362,9870.286361037222,0.0,0.8747923511821464,1.1165618507937198
369720,3877.7060668508,9872.485021589808,0.0,0.8752638065294636,1.1168698356715343
369780,3876.0663581220056,9874.646710897558,0.0,0.8753108625409856,1.1171728574713673
369840,3874.3703940142195,9876.772034654947,0.0,0.8759539552894695,1.1174706841304318
369900,3872.572066888388,9878.861589174063,0.0,0.8771408628019588,1.1177636110424165
369960,3871.305875700855,9880.915961511495,0.0,0.8756479218419283,1.1180517979688451
370020,3869.8471486959056,9882.935729594205,0.0,0.8750692264903968,1.1183351427698227
370080,3868.396728772435,9884.921462344248,0.0,0.8750639505950617,1.1186137688749063
370140,3866.759489254328,9886.873719802445,0.0,0.8758649175727826,1.1188875788520252
370200,3865.1935335283633,9888.793053250913,0.0,0.8763274188801815,1.1191569367411833
370260,3863.8222867805475,9890.68000533449,0.0,0.8762194438612788,1.1194217290201662
370320,3862.765812616164,9892.535110180997,0.0,0.8740894995407597,1.1196823547001122
370380,3861.4817175190933,9894.35889352038,0.0,0.8748154102315443,1.119938078639322
370440,3859.9913077555684,9896.151872802671,0.0,0.8755773844842855,1.120189107741077
370500,3858.320725694437,9897.914557314794,0.0,0.8774129145192492,1.1204361773804419
370560,3857.550499080776,9899.6474482962,0.0,0.8752474244648588,1.1206790288404376
370620,3856.2115171722976,9901.351039053337,0.0,0.875668832802553,1.1209173723949435
370680,3855.1493823154683,9903.025815072893,0.0,0.8742656279206298,1.1211522221735464
370740,3853.7033779889457,9904.672254133902,0.0,0.8754013419411875,1.1213829764234882
370800,3852.1478591939895,9906.290826418626,0.0,0.8769980314769004,1.1216100887242884
370860,3851.096449405105,9907.881994622237,0.0,0.8759216653478243,1.1218336249669254
370920,3849.873016876899,9909.446214061345,0.0,0.8757233429403365,1.122053496903829
370980,3848.937998951092,9910.983932781272,0.0,0.8745365999091694,1.1222698427479818
371040,3847.5989542570655,9912.495591662162,0.0,0.8752178887019382,1.1224823891913294
371100,3846.244339490139,9913.981624523882,0.0,0.8762168597385597,1.1226914668073875
371160,3845.1111064869497,9915.442458229722,0.0,0.8763350203868117,1.1228969996431781
371220,3844.254710754307,9916.878512788897,0.0,0.8745813658266435,1.1230993477019329
371280,3843.122639556557,9918.29020145787,0.0,0.8750266236857533,1.1232980570237545
371340,3841.9976351186856,9919.677930840457,0.0,0.8751939322991664,1.1234935463991436
371400,3840.8335440794044,9921.042100986742,0.0,0.8758150530133224,1.123685592596393
371460,3839.5697128094107,9922.383105490842,0.0,0.876934124314908,1.1238744508836127
371520,3838.812827862031,9923.701331587432,0.0,0.8754501274482986,1.124060253711443
371580,3837.8639233215786,9924.997160247145,0.0,0.8748535013940961,1.1242428785445993
371640,3836.91570102879,9926.270966270764,0.0,0.875213780178078,1.124422392735442
371700,3835.9807767941847,9927.523118382243,0.0,0.8757140968862654,1.12459819388888
371760,3834.8332536714634,9928.753979320598,0.0,0.87660884292007,1.1247710499158834
371820,3834.230504964649,9929.963905930588,0.0,0.8746714709135404,1.1249413221145124
371880,3833.5159736349597,9931.15324925231,0.0,0.8747928529538285,1.1251080784483423
371940,3832.5389901039675,9932.322354609574,0.0,0.8747148747409287,1.1252720948966055
372000,3831.4442359245377,9933.471561697206,0.0,0.8757667325130765,1.1254335299114169
372060,3830.4809348029025,9934.601204667182,0.0,0.8761323464624412,1.1255923160018657
372120,3829.6835438992634,9935.711612213634,0.0,0.8752457520925708,1.1257487863686142
372180,3828.814881690652,9936.803107656779,0.0,0.8754717614803873,1.1259025531961848
372240,3828.147274433758,9937.876009025691,0.0,0.8742298315908568,1.1260540281406497
372300,3827.1322471170233,9938.93062914001,0.0,0.8753247857530536,1.1262027049225796
372360,3826.0102268918417,9939.967275690537,0.0,0.8768853751589906,1.1263489710437522
372420,3825.382882862671,9940.98625131875,0.0,0.8757845642958687,1.1264928938319916
372480,3824.585489524236,9941.98785369526,0.0,0.8755034620379625,1.1266343933633831
372540,3824.031755379504,9942.972375597177,0.0,0.8744328189146761,1.126773595621988
372600,3823.0889762530956,9943.940104984438,0.0,0.8751538453468942,1.1269102370176427
372660,3822.132462044558,9944.891325075076,0.0,0.8761308855226697,1.127044633556053
372720,3821.3900281495808,9945.826314419452,0.0,0.8762244423408242,1.1271766993057035
372780,3820.9177397754415,9946.745346973472,0.0,0.8744535126240877,1.1273067711441762
372840,3820.1656458536295,9947.648692170766,0.0,0.8748655016486905,1.127434393300063
372900,3819.3895706281355,9948.53661499386,0.0,0.8751554589775566,1.127559945905094
372960,3818.593161061258,9949.409376044357,0.0,0.8757542492286926,1.1276832225730096
373020,3817.702496838491,9950.26723161212,0.0,0.8767960535957395,1.1278044467489976
373080,3817.5757759978906,9951.110433743475,0.0,0.8741408928354372,1.127923719221729
373140,3816.923592246127,9951.939230308453,0.0,0.8748576487545082,1.1280402240487206
373200,3816.236446163947,9952.753865067054,0.0,0.8747362654400401,1.1281549426562352
373260,3815.3508234494143,9953.554577734567,0.0,0.876645785692293,1.128267610498012
373320,3814.997376292856,9954.341604045965,0.0,0.8758968874532536,1.1283779210156726
373380,3814.2559068195633,9955.115175819343,0.0,0.8762567279696001,1.1284865840164493
373440,3813.9708535134178,9955.87552101845,0.0,0.8745600889811448,1.1285937083956428
373500,3813.2749408207287,9956.622863814318,0.0,0.8746976026682661,1.1286990042144396
373560,3812.4837679967964,9957.357424645978,0.0,0.8757234119341343,1.1288026619170453
373620,3811.8247793166697,9958.079420280275,0.0,0.8761050928577825,1.1289045851326844
373680,3811.3513041008614,9958.789063870845,0.0,0.8751374770147269,1.1290050641787326
373740,3810.7873273898463,9959.486565016176,0.0,0.8753349288642502,1.1291037111476072
373800,3810.3928930293705,9960.172129816829,0.0,0.8742206674180212,1.1292009297624725
373860,3809.6727856833686,9960.845960931818,0.0,0.8752874580069661,1.1292962439549774
373920,3808.8458611324527,9961.508257634143,0.0,0.8768054278940515,1.1293900127534808
373980,3808.5000390118416,9962.15921586547,0.0,0.875705670534476,1.1294822975337242
374040,3807.9916848231082,9962.799028290046,0.0,0.8753603812463567,1.1295730109537976
374100,3807.6941085815693,9963.42788434775,0.0,0.8743746265062868,1.129662257794009
374160,3807.018444378116,9964.045970306375,0.0,0.8751223764181559,1.1297497782150732
374220,3806.330108954169,9964.653469313109,0.0,0.8760837414430528,1.1298358725774271
374280,3805.8502345589527,9965.25056144525,0.0,0.8761586471205437,1.1299204459326588
374340,3805.623707913568,9965.837423760127,0.0,0.8744659657603123,1.1300038113473996
374400,3805.480286862576,9966.414230344288,0.0,0.8740164882929503,1.1300852917039326
374460,3804.8340336292067,9966.981152361921,0.0,0.8749538344777282,1.1301649221453216
374520,3804.0299559333744,9967.538358102536,0.0,0.8770189749525527,1.1302434239126862
374580,3803.9844809691554,9968.086013027923,0.0,0.8755547732693268,1.1303204072274118
374640,3803.5268619332496,9968.624279818385,0.0,0.8758247354752399,1.130395738170943
374700,3803.445052961013,9969.153318418257,0.0,0.8735225537396675,1.1304703330195602
374760,3802.8063126748616,9969.673286080722,0.0,0.8748819099895483,1.130543435434917
374820,3802.0973337394103,9970.184337411945,0.0,0.8763428110920901,1.1306155421916841
374880,3801.7481645914286,9970.6866244145,0.0,0.8758273563736866,1.1306865808320359
374940,3801.232762034868,9971.180296530152,0.0,0.8761642619712764,1.1307565138473785
375000,3801.148220144774,9971.665500681953,0.0,0.8744750203281232,1.1308254554856851
375060,3800.663511965285,9972.14238131568,0.0,0.8746573596639451,1.130893099145985
375120,3800.078560557327,9972.611080440642,0.0,0.8757266074046481,1.1309596305879803
375180,3799.6330211130457,9973.071737669836,0.0,0.8760884838827887,1.1310249789318796
375240,3799.3735785502085,9973.524490259471,0.0,0.8750748185769298,1.1310894401322928
375300,3799.017274887865,9973.96947314789,0.0,0.8752219217297492,1.1311526375833694
375360,3798.798034424952,9974.40681899385,0.0,0.8742471886287119,1.1312149506921734
375420,3798.2765584659105,9974.836658214226,0.0,0.8752854747251426,1.1312759372287
375480,3797.650604650034,9975.259119021106,0.0,0.8767521476770038,1.1313359351040897
375540,3797.4931493091835,9975.674327458293,0.0,0.875652868077146,1.1313950043587944
375600,3797.1823694612485,9976.08240743725,0.0,0.8752403626342529,1.1314530534699163
375660,3797.049121225752,9976.483480772462,0.0,0.8743480282894737,1.131510169330941
375720,3796.550694485395,9976.877667216217,0.0,0.8751234677787273,1.1315661010869646
375780,3795.9266013894635,9977.265084492878,0.0,0.8770205154364399,1.131621100479296
375840,3796.033191050466,9977.64584833256,0.0,0.8755638996846619,1.1316747799978377
375900,3795.6866271549475,9978.020072504316,0.0,0.8756540802343542,1.131727372313758
375960,3795.773747355505,9978.387868848744,0.0,0.8735910505308644,1.131779440055743
376020,3795.4075798367817,9978.749347310117,0.0,0.8750669692248801,1.1318298905423247
376080,3794.955804007689,9979.104615967963,0.0,0.8757714290867892,1.1318794375144405
376140,3794.626127046451,9979.453781068169,0.0,0.8756252386873482,1.131928517653229
376200,3794.3540316296107,9979.796947053546,0.0,0.8757315737087932,1.1319767876386875
376260,3794.384136822952,9980.13421659395,0.0,0.8735959608990425,1.1320246710312671
376320,3793.908528678704,9980.46569061587,0.0,0.8748595065654083,1.1320715021825876
376380,3793.348115300799,9980.79146833158,0.0,0.876355284549653,1.1321176945113591
376440,3793.156411649488,9981.111647267782,0.0,0.8758104158050537,1.1321631924000193
376500,3792.8031572440973,9981.426323293821,0.0,0.8760570290870562,1.1322079716917783
376560,3792.854317072576,9981.735590649412,0.0,0.8744112494413908,1.1322521480860381
376620,3792.505283587752,9982.03954197195,0.0,0.8746412966759143,1.1322954189032772
376680,3792.0560103284615,9982.338268323336,0.0,0.8757302197115341,1.1323379707863754
376740,3791.7492224492876,9982.631859216408,0.0,0.8760826084601979,1.1323797358446552
376800,3791.6301423564137,9982.920402640913,0.0,0.8750430772153834,1.132421000071323
376860,3791.41197162372,9983.203985089074,0.0,0.8751447468703063,1.1324613909039705
376920,3791.3070197093834,9983.482691580726,0.0,0.8742657913121293,1.1325012643463155
376980,3790.915086311043,9983.756605688053,0.0,0.875288283530996,1.1325401994259217
377040,3790.4221878687486,9984.025809559915,0.0,0.8767129174930071,1.132578516096495
377100,3790.580295125939,9984.290383945774,0.0,0.8749296248139743,1.1326162050795252
377160,3790.456476247149,9984.550408219247,0.0,0.8751622933412536,1.1326526059834663
377220,3790.348256638809,9984.805960401241,0.0,0.874184073451433,1.1326886460509584
377280,3789.9581777325966,9985.057117182741,0.0,0.8759952614717491,1.1327238819290542
377340,3789.918566328352,9985.3039539472,0.0,0.8756883930613514,1.1327580215467328
377400,3789.491346377883,9985.546544792569,0.0,0.8767041281993445,1.1327918289319863
377460,3789.6074356142935,9985.784962552987,0.0,0.8749207680155068,1.1328253779539652
377520,3789.3953737207858,9986.019278820064,0.0,0.87458040088305,1.1328584181078751
377580,3789.1098700993402,9986.249563963864,0.0,0.8751239880684851,1.1328910331772197
377640,3788.7789286256825,9986.47588715351,0.0,0.8757498119381436,1.1329230696090409
377700,3788.5444429261165,9986.698316377471,0.0,0.8756290086819075,1.132954797355145
377760,3788.383910768977,9986.916918463492,0.0,0.8756606681754945,1.1329859214547862
377820,3788.5065499233074,9987.131759098205,0.0,0.8736270934445566,1.1330168227041142
377880,3788.1378449057775,9987.342902846432,0.0,0.8748602563651999,1.1330468799355955
377940,3787.6775555015374,9987.550413170131,0.0,0.8763587062449616,1.1330765128003617
378000,3787.585932027866,9987.754352447066,0.0,0.8758074635601033,1.1331056910562134
378060,3787.347868123893,9987.954781989145,0.0,0.8759501082504981,1.1331343928285913
378120,3787.4864363627967,9988.151762060466,0.0,0.8743552546238708,1.1331627279168004
378180,3787.223492200794,9988.34535189505,0.0,0.8746432639378797,1.1331904017395293
378240,3786.862873564515,9988.535609714289,0.0,0.8757484781394994,1.1332176067679949
378300,3786.6490005369697,9988.722592744107,0.0,0.8760879906865748,1.1332442789813781
378360,3786.6259382428248,9988.906357231825,0.0,0.8750169863176048,1.1332706953917497
378420,3786.501260079353,9989.086958462758,0.0,0.8750717828927057,1.1332964892497248
378480,3786.4645738465165,9989.264450776522,0.0,0.8743010109456713,1.1333219941960209
378540,3786.191092751146,9989.438887583077,0.0,0.8758525718824297,1.1333466021720078
378600,3786.1059696281345,9989.61032137851,0.0,0.87585472993767,1.1333704170752472
378660,3785.8496310494834,9989.778803760528,0.0,0.8762377409739421,1.1333940912166964
378720,3786.3922893045556,9989.944385443734,0.0,0.8734854060051148,1.1334173577149738
378780,3786.0651003951043,9990.107116274603,0.0,0.8747183916497926,1.1334395553259013
378840,3785.7430781072026,9990.267045246243,0.0,0.8756394857393384,1.1334617470598511
378900,3785.589769019141,9990.424220512885,0.0,0.8756767446403728,1.1334836464097413
378960,3785.245353891461,9990.57868940415,0.0,0.8766440960855348,1.1335053540631608
379020,3785.4132522892814,9990.730498439061,0.0,0.8748881128654248,1.1335269743182768
379080,3785.2859293988786,9990.879693339828,0.0,0.8745071908520924,1.1335482272375235
379140,3785.0576505683302,9991.02631904541,0.0,0.8751549647314509,1.1335691673808637
379200,3784.8014920669934,9991.170419724818,0.0,0.8757762053951373,1.1335896812881976
379260,3784.6447500626077,9991.31203879025,0.0,0.8756192207497454,1.1336100464609056
379320,3784.5583751720906,9991.451218909948,0.0,0.8756078240814651,1.1336299783209591
379380,3784.736659538822,9991.588002020864,0.0,0.8736576435644522,1.1336498426727635
379440,3784.437841529961,9991.722429341135,0.0,0.8748627948485843,1.1336690441397008
379500,3784.0436891378836,9991.854541382298,0.0,0.8763567350810054,1.1336879883909143
379560,3784.0160467383344,9991.984377961355,0.0,0.8758082928458321,1.1337066541507963
379620,3783.8539302633408,9992.111978212586,0.0,0.8758769779938566,1.133725018054212
379680,3784.047970435201,9992.237380599203,0.0,0.8743196458404823,1.1337431811281693
379740,3783.841131884914,9992.36062292478,0.0,0.874645308999269,1.1337608521803522
379800,3783.4354647590885,9992.481742344497,0.0,0.8767032715855816,1.133778183503014
379860,3783.6466201774797,9992.600775376211,0.0,0.8757577278675495,1.133794767290066
379920,3783.467304774994,9992.717757911316,0.0,0.8760887268565577,1.1338109655821165
379980,3783.908655199399,9992.832725225438,0.0,0.8730732223172706,1.1338273124509943
380040,3783.7774601773353,9992.945711988941,0.0,0.8745352561779327,1.13384259247669
380100,3783.4909703835274,9993.056752277254,0.0,0.875298107022003,1.1338576003247771
380160,3783.2386485569114,9993.16587958103,0.0,0.8758991559916636,1.1338726726069632
380220,3783.156930764454,9993.273126816133,0.0,0.8759606063573318,1.1338875638085197
380280,3783.385212734336,9993.378526333447,0.0,0.8736892162991183,1.1339026467228412
380340,3783.1480394862056,9993.482109928533,0.0,0.8746991710895455,1.1339172641426027
380400,3782.867273593284,9993.583908851111,0.0,0.875631331509467,1.1339318178553408
380460,3782.7500565406085,9993.683953814385,0.0,0.8757161032604517,1.1339461214745294
380520,3782.4797325605878,9993.78227500422,0.0,0.8765533541754138,1.1339602567827103
380580,3782.698098309964,9993.878902088143,0.0,0.8748312464853445,1.1339743251037986
380640,3782.6193803669707,9993.973864224212,0.0,0.8744736914255371,1.1339880792521781
380700,3782.425139093921,9994.067190069723,0.0,0.8751944540377687,1.1340015908744254
380760,3782.2187574200475,9994.158907789773,0.0,0.8758151498879168,1.1340147698352734
380820,3782.1197064273433,9994.249045065677,0.0,0.8756075122250971,1.1340278923201135
380880,3782.08511575142,9994.337629103245,0.0,0.8755521623530388,1.1340406829905199
380940,3782.2946582820337,9994.424686640916,0.0,0.8736970153603855,1.1340534951052719
381000,3782.0429198353218,9994.510243957755,0.0,0.8748759877578262,1.1340657616508725
381060,3781.693524506109,9994.59432688131,0.0,0.8763624749730848,1.134077873509042
381120,3781.7092643976257,9994.676960795345,0.0,0.8758122638221433,1.1340898192398299
381180,3781.603162054821,9994.758170647427,0.0,0.8758005620079223,1.1341015742313858
381240,3782.0819032632244,9994.837980956409,0.0,0.873265594020093,1.1341132555118807
381300,3781.884774478003,9994.916415819753,0.0,0.8747368400236579,1.1341238746118472
381360,3781.593040186613,9994.993498920761,0.0,0.8757663441328974,1.1341344202072903
381420,3781.465139288416,9995.06925353565,0.0,0.8762568078463644,1.1341449157242987
381480,3781.744430759103,9995.143702540545,0.0,0.8754144550762556,1.1341547556580704
381540,3781.7058753124866,9995.216868418314,0.0,0.8748302356258802,1.1341646038730229
381600,3781.7307080772866,9995.28877326532,0.0,0.8745447217242601,1.1341744921473786
381660,3781.485318936639,9995.359438798034,0.0,0.8752940861701498,1.1341841834473545
381720,3781.2537033987464,9995.428886359548,0.0,0.8759239575227759,1.134193967948125
381780,3781.2073997162033,9995.497136925973,0.0,0.8759491529545065,1.1342036237397715
381840,3781.478470590306,9995.564211112729,0.0,0.8736790860309781,1.1342134771706534
381900,3781.280031188385,9995.630129180736,0.0,0.874669721541473,1.1342228916187604
381960,3781.023552238013,9995.694911042472,0.0,0.8756610231690997,1.1342322795734807
382020,3780.9408904074558,9995.75857626797,0.0,0.8757412479225178,1.1342414849279863
382080,3780.719085917336,9995.821144090673,0.0,0.8764897455983103,1.1342505863412617
382140,3780.966884679578,9995.882633413215,0.0,0.8747955673951922,1.1342596822458666
382200,3780.920658578455,9995.94306281309,0.0,0.8744496661120096,1.1342685336956413
382260,3780.7484247507914,9996.002450548234,0.0,0.8752192633557523,1.1342772114479587
382320,3780.573631832991,9996.060814562501,0.0,0.875841944816186,1.1342856369988672
382380,3780.511230244675,9996.118172491058,0.0,0.8756065011648992,1.1342940804469264
382440,3780.5113975307795,9996.174541665676,0.0,0.8755119454279507,1.134302271764736
382500,3780.7401173176445,9996.229939119934,0.0,0.8737252795210745,1.1343105493160566
382560,3780.6265657608556,9996.284381594345,0.0,0.8751798322927485,1.1343181354585543
382620,3780.540016333266,9996.33788554138,0.0,0.8755742393749103,1.1343252052711164
382680,3780.2409523123806,9996.390467130403,0.0,0.8768715731498571,1.1343324064122458
382740,3780.8429310528104,9996.442142252552,0.0,0.8741722331316062,1.1343394529953477
382800,3780.6843493728734,9996.492926525496,0.0,0.8749820555382257,1.1343458155995558
382860,3780.65303630047,9996.54283529814,0.0,0.874729632569624,1.134352506504835
382920,3780.4885333289635,9996.591883655234,0.0,0.875405605580131,1.1343590408053448
382980,3780.1579671211625,9996.640086421909,0.0,0.8768397936425608,1.1343656691524313
383040,3780.356461280536,9996.687458168144,0.0,0.8753190782552329,1.134372455722231
383100,3780.3263435373033,9996.734013213138,0.0,0.8748566043380618,1.1343791804908003
383160,3780.3593728168535,9996.779765629617,0.0,0.8745844418650099,1.1343858923700327
383220,3780.1396764125657,9996.824729248076,0.0,0.8753575085848453,1.1343923592284353
383280,3779.9478250442103,9996.868917660931,0.0,0.8759302258722151,1.1343988685619555
383340,3779.932828820683,9996.912344226615,0.0,0.8759216220051945,1.1344052224868686
383400,3780.2248038961598,9996.955022073593,0.0,0.8736921398179861,1.1344117624231334
383460,3780.0555264971827,9996.996964104317,0.0,0.8746454513485863,1.1344178828322407
383520,3779.8120692821694,9997.038182999106,0.0,0.875703156478773,1.1344239850335311
383580,3779.7554288404326,9997.078691219967,0.0,0.8757697680664436,1.1344299422310062
383640,3779.5729357904092,9997.118501014345,0.0,0.8764223785374177,1.134435831302993
383700,3779.8397802412064,9997.157624418805,0.0,0.8747559654300371,1.1344417487877587
383760,3779.8147149410715,9997.196073262669,0.0,0.874429975563084,1.1344474624673373
383820,3779.65362404194,9997.233859171563,0.0,0.8752523624786521,1.134453042886062
383880,3779.5012504168817,9997.27099357093,0.0,0.8758741022209715,1.1344584238653759
383940,3779.3898133468674,9997.307487689463,0.0,0.8762017467450431,1.1344638481674174
384000,3779.8640008497414,9997.343352562493,0.0,0.8745034909273468,1.1344688225231891
384060,3779.7696105966265,9997.378599035312,0.0,0.8747110955808413,1.1344733924875354
384120,3779.650178737585,9997.413237766437,0.0,0.8754315792792234,1.1344781138860958
384180,3779.7061407453816,9997.44727923083,0.0,0.8757740468482412,1.1344823082708173
384240,3779.625122684393,9997.48073372304,0.0,0.8761036012489125,1.134486283889178
384300,3779.8415735933886,9997.513611360322,0.0,0.8742801834690308,1.1344906812317626
384360,3779.7282697410146,9997.545922085668,0.0,0.8749559026522918,1.1344948906685706
384420,3779.6953431574543,9997.577675670822,0.0,0.8747424675117058,1.1344993535561516
384480,3779.5356564737917,9997.608881719214,0.0,0.8754497922855599,1.134503674538425
384540,3779.238282723642,9997.639549668853,0.0,0.8768049102165696,1.1345080558747058
384600,3779.4601293199757,9997.669688795184,0.0,0.8752917566315738,1.1345125568801036
384660,3779.4558411573526,9997.69930821387,0.0,0.8747959322126451,1.1345169859236388
384720,3779.4900959866563,9997.728416883556,0.0,0.8746102906828669,1.1345213995510348
384780,3779.2878363222567,9997.757023608554,0.0,0.875396856953935,1.134525587358091
384840,3779.1196243074864,9997.78513704151,0.0,0.8759391876415319,1.134529835259223
384900,3779.125004582204,9997.812765686009,0.0,0.8759014061417528,1.1345339528051952
384960,3779.429462339617,9997.839917899139,0.0,0.8737084740023906,1.1345382744738486
385020,3779.2802854295073,9997.866601894015,0.0,0.8746292198261952,1.1345422125348101
385080,3779.0460959231254,9997.892825742249,0.0,0.8757243766438331,1.1345461542833999
385140,3779.004666839303,9997.918597376392,0.0,0.8757911947208005,1.1345499890792001
385200,3778.8490405688003,9997.94392459233,0.0,0.8763737927616938,1.134553790238155
385260,3779.4652559975125,9997.96881505162,0.0,0.873227733425483,1.1345576790677376
385320,3779.3496442867936,9997.993276283822,0.0,0.8745347092019241,1.1345606498260443
385380,3779.1638031218636,9998.017315688758,0.0,0.8751524899977816,1.134563719946322
385440,3778.938918421011,9998.040940538747,0.0,0.8766332030571665,1.1345667506116834
385500,3779.257603607622,9998.064157980798,0.0,0.8756806017243572,1.1345692785889816
385560,3779.1946536175137,9998.086975038776,0.0,0.8755158101706377,1.134571970699504
385620,3779.4343897424496,9998.10939861551,0.0,0.8742338986552919,1.1345748990421116
385680,3779.2348945595536,9998.13143549488,0.0,0.8748588317193532,1.1345777266854333
385740,3778.991971925897,9998.153092343875,0.0,0.8758892625987187,1.1345807146757034
385800,3778.9463735478807,9998.174375714585,0.0,0.8760571295172067,1.1345837011686335
385860,3779.152112607155,9998.195292046197,0.0,0.8743368923557125,1.1345869683021645
385920,3779.0708579896527,9998.215847666932,0.0,0.8748756563044594,1.1345899881515205
385980,3779.029092073781,9998.236048795956,0.0,0.87482530724586,1.1345931448241784
386040,3778.8912212662085,9998.255901545252,0.0,0.8754938047485197,1.13459610325666
386100,3778.622606008132,9998.275411921477,0.0,0.8767598953681818,1.1345990778965493
386160,3778.856687615397,9998.294585827765,0.0,0.8752637225176669,1.1346021445870456
386220,3778.8755595548437,9998.313429065518,0.0,0.87472408459777,1.1346051255338465
386280,3778.903766253054,9998.331947336148,0.0,0.874643827847522,1.13460807354353
386340,3778.7146645926423,9998.35014624281,0.0,0.8754425374482513,1.1346108046248289
386400,3778.566480937811,9998.368031292084,0.0,0.8759471657093105,1.134613603346178
386460,3778.588336447481,9998.385607895643,0.0,0.8758761930135991,1.1346162860717985
386520,3778.9006953989074,9998.402881371889,0.0,0.8737221852300612,1.1346191784736996
386580,3778.765880610558,9998.419856947556,0.0,0.8746174164889715,1.1346217107952181
386640,3778.536110662101,9998.436539759288,0.0,0.8757531743722888,1.134624256619958
386700,3778.540065946591,9998.452934855195,0.0,0.8761221741389844,1.1346265659435368
386760,3778.689368324656,9998.469047196379,0.0,0.8757917430048197,1.134628392117826
386820,3778.8077213180677,9998.484881658418,0.0,0.8746055214338234,1.1346304870271244
386880,3779.0882800087247,9998.50044303286,0.0,0.8740948297466747,1.1346324296086967
386940,3778.956826782365,9998.51573602866,0.0,0.875055314507047,1.1346336865788091
387000,3778.6162664166536,9998.530765273594,0.0,0.8767632967695024,1.1346352307329473
387060,3778.7836904887736,9998.545535315674,0.0,0.8756152825392023,1.1346370065231275
387120,3778.715055136835,9998.560050624515,0.0,0.8755566451225326,1.1346388947122619
387180,3778.949576195612,9998.57431559268,0.0,0.8742462111144244,1.1346410004652652
387240,3778.7611539987824,9998.588334537017,0.0,0.8748934673207156,1.1346429582320146
387300,3778.534140470907,9998.602111699953,0.0,0.8759151953674953,1.134645013495021
387360,3778.5036766842254,9998.61565125079,0.0,0.8760612758518587,1.1346470273297382
387420,3778.721550508775,9998.628957286948,0.0,0.8743427356225515,1.1346492958266408
387480,3778.658889867862,9998.642033835216,0.0,0.874821682613354,1.134651312805041
387540,3778.6108788039046,9998.654884852966,0.0,0.8748710699931364,1.1346534445213463
387600,3778.4843276820243,9998.667514229342,0.0,0.8755261269226693,1.1346553880076578
387660,3778.2362507653356,9998.679925786451,0.0,0.8767242681029951,1.1346573515175424
387720,3778.4775248790584,9998.692123280496,0.0,0.8752456017222721,1.1346594116502864
387780,3778.5121784468697,9998.704110402934,0.0,0.8746760243117044,1.134661396900696
387840,3778.5362152738135,9998.715890781576,0.0,0.8746639288868451,1.134663352823624
387900,3778.35515226524,9998.727467981687,0.0,0.875473654216772,1.134665110280265
387960,3778.110950336546,9998.738845507074,0.0,0.8768225462910721,1.134666917259349
388020,3778.59026971646,9998.75002680113,0.0,0.875087682549266,1.1346683312663932
388080,3778.542566002162,9998.761015247881,0.0,0.8751461312181263,1.1346694809273488
388140,3778.705687277392,9998.771814173017,0.0,0.8743565736746727,1.1346709228329601
388200,3778.674957538023,9998.782426844882,0.0,0.8754470370912896,1.134671719265038
388260,3778.5569294499924,9998.792856475473,0.0,0.8759770854305063,1.1346724187324566
388320,3778.6377640671903,9998.80310622141,0.0,0.8750248285492627,1.1346735466357438
388380,3778.603085462881,9998.813179184888,0.0,0.875354021483325,1.1346746266598553
388440,3778.782306845304,9998.823078414614,0.0,0.8739518922819128,1.1346760883869413
388500,3778.579810173969,9998.832806906732,0.0,0.8750943041627854,1.134677348593274
388560,3778.260223543968,9998.842367605725,0.0,0.8767004868727226,1.134678738021885
388620,3778.415090128129,9998.85176340531,0.0,0.875622828403316,1.134680261596027
388680,3778.3801465027777,9998.86099714931,0.0,0.8754299141296018,1.1346817986669782
388740,3778.606295122139,9998.87007163251,0.0,0.8742479438217207,1.1346834398499293
388800,3778.4234084331565,9998.878989601513,0.0,0.8749349307346033,1.1346848681768058
388860,3778.207471125729,9998.88775375556,0.0,0.8759423709954197,1.1346863503888374
388920,3778.188760940526,9998.896366747349,0.0,0.8760665833657953,1.1346877624605527
388980,3778.4199243181893,9998.904831183845,0.0,0.8743371552941376,1.1346894006613213
389040,3778.372870953717,9998.913149627055,0.0,0.8747642955805208,1.1346907773679744
389100,3778.3144959952583,9998.92132459481,0.0,0.8749246161899984,1.1346922433542002
389160,3778.197529351641,9998.92935856153,0.0,0.8755637077639016,1.1346935298910443
389220,3777.9695347559036,9998.937253958968,0.0,0.8766856820525293,1.1346948364224954
389280,3778.2166963415225,9998.94501317694,0.0,0.8752216914195801,1.1346962396399587
389340,3778.265227936432,9998.95263856406,0.0,0.874623866387893,1.1346975736757277
389400,3778.3041151119996,9998.96013242844,0.0,0.8749473364737177,1.134698854442531
389460,3778.3272853143662,9998.967497038395,0.0,0.8754823551434309,1.1346994478563077
389520,3778.13459947343,9998.97473462312,0.0,0.8763842680934281,1.1347000522892479
389580,3778.4497957704157,9998.98184737338,0.0,0.8745081200486071,1.1347009655272822
389640,3778.6551301307964,9998.988837442153,0.0,0.8745922048786157,1.1347012483436263
389700,3778.59030146644,9998.9957069453,0.0,0.8744970860608454,1.1347016011088973
389760,3778.3941612725775,9999.002457962184,0.0,0.875547513111826,1.1347021275610565
389820,3778.3075082367095,9999.009092536326,0.0,0.8759282208891521,1.1347027192516372
389880,3778.365937522541,9999.015612675998,0.0,0.8750852413091984,1.1347036568580162
389940,3778.3511921515515,9999.02202035484,0.0,0.875291150893899,1.134704525405887
390000,3778.522642455469,9999.028317512468,0.0,0.8740145891102401,1.1347056820754604
390060,3778.3328597088816,9999.034506055037,0.0,0.8751250366321993,1.1347065859473657
390120,3778.027036349652,9999.040587855841,0.0,0.8766867263944539,1.1347075785256353
390180,3778.187116257234,9999.046564755865,0.0,0.8756218892214107,1.1347086817159573
390240,3778.1720961199076,9999.05243856435,0.0,0.8753560257461079,1.1347097826318806
390300,3778.391522330514,9999.058211059331,0.0,0.874251242110875,1.1347109654166727
390360,3778.2126911979794,9999.063883988189,0.0,0.874963999821061,1.1347119307909617
390420,3778.0047363534686,9999.069459068163,0.0,0.8759612471587462,1.1347129469568085
390480,3777.993825540452,9999.074937986887,0.0,0.8760688768202715,1.1347138957933471
390540,3778.2320199775786,9999.080322402884,0.0,0.874343644474186,1.1347150675215107
390600,3778.197433920641,9999.085613946076,0.0,0.8747222596014584,1.1347159874170432
390660,3778.1323419930986,9999.09081421828,0.0,0.874954911307332,1.1347169886245732
390720,3778.032488823769,9999.09592479369,0.0,0.8761467454274029,1.134717628122443
390780,3778.1556023793937,9999.100947219347,0.0,0.875895904498391,1.1347178577167853
390840,3778.158716668373,9999.10588301562,0.0,0.8754742352448448,1.1347183734253894
390900,3778.733266730689,9999.11073367665,0.0,0.8733935612425577,1.1347188504317898
390960,3778.520117119251,9999.115500670816,0.0,0.8747606880210868,1.1347185980848242
391020,3778.2225682184744,9999.120185441174,0.0,0.876282323469992,1.134718704032652
391080,3778.2937781683668,9999.124789405887,0.0,0.8757211903041152,1.1347189957870298
391140,3778.146867429711,9999.12931395867,0.0,0.876216883359395,1.1347194519360986
391200,3778.4498349511646,9999.133760469196,0.0,0.8744644573228321,1.1347201859084166
391260,3778.361856702479,9999.138130283516,0.0,0.8745515115922856,1.1347208487453375
391320,3778.1621018656815,9999.142424724469,0.0,0.8755903583390158,1.1347215727520996
391380,3778.079225238677,9999.146645092083,0.0,0.8759808623747005,1.1347222595835043
391440,3778.1628578423924,9999.15079266396,0.0,0.8750639802111304,1.1347231825012276
391500,3778.1617114535247,9999.154868695672,0.0,0.875226056576902,1.1347239501028958
391560,3778.318879646966,9999.158874421137,0.0,0.8740831335510674,1.1347249289767765
391620,3778.1388927513103,9999.162811052991,0.0,0.8751631913212364,1.1347256264026893
391680,3777.8470950456126,9999.166679782957,0.0,0.8766771902415805,1.1347263758224382
391740,3778.014042553739,9999.170481782205,0.0,0.8756161325546642,1.1347272113627878
391800,3778.01850640046,9999.174218201706,0.0,0.8752765592000725,1.134728028794149
391860,3778.2283175887146,9999.177890172581,0.0,0.8742589228563952,1.134728906287997
391920,3778.052468956348,9999.181498806443,0.0,0.8750004646797414,1.134729562335433
391980,3777.8525981674306,9999.185045195733,0.0,0.8759819375633559,1.134730265607737
392040,3777.8496133354342,9999.188530414052,0.0,0.8760684978972119,1.1347309034451991
392100,3778.083245177767,9999.191955516484,0.0,0.8744320714552027,1.1347317563140318
392160,3778.408993657836,9999.19532153992,0.0,0.8739078977947969,1.134732149718389
392220,3778.2213990461764,9999.198629503362,0.0,0.8748429554061232,1.1347320875134501
392280,3777.8746704994,9999.201880408238,0.0,0.8768853591462037,1.1347322481782527
392340,3778.247643896077,9999.205075238711,0.0,0.8755080295348213,1.134732226515872
392400,3778.2279398612,9999.208214961964,0.0,0.8757547325953353,1.1347318850674495
392460,3778.5729216938475,9999.2113005285,0.0,0.8734342142142308,1.1347320865374326
392520,3778.3593686435943,9999.214332872427,0.0,0.8747818273306113,1.1347320658237503
392580,3778.071404853786,9999.217312911747,0.0,0.8762154474546661,1.1347322925642789
392640,3778.119355128138,9999.220241548628,0.0,0.8757541661786464,1.1347326688901784
392700,3778.00125355229,9999.223119669674,0.0,0.8761162117597197,1.1347331463509407
392760,3778.3060917182393,9999.2259481462,0.0,0.8744238881866156,1.1347338157983178
392820,3778.2172202737083,9999.2287278345,0.0,0.8745612921232029,1.1347343607446418
392880,3778.0175996090134,9999.231459576085,0.0,0.8756226267300995,1.134734935018122
392940,3777.940923561433,9999.234144197964,0.0,0.8760077537593431,1.1347354524141533
393000,3778.0364284485904,9999.23678251288,0.0,0.8750640760783498,1.1347361844776078
393060,3778.0467603470133,9999.239375319554,0.0,0.8751768346712835,1.1347367515209286
393120,3778.1941400898822,9999.241923402935,0.0,0.874127440879176,1.1347375066579564
393180,3778.020276847463,9999.244427534431,0.0,0.8751898861056292,1.1347379850064196
393240,3777.7391382343894,9999.246888472147,0.0,0.876663956006138,1.1347385100106109
393300,3777.9090014460426,9999.249306961114,0.0,0.8756143799028263,1.1347391194432301
393360,3777.927398753096,9999.25168373351,0.0,0.875222028665451,1.1347397128051993
393420,3778.2674274121937,9999.254019508882,0.0,0.8738870612959263,1.1347403593647687
393480,3778.183223958678,9999.256314994376,0.0,0.875070585712624,1.134740184848235
393540,3777.9536703536296,9999.25857088493,0.0,0.8761470730081595,1.1347400878573148
393600,3778.059630529394,9999.260787863506,0.0,0.8755409786097381,1.134740220940949
393660,3778.3605200022903,9999.262966601282,0.0,0.8750480696712527,1.1347398072322745
393720,3778.3787924696053,9999.265107757856,0.0,0.874468685516534,1.1347395461625078
393780,3778.3009565312013,9999.267211981456,0.0,0.8750083386242209,1.1347394602930636
393840,3778.152630322791,9999.269279909126,0.0,0.8756295320395474,1.1347394057555529
393900,3778.0703408433133,9999.271312166924,0.0,0.8756471951556625,1.1347396610145664
393960,3778.083091319023,9999.273309370108,0.0,0.8756923113579796,1.1347399198827814
394020,3778.396498825231,9999.275272123325,0.0,0.8735358047561637,1.1347405359024567
394080,3778.1980873687003,9999.277201020792,0.0,0.8747921940654478,1.1347408475672471
394140,3777.912103190871,9999.279096646478,0.0,0.8762606931654902,1.1347412758366484
394200,3777.973867573238,9999.28095957428,0.0,0.8757723302771185,1.134741759586038
394260,3777.8794450908813,9999.282790368195,0.0,0.876029725850323,1.1347422745101394
394320,3778.182682718403,9999.284589582496,0.0,0.8743845823475604,1.134742923396899
394380,3778.0926320492576,9999.28635776189,0.0,0.8745749099362227,1.134743404656684
394440,3777.893280289594,9999.288095441694,0.0,0.8756602556280922,1.1347438844984046
394500,3777.823908431647,9999.289803147989,0.0,0.876034320610863,1.1347442898036684
394560,3777.932048607696,9999.29148139778,0.0,0.8750578378008532,1.134744890945092
394620,3777.953809224514,9999.293130699163,0.0,0.87512006164777,1.1347453195949022
394680,3778.088754663247,9999.29475155146,0.0,0.8741793378420101,1.1347459125052743
394740,3777.9208805312314,9999.296344445387,0.0,0.8752230471903645,1.1347462350953135
394800,3777.651253258367,9999.297909863193,0.0,0.8766512876247925,1.1347465992638954
394860,3778.004488932086,9999.299448278814,0.0,0.8749784205795326,1.1347469794719285
394920,3778.1028246543283,9999.300960158003,0.0,0.8751464991036626,1.1347467379261633
394980,3778.213203788357,9999.302445958485,0.0,0.874125571671015,1.1347467605162251
395040,3778.04197055646,9999.303906130091,0.0,0.8758826206524224,1.1347465945427289
395100,3778.187950488862,9999.30534111489,0.0,0.8756427057713092,1.1347459491303602
395160,3777.9592378763423,9999.30675134733,0.0,0.8766833000227118,1.1347455650525395
395220,3778.2666583830137,9999.308137254362,0.0,0.8749204192988816,1.1347455010858059
395280,3778.2540521336223,9999.30949925557,0.0,0.8745530568139984,1.1347455069535253
395340,3778.1709712771317,9999.31083776331,0.0,0.8750440478695367,1.134745651666607
395400,3778.022820101945,9999.312153182818,0.0,0.8756927369002669,1.1347457689484386
395460,3777.962024595623,9999.313445912341,0.0,0.8756431223101895,1.1347461178471647
395520,3777.985128822131,9999.31471634326,0.0,0.8756537808404773,1.1347464073274784
395580,3778.2907096941553,9999.315964860201,0.0,0.8735820721865314,1.1347470019267387
395640,3778.100915446952,9999.317191841163,0.0,0.8748021585073579,1.134747274276922
395700,3777.818400734223,9999.318397657613,0.0,0.8762745264132739,1.1347476330715973
395760,3777.884778924999,9999.319582674627,0.0,0.8757877636956177,1.1347480330083568
395820,3777.808007197451,9999.320747250968,0.0,0.8759661233000208,1.1347484534456083
395880,3778.1094174369196,9999.321891739219,0.0,0.8743582296776153,1.1347489932441257
395940,3778.0188507263438,9999.323016485883,0.0,0.8745843009813186,1.1347493579664787
396000,3777.820081420584,9999.324121831483,0.0,0.8756838185407637,1.1347497170795013
396060,3777.754924699688,9999.32520811067,0.0,0.8760523802265475,1.1347500034972076
396120,3777.8242920042658,9999.32627565232,0.0,0.875413777612303,1.1347504703216482
396180,3778.303502737052,9999.327324779639,0.0,0.8739976936293558,1.1347505408098482
396240,3778.1634145691896,9999.328355810254,0.0,0.8746232185175357,1.1347502034301675
396300,3777.904349533921,9999.32936905632,0.0,0.8762586162380176,1.13475008772811
396360,3778.1230869730084,9999.330364824604,0.0,0.8757872467793937,1.1347496588774915
396420,3778.0980314859808,9999.331343416583,0.0,0.8760243075217143,1.1347490117742014
396480,3778.444317226549,9999.332305128532,0.0,0.8736286943041053,1.1347489152074075
396540,3778.2823729370216,9999.333250251617,0.0,0.8747271375638254,1.134748635780788
396600,3778.111003407609,9999.33417907198,0.0,0.8754783006294058,1.1347486444574777
396660,3778.0554401146487,9999.33509187083,0.0,0.8756611036430946,1.1347487016437545
396720,3777.8441891060816,9999.335988924524,0.0,0.8766216176466862,1.134748882192399
396780,3778.1386826561456,9999.33687050465,0.0,0.8748906819258553,1.1347492695697756
396840,3778.141347902957,9999.33773687812,0.0,0.8744900564057136,1.1347496115207527
396900,3778.045233119466,9999.33858830723,0.0,0.8750956323064931,1.1347499683484814
396960,3777.905626963862,9999.33942504976,0.0,0.8757404706283943,1.1347502244988075
397020,3777.8596696837835,9999.340247359041,0.0,0.8756431304393664,1.1347506535544922
397080,3777.893479281786,9999.341055484037,0.0,0.875607885945693,1.1347509816852095
397140,3778.191121940066,9999.34184966941,0.0,0.8736287628337194,1.1347515653569715
397200,3778.009118533793,9999.34263015561,0.0,0.8748188237150918,1.1347518102956338
397260,3777.730670224907,9999.343397178938,0.0,0.8762915313992549,1.134752115329003
397320,3777.8022113178326,9999.344150971616,0.0,0.8758023936334693,1.1347524510283997
397380,3777.744551525353,9999.34489176186,0.0,0.8758941725527826,1.1347527984964025
397440,3778.043606242559,9999.345619773956,0.0,0.8743274269768719,1.134753251497122
397500,3777.950899069806,9999.346335228314,0.0,0.8745995327139355,1.1347535221539582
397560,3777.6554187886445,9999.347038341548,0.0,0.8766193086062266,1.1347537456755141
397620,3777.945994799472,9999.34772932653,0.0,0.8757572540445837,1.1347535211496473
397680,3777.8643543124413,9999.348408392461,0.0,0.8760948633166323,1.134753208748704
397740,3778.3995909399673,9999.34907574494,0.0,0.8730795978108423,1.1347533209849843
397800,3778.3700674007237,9999.349731586013,0.0,0.8744852763508434,1.1347526628928162
397860,3778.176741430755,9999.350376114244,0.0,0.8752483375267457,1.1347520074224888
397920,3778.0099058306614,9999.351009524768,0.0,0.8759029232130711,1.1347516732828389
397980,3778.017624192241,9999.35163200936,0.0,0.8759600657476674,1.1347514228035631
398040,3778.3251177627867,9999.35224375648,0.0,0.8737417064012671,1.1347516146943837
398100,3778.1876971189185,9999.352844951349,0.0,0.8746814751081964,1.1347516061139773
398160,3778.00552793711,9999.35343577598,0.0,0.8755418326915141,1.1347517826452498
398220,3777.962272036455,9999.354016409254,0.0,0.8756928644271763,1.1347519456501796
398280,3777.77015151697,9999.35458702696,0.0,0.8765638039185406,1.1347521848598725
398340,3778.0648013383866,9999.355147801865,0.0,0.8748608039339999,1.134752593951334
398400,3778.0737197382005,9999.355698903746,0.0,0.8744617592178522,1.1347529310448645
398460,3777.9700338835537,9999.35624049946,0.0,0.8751274962721154,1.1347532560413294
398520,3777.8348194527666,9999.356772752977,0.0,0.8757752853894758,1.1347534711626706
398580,3777.7990957090806,9999.357295825446,0.0,0.875648089849373,1.1347538473611574
398640,3777.841317382901,9999.357809875233,0.0,0.8755734642662986,1.134754118291829
398700,3778.132656847436,9999.35831505797,0.0,0.8736628926082524,1.134754628092065
398760,3777.9562107863444,9999.358811526612,0.0,0.8748297526197307,1.134754804166906
398820,3777.6816037683943,9999.35929943147,0.0,0.8762960573141064,1.1347550334893035
398880,3777.847388087921,9999.359778920263,0.0,0.8757337883615521,1.134755173304429
398940,3778.0005433501506,9999.360250138161,0.0,0.8755485012402693,1.134754784704183
399000,3778.1733970848904,9999.36071322783,0.0,0.8741177398091895,1.1347547081438898
399060,3778.209061081648,9999.36116832948,0.0,0.8749515996533971,1.1347544456582817
399120,3778.213377826442,9999.361615580896,0.0,0.8753516193890927,1.134753609640886
399180,3777.906416794989,9999.362055117492,0.0,0.876899372253714,1.13475307294015
399240,3778.1608832501893,9999.362487072342,0.0,0.8753516757787823,1.1347528478810065
399300,3778.1459605774235,9999.362911576225,0.0,0.8750012972571096,1.134752744100135
399360,3778.24980757772,9999.363328757667,0.0,0.8745039626131966,1.1347528411323817
399420,3778.0615379695178,9999.363738742974,0.0,0.8752726105781045,1.1347528488003116
399480,3777.890595190722,9999.364141656271,0.0,0.8759301963321884,1.1347530388469305
399540,3777.903920466754,9999.364537619553,0.0,0.8759513250665133,1.1347532101270705
399600,3778.2230357239587,9999.364926752696,0.0,0.8737348656979218,1.1347536994645568
399660,3778.094179041966,9999.36530917352,0.0,0.8746512203463599,1.1347538959468504
399720,3777.9030263195236,9999.365684997809,0.0,0.8755911134981682,1.1347541983615586
399780,3777.866365343148,9999.366054339343,0.0,0.8757291122377687,1.1347544489106047
399840,3777.6958509947717,9999.36641730995,0.0,0.8764984948363506,1.1347547377014273
399900,3777.9919912697837,9999.366774019523,0.0,0.8748232784018538,1.1347551603651702
399960,3778.0055417905896,9999.367124576062,0.0,0.8744371924152353,1.134755486520585
400020,3777.8934502684265,9999.3674690857,0.0,0.8751661117508568,1.1347557780129123
400080,3777.763329505165,9999.367807652747,0.0,0.875814409582333,1.1347559539528276
400140,3777.739658763226,9999.368140379704,0.0,0.8756479964918016,1.1347562810969658
400200,3777.790903535559,9999.368467367312,0.0,0.8755314683983779,1.1347564999565405
400260,3778.074341387477,9999.368788714572,0.0,0.8737006485193304,1.1347569408437304
400320,3778.0154057031123,9999.369104518772,0.0,0.8751051812107745,1.1347568302964115
400380,3777.963034800982,9999.369414875528,0.0,0.8755455798038412,1.134756342231753
400440,3777.703872036588,9999.369719878805,0.0,0.8768839059569415,1.1347561092909906
400500,3778.330021986924,9999.37001962095,0.0,0.8742569539103334,1.1347558473140062
400560,3778.2273360340478,9999.37031419271,0.0,0.8749957551273697,1.1347550518811511
400620,3778.255927408593,9999.370603683275,0.0,0.874643966995226,1.1347547024463467
400680,3778.1253862514013,9999.37088818029,0.0,0.8753758907002026,1.1347543034080998
400740,3777.8346501552846,9999.37116776989,0.0,0.876823539101513,1.1347541160217092
400800,3778.0651479934036,9999.371442536727,0.0,0.875349829233558,1.1347541970548007
400860,3778.0753160427275,9999.37171256399,0.0,0.8748915521272694,1.1347543345615247
400920,3778.163710327474,9999.371977933433,0.0,0.8745318800052474,1.1347545756611288
400980,3777.9801767010626,9999.372238725402,0.0,0.8753136647508,1.1347546783002929
401040,3777.8184127981676,9999.372495018853,0.0,0.8759445702633231,1.134754926610755
401100,3777.838919107016,9999.372746891386,0.0,0.875937151959913,1.134755130890182
401160,3778.1597279082303,9999.372994419256,0.0,0.8737497096243906,1.134755622295788
401220,3778.039209395238,9999.37323767741,0.0,0.8746301527835348,1.1347558094745158
401280,3777.843029111974,9999.373476739494,0.0,0.8756195159962838,1.1347560795878373
401340,3777.809933038798,9999.37371167789,0.0,0.8757554254849906,1.1347562956779196
401400,3777.6550812184123,9999.373942563727,0.0,0.8764505658640233,1.1347565447438217
401460,3777.9510491172673,9999.37416946691,0.0,0.8747991889671873,1.1347569188614592
401520,3777.9683405499004,9999.374392456139,0.0,0.8744203004784061,1.1347571931938736
401580,3777.8030250370166,9999.374611598925,0.0,0.8758524934731318,1.1347573931061539
401640,3777.959305488577,9999.374826961617,0.0,0.875703967807207,1.1347570288949176
401700,3777.8179876528948,9999.375038609425,0.0,0.8763664745696915,1.1347566421095108
401760,3778.2977681537145,9999.375246606422,0.0,0.8735902752757636,1.1347566524077914
401820,3778.406560202703,9999.375451015583,0.0,0.8743130581446807,1.1347559551093875
401880,3778.248581557075,9999.3756518988,0.0,0.8747848850516697,1.13475528529415
401940,3778.032315017246,9999.37584931689,0.0,0.8758429637543831,1.134754872926202
402000,3778.0020325856426,9999.376043329625,0.0,0.8760267673850837,1.134754560826932
402060,3778.193478460247,9999.376233995745,0.0,0.8744364384322797,1.134754656969563
402120,3778.1302440133873,9999.37642137298,0.0,0.8749513623238862,1.1347546330452298
402180,3778.1378684080905,9999.376605518057,0.0,0.8746905708575823,1.1347548566559484
402240,3778.004076614438,9999.376786486731,0.0,0.8754290317893068,1.1347549391550282
402300,3777.7337532353886,9999.376964333795,0.0,0.876789897275859,1.134755113446331
402360,3777.973850489581,9999.377139113094,0.0,0.8753212983421274,1.1347554469105694
402420,3777.9986429101928,9999.377310877544,0.0,0.8748179451119807,1.1347557605089988
402480,3778.0714097493774,9999.37747967915,0.0,0.8745669008439775,1.134756111717865
402540,3777.892461472655,9999.377645569017,0.0,0.8753641342792016,1.1347562887132148
402600,3777.742814016692,9999.377808597375,0.0,0.8759564367949003,1.1347565780648035
402660,3777.7717838118915,9999.37796881358,0.0,0.8759166056196888,1.1347568002931125
402720,3778.094095629427,9999.378126266143,0.0,0.8737606349549139,1.1347572820533867
402780,3777.980708252745,9999.378281002733,0.0,0.8746124011828943,1.1347574514869845
402840,3777.779098205615,9999.3784330702,0.0,0.8756553429292944,1.1347576830468662
402900,3777.7505998548627,9999.378582514586,0.0,0.8757840716821755,1.1347578610307851
402960,3777.613158198085,9999.378729381135,0.0,0.8763962957213188,1.1347580680639917
403020,3778.2362634442334,9999.378873714313,0.0,0.8733128415067692,1.1347584182433372
403080,3778.1563947963414,9999.379015557823,0.0,0.8745262190520816,1.1347579392853848
403140,3778.0004255404665,9999.379154954608,0.0,0.8750976012347426,1.1347576149326022
403200,3777.7897008156283,9999.379291946872,0.0,0.8766308469165767,1.1347572976784701
403260,3778.117665551687,9999.379426576093,0.0,0.8756977954988381,1.1347565493913825
403320,3778.0711651979886,9999.379558883033,0.0,0.8755640400642825,1.1347560206492604
403380,3778.339874302412,9999.379688907746,0.0,0.8742255006310173,1.134755781288713
403440,3778.1650898319504,9999.379816689603,0.0,0.8748218501199037,1.1347554942547056
403500,3777.9409148826157,9999.37994226729,0.0,0.8758715025972788,1.134755411960927
403560,3777.909218582062,9999.380065678828,0.0,0.8760575509665041,1.13475537898975
403620,3778.119617157053,9999.380186961584,0.0,0.8744194810152074,1.1347556710389832
403680,3778.0669233139756,9999.380306152276,0.0,0.8748962356997211,1.1347557768062229
403740,3778.0608518921167,9999.380423286992,0.0,0.8747414994184308,1.1347560719872967
403800,3777.9323475513324,9999.380538401194,0.0,0.8754649898988017,1.1347562072953505
403860,3777.6771194001535,9999.380651529738,0.0,0.8767566947278285,1.1347564086199649
403920,3777.919561860574,9999.380762706875,0.0,0.875304617216149,1.134756746471297
403980,3777.9558848816523,9999.380871966263,0.0,0.8747640170686202,1.134757050994283
404040,3778.017953447669,9999.380979340986,0.0,0.8745885789917358,1.1347573739156678
404100,3777.8417467921686,9999.38108486355,0.0,0.875398483039346,1.1347575204796907
404160,3777.700027618594,9999.381188565907,0.0,0.8759675297577795,1.1347577736165195
404220,3777.735067181363,9999.38129047945,0.0,0.8759010847683418,1.1347579589922756
404280,3778.0567767683483,9999.38139063504,0.0,0.8737772655098605,1.1347583940937553
404340,3778.1822046334914,9999.381489063,0.0,0.8743515894467381,1.1347582903633615
404400,3778.036471148843,9999.38158579313,0.0,0.8751597355537731,1.134757761084196
404460,3777.692616845166,9999.381680854713,0.0,0.8771058198265202,1.1347574779150347
404520,3778.20985662854,9999.381774276535,0.0,0.8749943589150652,1.1347570992430163
404580,3778.162167639838,9999.38186608688,0.0,0.8754255965657368,1.1347562986630564
404640,3778.394809983056,9999.381956313544,0.0,0.8738236603662249,1.1347560202709261
404700,3778.1957891027855,9999.382044983846,0.0,0.8750298261413655,1.1347555795094617
404760,3777.8771965372034,9999.382132124632,0.0,0.8766503769131074,1.1347553766844665
404820,3778.0184594397983,9999.382217762284,0.0,0.8756497116037831,1.1347553992983208
404880,3777.9713667943915,9999.382301922733,0.0,0.8755571175583083,1.1347555114599206
404940,3778.226590859259,9999.382384631455,0.0,0.874233316529552,1.134755796610316
405000,3778.0554182507017,9999.382465913497,0.0,0.8748629879296527,1.1347559173913173
405060,3777.840206605935,9999.382545793465,0.0,0.8759048900422234,1.1347561291484891
405120,3777.818438733641,9999.382624295546,0.0,0.8760661438809424,1.1347563064298576
405180,3778.0382468528264,9999.382701443505,0.0,0.8744159492242892,1.1347567424449991
405240,3777.998404654838,9999.382777260704,0.0,0.8748335746989174,1.1347569514248712
405300,3777.976669601402,9999.382851770095,0.0,0.8748030610124299,1.134757294229429
405360,3777.855056943741,9999.382924994237,0.0,0.8755058283513683,1.1347574618275647
405420,3777.616588042378,9999.3829969553,0.0,0.8767202350367871,1.1347576734907725
405480,3777.861871816703,9999.383067675073,0.0,0.8752821046960807,1.1347580030926607
405540,3777.910139266743,9999.38313717497,0.0,0.8747047238832231,1.1347582881881453
405600,3777.959419631661,9999.383205476026,0.0,0.8746169347090618,1.1347585733318055
405660,3777.7864040061895,9999.383272598925,0.0,0.8754392260119748,1.134758682524454
405720,3777.5460334312847,9999.38333856399,0.0,0.8768395105930912,1.1347588623595197
405780,3778.0221309478397,9999.383403391192,0.0,0.8751414646184597,1.134758685507177
405840,3777.989540141949,9999.383467100159,0.0,0.8751765176082821,1.1347582840684334
405900,3778.1833761745524,9999.383529710178,0.0,0.8742614366226421,1.134758200911171
405960,3778.150586254407,9999.383591240205,0.0,0.8754095736834246,1.1347574961845643
406020,3778.036590167196,9999.383651708873,0.0,0.8759613468883566,1.1347567279818098
406080,3778.1123518729282,9999.383711134487,0.0,0.8751018465606858,1.1347564007248447
406140,3778.0951040690675,9999.383769535041,0.0,0.8753810987621614,1.1347560562653016
406200,3778.2975538289124,9999.383826928213,0.0,0.8738961833689499,1.1347561167565254
406260,3778.101688268253,9999.383883331386,0.0,0.8750615436525087,1.1347559912869045
406320,3777.7923304028564,9999.38393876163,0.0,0.8766619204755657,1.1347560178757958
406380,3777.945006678422,9999.383993235733,0.0,0.875648244199936,1.134756194825856
406440,3777.914974679852,9999.384046770187,0.0,0.8754840843267805,1.1347564114475606
406500,3778.1610155591457,9999.384099381197,0.0,0.8742329214103095,1.134756758422233
406560,3777.9910372283884,9999.384151084696,0.0,0.8748924774385659,1.1347569157063484
406620,3777.7810185745075,9999.384201896335,0.0,0.8759273148878612,1.134757142233347
406680,3777.764869000273,9999.384251831498,0.0,0.8760725890503072,1.1347573210175943
406740,3777.9904557198206,9999.384300905305,0.0,0.8744213338394611,1.1347577419683976
406800,3777.9611551115418,9999.384349132617,0.0,0.8747877410264251,1.1347579331584965
406860,3777.9291003435706,9999.384396528032,0.0,0.8748390428539752,1.1347582382005708
406920,3777.8108961765083,9999.384443105899,0.0,0.8755347217520745,1.134758372946816
406980,3777.58483620592,9999.384488880323,0.0,0.8766907181090758,1.1347585489505478
407040,3778.09878321667,9999.384533865163,0.0,0.874143662266751,1.1347588160696762
407100,3778.1182381666413,9999.384578074036,0.0,0.8748008598487171,1.1347583506842014
407160,3778.110686507587,9999.384621520327,0.0,0.8744846273545698,1.1347581051134652
407220,3777.8672792642105,9999.384664217196,0.0,0.8764476669398045,1.1347577427269964
407280,3778.1260899057806,9999.384706177561,0.0,0.8757496838513951,1.1347569316068937
407340,3777.977592636688,9999.384747414137,0.0,0.876266621232358,1.1347563671949137
407400,3778.2981447948055,9999.384787939398,0.0,0.8745200796707525,1.1347561280414387
407460,3778.2190382507174,9999.384827765622,0.0,0.8745403173725226,1.1347559052521419
407520,3778.031876937696,9999.384866904864,0.0,0.875507775596314,1.1347558343172817
407580,3777.9386863560535,9999.384905368974,0.0,0.8759393305551507,1.1347557876801715
407640,3778.001916594401,9999.384943169596,0.0,0.8751382744393179,1.1347560223114124
407700,3778.000925842677,9999.384980318178,0.0,0.8753109742163254,1.1347561455085764
407760,3778.1898428055138,9999.385016825967,0.0,0.8739704688630514,1.134756532898021
407820,3778.004572220405,9999.385052704014,0.0,0.8750995012919094,1.1347566493177264
407880,3777.7069831258164,9999.385087963185,0.0,0.8766549073250803,1.1347568445345793
407940,3777.8643363200713,9999.38512261415,0.0,0.8756465619994795,1.1347571401093557
408000,3777.854381411837,9999.385156667406,0.0,0.8753962152102933,1.134757436613416
408060,3778.0894342337037,9999.38519013326,0.0,0.8742355983992329,1.134757820756256
408120,3777.92035922673,9999.385223021845,0.0,0.8749292109444187,1.1347579937659902
408180,3777.7163630889454,9999.38525534312,0.0,0.8759516920584659,1.1347582190028962
408240,3777.7068244990137,9999.385287106868,0.0,0.876076721389596,1.1347583868304856
408300,3777.9395425389307,9999.38531832271,0.0,0.8744191611038107,1.134758782097707
408360,3777.920608803101,9999.385349000091,0.0,0.8747370121382622,1.1347589463038141
408420,3777.8761316858527,9999.385379148305,0.0,0.8748836215834033,1.1347592045157209
408480,3777.7730328251196,9999.385408776478,0.0,0.8761274210818882,1.134759106241205
408540,3777.892454795675,9999.38543789358,0.0,0.8759005058076116,1.1347586239882201
408600,3777.8910041948775,9999.385466508425,0.0,0.8755467530940995,1.1347584335747043
408660,3778.4808819947707,9999.385494629681,0.0,0.8733763325013522,1.1347582225827468
408720,3778.2716724002867,9999.385522265859,0.0,0.8747389820868096,1.1347573079453523
408780,3777.9873939703825,9999.385549425328,0.0,0.87621396747437,1.134756757485579
408840,3778.051510116873,9999.385576116309,0.0,0.8757268718171841,1.1347563908001677
408900,3777.9048139197816,9999.385602346882,0.0,0.8762563771267426,1.1347561993598412
408960,3778.2115523933935,9999.385628124994,0.0,0.8745017600829852,1.134756293339268
409020,3778.139528192103,9999.385653458447,0.0,0.8745280674642409,1.134756333304965
409080,3777.9504212260063,9999.38567835491,0.0,0.8755475306164955,1.1347564383719158
409140,3777.8650600271353,9999.38570282192,0.0,0.8759669190609984,1.1347565134218318
409200,3777.9382711444864,9999.38572686689,0.0,0.8751409514827457,1.1347568285823098
409260,3777.9481311258915,9999.385750497095,0.0,0.8752599860588451,1.1347570077316191
409320,3778.125739102657,9999.38577371969,0.0,0.874019889097402,1.1347574119664345
409380,3777.9464722458597,9999.385796541708,0.0,0.875126617358088,1.1347575374889118
409440,3777.658145383163,9999.385818970059,0.0,0.8766448866998341,1.1347577255302717
409500,3777.8178399807834,9999.385841011528,0.0,0.8756468699789924,1.13475800417812
409560,3777.8221458662456,9999.385862672796,0.0,0.8753361904151677,1.1347582784802777
409620,3778.0492734777504,9999.385883960418,0.0,0.8742373367747801,1.134758627614879
409680,3777.881063364576,9999.385904880839,0.0,0.8749537163803925,1.134758764778167
409740,3777.5639823970655,9999.385925440394,0.0,0.8769580919220917,1.1347589131493319
409800,3777.966023080774,9999.385945645306,0.0,0.8755703232680031,1.1347586626507284
409860,3777.915405158384,9999.385965501695,0.0,0.8757190609267234,1.1347582611981517
409920,3778.3482260196047,9999.385985015571,0.0,0.8733646707296965,1.1347582621822458
409980,3778.2798565492044,9999.386004192844,0.0,0.8748936338850968,1.1347575106102028
410040,3778.109669240572,9999.386023039317,0.0,0.8756239360980168,1.1347567397665552
410100,3778.0360431100867,9999.386041560698,0.0,0.8756567768055737,1.1347563544128019
410160,3778.045822862514,9999.386059762595,0.0,0.8757522871670487,1.1347560203503706
410220,3778.366881812449,9999.386077650519,0.0,0.8734971971786551,1.1347561419874854
410280,3778.167285989815,9999.386095229886,0.0,0.8747589586262834,1.1347560277778033
410340,3777.888433490497,9999.386112506016,0.0,0.8761811111133285,1.13475608595989
410400,3777.937374025976,9999.386129484143,0.0,0.8757611721450989,1.1347562229287391
410460,3777.8203106393426,9999.386146169405,0.0,0.8761486428590025,1.1347564223122837
410520,3778.1277799844206,9999.386162566854,0.0,0.8744535870357192,1.1347567878194385
410580,3778.053216142671,9999.386178681456,0.0,0.8745387163370834,1.1347570161555507
410640,3777.861871403897,9999.386194518089,0.0,0.8755896229556199,1.1347572530898493
410700,3777.7831882205505,9999.386210081551,0.0,0.8760001456978138,1.134757421561486
410760,3777.8702721273457,9999.38622537655,0.0,0.8751332913382219,1.1347577932693653
410820,3777.8911668025535,9999.386240407717,0.0,0.8752014919212073,1.1347580057630184
410880,3778.05513960316,9999.386255179605,0.0,0.874076313742073,1.1347584070249253
410940,3777.881976714603,9999.386269696683,0.0,0.8751603526057852,1.1347585269810296
411000,3777.604180266838,9999.386283963351,0.0,0.8766359780461898,1.13475869567514
411060,3777.7673517332355,9999.386297983925,0.0,0.875643384989891,1.1347589473251556
411120,3777.787046380323,9999.386311762653,0.0,0.8752680663192052,1.1347591905781447
411180,3778.149634915062,9999.386325303703,0.0,0.8738081538494413,1.1347594977096294
411240,3778.0580447401694,9999.386338611177,0.0,0.8750351885493708,1.1347589954091633
411300,3777.8304216386746,9999.386351689105,0.0,0.8761160833510714,1.1347585779013833
411360,3777.917699217618,9999.386364541446,0.0,0.8756414108508754,1.1347583828009355
411420,3778.2248748653024,9999.38637717209,0.0,0.8750869162351448,1.1347576672727493
411480,3778.2513884602467,9999.386389584863,0.0,0.8744811687553529,1.134757111200132
411540,3778.190224584567,9999.38640178352,0.0,0.8749556374862754,1.1347567312509603
411600,3778.0386760750926,9999.386413771756,0.0,0.8756013618292251,1.1347563790747766
411660,3777.94765862632,9999.386425553203,0.0,0.8756963615156665,1.1347563329493047
411720,3777.9655683777305,9999.386437131425,0.0,0.8757203716607994,1.1347562995740894
411780,3778.287129403175,9999.386448509928,0.0,0.8735295709584548,1.1347566267729505
411840,3778.0956702329127,9999.386459692158,0.0,0.8747652854950952,1.1347566547850274
411900,3777.818557967238,9999.386470681498,0.0,0.8761966092064546,1.1347568035248838
411960,3777.8707755188657,9999.38648148128,0.0,0.8757808384338545,1.1347570038807848
412020,3777.772665426012,9999.386492094773,0.0,0.8760795861468843,1.1347572428857193
412080,3778.0783657013444,9999.386502525185,0.0,0.8744236098522921,1.1347576209484178
412140,3778.0031231087223,9999.38651277568,0.0,0.8745450698624777,1.134757844786447
412200,3777.8108798313187,9999.38652284936,0.0,0.8756165147408836,1.134758065456516
412260,3777.7362697306016,9999.386532749271,0.0,0.8760222781720407,1.1347582139137145
412320,3777.831431172437,9999.386542478416,0.0,0.8751366848598829,1.1347585573489318
412380,3777.861507343369,9999.386552039736,0.0,0.8751584272305232,1.1347587421470988
412440,3778.016229545333,9999.38656143613,0.0,0.8741117525320413,1.134759100613758
412500,3777.8932969598636,9999.38657067044,0.0,0.8757011489156137,1.1347589638934212
412560,3777.9315463637995,9999.386579745462,0.0,0.8757778838505735,1.1347584529343653
412620,3777.7780503152667,9999.386588663945,0.0,0.876398008643165,1.1347582181917255
412680,3778.46486053643,9999.386597428589,0.0,0.8735822473256195,1.1347579827013767
412740,3778.286995319328,9999.386606042048,0.0,0.8747386329717197,1.1347570961228288
412800,3778.1385484922525,9999.386614506928,0.0,0.8754232891104591,1.134756618087617
412860,3778.09224966509,9999.386622825796,0.0,0.8756033427559644,1.134756211483724
412920,3777.854610109196,9999.386631001165,0.0,0.8767067361323737,1.1347560031067299
412980,3778.1394450709977,9999.386639035516,0.0,0.8749726044049441,1.1347560859120531
413040,3778.1447041928504,9999.386646931276,0.0,0.8745309977907935,1.1347561861763222
413100,3778.0735231705016,9999.386654690836,0.0,0.8750043656499119,1.134756345428256
413160,3777.924880502193,9999.38666231655,0.0,0.8756702149476604,1.1347564221744848
413220,3777.856154157284,9999.386669810725,0.0,0.8756908171985355,1.1347566913828948
413280,3777.8850572126253,9999.386677175627,0.0,0.8756757297955491,1.1347568829862087
413340,3778.1980498563544,9999.386684413492,0.0,0.873578925664819,1.134757357702744
413400,3778.015287980409,9999.386691526503,0.0,0.8747775295726953,1.1347574965132219
413460,3777.7403534641894,9999.38669851682,0.0,0.8762212688627804,1.1347577096807324
413520,3777.7985986213116,9999.386705386558,0.0,0.8757991879516311,1.134757949888081
413580,3777.720772890994,9999.386712137795,0.0,0.8760037332237011,1.134758208262746
413640,3778.0243491855645,9999.386718772577,0.0,0.8743890786854039,1.1347585825177207
413700,3777.9470808222177,9999.386725292914,0.0,0.8745569650440208,1.1347587875300575
413760,3777.7540316372665,9999.386731700775,0.0,0.8756486597274022,1.1347589802261575
413820,3777.684564643138,9999.386737998107,0.0,0.8760455528462309,1.1347590991383754
413880,3777.7409210968935,9999.386744186815,0.0,0.875504071578495,1.134759393530293
413940,3778.22080523823,9999.386750268768,0.0,0.8740509899116012,1.134759306287976
414000,3778.0948886990745,9999.38675624581,0.0,0.8746110959253447,1.1347588296951185
414060,3777.851976491096,9999.386762119753,0.0,0.876165381009986,1.1347585696249307
414120,3778.049842516069,9999.386767892374,0.0,0.8758068040756202,1.1347579925133668
414180,3778.025710786402,9999.386773565418,0.0,0.8760394557609207,1.1347572147436074
414240,3778.3630794304563,9999.386779140606,0.0,0.8737078143436134,1.1347569768508383
414300,3778.2157353279545,9999.386784619624,0.0,0.8747318519692241,1.1347565662580577
414360,3778.0608690436075,9999.386790004131,0.0,0.8753981123811779,1.1347564427271317
414420,3777.9966376883826,9999.38679529576,0.0,0.8756490881766157,1.1347563564167578
414480,3777.7821503732516,9999.386800496111,0.0,0.8766432599307934,1.1347563961354423
414540,3778.07303745796,9999.386805606759,0.0,0.8749362262236666,1.1347566419174713
414600,3778.084032155496,9999.38681062925,0.0,0.8744997311602426,1.1347568508541463
414660,3778.0033142149064,9999.386815565103,0.0,0.8750389910084582,1.134757077181275
414720,3777.858952949911,9999.386820415819,0.0,0.8757103040073817,1.134757199649533
414780,3777.801685768112,9999.38682518286,0.0,0.8756957234435444,1.1347574914176548
414840,3777.8389951146355,9999.386829867675,0.0,0.875642082025043,1.1347576913509336
414900,3778.145826119832,9999.386834471676,0.0,0.8736145906678845,1.134758150652421
414960,3777.9692638537963,9999.38683899626,0.0,0.8747859774597263,1.1347582738023354
415020,3777.697036244233,9999.386843442799,0.0,0.8762303584699681,1.1347584590298643
415080,3777.7576153417667,9999.386847812639,0.0,0.8758138272721352,1.1347586695887277
415140,3777.694442485757,9999.3868521071,0.0,0.8759504244836628,1.1347588971480373
415200,3778.2846649051808,9999.386856327483,0.0,0.8731447704957295,1.1347592651574674
415260,3778.150355533285,9999.386860475068,0.0,0.8746522785864946,1.1347587452352552
415320,3777.930169987169,9999.386864551108,0.0,0.875620865657394,1.13475835716551
415380,3777.8257840301717,9999.38686855684,0.0,0.8763762046179409,1.1347580825968506
415440,3778.1750275361537,9999.386872493473,0.0,0.875481247592808,1.1347573374012794
415500,3778.183970415687,9999.386876362201,0.0,0.8749735087196778,1.134756792488893
415560,3778.3147164461834,9999.386880164197,0.0,0.8744305735631623,1.1347564891876385
415620,3778.1232446122694,9999.38688390061,0.0,0.8751789905074869,1.1347561559860222
415680,3777.930979769146,9999.386887572571,0.0,0.8759325652535033,1.1347560798803942
415740,3777.934465034316,9999.386891181193,0.0,0.8759837010775416,1.1347560507311223
415800,3778.2446734927917,9999.386894727568,0.0,0.8737893836887661,1.134756383102151
415860,3778.1196045455576,9999.386898212771,0.0,0.8746786998282489,1.134756457198209
415920,3777.950687128994,9999.386901637856,0.0,0.8754732724852407,1.1347566750891982
415980,3777.8993035610933,9999.38690500386,0.0,0.8756881666883543,1.134756842339759
416040,3777.706952117288,9999.3869083118,0.0,0.876577863030898,1.1347570639470577
416100,3777.999110661541,9999.38691156268,0.0,0.8748982284632054,1.1347574340706712
416160,3778.0170862705386,9999.386914757486,0.0,0.8744636165564627,1.1347577245156288
416220,3777.925658740277,9999.386917897182,0.0,0.8750809781571345,1.134757991901308
416280,3777.786793079949,9999.38692098272,0.0,0.8757538306553743,1.1347581381966327
416340,3777.7424216803265,9999.386924015036,0.0,0.8756963298392746,1.1347584348665523
416400,3777.78889070841,9999.386926995045,0.0,0.875600901129118,1.1347586290251839
416460,3778.088301018697,9999.386929923648,0.0,0.873652905794489,1.1347590597133466
416520,3777.917490062217,9999.386932801737,0.0,0.8748003019171201,1.134759156324668
416580,3777.648442765021,9999.386935630178,0.0,0.8762441870402612,1.1347593042380266
416640,3777.7943395874686,9999.38693840983,0.0,0.8758003611533837,1.1347593552628492
416700,3777.9514568089285,9999.386941141536,0.0,0.875576330755725,1.1347589006343457
416760,3778.125905607183,9999.38694382612,0.0,0.8741482887404949,1.1347587544078512
416820,3778.185861853575,9999.386946464398,0.0,0.8748501142502166,1.134758429259361
416880,3778.173051781166,9999.386949057165,0.0,0.8753262614667398,1.1347575348679917
416940,3777.8660209378095,9999.386951605211,0.0,0.876886816433401,1.1347569382996774
417000,3778.1130306001137,9999.3869541093,0.0,0.875387873899532,1.134756645299786
417060,3778.099264592942,9999.386956570197,0.0,0.8750461773782736,1.1347564758396766
417120,3778.220482107387,9999.386958988644,0.0,0.8744613366533496,1.1347565097858645
417180,3778.0318615517936,9999.386961365375,0.0,0.8752342087849713,1.1347564496604512
417240,3777.8550217413494,9999.38696370111,0.0,0.8759467522661397,1.1347565656435263
417300,3777.8675313103913,9999.386965996553,0.0,0.8759704359296031,1.1347566665928206
417360,3778.1785843460875,9999.386968252402,0.0,0.8738072239530199,1.1347570809861096
417420,3778.0639344406413,9999.386970469337,0.0,0.8746481210326223,1.134757214870959
417480,3777.887469875101,9999.38697264803,0.0,0.8755095164234583,1.134757455177697
417540,3777.8407732491264,9999.386974789144,0.0,0.875717540250667,1.1347576341733479
417600,3777.6649500184326,9999.386976893325,0.0,0.8765284434441304,1.134757854690573
417660,3777.95728839553,9999.386978961207,0.0,0.8748728820819722,1.1347582092917212
417720,3777.9802337416454,9999.386980993424,0.0,0.8744401111822148,1.1347584765974998
417780,3777.882172608968,9999.386982990582,0.0,0.8751063350610742,1.134758710320268
417840,3777.746259214602,9999.386984953291,0.0,0.8757835963737826,1.134758824731227
417900,3777.622491205856,9999.386986882144,0.0,0.8763828504183145,1.1347590621971415
417960,3778.13327217801,9999.386988777727,0.0,0.8746356740214394,1.1347589339968522
418020,3778.075054293205,9999.386990640613,0.0,0.8747974008352095,1.1347585039136425
418080,3778.0434062830786,9999.386992471362,0.0,0.8751875100489456,1.1347583338682428
418140,3778.103070543224,9999.386994270535,0.0,0.8757126363040377,1.134757672358547
418200,3778.037537897695,9999.386996038671,0.0,0.8760865384139623,1.1347568888225465
418260,3778.2476348398595,9999.386997776308,0.0,0.8744410660047506,1.1347566040043415
418320,3778.1733949362097,9999.386999483972,0.0,0.8750474976550895,1.1347562325608236
418380,3778.2147729261114,9999.387001162178,0.0,0.874539622857692,1.1347562162456695
418440,3778.0634423286842,9999.387002811436,0.0,0.8753647334154964,1.1347561074077002
418500,3777.7757320849955,9999.387004432247,0.0,0.8768169134133329,1.1347561399732877
418560,3778.006379160702,9999.3870060251,0.0,0.875377575109178,1.134756362922233
418620,3778.018311536638,9999.387007590474,0.0,0.8749287182929205,1.1347565965467425
418680,3778.121377709923,9999.387009128848,0.0,0.8744953862127393,1.1347569047565442
418740,3777.9379181931513,9999.387010640687,0.0,0.8752854078224731,1.1347570449981577
418800,3777.772435770604,9999.387012126446,0.0,0.8759621914180238,1.1347573038745975
418860,3777.7934570463967,9999.387013586576,0.0,0.8759542249959542,1.1347575055983428
418920,3778.108090347273,9999.387015021523,0.0,0.8738144021709381,1.134757976824923
418980,3778.0018832421497,9999.387016431714,0.0,0.8746213581787009,1.1347581458257012
419040,3777.8176055435447,9999.387017817582,0.0,0.8755520890293447,1.1347583884708468
419100,3777.7762626968465,9999.387019179543,0.0,0.8757497124471401,1.1347585639130782
419160,3777.6188170477785,9999.387020518012,0.0,0.876472989269124,1.1347587706260989
419220,3777.9117869137935,9999.387021833392,0.0,0.8748408906290501,1.1347590986019582
419280,3777.9387981825266,9999.387023126084,0.0,0.8744177267107777,1.134759332361941
419340,3777.792502833362,9999.387024396476,0.0,0.8757499278292411,1.134759491100321
419400,3777.9293188924316,9999.387025644954,0.0,0.8756953653278383,1.1347590875758775
419460,3777.786268964012,9999.387026871897,0.0,0.8763744427169594,1.1347586685331505
419520,3778.247131193962,9999.387028077675,0.0,0.873709082739634,1.1347586342721725
419580,3778.370913359947,9999.387029262656,0.0,0.8743220099411834,1.1347579175521132
419640,3778.2225476991543,9999.387030427195,0.0,0.8747489965087266,1.1347572303462539
419700,3778.0073181658777,9999.387031571647,0.0,0.8758255421384387,1.1347567879275737
419760,3777.9730941988414,9999.387032696359,0.0,0.8760270037895422,1.134756442739952
419820,3778.1515472779597,9999.38703380167,0.0,0.8745226166632185,1.1347564969399622
419880,3778.099664060442,9999.387034887914,0.0,0.8749764394287913,1.1347564399073093
419940,3778.126292189087,9999.38703595542,0.0,0.8746104079741981,1.1347566324308775
420000,3777.985804308532,9999.387037004513,0.0,0.8754018137028339,1.1347566728702252
420060,3777.7133819117166,9999.38703803551,0.0,0.8767834743765213,1.1347568064869336
420120,3777.9455480003603,9999.387039048723,0.0,0.8753627933206994,1.1347570957246522
420180,3777.9713098864286,9999.387040044458,0.0,0.8748644712588721,1.1347573706564953
420240,3778.062538713941,9999.387041023017,0.0,0.874517442850903,1.1347576890028273
420300,3777.882068098451,9999.387041984695,0.0,0.8753220199044724,1.134757829256603
420360,3777.7248176886765,9999.387042929786,0.0,0.8759749317165177,1.1347580766774956
420420,3777.7520730476626,9999.387043858575,0.0,0.8759410747330225,1.1347582615749614
420480,3778.067217803225,9999.38704477134,0.0,0.8738292032510803,1.1347587027057613
420540,3777.968271049329,9999.387045668362,0.0,0.8746025375128587,1.1347588438694574
420600,3777.77978501687,9999.387046549911,0.0,0.8755739597565622,1.1347590468223472
420660,3777.7662093447125,9999.387047416256,0.0,0.8761618988889901,1.1347590168855954
420720,3777.92597743154,9999.387048267654,0.0,0.8758315119749656,1.134758548924399
420780,3778.0312272151155,9999.387049104369,0.0,0.8747940949262768,1.1347583918661246
420840,3778.401895936041,9999.387049926649,0.0,0.8738836682659566,1.1347581433358747
420900,3778.256144853453,9999.387050734746,0.0,0.8749708900484512,1.1347572143995868
420960,3777.9267938552935,9999.387051528902,0.0,0.8766881036746573,1.134756625901486
421020,3778.084252306723,9999.38705230936,0.0,0.8756537060009166,1.1347562965578681
421080,3778.0060909937747,9999.387053076354,0.0,0.8757264288359516,1.1347561244005508
421140,3778.279665058733,9999.38705383012,0.0,0.8742400578080816,1.1347562217518783
421200,3778.1156089071915,9999.387054570883,0.0,0.8747953835158742,1.1347562107862956
421260,3777.896374160102,9999.38705529887,0.0,0.8758610628457915,1.1347563194143102
421320,3777.8643347435404,9999.387056014299,0.0,0.8760581384768885,1.134756418678319
421380,3778.063103622858,9999.387056717385,0.0,0.8744999955773374,1.1347567987046276
421440,3778.0229696532965,9999.387057408345,0.0,0.874910344724362,1.1347569751734559
421500,3778.0324145593254,9999.387058087385,0.0,0.8746777726992642,1.134757317328542
421560,3777.8991970538245,9999.387058754712,0.0,0.875445574061666,1.1347574729586865
421620,3777.643965113451,9999.38705941053,0.0,0.8767494666335871,1.134757681604192
421680,3777.8800068542814,9999.387060055034,0.0,0.8753411228084724,1.134758012885768
421740,3777.919496077654,9999.387060688421,0.0,0.8747969427303603,1.1347583076643
421800,3777.996933989625,9999.387061310881,0.0,0.874546033261543,1.1347586182421594
421860,3777.819839606903,9999.387061922605,0.0,0.8753654066208425,1.1347587445105438
421920,3777.6723971228234,9999.387062523778,0.0,0.875986420567607,1.1347589688314257
421980,3777.706879633499,9999.387063114578,0.0,0.8759226033955548,1.134759127027164
422040,3778.0228573452387,9999.387063695189,0.0,0.8738395422330819,1.1347595290079113
422100,3778.168022775612,9999.387064265786,0.0,0.8742925775633512,1.1347594089205135
422160,3778.016096252279,9999.387064826537,0.0,0.875128881719626,1.1347588660637344
422220,3777.6736571352194,9999.387065377618,0.0,0.8770801875902235,1.134758563262152
422280,3778.1680824735104,9999.387065919194,0.0,0.875074240679208,1.1347581609673585
422340,3778.129690929816,9999.387066451425,0.0,0.8754548333725288,1.1347573588118993
422400,3778.3773352460935,9999.38706697448,0.0,0.8737707719223172,1.1347570739559147
422460,3778.176645886459,9999.38706748851,0.0,0.8750003429923973,1.1347566170279717
422520,3777.86156486402,9999.387067993672,0.0,0.876607409391458,1.134756396029711
422580,3777.992812192638,9999.387068490121,0.0,0.8756730739947365,1.1347563913532774
422640,3777.942724721746,9999.387068978007,0.0,0.8756113360616555,1.1347564783258677
422700,3778.208433443531,9999.387069457478,0.0,0.8742285079792743,1.1347567406427121
422760,3778.044140528223,9999.387069928678,0.0,0.874824125836062,1.1347568405331536
422820,3777.8288237226157,9999.387070391747,0.0,0.8758869637546493,1.1347570246222587
422880,3777.802305525044,9999.38707084683,0.0,0.8760700453887915,1.1347571746167793
422940,3778.008978722115,9999.387071294062,0.0,0.8745023870245495,1.1347575780787162
423000,3777.979824920687,9999.387071733581,0.0,0.8748603982546397,1.1347577656143486
423060,3777.977755195783,9999.387072165518,0.0,0.8747195769291751,1.1347580914332582
423120,3777.8487417239803,9999.387072590007,0.0,0.8754765392487197,1.1347582315846978
423180,3777.6063367106512,9999.387073007172,0.0,0.8767207642918614,1.1347584176358627
423240,3777.84351418579,9999.38707341714,0.0,0.8753282948439682,1.1347587192761528
423300,3777.8930576540038,9999.387073820038,0.0,0.8747508780599406,1.1347589825381552
423360,3778.008839058127,9999.387074215985,0.0,0.8746925731431455,1.134759233968034
423420,3778.0117634178714,9999.387074605102,0.0,0.8753877932233052,1.134758768672324
423480,3777.810974641281,9999.38707498751,0.0,0.8763519969081733,1.1347583463130269
423540,3778.086172486104,9999.387075363318,0.0,0.8747389554037714,1.1347582348817726
423600,3778.321159335438,9999.387075732646,0.0,0.8746987777053123,1.134757516926624
423660,3778.28535914801,9999.387076095603,0.0,0.8744544313254857,1.1347569072641515
423720,3778.112779343068,9999.387076452298,0.0,0.8754307912981399,1.1347564837927357
423780,3778.0158061257853,9999.387076802841,0.0,0.8758675977499463,1.1347561365073955
423840,3778.043591705006,9999.387077147336,0.0,0.8752267971502975,1.1347561437963247
423900,3778.039819126797,9999.38707748589,0.0,0.8753954333912551,1.1347561139858766
423960,3778.2572402246087,9999.387077818603,0.0,0.8738589190311011,1.1347564078871628
424020,3778.0635293468126,9999.387078145575,0.0,0.8750376413032718,1.1347564429480559
424080,3777.758496629288,9999.387078466909,0.0,0.8766228537910451,1.134756586524981
424140,3777.9018416192803,9999.3870787827,0.0,0.8756721122749794,1.1347568440616151
424200,3777.8725334658834,9999.387079093045,0.0,0.8755214325391837,1.134757119368561
424260,3778.127920894403,9999.387079398035,0.0,0.8742247536204718,1.1347575058443409
424320,3777.9641311064834,9999.387079697764,0.0,0.8748602813344037,1.1347576886887494
424380,3777.754454641566,9999.387079992324,0.0,0.8759153721618366,1.1347579230902833
424440,3777.735061462082,9999.387080281802,0.0,0.8760788193121601,1.1347581016221708
424500,3777.950465856097,9999.387080566286,0.0,0.8744982264595605,1.1347585100829196
424560,3777.9323442822006,9999.387080845865,0.0,0.8748048913277523,1.1347586938635057
424620,3777.916636951289,9999.387081120622,0.0,0.8747699599708424,1.134758989385544
424680,3777.7925348708295,9999.387081390638,0.0,0.8755127998963543,1.1347591034019993
424740,3777.564590055743,9999.387081655996,0.0,0.876689471381131,1.1347592577260652
424800,3778.0564113437326,9999.387081916777,0.0,0.8742589539204372,1.134759495338666
424860,3778.089671245214,9999.38708217306,0.0,0.8748258101961544,1.1347590278121737
424920,3778.0959240635084,9999.387082424922,0.0,0.8744401014897057,1.1347587790481641
424980,3777.857975894273,9999.387082672441,0.0,0.8763903283881928,1.1347584043264531
425040,3778.100230574002,9999.38708291569,0.0,0.8757517408610319,1.134757590296841
425100,3777.947605575314,9999.38708315474,0.0,0.8763071119283422,1.1347570216235165
425160,3778.2680553191,9999.387083389669,0.0,0.8745590335457584,1.134756772750393
425220,3778.2004659312875,9999.387083620546,0.0,0.8745238743258025,1.1347565445459205
425280,3778.0219459116374,9999.38708384744,0.0,0.8754636424456699,1.134756460921557
425340,3777.922953351725,9999.38708407042,0.0,0.8759236143606854,1.13475639642963
425400,3777.9725730009404,9999.387084289552,0.0,0.8752134645357503,1.1347566059678047
425460,3777.979013767871,9999.387084504906,0.0,0.8753442645971596,1.1347567124571942
425520,3778.1838850243494,9999.387084716545,0.0,0.8739136910399684,1.134757086018363
425580,3777.9969556641804,9999.387084924534,0.0,0.8750645622704107,1.13475718217615
425640,3777.700735500791,9999.387085128934,0.0,0.8766177284605761,1.134757357880206
425700,3777.847554248241,9999.387085329809,0.0,0.8756744720778445,1.1347576283773733
425760,3777.8340079668965,9999.38708552722,0.0,0.8754556991025733,1.1347579040701758
425820,3778.081660979853,9999.387085721224,0.0,0.8742226725201664,1.1347582724247007
425880,3777.9185125491995,9999.387085911882,0.0,0.8748848622028597,1.1347584314366455
425940,3777.7128612800016,9999.38708609925,0.0,0.8759344138982129,1.1347586365352813
426000,3777.6979117911037,9999.387086283388,0.0,0.8760843030634645,1.1347587853287384
426060,3777.899031293618,9999.387086464349,0.0,0.8746465367871822,1.1347591525681648
426120,3778.2806119082634,9999.387086642188,0.0,0.8738488906202275,1.1347590804993215
426180,3778.09366249205,9999.38708681696,0.0,0.874768839943625,1.1347585553025659
426240,3777.757197789171,9999.387086988718,0.0,0.8767901114171996,1.134758264339304
426300,3778.1027779489673,9999.38708715751,0.0,0.8755926426622457,1.134757766381239
426360,3778.084460888145,9999.387087323394,0.0,0.8758368281857911,1.1347569736986909
426420,3778.4485565762857,9999.387087486415,0.0,0.8733910887794064,1.1347567459092023
426480,3778.2388848982237,9999.387087646624,0.0,0.8747413755319613,1.134756301950657
426540,3777.970735664673,9999.387087804073,0.0,0.8760664853833834,1.1347561249571612
426600,3777.9964896417046,9999.387087958803,0.0,0.8757461455052321,1.1347560852770302
426660,3777.8552244753605,9999.387088110863,0.0,0.8762634304990308,1.134756158789437
426720,3778.1647000140806,9999.387088260302,0.0,0.8745266130247877,1.1347564375189434
426780,3778.102554533701,9999.387088407162,0.0,0.8745128013394758,1.1347566168080534
426840,3777.9202647981406,9999.387088551488,0.0,0.8755131621900775,1.134756822717667
426900,3777.8304031820335,9999.387088693327,0.0,0.8759592741643922,1.134756969260364
426960,3777.8939478303064,9999.387088832716,0.0,0.8752075250214427,1.134757327695591
427020,3777.912031782877,9999.387088969703,0.0,0.8752840594776559,1.134757540808237
427080,3778.1031305650067,9999.387089104326,0.0,0.8739745710608497,1.13475796698456
427140,3777.9233797690254,9999.387089236629,0.0,0.8750982489427834,1.1347581000774294
427200,3777.6372914442704,9999.387089366646,0.0,0.8766130612889393,1.1347582879703
427260,3777.7883077453953,9999.387089494423,0.0,0.8756735369352835,1.1347585557966073
427320,3777.7918283593253,9999.387089619995,0.0,0.8753815052561542,1.1347588187254145
427380,3778.029995279142,9999.3870897434,0.0,0.8742233342646829,1.1347591566564965
427440,3777.8671686756343,9999.387089864678,0.0,0.8749164693051282,1.13475928146432
427500,3777.5526864827816,9999.387089983864,0.0,0.8769218644234545,1.134759410410478
427560,3777.9369670574765,9999.387090100996,0.0,0.8756064910654262,1.1347591461145234
427620,3777.8883219143954,9999.387090216105,0.0,0.8757529324637067,1.134758741417116
427680,3778.3340129893063,9999.38709032923,0.0,0.8733213868278024,1.1347587366556826
427740,3778.264917059173,9999.387090440401,0.0,0.8748471525111254,1.1347579855221435
427800,3778.091396143588,9999.387090549655,0.0,0.875593585229168,1.1347572185913162
427860,3778.0073631484543,9999.387090657026,0.0,0.8757049894112025,1.1347568247289839
427920,3778.0209156207525,9999.387090762544,0.0,0.875777045987502,1.134756484917151
427980,3778.3459919985858,9999.387090866243,0.0,0.8735037098260998,1.134756596301748
428040,3778.1532126738853,9999.387090968152,0.0,0.874736306668673,1.134756472358048
428100,3777.883021526746,9999.387091068304,0.0,0.8761136746881828,1.1347565190772784
428160,3777.9210248774475,9999.387091166729,0.0,0.8757667878413101,1.1347566348877522
428220,3777.7990523108588,9999.387091263454,0.0,0.8761943157961659,1.1347568154355587
428280,3778.106638372862,9999.38709135851,0.0,0.8744943835604994,1.1347571618747936
428340,3778.0448992975594,9999.387091451928,0.0,0.8745139846717296,1.1347573797791237
428400,3777.860561382074,9999.387091543735,0.0,0.8755438767599427,1.134757600869003
428460,3777.7753465451246,9999.387091633957,0.0,0.8759855591494728,1.1347577510515146
428520,3777.848198573078,9999.387091722623,0.0,0.8752100246309286,1.1347580992403041
428580,3777.8757604327934,9999.38709180976,0.0,0.8752394588249351,1.1347582977621276
428640,3778.0571997314787,9999.387091895394,0.0,0.8740139948909549,1.1347586900290876
428700,3777.881825290418,9999.387091979552,0.0,0.8751213189517992,1.1347587943315018
428760,3777.6036971864683,9999.387092062258,0.0,0.8766035675521144,1.1347589481918252
428820,3777.918027659509,9999.387092143535,0.0,0.8751642424682361,1.1347590985650642
428880,3778.031688259997,9999.387092223413,0.0,0.8752535136190799,1.1347586422916593
428940,3778.167182386232,9999.387092301911,0.0,0.8740720292455665,1.1347584732364646
429000,3778.0328309032375,9999.387092379056,0.0,0.8756953642289474,1.1347581099017594
429060,3778.1526667744947,9999.38709245487,0.0,0.875580132000033,1.1347572423071406
429120,3777.8995659943057,9999.387092529378,0.0,0.8767768534397413,1.134756650710239
429180,3778.1997900099304,9999.3870926026,0.0,0.875030022078513,1.1347563875862219
429240,3778.191865575785,9999.387092674557,0.0,0.8746283054921701,1.1347562128046613
429300,3778.150362729289,9999.387092745274,0.0,0.8749092231146032,1.134756194048076
429360,3777.9903250286493,9999.38709281477,0.0,0.8755988546235658,1.1347561359392768
429420,3777.899713089671,9999.387092883067,0.0,0.8757317300293812,1.1347563026183007
429480,3777.9226119634723,9999.38709295019,0.0,0.8757394552056822,1.1347564236168302
429540,3778.247113450355,9999.38709301615,0.0,0.8735393843074273,1.1347568635638363
429600,3778.0631601295595,9999.387093080975,0.0,0.8747434089393091,1.1347569791012242
429660,3777.7935603781807,9999.387093144682,0.0,0.8761422805234433,1.1347571889694839
429720,3777.8373396735033,9999.387093207288,0.0,0.8757899043211371,1.1347574239824347
429780,3777.737566671481,9999.387093268815,0.0,0.8761135251133363,1.134757685584778
429840,3778.043803851678,9999.387093329282,0.0,0.8744558413242621,1.134758074599766
429900,3777.98065880331,9999.387093388705,0.0,0.8745215080125306,1.1347583084058228
429960,3777.7942811358494,9999.387093447102,0.0,0.8755799032632364,1.1347585270752119
430020,3777.7146578671613,9999.387093504492,0.0,0.8760135900636523,1.1347586670164185
430080,3777.7986848629366,9999.387093560896,0.0,0.8752055804956418,1.134758993181717
430140,3777.8361253694457,9999.387093616322,0.0,0.8751871283200844,1.1347591668442665
430200,3778.005715560144,9999.387093670794,0.0,0.8740604993851592,1.1347595148323508
430260,3777.885004549751,9999.387093724325,0.0,0.8756440719977637,1.1347593656239652
430320,3777.911993853553,9999.387093776935,0.0,0.8757660164578064,1.134758850905249
430380,3777.7507694704614,9999.387093828635,0.0,0.8764482936045064,1.1347586061434352
430440,3778.4244242141635,9999.387093879444,0.0,0.8736711990465145,1.1347583591900083
430500,3778.261362091329,9999.387093929377,0.0,0.8747478407947761,1.134757486870588
430560,3778.1303018254944,9999.38709397845,0.0,0.8753392003666172,1.1347570163159713
430620,3778.0740898402646,9999.387094026677,0.0,0.8755900393251098,1.1347566013458308
430680,3777.8335268370115,9999.387094074069,0.0,0.8767209234868627,1.134756383655015
430740,3778.113393426418,9999.387094120644,0.0,0.8750164867648265,1.1347564518555358
430800,3778.124773105994,9999.387094166417,0.0,0.8745483327440776,1.134756542044947
430860,3778.0694520519633,9999.387094211399,0.0,0.8749489180902236,1.1347566920228072
430920,3777.9158552860117,9999.387094255606,0.0,0.8756390846168628,1.1347567533448313
430980,3777.835951419705,9999.38709429905,0.0,0.8757391712250785,1.134757000967075
431040,3777.8674010565787,9999.387094341746,0.0,0.875707305929793,1.1347571773261012
431100,3778.1868231903454,9999.387094383705,0.0,0.8735751113286454,1.1347576374318573
431160,3778.00998994052,9999.38709442494,0.0,0.8747483923821747,1.1347577635464772
431220,3777.741947052309,9999.387094465463,0.0,0.8761564106373344,1.134757964005208
431280,3777.788736369838,9999.387094505286,0.0,0.8758073553897092,1.1347581837644063
431340,3777.704891389874,9999.387094544423,0.0,0.8760565389789248,1.134758424960449
431400,3778.009250559131,9999.387094582886,0.0,0.8744308370796913,1.1347587833013089
431460,3777.94577214485,9999.387094620684,0.0,0.874525970221918,1.134758981936634
431520,3777.667789720448,9999.38709465783,0.0,0.8764892366775399,1.1347591233567502
431580,3777.9344887124025,9999.387094694335,0.0,0.8757624848611303,1.1347587857965873
431640,3777.836939995792,9999.387094730211,0.0,0.8761864255348719,1.1347583757949038
431700,3778.383377884771,9999.387094765469,0.0,0.8730844159180946,1.1347583989571404
431760,3778.3786747039026,9999.387094800119,0.0,0.8744036421758801,1.1347576462468734
431820,3778.1858228875935,9999.38709483417,0.0,0.8751312264716505,1.13475690392377
431880,3777.999825319054,9999.387094867636,0.0,0.8759146105951455,1.1347564747343308
431940,3778.0006400552293,9999.387094900525,0.0,0.87599346215079,1.1347561394534802
432000,3778.2874782782833,9999.387094932845,0.0,0.8738758792172622,1.1347562455744287
432060,3778.1665513102,9999.387094964608,0.0,0.8747219600169731,1.1347561704591111
432120,3778.023485624647,9999.387094995822,0.0,0.8753511757671785,1.1347562958117523
432180,3777.9578762291185,9999.387095026497,0.0,0.8756411182711655,1.1347563804153422
432240,3777.742833250313,9999.387095056643,0.0,0.8766531083360193,1.134756546034203
432300,3778.0292916103217,9999.38709508627,0.0,0.8749734566442177,1.1347568836493418
432360,3778.048428081742,9999.387095115386,0.0,0.874505473002983,1.134757164184222
432420,3777.9802858709727,9999.387095143999,0.0,0.8749938061754263,1.1347574403667766
432480,3777.8324497562544,9999.387095172116,0.0,0.8756881101934063,1.1347575924949924
432540,3777.766827502723,9999.387095199752,0.0,0.8757404779370241,1.1347578963804346
432600,3777.8077707496013,9999.38709522691,0.0,0.8756674395567905,1.1347581053080102
432660,3778.1205917451166,9999.387095253598,0.0,0.8736134311929774,1.1347585657286976
432720,3777.95037026545,9999.387095279826,0.0,0.8747592056924048,1.1347586869616784
432780,3777.684319731834,9999.387095305603,0.0,0.8761758120273607,1.134758864939036
432840,3777.7353079575937,9999.387095330934,0.0,0.8758245668397469,1.1347590588317633
432900,3777.6690508825372,9999.387095355829,0.0,0.8759915541005564,1.1347592703920248
432960,3778.2642445844776,9999.387095380294,0.0,0.8731443857681691,1.1347596227753025
433020,3778.1332990003957,9999.387095404338,0.0,0.8746254455431217,1.1347591039390839
433080,3777.917836059785,9999.387095427968,0.0,0.8755730664533479,1.1347587153503038
433140,3777.800310025925,9999.38709545119,0.0,0.8764221731504068,1.1347584276456029
433200,3778.145413116104,9999.38709547401,0.0,0.8755127090560775,1.1347576863517368
433260,3778.1540571092614,9999.387095496437,0.0,0.8750211222221278,1.1347571450088683
433320,3778.3013857470296,9999.387095518478,0.0,0.8743926213823257,1.1347568445199765
433380,3778.1097937389122,9999.387095540138,0.0,0.8751426872557179,1.1347565073892787
433440,3777.9128239651955,9999.387095561426,0.0,0.8759439760753722,1.1347564185706127
433500,3777.9148849414983,9999.387095582344,0.0,0.875999555977838,1.134756377364748
433560,3778.2155729050523,9999.387095602904,0.0,0.8738663271831894,1.1347566906852324
433620,3778.103943330001,9999.387095623108,0.0,0.8746824813090411,1.134756756375477
433680,3777.95082547975,9999.387095642964,0.0,0.8753908508815775,1.1347569658116738
433740,3777.8895468608594,9999.387095662478,0.0,0.8756743610732256,1.1347571134127077
433800,3777.6922121248836,9999.387095681655,0.0,0.8766021855197155,1.1347573174291237
433860,3777.9796868421718,9999.387095700502,0.0,0.8749467480065766,1.1347576686175656
433920,3778.005335959967,9999.387095719023,0.0,0.874474175306034,1.1347579477460101
433980,3777.928923446872,9999.387095737224,0.0,0.87502173477416,1.1347582052069847
434040,3777.78443936905,9999.38709575511,0.0,0.875721414088389,1.1347583366306428
434100,3777.7277963203005,9999.38709577269,0.0,0.8757468741732559,1.1347586132188974
434160,3777.7761077933014,9999.387095789965,0.0,0.8756379345082581,1.134758794347018
434220,3778.083680434738,9999.387095806942,0.0,0.8736425714471147,1.134759214331149
434280,3778.059076827103,9999.387095823628,0.0,0.8749239676945277,1.1347590699375603
434340,3777.983844744709,9999.387095840024,0.0,0.8754544360176824,1.13475853374755
434400,3777.694851081063,9999.387095856138,0.0,0.8769912405497867,1.1347582542828742
434460,3778.3085830664386,9999.387095871974,0.0,0.8744216856949251,1.1347579326100259
434520,3778.2163753992004,9999.387095887536,0.0,0.8751020794975229,1.1347570945024383
434580,3778.2966744444466,9999.387095902832,0.0,0.8744318637734921,1.1347567296375427
434640,3778.146087751982,9999.387095917862,0.0,0.8752931015615533,1.1347562878850963
434700,3777.84134208172,9999.387095932634,0.0,0.8768232296063541,1.1347560668341565
434760,3778.05382272628,9999.38709594715,0.0,0.8754339997001467,1.1347561104195534
434820,3778.052413612017,9999.387095961416,0.0,0.8750418728890448,1.1347562203986647
434880,3778.1856137033133,9999.387095975437,0.0,0.8744288423534331,1.1347564537060126
434940,3777.998313357465,9999.387095989216,0.0,0.875204401754131,1.1347565374490862
435000,3777.8173485583925,9999.387096002756,0.0,0.8759613171544787,1.1347567561086715
435060,3777.829719396667,9999.387096016062,0.0,0.8759856508825222,1.1347569353009321
435120,3778.13413864973,9999.387096029139,0.0,0.8738744757113982,1.134757398888409
435180,3778.033342146499,9999.38709604199,0.0,0.8746440300251741,1.1347575745478922
435240,3777.869563394423,9999.387096054621,0.0,0.8754418517537259,1.134757841227556
435300,3777.8148744835107,9999.387096067034,0.0,0.8757101879533388,1.1347580279871696
435360,3777.636932405631,9999.387096079232,0.0,0.876545943168158,1.1347582501963227
435420,3777.9256692424856,9999.38709609122,0.0,0.8749136431270388,1.1347585987661462
435480,3777.957151503833,9999.387096103,0.0,0.8744431908092101,1.1347588623078886
435540,3777.8713042449826,9999.387096114579,0.0,0.8750567489650817,1.1347590886699968
435600,3777.7309877785215,9999.387096125956,0.0,0.875759405150222,1.1347591894670002
435660,3777.5966729803185,9999.387096137138,0.0,0.8764379805924825,1.1347594059720725
435720,3778.0997541441775,9999.387096148128,0.0,0.8746974928280257,1.1347592670338673
435780,3778.0503962669172,9999.387096158927,0.0,0.8748184934512764,1.1347588400309545
435840,3778.04121134609,9999.387096169541,0.0,0.8750819698340699,1.1347586713005189
435900,3778.0843504911386,9999.387096179971,0.0,0.8756954491046441,1.1347580050642598
435960,3778.015096706885,9999.387096190221,0.0,0.8760848696850531,1.1347572275635591
436020,3778.211255415272,9999.387096200295,0.0,0.8745305768684158,1.1347569356964702
436080,3778.1488439524296,9999.387096210196,0.0,0.8750724224310352,1.1347565644060904
436140,3778.208305698284,9999.387096219923,0.0,0.8744639650131044,1.1347565474140213
436200,3778.0511721010653,9999.387096229484,0.0,0.8753372099630465,1.1347564255919804
436260,3777.7622530618833,9999.38709623888,0.0,0.8768043951462899,1.1347564449105867
436320,3777.984543080724,9999.387096248112,0.0,0.8754160948639995,1.134756649324186
436380,3777.9966534654905,9999.387096257187,0.0,0.8749773727628293,1.134756868672826
436440,3778.117445007601,9999.387096266106,0.0,0.8744507060015427,1.1347571674338874
436500,3777.9332623328323,9999.38709627487,0.0,0.8752438214794976,1.1347572943010296
436560,3777.7611486014503,9999.387096283483,0.0,0.8759760421697887,1.1347575339248046
436620,3777.780100939798,9999.387096291946,0.0,0.8759752786753504,1.134757720005471
436680,3778.086228424049,9999.387096300265,0.0,0.8738875888091817,1.1347581713365118
436740,3777.9939411075916,9999.387096308441,0.0,0.8746179856667479,1.1347583323795636
436800,3777.824095153541,9999.387096316474,0.0,0.8754692766917245,1.1347585672453466
436860,3777.772294779016,9999.387096324368,0.0,0.875736243531071,1.1347587248235598
436920,3777.6084967917704,9999.387096332128,0.0,0.8765042546789087,1.1347589160167355
436980,3778.2217442775946,9999.387096339753,0.0,0.8734573057139047,1.1347592438424365
437040,3778.1638700844805,9999.387096347247,0.0,0.8745600425065364,1.1347587518732407
437100,3778.037843351904,9999.38709635461,0.0,0.874941923530494,1.1347584309677372
437160,3777.8074810080197,9999.387096361848,0.0,0.8766420946130216,1.1347580876286276
437220,3778.1294271150614,9999.387096368962,0.0,0.8757252975720633,1.1347573038322218
437280,3778.0567952916604,9999.387096375953,0.0,0.8757493220214293,1.1347567487051002
437340,3778.350293974357,9999.387096382821,0.0,0.8742446409856043,1.1347565012276044
437400,3778.19042872246,9999.387096389573,0.0,0.8747357711863517,1.1347562164315677
437460,3777.9662500784834,9999.387096396207,0.0,0.8758078107035588,1.1347561263321821
437520,3777.9209693680955,9999.387096402726,0.0,0.8760461881622856,1.134756083777048
437580,3778.0989266409442,9999.387096409133,0.0,0.8745816356115522,1.13475635944731
437640,3778.0572304403636,9999.38709641543,0.0,0.8749930379079599,1.1347564654684006
437700,3778.0987451658793,9999.38709642162,0.0,0.8745477379941228,1.1347567813844905
437760,3777.9533440604255,9999.387096427701,0.0,0.8753825758403261,1.1347569081202507
437820,3777.681830861193,9999.387096433677,0.0,0.8767715612198598,1.1347571038717377
437880,3777.9077004105616,9999.387096439552,0.0,0.8753967038519932,1.1347574311637132
437940,3777.936070150126,9999.387096445325,0.0,0.8748990253497847,1.134757733459488
438000,3778.0421069265535,9999.387096450997,0.0,0.8744788030633225,1.1347580711232799
438060,3777.861503111606,9999.387096456572,0.0,0.875289548697573,1.134758218969936
438120,3777.6994604602937,9999.387096462051,0.0,0.8759899998002816,1.1347584619456093
438180,3777.7259439463173,9999.387096467435,0.0,0.8759599600416494,1.1347586408841406
438240,3778.034461196593,9999.387096472725,0.0,0.8738947112991696,1.1347590675779096
438300,3777.949467248785,9999.387096477923,0.0,0.8745939761117774,1.1347592027738316
438360,3777.77284605057,9999.387096483033,0.0,0.8755044743483719,1.1347593959019824
438420,3777.745609551223,9999.387096488057,0.0,0.8761780493076218,1.134759347708211
438480,3777.9016519170486,9999.387096492994,0.0,0.8758480221102521,1.1347588783596827
438540,3778.0000712456085,9999.387096497843,0.0,0.8748657302353375,1.134758713610767
438600,3778.3933560902415,9999.387096502609,0.0,0.8738125378866504,1.1347584662023136
438660,3778.2378215332583,9999.387096507295,0.0,0.8749421516680489,1.1347575451356204
438720,3777.913121248182,9999.387096511899,0.0,0.876640480466615,1.134756960456388
438780,3778.060195966916,9999.387096516424,0.0,0.8756740219155068,1.1347566232672592
438840,3777.9793014314923,9999.387096520872,0.0,0.8757764670531325,1.1347564434529125
438900,3778.2607562886074,9999.38709652524,0.0,0.874245471428032,1.1347565323979978
438960,3778.1051490430095,9999.387096529535,0.0,0.8747594252179502,1.1347565150269154
439020,3777.8870735110313,9999.387096533756,0.0,0.8758394927266564,1.1347566092275094
439080,3777.8501595940565,9999.387096537903,0.0,0.8760588326065433,1.1347566931398172
439140,3778.0354199308126,9999.38709654198,0.0,0.8745864243184517,1.1347570516007104
439200,3778.00576494143,9999.387096545985,0.0,0.8749384125675095,1.1347572169832174
439260,3778.034619502468,9999.38709654992,0.0,0.8745965203441538,1.1347575519540691
439320,3777.894601094248,9999.387096553788,0.0,0.8754154739415936,1.1347576900061385
439380,3777.6362694697204,9999.38709655759,0.0,0.876744116472405,1.1347578826126754
439440,3777.8638105887635,9999.387096561324,0.0,0.87538458260503,1.1347581947731449
439500,3777.903709697769,9999.387096564997,0.0,0.8748462645339959,1.1347584760634157
439560,3777.9998621596533,9999.387096568604,0.0,0.8744956537972721,1.1347587793294436
439620,3777.8213413262424,9999.38709657215,0.0,0.8753204988831502,1.1347588941414377
439680,3777.5514052883423,9999.387096575638,0.0,0.8769254216377544,1.1347590672145036
439740,3778.02044049497,9999.387096579063,0.0,0.8752557907099631,1.1347588697868927
439800,3777.9829659593424,9999.387096582428,0.0,0.8753153422982078,1.1347584619881588
439860,3778.2409194917373,9999.387096585737,0.0,0.8740184583436814,1.1347584002310416
439920,3778.1955534232056,9999.387096588986,0.0,0.8752933786421316,1.1347576717638694
439980,3778.0667671687415,9999.38709659218,0.0,0.8758919936273193,1.1347568903582952
440040,3778.104676724389,9999.387096595321,0.0,0.8752443832378608,1.134756542801852
440100,3778.0937469512864,9999.387096598406,0.0,0.8754818102607352,1.134756197253044
440160,3778.333697768631,9999.387096601438,0.0,0.873752671043096,1.1347562771267885
440220,3778.1300514518366,9999.387096604418,0.0,0.8749786187068718,1.134756152806312
440280,3777.8191906151283,9999.387096607348,0.0,0.8765849977254961,1.134756186887832
440340,3777.949332093701,9999.387096610226,0.0,0.8756906027622944,1.1347563590573273
440400,3777.8982758337743,9999.387096613054,0.0,0.8756530505101187,1.1347565766135432
440460,3778.1714391581204,9999.387096615832,0.0,0.8742285765230645,1.1347569387635044
440520,3778.014727173974,9999.387096618564,0.0,0.8747943663709907,1.1347571145159412
440580,3777.8010195892343,9999.387096621249,0.0,0.8758722676023049,1.1347573463225804
440640,3777.771360986945,9999.387096623886,0.0,0.8760738059655041,1.134757527515419
440700,3777.9676251717206,9999.387096626479,0.0,0.8745793586974013,1.1347579439254891
440760,3777.949580372057,9999.387096629027,0.0,0.8748784019592944,1.1347581449422979
440820,3777.9636168091606,9999.387096631532,0.0,0.8746530259385407,1.1347584782973428
440880,3777.829383315336,9999.387096633993,0.0,0.8754540131404976,1.1347586123456015
440940,3777.5858749906984,9999.38709663641,0.0,0.876714628494143,1.1347587890488486
441000,3777.816038358289,9999.387096638788,0.0,0.8753667787637758,1.1347590752127954
441060,3777.8679882940946,9999.387096641121,0.0,0.8747874362231391,1.1347593257384947
441120,3778.008042432728,9999.387096643417,0.0,0.8745893208950934,1.1347595692144112
441180,3777.9957237522217,9999.387096645674,0.0,0.875358921395644,1.1347590977450748
441240,3777.7933035434535,9999.38709664789,0.0,0.8763369507105624,1.134758673013896
441300,3778.045801107081,9999.38709665007,0.0,0.874862993785593,1.1347585458801968
441360,3778.2901299840314,9999.387096652212,0.0,0.874736196392515,1.1347578350331324
441420,3778.26557813428,9999.387096654316,0.0,0.8744384373801958,1.1347572358883722
441480,3778.102051917235,9999.387096656383,0.0,0.8753856413659239,1.1347568132687063
441540,3777.9992462654227,9999.387096658416,0.0,0.8758501895975116,1.1347564600013451
441600,3778.0141232397764,9999.387096660414,0.0,0.8752979960699675,1.134756452288776
441660,3778.017399862954,9999.387096662374,0.0,0.8754270318374207,1.1347564138149744
441720,3778.2493860938844,9999.387096664304,0.0,0.8738089331866045,1.134756700180906
441780,3778.0549257112316,9999.3870966662,0.0,0.8750044320380725,1.1347567215140222
441840,3777.7524614931976,9999.387096668062,0.0,0.8765804521969657,1.1347568514863164
441900,3777.8852055830353,9999.387096669894,0.0,0.8756965244093468,1.1347570888222471
441960,3777.8521031108826,9999.387096671691,0.0,0.8755792478886572,1.134757347629193
442020,3778.1180745406264,9999.38709667346,0.0,0.8742208705605512,1.134757721520294
442080,3777.961578757844,9999.387096675198,0.0,0.8748184601579649,1.1347578947135741
442140,3777.751493107597,9999.387096676905,0.0,0.8758942050764253,1.134758113045322
442200,3777.7265895478763,9999.387096678583,0.0,0.876082955182984,1.1347582760461803
442260,3777.9286214944095,9999.387096680231,0.0,0.8745845234432662,1.134758664242241
442320,3777.920462941752,9999.387096681852,0.0,0.8748342945020918,1.1347588386717686
442380,3777.9247917656967,9999.387096683446,0.0,0.8746860193136464,1.1347591298736082
442440,3777.8090631676964,9999.38709668501,0.0,0.8760609273425335,1.1347590235222251
442500,3777.9142902816143,9999.387096686549,0.0,0.8758852805616425,1.1347585311579802
442560,3777.8739897660093,9999.38709668806,0.0,0.875768420090584,1.1347583306893485
442620,3778.5147417767325,9999.387096689547,0.0,0.8733151185126546,1.1347581223639405
442680,3778.2972865837487,9999.387096691007,0.0,0.8747087681374929,1.1347571992155512
442740,3778.0346986125246,9999.387096692442,0.0,0.8760532331102041,1.1347566581227
442800,3778.0731709413626,9999.387096693852,0.0,0.8757106096651489,1.1347562813693666
442860,3777.9008828600677,9999.38709669524,0.0,0.8763950881564968,1.1347560873036338
442920,3778.2073278579815,9999.387096696602,0.0,0.8746094757629095,1.1347561854397947
442980,3778.1577726117016,9999.387096697941,0.0,0.8744940984905452,1.1347562486640828
443040,3777.9874520308663,9999.387096699256,0.0,0.8754314699253449,1.1347563706689492
443100,3777.8865439954734,9999.387096700548,0.0,0.8759099997296331,1.1347564529832983
443160,3777.924925440191,9999.387096701817,0.0,0.8752804846763962,1.1347567660095652
443220,3777.9396714972936,9999.387096703067,0.0,0.8753665747204474,1.1347569565653142
443280,3778.157044586637,9999.387096704295,0.0,0.8738747199504885,1.1347573905934856
443340,3777.9707095208228,9999.387096705499,0.0,0.8750374151593211,1.1347575248768609
443400,3777.6777240043266,9999.387096706685,0.0,0.8765817454891994,1.1347577244869302
443460,3777.815850649884,9999.387096707847,0.0,0.8756984545296803,1.1347580030208122
443520,3777.801560244598,9999.387096708992,0.0,0.875499028517612,1.1347582821762283
443580,3778.0586723666415,9999.387096710116,0.0,0.8742157106454581,1.1347586503643483
443640,3777.9020651510186,9999.387096711222,0.0,0.8748496253004348,1.1347588067285252
443700,3777.6964259178294,9999.387096712308,0.0,0.875918994223656,1.134758999764505
443760,3777.6773869613753,9999.387096713373,0.0,0.8760904452332227,1.1347591347533623
443820,3777.865363687259,9999.387096714423,0.0,0.8747425784319278,1.1347594807799557
443880,3778.259610740051,9999.387096715453,0.0,0.8738447190779843,1.1347594034646582
443940,3778.0771325563505,9999.387096716466,0.0,0.8747424736660162,1.134758882066136
444000,3777.7498897163473,9999.387096717463,0.0,0.876719936808523,1.1347585876085897
444060,3778.072050473123,9999.387096718441,0.0,0.8756397202981913,1.1347580805251583
444120,3778.0574758307635,9999.387096719403,0.0,0.8758609471807434,1.134757296826101
444180,3778.424096372321,9999.387096720347,0.0,0.8734062529344239,1.1347570691617952
444240,3778.2217535078316,9999.387096721277,0.0,0.874723701414122,1.134756625251995
444300,3777.963586000234,9999.38709672219,0.0,0.8759965451150481,1.1347564449748448
444360,3777.9788347779436,9999.387096723087,0.0,0.8757487001673232,1.1347563901706903
444420,3777.8330382668296,9999.387096723969,0.0,0.876304286317814,1.1347564495318425
444480,3778.141834614919,9999.387096724835,0.0,0.8745682157739295,1.134756712563364
444540,3778.091797881437,9999.387096725686,0.0,0.8744934901880156,1.1347568839191255
444600,3777.917864899145,9999.387096726523,0.0,0.8754656692519067,1.134757076901935
444660,3777.821652582037,9999.387096727345,0.0,0.8759421998631551,1.1347572072721648
444720,3777.8712442132855,9999.387096728153,0.0,0.8752814452144162,1.1347575438987105
444780,3777.895721251429,9999.387096728944,0.0,0.8753208472148517,1.1347577443135672
444840,3778.10309176877,9999.387096729724,0.0,0.8739181781136562,1.1347581620779306
444900,3777.922005023924,9999.387096730492,0.0,0.8750603686678973,1.1347582809477772
444960,3777.6366831873456,9999.387096731245,0.0,0.8765754822788248,1.1347584553890016
445020,3777.7767467106482,9999.387096731987,0.0,0.8757019698312055,1.1347587045430132
445080,3777.7760397921493,9999.387096732717,0.0,0.8754436782542042,1.1347589530985718
445140,3778.2068758628693,9999.387096733431,0.0,0.8735934408851684,1.1347592899523344
445200,3778.0986022925963,9999.387096734134,0.0,0.8749312638163207,1.1347587789218774
445260,3777.8663593946094,9999.387096734827,0.0,0.8760146006141475,1.134758366740956
445320,3777.904968966468,9999.387096735505,0.0,0.8758394968470781,1.1347581552081771
445380,3778.228658066067,9999.387096736174,0.0,0.8751909712917504,1.1347574269449694
445440,3778.255660181043,9999.38709673683,0.0,0.8745663236179432,1.134756871821918
445500,3778.237237152662,9999.387096737475,0.0,0.8748199007680344,1.1347565102277446
445560,3778.072449335174,9999.387096738106,0.0,0.8755037149763732,1.134756163602545
445620,3777.9518419221163,9999.387096738728,0.0,0.8757745574124399,1.1347561147109015
445680,3777.967521603371,9999.38709673934,0.0,0.8757994213575927,1.1347560895332138
445740,3778.3020917776994,9999.387096739942,0.0,0.873507396872525,1.1347564345215775
445800,3778.1167111084933,9999.387096740531,0.0,0.8747183991730315,1.1347564785531528
445860,3777.8553548050095,9999.387096741111,0.0,0.8760526526638519,1.1347566498960533
445920,3777.8836241847926,9999.38709674168,0.0,0.8757743383679676,1.1347568525007699
445980,3777.760844290089,9999.387096742243,0.0,0.8762226000418769,1.1347570971031657
446040,3778.0684840051745,9999.387096742794,0.0,0.8745269143096142,1.1347574856190992
446100,3778.018348429176,9999.387096743334,0.0,0.8744944850711887,1.1347577372291968
446160,3777.8409017103586,9999.387096743867,0.0,0.8755060635235186,1.1347579754911297
446220,3777.750897556976,9999.387096744389,0.0,0.8759751988714963,1.1347581318625823
446280,3777.813040467105,9999.387096744906,0.0,0.875276396089824,1.1347584740743182
446340,3777.847776208059,9999.38709674541,0.0,0.8752671714368531,1.1347586698984244
446400,3778.0430912681436,9999.387096745906,0.0,0.873968174158964,1.1347590576194109
446460,3777.86736018412,9999.387096746394,0.0,0.8750898642316325,1.1347591502390006
446520,3777.590787091881,9999.387096746872,0.0,0.8765710522365661,1.1347592902080266
446580,3777.88227421366,9999.387096747343,0.0,0.8752597788386923,1.1347594181927978
446640,3778.004523773091,9999.387096747805,0.0,0.8752843135679216,1.134758963962553
446700,3778.148969689455,9999.38709674826,0.0,0.87406053446932,1.1347587947799518
446760,3778.031354883256,9999.387096748706,0.0,0.8756001043505448,1.1347584296811846
446820,3778.132144387485,9999.387096749146,0.0,0.8755640460717171,1.1347575656570894
446880,3777.876252658914,9999.387096749579,0.0,0.8767889866010042,1.13475697565893
446940,3778.1714081037817,9999.387096750004,0.0,0.8750721228102804,1.1347567066291868
447000,3778.168402695764,9999.38709675042,0.0,0.8746528132566025,1.134756528183478
447060,3778.143515233141,9999.38709675083,0.0,0.8748557912196885,1.1347565055315454
447120,3777.979217249232,9999.387096751234,0.0,0.8755669673555871,1.134756436017196
447180,3777.87831241133,9999.38709675163,0.0,0.8757756990212237,1.134756584114757
447240,3777.9035105159815,9999.387096752018,0.0,0.875768003581625,1.1347566917912664
447300,3778.232149585488,9999.3870967524,0.0,0.8735468224743832,1.1347571174098054
447360,3778.0553383504016,9999.387096752776,0.0,0.8747183704241788,1.1347572216554462
447420,3777.793973408136,9999.387096753146,0.0,0.8760739956344809,1.1347574199072463
447480,3777.8264801584646,9999.387096753508,0.0,0.8757948169971342,1.1347576348815889
447540,3777.7209109896494,9999.387096753866,0.0,0.8761622026812069,1.1347578794786193
447600,3778.0270815260064,9999.387096754215,0.0,0.8744991482305938,1.1347582522410289
447660,3777.9771844643997,9999.387096754559,0.0,0.8744954393911613,1.1347584791886354
447720,3777.7978630069983,9999.387096754897,0.0,0.8755309663666018,1.134758685868055
447780,3777.7112942834065,9999.387096755232,0.0,0.8759977435803407,1.1347588113481428
447840,3777.7219568057094,9999.387096755558,0.0,0.8757324930579549,1.1347591027698618
447900,3778.2191077727207,9999.387096755878,0.0,0.8741748629803395,1.1347590115670358
447960,3778.1116210018904,9999.387096756192,0.0,0.8746200655926613,1.1347585480862914
448020,3777.907285298185,9999.387096756504,0.0,0.8759679415630633,1.1347583096449687
448080,3778.0752747473875,9999.38709675681,0.0,0.8758074355003622,1.1347577100096156
448140,3778.042285764423,9999.387096757107,0.0,0.87606973676949,1.1347569251237553
448200,3778.3558433539774,9999.387096757404,0.0,0.8738521765093434,1.1347566786523948
448260,3778.2220360976235,9999.387096757691,0.0,0.8747957676592505,1.1347562792353614
448320,3778.1105919200177,9999.387096757977,0.0,0.8752004618305125,1.1347561863565288
448380,3778.0237820394345,9999.387096758257,0.0,0.8755904986348543,1.1347561012268301
448440,3777.786368232135,9999.387096758534,0.0,0.8767226117599359,1.1347561465090124
448500,3778.067129902673,9999.387096758803,0.0,0.875046809667441,1.1347563984300826
448560,3778.0833430742673,9999.387096759068,0.0,0.8745668121527695,1.1347566261119397
448620,3778.041682214161,9999.387096759328,0.0,0.8749050390019714,1.1347568817850222
448680,3777.884869446706,9999.387096759587,0.0,0.8756176398574665,1.134757017332077
448740,3777.797931894719,9999.387096759838,0.0,0.8757797720892241,1.1347573114141172
448800,3777.8328657358184,9999.387096760087,0.0,0.8757303201332937,1.1347575224414759
448860,3778.156409593472,9999.38709676033,0.0,0.8735835694208038,1.1347580025679835
448920,3777.987113823089,9999.387096760569,0.0,0.8747245196992484,1.1347581425110118
448980,3777.7262690615703,9999.387096760802,0.0,0.8760995608671438,1.1347583476663272
449040,3777.7637631200246,9999.387096761035,0.0,0.8758155683946041,1.1347585595665863
449100,3777.677169835843,9999.38709676126,0.0,0.876093875779283,1.134758791279038
449160,3777.9818068998197,9999.387096761484,0.0,0.8744658446304409,1.134759136844755
449220,3777.930744468776,9999.387096761702,0.0,0.8745011906355836,1.1347593283628774
449280,3777.6648932464004,9999.387096761919,0.0,0.8764065671586453,1.1347594567926305
449340,3777.9114268958037,9999.387096762131,0.0,0.8757722989665101,1.1347591091282498
449400,3777.812998797541,9999.387096762339,0.0,0.8762082062902672,1.134758697285849
449460,3778.3524996193764,9999.387096762544,0.0,0.873143493528539,1.1347587092598992
449520,3778.3602226989287,9999.387096762744,0.0,0.8743764618821349,1.134757965593066
449580,3778.169830084269,9999.387096762941,0.0,0.8750929444660446,1.1347572318877401
449640,3777.9794685842526,9999.387096763136,0.0,0.8759236069149159,1.1347567987391247
449700,3777.978918001081,9999.387096763327,0.0,0.8760055515620199,1.1347564585616194
449760,3778.2553470142493,9999.387096763514,0.0,0.8739559662217619,1.1347565505662889
449820,3778.1471567637045,9999.3870967637,0.0,0.8747327639053539,1.134756470106899
449880,3778.0212940226884,9999.38709676388,0.0,0.8752683035872725,1.1347565900139485
449940,3777.946239971296,9999.387096764058,0.0,0.8756253699798328,1.1347566568323262
450000,3777.7269672728635,9999.387096764232,0.0,0.8766713350151935,1.1347568061401583
450060,3778.008192557823,9999.387096764403,0.0,0.8750203958884539,1.1347571251363424
450120,3778.0334465222245,9999.387096764573,0.0,0.8745240005153231,1.1347573936616366
450180,3777.9815462431143,9999.387096764738,0.0,0.8749356391215569,1.1347576602923013
450240,3777.8286094701803,9999.387096764902,0.0,0.8756544036316372,1.1347577974810086
450300,3777.7514530828767,9999.387096765062,0.0,0.8757867109646212,1.1347580810457467
450360,3777.7939513337924,9999.38709676522,0.0,0.8757017746901387,1.1347582762925312
450420,3778.112823278656,9999.387096765375,0.0,0.8736132528471025,1.1347587243582398
450480,3777.9493113034755,9999.387096765526,0.0,0.8747281310248975,1.1347588359743563
450540,3777.689917700252,9999.387096765675,0.0,0.8761097536277679,1.1347590041161348
450600,3777.796611386436,9999.387096765822,0.0,0.8759147022462668,1.1347590434614396
450660,3777.9585882723313,9999.387096765966,0.0,0.8756538354168163,1.1347585857006006
450720,3778.124034747091,9999.38709676611,0.0,0.8742579290093095,1.1347584434287838
450780,3778.2552897908636,9999.387096766248,0.0,0.8746155508623092,1.1347581397659126
450840,3778.211088584326,9999.387096766384,0.0,0.8752383116297965,1.1347572287865841
450900,3777.8899930024863,9999.387096766517,0.0,0.8768840977008528,1.134756629665518
450960,3778.1190859843496,9999.38709676665,0.0,0.8754649229116509,1.1347563312661377
451020,3778.090839794473,9999.38709676678,0.0,0.8752070792032065,1.1347561670385853
451080,3778.2553926469577,9999.387096766908,0.0,0.874370459747746,1.13475622709416
451140,3778.0648854595206,9999.387096767034,0.0,0.8751247234496691,1.1347561841568405
451200,3777.870667920039,9999.387096767157,0.0,0.8759526639712449,1.1347563062790165
451260,3777.8742443831948,9999.387096767277,0.0,0.8760093598097843,1.1347564171721725
451320,3778.16533288842,9999.387096767396,0.0,0.8739418006624057,1.1347568374972339
451380,3778.067973965101,9999.387096767514,0.0,0.874682498708932,1.1347569931546122
451440,3777.928365809959,9999.387096767628,0.0,0.8753246610715669,1.1347572664458452
451500,3777.8599835531763,9999.387096767741,0.0,0.8756654921054146,1.1347574501433821
451560,3777.6612483570584,9999.387096767854,0.0,0.8766145704258851,1.1347576774988768
451620,3777.944694192715,9999.387096767963,0.0,0.8749862540270199,1.1347580389866165
451680,3777.9778450474673,9999.38709676807,0.0,0.8744829453897981,1.1347583262332137
451740,3777.9145397645834,9999.387096768176,0.0,0.8749732397087681,1.134758586008687
451800,3777.7661800945198,9999.387096768281,0.0,0.8756963839022193,1.134758710909868
451860,3777.7006648745473,9999.387096768383,0.0,0.8757896211353735,1.1347589722980884
451920,3777.751533766864,9999.387096768483,0.0,0.8756661022224755,1.1347591417440717
451980,3778.0646956968894,9999.387096768583,0.0,0.8736443560029722,1.1347595479924677
452040,3778.0526756861104,9999.38709676868,0.0,0.8748533511928027,1.1347593974366454
452100,3777.9672295989753,9999.387096768774,0.0,0.8754285581529144,1.1347588597375395
452160,3777.674983070717,9999.387096768867,0.0,0.876999351559306,1.1347585726533584
452220,3778.268411330904,9999.38709676896,0.0,0.8745147789125034,1.1347582402593641
452280,3778.1886575860317,9999.38709676905,0.0,0.875128075133659,1.1347574153099493
452340,3778.2875341676186,9999.387096769136,0.0,0.8743550553497303,1.1347570588786222
452400,3778.1307901221426,9999.387096769224,0.0,0.8752661404224125,1.1347566116235082
452460,3777.826109804927,9999.38709676931,0.0,0.8768037740604908,1.1347563834324768
452520,3778.030000132024,9999.387096769395,0.0,0.8754692180474379,1.1347564122745006
452580,3778.02820891817,9999.387096769477,0.0,0.8750917567208659,1.1347565102591024
452640,3778.1782715886466,9999.387096769558,0.0,0.8743896436506423,1.1347567353172243
452700,3777.991249432364,9999.387096769638,0.0,0.8751638341475837,1.1347568070686098
452760,3777.8048635534046,9999.387096769718,0.0,0.8759704919459292,1.1347570073311097
452820,3777.8149554593624,9999.387096769797,0.0,0.8760032346368699,1.1347571708946973
452880,3778.109781591482,9999.387096769871,0.0,0.8739516229302358,1.1347576139091144
452940,3778.022322004712,9999.387096769946,0.0,0.8746476004935333,1.1347577806501432
453000,3777.874419011823,9999.387096770019,0.0,0.875358084449959,1.1347580394657528
453060,3777.809689605257,9999.387096770088,0.0,0.8756943423996338,1.1347582077753808
453120,3777.6259530101856,9999.387096770159,0.0,0.8765718124231584,1.1347584138056501
453180,3777.9096310858913,9999.387096770228,0.0,0.8749646057399209,1.1347587453837635
453240,3777.9486976053226,9999.387096770297,0.0,0.8744552848658746,1.1347589998524712
453300,3777.854563293434,9999.387096770362,0.0,0.8755246524056914,1.1347591887821757
453360,3777.9632405712664,9999.387096770428,0.0,0.8756342604318826,1.1347587710289437
453420,3777.8030216464945,9999.387096770493,0.0,0.8763969554914757,1.1347583515742599
453480,3778.230323083553,9999.387096770555,0.0,0.8739100595379062,1.1347583068778413
453540,3778.381704058071,9999.387096770619,0.0,0.8743873818128032,1.1347575862284236
453600,3778.257879302279,9999.38709677068,0.0,0.8746569395330082,1.1347569141147975
453660,3778.043589557418,9999.387096770743,0.0,0.8757532092193525,1.1347564743828296
453720,3777.995450541313,9999.387096770803,0.0,0.8760040455640146,1.1347561322425221
453780,3778.1393852126835,9999.387096770863,0.0,0.8746851145140141,1.1347561831985202
453840,3778.097591564833,9999.387096770919,0.0,0.8750778500731913,1.1347561406109743
453900,3778.172114447001,9999.387096770975,0.0,0.8744157408667178,1.134756369159117
453960,3778.014987323435,9999.387096771032,0.0,0.8753170664102193,1.1347564168339748
454020,3777.7278893695766,9999.387096771086,0.0,0.8767851729547583,1.1347565614817776
454080,3777.9422568118166,9999.38709677114,0.0,0.8754484862306883,1.1347568556988488
454140,3777.9572802780426,9999.387096771192,0.0,0.8750102545663457,1.1347571433746544
454200,3778.0920753189457,9999.387096771241,0.0,0.874416483415892,1.1347574919327488
454260,3777.908703230934,9999.387096771292,0.0,0.875212133386865,1.1347576501693246
454320,3777.7328016765255,9999.387096771343,0.0,0.8759873742243641,1.1347579036796118
454380,3777.7508548530614,9999.387096771392,0.0,0.8759915704557131,1.1347580975131932
454440,3778.049614505466,9999.38709677144,0.0,0.8739563254629915,1.1347585443718804
454500,3777.971001163757,9999.387096771488,0.0,0.8746143474469207,1.1347587066896259
454560,3777.814050543878,9999.387096771534,0.0,0.8753995493894763,1.1347589375701719
454620,3777.753963719526,9999.38709677158,0.0,0.8757265305437355,1.1347590798815559
454680,3777.587009992636,9999.387096771625,0.0,0.8765236949215068,1.1347592554603514
454740,3778.1825365471113,9999.387096771668,0.0,0.8735634129158844,1.134759560553901
454800,3778.140038559772,9999.387096771712,0.0,0.8745692959237599,1.1347590741201716
454860,3778.02648962992,9999.387096771756,0.0,0.8748894758649233,1.1347587561648917
454920,3777.7934777260216,9999.387096771798,0.0,0.8766246286578905,1.1347584036634346
454980,3778.1030779746357,9999.387096771838,0.0,0.8757407706114894,1.134757623185102
455040,3778.0268564175294,9999.38709677188,0.0,0.8758007610218803,1.1347570702473662
455100,3778.3264784268977,9999.38709677192,0.0,0.8742598981152959,1.1347568213713632
455160,3778.176309194528,9999.387096771958,0.0,0.8747044522332305,1.1347565367595647
455220,3777.9549285575636,9999.387096771996,0.0,0.8757826062119489,1.134756437219258
455280,3777.90475135975,9999.387096772036,0.0,0.8760439119681175,1.1347563822571547
455340,3778.0689962960373,9999.387096772074,0.0,0.8746677278658217,1.134756638117879
455400,3778.0376909997212,9999.387096772109,0.0,0.875021639025672,1.1347567340520246
455460,3778.098188980775,9999.387096772143,0.0,0.874469516774082,1.1347570429987535
455520,3777.946724866562,9999.38709677218,0.0,0.8753520419722254,1.1347571525113156
455580,3777.673091217762,9999.387096772214,0.0,0.8767602398828226,1.134757332290928
455640,3777.8901685537135,9999.38709677225,0.0,0.8754372049766785,1.1347576398265777
455700,3777.9182451844868,9999.387096772283,0.0,0.874950660545007,1.1347579275902573
455760,3778.0424300746786,9999.387096772316,0.0,0.8744331186281008,1.1347582567465766
455820,3777.861319269673,9999.387096772347,0.0,0.8752449966699221,1.1347583925974338
455880,3777.6924048744745,9999.38709677238,0.0,0.8760008292870066,1.1347586179719986
455940,3777.715950079547,9999.38709677241,0.0,0.8759824423430143,1.1347587828986765
456000,3778.013973502178,9999.387096772442,0.0,0.8739825201088695,1.1347591914759771
456060,3778.2201125388515,9999.387096772472,0.0,0.8741433254894098,1.1347590909186347
456120,3778.052366017052,9999.387096772503,0.0,0.8750319812462235,1.134758549146705
456180,3777.699133475318,9999.387096772532,0.0,0.8770702247117633,1.1347582499610078
456240,3778.1678721138696,9999.387096772562,0.0,0.8752073229817082,1.1347578265280265
456300,3778.133607838909,9999.38709677259,0.0,0.8755605848154433,1.1347570208098763
456360,3778.4198311650425,9999.387096772618,0.0,0.8736242231617863,1.1347567552400795
456420,3778.2093713652166,9999.387096772645,0.0,0.8749243271681241,1.1347563010753845
456480,3777.896303692494,9999.387096772673,0.0,0.8765141565658972,1.1347560931721243
456540,3778.004029414138,9999.387096772698,0.0,0.8757059543138724,1.1347560886422412
456600,3777.9310886420194,9999.387096772723,0.0,0.8757820008530054,1.1347561818795742
456660,3778.2190498208774,9999.387096772749,0.0,0.8742487357027086,1.1347564637257177
456720,3778.0712790062257,9999.387096772773,0.0,0.8747327559016572,1.1347565905898296
456780,3777.855272368016,9999.387096772798,0.0,0.8758219846113425,1.1347567884188503
456840,3777.814797236104,9999.387096772822,0.0,0.8760615023175823,1.1347569484489637
456900,3777.990233397984,9999.387096772845,0.0,0.8746618774199062,1.1347573543151077
456960,3777.9715529678756,9999.38709677287,0.0,0.8749568522349144,1.1347575588864887
457020,3778.0161308097504,9999.387096772893,0.0,0.8745330163415842,1.1347579208604845
457080,3777.8716215695363,9999.387096772914,0.0,0.875392665552433,1.1347580682263692
457140,3777.6130724690324,9999.387096772936,0.0,0.8767330962298625,1.1347582631411774
457200,3777.8334583599303,9999.387096772958,0.0,0.875420674570804,1.1347585681657932
457260,3777.8753265240166,9999.38709677298,0.0,0.8748843198382316,1.1347588425765107
457320,3777.986770002181,9999.387096773,0.0,0.8744557072751956,1.1347591397101344
457380,3777.808191410637,9999.387096773022,0.0,0.8752846943362182,1.1347592430324307
457440,3777.534684889404,9999.387096773042,0.0,0.8769278667367262,1.1347593975325152
457500,3777.989387224111,9999.38709677306,0.0,0.8753069152051047,1.1347591891089936
457560,3777.9565253488668,9999.38709677308,0.0,0.875349969544595,1.134758782246547
457620,3778.234776246732,9999.387096773098,0.0,0.8739344101977303,1.1347587207564915
457680,3778.181138797698,9999.387096773118,0.0,0.8752514597290646,1.1347579919330495
457740,3778.047560499358,9999.387096773135,0.0,0.8758722530779597,1.1347572165359048
457800,3778.0723110967306,9999.387096773153,0.0,0.8753157810920925,1.1347568622914257
457860,3778.068883278032,9999.387096773171,0.0,0.8755105988767015,1.1347565150167527
457920,3778.3214987887154,9999.38709677319,0.0,0.8737118753116824,1.1347565914170423
457980,3778.118430146737,9999.387096773207,0.0,0.8749475045807794,1.1347564571740898
458040,3777.8114127966596,9999.387096773224,0.0,0.8765375891784644,1.1347564802576757
458100,3777.9309464869325,9999.387096773242,0.0,0.8757115452332225,1.1347566335516375
458160,3777.8760655661786,9999.387096773258,0.0,0.8757083572092681,1.134756835197518
458220,3778.1575459007086,9999.387096773273,0.0,0.8742345899940855,1.134757183921498
458280,3778.0096316472413,9999.38709677329,0.0,0.8747555130648037,1.1347573503361599
458340,3777.79683284329,9999.387096773304,0.0,0.8758474192926475,1.1347575660392504
458400,3777.7616175220596,9999.387096773318,0.0,0.8760746031147638,1.1347577310630663
458460,3777.944171819429,9999.387096773335,0.0,0.8746654749851828,1.1347581262175082
458520,3777.935865999225,9999.387096773347,0.0,0.8749092622971427,1.1347583167791313
458580,3777.9697768840733,9999.387096773364,0.0,0.874571227416995,1.13475864462817
458640,3777.828910685879,9999.387096773378,0.0,0.8754211306151626,1.1347587629983913
458700,3777.5816534420383,9999.387096773391,0.0,0.876709390857269,1.134758925446654
458760,3778.0404690654123,9999.387096773406,0.0,0.8744589450527503,1.1347591542440738
458820,3778.091368161213,9999.387096773418,0.0,0.8749314878093536,1.1347586889018326
458880,3778.1332182526507,9999.387096773433,0.0,0.8743202324825865,1.1347584653984577
458940,3777.9061754222066,9999.387096773444,0.0,0.8762746558822468,1.1347580930903154
459000,3778.1284565878805,9999.387096773457,0.0,0.8757225835395971,1.1347572608889986
459060,3777.9468991568324,9999.38709677347,0.0,0.8764543894553363,1.1347566836525829
459120,3778.2675298108456,9999.38709677348,0.0,0.8746700182213085,1.1347564354579807
459180,3778.219074599665,9999.387096773493,0.0,0.8745111153962011,1.1347562280964656
459240,3778.0640053741395,9999.387096773504,0.0,0.8753412755783574,1.1347561639923338
459300,3777.9494693297943,9999.387096773515,0.0,0.8758581486078363,1.134756108714295
459360,3777.9637580143403,9999.387096773527,0.0,0.8753479228976292,1.134756318200464
459420,3777.974458618329,9999.387096773538,0.0,0.8754484178619742,1.1347564386703315
459480,3778.2166752696844,9999.38709677355,0.0,0.8737777949701641,1.1347568442033997
459540,3778.0236506631322,9999.38709677356,0.0,0.8749788546260756,1.134756953163956
459600,3777.7254091279733,9999.387096773571,0.0,0.8765416482874739,1.1347571454018566
459660,3777.849976455481,9999.387096773582,0.0,0.8757176537211556,1.134757419486392
459720,3777.8162007346796,9999.387096773593,0.0,0.8756203549213195,1.1347577034537955
459780,3778.0898897108955,9999.387096773602,0.0,0.8742214900960951,1.1347580930846606
459840,3777.9411840251123,9999.387096773613,0.0,0.8747855506816561,1.1347582766511681
459900,3777.7322160745152,9999.387096773622,0.0,0.8758759162234151,1.1347584926657879
459960,3777.70326217786,9999.387096773631,0.0,0.8760866063164549,1.1347586487718637
460020,3777.8945039818086,9999.38709677364,0.0,0.8746613861025166,1.134759021248691
460080,3777.896593726261,9999.387096773651,0.0,0.874855490233481,1.1347591872946146
460140,3777.9175810062106,9999.38709677366,0.0,0.8746179513098596,1.1347594705226176
460200,3777.7970917351063,9999.38709677367,0.0,0.8760288716973782,1.1347593498551014
460260,3777.893008893711,9999.387096773678,0.0,0.8758854167701616,1.1347588551357102
460320,3777.8437973087457,9999.38709677369,0.0,0.875837873225355,1.1347586458578487
460380,3778.488731572686,9999.387096773697,0.0,0.8733309662341497,1.134758432640746
460440,3778.2763953578565,9999.387096773706,0.0,0.8746941241176722,1.134757522459481
460500,3778.025397589996,9999.387096773715,0.0,0.8759785142269764,1.1347569878318216
460560,3778.052927324757,9999.387096773722,0.0,0.8757107981348345,1.1347566033317527
460620,3777.876949597218,9999.387096773731,0.0,0.8764289368166623,1.1347564009868347
460680,3778.1818224478857,9999.387096773738,0.0,0.8746511423548197,1.1347564869332698
460740,3778.1435450044446,9999.387096773746,0.0,0.8744803061195654,1.1347565441695158
460800,3777.9828789100243,9999.387096773753,0.0,0.8753827036709145,1.1347566552903343
460860,3777.875849349744,9999.38709677376,0.0,0.8758907568618642,1.1347567224564985
460920,3777.9007153887123,9999.387096773768,0.0,0.8753511915934126,1.1347570141036534
460980,3777.921595750133,9999.387096773773,0.0,0.8754017604766878,1.1347571917307593
461040,3778.153876746348,9999.38709677378,0.0,0.8738250450581515,1.134757616210342
461100,3777.9671480881166,9999.387096773788,0.0,0.8750011300401311,1.1347577359988894
461160,3777.6761006995216,9999.387096773793,0.0,0.8765391104706484,1.1347579217814558
461220,3777.803222533355,9999.3870967738,0.0,0.8757233847271376,1.1347581807060683
461280,3777.7844732922317,9999.387096773806,0.0,0.8755597714323293,1.1347584443420056
461340,3778.05206490993,9999.387096773813,0.0,0.8742138492509123,1.134758801540547
461400,3777.9033981422463,9999.38709677382,0.0,0.8748053879255253,1.1347589504085327
461460,3777.5839283930654,9999.387096773826,0.0,0.8768793665024431,1.1347590898487105
461520,3777.949552714519,9999.387096773833,0.0,0.8756617322605429,1.1347588114712415
461580,3777.8877698416645,9999.387096773838,0.0,0.8758786674976828,1.134758406478176
461640,3778.3759602852815,9999.387096773846,0.0,0.8731787040091323,1.1347584214008268
461700,3778.3136922508297,9999.387096773851,0.0,0.8747241246895563,1.1347576624450848
461760,3778.1305359856733,9999.387096773859,0.0,0.8754852216715632,1.134756895245518
461820,3778.0161765136836,9999.387096773866,0.0,0.8757778722115609,1.1347564924006432
461880,3778.0280285612175,9999.387096773873,0.0,0.8758456780830117,1.1347561574070848
461940,3778.3595841195443,9999.387096773879,0.0,0.8735081146716839,1.1347562819470076
462000,3778.1748013096153,9999.387096773884,0.0,0.8747030797942088,1.1347561741867156
462060,3777.924585354733,9999.38709677389,0.0,0.8759578778189139,1.1347562455597866
462120,3777.938266946167,9999.387096773895,0.0,0.8757514654119564,1.1347563643682181
462180,3777.791126323319,9999.387096773899,0.0,0.8763314611307167,1.1347565517231697
462240,3778.0986931275434,9999.387096773904,0.0,0.8746019815913528,1.1347569095672216
462300,3778.0601625760655,9999.387096773908,0.0,0.8744772432102735,1.134757156315515
462360,3777.8941531422547,9999.387096773915,0.0,0.8754272436691833,1.1347573985654367
462420,3777.7935644917256,9999.387096773919,0.0,0.8759301822290104,1.1347575592860486
462480,3777.8328776819667,9999.387096773924,0.0,0.8753451865934679,1.134757908428765
462540,3777.8643722399,9999.387096773928,0.0,0.8753472217732213,1.1347581200713612
462600,3778.0845062528924,9999.387096773931,0.0,0.8738784414020988,1.1347585431367777
462660,3777.9040190952865,9999.387096773937,0.0,0.8750300902636936,1.1347586583843798
462720,3777.6212251477937,9999.38709677394,0.0,0.8765390108739839,1.1347588248205829
462780,3777.7520824263643,9999.387096773942,0.0,0.8757263195980353,1.1347590579060836
462840,3777.7496920790327,9999.387096773946,0.0,0.8754907860753515,1.134759291815315
462900,3778.197837309349,9999.38709677395,0.0,0.8735323817039348,1.1347596181621082
462960,3778.0834889554703,9999.387096773953,0.0,0.8748961552770602,1.1347591050970411
463020,3777.852365163827,9999.387096773957,0.0,0.8759778400453068,1.1347586916197128
463080,3777.872155742032,9999.387096773959,0.0,0.8759260001783243,1.1347584657572412
463140,3778.1978565832665,9999.387096773962,0.0,0.8752290378312425,1.1347577430438964
463200,3778.228778665307,9999.387096773966,0.0,0.8745935138483012,1.134757194176106
463260,3778.2271427510177,9999.38709677397,0.0,0.8747682701990505,1.134756836512139
463320,3778.058347378578,9999.387096773973,0.0,0.8754722137023251,1.1347564849351455
463380,3777.9287500225987,9999.387096773975,0.0,0.8758131754490944,1.1347564223706006
463440,3777.946364226677,9999.387096773979,0.0,0.8758249356147515,1.1347563866962138
463500,3778.2826814523714,9999.387096773982,0.0,0.8735268416586588,1.1347567180562566
463560,3778.105690289473,9999.387096773986,0.0,0.8746979498840803,1.134756752388106
463620,3777.853941723442,9999.38709677399,0.0,0.8759813526049975,1.134756913129815
463680,3777.871191268766,9999.387096773991,0.0,0.8757761472779155,1.134757095818032
463740,3777.742951826254,9999.387096773995,0.0,0.8762666550861249,1.1347573231564307
463800,3778.0497234837544,9999.387096773999,0.0,0.8745711745237958,1.1347576945116125
463860,3778.012134726454,9999.387096774002,0.0,0.8744737932877217,1.1347579380285917
463920,3777.8430758300783,9999.387096774006,0.0,0.8754553827363325,1.1347581638961792
463980,3777.74632761873,9999.38709677401,0.0,0.8759567063709769,1.134758304968929
464040,3777.7942897783564,9999.387096774011,0.0,0.8753488828121793,1.1347586267943595
464100,3777.8344771488073,9999.387096774015,0.0,0.8753070380886262,1.1347588112944247
464160,3778.0461847612787,9999.387096774019,0.0,0.8739132953083938,1.134759192646196
464220,3777.938770039641,9999.387096774022,0.0,0.8754913665519677,1.1347590475984237
464280,3777.9438800279927,9999.387096774026,0.0,0.8756991137612302,1.1347585271763232
464340,3777.7448609992607,9999.387096774028,0.0,0.8766214234330101,1.134758276626851
464400,3778.419756045129,9999.387096774031,0.0,0.8738199759440209,1.1347580169786953
464460,3778.269087245785,9999.387096774035,0.0,0.874823791571706,1.1347571458363837
464520,3778.1858900892184,9999.387096774039,0.0,0.8751280176188794,1.1347566999535108
464580,3778.1053921652156,9999.38709677404,0.0,0.8755260578531127,1.1347562803692253
464640,3777.843314393567,9999.387096774044,0.0,0.8767851518155809,1.134756065593038
464700,3778.111000256986,9999.387096774048,0.0,0.8751237135166176,1.134756137383034
464760,3778.123469326419,9999.387096774051,0.0,0.8746369041101336,1.1347562436611058
464820,3778.1103225147376,9999.387096774055,0.0,0.8748158477120583,1.1347564238095356
464880,3777.9449556808177,9999.387096774057,0.0,0.8755415488440632,1.1347564992065344
464940,3777.8362960836726,9999.38709677406,0.0,0.8758140600689457,1.1347567502429594
465000,3777.8646858019024,9999.387096774064,0.0,0.8757888622511725,1.134756938621588
465060,3778.1959638719222,9999.387096774068,0.0,0.8735646565076461,1.1347574187025915
465120,3778.0278855324755,9999.387096774071,0.0,0.8746976928916795,1.1347575637456309
465180,3777.774749098164,9999.387096774073,0.0,0.8760149897034395,1.1347577872979198
465240,3777.798225930568,9999.387096774077,0.0,0.8758007072658459,1.1347580100332701
465300,3777.6903677335695,9999.38709677408,0.0,0.8761952731315215,1.1347582569125763
465360,3777.996199671093,9999.387096774084,0.0,0.8745348763754012,1.1347586252637352
465420,3777.958274936875,9999.387096774084,0.0,0.874474718795489,1.1347588509977282
465480,3777.785907034709,9999.387096774088,0.0,0.8754895626245157,1.134759048376209
465540,3777.694021019292,9999.38709677409,0.0,0.8759855248397057,1.1347591599598215
465600,3777.6912793103415,9999.387096774093,0.0,0.8758152472159998,1.1347594299395563
465660,3778.1859839343138,9999.387096774095,0.0,0.8742332722162669,1.1347593289397642
465720,3778.090870767923,9999.387096774095,0.0,0.874617761396524,1.1347588710988674
465780,3777.904522800813,9999.387096774097,0.0,0.8758681473769404,1.1347586325653463
465840,3778.052017053041,9999.387096774097,0.0,0.8758154426751198,1.1347580261890344
465900,3778.017761564052,9999.387096774097,0.0,0.8760803540163279,1.1347572484242436
465960,3778.319711531013,9999.387096774099,0.0,0.8739382318299821,1.1347569959410895
466020,3778.199189464352,9999.387096774099,0.0,0.8748098127517052,1.134756598223171
466080,3778.1052276342534,9999.387096774099,0.0,0.8751189986188244,1.1347565050575974
466140,3778.009787728093,9999.3870967741,0.0,0.8755730582194801,1.1347564058498392
466200,3777.76895662471,9999.3870967741,0.0,0.8767347293201617,1.1347564372880043
466260,3778.0440069173183,9999.3870967741,0.0,0.8750918009433029,1.1347566717526876
466320,3778.065021417503,9999.3870967741,0.0,0.8745923944935194,1.1347568874565719
466380,3778.0404378996577,9999.3870967741,0.0,0.874848578009711,1.1347571339859979
466440,3777.879119008139,9999.3870967741,0.0,0.8755830114561745,1.1347572546413645
466500,3777.781491563517,9999.3870967741,0.0,0.8758215358328251,1.134757528158228
466560,3777.8177068761674,9999.3870967741,0.0,0.8757617327015584,1.1347577247173934
466620,3778.1450362451196,9999.3870967741,0.0,0.8735943991283321,1.1347581905384243
466680,3777.9836175933633,9999.3870967741,0.0,0.8746975414750471,1.134758320368146
466740,3777.730756213734,9999.3870967741,0.0,0.8760301461467468,1.1347585151699102
466800,3777.7567232494425,9999.3870967741,0.0,0.8758194790963775,1.1347587086434978
466860,3777.663614123363,9999.3870967741,0.0,0.8761445256488649,1.1347589249852221
466920,3778.290859257059,9999.3870967741,0.0,0.8730988247348215,1.1347592924309597
466980,3778.1640970581193,9999.3870967741,0.0,0.8745738592414167,1.1347587750893067
467040,3777.9612400869178,9999.3870967741,0.0,0.875425617151322,1.1347584019996488
467100,3777.8077478878713,9999.3870967741,0.0,0.8765219670135977,1.1347581031045608
467160,3778.156874794804,9999.3870967741,0.0,0.8755782583944817,1.134757347430402
467220,3778.1467314323804,9999.3870967741,0.0,0.8751950712574551,1.134756801363027
467280,3778.3376221253666,9999.3870967741,0.0,0.8743126582846014,1.1347565196001639
467340,3778.1449623565654,9999.3870967741,0.0,0.8750371503686122,1.1347561961131938
467400,3777.9335690770804,9999.387096774102,0.0,0.8759375365330866,1.1347561118439744
467460,3777.9258627338686,9999.387096774102,0.0,0.87602871526969,1.1347560788611404
467520,3778.203345206733,9999.387096774102,0.0,0.8740096807717297,1.1347563961021312
467580,3778.106272632059,9999.387096774102,0.0,0.8747392810579713,1.1347564817523503
467640,3777.994882617973,9999.387096774102,0.0,0.875199234747095,1.1347567266473717
467700,3777.912046254563,9999.387096774102,0.0,0.8756158338184848,1.1347568797108896
467760,3777.6923569707583,9999.387096774102,0.0,0.876678194917581,1.134757091756367
467820,3777.96948954986,9999.387096774102,0.0,0.875058050440096,1.1347574503598807
467880,3778.0010697687862,9999.387096774102,0.0,0.8745388375311435,1.1347577486625295
467940,3777.963088863644,9999.387096774102,0.0,0.8748887092663842,1.134758035030691
468000,3777.8068471075553,9999.387096774102,0.0,0.8756289146986562,1.1347581788899557
468060,3777.721666728663,9999.387096774102,0.0,0.8758256723712088,1.134758457158915
468120,3777.766535498202,9999.387096774102,0.0,0.8757276419001189,1.1347586477289102
468180,3778.089178554892,9999.387096774102,0.0,0.8736244107123133,1.1347590862217507
468240,3777.9337017904477,9999.387096774102,0.0,0.8747025035900653,1.1347591897371363
468300,3777.6812731780055,9999.387096774102,0.0,0.8760511257087059,1.1347593461731829
468360,3777.7693392445726,9999.387096774102,0.0,0.8759668612188136,1.1347593652499515
468420,3777.9326380552643,9999.387096774102,0.0,0.8756791066610512,1.1347589074502054
468480,3778.0960059217273,9999.387096774102,0.0,0.8743067562757216,1.134758759554484
468540,3778.252778257246,9999.387096774102,0.0,0.8745178883460927,1.13475845818242
468600,3778.1926654219255,9999.387096774102,0.0,0.875210538495775,1.1347575527892788
468660,3777.8724414218004,9999.387096774102,0.0,0.8768607780935422,1.1347569563229731
468720,3778.0927607326935,9999.387096774102,0.0,0.8754971852253028,1.134756650697
468780,3778.0639703897573,9999.387096774102,0.0,0.8752562793722161,1.1347564801027035
468840,3778.2440355906333,9999.387096774102,0.0,0.8743378806265016,1.1347565352676863
468900,3778.0550451575796,9999.387096774102,0.0,0.8750854092082024,1.1347564833768637
468960,3777.856635479874,9999.387096774102,0.0,0.8759573474685433,1.134756589139763
469020,3777.857753727213,9999.387096774102,0.0,0.8760234638501654,1.1347566853169797
469080,3778.1382983628328,9999.387096774102,0.0,0.8740222583589506,1.134757085055921
469140,3778.053508576711,9999.387096774102,0.0,0.8746934548026513,1.1347572311517227
469200,3777.9312228173117,9999.387096774102,0.0,0.8752404647164209,1.1347574967272964
469260,3777.8532670988607,9999.387096774102,0.0,0.875647543816681,1.1347576615216128
469320,3777.649391233406,9999.387096774102,0.0,0.876634757279637,1.1347578720958706
469380,3777.9272388725603,9999.387096774102,0.0,0.8750357437904241,1.134758215448203
469440,3777.966378857948,9999.387096774102,0.0,0.874503207117424,1.1347584917620024
469500,3777.9197549940714,9999.387096774102,0.0,0.8749128405159727,1.1347587437974507
469560,3777.766257053472,9999.387096774102,0.0,0.8756602433405233,1.1347588555611516
469620,3777.5911875819997,9999.387096774102,0.0,0.8766005469896785,1.1347590712866953
469680,3778.0967516973515,9999.387096774102,0.0,0.8748340938636577,1.1347589238813849
469740,3778.0501900028844,9999.387096774102,0.0,0.8749322002966634,1.1347585028441012
469800,3778.1043222942653,9999.387096774102,0.0,0.8748309627017653,1.1347583655236069
469860,3778.125231470678,9999.387096774102,0.0,0.8756168600897832,1.134757680664112
469920,3778.0419146466847,9999.387096774102,0.0,0.876054499107507,1.1347568971132145
469980,3778.201387220516,9999.387096774102,0.0,0.8746969108909313,1.1347565935839454
470040,3778.1495669136743,9999.387096774102,0.0,0.875175426610926,1.1347562314221276
470100,3778.256009603224,9999.387096774102,0.0,0.8742722358845136,1.1347562467053964
470160,3778.0831879358207,9999.387096774102,0.0,0.8752509260561369,1.1347561303698088
470220,3777.7814770508867,9999.387096774102,0.0,0.8767928071416832,1.1347561602652494
470280,3777.984930122154,9999.387096774102,0.0,0.8754946436506935,1.1347563686569035
470340,3777.9836716481436,9999.387096774102,0.0,0.8751327970703048,1.1347565997264306
470400,3778.1470978374646,9999.387096774102,0.0,0.8743606486027262,1.1347569283854917
470460,3777.96182190914,9999.387096774102,0.0,0.8751339322315113,1.1347570748984168
470520,3777.7730444103927,9999.387096774102,0.0,0.875978092584616,1.1347573221905867
470580,3777.7822327442864,9999.387096774102,0.0,0.8760168398906526,1.1347575181893326
470640,3778.0689540944913,9999.387096774102,0.0,0.8740233137090755,1.1347579753194255
470700,3777.9948095379996,9999.387096774102,0.0,0.8746490269809748,1.1347581573905339
470760,3777.860789757548,9999.387096774102,0.0,0.8752886804072743,1.1347584233363959
470820,3777.7883211278377,9999.387096774102,0.0,0.8756830335072576,1.1347585845213863
470880,3777.6020862167707,9999.387096774102,0.0,0.876586361641347,1.134758780869245
470940,3777.88127918984,9999.387096774102,0.0,0.8750068086972639,1.1347590979079933
471000,3777.9275104754806,9999.387096774102,0.0,0.8744663846987585,1.1347593419994442
471060,3777.855002295621,9999.387096774102,0.0,0.8754180493769104,1.134759521985148
471120,3777.9448781446567,9999.387096774102,0.0,0.875618597333892,1.1347590960474598
471180,3777.782596412315,9999.387096774102,0.0,0.8763982742904676,1.134758674155772
471240,3778.1887555694725,9999.387096774102,0.0,0.8740362528223872,1.1347586139315047
471300,3778.352141309284,9999.387096774102,0.0,0.8744152989512665,1.1347579013493458
471360,3778.2408652160575,9999.387096774102,0.0,0.874624749507525,1.1347572412166562
471420,3778.0298358185514,9999.387096774102,0.0,0.875725895162796,1.1347568001934922
471480,3777.9767624436527,9999.387096774102,0.0,0.875998946386536,1.1347564521895348
471540,3778.107151103317,9999.387096774102,0.0,0.8747693631095937,1.1347564880141425
471600,3778.075506571327,9999.387096774102,0.0,0.8751064385887929,1.1347564382183832
471660,3778.168437332909,9999.387096774102,0.0,0.8743410503126168,1.1347566613530866
471720,3778.00598148271,9999.387096774102,0.0,0.8752865384956132,1.134756693265578
471780,3777.717833950627,9999.387096774102,0.0,0.8767677886523118,1.134756822862875
471840,3777.9231653632473,9999.387096774102,0.0,0.8754858386852186,1.1347570972829835
471900,3777.9373054769358,9999.387096774102,0.0,0.8750633425475582,1.134757369814502
471960,3778.0894179104484,9999.387096774102,0.0,0.8743762236944835,1.1347577088267229
472020,3777.906540973855,9999.387096774102,0.0,0.8751683585654086,1.134757854702897
472080,3777.724888411676,9999.387096774102,0.0,0.8759936211413551,1.1347580900894385
472140,3777.7398056508755,9999.387096774102,0.0,0.8760105566299977,1.134758268908982
472200,3778.0288141499427,9999.387096774102,0.0,0.8740342713626162,1.1347586966429972
472260,3777.963436313209,9999.387096774102,0.0,0.8746183636611121,1.1347588516499743
472320,3777.822544254797,9999.387096774102,0.0,0.8753146769133596,1.1347590767377227
472380,3777.7684936002797,9999.387096774102,0.0,0.8761874616719748,1.1347590205662808
472440,3777.9179550846466,9999.387096774102,0.0,0.8758734878959908,1.134758546156045
472500,3777.9846026126315,9999.387096774102,0.0,0.8750764098689581,1.1347583779502854
472560,3778.4519145777263,9999.387096774102,0.0,0.8736313604618136,1.134758148360195
472620,3778.2728381011952,9999.387096774102,0.0,0.8748690416149699,1.1347572164561763
472680,3777.9528378470254,9999.387096774102,0.0,0.8765384461050659,1.1347566376261466
472740,3778.0760130763206,9999.387096774102,0.0,0.8756977817046891,1.1347562940783635
472800,3777.9712418826807,9999.387096774102,0.0,0.87594462975967,1.1347561160338007
472860,3778.268378306747,9999.387096774102,0.0,0.8742950503630846,1.1347562191532303
472920,3778.133400435104,9999.387096774102,0.0,0.8746756354732361,1.134756228860599
472980,3777.9178183167505,9999.387096774102,0.0,0.8757646980904337,1.1347563370606768
473040,3777.8665589229067,9999.387096774102,0.0,0.8760402566725638,1.1347564308417661
473100,3778.0188308334427,9999.387096774102,0.0,0.8747464143604788,1.1347567912188814
473160,3777.9989424704067,9999.387096774102,0.0,0.875039327793599,1.1347569736876826
473220,3778.0746510388676,9999.387096774102,0.0,0.8744103129318865,1.1347573455521014
473280,3777.9197217451,9999.387096774102,0.0,0.8753292062369074,1.1347574920166754
473340,3777.6468068582158,9999.387096774102,0.0,0.8767442550315927,1.1347576952140543
473400,3777.8565558391697,9999.387096774102,0.0,0.8754708436916232,1.1347580114967437
473460,3777.8863115064623,9999.387096774102,0.0,0.8749893135257978,1.134758304188439
473520,3778.025100971957,9999.387096774102,0.0,0.8743975931186374,1.1347586357110164
473580,3777.844832724955,9999.387096774102,0.0,0.8752099156986756,1.1347587668651002
473640,3777.6716961776087,9999.387096774102,0.0,0.8760091515869125,1.13475897864458
473700,3777.69338979234,9999.387096774102,0.0,0.8759999545005721,1.1347591304173519
473760,3777.9825118216027,9999.387096774102,0.0,0.8740610215881066,1.134759519123253
473820,3778.2081436152257,9999.387096774102,0.0,0.8740956658881911,1.1347594158911771
473880,3778.03668852603,9999.387096774102,0.0,0.8750008253897319,1.1347588751440423
473940,3777.687015760743,9999.387096774102,0.0,0.87703039707132,1.1347585704979302
474000,3778.132324766953,9999.387096774102,0.0,0.8752787190874426,1.1347581369282398
474060,3778.105685247486,9999.387096774102,0.0,0.8755893981407262,1.1347573418606345
474120,3778.404046661634,9999.387096774102,0.0,0.8735872102770695,1.134757081130522
474180,3778.1942071774283,9999.387096774102,0.0,0.8748962359771562,1.134756624307747
474240,3777.8863264710385,9999.387096774102,0.0,0.8764620090264764,1.134756411231154
474300,3777.9836155784883,9999.387096774102,0.0,0.8757233741458258,1.1347563914471008
474360,3777.906885318519,9999.387096774102,0.0,0.875834354976961,1.1347564710175317
474420,3778.2006786755283,9999.387096774102,0.0,0.8742654502277575,1.1347567397717933
474480,3778.063295035229,9999.387096774102,0.0,0.8746973954823116,1.1347568585934036
474540,3777.8495702872715,9999.387096774102,0.0,0.8757936990028296,1.1347570410186756
474600,3777.803522831094,9999.387096774102,0.0,0.8760591181738636,1.1347571847560187
474660,3777.9650373653553,9999.387096774102,0.0,0.8747473443672966,1.1347575687709348
474720,3777.955895487706,9999.387096774102,0.0,0.8749885431867852,1.1347577620361857
474780,3778.0199879074958,9999.387096774102,0.0,0.8744540149317398,1.1347581173773815
474840,3777.8695396670855,9999.387096774102,0.0,0.8753592331538842,1.1347582483913266
474900,3777.608153340019,9999.387096774102,0.0,0.8767221321623497,1.1347584283510979
474960,3777.8193242121874,9999.387096774102,0.0,0.8754626776391807,1.1347587151137675
475020,3777.860434305396,9999.387096774102,0.0,0.8749387308244122,1.1347589766680444
475080,3778.07387663227,9999.387096774102,0.0,0.8743354387998732,1.1347592560706814
475140,3778.0369453052485,9999.387096774102,0.0,0.8752568335736374,1.1347587738064155
475200,3777.822393940658,9999.387096774102,0.0,0.8762831687644391,1.1347583522309612
475260,3778.0262352502505,9999.387096774102,0.0,0.8750938689137173,1.1347582106044993
475320,3778.292913381373,9999.387096774102,0.0,0.8748476548084075,1.1347574913367278
475380,3778.2867336010686,9999.387096774102,0.0,0.8744276322546676,1.1347569035947322
475440,3778.1486183943134,9999.387096774102,0.0,0.8752574294371059,1.1347564936963432
475500,3778.0298364125415,9999.387096774102,0.0,0.8757767088653047,1.1347561451188182
475560,3778.0094107921173,9999.387096774102,0.0,0.8754251363731466,1.1347561342110393
475620,3778.0160102673217,9999.387096774102,0.0,0.8755280233440813,1.1347561073300738
475680,3778.2826580177907,9999.387096774102,0.0,0.8736833407219421,1.1347564231802034
475740,3778.0829625064725,9999.387096774102,0.0,0.8749237821298022,1.1347564571651931
475800,3777.7814594620213,9999.387096774102,0.0,0.8764909144930219,1.1347566049507802
475860,3777.891283970901,9999.387096774102,0.0,0.8757308952062398,1.1347568459986528
475920,3777.836431029554,9999.387096774102,0.0,0.875744686643647,1.1347571131491143
475980,3778.1237655165305,9999.387096774102,0.0,0.8742429958594373,1.1347575070235802
476040,3777.9848949563266,9999.387096774102,0.0,0.8747252431707738,1.1347577071524797
476100,3777.7742950041015,9999.387096774102,0.0,0.875826506928508,1.1347579384973911
476160,3777.735076328275,9999.387096774102,0.0,0.8760759970828208,1.1347581100455515
476220,3777.906861782783,9999.387096774102,0.0,0.8747416004297894,1.1347584993942734
476280,3777.9086820597045,9999.387096774102,0.0,0.8749310496613272,1.1347586887481749
476340,3777.95892173055,9999.387096774102,0.0,0.8745060672699243,1.134759013595429
476400,3777.8135063055397,9999.387096774102,0.0,0.8753951537846537,1.1347591184499135
476460,3777.5651583492195,9999.387096774102,0.0,0.8766987237570438,1.13475926599576
476520,3778.0009816021493,9999.387096774102,0.0,0.8745717833670272,1.134759471718338
476580,3778.0644731956836,9999.387096774102,0.0,0.8749595770281278,1.1347590099038976
476640,3778.119379562304,9999.387096774102,0.0,0.8742826490866102,1.1347587887617867
476700,3777.9012223156165,9999.387096774102,0.0,0.8762030831830955,1.1347584114649876
476760,3778.105673261427,9999.387096774102,0.0,0.8757188898635319,1.134757582316661
476820,3777.9201046584612,9999.387096774102,0.0,0.8764876633516394,1.1347570065471457
476880,3778.239022819329,9999.387096774102,0.0,0.8747115624043164,1.1347567537398093
476940,3778.200721188405,9999.387096774102,0.0,0.8745045880890061,1.134756545678573
477000,3778.056807068365,9999.387096774102,0.0,0.8752918076878947,1.1347564754641664
477060,3777.936515433936,9999.387096774102,0.0,0.8758370269165962,1.13475640793735
477120,3777.937807179559,9999.387096774102,0.0,0.8754152966194607,1.1347565979015386
477180,3777.9544292348032,9999.387096774102,0.0,0.8754815683211356,1.1347567063327413
477240,3778.2099884954973,9999.387096774102,0.0,0.8737357718986993,1.1347571019144431
477300,3778.0175921292416,9999.387096774102,0.0,0.8749446171268632,1.13475719672788
477360,3777.722517661582,9999.387096774102,0.0,0.8764941178402761,1.134757375207324
477420,3777.8360734739063,9999.387096774102,0.0,0.8757390724410482,1.1347576290603238
477480,3777.7977160085097,9999.387096774102,0.0,0.8756790090426332,1.134757896598819
477540,3778.0796724215775,9999.387096774102,0.0,0.8742294968932384,1.1347582733309156
477600,3777.940380754913,9999.387096774102,0.0,0.874744197244752,1.1347584489321407
477660,3777.732211226411,9999.387096774102,0.0,0.8758477152791655,1.1347586503732554
477720,3777.697077111679,9999.387096774102,0.0,0.8760872282535479,1.134758791848067
477780,3777.8448025923294,9999.387096774102,0.0,0.8749718618653797,1.1347591376139698
477840,3778.281930280011,9999.387096774102,0.0,0.8738456671098813,1.134759068264546
477900,3778.1057295409983,9999.387096774102,0.0,0.8746868673315304,1.1347585573114136
477960,3777.7947579551387,9999.387096774102,0.0,0.8765909946324402,1.1347582766351991
478020,3778.0860823765656,9999.387096774102,0.0,0.8757006470024492,1.1347577471988013
478080,3778.067861654828,9999.387096774102,0.0,0.8759297551340564,1.1347569579675783
478140,3778.43828261811,9999.387096774102,0.0,0.8734246642396124,1.134756733926298
478200,3778.2429677850973,9999.387096774102,0.0,0.874708400258101,1.1347563002381194
478260,3778.0095483768487,9999.387096774102,0.0,0.8758286834698539,1.134756143125988
478320,3778.0002464802756,9999.387096774102,0.0,0.8757243826940395,1.1347560889053765
478380,3777.82880840336,9999.387096774102,0.0,0.8764352843753714,1.1347561534416928
478440,3778.1357897122584,9999.387096774102,0.0,0.8746788908265836,1.134756426331343
478500,3778.1064813201574,9999.387096774102,0.0,0.8744728180859747,1.1347566251203847
478560,3777.9546778699378,9999.387096774102,0.0,0.8753434023552468,1.1347568409797204
478620,3777.843163904516,9999.387096774102,0.0,0.875878713222084,1.1347569827583288
478680,3777.8588723834423,9999.387096774102,0.0,0.875411293547242,1.1347573209225839
478740,3777.8865868129674,9999.387096774102,0.0,0.8754265627120495,1.1347575350450316
478800,3778.130330722281,9999.387096774102,0.0,0.8737921228941193,1.1347579835314
478860,3777.9452101629995,9999.387096774102,0.0,0.8749723427717456,1.134758114909917
478920,3777.657690783781,9999.387096774102,0.0,0.8764989477132673,1.1347583041372762
478980,3777.775727710778,9999.387096774102,0.0,0.8757449657669415,1.1347585552257564
479040,3777.75535110853,9999.387096774102,0.0,0.8756047042867467,1.1347588100954453
479100,3778.0305625740143,9999.387096774102,0.0,0.8742166387439748,1.1347591575974332
479160,3777.8902173467545,9999.387096774102,0.0,0.8747698461686102,1.1347592981715169
479220,3777.5761355963064,9999.387096774102,0.0,0.876827660520176,1.134759422085398
479280,3777.9229224425667,9999.387096774102,0.0,0.8756903684323357,1.1347591329164979
479340,3777.8621065579887,9999.387096774102,0.0,0.8759101101990412,1.1347587269909363
479400,3778.3583853876794,9999.387096774102,0.0,0.873160293660408,1.1347587369186711
479460,3778.299021820383,9999.387096774102,0.0,0.8746798999020357,1.1347579827660954
479520,3778.113768583906,9999.387096774102,0.0,0.8754514003022266,1.1347572225963787
479580,3777.990575622645,9999.387096774102,0.0,0.8758147014094522,1.1347568143504088
479640,3778.004570274612,9999.387096774102,0.0,0.8758673674259302,1.1347564756087298
479700,3778.335107530157,9999.387096774102,0.0,0.8735415104557,1.1347565900419307
479760,3778.160248387163,9999.387096774102,0.0,0.8746875511455526,1.1347564763553
479820,3777.9210377049008,9999.387096774102,0.0,0.8758838819449674,1.1347565396885873
479880,3777.9239618879974,9999.387096774102,0.0,0.8757503954407155,1.1347566399275495
479940,3777.771833462012,9999.387096774102,0.0,0.8763703014458463,1.1347568107380501
480000,3778.0777660389595,9999.387096774102,0.0,0.8746466047901328,1.1347571512093244
480060,3778.050923515029,9999.387096774102,0.0,0.8744623505680131,1.1347573890422669
480120,3777.8946318234766,9999.387096774102,0.0,0.8753752446786306,1.1347576188462605
480180,3777.7875454881514,9999.387096774102,0.0,0.8759093057950936,1.1347577636865867
480240,3777.813038202929,9999.387096774102,0.0,0.8754144835056683,1.1347580916473838
480300,3777.8496963371413,9999.387096774102,0.0,0.8753856360626792,1.1347582908629983
480360,3778.084880366395,9999.387096774102,0.0,0.873830149974854,1.1347587058255073
480420,3777.904511347942,9999.387096774102,0.0,0.8749910913444812,1.1347588085369973
480480,3777.623210846096,9999.387096774102,0.0,0.8764955510942238,1.1347589629367238
480540,3777.8734553921317,9999.387096774102,0.0,0.8754297901606923,1.1347590793423983
480600,3778.0074178351797,9999.387096774102,0.0,0.8753860537795818,1.1347586243792274
480660,3778.1677185525746,9999.387096774102,0.0,0.8740476502931859,1.1347584709412448
480720,3778.096726124286,9999.387096774102,0.0,0.8753906077130896,1.1347581196048864
480780,3778.1679788248157,9999.387096774102,0.0,0.8754907042410768,1.1347572376370907
480840,3777.8891239672107,9999.387096774102,0.0,0.8768555892141818,1.1347566416735475
480900,3778.172710100058,9999.387096774102,0.0,0.8751753866070416,1.1347563694592777
480960,3778.166840481759,9999.387096774102,0.0,0.8747635581907097,1.1347562013190444
481020,3778.1864630934097,9999.387096774102,0.0,0.874725670459414,1.1347562066684438
481080,3778.011459408454,9999.387096774102,0.0,0.8754649655674858,1.134756150189573
481140,3777.8828660107197,9999.387096774102,0.0,0.8758410151736681,1.1347563009987345
481200,3777.9043856928656,9999.387096774102,0.0,0.8758418781869389,1.1347564201207072
481260,3778.2394296404614,9999.387096774102,0.0,0.8735595559796914,1.134756863318333
481320,3778.0729313035927,9999.387096774102,0.0,0.8746803444235834,1.1347569875535946
481380,3777.8303231281843,9999.387096774102,0.0,0.875921943347472,1.1347572112585267
481440,3777.8393036802668,9999.387096774102,0.0,0.8757797527627103,1.1347574300123773
481500,3777.7092704353918,9999.387096774102,0.0,0.8762952880514051,1.1347576811307827
481560,3778.015097035176,9999.387096774102,0.0,0.8746071994816866,1.134758064224616
481620,3777.9889552704212,9999.387096774102,0.0,0.874457323264646,1.1347583184935046
481680,3777.827878385053,9999.387096774102,0.0,0.8754131346135889,1.1347585446032549
481740,3777.7261133719085,9999.387096774102,0.0,0.8759427911160179,1.1347586786187198
481800,3777.763307488811,9999.387096774102,0.0,0.8754114151379525,1.1347589846501316
481860,3777.809448277306,9999.387096774102,0.0,0.8753368571191068,1.1347591587733092
481920,3778.034098958313,9999.387096774102,0.0,0.8738740465861479,1.1347595299705266
481980,3777.931976091228,9999.387096774102,0.0,0.875427077345494,1.134759375179898
482040,3777.9256173574036,9999.387096774102,0.0,0.8756824782873401,1.1347588524204055
482100,3777.719898858024,9999.387096774102,0.0,0.8766604466191343,1.134758593331991
482160,3778.3790482074373,9999.387096774102,0.0,0.8739135893271387,1.1347583231963725
482220,3778.2428432414604,9999.387096774102,0.0,0.8748396963688495,1.1347574668799123
482280,3778.178130831624,9999.387096774102,0.0,0.8750432424407371,1.1347570299379595
482340,3778.088542829509,9999.387096774102,0.0,0.8755077499951954,1.1347566035544296
482400,3777.824200980391,9999.387096774102,0.0,0.8767896643258526,1.1347563808229242
482460,3778.0856634578804,9999.387096774102,0.0,0.8751662828490332,1.1347564386899756
482520,3778.1019042357625,9999.387096774102,0.0,0.8746677887166298,1.134756534905119
482580,3778.1062010595183,9999.387096774102,0.0,0.8747617185395435,1.1347567073960263
482640,3777.9369725445863,9999.387096774102,0.0,0.8755064463255442,1.1347567689958398
482700,3777.8185925709463,9999.387096774102,0.0,0.8758511770831956,1.1347570000398621
482760,3777.847993680324,9999.387096774102,0.0,0.8758171755531192,1.1347571737281574
482820,3778.1806404844483,9999.387096774102,0.0,0.8735873772654944,1.1347576378855004
482880,3778.021665579057,9999.387096774102,0.0,0.8746752893838718,1.1347577726224016
482940,3777.7778732862457,9999.387096774102,0.0,0.8759425554532461,1.1347579855061045
483000,3777.7900484553566,9999.387096774102,0.0,0.87580144647666,1.1347581889655856
483060,3777.675937046494,9999.387096774102,0.0,0.8762416121271185,1.1347584195073412
483120,3777.9806424329618,9999.387096774102,0.0,0.874581676574274,1.13475877220799
483180,3777.955602938695,9999.387096774102,0.0,0.8744533653648319,1.1347589918256646
483240,3777.7168418545275,9999.387096774102,0.0,0.8762431558911364,1.1347591416353688
483300,3777.9371761865427,9999.387096774102,0.0,0.8757563702198174,1.1347587791384226
483360,3777.8215134588872,9999.387096774102,0.0,0.8762810552943983,1.1347583662135148
483420,3778.3536505335933,9999.387096774102,0.0,0.8732341121460732,1.1347583763667493
483480,3778.394013102462,9999.387096774102,0.0,0.874327074043178,1.1347576343561385
483540,3778.209446026875,9999.387096774102,0.0,0.8749782691514748,1.1347569081071847
483600,3778.0049809690686,9999.387096774102,0.0,0.8759088669237547,1.1347564720408065
483660,3777.9947548929963,9999.387096774102,0.0,0.8760223945177459,1.1347561352338342
483720,3778.2445651760804,9999.387096774102,0.0,0.8741068831542005,1.134756226679118
483780,3778.1494625705764,9999.387096774102,0.0,0.8748049313425691,1.1347561630684286
483840,3778.0686522331443,9999.387096774102,0.0,0.8750700708251175,1.1347563185168634
483900,3777.972084694103,9999.387096774102,0.0,0.875560873947173,1.1347563902407847
483960,3777.7312592532603,9999.387096774102,0.0,0.8767361445104597,1.1347565478483406
484020,3778.0006798154823,9999.387096774102,0.0,0.8751286701568035,1.1347568739805578
484080,3778.027892220797,9999.387096774102,0.0,0.8746093815077043,1.134757160570805
484140,3778.017404781024,9999.387096774102,0.0,0.8748038404302064,1.134757457932705
484200,3777.853501466207,9999.387096774102,0.0,0.8755571697006098,1.1347576091084877
484260,3777.748689609099,9999.387096774102,0.0,0.875856722735648,1.1347578956654345
484320,3777.7870963181344,9999.387096774102,0.0,0.8757852038711915,1.1347581012580443
484380,3778.116305488648,9999.387096774102,0.0,0.873615524216328,1.1347585668267879
484440,3777.96411295824,9999.387096774102,0.0,0.8746752078612215,1.1347586965509906
484500,3777.7192524757934,9999.387096774102,0.0,0.8759694633675549,1.1347588854402941
484560,3777.7357771233214,9999.387096774102,0.0,0.8758240179620915,1.1347590630034976
484620,3777.6393269054097,9999.387096774102,0.0,0.8761805118128455,1.1347592637853847
484680,3778.264348982386,9999.387096774102,0.0,0.8731331434121977,1.134759613578137
484740,3778.1457540788215,9999.387096774102,0.0,0.8745545514220576,1.1347590997139025
484800,3777.9496074112453,9999.387096774102,0.0,0.875374811963428,1.1347587274272168
484860,3777.7858946190363,9999.387096774102,0.0,0.8765489844345976,1.1347584168845277
484920,3778.1282640444933,9999.387096774102,0.0,0.8756055729018446,1.1347576652596254
484980,3778.116510480915,9999.387096774102,0.0,0.8752466542755788,1.1347571225975683
485040,3778.3221167331003,9999.387096774102,0.0,0.8742861406275892,1.1347568432491675
485100,3778.1317250146953,9999.387096774102,0.0,0.875000659254857,1.1347565172602414
485160,3777.917732818369,9999.387096774102,0.0,0.8759373262882547,1.134756421550061
485220,3777.90735291772,9999.387096774102,0.0,0.8760395141316587,1.1347563766734465
485280,3778.173457250372,9999.387096774102,0.0,0.874092996372297,1.1347566748052669
485340,3778.088653094084,9999.387096774102,0.0,0.8747550911715248,1.1347567516391739
485400,3777.9953894908385,9999.387096774102,0.0,0.8751152700929519,1.1347569895183107
485460,3777.903518771983,9999.387096774102,0.0,0.8755960866353455,1.1347571238794347
485520,3777.6794377066644,9999.387096774102,0.0,0.876692448251426,1.1347573190317188
485580,3777.9504760947625,9999.387096774102,0.0,0.8751056997424338,1.1347576586985837
485640,3777.9866713908186,9999.387096774102,0.0,0.8745663329851256,1.1347579446029639
485700,3777.966246407653,9999.387096774102,0.0,0.8748299615795326,1.1347582225824606
485760,3777.805453552639,9999.387096774102,0.0,0.8755916736730511,1.1347583525809386
485820,3777.7093223910006,9999.387096774102,0.0,0.8758649465129812,1.134758611696089
485880,3777.754509233829,9999.387096774102,0.0,0.8757614246909694,1.1347587891725281
485940,3778.08028351301,9999.387096774102,0.0,0.8736402002581022,1.1347592150566113
486000,3778.1115460072233,9999.387096774102,0.0,0.874671500559408,1.1347590787413646
486060,3778.0038853839865,9999.387096774102,0.0,0.8753316358352544,1.1347585382042453
486120,3777.686372042828,9999.387096774102,0.0,0.8770735086205779,1.1347582496344015
486180,3778.262396737496,9999.387096774102,0.0,0.8746758972755252,1.1347578986733928
486240,3778.19134696207,9999.387096774102,0.0,0.8752390979340922,1.134757072073929
486300,3778.3400853447993,9999.387096774102,0.0,0.8741535297272127,1.1347567404319354
486360,3778.1655832594092,9999.387096774102,0.0,0.875180687519828,1.1347562922032477
486420,3777.8508122725284,9999.387096774102,0.0,0.8767750180184776,1.1347560718987497
486480,3778.0344449884437,9999.387096774102,0.0,0.8755397254548455,1.1347561017540626
486540,3778.016644580667,9999.387096774102,0.0,0.875255821185977,1.134756208882772
486600,3778.20783997261,9999.387096774102,0.0,0.8743126834752737,1.1347564620250872
486660,3778.0217118743567,9999.387096774102,0.0,0.8750551962109,1.1347565542144937
486720,3777.820931920452,9999.387096774102,0.0,0.8759617538802131,1.1347567631114903
486780,3777.820680310624,9999.387096774102,0.0,0.8760353664294284,1.1347569370386228
486840,3778.093151169383,9999.387096774102,0.0,0.8740950334852138,1.1347573855125648
486900,3778.021083798073,9999.387096774102,0.0,0.8747000550794126,1.1347575725775363
486960,3777.913595518474,9999.387096774102,0.0,0.8751717381184753,1.1347578655138355
487020,3777.8284361229066,9999.387096774102,0.0,0.8756349346155554,1.1347580386452591
487080,3777.622809310008,9999.387096774102,0.0,0.8766442317583438,1.1347582512157073
487140,3777.8958403977904,9999.387096774102,0.0,0.8750764172194663,1.134758588344927
487200,3777.940983387444,9999.387096774102,0.0,0.8745204409700121,1.134758859761576
487260,3777.908837074606,9999.387096774102,0.0,0.8748631953515914,1.1347591057068647
487320,3777.751840306648,9999.387096774102,0.0,0.8756316963426807,1.134759204552792
487380,3777.5680142623673,9999.387096774102,0.0,0.8766409683125796,1.1347594001076808
487440,3778.0637377880507,9999.387096774102,0.0,0.8748943800624503,1.1347592420123571
487500,3778.024741831904,9999.387096774102,0.0,0.874959363686434,1.134758823551796
487560,3778.101681204226,9999.387096774102,0.0,0.8747278278541003,1.1347586878114597
487620,3778.1082221469514,9999.387096774102,0.0,0.8755905169702454,1.1347579996037618
487680,3778.020523348394,9999.387096774102,0.0,0.8760473140837781,1.134757222132766
487740,3778.1658361681675,9999.387096774102,0.0,0.8747834222087658,1.1347569116933045
487800,3778.124759088382,9999.387096774102,0.0,0.8752028494429884,1.134756549306574
487860,3778.248471072298,9999.387096774102,0.0,0.8742034279534812,1.134756563600621
487920,3778.0714582260944,9999.387096774102,0.0,0.8752207497103646,1.134756435243139
487980,3777.7698212889986,9999.387096774102,0.0,0.8767694983709142,1.1347564526241305
488040,3777.964041575943,9999.387096774102,0.0,0.875528725990466,1.1347566424516426
488100,3777.961449709092,9999.387096774102,0.0,0.8751863853577478,1.1347568587775454
488160,3778.1410751507287,9999.387096774102,0.0,0.8743266047986896,1.1347571774552634
488220,3777.957394270602,9999.387096774102,0.0,0.875091363106556,1.1347573117797245
488280,3777.7640596373817,9999.387096774102,0.0,0.8759798135716985,1.1347575408226993
488340,3777.769931809703,9999.387096774102,0.0,0.8760323144346696,1.13475772107484
488400,3778.045974605971,9999.387096774102,0.0,0.8741042144679538,1.1347581578535906
488460,3777.9841907539253,9999.387096774102,0.0,0.8746605960492285,1.1347583310684095
488520,3777.8676964312426,9999.387096774102,0.0,0.8752033463908351,1.1347585907647557
488580,3777.78562216006,9999.387096774102,0.0,0.8756628201914539,1.1347587347594743
488640,3777.59352728785,9999.387096774102,0.0,0.8766074500829677,1.13475891597552
488700,3778.17052892792,9999.387096774102,0.0,0.8737352512681389,1.1347592166987646
488760,3778.14612951709,9999.387096774102,0.0,0.8746466869112263,1.134758734453206
488820,3778.06965834537,9999.387096774102,0.0,0.8747380604998033,1.1347584429007855
488880,3777.82528463742,9999.387096774102,0.0,0.8765966687996859,1.134758086213789
488940,3778.124397936482,9999.387096774102,0.0,0.8757510141285285,1.1347572886706785
489000,3778.020170295775,9999.387096774102,0.0,0.8759805585133438,1.1347567274871813
489060,3778.3316994378047,9999.387096774102,0.0,0.8743377142743292,1.1347564836631587
489120,3778.20497458931,9999.387096774102,0.0,0.874634282370641,1.1347562228495036
489180,3777.9902528738394,9999.387096774102,0.0,0.8756975896181386,1.1347561360211689
489240,3777.9252822028443,9999.387096774102,0.0,0.8760153806334758,1.134756089177526
489300,3778.0549201749554,9999.387096774102,0.0,0.8748274629559075,1.1347563452243066
489360,3778.032774337166,9999.387096774102,0.0,0.8751255834910943,1.134756457363589
489420,3778.1398717543393,9999.387096774102,0.0,0.8742848248159666,1.13475680302624
489480,3777.974121565351,9999.387096774102,0.0,0.8752642711024838,1.1347569216250686
489540,3777.687702407532,9999.387096774102,0.0,0.8767475891836983,1.1347571134214354
489600,3777.8860053594017,9999.387096774102,0.0,0.8755166916748007,1.1347574255315274
489660,3777.90153011484,9999.387096774102,0.0,0.8751022746863657,1.1347577247592768
489720,3778.0673686434147,9999.387096774102,0.0,0.8743456671820267,1.1347580825252133
489780,3777.886298903021,9999.387096774102,0.0,0.875134369882783,1.1347582367789917
489840,3777.7014883633324,9999.387096774102,0.0,0.8759982724967884,1.1347584683842724
489900,3777.714464819217,9999.387096774102,0.0,0.8760253888854566,1.1347586409760833
489960,3777.995085304888,9999.387096774102,0.0,0.8741064995406781,1.134759053821432
490020,3777.942608285696,9999.387096774102,0.0,0.8746211091467766,1.1347592021252126
490080,3777.815948365597,9999.387096774102,0.0,0.875243239174918,1.1347594184886867
490140,3777.7507209401897,9999.387096774102,0.0,0.8761882900990268,1.1347593452376137
490200,3777.8945190922113,9999.387096774102,0.0,0.8758854194750112,1.134758869138876
490260,3777.9531830714977,9999.387096774102,0.0,0.8751511786882124,1.134758692812502
490320,3778.4393360265244,9999.387096774102,0.0,0.8735798466639331,1.1347584631935235
490380,3778.254161764512,9999.387096774102,0.0,0.8748423709138065,1.1347575405676533
490440,3777.940706751593,9999.387096774102,0.0,0.8764814578776818,1.1347569663423853
490500,3778.053100969455,9999.387096774102,0.0,0.8757122524818018,1.134756614963018
490560,3777.9450490556856,9999.387096774102,0.0,0.8759916833281094,1.1347564290359986
490620,3778.2450326682756,9999.387096774102,0.0,0.8743235527919071,1.1347565217085518
490680,3778.1222449569354,9999.387096774102,0.0,0.8746439266559797,1.134756526498647
490740,3777.910287854181,9999.387096774102,0.0,0.8757333331592502,1.1347566213447695
490800,3777.8534702224856,9999.387096774102,0.0,0.8760348913440082,1.1347566997896275
490860,3777.9917575085033,9999.387096774102,0.0,0.8748307090131886,1.1347570385725947
490920,3777.981218453679,9999.387096774102,0.0,0.8750712457794914,1.1347572094758587
490980,3778.075882798194,9999.387096774102,0.0,0.8743348063217373,1.1347575739092721
491040,3777.9157602105374,9999.387096774102,0.0,0.8752956127985392,1.1347577036637129
491100,3777.640997180876,9999.387096774102,0.0,0.8767275146839358,1.1347578914371053
491160,3777.8412817518038,9999.387096774102,0.0,0.8755097503863136,1.1347581884265967
491220,3777.869652824126,9999.387096774102,0.0,0.8750453162407219,1.1347584669429343
491280,3778.0260441147093,9999.387096774102,0.0,0.8743571396348799,1.1347587906452956
491340,3777.846627907318,9999.387096774102,0.0,0.8751633278399699,1.1347589114169645
491400,3777.549902540761,9999.387096774102,0.0,0.8769765386513582,1.1347590705436148
491460,3777.993712715318,9999.387096774102,0.0,0.8754061460942806,1.134758849763407
491520,3777.953078336457,9999.387096774102,0.0,0.8754902290414582,1.1347584444894236
491580,3778.291793374977,9999.387096774102,0.0,0.8737094073309516,1.13475841124977
491640,3778.230659325408,9999.387096774102,0.0,0.8751264626545807,1.1347576693377448
491700,3778.0829125066944,9999.387096774102,0.0,0.8757886508570167,1.134756890327213
491760,3778.070965678299,9999.387096774102,0.0,0.8754409457651261,1.1347565247239975
491820,3778.0715630028467,9999.387096774102,0.0,0.8756047098995176,1.1347561838858369
491880,3778.3545214011533,9999.387096774102,0.0,0.8736021670847963,1.134756284468525
491940,3778.1477809656562,9999.387096774102,0.0,0.8748733685366193,1.1347561612745078
492000,3777.845003452601,9999.387096774102,0.0,0.8764345165111573,1.134756202217499
492060,3777.9409781447316,9999.387096774102,0.0,0.8757367696766217,1.1347563583014386
492120,3777.862963760668,9999.387096774102,0.0,0.8758733527154056,1.1347565676331886
492180,3778.160257148021,9999.387096774102,0.0,0.8742833544235294,1.1347569341475776
492240,3778.033554002849,9999.387096774102,0.0,0.8746698151560593,1.134757129601158
492300,3777.823271891913,9999.387096774102,0.0,0.8757705865668791,1.134757360207123
492360,3777.7734408397223,9999.387096774102,0.0,0.8760582217278341,1.1347575348319712
492420,3777.924207482664,9999.387096774102,0.0,0.8748225579899949,1.1347579315872056
492480,3777.9251143025926,9999.387096774102,0.0,0.8750103874955126,1.134758137712141
492540,3778.005045101269,9999.387096774102,0.0,0.8743924066927861,1.1347585002864784
492600,3777.8508370587433,9999.387096774102,0.0,0.8753331412138858,1.1347586258713893
492660,3777.5892361225415,9999.387096774102,0.0,0.8767067386751434,1.1347587968393966
492720,3777.792549526411,9999.387096774102,0.0,0.8754978417665757,1.1347590679104895
492780,3777.834573478223,9999.387096774102,0.0,0.8749811780344902,1.134759316080998
492840,3778.0714928228304,9999.387096774102,0.0,0.8742398314259218,1.1347595872720102
492900,3778.0215458874027,9999.387096774102,0.0,0.8752242604488236,1.1347590999680313
492960,3777.8059091234168,9999.387096774102,0.0,0.8762612010509115,1.1347586762723196
493020,3777.98756139917,9999.387096774102,0.0,0.875210170328922,1.1347585192238214
493080,3778.2617095947317,9999.387096774102,0.0,0.8748867209671584,1.1347578066533355
493140,3778.2651635585607,9999.387096774102,0.0,0.8744222710918732,1.1347572283978584
493200,3778.138617867524,9999.387096774102,0.0,0.8752076320688668,1.1347568204059144
493260,3778.014132423408,9999.387096774102,0.0,0.8757544650495457,1.134756466047979
493320,3777.98164438787,9999.387096774102,0.0,0.8754879009993675,1.134756440454801
493380,3777.993792423198,9999.387096774102,0.0,0.875558949473231,1.1347564043656138
493440,3778.272103755507,9999.387096774102,0.0,0.8736496066573701,1.1347567112912074
493500,3778.074066384768,9999.387096774102,0.0,0.8748920832813685,1.134756732659721
493560,3777.7770127848958,9999.387096774102,0.0,0.8764387006390183,1.1347568676714295
493620,3777.875875947359,9999.387096774102,0.0,0.8757488244013419,1.1347570885385807
493680,3777.81643060092,9999.387096774102,0.0,0.8758005990768404,1.1347573388626577
493740,3778.109569673716,9999.387096774102,0.0,0.8742617106469251,1.1347577181741038
493800,3777.981687239764,9999.387096774102,0.0,0.8746872284226199,1.134757910124748
493860,3777.7731957990263,9999.387096774102,0.0,0.8757949181387553,1.1347581264569564
493920,3777.727794460477,9999.387096774102,0.0,0.8760733234671129,1.134758282455748
493980,3777.885471570059,9999.387096774102,0.0,0.8748265113553934,1.134758651368524
494040,3777.8960524791664,9999.387096774102,0.0,0.874965619562837,1.1347588308036314
494100,3777.966196334359,9999.387096774102,0.0,0.8744270604377307,1.1347591511647506
494160,3777.8402160494293,9999.387096774102,0.0,0.8759326440025984,1.1347590287895406
494220,3777.9190889889665,9999.387096774102,0.0,0.8758533713194331,1.134758527958162
494280,3777.830006991624,9999.387096774102,0.0,0.8760519699827822,1.1347583122981368
494340,3778.5092308936173,9999.387096774102,0.0,0.8733461193313344,1.1347580988386172
494400,3778.298146139834,9999.387096774102,0.0,0.8746919601516867,1.1347571874655307
494460,3778.0769367381026,9999.387096774102,0.0,0.8757977471121798,1.1347566696321474
494520,3778.078710526428,9999.387096774102,0.0,0.8756784912494074,1.134756279160388
494580,3777.8775495762056,9999.387096774102,0.0,0.8765485857323143,1.1347560781252475
494640,3778.1781708137187,9999.387096774102,0.0,0.8747636033351927,1.1347561704588682
494700,3778.1576975961725,9999.387096774102,0.0,0.8744769294766078,1.1347562520480994
494760,3778.0230678157395,9999.387096774102,0.0,0.8752554594486448,1.1347563866494346
494820,3777.900835199465,9999.387096774102,0.0,0.8758194256632413,1.1347564652789823
494880,3777.8916723221087,9999.387096774102,0.0,0.8754748652469169,1.1347567584936913
494940,3777.9150948539027,9999.387096774102,0.0,0.8755043717356655,1.1347569499803136
495000,3778.1809792825006,9999.387096774102,0.0,0.8737100879529032,1.1347574045819175
495060,3777.9913169383344,9999.387096774102,0.0,0.8749176210363137,1.1347575382249184
495120,3777.700801817366,9999.387096774102,0.0,0.8764502963241566,1.134757740972163
495180,3777.80535462535,9999.387096774102,0.0,0.875757994859211,1.1347580027128454
495240,3777.765561182737,9999.387096774102,0.0,0.8757211018289854,1.1347582732788726
495300,3778.053233944925,9999.387096774102,0.0,0.8742404901780148,1.134758648194799
495360,3777.9235559235244,9999.387096774102,0.0,0.8747112541967388,1.1347588222724652
495420,3777.7173857042935,9999.387096774102,0.0,0.8758232068249446,1.1347590124379343
495480,3777.677520469379,9999.387096774102,0.0,0.8760879672605724,1.1347591399954862
495540,3777.81138863404,9999.387096774102,0.0,0.8750680113381611,1.1347594643133494
495600,3778.2556382416988,9999.387096774102,0.0,0.8738679420668287,1.1347593878236701
495660,3778.0883567442943,9999.387096774102,0.0,0.8746653380299029,1.1347588821595136
495720,3777.789171323421,9999.387096774102,0.0,0.8765098558730134,1.1347585989646278
495780,3778.057602402761,9999.387096774102,0.0,0.8757361734255193,1.1347580610251002
495840,3778.041505464973,9999.387096774102,0.0,0.8759505351569932,1.1347572801666679
495900,3778.4089592813566,9999.387096774102,0.0,0.8734691650592199,1.1347570536905602
495960,3778.22436143757,9999.387096774102,0.0,0.8746987283315211,1.1347566214347768
496020,3778.0032678430816,9999.387096774102,0.0,0.8757532775408469,1.1347564620090633
496080,3777.983768932052,9999.387096774102,0.0,0.8757205788002925,1.1347563928900544
496140,3777.807872346306,9999.387096774102,0.0,0.8764687530081732,1.134756443268291
496200,3778.11253124325,9999.387096774102,0.0,0.8747233284553932,1.1347566998852905
496260,3778.0938941064132,9999.387096774102,0.0,0.8744642078849298,1.134756889851799
496320,3777.9531379048917,9999.387096774102,0.0,0.8752905678938347,1.1347570939558458
496380,3777.8354282553864,9999.387096774102,0.0,0.8758557504966136,1.1347572198205995
496440,3777.8377946154283,9999.387096774102,0.0,0.8754771045905351,1.1347575364323625
496500,3777.8703974149325,9999.387096774102,0.0,0.8754631406417548,1.1347577373068667
496560,3778.127673294118,9999.387096774102,0.0,0.8737512076127395,1.1347581760584993
496620,3777.9436421786318,9999.387096774102,0.0,0.8749353184175934,1.134758294328911
496680,3777.6587994456772,9999.387096774102,0.0,0.876450739855207,1.1347584709351315
496740,3777.7654661742135,9999.387096774102,0.0,0.87576644465449,1.1347587033370552
496800,3777.739855709653,9999.387096774102,0.0,0.8756658842865666,1.1347589434112737
496860,3778.249053155431,9999.387096774102,0.0,0.8733530196750967,1.1347592977478331
496920,3778.1229949940875,9999.387096774102,0.0,0.8748003694135175,1.1347587799944532
496980,3777.8915555459325,9999.387096774102,0.0,0.8758592355797322,1.1347583758671702
497040,3777.8650151734246,9999.387096774102,0.0,0.8760998244362672,1.1347581360044283
497100,3778.2038886434,9999.387096774102,0.0,0.8753243798512482,1.134757401281039
497160,3778.2283709946723,9999.387096774102,0.0,0.8747154965459343,1.134756852434586
497220,3778.273113646018,9999.387096774102,0.0,0.8746400478277684,1.134756515786159
497280,3778.0935837144193,9999.387096774102,0.0,0.8753684490841936,1.134756173015232
497340,3777.938152236068,9999.387096774102,0.0,0.8758669440900061,1.134756110745702
497400,3777.9511456912555,9999.387096774102,0.0,0.8758907846265046,1.1347560843039906
497460,3778.2880251514434,9999.387096774102,0.0,0.8735648412408661,1.1347564293934105
497520,3778.122811811044,9999.387096774102,0.0,0.8746748651306151,1.134756483784408
497580,3777.8940396200724,9999.387096774102,0.0,0.8758186700917369,1.1347566718202278
497640,3777.8875599329403,9999.387096774102,0.0,0.8757526869818335,1.1347568585981949
497700,3777.7345503658667,9999.387096774102,0.0,0.8763931642310292,1.134757092991976
497760,3778.0391894964882,9999.387096774102,0.0,0.8746821397505739,1.1347574747581621
497820,3778.0230672302228,9999.387096774102,0.0,0.8744505722619537,1.1347577454329625
497880,3777.8757493353537,9999.387096774102,0.0,0.8753325405796535,1.1347579931503535
497940,3777.763971678569,9999.387096774102,0.0,0.8758940388951622,1.1347581442117185
498000,3777.77927557925,9999.387096774102,0.0,0.8754739579943921,1.1347584663066121
498060,3777.821692879157,9999.387096774102,0.0,0.875413962495723,1.134758662213485
498120,3778.0685735648344,9999.387096774102,0.0,0.8737974774832296,1.134759071495057
498180,3777.890057210472,9999.387096774102,0.0,0.8749594525808737,1.1347591634869585
498240,3777.6117332427357,9999.387096774102,0.0,0.876454306703145,1.1347593045714321
498300,3777.839965010769,9999.387096774102,0.0,0.8755140790470265,1.1347593991038794
498360,3777.980444024952,9999.387096774102,0.0,0.875416240397018,1.1347589455492142
498420,3778.146847202823,9999.387096774102,0.0,0.8740520378834504,1.1347587904455998
498480,3778.095765404982,9999.387096774102,0.0,0.875290276332246,1.134758438796191
498540,3778.1482660199363,9999.387096774102,0.0,0.8754701626309275,1.1347575608463496
498600,3777.8674902948173,9999.387096774102,0.0,0.8768574471456069,1.1347569667048378
498660,3778.1447474196907,9999.387096774102,0.0,0.8752156827521587,1.1347566881293132
498720,3778.141860801096,9999.387096774102,0.0,0.874798745868274,1.1347565153914716
498780,3778.1789491660948,9999.387096774102,0.0,0.8746748563236179,1.1347565170245875
498840,3778.0009392356474,9999.387096774102,0.0,0.8754296613858082,1.1347564497235798
498900,3777.8636416688037,9999.387096774102,0.0,0.8758735463474998,1.1347565825268657
498960,3777.885936878898,9999.387096774102,0.0,0.8758669154726003,1.1347566878527526
499020,3778.2197730638727,9999.387096774102,0.0,0.8735951439426671,1.1347571142632003
499080,3778.0636817143422,9999.387096774102,0.0,0.8746629825173485,1.134757228625864
499140,3777.831804804498,9999.387096774102,0.0,0.875846874033165,1.1347574417889852
499200,3777.8297561409668,9999.387096774102,0.0,0.8757774899881975,1.1347576407437474
499260,3777.693835358852,9999.387096774102,0.0,0.8763368696766897,1.1347578748061402
499320,3777.9977844668015,9999.387096774102,0.0,0.8746544840980263,1.134758241019354
499380,3777.9836529020863,9999.387096774102,0.0,0.874441828317546,1.134758487628944
499440,3777.8324528691487,9999.387096774102,0.0,0.8753581332875074,1.134758702965737
499500,3777.723893868381,9999.387096774102,0.0,0.8759202413365033,1.1347588227833185
499560,3777.6754515961593,9999.387096774102,0.0,0.8760308539079494,1.1347590906009921
499620,3778.182922842308,9999.387096774102,0.0,0.8743675527623171,1.1347589847561952
499680,3778.1011552915893,9999.387096774102,0.0,0.8746646704889687,1.1347585379870395
499740,3777.9634996226814,9999.387096774102,0.0,0.8756481503823232,1.1347583259754566
499800,3778.0826392289073,9999.387096774102,0.0,0.87579055055621,1.1347576985557057
499860,3778.037595396084,9999.387096774102,0.0,0.8760926150409073,1.1347569143689384
499920,3778.310392001371,9999.387096774102,0.0,0.8740973562534423,1.1347566524688628
499980,3778.2028930256524,9999.387096774102,0.0,0.8748920565276673,1.1347562658096104
500040,3778.155633396202,9999.387096774102,0.0,0.8749163999520937,1.1347562053150688
500100,3778.0391592288424,9999.387096774102,0.0,0.8755029726130182,1.1347561089004128
500160,3777.777678127891,9999.387096774102,0.0,0.8767882058814644,1.1347561475976293
500220,3778.0395911807354,9999.387096774102,0.0,0.8751960915893905,1.1347563878901712
500280,3778.059083069532,9999.387096774102,0.0,0.8746960846404175,1.1347566201569637
500340,3778.0779550556954,9999.387096774102,0.0,0.8747193818010598,1.134756898112928
500400,3777.9065933736447,9999.387096774102,0.0,0.8754816759480163,1.1347570339663082
500460,3777.782401734756,9999.387096774102,0.0,0.8758822032562142,1.1347573115736824
500520,3777.8138807543605,9999.387096774102,0.0,0.8758381123956596,1.1347575192101513
500580,3778.1463218050235,9999.387096774102,0.0,0.8736193357537739,1.1347580011901015
500640,3777.997853349521,9999.387096774102,0.0,0.874656487001364,1.134758150890147
500700,3777.763084231718,9999.387096774102,0.0,0.8758802824643306,1.134758369126153
500760,3777.766191276862,9999.387096774102,0.0,0.8758036704920635,1.1347585648543037
500820,3777.6491842071996,9999.387096774102,0.0,0.8762733324292931,1.1347587857591654
500880,3777.9526169420774,9999.387096774102,0.0,0.8746206035938124,1.134759125102725
500940,3777.939211187109,9999.387096774102,0.0,0.8744365416927947,1.134759336976858
501000,3777.715471868848,9999.387096774102,0.0,0.8761503695719783,1.1347594749672125
501060,3777.9156211696145,9999.387096774102,0.0,0.8757581165776854,1.1347591028243618
501120,3777.7985266914948,9999.387096774102,0.0,0.8762973431955935,1.1347586877943083
501180,3778.3159242465267,9999.387096774102,0.0,0.8733333636376919,1.1347586836524133
501240,3778.3728779749827,9999.387096774102,0.0,0.8743128269576153,1.134757952479491
501300,3778.193449765081,9999.387096774102,0.0,0.8749400470889167,1.134757235769955
501360,3777.9867838276127,9999.387096774102,0.0,0.8759061816288967,1.13475679648022
501420,3777.973900076733,9999.387096774102,0.0,0.876029614025723,1.1347564543971798
501480,3778.2117908962878,9999.387096774102,0.0,0.8741916015261143,1.1347565312507955
501540,3778.1289064939415,9999.387096774102,0.0,0.8748231352955067,1.1347564617523591
501600,3778.0664917046774,9999.387096774102,0.0,0.8749867575138548,1.1347566121484118
501660,3777.961425973746,9999.387096774102,0.0,0.8755396974929965,1.1347566665826379
501720,3777.7170705189333,9999.387096774102,0.0,0.8767441587249786,1.1347568081489245
501780,3777.9799421682173,9999.387096774102,0.0,0.8751741277504196,1.1347571152353149
501840,3778.0107152126525,9999.387096774102,0.0,0.8746424127515334,1.134757388643252
501900,3778.0181811171133,9999.387096774102,0.0,0.8747473624360841,1.1347576770559764
501960,3777.850380686744,9999.387096774102,0.0,0.8755191994508904,1.1347578139091352
502020,3777.7354922649383,9999.387096774102,0.0,0.8758914433497041,1.1347580806964859
502080,3777.7739475083936,9999.387096774102,0.0,0.8758159341718013,1.1347582721453304
502140,3778.1038649648262,9999.387096774102,0.0,0.8736430977814276,1.1347587229108618
502200,3777.961688331919,9999.387096774102,0.0,0.8746514123780957,1.1347588444595378
502260,3777.7260537092848,9999.387096774102,0.0,0.8758957689833209,1.1347590246179473
502320,3777.7775365702864,9999.387096774102,0.0,0.8760518034155043,1.1347590330607469
502380,3777.942363621249,9999.387096774102,0.0,0.8757425868165,1.1347585717318875
502440,3778.0882428942446,9999.387096774102,0.0,0.8744586005365635,1.1347584252814906
502500,3778.3214044834176,9999.387096774102,0.0,0.8742868591194458,1.1347581460237601
502560,3778.230782249586,9999.387096774102,0.0,0.8751220735270885,1.1347572256314797
502620,3777.901393765532,9999.387096774102,0.0,0.8768275456718448,1.1347566290632827
502680,3778.101604121251,9999.387096774102,0.0,0.875559610295026,1.1347563178301576
502740,3778.0546450268234,9999.387096774102,0.0,0.8754265184276908,1.13475615131868
502800,3778.2730223560857,9999.387096774102,0.0,0.874277700266054,1.134756230513186
502860,3778.0875585244544,9999.387096774102,0.0,0.874978659622024,1.134756198596719
502920,3777.877174639064,9999.387096774102,0.0,0.8759376792743776,1.1347563128409766
502980,3777.8674006256824,9999.387096774102,0.0,0.8760455681751269,1.1347564189923014
503040,3778.1227023258257,9999.387096774102,0.0,0.8741724007922627,1.134756823237958
503100,3778.0513632382863,9999.387096774102,0.0,0.8747629086590825,1.1347569889220834
503160,3777.972989742538,9999.387096774102,0.0,0.875048850418646,1.1347572907898096
503220,3777.8748517230315,9999.387096774102,0.0,0.8755823637582625,1.134757461403099
503280,3777.649817576241,9999.387096774102,0.0,0.8766967206049191,1.13475767983558
503340,3777.915689677043,9999.387096774102,0.0,0.8751446416500805,1.1347580292730335
503400,3777.9571781159784,9999.387096774102,0.0,0.8745877080620738,1.1347583220648727
503460,3777.9515411737543,9999.387096774102,0.0,0.8747823427636588,1.1347586029506358
503520,3777.7878853699176,9999.387096774102,0.0,0.8755627175186506,1.1347587268399346
503580,3777.684065298517,9999.387096774102,0.0,0.8758977987130508,1.1347589711519435
503640,3777.7303929920913,9999.387096774102,0.0,0.8757872924080723,1.1347591364489658
503700,3778.057329795787,9999.387096774102,0.0,0.8736656159599206,1.1347595465269087
503760,3778.1042985780946,9999.387096774102,0.0,0.8746034316686165,1.134759405669382
503820,3777.987762321457,9999.387096774102,0.0,0.8753029924268908,1.1347588642106907
503880,3777.6688369292106,9999.387096774102,0.0,0.8770672932547098,1.134758568574331
503940,3778.2232178436816,9999.387096774102,0.0,0.8747646651777023,1.1347582069571849
504000,3778.1633506051944,9999.387096774102,0.0,0.8752672678858308,1.1347573927669365
504060,3778.3295862682544,9999.387096774102,0.0,0.8740848113948764,1.1347570688503676
504120,3778.150625717405,9999.387096774102,0.0,0.8751517636105797,1.1347566158468823
504180,3777.8372363724766,9999.387096774102,0.0,0.8767452898317141,1.1347563888961456
504240,3778.011525398344,9999.387096774102,0.0,0.8755703206426743,1.134756403771762
504300,3777.9920206778506,9999.387096774102,0.0,0.8753091908797824,1.134756498276867
504360,3778.198051031723,9999.387096774102,0.0,0.8742856029795918,1.1347567422188034
504420,3778.0146881562214,9999.387096774102,0.0,0.8750143482014242,1.1347568234263141
504480,3777.8106333641545,9999.387096774102,0.0,0.8759590170014386,1.1347570147437958
504540,3777.8069014993025,9999.387096774102,0.0,0.8760473627324643,1.1347571727514167
504600,3778.067887702709,9999.387096774102,0.0,0.8741783228178619,1.1347576000858477
504660,3778.007553716243,9999.387096774102,0.0,0.8747176172752974,1.1347577771659194
504720,3777.918635997759,9999.387096774102,0.0,0.8750864782370213,1.1347580633750816
504780,3777.824371548685,9999.387096774102,0.0,0.8756128110009865,1.1347582185702771
504840,3777.61355801961,9999.387096774102,0.0,0.876659679387535,1.1347584152093433
504900,3777.8800944510926,9999.387096774102,0.0,0.875126308347161,1.1347587348848924
504960,3777.9295776180566,9999.387096774102,0.0,0.8745503422885826,1.1347589956259951
505020,3777.9197844898613,9999.387096774102,0.0,0.8751755822319199,1.1347592097980619
505080,3777.9817265582387,9999.387096774102,0.0,0.8755415544435511,1.1347587705076996
505140,3777.80313744714,9999.387096774102,0.0,0.8763978321418622,1.1347583491163
505200,3778.169221585554,9999.387096774102,0.0,0.8742572065537014,1.1347582768308808
505260,3778.3573300811627,9999.387096774102,0.0,0.8745108540694574,1.1347575582185718
505320,3778.273077579286,9999.387096774102,0.0,0.8745505211367803,1.1347569140892153
505380,3778.070051973146,9999.387096774102,0.0,0.8756326180024308,1.1347564786951914
505440,3778.0018548160283,9999.387096774102,0.0,0.8759595751738433,1.134756134107649
505500,3778.096273384348,9999.387096774102,0.0,0.8749267844219916,1.1347561664006525
505560,3778.0729327874355,9999.387096774102,0.0,0.8752123401059473,1.134756130263807
505620,3778.2119475265104,9999.387096774102,0.0,0.8741584251568247,1.1347563885128633
505680,3778.0357039450014,9999.387096774102,0.0,0.8751983715604783,1.1347564291701873
505740,3777.7368624558085,9999.387096774102,0.0,0.8767415501469812,1.1347565716253578
505800,3777.9224270095856,9999.387096774102,0.0,0.8755578926339916,1.1347568505633612
505860,3777.9216677135064,9999.387096774102,0.0,0.8752224546425226,1.134757134272882
505920,3778.113860205342,9999.387096774102,0.0,0.8743014584712411,1.1347575017518472
505980,3777.9330260803963,9999.387096774102,0.0,0.8750586879101149,1.134757668006415
506040,3777.7375805018614,9999.387096774102,0.0,0.8759809383851307,1.1347579114008395
506100,3777.741425419648,9999.387096774102,0.0,0.8760445840527421,1.1347580989557249
506160,3778.0085892924844,9999.387096774102,0.0,0.8741783024286511,1.13475853071189
506220,3777.959061235272,9999.387096774102,0.0,0.8746689750873242,1.1347587041660137
506280,3777.8578138692756,9999.387096774102,0.0,0.8751325463423049,1.1347589608147088
506340,3777.7683062019237,9999.387096774102,0.0,0.8756475147165521,1.1347590899625193
506400,3777.5734568521684,9999.387096774102,0.0,0.8766183982150413,1.1347592556831456
506460,3778.130378148259,9999.387096774102,0.0,0.8738481020713288,1.1347595333910858
506520,3778.1206309145477,9999.387096774102,0.0,0.8746654245572748,1.13475905594002
506580,3778.057960091012,9999.387096774102,0.0,0.8746876813868614,1.134758767693517
506640,3777.8143611885903,9999.387096774102,0.0,0.8765612594750936,1.1347584030277862
506700,3778.099108775907,9999.387096774102,0.0,0.8757608404484238,1.1347576086149602
506760,3777.9908815169797,9999.387096774102,0.0,0.8760284686758854,1.1347570492849965
506820,3778.3044848285886,9999.387096774102,0.0,0.8743707301585074,1.1347568023544694
506880,3778.189995066262,9999.387096774102,0.0,0.8746080000746747,1.1347565425132156
506940,3777.980520392404,9999.387096774102,0.0,0.8756633380807515,1.1347564471897045
507000,3777.910073408704,9999.387096774102,0.0,0.8760073017718223,1.1347563878681155
507060,3778.0257624697074,9999.387096774102,0.0,0.8749103340397673,1.1347566240451792
507120,3778.012831872667,9999.387096774102,0.0,0.8751571113355825,1.134756725516339
507180,3778.1381034224023,9999.387096774102,0.0,0.874213661634392,1.1347570637041617
507240,3777.9679834056346,9999.387096774102,0.0,0.875230925990065,1.1347571658800846
507300,3777.680780323058,9999.387096774102,0.0,0.8767250660448869,1.134757342259536
507360,3777.8694137913008,9999.387096774102,0.0,0.8755523519681848,1.1347576343823378
507420,3777.8830345561355,9999.387096774102,0.0,0.875159080546054,1.1347579183722059
507480,3778.065402624261,9999.387096774102,0.0,0.8743113614179039,1.1347582668409955
507540,3777.8862616186566,9999.387096774102,0.0,0.8750888428724451,1.1347584101321426
507600,3777.6966800616733,9999.387096774102,0.0,0.8759968135280313,1.134758624951112
507660,3777.705534095066,9999.387096774102,0.0,0.8760418269896465,1.1347587832511252
507720,3777.968127214765,9999.387096774102,0.0,0.8742420726734964,1.1347591760000444
507780,3778.254076726172,9999.387096774102,0.0,0.8739773055864756,1.1347590904347435
507840,3778.0716515946533,9999.387096774102,0.0,0.8749106988744295,1.13475855315761
507900,3777.718581732588,9999.387096774102,0.0,0.8769836432933693,1.134758254913569
507960,3778.135845711921,9999.387096774102,0.0,0.875393226587318,1.1347577996184226
508020,3778.1110806309025,9999.387096774102,0.0,0.8756871242632479,1.1347570003624536
508080,3778.4399363051975,9999.387096774102,0.0,0.8734785869678289,1.1347567552717752
508140,3778.224666174817,9999.387096774102,0.0,0.8748320199297388,1.1347563032500616
508200,3777.924952122932,9999.387096774102,0.0,0.8763435065026043,1.134756106036124
508260,3777.99795292624,9999.387096774102,0.0,0.8757389463456693,1.1347560863907578
508320,3777.8966890094357,9999.387096774102,0.0,0.87599842316434,1.1347561716005607
508380,3778.2003048207334,9999.387096774102,0.0,0.8743427041851389,1.1347564546834952
508440,3778.087753386419,9999.387096774102,0.0,0.87462105486307,1.1347566038229815
508500,3777.8798617629714,9999.387096774102,0.0,0.8757078255124902,1.1347568025846373
508560,3777.8189039431522,9999.387096774102,0.0,0.8760332080866686,1.1347569565874254
508620,3777.9472200412147,9999.387096774102,0.0,0.8749035830300469,1.1347573423962782
508680,3777.9465671618946,9999.387096774102,0.0,0.8750928028946945,1.1347575516890744
508740,3778.0563984968176,9999.387096774102,0.0,0.8742773335255968,1.134757942544679
508800,3777.8933292490456,9999.387096774102,0.0,0.8752697347693885,1.134758082183718
508860,3777.6192820456113,9999.387096774102,0.0,0.8767074873014851,1.1347582725227467
508920,3777.8116479959863,9999.387096774102,0.0,0.8755423113433529,1.1347585620888723
508980,3777.840654471137,9999.387096774102,0.0,0.8750879834337119,1.1347588330494016
509040,3778.011140031255,9999.387096774102,0.0,0.874326120788417,1.1347591499863006
509100,3777.8337337682296,9999.387096774102,0.0,0.8751260686530018,1.1347592600794898
509160,3777.5359781919287,9999.387096774102,0.0,0.87696223662093,1.1347594014616837
509220,3777.963832525332,9999.387096774102,0.0,0.8754514406845249,1.1347591696603863
509280,3777.9266251551403,9999.387096774102,0.0,0.8755254495623822,1.1347587646993673
509340,3778.2830790781222,9999.387096774102,0.0,0.8736399334061155,1.1347587305791909
509400,3778.2167190219693,9999.387096774102,0.0,0.8750810450867632,1.1347579897462434
509460,3778.0645524644383,9999.387096774102,0.0,0.8757640281095362,1.1347572169045077
509520,3778.040430472774,9999.387096774102,0.0,0.875503187915621,1.1347568448898546
509580,3778.0469569677416,9999.387096774102,0.0,0.875632370219105,1.1347565016913088
509640,3778.339392890919,9999.387096774102,0.0,0.8735790530071986,1.134756597206185
509700,3778.135708456396,9999.387096774102,0.0,0.8748445739442072,1.1347564651611153
509760,3777.8387038485916,9999.387096774102,0.0,0.8763778698181306,1.1347564958963623
509820,3777.9237911183072,9999.387096774102,0.0,0.8757513050296809,1.1347566331004957
509880,3777.84131648459,9999.387096774102,0.0,0.8759257573832439,1.134756826208219
509940,3778.1416870179014,9999.387096774102,0.0,0.8743136302613503,1.1347571770974325
510000,3778.0276545431093,9999.387096774102,0.0,0.8746355800753387,1.1347573646867481
510060,3777.8208226762613,9999.387096774102,0.0,0.8757358864819941,1.1347575802178391
510120,3777.764838010428,9999.387096774102,0.0,0.8760524134092247,1.1347577386413348
510180,3777.901386491748,9999.387096774102,0.0,0.8749062089690351,1.134758114005873
510240,3777.910803547051,9999.387096774102,0.0,0.8750453938125973,1.134758309079854
510300,3778.010111846724,9999.387096774102,0.0,0.8743167875228984,1.1347586657856594
510360,3777.8509754164916,9999.387096774102,0.0,0.875296674006304,1.1347587765098925
510420,3777.5869259537044,9999.387096774102,0.0,0.8766897957116331,1.1347589337703607
510480,3777.9858050731764,9999.387096774102,0.0,0.8747704047154105,1.134759129458637
510540,3778.065767134226,9999.387096774102,0.0,0.8750687207300242,1.1347586689983065
510600,3778.152478031589,9999.387096774102,0.0,0.8741865917701173,1.1347584712526348
510660,3777.9555932801068,9999.387096774102,0.0,0.8760540939354097,1.134758099594965
510720,3778.136570533721,9999.387096774102,0.0,0.8756744279980962,1.1347572521276281
510780,3777.9229857106866,9999.387096774102,0.0,0.876614185658799,1.1347566682377686
510840,3778.238258777762,9999.387096774102,0.0,0.8748247973358045,1.1347564148280547
510900,3778.2134641856173,9999.387096774102,0.0,0.8745258111953211,1.1347562246977683
510960,3778.1003952609167,9999.387096774102,0.0,0.8751605656912691,1.1347561771695374
511020,3777.965187470096,9999.387096774102,0.0,0.8757581198292295,1.1347561197321954
511080,3777.932446658845,9999.387096774102,0.0,0.8755322368746653,1.1347563101399776
511140,3777.950998868222,9999.387096774102,0.0,0.8755798567836683,1.1347564317281091
511200,3778.2368459362256,9999.387096774102,0.0,0.8736339023132744,1.134756855946903
511260,3778.0426720526434,9999.387096774102,0.0,0.8748671029857592,1.1347569655087952
511320,3777.751148632645,9999.387096774102,0.0,0.8763927390324082,1.1347571629222162
511380,3777.8416055539096,9999.387096774102,0.0,0.8757649892521946,1.1347574202484136
511440,3777.7809346907507,9999.387096774102,0.0,0.8758396442546643,1.1347576952227125
511500,3778.077716814705,9999.387096774102,0.0,0.8742814291219364,1.1347580883953008
511560,3777.96081512958,9999.387096774102,0.0,0.874657170810452,1.1347582917814578
511620,3777.755421445952,9999.387096774102,0.0,0.8757680453689142,1.1347585065093113
511680,3777.7053974276705,9999.387096774102,0.0,0.8760717498043672,1.1347586554596483
511740,3777.851906970072,9999.387096774102,0.0,0.8749013018540193,1.1347590085040238
511800,3777.8715870749397,9999.387096774102,0.0,0.8749909067177422,1.134759178959743
511860,3777.958068473294,9999.387096774102,0.0,0.8743643670916946,1.1347594910414032
511920,3777.830259202023,9999.387096774102,0.0,0.8758886703328206,1.134759355647312
511980,3777.8987487273193,9999.387096774102,0.0,0.8758483036778419,1.1347588523356218
512040,3777.801026451603,9999.387096774102,0.0,0.8761146508693776,1.1347586278040875
512100,3778.47571625549,9999.387096774102,0.0,0.8734005756877454,1.1347584065675362
512160,3778.275671261847,9999.387096774102,0.0,0.8746860000427944,1.1347575100293024
512220,3778.0684573288877,9999.387096774102,0.0,0.8757178186221987,1.1347569995739892
512280,3778.059572953535,9999.387096774102,0.0,0.8756726944650476,1.1347566015331791
512340,3777.854907401533,9999.387096774102,0.0,0.8765746564619558,1.1347563922087576
512400,3778.152424059461,9999.387096774102,0.0,0.8748071954393543,1.1347564717700875
512460,3778.141494902737,9999.387096774102,0.0,0.8744746771591176,1.134756546313081
512520,3778.0191617320047,9999.387096774102,0.0,0.8752023113065304,1.1347566711614785
512580,3777.8910742025596,9999.387096774102,0.0,0.8757947412080058,1.1347567349059708
512640,3777.8691890559994,9999.387096774102,0.0,0.8755368554829852,1.134757007033869
512700,3777.8972263649725,9999.387096774102,0.0,0.8755387696596805,1.1347571850288596
512760,3778.174952445581,9999.387096774102,0.0,0.8736773740217216,1.134757628596101
512820,3777.987406634549,9999.387096774102,0.0,0.8748830297185518,1.1347577488697596
512880,3777.700805215638,9999.387096774102,0.0,0.8763975230002238,1.1347579386288704
512940,3777.794019359272,9999.387096774102,0.0,0.8757759635455987,1.1347581807601104
513000,3777.7489174693037,9999.387096774102,0.0,0.8757798175454696,1.1347584354288904
513060,3778.042063514334,9999.387096774102,0.0,0.8742624006282903,1.134758797235873
513120,3777.924147765316,9999.387096774102,0.0,0.8746711917236883,1.1347589653077101
513180,3777.6140544335854,9999.387096774102,0.0,0.8767466290859166,1.1347591027079125
513240,3777.939428602429,9999.387096774102,0.0,0.8757245542549736,1.134758799027636
513300,3777.863777390773,9999.387096774102,0.0,0.8760232911244604,1.1347583923451692
513360,3778.3906790274746,9999.387096774102,0.0,0.8730720716240251,1.1347584166905582
513420,3778.3452283183115,9999.387096774102,0.0,0.8745691925288474,1.1347576573321791
513480,3778.153746134278,9999.387096774102,0.0,0.8753370659813313,1.1347568988324577
513540,3778.004299356889,9999.387096774102,0.0,0.8758620058070283,1.1347564831283028
513600,3778.014094762292,9999.387096774102,0.0,0.8759218517099693,1.1347561486598614
513660,3778.337779776262,9999.387096774102,0.0,0.873611036208317,1.134756270197421
513720,3778.1767612920057,9999.387096774102,0.0,0.8746815382477984,1.1347561752363653
513780,3777.9651499440038,9999.387096774102,0.0,0.875710570789111,1.1347562665614195
513840,3777.944099943246,9999.387096774102,0.0,0.8757186744294737,1.1347563701814911
513900,3777.7670977963667,9999.387096774102,0.0,0.8764890409370633,1.1347565479251926
513960,3778.069096166432,9999.387096774102,0.0,0.8747593610801316,1.1347568983616556
514020,3778.0609140522433,9999.387096774102,0.0,0.8744559140324379,1.1347571625721664
514080,3777.930053713332,9999.387096774102,0.0,0.8752480336893254,1.1347574164697842
514140,3777.808154955987,9999.387096774102,0.0,0.8758391719884493,1.1347575726142256
514200,3777.8009073636536,9999.387096774102,0.0,0.8755334501260074,1.1347579018038063
514260,3777.8390945426663,9999.387096774102,0.0,0.8754897055021252,1.1347581132197404
514320,3778.1067088820682,9999.387096774102,0.0,0.8737257540308635,1.1347585559647508
514380,3777.925557429325,9999.387096774102,0.0,0.8749054599418074,1.1347586715482474
514440,3777.6446920533836,9999.387096774102,0.0,0.8764060158027218,1.134758840693175
514500,3777.7418629222852,9999.387096774102,0.0,0.8757852095399649,1.1347590569846213
514560,3777.71382670143,9999.387096774102,0.0,0.875711584557223,1.13475928203218
514620,3778.235821537598,9999.387096774102,0.0,0.8733145086993429,1.1347596242037046
514680,3778.107412920384,9999.387096774102,0.0,0.8747673138735101,1.1347591059127167
514740,3777.87845426397,9999.387096774102,0.0,0.8758171646519808,1.1347587010013707
514800,3777.8352891858062,9999.387096774102,0.0,0.8761699186414187,1.1347584474876586
514860,3778.173572567773,9999.387096774102,0.0,0.8753602198596454,1.1347577178305814
514920,3778.1999646559416,9999.387096774102,0.0,0.8747534487765286,1.1347571742411806
514980,3778.262111494578,9999.387096774102,0.0,0.874592163695749,1.1347568415490379
515040,3778.0799509933977,9999.387096774102,0.0,0.8753342327060181,1.134756494396994
515100,3777.9172338907774,9999.387096774102,0.0,0.8758940830573211,1.1347564190348975
515160,3777.9306663686452,9999.387096774102,0.0,0.8759126047611772,1.1347563816115906
515220,3778.2636571323637,9999.387096774102,0.0,0.8736141072667624,1.1347567104689031
515280,3778.110194086836,9999.387096774102,0.0,0.8746630268659122,1.1347567565933725
515340,3777.893551206871,9999.387096774102,0.0,0.8757414572368067,1.1347569350973994
515400,3777.876381101456,9999.387096774102,0.0,0.8757476240739279,1.1347571022159844
515460,3777.7179543935636,9999.387096774102,0.0,0.876429567309821,1.134757319336754
515520,3778.0200080241984,9999.387096774102,0.0,0.8747293829667293,1.134757683341276
515580,3778.0148696786305,9999.387096774102,0.0,0.8744413788283232,1.1347579449691358
515640,3777.8787427022967,9999.387096774102,0.0,0.8752766877465707,1.1347581815046286
515700,3777.760476518584,9999.387096774102,0.0,0.8758692342641491,1.1347583175568121
515760,3777.7621954128067,9999.387096774102,0.0,0.8755379902136602,1.1347586195007404
515820,3777.8085300021085,9999.387096774102,0.0,0.8754535108193965,1.1347588035126739
515880,3778.0688781331537,9999.387096774102,0.0,0.8737589414201691,1.1347592050033801
515940,3777.9887524909595,9999.387096774102,0.0,0.8752580645571055,1.1347590572101272
516000,3777.959459854057,9999.387096774102,0.0,0.8756036136537045,1.1347585293017488
516060,3777.7185898189605,9999.387096774102,0.0,0.8768079445584274,1.1347582653120318
516120,3778.3725476302566,9999.387096774102,0.0,0.874073804212189,1.1347579804392127
516180,3778.2480777272935,9999.387096774102,0.0,0.8749322659756059,1.1347571244538261
516240,3778.2340262573807,9999.387096774102,0.0,0.8748275941496323,1.1347567131859508
516300,3778.121538357833,9999.387096774102,0.0,0.8754338285377198,1.1347562830693658
516360,3777.838356283281,9999.387096774102,0.0,0.8768269969620945,1.134756064422
516420,3778.0848106687154,9999.387096774102,0.0,0.8752654867059743,1.1347561249366231
516480,3778.0960951457055,9999.387096774102,0.0,0.8747882087180042,1.1347562347973879
516540,3778.145378977951,9999.387096774102,0.0,0.8746365714988147,1.1347564380605337
516600,3777.967120507143,9999.387096774102,0.0,0.8754018492219954,1.1347565152995172
516660,3777.8235244540124,9999.387096774102,0.0,0.8759018607123443,1.134756751028516
516720,3777.8475258285107,9999.387096774102,0.0,0.8758857632019552,1.1347569361103418
516780,3778.179539093666,9999.387096774102,0.0,0.8736374220306621,1.1347574145426926
516840,3778.03518391373,9999.387096774102,0.0,0.8746479980868658,1.1347575707152109
516900,3777.8133445269164,9999.387096774102,0.0,0.8757832155444832,1.1347578097269218
516960,3777.8025730208083,9999.387096774102,0.0,0.8757776365215416,1.1347580165185367
517020,3777.6643135757786,9999.387096774102,0.0,0.8763639378258862,1.1347582526841153
517080,3777.966460701627,9999.387096774102,0.0,0.8746933210046548,1.134758613886836
517140,3777.9632698142022,9999.387096774102,0.0,0.8744297193042958,1.134758858507413
517200,3777.821241694752,9999.387096774102,0.0,0.8753119805503241,1.1347590654646769
517260,3777.7075576390985,9999.387096774102,0.0,0.8759026772795099,1.1347591715555327
517320,3777.646677151722,9999.387096774102,0.0,0.8761031967525199,1.134759418169919
517380,3778.149432176037,9999.387096774102,0.0,0.8744287187994882,1.1347593022169866
517440,3778.0782926003553,9999.387096774102,0.0,0.8746744156361096,1.1347588599026557
517500,3777.961318961121,9999.387096774102,0.0,0.8755441002156927,1.1347586489094565
517560,3778.0614719452533,9999.387096774102,0.0,0.8757872884006986,1.1347580156566126
517620,3778.0139715911364,9999.387096774102,0.0,0.8760981519047146,1.134757238176519
517680,3778.2738296722,9999.387096774102,0.0,0.8741868544068941,1.1347569698282514
517740,3778.1792044198924,9999.387096774102,0.0,0.874911653149923,1.1347565843419085
517800,3778.150098261013,9999.387096774102,0.0,0.8748357905751903,1.1347565236846808
517860,3778.026042809874,9999.387096774102,0.0,0.8754806534237267,1.134756413695544
517920,3777.7619488909263,9999.387096774102,0.0,0.8767900194434038,1.1347564388406932
517980,3778.016920858454,9999.387096774102,0.0,0.8752390663288999,1.1347566612690223
518040,3778.039046123283,9999.387096774102,0.0,0.8747336274925545,1.1347568805890385
518100,3778.075986777794,9999.387096774102,0.0,0.8746658584994748,1.134757149648052
518160,3777.901463770347,9999.387096774102,0.0,0.8754433678353374,1.134757271259035
518220,3777.768165909919,9999.387096774102,0.0,0.875912275595015,1.1347575288916274
518280,3777.799436202482,9999.387096774102,0.0,0.8758656318195446,1.1347577216085432
518340,3778.1300151252935,9999.387096774102,0.0,0.8736595642570179,1.134758186700347
518400,3777.992814639452,9999.387096774102,0.0,0.8746377735303542,1.134758327755576
518460,3777.768647660209,9999.387096774102,0.0,0.8758039911097963,1.1347585367616033
518520,3777.7605290422816,9999.387096774102,0.0,0.8757999819073441,1.1347587143235631
518580,3777.636902760088,9999.387096774102,0.0,0.8763165886169336,1.134758919801002
518640,3778.2761832395704,9999.387096774102,0.0,0.8731691397417726,1.1347592772378716
518700,3778.1705409898777,9999.387096774102,0.0,0.8745340108869925,1.1347587680376132
518760,3777.9938107635253,9999.387096774102,0.0,0.8752209732666764,1.134758414367925
518820,3777.8004193283787,9999.387096774102,0.0,0.8766120005540318,1.134758094392267
518880,3778.1425272252654,9999.387096774102,0.0,0.8756555220996787,1.134757327477062
518940,3778.108214172752,9999.387096774102,0.0,0.8754299583029658,1.134756778644113
519000,3778.351310629786,9999.387096774102,0.0,0.8742417571213708,1.134756515199516
519060,3778.165812020482,9999.387096774102,0.0,0.8749005850085654,1.134756205494968
519120,3777.9432140601575,9999.387096774102,0.0,0.8759055307939669,1.1347561165478077
519180,3777.9211935788812,9999.387096774102,0.0,0.8760515181010771,1.1347560796816516
519240,3778.1592958841093,9999.387096774102,0.0,0.8742489618331253,1.134756380167869
519300,3778.0872620269706,9999.387096774102,0.0,0.8748346958319677,1.1347564755552746
519360,3778.039844020891,9999.387096774102,0.0,0.874919031542662,1.134756750477448
519420,3777.928066037131,9999.387096774102,0.0,0.875525645209631,1.1347568911802897
519480,3777.683757235166,9999.387096774102,0.0,0.8767431956954536,1.1347570952423902
519540,3777.9415138007357,9999.387096774102,0.0,0.8752108230687486,1.134757441296955
519600,3777.97686899435,9999.387096774102,0.0,0.8746674107692467,1.1347577434416176
519660,3777.9992169564766,9999.387096774102,0.0,0.8747022737555094,1.134758051705678
519720,3777.829238242728,9999.387096774102,0.0,0.8754902186147274,1.1347581956046071
519780,3777.70759404675,9999.387096774102,0.0,0.8759204081702406,1.1347584574703409
519840,3777.747021713451,9999.387096774102,0.0,0.8758392990244855,1.1347586437176513
519900,3778.076055428995,9999.387096774102,0.0,0.8736791248748349,1.1347590827120313
519960,3777.9450019278875,9999.387096774102,0.0,0.8746315786226235,1.1347591974515086
520020,3777.7183162204415,9999.387096774102,0.0,0.8758315368903924,1.1347593667136937
520080,3777.7531304193512,9999.387096774102,0.0,0.8760887442483772,1.1347593557400113
520140,3777.9170604353076,9999.387096774102,0.0,0.8757645054699082,1.1347588938115298
520200,3778.058455565982,9999.387096774102,0.0,0.874520034922289,1.1347587407847812
520260,3778.316915909006,9999.387096774102,0.0,0.8741973777983243,1.1347584636961079
520320,3778.2125824882046,9999.387096774102,0.0,0.8750929886518214,1.1347575498093194
520380,3777.885565210904,9999.387096774102,0.0,0.8767935514557628,1.134756956388971
520440,3778.076202314006,9999.387096774102,0.0,0.875587138815997,1.1347566376652396
520500,3778.02760388186,9999.387096774102,0.0,0.8754775300921093,1.1347564642117953
520560,3778.2589361852133,9999.387096774102,0.0,0.874258745631056,1.1347565373342594
520620,3778.077645529347,9999.387096774102,0.0,0.8749397466541257,1.1347564974993265
520680,3777.865272920532,9999.387096774102,0.0,0.8759307218307387,1.1347565962109605
520740,3777.851883192353,9999.387096774102,0.0,0.8760541435668094,1.1347566873645396
520800,3778.095035756679,9999.387096774102,0.0,0.8742574593558349,1.1347570705436447
520860,3778.0353515474226,9999.387096774102,0.0,0.8747832609756473,1.1347572259797722
520920,3777.9758571470707,9999.387096774102,0.0,0.8749642460468663,1.1347575207099148
520980,3777.8691643771763,9999.387096774102,0.0,0.8755586426884904,1.1347576729610198
521040,3777.639707084876,9999.387096774102,0.0,0.8767063118439363,1.1347578749020029
521100,3777.89863322218,9999.387096774102,0.0,0.8751924360710506,1.1347582057753325
521160,3777.9433998168515,9999.387096774102,0.0,0.8746231104259274,1.1347584864040654
521220,3777.9561854354256,9999.387096774102,0.0,0.874724118058854,1.1347587601601694
521280,3777.788710453865,9999.387096774102,0.0,0.8755220998159935,1.1347588715771355
521340,3777.568187062178,9999.387096774102,0.0,0.8767730258964905,1.1347590675710997
521400,3778.0621790900905,9999.387096774102,0.0,0.8750240227679259,1.1347588996787863
521460,3778.0224947671477,9999.387096774102,0.0,0.8750878377963155,1.1347584856718687
521520,3778.1646220122525,9999.387096774102,0.0,0.8744748556996953,1.1347583814957871
521580,3778.152619516833,9999.387096774102,0.0,0.8754933295249814,1.134757676070619
521640,3778.0501622293173,9999.387096774102,0.0,0.8759995273935316,1.1347568930225886
521700,3778.1575418825432,9999.387096774102,0.0,0.8749428554108883,1.1347565706000013
521760,3778.125397499917,9999.387096774102,0.0,0.8753073687071343,1.1347562165121639
521820,3778.2932289474875,9999.387096774102,0.0,0.8740273168919129,1.134756261592646
521880,3778.1035727737117,9999.387096774102,0.0,0.8751331832353529,1.1347561401731276
521940,3777.793546437331,9999.387096774102,0.0,0.8767295788013145,1.1347561700042812
522000,3777.96708358751,9999.387096774102,0.0,0.8755927285811409,1.134756363273386
522060,3777.947331492733,9999.387096774102,0.0,0.8753518360350243,1.1347565897617984
522120,3778.1647733517816,9999.387096774102,0.0,0.8742669614346328,1.1347569359474778
522180,3777.9854083486466,9999.387096774102,0.0,0.8749837443742262,1.1347570923337489
522240,3777.7806143943167,9999.387096774102,0.0,0.8759567652688964,1.1347573309708274
522300,3777.774910385726,9999.387096774102,0.0,0.8760569944442393,1.1347575208652991
522360,3778.026528467247,9999.387096774102,0.0,0.8742540269820663,1.1347579617581791
522420,3777.978396057708,9999.387096774102,0.0,0.8747285497859473,1.134758153257187
522480,3777.9050262724286,9999.387096774102,0.0,0.8750169128444576,1.134758447138888
522540,3777.803948723757,9999.387096774102,0.0,0.8755963019883086,1.134758595611969
522600,3777.5911138303527,9999.387096774102,0.0,0.8766656617446283,1.1347587826843184
522660,3777.851993178354,9999.387096774102,0.0,0.8751676837900605,1.1347590874052238
522720,3777.906254543221,9999.387096774102,0.0,0.8745748583782311,1.1347593365708606
522780,3777.920112821254,9999.387096774102,0.0,0.8750680765522253,1.1347595426493444
522840,3777.964497405477,9999.387096774102,0.0,0.8755195749713212,1.134759095980852
522900,3777.783890522813,9999.387096774102,0.0,0.8763922097745657,1.13475867214599
522960,3778.1276505636597,9999.387096774102,0.0,0.8743855209248382,1.1347585841619223
523020,3778.3269665854605,9999.387096774102,0.0,0.8745438550351036,1.134757873267539
523080,3778.2551239115705,9999.387096774102,0.0,0.8745238695326839,1.1347572407051252
523140,3778.0578096332515,9999.387096774102,0.0,0.875596633688788,1.1347568049288073
523200,3777.984102817966,9999.387096774102,0.0,0.8759491151669546,1.1347564543790578
523260,3778.064998837511,9999.387096774102,0.0,0.8750067613542502,1.1347564715359026
523320,3778.05057473723,9999.387096774102,0.0,0.8752430510362191,1.1347564275913868
523380,3778.20684590802,9999.387096774102,0.0,0.8740921428096514,1.1347566797560509
523440,3778.0270535976347,9999.387096774102,0.0,0.8751657360250047,1.1347567054711671
523500,3777.728572898575,9999.387096774102,0.0,0.8767132445980967,1.1347568334532747
523560,3777.904312937101,9999.387096774102,0.0,0.8755901828250034,1.1347570923906256
523620,3777.9012432756354,9999.387096774102,0.0,0.8752792620893989,1.1347573603174013
523680,3778.1086306830525,9999.387096774102,0.0,0.8742740698957993,1.1347577172656416
523740,3777.9308902774555,9999.387096774102,0.0,0.875014657966632,1.1347578722361995
523800,3777.73187106851,9999.387096774102,0.0,0.8759751062860268,1.1347580983519527
523860,3777.731442689333,9999.387096774102,0.0,0.8760574889677227,1.1347582706352768
523920,3777.9869629404275,9999.387096774102,0.0,0.8742619773699299,1.1347586826884288
523980,3777.9487111461353,9999.387096774102,0.0,0.8746884237304327,1.1347588476261419
524040,3777.8664478579462,9999.387096774102,0.0,0.8750463923036937,1.1347590997219235
524100,3777.7799743960645,9999.387096774102,0.0,0.8761646392351706,1.1347590200836148
524160,3777.9137999509953,9999.387096774102,0.0,0.8758934907632779,1.13475853844374
524220,3777.9368116543974,9999.387096774102,0.0,0.8753718691732808,1.1347583572969309
524280,3778.489702906642,9999.387096774102,0.0,0.8734405078109992,1.1347581415781307
524340,3778.2863925644256,9999.387096774102,0.0,0.8747839195313232,1.1347572105136667
524400,3777.9845297323914,9999.387096774102,0.0,0.8763526281523781,1.13475664512236
524460,3778.072009914168,9999.387096774102,0.0,0.8757187220052206,1.1347562873156494
524520,3777.938861031967,9999.387096774102,0.0,0.8761501671721499,1.134756102674638
524580,3778.2443003745693,9999.387096774102,0.0,0.8744171639162287,1.1347562053114768
524640,3778.147337476286,9999.387096774102,0.0,0.8745778881237491,1.134756239041353
524700,3777.944663969459,9999.387096774102,0.0,0.8756386784140789,1.1347563505527833
524760,3777.8726571437574,9999.387096774102,0.0,0.8759993396746827,1.1347564391092722
524820,3777.9764812306116,9999.387096774102,0.0,0.8749851648239476,1.1347567793091209
524880,3777.9737311243666,9999.387096774102,0.0,0.8751773925603037,1.1347569662785586
524940,3778.1134484203767,9999.387096774102,0.0,0.8741613575704258,1.1347573665216812
525000,3777.9414395961708,9999.387096774102,0.0,0.8752055367470931,1.1347575061006558
525060,3777.655929463147,9999.387096774102,0.0,0.8767003522745859,1.1347577060734866
525120,3777.8365469373352,9999.387096774102,0.0,0.8755823039014377,1.1347580066076468
525180,3777.850669722716,9999.387096774102,0.0,0.8752011315093227,1.1347582948490316
525240,3778.0460572241063,9999.387096774102,0.0,0.8742858600844567,1.1347586448552915
525300,3777.869943481355,9999.387096774102,0.0,0.8750528397649734,1.1347587842539903
525360,3777.6778698541198,9999.387096774102,0.0,0.875994695847065,1.1347589861045653
525420,3777.6838025654624,9999.387096774102,0.0,0.8760547607446858,1.1347591309355765
525480,3777.935207396914,9999.387096774102,0.0,0.8743312995527247,1.1347595031229638
525540,3778.238808312705,9999.387096774102,0.0,0.8739452158134678,1.1347594141307913
525600,3778.0557936101227,9999.387096774102,0.0,0.8748805665453383,1.1347588789677536
525660,3777.7086357355283,9999.387096774102,0.0,0.8769302024716156,1.1347585760712369
525720,3778.102260987551,9999.387096774102,0.0,0.8754548483589776,1.1347581110191767
525780,3778.083466795541,9999.387096774102,0.0,0.8757145162854184,1.134757321688993
525840,3778.4208917654146,9999.387096774102,0.0,0.873461188475292,1.1347570796598234
525900,3778.2089045672515,9999.387096774102,0.0,0.8748070632194191,1.1347566260700765
525960,3777.9163078404185,9999.387096774102,0.0,0.8762830153910444,1.1347564244472477
526020,3777.978711283481,9999.387096774102,0.0,0.875750099257859,1.134756389558431
526080,3777.873181075179,9999.387096774102,0.0,0.8760469738686413,1.1347564608342622
526140,3778.1784748600508,9999.387096774102,0.0,0.8743777348686437,1.1347567291137757
526200,3778.0788324326168,9999.387096774102,0.0,0.8745911188274671,1.1347568710561171
526260,3777.8757718577976,9999.387096774102,0.0,0.8756703319372732,1.1347570554458208
526320,3777.8087270767837,9999.387096774102,0.0,0.8760244692150004,1.1347571931476936
526380,3777.9228400584934,9999.387096774102,0.0,0.8749855534523503,1.1347575570435524
526440,3777.930466190555,9999.387096774102,0.0,0.8751276929050316,1.134757754442001
526500,3778.058956241064,9999.387096774102,0.0,0.8742058018756041,1.1347581381449465
526560,3777.8917351550945,9999.387096774102,0.0,0.8752334060193937,1.1347582622796673
526620,3777.6162408405326,9999.387096774102,0.0,0.8766849799197222,1.1347584382486082
526680,3777.7985224709896,9999.387096774102,0.0,0.8755790729783578,1.1347587093321696
526740,3777.8250931978796,9999.387096774102,0.0,0.8751475738697965,1.1347589667137323
526800,3778.1351604614492,9999.387096774102,0.0,0.873995758850059,1.134759272729705
526860,3778.06337716413,9999.387096774102,0.0,0.8751181125940434,1.1347587761434355
526920,3777.8383865195187,9999.387096774102,0.0,0.8761859715896522,1.1347583571529376
526980,3777.970383469621,9999.387096774102,0.0,0.8754316069678709,1.134758185292252
527040,3778.264754485584,9999.387096774102,0.0,0.8749974984535768,1.1347574632291668
527100,3778.2799049563873,9999.387096774102,0.0,0.8744487009560301,1.1347568930522192
527160,3778.1863834561045,9999.387096774102,0.0,0.8750722922247246,1.1347565010164333
527220,3778.0465892999764,9999.387096774102,0.0,0.8756691574146737,1.1347561522728564
527280,3777.980668504738,9999.387096774102,0.0,0.8755958886134296,1.1347561241797124
527340,3777.9937920372804,9999.387096774102,0.0,0.8756523210450484,1.1347560988875183
527400,3778.298770359912,9999.387096774102,0.0,0.8735621202166546,1.1347564315370395
527460,3778.099984790774,9999.387096774102,0.0,0.8748223333800567,1.1347564675458153
527520,3777.8098405398237,9999.387096774102,0.0,0.8763243821827272,1.1347566229184942
527580,3777.885075429957,9999.387096774102,0.0,0.8757657635620413,1.1347568474195682
527640,3777.8021560536954,9999.387096774102,0.0,0.875959534672217,1.1347571053651677
527700,3778.104500526011,9999.387096774102,0.0,0.8743399483310792,1.1347574994700653
527760,3778.0023429778935,9999.387096774102,0.0,0.8746087597052558,1.134757721548425
527820,3777.799679146217,9999.387096774102,0.0,0.8757069388465987,1.1347579533522751
527880,3777.739192014779,9999.387096774102,0.0,0.8760488013760891,1.1347581181019408
527940,3777.8647828484186,9999.387096774102,0.0,0.8749794014407609,1.1347584875223127
528000,3777.8831457151246,9999.387096774102,0.0,0.8750705228014097,1.1347586807587842
528060,3777.9981742127557,9999.387096774102,0.0,0.8742580531987306,1.1347590340010927
528120,3777.836116314172,9999.387096774102,0.0,0.8752675863925835,1.1347591319338997
528180,3777.571989175592,9999.387096774102,0.0,0.8766696570886201,1.134759274677574
528240,3777.9476055324512,9999.387096774102,0.0,0.8748776225882237,1.1347594475028673
528300,3778.0386303832847,9999.387096774102,0.0,0.8750987235500062,1.134758989954476
528360,3778.137070575138,9999.387096774102,0.0,0.8741583766855072,1.1347587937038737
528420,3777.952485197897,9999.387096774102,0.0,0.8759705683041787,1.1347584184150756
528480,3778.1148053895545,9999.387096774102,0.0,0.8756651832307254,1.1347575741460376
528540,3777.897586844217,9999.387096774102,0.0,0.8766390424856875,1.1347569917214986
528600,3778.2096497929683,9999.387096774102,0.0,0.8748674646215784,1.1347567331199866
528660,3778.19300804892,9999.387096774102,0.0,0.8745316005166519,1.134756541075715
528720,3778.0936522514494,9999.387096774102,0.0,0.8751078180113546,1.134756488521674
528780,3777.953092956979,9999.387096774102,0.0,0.8757320036324004,1.134756419119333
528840,3777.908321288164,9999.387096774102,0.0,0.8755903411749281,1.134756590343422
528900,3777.9312566213107,9999.387096774102,0.0,0.8756117196297893,1.1347566993289284
528960,3778.2270645972726,9999.387096774102,0.0,0.8736103464887374,1.1347571119663538
529020,3778.036113653889,9999.387096774102,0.0,0.8748354074053046,1.134757208532207
529080,3777.7497895665488,9999.387096774102,0.0,0.8763356300682896,1.1347573930474222
529140,3777.8289850622045,9999.387096774102,0.0,0.8757794955662934,1.134757630171766
529200,3777.7630387108647,9999.387096774102,0.0,0.8758952977720861,1.1347578883998566
529260,3778.062667866318,9999.387096774102,0.0,0.8743146588694732,1.1347582664021827
529320,3777.9591296770423,9999.387096774102,0.0,0.8746208399594113,1.1347584633393266
529380,3777.7571408964523,9999.387096774102,0.0,0.8757300164471712,1.1347586645588517
529440,3777.7004310068987,9999.387096774102,0.0,0.8760652867888155,1.1347587988857128
529500,3777.7907517399,9999.387096774102,0.0,0.8753023425077827,1.1347591218683124
529560,3778.2634760476285,9999.387096774102,0.0,0.8739424498834829,1.1347590469721438
529620,3778.1126897325585,9999.387096774102,0.0,0.8746333826446373,1.134758555476789
529680,3777.8390366369854,9999.387096774102,0.0,0.876349358758073,1.1347582896273356
529740,3778.0765866413703,9999.387096774102,0.0,0.875771606309681,1.1347577294579096
529800,3778.0545277838514,9999.387096774102,0.0,0.8760037223113043,1.1347569426545108
529860,3778.4109917694022,9999.387096774102,0.0,0.8735597518129374,1.1347567132367855
529920,3778.2397802067967,9999.387096774102,0.0,0.874714460521659,1.1347562938853764
529980,3778.0514218646026,9999.387096774102,0.0,0.8755698582514722,1.1347561611621075
530040,3778.007934123792,9999.387096774102,0.0,0.8756805823473034,1.134756093091097
530100,3777.8070973382887,9999.387096774102,0.0,0.8765795059853732,1.1347561489344367
530160,3778.106171355761,9999.387096774102,0.0,0.8748367310870906,1.1347564140344337
530220,3778.1027855540055,9999.387096774102,0.0,0.87447694038182,1.1347566285394288
530280,3777.991393270369,9999.387096774102,0.0,0.8751597614400425,1.1347568585379006
530340,3777.8591537748694,9999.387096774102,0.0,0.8757784695802885,1.1347569966595288
530400,3777.828879603114,9999.387096774102,0.0,0.8755892513458282,1.1347573152316597
530460,3777.8623271724896,9999.387096774102,0.0,0.875563373272255,1.1347575289273666
530520,3778.1488420287624,9999.387096774102,0.0,0.8736599225326998,1.1347579949975055
530580,3777.9652671289564,9999.387096774102,0.0,0.8748552503463376,1.1347581277533187
530640,3777.683659060224,9999.387096774102,0.0,0.8763496501791826,1.1347583214492425
530700,3777.767575270717,9999.387096774102,0.0,0.8757920168045659,1.1347585556865258
530760,3777.7202311182627,9999.387096774102,0.0,0.8758225596146995,1.1347588012253755
530820,3778.0166385608077,9999.387096774102,0.0,0.8742857260214334,1.134759151458878
530880,3777.910392566446,9999.387096774102,0.0,0.8746390053287948,1.1347593124698894
530940,3777.60855260847,9999.387096774102,0.0,0.8766806220708793,1.1347594353952848
531000,3777.914313341547,9999.387096774102,0.0,0.8757452591811149,1.1347591211590442
531060,3777.8387527154264,9999.387096774102,0.0,0.8760512231691786,1.1347587131131756
531120,3778.3679935689083,9999.387096774102,0.0,0.8730833656878549,1.1347587300770217
531180,3778.32934838641,9999.387096774102,0.0,0.87453012152784,1.1347579772722498
531240,3778.137430811605,9999.387096774102,0.0,0.8753006371844722,1.1347572263905101
531300,3777.9809455166146,9999.387096774102,0.0,0.8758870067653023,1.1347568058552824
531360,3777.9913203087394,9999.387096774102,0.0,0.8759398029071395,1.1347564671125159
531420,3778.308140774073,9999.387096774102,0.0,0.8736756554657591,1.1347565758107538
531480,3778.160451868269,9999.387096774102,0.0,0.8746755278794542,1.134756476357048
531540,3777.962382678006,9999.387096774102,0.0,0.8756315628680386,1.1347565607031163
531600,3777.9309858346433,9999.387096774102,0.0,0.8757110848028029,1.1347566460303438
531660,3777.7491666289957,9999.387096774102,0.0,0.8765197554113423,1.134756807264448
531720,3778.047908118393,9999.387096774102,0.0,0.8748060445520359,1.1347571397588714
531780,3778.049540950265,9999.387096774102,0.0,0.8744534298817366,1.1347573939586848
531840,3777.9311689309925,9999.387096774102,0.0,0.8751918158387404,1.134757636619222
531900,3777.8031383801417,9999.387096774102,0.0,0.8758124117704352,1.1347577772063653
531960,3777.78283969332,9999.387096774102,0.0,0.8755937159110789,1.1347580855090553
532020,3777.824652039031,9999.387096774102,0.0,0.8755271939386643,1.1347582839412682
532080,3778.1040578986217,9999.387096774102,0.0,0.87369528798207,1.134758717018882
532140,3777.92564902254,9999.387096774102,0.0,0.8748684046590289,1.134758821241208
532200,3777.6483375731154,9999.387096774102,0.0,0.8763522208761114,1.134758979227775
532260,3777.8354639353793,9999.387096774102,0.0,0.8756629822052031,1.1347590620905375
532320,3777.9849263547007,9999.387096774102,0.0,0.875509331510912,1.1347586069220283
532380,3778.157366957013,9999.387096774102,0.0,0.8740875191621512,1.1347584629292569
532440,3778.163908603975,9999.387096774102,0.0,0.8750649228491446,1.1347581287397095
532500,3778.185472598521,9999.387096774102,0.0,0.8753885037912973,1.1347572334014329
532560,3777.8850834510663,9999.387096774102,0.0,0.8768950979152836,1.1347566347143998
532620,3778.1478541100682,9999.387096774102,0.0,0.8753093639763024,1.1347563520687278
532680,3778.136617977037,9999.387096774102,0.0,0.8749360985874011,1.1347561874076102
532740,3778.219503966556,9999.387096774102,0.0,0.8745563075941414,1.1347562170825976
532800,3778.0339375901813,9999.387096774102,0.0,0.875322272010025,1.1347561645342763
532860,3777.8729222326156,9999.387096774102,0.0,0.8759139055041786,1.1347563014859088
532920,3777.889206380102,9999.387096774102,0.0,0.8759268221917865,1.1347564176793405
532980,3778.2160455556427,9999.387096774102,0.0,0.8736732013199957,1.1347568555696623
533040,3778.076312755664,9999.387096774102,0.0,0.8746515624616936,1.1347569924945784
533100,3777.8705859870834,9999.387096774102,0.0,0.8756781847086724,1.1347572343040324
533160,3777.8455133727234,9999.387096774102,0.0,0.8757457816683536,1.1347574374483924
533220,3777.6853468116124,9999.387096774102,0.0,0.8764518243801479,1.134757678110459
533280,3777.9850700702837,9999.387096774102,0.0,0.8747677743531377,1.1347580532081636
533340,3777.990117534755,9999.387096774102,0.0,0.8744341271210723,1.1347583246495812
533400,3777.864140814763,9999.387096774102,0.0,0.8752304715096784,1.1347585622876206
533460,3777.7411438142403,9999.387096774102,0.0,0.8758503132313656,1.134758691441811
533520,3777.7327423982847,9999.387096774102,0.0,0.8755927820916374,1.1347589777876645
533580,3777.783582355962,9999.387096774102,0.0,0.875483313667024,1.1347591508473602
533640,3778.0542324094354,9999.387096774102,0.0,0.8737349109343573,1.1347595408676752
533700,3777.982506871525,9999.387096774102,0.0,0.8751891225059051,1.134759384827641
533760,3777.941973400356,9999.387096774102,0.0,0.8755826325299851,1.1347588548477454
533820,3777.695715282393,9999.387096774102,0.0,0.8768343792466915,1.1347585826465962
533880,3778.3317293509654,9999.387096774102,0.0,0.8741690084167413,1.1347582871220656
533940,3778.2210574444007,9999.387096774102,0.0,0.8749533791211689,1.1347574452729343
534000,3778.2259642041618,9999.387096774102,0.0,0.8747444740972127,1.1347570429233835
534060,3778.105465970155,9999.387096774102,0.0,0.8754112191857953,1.134756606495782
534120,3777.8208852176226,9999.387096774102,0.0,0.8768213919165705,1.1347563801845764
534180,3778.0600054442543,9999.387096774102,0.0,0.8753055833870242,1.134756426383342
534240,3778.0731001849367,9999.387096774102,0.0,0.8748291921771582,1.1347565252771474
534300,3778.140285390609,9999.387096774102,0.0,0.8745866689878794,1.1347567209101843
534360,3777.959656958109,9999.387096774102,0.0,0.8753636777224535,1.1347567850327338
534420,3777.8080408094484,9999.387096774102,0.0,0.8759271790665799,1.134757001395573
534480,3777.8315822897675,9999.387096774102,0.0,0.8759099617199549,1.1347571713480131
534540,3778.159021106661,9999.387096774102,0.0,0.8736912043237951,1.134757631145286
534600,3778.0272459120542,9999.387096774102,0.0,0.8746348458239764,1.134757778509489
534660,3777.817410194851,9999.387096774102,0.0,0.8757047265735493,1.1347580079935367
534720,3777.7957208758903,9999.387096774102,0.0,0.8757710633679472,1.1347581958008337
534780,3777.6512365292024,9999.387096774102,0.0,0.87640232886815,1.1347584156253796
534840,3777.9504826002094,9999.387096774102,0.0,0.8747431332775474,1.134758760562835
534900,3777.958461863044,9999.387096774102,0.0,0.8744206987550446,1.1347589980463462
534960,3777.7723612053805,9999.387096774102,0.0,0.875957300236141,1.134759161141628
535020,3777.945094672808,9999.387096774102,0.0,0.8757218307356661,1.134758774358682
535080,3777.810472288154,9999.387096774102,0.0,0.876349516315669,1.134758358459546
535140,3778.3058653421863,9999.387096774102,0.0,0.8734907923851859,1.1347583472080585
535200,3778.398259185122,9999.387096774102,0.0,0.874305402118452,1.1347576176125111
535260,3778.2317762068024,9999.387096774102,0.0,0.8748319567036777,1.1347569114336478
535320,3778.0171407967046,9999.387096774102,0.0,0.875865731842033,1.1347564715553018
535380,3777.9925645552785,9999.387096774102,0.0,0.876029407981727,1.1347561326700526
535440,3778.1996559616355,9999.387096774102,0.0,0.8743518464853426,1.1347562076212823
535500,3778.1288040724426,9999.387096774102,0.0,0.8749112538721516,1.1347561540075355
535560,3778.1138617531215,9999.387096774102,0.0,0.8747861318883835,1.1347563407494894
535620,3777.9890628496532,9999.387096774102,0.0,0.8754646765302967,1.134756401030094
535680,3777.725668793444,9999.387096774102,0.0,0.8767826782292181,1.134756551944032
535740,3777.973938201458,9999.387096774102,0.0,0.8752746002694379,1.1347568652048727
535800,3778.0007248130564,9999.387096774102,0.0,0.8747589425891834,1.1347571542569708
535860,3778.052275449708,9999.387096774102,0.0,0.8746238931532039,1.134757473927365
535920,3777.876390385639,9999.387096774102,0.0,0.8754145003355102,1.1347576263450994
535980,3777.7372590211316,9999.387096774102,0.0,0.8759374021489993,1.134757897336979
536040,3777.769338053095,9999.387096774102,0.0,0.8758864669560573,1.1347580985062127
536100,3778.096930894406,9999.387096774102,0.0,0.8737067642389663,1.134758561005159
536160,3777.972113877814,9999.387096774102,0.0,0.8746219175755007,1.134758703230444
536220,3777.7579343938955,9999.387096774102,0.0,0.8757384349818753,1.134758907102454
536280,3777.740727186005,9999.387096774102,0.0,0.8757983133902577,1.134759068973385
536340,3777.613707722393,9999.387096774102,0.0,0.8763461812204035,1.1347592588108093
536400,3778.24241697141,9999.387096774102,0.0,0.87324375161456,1.134759595553823
536460,3778.1502141548576,9999.387096774102,0.0,0.8745249344241209,1.134759091771243
536520,3777.982466637156,9999.387096774102,0.0,0.875168456623967,1.1347587397531405
536580,3777.781989507056,9999.387096774102,0.0,0.8766198140760416,1.1347584091403597
536640,3778.114833212817,9999.387096774102,0.0,0.8756780814101467,1.134757645918488
536700,3778.077883341171,9999.387096774102,0.0,0.8754829921760428,1.1347570998963992
536760,3778.33275207803,9999.387096774102,0.0,0.8742304042270906,1.134756837516129
536820,3778.15237574147,9999.387096774102,0.0,0.8748652650469434,1.1347565263565231
536880,3777.9294172894047,9999.387096774102,0.0,0.8758941301417126,1.1347564267852408
536940,3777.9036401563376,9999.387096774102,0.0,0.8760568833692038,1.1347563777513128
537000,3778.129040882721,9999.387096774102,0.0,0.8743353996365805,1.1347566587290574
537060,3778.0686465339472,9999.387096774102,0.0,0.874857041437972,1.1347567447791844
537120,3778.0401790184087,9999.387096774102,0.0,0.8748358069957761,1.1347570129125948
537180,3777.920470708215,9999.387096774102,0.0,0.8755006672957564,1.1347571354800101
537240,3777.672592135133,9999.387096774102,0.0,0.8767467528649904,1.1347573229781034
537300,3777.9229950913946,9999.387096774102,0.0,0.8752562197665312,1.134757649700108
537360,3777.960668167243,9999.387096774102,0.0,0.8747074168503624,1.1347579384510509
537420,3778.001568561957,9999.387096774102,0.0,0.8746469385349865,1.1347582385712096
537480,3777.8284940989734,9999.387096774102,0.0,0.875449088292169,1.1347583693152685
537540,3777.6974862564157,9999.387096774102,0.0,0.875947738369923,1.1347586126279852
537600,3777.73577319495,9999.387096774102,0.0,0.8758688177717373,1.1347587853489223
537660,3778.061974601986,9999.387096774102,0.0,0.8737256712623171,1.1347592090215979
537720,3778.161504808785,9999.387096774102,0.0,0.8744292306847561,1.134759085728276
537780,3778.0247033090436,9999.387096774102,0.0,0.875203570541511,1.1347585429173546
537840,3777.6861806959932,9999.387096774102,0.0,0.8771062324712915,1.1347582478041274
537900,3778.2191396775024,9999.387096774102,0.0,0.8749168133384521,1.134757866391566
537960,3778.1661682978065,9999.387096774102,0.0,0.875378592563098,1.1347570497390993
538020,3778.378739796909,9999.387096774102,0.0,0.8739013255864758,1.1347567488504315
538080,3778.1850738767444,9999.387096774102,0.0,0.8750674547365817,1.1347562963698417
538140,3777.866367645362,9999.387096774102,0.0,0.8766883345379932,1.1347560793848563
538200,3778.018755210694,9999.387096774102,0.0,0.8756254805296824,1.1347560948294317
538260,3777.979809277197,9999.387096774102,0.0,0.8754801652607722,1.1347561970726618
538320,3778.220770125201,9999.387096774102,0.0,0.8742436540668206,1.134756466186523
538380,3778.04422661038,9999.387096774102,0.0,0.8749102123383252,1.1347565704201457
538440,3777.8313331198956,9999.387096774102,0.0,0.875925335219634,1.1347567724455243
538500,3777.815506838866,9999.387096774102,0.0,0.8760623130285768,1.134756940600156
538560,3778.04957754041,9999.387096774102,0.0,0.8743330136007085,1.1347573718660133
538620,3778.002018393237,9999.387096774102,0.0,0.8747957745142688,1.1347575675269876
538680,3777.9580949910282,9999.387096774102,0.0,0.8748963377530916,1.1347578896377764
538740,3777.8452072418704,9999.387096774102,0.0,0.8755412420996812,1.134758050583692
538800,3777.6145414649072,9999.387096774102,0.0,0.8767072299911086,1.1347582546043404
538860,3777.8675613852065,9999.387096774102,0.0,0.8752318470984759,1.134758578825386
538920,3777.9164420399143,9999.387096774102,0.0,0.8746510844261028,1.134758853636959
538980,3777.9446710038046,9999.387096774102,0.0,0.8746768251679339,1.134759121533826
539040,3777.7749353133117,9999.387096774102,0.0,0.8754898759832156,1.1347592205651298
539100,3777.5477212788815,9999.387096774102,0.0,0.8767976350287412,1.1347593970091598
539160,3778.029849610831,9999.387096774102,0.0,0.8750812619191151,1.1347592182574886
539220,3777.996447736503,9999.387096774102,0.0,0.8751192955685273,1.1347588060977025
539280,3778.160890826882,9999.387096774102,0.0,0.8743774488433085,1.1347587031719433
539340,3778.1369484995625,9999.387096774102,0.0,0.8754592030875418,1.1347579956154883
539400,3778.029727555131,9999.387096774102,0.0,0.8759868544717012,1.1347572185439136
539460,3778.123132868102,9999.387096774102,0.0,0.8750241517414922,1.1347568892292719
539520,3778.1004455651937,9999.387096774102,0.0,0.8753361068595243,1.1347565342785526
539580,3778.28405313193,9999.387096774102,0.0,0.8739683209010309,1.1347565775173698
539640,3778.0920710545715,9999.387096774102,0.0,0.8751016170838404,1.1347564449050853
539700,3777.783600588609,9999.387096774102,0.0,0.8766956657708288,1.1347564628127926
539760,3777.947198181324,9999.387096774102,0.0,0.8756215957635014,1.1347566373349245
539820,3777.9248721799345,9999.387096774102,0.0,0.8754077392136678,1.1347568485058794
539880,3778.1558892892986,9999.387096774102,0.0,0.874247315070713,1.1347571835288162
539940,3777.9808863288235,9999.387096774102,0.0,0.8749416486795104,1.1347573288447008
540000,3777.7737777910484,9999.387096774102,0.0,0.8759466825997854,1.134757550102749
540060,3777.7636704937854,9999.387096774102,0.0,0.8760664071258506,1.1347577240148148
540120,3778.0029795642636,9999.387096774102,0.0,0.8743392104744828,1.1347581440647645
540180,3777.965943296634,9999.387096774102,0.0,0.8747510366124248,1.1347583258899236
540240,3777.9119017147955,9999.387096774102,0.0,0.8749313554641576,1.134758614214036
540300,3777.8023188839393,9999.387096774102,0.0,0.8755700477481846,1.1347587460761699
540360,3777.584364534389,9999.387096774102,0.0,0.8766758127179118,1.1347589183217934
540420,3778.1156439425063,9999.387096774102,0.0,0.8740377659932226,1.1347591895182056
540480,3778.1241281225016,9999.387096774102,0.0,0.874759062575212,1.134758715389219
540540,3778.099267813938,9999.387096774102,0.0,0.8745458462456704,1.1347584536891273
540600,3777.8534248836004,9999.387096774102,0.0,0.8764946604136976,1.1347580875201548
540660,3778.123463448159,9999.387096774102,0.0,0.8757538609960851,1.1347572754837505
540720,3777.9862964501244,9999.387096774102,0.0,0.8761974433529843,1.1347567075715477
540780,3778.3055844104397,9999.387096774102,0.0,0.8744713719258359,1.1347564633033003
540840,3778.2149728597324,9999.387096774102,0.0,0.8745587571779544,1.1347562270155707
540900,3778.019206532304,9999.387096774102,0.0,0.875559883433,1.1347561472336893
540960,3777.933301240317,9999.387096774102,0.0,0.8759622447217592,1.1347560963757757
541020,3778.0133974144196,9999.387096774102,0.0,0.8750623122809782,1.1347563324210153
541080,3778.0076526849807,9999.387096774102,0.0,0.8752637640490245,1.1347564491320257
541140,3778.1768034857673,9999.387096774102,0.0,0.8740448452780033,1.1347568225600881
541200,3777.995576701319,9999.387096774102,0.0,0.8751413337699556,1.1347569352989608
541260,3777.6997928697233,9999.387096774102,0.0,0.8766848734571306,1.1347571254651005
541320,3777.867913269191,9999.387096774102,0.0,0.8756172671740855,1.1347574216465686
541380,3777.865214016764,9999.387096774102,0.0,0.8753204227258192,1.1347577155533535
541440,3778.0843592693586,9999.387096774102,0.0,0.8742546390733796,1.1347580902029877
541500,3777.9107328977448,9999.387096774102,0.0,0.8749802622173253,1.134758254321429
541560,3777.7103140780205,9999.387096774102,0.0,0.8759695925899966,1.134758477245345
541620,3777.7069242342254,9999.387096774102,0.0,0.8760677821554843,1.13475864296667
541680,3777.95275149354,9999.387096774102,0.0,0.8743379599859022,1.1347590396895049
541740,3777.9260048622778,9999.387096774102,0.0,0.8747019321114707,1.1347591970157689
541800,3777.859831897763,9999.387096774102,0.0,0.8749749344706528,1.1347594411018664
541860,3777.7648343936253,9999.387096774102,0.0,0.8761507389946334,1.134759345516746
541920,3777.891265481813,9999.387096774102,0.0,0.8759005114106926,1.1347588618443207
541980,3777.90561072876,9999.387096774102,0.0,0.8754463649462606,1.1347586721849618
542040,3778.472068937095,9999.387096774102,0.0,0.873413987355182,1.1347584546833538
542100,3778.2670070079976,9999.387096774102,0.0,0.8747610715765641,1.1347575343591423
542160,3777.9737436417836,9999.387096774102,0.0,0.8762872364373191,1.1347569743200194
542220,3778.0502374938387,9999.387096774102,0.0,0.8757271223782007,1.1347566086632723
542280,3777.9134861920697,9999.387096774102,0.0,0.8761925456360337,1.1347564159053625
542340,3778.2195684004487,9999.387096774102,0.0,0.8744537157258806,1.134756507209954
542400,3778.135116772134,9999.387096774102,0.0,0.8745523847113575,1.134756535881259
542460,3777.9386101535924,9999.387096774102,0.0,0.8755987997142685,1.1347566350624212
542520,3777.860614508336,9999.387096774102,0.0,0.8759879248261815,1.1347567082934038
542580,3777.9503991788843,9999.387096774102,0.0,0.8750649825035989,1.1347570269066056
542640,3777.955703569361,9999.387096774102,0.0,0.8752116427070595,1.1347572017254417
542700,3778.1131694256,9999.387096774102,0.0,0.8740946544053881,1.134757593861405
542760,3777.9378383888547,9999.387096774102,0.0,0.8751697610841038,1.1347577176068449
542820,3777.6519534937092,9999.387096774102,0.0,0.8766723011803979,1.1347579027746326
542880,3777.8223221153526,9999.387096774102,0.0,0.8756157263992298,1.1347581838279241
542940,3777.8335565740476,9999.387096774102,0.0,0.8752609164086758,1.1347584572394134
543000,3778.044281857246,9999.387096774102,0.0,0.8742591379445398,1.134758798376067
543060,3777.8717412725737,9999.387096774102,0.0,0.8750060910356369,1.1347589285254949
543120,3777.5580407177454,9999.387096774102,0.0,0.8769722283896916,1.1347590768554978
543180,3777.971481492418,9999.387096774102,0.0,0.875533081585689,1.134758831857575
543240,3777.9239811070097,9999.387096774102,0.0,0.8756623213508113,1.1347584275607177
543300,3778.334876319485,9999.387096774102,0.0,0.8734428379885729,1.1347584186835733
543360,3778.266750801908,9999.387096774102,0.0,0.8749526828628424,1.1347576668810915
543420,3778.1018091955802,9999.387096774102,0.0,0.8756681933101473,1.1347568916773532
543480,3778.0431353432805,9999.387096774102,0.0,0.8756076740179838,1.134756509122188
543540,3778.0512933965447,9999.387096774102,0.0,0.8757171152208553,1.134756171632359
543600,3778.3651174558763,9999.387096774102,0.0,0.8735118664164876,1.1347562871645593
543660,3778.1624113446587,9999.387096774102,0.0,0.874784245112595,1.1347561682401788
543720,3777.8760046623743,9999.387096774102,0.0,0.8762505475585451,1.1347562195773806
543780,3777.93694150459,9999.387096774102,0.0,0.8757590639147517,1.1347563595576908
543840,3777.829990398882,9999.387096774102,0.0,0.8760817612937194,1.1347565597865505
543900,3778.136085090082,9999.387096774102,0.0,0.8744064700064643,1.1347569242651447
543960,3778.0484796316096,9999.387096774102,0.0,0.8745672339041336,1.134757142751912
544020,3777.8507494942924,9999.387096774102,0.0,0.8756398178551181,1.1347573757610299
544080,3777.779501648473,9999.387096774102,0.0,0.8760188053355475,1.1347575440599145
544140,3777.8828655447337,9999.387096774102,0.0,0.8750570030673301,1.1347579205334615
544200,3777.8993205590236,9999.387096774102,0.0,0.8751522096114996,1.1347581300948648
544260,3778.042766359746,9999.387096774102,0.0,0.8741516787280279,1.1347585203940567
544320,3777.873484828299,9999.387096774102,0.0,0.875204732955624,1.1347586398078149
544380,3777.5988358627123,9999.387096774102,0.0,0.8766603827463795,1.1347588071574102
544440,3777.7725727299676,9999.387096774102,0.0,0.8756100746967627,1.134759062342047
544500,3777.7987964898643,9999.387096774102,0.0,0.8751934846211434,1.1347593057351344
544560,3778.130449379484,9999.387096774102,0.0,0.873911939147772,1.1347596028278668
544620,3778.048317255686,9999.387096774102,0.0,0.87508331019799,1.1347591024027663
544680,3777.8230202861405,9999.387096774102,0.0,0.8761573646262871,1.1347586815811723
544740,3777.933929580609,9999.387096774102,0.0,0.8755369265268338,1.134758494674642
544800,3778.2335858596807,9999.387096774102,0.0,0.875036919497232,1.1347577788229284
544860,3778.256101464771,9999.387096774102,0.0,0.8744564840947571,1.1347572167562177
544920,3778.176665567133,9999.387096774102,0.0,0.8750200376492588,1.1347568276661657
544980,3778.03164315802,9999.387096774102,0.0,0.8756425378771245,1.1347564734126234
545040,3777.954800532527,9999.387096774102,0.0,0.8756489525176132,1.1347564310040232
545100,3777.9719278275343,9999.387096774102,0.0,0.8756815448738916,1.1347563959315217
545160,3778.2848781703683,9999.387096774102,0.0,0.8735484076172105,1.1347567178796802
545220,3778.090437335162,9999.387096774102,0.0,0.8747940282969671,1.134756742445112
545280,3777.8068191254306,9999.387096774102,0.0,0.8762632369056301,1.1347568859157515
545340,3777.870929626888,9999.387096774102,0.0,0.8757768871352981,1.13475709029268
545400,3777.7828785040597,9999.387096774102,0.0,0.8760115405230601,1.134757331152371
545460,3778.0868353083456,9999.387096774102,0.0,0.8743771999161499,1.1347577089861158
545520,3777.9981123258076,9999.387096774102,0.0,0.874576616376229,1.1347579237136363
545580,3777.8001836528747,9999.387096774102,0.0,0.8756661468636753,1.134758141584525
545640,3777.733088567422,9999.387096774102,0.0,0.8760392730015963,1.1347582908222538
545700,3777.8442721717893,9999.387096774102,0.0,0.8750604305711084,1.134758639738123
545760,3777.870048930368,9999.387096774102,0.0,0.875108462778864,1.1347588224481329
545820,3778.004039868288,9999.387096774102,0.0,0.8741870830190261,1.1347591706431701
545880,3777.8784587861205,9999.387096774102,0.0,0.8757656440676828,1.1347590359179007
545940,3777.92748701013,9999.387096774102,0.0,0.8758003971390567,1.1347585265355211
546000,3777.790049642142,9999.387096774102,0.0,0.8763148850109331,1.1347582956232485
546060,3778.4786645675094,9999.387096774102,0.0,0.8735071656908746,1.1347580660740195
546120,3778.2910724091103,9999.387096774102,0.0,0.8747182846719743,1.1347571720688057
546180,3778.122249852626,9999.387096774102,0.0,0.8755209509222722,1.1347566822127833
546240,3778.087942795754,9999.387096774102,0.0,0.8756256386325466,1.1347562786691432
546300,3777.859211860591,9999.387096774102,0.0,0.8766722056158891,1.1347560711515776
546360,3778.1488652102553,9999.387096774102,0.0,0.874919995979151,1.1347561558096808
546420,3778.149318627899,9999.387096774102,0.0,0.8745079451997633,1.1347562513932559
546480,3778.0603698274376,9999.387096774102,0.0,0.8750687721803841,1.1347564028379569
546540,3777.9180734389724,9999.387096774102,0.0,0.875710747083414,1.1347564789977478
546600,3777.863865853373,9999.387096774102,0.0,0.8756413732816358,1.1347567532878264
546660,3777.89205602617,9999.387096774102,0.0,0.8756341977328085,1.1347569443039496
546720,3778.1953608928015,9999.387096774102,0.0,0.8736010369275363,1.1347574142060468
546780,3778.0095354056184,9999.387096774102,0.0,0.8748100090239391,1.1347575503749994
546840,3777.72924210907,9999.387096774102,0.0,0.8762846865726464,1.1347577595563425
546900,3777.7992994290003,9999.387096774102,0.0,0.8757929904577826,1.1347580044635368
546960,3777.731423573651,9999.387096774102,0.0,0.8759344970858112,1.1347582653436261
547020,3778.0328124847815,9999.387096774102,0.0,0.8743437771663255,1.1347586398046168
547080,3777.941630226001,9999.387096774102,0.0,0.8745918632579576,1.1347588361258816
547140,3777.7437122092074,9999.387096774102,0.0,0.8756974242629132,1.134759026881674
547200,3777.6818538588454,9999.387096774102,0.0,0.8760604814215207,1.1347591472384464
547260,3777.758172501034,9999.387096774102,0.0,0.8753948906057643,1.134759448675156
547320,3778.231494717454,9999.387096774102,0.0,0.8739936437547795,1.1347593644497649
547380,3778.0941256220012,9999.387096774102,0.0,0.8746186295919802,1.1347588796567052
547440,3777.8348824368304,9999.387096774102,0.0,0.8762589101017774,1.1347586122932813
547500,3778.050367141345,9999.387096774102,0.0,0.8757953225152499,1.1347580443119998
547560,3778.028897771644,9999.387096774102,0.0,0.8760205126510582,1.134757265302491
547620,3778.3764414210823,9999.387096774102,0.0,0.8736357423026384,1.1347570307272472
547680,3778.2192530833354,9999.387096774102,0.0,0.8747152111863183,1.1347566140707095
547740,3778.0457385143905,9999.387096774102,0.0,0.875490604861421,1.134756480058494
547800,3777.9925753493562,9999.387096774102,0.0,0.8756706598711004,1.1347563973797359
547860,3777.7875783260283,9999.387096774102,0.0,0.8766044414513553,1.1347564391349974
547920,3778.082798646913,9999.387096774102,0.0,0.8748823845113478,1.134756687418762
547980,3778.0879186928046,9999.387096774102,0.0,0.8744816236793289,1.1347568918665003
548040,3777.9902941497267,9999.387096774102,0.0,0.8751037268502309,1.1347571113049697
548100,3777.852343193918,9999.387096774102,0.0,0.8757500844602286,1.13475723386749
548160,3777.8096647990974,9999.387096774102,0.0,0.8756455124493269,1.1347575312380471
548220,3777.846457061287,9999.387096774102,0.0,0.8755984876195364,1.134757731140777
548280,3778.142919879197,9999.387096774102,0.0,0.8736383456649227,1.1347581857709148
548340,3777.963142585354,9999.387096774102,0.0,0.8748210438217395,1.1347583066242535
548400,3777.686337533339,9999.387096774102,0.0,0.8762916343595432,1.1347584886059208
548460,3777.758672624153,9999.387096774102,0.0,0.8758061230494991,1.1347587042091223
548520,3777.705365374019,9999.387096774102,0.0,0.8758805315860609,1.1347589346296907
548580,3778.2781391085914,9999.387096774102,0.0,0.8731831199747501,1.1347593000205558
548640,3778.1440588620367,9999.387096774102,0.0,0.8746858501391386,1.1347587794826186
548700,3777.9198093055984,9999.387096774102,0.0,0.8756840942784188,1.1347583863611694
548760,3777.8339495752953,9999.387096774102,0.0,0.8763146445574246,1.1347581198185634
548820,3778.181690300633,9999.387096774102,0.0,0.8754442237281489,1.1347573771089927
548880,3778.19575008221,9999.387096774102,0.0,0.8749031353563759,1.1347568312793597
548940,3778.3050012451713,9999.387096774102,0.0,0.8744789725163561,1.134756519362194
549000,3778.115551267244,9999.387096774102,0.0,0.8752274003556845,1.134756182868559
549060,3777.9314633450986,9999.387096774102,0.0,0.8759223267811768,1.1347561094554452
549120,3777.9379758859295,9999.387096774102,0.0,0.875963576913722,1.1347560807558723
549180,3778.2574589549513,9999.387096774102,0.0,0.8737208939160763,1.1347564170003737
549240,3778.1217286693623,9999.387096774102,0.0,0.8746699664719847,1.1347564856744317
549300,3777.935814755824,9999.387096774102,0.0,0.8755635994009747,1.134756694842742
549360,3777.89555887312,9999.387096774102,0.0,0.8757081777076808,1.1347568665247163
549420,3777.7129493651782,9999.387096774102,0.0,0.8765362661905752,1.1347570909318263
549480,3778.0091360037845,9999.387096774102,0.0,0.8748432851601017,1.1347574639685838
549540,3778.0200071487902,9999.387096774102,0.0,0.8744515112558352,1.13475774986925
549600,3777.912723441778,9999.387096774102,0.0,0.8751459634640292,1.1347580112098472
549660,3777.7803881100867,9999.387096774102,0.0,0.8757924981531985,1.1347581581388893
549720,3777.7506754987403,9999.387096774102,0.0,0.8756450525488678,1.1347584607640266
549780,3777.7967960334636,9999.387096774102,0.0,0.8755550986411378,1.1347586552831617
549840,3778.0850062638074,9999.387096774102,0.0,0.8736790103766687,1.1347590812267048
549900,3777.9109168975697,9999.387096774102,0.0,0.874838145191429,1.1347591757807798
549960,3777.638174198615,9999.387096774102,0.0,0.876302927260438,1.1347593210909708
550020,3777.804507638496,9999.387096774102,0.0,0.8757343457432586,1.1347593826964921
550080,3777.9582969712333,9999.387096774102,0.0,0.8755379711769805,1.134758928301005
550140,3778.1333036950327,9999.387096774102,0.0,0.8741109396839064,1.1347587807895358
550200,3778.1627825868727,9999.387096774102,0.0,0.8749630840062554,1.1347584477543164
550260,3778.16642659928,9999.387096774102,0.0,0.8753642479205134,1.134757557007718
550320,3777.8651838824917,9999.387096774102,0.0,0.8768862822428332,1.1347569604424252
550380,3778.120488478082,9999.387096774102,0.0,0.8753468193605208,1.1347566710252428
550440,3778.1105587740335,9999.387096774102,0.0,0.8749790630567548,1.1347565009363059
550500,3778.2107585478343,9999.387096774102,0.0,0.8745110909564392,1.1347565266637765
550560,3778.023838510922,9999.387096774102,0.0,0.8752844955221734,1.1347564639996732
550620,3777.855923866444,9999.387096774102,0.0,0.875934583989488,1.1347565835968993
550680,3777.871528715893,9999.387096774102,0.0,0.8759475962177725,1.134756685560821
550740,3778.1910557613296,9999.387096774102,0.0,0.873740797519091,1.1347571038910393
550800,3778.0651710840298,9999.387096774102,0.0,0.8746444315016545,1.1347572324013564
550860,3777.872865562853,9999.387096774102,0.0,0.8755979448612369,1.1347574648204573
550920,3777.8372307792365,9999.387096774102,0.0,0.8757365403733577,1.1347576484865363
550980,3777.67133361258,9999.387096774102,0.0,0.8764849715887268,1.134757872139994
551040,3777.967496303788,9999.387096774102,0.0,0.8748171462093511,1.1347582297791068
551100,3777.982519098264,9999.387096774102,0.0,0.8744319311354622,1.1347584923996348
551160,3777.869300299883,9999.387096774102,0.0,0.875171521463722,1.1347587205277485
551220,3777.739983543094,9999.387096774102,0.0,0.87582151501164,1.1347588358552843
551280,3777.6346995332146,9999.387096774102,0.0,0.8762997119859933,1.1347590806401469
551340,3778.145770536611,9999.387096774102,0.0,0.874567496070035,1.1347589582110789
551400,3778.082472062329,9999.387096774102,0.0,0.8747578849304379,1.134758524150515
551460,3778.0227709849605,9999.387096774102,0.0,0.8753067499855792,1.1347583429122667
551520,3778.0967539134526,9999.387096774102,0.0,0.8757380819438201,1.134757689501856
551580,3778.036821825751,9999.387096774102,0.0,0.8760920820906635,1.134756905643048
551640,3778.2634834378573,9999.387096774102,0.0,0.8743534320699052,1.1347566266556635
551700,3778.181118512329,9999.387096774102,0.0,0.8750059565869297,1.1347562514127696
551760,3778.200021644576,9999.387096774102,0.0,0.8746337354961254,1.1347562237863986
551820,3778.0569177495363,9999.387096774102,0.0,0.8754016110042258,1.134756117624127
551880,3777.775107000991,9999.387096774102,0.0,0.8768161965815632,1.134756151263386
551940,3778.014272692835,9999.387096774102,0.0,0.8753340251771183,1.1347563786292205
552000,3778.029295289668,9999.387096774102,0.0,0.8748645906036355,1.1347566122370438
552060,3778.1111128873845,9999.387096774102,0.0,0.8745482752097307,1.134756912763042
552120,3777.929774977348,9999.387096774102,0.0,0.8753361947917484,1.134757051277056
552180,3777.773722544774,9999.387096774102,0.0,0.8759482557699557,1.1347573143639345
552240,3777.798000420427,9999.387096774102,0.0,0.8759281495040003,1.1347575175822866
552300,3778.120161006629,9999.387096774102,0.0,0.8737504426572663,1.1347579926871825
552360,3778.002125324108,9999.387096774102,0.0,0.8746231683967788,1.1347581562458575
552420,3777.8032894674966,9999.387096774102,0.0,0.8756383583211903,1.134758391798397
552480,3777.772960137808,9999.387096774102,0.0,0.8757673511176471,1.1347585720775268
552540,3777.625624714044,9999.387096774102,0.0,0.8764273085817998,1.1347587821906335
552600,3777.922149277426,9999.387096774102,0.0,0.8747844181449735,1.134759113231199
552660,3777.940310029554,9999.387096774102,0.0,0.8744141245801744,1.1347593420453352
552720,3777.772090833136,9999.387096774102,0.0,0.8758567696160515,1.1347594945270354
552780,3777.924977536828,9999.387096774102,0.0,0.8757157919046646,1.1347590986521976
552840,3777.7885341783153,9999.387096774102,0.0,0.8763597023561313,1.1347586804533876
552900,3778.265741521837,9999.387096774102,0.0,0.8736058616119594,1.1347586542073667
552960,3778.3737383414714,9999.387096774102,0.0,0.874307833400928,1.134757934524321
553020,3778.2155308612196,9999.387096774102,0.0,0.8747952227657921,1.134757238947785
553080,3778.000970976894,9999.387096774102,0.0,0.8758519246932644,1.1347567966363101
553140,3777.972620843226,9999.387096774102,0.0,0.8760314658701789,1.1347564521667688
553200,3778.1667887865538,9999.387096774102,0.0,0.874438160768038,1.134756512200058
553260,3778.1074344001668,9999.387096774102,0.0,0.8749348708900752,1.1347564521542597
553320,3778.1113428947683,9999.387096774102,0.0,0.8747047395858679,1.1347566338922062
553380,3777.979233736813,9999.387096774102,0.0,0.8754388446762018,1.1347566774701159
553440,3777.713227389872,9999.387096774102,0.0,0.8767799865711282,1.1347568127037218
553500,3777.9537792382084,9999.387096774102,0.0,0.8753173179628885,1.1347571065521465
553560,3777.982033544718,9999.387096774102,0.0,0.8748026184361715,1.1347573815015701
553620,3778.0520006229754,9999.387096774102,0.0,0.8745721161416097,1.134757692258813
553680,3777.8738167263336,9999.387096774102,0.0,0.8753732528120822,1.1347578310998976
553740,3777.726312849032,9999.387096774102,0.0,0.8759600758214613,1.1347580829658628
553800,3777.757006048071,9999.387096774102,0.0,0.875912679973144,1.1347582695775764
553860,3778.079037419594,9999.387096774102,0.0,0.8737667801434351,1.1347587144309128
553920,3777.9678429759965,9999.387096774102,0.0,0.8746080594987201,1.1347588500333656
553980,3777.765670348229,9999.387096774102,0.0,0.8756586981002678,1.1347590463688106
554040,3777.7674834643135,9999.387096774102,0.0,0.8761421692835873,1.1347590257080253
554100,3777.9294919209397,9999.387096774102,0.0,0.8758124266492191,1.1347585595352938
554160,3778.046376586953,9999.387096774102,0.0,0.8747034810490109,1.1347584055599476
554220,3778.382686086939,9999.387096774102,0.0,0.873980024669243,1.1347581495776422
554280,3778.2499210800206,9999.387096774102,0.0,0.8750080595797592,1.1347572222360174
554340,3777.9192660948215,9999.387096774102,0.0,0.8767301854452235,1.1347566310782076
554400,3778.087938762554,9999.387096774102,0.0,0.8756335868182972,1.1347563063274135
554460,3778.0182365342207,9999.387096774102,0.0,0.8756507169644538,1.1347561357645866
554520,3778.2800924679414,9999.387096774102,0.0,0.8742386519904852,1.1347562294253608
554580,3778.1088431828343,9999.387096774102,0.0,0.8748398131028535,1.1347562123571395
554640,3777.8904002257646,9999.387096774102,0.0,0.8758863681928468,1.1347563217771561
554700,3777.864421492289,9999.387096774102,0.0,0.8760589035208812,1.1347564227527642
554760,3778.0782553416793,9999.387096774102,0.0,0.8744160684016357,1.1347568090810314
554820,3778.0306217997927,9999.387096774102,0.0,0.8748697463428774,1.134756983016899
554880,3778.017527093667,9999.387096774102,0.0,0.8747710505106934,1.1347573148382086
554940,3777.8926011486815,9999.387096774102,0.0,0.875482594673746,1.134757473897243
555000,3777.644378499462,9999.387096774102,0.0,0.8767424970258679,1.1347576846867504
555060,3777.888601027777,9999.387096774102,0.0,0.8752935263606001,1.134758020702656
555120,3777.9298713410944,9999.387096774102,0.0,0.8747378771187764,1.1347583154374628
555180,3777.986080046751,9999.387096774102,0.0,0.8746026630615144,1.1347586184716056
555240,3777.811491680002,9999.387096774102,0.0,0.875416918902068,1.1347587436313562
555300,3777.6741668421255,9999.387096774102,0.0,0.8759702232943505,1.1347589726106884
555360,3777.7122466201586,9999.387096774102,0.0,0.8758915759483588,1.1347591326988036
555420,3778.0343821480133,9999.387096774102,0.0,0.8737786992046075,1.1347595381571898
555480,3778.152729707283,9999.387096774102,0.0,0.8743672829370527,1.1347594119880635
555540,3778.0089041254423,9999.387096774102,0.0,0.8751731008834526,1.1347588689865302
555600,3777.670991730888,9999.387096774102,0.0,0.8770855167387861,1.1347585674416458
555660,3778.18131650107,9999.387096774102,0.0,0.8749992588149283,1.1347581755314176
555720,3778.138084806972,9999.387096774102,0.0,0.8754077630386207,1.1347573705313985
555780,3778.3663607762023,9999.387096774102,0.0,0.8738438591787071,1.1347570763484278
555840,3778.1702144300216,9999.387096774102,0.0,0.8750378727796286,1.1347566199249082
555900,3777.8543933575656,9999.387096774102,0.0,0.876648644633858,1.134756396868618
555960,3777.9968514522166,9999.387096774102,0.0,0.8756507799204769,1.1347563971663042
556020,3777.9551401164777,9999.387096774102,0.0,0.8755345714483894,1.1347564862668673
556080,3778.2078231670166,9999.387096774102,0.0,0.8742325251489851,1.1347567448029674
556140,3778.036986850941,9999.387096774102,0.0,0.8748705743040524,1.1347568392097447
556200,3777.823112581536,9999.387096774102,0.0,0.8759111454312023,1.1347570245422491
556260,3777.8027748376744,9999.387096774102,0.0,0.8760683223896074,1.1347571765609465
556320,3778.02399517286,9999.387096774102,0.0,0.8744191785232406,1.1347575862812151
556380,3777.987382461626,9999.387096774102,0.0,0.8748205735388499,1.1347577714075243
556440,3777.9629254320944,9999.387096774102,0.0,0.8748119659887371,1.1347580870521723
556500,3777.8421154518314,9999.387096774102,0.0,0.8755136145222562,1.1347582306718724
556560,3777.6071103210697,9999.387096774102,0.0,0.8767116219419833,1.134758419110447
556620,3777.8523593418563,9999.387096774102,0.0,0.8752792099043811,1.1347587254836549
556680,3777.9031961015157,9999.387096774102,0.0,0.8746937194125198,1.1347589886020286
556740,3777.9863059786685,9999.387096774102,0.0,0.8748153549447167,1.134759230404183
556800,3778.0036637641756,9999.387096774102,0.0,0.8754294657300994,1.1347587713138196
556860,3777.8081520675305,9999.387096774102,0.0,0.8763686814754094,1.1347583489521356
556920,3778.107059305882,9999.387096774102,0.0,0.874616650548397,1.1347582475705849
556980,3778.3305642716027,9999.387096774102,0.0,0.8746494686559847,1.1347575296518329
557040,3778.283257274255,9999.387096774102,0.0,0.874472873510472,1.1347569116758875
557100,3778.1012744356203,9999.387096774102,0.0,0.8754856808417184,1.1347564844684925
557160,3778.011706697951,9999.387096774102,0.0,0.8758942564052955,1.1347561377370687
557220,3778.0562493188136,9999.387096774102,0.0,0.8751540874657545,1.1347561512770015
557280,3778.0481150270143,9999.387096774102,0.0,0.8753492978446725,1.134756120079896
557340,3778.246826815383,9999.387096774102,0.0,0.8739286927183225,1.1347564054932169
557400,3778.0565755422253,9999.387096774102,0.0,0.8750779265363581,1.1347564414976796
557460,3777.751988432028,9999.387096774102,0.0,0.876659335725016,1.1347565842820404
557520,3777.9063618406876,9999.387096774102,0.0,0.8756469057068827,1.1347568472872405
557580,3777.884974991714,9999.387096774102,0.0,0.8754450776459798,1.1347571249827348
557640,3778.1262688642405,9999.387096774102,0.0,0.8742343037119442,1.1347575074734229
557700,3777.956512768003,9999.387096774102,0.0,0.8749091197524117,1.1347576853997576
557760,3777.7490768526736,9999.387096774102,0.0,0.8759379601289967,1.134757921527309
557820,3777.735971970131,9999.387096774102,0.0,0.8760742305050934,1.134758102358737
557880,3777.96532814899,9999.387096774102,0.0,0.8744158407042336,1.1347585169683039
557940,3777.9397283752287,9999.387096774102,0.0,0.8747663244430539,1.1347586984046765
558000,3777.901851402246,9999.387096774102,0.0,0.87486147120646,1.1347589839091226
558060,3777.7859129118606,9999.387096774102,0.0,0.8755496903588914,1.1347591014321892
558120,3777.5657925714754,9999.387096774102,0.0,0.8766777255261651,1.1347592583821648
558180,3778.0753263624338,9999.387096774102,0.0,0.8741531061965534,1.1347595064381033
558240,3778.097883449859,9999.387096774102,0.0,0.8747826718772004,1.1347590366001639
558300,3778.08689850582,9999.387096774102,0.0,0.8744994819496829,1.1347587779838528
558360,3777.8452991336926,9999.387096774102,0.0,0.876442603026762,1.1347584050791484
558420,3778.0992526159052,9999.387096774102,0.0,0.8757578953115936,1.1347575960732028
558480,3777.9579229129827,9999.387096774102,0.0,0.8762400861357186,1.1347570297819354
558540,3778.277625089066,9999.387096774102,0.0,0.8745091067324302,1.1347567817397402
558600,3778.1987987804005,9999.387096774102,0.0,0.8745394683026816,1.1347565459079427
558660,3778.0107829069552,9999.387096774102,0.0,0.8755179808004553,1.1347564586223235
558720,3777.9190852260335,9999.387096774102,0.0,0.8759484349243503,1.1347563953132596
558780,3777.985397301647,9999.387096774102,0.0,0.8751397827974688,1.1347566115571226
558840,3777.9875337622793,9999.387096774102,0.0,0.875296835665255,1.1347567170108166
558900,3778.173308383199,9999.387096774102,0.0,0.8739838607581394,1.1347570821304596
558960,3777.9896677336665,9999.387096774102,0.0,0.8751065422154479,1.1347571793488178
559020,3777.694649340767,9999.387096774102,0.0,0.8766513442970492,1.1347573547455738
559080,3777.8524010238416,9999.387096774102,0.0,0.8756472622930832,1.1347576307829939
559140,3777.8464689947614,9999.387096774102,0.0,0.8753796667522054,1.1347579088646214
559200,3778.079384793654,9999.387096774102,0.0,0.874235601858417,1.1347582729791628
559260,3777.9105729860044,9999.387096774102,0.0,0.874935325031748,1.1347584273145832
559320,3777.707661977831,9999.387096774102,0.0,0.8759562198595899,1.1347586343476261
559380,3777.6991348005768,9999.387096774102,0.0,0.8760776749228306,1.1347587855743881
559440,3777.9170834751844,9999.387096774102,0.0,0.8745396238833125,1.1347591596513837
559500,3778.276303006077,9999.387096774102,0.0,0.8738693417694944,1.1347590850667215
559560,3778.088620736422,9999.387096774102,0.0,0.874801825303461,1.1347585560724303
559620,3777.7460968849246,9999.387096774102,0.0,0.8768472962586505,1.1347582625601742
559680,3778.1100196347775,9999.387096774102,0.0,0.8755478668093963,1.1347577753565203
559740,3778.09075558089,9999.387096774102,0.0,0.8758014192511189,1.134756981206418
559800,3778.4486075518507,9999.387096774102,0.0,0.873400024738315,1.1347567502499842
559860,3778.2361116657294,9999.387096774102,0.0,0.8747599151901263,1.134756303634808
559920,3777.95840153147,9999.387096774102,0.0,0.8761414907937062,1.134756120827377
559980,3777.996138546602,9999.387096774102,0.0,0.8757483093441215,1.1347560861587334
560040,3777.865122980901,9999.387096774102,0.0,0.876199664439305,1.1347561626779645
560100,3778.1741410482014,9999.387096774102,0.0,0.8744773321878618,1.1347564428787917
560160,3778.099729737794,9999.387096774102,0.0,0.8745349025538985,1.1347566148596924
560220,3777.90932299657,9999.387096774102,0.0,0.8755664503024537,1.134756818283151
560280,3777.8268574260364,9999.387096774102,0.0,0.8759817935749095,1.1347569666027404
560340,3777.906834425275,9999.387096774102,0.0,0.8751334341816868,1.1347573319625976
560400,3777.920788629791,9999.387096774102,0.0,0.8752352556862051,1.1347575443604585
560460,3778.092261920313,9999.387096774102,0.0,0.8740457918326887,1.1347579620707837
560520,3777.915767246857,9999.387096774102,0.0,0.875141829444097,1.1347580963653134
560580,3777.631693623541,9999.387096774102,0.0,0.8766434143100552,1.1347582844273778
560640,3777.793534950644,9999.387096774102,0.0,0.8756440002412537,1.134758557834775
560700,3777.8042932477188,9999.387096774102,0.0,0.8753059241433571,1.13475882311017
560760,3778.0269790959665,9999.387096774102,0.0,0.8742402517900296,1.1347591564776989
560820,3777.8588896701176,9999.387096774102,0.0,0.8749686094473208,1.1347592768832893
560880,3777.546836731538,9999.387096774102,0.0,0.8769414583886616,1.1347594083721029
560940,3777.9429205411184,9999.387096774102,0.0,0.8755716843471962,1.1347591523990443
561000,3777.897734016856,9999.387096774102,0.0,0.8756967557951263,1.1347587478441747
561060,3778.3228820195823,9999.387096774102,0.0,0.8733921669958771,1.1347587365758767
561120,3778.252834564402,9999.387096774102,0.0,0.8749060491623445,1.1347579873812081
561180,3778.084207858498,9999.387096774102,0.0,0.875639189310233,1.1347572186285468
561240,3778.0146238847447,9999.387096774102,0.0,0.8756595995147268,1.1347568300347461
561300,3778.0270916723853,9999.387096774102,0.0,0.8757427513725884,1.1347564895697864
561360,3778.3464389254004,9999.387096774102,0.0,0.8735102030939279,1.1347565981080605
561420,3778.1495387300047,9999.387096774102,0.0,0.8747596865050146,1.1347564715101963
561480,3777.8710198189606,9999.387096774102,0.0,0.8761856463357381,1.1347565135120414
561540,3777.920986659958,9999.387096774102,0.0,0.87576695823186,1.1347566346888798
561600,3777.809187933487,9999.387096774102,0.0,0.8761294241894912,1.1347568184867018
561660,3778.115999441168,9999.387096774102,0.0,0.8744455470689315,1.1347571664381382
561720,3778.041417794642,9999.387096774102,0.0,0.874539713780153,1.1347573769543622
561780,3777.849770771909,9999.387096774102,0.0,0.8755966040469773,1.1347575959761365
561840,3777.7720298380523,9999.387096774102,0.0,0.8760064181142433,1.1347577481397588
561900,3777.8610884221075,9999.387096774102,0.0,0.8751358463784272,1.1347581032253151
561960,3777.8846863273375,9999.387096774102,0.0,0.8751896955718439,1.134758301139938
562020,3778.04621273528,9999.387096774102,0.0,0.8740854163888403,1.1347586848561821
562080,3777.8739757609133,9999.387096774102,0.0,0.8751660837567292,1.1347587903312442
562140,3777.5984108601015,9999.387096774102,0.0,0.876631839674397,1.1347589446212287
562200,3777.9344256675536,9999.387096774102,0.0,0.8750680055248385,1.134759106517638
562260,3778.0402037146873,9999.387096774102,0.0,0.8752071486542967,1.1347586494348385
562320,3778.164838833621,9999.387096774102,0.0,0.8740929660309362,1.134758473858051
562380,3778.0122296978516,9999.387096774102,0.0,0.8757922558601257,1.1347581075782316
562440,3778.1480685706847,9999.387096774102,0.0,0.8756069902654261,1.1347572450038028
562500,3777.9045049975643,9999.387096774102,0.0,0.8767416177558781,1.1347566551771515
562560,3778.2093537744504,9999.387096774102,0.0,0.874978827733331,1.1347563947836696
562620,3778.1988601436797,9999.387096774102,0.0,0.8745928996740542,1.1347562169378314
562680,3778.137745669765,9999.387096774102,0.0,0.8749729827750403,1.1347561902911725
562740,3777.9835675510594,9999.387096774102,0.0,0.8756416222152118,1.1347561320633242
562800,3777.9069366049694,9999.387096774102,0.0,0.8756867315449153,1.1347563045048998
562860,3777.9294076078854,9999.387096774102,0.0,0.8757012118597215,1.1347564258609324
562920,3778.246565477118,9999.387096774102,0.0,0.873551212373837,1.1347568629565412
562980,3778.05865941929,9999.387096774102,0.0,0.8747710967732945,1.1347569763798586
563040,3777.782020783814,9999.387096774102,0.0,0.8762108739882769,1.134757182450853
563100,3777.8376644613295,9999.387096774102,0.0,0.8757877862732066,1.1347574230686104
563160,3777.7480232174075,9999.387096774102,0.0,0.8760470073468234,1.1347576881519716
563220,3778.053026175192,9999.387096774102,0.0,0.874407806548014,1.134758078654921
563280,3777.9764720564426,9999.387096774102,0.0,0.8745510989350282,1.1347583049640764
563340,3777.7836913047445,9999.387096774102,0.0,0.8756317845057875,1.1347585219903253
563400,3777.7116333235854,9999.387096774102,0.0,0.876032385957378,1.134758664113117
563460,3777.811613845422,9999.387096774102,0.0,0.8751311275383634,1.1347589971229626
563520,3777.845206057784,9999.387096774102,0.0,0.8751365153143791,1.134759170252309
563580,3777.9945479562975,9999.387096774102,0.0,0.8741324466192285,1.1347595095686183
563640,3777.8701464166697,9999.387096774102,0.0,0.8757115390416863,1.1347593631849646
563700,3777.908066793952,9999.387096774102,0.0,0.8757902189743255,1.1347588513050455
563760,3777.762609287535,9999.387096774102,0.0,0.8763686313605049,1.1347586115850083
563820,3778.439027727109,9999.387096774102,0.0,0.8735937829860261,1.134758371922925
563880,3778.2665820221832,9999.387096774102,0.0,0.8747234189702073,1.134757493768134
563940,3778.114302171113,9999.387096774102,0.0,0.8754375833488776,1.1347570122707198
564000,3778.069848076178,9999.387096774102,0.0,0.8756141633456517,1.134756601424881
564060,3777.8380063084855,9999.387096774102,0.0,0.8766895385276212,1.1347563857002374
564120,3778.123137604032,9999.387096774102,0.0,0.8749640388848535,1.1347564570562045
564180,3778.1306951116694,9999.387096774102,0.0,0.8745198482610235,1.1347565442195262
564240,3778.056698646919,9999.387096774102,0.0,0.8750134885097683,1.1347566870816341
564300,3777.909154231274,9999.387096774102,0.0,0.8756811406086954,1.1347567487377515
564360,3777.843324900535,9999.387096774102,0.0,0.8756933600290487,1.1347570023416695
564420,3777.874580885067,9999.387096774102,0.0,0.8756666674840263,1.1347571793291231
564480,3778.185826610444,9999.387096774102,0.0,0.8735892025734404,1.1347576363523038
564540,3778.00491076468,9999.387096774102,0.0,0.8747791211912584,1.1347577603867178
564600,3777.7307153491074,9999.387096774102,0.0,0.8762226995608201,1.134757957510953
564660,3777.789306135579,9999.387096774102,0.0,0.8758036721311718,1.134758182892844
564720,3777.7155417513027,9999.387096774102,0.0,0.8759891190218936,1.1347584276123162
564780,3778.018381771806,9999.387096774102,0.0,0.8743833368144899,1.134758787338862
564840,3777.941105027914,9999.387096774102,0.0,0.8745581714606996,1.1347589783478835
564900,3777.6528094681444,9999.387096774102,0.0,0.8765626328453827,1.134759117982773
564960,3777.9348048664747,9999.387096774102,0.0,0.8757579041363217,1.1347587889701236
565020,3777.8431027842853,9999.387096774102,0.0,0.8761488103802065,1.1347583798898715
565080,3778.388501399935,9999.387096774102,0.0,0.873062388319903,1.1347584049997923
565140,3778.371411359174,9999.387096774102,0.0,0.8744397125993774,1.1347576497905612
565200,3778.1776772085977,9999.387096774102,0.0,0.875183652170942,1.134756902822463
565260,3777.999715431598,9999.387096774102,0.0,0.8759078430937038,1.134756476604763
565320,3778.0034564250745,9999.387096774102,0.0,0.8759787923351473,1.1347561416724148
565380,3778.3012469837113,9999.387096774102,0.0,0.8738025296088477,1.1347562522518073
565440,3778.1707182858363,9999.387096774102,0.0,0.8747031601853681,1.134756172589306
565500,3778.0083868414677,9999.387096774102,0.0,0.8754445875710475,1.1347562884916935
565560,3777.9537808502637,9999.387096774102,0.0,0.8756641916394609,1.1347563777371938
565620,3777.7480618973873,9999.387096774102,0.0,0.876617043900611,1.1347565463008995
565680,3778.039280941806,9999.387096774102,0.0,0.874919501647134,1.1347568874526281
565740,3778.0532261205067,9999.387096774102,0.0,0.8744834214672877,1.1347571647426549
565800,3777.967492355412,9999.387096774102,0.0,0.8750588788353935,1.1347574345360631
565860,3777.8258308309673,9999.387096774102,0.0,0.8757292448671511,1.1347575874095974
565920,3777.774438882411,9999.387096774102,0.0,0.8756933566980138,1.1347578975037946
565980,3777.8153558704103,9999.387096774102,0.0,0.8756243012442654,1.1347581072824378
566040,3778.119029940999,9999.387096774102,0.0,0.8736304475035964,1.134758564297891
566100,3777.944669477702,9999.387096774102,0.0,0.8747931955537748,1.1347586834995909
566160,3777.673454062755,9999.387096774102,0.0,0.8762394189838992,1.1347588586349615
566220,3777.736187347796,9999.387096774102,0.0,0.8758189381963836,1.1347590581608706
566280,3777.679924521844,9999.387096774102,0.0,0.8759230872894663,1.134759273266594
566340,3778.2598442804906,9999.387096774102,0.0,0.8731721900739406,1.134759624423687
566400,3778.1275989300607,9999.387096774102,0.0,0.8746570400992889,1.1347591049755785
566460,3777.907455675591,9999.387096774102,0.0,0.8756375758926143,1.1347587116810551
566520,3777.8075188986,9999.387096774102,0.0,0.8763669001491293,1.1347584322770996
566580,3778.1520156712663,9999.387096774102,0.0,0.8754769321935947,1.1347576941737871
566640,3778.1662829025486,9999.387096774102,0.0,0.8749487906098444,1.134757152728526
566700,3778.292502761691,9999.387096774102,0.0,0.8744379416948951,1.1347568443844702
566760,3778.1022202818694,9999.387096774102,0.0,0.8751914397218811,1.1347565042175687
566820,3777.9127424751864,9999.387096774102,0.0,0.8759377272369264,1.1347564183703356
566880,3777.918281695902,9999.387096774102,0.0,0.8759810402545161,1.134756378257149
566940,3778.2289985888524,9999.387096774102,0.0,0.8737948807957779,1.1347566961806161
567000,3778.1070474831504,9999.387096774102,0.0,0.8746693241957213,1.1347567572542783
567060,3777.935970086157,9999.387096774102,0.0,0.8754821757784651,1.1347569580426398
567120,3777.8855766022143,9999.387096774102,0.0,0.8756965163586657,1.1347571104122445
567180,3777.6978318022784,9999.387096774102,0.0,0.8765638206234675,1.1347573176408179
567240,3777.989841505501,9999.387096774102,0.0,0.8748917586560583,1.1347576723726058
567300,3778.009355802839,9999.387096774102,0.0,0.8744565708636871,1.134757947927778
567360,3777.9161110327586,9999.387096774102,0.0,0.8750871624146384,1.134758199348652
567420,3777.777875340784,9999.387096774102,0.0,0.8757618990338096,1.134758331676049
567480,3777.7355041863652,9999.387096774102,0.0,0.8756992125944544,1.1347586145029984
567540,3777.7839893133973,9999.387096774102,0.0,0.8755929798921731,1.1347587965873651
567600,3778.0818570661654,9999.387096774102,0.0,0.8736608172782566,1.1347592129392194
567660,3778.041107776816,9999.387096774102,0.0,0.875009856393936,1.1347590668930019
567720,3777.9773507378277,9999.387096774102,0.0,0.8754941651404242,1.13475853256487
567780,3777.6995571527623,9999.387096774102,0.0,0.8769524781545989,1.1347582566953793
567840,3778.3246750379813,9999.387096774102,0.0,0.8743337295299543,1.1347579446317115
567900,3778.2246755247925,9999.387096774102,0.0,0.8750571258871787,1.1347571022591216
567960,3778.2811689145296,9999.387096774102,0.0,0.8745303731926426,1.1347567257580768
568020,3778.1396353595132,9999.387096774102,0.0,0.8753301612482316,1.134756286652477
568080,3777.8395331034417,9999.387096774102,0.0,0.8768307561970468,1.134756065866921
568140,3778.061164169348,9999.387096774102,0.0,0.8753940063028433,1.1347561139136242
568200,3778.0640531125932,9999.387096774102,0.0,0.8749732927400479,1.1347562243193634
568260,3778.17638379321,9999.387096774102,0.0,0.8744767165365026,1.1347564502785905
568320,3777.990332167526,9999.387096774102,0.0,0.8752550473501652,1.1347565318859052
568380,3777.8177191026252,9999.387096774102,0.0,0.8759526356871548,1.1347567544591837
568440,3777.8336318540487,9999.387096774102,0.0,0.8759638250145061,1.1347569352821032
568500,3778.147115805833,9999.387096774102,0.0,0.8738055039184649,1.1347574034205883
568560,3778.03525635042,9999.387096774102,0.0,0.8746372051402992,1.1347575743240095
568620,3777.85494023357,9999.387096774102,0.0,0.8755310308324799,1.134757833202601
568680,3777.811091506926,9999.387096774102,0.0,0.8757310499707485,1.1347580248629126
568740,3777.642988101746,9999.387096774102,0.0,0.8765050388333747,1.1347582505211147
568800,3777.935985513782,9999.387096774102,0.0,0.8748576500933605,1.1347586025973553
568860,3777.9602653337606,9999.387096774102,0.0,0.8744307445636317,1.1347588621671811
568920,3777.858482027268,9999.387096774102,0.0,0.8751224603899318,1.1347590828802467
568980,3777.724525899971,9999.387096774102,0.0,0.8757989283806357,1.1347591847542535
569040,3777.6081557633306,9999.387096774102,0.0,0.8763595062378179,1.1347594087003965
569100,3778.1122714334974,9999.387096774102,0.0,0.8746294574805674,1.1347592758862017
569160,3778.058268551684,9999.387096774102,0.0,0.8747764952428435,1.1347588454368993
569220,3778.0207271390645,9999.387096774102,0.0,0.875201098472398,1.1347586656952988
569280,3778.0775132010863,9999.387096774102,0.0,0.8757242638930021,1.1347580074520756
569340,3778.014140065129,9999.387096774102,0.0,0.8760922684312085,1.1347572299698097
569400,3778.227035878555,9999.387096774102,0.0,0.874443401136071,1.134756944245321
569460,3778.1568108515576,9999.387096774102,0.0,0.8750297522134587,1.1347565696005786
569520,3778.193922587491,9999.387096774102,0.0,0.8745563839026229,1.1347565416537144
569580,3778.0445230534783,9999.387096774102,0.0,0.8753752413151875,1.13475642251543
569640,3777.761112071956,9999.387096774102,0.0,0.8768073402545903,1.1347564429861616
569700,3777.992252457398,9999.387096774102,0.0,0.8753738466941122,1.1347566521435508
569760,3778.008026528382,9999.387096774102,0.0,0.8749109358013799,1.1347568719571903
569820,3778.1078383457243,9999.387096774102,0.0,0.8745007910727476,1.1347571634089866
569880,3777.9250875429584,9999.387096774102,0.0,0.8752952401885938,1.1347572884646957
569940,3777.7617407291564,9999.387096774102,0.0,0.8759662421944097,1.1347575322581842
570000,3777.784401619362,9999.387096774102,0.0,0.8759509612327189,1.1347577201604349
570060,3778.0989216609937,9999.387096774102,0.0,0.8738201744815361,1.134758175835717
570120,3777.9950571191052,9999.387096774102,0.0,0.8746154212695135,1.1347583319055488
570180,3777.8096475168854,9999.387096774102,0.0,0.8755568772750091,1.134758559442295
570240,3777.7686250362112,9999.387096774102,0.0,0.8757562943719324,1.1347587219085415
570300,3777.614825599531,9999.387096774102,0.0,0.8764618090835161,1.1347589166479841
570360,3778.2378335600997,9999.387096774102,0.0,0.8733710719231947,1.1347592530177082
570420,3778.1674600328965,9999.387096774102,0.0,0.8745435503533718,1.1347587568349033
570480,3778.026758351089,9999.387096774102,0.0,0.8750124679420066,1.13475842685011
570540,3777.8038601420753,9999.387096774102,0.0,0.8766443538845655,1.134758088860475
570600,3778.1320630943155,9999.387096774102,0.0,0.875711399272136,1.1347573095195198
570660,3778.0696553511475,9999.387096774102,0.0,0.8756688674295351,1.1347567562161405
570720,3778.352963064513,9999.387096774102,0.0,0.8742316579529588,1.1347565057951947
570780,3778.1846655928684,9999.387096774102,0.0,0.8747748848655282,1.1347562139286687
570840,3777.959376462676,9999.387096774102,0.0,0.8758382237984771,1.1347561235384909
570900,3777.920371464641,9999.387096774102,0.0,0.8760514472389993,1.1347560824494203
570960,3778.1141800431583,9999.387096774102,0.0,0.8744970873356436,1.1347563646031322
571020,3778.0652100082093,9999.387096774102,0.0,0.8749503736131939,1.134756468193199
571080,3778.0841229957828,9999.387096774102,0.0,0.8746404152278534,1.1347567737638384
571140,3777.946604211703,9999.387096774102,0.0,0.8754208100675319,1.13475690372597
571200,3777.6812620536675,9999.387096774102,0.0,0.8767708778445578,1.1347571012830244
571260,3777.9157947177036,9999.387096774102,0.0,0.8753520844902286,1.1347574335145587
571320,3777.9471192561123,9999.387096774102,0.0,0.8748351659692701,1.1347577362644123
571380,3778.0320604013555,9999.387096774102,0.0,0.8745313856235453,1.134758066636492
571440,3777.853165248028,9999.387096774102,0.0,0.875341519951625,1.134758213013446
571500,3777.7003449297586,9999.387096774102,0.0,0.8759786901149028,1.1347584604020289
571560,3777.7306902533214,9999.387096774102,0.0,0.8759328110085757,1.1347586413355122
571620,3778.0468064389265,9999.387096774102,0.0,0.8738292475588942,1.1347590721144283
571680,3777.9496801747964,9999.387096774102,0.0,0.8745962389854303,1.1347592020787132
571740,3777.7586053100486,9999.387096774102,0.0,0.8755902745812697,1.1347593883989828
571800,3777.745957673878,9999.387096774102,0.0,0.8761635867293676,1.1347593492642598
571860,3777.9049349232337,9999.387096774102,0.0,0.8758303940963323,1.1347588819832397
571920,3778.0154929310056,9999.387096774102,0.0,0.8747732119056274,1.134758720658708
571980,3778.3753554876,9999.387096774102,0.0,0.8739034097494619,1.1347584662333077
572040,3778.231703220366,9999.387096774102,0.0,0.8749789851036585,1.134757546473604
572100,3777.9050924002404,9999.387096774102,0.0,0.8766859155899853,1.1347569590353892
572160,3778.063556707311,9999.387096774102,0.0,0.87565580805353,1.134756626599094
572220,3777.991358225173,9999.387096774102,0.0,0.8757013458734434,1.1347564486238542
572280,3778.262560079213,9999.387096774102,0.0,0.8742371994853131,1.1347565346195012
572340,3778.098596709595,9999.387096774102,0.0,0.8748028239628927,1.1347565108151902
572400,3777.8804964252267,9999.387096774102,0.0,0.8758683605618146,1.134756605594302
572460,3777.849926603415,9999.387096774102,0.0,0.8760616303991741,1.1347566913690001
572520,3778.0505146717837,9999.387096774102,0.0,0.8745026325129652,1.1347570563070717
572580,3778.013697293664,9999.387096774102,0.0,0.8748961446107609,1.1347572194462348
572640,3778.0199986715406,9999.387096774102,0.0,0.8746884979042876,1.1347575442212772
572700,3777.88778419633,9999.387096774102,0.0,0.87545394169984,1.1347576855571124
572760,3777.6360874751044,9999.387096774102,0.0,0.8767409851609362,1.134757880245397
572820,3777.872174768584,9999.387096774102,0.0,0.8753382885477636,1.1347581973372647
572880,3777.91453020371,9999.387096774102,0.0,0.8747842299471051,1.1347584789650218
572940,3777.9895709740113,9999.387096774102,0.0,0.874549728378068,1.1347587748752754
573000,3777.8128795759976,9999.387096774102,0.0,0.8753728917029653,1.1347588883623472
573060,3777.554081282562,9999.387096774102,0.0,0.8768957211811097,1.134759066813301
573120,3778.030425095735,9999.387096774102,0.0,0.8752000586366496,1.1347588770721928
573180,3777.9931141893167,9999.387096774102,0.0,0.8752564678653828,1.1347584680233171
573240,3778.222306665092,9999.387096774102,0.0,0.8741304756142417,1.1347583958785272
573300,3778.1841326290714,9999.387096774102,0.0,0.8753471020668635,1.1347576727261555
573360,3778.0619900340657,9999.387096774102,0.0,0.8759227318757531,1.1347568907614234
573420,3778.1173071816647,9999.387096774102,0.0,0.8751717264640366,1.1347565495011358
573480,3778.1016048006427,9999.387096774102,0.0,0.8754383740963172,1.1347562020331
573540,3778.324663836677,9999.387096774102,0.0,0.8738152217162376,1.1347562737714645
573600,3778.12355208615,9999.387096774102,0.0,0.8750167812502004,1.1347561497299805
573660,3777.811698138887,9999.387096774102,0.0,0.8766279528801763,1.134756182225431
573720,3777.9531319903617,9999.387096774102,0.0,0.8756696239960807,1.1347563598056365
573780,3777.910600851527,9999.387096774102,0.0,0.8755768311935089,1.1347565798807395
573840,3778.1718858441386,9999.387096774102,0.0,0.8742273074422553,1.1347569389680898
573900,3778.007660817964,9999.387096774102,0.0,0.8748403891286909,1.134757109092726
573960,3777.7947877442903,9999.387096774102,0.0,0.8758994931908887,1.1347573420830916
574020,3777.7715738430893,9999.387096774102,0.0,0.8760736182018444,1.1347575255098694
574080,3777.9825822375424,9999.387096774102,0.0,0.8744962424511409,1.1347579483595134
574140,3777.9573937972555,9999.387096774102,0.0,0.874836998737017,1.1347581472561474
574200,3777.948998374425,9999.387096774102,0.0,0.8747442771720533,1.1347584705610712
574260,3777.8225256233254,9999.387096774102,0.0,0.8754924912572414,1.1347586079502021
574320,3777.586154517304,9999.387096774102,0.0,0.8767086024397683,1.1347587870163272
574380,3777.824708916542,9999.387096774102,0.0,0.8753186048784214,1.1347590780782617
574440,3777.8785118002766,9999.387096774102,0.0,0.8747276923739642,1.1347593287793758
574500,3777.9859179977198,9999.387096774102,0.0,0.8747103992400186,1.134759562700322
574560,3777.987374515598,9999.387096774102,0.0,0.8754021464646058,1.1347590971523878
574620,3777.7900966692036,9999.387096774102,0.0,0.8763560184245128,1.1347586724261753
574680,3778.066277562072,9999.387096774102,0.0,0.8747424756476111,1.1347585553541826
574740,3778.299673033831,9999.387096774102,0.0,0.8746860156864428,1.1347578447448863
574800,3778.264015656881,9999.387096774102,0.0,0.8744538066769705,1.1347572376393147
574860,3778.0902351356754,9999.387096774102,0.0,0.8754425557596115,1.134756811001839
574920,3777.994864828275,9999.387096774102,0.0,0.8758785680098271,1.1347564583120742
574980,3778.026284115602,9999.387096774102,0.0,0.8752278062885921,1.1347564568331772
575040,3778.025690428553,9999.387096774102,0.0,0.8753808725831201,1.134756417224515
575100,3778.239776359135,9999.387096774102,0.0,0.8738740048979032,1.134756695560844
575160,3778.0480205579,9999.387096774102,0.0,0.8750445966428843,1.1347567175465718
575220,3777.745408376626,9999.387096774102,0.0,0.8766204202832505,1.1347568465251647
575280,3777.8893461406387,9999.387096774102,0.0,0.8756734136995107,1.1347570894006305
575340,3777.8644952103778,9999.387096774102,0.0,0.8755030410588456,1.1347573507911848
575400,3778.1177339437413,9999.387096774102,0.0,0.8742237551164408,1.1347577213249667
575460,3777.954127761673,9999.387096774102,0.0,0.8748664409782777,1.1347578891923757
575520,3777.745456572396,9999.387096774102,0.0,0.8759205520101404,1.1347581089627308
575580,3777.727120185877,9999.387096774102,0.0,0.8760806379561823,1.1347582743448894
575640,3777.9434585180293,9999.387096774102,0.0,0.8745019832976607,1.1347586688356524
575700,3777.928189491516,9999.387096774102,0.0,0.874793543926965,1.1347588411646647
575760,3777.9102132302164,9999.387096774102,0.0,0.8747765140943432,1.1347591223775326
575820,3777.800269729128,9999.387096774102,0.0,0.8760948435292353,1.1347590222471617
575880,3777.9135143287426,9999.387096774102,0.0,0.8758911412174664,1.1347585326859302
575940,3777.8895925801753,9999.387096774102,0.0,0.875669053521848,1.1347583372641323
576000,3778.511601896183,9999.387096774102,0.0,0.8733304572273963,1.1347581284763857
576060,3778.295469864425,9999.387096774102,0.0,0.8747227277198953,1.1347572025190509
576120,3778.0212330232357,9999.387096774102,0.0,0.8761340833561871,1.1347566545518453
576180,3778.0721833395296,9999.387096774102,0.0,0.8757165226606238,1.1347562825547954
576240,3777.9098288006376,9999.387096774102,0.0,0.8763369412081409,1.134756090896088
576300,3778.21700435895,9999.387096774102,0.0,0.8745587413013827,1.1347561905408143
576360,3778.1561664328706,9999.387096774102,0.0,0.8745093558094325,1.134756246738398
576420,3777.9759897224103,9999.387096774102,0.0,0.8754875206648721,1.1347563654070663
576480,3777.88243328854,9999.387096774102,0.0,0.8759362271276665,1.1347564491859083
576540,3777.9372999277616,9999.387096774102,0.0,0.8752090372240785,1.1347567690602842
576600,3777.9482351154297,9999.387096774102,0.0,0.8753187835073285,1.13475695896595
576660,3778.1471068566507,9999.387096774102,0.0,0.8739410447923629,1.1347573850220725
576720,3777.963390307616,9999.387096774102,0.0,0.8750796412758461,1.1347575201886715
576780,3777.6711904828403,9999.387096774102,0.0,0.8766181479760873,1.1347577194224334
576840,3777.820393707873,9999.387096774102,0.0,0.8756728544116971,1.1347580036011429
576900,3777.8139980435476,9999.387096774102,0.0,0.8754230048802649,1.1347582853506422
576960,3778.0574314573537,9999.387096774102,0.0,0.8742233637891905,1.1347586498124862
577020,3777.894205936057,9999.387096774102,0.0,0.8748996577155728,1.1347588011836443
577080,3777.690654164143,9999.387096774102,0.0,0.8759440672087523,1.134758995934729
577140,3777.6783017450625,9999.387096774102,0.0,0.8760855953702901,1.1347591334484162
577200,3777.8834899058825,9999.387096774102,0.0,0.874634699342717,1.1347594864657955
577260,3778.256906384695,9999.387096774102,0.0,0.8738573036807314,1.1347594071989109
577320,3778.072316490857,9999.387096774102,0.0,0.874774225183588,1.13475888156724
577380,3777.7381609101494,9999.387096774102,0.0,0.8767811627596416,1.1347585842751153
577440,3778.0785554280437,9999.387096774102,0.0,0.8755987521449569,1.1347580877880592
577500,3778.0635948060453,9999.387096774102,0.0,0.8758265048903819,1.1347573028708797
577560,3778.425642792265,9999.387096774102,0.0,0.8734062298488677,1.134757072859241
577620,3778.219397869178,9999.387096774102,0.0,0.8747400395086946,1.1347566258804238
577680,3777.9509137377513,9999.387096774102,0.0,0.8760737313588478,1.1347564395076117
577740,3777.9780879344653,9999.387096774102,0.0,0.8757530459808228,1.1347563896869626
577800,3777.842568322726,9999.387096774102,0.0,0.876242725335424,1.1347564521087632
577860,3778.151488107891,9999.387096774102,0.0,0.8745175808332328,1.1347567168461046
577920,3778.089509313853,9999.387096774102,0.0,0.8745125135071053,1.1347568811499313
577980,3777.906556192778,9999.387096774102,0.0,0.8755212046169871,1.1347570712871502
578040,3777.8177575293985,9999.387096774102,0.0,0.8759667943584732,1.1347572033986744
578100,3777.883654008055,9999.387096774102,0.0,0.8752097223126694,1.1347575469166686
578160,3777.904495964592,9999.387096774102,0.0,0.8752718078184105,1.134757746833185
578220,3778.0929826968477,9999.387096774102,0.0,0.8739849780729632,1.134758156524544
578280,3777.9143922059143,9999.387096774102,0.0,0.8751040662493034,1.1347582762673474
578340,3777.630486556777,9999.387096774102,0.0,0.8766095824320189,1.1347584506423682
578400,3777.781562101735,9999.387096774102,0.0,0.875674663968046,1.134758705425315
578460,3777.788498138972,9999.387096774102,0.0,0.8753678858458768,1.1347589565214895
578520,3778.1901370527917,9999.387096774102,0.0,0.8736879169583357,1.134759286252382
578580,3778.0898462370646,9999.387096774102,0.0,0.8749779272391819,1.1347587783229895
578640,3777.8586096837766,9999.387096774102,0.0,0.8760622105570536,1.1347583640138932
578700,3777.9203510349776,9999.387096774102,0.0,0.8757419900699474,1.1347581623825316
578760,3778.2375387925067,9999.387096774102,0.0,0.8751432532289225,1.1347574359568293
578820,3778.263378261813,9999.387096774102,0.0,0.8745265850164886,1.1347568778777815
578880,3778.224516608042,9999.387096774102,0.0,0.8748833259283344,1.1347565080364377
578940,3778.0655874587997,9999.387096774102,0.0,0.8755475964247701,1.1347561605763805
579000,3777.9580373074878,9999.387096774102,0.0,0.8757350673784887,1.1347561166695583
579060,3777.9737406964305,9999.387096774102,0.0,0.8757646214800596,1.1347560916683486
579120,3778.303475773543,9999.387096774102,0.0,0.873508077185298,1.134756434763145
579180,3778.1132880451228,9999.387096774102,0.0,0.8747404069433234,1.1347564761520872
579240,3777.843085033552,9999.387096774102,0.0,0.8761263392004337,1.134756642782301
579300,3777.883253335549,9999.387096774102,0.0,0.8757762832751208,1.1347568508774375
579360,3777.770710215084,9999.387096774102,0.0,0.8761593049261845,1.134757098925352
579420,3778.078049984841,9999.387096774102,0.0,0.8744767475647605,1.1347574892457926
579480,3778.015238088971,9999.387096774102,0.0,0.8745180465443436,1.1347577337195272
579540,3777.829784369081,9999.387096774102,0.0,0.8755608041779366,1.1347579696882146
579600,3777.747282965994,9999.387096774102,0.0,0.8759977580524319,1.1347581280691745
579660,3777.8255186068195,9999.387096774102,0.0,0.875204228157034,1.1347584771783252
579720,3777.8567554371675,9999.387096774102,0.0,0.8752169502914706,1.1347586726216818
579780,3778.032739209755,9999.387096774102,0.0,0.8740358325094258,1.1347590521250852
579840,3777.8594534794543,9999.387096774102,0.0,0.875135013158666,1.1347591456288522
579900,3777.5850003453183,9999.387096774102,0.0,0.876602401999257,1.1347592858648705
579960,3777.897986692605,9999.387096774102,0.0,0.8751669007356223,1.1347594252401672
580020,3778.0130182736234,9999.387096774102,0.0,0.8752379285402007,1.1347589704309393
580080,3778.1474195924193,9999.387096774102,0.0,0.8740767590654058,1.134758795195738
580140,3778.0104410286895,9999.387096774102,0.0,0.8756994619706098,1.134758426681126
580200,3778.1272499645406,9999.387096774102,0.0,0.8755925551707431,1.134757567569615
580260,3777.8806463247756,9999.387096774102,0.0,0.8767571046802386,1.1347569793002772
580320,3778.180879835332,9999.387096774102,0.0,0.8750212821085781,1.134756713181363
580380,3778.1760221768427,9999.387096774102,0.0,0.8746130870246104,1.1347565320279718
580440,3778.131009711925,9999.387096774102,0.0,0.8749192912746022,1.1347565013483196
580500,3777.9722327082327,9999.387096774102,0.0,0.8756110797666817,1.13475643155939
580560,3777.8848239992813,9999.387096774102,0.0,0.8757344329751752,1.1347565852577834
580620,3777.9101202859097,9999.387096774102,0.0,0.8757307591704659,1.1347566934751048
580680,3778.2330338265974,9999.387096774102,0.0,0.8735500916593312,1.1347571170060733
580740,3778.0512282268587,9999.387096774102,0.0,0.874743995538965,1.134757218693912
580800,3777.7820217596627,9999.387096774102,0.0,0.8761452131010669,1.134757412815588
580860,3777.8263597410537,9999.387096774102,0.0,0.875795145150747,1.134757633345362
580920,3777.7310106232403,9999.387096774102,0.0,0.8760977446307934,1.1347578814768844
580980,3778.0365885999367,9999.387096774102,0.0,0.874449305943528,1.1347582559645477
581040,3777.9735224741826,9999.387096774102,0.0,0.8745220241742564,1.1347584756185947
581100,3777.786857751893,9999.387096774102,0.0,0.8755853323239913,1.1347586802660616
581160,3777.7078718608477,9999.387096774102,0.0,0.8760188858963589,1.1347588078745943
581220,3777.7387984160428,9999.387096774102,0.0,0.8756260916412841,1.134759107339717
581280,3778.230912316316,9999.387096774102,0.0,0.8741125371612198,1.1347590206374323
581340,3778.113179271892,9999.387096774102,0.0,0.874616188938772,1.1347585505713318
581400,3777.8891433080025,9999.387096774102,0.0,0.8760701621238222,1.1347583043395184
581460,3778.074379429171,9999.387096774102,0.0,0.8758047597484774,1.1347577144824192
581520,3778.0447532178464,9999.387096774102,0.0,0.8760567632078766,1.1347569292332629
581580,3778.370596285073,9999.387096774102,0.0,0.8737733134167199,1.1347566875202437
581640,3778.227743255452,9999.387096774102,0.0,0.8747682665830564,1.1347562834848153
581700,3778.095388037455,9999.387096774102,0.0,0.8752957793116133,1.134756179915888
581760,3778.01921389788,9999.387096774102,0.0,0.8756164690752708,1.1347560989170489
581820,3777.7906625012747,9999.387096774102,0.0,0.8766921466893852,1.134756146714571
581880,3778.076849055638,9999.387096774102,0.0,0.8749943280490212,1.134756402249167
581940,3778.0899705820534,9999.387096774102,0.0,0.8745340099624539,1.1347566275390326
582000,3778.0289975461674,9999.387096774102,0.0,0.8749695945682219,1.1347568759960982
582060,3777.8779452269337,9999.387096774102,0.0,0.8756609387258566,1.1347570119016757
582120,3777.8047064785196,9999.387096774102,0.0,0.8757370796652022,1.1347573119538137
582180,3777.8399325839123,9999.387096774102,0.0,0.8756902194056853,1.1347575238704994
582240,3778.1566027314248,9999.387096774102,0.0,0.8735905104896406,1.134758001598615
582300,3777.982276735545,9999.387096774102,0.0,0.8747539608366744,1.1347581391075332
582360,3777.7146948185937,9999.387096774102,0.0,0.8761679542814532,1.1347583407287156
582420,3777.763957563004,9999.387096774102,0.0,0.8758139022216304,1.134758558233907
582480,3777.687539242519,9999.387096774102,0.0,0.8760280698722218,1.1347587935487
582540,3777.991204474187,9999.387096774102,0.0,0.8744166393310308,1.1347591407150295
582600,3777.926459053557,9999.387096774102,0.0,0.8745311783986977,1.1347593247603955
582660,3777.649311036812,9999.387096774102,0.0,0.8764838740813717,1.1347594510246135
582720,3777.9112255660293,9999.387096774102,0.0,0.8757704834601707,1.1347591117812652
582780,3777.8188659981583,9999.387096774102,0.0,0.8761722907760064,1.1347587009732207
582840,3778.3598505837826,9999.387096774102,0.0,0.873108466410843,1.134758715929307
582900,3778.353720031715,9999.387096774102,0.0,0.8744089509054063,1.1347579691200234
582960,3778.161637574841,9999.387096774102,0.0,0.8751456432393165,1.134757230496085
583020,3777.9786081540465,9999.387096774102,0.0,0.8759208776609653,1.1347568000903026
583080,3777.9814560707805,9999.387096774102,0.0,0.8759924469259596,1.1347564604119307
583140,3778.2694722635338,9999.387096774102,0.0,0.8738802991111155,1.1347565570791869
583200,3778.1521821212164,9999.387096774102,0.0,0.8747092760690197,1.134756472452396
583260,3778.0061057044777,9999.387096774102,0.0,0.8753623583438171,1.134756582515289
583320,3777.941787463892,9999.387096774102,0.0,0.8756504278324849,1.1347566538346023
583380,3777.7316517164368,9999.387096774102,0.0,0.8766385811290771,1.1347568060234692
583440,3778.0181158703294,9999.387096774102,0.0,0.874966630258874,1.1347571287207725
583500,3778.039244942553,9999.387096774102,0.0,0.8744961261501764,1.1347573945681741
583560,3777.9687993358925,9999.387096774102,0.0,0.8750007716047793,1.1347576543785878
583620,3777.8217146899296,9999.387096774102,0.0,0.8756971774881211,1.1347577921379293
583680,3777.758354968577,9999.387096774102,0.0,0.8757433187321377,1.134758081752756
583740,3777.801348365229,9999.387096774102,0.0,0.8756596270939013,1.1347582780233694
583800,3778.112679242068,9999.387096774102,0.0,0.873621871288248,1.1347587234320216
583860,3777.943973728884,9999.387096774102,0.0,0.8747602147439262,1.1347588325586424
583920,3777.678592314381,9999.387096774102,0.0,0.876176266755972,1.1347589975099033
583980,3777.8050596781145,9999.387096774102,0.0,0.8758580290334975,1.1347590476798672
584040,3777.964793798271,9999.387096774102,0.0,0.8756198060208646,1.1347585908193378
584100,3778.134381617662,9999.387096774102,0.0,0.8742025367073599,1.1347584490908444
584160,3778.2322523194925,9999.387096774102,0.0,0.8747294274402984,1.1347581371946367
584220,3778.204450788485,9999.387096774102,0.0,0.8752773179172547,1.1347572298836586
584280,3777.8876237895493,9999.387096774102,0.0,0.876893892514558,1.1347566304827066
584340,3778.125826135617,9999.387096774102,0.0,0.8754284388310255,1.134756336245097
584400,3778.102837516248,9999.387096774102,0.0,0.8751352409424984,1.1347561723175705
584460,3778.2474532388514,9999.387096774102,0.0,0.8744118034101492,1.1347562250795744
584520,3778.057042951722,9999.387096774102,0.0,0.8751749450827903,1.1347561791854999
584580,3777.8700400438984,9999.387096774102,0.0,0.8759492551093926,1.1347563046241222
584640,3777.8774223070714,9999.387096774102,0.0,0.8759920350279482,1.1347564169888753
584700,3778.1790551120866,9999.387096774102,0.0,0.8738683630405654,1.134756842254344
584760,3778.0716747607926,9999.387096774102,0.0,0.8746660585608488,1.13475699372026
584820,3777.913426773369,9999.387096774102,0.0,0.8754164578157795,1.1347572582163965
584880,3777.855693029842,9999.387096774102,0.0,0.8756893818288556,1.1347574466526156
584940,3777.666433333813,9999.387096774102,0.0,0.8765788288670805,1.1347576772607153
585000,3777.9548262523786,9999.387096774102,0.0,0.8749311930025144,1.1347580424865653
585060,3777.982631667574,9999.387096774102,0.0,0.8744608612562814,1.134758326639122
585120,3777.9017400972034,9999.387096774102,0.0,0.8750388887914793,1.1347585800627997
585180,3777.759359073826,9999.387096774102,0.0,0.875738335661565,1.1347587057561441
585240,3777.707761225647,9999.387096774102,0.0,0.8757451620969271,1.1347589732698091
585300,3777.759294274344,9999.387096774102,0.0,0.8756217258527685,1.1347591438531126
585360,3778.064075143735,9999.387096774102,0.0,0.8736554475359328,1.1347595470999587
585420,3778.0348488885093,9999.387096774102,0.0,0.8749391358801827,1.1347593943564143
585480,3777.960536575411,9999.387096774102,0.0,0.8754694105086206,1.134758858355142
585540,3777.6789113625036,9999.387096774102,0.0,0.8769653506650449,1.1347585747018463
585600,3778.284261380693,9999.387096774102,0.0,0.8744277804663783,1.1347582519198482
585660,3778.1970991220765,9999.387096774102,0.0,0.8750821035083661,1.134757422959067
585720,3778.272379730958,9999.387096774102,0.0,0.8744514945550581,1.134757055066068
585780,3778.1241743033625,9999.387096774102,0.0,0.8753041297512952,1.134756610237318
585840,3777.8237338708896,9999.387096774102,0.0,0.8768148165956124,1.1347563821660507
585900,3778.0370667462853,9999.387096774102,0.0,0.8754306138933653,1.1347564155679497
585960,3778.040082780247,9999.387096774102,0.0,0.8750213971752576,1.1347565142212668
586020,3778.1697197393187,9999.387096774102,0.0,0.874434228597165,1.13475673216077
586080,3777.9832028366936,9999.387096774102,0.0,0.8752148814095849,1.1347568014690892
586140,3777.8044784569993,9999.387096774102,0.0,0.8759659026797892,1.1347570053876004
586200,3777.81855284373,9999.387096774102,0.0,0.8759831889658443,1.1347571706989574
586260,3778.1232118038374,9999.387096774102,0.0,0.8738797669960071,1.1347576184975776
586320,3778.0251064757144,9999.387096774102,0.0,0.8746360445005674,1.1347577808169256
586380,3777.8596518711483,9999.387096774102,0.0,0.8754482651009342,1.1347580313965842
586440,3777.8055002411306,9999.387096774102,0.0,0.8757174748864556,1.1347582044568207
586500,3777.6314513537627,9999.387096774102,0.0,0.8765342550274688,1.1347584138783093
586560,3777.919911893342,9999.387096774102,0.0,0.8749086143299564,1.1347587491371254
586620,3777.9528247222156,9999.387096774102,0.0,0.8744369666782087,1.1347590001872967
586680,3777.8330553959904,9999.387096774102,0.0,0.8756387316235743,1.1347591816788916
586740,3777.95788155277,9999.387096774102,0.0,0.875660643146307,1.1347587715666563
586800,3777.8040931632927,9999.387096774102,0.0,0.8763898850571393,1.1347583529321237
586860,3778.2503547891524,9999.387096774102,0.0,0.8737976869587574,1.1347583171391116
586920,3778.3886301772977,9999.387096774102,0.0,0.8743529238401463,1.1347575952683513
586980,3778.2518010548342,9999.387096774102,0.0,0.8746982816191408,1.134756913687554
587040,3778.0358570925855,9999.387096774102,0.0,0.8757873098057722,1.1347564733221243
587100,3777.9940942477715,9999.387096774102,0.0,0.8760142180687635,1.1347561320293562
587160,3778.154488281255,9999.387096774102,0.0,0.8746011201286984,1.1347561892109288
587220,3778.105767060022,9999.387096774102,0.0,0.875033736847997,1.1347561440883358
587280,3778.1577697205375,9999.387096774102,0.0,0.8745075052533714,1.1347563621810153
587340,3778.008158889012,9999.387096774102,0.0,0.875356037741901,1.1347564127234033
587400,3777.726264739285,9999.387096774102,0.0,0.876791121981251,1.1347565586252724
587460,3777.9497667278433,9999.387096774102,0.0,0.8754071694807739,1.1347568578375102
587520,3777.9688638010916,9999.387096774102,0.0,0.8749422704421699,1.1347571463200485
587580,3778.0829744867174,9999.387096774102,0.0,0.8744641455821371,1.1347574878324638
587640,3777.900424568282,9999.387096774102,0.0,0.8752641161577749,1.1347576440961091
587700,3777.732748489069,9999.387096774102,0.0,0.8759810747116157,1.134757901633078
587760,3777.754923793779,9999.387096774102,0.0,0.8759685029229487,1.1347580974567508
587820,3778.062694607876,9999.387096774102,0.0,0.8738864069952497,1.1347585488799015
587880,3777.972757669471,9999.387096774102,0.0,0.8746082814027726,1.134758706493733
587940,3777.7994800623956,9999.387096774102,0.0,0.8754879270441137,1.1347589297435068
588000,3777.7499315682853,9999.387096774102,0.0,0.875748571841627,1.1347590768217803
588060,3777.592883443285,9999.387096774102,0.0,0.8764839695829095,1.1347592559268411
588120,3778.1991396831486,9999.387096774102,0.0,0.8734738387774147,1.1347595696997472
588180,3778.1446127427444,9999.387096774102,0.0,0.8745476337740137,1.1347590794534357
588240,3778.015453845078,9999.387096774102,0.0,0.8749597251682112,1.1347587520728426
588300,3777.7887623115994,9999.387096774102,0.0,0.8766331915778948,1.1347584045356995
588360,3778.1053635800754,9999.387096774102,0.0,0.8757287297517578,1.134757628596291
588420,3778.0395629883697,9999.387096774102,0.0,0.8757210672717828,1.1347570776218672
588480,3778.330610954163,9999.387096774102,0.0,0.8742394621353112,1.1347568264980734
588540,3778.1707678996963,9999.387096774102,0.0,0.874742268805732,1.1347565343750172
588600,3777.9474618049985,9999.387096774102,0.0,0.8758163554243683,1.1347564342356982
588660,3777.9038119643023,9999.387096774102,0.0,0.8760511313362636,1.1347563807861314
588720,3778.0840862234045,9999.387096774102,0.0,0.874583721093633,1.1347566431829132
588780,3778.04586214601,9999.387096774102,0.0,0.874977650106502,1.1347567368808198
588840,3778.0838690291844,9999.387096774102,0.0,0.8745604636401507,1.134757035581857
588900,3777.939771310911,9999.387096774102,0.0,0.8753915047289214,1.134757148073428
588960,3777.671904308927,9999.387096774102,0.0,0.8767633579006694,1.1347573294929518
589020,3777.897981320513,9999.387096774102,0.0,0.8753940105430683,1.134757642064176
589080,3777.9296245746855,9999.387096774102,0.0,0.8748843828738719,1.1347579305500404
589140,3778.0330061977784,9999.387096774102,0.0,0.8744826730550351,1.134758252582492
589200,3777.8528767177045,9999.387096774102,0.0,0.8752976200346972,1.1347583866468232
589260,3777.692516631421,9999.387096774102,0.0,0.87599371892227,1.134758616178381
589320,3777.72035850609,9999.387096774102,0.0,0.8759572022735771,1.1347587832123798
589380,3778.027883151148,9999.387096774102,0.0,0.8739059200988839,1.1347591963929482
589440,3778.206467523438,9999.387096774102,0.0,0.8742100067301083,1.1347590901608164
589500,3778.045482826508,9999.387096774102,0.0,0.8750748816420113,1.1347585476263298
589560,3777.694422141745,9999.387096774102,0.0,0.8770880423742048,1.1347582489218555
589620,3778.180019961314,9999.387096774102,0.0,0.8751378547061387,1.134757836230183
589680,3778.141647807481,9999.387096774102,0.0,0.8755155216403822,1.1347570279944503
589740,3778.410798509641,9999.387096774102,0.0,0.8736864991204315,1.1347567542432864
589800,3778.2035374751863,9999.387096774102,0.0,0.8749589751010515,1.1347563000359382
589860,3777.8877725784373,9999.387096774102,0.0,0.8765643626005688,1.1347560892908537
589920,3778.0070554120043,9999.387096774102,0.0,0.8756894378058054,1.1347560898682185
589980,3777.943228020624,9999.387096774102,0.0,0.8757062831697379,1.134756185607044
590040,3778.2218532014112,9999.387096774102,0.0,0.8742352638223069,1.134756465335069
590100,3778.064880449675,9999.387096774102,0.0,0.8747751999760252,1.1347565857039712
590160,3777.8481826725456,9999.387096774102,0.0,0.875853788634525,1.1347567840245687
590220,3777.8143006144333,9999.387096774102,0.0,0.8760657367677175,1.1347569461274611
590280,3778.005190851501,9999.387096774102,0.0,0.8745784946893261,1.1347573586245867
590340,3777.979676106978,9999.387096774102,0.0,0.8749132761743884,1.134757561220244
590400,3778.001757262353,9999.387096774102,0.0,0.8746234962104557,1.134757913137328
590460,3777.8645812676014,9999.387096774102,0.0,0.8754323755225796,1.1347580636151129
590520,3777.6123877336936,9999.387096774102,0.0,0.8767330183057913,1.1347582605416149
590580,3777.841612372918,9999.387096774102,0.0,0.8753753836853766,1.134758570610232
590640,3777.8864409198327,9999.387096774102,0.0,0.8748201691449847,1.134758845610938
590700,3777.9769675813686,9999.387096774102,0.0,0.8745074393651874,1.1347591355205608
590760,3777.7995998826386,9999.387096774102,0.0,0.8753378302148966,1.1347592372710493
590820,3777.53640710592,9999.387096774102,0.0,0.8769038409655224,1.1347593968870304
590880,3777.9990139069496,9999.387096774102,0.0,0.875252930427338,1.1347591961744194
590940,3777.9667312208458,9999.387096774102,0.0,0.8752905584954717,1.1347587882851715
591000,3778.216882894028,9999.387096774102,0.0,0.874042396406155,1.1347587167163857
591060,3778.1694634558203,9999.387096774102,0.0,0.8753068413422753,1.1347579927425964
591120,3778.042480779607,9999.387096774102,0.0,0.8759047354398968,1.1347572167592992
591180,3778.0843752588194,9999.387096774102,0.0,0.8752459117602134,1.1347568687410834
591240,3778.076689991351,9999.387096774102,0.0,0.8754673257127086,1.1347565197656835
591300,3778.3133253153187,9999.387096774102,0.0,0.8737692399774635,1.1347565884983084
591360,3778.112011074364,9999.387096774102,0.0,0.8749852800802077,1.13475645419527
591420,3777.80338869753,9999.387096774102,0.0,0.8765838597637143,1.1347564754442439
591480,3777.9343528972877,9999.387096774102,0.0,0.8756926576214562,1.134756634168811
591540,3777.8882702177593,9999.387096774102,0.0,0.8756326630162041,1.1347568384652873
591600,3778.1593945594036,9999.387096774102,0.0,0.8742260983102549,1.1347571847743296
591660,3778.0027627270924,9999.387096774102,0.0,0.8748004103821584,1.134757345096593
591720,3777.7899606237593,9999.387096774102,0.0,0.8758782382984615,1.1347575616492074
591780,3777.761446061234,9999.387096774102,0.0,0.8760766347075529,1.1347577289396402
591840,3777.959018794499,9999.387096774102,0.0,0.8745826056447357,1.134758130612826
591900,3777.943947543577,9999.387096774102,0.0,0.8748660522215804,1.134758319255161
591960,3777.955417604724,9999.387096774102,0.0,0.8746610571667702,1.1347586370989733
592020,3777.821793826824,9999.387096774102,0.0,0.8754611059874898,1.134758758556707
592080,3777.581286077147,9999.387096774102,0.0,0.8767073141923565,1.134758923205741
592140,3778.0594497788347,9999.387096774102,0.0,0.8743518587044738,1.1347591629937641
592200,3778.0999060237264,9999.387096774102,0.0,0.8748861374073785,1.1347586956629803
592260,3778.1253901177797,9999.387096774102,0.0,0.8743730074074649,1.134758462800246
592320,3777.891276099152,9999.387096774102,0.0,0.8763389582129356,1.1347580913066442
592380,3778.1265353716276,9999.387096774102,0.0,0.8757342087483947,1.1347572642659602
592440,3777.9561374411905,9999.387096774102,0.0,0.8763935689283965,1.1347566893781564
592500,3778.2773744765464,9999.387096774102,0.0,0.8746183029934487,1.1347564425215968
592560,3778.219189104218,9999.387096774102,0.0,0.874516513566198,1.1347562283819053
592620,3778.0521321637134,9999.387096774102,0.0,0.8753996983601614,1.1347561596109814
592680,3777.944817469739,9999.387096774102,0.0,0.8758879083219198,1.134756105312956
592740,3777.9755674737125,9999.387096774102,0.0,0.8752793748973914,1.134756321451377
592800,3777.9827298143928,9999.387096774102,0.0,0.8754022354973664,1.134756441219187
592860,3778.2078197930527,9999.387096774102,0.0,0.8738382977318269,1.1347568392982672
592920,3778.016731394173,9999.387096774102,0.0,0.87501911586892,1.134756948742121
592980,3777.7179308066334,9999.387096774102,0.0,0.8765841823347421,1.1347571399549328
593040,3777.853806547208,9999.387096774102,0.0,0.8756961362400483,1.1347574196933532
593100,3777.8285133905233,9999.387096774102,0.0,0.8755444693085286,1.1347577064373096
593160,3778.0906461512627,9999.387096774102,0.0,0.874218712752579,1.1347580932679795
593220,3777.933834507033,9999.387096774102,0.0,0.874832915595301,1.1347582711771684
593280,3777.7256275664918,9999.387096774102,0.0,0.8759053801229325,1.1347584884001327
593340,3777.7034836482053,9999.387096774102,0.0,0.8760860194677961,1.1347586469587774
593400,3777.90924320822,9999.387096774102,0.0,0.8745790401922421,1.1347590258079818
593460,3777.9045745997055,9999.387096774102,0.0,0.8748130367102304,1.1347591899528278
593520,3777.903218965282,9999.387096774102,0.0,0.874707191924864,1.1347594632305993
593580,3777.787541763131,9999.387096774102,0.0,0.8760671764749334,1.1347593483593337
593640,3777.891913058385,9999.387096774102,0.0,0.8758930405588169,1.1347588565087918
593700,3777.8590737718378,9999.387096774102,0.0,0.875740248328482,1.134758652329374
593760,3778.4878922248554,9999.387096774102,0.0,0.8733345787827163,1.134758439519724
593820,3778.2750241694125,9999.387096774102,0.0,0.874705649279814,1.134757525936039
593880,3778.0115945143893,9999.387096774102,0.0,0.87606149127441,1.1347569841402625
593940,3778.0515554292715,9999.387096774102,0.0,0.8757187825050092,1.1347566043561783
594000,3777.8854966926874,9999.387096774102,0.0,0.8763731717686354,1.1347564044433318
594060,3778.191644403811,9999.387096774102,0.0,0.87459939641738,1.1347564921076576
594120,3778.142513882995,9999.387096774102,0.0,0.8744922061886622,1.1347565426054154
594180,3777.9711012451976,9999.387096774102,0.0,0.8754407008384122,1.134756650016105
594240,3777.871405802051,9999.387096774102,0.0,0.8759189206106603,1.1347567185835494
594300,3777.9125634731954,9999.387096774102,0.0,0.8752823537292335,1.134757017005894
594360,3777.93013490849,9999.387096774102,0.0,0.8753539565372741,1.134757194178364
594420,3778.144769486815,9999.387096774102,0.0,0.8738864596167392,1.1347576111100701
594480,3777.959870949999,9999.387096774102,0.0,0.875043200330463,1.1347577314247468
594540,3777.6689869688666,9999.387096774102,0.0,0.8765791178942588,1.1347579165675394
594600,3777.8073440582198,9999.387096774102,0.0,0.8757000398840485,1.134758181155993
594660,3777.796840112978,9999.387096774102,0.0,0.8754839217661022,1.134758447540817
594720,3778.0521829195372,9999.387096774102,0.0,0.8742144705952926,1.134758801627931
594780,3777.895711277351,9999.387096774102,0.0,0.8748544660287513,1.1347589450329134
594840,3777.575772853541,9999.387096774102,0.0,0.8769122310683598,1.1347590860829035
594900,3777.9542189195713,9999.387096774102,0.0,0.8756338537077263,1.134758816236266
594960,3777.896555170079,9999.387096774102,0.0,0.8758259669523278,1.1347584116086211
595020,3778.3676532267054,9999.387096774102,0.0,0.8732337579462087,1.1347584216098714
595080,3778.302158602925,9999.387096774102,0.0,0.8747805183310025,1.134757663772583
595140,3778.122953558942,9999.387096774102,0.0,0.8755335382038669,1.134756894183397
595200,3778.021834072776,9999.387096774102,0.0,0.8757408306529708,1.1347564961739482
595260,3778.0334519749836,9999.387096774102,0.0,0.8758158042457159,1.1347561607516108
595320,3778.3633730422594,9999.387096774102,0.0,0.8734948216370406,1.1347562843325307
595380,3778.1726045310816,9999.387096774102,0.0,0.874718613406558,1.1347561731198663
595440,3777.911593600903,9999.387096774102,0.0,0.8760365638045707,1.1347562387176224
595500,3777.9372137528158,9999.387096774102,0.0,0.8757573970228061,1.134756362818863
595560,3777.8003035786,9999.387096774102,0.0,0.8762720188748444,1.1347565534645985
595620,3778.108497093715,9999.387096774102,0.0,0.8745502942170774,1.1347569133601385
595680,3778.0582526602566,9999.387096774102,0.0,0.874494019523067,1.134757153389853
595740,3777.8825602681577,9999.387096774102,0.0,0.8754845400485057,1.134757392623883
595800,3777.789384724566,9999.387096774102,0.0,0.8759563692988258,1.1347575551323112
595860,3777.8448358848214,9999.387096774102,0.0,0.875275674729678,1.1347579111660409
595920,3777.873168908974,9999.387096774102,0.0,0.8752978906439546,1.1347581225463523
595980,3778.0750868817295,9999.387096774102,0.0,0.8739410996885886,1.134758537915783
596040,3777.8963798636782,9999.387096774102,0.0,0.8750739736575389,1.1347586537415653
596100,3777.6145476601982,9999.387096774102,0.0,0.8765760463311534,1.134758819943622
596160,3777.756555532293,9999.387096774102,0.0,0.8757007995512804,1.1347590586890566
596220,3777.7621092310205,9999.387096774102,0.0,0.8754150398421899,1.1347592952894212
596280,3778.1823310453833,9999.387096774102,0.0,0.873620305952458,1.134759614983365
596340,3778.0748057865303,9999.387096774102,0.0,0.8749425817269718,1.1347591045408334
596400,3777.844284773141,9999.387096774102,0.0,0.8760274161282697,1.134758688783721
596460,3777.8865545937606,9999.387096774102,0.0,0.8758336431648159,1.1347584726196096
596520,3778.2066120470085,9999.387096774102,0.0,0.8751818481033744,1.1347577519109804
596580,3778.237125617161,9999.387096774102,0.0,0.8745493878895412,1.1347572004552837
596640,3778.21460487987,9999.387096774102,0.0,0.874831082148653,1.13475683444295
596700,3778.051293046125,9999.387096774102,0.0,0.8755172087660698,1.134756481867872
596760,3777.9342232785248,9999.387096774102,0.0,0.8757774683521402,1.1347564241103298
596820,3777.9523810641185,9999.387096774102,0.0,0.875791218069319,1.1347563887874637
596880,3778.285581674704,9999.387096774102,0.0,0.8735184065878318,1.134756719055639
596940,3778.1027097524207,9999.387096774102,0.0,0.874717585321528,1.1347567502843023
597000,3777.8413015605915,9999.387096774102,0.0,0.876057388260016,1.1347569059695364
597060,3777.870387672033,9999.387096774102,0.0,0.875780453524735,1.1347570940810399
597120,3777.752425974034,9999.387096774102,0.0,0.8762056413458824,1.1347573248920144
597180,3778.059507298566,9999.387096774102,0.0,0.8745195700878174,1.1347576982682197
597240,3778.009597104386,9999.387096774102,0.0,0.8744940418619166,1.134757934894722
597300,3777.8315934520206,9999.387096774102,0.0,0.8755123305710648,1.1347581580698047
597360,3777.7423325744558,9999.387096774102,0.0,0.875981494138049,1.1347583010796898
597420,3777.8062658439794,9999.387096774102,0.0,0.8752792045205694,1.1347586297507648
597480,3777.843464277707,9999.387096774102,0.0,0.87525659395094,1.134758814069343
597540,3778.036635919886,9999.387096774102,0.0,0.8739762697522337,1.1347591876010243
597600,3777.922656918228,9999.387096774102,0.0,0.8755655745554953,1.1347590444665097
597660,3777.9392098271214,9999.387096774102,0.0,0.8757278379664016,1.1347585267586695
597720,3777.7552916385334,9999.387096774102,0.0,0.8765494673885939,1.1347582810427863
597780,3778.4352983844183,9999.387096774102,0.0,0.8737369806250376,1.1347580294451878
597840,3778.275478430922,9999.387096774102,0.0,0.8747919075364379,1.1347571528174285
597900,3778.169580420904,9999.387096774102,0.0,0.8752291717008934,1.1347566954194885
597960,3778.1004757216388,9999.387096774102,0.0,0.8755541124792088,1.1347562797100064
598020,3777.846360315851,9999.387096774102,0.0,0.8767625451080223,1.1347560665761627
598080,3778.1203476272904,9999.387096774102,0.0,0.8750732748369735,1.1347561418835834
598140,3778.131389087767,9999.387096774102,0.0,0.874595232618709,1.1347562461785679
598200,3778.097855561107,9999.387096774102,0.0,0.8748792550201318,1.1347564186472785
598260,3777.937795316598,9999.387096774102,0.0,0.8755866219203798,1.1347564939183539
598320,3777.8421747967864,9999.387096774102,0.0,0.8757761085862709,1.1347567505755658
598380,3777.871180225499,9999.387096774102,0.0,0.8757521493982217,1.1347569398257054
598440,3778.1980824619936,9999.387096774102,0.0,0.8735604599598764,1.1347574185789595
598500,3778.02405136828,9999.387096774102,0.0,0.8747218217380177,1.134757560744315
598560,3777.7624921962733,9999.387096774102,0.0,0.8760880668378315,1.134757779994972
598620,3777.7977406034843,9999.387096774102,0.0,0.8758029823897624,1.1347580082781723
598680,3777.7001614480682,9999.387096774102,0.0,0.8761325895673164,1.1347582587714722
598740,3778.005918232185,9999.387096774102,0.0,0.8744836324745289,1.134758629061299
598800,3777.95502870342,9999.387096774102,0.0,0.8744988717329301,1.134758847700619
598860,3777.7745768361556,9999.387096774102,0.0,0.8755459142891597,1.1347590427447265
598920,3777.6902717739376,9999.387096774102,0.0,0.8760085283920844,1.134759156421919
598980,3777.707563202721,9999.387096774102,0.0,0.8757118116640532,1.1347594343945906
599040,3778.198000986089,9999.387096774102,0.0,0.8741695318601489,1.134759338007445
599100,3778.0930506588493,9999.387096774102,0.0,0.8746103434676394,1.1347588739091248
599160,3777.886090878896,9999.387096774102,0.0,0.8759723632187911,1.1347586272171495
599220,3778.050384817986,9999.387096774102,0.0,0.8758167018270481,1.1347580303321265
599280,3778.019936575084,9999.387096774102,0.0,0.8760690214864996,1.1347572523624152
599340,3778.334745902308,9999.387096774102,0.0,0.8738574672866003,1.134757004821066
599400,3778.205234902679,9999.387096774102,0.0,0.8747801090956068,1.1347566026499518
599460,3778.0899993371318,9999.387096774102,0.0,0.8752145306383945,1.1347564986898584
599520,3778.004891962952,9999.387096774102,0.0,0.8756008401666915,1.1347564034633124
599580,3777.772698450153,9999.387096774102,0.0,0.8767076356043133,1.1347564373389643
599640,3778.053622180345,9999.387096774102,0.0,0.8750397189062635,1.134756675569468
599700,3778.072375643111,9999.387096774102,0.0,0.8745546884892047,1.1347568892606532
599760,3778.0278754715105,9999.387096774102,0.0,0.8749127910369402,1.1347571283722464
599820,3777.8719487964913,9999.387096774102,0.0,0.8756277625780805,1.134757249195606
599880,3777.7875396164513,9999.387096774102,0.0,0.8757826655190533,1.1347575285041491
599940,3777.824565285415,9999.387096774102,0.0,0.8757227436508905,1.1347577261167536
600000,3778.1467322153335,9999.387096774102,0.0,0.8735923958917893,1.1347581903291182
600060,3777.97920022598,9999.387096774102,0.0,0.8747247523608622,1.1347583172523963
600120,3777.7187603429816,9999.387096774102,0.0,0.8761012099358786,1.1347585081596478
600180,3777.7564450634354,9999.387096774102,0.0,0.8758204087420076,1.1347587071705174
600240,3777.673605654284,9999.387096774102,0.0,0.8760808735071396,1.134758927159305
600300,3778.2908679052157,9999.387096774102,0.0,0.8731024309220529,1.134759295640411
600360,3778.160109975293,9999.387096774102,0.0,0.8745966610695068,1.1347587766887948
600420,3777.9504420079315,9999.387096774102,0.0,0.8754931746070767,1.1347583979071454
600480,3777.8126438393474,9999.387096774102,0.0,0.8764786169310311,1.134758106793075
600540,3778.1625807813134,9999.387096774102,0.0,0.875547456803009,1.1347573546386023
600600,3778.1595425218557,9999.387096774102,0.0,0.8751179118331802,1.13475680904177
600660,3778.330715545429,9999.387096774102,0.0,0.8743480563724796,1.134756520132757
600720,3778.137605058827,9999.387096774102,0.0,0.8750849492369382,1.1347561927982655
600780,3777.931846773767,9999.387096774102,0.0,0.87594004902364,1.1347561108038988
600840,3777.928308032641,9999.387096774102,0.0,0.8760158828797324,1.1347560790212774
600900,3778.2177305210203,9999.387096774102,0.0,0.8739322707163393,1.134756401491616
600960,3778.1117917287543,9999.387096774102,0.0,0.8747129321830786,1.1347564834785546
601020,3777.979703560764,9999.387096774102,0.0,0.8752932690740826,1.134756718538643
601080,3777.907292013232,9999.387096774102,0.0,0.8756425190874978,1.1347568761157705
601140,3777.6966180619206,9999.387096774102,0.0,0.8766479893051853,1.1347570911404132
601200,3777.979361582635,9999.387096774102,0.0,0.8750043715219824,1.1347574536736456
601260,3778.0076326812523,9999.387096774102,0.0,0.8745064003358609,1.1347577498118966
601320,3777.9504141943394,9999.387096774102,0.0,0.8749537484493141,1.134758029105948
601380,3777.7997172486007,9999.387096774102,0.0,0.8756730147573266,1.1347581734340673
601440,3777.7279461632343,9999.387096774102,0.0,0.8757855450009078,1.1347584576430667
601500,3777.7737964316534,9999.387096774102,0.0,0.8756861598512905,1.134758649424437
601560,3778.0903018213853,9999.387096774102,0.0,0.8736254599585418,1.1347590859322623
601620,3777.9286450537334,9999.387096774102,0.0,0.8747330901723216,1.1347591865436062
601680,3777.6695932063167,9999.387096774102,0.0,0.8761198221889517,1.1347593395308975
601740,3777.776831679827,9999.387096774102,0.0,0.8759152114892702,1.134759369164882
601800,3777.938649879179,9999.387096774102,0.0,0.8756460598670913,1.1347589124654773
601860,3778.1071106598706,9999.387096774102,0.0,0.8742460372227029,1.1347587654789435
601920,3778.230224347382,9999.387096774102,0.0,0.8746299974676892,1.134758455803273
601980,3778.1859025478184,9999.387096774102,0.0,0.8752502585081061,1.1347575538013557
602040,3777.8694788783278,9999.387096774102,0.0,0.8768742429408997,1.1347569569061728
602100,3778.099214104594,9999.387096774102,0.0,0.8754621515802573,1.1347566555465898
602160,3778.0761081199607,9999.387096774102,0.0,0.8751832900556976,1.1347564854717596
602220,3778.236867318462,9999.387096774102,0.0,0.8743754354967755,1.1347565336510843
602280,3778.0471734242665,9999.387096774102,0.0,0.8751358089487272,1.1347564784851403
602340,3777.855264198089,9999.387096774102,0.0,0.8759579696824711,1.1347565872998202
602400,3777.8606166655713,9999.387096774102,0.0,0.876007918331689,1.134756685060711
602460,3778.152372825494,9999.387096774102,0.0,0.8739464988879069,1.1347570899404105
602520,3778.058141320062,9999.387096774102,0.0,0.8746719325281701,1.134757232240141
602580,3777.9161953750613,9999.387096774102,0.0,0.8753329137124938,1.1347574885821237
602640,3777.8485975446965,9999.387096774102,0.0,0.8756735484183282,1.1347576579534335
602700,3777.6540071730255,9999.387096774102,0.0,0.8766024511818641,1.1347578717051707
602760,3777.937293607824,9999.387096774102,0.0,0.8749809242170625,1.1347582189562058
602820,3777.972235368396,9999.387096774102,0.0,0.8744749056197979,1.1347584927715157
602880,3777.9070260511508,9999.387096774102,0.0,0.874978407010799,1.1347587379987216
602940,3777.7591457162107,9999.387096774102,0.0,0.8757039234378312,1.1347588503585757
603000,3777.6008975902987,9999.387096774102,0.0,0.8765314858114858,1.1347590731965111
603060,3778.1089562148504,9999.387096774102,0.0,0.8747674292069272,1.1347589323989231
603120,3778.058988133523,9999.387096774102,0.0,0.8748837160823232,1.1347585084682978
603180,3778.083612547272,9999.387096774102,0.0,0.8749524199377295,1.1347583598751052
603240,3778.1170617013786,9999.387096774102,0.0,0.8756526903551269,1.1347576825834964
603300,3778.0399687226304,9999.387096774102,0.0,0.8760679798647486,1.1347568989375214
603360,3778.2168607543017,9999.387096774102,0.0,0.8746108248086859,1.1347566017461026
603420,3778.1577137345607,9999.387096774102,0.0,0.8751313083467693,1.1347562365143444
603480,3778.2423694863196,9999.387096774102,0.0,0.8743609349216263,1.134756241169478
603540,3778.076353600436,9999.387096774102,0.0,0.8752902270377916,1.1347561270679802
603600,3777.778796790091,9999.387096774102,0.0,0.8768053834437309,1.134756157542789
603660,3777.991808189223,9999.387096774102,0.0,0.8754569217998112,1.1347563708966741
603720,3777.995671333616,9999.387096774102,0.0,0.8750614028020579,1.1347566030306249
603780,3778.1391390162926,9999.387096774102,0.0,0.8744023836974041,1.1347569249553373
603840,3777.953685974293,9999.387096774102,0.0,0.8751854438919436,1.134757068911139
603900,3777.772032323935,9999.387096774102,0.0,0.8759769055586232,1.1347573197726302
603960,3777.785598188652,9999.387096774102,0.0,0.875998042419571,1.1347575177197426
604020,3778.082683005964,9999.387096774102,0.0,0.8739494433876607,1.1347579798538479
604080,3777.9982731494097,9999.387096774102,0.0,0.8746337429889876,1.1347581578416146
604140,3777.8459458101756,9999.387096774102,0.0,0.8753793409187792,1.1347584152715036
604200,3777.7837904973903,9999.387096774102,0.0,0.875708034288637,1.1347585810903764
604260,3777.607122656751,9999.387096774102,0.0,0.8765515753100284,1.134758780808348
604320,3777.891524607148,9999.387096774102,0.0,0.8749508135556341,1.1347591016814749
604380,3777.932483973724,9999.387096774102,0.0,0.8744431382135989,1.134759342838211
604440,3777.833403532387,9999.387096774102,0.0,0.8755331643857459,1.1347595149573937
604500,3777.9390973887453,9999.387096774102,0.0,0.8756473078919486,1.1347590964124394
604560,3777.783275696731,9999.387096774102,0.0,0.8763935084240351,1.1347586753619976
604620,3778.208988491875,9999.387096774102,0.0,0.8739220058668901,1.1347586241422
604680,3778.3599821870403,9999.387096774102,0.0,0.8743760251989596,1.1347579106849572
604740,3778.235032349947,9999.387096774102,0.0,0.8746646434436913,1.1347572409181654
604800,3778.021529712476,9999.387096774102,0.0,0.8757632342403167,1.1347567989637493
604860,3777.9750866147497,9999.387096774102,0.0,0.8760109442952883,1.1347564518627407
604920,3778.122018625191,9999.387096774102,0.0,0.8746863116074083,1.1347564939438803
604980,3778.0838243234534,9999.387096774102,0.0,0.8750613030977068,1.1347564418134786
605040,3778.1544641105006,9999.387096774102,0.0,0.8744306418607258,1.134756654648783
605100,3777.9989794838016,9999.387096774102,0.0,0.8753265112907331,1.1347566891736365
605160,3777.7156042229626,9999.387096774102,0.0,0.87677747103387,1.1347568198497808
605220,3777.930376454302,9999.387096774102,0.0,0.8754460466765293,1.1347570993506095
605280,3777.949137629706,9999.387096774102,0.0,0.87499347178715,1.1347573729323548
605340,3778.0810319366774,9999.387096774102,0.0,0.874420370166745,1.1347577051332927
605400,3777.8981964092695,9999.387096774102,0.0,0.8752207591010005,1.1347578487043595
605460,3777.7240713912174,9999.387096774102,0.0,0.8759914796072836,1.1347580878492192
605520,3777.743531946069,9999.387096774102,0.0,0.8759894307082245,1.1347582687630227
605580,3778.042317918325,9999.387096774102,0.0,0.8739616096334856,1.1347587012962346
605640,3777.966120837412,9999.387096774102,0.0,0.8746072487504287,1.134758851961713
605700,3777.807840223402,9999.387096774102,0.0,0.8754040054184333,1.1347590689614326
605760,3777.7666681955784,9999.387096774102,0.0,0.8761842452298579,1.1347590213701197
605820,3777.9202391789718,9999.387096774102,0.0,0.875861673301335,1.134758549217637
605880,3778.0006379291076,9999.387096774102,0.0,0.8749785446907996,1.134758384997722
605940,3778.4361319865634,9999.387096774102,0.0,0.8737110044024045,1.1347581494355123
606000,3778.2674552342173,9999.387096774102,0.0,0.874902066245578,1.134757218113502
606060,3777.9433336036504,9999.387096774102,0.0,0.8765934235782984,1.1347566355715177
606120,3778.078327385499,9999.387096774102,0.0,0.8756854019220404,1.1347562968355611
606180,3777.9828305591095,9999.387096774102,0.0,0.8758716859728273,1.1347561208632477
606240,3778.2739567551216,9999.387096774102,0.0,0.8742673137484678,1.1347562228297072
606300,3778.1277294479396,9999.387096774102,0.0,0.8747141445999386,1.1347562249477503
606360,3777.9098900736362,9999.387096774102,0.0,0.8758009148354138,1.1347563328615757
606420,3777.865356757873,9999.387096774102,0.0,0.8760489318695677,1.1347564284647873
606480,3778.033698410274,9999.387096774102,0.0,0.8746632756349391,1.1347567955699016
606540,3778.007269282551,9999.387096774102,0.0,0.8749942423971626,1.1347569761497032
606600,3778.060618915677,9999.387096774102,0.0,0.8744994695214219,1.134757338004486
606660,3777.9125737201975,9999.387096774102,0.0,0.8753697425607859,1.134757487316048
606720,3777.6451298095058,9999.387096774102,0.0,0.876750355344321,1.1347576921094418
606780,3777.8641454118047,9999.387096774102,0.0,0.8754287251685553,1.1347580135559596
606840,3777.8979161573975,9999.387096774102,0.0,0.8749213692382167,1.1347583072209138
606900,3778.0162335639325,9999.387096774102,0.0,0.8744444419425265,1.134758631819104
606960,3777.8362887869903,9999.387096774102,0.0,0.8752631076625941,1.1347587609414838
607020,3777.67115030505,9999.387096774102,0.0,0.876005629432625,1.1347589766796422
607080,3777.6975364049504,9999.387096774102,0.0,0.8759761480519256,1.134759130681567
607140,3777.9971096133213,9999.387096774102,0.0,0.8739795833556758,1.134759524270868
607200,3778.195437125885,9999.387096774102,0.0,0.8741580367355812,1.1347594155037153
607260,3778.0298116038616,9999.387096774102,0.0,0.875043689954388,1.1347588736600334
607320,3777.6815400194055,9999.387096774102,0.0,0.8770529858568953,1.1347585692366655
607380,3778.143853241182,9999.387096774102,0.0,0.8752122944549708,1.1347581463008065
607440,3778.113655981407,9999.387096774102,0.0,0.8755445996452775,1.134757348966894
607500,3778.395977601892,9999.387096774102,0.0,0.8736436935254646,1.1347570805833231
607560,3778.18850154296,9999.387096774102,0.0,0.8749302277543004,1.1347566233736226
607620,3777.877309581537,9999.387096774102,0.0,0.8765152494727628,1.1347564072140013
607680,3777.986253292964,9999.387096774102,0.0,0.8757089214578145,1.1347563925514188
607740,3777.918853614006,9999.387096774102,0.0,0.8757595039173042,1.1347564747379297
607800,3778.204990829625,9999.387096774102,0.0,0.8742441922229824,1.1347567420837876
607860,3778.0571378710374,9999.387096774102,0.0,0.8747384468610654,1.134756853932028
607920,3777.841877391192,9999.387096774102,0.0,0.8758289055768387,1.1347570365118764
607980,3777.8026537052874,9999.387096774102,0.0,0.8760655030732996,1.1347571823464793
608040,3777.9798158047424,9999.387096774102,0.0,0.8746645944529783,1.134757573045016
608100,3777.9642297080422,9999.387096774102,0.0,0.8749435120331744,1.1347577645325628
608160,3778.0059407357794,9999.387096774102,0.0,0.8745426521583191,1.134758109915847
608220,3777.8622793587715,9999.387096774102,0.0,0.8754002208567419,1.1347582437776011
608280,3777.606828780913,9999.387096774102,0.0,0.8767259751201881,1.1347584255731606
608340,3777.827174575608,9999.387096774102,0.0,0.8754189380743976,1.1347587174721043
608400,3777.8718815580974,9999.387096774102,0.0,0.8748721399804051,1.13475897988971
608460,3778.052105760779,9999.387096774102,0.0,0.8744553379875024,1.1347592498672054
608520,3778.028201414502,9999.387096774102,0.0,0.8753024291494514,1.1347587730700652
608580,3777.81798952411,9999.387096774102,0.0,0.8763097726478788,1.134758351031644
608640,3778.0462049412645,9999.387096774102,0.0,0.8749748221957049,1.1347582196711514
608700,3778.3025301136986,9999.387096774102,0.0,0.8747967627564143,1.1347575010005329
608760,3778.287109393393,9999.387096774102,0.0,0.8744317975601145,1.1347569062426712
608820,3778.136167167773,9999.387096774102,0.0,0.875317937472623,1.1347564912537327
608880,3778.0247464790805,9999.387096774102,0.0,0.8758095321943367,1.1347561429950208
608940,3778.0204346931446,9999.387096774102,0.0,0.8753607045043384,1.134756138157987
609000,3778.0239387269485,9999.387096774102,0.0,0.8754837647127861,1.1347561104262818
609060,3778.2749727529426,9999.387096774102,0.0,0.8737374380156406,1.1347564193381758
609120,3778.0765742311078,9999.387096774102,0.0,0.8749613601468836,1.1347564533452328
609180,3777.7730343166454,9999.387096774102,0.0,0.8765396883048765,1.134756599330843
609240,3777.8943811542504,9999.387096774102,0.0,0.8757135905062867,1.1347568459816124
609300,3777.848526865738,9999.387096774102,0.0,0.8756695220457644,1.1347571160271563
609360,3778.1267735856445,9999.387096774102,0.0,0.8742284950181225,1.1347575081315335
609420,3777.978159841936,9999.387096774102,0.0,0.8747693256475024,1.1347577018673742
609480,3777.7669034864134,9999.387096774102,0.0,0.8758602779881515,1.1347579338580462
609540,3777.734605666694,9999.387096774102,0.0,0.8760796961423388,1.1347581077593316
609600,3777.92155277223,9999.387096774102,0.0,0.8746592507375474,1.1347585036992636
609660,3777.916972067341,9999.387096774102,0.0,0.8748864171802666,1.1347586913448169
609720,3777.9448333664973,9999.387096774102,0.0,0.874594296552653,1.134759006279598
609780,3777.806162712897,9999.387096774102,0.0,0.8754364088565603,1.1347591139972761
609840,3777.5642611240823,9999.387096774102,0.0,0.8766998617250258,1.1347592636308266
609900,3778.019648306235,9999.387096774102,0.0,0.8744659099295241,1.1347594803031185
609960,3778.073139441366,9999.387096774102,0.0,0.8749133050254654,1.1347590167013328
610020,3778.1119894080316,9999.387096774102,0.0,0.8743328075005916,1.1347587864297497
610080,3777.885589805364,9999.387096774102,0.0,0.8762719806838672,1.1347584094967276
610140,3778.103395247323,9999.387096774102,0.0,0.8757324527134012,1.1347575854853598
610200,3777.9289087407356,9999.387096774102,0.0,0.8764294403633602,1.1347570120867916
610260,3778.2489600131084,9999.387096774102,0.0,0.8746591408236554,1.1347567608234947
610320,3778.2014542468974,9999.387096774102,0.0,0.8745063637712764,1.134756546327527
610380,3778.0446863065363,9999.387096774102,0.0,0.8753518246858569,1.1347564710866522
610440,3777.931553945304,9999.387096774102,0.0,0.8758685829904714,1.1347564044698117
610500,3777.949050177086,9999.387096774102,0.0,0.875349581158864,1.134756600996061
610560,3777.9626444314804,9999.387096774102,0.0,0.8754355694833491,1.1347567089211141
610620,3778.202041564691,9999.387096774102,0.0,0.8737908652062041,1.134757097522958
610680,3778.0107642836815,9999.387096774102,0.0,0.8749844450375353,1.134757192453686
610740,3777.7144873965526,9999.387096774102,0.0,0.8765400908055807,1.1347573696365394
610800,3777.839481720522,9999.387096774102,0.0,0.8757198149493999,1.1347576291520147
610860,3777.809902634653,9999.387096774102,0.0,0.8756036627545944,1.1347578996004841
610920,3778.081894112863,9999.387096774102,0.0,0.8742191216837825,1.1347582742079152
610980,3777.933249916654,9999.387096774102,0.0,0.8747903291855347,1.1347584436651104
611040,3777.7249844519038,9999.387096774102,0.0,0.8758807786445509,1.1347586459686279
611100,3777.696887018257,9999.387096774102,0.0,0.8760890262474589,1.1347587899152298
611160,3777.8632830596575,9999.387096774102,0.0,0.8748602705555473,1.1347591431387851
611220,3778.2835123008285,9999.387096774102,0.0,0.8738365176250837,1.134759073695746
611280,3778.1021407217495,9999.387096774102,0.0,0.8747118611968518,1.1347585573513508
611340,3777.7812202243335,9999.387096774102,0.0,0.8766635351072579,1.1347582726848062
611400,3778.090948804111,9999.387096774102,0.0,0.875668085965452,1.1347577538561198
611460,3778.07314357707,9999.387096774102,0.0,0.8759002364518303,1.1347569635712065
611520,3778.443547033076,9999.387096774102,0.0,0.8734026778058209,1.1347567392149807
611580,3778.2423162888513,9999.387096774102,0.0,0.8747156496166196,1.1347563015982636
611640,3777.9959903302215,9999.387096774102,0.0,0.875911989760843,1.134756137246327
611700,3777.9985162126723,9999.387096774102,0.0,0.8757343047957492,1.134756087889457
611760,3777.8372749619352,9999.387096774102,0.0,0.8763798509030879,1.1347561554541288
611820,3778.1457304471037,9999.387096774102,0.0,0.8746262913143465,1.134756430548544
611880,3778.1059298699624,9999.387096774102,0.0,0.8744818670131554,1.1347566230842239
611940,3777.9426770425216,9999.387096774102,0.0,0.8754028957925271,1.1347568351016266
612000,3777.838452409522,9999.387096774102,0.0,0.8759083568812098,1.1347569783850622
612060,3777.870244571205,9999.387096774102,0.0,0.8753448041460072,1.1347573233678487
612120,3777.895122865591,9999.387096774102,0.0,0.8753786200191945,1.134757537308843
612180,3778.1219753274786,9999.387096774102,0.0,0.8738489976853521,1.1347579786922026
612240,3777.9379405490768,9999.387096774102,0.0,0.875014404626834,1.1347581103166062
612300,3777.6501228894726,9999.387096774102,0.0,0.8765417245718373,1.1347582987529017
612360,3777.7795074764254,9999.387096774102,0.0,0.8757234040053791,1.1347585555414175
612420,3777.7676319107827,9999.387096774102,0.0,0.8755291984861072,1.1347588133039734
612480,3778.0318557544783,9999.387096774102,0.0,0.8742111550314747,1.1347591582461958
612540,3777.882659166604,9999.387096774102,0.0,0.8748181701682134,1.1347592929682604
612600,3777.5671482617554,9999.387096774102,0.0,0.8768656643341061,1.1347594181482377
612660,3777.927086035694,9999.387096774102,0.0,0.8756651009961285,1.1347591374497756
612720,3777.870712982764,9999.387096774102,0.0,0.8758583628523785,1.1347587320502666
612780,3778.351625699441,9999.387096774102,0.0,0.8732063792216392,1.1347587377799015
612840,3778.2877695879683,9999.387096774102,0.0,0.8747352163165134,1.1347579841735267
612900,3778.1059975906874,9999.387096774102,0.0,0.8755008058584951,1.1347572214452817
612960,3777.995480748197,9999.387096774102,0.0,0.8757815881092569,1.1347568178590706
613020,3778.0097853633274,9999.387096774102,0.0,0.8758386160488182,1.1347564788778124
613080,3778.3404830165596,9999.387096774102,0.0,0.8735186223497947,1.134756593199242
613140,3778.1585473118953,9999.387096774102,0.0,0.8747004103125283,1.1347564755990127
613200,3777.9077213300347,9999.387096774102,0.0,0.875964632325448,1.13475653281513
613260,3777.922494293617,9999.387096774102,0.0,0.8757585861247122,1.1347566382730416
613320,3777.780591468707,9999.387096774102,0.0,0.8763133353206146,1.134756812385562
613380,3778.087727872301,9999.387096774102,0.0,0.8745938251869918,1.1347571551137998
613440,3778.0496362606204,9999.387096774102,0.0,0.8744755112837187,1.1347573865238536
613500,3777.882731228249,9999.387096774102,0.0,0.8754344495986245,1.134757612912749
613560,3777.783007488652,9999.387096774102,0.0,0.8759375901575712,1.1347577594575358
613620,3777.8244538730623,9999.387096774102,0.0,0.8753476903446354,1.1347580942360962
613680,3777.858463554985,9999.387096774102,0.0,0.8753363144494124,1.1347582933840563
613740,3778.076342005075,9999.387096774102,0.0,0.8738876364681488,1.1347587010974272
613800,3777.8969271095457,9999.387096774102,0.0,0.8750347601690208,1.134758804013388
613860,3777.615939758931,9999.387096774102,0.0,0.8765362689285685,1.1347589579031054
613920,3777.8878975015314,9999.387096774102,0.0,0.8753429912164801,1.1347590858059693
613980,3778.0154843752657,9999.387096774102,0.0,0.8753419284072523,1.13475863056668
614040,3778.1686649837134,9999.387096774102,0.0,0.8740492745940229,1.1347584724634363
614100,3778.074579065234,9999.387096774102,0.0,0.8754968695083122,1.1347581164837302
614160,3778.1625065745134,9999.387096774102,0.0,0.8755226501047904,1.1347572392972693
614220,3777.8919617231227,9999.387096774102,0.0,0.8768331716971343,1.1347566446478405
614280,3778.1816817278736,9999.387096774102,0.0,0.8751271476279292,1.134756375675136
614340,3778.175999070633,9999.387096774102,0.0,0.8747129299476748,1.1347562056551748
614400,3778.1744605035174,9999.387096774102,0.0,0.8747868629826147,1.1347562027265428
614460,3778.004104162569,9999.387096774102,0.0,0.8755115732383968,1.134756145455517
614520,3777.887821093126,9999.387096774102,0.0,0.8758079282225792,1.134756301439254
614580,3777.9102477336264,9999.387096774102,0.0,0.8758089572024422,1.1347564213210881
614640,3778.2436763226333,9999.387096774102,0.0,0.8735429696224845,1.1347568643132597
614700,3778.070253445047,9999.387096774102,0.0,0.8746983305687542,1.1347569851635895
614760,3777.81741459292,9999.387096774102,0.0,0.8759995764173231,1.1347572037097255
614820,3777.8381504646572,9999.387096774102,0.0,0.8757859175850206,1.1347574279182582
614880,3777.718416317115,9999.387096774102,0.0,0.8762362049013799,1.1347576826080579
614940,3778.025043160491,9999.387096774102,0.0,0.874554473390447,1.1347580679517915
615000,3777.986866501413,9999.387096774102,0.0,0.8744749371631919,1.1347583155862955
615060,3777.8161185722665,9999.387096774102,0.0,0.8754718201784999,1.1347585387209684
615120,3777.7218087013844,9999.387096774102,0.0,0.8759693347463097,1.1347586746424794
615180,3777.7748147613042,9999.387096774102,0.0,0.8753440645074055,1.1347589874743658
615240,3777.818449496542,9999.387096774102,0.0,0.8752861657624449,1.1347591616156985
615300,3778.0252946855403,9999.387096774102,0.0,0.8739325991886228,1.134759525368156
615360,3777.9155589474885,9999.387096774102,0.0,0.8755034616428458,1.134759371995748
615420,3777.920664769818,9999.387096774102,0.0,0.8757127804082063,1.1347588518892562
615480,3777.729663043053,9999.387096774102,0.0,0.8765924786595759,1.1347585975473589
615540,3778.394756807346,9999.387096774102,0.0,0.8738293733185621,1.1347583355403779
615600,3778.2495497347563,9999.387096774102,0.0,0.8748057282419724,1.1347574739621957
615660,3778.161834690186,9999.387096774102,0.0,0.8751443791497864,1.1347570254491792
615720,3778.0833307178473,9999.387096774102,0.0,0.8755374326454058,1.1347566027969198
615780,3777.8267026023022,9999.387096774102,0.0,0.8767704014588101,1.1347563816288375
615840,3778.0948751118503,9999.387096774102,0.0,0.875116427056711,1.134756443160593
615900,3778.110418380852,9999.387096774102,0.0,0.8746219743597443,1.1347565377268398
615960,3778.09393666682,9999.387096774102,0.0,0.8748243666333966,1.1347567024345715
616020,3777.929598900895,9999.387096774102,0.0,0.8755527744259894,1.1347567637076565
616080,3777.823733423414,9999.387096774102,0.0,0.8758171169957311,1.1347570001804943
616140,3777.854264341119,9999.387096774102,0.0,0.8757816720536736,1.134757174900635
616200,3778.1843488370314,9999.387096774102,0.0,0.8735736833567082,1.1347576385645815
616260,3778.0183090589458,9999.387096774102,0.0,0.8746968625234312,1.1347577699414868
616320,3777.7652372200455,9999.387096774102,0.0,0.8760180454363062,1.1347579781565962
616380,3777.7891049387727,9999.387096774102,0.0,0.8758062387886628,1.1347581870856467
616440,3777.685320949604,9999.387096774102,0.0,0.8761813017804632,1.1347584212674136
616500,3777.990583136442,9999.387096774102,0.0,0.874528958213617,1.1347587761289966
616560,3777.9529751174123,9999.387096774102,0.0,0.8744739562759393,1.13475898891651
616620,3777.6994152883535,9999.387096774102,0.0,0.8763314235261852,1.1347591353414697
616680,3777.9356638512468,9999.387096774102,0.0,0.8757616965424128,1.1347587812464774
616740,3777.8262726940916,9999.387096774102,0.0,0.8762517656765818,1.1347583693324368
616800,3778.366307879471,9999.387096774102,0.0,0.8731683829475232,1.1347583851636547
616860,3778.389918363454,9999.387096774102,0.0,0.8743475854634324,1.134757638948806
616920,3778.2015274232817,9999.387096774102,0.0,0.8750297058749459,1.1347569068231378
616980,3778.002429563402,9999.387096774102,0.0,0.8759150820004468,1.1347564727593995
617040,3777.996341043599,9999.387096774102,0.0,0.8760150053823575,1.1347561365416958
617100,3778.259441161799,9999.387096774102,0.0,0.8740264282042584,1.1347562331972219
617160,3778.155739679762,9999.387096774102,0.0,0.8747737083821591,1.134756165859096
617220,3778.0532589432537,9999.387096774102,0.0,0.8751661492750544,1.134756310896044
617280,3777.9669238307206,9999.387096774102,0.0,0.8755900456734487,1.1347563868414847
617340,3777.7345292926548,9999.387096774102,0.0,0.8767119587658065,1.1347565470371388
617400,3778.0102161217656,9999.387096774102,0.0,0.8750768248631479,1.1347568772307484
617460,3778.035734765961,9999.387096774102,0.0,0.8745682962388293,1.134757162221063
617520,3778.0049713709973,9999.387096774102,0.0,0.8748676523345476,1.1347574521658244
617580,3777.8461206954507,9999.387096774102,0.0,0.8756030960492235,1.1347576034379698
617640,3777.7541075683216,9999.387096774102,0.0,0.8758211670974964,1.1347578956939797
617700,3777.7938081302786,9999.387096774102,0.0,0.875746943544981,1.134758102547158
617760,3778.119332083652,9999.387096774102,0.0,0.8736055463406633,1.134758567228711
617820,3777.9600161054123,9999.387096774102,0.0,0.8747006942127374,1.1347586936373202
617880,3777.706939148021,9999.387096774102,0.0,0.8760424784366632,1.1347588783837008
617940,3777.7351076030277,9999.387096774102,0.0,0.8758270602274362,1.1347590614283505
618000,3777.648990222226,9999.387096774102,0.0,0.876118755729109,1.1347592659043213
618060,3778.266598730388,9999.387096774102,0.0,0.8731243597903158,1.1347596176692212
618120,3778.1423249626555,9999.387096774102,0.0,0.8745745078145687,1.1347591015674285
618180,3777.9386605348614,9999.387096774102,0.0,0.8754432536743566,1.134758723324213
618240,3777.789623433952,9999.387096774102,0.0,0.876512117341341,1.134758420239235
618300,3778.1336809599857,9999.387096774102,0.0,0.8755762532882371,1.1347576722673294
618360,3778.1294442021394,9999.387096774102,0.0,0.8751684422247921,1.134757130303748
618420,3778.316085701321,9999.387096774102,0.0,0.8743172541693789,1.1347568441729032
618480,3778.1243808042436,9999.387096774102,0.0,0.875048378117907,1.1347565140150342
618540,3777.9152922309986,9999.387096774102,0.0,0.8759437482352548,1.1347564203167417
618600,3777.9094861109984,9999.387096774102,0.0,0.8760284460376788,1.1347563767503523
618660,3778.1880981181835,9999.387096774102,0.0,0.8740138049738992,1.1347566802829918
618720,3778.0946086528184,9999.387096774102,0.0,0.874725976666904,1.1347567536384342
618780,3777.980181274767,9999.387096774102,0.0,0.8752095845069351,1.1347569815192293
618840,3777.898415761888,9999.387096774102,0.0,0.8756247177581608,1.1347571202234348
618900,3777.683122597966,9999.387096774102,0.0,0.8766657417618218,1.134757318265613
618960,3777.960233380467,9999.387096774102,0.0,0.8750524793211246,1.1347576620114745
619020,3777.9940344728566,9999.387096774102,0.0,0.8745286334681716,1.1347579461677237
619080,3777.953718051585,9999.387096774102,0.0,0.874894520382663,1.1347582168409391
619140,3777.798064846132,9999.387096774102,0.0,0.8756373149795365,1.134758347098833
619200,3777.7148629921467,9999.387096774102,0.0,0.8758287345610161,1.1347586119729274
619260,3777.7615423053135,9999.387096774102,0.0,0.8757211666828706,1.1347587908197065
619320,3778.0829888677076,9999.387096774102,0.0,0.8736318801522014,1.1347592155493844
619380,3778.0939073391055,9999.387096774102,0.0,0.8747566240111516,1.1347590759471309
619440,3777.9969604184084,9999.387096774102,0.0,0.875374107325225,1.1347585366751478
619500,3777.688332410937,9999.387096774102,0.0,0.8770510476516222,1.1347582509272218
619560,3778.277805199944,9999.387096774102,0.0,0.8745907758386083,1.1347579100503926
619620,3778.1998987339316,9999.387096774102,0.0,0.8751920627061263,1.134757079721701
619680,3778.3258012757324,9999.387096774102,0.0,0.8742455754779872,1.134756737026833
619740,3778.1589210658317,9999.387096774102,0.0,0.8752191814277467,1.134756290760627
619800,3777.8469088467373,9999.387096774102,0.0,0.8767957237004861,1.1347560699316204
619860,3778.0406246243538,9999.387096774102,0.0,0.8755059820489574,1.1347561045324688
619920,3778.0289700886588,9999.387096774102,0.0,0.875181609044178,1.1347562128770403
619980,3778.2012183351603,9999.387096774102,0.0,0.8743474597346057,1.134756459647722
620040,3778.01382558846,9999.387096774102,0.0,0.8751056193597332,1.1347565485917288
620100,3777.818938660348,9999.387096774102,0.0,0.875965794143004,1.1347567604911932
620160,3777.823321601922,9999.387096774102,0.0,0.8760209963809698,1.134756936272064
620220,3778.107441772608,9999.387096774102,0.0,0.8740177213911074,1.1347573901357293
620280,3778.026403942896,9999.387096774102,0.0,0.8746747235791409,1.1347575738137352
620340,3777.898541780603,9999.387096774102,0.0,0.875264347041757,1.1347578572884394
620400,3777.8234479493735,9999.387096774102,0.0,0.8756626786089253,1.1347580348954178
620460,3777.626961634649,9999.387096774102,0.0,0.8766147183024912,1.1347582506323555
620520,3777.9058298090404,9999.387096774102,0.0,0.8750217651050299,1.13475859181854
620580,3777.947679313643,9999.387096774102,0.0,0.874487154176562,1.1347588612307982
620640,3777.8962059397018,9999.387096774102,0.0,0.8749285236975719,1.134759100048918
620700,3777.744482916181,9999.387096774102,0.0,0.8756767861240476,1.134759199336405
620760,3777.5768372510365,9999.387096774102,0.0,0.8765770431617763,1.1347594018160585
620820,3778.0757698358275,9999.387096774102,0.0,0.874828414919525,1.1347592503977517
620880,3778.033806044668,9999.387096774102,0.0,0.8749090245303471,1.1347588293000983
620940,3778.0812126415576,9999.387096774102,0.0,0.8748481105237128,1.1347586823221538
621000,3778.099530750605,9999.387096774102,0.0,0.8756293138844716,1.1347580012905238
621060,3778.0182498199774,9999.387096774102,0.0,0.8760626700030966,1.1347572237830101
621120,3778.181009293629,9999.387096774102,0.0,0.8746986183232794,1.1347569197031735
621180,3778.132998380429,9999.387096774102,0.0,0.875158020165951,1.1347565544593496
621240,3778.2352741972873,9999.387096774102,0.0,0.8742894828237897,1.1347565583452242
621300,3778.0644918309727,9999.387096774102,0.0,0.8752608187337194,1.134756431963347
621360,3777.7665508882155,9999.387096774102,0.0,0.8767857268812258,1.1347564497429936
621420,3777.970607847655,9999.387096774102,0.0,0.8754926048455329,1.1347566446110817
621480,3777.9736194001107,9999.387096774102,0.0,0.875113622326118,1.13475686222215
621540,3778.133926253895,9999.387096774102,0.0,0.8743643234770105,1.1347571744682177
621600,3777.949231981396,9999.387096774102,0.0,0.8751430542618647,1.134757305889539
621660,3777.762297035173,9999.387096774102,0.0,0.8759827209211969,1.1347575382237345
621720,3777.7729532677154,9999.387096774102,0.0,0.8760154714086007,1.1347577205214847
621780,3778.06003377173,9999.387096774102,0.0,0.8740281279438616,1.1347581625085394
621840,3777.988648568827,9999.387096774102,0.0,0.8746398912389898,1.1347583320631727
621900,3777.8527741805847,9999.387096774102,0.0,0.8752946179854907,1.1347585827810205
621960,3777.780696404385,9999.387096774102,0.0,0.87569004073014,1.1347587312354561
622020,3777.597973225235,9999.387096774102,0.0,0.8765762149713909,1.134758915742154
622080,3778.188442321065,9999.387096774102,0.0,0.8736375049230951,1.1347592259603634
622140,3778.1528934970083,9999.387096774102,0.0,0.8746130694169314,1.1347587406834068
622200,3778.0590498268784,9999.387096774102,0.0,0.8748062917662276,1.1347584389655931
622260,3777.8180617186863,9999.387096774102,0.0,0.8766185258128352,1.1347580863893942
622320,3778.1256439896006,9999.387096774102,0.0,0.8757448529785864,1.1347572936048804
622380,3778.0323407604606,9999.387096774102,0.0,0.8759033639788045,1.1347567345730019
622440,3778.339751376414,9999.387096774102,0.0,0.8742971775925411,1.134756490336132
622500,3778.2004896714607,9999.387096774102,0.0,0.8746661577924117,1.1347562209078126
622560,3777.981510312921,9999.387096774102,0.0,0.8757382890226858,1.1347561325564637
622620,3777.9233955528757,9999.387096774102,0.0,0.8760283769188997,1.1347560871513107
622680,3778.069638766538,9999.387096774102,0.0,0.8747449157974405,1.1347563499227737
622740,3778.041192588626,9999.387096774102,0.0,0.8750796966039622,1.1347564601602826
622800,3778.126305617685,9999.387096774102,0.0,0.8743719604082996,1.1347567958956413
622860,3777.966950276837,9999.387096774102,0.0,0.8753051794881848,1.1347569170141736
622920,3777.685008392818,9999.387096774102,0.0,0.8767600797118542,1.1347571099095146
622980,3777.892984980387,9999.387096774102,0.0,0.8754780225953261,1.1347574272657652
623040,3777.9135218716933,9999.387096774102,0.0,0.8750311688838047,1.1347577278075731
623100,3778.0596080657815,9999.387096774102,0.0,0.8743867411385441,1.1347580790395948
623160,3777.877880561732,9999.387096774102,0.0,0.8751871690357893,1.1347582307546387
623220,3777.7000280365028,9999.387096774102,0.0,0.8759996499504925,1.1347584659314545
623280,3777.7179290234017,9999.387096774102,0.0,0.8760056981815333,1.134758640746253
623340,3778.0088712545266,9999.387096774102,0.0,0.8740319045168509,1.1347590585717913
623400,3777.9460465853977,9999.387096774102,0.0,0.8746058654524435,1.1347592028690918
623460,3777.8011763830905,9999.387096774102,0.0,0.8753330246686851,1.1347594108055594
623520,3777.747964089912,9999.387096774102,0.0,0.8761902245573763,1.1347593457676983
623580,3777.8965082751097,9999.387096774102,0.0,0.8758752016036805,1.1347588720615471
623640,3777.969259922418,9999.387096774102,0.0,0.8750526513029079,1.1347586998890236
623700,3778.42504443736,9999.387096774102,0.0,0.8736522461597488,1.1347584647824493
623760,3778.248945755709,9999.387096774102,0.0,0.8748745067586371,1.1347575422808
623820,3777.930708223519,9999.387096774102,0.0,0.8765395171539749,1.1347569641066344
623880,3778.0550346769824,9999.387096774102,0.0,0.8757018888485933,1.1347566175632333
623940,3777.9564171637317,9999.387096774102,0.0,0.875919952599458,1.1347564338104743
624000,3778.252215986396,9999.387096774102,0.0,0.8742875050897696,1.1347565261041583
624060,3778.1168578860797,9999.387096774102,0.0,0.8746807842360651,1.1347565228194294
624120,3777.9017971802236,9999.387096774102,0.0,0.8757727443006471,1.1347566170438017
624180,3777.8519105330474,9999.387096774102,0.0,0.8760456286636841,1.1347566973294014
624240,3778.0063799217173,9999.387096774102,0.0,0.8747485730161143,1.1347570428682003
624300,3777.989703923827,9999.387096774102,0.0,0.8750250295576456,1.1347572120796576
624360,3778.062246404429,9999.387096774102,0.0,0.8744216835070038,1.1347575666567145
624420,3777.9084331187737,9999.387096774102,0.0,0.8753371976493253,1.1347576989842212
624480,3777.638691220938,9999.387096774102,0.0,0.8767374833414686,1.1347578881655085
624540,3777.848549618019,9999.387096774102,0.0,0.8754692899351355,1.134758190399804
624600,3777.881511585465,9999.387096774102,0.0,0.874975442519127,1.1347584701391031
624660,3778.0179366464454,9999.387096774102,0.0,0.8744002087733452,1.1347587871700637
624720,3777.8380220062177,9999.387096774102,0.0,0.8752169294146454,1.1347589055588745
624780,3777.5493358235494,9999.387096774102,0.0,0.8769653568857585,1.1347590690834426
624840,3778.0023051756752,9999.387096774102,0.0,0.8753575958857391,1.1347588563348359
624900,3777.963177594068,9999.387096774102,0.0,0.8754309021711231,1.134758450389316
624960,3778.2752848451405,9999.387096774102,0.0,0.8738102232363496,1.1347584078734714
625020,3778.2185598053875,9999.387096774102,0.0,0.8751842599053116,1.1347576701398696
625080,3778.07710348178,9999.387096774102,0.0,0.875825762916001,1.1347568901774872
625140,3778.081782544127,9999.387096774102,0.0,0.875377380170573,1.134756530595513
625200,3778.078903509632,9999.387096774102,0.0,0.8755640106893277,1.1347561883150035
625260,3778.3485004283793,9999.387096774102,0.0,0.8736471137000743,1.1347562824599997
625320,3778.1420491047024,9999.387096774102,0.0,0.8749076219350341,1.134756158546209
625380,3777.8356375066996,9999.387096774102,0.0,0.8764894771309988,1.1347561967819573
625440,3777.943331539701,9999.387096774102,0.0,0.8757237583478855,1.1347563583375702
625500,3777.8747340365167,9999.387096774102,0.0,0.8757996014181328,1.1347565705783038
625560,3778.165808440773,9999.387096774102,0.0,0.8742556604408852,1.1347569364481045
625620,3778.0275434970295,9999.387096774102,0.0,0.8747099660089124,1.134757124675902
625680,3777.8150967737033,9999.387096774102,0.0,0.8758085469216568,1.134757355296777
625740,3777.7722837238825,9999.387096774102,0.0,0.8760662047960723,1.1347575321369794
625800,3777.9387733060485,9999.387096774102,0.0,0.8747406431595678,1.134757935655245
625860,3777.933615601356,9999.387096774102,0.0,0.8749641871572665,1.134758140236441
625920,3777.9913233521775,9999.387096774102,0.0,0.8744790927489379,1.1347584930065446
625980,3777.843380139298,9999.387096774102,0.0,0.8753752371518527,1.134758621220461
626040,3777.5873939964363,9999.387096774102,0.0,0.8767137271917799,1.1347587939149242
626100,3777.8001513392524,9999.387096774102,0.0,0.8754553298955147,1.1347590702077508
626160,3777.846252248316,9999.387096774102,0.0,0.8749128712030672,1.1347593194692962
626220,3778.0503453673573,9999.387096774102,0.0,0.8743566866077814,1.1347595813859772
626280,3778.012620816652,9999.387096774102,0.0,0.8752709575340385,1.134759099169529
626340,3777.8011125886264,9999.387096774102,0.0,0.8762901301051077,1.1347586749336673
626400,3778.0068954261105,9999.387096774102,0.0,0.8750941408988014,1.1347585280567107
626460,3778.27136503249,9999.387096774102,0.0,0.8748354203031663,1.134757816243776
626520,3778.2661984019396,9999.387096774102,0.0,0.874422557472546,1.1347572313723968
626580,3778.1259712011897,9999.387096774102,0.0,0.8752694854380489,1.1347568179450742
626640,3778.008765683702,9999.387096774102,0.0,0.8757888847954356,1.1347564638414038
626700,3777.9920696413747,9999.387096774102,0.0,0.8754264880902615,1.134756444216348
626760,3778.001638315263,9999.387096774102,0.0,0.8755150395501431,1.13475640747573
626820,3778.2654076457093,9999.387096774102,0.0,0.8736977798098339,1.13475670798817
626880,3778.067819331774,9999.387096774102,0.0,0.8749289479580402,1.13475672900536
626940,3777.7680685090677,9999.387096774102,0.0,0.8764907171978549,1.1347568619408703
627000,3777.8785545212872,9999.387096774102,0.0,0.8757337641698463,1.1347570884103162
627060,3777.8283492451683,9999.387096774102,0.0,0.8757263167587378,1.134757341742575
627120,3778.114150999078,9999.387096774102,0.0,0.8742390378486925,1.1347577200198293
627180,3777.9752172615695,9999.387096774102,0.0,0.8747297979557107,1.1347579050745593
627240,3777.7652018527165,9999.387096774102,0.0,0.8758321038604365,1.134758121700544
627300,3777.726923116046,9999.387096774102,0.0,0.8760793461550408,1.1347582800620746
627360,3777.899960838731,9999.387096774102,0.0,0.8747449279955094,1.134758655621388
627420,3777.9045668404246,9999.387096774102,0.0,0.8749194418558768,1.1347588335547283
627480,3777.952466663155,9999.387096774102,0.0,0.8745132813017418,1.1347591441124467
627540,3777.828801560472,9999.387096774102,0.0,0.8759807548604508,1.1347590267761198
627600,3777.917046415744,9999.387096774102,0.0,0.8758666168008216,1.1347585288415596
627660,3777.844542917521,9999.387096774102,0.0,0.8759576582735709,1.134758318368765
627720,3778.513728627799,9999.387096774102,0.0,0.8733220046906205,1.1347581078050009
627780,3778.2986639778374,9999.387096774102,0.0,0.8746932718270991,1.1347571918272612
627840,3778.06221202074,9999.387096774102,0.0,0.8758871118414513,1.1347566655884103
627900,3778.0764006917802,9999.387096774102,0.0,0.8756917978875606,1.1347562797114887
627960,3777.8849347610085,9999.387096774102,0.0,0.8764996599042475,1.1347560810055353
628020,3778.1881303990276,9999.387096774102,0.0,0.8747107674187294,1.1347561755275783
628080,3778.158580610872,9999.387096774102,0.0,0.8744777888142746,1.1347562513197658
628140,3778.0107247912147,9999.387096774102,0.0,0.8753167389604579,1.1347563811784436
628200,3777.8956353998065,9999.387096774102,0.0,0.8758523032527369,1.1347564609396497
628260,3777.9023832120606,9999.387096774102,0.0,0.8754118130468893,1.1347567607977713
628320,3777.9232951645713,9999.387096774102,0.0,0.8754582999197001,1.1347569521302578
628380,3778.1738275703083,9999.387096774102,0.0,0.8737603377385507,1.1347574002838783
628440,3777.984530371198,9999.387096774102,0.0,0.8749572444449284,1.1347575338042972
628500,3777.692346794471,9999.387096774102,0.0,0.8764988586591366,1.1347577351346196
628560,3777.808424284939,9999.387096774102,0.0,0.8757405021611704,1.1347580025899842
628620,3777.7776214278406,9999.387096774102,0.0,0.8756463706187209,1.1347582762131616
628680,3778.0567035530244,9999.387096774102,0.0,0.8742236120720756,1.1347586496143882
628740,3777.916586975668,9999.387096774102,0.0,0.8747564295170206,1.1347588171614438
628800,3777.709636364232,9999.387096774102,0.0,0.8758592540253302,1.1347590079253569
628860,3777.677001508908,9999.387096774102,0.0,0.8760916208883238,1.134759137992429
628920,3777.8297158059777,9999.387096774102,0.0,0.8749568236439985,1.134759469837568
628980,3778.259119363603,9999.387096774102,0.0,0.8738492645627758,1.1347593939603509
629040,3778.0850932314625,9999.387096774102,0.0,0.8746884828438299,1.1347588823891204
629100,3777.775081269974,9999.387096774102,0.0,0.8765859464290983,1.134758594874916
629160,3778.0617037851284,9999.387096774102,0.0,0.8757075755462937,1.1347580673296438
629220,3778.046564036816,9999.387096774102,0.0,0.8759222275906974,1.1347572856269619
629280,3778.415959413689,9999.387096774102,0.0,0.8734367248297942,1.1347570597520042
629340,3778.224260288111,9999.387096774102,0.0,0.8747030016378303,1.1347566230926176
629400,3777.9894452054273,9999.387096774102,0.0,0.875838268594097,1.134756456096856
629460,3777.981645930779,9999.387096774102,0.0,0.8757326399427499,1.134756391762842
629520,3777.815895879274,9999.387096774102,0.0,0.8764159660357796,1.1347564451679133
629580,3778.122574437146,9999.387096774102,0.0,0.8746699555176191,1.1347567041861522
629640,3778.094013952351,9999.387096774102,0.0,0.8744693457298114,1.1347568882442813
629700,3777.940891254019,9999.387096774102,0.0,0.875351648214626,1.1347570881106879
629760,3777.8303826407036,9999.387096774102,0.0,0.8758873479893347,1.1347572153866108
629820,3777.8485871437038,9999.387096774102,0.0,0.8754135439154357,1.134757538723463
629880,3777.8788706073083,9999.387096774102,0.0,0.8754154159341135,1.1347577396074846
629940,3778.1202780761423,9999.387096774102,0.0,0.8738024113274272,1.1347581717517599
630000,3777.936478384528,9999.387096774102,0.0,0.8749768808044831,1.134758289883946
630060,3777.6506648270743,9999.387096774102,0.0,0.876497043928339,1.1347584654128646
630120,3777.7687980601613,9999.387096774102,0.0,0.8757472987834567,1.1347587035164122
630180,3777.7519986975353,9999.387096774102,0.0,0.875590976415148,1.13475894661954
630240,3778.2360530006713,9999.387096774102,0.0,0.8734275860966207,1.1347592956684447
630300,3778.1150118383316,9999.387096774102,0.0,0.8748433704848741,1.1347587797759044
630360,3777.882633062987,9999.387096774102,0.0,0.8759143475124954,1.1347583726039714
630420,3777.877626336362,9999.387096774102,0.0,0.8760162879787934,1.1347581421922353
630480,3778.212033601372,9999.387096774102,0.0,0.8752804655039684,1.1347574098342696
630540,3778.2383190123855,9999.387096774102,0.0,0.8746599793231923,1.1347568592476265
630600,3778.261284395898,9999.387096774102,0.0,0.8746995055605221,1.1347565140841087
630660,3778.0862846859677,9999.387096774102,0.0,0.8754151962376836,1.134756169756054
630720,3777.942021354389,9999.387096774102,0.0,0.8758396834635083,1.134756111792236
630780,3777.956359978131,9999.387096774102,0.0,0.8758617556459984,1.1347560858985393
630840,3778.2945581006097,9999.387096774102,0.0,0.8735348542581927,1.1347564319150358
630900,3778.121466833513,9999.387096774102,0.0,0.874685748714117,1.1347564823489964
630960,3777.880522663101,9999.387096774102,0.0,0.8759006902831692,1.1347566642395308
631020,3777.885756002867,9999.387096774102,0.0,0.8757626619544603,1.1347568563183816
631080,3777.742978435208,9999.387096774102,0.0,0.8763381508353071,1.1347570941702743
631140,3778.049269338514,9999.387096774102,0.0,0.8746284909502864,1.134757478458638
631200,3778.0222639808962,9999.387096774102,0.0,0.8744608830942106,1.1347577430374758
631260,3777.863622109678,9999.387096774102,0.0,0.8753932214495596,1.1347579870882647
631320,3777.7591423626686,9999.387096774102,0.0,0.8759239656540269,1.1347581398363857
631380,3777.7901934541296,9999.387096774102,0.0,0.8754096575219659,1.134758468705195
631440,3777.830448200558,9999.387096774102,0.0,0.8753645528191398,1.1347586647542496
631500,3778.0608413544596,9999.387096774102,0.0,0.8738501501675714,1.1347590672097996
631560,3777.8825008889703,9999.387096774102,0.0,0.8750030181351519,1.134759159072264
631620,3777.603988500477,9999.387096774102,0.0,0.876497920963803,1.1347592994468414
631680,3777.85360567788,9999.387096774102,0.0,0.8754313057775037,1.1347594052926184
631740,3777.988428702346,9999.387096774102,0.0,0.8753724323761225,1.1347589516805
631800,3778.1487544385204,9999.387096774102,0.0,0.874047931385146,1.1347587924709963
631860,3778.073517558426,9999.387096774102,0.0,0.8753978774188826,1.1347584356863447
631920,3778.14253443529,9999.387096774102,0.0,0.8755035455348393,1.1347575623546533
631980,3777.869750994367,9999.387096774102,0.0,0.8768385725047231,1.1347569694451856
632040,3778.1535564499386,9999.387096774102,0.0,0.8751681788167345,1.1347566942632723
632100,3778.151484240845,9999.387096774102,0.0,0.8747448299224021,1.1347565199530205
632160,3778.1672344103185,9999.387096774102,0.0,0.8747348403173373,1.1347565132954223
632220,3777.993402642261,9999.387096774102,0.0,0.8754773308012007,1.1347564449930125
632280,3777.867850673727,9999.387096774102,0.0,0.8758444019407496,1.1347565827689314
632340,3777.891563908697,9999.387096774102,0.0,0.8758352762123932,1.134756689013585
632400,3778.2256956659676,9999.387096774102,0.0,0.8735685074773019,1.1347571160971308
632460,3778.061539135026,9999.387096774102,0.0,0.8746780886298499,1.1347572265838173
632520,3777.8185626721292,9999.387096774102,0.0,0.8759266407287453,1.1347574342169016
632580,3777.8281620548473,9999.387096774102,0.0,0.8757860767234237,1.134757638538101
632640,3777.702543258925,9999.387096774102,0.0,0.8762803565546191,1.1347578761799704
632700,3778.007893165301,9999.387096774102,0.0,0.8746006283483375,1.1347582448526639
632760,3777.982235667258,9999.387096774102,0.0,0.8744555598737334,1.1347584851418164
632820,3777.8203998909953,9999.387096774102,0.0,0.8754186544569899,1.134758697087124
632880,3777.71920965857,9999.387096774102,0.0,0.8759490172608249,1.1347588187114754
632940,3777.6906519897634,9999.387096774102,0.0,0.8759325116025516,1.134759094500338
633000,3778.1953782151563,9999.387096774102,0.0,0.874300974469204,1.134758993848688
633060,3778.105747623263,9999.387096774102,0.0,0.8746436460321204,1.1347585419082844
633120,3777.9440146762977,9999.387096774102,0.0,0.8757594774563011,1.134758320339953
633180,3778.0793617463287,9999.387096774102,0.0,0.8758003711320044,1.1347577021620932
633240,3778.038750583836,9999.387096774102,0.0,0.8760874529105778,1.1347569177918064
633300,3778.326069572092,9999.387096774102,0.0,0.8740124374709841,1.1347566613403306
633360,3778.209735713026,9999.387096774102,0.0,0.8748570889475241,1.1347562704988436
633420,3778.1403586310735,9999.387096774102,0.0,0.8750130238573436,1.1347561989090533
633480,3778.033642960347,9999.387096774102,0.0,0.8755343929691878,1.1347561061644116
633540,3777.7799516986233,9999.387096774102,0.0,0.8767700808792284,1.1347561469432106
633600,3778.048721066236,9999.387096774102,0.0,0.8751465099843319,1.1347563913372458
633660,3778.068022412644,9999.387096774102,0.0,0.8746472548389111,1.1347566224336125
633720,3778.065901478001,9999.387096774102,0.0,0.8747812479004309,1.1347568927242675
633780,3777.8990254375444,9999.387096774102,0.0,0.8755290707685969,1.1347570282305401
633840,3777.7869153342594,9999.387096774102,0.0,0.8758514464167267,1.1347573112263203
633900,3777.81999568343,9999.387096774102,0.0,0.8758033931917852,1.1347575201365254
633960,3778.151425268349,9999.387096774102,0.0,0.8735972540516764,1.1347580024055184
634020,3777.9948549315686,9999.387096774102,0.0,0.8746761192244709,1.13475814835099
634080,3777.7501699825234,9999.387096774102,0.0,0.8759574742139463,1.1347583616904093
634140,3777.7648703484037,9999.387096774102,0.0,0.8758104965780914,1.1347585628377688
634200,3777.6582189471155,9999.387096774102,0.0,0.876215063967469,1.1347587874269915
634260,3777.9627236818674,9999.387096774102,0.0,0.8745667362238793,1.1347591291256214
634320,3777.9370892782067,9999.387096774102,0.0,0.8744541861310655,1.1347593344166884
634380,3777.6975727745457,9999.387096774102,0.0,0.8762418209181002,1.134759468622034
634440,3777.913603821573,9999.387096774102,0.0,0.8757661588466001,1.1347591047163021
634500,3777.80295074455,9999.387096774102,0.0,0.8762699928395599,1.134758690780323
634560,3778.330794500324,9999.387096774102,0.0,0.873254568724719,1.1347586932934681
634620,3778.3697706742423,9999.387096774102,0.0,0.8743285428679222,1.1347579574216005
634680,3778.18555874655,9999.387096774102,0.0,0.8749913122321272,1.1347572345080488
634740,3777.983512137379,9999.387096774102,0.0,0.8759163122445902,1.1347567969659966
634800,3777.975186418943,9999.387096774102,0.0,0.8760239158728115,1.1347564555944682
634860,3778.2268206592853,9999.387096774102,0.0,0.8741099313305418,1.1347565378034399
634920,3778.135516681405,9999.387096774102,0.0,0.874789728722224,1.1347564647529569
634980,3778.051129840103,9999.387096774102,0.0,0.8750827331438499,1.1347566046541038
635040,3777.9559486946346,9999.387096774102,0.0,0.875570633661839,1.134756663132574
635100,3777.7197620598886,9999.387096774102,0.0,0.8767235052987156,1.134756807186088
635160,3777.989330398835,9999.387096774102,0.0,0.8751229340060719,1.1347571184730587
635220,3778.0191868242896,9999.387096774102,0.0,0.8745969652812369,1.134757390621587
635280,3778.0059732586924,9999.387096774102,0.0,0.874810278155053,1.1347576715068328
635340,3777.8427739087088,9999.387096774102,0.0,0.8755664708456105,1.1347578082337437
635400,3777.740160658022,9999.387096774102,0.0,0.8758598694163758,1.1347580805233548
635460,3777.7804145062387,9999.387096774102,0.0,0.8757790063467239,1.1347582733856334
635520,3778.1085623216118,9999.387096774102,0.0,0.873623191539071,1.1347587241393597
635580,3777.9581069922388,9999.387096774102,0.0,0.8746741424168691,1.1347588418718462
635640,3777.7133603462157,9999.387096774102,0.0,0.8759712094931356,1.1347590175032423
635700,3777.7830151014496,9999.387096774102,0.0,0.876010409304044,1.1347590362487128
635760,3777.9475088227973,9999.387096774102,0.0,0.8757144932885228,1.134758576279594
635820,3778.1011832131476,9999.387096774102,0.0,0.8743848241762526,1.13475843165401
635880,3778.2993713494893,9999.387096774102,0.0,0.8743966884336883,1.1347581441563952
635940,3778.224113082163,9999.387096774102,0.0,0.8751615355723781,1.1347572267061479
636000,3777.8967903707417,9999.387096774102,0.0,0.8768513525270604,1.1347566289691482
636060,3778.107122960247,9999.387096774102,0.0,0.8755297141595696,1.1347563221776993
636120,3778.067014251312,9999.387096774102,0.0,0.8753511071499107,1.1347561566598803
636180,3778.26809728729,9999.387096774102,0.0,0.8743038239992836,1.1347562298102951
636240,3778.079973369846,9999.387096774102,0.0,0.8750276918366559,1.134756193750385
636300,3777.8741965021213,9999.387096774102,0.0,0.8759469153101179,1.1347563103392018
636360,3777.8692946327956,9999.387096774102,0.0,0.8760358090045582,1.134756418159237
636420,3778.137460957789,9999.387096774102,0.0,0.8740921890708138,1.1347568280938392
636480,3778.057606688216,9999.387096774102,0.0,0.8747319046619848,1.1347569906154231
636540,3777.9577946633476,9999.387096774102,0.0,0.8751430409003556,1.1347572825355818
636600,3777.8694545353487,9999.387096774102,0.0,0.8756125929574519,1.1347574574304933
636660,3777.653038194509,9999.387096774102,0.0,0.8766728230800096,1.1347576787655234
636720,3777.9253552894297,9999.387096774102,0.0,0.8750917383112542,1.1347580324563082
636780,3777.9650775188193,9999.387096774102,0.0,0.8745463108790613,1.1347583238295322
636840,3777.9391718493716,9999.387096774102,0.0,0.8748463395062944,1.134758597325984
636900,3777.78027510626,9999.387096774102,0.0,0.875609618733871,1.1347587213227186
636960,3777.6889605773413,9999.387096774102,0.0,0.8758650103021637,1.1347589712511374
637020,3777.737255274,9999.387096774102,0.0,0.8757479107157252,1.1347591380832642
637080,3778.061455059084,9999.387096774102,0.0,0.873648843287759,1.1347595477473358
637140,3778.0870211857023,9999.387096774102,0.0,0.8746873046274743,1.1347594030484074
637200,3777.9806880248425,9999.387096774102,0.0,0.8753463050803238,1.1347588626402103
637260,3777.6700017631174,9999.387096774102,0.0,0.8770497294800587,1.1347585696291607
637320,3778.2382457604986,9999.387096774102,0.0,0.8746812509438256,1.1347582180641325
637380,3778.1719749563517,9999.387096774102,0.0,0.8752196303938558,1.1347574004007495
637440,3778.315819741948,9999.387096774102,0.0,0.8741737701705037,1.1347570657065362
637500,3778.14387377228,9999.387096774102,0.0,0.8751907865302557,1.1347566144075294
637560,3777.8327754421857,9999.387096774102,0.0,0.8767694574645555,1.1347563867560393
637620,3778.017384791135,9999.387096774102,0.0,0.8755382287820382,1.1347564064502416
637680,3778.0044449374077,9999.387096774102,0.0,0.8752340819021136,1.1347565023726474
637740,3778.1923370912714,9999.387096774102,0.0,0.8743158516243305,1.1347567403137515
637800,3778.006815560359,9999.387096774102,0.0,0.8750647085542408,1.1347568179176137
637860,3777.807907787756,9999.387096774102,0.0,0.8759670625157684,1.1347570119525745
637920,3777.8092005908065,9999.387096774102,0.0,0.8760349403125334,1.1347571719050977
637980,3778.082417021632,9999.387096774102,0.0,0.8740993092299237,1.1347576048034231
638040,3778.0135103042862,9999.387096774102,0.0,0.8746885135153453,1.1347577787708574
638100,3777.9035618117273,9999.387096774102,0.0,0.8751793396724937,1.1347580552614405
638160,3777.8190181452037,9999.387096774102,0.0,0.8756426084042198,1.134758214747596
638220,3777.6171118007355,9999.387096774102,0.0,0.876633785716252,1.1347584144580687
638280,3777.8899550508772,9999.387096774102,0.0,0.8750721918414875,1.1347587383402538
638340,3777.937093628111,9999.387096774102,0.0,0.8745116643045682,1.1347589975010737
638400,3777.8974148075563,9999.387096774102,0.0,0.8752958013310318,1.1347592026788955
638460,3777.9750292567473,9999.387096774102,0.0,0.8755753802075277,1.134758770518668
638520,3777.8025483666324,9999.387096774102,0.0,0.8764008946182238,1.134758349692145
638580,3778.190198104235,9999.387096774102,0.0,0.8741373218875657,1.1347582869685342
638640,3778.365927459568,9999.387096774102,0.0,0.8744669224054539,1.1347575678096695
638700,3778.268420522948,9999.387096774102,0.0,0.8745837779486181,1.134756914335222
638760,3778.0604910022544,9999.387096774102,0.0,0.8756767340211656,1.13475647704785
638820,3777.9992849668456,9999.387096774102,0.0,0.8759770576078357,1.1347561332715599
638880,3778.110616414626,9999.387096774102,0.0,0.8748460521989149,1.134756171930941
638940,3778.081359838162,9999.387096774102,0.0,0.8751661680289324,1.1347561337759196
639000,3778.1989024304994,9999.387096774102,0.0,0.8742431602025567,1.1347563821758127
639060,3778.028609420785,9999.387096774102,0.0,0.8752391033009369,1.13475642496349
639120,3777.7331204565116,9999.387096774102,0.0,0.8767607106292642,1.134756567897626
639180,3777.928752526821,9999.387096774102,0.0,0.8755229419114137,1.134756852104469
639240,3777.933942061284,9999.387096774102,0.0,0.8751488335809402,1.1347571374100092
639300,3778.107398496771,9999.387096774102,0.0,0.8743357655875119,1.134757498833196
639360,3777.924819733427,9999.387096774102,0.0,0.8751105950263982,1.1347576619813655
639420,3777.7351920207175,9999.387096774102,0.0,0.8759872812042682,1.1347579085033785
639480,3777.7441874641236,9999.387096774102,0.0,0.8760291585277946,1.1347580982497565
639540,3778.0228509095937,9999.387096774102,0.0,0.8741007292549067,1.1347585353858929
639600,3777.9643127061922,9999.387096774102,0.0,0.8746439082728779,1.1347587055718578
639660,3777.8428718601,9999.387096774102,0.0,0.8752239699714165,1.1347589529177604
639720,3777.763046392436,9999.387096774102,0.0,0.8756765806425127,1.1347590863733195
639780,3777.5774114172955,9999.387096774102,0.0,0.8765901159584952,1.134759255335348
639840,3778.1485198323744,9999.387096774102,0.0,0.873748568588276,1.134759542616393
639900,3778.127701098302,9999.387096774102,0.0,0.8746298436217139,1.134759062288544
639960,3778.0475034593305,9999.387096774102,0.0,0.8747550027189838,1.1347587638918475
640020,3777.8061210912633,9999.387096774102,0.0,0.8765890814423609,1.1347584029285256
640080,3778.099991907118,9999.387096774102,0.0,0.875756618719114,1.1347576133288826
640140,3778.002799977374,9999.387096774102,0.0,0.8759526780428071,1.1347570562529707
640200,3778.312975891827,9999.387096774102,0.0,0.8743276350415043,1.1347568091930988
640260,3778.185837935615,9999.387096774102,0.0,0.8746379565796988,1.1347565407958682
640320,3777.9712675738165,9999.387096774102,0.0,0.8757069649083181,1.134756443623323
640380,3777.907845063724,9999.387096774102,0.0,0.8760222658914484,1.1347563857539096
640440,3778.040172807938,9999.387096774102,0.0,0.8748291399467338,1.1347566286614357
640500,3778.0213607177684,9999.387096774102,0.0,0.8751103914009157,1.1347567284296678
640560,3778.1250042149363,9999.387096774102,0.0,0.8742980653157605,1.134757056898273
640620,3777.9606754229812,9999.387096774102,0.0,0.875272645275306,1.134757161311221
640680,3777.677472078166,9999.387096774102,0.0,0.8767413477140941,1.1347573385910898
640740,3777.8760573091363,9999.387096774102,0.0,0.8755154263299343,1.1347576360304295
640800,3777.8952048228343,9999.387096774102,0.0,0.8750865388198098,1.134757921560606
640860,3778.0584969109236,9999.387096774102,0.0,0.874348153101833,1.1347582638136988
640920,3777.877822143903,9999.387096774102,0.0,0.8751418071493974,1.1347584041995467
640980,3777.6944646776274,9999.387096774102,0.0,0.8760023339586134,1.1347586223044528
641040,3777.7086275519755,9999.387096774102,0.0,0.8760242511496384,1.134758782914335
641100,3777.9843936988673,9999.387096774102,0.0,0.8741489654007165,1.1347591813863396
641160,3778.2437114199506,9999.387096774102,0.0,0.8740279455721146,1.1347590910925882
641220,3778.0653138585576,9999.387096774102,0.0,0.8749507673987507,1.1347585518939052
641280,3777.7110612059037,9999.387096774102,0.0,0.8770186829823602,1.1347582529223474
641340,3778.146050604601,9999.387096774102,0.0,0.8753334668121775,1.1347578084596153
641400,3778.118505324718,9999.387096774102,0.0,0.8756453849772029,1.1347570071681532
641460,3778.4342853800763,9999.387096774102,0.0,0.8735211646235687,1.1347567557810971
641520,3778.219841805772,9999.387096774102,0.0,0.8748614388342449,1.1347563026826886
641580,3777.91466438704,9999.387096774102,0.0,0.8764050932701956,1.1347561014420364
641640,3777.9995366774087,9999.387096774102,0.0,0.8757303956278901,1.134756086926935
641700,3777.90809107286,9999.387096774102,0.0,0.8759263759436575,1.134756174954885
641760,3778.2083543935933,9999.387096774102,0.0,0.8743020196535933,1.134756458436619
641820,3778.082606580779,9999.387096774102,0.0,0.8746564534543958,1.1347565995497129
641880,3777.870929015275,9999.387096774102,0.0,0.875749832623541,1.134756797587752
641940,3777.817071812108,9999.387096774102,0.0,0.8760454383482971,1.1347569536115223
642000,3777.9615834387287,9999.387096774102,0.0,0.8748225420035594,1.134757346293432
642060,3777.955181604119,9999.387096774102,0.0,0.8750456505884883,1.1347575541675567
642120,3778.043146083909,9999.387096774102,0.0,0.8743618858349302,1.134757935393524
642180,3777.8858357220684,9999.387096774102,0.0,0.8753122558130032,1.134758077401684
642240,3777.616474676253,9999.387096774102,0.0,0.8767205057251073,1.1347582690533544
642300,3777.8186565703054,9999.387096774102,0.0,0.8755031402603259,1.134758563954823
642360,3777.852681239577,9999.387096774102,0.0,0.8750168094825862,1.1347588363570025
642420,3778.003711167051,9999.387096774102,0.0,0.8743658132976665,1.1347591468788432
642480,3777.825063547647,9999.387096774102,0.0,0.8751800343247882,1.1347592543003406
642540,3777.534467989272,9999.387096774102,0.0,0.8769567256799994,1.1347593997906928
642600,3777.972008746447,9999.387096774102,0.0,0.8754049750190068,1.134759176021971
642660,3777.9367032245077,9999.387096774102,0.0,0.8754660822437216,1.1347587705953661
642720,3778.267520149908,9999.387096774102,0.0,0.8737353435692272,1.134758727628795
642780,3778.204506699262,9999.387096774102,0.0,0.8751397869421295,1.1347579904769258
642840,3778.058464818591,9999.387096774102,0.0,0.8758027479826369,1.1347572166156399
642900,3778.050601670523,9999.387096774102,0.0,0.8754428744959505,1.1347568505173062
642960,3778.0541928743714,9999.387096774102,0.0,0.8755921589027705,1.1347565060901326
643020,3778.3344334237627,9999.387096774102,0.0,0.8736175900611238,1.1347565957451438
643080,3778.13016705353,9999.387096774102,0.0,0.8748778355915714,1.1347564626050626
643140,3777.828852769314,9999.387096774102,0.0,0.8764358666524421,1.1347564903557739
643200,3777.9257325941417,9999.387096774102,0.0,0.8757405022164799,1.13475663302423
643260,3777.8528623695865,9999.387096774102,0.0,0.8758532086751476,1.1347568291353891
643320,3778.1489163852716,9999.387096774102,0.0,0.8742772050893239,1.1347571801744576
643380,3778.0219553382085,9999.387096774102,0.0,0.8746739388806472,1.1347573600216616
643440,3777.812085271596,9999.387096774102,0.0,0.875777054524745,1.1347575752118912
643500,3777.7632936602417,9999.387096774102,0.0,0.8760626426155604,1.1347577358511098
643560,3777.9156886259366,9999.387096774102,0.0,0.874825409329028,1.1347581180087374
643620,3777.919475616886,9999.387096774102,0.0,0.8749979796709009,1.1347583117417144
643680,3777.9968179661923,9999.387096774102,0.0,0.8744010340394006,1.134758658805449
643740,3777.8433382962126,9999.387096774102,0.0,0.8753398396658478,1.1347587718698129
643800,3777.5844361786276,9999.387096774102,0.0,0.8767007570019617,1.134758930659731
643860,3778.0040694377703,9999.387096774102,0.0,0.8746658064163862,1.1347591376828903
643920,3778.0744923364796,9999.387096774102,0.0,0.8750217658251676,1.1347586757324193
643980,3778.1466378444684,9999.387096774102,0.0,0.874227927262833,1.13475846959431
644040,3777.9379493624388,9999.387096774102,0.0,0.8761339000986209,1.1347580971966689
644100,3778.133419105627,9999.387096774102,0.0,0.8756930296418383,1.1347572549071359
644160,3777.9305197442695,9999.387096774102,0.0,0.8765633941418437,1.134756673214561
644220,3778.2481958632993,9999.387096774102,0.0,0.8747720992392007,1.1347564217809907
644280,3778.216303423238,9999.387096774102,0.0,0.8745153867904244,1.1347562263049202
644340,3778.0878662696496,9999.387096774102,0.0,0.8752230378165596,1.1347561726751874
644400,3777.9595333393377,9999.387096774102,0.0,0.8757940352471628,1.1347561158353203
644460,3777.9424552526307,9999.387096774102,0.0,0.8754728393280806,1.1347563126121298
644520,3777.9587800009103,9999.387096774102,0.0,0.8755361982333864,1.1347564339769511
644580,3778.2310694508183,9999.387096774102,0.0,0.87367650290067,1.1347568524486196
644640,3778.036493605877,9999.387096774102,0.0,0.8749036110485102,1.1347569614562094
644700,3777.741813349784,9999.387096774102,0.0,0.8764471091304253,1.1347571567402555
644760,3777.8439524699024,9999.387096774102,0.0,0.8757516536743595,1.1347574197591987
644820,3777.7926877439745,9999.387096774102,0.0,0.8757662410488851,1.1347576979053622
644880,3778.0836168351752,9999.387096774102,0.0,0.8742518644760396,1.1347580907210741
644940,3777.9545381855864,9999.387096774102,0.0,0.8746985925557189,1.1347582868367936
645000,3777.7469401831995,9999.387096774102,0.0,0.8758080333428051,1.1347585016112318
645060,3777.704208086658,9999.387096774102,0.0,0.8760795615063355,1.1347586529670213
645120,3777.8661664050437,9999.387096774102,0.0,0.8748206621062016,1.1347590126957185
645180,3777.880278583218,9999.387096774102,0.0,0.8749434933086392,1.1347591818529934
645240,3777.9446981710757,9999.387096774102,0.0,0.8744484750300665,1.134759484267518
645300,3777.8181996056046,9999.387096774102,0.0,0.8759406417744502,1.134759353464936
645360,3777.8963880440074,9999.387096774102,0.0,0.8758633110900338,1.1347588530808987
645420,3777.815111544909,9999.387096774102,0.0,0.8760228975539747,1.1347586337432267
645480,3778.482882840596,9999.387096774102,0.0,0.8733626747616798,1.1347584164353934
645540,3778.2767730807323,9999.387096774102,0.0,0.8746841052669186,1.1347575146390634
645600,3778.053484359355,9999.387096774102,0.0,0.8758087646592907,1.1347569954609324
645660,3778.056893457963,9999.387096774102,0.0,0.8756880057418268,1.1347566019448876
645720,3777.86183651951,9999.387096774102,0.0,0.8765284882627392,1.1347563949426818
645780,3778.1624351328387,9999.387096774102,0.0,0.874753878069266,1.134756476884402
645840,3778.1430962971926,9999.387096774102,0.0,0.8744713381025578,1.1347565460246527
645900,3778.006638288294,9999.387096774102,0.0,0.8752648400762152,1.1347566657420813
645960,3777.885566591195,9999.387096774102,0.0,0.8758294148182144,1.1347567305160438
646020,3777.8792869783124,9999.387096774102,0.0,0.875476920702387,1.1347570091756956
646080,3777.905334516401,9999.387096774102,0.0,0.8754930989297822,1.1347571872051887
646140,3778.1688413004167,9999.387096774102,0.0,0.8737214427935587,1.1347576248684488
646200,3777.9807775300646,9999.387096774102,0.0,0.8749218638682323,1.1347577446255321
646260,3777.6918137998196,9999.387096774102,0.0,0.8764494342873577,1.1347579326726254
646320,3777.796643204376,9999.387096774102,0.0,0.8757608786208169,1.1347581805093223
646380,3777.760789663438,9999.387096774102,0.0,0.875706018309072,1.134758438350534
646440,3778.047176607533,9999.387096774102,0.0,0.8742369360648413,1.1347587994135784
646500,3777.917470669718,9999.387096774102,0.0,0.8747147148118559,1.1347589604315458
646560,3777.6028331183365,9999.387096774102,0.0,0.8767975762594529,1.1347590980595725
646620,3777.942250544205,9999.387096774102,0.0,0.8757065149921057,1.1347588029812994
646680,3777.871575461005,9999.387096774102,0.0,0.8759761701991784,1.1347583969647845
646740,3778.3874281054573,9999.387096774102,0.0,0.873098289213324,1.1347584190147526
646800,3778.335017809741,9999.387096774102,0.0,0.8746194727458727,1.1347576592975472
646860,3778.1457527548027,9999.387096774102,0.0,0.8753881443166871,1.134756897551861
646920,3778.0075176134164,9999.387096774102,0.0,0.8758377070650262,1.1347564859646735
646980,3778.0184669345335,9999.387096774102,0.0,0.8758980722883205,1.134756151436554
647040,3778.347047642014,9999.387096774102,0.0,0.8735648929643236,1.1347562750120703
647100,3778.17691097623,9999.387096774102,0.0,0.874684463854912,1.1347561752574993
647160,3777.9510390182036,9999.387096774102,0.0,0.875796861173861,1.1347562593104472
647220,3777.9416735436107,9999.387096774102,0.0,0.8757323145393224,1.134756368005516
647280,3777.774720311516,9999.387096774102,0.0,0.876438690447116,1.1347565489811262
647340,3778.07921451991,9999.387096774102,0.0,0.8747053557523398,1.1347569021513935
647400,3778.06152972047,9999.387096774102,0.0,0.874458123533766,1.1347571608713347
647460,3777.91763082859,9999.387096774102,0.0,0.875310318363153,1.1347574103487494
647520,3777.802837815956,9999.387096774102,0.0,0.8758722899242344,1.1347575679171658
647580,3777.8111750816015,9999.387096774102,0.0,0.8754725360105183,1.1347579038011832
647640,3777.8475340191417,9999.387096774102,0.0,0.8754420255639129,1.134758115457667
647700,3778.100180192729,9999.387096774102,0.0,0.8737717558064422,1.1347585520723054
647760,3777.9184579847806,9999.387096774102,0.0,0.8749467109777217,1.134758667189131
647820,3777.6361116406583,9999.387096774102,0.0,0.8764550452904278,1.1347588350642588
647880,3777.744827090517,9999.387096774102,0.0,0.8757680069278212,1.1347590570633026
647940,3777.7258297572066,9999.387096774102,0.0,0.8756373593423162,1.1347592852584059
648000,3778.224339502902,9999.387096774102,0.0,0.8733808730741996,1.1347596227507362
648060,3778.0996327619996,9999.387096774102,0.0,0.8748093835311933,1.1347591057981752
648120,3777.86924360971,9999.387096774102,0.0,0.8758739906365763,1.1347586976574027
648180,3777.846824805699,9999.387096774102,0.0,0.876092136009456,1.1347584533514767
648240,3778.1815342295913,9999.387096774102,0.0,0.8753171685191765,1.1347577262219315
648300,3778.21037632918,9999.387096774102,0.0,0.8746946344871176,1.1347571812167712
648360,3778.2506538670686,9999.387096774102,0.0,0.8746500155596064,1.134756840046445
648420,3778.072510182581,9999.387096774102,0.0,0.8753818002779009,1.1347564911285422
648480,3777.920360083478,9999.387096774102,0.0,0.8758707612031266,1.134756419866184
648540,3777.935637622644,9999.387096774102,0.0,0.8758849092942332,1.1347563831499627
648600,3778.2719556626457,9999.387096774102,0.0,0.8735734979682654,1.1347567138584942
648660,3778.1094413417936,9999.387096774102,0.0,0.8746707098085758,1.1347567555269809
648720,3777.879749992936,9999.387096774102,0.0,0.875825305204731,1.1347569275136062
648780,3777.874156482409,9999.387096774102,0.0,0.875759909144257,1.1347570998359038
648840,3777.7259202798477,9999.387096774102,0.0,0.8763772964662477,1.134757320406161
648900,3778.0301947648973,9999.387096774102,0.0,0.8746749262672476,1.1347576871304703
648960,3778.0147904181918,9999.387096774102,0.0,0.8744474902010172,1.1347579430245187
649020,3777.8663824912032,9999.387096774102,0.0,0.875338889129398,1.1347581754762823
649080,3777.7552914315215,9999.387096774102,0.0,0.8759012533843643,1.134758313104076
649140,3777.772516811617,9999.387096774102,0.0,0.8754767332328142,1.1347586217285648
649200,3777.817213305096,9999.387096774102,0.0,0.8754043673028382,1.134758806073368
649260,3778.0621644597263,9999.387096774102,0.0,0.8738056342255391,1.134759201262595
649320,3777.9714382331817,9999.387096774102,0.0,0.875339350702668,1.134759053908095
649380,3777.953887820925,9999.387096774102,0.0,0.8756377305016801,1.134758528439834
649440,3777.7267259244813,9999.387096774102,0.0,0.8767491336944769,1.1347582688580682
649500,3778.388728754752,9999.387096774102,0.0,0.8739865192415585,1.1347579927814913
649560,3778.2555278796303,9999.387096774102,0.0,0.8748932931267891,1.1347571318245626
649620,3778.2177334257867,9999.387096774102,0.0,0.8749296031395544,1.1347567087397314
649680,3778.1158064987867,9999.387096774102,0.0,0.8754665917846944,1.134756282037756
649740,3777.8393578373925,9999.387096774102,0.0,0.8768170091263208,1.134756064527869
649800,3778.093443076934,9999.387096774102,0.0,0.8752186865072173,1.1347561290124217
649860,3778.1059914811076,9999.387096774102,0.0,0.8747325338785499,1.1347562380198513
649920,3778.133838048984,9999.387096774102,0.0,0.8746957520936637,1.1347564334142017
649980,3777.959447136765,9999.387096774102,0.0,0.8754502525954586,1.134756509766494
650040,3777.8270852459646,9999.387096774102,0.0,0.8758761619937386,1.1347567504652132
650100,3777.8530006245783,9999.387096774102,0.0,0.875854878024307,1.13475693678178
650160,3778.186905379104,9999.387096774102,0.0,0.8736020751496284,1.134757416749336
650220,3778.033435915132,9999.387096774102,0.0,0.8746609507101595,1.1347575686906828
650280,3777.7998671451123,9999.387096774102,0.0,0.8758644145125462,1.1347578019793327
650340,3777.8006172445866,9999.387096774102,0.0,0.875788167526349,1.1347580141026505
650400,3777.6726560019983,9999.387096774102,0.0,0.8763095831251452,1.1347582538993486
650460,3777.97668974471,9999.387096774102,0.0,0.8746385775581693,1.1347586177598041
650520,3777.9623953628025,9999.387096774102,0.0,0.8744402799404174,1.134758856354914
650580,3777.808973293628,9999.387096774102,0.0,0.8753739190590274,1.1347590596031534
650640,3777.702560811261,9999.387096774102,0.0,0.8759332379885774,1.1347591674318345
650700,3777.661191336986,9999.387096774102,0.0,0.876008649263435,1.1347594219218067
650760,3778.1619699816806,9999.387096774102,0.0,0.8743614344738545,1.134759311264145
650820,3778.083647384918,9999.387096774102,0.0,0.8746490362986715,1.1347588642157898
650880,3777.9416840722015,9999.387096774102,0.0,0.875656588367703,1.1347586432863126
650940,3778.0575008827786,9999.387096774102,0.0,0.8758008669367476,1.1347580189569777
651000,3778.0148155961047,9999.387096774102,0.0,0.8760947498835719,1.1347572414249314
651060,3778.289588970638,9999.387096774102,0.0,0.8741011169708609,1.1347569786563003
651120,3778.186307244645,9999.387096774102,0.0,0.8748749569231913,1.1347565891723774
651180,3778.134923570853,9999.387096774102,0.0,0.8749318671938666,1.1347565174089498
651240,3778.0202445679106,9999.387096774102,0.0,0.8755136453680763,1.134756410908453
651300,3777.763643970208,9999.387096774102,0.0,0.8767754432985176,1.134756438025778
651360,3778.0258736648852,9999.387096774102,0.0,0.8751903038131413,1.1347566646870186
651420,3778.048511530288,9999.387096774102,0.0,0.874681105039508,1.1347568831515815
651480,3778.0642416048113,9999.387096774102,0.0,0.8747263944562897,1.1347571445089395
651540,3777.893703732044,9999.387096774102,0.0,0.8754919041562356,1.1347572655376676
651600,3777.7719231195147,9999.387096774102,0.0,0.8758855453323856,1.1347575283478315
651660,3777.8052928923066,9999.387096774102,0.0,0.8758323317095972,1.1347577224859227
651720,3778.1368784819897,9999.387096774102,0.0,0.8736269894394212,1.134758188786041
651780,3777.9903921835466,9999.387096774102,0.0,0.8746543100602258,1.1347583255756335
651840,3777.7553976812324,9999.387096774102,0.0,0.8758833400107459,1.1347585292936477
651900,3777.7587445822114,9999.387096774102,0.0,0.8758093704230018,1.1347587121761555
651960,3777.645479798543,9999.387096774102,0.0,0.8762609942832607,1.1347589213447242
652020,3778.2837547317295,9999.387096774102,0.0,0.8731309310071217,1.1347592834007256
652080,3778.1693177345383,9999.387096774102,0.0,0.8745425532944122,1.1347587708523954
652140,3777.9826688925173,9999.387096774102,0.0,0.8752911311014885,1.134758410136021
652200,3777.8017060444536,9999.387096774102,0.0,0.8765878504087437,1.1347580969880617
652260,3778.146971195967,9999.387096774102,0.0,0.8756316346335817,1.1347573340271462
652320,3778.121355875384,9999.387096774102,0.0,0.8753493642718113,1.1347567863462433
652380,3778.347879413358,9999.387096774102,0.0,0.8742597096808612,1.1347565172028338
652440,3778.158912388278,9999.387096774102,0.0,0.8749459934752194,1.1347562023939115
652500,3777.939189149362,9999.387096774102,0.0,0.8759204515536135,1.1347561146844243
652560,3777.9223491514126,9999.387096774102,0.0,0.8760463230979332,1.1347560791855704
652620,3778.174448620256,9999.387096774102,0.0,0.8741662972211952,1.1347563855605258
652680,3778.094109602361,9999.387096774102,0.0,0.8747997038641991,1.1347564778144614
652740,3778.0245984540234,9999.387096774102,0.0,0.875014329967285,1.134756742424004
652800,3777.9223161316195,9999.387096774102,0.0,0.8755580612845502,1.1347568871528955
652860,3777.686001542842,9999.387096774102,0.0,0.8767252419697253,1.1347570937764235
652920,3777.950788901786,9999.387096774102,0.0,0.8751600687272543,1.134757444242539
652980,3777.985791144027,9999.387096774102,0.0,0.8746188235126812,1.1347577454677762
653040,3777.9872317077807,9999.387096774102,0.0,0.874764294055588,1.134758046206135
653100,3777.8214342911297,9999.387096774102,0.0,0.8755385994635051,1.1347581898388042
653160,3777.711614664692,9999.387096774102,0.0,0.8758922787956458,1.1347584570717368
653220,3777.7533081687834,9999.387096774102,0.0,0.8758033071668861,1.134758644905548
653280,3778.082239279198,9999.387096774102,0.0,0.8736503435812611,1.1347590846706954
653340,3777.9418289894106,9999.387096774102,0.0,0.8746521042389866,1.1347591951440679
653400,3777.705339574788,9999.387096774102,0.0,0.8759087315685725,1.134759359596527
653460,3777.7576312051647,9999.387096774102,0.0,0.8760525675932216,1.134759358625986
653520,3777.9219740505296,9999.387096774102,0.0,0.8757376219510161,1.1347588982422412
653580,3778.0719152847437,9999.387096774102,0.0,0.8744424838637358,1.1347587473428158
653640,3778.2956479424147,9999.387096774102,0.0,0.8743039218126288,1.134758462110595
653700,3778.2058630082824,9999.387096774102,0.0,0.8751327565836668,1.1347575508365766
653760,3777.880382932717,9999.387096774102,0.0,0.8768209474203498,1.1347569560711974
653820,3778.0813957204205,9999.387096774102,0.0,0.87555892033132,1.1347566418711714
653880,3778.0399922599568,9999.387096774102,0.0,0.8754017608415949,1.1347564695946937
653940,3778.2550151929454,9999.387096774102,0.0,0.8742798253033275,1.134756537119915
654000,3778.070112749681,9999.387096774102,0.0,0.874988481062684,1.1347564927740361
654060,3777.861583997416,9999.387096774102,0.0,0.8759438562537504,1.1347565935421837
654120,3777.85344032299,9999.387096774102,0.0,0.8760463028873906,1.134756686451678
654180,3778.10994319779,9999.387096774102,0.0,0.8741760497521324,1.134757075464692
654240,3778.0419694345933,9999.387096774102,0.0,0.8747498113919452,1.1347572279172318
654300,3777.960701977115,9999.387096774102,0.0,0.8750583119975992,1.1347575125969154
654360,3777.863434055301,9999.387096774102,0.0,0.8755907461853797,1.1347576689352086
654420,3777.6423249304667,9999.387096774102,0.0,0.8766860787418799,1.1347578736690813
654480,3777.908136032255,9999.387096774102,0.0,0.8751402663107619,1.1347582089336428
654540,3777.951949683145,9999.387096774102,0.0,0.8745772202055008,1.1347584884929538
654600,3777.94407249023,9999.387096774102,0.0,0.8747870426576334,1.1347587547562876
654660,3777.7808655347108,9999.387096774102,0.0,0.8755704098798237,1.1347588660401904
654720,3777.5750237267134,9999.387096774102,0.0,0.8767198832503841,1.1347590685058324
654780,3778.0736385407886,9999.387096774102,0.0,0.8749608844830553,1.1347589077270452
654840,3778.03214011789,9999.387096774102,0.0,0.8750331957019064,1.134758491577654
654900,3778.144356433987,9999.387096774102,0.0,0.8745949541857657,1.1347583762166171
654960,3778.1428096819936,9999.387096774102,0.0,0.8755380611020689,1.1347576774665653
655020,3778.0469504508615,9999.387096774102,0.0,0.8760206918667532,1.1347568941990769
655080,3778.1720742975167,9999.387096774102,0.0,0.8748609840568095,1.1347565782043985
655140,3778.1335940880476,9999.387096774102,0.0,0.8752624696087686,1.1347562215404468
655200,3778.2811619807417,9999.387096774102,0.0,0.8741072723139953,1.1347562568075114
655260,3778.0966511588313,9999.387096774102,0.0,0.8751732594088197,1.134756136851237
655320,3777.7887587005757,9999.387096774102,0.0,0.8767553890309813,1.1347561664159165
655380,3777.972718369498,9999.387096774102,0.0,0.8755617268158308,1.1347563648908805
655440,3777.9597718582972,9999.387096774102,0.0,0.875276416353694,1.134756593159733
655500,3778.1598340304804,9999.387096774102,0.0,0.8742933627673537,1.1347569338426717
655560,3777.977505992963,9999.387096774102,0.0,0.875034225366724,1.1347570864701266
655620,3777.7772876986073,9999.387096774102,0.0,0.8759681151794222,1.134757327720712
655680,3777.7769538358643,9999.387096774102,0.0,0.8760459658957505,1.1347575197386819
655740,3778.041181901322,9999.387096774102,0.0,0.874173963128392,1.1347579663697085
655800,3777.984682774967,9999.387096774102,0.0,0.8746972910649522,1.1347581549677197
655860,3777.889981420279,9999.387096774102,0.0,0.8751096113248732,1.1347584390772314
655920,3777.798285623559,9999.387096774102,0.0,0.8756278063860826,1.1347585916948333
655980,3777.5941759082607,9999.387096774102,0.0,0.8766427339175903,1.1347587817904525
656040,3777.8617451230325,9999.387096774102,0.0,0.875113983697233,1.134759090852483
656100,3777.9143323897956,9999.387096774102,0.0,0.8745323226058721,1.1347593387473038
656160,3777.8978459998543,9999.387096774102,0.0,0.8751882303151788,1.1347595356712699
656220,3777.9574353710527,9999.387096774102,0.0,0.8755554448930395,1.1347590958467089
656280,3777.7828988732203,9999.387096774102,0.0,0.8763976464342351,1.1347586725694885
656340,3778.148533830524,9999.387096774102,0.0,0.8742654634431606,1.13475859418444
656400,3778.3358041155184,9999.387096774102,0.0,0.8744983758200567,1.1347578828694656
656460,3778.250823067781,9999.387096774102,0.0,0.874555027470041,1.1347572411338653
656520,3778.0477678224097,9999.387096774102,0.0,0.8756435343492592,1.1347568031507569
656580,3777.981217135075,9999.387096774102,0.0,0.8759684083728139,1.1347564534345875
656640,3778.0789741178496,9999.387096774102,0.0,0.8749277166770573,1.1347564769453014
656700,3778.0590705205427,9999.387096774102,0.0,0.8751963045317366,1.134756431187059
656760,3778.194340841829,9999.387096774102,0.0,0.8741736802794025,1.134756673765848
656820,3778.0198658703007,9999.387096774102,0.0,0.8752070343148963,1.1347567013215705
656880,3777.7242361322005,9999.387096774102,0.0,0.8767360878244748,1.134756829576574
656940,3777.910291772693,9999.387096774102,0.0,0.8755570387007532,1.1347570938436606
657000,3777.9136241547108,9999.387096774102,0.0,0.8752046782959491,1.1347573635699275
657060,3778.103121402223,9999.387096774102,0.0,0.8743035792499502,1.1347577148458725
657120,3777.922704234296,9999.387096774102,0.0,0.8750664811821555,1.1347578663283642
657180,3777.728744886224,9999.387096774102,0.0,0.8759855064772949,1.134758095276138
657240,3777.733834367439,9999.387096774102,0.0,0.8760441811436485,1.1347582698297647
657300,3778.001436395718,9999.387096774102,0.0,0.8741828424027477,1.13475868744046
657360,3777.954749577145,9999.387096774102,0.0,0.8746588214598184,1.134758849458832
657420,3777.8515022903443,9999.387096774102,0.0,0.8751379862689462,1.1347590919323318
657480,3777.7750690716334,9999.387096774102,0.0,0.8761777448441643,1.1347590199388846
657540,3777.9147762352427,9999.387096774102,0.0,0.8758892019101644,1.1347585408406384
657600,3777.953047981138,9999.387096774102,0.0,0.875270879973175,1.1347583642626895
657660,3778.478475951804,9999.387096774102,0.0,0.8734972043483171,1.134758144527302
657720,3778.282228211312,9999.387096774102,0.0,0.8748104916643148,1.134757212729039
657780,3777.973182361721,9999.387096774102,0.0,0.876419533151848,1.1347566423475552
657840,3778.072896628726,9999.387096774102,0.0,0.8757142233736691,1.134756289383007
657900,3777.949515576303,9999.387096774102,0.0,0.8760822442279345,1.1347561070471026
657960,3778.2529942874226,9999.387096774102,0.0,0.8743726954544426,1.1347562101819013
658020,3778.143118483788,9999.387096774102,0.0,0.8746081507371034,1.1347562358350831
658080,3777.9350050565613,9999.387096774102,0.0,0.8756845005321249,1.1347563458019487
658140,3777.870165843215,9999.387096774102,0.0,0.8760157637302556,1.1347564360960167
658200,3777.990555281183,9999.387096774102,0.0,0.8749054856636137,1.1347567831820502
658260,3777.982361856449,9999.387096774102,0.0,0.8751298987091791,1.1347569688019112
658320,3778.1007745508846,9999.387096774102,0.0,0.8742431406430998,1.1347573596466842
658380,3777.933995918073,9999.387096774102,0.0,0.8752480140438492,1.1347575012992048
658440,3777.6521378879156,9999.387096774102,0.0,0.8767195779974256,1.1347577021051838
658500,3777.8429234985915,9999.387096774102,0.0,0.8755467108883608,1.1347580080625792
658560,3777.862948396046,9999.387096774102,0.0,0.8751276831071548,1.1347582980632758
658620,3778.039900039244,9999.387096774102,0.0,0.8743188989490374,1.1347586421754445
658680,3777.861469766669,9999.387096774102,0.0,0.8751059844807735,1.1347587783821742
658740,3777.675018745501,9999.387096774102,0.0,0.8760037260794867,1.1347589832991545
658800,3777.6866060068132,9999.387096774102,0.0,0.8760387930636185,1.134759130539326
658860,3777.951876431789,9999.387096774102,0.0,0.8742351254465344,1.1347595086617792
658920,3778.2296533542476,9999.387096774102,0.0,0.873990083553436,1.1347594152530842
658980,3778.0495453653357,9999.387096774102,0.0,0.8749201276014773,1.1347588777812136
659040,3777.700393896811,9999.387096774102,0.0,0.8769697738645655,1.1347585738755397
659100,3778.111779280822,9999.387096774102,0.0,0.8753985280427685,1.134758119516505
659160,3778.090769773199,9999.387096774102,0.0,0.8756733631542569,1.1347573283936876
659220,3778.4164188329983,9999.387096774102,0.0,0.8734966763932491,1.134757080708991
659280,3778.204320917579,9999.387096774102,0.0,0.8748352103387235,1.1347566256600015
659340,3777.905585763671,9999.387096774102,0.0,0.8763473241067112,1.1347564197421718
659400,3777.9798937432383,9999.387096774102,0.0,0.8757436997226561,1.1347563899710722
659460,3777.884316519556,9999.387096774102,0.0,0.8759764176505773,1.134756464143934
659520,3778.1869751672502,9999.387096774102,0.0,0.8743343816840442,1.1347567330974573
659580,3778.0740425122567,9999.387096774102,0.0,0.8746244488392149,1.1347568670628152
659640,3777.8663218399156,9999.387096774102,0.0,0.8757153148623927,1.1347570503725481
659700,3777.806523567888,9999.387096774102,0.0,0.8760388527267151,1.1347571900871924
659760,3777.936880565663,9999.387096774102,0.0,0.8749059598204654,1.1347575608617548
659820,3777.9392019170077,9999.387096774102,0.0,0.8750796332731765,1.1347577570414915
659880,3778.04620278356,9999.387096774102,0.0,0.8742874687263715,1.1347581313296446
659940,3777.8841043816287,9999.387096774102,0.0,0.8752767564422657,1.1347582575342274
660000,3777.612799148261,9999.387096774102,0.0,0.8767019032306707,1.1347584346062698
660060,3777.80517102529,9999.387096774102,0.0,0.8755417854841631,1.1347587110913382
660120,3777.8372962211693,9999.387096774102,0.0,0.8750749699684954,1.134758970145882
660180,3778.1149428094573,9999.387096774102,0.0,0.8741081881576186,1.1347592673824602
660240,3778.054342025713,9999.387096774102,0.0,0.8751656755731554,1.1347587753413453
660300,3777.8324677093246,9999.387096774102,0.0,0.8762220314487805,1.1347583552565008
660360,3777.988763569892,9999.387096774102,0.0,0.8753196013055732,1.1347581936293647
660420,3778.2742444287437,9999.387096774102,0.0,0.8749468752334065,1.1347574726893979
660480,3778.28323562689,9999.387096774102,0.0,0.8744356357454794,1.1347568971146322
660540,3778.173447635683,9999.387096774102,0.0,0.8751359563753625,1.1347564985347196
660600,3778.0406286579637,9999.387096774102,0.0,0.8757073627750926,1.1347561497042158
660660,3777.989766259928,9999.387096774102,0.0,0.8755413135957976,1.134756127308193
660720,3778.0011154786366,9999.387096774102,0.0,0.8756113180461551,1.1347561016274423
660780,3778.294475035042,9999.387096774102,0.0,0.873596378491874,1.1347564292310774
660840,3778.0945590662222,9999.387096774102,0.0,0.874854935193288,1.1347564641922692
660900,3777.799636174753,9999.387096774102,0.0,0.8763845888681737,1.1347566165960714
660960,3777.886690545452,9999.387096774102,0.0,0.8757566537082399,1.134756846707891
661020,3777.813516377098,9999.387096774102,0.0,0.8758880113221856,1.134757107874194
661080,3778.1126652781136,9999.387096774102,0.0,0.8742984948949116,1.134757502695042
661140,3777.9968701630796,9999.387096774102,0.0,0.8746457661226936,1.1347577168831806
661200,3777.7904930884797,9999.387096774102,0.0,0.875750712737739,1.1347579481271202
661260,3777.73734244947,9999.387096774102,0.0,0.8760607399345323,1.1347581151500212
661320,3777.8788059910635,9999.387096774102,0.0,0.8748998211769513,1.1347584913981745
661380,3777.8919554758418,9999.387096774102,0.0,0.8750221147005508,1.1347586835082868
661440,3777.9852965493933,9999.387096774102,0.0,0.8743398251853769,1.1347590272970145
661500,3777.8283159498915,9999.387096774102,0.0,0.8753116902002362,1.1347591273135527
661560,3777.5689725258676,9999.387096774102,0.0,0.8766838234757219,1.1347592714471213
661620,3777.965375562686,9999.387096774102,0.0,0.8747752566587611,1.134759455520438
661680,3778.0474152701413,9999.387096774102,0.0,0.8750512508023089,1.1347589966941292
661740,3778.131810511509,9999.387096774102,0.0,0.8741962483689264,1.1347587923768296
661800,3777.934270767596,9999.387096774102,0.0,0.8760541488099988,1.1347584158828286
661860,3778.111315124746,9999.387096774102,0.0,0.8756856357858709,1.1347575767293314
661920,3777.9046293110223,9999.387096774102,0.0,0.8765912254519429,1.1347569964919757
661980,3778.2195937604984,9999.387096774102,0.0,0.8748145413961135,1.134756740058213
662040,3778.1966087986953,9999.387096774102,0.0,0.8745167152031522,1.1347565431141138
662100,3778.081016553971,9999.387096774102,0.0,0.8751711550300042,1.1347564840866657
662160,3777.9471571079725,9999.387096774102,0.0,0.8757695577445435,1.1347564151723424
662220,3777.9176866039684,9999.387096774102,0.0,0.8755342312363077,1.134756592638843
662280,3777.9389205826396,9999.387096774102,0.0,0.8755686188177598,1.1347567015897615
662340,3778.2224094389485,9999.387096774102,0.0,0.8736462492685332,1.134757109072331
662400,3778.0301447515685,9999.387096774102,0.0,0.8748708335061589,1.1347572046811483
662460,3777.7399516452333,9999.387096774102,0.0,0.8763931475470103,1.1347573867651102
662520,3777.8308914816043,9999.387096774102,0.0,0.8757685407296933,1.1347576295628243
662580,3777.7745570622233,9999.387096774102,0.0,0.8758231396682644,1.1347578910578127
662640,3778.070268545227,9999.387096774102,0.0,0.8742761831672421,1.1347582695093594
662700,3777.9531931212687,9999.387096774102,0.0,0.874660317524599,1.1347584586594335
662760,3777.7481029140545,9999.387096774102,0.0,0.8757731968549962,1.1347586595566868
662820,3777.6988282944,9999.387096774102,0.0,0.8760755054977619,1.1347587962753203
662880,3777.808947715156,9999.387096774102,0.0,0.8751903988583831,1.1347591271000028
662940,3778.272187708529,9999.387096774102,0.0,0.8738971849462824,1.1347590551289475
663000,3778.110983657047,9999.387096774102,0.0,0.8746478639682926,1.1347585564103877
663060,3777.823311992689,9999.387096774102,0.0,0.8764358257141123,1.1347582850066689
663120,3778.078992318202,9999.387096774102,0.0,0.8757517509904987,1.1347577351637703
663180,3778.0586661900725,9999.387096774102,0.0,0.8759808840945853,1.1347569476437362
663240,3778.4223193297744,9999.387096774102,0.0,0.8735015540184138,1.134756721151021
663300,3778.2417776518173,9999.387096774102,0.0,0.8747074782023054,1.1347562964606703
663360,3778.036929158124,9999.387096774102,0.0,0.8756596913464226,1.1347561549397498
663420,3778.004904228705,9999.387096774102,0.0,0.875697819650434,1.1347560914775274
663480,3777.8138986131066,9999.387096774102,0.0,0.876533931759985,1.1347561502169838
663540,3778.1162357620437,9999.387096774102,0.0,0.8747829267460692,1.134756418168885
663600,3778.104985234536,9999.387096774102,0.0,0.8744700607637554,1.134756627838035
663660,3777.978762144606,9999.387096774102,0.0,0.8752231898262487,1.134756852562096
663720,3777.853391519779,9999.387096774102,0.0,0.8758145507160278,1.1347569917811735
663780,3777.8384371163133,9999.387096774102,0.0,0.8755320528233311,1.1347573169008476
663840,3777.8703816744714,9999.387096774102,0.0,0.8755178690966811,1.1347575308985471
663900,3778.143660660655,9999.387096774102,0.0,0.8736983842856445,1.1347579916075277
663960,3777.9587376400773,9999.387096774102,0.0,0.8748935711740017,1.1347581235329063
664020,3777.6742526397497,9999.387096774102,0.0,0.8764040939849312,1.1347583153421912
664080,3777.7698362893652,9999.387096774102,0.0,0.8757788477385048,1.134758555296272
664140,3777.731926079382,9999.387096774102,0.0,0.8757496932140107,1.134758804120875
664200,3778.023160820218,9999.387096774102,0.0,0.874252859658555,1.1347591542893452
664260,3777.9039442103563,9999.387096774102,0.0,0.8746811934015967,1.1347593078135703
664320,3777.59658316754,9999.387096774102,0.0,0.8767362660857733,1.134759430603825
664380,3777.916617018802,9999.387096774102,0.0,0.8757299428414379,1.1347591248798827
664440,3777.8463162801895,9999.387096774102,0.0,0.8760054057267876,1.134758717638906
664500,3778.366570301614,9999.387096774102,0.0,0.8730989477450593,1.1347587331600046
664560,3778.3196135312664,9999.387096774102,0.0,0.8745783122246641,1.1347579793917804
664620,3778.1293024213446,9999.387096774102,0.0,0.8753524933312407,1.134757225049253
664680,3777.983398578434,9999.387096774102,0.0,0.8758667518641002,1.1347568084290869
664740,3777.9954494333724,9999.387096774102,0.0,0.875917359830518,1.1347564697995527
664800,3778.3192431847224,9999.387096774102,0.0,0.8736184162993119,1.13475658150262
664860,3778.161248367031,9999.387096774102,0.0,0.8746749423053123,1.1347564767564577
664920,3777.9480379692477,9999.387096774102,0.0,0.8757193652606833,1.1347565534616253
664980,3777.9281616258663,9999.387096774102,0.0,0.8757269072081862,1.1347566437600305
665040,3777.756307415161,9999.387096774102,0.0,0.8764722917002554,1.1347568082029191
665100,3778.0580818235258,9999.387096774102,0.0,0.8747515286625954,1.134757143618086
665160,3778.050932032015,9999.387096774102,0.0,0.8744511281658891,1.134757392736554
665220,3777.9185773041154,9999.387096774102,0.0,0.8752552855567065,1.1347576305614777
665280,3777.797491117473,9999.387096774102,0.0,0.8758474699430944,1.1347577724498403
665340,3777.7924795386507,9999.387096774102,0.0,0.8755360245418211,1.1347580873338958
665400,3777.8329886094116,9999.387096774102,0.0,0.8754799734732803,1.1347582861923806
665460,3778.0986289910848,9999.387096774102,0.0,0.8737347994878195,1.1347587137121278
665520,3777.9187269048134,9999.387096774102,0.0,0.8749087685106878,1.1347588170567617
665580,3777.6392105911523,9999.387096774102,0.0,0.8764046605437148,1.134758973464749
665640,3777.847549401773,9999.387096774102,0.0,0.875587873737719,1.134759067634614
665700,3777.9923204143206,9999.387096774102,0.0,0.8754687735650336,1.1347586127050464
665760,3778.1622146806085,9999.387096774102,0.0,0.8740660934182101,1.1347584662697436
665820,3778.140872150717,9999.387096774102,0.0,0.8751771118672882,1.1347581256780803
665880,3778.179333755287,9999.387096774102,0.0,0.8754243889605969,1.134757234740584
665940,3777.8857230438234,9999.387096774102,0.0,0.8768861999530815,1.1347566367710527
666000,3778.1559987200885,9999.387096774102,0.0,0.8752654135613123,1.1347563578044915
666060,3778.147350650663,9999.387096774102,0.0,0.8748740569937987,1.1347561922919203
666120,3778.208758738382,9999.387096774102,0.0,0.8746115396642896,1.1347562137794964
666180,3778.0262030397785,9999.387096774102,0.0,0.8753714262860818,1.1347561596144202
666240,3777.8755088388452,9999.387096774102,0.0,0.8758933454422297,1.134756301021667
666300,3777.8939917823263,9999.387096774102,0.0,0.8759001114101547,1.1347564183181766
666360,3778.2258899479757,9999.387096774102,0.0,0.8736232408917112,1.1347568590436476
666420,3778.075980556016,9999.387096774102,0.0,0.874656940568775,1.1347569911970692
666480,3777.856587357011,9999.387096774102,0.0,0.8757631945958867,1.134757226366239
666540,3777.8429454365505,9999.387096774102,0.0,0.8757599049023669,1.1347574347189209
666600,3777.692931686214,9999.387096774102,0.0,0.876401824403776,1.1347576789027483
666660,3777.9953352822754,9999.387096774102,0.0,0.8747126682249105,1.1347580569342337
666720,3777.9906149363032,9999.387096774102,0.0,0.87443686024029,1.134758322991119
666780,3777.851617299121,9999.387096774102,0.0,0.8752938171322656,1.1347585562489597
666840,3777.735665706207,9999.387096774102,0.0,0.8758839972097958,1.134758686913211
666900,3777.7425221250355,9999.387096774102,0.0,0.8755342885118961,1.134758979862871
666960,3777.792218114692,9999.387096774102,0.0,0.875434296938356,1.1347591534481227
667020,3778.0484499319614,9999.387096774102,0.0,0.873776065887211,1.1347595376487798
667080,3777.965066827387,9999.387096774102,0.0,0.8752716807047424,1.1347593815337855
667140,3777.936148342929,9999.387096774102,0.0,0.8756181672564319,1.1347588538892657
667200,3777.70312449896,9999.387096774102,0.0,0.876779966138519,1.1347585859733602
667260,3778.347886907895,9999.387096774102,0.0,0.8740815074501571,1.1347582992898115
667320,3778.2287457598936,9999.387096774102,0.0,0.8749127930741095,1.1347574527076738
667380,3778.209819633567,9999.387096774102,0.0,0.8748456438987662,1.1347570385806016
667440,3778.0994874786024,9999.387096774102,0.0,0.8754453522115706,1.134756605390934
667500,3777.8213244617805,9999.387096774102,0.0,0.8768148724519179,1.134756380108518
667560,3778.068436432822,9999.387096774102,0.0,0.8752597432117716,1.1347564304035163
667620,3778.083429033617,9999.387096774102,0.0,0.8747704358846852,1.1347565287372834
667680,3778.1291389252947,9999.387096774102,0.0,0.8746440721203216,1.1347567165388008
667740,3777.9518266142522,9999.387096774102,0.0,0.875413010581716,1.13475677952861
667800,3777.810842983418,9999.387096774102,0.0,0.8759055272290638,1.134757000638821
667860,3777.8367889952524,9999.387096774102,0.0,0.8758805599503245,1.1347571719690304
667920,3778.1682367498283,9999.387096774102,0.0,0.8736447948210754,1.1347576342639707
667980,3778.026134227926,9999.387096774102,0.0,0.8746443635722251,1.134757776875966
668040,3777.8036443993346,9999.387096774102,0.0,0.8757877934345185,1.1347580002399478
668100,3777.793320910068,9999.387096774102,0.0,0.8757840503660168,1.1347581932697548
668160,3777.659096754583,9999.387096774102,0.0,0.8763508210163661,1.1347584167144225
668220,3777.9608164358765,9999.387096774102,0.0,0.8746875848077664,1.134758764511331
668280,3777.9583659446116,9999.387096774102,0.0,0.8744267597351251,1.1347589963561548
668340,3777.75287465544,9999.387096774102,0.0,0.876058336224473,1.1347591543813436
668400,3777.941841189506,9999.387096774102,0.0,0.8757366421237711,1.1347587757471074
668460,3777.813707665057,9999.387096774102,0.0,0.8763293540583651,1.134758360845298
668520,3778.323122909035,9999.387096774102,0.0,0.8733970659520098,1.1347583572559237
668580,3778.3982304969377,9999.387096774102,0.0,0.8743057362969624,1.1347576238684256
668640,3778.2244056741524,9999.387096774102,0.0,0.8748804942828351,1.1347569103997506
668700,3778.0122538185497,9999.387096774102,0.0,0.8758844492005083,1.1347564714548435
668760,3777.9928903159316,9999.387096774102,0.0,0.8760295135726678,1.1347561333235663
668820,3778.2150055504703,9999.387096774102,0.0,0.8742677866274011,1.1347562140409948
668880,3778.1361330340383,9999.387096774102,0.0,0.8748730413541472,1.1347561572025524
668940,3778.0985983996825,9999.387096774102,0.0,0.874882299987987,1.134756333265663
669000,3777.9830299840532,9999.387096774102,0.0,0.8754988991551009,1.1347563972515742
669060,3777.7268796924877,9999.387096774102,0.0,0.8767710966430774,1.1347565502664485
669120,3777.9827561177985,9999.387096774102,0.0,0.8752263939185262,1.1347568680373077
669180,3778.010554207539,9999.387096774102,0.0,0.874703861457445,1.1347571566152623
669240,3778.0408116782905,9999.387096774102,0.0,0.8746832140403296,1.134757468695807
669300,3777.8684594383326,9999.387096774102,0.0,0.8754639845117741,1.134757620421418
669360,3777.740368676697,9999.387096774102,0.0,0.8759141243558772,1.134757896475026
669420,3777.775008004685,9999.387096774102,0.0,0.8758541395903953,1.134758099257384
669480,3778.105345073528,9999.387096774102,0.0,0.8736649036392385,1.1347585637949091
669540,3777.9701406404556,9999.387096774102,0.0,0.8746360153911938,1.1347587013100437
669600,3777.744441842505,9999.387096774102,0.0,0.8758192824127965,1.134758899622196
669660,3777.7385570668503,9999.387096774102,0.0,0.875809798897922,1.1347590667299874
669720,3777.621894524085,9999.387096774102,0.0,0.8762928831285777,1.1347592602760377
669780,3778.252560711405,9999.387096774102,0.0,0.8731912311385975,1.134759602716876
669840,3778.1497222415774,9999.387096774102,0.0,0.8745296882834616,1.1347590949126936
669900,3777.9712531559853,9999.387096774102,0.0,0.8752390382858223,1.1347587355483837
669960,3777.7821206628832,9999.387096774102,0.0,0.8766021778531161,1.1347584114111475
670020,3778.118956200188,9999.387096774102,0.0,0.875655867218412,1.134757652257704
670080,3778.091021525213,9999.387096774102,0.0,0.8754021736306743,1.134757107576556
670140,3778.3304375621533,9999.387096774102,0.0,0.8742427770329142,1.1347568400022097
670200,3778.1455715417355,9999.387096774102,0.0,0.8749101131312406,1.1347565233662105
670260,3777.9247153689425,9999.387096774102,0.0,0.8759127812784228,1.134756424748665
670320,3777.904465922497,9999.387096774102,0.0,0.8760535662631406,1.1347563771662892
670380,3778.1442558494387,9999.387096774102,0.0,0.8742520197812218,1.1347566641508648
670440,3778.0758017453854,9999.387096774102,0.0,0.874820016355983,1.1347567472486786
670500,3778.025036455061,9999.387096774102,0.0,0.8749305829272838,1.1347570050264923
670560,3777.914421832378,9999.387096774102,0.0,0.8755347665594724,1.1347571314167284
670620,3777.674233353554,9999.387096774102,0.0,0.8767324832704364,1.134757321353566
670680,3777.9320772311626,9999.387096774102,0.0,0.8752063744864415,1.1347576526139627
670740,3777.970143021003,9999.387096774102,0.0,0.874654966763719,1.1347579407690702
670800,3777.9899214205097,9999.387096774102,0.0,0.8747074558327408,1.1347582333296946
670860,3777.8204899595985,9999.387096774102,0.0,0.8754986725540121,1.1347583635529501
670920,3777.700740322762,9999.387096774102,0.0,0.8759237173304958,1.1347586120180373
670980,3777.7417789230876,9999.387096774102,0.0,0.8758343769972352,1.1347587864660422
671040,3778.070007188738,9999.387096774102,0.0,0.8736859181940392,1.1347592118745442
671100,3778.144984794051,9999.387096774102,0.0,0.8745095175644455,1.1347590835987729
671160,3778.0176014604804,9999.387096774102,0.0,0.8752473360623236,1.1347585412980934
671220,3777.6853039522352,9999.387096774102,0.0,0.877100790855131,1.1347582480933212
671280,3778.2334092224423,9999.387096774102,0.0,0.8748369916991932,1.1347578771224167
671340,3778.1746761312534,9999.387096774102,0.0,0.8753313093887433,1.1347570572686831
671400,3778.3662690073775,9999.387096774102,0.0,0.8739832882512206,1.13475674629335
671460,3778.1785225275175,9999.387096774102,0.0,0.8751056328456511,1.1347562949876873
671520,3777.8604197312957,9999.387096774102,0.0,0.8767220012729905,1.1347560765664486
671580,3778.0236442644286,9999.387096774102,0.0,0.8755987491504137,1.1347560969630914
671640,3777.992342189019,9999.387096774102,0.0,0.8754034334781492,1.1347562010662025
671700,3778.217579454246,9999.387096774102,0.0,0.8742609752179998,1.1347564652866167
671760,3778.036745337098,9999.387096774102,0.0,0.8749585858657828,1.1347565650004017
671820,3777.8270590266234,9999.387096774102,0.0,0.8759417362628797,1.1347567690157545
671880,3777.816820695587,9999.387096774102,0.0,0.8760557806055929,1.1347569391722248
671940,3778.0645379362927,9999.387096774102,0.0,0.874250951630379,1.1347573764779721
672000,3778.0089134867612,9999.387096774102,0.0,0.8747604937318472,1.1347575694082237
672060,3777.9430224246257,9999.387096774102,0.0,0.8749899024251135,1.1347578814932782
672120,3777.8391924056946,9999.387096774102,0.0,0.8755749092382493,1.1347580463951004
672180,3777.616671606306,9999.387096774102,0.0,0.8766899469638739,1.1347582531718245
672240,3777.8769317511747,9999.387096774102,0.0,0.8751802298662867,1.1347585819233557
672300,3777.9254697748916,9999.387096774102,0.0,0.8746018801096885,1.134758855963437
672360,3777.9328135939118,9999.387096774102,0.0,0.8747386664220436,1.1347591163325328
672420,3777.766887703577,9999.387096774102,0.0,0.8755393476275365,1.1347592150372932
672480,3777.553626351145,9999.387096774102,0.0,0.8767499543504598,1.1347593977313943
672540,3778.0410487562267,9999.387096774102,0.0,0.875019315185726,1.1347592261446198
672600,3778.0062659072387,9999.387096774102,0.0,0.8750633884500233,1.1347588120854293
672660,3778.14106033052,9999.387096774102,0.0,0.8744952141511998,1.1347586981248323
672720,3778.1267197982884,9999.387096774102,0.0,0.8755064044227681,1.1347579968201962
672780,3778.026193539539,9999.387096774102,0.0,0.8760098694267295,1.1347572195524351
672840,3778.1372371592042,9999.387096774102,0.0,0.874944278222114,1.1347568966461081
672900,3778.1086700479527,9999.387096774102,0.0,0.8752908891025679,1.1347565393370607
672960,3778.272598569093,9999.387096774102,0.0,0.8740446003071651,1.1347565730861862
673020,3778.0851003341036,9999.387096774102,0.0,0.8751420114085625,1.1347564416444864
673080,3777.7782390244365,9999.387096774102,0.0,0.8767250383299728,1.1347564590754826
673140,3777.952479586466,9999.387096774102,0.0,0.8755924408062293,1.1347566388573456
673200,3777.9373502739118,9999.387096774102,0.0,0.8753318132047542,1.1347568519906859
673260,3778.1520020111575,9999.387096774102,0.0,0.8742683925358304,1.1347571819602482
673320,3777.97304597266,9999.387096774102,0.0,0.8749917942760004,1.1347573231213548
673380,3777.7697350019434,9999.387096774102,0.0,0.8759619818754814,1.1347575466894233
673440,3777.765346959171,9999.387096774102,0.0,0.8760574802917506,1.134757722796199
673500,3778.0177609076545,9999.387096774102,0.0,0.8742580576998947,1.134758148732927
673560,3777.972638635561,9999.387096774102,0.0,0.8747171139015182,1.1347583278490996
673620,3777.8969129275165,9999.387096774102,0.0,0.8750238558562001,1.1347586062919652
673680,3777.796310371427,9999.387096774102,0.0,0.8756035101871023,1.1347587420909304
673740,3777.5868025632603,9999.387096774102,0.0,0.8766566650915022,1.1347589172445074
673800,3778.134526029102,9999.387096774102,0.0,0.8739332030687577,1.1347591986969228
673860,3778.131896258806,9999.387096774102,0.0,0.8747189627798909,1.1347587219559485
673920,3778.089546041649,9999.387096774102,0.0,0.874609291956933,1.134758450186081
673980,3777.8427518260332,9999.387096774102,0.0,0.8765354642836157,1.1347580867823308
674040,3778.1233248325307,9999.387096774102,0.0,0.8757554479677,1.1347572797331495
674100,3777.997418643512,9999.387096774102,0.0,0.876125879815278,1.1347567141527874
674160,3778.3147394959087,9999.387096774102,0.0,0.874424196140325,1.1347564702831392
674220,3778.2121650584572,9999.387096774102,0.0,0.8745810289356458,1.134756225884859
674280,3778.0088847121037,9999.387096774102,0.0,0.8756093971404476,1.1347561432767934
674340,3777.9301761501033,9999.387096774102,0.0,0.8759827172910921,1.13475609373208
674400,3778.0271286110687,9999.387096774102,0.0,0.8749843029598577,1.1347563365763285
674460,3778.016195421002,9999.387096774102,0.0,0.8752165914934619,1.1347564519080768
674520,3778.164847006463,9999.387096774102,0.0,0.874123064049172,1.1347568162076764
674580,3777.988279474736,9999.387096774102,0.0,0.8751832461841982,1.1347569306618583
674640,3777.6950015041243,9999.387096774102,0.0,0.8767104646594216,1.1347571210986283
674700,3777.8736218533018,9999.387096774102,0.0,0.875585474190286,1.1347574227540123
674760,3777.8776458517177,9999.387096774102,0.0,0.8752453120487842,1.1347577186931248
674820,3778.0796687433312,9999.387096774102,0.0,0.8742800188057005,1.1347580880668922
674880,3777.9025413977033,9999.387096774102,0.0,0.8750320888305912,1.1347582484221574
674940,3777.706573154148,9999.387096774102,0.0,0.875983397624506,1.1347584739717456
675000,3777.709029237744,9999.387096774102,0.0,0.8760560619415314,1.1347586420689721
675060,3777.9673323114107,9999.387096774102,0.0,0.8742578657994761,1.1347590444841604
675120,3777.9324101578413,9999.387096774102,0.0,0.8746699484493249,1.1347591990806798
675180,3777.8449314159375,9999.387096774102,0.0,0.8750663048296989,1.1347594334548696
675240,3777.7590572127083,9999.387096774102,0.0,0.8761687523801202,1.134759345121828
675300,3777.8919312582343,9999.387096774102,0.0,0.8758979185843491,1.1347588640984634
675360,3777.921717999176,9999.387096774102,0.0,0.8753458266049311,1.1347586791240214
675420,3778.4626695218076,9999.387096774102,0.0,0.8734615839744397,1.1347584582554
675480,3778.2631209321685,9999.387096774102,0.0,0.8747861381400694,1.134757536682276
675540,3777.9619600881424,9999.387096774102,0.0,0.8763568699368505,1.1347569713912369
675600,3778.050735561794,9999.387096774102,0.0,0.8757246990913523,1.134756610573959
675660,3777.9238363352697,9999.387096774102,0.0,0.8761263849077302,1.1347564201896994
675720,3778.2285460311077,9999.387096774102,0.0,0.8744074583670034,1.1347565122224896
675780,3778.1312986530033,9999.387096774102,0.0,0.874580310780868,1.1347565329646636
675840,3777.9284824926735,9999.387096774102,0.0,0.875647348777245,1.1347566302482637
675900,3777.857770491087,9999.387096774102,0.0,0.876006391237128,1.1347567052019423
675960,3777.9640941769044,9999.387096774102,0.0,0.8749870651341569,1.134757030684117
676020,3777.964410496046,9999.387096774102,0.0,0.8751635210379496,1.1347572043521348
676080,3778.101067387474,9999.387096774102,0.0,0.8741730918776867,1.1347575873570128
676140,3777.9303018363935,9999.387096774102,0.0,0.87521281912779,1.1347577128669033
676200,3777.647544588972,9999.387096774102,0.0,0.8766953400225754,1.1347578986470972
676260,3777.8283269404924,9999.387096774102,0.0,0.8755820874922795,1.1347581851786617
676320,3777.845941593491,9999.387096774102,0.0,0.8751864942245661,1.1347584605580043
676380,3778.039129089523,9999.387096774102,0.0,0.8742870731485449,1.1347587962075665
676440,3777.863298053573,9999.387096774102,0.0,0.8750591077904684,1.1347589227639585
676500,3777.554197233737,9999.387096774102,0.0,0.8769799464080692,1.1347590743808755
676560,3777.9784880787183,9999.387096774102,0.0,0.8754928249453833,1.134758837682627
676620,3777.9337081784192,9999.387096774102,0.0,0.8756046090150722,1.1347584332130551
676680,3778.321284094251,9999.387096774102,0.0,0.8735276137238888,1.134758416617715
676740,3778.2544942192535,9999.387096774102,0.0,0.8750119098447381,1.1347576677538853
676800,3778.095118674213,9999.387096774102,0.0,0.8757108124314086,1.1347568910762504
676860,3778.0518746360867,9999.387096774102,0.0,0.8755547013977224,1.1347565141245861
676920,3778.05792252435,9999.387096774102,0.0,0.8756803636950302,1.1347561756468851
676980,3778.3627971062815,9999.387096774102,0.0,0.873534963801053,1.1347562868229428
677040,3778.1578754267084,9999.387096774102,0.0,0.874812232584386,1.1347561660791694
677100,3777.8649391456274,9999.387096774102,0.0,0.8763165222844644,1.1347562134729057
677160,3777.937825379914,9999.387096774102,0.0,0.8757541940826118,1.134756358904184
677220,3777.8408544031495,9999.387096774102,0.0,0.8760127879491106,1.1347565622952624
677280,3778.1448448871042,9999.387096774102,0.0,0.8743614599633015,1.1347569278079561
677340,3778.043928466385,9999.387096774102,0.0,0.87459912913669,1.1347571385406492
677400,3777.8408924110577,9999.387096774102,0.0,0.87568718366062,1.134757370316498
677460,3777.7770069452404,9999.387096774102,0.0,0.8760348116539555,1.1347575407168637
677520,3777.896579498021,9999.387096774102,0.0,0.874978894396231,1.134757924112632
677580,3777.9081588949975,9999.387096774102,0.0,0.8751033704487776,1.1347581326925171
677640,3778.030485603939,9999.387096774102,0.0,0.8742305075093261,1.13475851382412
677700,3777.8657230471767,9999.387096774102,0.0,0.8752488378700468,1.134758635056846
677760,3777.594884547426,9999.387096774102,0.0,0.8766804096999715,1.1347588033748315
677820,3777.7789268596316,9999.387096774102,0.0,0.8755742853812636,1.1347590640237646
677880,3777.811107315049,9999.387096774102,0.0,0.8751199647057448,1.1347593092839772
677940,3778.111105104687,9999.387096774102,0.0,0.8740198871483364,1.1347595978836311
678000,3778.0392008952417,9999.387096774102,0.0,0.8751314513045051,1.1347591015823817
678060,3777.816729195855,9999.387096774102,0.0,0.8761956350640968,1.1347586795579172
678120,3777.9515023337235,9999.387096774102,0.0,0.8754289755860872,1.1347585027413638
678180,3778.2430396590457,9999.387096774102,0.0,0.8749863139037106,1.1347577881792934
678240,3778.2602399472626,9999.387096774102,0.0,0.874438664846584,1.134757221214966
678300,3778.163684804643,9999.387096774102,0.0,0.8750842727282095,1.1347568252244264
678360,3778.0254360140307,9999.387096774102,0.0,0.8756821672739586,1.13475647077854
678420,3777.9632338733104,9999.387096774102,0.0,0.875597791919619,1.1347564339305383
678480,3777.9791134729735,9999.387096774102,0.0,0.8756412284685724,1.1347563986606384
678540,3778.28178769248,9999.387096774102,0.0,0.8735754346508645,1.134756716204444
678600,3778.0852733121415,9999.387096774102,0.0,0.8748252547907927,1.1347567393120257
678660,3777.7961501888058,9999.387096774102,0.0,0.8763263600611724,1.1347568795083633
678720,3777.872112887044,9999.387096774102,0.0,0.875770111760342,1.1347570894675674
678780,3777.7939613709864,9999.387096774102,0.0,0.8759415523046765,1.1347573336237462
678840,3778.0954331681132,9999.387096774102,0.0,0.8743331276537532,1.1347577124361645
678900,3777.99302828388,9999.387096774102,0.0,0.8746113867262805,1.1347579193419752
678960,3777.7904842701446,9999.387096774102,0.0,0.8757128879256384,1.134758136279693
679020,3777.73084061927,9999.387096774102,0.0,0.8760535322786901,1.134758287766695
679080,3777.8579514574785,9999.387096774102,0.0,0.8749824269267846,1.1347586435180856
679140,3777.8789855370696,9999.387096774102,0.0,0.8750591045945977,1.1347588253073493
679200,3777.9917007923455,9999.387096774102,0.0,0.8742657638221497,1.1347591642795727
679260,3777.864754025022,9999.387096774102,0.0,0.8758263217445797,1.1347590333158752
679320,3777.924249235063,9999.387096774102,0.0,0.8758206518075293,1.1347585268256337
679380,3777.803079141736,9999.387096774102,0.0,0.8762284931669774,1.1347583010631495
679440,3778.491936562191,9999.387096774102,0.0,0.8734373953101453,1.1347580782371143
679500,3778.294462215925,9999.387096774102,0.0,0.8747039591769469,1.1347571777461298
679560,3778.106593477452,9999.387096774102,0.0,0.8756168802477018,1.13475667785006
679620,3778.0844184649945,9999.387096774102,0.0,0.8756457802308989,1.1347562786532295
679680,3777.864840710308,9999.387096774102,0.0,0.876633838920455,1.1347560732569024
679740,3778.1587646519733,9999.387096774102,0.0,0.8748670257309524,1.1347561607170389
679800,3778.1531844618676,9999.387096774102,0.0,0.8744914733333661,1.1347562521113785
679860,3778.047613867336,9999.387096774102,0.0,0.8751328446340235,1.1347563973565151
679920,3777.911921160621,9999.387096774102,0.0,0.8757494967560904,1.1347564741958616
679980,3777.872644638605,9999.387096774102,0.0,0.8755882648159207,1.1347567547819677
680040,3777.8996598926155,9999.387096774102,0.0,0.8755912956960368,1.1347569461086962
680100,3778.191680070347,9999.387096774102,0.0,0.8736310245575594,1.13475741148322
680160,3778.0037008649215,9999.387096774102,0.0,0.8748447197857232,1.1347575464214674
680220,3777.719022969247,9999.387096774102,0.0,0.8763445276263938,1.1347577530291317
680280,3777.8008502993493,9999.387096774102,0.0,0.8757839098979598,1.134758003636952
680340,3777.7427319427234,9999.387096774102,0.0,0.8758634942895195,1.1347582679016877
680400,3778.0411745221722,9999.387096774102,0.0,0.8743010909690321,1.1347586432284318
680460,3777.9359567967253,9999.387096774102,0.0,0.874629796198777,1.1347588316501036
680520,3777.7342259650773,9999.387096774102,0.0,0.8757432190467923,1.1347590218025767
680580,3777.6799179360532,9999.387096774102,0.0,0.8760725889484224,1.1347591445590601
680640,3777.7760241844817,9999.387096774102,0.0,0.8752845544820033,1.1347594538535226
680700,3778.241893246934,9999.387096774102,0.0,0.8739396922774395,1.1347593732064203
680760,3778.092863907483,9999.387096774102,0.0,0.8746305825895848,1.1347588808358071
680820,3777.818706355305,9999.387096774102,0.0,0.8763483313803134,1.1347586075715186
680880,3778.0520070293333,9999.387096774102,0.0,0.8757794849835209,1.1347580496718241
680940,3778.032779095426,9999.387096774102,0.0,0.8759990944226314,1.1347572701353261
681000,3778.3893634752944,9999.387096774102,0.0,0.8735679309784882,1.1347570393054627
681060,3778.221953604219,9999.387096774102,0.0,0.8747044083747263,1.1347566170121164
681120,3778.0310751811435,9999.387096774102,0.0,0.8755815475064711,1.1347564738460385
681180,3777.9891734912376,9999.387096774102,0.0,0.875689935662955,1.1347563956675568
681240,3777.7938815267285,9999.387096774102,0.0,0.8765618765113654,1.134756440284297
681300,3778.0928713558133,9999.387096774102,0.0,0.8748283404681676,1.134756691598328
681360,3778.0909435596204,9999.387096774102,0.0,0.8744699302605997,1.1347568916657589
681420,3777.977562861881,9999.387096774102,0.0,0.8751679829791,1.1347571054195429
681480,3777.846278093955,9999.387096774102,0.0,0.8757879429687125,1.1347572289457502
681540,3777.818566554334,9999.387096774102,0.0,0.8755916960427332,1.1347575327324235
681600,3777.8543815867365,9999.387096774102,0.0,0.8755536127378665,1.134757733118736
681660,3778.1389206317267,9999.387096774102,0.0,0.8736697969605822,1.1347581830074795
681720,3777.9568443212784,9999.387096774102,0.0,0.8748581751843031,1.1347583026089436
681780,3777.676416869127,9999.387096774102,0.0,0.8763492979110856,1.1347584823857344
681840,3777.760467353103,9999.387096774102,0.0,0.8757954905681515,1.1347587036782685
681900,3777.7168107847865,9999.387096774102,0.0,0.8758089861306383,1.1347589374811164
681960,3778.2699358701957,9999.387096774102,0.0,0.87323172857969,1.1347592999368252
682020,3778.137386571145,9999.387096774102,0.0,0.8747223313141084,1.1347587798756815
682080,3777.9099201601466,9999.387096774102,0.0,0.8757455009310826,1.1347583826656327
682140,3777.843434140426,9999.387096774102,0.0,0.8762472195992924,1.1347581249613545
682200,3778.1888995444274,9999.387096774102,0.0,0.87540528333267,1.1347573851289419
682260,3778.207304647855,9999.387096774102,0.0,0.8748358799864433,1.1347568386114013
682320,3778.294760607214,9999.387096774102,0.0,0.8745308348706405,1.1347565184204897
682380,3778.1080489828264,9999.387096774102,0.0,0.8752756444889768,1.1347561794974859
682440,3777.9329398713753,9999.387096774102,0.0,0.8759077448674367,1.1347561095940344
682500,3777.942064760078,9999.387096774102,0.0,0.8759410904572204,1.13475608176196
682560,3778.2696704370346,9999.387096774102,0.0,0.873656917042058,1.1347564219950188
682620,3778.1230026565268,9999.387096774102,0.0,0.8746667385747591,1.1347564854526158
682680,3777.921352193656,9999.387096774102,0.0,0.8756521625259799,1.1347566869332344
682740,3777.892407490447,9999.387096774102,0.0,0.8757257488286124,1.1347568636392333
682800,3777.719713920177,9999.387096774102,0.0,0.8764910508483914,1.1347570913860627
682860,3778.019351243659,9999.387096774102,0.0,0.8747883303860937,1.1347574675939085
682920,3778.0220106558722,9999.387096774102,0.0,0.8744456125502638,1.1347577488302587
682980,3777.9000237317573,9999.387096774102,0.0,0.8752102914251624,1.1347580050709207
683040,3777.7744681614104,9999.387096774102,0.0,0.8758290953616763,1.134758153248508
683100,3777.759752914284,9999.387096774102,0.0,0.8755902446881175,1.13475846238145
683160,3777.8050642888766,9999.387096774102,0.0,0.8755081321427399,1.134758657529198
683220,3778.080571842546,9999.387096774102,0.0,0.8737125813641297,1.1347590784426924
683280,3777.9041231104306,9999.387096774102,0.0,0.8748778539735993,1.1347591717510508
683340,3777.6286163240793,9999.387096774102,0.0,0.8763580082474552,1.1347593152576052
683400,3777.815707545762,9999.387096774102,0.0,0.8756637844447731,1.134759387949089
683460,3777.9655575159563,9999.387096774102,0.0,0.8754980369670199,1.1347589340061608
683520,3778.139296116296,9999.387096774102,0.0,0.8740826891821507,1.1347587847153722
683580,3778.1398818577245,9999.387096774102,0.0,0.8750753628659275,1.1347584447773689
683640,3778.1600789507993,9999.387096774102,0.0,0.8754012997908173,1.1347575582211091
683700,3777.8652309200206,9999.387096774102,0.0,0.8768810356634879,1.1347569622620488
683760,3778.1284117137475,9999.387096774102,0.0,0.8753039406810658,1.134756676656679
683820,3778.1216102650096,9999.387096774102,0.0,0.8749146951756361,1.1347565059854305
683880,3778.2004970642506,9999.387096774102,0.0,0.8745640729492599,1.1347565236490436
683940,3778.015981120388,9999.387096774102,0.0,0.8753343724222955,1.1347564591133374
684000,3777.8577527922935,9999.387096774102,0.0,0.8759180730903259,1.1347565829359643
684060,3777.8760401066347,9999.387096774102,0.0,0.8759224085885975,1.1347566861438414
684120,3778.2027183668038,9999.387096774102,0.0,0.873679917237407,1.1347571082487018
684180,3778.065534927273,9999.387096774102,0.0,0.8746460384361947,1.1347572315233108
684240,3777.8586287642725,9999.387096774102,0.0,0.8756845125428295,1.1347574569018941
684300,3777.834240677528,9999.387096774102,0.0,0.8757529976083211,1.1347576456571915
684360,3777.678415580734,9999.387096774102,0.0,0.876437968011002,1.1347578728044785
684420,3777.977814761611,9999.387096774102,0.0,0.8747615337559084,1.134758233566709
684480,3777.983849942281,9999.387096774102,0.0,0.874429833190953,1.1347584912364677
684540,3777.856627013422,9999.387096774102,0.0,0.8752359509957682,1.1347587145500047
684600,3777.734157108467,9999.387096774102,0.0,0.8758572569936515,1.1347588312482644
684660,3777.6478027973853,9999.387096774102,0.0,0.8762122940935104,1.1347590837515271
684720,3778.158400483583,9999.387096774102,0.0,0.8744993106904606,1.1347589671575864
684780,3778.089434716934,9999.387096774102,0.0,0.8747220907349659,1.1347585290915059
684840,3778.00240640107,9999.387096774102,0.0,0.8754244918436995,1.134758337132287
684900,3778.0912387745284,9999.387096774102,0.0,0.8757597288916823,1.1347576923196607
684960,3778.0366431896696,9999.387096774102,0.0,0.8760949080643876,1.134756908375808
685020,3778.2794504128956,9999.387096774102,0.0,0.874265941482573,1.1347566353378262
685080,3778.188737523965,9999.387096774102,0.0,0.8749657299140295,1.1347562563762785
685140,3778.185117608707,9999.387096774102,0.0,0.8747289767042271,1.1347562176098633
685200,3778.0506668352264,9999.387096774102,0.0,0.8754373295803385,1.134756114565872
685260,3777.7752819899783,9999.387096774102,0.0,0.8768110059297901,1.1347561497272511
685320,3778.0225725768328,9999.387096774102,0.0,0.8752887391632208,1.1347563816114499
685380,3778.03991401892,9999.387096774102,0.0,0.8748037150617702,1.1347566151011401
685440,3778.1003331172624,9999.387096774102,0.0,0.8746040586206776,1.134756908027346
685500,3777.921789484807,9999.387096774102,0.0,0.8753863704241214,1.1347570453487066
685560,3777.775887109273,9999.387096774102,0.0,0.8759300061463294,1.1347573131216657
685620,3777.803015416396,9999.387096774102,0.0,0.875899750508687,1.1347575179438345
685680,3778.1309897719257,9999.387096774102,0.0,0.8736943472826495,1.134757996434366
685740,3778.001501163809,9999.387096774102,0.0,0.8746300262931973,1.1347581548121486
685800,3777.78932358583,9999.387096774102,0.0,0.8757226527434961,1.134758383994246
685860,3777.7701918501666,9999.387096774102,0.0,0.8757823367960543,1.1347585694176996
685920,3777.633080257574,9999.387096774102,0.0,0.8763782010503135,1.1347587831668886
685980,3777.932557992104,9999.387096774102,0.0,0.8747282374520307,1.134759117244511
686040,3777.9408576126325,9999.387096774102,0.0,0.8744164384109752,1.1347593407673116
686100,3777.7522823474496,9999.387096774102,0.0,0.8759601462715902,1.1347594877656197
686160,3777.921246058308,9999.387096774102,0.0,0.8757332003249406,1.1347590998399415
686220,3777.7914044698605,9999.387096774102,0.0,0.8763416695676011,1.1347586826958478
686280,3778.283655844033,9999.387096774102,0.0,0.8735076532000873,1.1347586643060512
686340,3778.3749395076684,9999.387096774102,0.0,0.8743020735578259,1.1347579412223052
686400,3778.208274050979,9999.387096774102,0.0,0.8748430843199085,1.1347572379787687
686460,3777.995414168012,9999.387096774102,0.0,0.87587433460976,1.1347567963263177
686520,3777.9726336316917,9999.387096774102,0.0,0.8760333480109372,1.1347564527062943
686580,3778.1821118746566,9999.387096774102,0.0,0.8743538799594756,1.1347565185998814
686640,3778.1150117684642,9999.387096774102,0.0,0.8748949899465079,1.1347564555181926
686700,3778.0962471070807,9999.387096774102,0.0,0.8747999759065123,1.1347566265942675
686760,3777.972937870446,9999.387096774102,0.0,0.8754745486347436,1.1347566736674313
686820,3777.7138397626563,9999.387096774102,0.0,0.8767720778552622,1.1347568108689234
686880,3777.9623780677816,9999.387096774102,0.0,0.8752701725565804,1.134757109344326
686940,3777.9923211861437,9999.387096774102,0.0,0.8747442870967623,1.134757384118046
687000,3778.040960081893,9999.387096774102,0.0,0.8746294864675538,1.1347576873217418
687060,3777.865721199501,9999.387096774102,0.0,0.8754237272110882,1.134757825202365
687120,3777.7286538209823,9999.387096774102,0.0,0.8759409259602078,1.1347580819012473
687180,3777.762383815604,9999.387096774102,0.0,0.8758819786744748,1.134758270259999
687240,3778.0893919414957,9999.387096774102,0.0,0.8737133696517033,1.13475871816048
687300,3777.966552390296,9999.387096774102,0.0,0.8746184734553154,1.1347588485129663
687360,3777.7518932892367,9999.387096774102,0.0,0.8757414007247766,1.134759038872938
687420,3777.7698648585956,9999.387096774102,0.0,0.8761168698947105,1.1347590278615884
687480,3777.933464909485,9999.387096774102,0.0,0.8757909660488413,1.1347585634672968
687540,3778.06112204837,9999.387096774102,0.0,0.8746163327112737,1.1347584123808898
687600,3778.362616153905,9999.387096774102,0.0,0.8740807218959779,1.1347581487348106
687660,3778.2435525017304,9999.387096774102,0.0,0.8750461473857923,1.1347572234441838
687720,3777.9124910333117,9999.387096774102,0.0,0.8767677239863619,1.1347566301086036
687780,3778.0921305211527,9999.387096774102,0.0,0.8756109112830484,1.1347563100076643
687840,3778.030535558053,9999.387096774102,0.0,0.8755746267313765,1.1347561409920373
687900,3778.279037563028,9999.387096774102,0.0,0.8742450326441413,1.1347562303603111
687960,3778.1018378672466,9999.387096774102,0.0,0.8748857552302065,1.1347562077939681
688020,3777.885184139651,9999.387096774102,0.0,0.8759077346478203,1.1347563184916594
688080,3777.8649941559956,9999.387096774102,0.0,0.8760569809193479,1.1347564212577448
688140,3778.09342986002,9999.387096774102,0.0,0.8743325404936927,1.1347568138378028
688200,3778.038007460327,9999.387096774102,0.0,0.8748311762852332,1.1347569851536752
688260,3778.0025071205982,9999.387096774102,0.0,0.8748650371956923,1.1347573067470733
688320,3777.886294358979,9999.387096774102,0.0,0.8755181036778298,1.134757469537834
688380,3777.6455372790324,9999.387096774102,0.0,0.8767311553734869,1.1347576827542183
688440,3777.897530385126,9999.387096774102,0.0,0.8752443489747309,1.1347580234639114
688500,3777.939743138887,9999.387096774102,0.0,0.8746826408420786,1.1347583178982563
688560,3777.9747528189714,9999.387096774102,0.0,0.874661754892683,1.1347586134100158
688620,3777.8033111770997,9999.387096774102,0.0,0.87546750383755,1.1347587378578698
688680,3777.6767593124027,9999.387096774102,0.0,0.8759497562605126,1.134758971822067
688740,3777.7180384967874,9999.387096774102,0.0,0.8758582744388089,1.1347591337854024
688800,3778.0440660938184,9999.387096774102,0.0,0.873729116875936,1.1347595418346976
688860,3778.13680727317,9999.387096774102,0.0,0.8744450746442848,1.1347594101123053
688920,3778.0017129032935,9999.387096774102,0.0,0.8752173706246971,1.1347588673563629
688980,3777.669320702468,9999.387096774102,0.0,0.8770849937125791,1.1347585674954928
689040,3778.195089226074,9999.387096774102,0.0,0.8749217866455677,1.1347581859624714
689100,3778.1466014780517,9999.387096774102,0.0,0.8753602670447358,1.134757378017843
689160,3778.3545887426862,9999.387096774102,0.0,0.8739216344175775,1.1347570741294366
689220,3778.1636588955084,9999.387096774102,0.0,0.875076116334097,1.1347566185865385
689280,3777.847910328031,9999.387096774102,0.0,0.8766856423743391,1.1347563938896863
689340,3778.0013848242397,9999.387096774102,0.0,0.8756259113638039,1.1347563991880036
689400,3777.9676485350356,9999.387096774102,0.0,0.8754577484359661,1.1347564903121687
689460,3778.20578655453,9999.387096774102,0.0,0.8742439874095863,1.1347567444698883
689520,3778.029609447721,9999.387096774102,0.0,0.8749183588762696,1.1347568339481753
689580,3777.8181489334074,9999.387096774102,0.0,0.8759313622492162,1.1347570209622135
689640,3777.803728010213,9999.387096774102,0.0,0.8760638572622801,1.1347571750471392
689700,3778.0390017010977,9999.387096774102,0.0,0.8743364867630129,1.134757590927469
689760,3777.994618763069,9999.387096774102,0.0,0.8747830444934683,1.1347577735127932
689820,3777.94797096568,9999.387096774102,0.0,0.8749049464368921,1.1347580790796006
689880,3777.8357892473277,9999.387096774102,0.0,0.8755490498327102,1.1347582264371125
689940,3777.6086150286565,9999.387096774102,0.0,0.8766981453270095,1.1347584175017476
690000,3777.861518861362,9999.387096774102,0.0,0.8752286028953588,1.1347587285312133
690060,3777.912787209993,9999.387096774102,0.0,0.8746405880584875,1.134758991208939
690120,3777.9637107934236,9999.387096774102,0.0,0.8749381499718276,1.1347592235025812
690180,3777.9958835039974,9999.387096774102,0.0,0.8754694106832819,1.1347587709137181
690240,3777.8059040532276,9999.387096774102,0.0,0.876381934732303,1.1347583487528254
690300,3778.128117052527,9999.387096774102,0.0,0.874494187037866,1.1347582573730062
690360,3778.3398419207842,9999.387096774102,0.0,0.8746011537897698,1.1347575393764693
690420,3778.2804452451624,9999.387096774102,0.0,0.8744955212918072,1.1347569128006703
690480,3778.0902109131016,9999.387096774102,0.0,0.8755381664329359,1.1347564823723428
690540,3778.0079919131226,9999.387096774102,0.0,0.8759186767233875,1.134756136315421
690600,3778.069409712117,9999.387096774102,0.0,0.8750789880211572,1.1347561561988266
690660,3778.0565018555167,9999.387096774102,0.0,0.8753028710944101,1.1347561234932664
690720,3778.235655434029,9999.387096774102,0.0,0.8740028889829724,1.1347564000440407
690780,3778.0495379904314,9999.387096774102,0.0,0.8751186529123461,1.1347564373442112
690840,3777.7461783549306,9999.387096774102,0.0,0.8766915014010064,1.1347565797123742
690900,3777.9113684727863,9999.387096774102,0.0,0.8756191233066197,1.1347568481824584
690960,3777.8974607535433,9999.387096774102,0.0,0.8753689255430939,1.1347571281223416
691020,3778.1232627012105,9999.387096774102,0.0,0.874250907659723,1.1347575060499726
691080,3777.9486979113503,9999.387096774102,0.0,0.8749590785860584,1.134757679577015
691140,3777.744443549012,9999.387096774102,0.0,0.8759565446507417,1.134757917832971
691200,3777.737367762539,9999.387096774102,0.0,0.8760668531699011,1.134758100981132
691260,3777.9801464754587,9999.387096774102,0.0,0.8743341226836361,1.134758521604805
691320,3777.946732657369,9999.387096774102,0.0,0.8747303709332676,1.1347587005324327
691380,3777.886958728727,9999.387096774102,0.0,0.8749534244012356,1.134758976124596
691440,3777.779609259763,9999.387096774102,0.0,0.8755847957205269,1.1347590974020723
691500,3777.567715032295,9999.387096774102,0.0,0.8766616912048659,1.1347592571831353
691560,3778.094183857496,9999.387096774102,0.0,0.8740481457506126,1.1347595155202936
691620,3778.1058789847766,9999.387096774102,0.0,0.874741069846734,1.1347590432485595
691680,3778.0774430834203,9999.387096774102,0.0,0.8745613347711823,1.1347587746677976
691740,3777.8337132227275,9999.387096774102,0.0,0.8764888831638231,1.1347584041002527
691800,3778.098747654265,9999.387096774102,0.0,0.8757614547253367,1.1347576001048145
691860,3777.9687070344803,9999.387096774102,0.0,0.8761704901127723,1.1347570362128332
691920,3778.2869993070117,9999.387096774102,0.0,0.8744605167217219,1.1347567887920496
691980,3778.1964357168827,9999.387096774102,0.0,0.8745591362813686,1.134756545057897
692040,3778.000051561007,9999.387096774102,0.0,0.875569916338879,1.1347564546047508
692100,3777.915626582665,9999.387096774102,0.0,0.875970835101598,1.134756392588301
692160,3777.998696290275,9999.387096774102,0.0,0.875063830503828,1.1347566155940174
692220,3777.99611197305,9999.387096774102,0.0,0.8752492881102928,1.1347567198684758
692280,3778.161998038101,9999.387096774102,0.0,0.8740582605282297,1.1347570761796668
692340,3777.9823231492637,9999.387096774102,0.0,0.8751487799306263,1.13475717479549
692400,3777.6892613205296,9999.387096774102,0.0,0.8766806324702957,1.134757350232798
692460,3777.857729712475,9999.387096774102,0.0,0.875617473185814,1.1347576317887333
692520,3777.858940570135,9999.387096774102,0.0,0.8753040199859361,1.1347579120887223
692580,3778.0757987299785,9999.387096774102,0.0,0.8742553471706593,1.1347582713977522
692640,3777.9024552779,9999.387096774102,0.0,0.8749867640305335,1.1347584215529933
692700,3777.703203156238,9999.387096774102,0.0,0.8759740058777142,1.1347586308991082
692760,3777.7008454392635,9999.387096774102,0.0,0.8760682217858959,1.1347587845613716
692820,3777.934828886676,9999.387096774102,0.0,0.8744353588558181,1.1347591652507485
692880,3778.270275943194,9999.387096774102,0.0,0.8738984322852681,1.1347590875033822
692940,3778.083191153863,9999.387096774102,0.0,0.8748369828179563,1.134758555238876
693000,3777.7358816634837,9999.387096774102,0.0,0.8768990133209476,1.1347582596758106
693060,3778.118048796429,9999.387096774102,0.0,0.8754991197178215,1.1347577832832043
693120,3778.097371362972,9999.387096774102,0.0,0.8757642239478659,1.1347569875460755
693180,3778.44708675776,9999.387096774102,0.0,0.8734183028981769,1.1347567525786566
693240,3778.23274377555,9999.387096774102,0.0,0.8747816544784309,1.1347563037430564
693300,3777.946552613095,9999.387096774102,0.0,0.8762133252241311,1.1347561156102381
693360,3777.9962784568934,9999.387096774102,0.0,0.8757477778060934,1.1347560860136046
693420,3777.8754579475108,9999.387096774102,0.0,0.8761334676040818,1.1347561655309346
693480,3778.1833315935264,9999.387096774102,0.0,0.8744296958142934,1.1347564469682216
693540,3778.0962478335196,9999.387096774102,0.0,0.8745608115821771,1.1347566113985041
693600,3777.89883785454,9999.387096774102,0.0,0.8756171767128861,1.1347568128091905
693660,3777.8237385067337,9999.387096774102,0.0,0.8760017730823922,1.1347569630001424
693720,3777.920166250863,9999.387096774102,0.0,0.8750572074366393,1.1347573353129128
693780,3777.9295658579804,9999.387096774102,0.0,0.8751865520849975,1.1347575468354767
693840,3778.080692902804,9999.387096774102,0.0,0.8741210057378362,1.1347579557327663
693900,3777.9081316250904,9999.387096774102,0.0,0.8751854597002269,1.1347580915556044
693960,3777.626795960945,9999.387096774102,0.0,0.8766694298532713,1.1347582801105982
694020,3777.7992396477043,9999.387096774102,0.0,0.8756118924719953,1.1347585590642415
694080,3777.8167307706217,9999.387096774102,0.0,0.875230950037029,1.1347588264937123
694140,3778.0227083757723,9999.387096774102,0.0,0.8742636967077172,1.1347591547562978
694200,3777.8504577436775,9999.387096774102,0.0,0.8750215527291889,1.1347592712376895
694260,3777.5420828046676,9999.387096774102,0.0,0.8769547080670713,1.1347594056989756
694320,3777.9494654423656,9999.387096774102,0.0,0.8755337825406528,1.1347591580016108
694380,3777.9073678629884,9999.387096774102,0.0,0.8756394569815432,1.1347587534615649
694440,3778.3104848956295,9999.387096774102,0.0,0.873470072751469,1.1347587350287152
694500,3778.2406231895607,9999.387096774102,0.0,0.8749654164018449,1.1347579882434582
694560,3778.077271319715,9999.387096774102,0.0,0.8756832294878392,1.1347572179070757
694620,3778.022658530414,9999.387096774102,0.0,0.8756102381345899,1.1347568347799324
694680,3778.0335681410397,9999.387096774102,0.0,0.8757067812072848,1.1347564935327394
694740,3778.3453951544175,9999.387096774102,0.0,0.8735255847699565,1.1347565984060355
694800,3778.145315580548,9999.387096774102,0.0,0.8747860093944503,1.134756469577179
694860,3777.85952892282,9999.387096774102,0.0,0.8762542966125236,1.1347565073303845
694920,3777.9214505655923,9999.387096774102,0.0,0.8757643574181769,1.1347566339230355
694980,3777.8197359486994,9999.387096774102,0.0,0.8760622513424456,1.134756820941453
695040,3778.125068596889,9999.387096774102,0.0,0.8743985886506851,1.1347571701554664
695100,3778.0373032670686,9999.387096774102,0.0,0.8745690833106748,1.1347573730627685
695160,3777.839448031502,9999.387096774102,0.0,0.8756466899398007,1.1347575904759308
695220,3777.7691541096174,9999.387096774102,0.0,0.8760246437612876,1.1347577447071127
695280,3777.8744058163643,9999.387096774102,0.0,0.8750596114314245,1.1347581066989925
695340,3777.893605084237,9999.387096774102,0.0,0.8751401941997673,1.1347583038336002
695400,3778.0345435449735,9999.387096774102,0.0,0.8741606978842602,1.134758678664502
695460,3777.8661256516652,9999.387096774102,0.0,0.8752107584988805,1.1347587856338224
695520,3777.5938254435137,9999.387096774102,0.0,0.8766557745299788,1.1347589406611511
695580,3777.9513880908735,9999.387096774102,0.0,0.8749691543676141,1.1347591140692277
695640,3778.0488210002623,9999.387096774102,0.0,0.8751603590040333,1.1347586560115326
695700,3778.161517455612,9999.387096774102,0.0,0.8741196457126387,1.1347584733838116
695760,3777.9922921318584,9999.387096774102,0.0,0.8758852730997173,1.1347581047367434
695820,3778.1438133833963,9999.387096774102,0.0,0.8756318976118377,1.1347572472500111
695880,3777.9101322837564,9999.387096774102,0.0,0.8767022444250797,1.134756659332515
695940,3778.2190639514247,9999.387096774102,0.0,0.8749269707596976,1.1347564014962386
696000,3778.204910121584,9999.387096774102,0.0,0.8745637293997551,1.1347562200999712
696060,3778.1250604261527,9999.387096774102,0.0,0.8750369024090159,1.134756185883078
696120,3777.977062442828,9999.387096774102,0.0,0.8756828252209483,1.1347561277470162
696180,3777.9149011241657,9999.387096774102,0.0,0.8756378913241859,1.1347563061346946
696240,3777.936487158825,9999.387096774102,0.0,0.8756613971471316,1.1347564277145894
696300,3778.244570279095,9999.387096774102,0.0,0.8735716038616959,1.1347568611647099
696360,3778.0536570426025,9999.387096774102,0.0,0.8748014545699277,1.1347569728936038
696420,3777.771005916444,9999.387096774102,0.0,0.8762760721672789,1.1347571756159167
696480,3777.838502898265,9999.387096774102,0.0,0.8757828231948324,1.134757421881788
696540,3777.7588642762466,9999.387096774102,0.0,0.8759783913538355,1.1347576903970962
696600,3778.0619085259227,9999.387096774102,0.0,0.8743619280924392,1.1347580821255
696660,3777.9716831640644,9999.387096774102,0.0,0.8745841282697416,1.1347583007466977
696720,3777.77358441162,9999.387096774102,0.0,0.8756809286938226,1.1347585165768945
696780,3777.709065883432,9999.387096774102,0.0,0.8760484500225804,1.1347586609613605
696840,3777.8249492912946,9999.387096774102,0.0,0.8750547220818128,1.1347590008074264
696900,3777.8542470173325,9999.387096774102,0.0,0.8750863626213977,1.13475917322
696960,3777.982724159217,9999.387096774102,0.0,0.8742080790592731,1.1347595035502003
697020,3777.8559289425293,9999.387096774102,0.0,0.8757754328734833,1.1347593604596198
697080,3777.904520672113,9999.387096774102,0.0,0.8758121887018312,1.1347588514650557
697140,3777.7750829436723,9999.387096774102,0.0,0.8762854907658386,1.1347586168595474
697200,3778.4530993492945,9999.387096774102,0.0,0.8735195341444982,1.1347583841874946
697260,3778.270706274426,9999.387096774102,0.0,0.8747050463968628,1.1347574997616403
697320,3778.0985003417604,9999.387096774102,0.0,0.8755344659840457,1.134757007883975
697380,3778.065978836807,9999.387096774102,0.0,0.8756361869454201,1.1347566012841874
697440,3777.8431335273804,9999.387096774102,0.0,0.8766542304142482,1.134756387642641
697500,3778.1330028600255,9999.387096774102,0.0,0.8749110727816678,1.1347564619742712
697560,3778.1354344286096,9999.387096774102,0.0,0.8744982676732691,1.1347565454501563
697620,3778.0439145643118,9999.387096774102,0.0,0.8750780160561218,1.134756681711404
697680,3777.9027283009696,9999.387096774102,0.0,0.8757214921260289,1.1347567439040303
697740,3777.8514241368166,9999.387096774102,0.0,0.8756437705242243,1.1347570036563384
697800,3777.8820316681345,9999.387096774102,0.0,0.875624540027659,1.1347571811330814
697860,3778.1834112136053,9999.387096774102,0.0,0.8736116505727858,1.1347576342951815
697920,3777.9993618951967,9999.387096774102,0.0,0.8748123368158298,1.134757756667544
697980,3777.720017630664,9999.387096774102,0.0,0.8762855473418565,1.1347579508919978
698040,3777.7903982412627,9999.387096774102,0.0,0.875797088935277,1.1347581819363397
698100,3777.7265583247004,9999.387096774102,0.0,0.875919721318899,1.1347584301171094
698160,3778.0271395434243,9999.387096774102,0.0,0.8743381895725205,1.1347587909577064
698220,3777.9358549211393,9999.387096774102,0.0,0.8745936837988746,1.1347589741688735
698280,3777.638736651845,9999.387096774102,0.0,0.8766305828837386,1.1347591125484564
698340,3777.935755200801,9999.387096774102,0.0,0.875749913986378,1.1347587921171778
698400,3777.849710786509,9999.387096774102,0.0,0.8761085920837572,1.1347583839131803
698460,3778.391323914396,9999.387096774102,0.0,0.8730536681627032,1.134758409819758
698520,3778.3632676802436,9999.387096774102,0.0,0.8744800744024513,1.134757652674291
698580,3778.1695246228387,9999.387096774102,0.0,0.8752360119769271,1.1347569014469667
698640,3778.000448951446,9999.387096774102,0.0,0.8758966233978309,1.1347564785130522
698700,3778.006680674665,9999.387096774102,0.0,0.8759617319634379,1.1347561438390967
698760,3778.314487346128,9999.387096774102,0.0,0.8737324460751764,1.134756258583091
698820,3778.1737694972812,9999.387096774102,0.0,0.8746904123528185,1.1347561739485248
698880,3777.993478919426,9999.387096774102,0.0,0.8755365585597219,1.1347562809738694
698940,3777.950086466808,9999.387096774102,0.0,0.8756849959945908,1.134756374989295
699000,3777.7539266519334,9999.387096774102,0.0,0.8765771633716017,1.1347565465956493
699060,3778.0493590593646,9999.387096774102,0.0,0.8748652168720364,1.134756891095498
699120,3778.0568753445377,9999.387096774102,0.0,0.8744680520638227,1.134757164509531
699180,3777.9547064071326,9999.387096774102,0.0,0.8751237046361641,1.1347574284239164
699240,3777.8195149807807,9999.387096774102,0.0,0.8757685073089168,1.1347575822387843
699300,3777.7827596372686,9999.387096774102,0.0,0.8756425321948876,1.1347578986905724
699360,3777.823195330274,9999.387096774102,0.0,0.875579781988181,1.1347581091756767
699420,3778.1160869284463,9999.387096774102,0.0,0.8736555618839936,1.134758562029486
699480,3777.9385374750345,9999.387096774102,0.0,0.8748294549291841,1.1347586796167297
699540,3777.6631344914827,9999.387096774102,0.0,0.8762995257136387,1.1347588523306193
699600,3777.7375980396664,9999.387096774102,0.0,0.8758103560323147,1.1347590575260018
699660,3777.691142162183,9999.387096774102,0.0,0.8758527905687818,1.1347592761015721
699720,3778.253459067465,9999.387096774102,0.0,0.8732108610660864,1.1347596250716387
699780,3778.12127270979,9999.387096774102,0.0,0.8746918215053017,1.1347591055333819
699840,3777.8973309994954,9999.387096774102,0.0,0.8757003836077976,1.1347587079317722
699900,3777.8158678988602,9999.387096774102,0.0,0.8763056558336707,1.1347584370864325
699960,3778.158991178626,9999.387096774102,0.0,0.8754391481034701,1.134757702012924
700020,3778.1781475189996,9999.387096774102,0.0,0.8748792501929398,1.1347571601620252
700080,3778.282838690634,9999.387096774102,0.0,0.8744871138088735,1.1347568437202595
700140,3778.0946360834837,9999.387096774102,0.0,0.8752401568387407,1.1347565008681295
700200,3777.913474159371,9999.387096774102,0.0,0.8759271387546614,1.1347564182987948
700260,3777.9220933977526,9999.387096774102,0.0,0.8759600989968026,1.1347563791931916
700320,3778.2418568094654,9999.387096774102,0.0,0.8737269301381362,1.1347567014085607
700380,3778.1090762332137,9999.387096774102,0.0,0.8746619944214549,1.134756757473765
700440,3777.9213230950313,9999.387096774102,0.0,0.8755719614620199,1.1347569501744346
700500,3777.8820277184113,9999.387096774102,0.0,0.8757162842295722,1.1347571074400853
700560,3777.704076716511,9999.387096774102,0.0,0.8765217266230677,1.1347573179648391
700620,3778.0000623442907,9999.387096774102,0.0,0.8748365732453199,1.134757676045389
700680,3778.012246781508,9999.387096774102,0.0,0.8744455141856549,1.1347579474156333
700740,3777.903328497769,9999.387096774102,0.0,0.8751522229412725,1.1347581933029764
700800,3777.771634252937,9999.387096774102,0.0,0.8758003933990878,1.1347583267270427
700860,3777.743910897445,9999.387096774102,0.0,0.8756478933566519,1.1347586159293706
700920,3777.792113517854,9999.387096774102,0.0,0.8755467214936218,1.134758798821465
700980,3778.078671802932,9999.387096774102,0.0,0.8736870209022441,1.1347592107971796
701040,3778.0231926943284,9999.387096774102,0.0,0.8750951559445753,1.1347590636415767
701100,3777.9710561982074,9999.387096774102,0.0,0.8755326681927628,1.1347585313473056
701160,3777.7051643905816,9999.387096774102,0.0,0.8769084148915886,1.1347582593058614
701220,3778.340884875248,9999.387096774102,0.0,0.874245433228539,1.1347579566668842
701280,3778.232818916788,9999.387096774102,0.0,0.8750133277389773,1.134757109850679
701340,3778.2653763029884,9999.387096774102,0.0,0.8746303054339403,1.1347567216051813
701400,3778.133321477315,9999.387096774102,0.0,0.8753663738677241,1.1347562853589859
701460,3777.8384395453722,9999.387096774102,0.0,0.8768338102121109,1.1347560650821047
701520,3778.068864935142,9999.387096774102,0.0,0.8753521030588237,1.134756117479556
701580,3778.0753443314866,9999.387096774102,0.0,0.8749073801153326,1.1347562280139794
701640,3778.166445800288,9999.387096774102,0.0,0.8745281047350812,1.1347564464102136
701700,3777.9823848451147,9999.387096774102,0.0,0.8753053860090383,1.1347565262252552
701760,3777.8189005621534,9999.387096774102,0.0,0.8759396153752654,1.134756753000061
701820,3777.8379582951216,9999.387096774102,0.0,0.8759395895202223,1.134756935365191
701880,3778.15949115944,9999.387096774102,0.0,0.8737402370172439,1.1347574077288887
701940,3778.0361447212654,9999.387096774102,0.0,0.8746359363797405,1.1347575735222832
702000,3777.84054971701,9999.387096774102,0.0,0.8756185337601136,1.1347578251460722
702060,3777.807751944956,9999.387096774102,0.0,0.8757493985454435,1.134758021832904
702120,3777.649655538532,9999.387096774102,0.0,0.8764605102013026,1.134758251009405
702180,3777.946340140528,9999.387096774102,0.0,0.8748016267898289,1.1347586063907056
702240,3777.962277520805,9999.387096774102,0.0,0.8744246692611244,1.1347588614023427
702300,3777.8457175453777,9999.387096774102,0.0,0.8751876551165101,1.1347590769688656
702360,3777.718409469042,9999.387096774102,0.0,0.8758363291615734,1.1347591801090169
702420,3777.620470129844,9999.387096774102,0.0,0.8762765575023082,1.134759411636384
702480,3778.124866380816,9999.387096774102,0.0,0.8745612103019504,1.1347592847470114
702540,3778.0656313069544,9999.387096774102,0.0,0.8747379968101087,1.1347588505634314
702600,3778.0003689960395,9999.387096774102,0.0,0.875319068087909,1.134758659986383
702660,3778.0713660607976,9999.387096774102,0.0,0.8757493947352611,1.13475800999119
702720,3778.0136384054927,9999.387096774102,0.0,0.8760969324632781,1.134757232525952
702780,3778.2429067798967,9999.387096774102,0.0,0.8743560636298955,1.1347569528329815
702840,3778.16461561903,9999.387096774102,0.0,0.8749882482119864,1.1347565746692163
702900,3778.179256371983,9999.387096774102,0.0,0.8746502355858986,1.13475653566801
702960,3778.0380467796554,9999.387096774102,0.0,0.8754122300428007,1.1347564194341686
703020,3777.7606951015887,9999.387096774102,0.0,0.8768057962486313,1.134756441286731
703080,3778.000311344616,9999.387096774102,0.0,0.8753297486271976,1.1347566550719452
703140,3778.019011169206,9999.387096774102,0.0,0.8748474134007406,1.1347568750415318
703200,3778.0975701438488,9999.387096774102,0.0,0.8745541601802366,1.1347571590013987
703260,3777.916973901765,9999.387096774102,0.0,0.8753461869710714,1.1347572825829926
703320,3777.763138519512,9999.387096774102,0.0,0.8759521182363745,1.1347575308215654
703380,3777.789116356818,9999.387096774102,0.0,0.8759242422509118,1.1347577204555017
703440,3778.110995016419,9999.387096774102,0.0,0.8737565808140056,1.134758180140304
703500,3777.995178606441,9999.387096774102,0.0,0.8746182414818973,1.1347583309061626
703560,3777.795446235199,9999.387096774102,0.0,0.8756427272756315,1.1347585516504086
703620,3777.7654143219283,9999.387096774102,0.0,0.8757737417490176,1.1347587191305533
703680,3777.6217573961926,9999.387096774102,0.0,0.8764158090430497,1.1347589174755708
703740,3778.2530958571037,9999.387096774102,0.0,0.8732898874603457,1.1347592620240885
703800,3778.1697048293972,9999.387096774102,0.0,0.8745340739100014,1.1347587611555134
703860,3778.0155990733565,9999.387096774102,0.0,0.875083274919701,1.1347584226310412
703920,3777.8014806469664,9999.387096774102,0.0,0.8766399029842121,1.1347580903867227
703980,3778.1351659881407,9999.387096774102,0.0,0.8756949144633219,1.1347573153848047
704040,3778.0826601532112,9999.387096774102,0.0,0.8755878974978138,1.1347567637614049
704100,3778.3539229575695,9999.387096774102,0.0,0.8742273714620603,1.1347565096107017
704160,3778.1785547599393,9999.387096774102,0.0,0.8748159481064317,1.134756211204003
704220,3777.9531921721355,9999.387096774102,0.0,0.8758648723055705,1.1347561209250143
704280,3777.9202174066895,9999.387096774102,0.0,0.8760540540585002,1.1347560812920108
704340,3778.1295014666307,9999.387096774102,0.0,0.8744124963904444,1.1347563698094343
704400,3778.0729643895666,9999.387096774102,0.0,0.8749092755369429,1.1347564707901425
704460,3778.0692609011244,9999.387096774102,0.0,0.8747342552870466,1.1347567659606206
704520,3777.9400737507517,9999.387096774102,0.0,0.8754577960764038,1.1347568993683428
704580,3777.681413179197,9999.387096774102,0.0,0.8767657575978672,1.1347570989440645
704640,3777.9242252139206,9999.387096774102,0.0,0.875305695588217,1.134757435994816
704700,3777.9577268215617,9999.387096774102,0.0,0.8747745514560192,1.1347577388757508
704760,3778.0214060243034,9999.387096774102,0.0,0.874586981033524,1.1347580618133295
704820,3777.8449192110875,9999.387096774102,0.0,0.875392835660353,1.1347582070504532
704880,3777.7020292227958,9999.387096774102,0.0,0.8759630755851734,1.1347584591136888
704940,3777.7358486477187,9999.387096774102,0.0,0.8759032827023033,1.1347586419500668
705000,3778.058464239867,9999.387096774102,0.0,0.8737680088287851,1.134759076446039
705060,3777.9489374946925,9999.387096774102,0.0,0.8746036727049411,1.1347592009002252
705120,3777.7446286544377,9999.387096774102,0.0,0.8756742272620889,1.1347593809381102
705180,3777.7473647477163,9999.387096774102,0.0,0.8761435641209288,1.1347593511232377
705240,3777.9086447976374,9999.387096774102,0.0,0.875810334445439,1.1347588857867013
705300,3778.0305398966016,9999.387096774102,0.0,0.8746837074912618,1.1347587275938338
705360,3778.3563499492457,9999.387096774102,0.0,0.8739991971115815,1.1347584657672511
705420,3778.225369824814,9999.387096774102,0.0,0.8750169099488956,1.1347575476753924
705480,3777.897765870068,9999.387096774102,0.0,0.8767268809919432,1.1347569578567376
705540,3778.0673933204575,9999.387096774102,0.0,0.8756349885172858,1.134756630128435
705600,3778.0035665076916,9999.387096774102,0.0,0.8756256181523319,1.1347564538484185
705660,3778.262757643239,9999.387096774102,0.0,0.8742371907053387,1.1347565361384135
705720,3778.0917356685554,9999.387096774102,0.0,0.8748479314616084,1.1347565064180607
705780,3777.874620719222,9999.387096774102,0.0,0.8758933916220022,1.1347566021653368
705840,3777.8501482202078,9999.387096774102,0.0,0.8760617195202283,1.134756689790137
705900,3778.0656556322488,9999.387096774102,0.0,0.8744189206392374,1.1347570610728173
705960,3778.0213613471087,9999.387096774102,0.0,0.8748557139883727,1.134757221781292
706020,3778.005161134823,9999.387096774102,0.0,0.8747814969220459,1.134757536333217
706080,3777.8812020591254,9999.387096774102,0.0,0.8754910175263906,1.1347576811728564
706140,3777.636623224609,9999.387096774102,0.0,0.876733452084442,1.1347578781444372
706200,3777.880866293306,9999.387096774102,0.0,0.8752902792306456,1.1347582000443137
706260,3777.924874382252,9999.387096774102,0.0,0.8747256526413967,1.1347584816777108
706320,3777.9787035860177,9999.387096774102,0.0,0.8746066577305941,1.134758770113812
706380,3777.804530869146,9999.387096774102,0.0,0.875424502023821,1.1347588826022796
706440,3777.5578368689985,9999.387096774102,0.0,0.8768599015314597,1.1347590667330654
706500,3778.040829464652,9999.387096774102,0.0,0.8751421902297324,1.1347588845454424
706560,3778.003199474531,9999.387096774102,0.0,0.8751982560392173,1.134758474033309
706620,3778.2031537212783,9999.387096774102,0.0,0.8742452610317396,1.134758391224899
706680,3778.173049121351,9999.387096774102,0.0,0.8753989041071841,1.134757673749977
706740,3778.057592056064,9999.387096774102,0.0,0.8759511431540569,1.1347568913321324
706800,3778.1304816530383,9999.387096774102,0.0,0.8750963881565272,1.134756556428058
706860,3778.1095891714594,9999.387096774102,0.0,0.8753943154778009,1.1347562068761303
706920,3778.314756414848,9999.387096774102,0.0,0.8738828293645999,1.134756269990244
706980,3778.116883168676,9999.387096774102,0.0,0.8750557722685438,1.1347561465446763
707040,3777.804873191867,9999.387096774102,0.0,0.8766666588836296,1.1347561778086328
707100,3777.9574108680804,9999.387096774102,0.0,0.8756460195808744,1.1347563607612683
707160,3777.9230265627702,9999.387096774102,0.0,0.8755003487522728,1.1347565831921131
707220,3778.1708157880325,9999.387096774102,0.0,0.8742338589475568,1.1347569385128913
707280,3778.000322563186,9999.387096774102,0.0,0.8748878959367646,1.1347571035124067
707340,3777.789263910231,9999.387096774102,0.0,0.8759228338177796,1.1347573380643394
707400,3777.772253447993,9999.387096774102,0.0,0.8760706584822199,1.1347575237115675
707460,3777.9975567645693,9999.387096774102,0.0,0.8744133694227358,1.13475795285304
707520,3777.9648885873335,9999.387096774102,0.0,0.8747977479465495,1.1347581494324797
707580,3777.9341915689297,9999.387096774102,0.0,0.8748363791743139,1.1347584626925573
707640,3777.8159312471485,9999.387096774102,0.0,0.875529416147966,1.1347586036426067
707700,3777.5871489011342,9999.387096774102,0.0,0.876698215947257,1.1347587852601655
707760,3777.8336944936445,9999.387096774102,0.0,0.8752687910531435,1.1347590810925896
707820,3777.8885165799675,9999.387096774102,0.0,0.8746716650105596,1.1347593316270008
707880,3777.963636902027,9999.387096774102,0.0,0.8748319231554655,1.1347595560110781
707940,3777.979299374923,9999.387096774102,0.0,0.8754437806628835,1.1347590966392787
708000,3777.78744451163,9999.387096774102,0.0,0.8763716618051758,1.134758672077329
708060,3778.0869855269025,9999.387096774102,0.0,0.874621336386883,1.1347585649850516
708120,3778.3091003149384,9999.387096774102,0.0,0.8746366637625619,1.134757854442196
708180,3778.2616817025664,9999.387096774102,0.0,0.8744736395844838,1.1347572390050775
708240,3778.078801195112,9999.387096774102,0.0,0.8754972750374479,1.1347568088189801
708300,3777.990845568955,9999.387096774102,0.0,0.8759047390431326,1.1347564567904762
708360,3778.0389647239667,9999.387096774102,0.0,0.8751550335975546,1.1347564616020998
708420,3778.0340776530134,9999.387096774102,0.0,0.8753342880208631,1.1347564206896867
708480,3778.2293275451075,9999.387096774102,0.0,0.8739438946484159,1.1347566905368167
708540,3778.0409819770293,9999.387096774102,0.0,0.875085387935261,1.1347567134932124
708600,3777.739027000065,9999.387096774102,0.0,0.8766561358839198,1.1347568418192204
708660,3777.8939684094257,9999.387096774102,0.0,0.875647663511026,1.1347570901948234
708720,3777.8769578323427,9999.387096774102,0.0,0.8754267692734021,1.1347573539940639
708780,3778.115934524835,9999.387096774102,0.0,0.8742341829311818,1.1347577204983215
708840,3777.946430371998,9999.387096774102,0.0,0.8749157493880209,1.1347578835338508
708900,3777.74013075955,9999.387096774102,0.0,0.8759429887437756,1.1347581051117346
708960,3777.728126640245,9999.387096774102,0.0,0.8760755022024431,1.1347582728615093
709020,3777.958297913559,9999.387096774102,0.0,0.874419773164275,1.1347586734897719
709080,3777.9355599576934,9999.387096774102,0.0,0.8747551803290555,1.1347588435126175
709140,3777.895461848993,9999.387096774102,0.0,0.8748677668566213,1.1347591147630456
709200,3777.792426573532,9999.387096774102,0.0,0.8761236499265215,1.1347590212323682
709260,3777.9131787544134,9999.387096774102,0.0,0.8758944443656979,1.1347585344220834
709320,3777.905446749714,9999.387096774102,0.0,0.8755686897939028,1.1347583439581757
709380,3778.5061881326556,9999.387096774102,0.0,0.8733574796600537,1.1347581337060437
709440,3778.292976845392,9999.387096774102,0.0,0.8747403356514285,1.134757205500638
709500,3778.0082608905873,9999.387096774102,0.0,0.8762116537586422,1.1347566511548624
709560,3778.0716622854325,9999.387096774102,0.0,0.8757198372693646,1.1347562839499734
709620,3777.919252284432,9999.387096774102,0.0,0.8762760181345064,1.134756094695132
709680,3778.2265002206836,9999.387096774102,0.0,0.8745092043875323,1.1347561956033025
709740,3778.1538226001016,9999.387096774102,0.0,0.8745288640470682,1.1347562444435646
709800,3777.9649215244676,9999.387096774102,0.0,0.8755413038266285,1.1347563602406727
709860,3777.878717809402,9999.387096774102,0.0,0.875960054096469,1.134756445571492
709920,3777.9501669706597,9999.387096774102,0.0,0.8751351527015643,1.1347567723299459
709980,3777.95686359024,9999.387096774102,0.0,0.8752707717831125,1.1347569614117572
710040,3778.136371628549,9999.387096774102,0.0,0.8740119220697792,1.1347573790683696
710100,3777.9559788091133,9999.387096774102,0.0,0.8751222646543891,1.1347575154367682
710160,3777.665336809646,9999.387096774102,0.0,0.8766502742034618,1.1347577146208727
710220,3777.8254194533665,9999.387096774102,0.0,0.8756446121462594,1.1347580044021846
710280,3777.8264709950486,9999.387096774102,0.0,0.875347146002048,1.134758288557814
710340,3778.0547989163492,9999.387096774102,0.0,0.8742382318172202,1.1347586486585948
710400,3777.886131004651,9999.387096774102,0.0,0.8749508310967222,1.1347587955206249
710460,3777.68559747506,9999.387096774102,0.0,0.8759651965836369,1.1347589923454264
710520,3777.679700986329,9999.387096774102,0.0,0.8760778844688905,1.1347591323690494
710580,3777.901381264661,9999.387096774102,0.0,0.8745289649549335,1.1347594921470832
710640,3778.252375378266,9999.387096774102,0.0,0.8738790726209273,1.1347594101994227
710700,3778.0670700308533,9999.387096774102,0.0,0.87480834330817,1.1347588808558873
710760,3777.7272850195995,9999.387096774102,0.0,0.8768370634255744,1.1347585812099557
710820,3778.0858511102215,9999.387096774102,0.0,0.8755537368454032,1.1347580953628105
710880,3778.070041676371,9999.387096774102,0.0,0.8757901854184448,1.1347573090894663
710940,3778.4255287320066,9999.387096774102,0.0,0.8734160368641124,1.1347570758234944
711000,3778.216394990795,9999.387096774102,0.0,0.874759824310336,1.1347566262026523
711060,3777.938694518741,9999.387096774102,0.0,0.8761478970382197,1.1347564342094574
711120,3777.9778234449404,9999.387096774102,0.0,0.8757546980748797,1.1347563894205748
711180,3777.85255314496,9999.387096774102,0.0,0.8761785659008954,1.1347564548844673
711240,3778.1609207801152,9999.387096774102,0.0,0.8744683827894689,1.1347567210770981
711300,3778.086511008354,9999.387096774102,0.0,0.874535611759603,1.1347568780289174
711360,3777.895657832865,9999.387096774102,0.0,0.8755743797867634,1.1347570657792236
711420,3777.814277122276,9999.387096774102,0.0,0.8759888777687148,1.1347571997188632
711480,3777.896539581212,9999.387096774102,0.0,0.8751356486554731,1.1347575501512492
711540,3777.913311219304,9999.387096774102,0.0,0.8752227052558906,1.1347577493908603
711600,3778.0820999015787,9999.387096774102,0.0,0.8740561751873724,1.134758150602408
711660,3777.906714697449,9999.387096774102,0.0,0.8751480062529362,1.1347582715384228
711720,3777.6249740503317,9999.387096774102,0.0,0.8766393998577714,1.1347584461637177
711780,3777.7868616136866,9999.387096774102,0.0,0.8756447097303866,1.134758706532062
711840,3777.8009686645028,9999.387096774102,0.0,0.8752924062479078,1.1347589599724093
711900,3778.172357068635,9999.387096774102,0.0,0.8737878515916295,1.1347592820744927
711960,3778.080941403454,9999.387096774102,0.0,0.8750252318779872,1.1347587776352548
712020,3777.8512983888004,9999.387096774102,0.0,0.8761070402963552,1.134758361480708
712080,3777.936576646308,9999.387096774102,0.0,0.8756403168331351,1.1347581698651132
712140,3778.2466173716025,9999.387096774102,0.0,0.8750945466356986,1.1347574450960598
712200,3778.2701483460432,9999.387096774102,0.0,0.8744932720822992,1.1347568835745412
712260,3778.211640547842,9999.387096774102,0.0,0.8749473347656785,1.1347565057285525
712320,3778.058921938036,9999.387096774102,0.0,0.8755902256735957,1.134756157646308
712380,3777.96499584372,9999.387096774102,0.0,0.8756915900011945,1.1347561189268327
712440,3777.9802680174257,9999.387096774102,0.0,0.8757280711004493,1.1347560939657488
712500,3778.3032926119495,9999.387096774102,0.0,0.8735180545623386,1.1347564343010481
712560,3778.109276038449,9999.387096774102,0.0,0.8747655484643293,1.1347564734692954
712620,3777.831299115968,9999.387096774102,0.0,0.8761968407568111,1.1347566358477534
712680,3777.8833813523715,9999.387096774102,0.0,0.8757754436078815,1.1347568494782065
712740,3777.7810048506444,9999.387096774102,0.0,0.8760935939782406,1.1347571009374189
712800,3778.0873487290846,9999.387096774102,0.0,0.8744282956831518,1.1347574928036572
712860,3778.011452902223,9999.387096774102,0.0,0.874545465494104,1.134757729877397
712920,3777.819098269828,9999.387096774102,0.0,0.8756130673899418,1.1347579640040493
712980,3777.7441030333084,9999.387096774102,0.0,0.8760176934902583,1.134758124479132
713040,3777.8384517611294,9999.387096774102,0.0,0.8751298188778328,1.1347584804941027
713100,3777.865745072124,9999.387096774102,0.0,0.8751668594781965,1.1347586753722851
713160,3778.0216442997407,9999.387096774102,0.0,0.8741076901336201,1.134759046277334
713220,3777.8515144463718,9999.387096774102,0.0,0.875180222979688,1.1347591409862372
713280,3777.5799028315528,9999.387096774102,0.0,0.8766294592359194,1.1347592817939878
713340,3777.914304176845,9999.387096774102,0.0,0.8750711485295825,1.1347594325508803
713400,3778.0216313275005,9999.387096774102,0.0,0.8751909975406272,1.1347589769849635
713460,3778.144832707945,9999.387096774102,0.0,0.8740990552619476,1.1347587951228404
713520,3777.9901189031148,9999.387096774102,0.0,0.8757952987553971,1.1347584237632005
713580,3778.1226834034132,9999.387096774102,0.0,0.8756191732770435,1.1347575696357264
713640,3777.885737107252,9999.387096774102,0.0,0.8767210026326395,1.134756983234026
713700,3778.1905190646917,9999.387096774102,0.0,0.8749696393966598,1.1347567198480073
713760,3778.1828231891072,9999.387096774102,0.0,0.8745790731915573,1.1347565355685236
713820,3778.118375368705,9999.387096774102,0.0,0.8749832520975341,1.1347564970610835
713880,3777.9654826619358,9999.387096774102,0.0,0.8756537111659085,1.13475642721307
713940,3777.8920882100606,9999.387096774102,0.0,0.8756892302381811,1.1347565866971105
714000,3777.9170278545166,9999.387096774102,0.0,0.8756918382604701,1.134756695316449
714060,3778.2323872468824,9999.387096774102,0.0,0.8735624104602159,1.1347571159149032
714120,3778.0465660944883,9999.387096774102,0.0,0.8747725513282764,1.1347572154682335
714180,3777.770567269453,9999.387096774102,0.0,0.8762131823030526,1.1347574059094205
714240,3777.8267500361953,9999.387096774102,0.0,0.8757926222213513,1.1347576320390742
714300,3777.741521312658,9999.387096774102,0.0,0.8760309961395285,1.1347578836599297
714360,3778.045795509969,9999.387096774102,0.0,0.8744013777318037,1.1347582596080457
714420,3777.9692074745735,9999.387096774102,0.0,0.8745523283892088,1.134758471728875
714480,3777.7762943944076,9999.387096774102,0.0,0.875637158067693,1.134758674790111
714540,3777.7048988975753,9999.387096774102,0.0,0.8760373216357498,1.1347588046114865
714600,3777.756080155571,9999.387096774102,0.0,0.8755176843216524,1.1347591121020015
714660,3778.242379035496,9999.387096774102,0.0,0.8740523030732925,1.1347590296546404
714720,3778.113826474016,9999.387096774102,0.0,0.8746174477805744,1.1347585526216242
714780,3777.8715513813827,9999.387096774102,0.0,0.8761687483211419,1.1347582991804184
714840,3778.0743134501126,9999.387096774102,0.0,0.8757977534379352,1.1347577192589984
714900,3778.0476556709436,9999.387096774102,0.0,0.8760412119666875,1.1347569335686285
714960,3778.3848795986282,9999.387096774102,0.0,0.8736973583754222,1.1347566963353033
715020,3778.232882517038,9999.387096774102,0.0,0.8747442742668259,1.1347562874940864
715080,3778.08030088051,9999.387096774102,0.0,0.8753900911055483,1.1347561735009652
715140,3778.0150092644303,9999.387096774102,0.0,0.8756403663192193,1.1347560967690593
715200,3777.795616847717,9999.387096774102,0.0,0.876657679197437,1.134756147200249
715260,3778.0867066723226,9999.387096774102,0.0,0.8749412176607939,1.1347564061670314
715320,3778.095436923107,9999.387096774102,0.0,0.8745081408135273,1.1347566284199824
715380,3778.016233816084,9999.387096774102,0.0,0.8750343512735114,1.1347568701215838
715440,3777.871285283275,9999.387096774102,0.0,0.8757025823977636,1.1347570065946802
715500,3777.8122173118186,9999.387096774102,0.0,0.8756905267471986,1.1347573127856307
715560,3777.8472831703884,9999.387096774102,0.0,0.8756485399190599,1.1347575254501938
715620,3778.1553075560346,9999.387096774102,0.0,0.8736062116121452,1.1347579999607205
715680,3777.9769305014793,9999.387096774102,0.0,0.8747860957448347,1.134758135459563
715740,3777.703632779842,9999.387096774102,0.0,0.8762330270236812,1.1347583339833365
715800,3777.7646745673965,9999.387096774102,0.0,0.875809318906088,1.1347585571365402
715860,3777.698297932183,9999.387096774102,0.0,0.8759601253183681,1.1347587959960126
715920,3778.0002618097674,9999.387096774102,0.0,0.8743695896809702,1.1347591444908172
715980,3777.9215486556354,9999.387096774102,0.0,0.8745647108666591,1.134759320853282
716040,3777.6345944651816,9999.387096774102,0.0,0.8765559546007929,1.134759445482031
716100,3777.911654744361,9999.387096774102,0.0,0.875765259501074,1.1347591146993188
716160,3777.8251913132026,9999.387096774102,0.0,0.876133679797773,1.134758704883474
716220,3778.3647955644965,9999.387096774102,0.0,0.873087359633782,1.1347587216204633
716280,3778.3462611082405,9999.387096774102,0.0,0.8744461238725222,1.1347579722376944
716340,3778.153412961562,9999.387096774102,0.0,0.8751984136994111,1.1347572290924277
716400,3777.9785829894176,9999.387096774102,0.0,0.8759137148899041,1.134756801744482
716460,3777.9844086954836,9999.387096774102,0.0,0.8759769001730662,1.1347564624778468
716520,3778.28314069111,9999.387096774102,0.0,0.8738074994044925,1.134756563528565
716580,3778.1560438798792,9999.387096774102,0.0,0.8746921083114535,1.1347564742627698
716640,3777.9910682894497,9999.387096774102,0.0,0.8754552064864722,1.1347565750532385
716700,3777.9377226875017,9999.387096774102,0.0,0.8756732771952918,1.1347566510078226
716760,3777.7369848653016,9999.387096774102,0.0,0.876601917486882,1.134756806182541
716820,3778.0281560670705,9999.387096774102,0.0,0.8749123662078487,1.1347571323952326
716880,3778.043834430951,9999.387096774102,0.0,0.8744752784823526,1.1347573948903953
716940,3777.9560014194453,9999.387096774102,0.0,0.8750659591438451,1.134757648391436
717000,3777.815106550941,9999.387096774102,0.0,0.8757381653475105,1.1347577869279422
717060,3777.765982542863,9999.387096774102,0.0,0.8756961131910503,1.1347580827499248
717120,3777.8090190329963,9999.387096774102,0.0,0.8756159718290164,1.1347582799006941
717180,3778.111069907569,9999.387096774102,0.0,0.8736390864452526,1.134758721848173
717240,3777.9381546409754,9999.387096774102,0.0,0.8747948390105116,1.1347588289114081
717300,3777.6677876408144,9999.387096774102,0.0,0.8762394224721433,1.1347589910999347
717360,3777.8144723675505,9999.387096774102,0.0,0.8757964332510435,1.1347590522407478
717420,3777.9713279548805,9999.387096774102,0.0,0.8755839544586235,1.1347585961172184
717480,3778.143639995918,9999.387096774102,0.0,0.874154655094149,1.1347584544302471
717540,3778.20907610295,9999.387096774102,0.0,0.8748436090516036,1.1347581344510016
717600,3778.1978926581846,9999.387096774102,0.0,0.8753157899545779,1.1347572310192058
717660,3777.8860185667663,9999.387096774102,0.0,0.8768989215158137,1.134756631612203
717720,3778.13294998775,9999.387096774102,0.0,0.8753899004057686,1.1347563414255837
717780,3778.1146011620062,9999.387096774102,0.0,0.8750653210740703,1.1347561775306196
717840,3778.238674424544,9999.387096774102,0.0,0.8744573433635356,1.1347562226885062
717900,3778.0491810635226,9999.387096774102,0.0,0.8752251706559465,1.1347561742035701
717960,3777.8702240325524,9999.387096774102,0.0,0.8759414989584324,1.1347563032654437
718020,3777.881021930694,9999.387096774102,0.0,0.8759722375692652,1.1347564170191877
718080,3778.192273728209,9999.387096774102,0.0,0.8737980690548073,1.134756846927579
718140,3778.0742529217628,9999.387096774102,0.0,0.8746557045871438,1.1347569937680928
718200,3777.8986646590924,9999.387096774102,0.0,0.8755069018086608,1.1347572500333212
718260,3777.851815835157,9999.387096774102,0.0,0.8757109188514978,1.134757443342525
718320,3777.672254713542,9999.387096774102,0.0,0.8765392801254992,1.1347576772931858
718380,3777.9650482790744,9999.387096774102,0.0,0.8748757956224698,1.1347580460656532
718440,3777.986238607937,9999.387096774102,0.0,0.8744456155500516,1.134758326477359
718500,3777.888922665127,9999.387096774102,0.0,0.8751044183082283,1.1347585740576744
718560,3777.752849792103,9999.387096774102,0.0,0.8757783554510172,1.1347587007461295
718620,3777.7155705964756,9999.387096774102,0.0,0.8756969497030014,1.1347589745289692
718680,3777.767314535696,9999.387096774102,0.0,0.8755759368600087,1.1347591461026918
718740,3778.0620210062884,9999.387096774102,0.0,0.8736749195911117,1.134759545564196
718800,3778.017004554045,9999.387096774102,0.0,0.8750246975404358,1.1347593911797058
718860,3777.954027213156,9999.387096774102,0.0,0.875509120320679,1.1347588570618883
718920,3777.683749989144,9999.387096774102,0.0,0.876925976584566,1.134758577080771
718980,3778.3002802856217,9999.387096774102,0.0,0.874340163017309,1.1347582637351803
719040,3778.2054072164924,9999.387096774102,0.0,0.8750371405861513,1.1347574305796873
719100,3778.2568839234527,9999.387096774102,0.0,0.8745496825949658,1.134757051080345
719160,3778.1176735337135,9999.387096774102,0.0,0.8753413938667611,1.1347566089001935
719220,3777.822071959878,9999.387096774102,0.0,0.8768213874554586,1.13475638119969
719280,3778.044509235785,9999.387096774102,0.0,0.8753899995002605,1.1347564190565806
719340,3778.0516560941924,9999.387096774102,0.0,0.8749533882621502,1.1347565180919734
719400,3778.1603846774306,9999.387096774102,0.0,0.8744827265007776,1.1347567286476243
719460,3777.97516471187,9999.387096774102,0.0,0.8752657655541538,1.134756795870697
719520,3777.804899796518,9999.387096774102,0.0,0.8759569806557124,1.1347570037402164
719580,3777.8225743400913,9999.387096774102,0.0,0.8759606662346515,1.1347571707165445
719640,3778.136116933382,9999.387096774102,0.0,0.8738111893620094,1.1347576229918621
719700,3778.0268031113433,9999.387096774102,0.0,0.8746303859873278,1.1347577804822826
719760,3777.845077908296,9999.387096774102,0.0,0.8755370038838258,1.1347580233804613
719820,3777.801742254873,9999.387096774102,0.0,0.8757381522522022,1.1347582013263124
719880,3777.6375777342705,9999.387096774102,0.0,0.876492961203817,1.134758414218739
719940,3777.9302643752003,9999.387096774102,0.0,0.874852398130143,1.134758752962757
720000,3777.9557881424753,9999.387096774102,0.0,0.8744253798312608,1.1347589999645402
720060,3777.8119712998355,9999.387096774102,0.0,0.8757499953846318,1.1347591746289467
720120,3777.9530258022455,9999.387096774102,0.0,0.8756842475410328,1.1347587723051078
720180,3777.805722114478,9999.387096774102,0.0,0.8763794292040576,1.1347583545532114
720240,3778.269853873617,9999.387096774102,0.0,0.8736890711469444,1.1347583273888324
720300,3778.3936331010887,9999.387096774102,0.0,0.874328114890995,1.1347576035439078
720360,3778.2453315385633,9999.387096774102,0.0,0.874741826137024,1.1347569130752722
720420,3778.028807504433,9999.387096774102,0.0,0.875817700108697,1.1347564724870163
720480,3777.993160144356,9999.387096774102,0.0,0.8760218569232187,1.134756132032829
720540,3778.1697420994083,9999.387096774102,0.0,0.8745166174614735,1.13475619535356
720600,3778.113785574224,9999.387096774102,0.0,0.8749907643091617,1.134756147520335
720660,3778.1431066154328,9999.387096774102,0.0,0.8746009067707229,1.1347563550375306
720720,3778.0014873458044,9999.387096774102,0.0,0.8753940486978314,1.1347564086757547
720780,3777.725361851009,9999.387096774102,0.0,0.8767925910085268,1.1347565560670885
720840,3777.957641084228,9999.387096774102,0.0,0.875363913624167,1.134756860164313
720900,3777.9800960939483,9999.387096774102,0.0,0.8748769541619746,1.1347571491534663
720960,3778.073152811066,9999.387096774102,0.0,0.8745154104312152,1.1347574833979692
721020,3777.8921882585837,9999.387096774102,0.0,0.8753157330228024,1.134757638038319
721080,3777.7334973878947,9999.387096774102,0.0,0.8759704537469244,1.1347578998830428
721140,3777.759416950874,9999.387096774102,0.0,0.8759429692076117,1.1347580976124036
721200,3778.075221122373,9999.387096774102,0.0,0.873819941980104,1.1347585532809112
721260,3777.973468873402,9999.387096774102,0.0,0.8746078809212006,1.1347587058160962
721320,3777.7851232409644,9999.387096774102,0.0,0.8755747493931432,1.1347589219783232
721380,3777.74635059674,9999.387096774102,0.0,0.8757680460760765,1.1347590739581412
721440,3777.599374188138,9999.387096774102,0.0,0.876440594535969,1.1347592566573568
721500,3778.215019714528,9999.387096774102,0.0,0.8733887492271639,1.1347595787631015
721560,3778.147775234887,9999.387096774102,0.0,0.8745333501749808,1.134759084178448
721620,3778.004311031146,9999.387096774102,0.0,0.8750304303949499,1.1347587479232242
721680,3777.7852677741234,9999.387096774102,0.0,0.8766351243120167,1.1347584057533584
721740,3778.108121857919,9999.387096774102,0.0,0.875714063678504,1.1347576342441077
721800,3778.052450015044,9999.387096774102,0.0,0.8756406219723702,1.1347570851007835
721860,3778.3329436921413,9999.387096774102,0.0,0.874228212141169,1.1347568308936913
721920,3778.164844896476,9999.387096774102,0.0,0.8747822318670165,1.1347565318065922
721980,3777.940659855533,9999.387096774102,0.0,0.8758464565689249,1.1347564314753986
722040,3777.903317844877,9999.387096774102,0.0,0.8760556852920718,1.1347563795376954
722100,3778.0992975842946,9999.387096774102,0.0,0.8744993717119734,1.134756648366172
722160,3778.0538364017157,9999.387096774102,0.0,0.874935053238044,1.1347567396460572
722220,3778.069256078373,9999.387096774102,0.0,0.8746528937701596,1.1347570280094008
722280,3777.9330033266738,9999.387096774102,0.0,0.8754298457086048,1.1347571437098654
722340,3777.671438669113,9999.387096774102,0.0,0.8767620235050091,1.1347573269925582
722400,3777.9061507683664,9999.387096774102,0.0,0.8753489254727872,1.1347576444863767
722460,3777.9406164282127,9999.387096774102,0.0,0.8748209980443612,1.1347579333847284
722520,3778.022899232592,9999.387096774102,0.0,0.8745356434856841,1.134758248098655
722580,3777.844499770167,9999.387096774102,0.0,0.8753497383608153,1.134758380721799
722640,3777.69342627007,9999.387096774102,0.0,0.8759822987290617,1.1347586146815756
722700,3777.7251918339107,9999.387096774102,0.0,0.8759295010711808,1.1347587837378712
722760,3778.0407805108175,9999.387096774102,0.0,0.8738362138466728,1.134759201087832
722820,3778.1919359320345,9999.387096774102,0.0,0.8742809554149825,1.134759089000382
722880,3778.038491254113,9999.387096774102,0.0,0.8751183039548031,1.1347585460552845
722940,3777.6906790837693,9999.387096774102,0.0,0.8770999599447384,1.1347582482148921
723000,3778.1927623863044,9999.387096774102,0.0,0.875065450292591,1.1347578462079213
723060,3778.14984717375,9999.387096774102,0.0,0.8754696404496494,1.1347570352848901
723120,3778.4007802270476,9999.387096774102,0.0,0.8737544652729956,1.1347567528029603
723180,3778.1974559505243,9999.387096774102,0.0,0.8749948775964036,1.1347562988793443
723240,3777.8798742008853,9999.387096774102,0.0,0.8766104983334702,1.134756085668298
723300,3778.0105636854373,9999.387096774102,0.0,0.8756702682769906,1.1347560913269417
723360,3777.955534781774,9999.387096774102,0.0,0.8756298648720321,1.134756189428423
723420,3778.222979476207,9999.387096774102,0.0,0.8742304343284104,1.134756466248648
723480,3778.0581456211603,9999.387096774102,0.0,0.8748195119664943,1.1347565806527309
723540,3777.841773369792,9999.387096774102,0.0,0.875881853260359,1.1347567798590668
723600,3777.814262658494,9999.387096774102,0.0,0.8760672356036265,1.134756944031404
723660,3778.020239558852,9999.387096774102,0.0,0.8744949385137749,1.1347573630392267
723720,3777.987552279502,9999.387096774102,0.0,0.8748714074800712,1.13475756346832
723780,3777.9871231163083,9999.387096774102,0.0,0.8747152620122167,1.1347579052713241
723840,3777.8577584305426,9999.387096774102,0.0,0.8754707844654036,1.1347580590910427
723900,3777.6124225568956,9999.387096774102,0.0,0.8767285241296312,1.134758258238723
723960,3777.8501119657544,9999.387096774102,0.0,0.875328270567356,1.1347585732344925
724020,3777.897123763784,9999.387096774102,0.0,0.8747591836107766,1.1347588485043127
724080,3777.966527405723,9999.387096774102,0.0,0.8745623589060821,1.1347591310287841
724140,3777.7911011793553,9999.387096774102,0.0,0.8753902991436474,1.1347592315471215
724200,3777.5392104301136,9999.387096774102,0.0,0.8768736659644276,1.134759396590323
724260,3778.0090828120474,9999.387096774102,0.0,0.875196679757091,1.1347592034624383
724320,3777.976902144298,9999.387096774102,0.0,0.875231632339135,1.1347587943381854
724380,3778.1983746227206,9999.387096774102,0.0,0.8741535965413485,1.1347587123736818
724440,3778.1580808237245,9999.387096774102,0.0,0.8753605228682172,1.1347579936224736
724500,3778.0377737581885,9999.387096774102,0.0,0.8759349259053409,1.134757217171824
724560,3778.097014815614,9999.387096774102,0.0,0.875173179032866,1.1347568754518518
724620,3778.0846423158428,9999.387096774102,0.0,0.8754233129911997,1.134756524611225
724680,3778.3042130765602,9999.387096774102,0.0,0.8738320580679269,1.1347565851500256
724740,3778.1053875744583,9999.387096774102,0.0,0.8750240739575335,1.134756451115383
724800,3777.7960191300285,9999.387096774102,0.0,0.876625957484452,1.13475647089363
724860,3777.9382466549932,9999.387096774102,0.0,0.8756710918145935,1.1347566350189973
724920,3777.9006134530027,9999.387096774102,0.0,0.8755564578090648,1.1347568418152125
724980,3778.159634984225,9999.387096774102,0.0,0.8742259241509994,1.1347571849546694
725040,3777.995585635239,9999.387096774102,0.0,0.8748470029263897,1.1347573397045323
725100,3777.783773963808,9999.387096774102,0.0,0.8759052799644589,1.1347575574917068
725160,3777.7617441761754,9999.387096774102,0.0,0.8760758733024027,1.134757727045177
725220,3777.973939892021,9999.387096774102,0.0,0.874499659875797,1.1347581351061862
725280,3777.9517448450674,9999.387096774102,0.0,0.8748247841480059,1.1347583216303048
725340,3777.940815913259,9999.387096774102,0.0,0.8747520627732116,1.1347586294344694
725400,3777.814916213567,9999.387096774102,0.0,0.8754996569113825,1.1347587542111908
725460,3777.5816368823034,9999.387096774102,0.0,0.8767008491411316,1.134758921261056
725520,3778.078526202346,9999.387096774102,0.0,0.8742447448819037,1.134759171883688
725580,3778.108307519848,9999.387096774102,0.0,0.8748417669653442,1.1347587024008807
725640,3778.117001719495,9999.387096774102,0.0,0.8744289723609475,1.134758459935601
725700,3777.877394610912,9999.387096774102,0.0,0.8763975663740511,1.1347580897656904
725760,3778.125053878693,9999.387096774102,0.0,0.8757433506685107,1.1347572678572337
725820,3777.965899693298,9999.387096774102,0.0,0.8763297133254729,1.1347566953377843
725880,3778.2871085704137,9999.387096774102,0.0,0.8745673728315372,1.1347564495902644
725940,3778.218486760441,9999.387096774102,0.0,0.8745266407364958,1.1347562282712091
726000,3778.0405838348756,9999.387096774102,0.0,0.875456216021145,1.1347561553091752
726060,3777.9405347079846,9999.387096774102,0.0,0.8759154144193464,1.1347561020943766
726120,3777.987921608078,9999.387096774102,0.0,0.8752081017864715,1.1347563249480135
726180,3777.991113798117,9999.387096774102,0.0,0.8753555294584042,1.1347564438455235
726240,3778.1980713266857,9999.387096774102,0.0,0.8739039454766565,1.134756833980483
726300,3778.009652791469,9999.387096774102,0.0,0.8750601444843725,1.1347569442366947
726360,3777.7111149247366,9999.387096774102,0.0,0.8766225210614064,1.1347571347726522
726420,3777.8581271863536,9999.387096774102,0.0,0.8756719249955159,1.1347574201330959
726480,3777.8409278999693,9999.387096774102,0.0,0.8754683147847302,1.1347577094884553
726540,3778.089871153476,9999.387096774102,0.0,0.8742238793695409,1.1347580928057297
726600,3777.9262097456913,9999.387096774102,0.0,0.8748817749363313,1.1347582655657749
726660,3777.719731199034,9999.387096774102,0.0,0.875931021284241,1.1347584843716771
726720,3777.704185419567,9999.387096774102,0.0,0.8760825847540794,1.1347586453781002
726780,3777.924033618632,9999.387096774102,0.0,0.8744967483596615,1.134759030456308
726840,3777.9122264005364,9999.387096774102,0.0,0.8747728059913051,1.1347591924919904
726900,3777.8886384258194,9999.387096774102,0.0,0.8747974645297438,1.134759455813292
726960,3777.7789090520655,9999.387096774102,0.0,0.8761005235936713,1.1347593471246455
727020,3777.891258651409,9999.387096774102,0.0,0.8758980971586702,1.134758858101795
727080,3777.874648173661,9999.387096774102,0.0,0.8756413207173189,1.1347586589475258
727140,3778.484656822579,9999.387096774102,0.0,0.8733505551281576,1.1347584454874589
727200,3778.2729322879336,9999.387096774102,0.0,0.8747210693876811,1.1347575290820995
727260,3777.9982575756235,9999.387096774102,0.0,0.8761413548550224,1.1347569806218503
727320,3778.0506472750194,9999.387096774102,0.0,0.8757241786503495,1.1347566055992042
727380,3777.894543271515,9999.387096774102,0.0,0.8763144861884712,1.1347564081260244
727440,3778.201319352458,9999.387096774102,0.0,0.8745486583044985,1.1347564972684812
727500,3778.1406990110017,9999.387096774102,0.0,0.874508627110958,1.1347565406611582
727560,3777.9596757913528,9999.387096774102,0.0,0.8754966448100587,1.1347566448312845
727620,3777.8673509250657,9999.387096774102,0.0,0.8759447195550898,1.134756714899981
727680,3777.924937964639,9999.387096774102,0.0,0.8752108822212535,1.1347570201469954
727740,3777.938763299425,9999.387096774102,0.0,0.875305782752318,1.1347571966923578
727800,3778.1347966908606,9999.387096774102,0.0,0.8739528378433883,1.1347576056084097
727860,3777.9524651711745,9999.387096774102,0.0,0.8750858665171276,1.1347577267799371
727920,3777.6625412966196,9999.387096774102,0.0,0.8766149163639559,1.1347579116202209
727980,3777.8119589704315,9999.387096774102,0.0,0.8756739870222252,1.1347581818394483
728040,3777.8092847374733,9999.387096774102,0.0,0.8754079604256014,1.134758450798569
728100,3778.0508165404203,9999.387096774102,0.0,0.8742228120132001,1.134758801086545
728160,3777.88777075049,9999.387096774102,0.0,0.8749049060948887,1.1347589395299889
728220,3777.5686930312227,9999.387096774102,0.0,0.8769387924966977,1.1347590826341534
728280,3777.959495841693,9999.387096774102,0.0,0.875602732259539,1.134758821274153
728340,3777.9056230119522,9999.387096774102,0.0,0.875771713334246,1.134758416890041
728400,3778.3578509040026,9999.387096774102,0.0,0.8732972766026476,1.1347584211837982
728460,3778.290333220429,9999.387096774102,0.0,0.874838183301806,1.1347576649432982
728520,3778.1155623946884,9999.387096774102,0.0,0.8755806138923737,1.1347568932208811
728580,3778.028297364271,9999.387096774102,0.0,0.8756996037582285,1.1347565002630955
728640,3778.0392049461575,9999.387096774102,0.0,0.8757840356208321,1.1347561642766943
728700,3778.36548447995,9999.387096774102,0.0,0.873491550594464,1.1347562859715226
728760,3778.1697310154805,9999.387096774102,0.0,0.8747377659531816,1.1347561717377288
728820,3777.8990469149803,9999.387096774102,0.0,0.8761122820459862,1.1347562320431075
728880,3777.9366435913244,9999.387096774102,0.0,0.8757606276379342,1.1347563614915543
728940,3777.809954350272,9999.387096774102,0.0,0.8762098543957129,1.134756555418105
729000,3778.118106950893,9999.387096774102,0.0,0.8744998950347266,1.134756917118478
729060,3778.0555957070283,9999.387096774102,0.0,0.8745150872423715,1.1347571501011553
729120,3777.871344200522,9999.387096774102,0.0,0.8755396472322258,1.134757386782086
729180,3777.785616734238,9999.387096774102,0.0,0.8759800599946432,1.1347575511760555
729240,3777.8572985633136,9999.387096774102,0.0,0.8752036436948541,1.1347579141343744
729300,3777.8820258776,9999.387096774102,0.0,0.8752483766568594,1.1347581250746288
729360,3778.0648366372307,9999.387096774102,0.0,0.8740084979628749,1.1347585323078235
729420,3777.88864758524,9999.387096774102,0.0,0.8751182539677352,1.1347586490431822
729480,3777.608545010707,9999.387096774102,0.0,0.8766088538961289,1.134758815335843
729540,3777.761523368901,9999.387096774102,0.0,0.8756725664809106,1.1347590597058126
729600,3777.7745744665945,9999.387096774102,0.0,0.8753393745207058,1.1347592988117132
729660,3778.165690015711,9999.387096774102,0.0,0.873714228680938,1.134759611300035
729720,3778.065932583145,9999.387096774102,0.0,0.8749898683038819,1.1347591038837015
729780,3777.836630583569,9999.387096774102,0.0,0.8760742839294835,1.134758686140496
729840,3777.9018357799296,9999.387096774102,0.0,0.8757368736130036,1.1347584798034374
729900,3778.2155866911107,9999.387096774102,0.0,0.875133547127457,1.1347577609192276
729960,3778.2446247372723,9999.387096774102,0.0,0.8745111979553123,1.1347572064405933
730020,3778.2018510207904,9999.387096774102,0.0,0.8748947935741684,1.1347568322392363
730080,3778.0444198701575,9999.387096774102,0.0,0.8755610390635684,1.13475647889365
730140,3777.9404710253557,9999.387096774102,0.0,0.8757376979156803,1.1347564261556113
730200,3777.958721383031,9999.387096774102,0.0,0.8757556560804121,1.13475639105249
730260,3778.286833388854,9999.387096774102,0.0,0.873519760402805,1.134756719321789
730320,3778.099092316298,9999.387096774102,0.0,0.8747406191738645,1.134756747881985
730380,3777.829119077544,9999.387096774102,0.0,0.8761303968199101,1.134756898981263
730440,3777.8700813067844,9999.387096774102,0.0,0.8757819786557349,1.134757092570835
730500,3777.7623556054373,9999.387096774102,0.0,0.8761420366254027,1.1347573268323268
730560,3778.0690636392515,9999.387096774102,0.0,0.8744694550665569,1.1347577019769006
730620,3778.006336006216,9999.387096774102,0.0,0.8745184325909648,1.1347579314099432
730680,3777.820501616483,9999.387096774102,0.0,0.8755670108337339,1.13475815235001
730740,3777.738765998638,9999.387096774102,0.0,0.8760036911938787,1.1347582973942243
730800,3777.818733528003,9999.387096774102,0.0,0.8752070721653309,1.1347586329339325
730860,3777.8524906472912,9999.387096774102,0.0,0.8752061036518883,1.1347588168886988
730920,3778.0262745962186,9999.387096774102,0.0,0.8740438624340708,1.134759182176836
730980,3777.9070734316488,9999.387096774102,0.0,0.8756367609038554,1.1347590414380089
731040,3777.9348806350354,9999.387096774102,0.0,0.8757545372815058,1.134758526509224
731100,3777.7664366759545,9999.387096774102,0.0,0.8764734823174711,1.1347582857350573
731160,3778.450473606238,9999.387096774102,0.0,0.8736562471953998,1.134758041908226
731220,3778.28142185084,9999.387096774102,0.0,0.8747629755299178,1.1347571596253252
731280,3778.1533665971633,9999.387096774102,0.0,0.8753294217299926,1.1347566908989988
731340,3778.0958823084457,9999.387096774102,0.0,0.8755803205610125,1.1347562791993326
731400,3777.8500806708525,9999.387096774102,0.0,0.8767358015385515,1.1347560678506547
731460,3778.1298816399467,9999.387096774102,0.0,0.875021925165403,1.13475614650598
731520,3778.1384981867673,9999.387096774102,0.0,0.87455921740901,1.1347562484006488
731580,3778.0852171176657,9999.387096774102,0.0,0.8749433462342738,1.1347564133655645
731640,3777.9308578943937,9999.387096774102,0.0,0.8756302808274441,1.134756488737304
731700,3777.848815030778,9999.387096774102,0.0,0.8757341560873856,1.1347567512082493
731760,3777.8779858199105,9999.387096774102,0.0,0.875713679347529,1.1347569411953013
731820,3778.198602150768,9999.387096774102,0.0,0.8735657184105678,1.1347574177417434
731880,3778.0196274521586,9999.387096774102,0.0,0.8747490897408455,1.1347575574644821
731940,3777.7507112718654,9999.387096774102,0.0,0.8761580249595787,1.134757772870426
732000,3777.797766878549,9999.387096774102,0.0,0.8758023961761499,1.134758006754867
732060,3777.710388763128,9999.387096774102,0.0,0.8760674700408205,1.1347582608265365
732120,3778.0153690743414,9999.387096774102,0.0,0.8744341200854799,1.1347586327950274
732180,3777.9510889044386,9999.387096774102,0.0,0.8745269798559262,1.1347588440676808
732240,3777.763654730936,9999.387096774102,0.0,0.8755998994178629,1.1347590372283716
732300,3777.6869690063913,9999.387096774102,0.0,0.8760288403366403,1.134759153094656
732360,3777.7243367583296,9999.387096774102,0.0,0.8756060532180294,1.1347594390583338
732420,3778.2097271933994,9999.387096774102,0.0,0.8741076283233663,1.1347593470409618
732480,3778.0942726056956,9999.387096774102,0.0,0.8746083290117109,1.1347588762655179
732540,3777.868165260789,9999.387096774102,0.0,0.8760732049203069,1.1347586220013437
732600,3778.0495714056938,9999.387096774102,0.0,0.875813668191656,1.1347580347756414
732660,3778.022554439505,9999.387096774102,0.0,0.876055061821014,1.1347572565314863
732720,3778.349383425323,9999.387096774102,0.0,0.8737792180043491,1.134757013671839
732780,3778.2108356131594,9999.387096774102,0.0,0.8747533057450082,1.1347566068996706
732840,3778.074848497382,9999.387096774102,0.0,0.8753092972526484,1.1347564923326707
732900,3778.0003466542184,9999.387096774102,0.0,0.8756266165499956,1.134756401233941
732960,3777.7771120110788,9999.387096774102,0.0,0.8766764611833732,1.1347564376762107
733020,3778.0634027954834,9999.387096774102,0.0,0.8749868544474456,1.1347566794979684
733080,3778.0788042841546,9999.387096774102,0.0,0.8745231304250906,1.134756890698118
733140,3778.015174694582,9999.387096774102,0.0,0.8749775182364723,1.134757122651915
733200,3777.8650268036,9999.387096774102,0.0,0.875670950632753,1.1347572438669402
733260,3777.794338488695,9999.387096774102,0.0,0.8757398412848505,1.134757529147351
733320,3777.831726041203,9999.387096774102,0.0,0.8756820611925461,1.134757727676871
733380,3778.1468560662847,9999.387096774102,0.0,0.8735996578178077,1.134758189417893
733440,3777.974223710784,9999.387096774102,0.0,0.8747549334287983,1.1347583138717283
733500,3777.7072507792,9999.387096774102,0.0,0.8761691071561888,1.134758501331771
733560,3777.756689038397,9999.387096774102,0.0,0.8758184174299558,1.134758705933298
733620,3777.684016653674,9999.387096774102,0.0,0.8760148864339228,1.134758929524471
733680,3778.2885941952068,9999.387096774102,0.0,0.8731185960730965,1.134759297945668
733740,3778.155336327003,9999.387096774102,0.0,0.8746234947200384,1.134758777938506
733800,3777.9398283513387,9999.387096774102,0.0,0.8755594459176289,1.134758393893661
733860,3777.8187355921245,9999.387096774102,0.0,0.8764289529708429,1.134758110852984
733920,3778.1686905883853,9999.387096774102,0.0,0.8755144564498811,1.1347573620612037
733980,3778.172126947597,9999.387096774102,0.0,0.8750426647863955,1.1347568166682689
734040,3778.3228262707353,9999.387096774102,0.0,0.8743883463495594,1.1347565202399132
734100,3778.1301625552346,9999.387096774102,0.0,0.8751331461085063,1.134756189445227
734160,3777.930927157563,9999.387096774102,0.0,0.8759382567852586,1.13475611005587
734220,3777.931181064853,9999.387096774102,0.0,0.8760005287425621,1.1347560794003715
734280,3778.2317083270946,9999.387096774102,0.0,0.8738574596291158,1.1347564068330358
734340,3778.1162639501117,9999.387096774102,0.0,0.8746923904004676,1.1347564847300986
734400,3777.964641434348,9999.387096774102,0.0,0.8753863053873191,1.1347567104521838
734460,3777.90291760021,9999.387096774102,0.0,0.8756670347424578,1.1347568726875414
734520,3777.7015381606993,9999.387096774102,0.0,0.8766138084291629,1.1347570908043678
734580,3777.9893729416426,9999.387096774102,0.0,0.8749500666846299,1.1347574570872767
734640,3778.0129744250416,9999.387096774102,0.0,0.8744811419025776,1.1347577503821666
734700,3777.9376405240305,9999.387096774102,0.0,0.8750190971080404,1.134758023090126
734760,3777.792863093646,9999.387096774102,0.0,0.8757153909939349,1.1347581681062864
734820,3777.7349636394324,9999.387096774102,0.0,0.8757415230067576,1.1347584584212795
734880,3777.7813472936127,9999.387096774102,0.0,0.8756430710889597,1.1347586512745855
734940,3778.089888429624,9999.387096774102,0.0,0.8736355315233506,1.1347590849563016
735000,3777.9230661893926,9999.387096774102,0.0,0.8747664419287988,1.1347591831015726
735060,3777.658412537943,9999.387096774102,0.0,0.876185289908201,1.1347593330762302
735120,3777.7853018176866,9999.387096774102,0.0,0.8758585422142499,1.1347593734249601
735180,3777.9450045722006,9999.387096774102,0.0,0.8756111057500477,1.1347589176667336
735240,3778.1172310869965,9999.387096774102,0.0,0.8741922043142623,1.1347587711262874
735300,3778.207440314748,9999.387096774102,0.0,0.8747429015214366,1.134758453224278
735360,3778.1791963608316,9999.387096774102,0.0,0.8752895690232544,1.1347575548416458
735420,3777.8672783425627,9999.387096774102,0.0,0.876882950992713,1.1347569578008196
735480,3778.1060662786385,9999.387096774102,0.0,0.8754249756139532,1.1347566606041803
735540,3778.088055240176,9999.387096774102,0.0,0.8751119336144961,1.1347564907937813
735600,3778.228784146869,9999.387096774102,0.0,0.8744175919577368,1.134756531629987
735660,3778.0392569100377,9999.387096774102,0.0,0.8751863605239444,1.1347564735711462
735720,3777.8546979568882,9999.387096774102,0.0,0.8759542665313458,1.1347565857527722
735780,3777.863910433963,9999.387096774102,0.0,0.8759898426913467,1.1347566850225075
735840,3778.1660175154752,9999.387096774102,0.0,0.8738734765748339,1.134757094765003
735900,3778.061589412832,9999.387096774102,0.0,0.8746568413784032,1.1347572327843483
735960,3777.9013045234374,9999.387096774102,0.0,0.8754242539441695,1.1347574804665528
736020,3777.844328412246,9999.387096774102,0.0,0.8756972669216931,1.1347576545600695
736080,3777.6592740013584,9999.387096774102,0.0,0.876566240991159,1.1347578715910787
736140,3777.9474696520715,9999.387096774102,0.0,0.8749255883802313,1.1347582225567698
736200,3777.976850148286,9999.387096774102,0.0,0.87445380641405,1.1347584931856376
736260,3777.8942204179266,9999.387096774102,0.0,0.8750441666977202,1.1347587321184094
736320,3777.7523296410604,9999.387096774102,0.0,0.8757457656338276,1.1347588452920285
736380,3777.611522143943,9999.387096774102,0.0,0.8764574201657812,1.13475907542385
736440,3778.1213342744927,9999.387096774102,0.0,0.8747000120479698,1.134758941048218
736500,3778.0673998910484,9999.387096774102,0.0,0.8748379487098842,1.1347585139537848
736560,3778.0628930895455,9999.387096774102,0.0,0.8750735067487305,1.1347583541556228
736620,3778.109519870885,9999.387096774102,0.0,0.8756851460733717,1.134757684710831
736680,3778.0384650242067,9999.387096774102,0.0,0.8760787868690691,1.134756900988639
736740,3778.2325473141545,9999.387096774102,0.0,0.8745238972570879,1.1347566100662951
736800,3778.1657789889755,9999.387096774102,0.0,0.8750878544772908,1.1347562415982217
736860,3778.228321158606,9999.387096774102,0.0,0.8744518302889788,1.134756235433122
736920,3778.0696194118636,9999.387096774102,0.0,0.8753288799219417,1.1347561238056347
736980,3777.776839688587,9999.387096774102,0.0,0.8768134421932272,1.134756155119379
737040,3777.9990757124688,9999.387096774102,0.0,0.8754171118463014,1.1347563733356445
737100,3778.0074101737328,9999.387096774102,0.0,0.8749920968906236,1.1347566062587857
737160,3778.130337783493,9999.387096774102,0.0,0.8744483549456896,1.1347569211452648
737220,3777.945540346588,9999.387096774102,0.0,0.8752368970189899,1.1347570629155814
737280,3777.7718213575936,9999.387096774102,0.0,0.8759714000259894,1.1347573176475583
737340,3777.789397037836,9999.387096774102,0.0,0.8759767110266111,1.1347575174671203
737400,3778.095950306448,9999.387096774102,0.0,0.8738785024782318,1.1347579843138973
737460,3778.000598375446,9999.387096774102,0.0,0.8746246386338233,1.1347581577695072
737520,3777.8312617706674,9999.387096774102,0.0,0.875468761217427,1.1347584072453656
737580,3777.7796827538414,9999.387096774102,0.0,0.8757306221578608,1.1347585778430185
737640,3777.612799760327,9999.387096774102,0.0,0.8765129705017431,1.1347587810201059
737700,3777.9018683304794,9999.387096774102,0.0,0.8748944414350578,1.1347591055383563
737760,3777.936240329778,9999.387096774102,0.0,0.8744269342622087,1.1347593430957048
737820,3777.812166911729,9999.387096774102,0.0,0.8756458131646718,1.1347595079628752
737880,3777.9338034710177,9999.387096774102,0.0,0.8756733202846758,1.13475909697062
737940,3777.7845178670186,9999.387096774102,0.0,0.8763853215490585,1.1347586768332774
738000,3778.2287974964834,9999.387096774102,0.0,0.8738108910365199,1.1347586343659108
738060,3778.366470999719,9999.387096774102,0.0,0.8743437404343981,1.1347579195006057
738120,3778.2287730623398,9999.387096774102,0.0,0.8747069460587964,1.1347572404180366
738180,3778.013879046568,9999.387096774102,0.0,0.8757969947921584,1.134756797948646
738240,3777.97383340823,9999.387096774102,0.0,0.8760204034729953,1.1347564517522493
738300,3778.137086371449,9999.387096774102,0.0,0.8746024750702074,1.1347565000189492
738360,3778.092011171073,9999.387096774102,0.0,0.8750171495074511,1.1347564453760521
738420,3778.1401184916463,9999.387096774102,0.0,0.8745221991500443,1.1347566477561981
738480,3777.9921097589654,9999.387096774102,0.0,0.8753656563088941,1.1347566851332727
738540,3777.7140956965372,9999.387096774102,0.0,0.8767826719622938,1.134756817134243
738600,3777.9379705020774,9999.387096774102,0.0,0.875404207332738,1.1347571016137374
738660,3777.9606695698035,9999.387096774102,0.0,0.8749259370715792,1.134757375959356
738720,3778.07184834777,9999.387096774102,0.0,0.8744685323295401,1.1347577010764114
738780,3777.8898673960175,9999.387096774102,0.0,0.87527294942831,1.1347578427084433
738840,3777.7240519479133,9999.387096774102,0.0,0.8759850268997039,1.1347580859023625
738900,3777.747693810714,9999.387096774102,0.0,0.8759657672067069,1.1347582688340156
738960,3778.0553447802913,9999.387096774102,0.0,0.8738919749969498,1.134758705867395
739020,3777.9676955515947,9999.387096774102,0.0,0.8746021586032233,1.134758851763754
739080,3777.7933091063587,9999.387096774102,0.0,0.8754920229747953,1.1347590612291547
739140,3777.765905776791,9999.387096774102,0.0,0.8761754258895776,1.134759022509202
739200,3777.922960365077,9999.387096774102,0.0,0.875847353786558,1.1347585525030117
739260,3778.01646166348,9999.387096774102,0.0,0.8748826583581737,1.1347583920258135
739320,3778.4190735705934,9999.387096774102,0.0,0.8737969930320774,1.1347581499628088
739380,3778.2617554038056,9999.387096774102,0.0,0.8749367456675718,1.1347572196259514
739440,3777.934496066855,9999.387096774102,0.0,0.8766441194451872,1.134756633780151
739500,3778.0811239110794,9999.387096774102,0.0,0.8756703698477981,1.134756299827933
739560,3777.994661038059,9999.387096774102,0.0,0.8757975368278933,1.1347561258180772
739620,3778.2776905898113,9999.387096774102,0.0,0.8742490898274358,1.1347562257497992
739680,3778.121656611439,9999.387096774102,0.0,0.8747549141375025,1.134756220839176
739740,3777.902610964183,9999.387096774102,0.0,0.8758335588806978,1.1347563288766866
739800,3777.8646013158373,9999.387096774102,0.0,0.8760549320543328,1.1347564263091097
739860,3778.0487302981683,9999.387096774102,0.0,0.874579553203618,1.1347568000507864
739920,3778.01541787594,9999.387096774102,0.0,0.8749504370603123,1.1347569785567633
739980,3778.0462498932625,9999.387096774102,0.0,0.8745903749514112,1.1347573302818783
740040,3777.9055935557417,9999.387096774102,0.0,0.8754092515260392,1.1347574826808091
740100,3777.6441741661256,9999.387096774102,0.0,0.876752000881873,1.1347576893015028
740160,3777.8721082401094,9999.387096774102,0.0,0.8753846194927687,1.13475801580593
740220,3777.9091751288147,9999.387096774102,0.0,0.8748560451579452,1.1347583101455148
740280,3778.0066208815824,9999.387096774102,0.0,0.8744950443917129,1.134758627583393
740340,3777.8277898602796,9999.387096774102,0.0,0.875315913429305,1.134758755033275
740400,3777.6713985435017,9999.387096774102,0.0,0.8759978039187297,1.1347589750088694
740460,3777.7021189855036,9999.387096774102,0.0,0.8759498123406843,1.1347591311620138
740520,3778.0107986996904,9999.387096774102,0.0,0.8739043977418117,1.1347595292249948
740580,3778.181755124072,9999.387096774102,0.0,0.8742251505799434,1.1347594146832993
740640,3778.02280037669,9999.387096774102,0.0,0.8750872230496162,1.1347588721128146
740700,3777.6770219527684,9999.387096774102,0.0,0.8770697307926157,1.1347585683033328
740760,3778.156003788949,9999.387096774102,0.0,0.8751427756773418,1.1347581559555613
740820,3778.1218050686616,9999.387096774102,0.0,0.8754988671256957,1.134757356187634
740880,3778.386853411863,9999.387096774102,0.0,0.8737062879058516,1.134757079563541
740940,3778.182512766278,9999.387096774102,0.0,0.874965667953261,1.1347566223060994
741000,3777.8689108193444,9999.387096774102,0.0,0.8765645079265411,1.1347564034485855
741060,3777.98937991101,9999.387096774102,0.0,0.875691773837409,1.1347563938903664
741120,3777.931024416416,9999.387096774102,0.0,0.8756837227317111,1.1347564785664197
741180,3778.2075333574194,9999.387096774102,0.0,0.8742320803871191,1.1347567436647301
741240,3778.0506077542755,9999.387096774102,0.0,0.8747815806572004,1.1347568490878008
741300,3777.834839883206,9999.387096774102,0.0,0.8758604946328541,1.134757032223325
741360,3777.802244812314,9999.387096774102,0.0,0.8760691397925534,1.1347571801623884
741420,3777.9947390062352,9999.387096774102,0.0,0.8745813698642032,1.1347575774408605
741480,3777.9723488752356,9999.387096774102,0.0,0.8748999936598423,1.1347577669583853
741540,3777.99157773115,9999.387096774102,0.0,0.8746329090715383,1.1347581022878643
741600,3777.855211270691,9999.387096774102,0.0,0.8754400436255642,1.1347582392392312
741660,3777.6062250746145,9999.387096774102,0.0,0.8767253875254051,1.1347584230915928
741720,3777.835392164755,9999.387096774102,0.0,0.8753732495368204,1.134758720018605
741780,3777.882953411881,9999.387096774102,0.0,0.874808352097979,1.1347589829930935
741840,3778.0299956742874,9999.387096774102,0.0,0.8745767075170953,1.1347592434401002
741900,3778.0196433016145,9999.387096774102,0.0,0.8753468993491448,1.1347587723934913
741960,3777.8141202509246,9999.387096774102,0.0,0.876333051763809,1.1347583500797036
742020,3778.0665697784575,9999.387096774102,0.0,0.87485422140404,1.1347582289523097
742080,3778.312118796851,9999.387096774102,0.0,0.8747461900423905,1.134757510703898
742140,3778.286596536092,9999.387096774102,0.0,0.874441128806746,1.1347569084656193
742200,3778.1239924530832,9999.387096774102,0.0,0.8753767977293365,1.1347564888687585
742260,3778.0199844914196,9999.387096774102,0.0,0.8758403428356969,1.1347561410386393
742320,3778.0320525977913,9999.387096774102,0.0,0.8752932701136118,1.134756142366724
742380,3778.0320237060373,9999.387096774102,0.0,0.8754387056359789,1.1347561136212498
742440,3778.2662935349244,9999.387096774102,0.0,0.8737973068253629,1.134756415041645
742500,3778.0699550788295,9999.387096774102,0.0,0.8750001002745449,1.1347564494105071
742560,3777.765249888359,9999.387096774102,0.0,0.8765843738881636,1.1347565939665214
742620,3777.8979731839177,9999.387096774102,0.0,0.8756935610271421,1.134756846198904
742680,3777.860789323451,9999.387096774102,0.0,0.8755936648766304,1.134757118998058
742740,3778.128100935804,9999.387096774102,0.0,0.8742227129202518,1.1347575085384223
742800,3777.971087441624,9999.387096774102,0.0,0.8748152722774312,1.1347576964155046
742860,3777.760176932334,9999.387096774102,0.0,0.8758903703146367,1.1347579294423893
742920,3777.734608162926,9999.387096774102,0.0,0.8760805788861632,1.1347581057025853
742980,3777.936363694737,9999.387096774102,0.0,0.8745765658347836,1.134758508116229
743040,3777.9250026921777,9999.387096774102,0.0,0.8748435761906067,1.1347586938524254
743100,3777.930456170069,9999.387096774102,0.0,0.8746839812085626,1.134758998808465
743160,3777.7990392500583,9999.387096774102,0.0,0.875476341607585,1.1347591096315417
743220,3777.5640837162227,9999.387096774102,0.0,0.8766965979700185,1.1347592615619446
743280,3778.0384787926873,9999.387096774102,0.0,0.8743596278206519,1.1347594890441992
743340,3778.081693666384,9999.387096774102,0.0,0.8748678700829247,1.1347590234866658
743400,3778.1039934977716,9999.387096774102,0.0,0.8743864272061268,1.1347587838104514
743460,3777.8709254005244,9999.387096774102,0.0,0.8763354312269948,1.1347584077557324
743520,3778.1015529821907,9999.387096774102,0.0,0.8757435498006144,1.1347575888653378
743580,3777.938259060231,9999.387096774102,0.0,0.8763680362324322,1.1347570178687023
743640,3778.2588174343314,9999.387096774102,0.0,0.8746073317478643,1.13475676792497
743700,3778.201324531415,9999.387096774102,0.0,0.8745131376960046,1.1347565465585987
743760,3778.032846487093,9999.387096774102,0.0,0.8754101624394554,1.134756466771359
743820,3777.9269540552864,9999.387096774102,0.0,0.8758979272415984,1.1347564011806055
743880,3777.960868446094,9999.387096774102,0.0,0.8752809621590559,1.1347566043448443
743940,3777.9709945732857,9999.387096774102,0.0,0.8753889115817758,1.1347567115971515
744000,3778.1931327284924,9999.387096774102,0.0,0.8738515210186653,1.13475709268951
744060,3778.0037398550653,9999.387096774102,0.0,0.875025244353029,1.1347571880789025
744120,3777.707105941055,9999.387096774102,0.0,0.8765819481426246,1.1347573643238102
744180,3777.8433893154156,9999.387096774102,0.0,0.8756978089601469,1.1347576294791788
744240,3777.8222309255166,9999.387096774102,0.0,0.8755277891915613,1.134757902685668
744300,3778.0824901136198,9999.387096774102,0.0,0.8742172043019807,1.134758274403106
744360,3777.925805183208,9999.387096774102,0.0,0.8748381812285818,1.1347584382423275
744420,3777.7184264280986,9999.387096774102,0.0,0.8759101336847885,1.134758641790992
744480,3777.69717999727,9999.387096774102,0.0,0.8760879559946704,1.1347587882152281
744540,3777.8817038076877,9999.387096774102,0.0,0.8747497598155296,1.134759148718746
744600,3778.2829627103956,9999.387096774102,0.0,0.8738381201581793,1.1347590782991845
744660,3778.098014285706,9999.387096774102,0.0,0.8747398396593812,1.1347585571361052
744720,3777.76848623785,9999.387096774102,0.0,0.8767310067879572,1.134758268987905
744780,3778.096635901704,9999.387096774102,0.0,0.8756313080961309,1.1347577608372708
744840,3778.078787116988,9999.387096774102,0.0,0.8758686214796814,1.1347569693717892
744900,3778.4469514420066,9999.387096774102,0.0,0.8733917612704138,1.1347567436949595
744960,3778.240889446038,9999.387096774102,0.0,0.8747270489049902,1.1347563026018217
745020,3777.982819023579,9999.387096774102,0.0,0.8759926647610298,1.1347561315138357
745080,3777.997248566091,9999.387096774102,0.0,0.8757416336115768,1.1347560870877664
745140,3777.8462574125692,9999.387096774102,0.0,0.8763214051463644,1.134756157695733
745200,3778.1555473428702,9999.387096774102,0.0,0.8745745701132448,1.1347564347604715
745260,3778.104556677586,9999.387096774102,0.0,0.8744956576562729,1.134756620648872
745320,3777.930992165352,9999.387096774102,0.0,0.875460521461093,1.1347568292979893
745380,3777.8341266733805,9999.387096774102,0.0,0.8759356508923664,1.1347569741979404
745440,3777.882168852558,9999.387096774102,0.0,0.8752755295056569,1.1347573260586101
745500,3777.9037661521093,9999.387096774102,0.0,0.8753301987835272,1.1347575396468532
745560,3778.1126968588374,9999.387096774102,0.0,0.8739111818167686,1.1347579734268198
745620,3777.9305134931183,9999.387096774102,0.0,0.8750572197216308,1.1347581056391047
745680,3777.6432123649843,9999.387096774102,0.0,0.8765803568736126,1.1347582936295961
745740,3777.7837897384097,9999.387096774102,0.0,0.875699078327271,1.1347585560932951
745800,3777.7800238458094,9999.387096774102,0.0,0.8754533656367974,1.1347588165846985
745860,3778.0315880754456,9999.387096774102,0.0,0.8742138137379621,1.134759158236397
745920,3777.8748158068206,9999.387096774102,0.0,0.8748680389843596,1.1347592876226746
745980,3777.559213058946,9999.387096774102,0.0,0.8768974863508596,1.1347594145201347
746040,3777.9318685529825,9999.387096774102,0.0,0.8756365372415372,1.1347591422574546
746100,3777.8796224299304,9999.387096774102,0.0,0.8758049332566901,1.1347587372691628
746160,3778.3432789853223,9999.387096774102,0.0,0.8732614757880176,1.1347587379712254
746220,3778.27616316037,9999.387096774102,0.0,0.8747921275536653,1.1347579854003176
746280,3778.098401780635,9999.387096774102,0.0,0.8755490637428072,1.1347572203851717
746340,3778.0012003655443,9999.387096774102,0.0,0.875744226801237,1.1347568216843824
746400,3778.0153431392773,9999.387096774102,0.0,0.8758078892716774,1.1347564823330174
746460,3778.34410009824,9999.387096774102,0.0,0.8735062464763587,1.1347565955755927
746520,3778.1561210630607,9999.387096774102,0.0,0.874717156157969,1.134756474505677
746580,3777.8948222411723,9999.387096774102,0.0,0.8760425836988284,1.1347565260967853
746640,3777.9215065298117,9999.387096774102,0.0,0.8757640883088311,1.134756636838004
746700,3777.789847037589,9999.387096774102,0.0,0.8762534893957253,1.1347568142543933
746760,3778.097532450182,9999.387096774102,0.0,0.8745421251562631,1.1347571589989662
746820,3778.0475528494626,9999.387096774102,0.0,0.8744932512873181,1.1347573836193725
746880,3777.871164360577,9999.387096774102,0.0,0.875491688013478,1.1347576070617649
746940,3777.7788738993136,9999.387096774102,0.0,0.875963418531022,1.134757755421629
747000,3777.8364075553654,9999.387096774102,0.0,0.8752781823943582,1.1347580970656146
747060,3777.8673176777656,9999.387096774102,0.0,0.8752866471987509,1.134758295970443
747120,3778.0669019650077,9999.387096774102,0.0,0.8739502897834975,1.134758695952322
747180,3777.8892113040083,9999.387096774102,0.0,0.8750790371689245,1.1347587994166701
747240,3777.6093308197187,9999.387096774102,0.0,0.8765728310436339,1.1347589531324005
747300,3777.903053084099,9999.387096774102,0.0,0.875252716002784,1.1347590925626094
747360,3778.023730780313,9999.387096774102,0.0,0.8752968848681472,1.1347586368703775
747420,3778.1684292853815,9999.387096774102,0.0,0.8740578592928755,1.13475847343356
747480,3778.052888243926,9999.387096774102,0.0,0.875600313380758,1.1347581133964788
747540,3778.1573102721813,9999.387096774102,0.0,0.8755529882744552,1.1347572410902187
747600,3777.895526435232,9999.387096774102,0.0,0.8768063117247342,1.1347566479279674
747660,3778.1908832769595,9999.387096774102,0.0,0.8750777459763436,1.1347563820339113
747720,3778.184492503072,9999.387096774102,0.0,0.8746670259232505,1.1347562097522403
747780,3778.1621812817625,9999.387096774102,0.0,0.8748492899443142,1.1347561986260524
747840,3777.9969295187916,9999.387096774102,0.0,0.8755570138820901,1.1347561408100824
747900,3777.893560937058,9999.387096774102,0.0,0.8757707138524071,1.1347563021851748
747960,3777.916444843297,9999.387096774102,0.0,0.8757741216115714,1.1347564226987639
748020,3778.2462091414927,9999.387096774102,0.0,0.8735365660610112,1.1347568645458213
748080,3778.066901153859,9999.387096774102,0.0,0.8747199233141634,1.1347569824573922
748140,3777.8049422092768,9999.387096774102,0.0,0.8760743147822861,1.1347571963222831
748200,3777.8374942792793,9999.387096774102,0.0,0.8757892974307022,1.1347574260491622
748260,3777.7280378809523,9999.387096774102,0.0,0.8761744004075963,1.1347576842974583
748320,3778.034791708966,9999.387096774102,0.0,0.874503068833351,1.1347580716431946
748380,3777.984013448462,9999.387096774102,0.0,0.8744969305500244,1.1347583123090728
748440,3777.804713864329,9999.387096774102,0.0,0.875528420820798,1.1347585329310186
748500,3777.717928681883,9999.387096774102,0.0,0.875993307834392,1.1347586708670847
748560,3777.7868423287737,9999.387096774102,0.0,0.8752740908684244,1.134758990533657
748620,3777.827512008672,9999.387096774102,0.0,0.8752352944984783,1.1347591645124662
748680,3778.0156176134697,9999.387096774102,0.0,0.8739961310822687,1.1347595203611525
748740,3777.8996152597283,9999.387096774102,0.0,0.8755771065012712,1.1347593688959432
748800,3777.91604518783,9999.387096774102,0.0,0.87574110061933,1.1347588515214693
748860,3777.7401664189097,9999.387096774102,0.0,0.8765203155122647,1.1347586020468914
748920,3778.410167866453,9999.387096774102,0.0,0.8737470531596554,1.134758347900146
748980,3778.2558354244707,9999.387096774102,0.0,0.8747745475587385,1.134757480884487
749040,3778.145591799911,9999.387096774102,0.0,0.8752448717736523,1.1347570209554578
749100,3778.078427397332,9999.387096774102,0.0,0.8755653429504832,1.1347566021804947
749160,3777.8298874661646,9999.387096774102,0.0,0.8767469422653682,1.1347563827288871
749220,3778.1042976776343,9999.387096774102,0.0,0.8750655215440157,1.1347564477626928
749280,3778.1181793696774,9999.387096774102,0.0,0.874581438884053,1.1347565402769193
749340,3778.0814394755735,9999.387096774102,0.0,0.8748880224987261,1.134756697329918
749400,3777.922431294167,9999.387096774102,0.0,0.8755977857712581,1.1347567585178093
749460,3777.8296472495635,9999.387096774102,0.0,0.8757789793736289,1.1347570006232357
749520,3777.8608628704364,9999.387096774102,0.0,0.8757443084490617,1.1347571762458033
749580,3778.1863736007945,9999.387096774102,0.0,0.8735699554038204,1.1347576384943583
749640,3778.014311941016,9999.387096774102,0.0,0.8747218560864117,1.134757766959345
749700,3777.7530495560663,9999.387096774102,0.0,0.876090581563868,1.1347579709730609
749760,3777.788670921364,9999.387096774102,0.0,0.8758081756936056,1.134758185435373
749820,3777.69516607542,9999.387096774102,0.0,0.8761183753499131,1.1347584232342376
749880,3778.000298277848,9999.387096774102,0.0,0.8744777313657582,1.1347587800034855
749940,3777.9496022256385,9999.387096774102,0.0,0.8744988038335763,1.1347589856475258
750000,3777.6827795630693,9999.387096774102,0.0,0.8764148592127968,1.1347591292417087
750060,3777.934765012694,9999.387096774102,0.0,0.8757636952473826,1.134758783611079
750120,3777.831523826826,9999.387096774102,0.0,0.8762195502286524,1.134758372690098
750180,3778.3762825603867,9999.387096774102,0.0,0.8731182455446348,1.1347583928818739
750240,3778.3846516475105,9999.387096774102,0.0,0.8743738762136954,1.134757643054091
750300,3778.193497683854,9999.387096774102,0.0,0.875081683069452,1.1347569054906321
750360,3778.0006983146827,9999.387096774102,0.0,0.8759169285349662,1.1347564737710583
750420,3777.998349799482,9999.387096774102,0.0,0.8760051131805984,1.1347561380700852
750480,3778.274015976574,9999.387096774102,0.0,0.8739479747629053,1.1347562397041813
750540,3778.161572243996,9999.387096774102,0.0,0.8747453957155437,1.1347561684720127
750600,3778.0379205633385,9999.387096774102,0.0,0.8752615978352692,1.1347563032716856
750660,3777.962105048404,9999.387096774102,0.0,0.8756172549094522,1.1347563835929244
750720,3777.738477698634,9999.387096774102,0.0,0.8766836473718806,1.1347565465134015
750780,3778.019938146447,9999.387096774102,0.0,0.8750240814531516,1.1347568805997519
750840,3778.042761964569,9999.387096774102,0.0,0.8745328658535831,1.1347571635744302
750900,3777.992350850192,9999.387096774102,0.0,0.8749322373335314,1.134757446272886
750960,3777.8389765869833,9999.387096774102,0.0,0.8756475253429707,1.1347575978777709
751020,3777.760285979918,9999.387096774102,0.0,0.8757815908052037,1.134757896021334
751080,3777.8008370584344,9999.387096774102,0.0,0.8757069001719243,1.1347581040030545
751140,3778.12071483266,9999.387096774102,0.0,0.873605261306649,1.1347585668984006
751200,3777.955319079865,9999.387096774102,0.0,0.8747293778873612,1.1347586904403035
751260,3777.6950894605993,9999.387096774102,0.0,0.876112463923741,1.1347588714990744
751320,3777.7349604935584,9999.387096774102,0.0,0.8758271746720637,1.1347590600878057
751380,3777.6590965792298,9999.387096774102,0.0,0.8760545127607796,1.1347592682233436
751440,3778.2664566843555,9999.387096774102,0.0,0.8731287698170691,1.1347596208171613
751500,3778.1380534020127,9999.387096774102,0.0,0.8745987989517973,1.1347591030476933
751560,3777.9278743237123,9999.387096774102,0.0,0.8755105508814539,1.1347587192885016
751620,3777.7945508744237,9999.387096774102,0.0,0.8764688883966505,1.1347584239641038
751680,3778.1395143664836,9999.387096774102,0.0,0.8755446598309417,1.1347576794938006
751740,3778.142196746866,9999.387096774102,0.0,0.8750918436754219,1.1347571379755894
751800,3778.308993611307,9999.387096774102,0.0,0.8743536787694126,1.1347568446414278
751860,3778.11692568566,9999.387096774102,0.0,0.8750966447460695,1.1347565107188007
751920,3777.9136444745786,9999.387096774102,0.0,0.8759459036646499,1.1347564193701107
751980,3777.91205469066,9999.387096774102,0.0,0.8760148078317536,1.134756377048964
752040,3778.2024018875427,9999.387096774102,0.0,0.8739368258650758,1.1347566857342748
752100,3778.0999449804676,9999.387096774102,0.0,0.8747006690396976,1.1347567553761926
752160,3777.9650483074165,9999.387096774102,0.0,0.8753031539868464,1.1347569735241394
752220,3777.8936783015406,9999.387096774102,0.0,0.8756512536759357,1.1347571167269623
752280,3777.6874786068324,9999.387096774102,0.0,0.8766349783615925,1.13475731778353
752340,3777.970158803297,9999.387096774102,0.0,0.8749984676048169,1.1347576654357205
752400,3778.000426378986,9999.387096774102,0.0,0.8744972340855858,1.1347579473367655
752460,3777.941029629419,9999.387096774102,0.0,0.8749597129529123,1.1347582109844365
752520,3777.7909343166075,9999.387096774102,0.0,0.8756813329942091,1.1347583417358302
752580,3777.721155524391,9999.387096774102,0.0,0.8757885381441081,1.1347586125467664
752640,3777.7688851439307,9999.387096774102,0.0,0.875679179608784,1.1347587926300446
752700,3778.0840706063964,9999.387096774102,0.0,0.8736331051352956,1.1347592153190909
752760,3778.0760724377847,9999.387096774102,0.0,0.8748424419289589,1.1347590729920676
752820,3777.9901549907677,9999.387096774102,0.0,0.8754158012389626,1.1347585352054408
752880,3777.691237876569,9999.387096774102,0.0,0.8770229563120931,1.1347582525583826
752940,3778.293500118815,9999.387096774102,0.0,0.8745043988861629,1.1347579216182957
753000,3778.2083999430624,9999.387096774102,0.0,0.8751455190284696,1.134757087379549
753060,3778.3110389382173,9999.387096774102,0.0,0.8743402053035968,1.1347567333917044
753120,3778.1522961622863,9999.387096774102,0.0,0.8752573743745395,1.1347562893321042
753180,3777.84371278571,9999.387096774102,0.0,0.8768119685248067,1.1347560682608189
753240,3778.047214943933,9999.387096774102,0.0,0.8754700220202648,1.1347561075198593
753300,3778.041118861297,9999.387096774102,0.0,0.8751089449692646,1.134756216829345
753360,3778.193622798567,9999.387096774102,0.0,0.8743871515002193,1.1347564568414836
753420,3778.005874027181,9999.387096774102,0.0,0.8751563135486213,1.1347565429351165
753480,3777.8177413757894,9999.387096774102,0.0,0.8759655416300635,1.134756758158391
753540,3777.8264022092535,9999.387096774102,0.0,0.8760040444034465,1.134756935725774
753600,3778.1213621008847,9999.387096774102,0.0,0.8739428199121696,1.134757394716515
753660,3778.0305180466,9999.387096774102,0.0,0.8746559681011595,1.1347575744976612
753720,3777.8835903660956,9999.387096774102,0.0,0.8753560555281502,1.1347578490772048
753780,3777.8188507941027,9999.387096774102,0.0,0.8756881839302592,1.134758031314902
753840,3777.631775469785,9999.387096774102,0.0,0.8765812318143328,1.1347582503290068
753900,3777.915965000376,9999.387096774102,0.0,0.8749664569010986,1.1347585953943038
753960,3777.9531258023044,9999.387096774102,0.0,0.8744612021452642,1.134758862111821
754020,3777.883447807975,9999.387096774102,0.0,0.8749943134047917,1.1347590942896255
754080,3777.737408146301,9999.387096774102,0.0,0.8757201099992452,1.1347591942491881
754140,3777.5865954386995,9999.387096774102,0.0,0.8765079698051204,1.1347594038473339
754200,3778.088008105075,9999.387096774102,0.0,0.8747615154534114,1.134759258925843
754260,3778.042516867121,9999.387096774102,0.0,0.8748611933755023,1.1347588349247222
754320,3778.060672182737,9999.387096774102,0.0,0.8749683943329597,1.1347586767385136
754380,3778.0914363515953,9999.387096774102,0.0,0.8756648834273617,1.1347580031725475
754440,3778.0164184244336,9999.387096774102,0.0,0.8760753502430746,1.1347572256588165
754500,3778.1964435834575,9999.387096774102,0.0,0.874612705478338,1.1347569278845713
754560,3778.1411790222924,9999.387096774102,0.0,0.8751137161204867,1.134756559614657
754620,3778.2216147904155,9999.387096774102,0.0,0.8743780656275854,1.1347565528657337
754680,3778.0576000328115,9999.387096774102,0.0,0.8753003776496285,1.1347564287108165
754740,3777.76400102431,9999.387096774102,0.0,0.8767974500452257,1.1347564471588285
754800,3777.9775798881888,9999.387096774102,0.0,0.8754542999546286,1.1347566469757062
754860,3777.9855758526182,9999.387096774102,0.0,0.875042637165859,1.1347568656100677
754920,3778.1258565395615,9999.387096774102,0.0,0.8744067003639572,1.1347571710710642
754980,3777.9410324375035,9999.387096774102,0.0,0.8751948472775781,1.1347572999774993
755040,3777.7613281882427,9999.387096774102,0.0,0.8759813353822813,1.134757535913135
755100,3777.7764178248945,9999.387096774102,0.0,0.8759960332029332,1.134757720188803
755160,3778.0737047836637,9999.387096774102,0.0,0.8739545630086946,1.1347581671124114
755220,3777.991902706746,9999.387096774102,0.0,0.8746257297324644,1.1347583325060884
755280,3777.8379695697704,9999.387096774102,0.0,0.875384903700567,1.1347585748175748
755340,3777.776179475229,9999.387096774102,0.0,0.8757149213402314,1.1347587278878328
755400,3777.6030743795004,9999.387096774102,0.0,0.8765410637972905,1.134758915786485
755460,3778.205836809002,9999.387096774102,0.0,0.8735431168187486,1.1347592351988631
755520,3778.1591472371265,9999.387096774102,0.0,0.8745825660263898,1.134758746722925
755580,3778.0482355366867,9999.387096774102,0.0,0.8748755738549742,1.134758434927772
755640,3777.812048481993,9999.387096774102,0.0,0.8766337817822314,1.1347580868953588
755700,3778.1273629364123,9999.387096774102,0.0,0.875736055213134,1.134757298774663
755760,3778.044787817125,9999.387096774102,0.0,0.8758247828530051,1.1347567418000806
755820,3778.3460835269425,9999.387096774102,0.0,0.8742655094828551,1.1347564963279275
755880,3778.1955278819123,9999.387096774102,0.0,0.8747007454654315,1.134756218735987
755940,3777.973372615431,9999.387096774102,0.0,0.8757756464103026,1.134756129288289
756000,3777.921942108196,9999.387096774102,0.0,0.8760387681640249,1.13475608534175
756060,3778.084592750091,9999.387096774102,0.0,0.8746613883966936,1.1347563547753563
756120,3778.049498819112,9999.387096774102,0.0,0.8750346767698686,1.1347564629320936
756180,3778.112321410443,9999.387096774102,0.0,0.8744613406102768,1.1347567885560097
756240,3777.9598931361143,9999.387096774102,0.0,0.8753453568593796,1.13475691244508
756300,3777.683034627468,9999.387096774102,0.0,0.8767680946146214,1.1347571066930666
756360,3777.9003623575177,9999.387096774102,0.0,0.8754372198260071,1.1347574292003937
756420,3777.925252435496,9999.387096774102,0.0,0.874962144368764,1.1347577307806294
756480,3778.0509871101094,9999.387096774102,0.0,0.8744321723793327,1.1347580751658992
756540,3777.8694567562543,9999.387096774102,0.0,0.8752398793780396,1.134758224722179
756600,3777.6993591861087,9999.387096774102,0.0,0.875996735217419,1.1347584637682346
756660,3777.7218385802303,9999.387096774102,0.0,0.8759834096357975,1.1347586407369101
756720,3778.022243848263,9999.387096774102,0.0,0.8739599840174317,1.1347590632599558
756780,3777.948320837146,9999.387096774102,0.0,0.8745969494905949,1.134759203079581
756840,3777.7865418339225,9999.387096774102,0.0,0.8754217129298977,1.1347594031508426
756900,3777.746255305039,9999.387096774102,0.0,0.8761866098822028,1.13475934662658
756960,3777.898941444664,9999.387096774102,0.0,0.8758624358915479,1.13475887521007
757020,3777.9851876242374,9999.387096774102,0.0,0.8749556957719004,1.1347587069666323
757080,3778.4093662611504,9999.387096774102,0.0,0.8737315984353196,1.134758465787652
757140,3778.2433775413265,9999.387096774102,0.0,0.8749084920263203,1.134757543832521
757200,3777.9213596882078,9999.387096774102,0.0,0.8765933960986376,1.1347569621261597
757260,3778.05745547488,9999.387096774102,0.0,0.8756888410161973,1.134756620399463
757320,3777.968058071932,9999.387096774102,0.0,0.8758468134714237,1.1347564387226974
757380,3778.2574658961266,9999.387096774102,0.0,0.8742614570131454,1.1347565297094686
757440,3778.1110317676435,9999.387096774102,0.0,0.8747201199551481,1.1347565189265603
757500,3777.8939279391407,9999.387096774102,0.0,0.8758087187958976,1.1347566129454183
757560,3777.8507978268176,9999.387096774102,0.0,0.8760536864233915,1.1347566950896646
757620,3778.0212167414484,9999.387096774102,0.0,0.8746655711501853,1.1347570473088089
757680,3777.9980405191977,9999.387096774102,0.0,0.8749799144981955,1.1347572146422729
757740,3778.048216640031,9999.387096774102,0.0,0.8745106515073435,1.1347575592048686
757800,3777.9012474331103,9999.387096774102,0.0,0.8753778980881313,1.1347576943575974
757860,3777.6371058455525,9999.387096774102,0.0,0.876742996546442,1.1347578851892548
757920,3777.856210172207,9999.387096774102,0.0,0.8754267282542547,1.134758192571021
757980,3777.8930777628952,9999.387096774102,0.0,0.8749078456400277,1.1347584732488019
758040,3778.0090049057408,9999.387096774102,0.0,0.874447458169147,1.1347587833203971
758100,3777.8294323118434,9999.387096774102,0.0,0.8752703119872616,1.1347588997021494
758160,3777.5498769132355,9999.387096774102,0.0,0.8769478272290012,1.1347590679723747
758220,3778.0113942257253,9999.387096774102,0.0,0.8753064707835311,1.1347588631467957
758280,3777.9733315357985,9999.387096774102,0.0,0.8753714859733492,1.1347584563423092
758340,3778.2579744320387,9999.387096774102,0.0,0.8739153631605308,1.1347584041234982
758400,3778.2066354601243,9999.387096774102,0.0,0.8752409539113144,1.1347576709656222
758460,3778.0716292646766,9999.387096774102,0.0,0.8758608003402024,1.1347568901988094
758520,3778.093247648429,9999.387096774102,0.0,0.8753105441854334,1.134756536747879
758580,3778.0864427881434,9999.387096774102,0.0,0.8755222383513415,1.1347561928653933
758640,3778.3413822997877,9999.387096774102,0.0,0.8736984953920904,1.1347562799539637
758700,3778.136010738738,9999.387096774102,0.0,0.8749434552335992,1.134756155670591
758760,3777.8268899768836,9999.387096774102,0.0,0.8765404615203894,1.1347561915925906
758820,3777.9461802557134,9999.387096774102,0.0,0.8757080134387276,1.1347563586083507
758880,3777.886734190931,9999.387096774102,0.0,0.8757247398506213,1.1347565736412333
758940,3778.1695194148697,9999.387096774102,0.0,0.8742375098015356,1.1347569379888316
759000,3778.0211311141725,9999.387096774102,0.0,0.8747523669375787,1.1347571195531856
759060,3777.8075548153347,9999.387096774102,0.0,0.8758429972862644,1.1347573505948918
759120,3777.77158942105,9999.387096774102,0.0,0.8760714225198747,1.1347575296671626
759180,3777.953526593789,9999.387096774102,0.0,0.8746580120501715,1.1347579398575631
759240,3777.941924478619,9999.387096774102,0.0,0.8749193628076035,1.1347581427007682
759300,3777.9772386348395,9999.387096774102,0.0,0.8745676826888118,1.1347584855396702
759360,3777.836095561121,9999.387096774102,0.0,0.8754162746751122,1.1347586166351313
759420,3777.58627262947,9999.387096774102,0.0,0.8767162831707149,1.1347587912857768
759480,3777.808137867105,9999.387096774102,0.0,0.8754107667058245,1.1347590726995944
759540,3777.857599990589,9999.387096774102,0.0,0.8748470801300605,1.1347593227573043
759600,3778.028777534766,9999.387096774102,0.0,0.8744754779972796,1.1347595752486586
759660,3778.0038505356815,9999.387096774102,0.0,0.8753166903643921,1.134759098417068
759720,3777.796846593537,9999.387096774102,0.0,0.876315760336701,1.1347586738391036
759780,3778.0266908890976,9999.387096774102,0.0,0.874976161729533,1.1347585371184346
759840,3778.2810193823884,9999.387096774102,0.0,0.8747842859041035,1.134757825884884
759900,3778.2662967916394,9999.387096774102,0.0,0.874428290928187,1.1347572338994194
759960,3778.1135538174217,9999.387096774102,0.0,0.8753299322679418,1.134756815523493
760020,3778.0037185015904,9999.387096774102,0.0,0.875821339117514,1.1347564617972474
760080,3778.003115659586,9999.387096774102,0.0,0.8753619149610555,1.1347564482467982
760140,3778.0096607890714,9999.387096774102,0.0,0.8754702065986292,1.1347564106936943
760200,3778.2576476399618,9999.387096774102,0.0,0.8737521486593892,1.134756704200815
760260,3778.061303308288,9999.387096774102,0.0,0.8749671835553176,1.1347567252187827
760320,3777.7597494773913,9999.387096774102,0.0,0.8765387373828415,1.1347568564584871
760380,3777.8817348420384,9999.387096774102,0.0,0.8757159352402382,1.1347570885181886
760440,3777.8404714035546,9999.387096774102,0.0,0.8756511018343202,1.1347573447299928
760500,3778.1169559692157,9999.387096774102,0.0,0.8742256055622355,1.1347577211277196
760560,3777.9683706633027,9999.387096774102,0.0,0.8747744615301652,1.1347578998388501
760620,3777.7578468677866,9999.387096774102,0.0,0.8758657392599396,1.134758117156654
760680,3777.726526256788,9999.387096774102,0.0,0.876082540959008,1.1347582778975724
760740,3777.914622957276,9999.387096774102,0.0,0.8746627094155616,1.1347586600026927
760800,3777.912856547476,9999.387096774102,0.0,0.8748748437938151,1.134758836232824
760860,3777.9383905410295,9999.387096774102,0.0,0.8746013042780815,1.1347591368801246
760920,3777.8182433560232,9999.387096774102,0.0,0.8760242104853062,1.1347590249948099
760980,3777.9154272267556,9999.387096774102,0.0,0.8758773893075205,1.1347585299358223
761040,3777.8594931912744,9999.387096774102,0.0,0.8758612914175368,1.1347583246229558
761100,3778.515475056336,9999.387096774102,0.0,0.8733121346321889,1.1347581157478692
761160,3778.2983313044565,9999.387096774102,0.0,0.8746991997055393,1.13475719579921
761220,3778.0478801619975,9999.387096774102,0.0,0.8759737915140171,1.134756661686179
761280,3778.0745293041846,9999.387096774102,0.0,0.8757026480308353,1.1347562804684947
761340,3777.8928736085713,9999.387096774102,0.0,0.8764474417116884,1.1347560841328566
761400,3778.198034318456,9999.387096774102,0.0,0.8746584133985037,1.1347561806200355
761460,3778.158565251141,9999.387096774102,0.0,0.874483852980004,1.1347562501555113
761520,3777.9986313019617,9999.387096774102,0.0,0.87537650048293,1.1347563757548258
761580,3777.890791357849,9999.387096774102,0.0,0.8758830024472175,1.1347564567736435
761640,3777.913691764923,9999.387096774102,0.0,0.8753457219875709,1.1347567633610463
761700,3777.9316464533995,9999.387096774102,0.0,0.8754114727308818,1.134756954374292
761760,3778.165656062052,9999.387096774102,0.0,0.8738164970158547,1.134757395518628
761820,3777.9775180450624,9999.387096774102,0.0,0.8749979988393671,1.1347575292691543
761880,3777.6845283431153,9999.387096774102,0.0,0.8765433799614876,1.1347577295487696
761940,3777.8120009388776,9999.387096774102,0.0,0.8757202133712588,1.1347580027044797
762000,3777.789854001829,9999.387096774102,0.0,0.8755709137751142,1.1347582792430067
762060,3778.0584707667917,9999.387096774102,0.0,0.874215616487623,1.1347586503221745
762120,3777.9092721947477,9999.387096774102,0.0,0.8748035103213861,1.1347588118793708
762180,3777.7025340589335,9999.387096774102,0.0,0.8758916986896984,1.134759003630509
762240,3777.6769688055797,9999.387096774102,0.0,0.8760923848880867,1.1347591362225988
762300,3777.848054320462,9999.387096774102,0.0,0.8748462705029546,1.1347594754365447
762360,3778.260364646826,9999.387096774102,0.0,0.8738419119228134,1.1347593992324827
762420,3778.0812542323765,9999.387096774102,0.0,0.8747148280888732,1.134758882345669
762480,3777.76176459799,9999.387096774102,0.0,0.8766571466148848,1.1347585910271356
762540,3778.0666304952465,9999.387096774102,0.0,0.8756747194393016,1.1347580739571617
762600,3778.0519970358882,9999.387096774102,0.0,0.8758917446853485,1.1347572912893418
762660,3778.421013734397,9999.387096774102,0.0,0.8734158711561533,1.1347570649690188
762720,3778.22333477377,9999.387096774102,0.0,0.8747116954274545,1.1347566243718128
762780,3777.9759803553534,9999.387096774102,0.0,0.875920805523545,1.134756450318635
762840,3777.979980859772,9999.387096774102,0.0,0.8757421287632137,1.134756390846579
762900,3777.8244567674283,9999.387096774102,0.0,0.8763600257933797,1.1347564473048264
762960,3778.1325277191095,9999.387096774102,0.0,0.8746172690687259,1.1347567084957344
763020,3778.093262529924,9999.387096774102,0.0,0.8744795157065035,1.134756886214304
763080,3777.9289151322864,9999.387096774102,0.0,0.8754110959307368,1.1347570823219502
763140,3777.825714296365,9999.387096774102,0.0,0.8759166430950381,1.1347572111338675
763200,3777.8599621382364,9999.387096774102,0.0,0.8753470197894895,1.134757541268627
763260,3777.887475417229,9999.387096774102,0.0,0.8753670634501168,1.1347577419933137
763320,3778.111887865039,9999.387096774102,0.0,0.873859358567001,1.1347581669882834
763380,3777.9291175471467,9999.387096774102,0.0,0.8750194138079329,1.134758285336764
763440,3777.643172993064,9999.387096774102,0.0,0.8765392878605146,1.1347584601446006
763500,3777.772641315581,9999.387096774102,0.0,0.875725333371138,1.1347587039345837
763560,3777.764293805533,9999.387096774102,0.0,0.8755154765703447,1.1347589499161705
763620,3778.221669449564,9999.387096774102,0.0,0.8735095637865831,1.134759292997053
763680,3778.106708640824,9999.387096774102,0.0,0.8748879209553143,1.1347587794020682
763740,3777.8740872007274,9999.387096774102,0.0,0.8759670382425863,1.1347583695105858
763800,3777.8912220047864,9999.387096774102,0.0,0.8759277468602878,1.134758148721385
763860,3778.220452431875,9999.387096774102,0.0,0.8752351191887288,1.1347574185510534
763920,3778.247582643058,9999.387096774102,0.0,0.874609348090851,1.1347568658302016
763980,3778.2490778526253,9999.387096774102,0.0,0.8747606986062197,1.13475651218562
764040,3778.079109226484,9999.387096774102,0.0,0.8754611157142952,1.1347561665618944
764100,3777.9466903426987,9999.387096774102,0.0,0.8758082061752283,1.1347561131477473
764160,3777.9619302242822,9999.387096774102,0.0,0.8758306730417424,1.1347560876814644
764220,3778.29925368699,9999.387096774102,0.0,0.8735158296254628,1.1347564336230005
764280,3778.119358074111,9999.387096774102,0.0,0.8747007307430897,1.1347564805578993
764340,3777.867397293592,9999.387096774102,0.0,0.8759800696797081,1.1347566568016372
764400,3777.884430656814,9999.387096774102,0.0,0.8757699501172984,1.1347568542554023
764460,3777.7519218975954,9999.387096774102,0.0,0.8762801435243956,1.1347570955759223
764520,3778.0592192179383,9999.387096774102,0.0,0.8745757686562936,1.1347574821506048
764580,3778.0206235397545,9999.387096774102,0.0,0.8744760118742735,1.1347577402365403
764640,3777.851791566626,9999.387096774102,0.0,0.8754521272000523,1.134757981093792
764700,3777.754712908607,9999.387096774102,0.0,0.8759514610575728,1.1347581356507894
764760,3777.8016751679675,9999.387096774102,0.0,0.8753424888914412,1.1347584713517611
764820,3777.839310637588,9999.387096774102,0.0,0.8753146750505223,1.134758667369343
764880,3778.052146526657,9999.387096774102,0.0,0.8739083546654998,1.1347590624815824
764940,3777.87478150443,9999.387096774102,0.0,0.8750473643912224,1.1347591545699727
765000,3777.5968941361175,9999.387096774102,0.0,0.8765374492553694,1.1347592945792953
765060,3777.8679946588827,9999.387096774102,0.0,0.8753448464323144,1.1347594117817563
765120,3777.9966120169497,9999.387096774102,0.0,0.8753275950975058,1.1347589579360409
765180,3778.149420066302,9999.387096774102,0.0,0.8740511392728614,1.1347587939176402
765240,3778.0516504118978,9999.387096774102,0.0,0.8755030568642374,1.1347584325870246
765300,3778.1370639383144,9999.387096774102,0.0,0.8755353995542374,1.1347575639878507
765360,3777.872746786945,9999.387096774102,0.0,0.8768152002634018,1.134756972493604
765420,3778.162617234341,9999.387096774102,0.0,0.875119387746799,1.1347567005486225
765480,3778.1604944816436,9999.387096774102,0.0,0.8746952957695134,1.1347565242971425
765540,3778.1551802251483,9999.387096774102,0.0,0.8747963911336045,1.1347565093833678
765600,3777.9860289608623,9999.387096774102,0.0,0.8755239354441744,1.1347564403418575
765660,3777.8728527447547,9999.387096774102,0.0,0.875811070460226,1.1347565833172972
765720,3777.8975408238434,9999.387096774102,0.0,0.8758016309600948,1.1347566903580266
765780,3778.2298189972166,9999.387096774102,0.0,0.8735525695305414,1.1347571171326454
765840,3778.058670530175,9999.387096774102,0.0,0.8746970868738609,1.1347572242025368
765900,3777.805727479035,9999.387096774102,0.0,0.8760036886662759,1.1347574267930574
765960,3777.8270612430756,9999.387096774102,0.0,0.8757918938040459,1.1347576365546395
766020,3777.711751872192,9999.387096774102,0.0,0.8762209583344123,1.1347578777754594
766080,3778.0178436496276,9999.387096774102,0.0,0.874547870202053,1.1347582486663597
766140,3777.9800020148296,9999.387096774102,0.0,0.874473976275831,1.1347584822603658
766200,3777.808657522567,9999.387096774102,0.0,0.8754773224686686,1.1347586912829413
766260,3777.714941819047,9999.387096774102,0.0,0.8759752680515888,1.1347588148357057
766320,3777.706464064859,9999.387096774102,0.0,0.8758310918209681,1.1347590986409515
766380,3778.207668643524,9999.387096774102,0.0,0.8742355289788288,1.134759002952908
766440,3778.1092509294,9999.387096774102,0.0,0.8746287835490212,1.1347585453132072
766500,3777.9249365298288,9999.387096774102,0.0,0.8758679975465756,1.1347583147961595
766560,3778.076879648471,9999.387096774102,0.0,0.875806009475302,1.1347577060543055
766620,3778.0403549520297,9999.387096774102,0.0,0.8760796114093033,1.1347569214482045
766680,3778.341507897656,9999.387096774102,0.0,0.8739291653731982,1.134756670232788
766740,3778.2162348448314,9999.387096774102,0.0,0.8748243984995702,1.1347562750575795
766800,3778.1250605875293,9999.387096774102,0.0,0.8751094922172166,1.1347561924698337
766860,3778.0284263550548,9999.387096774102,0.0,0.8755640826758958,1.1347561035616807
766920,3777.7829218333886,9999.387096774102,0.0,0.8767476883777288,1.13475614658343
766980,3778.0580797937287,9999.387096774102,0.0,0.875095777225015,1.134756394921282
767040,3778.0762570076495,9999.387096774102,0.0,0.8746033829527982,1.1347566244569263
767100,3778.053564838531,9999.387096774102,0.0,0.8748443900385396,1.1347568871721003
767160,3777.8916521265487,9999.387096774102,0.0,0.8755752138567847,1.1347570225860018
767220,3777.792209024814,9999.387096774102,0.0,0.8758165590754726,1.13475731118145
767280,3777.8264517777425,9999.387096774102,0.0,0.8757667332772193,1.1347575212407033
767340,3778.154773342889,9999.387096774102,0.0,0.8735855664282671,1.1347580028411053
767400,3777.991174611571,9999.387096774102,0.0,0.8746994008071152,1.1347581454919566
767460,3777.737680323712,9999.387096774102,0.0,0.8760318567443333,1.1347583544096376
767520,3777.7640579512436,9999.387096774102,0.0,0.8758144673331276,1.134758561049146
767580,3777.6677362094756,9999.387096774102,0.0,0.8761540420194253,1.1347587893095927
767640,3777.972637462748,9999.387096774102,0.0,0.8745141760446149,1.1347591331153666
767700,3777.934178257519,9999.387096774102,0.0,0.8744763434225642,1.1347593314763509
767760,3777.680417801411,9999.387096774102,0.0,0.8763287001696208,1.1347594624554487
767820,3777.9121937112823,9999.387096774102,0.0,0.8757708979972498,1.1347591068606822
767880,3777.8078786640253,9999.387096774102,0.0,0.8762396408243979,1.1347586940094672
767940,3778.343200780085,9999.387096774102,0.0,0.873190211368692,1.1347587020010876
768000,3778.365412306735,9999.387096774102,0.0,0.8743504595639309,1.1347579618461352
768060,3778.1775296722844,9999.387096774102,0.0,0.8750432753345087,1.1347572331841957
768120,3777.9810476945504,9999.387096774102,0.0,0.8759221272386408,1.13475679773837
768180,3777.976901383602,9999.387096774102,0.0,0.8760156764004469,1.134756457014209
768240,3778.2416151644743,9999.387096774102,0.0,0.8740299007911299,1.1347565443649497
768300,3778.1417120529,9999.387096774102,0.0,0.8747590515810257,1.1347564675903117
768360,3778.0357798073733,9999.387096774102,0.0,0.8751783412296849,1.1347565971373865
768420,3777.9507979334726,9999.387096774102,0.0,0.8755996890134038,1.134756659825317
768480,3777.723141680617,9999.387096774102,0.0,0.8766986600653935,1.1347568065138416
768540,3777.998930636636,9999.387096774102,0.0,0.8750706911930433,1.1347571218400407
768600,3778.0269044341267,9999.387096774102,0.0,0.874556775102183,1.13475739232841
768660,3777.993515153916,9999.387096774102,0.0,0.8748743023933458,1.1347576658070462
768720,3777.835385286316,9999.387096774102,0.0,0.8756123517240457,1.1347578026592025
768780,3777.7456004413625,9999.387096774102,0.0,0.875824201051934,1.1347580806509239
768840,3777.787216532612,9999.387096774102,0.0,0.8757401848527033,1.1347582748003875
768900,3778.111527847063,9999.387096774102,0.0,0.873613507616929,1.1347587245986024
768960,3777.953871863432,9999.387096774102,0.0,0.8747003668643782,1.1347588389769703
769020,3777.701101534723,9999.387096774102,0.0,0.8760437935526557,1.13475901054745
769080,3777.7895195723786,9999.387096774102,0.0,0.8759637181249296,1.134759039787736
769140,3777.953027945592,9999.387096774102,0.0,0.8756842981675765,1.1347585810265388
769200,3778.113335026052,9999.387096774102,0.0,0.8743167047014551,1.1347584378156843
769260,3778.276894447941,9999.387096774102,0.0,0.8745084363145119,1.1347581420153117
769320,3778.2174191619897,9999.387096774102,0.0,0.8752010378904442,1.134757227771494
769380,3777.8929403497905,9999.387096774102,0.0,0.8768704218940249,1.134756629180904
769440,3778.1130699226615,9999.387096774102,0.0,0.8754975013584071,1.1347563267440766
769500,3778.079309108676,9999.387096774102,0.0,0.8752765700675201,1.134756162000367
769560,3778.2620566844603,9999.387096774102,0.0,0.8743356018244397,1.134756228626675
769620,3778.07226625925,9999.387096774102,0.0,0.8750773315620413,1.1347561888443958
769680,3777.8720063400583,9999.387096774102,0.0,0.8759519017426861,1.134756308118574
769740,3777.871629996087,9999.387096774102,0.0,0.8760234432498384,1.1347564175485039
769800,3778.1519406005,9999.387096774102,0.0,0.8740138713386323,1.1347568329392757
769860,3778.06336845534,9999.387096774102,0.0,0.8747040420563075,1.1347569921151668
769920,3777.9426403672005,9999.387096774102,0.0,0.8752366963562677,1.1347572742694183
769980,3777.8644127042976,9999.387096774102,0.0,0.8756407789716457,1.1347574536113572
770040,3777.6569384823397,9999.387096774102,0.0,0.8766448131153747,1.1347576779818767
770100,3777.9352113870564,9999.387096774102,0.0,0.8750379159585856,1.134758035759487
770160,3777.972163538688,9999.387096774102,0.0,0.8745105231164884,1.134758325299628
770220,3777.926590978906,9999.387096774102,0.0,0.874911244849676,1.1347585915661336
770280,3777.772909722395,9999.387096774102,0.0,0.8756549726410505,1.1347587159173842
770340,3777.6946170899937,9999.387096774102,0.0,0.8758281726272424,1.1347589716489928
770400,3777.7444432852376,9999.387096774102,0.0,0.8757067026798288,1.1347591398874017
770460,3778.0638812590055,9999.387096774102,0.0,0.8736420649732395,1.1347595482130384
770520,3778.0694710890257,9999.387096774102,0.0,0.8747722722138258,1.1347594002406294
770580,3777.973715091798,9999.387096774102,0.0,0.8753889419315467,1.134758861119732
770640,3777.6721154025236,9999.387096774102,0.0,0.8770265021897719,1.1347585710228794
770700,3778.2536044714966,9999.387096774102,0.0,0.8745963389722373,1.134758229373577
770760,3778.180571372802,9999.387096774102,0.0,0.875172346255596,1.1347574080551182
770820,3778.3015166549144,9999.387096774102,0.0,0.8742656673719718,1.1347570623078915
770880,3778.1371326328,9999.387096774102,0.0,0.8752296514125645,1.1347566129695998
770940,3777.8290170643177,9999.387096774102,0.0,0.8767891911652069,1.1347563849092146
771000,3778.023669009277,9999.387096774102,0.0,0.8755038369616255,1.1347564093427374
771060,3778.01673693682,9999.387096774102,0.0,0.8751602301528854,1.1347565064445
771120,3778.1855692990616,9999.387096774102,0.0,0.8743514463977433,1.1347567379491346
771180,3777.9988494717227,9999.387096774102,0.0,0.8751155043824475,1.1347568123611604
771240,3777.8059679368203,9999.387096774102,0.0,0.8759708562809875,1.1347570094433348
771300,3777.8119470999436,9999.387096774102,0.0,0.8760198844427918,1.1347571712820093
771360,3778.096646199698,9999.387096774102,0.0,0.8740223174572023,1.1347576095006195
771420,3778.0186166785497,9999.387096774102,0.0,0.8746643432127755,1.1347577800027844
771480,3777.8885462187804,9999.387096774102,0.0,0.8752715646374549,1.1347580471428873
771540,3777.814040243539,9999.387096774102,0.0,0.8756702483778079,1.1347582110863639
771600,3777.621339336236,9999.387096774102,0.0,0.8766038360897921,1.1347584139909075
771660,3777.8999917114143,9999.387096774102,0.0,0.8750172446782298,1.1347587419097631
771720,3777.9436550668174,9999.387096774102,0.0,0.8744791989867093,1.1347589989945341
771780,3777.8752699213333,9999.387096774102,0.0,0.875414314802435,1.134759195540032
771840,3777.9687598989944,9999.387096774102,0.0,0.8756068154655687,1.1347587706962465
771900,3777.80252433306,9999.387096774102,0.0,0.8764005014227787,1.1347583505332486
771960,3778.2109553291334,9999.387096774102,0.0,0.8740194084575198,1.1347582971730423
772020,3778.374203722086,9999.387096774102,0.0,0.8744249969944442,1.1347575773174556
772080,3778.2632352747514,9999.387096774102,0.0,0.8746200517367386,1.1347569143303704
772140,3778.0515171695565,9999.387096774102,0.0,0.875717618881484,1.1347564755851256
772200,3777.9971206354903,9999.387096774102,0.0,0.8759920927466733,1.1347561326432276
772260,3778.125267831466,9999.387096774102,0.0,0.8747639304868722,1.1347561776399775
772320,3778.089735752339,9999.387096774102,0.0,0.8751204831785709,1.1347561372918173
772380,3778.185354248776,9999.387096774102,0.0,0.8743306596638141,1.1347563755944106
772440,3778.0215708874575,9999.387096774102,0.0,0.8752794249066286,1.1347564207733982
772500,3777.73009356669,9999.387096774102,0.0,0.8767753977014855,1.1347565644630364
772560,3777.9354969190713,9999.387096774102,0.0,0.8754857304080356,1.1347568538544823
772620,3777.946037990362,9999.387096774102,0.0,0.8750767629521374,1.1347571405041266
772680,3778.0999529179994,9999.387096774102,0.0,0.8743750746148788,1.1347574954794843
772740,3777.916554664958,9999.387096774102,0.0,0.8751627281438656,1.1347576559233472
772800,3777.7335888079565,9999.387096774102,0.0,0.87598936278362,1.1347579058895807
772860,3777.7474012014773,9999.387096774102,0.0,0.8760110848621694,1.1347580977673095
772920,3778.0367847174502,9999.387096774102,0.0,0.8740253432506072,1.1347585400273943
772980,3777.968309056937,9999.387096774102,0.0,0.8746256749973466,1.1347587064035363
773040,3777.828010998783,9999.387096774102,0.0,0.8753146280924308,1.1347589450250284
773100,3777.758184528904,9999.387096774102,0.0,0.8757033622326772,1.1347590829546066
773160,3777.5820320147673,9999.387096774102,0.0,0.8765578467915343,1.13475925526883
773220,3778.1662357159926,9999.387096774102,0.0,0.873651884847503,1.134759551840859
773280,3778.1343682386264,9999.387096774102,0.0,0.8745968365292158,1.1347590684956488
773340,3778.036804830056,9999.387096774102,0.0,0.874823591052975,1.1347587599705076
773400,3777.799061274514,9999.387096774102,0.0,0.8766104343357958,1.1347584031498243
773460,3778.1013510999896,9999.387096774102,0.0,0.8757497379795803,1.1347576182784382
773520,3778.0150269887745,9999.387096774102,0.0,0.8758752915261693,1.134757063374388
773580,3778.3207975381233,9999.387096774102,0.0,0.8742882872951584,1.1347568158020758
773640,3778.181166691191,9999.387096774102,0.0,0.8746708433018208,1.134756538830347
773700,3777.9625894131877,9999.387096774102,0.0,0.8757473992855681,1.134756440240975
773760,3777.9060489989874,9999.387096774102,0.0,0.8760346276930592,1.1347563838549488
773820,3778.054865245722,9999.387096774102,0.0,0.8747467023499584,1.1347566334456387
773880,3778.029804305482,9999.387096774102,0.0,0.8750643754183647,1.1347567313306928
773940,3778.111429364173,9999.387096774102,0.0,0.8743850629982721,1.1347570498585724
774000,3777.9534540187324,9999.387096774102,0.0,0.8753137828122821,1.1347571567711512
774060,3777.6748811723696,9999.387096774102,0.0,0.8767531666290378,1.1347573352159235
774120,3777.883115832509,9999.387096774102,0.0,0.8754762653930471,1.1347576378852458
774180,3777.90716387636,9999.387096774102,0.0,0.8750157543072372,1.1347579246939306
774240,3778.050650011507,9999.387096774102,0.0,0.8743897386057623,1.1347582603670867
774300,3777.8693475305004,9999.387096774102,0.0,0.8751948551575971,1.1347583982443856
774360,3777.6930325258404,9999.387096774102,0.0,0.8760035931889791,1.1347586199425228
774420,3777.7121764277167,9999.387096774102,0.0,0.8760040135676318,1.1347587828018435
774480,3777.9999626457593,9999.387096774102,0.0,0.874060837433168,1.134759186643267
774540,3778.232118716551,9999.387096774102,0.0,0.8740846241356216,1.134759091230602
774600,3778.058752014514,9999.387096774102,0.0,0.8749920203575614,1.1347585505243616
774660,3777.704484061491,9999.387096774102,0.0,0.8770479214716805,1.1347582512485963
774720,3778.1569441480774,9999.387096774102,0.0,0.875270249413665,1.1347578176000177
774780,3778.1261619996117,9999.387096774102,0.0,0.8756023719583154,1.1347570141128425
774840,3778.427405502587,9999.387096774102,0.0,0.8735709268257512,1.1347567557451923
774900,3778.2146266956256,9999.387096774102,0.0,0.8748928961022884,1.134756301933099
774960,3777.904952924743,9999.387096774102,0.0,0.8764629319204987,1.134756097080602
775020,3778.0016118489957,9999.387096774102,0.0,0.8757191255594343,1.1347560876969827
775080,3777.919782488869,9999.387096774102,0.0,0.8758528250333725,1.1347561784510616
775140,3778.2147462014427,9999.387096774102,0.0,0.8742700056277715,1.134756461521871
775200,3778.0769902883394,9999.387096774102,0.0,0.8746945072467718,1.1347565950469152
775260,3777.8625921269763,9999.387096774102,0.0,0.8757885273796834,1.1347567927823172
775320,3777.815688914304,9999.387096774102,0.0,0.8760549739000596,1.1347569508552389
775380,3777.976200517525,9999.387096774102,0.0,0.8747404125453485,1.1347573503466213
775440,3777.963667764672,9999.387096774102,0.0,0.874999475132589,1.134757556614246
775500,3778.0294524993346,9999.387096774102,0.0,0.8744488176159231,1.1347579280221507
775560,3777.8784630753353,9999.387096774102,0.0,0.8753540027036477,1.1347580726623627
775620,3777.6143861354262,9999.387096774102,0.0,0.8767290776905015,1.1347582658774658
775680,3777.8260735409644,9999.387096774102,0.0,0.875461775758024,1.1347585660243678
775740,3777.8644569376397,9999.387096774102,0.0,0.8749476431088948,1.13475883959492
775800,3777.995392044131,9999.387096774102,0.0,0.8744100458910324,1.134759143371214
775860,3777.816386161635,9999.387096774102,0.0,0.8752339160630391,1.1347592485109876
775920,3777.5340594854333,9999.387096774102,0.0,0.8769448834937924,1.1347593984661926
775980,3777.9806998654653,9999.387096774102,0.0,0.8753558275158472,1.134759182629489
776040,3777.946861938422,9999.387096774102,0.0,0.8754064619166662,1.1347587765557783
776100,3778.251079488415,9999.387096774102,0.0,0.8738355542930979,1.1347587242745851
776160,3778.1924195807783,9999.387096774102,0.0,0.8751976778965995,1.1347579912118826
776220,3778.052702860468,9999.387096774102,0.0,0.875839445040111,1.1347572164923416
776280,3778.0614457025513,9999.387096774102,0.0,0.8753791448973387,1.1347568564315593
776340,3778.06164506655,9999.387096774102,0.0,0.8755507676691516,1.1347565106180308
776400,3778.3283069872964,9999.387096774102,0.0,0.8736629865738622,1.134756593756621
776460,3778.1242803829036,9999.387096774102,0.0,0.8749128898897356,1.1347564598839173
776520,3777.819602818801,9999.387096774102,0.0,0.8764899911062054,1.1347564850531489
776580,3777.928174458722,9999.387096774102,0.0,0.8757269323216964,1.1347566331836172
776640,3777.864672009073,9999.387096774102,0.0,0.8757793287398951,1.1347568321937933
776700,3778.154212397013,9999.387096774102,0.0,0.8742508333056805,1.1347571824561609
776760,3778.015814318471,9999.387096774102,0.0,0.8747147813864317,1.13475735514006
776820,3777.8039524152955,9999.387096774102,0.0,0.8758148549023212,1.1347575704023527
776880,3777.7622120720853,9999.387096774102,0.0,0.8760701033351483,1.1347577332851122
776940,3777.930227979187,9999.387096774102,0.0,0.8747436111377445,1.1347581221611542
777000,3777.927987493128,9999.387096774102,0.0,0.8749517448866622,1.134758314358517
777060,3777.9831021714695,9999.387096774102,0.0,0.8744875398999795,1.1347586516130266
777120,3777.8358452581074,9999.387096774102,0.0,0.8753821000364373,1.134758767282068
777180,3777.582665793662,9999.387096774102,0.0,0.8767072877021183,1.134758927842828
777240,3778.0226465329597,9999.387096774102,0.0,0.8745599770901488,1.1347591461031539
777300,3778.0831886870383,9999.387096774102,0.0,0.8749751474935497,1.134758682491043
777360,3778.1400654569684,9999.387096774102,0.0,0.8742734934589853,1.1347584675905027
777420,3777.921190598199,9999.387096774102,0.0,0.8762086782967594,1.1347580949889793
777480,3778.1306727182487,9999.387096774102,0.0,0.8757093291893479,1.134757257882944
777540,3777.9386570538536,9999.387096774102,0.0,0.8765090294134876,1.1347566784544807
777600,3778.258139267206,9999.387096774102,0.0,0.874719519673908,1.1347564287868144
777660,3778.2181639878972,9999.387096774102,0.0,0.8745106529337816,1.1347562274372072
777720,3778.0755069286047,9999.387096774102,0.0,0.8752844107324874,1.1347561681979326
777780,3777.9542038231666,9999.387096774102,0.0,0.8758279502810935,1.1347561120987426
777840,3777.95310526444,9999.387096774102,0.0,0.8754101624555327,1.1347563153567295
777900,3777.966752652939,9999.387096774102,0.0,0.8754915261604188,1.1347564363389588
777960,3778.224171786252,9999.387096774102,0.0,0.8737256463843497,1.1347568484403219
778020,3778.030016956056,9999.387096774102,0.0,0.8749416503365628,1.134756957257068
778080,3777.7330904766127,9999.387096774102,0.0,0.8764975623058588,1.1347571507993972
778140,3777.8468074148595,9999.387096774102,0.0,0.8757355096421553,1.1347574195071786
778200,3777.804672413509,9999.387096774102,0.0,0.8756917231918481,1.1347577007063223
778260,3778.08766394016,9999.387096774102,0.0,0.8742319658178466,1.1347580922789011
778320,3777.9478523698854,9999.387096774102,0.0,0.8747422955943214,1.1347582816910755
778380,3777.7390742157913,9999.387096774102,0.0,0.8758445872761834,1.1347584969156843
778440,3777.7034954006353,9999.387096774102,0.0,0.8760845301504294,1.1347586507034135
778500,3777.8806414389232,9999.387096774102,0.0,0.8747391435431827,1.1347590170288628
778560,3777.888771127831,9999.387096774102,0.0,0.874897503851284,1.1347591846852498
778620,3777.930931468318,9999.387096774102,0.0,0.8745346850309207,1.134759477292151
778680,3777.806956081318,9999.387096774102,0.0,0.8759881503428717,1.1347593515006562
778740,3777.894449245014,9999.387096774102,0.0,0.8758758509731863,1.134758854035155
778800,3777.8296510125974,9999.387096774102,0.0,0.875928825952127,1.134758639878903
778860,3778.487171738665,9999.387096774102,0.0,0.8733397265502022,1.1347584252373673
778920,3778.2769760613105,9999.387096774102,0.0,0.8746870962612214,1.134757518837043
778980,3778.0388724407476,9999.387096774102,0.0,0.8758972199592677,1.1347569914752549
779040,3778.0546463049536,9999.387096774102,0.0,0.8757008893706358,1.1347566025585345
779100,3777.8693373989963,9999.387096774102,0.0,0.8764789085797049,1.134756397930395
779160,3778.172421487632,9999.387096774102,0.0,0.8747008676833598,1.134756482035176
779220,3778.143749366368,9999.387096774102,0.0,0.8744734969505314,1.1347565452768222
779280,3777.994316625488,9999.387096774102,0.0,0.8753260983099239,1.1347566603512507
779340,3777.8804052197625,9999.387096774102,0.0,0.8758619636127115,1.1347567262940363
779400,3777.8900096705534,9999.387096774102,0.0,0.8754137867057842,1.1347570115840981
779460,3777.9136158542515,9999.387096774102,0.0,0.8754465368768889,1.1347571894856179
779520,3778.1616374112173,9999.387096774102,0.0,0.8737718620445074,1.1347576206425978
779580,3777.9738820738316,9999.387096774102,0.0,0.8749620519946112,1.1347577402483282
779640,3777.6834425110856,9999.387096774102,0.0,0.8764974010499436,1.1347579269602421
779700,3777.7997810068136,9999.387096774102,0.0,0.8757429528673699,1.1347581804976836
779760,3777.7728724059093,9999.387096774102,0.0,0.8756312457566745,1.1347584413827978
779820,3778.050488835089,9999.387096774102,0.0,0.874220892487389,1.134758800841499
779880,3777.9104058511357,9999.387096774102,0.0,0.8747603880232854,1.1347589553645117
779940,3777.592631702673,9999.387096774102,0.0,0.8768424872512225,1.1347590937010408
780000,3777.9457037899547,9999.387096774102,0.0,0.875685100280008,1.1347588072106856
780060,3777.879733037388,9999.387096774102,0.0,0.8759269966948475,1.1347584017681036
780120,3778.382350713386,9999.387096774102,0.0,0.8731349557771609,1.1347584205797145
780180,3778.3242783331975,9999.387096774102,0.0,0.8746722363122922,1.1347576610161803
780240,3778.137872107149,9999.387096774102,0.0,0.8754384423266098,1.1347568963322505
780300,3778.0115718767884,9999.387096774102,0.0,0.875809029603487,1.1347564891190731
780360,3778.02320808086,9999.387096774102,0.0,0.8758721462678313,1.1347561544113263
780420,3778.354365383806,9999.387096774102,0.0,0.8735304602784821,1.1347562789635104
780480,3778.1762041993215,9999.387096774102,0.0,0.8746920002607177,1.1347561748822697
780540,3777.937273927185,9999.387096774102,0.0,0.8758807731017839,1.134756252183182
780600,3777.9397031901053,9999.387096774102,0.0,0.8757433894421288,1.1347563660368416
780660,3777.7828953213066,9999.387096774102,0.0,0.8763850867274829,1.1347565502790427
780720,3778.0892678934783,9999.387096774102,0.0,0.8746518975021844,1.1347569059591462
780780,3778.0612330996464,9999.387096774102,0.0,0.8744656036692618,1.1347571587284284
780840,3777.9054403008995,9999.387096774102,0.0,0.8753711680905963,1.1347574042685908
780900,3777.797892627635,9999.387096774102,0.0,0.8759031348307206,1.1347575633973892
780960,3777.8220481777907,9999.387096774102,0.0,0.8754085208261772,1.1347579060586181
781020,3777.856123524304,9999.387096774102,0.0,0.8753936064632941,1.1347581177888357
781080,3778.092595067519,9999.387096774102,0.0,0.8738238692041186,1.1347585476968935
781140,3777.9111294538093,9999.387096774102,0.0,0.8749891083641437,1.1347586627130215
781200,3777.6281607876904,9999.387096774102,0.0,0.8765000939443675,1.1347588296828248
781260,3777.748310237411,9999.387096774102,0.0,0.8757479369410446,1.1347590573828366
781320,3777.7380172095313,9999.387096774102,0.0,0.8755623340759684,1.1347592885857354
781380,3778.2113755361634,9999.387096774102,0.0,0.8734552183627123,1.134759620671366
781440,3778.0914869562394,9999.387096774102,0.0,0.8748532464684037,1.1347591055088913
781500,3777.860394021819,9999.387096774102,0.0,0.8759284877129583,1.1347586944750887
781560,3777.859372578381,9999.387096774102,0.0,0.8760091638699377,1.1347584595616627
781620,3778.1897886067054,9999.387096774102,0.0,0.8752725762293492,1.1347577347840674
781680,3778.220158368184,9999.387096774102,0.0,0.8746403450215724,1.134757187983751
781740,3778.2387530227356,9999.387096774102,0.0,0.8747099498663296,1.134756838322272
781800,3778.065174723245,9999.387096774102,0.0,0.8754286456544239,1.1347564879155745
781860,3777.9242910675266,9999.387096774102,0.0,0.8758431811919032,1.1347564210061747
781920,3777.94097793319,9999.387096774102,0.0,0.8758550793335876,1.134756384882182
781980,3778.2783305881794,9999.387096774102,0.0,0.87354437192858,1.134756716398039
782040,3778.1078725853085,9999.387096774102,0.0,0.8746827803559087,1.1347567540815813
782100,3777.866309605015,9999.387096774102,0.0,0.8759066986526165,1.1347569200588359
782160,3777.8724051104377,9999.387096774102,0.0,0.8757695317006564,1.1347570976691375
782220,3777.734423994248,9999.387096774102,0.0,0.8763218844546525,1.1347573217113989
782280,3778.0402881045875,9999.387096774102,0.0,0.8746211882284418,1.134757690926151
782340,3778.0138212768343,9999.387096774102,0.0,0.874458728328144,1.134757940649875
782400,3777.8542721142644,9999.387096774102,0.0,0.8753995597559346,1.1347581694968578
782460,3777.750496721139,9999.387096774102,0.0,0.8759308939208167,1.1347583088357454
782520,3777.783431804442,9999.387096774102,0.0,0.875412432389279,1.1347586242128482
782580,3777.82602995992,9999.387096774102,0.0,0.875354594962884,1.1347588087201006
782640,3778.054413395394,9999.387096774102,0.0,0.8738583088054949,1.1347591970471758
782700,3777.9544682624432,9999.387096774102,0.0,0.8754185572718767,1.1347590506402923
782760,3777.9486032893114,9999.387096774102,0.0,0.875670121017981,1.1347585277194652
782820,3777.7356698926583,9999.387096774102,0.0,0.8766856642096189,1.134758272707709
782880,3778.4047648511496,9999.387096774102,0.0,0.8739003048603973,1.1347580051875519
782940,3778.2626612412964,9999.387096774102,0.0,0.8748564625611941,1.134757139082724
783000,3778.201383033833,9999.387096774102,0.0,0.8750316359662303,1.1347567042416296
783060,3778.1103270264152,9999.387096774102,0.0,0.8754978880757184,1.1347562811209253
783120,3777.841060890945,9999.387096774102,0.0,0.8768026786574732,1.1347560649337967
783180,3778.1023442511314,9999.387096774102,0.0,0.8751705001094393,1.134756133242698
783240,3778.1152845974743,9999.387096774102,0.0,0.8746811742434133,1.1347562410301302
783300,3778.121910183742,9999.387096774102,0.0,0.8747567495309249,1.134756428564556
783360,3777.951922564688,9999.387096774102,0.0,0.8754976731432157,1.1347565043041272
783420,3777.8314424813457,9999.387096774102,0.0,0.8758462414457252,1.134756750206979
783480,3777.858837367412,9999.387096774102,0.0,0.8758219139938276,1.1347569376409246
783540,3778.192399890461,9999.387096774102,0.0,0.8735778574747965,1.1347574181266147
783600,3778.0309203814422,9999.387096774102,0.0,0.8746780256675449,1.134757566308002
783660,3777.786771660223,9999.387096774102,0.0,0.8759430475233068,1.1347577943683222
783720,3777.7991526471083,9999.387096774102,0.0,0.8757959353550605,1.134758011906582
783780,3777.6815181732304,9999.387096774102,0.0,0.876252220597625,1.1347582553432365
783840,3777.9867907232338,9999.387096774102,0.0,0.8745847614363774,1.1347586216254169
783900,3777.9606601125583,9999.387096774102,0.0,0.8744557836526822,1.1347588537875695
783960,3777.796976679343,9999.387096774102,0.0,0.8754342066816204,1.1347590538005725
784020,3777.6979746010006,9999.387096774102,0.0,0.8759613049760141,1.1347591635004546
784080,3777.676357875914,9999.387096774102,0.0,0.8759107605406438,1.1347594259261033
784140,3778.1743855566897,9999.387096774102,0.0,0.874295049740083,1.134759320337827
784200,3778.087867424215,9999.387096774102,0.0,0.874630088230188,1.1347588679922682
784260,3777.922406634519,9999.387096774102,0.0,0.8757665637696646,1.1347586377363452
784320,3778.054308434231,9999.387096774102,0.0,0.8758103342189452,1.1347580225352771
784380,3778.0161143773407,9999.387096774102,0.0,0.8760886326172518,1.1347572449083791
784440,3778.30517431127,9999.387096774102,0.0,0.8740166713295942,1.1347569875242227
784500,3778.193092615831,9999.387096774102,0.0,0.8748403794827724,1.1347565938851316
784560,3778.1196818804706,9999.387096774102,0.0,0.8750280557433897,1.1347565110807134
784620,3778.0147292775873,9999.387096774102,0.0,0.8755449949032478,1.134756408246171
784680,3777.766043043179,9999.387096774102,0.0,0.8767565483486789,1.1347564375076595
784740,3778.03507911239,9999.387096774102,0.0,0.8751402534294672,1.1347566682513328
784800,3778.057329204661,9999.387096774102,0.0,0.8746331679577202,1.1347568854842325
784860,3778.0521482873714,9999.387096774102,0.0,0.8747885523953027,1.1347571391810922
784920,3777.8861189149725,9999.387096774102,0.0,0.8755393007958272,1.1347572598976274
784980,3777.7764683561886,9999.387096774102,0.0,0.8758546270369545,1.134757528107357
785040,3777.811506780329,9999.387096774102,0.0,0.8757969917337697,1.1347577235479147
785100,3778.141897532306,9999.387096774102,0.0,0.8736053442711728,1.1347581900544927
785160,3777.987233311728,9999.387096774102,0.0,0.8746747981219396,1.1347583230515936
785220,3777.7425415318694,9999.387096774102,0.0,0.8759600637167645,1.1347585219669212
785280,3777.7574642253608,9999.387096774102,0.0,0.8758159224407391,1.1347587102535173
785340,3777.654564900532,9999.387096774102,0.0,0.8762024796482681,1.1347589231128712
785400,3778.2886174778137,9999.387096774102,0.0,0.8731077295976568,1.1347592885123234
785460,3778.1670802851445,9999.387096774102,0.0,0.8745563417089455,1.1347587732232431
785520,3777.9716088850478,9999.387096774102,0.0,0.8753606142117041,1.1347584059351596
785580,3777.8042282152796,9999.387096774102,0.0,0.8765571052642266,1.1347580999533178
785640,3778.1518540343936,9999.387096774102,0.0,0.8756053362688118,1.134757340804316
785700,3778.134440142029,9999.387096774102,0.0,0.8752695780194869,1.1347567940615904
785760,3778.3431696554844,9999.387096774102,0.0,0.8742841012332707,1.1347565186700022
785820,3778.1518218128117,9999.387096774102,0.0,0.8749924233245334,1.1347561992027704
785880,3777.9359325850514,9999.387096774102,0.0,0.8759312216091661,1.1347561130932877
785940,3777.9239460602535,9999.387096774102,0.0,0.8760385092435856,1.1347560789134277
786000,3778.1894112196637,9999.387096774102,0.0,0.8740850254587843,1.1347563909744594
786060,3778.100563424381,9999.387096774102,0.0,0.8747673126886373,1.134756479919479
786120,3778.0093272379413,9999.387096774102,0.0,0.875109490693275,1.1347567343308718
786180,3777.916881877454,9999.387096774102,0.0,0.8755886521598599,1.1347568832615675
786240,3777.6889409333385,9999.387096774102,0.0,0.876703052051896,1.1347570926023611
786300,3777.960296259979,9999.387096774102,0.0,0.8751081495685527,1.1347574473247757
786360,3777.994005704882,9999.387096774102,0.0,0.8745751885932752,1.1347577472413293
786420,3777.974943700413,9999.387096774102,0.0,0.874827703744932,1.1347580405352642
786480,3777.8138346661412,9999.387096774102,0.0,0.8755856690102215,1.1347581841662664
786540,3777.716413411124,9999.387096774102,0.0,0.8758600040278796,1.1347584569745193
786600,3777.759944116064,9999.387096774102,0.0,0.8757653335486139,1.1347586462738024
786660,3778.0866154322525,9999.387096774102,0.0,0.8736322363050832,1.1347590858282295
786720,3777.9379576502643,9999.387096774102,0.0,0.8746763718607172,1.1347591925096159
786780,3777.6927719038717,9999.387096774102,0.0,0.8759832237981872,1.1347593526267132
786840,3777.76316247964,9999.387096774102,0.0,0.8760110433108349,1.1347593618621057
786900,3777.927273740694,9999.387096774102,0.0,0.8757085636881328,1.1347589028768241
786960,3778.0846650905637,9999.387096774102,0.0,0.8743700781288406,1.1347587537157235
787020,3778.273838634901,9999.387096774102,0.0,0.8744129115891409,1.1347584602205845
787080,3778.1990922147693,9999.387096774102,0.0,0.8751727099364428,1.1347575518416237
787140,3777.875947676333,9999.387096774102,0.0,0.8768436424587653,1.1347569560555724
787200,3778.0870293713037,9999.387096774102,0.0,0.8755283135041833,1.1347566463000052
787260,3778.0523460519303,9999.387096774102,0.0,0.8753266048169812,1.1347564749931034
787320,3778.249897886591,9999.387096774102,0.0,0.8743069951090301,1.1347565363937997
787380,3778.0624291844283,9999.387096774102,0.0,0.8750379912101652,1.1347564879748664
787440,3777.858669890456,9999.387096774102,0.0,0.875952797461836,1.1347565911480377
787500,3777.85544538255,9999.387096774102,0.0,0.8760358134714432,1.1347566857633757
787560,3778.1246382999066,9999.387096774102,0.0,0.8740961651519605,1.1347570803959426
787620,3778.048141898007,9999.387096774102,0.0,0.8747192858048904,1.1347572296785446
787680,3777.9455424641847,9999.387096774102,0.0,0.875152116144562,1.1347575044523173
787740,3777.8580421915435,9999.387096774102,0.0,0.8756208955737865,1.1347576650543953
787800,3777.645632384112,9999.387096774102,0.0,0.8766616650087024,1.1347578727257415
787860,3777.917857164795,9999.387096774102,0.0,0.8750870169755044,1.1347582122228361
787920,3777.9597527151514,9999.387096774102,0.0,0.8745365177675521,1.1347584903153638
787980,3777.931683002804,9999.387096774102,0.0,0.8748512229296003,1.1347587491917759
788040,3777.7732454094453,9999.387096774102,0.0,0.8756172881495368,1.1347588606049845
788100,3777.582862304001,9999.387096774102,0.0,0.8766611602200473,1.134759069777076
788160,3778.0853880292584,9999.387096774102,0.0,0.8748963407744265,1.134758915947351
788220,3778.0415454662743,9999.387096774102,0.0,0.8749803416878488,1.134758497408589
788280,3778.123868297167,9999.387096774102,0.0,0.8747159380097251,1.1347583707845108
788340,3778.1335185676194,9999.387096774102,0.0,0.8755799603395928,1.1347576790242873
788400,3778.0441607572816,9999.387096774102,0.0,0.8760392890800762,1.1347568955913707
788460,3778.1869760237037,9999.387096774102,0.0,0.8747774053410843,1.1347565860125914
788520,3778.1418046131876,9999.387096774102,0.0,0.8752176449267943,1.1347562266047166
788580,3778.2684976941546,9999.387096774102,0.0,0.8741905846703867,1.1347562517401732
788640,3778.089722945002,9999.387096774102,0.0,0.875213270470451,1.134756133519417
788700,3777.7846803615626,9999.387096774102,0.0,0.8767767329994509,1.134756163118067
788760,3777.978789534357,9999.387096774102,0.0,0.8755283582845965,1.1347563667247762
788820,3777.972115965654,9999.387096774102,0.0,0.8752020164257605,1.134756596546992
788880,3778.1537780648937,9999.387096774102,0.0,0.8743254561249522,1.1347569312529397
788940,3777.969488900887,9999.387096774102,0.0,0.875085264491451,1.1347570805473857
789000,3777.7747362485893,9999.387096774102,0.0,0.8759752558551244,1.1347573247469211
789060,3777.77945211289,9999.387096774102,0.0,0.876032258208178,1.1347575188373735
789120,3778.0555923459406,9999.387096774102,0.0,0.8740956046761049,1.1347579709780404
789180,3777.9904130066675,9999.387096774102,0.0,0.8746695686440463,1.1347581564515952
789240,3777.87495778774,9999.387096774102,0.0,0.8752018995648597,1.1347584309941185
789300,3777.792986207497,9999.387096774102,0.0,0.8756572143069845,1.134758587932766
789360,3777.5979206029783,9999.387096774102,0.0,0.8766156919344323,1.134758781183426
789420,3777.8716971015474,9999.387096774102,0.0,0.8750593151949916,1.134759094423246
789480,3777.9216156037824,9999.387096774102,0.0,0.8744952618462545,1.1347593406402
789540,3777.8757362539927,9999.387096774102,0.0,0.8753070639542472,1.1347595286507297
789600,3777.950780499148,9999.387096774102,0.0,0.8755890285214365,1.13475909586942
789660,3777.7824748067183,9999.387096774102,0.0,0.8763996097548413,1.13475867325821
789720,3778.169293411786,9999.387096774102,0.0,0.8741468230313114,1.134758604294912
789780,3778.3443526936117,9999.387096774102,0.0,0.8744547219077562,1.1347578924017456
789840,3778.2459552049195,9999.387096774102,0.0,0.8745894304041212,1.1347572412930678
789900,3778.0382796726967,9999.387096774102,0.0,0.8756873687711969,1.1347568015437894
789960,3777.978734868454,9999.387096774102,0.0,0.8759852642618958,1.1347564526958478
790020,3778.093300367481,9999.387096774102,0.0,0.8748470417105604,1.1347564825458227
790080,3778.067539544072,9999.387096774102,0.0,0.8751498967323262,1.1347564347979473
790140,3778.1812739442166,9999.387096774102,0.0,0.8742583392728696,1.1347566675060214
790200,3778.012705551908,9999.387096774102,0.0,0.8752480774568219,1.134756697175119
790260,3777.720609501905,9999.387096774102,0.0,0.8767544840126711,1.1347568259899603
790320,3777.9167045878144,9999.387096774102,0.0,0.8755215444165692,1.134757095511022
790380,3777.925873438999,9999.387096774102,0.0,0.8751313405102258,1.134757366798346
790440,3778.0965457586667,9999.387096774102,0.0,0.8743385363373983,1.1347577119592476
790500,3777.914429002846,9999.387096774102,0.0,0.8751187078173431,1.1347578603727206
790560,3777.7263929604333,9999.387096774102,0.0,0.8759916913123917,1.1347580924781582
790620,3777.7366861731084,9999.387096774102,0.0,0.8760281712254528,1.134758269250841
790680,3778.0156515445847,9999.387096774102,0.0,0.8741055062981823,1.1347586921821105
790740,3777.9598041562076,9999.387096774102,0.0,0.8746348135695351,1.134758850855561
790800,3777.836592103287,9999.387096774102,0.0,0.8752290896536445,1.1347590841270674
790860,3777.7711968569693,9999.387096774102,0.0,0.87618536058183,1.1347590201084512
790920,3777.9161983215745,9999.387096774102,0.0,0.8758823427370451,1.1347585434633665
790980,3777.9692845475024,9999.387096774102,0.0,0.8751705115346302,1.134758371278558
791040,3778.465566815154,9999.387096774102,0.0,0.8735624161837214,1.134758146796413
791100,3778.277601478791,9999.387096774102,0.0,0.8748395244088377,1.1347572147325362
791160,3777.9624382114143,9999.387096774102,0.0,0.8764825179748857,1.134756639807065
791220,3778.074267377552,9999.387096774102,0.0,0.8757070478270383,1.1347562916832628
791280,3777.960522518586,9999.387096774102,0.0,0.8760123821981508,1.1347561115885785
791340,3778.2613198992726,9999.387096774102,0.0,0.8743304958029435,1.1347562149474177
791400,3778.13836091481,9999.387096774102,0.0,0.8746414833474898,1.134756232366828
791460,3777.925900458516,9999.387096774102,0.0,0.8757272309855881,1.1347563412241595
791520,3777.868106191831,9999.387096774102,0.0,0.8760295881770186,1.1347564332954336
791580,3778.004948020455,9999.387096774102,0.0,0.8748243541271848,1.1347567872323276
791640,3777.990925353444,9999.387096774102,0.0,0.8750830007013807,1.134756971320754
791700,3778.087577014793,9999.387096774102,0.0,0.8743278074315955,1.1347573525165227
791760,3777.926617766289,9999.387096774102,0.0,0.875290022951374,1.1347574965159501
791820,3777.649060128555,9999.387096774102,0.0,0.8767343615192568,1.134757698427442
791880,3777.8497290523796,9999.387096774102,0.0,0.8755088001711372,1.13475800972895
791940,3777.8750544083045,9999.387096774102,0.0,0.8750557413863552,1.1347583012379432
792000,3778.0327350418856,9999.387096774102,0.0,0.8743570956450617,1.1347586390502593
792060,3777.8529370390925,9999.387096774102,0.0,0.8751593510333497,1.134758772475942
792120,3777.672941637476,9999.387096774102,0.0,0.876008531620963,1.1347589807736573
792180,3777.689873684812,9999.387096774102,0.0,0.8760201088766073,1.1347591303704712
792240,3777.967941551158,9999.387096774102,0.0,0.8741433492890573,1.1347595140969389
792300,3778.2191771756816,9999.387096774102,0.0,0.8740414958332592,1.134759415823073
792360,3778.043043622542,9999.387096774102,0.0,0.8749610397909607,1.1347588764745737
792420,3777.6930788409463,9999.387096774102,0.0,0.8770036375569042,1.1347585719907012
792480,3778.1220067344416,9999.387096774102,0.0,0.8753386274622273,1.1347581283172383
792540,3778.0983219597156,9999.387096774102,0.0,0.8756308306984165,1.1347573352448301
792600,3778.4106426013805,9999.387096774102,0.0,0.8735397983773328,1.1347570811817451
792660,3778.1993070523376,9999.387096774102,0.0,0.8748656121561219,1.1347566250495982
792720,3777.895421101644,9999.387096774102,0.0,0.8764079994710411,1.134756415260782
792780,3777.9815709362297,9999.387096774102,0.0,0.8757345572925485,1.134756390617804
792840,3777.8957723894605,9999.387096774102,0.0,0.875904154621697,1.1347564676076989
792900,3778.194858849284,9999.387096774102,0.0,0.874294570082358,1.1347567368686189
792960,3778.0687426731956,9999.387096774102,0.0,0.87466067073801,1.1347568628206768
793020,3777.8574364844158,9999.387096774102,0.0,0.8757571414988065,1.1347570454778027
793080,3777.8047679389115,9999.387096774102,0.0,0.8760505463577467,1.134757187244747
793140,3777.9512212612817,9999.387096774102,0.0,0.8748250136125707,1.1347575648500507
793200,3777.947839106856,9999.387096774102,0.0,0.8750323689923507,1.1347577596229859
793260,3778.0329479571224,9999.387096774102,0.0,0.8743718787769458,1.134758124268329
793320,3777.876565003452,9999.387096774102,0.0,0.8753194927779171,1.1347582528177127
793380,3777.610072854985,9999.387096774102,0.0,0.8767143952514658,1.1347584312549996
793440,3777.8122458526736,9999.387096774102,0.0,0.87550219877673,1.1347587130606256
793500,3777.8492998150923,9999.387096774102,0.0,0.8750040404904275,1.1347589735290378
793560,3778.0941027405943,9999.387096774102,0.0,0.8742236932873956,1.134759261710805
793620,3778.0453609452898,9999.387096774102,0.0,0.875212806991206,1.1347587745423464
793680,3777.827050860843,9999.387096774102,0.0,0.8762549487087097,1.134758353590635
793740,3778.007750804507,9999.387096774102,0.0,0.875204813119092,1.1347582022293223
793800,3778.2838110998387,9999.387096774102,0.0,0.8748959658828678,1.1347574822326627
793860,3778.28550639145,9999.387096774102,0.0,0.8744287592070138,1.1347569006694873
793920,3778.1606184913708,9999.387096774102,0.0,0.8751988473399804,1.1347564960435386
793980,3778.0349463108705,9999.387096774102,0.0,0.8757438406607283,1.1347561472778551
794040,3777.9995445685563,9999.387096774102,0.0,0.8754832381934924,1.1347561307213965
794100,3778.008667128626,9999.387096774102,0.0,0.8755690671602299,1.1347561044986332
794160,3778.2889507909417,9999.387096774102,0.0,0.8736378519378826,1.1347564263703571
794220,3778.0887581029265,9999.387096774102,0.0,0.8748894930768116,1.134756460658398
794280,3777.7900155548987,9999.387096774102,0.0,0.8764410300461555,1.13475661050279
794340,3777.8888110218595,9999.387096774102,0.0,0.875744744051968,1.1347568462319424
794400,3777.8251655015665,9999.387096774102,0.0,0.8758149951449499,1.1347571105236907
794460,3778.119265651414,9999.387096774102,0.0,0.8742653091187691,1.1347575052893897
794520,3777.9909229737677,9999.387096774102,0.0,0.8746854453336412,1.1347577119855798
794580,3777.7818859546064,9999.387096774102,0.0,0.8757912456996712,1.1347579430876091
794640,3777.7359569144182,9999.387096774102,0.0,0.87606990035266,1.1347581124216282
794700,3777.893106085245,9999.387096774102,0.0,0.8748190154625342,1.1347584954354077
794760,3777.9006286259582,9999.387096774102,0.0,0.8749747431873501,1.134758686223693
794820,3777.9719462468925,9999.387096774102,0.0,0.87442416150006,1.13475902035889
794880,3777.8206369218287,9999.387096774102,0.0,0.8753550114381689,1.1347591227346643
794940,3777.566672936469,9999.387096774102,0.0,0.8766935706954482,1.1347592685084562
795000,3777.98351613602,9999.387096774102,0.0,0.8746713311038937,1.1347594637473615
795060,3778.056194091799,9999.387096774102,0.0,0.8750039806108183,1.1347590034684683
795120,3778.12576866056,9999.387096774102,0.0,0.8742386462868925,1.134758790681683
795180,3777.9168836371514,9999.387096774102,0.0,0.8761329951081814,1.134758413523252
795240,3778.1082227521674,9999.387096774102,0.0,0.875703821592569,1.134757579504406
795300,3777.912293128723,9999.387096774102,0.0,0.8765397162857381,1.134757001531949
795360,3778.2295722390118,9999.387096774102,0.0,0.8747615780534271,1.1347567470607516
795420,3778.199181087845,9999.387096774102,0.0,0.8745078124793677,1.1347565446541412
795480,3778.068500828531,9999.387096774102,0.0,0.8752336509098487,1.1347564796492644
795540,3777.9415354220405,9999.387096774102,0.0,0.8758051707940736,1.134756411379765
795600,3777.9277171719878,9999.387096774102,0.0,0.8754746993981724,1.1347565952128895
795660,3777.9467961173145,9999.387096774102,0.0,0.8755243817226775,1.1347567039727602
795720,3778.2165592844717,9999.387096774102,0.0,0.8736891417576617,1.13475710563692
795780,3778.023836166753,9999.387096774102,0.0,0.8749080188608537,1.1347572006646915
795840,3777.730707872323,9999.387096774102,0.0,0.8764468565130429,1.1347573807153133
795900,3777.8333110322314,9999.387096774102,0.0,0.8757547432959419,1.1347576291920798
795960,3777.786342447949,9999.387096774102,0.0,0.8757496367813937,1.1347578938480214
796020,3778.075969951404,9999.387096774102,0.0,0.8742476540783559,1.1347582718337432
796080,3777.946805087184,9999.387096774102,0.0,0.8747023254469398,1.1347584537583226
796140,3777.7396504537596,9999.387096774102,0.0,0.8758130929923786,1.1347586547444815
796200,3777.697701777839,9999.387096774102,0.0,0.8760828800164243,1.1347587938927943
796260,3777.8273145237013,9999.387096774102,0.0,0.8750781169840484,1.1347591324521091
796320,3778.2783355123324,9999.387096774102,0.0,0.8738649306891765,1.1347590623121708
796380,3778.108587652667,9999.387096774102,0.0,0.8746662064335907,1.1347585570165182
796440,3777.8082966011093,9999.387096774102,0.0,0.8765177511539419,1.1347582805997385
796500,3778.082237460675,9999.387096774102,0.0,0.8757275512364046,1.134757741191107
796560,3778.0632044625036,9999.387096774102,0.0,0.8759557020560701,1.1347569528465657
796620,3778.431490682773,9999.387096774102,0.0,0.873456253585866,1.134756728133197
796680,3778.242814033711,9999.387096774102,0.0,0.874705667312398,1.134756298595578
796740,3778.0227176110325,9999.387096774102,0.0,0.8757475257987861,1.134756148817746
796800,3778.00230318621,9999.387096774102,0.0,0.8757126377774196,1.1347560900604725
796860,3777.821287489558,9999.387096774102,0.0,0.8764848585451733,1.1347561517556064
796920,3778.126297168405,9999.387096774102,0.0,0.8747293075981234,1.1347564223472448
796980,3778.106195222806,9999.387096774102,0.0,0.8744689194590892,1.1347566266567355
797040,3777.966292191487,9999.387096774102,0.0,0.8752855584575098,1.1347568465982412
797100,3777.8479701872166,9999.387096774102,0.0,0.8758485363107938,1.134756987066355
797160,3777.8486394233832,9999.387096774102,0.0,0.8754715333559323,1.1347573188413234
797220,3777.8786260795973,9999.387096774102,0.0,0.8754713725976022,1.134757532980837
797280,3778.137324785176,9999.387096774102,0.0,0.873743566750078,1.1347579876928175
797340,3777.951909339432,9999.387096774102,0.0,0.8749334242205793,1.1347581191644522
797400,3777.6654517742027,9999.387096774102,0.0,0.8764546815492227,1.1347583094718139
797460,3777.7726174380105,9999.387096774102,0.0,0.8757627981940893,1.1347585551465176
797520,3777.743861358589,9999.387096774102,0.0,0.8756756613441141,1.1347588071386645
797580,3778.0278013873776,9999.387096774102,0.0,0.8742298629282019,1.1347591563384636
797640,3777.8970729742214,9999.387096774102,0.0,0.8747257357835031,1.1347593029497705
797700,3777.585602889611,9999.387096774102,0.0,0.8767860380871363,1.1347594260918548
797760,3777.9195558810793,9999.387096774102,0.0,0.8757112207769476,1.1347591288762673
797820,3777.8542573964182,9999.387096774102,0.0,0.8759574219997823,1.1347587223556728
797880,3778.363223827061,9999.387096774102,0.0,0.8731255539236684,1.1347587354469406
797940,3778.309282119842,9999.387096774102,0.0,0.8746293395444918,1.1347579812387727
798000,3778.121267549248,9999.387096774102,0.0,0.8754036809324612,1.1347572237589176
798060,3777.98668980196,9999.387096774102,0.0,0.875842090564594,1.1347568113195055
798120,3777.999958637526,9999.387096774102,0.0,0.8758927016119752,1.1347564726891555
798180,3778.32830974047,9999.387096774102,0.0,0.8735734063031827,1.1347565862948763
798240,3778.1611357281213,9999.387096774102,0.0,0.8746792594417541,1.1347564767359606
798300,3777.9340067719304,9999.387096774102,0.0,0.8758049858439906,1.1347565463293974
798360,3777.925786629106,9999.387096774102,0.0,0.8757401971843501,1.1347566416928383
798420,3777.7640204868894,9999.387096774102,0.0,0.8764214444435036,1.1347568093907727
798480,3778.068224303537,9999.387096774102,0.0,0.8746973680914618,1.1347571475091327
798540,3778.051357652148,9999.387096774102,0.0,0.8744544089026142,1.1347573910475328
798600,3777.906168876038,9999.387096774102,0.0,0.8753175770229455,1.1347576245251447
798660,3777.792205190062,9999.387096774102,0.0,0.8758803147858863,1.1347577678647325
798720,3777.8027514632845,9999.387096774102,0.0,0.8754750732017548,1.1347580894261589
798780,3777.8414992930143,9999.387096774102,0.0,0.8754318662127276,1.1347582885474767
798840,3778.0920677286413,9999.387096774102,0.0,0.8737808800942684,1.1347587098902532
798900,3777.9115327151453,9999.387096774102,0.0,0.8749505153228567,1.1347588127358952
798960,3777.6306955975215,9999.387096774102,0.0,0.8764532216958626,1.1347589679408956
799020,3777.8604739369753,9999.387096774102,0.0,0.8755085729745654,1.134759073499063
799080,3777.999965266946,9999.387096774102,0.0,0.8754268680932586,1.1347586186350787
799140,3778.165667540588,9999.387096774102,0.0,0.874052921172,1.1347584689606873
799200,3778.1180579132974,9999.387096774102,0.0,0.8752877062421024,1.134758122568588
799260,3778.1733951737474,9999.387096774102,0.0,0.875459078925487,1.1347572361762959
799320,3777.8871160250155,9999.387096774102,0.0,0.8768726545070603,1.1347566391410695
799380,3778.1644475309363,9999.387096774102,0.0,0.8752198716377227,1.1347563637123936
799440,3778.1576122928077,9999.387096774102,0.0,0.8748154779295819,1.1347561970157403
799500,3778.1975105578667,9999.387096774102,0.0,0.8746691954271814,1.1347562102301374
799560,3778.018570450788,9999.387096774102,0.0,0.875419872783002,1.1347561547444511
799620,3777.87890601515,9999.387096774102,0.0,0.8758684870964623,1.1347563008643569
799680,3777.8991562495125,9999.387096774102,0.0,0.8758712054853581,1.1347564191535306
799740,3778.2337419453975,9999.387096774102,0.0,0.8735851773091228,1.134756861636959
799800,3778.074791132163,9999.387096774102,0.0,0.8746669357808081,1.1347569895013787
799860,3777.8429242156985,9999.387096774102,0.0,0.8758459053266006,1.134757218545245
799920,3777.840847645098,9999.387096774102,0.0,0.875771377923103,1.1347574321997285
799980,3777.7010711446837,9999.387096774102,0.0,0.8763485751756597,1.134757679936765
800040,3778.005534814991,9999.387096774102,0.0,0.8746581243638585,1.1347580606778789
800100,3777.990177819341,9999.387096774102,0.0,0.8744449798491695,1.1347583208819225
800160,3777.839303282009,9999.387096774102,0.0,0.8753558425687739,1.1347585502431616
800220,3777.7305714337526,9999.387096774102,0.0,0.8759153388260544,1.1347586825648295
800280,3777.7529182325925,9999.387096774102,0.0,0.8754726136099057,1.1347589822008202
800340,3777.8010075642273,9999.387096774102,0.0,0.8753845279278089,1.1347591561439145
800400,3778.0415652563265,9999.387096774102,0.0,0.8738235899629055,1.1347595339278271
800460,3777.9479085063385,9999.387096774102,0.0,0.8753524781375303,1.134759378252974
800520,3777.9305998477103,9999.387096774102,0.0,0.8756520355945282,1.134758853066153
800580,3777.711359975249,9999.387096774102,0.0,0.8767207687508051,1.1347585896093573
800640,3778.363961307599,9999.387096774102,0.0,0.8739947485562596,1.1347583115382422
800700,3778.236143060592,9999.387096774102,0.0,0.8748741919762777,1.1347574600422212
800760,3778.1935702455044,9999.387096774102,0.0,0.8749471256866657,1.134757034165574
800820,3778.093743545903,9999.387096774102,0.0,0.8754781125691612,1.1347566043918595
800880,3777.8224699801376,9999.387096774102,0.0,0.8768039766085521,1.1347563803335496
800940,3778.077157497605,9999.387096774102,0.0,0.8752123942351469,1.134756434586439
801000,3778.09320830601,9999.387096774102,0.0,0.8747156431977646,1.1347565320072688
801060,3778.117538544891,9999.387096774102,0.0,0.8747036482170233,1.134756711938258
801120,3777.9441248707312,9999.387096774102,0.0,0.8754614775510509,1.134756774084842
801180,3777.814446475185,9999.387096774102,0.0,0.8758796125066672,1.1347570001868907
801240,3777.8423718610948,9999.387096774102,0.0,0.8758489912883035,1.134757172783717
801300,3778.1754908634143,9999.387096774102,0.0,0.8736100555458289,1.134757636515525
801360,3778.024199692016,9999.387096774102,0.0,0.8746583103877308,1.1347577748597257
801420,3777.7902281203337,9999.387096774102,0.0,0.8758684889851811,1.1347579926085236
801480,3777.7914060613925,9999.387096774102,0.0,0.8757943023031334,1.1347581909546585
801540,3777.6674997728164,9999.387096774102,0.0,0.8762961542301092,1.1347584180407697
801600,3777.971060862663,9999.387096774102,0.0,0.8746327429072862,1.1347587684682092
801660,3777.957353499234,9999.387096774102,0.0,0.874438090189234,1.1347589942252878
801720,3777.734038929263,9999.387096774102,0.0,0.8761553028714683,1.134759147760694
801780,3777.9391653912962,9999.387096774102,0.0,0.8757482993422341,1.1347587773728651
801840,3777.8174711350307,9999.387096774102,0.0,0.8763060188872543,1.1347583634841505
801900,3778.3393806670338,9999.387096774102,0.0,0.8733097489841348,1.1347583671745436
801960,3778.39671731946,9999.387096774102,0.0,0.8743134557101798,1.1347576295212018
802020,3778.2168111393,9999.387096774102,0.0,0.8749302410361441,1.1347569092624785
802080,3778.0081431717635,9999.387096774102,0.0,0.8758990001017332,1.1347564716239573
802140,3777.9936451172384,9999.387096774102,0.0,0.8760270631446048,1.1347561341993115
802200,3778.2302614092077,9999.387096774102,0.0,0.8741845785243152,1.134756220515231
802260,3778.1431472266813,9999.387096774102,0.0,0.8748369413474364,1.1347561602798513
802320,3778.0832404618827,9999.387096774102,0.0,0.8749787438541947,1.134756325713483
802380,3777.9772687499963,9999.387096774102,0.0,0.8755315387967061,1.1347563935902125
802440,3777.7287975945424,9999.387096774102,0.0,0.8767551745343578,1.1347565488853388
802500,3777.991844959065,9999.387096774102,0.0,0.8751767949892133,1.1347568710221718
802560,3778.0197771662306,9999.387096774102,0.0,0.8746530935003974,1.1347571587603535
802620,3778.028946618857,9999.387096774102,0.0,0.8747444415508786,1.134757463254379
802680,3777.8606893120727,9999.387096774102,0.0,0.875512411710665,1.1347576145710303
802740,3777.744270463167,9999.387096774102,0.0,0.8758866216036273,1.1347578959160387
802800,3777.7810481951765,9999.387096774102,0.0,0.8758196930080022,1.1347581001982798
802860,3778.1118387576144,9999.387096774102,0.0,0.87363442604161,1.1347585657353383
802920,3777.9673860069724,9999.387096774102,0.0,0.8746543145897596,1.1347586990255207
802980,3777.731316356732,9999.387096774102,0.0,0.8758976664773084,1.1347588922710656
803040,3777.736888044765,9999.387096774102,0.0,0.8758184592578352,1.1347590647087995
803100,3777.6306091818346,9999.387096774102,0.0,0.876236536948117,1.1347592619730793
803160,3778.259881929206,9999.387096774102,0.0,0.8731543785505902,1.1347596087878178
803220,3778.148155855118,9999.387096774102,0.0,0.8745400165801389,1.1347590975849957
803280,3777.960094140891,9999.387096774102,0.0,0.8753091086810441,1.1347587313613776
803340,3777.783480051579,9999.387096774102,0.0,0.8765779544478226,1.1347584140475517
803400,3778.123527965566,9999.387096774102,0.0,0.875631182293553,1.1347576588271058
803460,3778.1041437466683,9999.387096774102,0.0,0.8753218907327898,1.1347571152861313
803520,3778.3267609884715,9999.387096774102,0.0,0.874262038258884,1.1347568419204106
803580,3778.138547346242,9999.387096774102,0.0,0.8749561521688849,1.1347565202713976
803640,3777.9207657530746,9999.387096774102,0.0,0.8759273535679263,1.1347564229768234
803700,3777.905738208658,9999.387096774102,0.0,0.8760475966614668,1.1347563768067406
803760,3778.159343904352,9999.387096774102,0.0,0.8741696833416127,1.1347566696132234
803820,3778.082594129689,9999.387096774102,0.0,0.8747854038215372,1.1347567495789115
803880,3778.009821838727,9999.387096774102,0.0,0.8750255029656402,1.134756997080487
803940,3777.9086704141164,9999.387096774102,0.0,0.8755671370397222,1.1347571274804809
804000,3777.676577301299,9999.387096774102,0.0,0.8767139240345972,1.1347573200231684
804060,3777.941417038024,9999.387096774102,0.0,0.8751552177211388,1.1347576556744352
804120,3777.9789702805238,9999.387096774102,0.0,0.874607079699909,1.1347579428589603
804180,3777.9779044746356,9999.387096774102,0.0,0.8747697206534892,1.1347582278907424
804240,3777.8126690642102,9999.387096774102,0.0,0.8755470671357585,1.1347583578732878
804300,3777.7047797152813,9999.387096774102,0.0,0.8758954974540659,1.1347586117100694
804360,3777.748151134034,9999.387096774102,0.0,0.8757978491611923,1.1347587877706704
804420,3778.0761398697055,9999.387096774102,0.0,0.8736573931638754,1.134759213887656
804480,3778.1279917730158,9999.387096774102,0.0,0.8745919285144942,1.134759081210871
804540,3778.0105290556266,9999.387096774102,0.0,0.8752908365911967,1.1347585396946596
804600,3777.6853961709517,9999.387096774102,0.0,0.8770895176606794,1.1347582487232986
804660,3778.2481120340826,9999.387096774102,0.0,0.8747551171290805,1.1347578880856302
804720,3778.183230040321,9999.387096774102,0.0,0.8752839162060693,1.1347570648526444
804780,3778.3531136676625,9999.387096774102,0.0,0.8740690959888634,1.1347567434193662
804840,3778.1718952137,9999.387096774102,0.0,0.8751441272790744,1.1347562935673303
804900,3777.8551571299245,9999.387096774102,0.0,0.8767513118431962,1.1347560740324998
804960,3778.0289832110343,9999.387096774102,0.0,0.8755695663814926,1.1347560993197174
805020,3778.0048555468607,9999.387096774102,0.0,0.8753272250579789,1.1347562050801265
805080,3778.213128502325,9999.387096774102,0.0,0.8742847281643256,1.134756463848862
805140,3778.029089908679,9999.387096774102,0.0,0.8750078710880371,1.1347565594939486
805200,3777.8235455861764,9999.387096774102,0.0,0.8759540046883233,1.134756765853472
805260,3777.818589239395,9999.387096774102,0.0,0.8760465578014487,1.1347569379701827
805320,3778.079339332979,9999.387096774102,0.0,0.8741701195878434,1.1347573811156937
805380,3778.015385760435,9999.387096774102,0.0,0.874728000369277,1.1347575711241438
805440,3777.927907239756,9999.387096774102,0.0,0.8750834375467275,1.1347578733001102
805500,3777.8335033784097,9999.387096774102,0.0,0.8756066879704907,1.1347580423446464
805560,3777.6194983166642,9999.387096774102,0.0,0.8766684375621713,1.1347582520307324
805620,3777.886542367577,9999.387096774102,0.0,0.8751274069836306,1.1347585851606243
805680,3777.933800172709,9999.387096774102,0.0,0.8745575410240132,1.1347588580437473
805740,3777.9206245513165,9999.387096774102,0.0,0.8748020592652218,1.1347591109490454
805800,3777.7590491430974,9999.387096774102,0.0,0.8755874777274002,1.1347592096029637
805860,3777.560545751752,9999.387096774102,0.0,0.8766965989273443,1.1347593987930948
805920,3778.052566321032,9999.387096774102,0.0,0.8749558034417295,1.1347592342130863
805980,3778.015875049018,9999.387096774102,0.0,0.8750090735896576,1.1347588180122519
806040,3778.120939718333,9999.387096774102,0.0,0.8746142684686412,1.1347586928993898
806100,3778.1169730293636,9999.387096774102,0.0,0.8755509525330798,1.1347579981719738
806160,3778.0230789245197,9999.387096774102,0.0,0.8760303306383889,1.1347572207742862
806220,3778.1517517343354,9999.387096774102,0.0,0.874862466671771,1.134756904277957
806280,3778.1169298717123,9999.387096774102,0.0,0.8752456156772637,1.1347565444415595
806340,3778.2604877702543,9999.387096774102,0.0,0.8741245958838639,1.1347565683472647
806400,3778.078093581418,9999.387096774102,0.0,0.8751825005385573,1.1347564383600965
806460,3777.77357988285,9999.387096774102,0.0,0.8767499841570539,1.134756455624783
806520,3777.9582103885928,9999.387096774102,0.0,0.8755608416146139,1.1347566406006835
806580,3777.9497756418336,9999.387096774102,0.0,0.8752566231568453,1.134756855482399
806640,3778.146914100281,9999.387096774102,0.0,0.8742956162433486,1.1347571798744636
806700,3777.965059702028,9999.387096774102,0.0,0.8750426798086897,1.1347573173237044
806760,3777.7664536576394,9999.387096774102,0.0,0.8759731327291074,1.1347575435456358
806820,3777.767485113451,9999.387096774102,0.0,0.8760458299682848,1.1347577218052332
806880,3778.0323655527372,9999.387096774102,0.0,0.8741782403297707,1.1347581534187747
806940,3777.978866307893,9999.387096774102,0.0,0.8746862585052636,1.1347583296248664
807000,3777.8818981281975,9999.387096774102,0.0,0.8751162305325406,1.1347585983279431
807060,3777.790647285966,9999.387096774102,0.0,0.8756349727823245,1.13475873825172
807120,3777.58993302365,9999.387096774102,0.0,0.8766333354411321,1.1347589164571221
807180,3778.153170278534,9999.387096774102,0.0,0.873830453301672,1.1347592079280941
807240,3778.139366868889,9999.387096774102,0.0,0.8746808050371491,1.134758728427776
807300,3778.0794751413273,9999.387096774102,0.0,0.8746746523342164,1.1347584465140998
807360,3777.8332267628816,9999.387096774102,0.0,0.8765699430626214,1.13475808634337
807420,3778.1236531534532,9999.387096774102,0.0,0.8757544174841402,1.1347572842127076
807480,3778.008933779771,9999.387096774102,0.0,0.8760521581962448,1.134756720919294
807540,3778.323607467011,9999.387096774102,0.0,0.8743788096208652,1.1347564771954821
807600,3778.2087416662953,9999.387096774102,0.0,0.8746068351840296,1.1347562244562537
807660,3777.999062325271,9999.387096774102,0.0,0.8756561061974756,1.1347561394714964
807720,3777.9274637105555,9999.387096774102,0.0,0.8760006937316218,1.134756091293832
807780,3778.0412416358627,9999.387096774102,0.0,0.8749044906301755,1.1347563409299888
807840,3778.024729202368,9999.387096774102,0.0,0.875169649511434,1.1347564547063227
807900,3778.1522795342657,9999.387096774102,0.0,0.8742047038798973,1.1347568095634073
807960,3777.9809882965337,9999.387096774102,0.0,0.8752250186489385,1.1347569260167871
808020,3777.69091582954,9999.387096774102,0.0,0.8767316364582406,1.1347571170186816
808080,3777.8797767568494,9999.387096774102,0.0,0.8755512580737147,1.1347574240795506
808140,3777.8899818874074,9999.387096774102,0.0,0.875171214265175,1.1347577218229732
808200,3778.073844856943,9999.387096774102,0.0,0.8743112133307693,1.134758085437653
808260,3777.8942364498034,9999.387096774102,0.0,0.8750844592871346,1.1347582424629468
808320,3777.7035950321624,9999.387096774102,0.0,0.8759930357412558,1.1347584709703329
808380,3777.7116019874784,9999.387096774102,0.0,0.8760415922119045,1.1347586414003275
808440,3777.981712056213,9999.387096774102,0.0,0.8741792508393578,1.1347590492862396
808500,3777.9382107635743,9999.387096774102,0.0,0.8746417571191437,1.1347592008990641
808560,3777.830026541904,9999.387096774102,0.0,0.8751574240263641,1.1347594257748497
808620,3777.754290338887,9999.387096774102,0.0,0.876181372436728,1.1347593450324496
808680,3777.8930473273176,9999.387096774102,0.0,0.8758927263582232,1.1347588665793538
808740,3777.9378811509455,9999.387096774102,0.0,0.8752455457803651,1.1347586861313754
808800,3778.4514720890147,9999.387096774102,0.0,0.8735183358468652,1.1347584611096397
808860,3778.2587334016407,9999.387096774102,0.0,0.8748138818569341,1.1347575387753783
808920,3777.9507585583056,9999.387096774102,0.0,0.8764227123152198,1.134756968686953
808980,3778.051719328407,9999.387096774102,0.0,0.8757195846842069,1.1347566127169681
809040,3777.9345660560075,9999.387096774102,0.0,0.8760581070312173,1.1347564246537445
809100,3778.237192641576,9999.387096774102,0.0,0.8743632608832409,1.1347565171458116
809160,3778.12690103975,9999.387096774102,0.0,0.8746115465615102,1.1347565297665265
809220,3777.918875353667,9999.387096774102,0.0,0.8756929758757481,1.1347566255933592
809280,3777.8553555498197,9999.387096774102,0.0,0.8760222703499042,1.1347567023209952
809340,3777.9781509956315,9999.387096774102,0.0,0.874907449965678,1.1347570346517777
809400,3777.973077485016,9999.387096774102,0.0,0.8751158286552335,1.1347572069869942
809460,3778.08838031207,9999.387096774102,0.0,0.8742547845843202,1.134757580571163
809520,3777.9228001835772,9999.387096774102,0.0,0.8752555753113265,1.1347577081308766
809580,3777.643844033678,9999.387096774102,0.0,0.8767139649891718,1.134757894806851
809640,3777.8347765147814,9999.387096774102,0.0,0.8755460372008597,1.1347581867464713
809700,3777.858202623797,9999.387096774102,0.0,0.8751132639168481,1.1347584638565293
809760,3778.0328836164317,9999.387096774102,0.0,0.874320626520544,1.1347587935608778
809820,3777.854763177753,9999.387096774102,0.0,0.8751125363162178,1.1347589169522563
809880,3777.551464724567,9999.387096774102,0.0,0.8769812362689373,1.1347590722471301
809940,3777.986051351446,9999.387096774102,0.0,0.8754496464924357,1.1347588437664635
810000,3777.9435955070962,9999.387096774102,0.0,0.8755461310146482,1.1347584389640222
810060,3778.3066075377824,9999.387096774102,0.0,0.8736183976303378,1.1347584140714102
810120,3778.24222831415,9999.387096774102,0.0,0.8750709696718374,1.1347576685783658
810180,3778.08870848403,9999.387096774102,0.0,0.8757516715948912,1.13475689061893
810240,3778.0613443520688,9999.387096774102,0.0,0.8754979879639007,1.1347565194279492
810300,3778.0648129456654,9999.387096774102,0.0,0.8756421479226356,1.1347561798111765
810360,3778.359141372218,9999.387096774102,0.0,0.8735659673348253,1.1347562858814986
810420,3778.1528833433267,9999.387096774102,0.0,0.8748426233829353,1.134756163702788
810480,3777.8544280222345,9999.387096774102,0.0,0.8763788884387828,1.1347562075852298
810540,3777.939208039025,9999.387096774102,0.0,0.8757465557249973,1.1347563584837215
810600,3777.8520625308706,9999.387096774102,0.0,0.8759419518657668,1.1347565649662803
810660,3778.1532170268983,9999.387096774102,0.0,0.8743188463966424,1.1347569312369332
810720,3778.038834975405,9999.387096774102,0.0,0.8746341043151604,1.1347571340644855
810780,3777.831572885563,9999.387096774102,0.0,0.8757315280258335,1.134757365038963
810840,3777.774960460915,9999.387096774102,0.0,0.8760481241430829,1.134757537590529
810900,3777.910630312556,9999.387096774102,0.0,0.8748992230310603,1.1347579278724385
810960,3777.916920182835,9999.387096774102,0.0,0.875055196758318,1.1347581352820284
811020,3778.0176521054723,9999.387096774102,0.0,0.8743123886702384,1.13475850698597
811080,3777.8580292209026,9999.387096774102,0.0,0.8752924554294057,1.1347586303235642
811140,3777.5916446481788,9999.387096774102,0.0,0.876696027593117,1.1347587998806452
811200,3777.7857218702056,9999.387096774102,0.0,0.8755361103413832,1.1347590659207287
811260,3777.823259500957,9999.387096774102,0.0,0.8750478555838596,1.1347593128002527
811320,3778.091051824592,9999.387096774102,0.0,0.8741314092637937,1.1347595925852776
811380,3778.0301032333223,9999.387096774102,0.0,0.8751793465665522,1.1347591007496425
811440,3777.8109322781074,9999.387096774102,0.0,0.8762308082115619,1.1347586777605108
811500,3777.969736543191,9999.387096774102,0.0,0.8753179114935868,1.1347585110824248
811560,3778.2525948017674,9999.387096774102,0.0,0.8749352817808562,1.1347577976286645
811620,3778.263266722654,9999.387096774102,0.0,0.8744273390401649,1.1347572251419311
811680,3778.150757775251,9999.387096774102,0.0,0.875148007947511,1.1347568227527969
811740,3778.0194959388355,9999.387096774102,0.0,0.8757201332777725,1.134756468280416
811800,3777.972367896481,9999.387096774102,0.0,0.8755430083367782,1.134756437146661
811860,3777.9865454030955,9999.387096774102,0.0,0.8755995535067477,1.1347564015290583
811920,3778.2773935105165,9999.387096774102,0.0,0.8736101298821543,1.1347567139426764
811980,3778.079691792583,9999.387096774102,0.0,0.8748586697926127,1.1347567359794246
812040,3777.7860449834393,9999.387096774102,0.0,0.87638583772209,1.1347568733207871
812100,3777.87380480901,9999.387096774102,0.0,0.8757605126821817,1.1347570888784124
812160,3777.8053656368465,9999.387096774102,0.0,0.8758698589021867,1.134757336248396
812220,3778.1034895604125,9999.387096774102,0.0,0.8742922563023938,1.1347577157064566
812280,3777.9874266201464,9999.387096774102,0.0,0.8746490828953766,1.1347579147174847
812340,3777.781331498508,9999.387096774102,0.0,0.8757565514212203,1.1347581311470714
812400,3777.7290548732776,9999.387096774102,0.0,0.8760650206413226,1.1347582849328786
812460,3777.8719536119993,9999.387096774102,0.0,0.8749029352625305,1.134758647473479
812520,3777.8878177977126,9999.387096774102,0.0,0.875010586006144,1.134758828147229
812580,3777.978826351064,9999.387096774102,0.0,0.8743473865153965,1.134759157655133
812640,3777.8517842474294,9999.387096774102,0.0,0.875882944738521,1.1347590308966398
812700,3777.9214069676373,9999.387096774102,0.0,0.8758385821267587,1.134758527311768
812760,3777.8166652109235,9999.387096774102,0.0,0.876139116481451,1.1347583067312519
812820,3778.502279628031,9999.387096774102,0.0,0.8733829226950257,1.1347580893520084
812880,3778.2968150905444,9999.387096774102,0.0,0.8746952870050658,1.134757182948567
812940,3778.0912135982053,9999.387096774102,0.0,0.8757108190519717,1.1347566735784431
813000,3778.0812917882413,9999.387096774102,0.0,0.8756636784073417,1.1347562788224206
813060,3777.871084699211,9999.387096774102,0.0,0.8765917565978786,1.1347560756323383
813120,3778.1687206147717,9999.387096774102,0.0,0.8748138937345581,1.1347561656938219
813180,3778.1559810362364,9999.387096774102,0.0,0.8744812218997045,1.1347562523111334
813240,3778.0349416888184,9999.387096774102,0.0,0.8751962634832374,1.1347563918561703
813300,3777.9060748302372,9999.387096774102,0.0,0.8757863527473451,1.1347564695422936
813360,3777.882105218827,9999.387096774102,0.0,0.8755316297934885,1.1347567565577952
813420,3777.90749031575,9999.387096774102,0.0,0.8755471672746744,1.1347569480413822
813480,3778.186742050242,9999.387096774102,0.0,0.8736683737089986,1.1347574081920657
813540,3777.9974938634127,9999.387096774102,0.0,0.8748813699580725,1.1347575422871388
813600,3777.7093819506154,9999.387096774102,0.0,0.8764006580508684,1.1347577467264982
813660,3777.8029191149676,9999.387096774102,0.0,0.8757719547993741,1.1347580030491995
813720,3777.754334572844,9999.387096774102,0.0,0.8757909708587976,1.13475827060254
813780,3778.0482772912833,9999.387096774102,0.0,0.8742652071004966,1.1347586461554504
813840,3777.9297963402287,9999.387096774102,0.0,0.8746704660320703,1.1347588269362792
813900,3777.725298316419,9999.387096774102,0.0,0.8757858645394431,1.1347590169022954
813960,3777.6784588282258,9999.387096774102,0.0,0.8760818460792063,1.1347591421067231
814020,3777.794108438578,9999.387096774102,0.0,0.8751734900474292,1.1347594591693488
814080,3778.2501470728225,9999.387096774102,0.0,0.8738967681933225,1.1347593811685106
814140,3778.090870613629,9999.387096774102,0.0,0.8746466344847247,1.1347588816679677
814200,3777.8032033968884,9999.387096774102,0.0,0.8764334249141167,1.1347586030498316
814260,3778.054484475601,9999.387096774102,0.0,0.8757592957181738,1.1347580553501373
814320,3778.037071046571,9999.387096774102,0.0,0.875975265600822,1.1347572751858466
814380,3778.400442448817,9999.387096774102,0.0,0.8735111426202998,1.1347570471318733
814440,3778.2236398523655,9999.387096774102,0.0,0.874699071425335,1.1347566194893532
814500,3778.016659676804,9999.387096774102,0.0,0.8756706955667942,1.1347564677189328
814560,3777.9861922687824,9999.387096774102,0.0,0.8757068329274798,1.134756394147083
814620,3777.800789628578,9999.387096774102,0.0,0.8765156983317371,1.134756441696018
814680,3778.1029720277525,9999.387096774102,0.0,0.8747743058657657,1.1347566958344282
814740,3778.092925185302,9999.387096774102,0.0,0.8744642893229367,1.1347568909601036
814800,3777.964941358564,9999.387096774102,0.0,0.8752314479534158,1.1347570995258618
814860,3777.84054224947,9999.387096774102,0.0,0.8758237720782155,1.134757224181178
814920,3777.8281366836704,9999.387096774102,0.0,0.8755344168645767,1.134757534504325
814980,3777.862517984145,9999.387096774102,0.0,0.8755076108007925,1.1347577352175853
815040,3778.133689899982,9999.387096774102,0.0,0.8737084334135222,1.1347581796867137
815100,3777.950203236659,9999.387096774102,0.0,0.8748970811670806,1.1347582984257276
815160,3777.6670823616464,9999.387096774102,0.0,0.876403219371928,1.1347584763931644
815220,3777.762787157247,9999.387096774102,0.0,0.8757819439304249,1.1347587033888091
815280,3777.72853290445,9999.387096774102,0.0,0.8757360395749955,1.134758940469055
815340,3778.2599818332146,9999.387096774102,0.0,0.8732898495885677,1.1347592991330935
815400,3778.130206119627,9999.387096774102,0.0,0.8747613617062066,1.134758780034735
815460,3777.900333656644,9999.387096774102,0.0,0.8758049209702717,1.1347583791047724
815520,3777.8540138576477,9999.387096774102,0.0,0.8761741186074239,1.1347581304642629
815580,3778.196446433212,9999.387096774102,0.0,0.8753645367996872,1.134757393337811
815640,3778.2183810965566,9999.387096774102,0.0,0.8747721726535678,1.1347568457934654
815700,3778.2838987398,9999.387096774102,0.0,0.8745857026001086,1.1347565171895981
815760,3778.100587634943,9999.387096774102,0.0,0.8753235450165329,1.1347561761505116
815820,3777.93523172789,9999.387096774102,0.0,0.8758888317715762,1.1347561100394037
815880,3777.9465471250387,9999.387096774102,0.0,0.8759163089515547,1.1347560829727432
815940,3778.2800557172977,9999.387096774102,0.0,0.873603890057663,1.1347564262176328
816000,3778.123325035552,9999.387096774102,0.0,0.8746686468034978,1.1347564847907485
816060,3777.907173905344,9999.387096774102,0.0,0.8757387237084377,1.1347566791191894
816120,3777.8897012840625,9999.387096774102,0.0,0.8757408047664239,1.1347568609530336
816180,3777.7270654139747,9999.387096774102,0.0,0.8764423584872172,1.1347570920943162
816240,3778.029560532934,9999.387096774102,0.0,0.8747335884676554,1.1347574712608792
816300,3778.0230038658947,9999.387096774102,0.0,0.8744455571682609,1.1347577473034263
816360,3777.88746544065,9999.387096774102,0.0,0.8752736596626578,1.1347579989367484
816420,3777.7689023409976,9999.387096774102,0.0,0.8758635195231009,1.1347581485249256
816480,3777.769482425461,9999.387096774102,0.0,0.8755320544704247,1.134758464271515
816540,3777.8135252620086,9999.387096774102,0.0,0.8754601660238935,1.1347586598873298
816600,3778.074939700225,9999.387096774102,0.0,0.8737531122800156,1.134759075115859
816660,3777.897021904824,9999.387096774102,0.0,0.8749191402332994,1.134759167568839
816720,3777.6196545739685,9999.387096774102,0.0,0.8764093055767248,1.1347593096558517
816780,3777.82777198265,9999.387096774102,0.0,0.8755888700073247,1.1347593935268798
816840,3777.9730857533336,9999.387096774102,0.0,0.8754566548589799,1.1347589398653668
816900,3778.1438298331454,9999.387096774102,0.0,0.8740630718770102,1.1347587879632053
816960,3778.1171208121095,9999.387096774102,0.0,0.87518648447132,1.1347584417269194
817020,3778.1539132851626,9999.387096774102,0.0,0.8754372546017357,1.1347575595217119
817080,3777.866035181198,9999.387096774102,0.0,0.8768711138355207,1.1347569643954942
817140,3778.1366581527577,9999.387096774102,0.0,0.8752593613470624,1.1347566824674342
817200,3778.132239079965,9999.387096774102,0.0,0.8748534716399188,1.1347565108940956
817260,3778.1896643537543,9999.387096774102,0.0,0.8746198423592135,1.1347565203617203
817320,3778.00820476479,9999.387096774102,0.0,0.8753836629761139,1.1347564542662119
817380,3777.8603940783073,9999.387096774102,0.0,0.8758972392899044,1.1347565825806254
817440,3777.8809430046626,9999.387096774102,0.0,0.8758949486257402,1.1347566869285026
817500,3778.2124174671358,9999.387096774102,0.0,0.8736307704584202,1.1347571117531743
817560,3778.0649855373513,9999.387096774102,0.0,0.8746525731731555,1.1347572302222182
817620,3777.8446935114016,9999.387096774102,0.0,0.8757689860371497,1.1347574490850603
817680,3777.8317130903697,9999.387096774102,0.0,0.8757668416508508,1.1347576430336188
817740,3777.686072676947,9999.387096774102,0.0,0.876387579944838,1.1347578737183275
817800,3777.9881035095436,9999.387096774102,0.0,0.8747062782480793,1.1347582373865106
817860,3777.984189944048,9999.387096774102,0.0,0.8744334518338689,1.1347584895964458
817920,3777.8441125278514,9999.387096774102,0.0,0.8752993268508019,1.1347587085849524
817980,3777.728702772573,9999.387096774102,0.0,0.8758907225632585,1.134758826815107
818040,3777.6616640954553,9999.387096774102,0.0,0.8761208755855633,1.1347590871422284
818100,3778.171021491239,9999.387096774102,0.0,0.8744313908252095,1.1347589761715484
818160,3778.0957958250206,9999.387096774102,0.0,0.8746903756897316,1.1347585337996586
818220,3777.9822845262697,9999.387096774102,0.0,0.8755403823803832,1.1347583313794456
818280,3778.086462537245,9999.387096774102,0.0,0.8757774598862261,1.134757695395166
818340,3778.0369176466315,9999.387096774102,0.0,0.8760950153196827,1.1347569113424854
818400,3778.295386337978,9999.387096774102,0.0,0.8741789546462966,1.1347566441047048
818460,3778.1961315884014,9999.387096774102,0.0,0.8749270510858422,1.1347562612646749
818520,3778.170035595002,9999.387096774102,0.0,0.874825005478759,1.1347562113327563
818580,3778.044638901371,9999.387096774102,0.0,0.8754717320559198,1.1347561116045333
818640,3777.776174991253,9999.387096774102,0.0,0.8768013774424323,1.13475614849182
818700,3778.031178677609,9999.387096774102,0.0,0.8752418525977339,1.1347563847610176
818760,3778.0500278539375,9999.387096774102,0.0,0.8747465073667419,1.1347566177918784
818820,3778.089045262337,9999.387096774102,0.0,0.8746623070559859,1.1347569030406446
818880,3777.9139183762654,9999.387096774102,0.0,0.8754357616333053,1.134757039472378
818940,3777.778854737238,9999.387096774102,0.0,0.8759074695945355,1.1347573121827759
819000,3777.8084182304196,9999.387096774102,0.0,0.8758691137561144,1.1347575185032965
819060,3778.139783043808,9999.387096774102,0.0,0.8736503622782303,1.1347579992833734
819120,3778.000008945457,9999.387096774102,0.0,0.8746415646345211,1.1347581529755033
819180,3777.7756793940093,9999.387096774102,0.0,0.8758047447823724,1.1347583762996096
819240,3777.76790454391,9999.387096774102,0.0,0.8757946052056387,1.1347585669707398
819300,3777.641096212086,9999.387096774102,0.0,0.8763258207714715,1.1347587843868951
819360,3777.942907393766,9999.387096774102,0.0,0.874672592463492,1.1347591212783918
819420,3777.940440672139,9999.387096774102,0.0,0.8744243010652655,1.1347593390266273
819480,3777.73307145373,9999.387096774102,0.0,0.876059752413747,1.1347594811260997
819540,3777.9180816629655,9999.387096774102,0.0,0.875747502758236,1.134759101259222
819600,3777.794812092278,9999.387096774102,0.0,0.8763204049487346,1.1347586851944997
819660,3778.300697135224,9999.387096774102,0.0,0.8734151326783239,1.1347586743035765
819720,3778.3745723891334,9999.387096774102,0.0,0.8743041489172044,1.1347579472851144
819780,3778.2007628647425,9999.387096774102,0.0,0.8748923330053168,1.1347572368913716
819840,3777.9906145062428,9999.387096774102,0.0,0.8758926649058288,1.1347567962772929
819900,3777.9730791521783,9999.387096774102,0.0,0.8760326497072995,1.1347564534688281
819960,3778.1974000668365,9999.387096774102,0.0,0.8742701256054942,1.134756525071936
820020,3778.12230259334,9999.387096774102,0.0,0.8748570497598028,1.1347564587780279
820080,3778.0810090043055,9999.387096774102,0.0,0.8748957785941857,1.1347566192071985
820140,3777.9668942428943,9999.387096774102,0.0,0.8755087728033137,1.1347566699723384
820200,3777.7151644907135,9999.387096774102,0.0,0.8767597900517794,1.1347568093318832
820260,3777.971270826608,9999.387096774102,0.0,0.8752215016498466,1.1347571122978801
820320,3778.002058984299,9999.387096774102,0.0,0.8746899006189681,1.1347573865444427
820380,3778.029449247399,9999.387096774102,0.0,0.8746891321455493,1.134757682148043
820440,3777.857764491689,9999.387096774102,0.0,0.87547327190044,1.134757819367076
820500,3777.7317912205117,9999.387096774102,0.0,0.8759175134259825,1.134758081139165
820560,3777.768146978542,9999.387096774102,0.0,0.8758490640347482,1.134758271138462
820620,3778.097732780548,9999.387096774102,0.0,0.8736719025540433,1.1347587210016115
820680,3777.964422168646,9999.387096774102,0.0,0.8746334122328318,1.1347588466026965
820740,3777.7384492421284,9999.387096774102,0.0,0.8758218435093292,1.1347590314910996
820800,3777.7733063631763,9999.387096774102,0.0,0.8760860449369753,1.1347590303651376
820860,3777.937846160209,9999.387096774102,0.0,0.875767188522944,1.1347585676124163
820920,3778.0753395830407,9999.387096774102,0.0,0.874533183072546,1.1347584190778244
820980,3778.3417670901154,9999.387096774102,0.0,0.8741851180441527,1.1347581475069295
821040,3778.237042480049,9999.387096774102,0.0,0.8750849192515902,1.1347572245887116
821100,3777.906442901506,9999.387096774102,0.0,0.8768006531160534,1.1347566294309688
821160,3778.0967820716414,9999.387096774102,0.0,0.8755857279435328,1.1347563139174486
821220,3778.042905219981,9999.387096774102,0.0,0.8754984594740207,1.1347561462767977
821280,3778.2765697134973,9999.387096774102,0.0,0.8742586399889603,1.1347562307017334
821340,3778.094597797395,9999.387096774102,0.0,0.8749329701319641,1.1347562031162202
821400,3777.8807109021795,9999.387096774102,0.0,0.8759250639841554,1.1347563154637312
821460,3777.8660174359206,9999.387096774102,0.0,0.8760523805074771,1.1347564199879012
821520,3778.1085289764806,9999.387096774102,0.0,0.874249771018892,1.1347568186491208
821580,3778.0450496516823,9999.387096774102,0.0,0.8747949026789109,1.1347569871601377
821640,3777.9873766341925,9999.387096774102,0.0,0.8749594015530546,1.1347572985785004
821700,3777.8802716729433,9999.387096774102,0.0,0.8755519537140345,1.1347574652980692
821760,3777.6474037687426,9999.387096774102,0.0,0.8767154912040965,1.1347576811166964
821820,3777.906737338809,9999.387096774102,0.0,0.8751937454151026,1.13475802637921
821880,3777.9490135670985,9999.387096774102,0.0,0.8746316655470587,1.1347583201498277
821940,3777.9629996771837,9999.387096774102,0.0,0.8747228961002712,1.134758608129017
822000,3777.7952975687713,9999.387096774102,0.0,0.8755169930173508,1.1347587321584696
822060,3777.6801407730745,9999.387096774102,0.0,0.8759250562266219,1.1347589713351314
822120,3777.724210789371,9999.387096774102,0.0,0.87582280068806,1.1347591350651511
822180,3778.051770079516,9999.387096774102,0.0,0.873691238499212,1.1347595446388885
822240,3778.120329857315,9999.387096774102,0.0,0.8745254235392949,1.134759407950187
822300,3777.994529701548,9999.387096774102,0.0,0.8752614959466449,1.1347588657312104
822360,3777.6686161816283,9999.387096774102,0.0,0.8770786445571906,1.1347585678885153
822420,3778.209332271814,9999.387096774102,0.0,0.8748420555788127,1.1347581966352425
822480,3778.1551853473943,9999.387096774102,0.0,0.8753125319589822,1.1347573855682764
822540,3778.3420690965627,9999.387096774102,0.0,0.8740036374961028,1.134757071566848
822600,3778.156997100281,9999.387096774102,0.0,0.875114840628314,1.1347566171956873
822660,3777.8421036371174,9999.387096774102,0.0,0.8767183370280475,1.1347563911904048
822720,3778.0063790614754,9999.387096774102,0.0,0.875598525524945,1.134756401436282
822780,3777.9801779000545,9999.387096774102,0.0,0.8753811840960609,1.1347564943941633
822840,3778.202404286598,9999.387096774102,0.0,0.874262343526306,1.134756743566216
822900,3778.0220261089107,9999.387096774102,0.0,0.8749672406657918,1.1347568285844043
822960,3777.8139293359463,9999.387096774102,0.0,0.8759475221887242,1.1347570176419195
823020,3777.805141230091,9999.387096774102,0.0,0.8760566665872676,1.1347571737608575
823080,3778.053912215164,9999.387096774102,0.0,0.8742546737068889,1.134757595619094
823140,3778.001466948667,9999.387096774102,0.0,0.8747480914219616,1.1347577754692
823200,3777.932925252203,9999.387096774102,0.0,0.874998191074624,1.1347580710372815
823260,3777.8297692105025,9999.387096774102,0.0,0.8755827012151625,1.1347582223308617
823320,3777.6108238864085,9999.387096774102,0.0,0.8766803886959434,1.13475841618663
823380,3777.870945252666,9999.387096774102,0.0,0.8751766359133097,1.1347587317284458
823440,3777.9217431388247,9999.387096774102,0.0,0.8745919209615641,1.1347589935948572
823500,3777.941116187797,9999.387096774102,0.0,0.8750604976278749,1.1347592164995637
823560,3777.988438977218,9999.387096774102,0.0,0.8755074445798443,1.1347587706389763
823620,3777.80421648422,9999.387096774102,0.0,0.8763917376551851,1.1347583488148054
823680,3778.1492384869885,9999.387096774102,0.0,0.87437207606042,1.1347582673113277
823740,3778.348931956299,9999.387096774102,0.0,0.8745540776750766,1.1347575490739492
823800,3778.276957821682,9999.387096774102,0.0,0.8745220629379892,1.134756913603417
823860,3778.0796166030786,9999.387096774102,0.0,0.8755880184181127,1.1347564804116717
823920,3778.0046561000236,9999.387096774102,0.0,0.8759407956516002,1.1347561350874504
823980,3778.0830148425694,9999.387096774102,0.0,0.8750017326801101,1.1347561613399373
824040,3778.064933165376,9999.387096774102,0.0,0.8752563398071268,1.1347561269542674
824100,3778.223781211184,9999.387096774102,0.0,0.8740810716883298,1.1347563942648566
824160,3778.0424425160377,9999.387096774102,0.0,0.8751595923788048,1.1347564331549609
824220,3777.741061681945,9999.387096774102,0.0,0.8767192949253144,1.1347565754239932
824280,3777.916835263784,9999.387096774102,0.0,0.8755888323151167,1.1347568493012508
824340,3777.9099257472644,9999.387096774102,0.0,0.8752933014399491,1.13475713128122
824400,3778.118988762487,9999.387096774102,0.0,0.8742740263283245,1.1347575040827447
824460,3777.940712475722,9999.387096774102,0.0,0.875009920230871,1.1347576736674783
824520,3777.7405579682336,9999.387096774102,0.0,0.8759710412196344,1.1347579144016353
824580,3777.73923176444,9999.387096774102,0.0,0.8760567116581202,1.1347580998330002
824640,3777.994842181401,9999.387096774102,0.0,0.874253438163345,1.1347585262755264
824700,3777.953295689854,9999.387096774102,0.0,0.8746973247482316,1.1347587024895287
824760,3777.8719993320005,9999.387096774102,0.0,0.8750454974596686,1.13475896828033
824820,3777.773636678138,9999.387096774102,0.0,0.875617976442656,1.1347590935106107
824880,3777.5703368443446,9999.387096774102,0.0,0.8766414285270318,1.134759256275945
824940,3778.1128857426916,9999.387096774102,0.0,0.8739445451128574,1.134759524674483
825000,3778.1136032816466,9999.387096774102,0.0,0.8747012559351257,1.1347590498142235
825060,3778.067598399741,9999.387096774102,0.0,0.874625341695128,1.1347587711641223
825120,3777.8232369887573,9999.387096774102,0.0,0.8765290205330518,1.1347584034079377
825180,3778.0987097931747,9999.387096774102,0.0,0.8757623910506764,1.134757604365295
825240,3777.979911937224,9999.387096774102,0.0,0.8760985536979957,1.134757042839451
825300,3778.2961205974484,9999.387096774102,0.0,0.8744135254422555,1.1347567957911207
825360,3778.1934161689946,9999.387096774102,0.0,0.8745825782834162,1.1347565438903169
825420,3777.98978351983,9999.387096774102,0.0,0.8756192295846106,1.1347564507241714
825480,3777.9125769116495,9999.387096774102,0.0,0.8759907582429767,1.1347563900660746
825540,3778.012416877718,9999.387096774102,0.0,0.8749858483690485,1.134756619840784
825600,3778.004706077815,9999.387096774102,0.0,0.8752018195611666,1.1347567227598692
825660,3778.1500143000126,9999.387096774102,0.0,0.8741364598058647,1.1347570699102731
825720,3777.97495294327,9999.387096774102,0.0,0.8751910501385874,1.1347571702194592
825780,3777.6845715185577,9999.387096774102,0.0,0.8767055426144114,1.13475734600245
825840,3777.8635183934966,9999.387096774102,0.0,0.8755851791529857,1.1347576330173248
825900,3777.8713619976725,9999.387096774102,0.0,0.8752290900729808,1.1347579153212115
825960,3778.0709927117,9999.387096774102,0.0,0.8742813770000262,1.1347582692897862
826020,3777.894190656967,9999.387096774102,0.0,0.8750389418561866,1.1347584157153268
826080,3777.6994923815764,9999.387096774102,0.0,0.8759876917499502,1.1347586277155934
826140,3777.703030817077,9999.387096774102,0.0,0.8760559735772555,1.1347587837797615
826200,3777.9521662987513,9999.387096774102,0.0,0.8743343071156119,1.1347591708050793
826260,3778.262653284475,9999.387096774102,0.0,0.8739354785099219,1.134759089294269
826320,3778.0774107820735,9999.387096774102,0.0,0.874874051377211,1.1347585542390297
826380,3777.726564089931,9999.387096774102,0.0,0.8769451563607806,1.1347582570865458
826440,3778.1268381400014,9999.387096774102,0.0,0.8754465114719395,1.1347577915247917
826500,3778.104281428255,9999.387096774102,0.0,0.8757253615394472,1.1347569940527629
826560,3778.4440778524504,9999.387096774102,0.0,0.8734453597120629,1.1347567542537738
826620,3778.2288292785433,9999.387096774102,0.0,0.8748062871133196,1.1347563035982644
826680,3777.935208797599,9999.387096774102,0.0,0.8762818266927367,1.1347561105933326
826740,3777.996906082359,9999.387096774102,0.0,0.8757445325903811,1.1347560860976886
826800,3777.88618918618,9999.387096774102,0.0,0.8760650587470259,1.134756168567263
826860,3778.1922160693503,9999.387096774102,0.0,0.8743839803805057,1.134756450977689
826920,3778.0921528265103,9999.387096774102,0.0,0.8745902257778044,1.1347566076385454
826980,3777.88884300402,9999.387096774102,0.0,0.8756651318967907,1.1347568074816807
827040,3777.8210487868882,9999.387096774102,0.0,0.8760191626302656,1.1347569596061837
827100,3777.933893304894,9999.387096774102,0.0,0.8749790908556273,1.1347573388625005
827160,3777.938322704493,9999.387096774102,0.0,0.8751381597240445,1.1347575493273803
827220,3778.068486910616,9999.387096774102,0.0,0.8741997878315799,1.1347579490906963
827280,3777.900506888269,9999.387096774102,0.0,0.8752289181730637,1.134758086738212
827340,3777.622601099523,9999.387096774102,0.0,0.8766910641174261,1.1347582760776815
827400,3777.8054020275017,9999.387096774102,0.0,0.8755772963482166,1.134758560515124
827460,3777.8290823434595,9999.387096774102,0.0,0.8751569215061072,1.1347588298724571
827520,3778.017274431452,9999.387096774102,0.0,0.8742931465162408,1.1347591525292149
827580,3777.8419073694536,9999.387096774102,0.0,0.8750750629143144,1.1347592655288832
827640,3777.538426145094,9999.387096774102,0.0,0.8769615917610506,1.1347594033617785
827700,3777.956581023595,9999.387096774102,0.0,0.8754928747488523,1.1347591638667014
827760,3777.917185649889,9999.387096774102,0.0,0.8755812432837,1.1347587591877353
827820,3778.296918451675,9999.387096774102,0.0,0.8735544934168951,1.1347587329689606
827880,3778.22834709785,9999.387096774102,0.0,0.8750248994995644,1.1347579890360895
827940,3778.0706030812557,9999.387096774102,0.0,0.8757255788305841,1.1347572173225742
828000,3778.031441359239,9999.387096774102,0.0,0.875557025898725,1.1347568398298116
828060,3778.040321603365,9999.387096774102,0.0,0.8756692508435707,1.1347564976523388
828120,3778.3429414632556,9999.387096774102,0.0,0.8735493250436267,1.1347565980722993
828180,3778.1405934096724,9999.387096774102,0.0,0.8748149716056611,1.1347564674093118
828240,3777.848570668853,9999.387096774102,0.0,0.8763194698358712,1.1347565013554595
828300,3777.922414827368,9999.387096774102,0.0,0.8757589739920532,1.1347566333897092
828360,3777.8306577823605,9999.387096774102,0.0,0.8759930218269197,1.1347568235701375
828420,3778.1337910123384,9999.387096774102,0.0,0.8743537960580388,1.1347571737760784
828480,3778.03260260259,9999.387096774102,0.0,0.8746017893074423,1.1347573688855253
828540,3777.8296280108784,9999.387096774102,0.0,0.87569393121188,1.134757585128439
828600,3777.76672347109,9999.387096774102,0.0,0.8760401907597386,1.1347577414887917
828660,3777.8881028546584,9999.387096774102,0.0,0.8749815686919976,1.134758110366201
828720,3777.902476664549,9999.387096774102,0.0,0.8750911758688077,1.1347583065328146
828780,3778.0222576141346,9999.387096774102,0.0,0.8742394176769958,1.1347586721772849
828840,3777.8583108834564,9999.387096774102,0.0,0.8752551236616521,1.1347587809389963
828900,3777.5899452513427,9999.387096774102,0.0,0.8766753322416659,1.1347589369858675
828960,3777.9688528868323,9999.387096774102,0.0,0.8748680146292779,1.1347591218640078
829020,3778.0575059926514,9999.387096774102,0.0,0.8751133266345716,1.1347586626553385
829080,3778.1572797232875,9999.387096774102,0.0,0.8741516723649165,1.1347584724794546
829140,3777.9730766908037,9999.387096774102,0.0,0.8759740954004638,1.1347581020248036
829200,3778.139916275387,9999.387096774102,0.0,0.8756547533192879,1.1347572496689933
829260,3777.916426319987,9999.387096774102,0.0,0.8766588595010363,1.134756663773563
829320,3778.2288845767034,9999.387096774102,0.0,0.8748746369658454,1.1347564083038955
829380,3778.2098201554613,9999.387096774102,0.0,0.8745412425624992,1.13475622271214
829440,3778.112368313277,9999.387096774102,0.0,0.8751006435414133,1.1347561814220175
829500,3777.970827237107,9999.387096774102,0.0,0.8757223427689449,1.1347561235636123
829560,3777.9235825622836,9999.387096774102,0.0,0.8755853323630736,1.1347563080560596
829620,3777.9438265590065,9999.387096774102,0.0,0.875620141745252,1.1347564297121107
829680,3778.2412106370475,9999.387096774102,0.0,0.8736000308315265,1.1347568587591739
829740,3778.0482044409046,9999.387096774102,0.0,0.8748341813075334,1.134756969192077
829800,3777.7605382669626,9999.387096774102,0.0,0.8763377267950222,1.134757168992194
829860,3777.839853559824,9999.387096774102,0.0,0.8757750116738874,1.1347574209307831
829920,3777.7700514834364,9999.387096774102,0.0,0.8759079101496151,1.1347576928048457
829980,3778.070395638922,9999.387096774102,0.0,0.8743185063269572,1.134758085479846
830040,3777.966340809917,9999.387096774102,0.0,0.8746202916859812,1.1347582962594438
830100,3777.7639953779335,9999.387096774102,0.0,0.8757271401480814,1.134758511323848
830160,3777.7069603219666,9999.387096774102,0.0,0.8760617427289014,1.1347586580300202
830220,3777.838644289032,9999.387096774102,0.0,0.8749766170930093,1.1347590046782972
830280,3777.8632078295823,9999.387096774102,0.0,0.8750369028501894,1.1347591761794904
830340,3777.9703106390048,9999.387096774102,0.0,0.8742869793895189,1.1347594972477002
830400,3777.842399237955,9999.387096774102,0.0,0.8758355035223385,1.1347593579008588
830460,3777.901365840856,9999.387096774102,0.0,0.8758318552027065,1.1347588518179499
830520,3777.788146637195,9999.387096774102,0.0,0.8761991440292834,1.134758622373049
830580,3778.466118986543,9999.387096774102,0.0,0.8734511001623334,1.1347583961872982
830640,3778.2737411906223,9999.387096774102,0.0,0.8746926201380486,1.1347575052565773
830700,3778.0829386115333,9999.387096774102,0.0,0.8756295804326728,1.1347570035723527
830760,3778.0624977143457,9999.387096774102,0.0,0.8756560150757112,1.1347566013231474
830820,3777.8488900387474,9999.387096774102,0.0,0.8766151129683933,1.1347563898602093
830880,3778.142952771813,9999.387096774102,0.0,0.874857785222254,1.1347564669731682
830940,3778.139050531536,9999.387096774102,0.0,0.8744832242317223,1.134756546137212
831000,3778.031160665146,9999.387096774102,0.0,0.8751421702793347,1.1347566763013417
831060,3777.896595697317,9999.387096774102,0.0,0.8757600219652013,1.1347567392117854
831120,3777.8602255378955,9999.387096774102,0.0,0.8755905300961204,1.1347570052577765
831180,3777.8897289121433,9999.387096774102,0.0,0.8755810640638768,1.1347571830738055
831240,3778.1796606726925,9999.387096774102,0.0,0.8736419309306248,1.1347576316367227
831300,3777.9933956244963,9999.387096774102,0.0,0.8748477395312789,1.1347577527473063
831360,3777.709876849821,9999.387096774102,0.0,0.8763448102895129,1.1347579444878244
831420,3777.7920114131616,9999.387096774102,0.0,0.8757876079121455,1.1347581812187908
831480,3777.737902866247,9999.387096774102,0.0,0.8758485841267273,1.1347584327778435
831540,3778.0354574093617,9999.387096774102,0.0,0.8742957582985222,1.1347587944426607
831600,3777.9300718323457,9999.387096774102,0.0,0.8746322016994378,1.1347589697302225
831660,3777.625602703792,9999.387096774102,0.0,0.8766929121229191,1.1347591073685068
831720,3777.9373405369874,9999.387096774102,0.0,0.8757385074701526,1.134758795536174
831780,3777.856743070452,9999.387096774102,0.0,0.8760658972946038,1.1347583881473926
831840,3778.391967910047,9999.387096774102,0.0,0.8730575095251462,1.134758413748905
831900,3778.3543352570537,9999.387096774102,0.0,0.8745242495282152,1.1347576552135787
831960,3778.1613959564406,9999.387096774102,0.0,0.8752881143179699,1.1347569000889306
832020,3778.002026562543,9999.387096774102,0.0,0.8758809500277965,1.1347564807338406
832080,3778.010303438442,9999.387096774102,0.0,0.8759423327331554,1.1347561462166178
832140,3778.327114877825,9999.387096774102,0.0,0.8736660866707475,1.1347562648032186
832200,3778.1757716721454,9999.387096774102,0.0,0.8746833391882315,1.1347561748246882
832260,3777.978802548363,9999.387096774102,0.0,0.8756268351169021,1.1347562735295356
832320,3777.9468081283035,9999.387096774102,0.0,0.8757034439153707,1.134756372428288
832380,3777.760407803839,9999.387096774102,0.0,0.8765335932783527,1.1347565471560075
832440,3778.059488172709,9999.387096774102,0.0,0.874810811925878,1.1347568948032696
832500,3778.059436425232,9999.387096774102,0.0,0.8744589963709346,1.1347571637502918
832560,3777.9419874861283,9999.387096774102,0.0,0.8751879633181413,1.1347574222862782
832620,3777.813520472059,9999.387096774102,0.0,0.8758057849682631,1.1347575772199967
832680,3777.791765942783,9999.387096774102,0.0,0.8755881378019498,1.134757900158949
832740,3777.8312635855373,9999.387096774102,0.0,0.8755340331893232,1.1347581111970004
832800,3778.1118466190596,9999.387096774102,0.0,0.8736882549074952,1.134758559175781
832860,3777.932026815685,9999.387096774102,0.0,0.8748676863394605,1.1347586755496377
832920,3777.6533838405994,9999.387096774102,0.0,0.8763559942423044,1.134758846245712
832980,3777.7395383141793,9999.387096774102,0.0,0.8757988291119041,1.134759057133211
833040,3777.7026650900657,9999.387096774102,0.0,0.8757809085928339,1.1347592790842103
833100,3778.2452197325238,9999.387096774102,0.0,0.8732596426828346,1.1347596249632275
833160,3778.1143883350887,9999.387096774102,0.0,0.8747294211402988,1.1347591058360007
833220,3777.8874899582534,9999.387096774102,0.0,0.8757613178090595,1.1347587043074967
833280,3777.825328860664,9999.387096774102,0.0,0.876238610238585,1.1347584422582058
833340,3778.1663205841187,9999.387096774102,0.0,0.8753994630825362,1.1347577100470023
833400,3778.189584831793,9999.387096774102,0.0,0.8748129232279769,1.1347571674657178
833460,3778.272482082683,9999.387096774102,0.0,0.8745396694386756,1.1347568427397277
833520,3778.0870714651173,9999.387096774102,0.0,0.8752886544071854,1.134756497531829
833580,3777.9150197255367,9999.387096774102,0.0,0.8759122118389846,1.134756418531577
833640,3777.9263094173525,9999.387096774102,0.0,0.8759367953843507,1.1347563803382548
833700,3778.2539341083193,9999.387096774102,0.0,0.8736637079692342,1.1347567064367357
833760,3778.110096784498,9999.387096774102,0.0,0.8746601147993207,1.1347567572280797
833820,3777.906924969371,9999.387096774102,0.0,0.8756599599681129,1.1347569423859942
833880,3777.878914888873,9999.387096774102,0.0,0.8757335824006475,1.1347571046620586
833940,3777.710926610668,9999.387096774102,0.0,0.8764760363349978,1.134757318549497
834000,3778.0103105158896,9999.387096774102,0.0,0.8747814107778601,1.1347576797733243
834060,3778.0140706150396,9999.387096774102,0.0,0.8744406341912014,1.134757946389274
834120,3777.890634417025,9999.387096774102,0.0,0.8752166024055306,1.1347581872411283
834180,3777.7657344176646,9999.387096774102,0.0,0.8758367876333693,1.1347583219379491
834240,3777.752992640641,9999.387096774102,0.0,0.8755930528851816,1.134758617634487
834300,3777.8004539865524,9999.387096774102,0.0,0.8754993188905456,1.134758801178028
834360,3778.0742088533952,9999.387096774102,0.0,0.8737206654900563,1.1347592080785442
834420,3778.005409173087,9999.387096774102,0.0,0.8751794639915846,1.1347590603466875
834480,3777.9649846966454,9999.387096774102,0.0,0.8755698075637159,1.134758530239555
834540,3777.7116521130242,9999.387096774102,0.0,0.8768591917005268,1.1347582622397727
834600,3778.3571492299047,9999.387096774102,0.0,0.8741571341741473,1.1347579688253464
834660,3778.240766209978,9999.387096774102,0.0,0.8749709244745195,1.1347571173853526
834720,3778.2493568919276,9999.387096774102,0.0,0.8747312891530508,1.1347567173285527
834780,3778.1271765779156,9999.387096774102,0.0,0.8754015703002156,1.1347562841409502
834840,3777.838059844305,9999.387096774102,0.0,0.8768324087953691,1.1347560645998742
834900,3778.0769037390774,9999.387096774102,0.0,0.8753084104130401,1.1347561212270039
834960,3778.086224722634,9999.387096774102,0.0,0.8748445363625521,1.1347562315733566
835020,3778.155884182303,9999.387096774102,0.0,0.8745825575116034,1.1347564422471372
835080,3777.974501775378,9999.387096774102,0.0,0.8753552358654704,1.1347565205938737
835140,3777.8208923518077,9999.387096774102,0.0,0.8759222665079652,1.134756751843507
835200,3777.8426868563674,9999.387096774102,0.0,0.8759130173652077,1.1347569356532343
835260,3778.170747653637,9999.387096774102,0.0,0.8736817049416893,1.13475741165052
835320,3778.0360744871077,9999.387096774102,0.0,0.8746398478350847,1.1347575722770484
835380,3777.826431786133,9999.387096774102,0.0,0.8757041189622694,1.134757817178004
835440,3777.8048697267295,9999.387096774102,0.0,0.8757651576008659,1.1347580190049813
835500,3777.656913566257,9999.387096774102,0.0,0.8764124972650273,1.1347582517525237
835560,3777.956692825804,9999.387096774102,0.0,0.8747458028770744,1.1347586102273874
835620,3777.963250544322,9999.387096774102,0.0,0.8744245918194783,1.134758860138496
835680,3777.833068082034,9999.387096774102,0.0,0.8752520267775485,1.1347590710528532
835740,3777.7126565025624,9999.387096774102,0.0,0.8758715019271606,1.1347591756325819
835800,3777.633574516638,9999.387096774102,0.0,0.8761893964722778,1.1347594148603533
835860,3778.137490816355,9999.387096774102,0.0,0.8744930172877102,1.1347592936884274
835920,3778.0724280641584,9999.387096774102,0.0,0.874703351926981,1.1347588554735764
835980,3777.9801986793263,9999.387096774102,0.0,0.875435514055255,1.1347586542840071
836040,3778.0659349090347,9999.387096774102,0.0,0.8757707134296705,1.1347580127780523
836100,3778.0135930670594,9999.387096774102,0.0,0.8760988560412816,1.1347572353163629
836160,3778.2588045215944,9999.387096774102,0.0,0.8742689125623723,1.1347569615219275
836220,3778.1722202398114,9999.387096774102,0.0,0.8749481415574044,1.1347565796747279
836280,3778.1643639514523,9999.387096774102,0.0,0.8747451696372593,1.1347565295605784
836340,3778.0317730386705,9999.387096774102,0.0,0.8754480119125889,1.1347564164397677
836400,3777.7609992983816,9999.387096774102,0.0,0.8767997901821782,1.1347564398883578
836460,3778.0086970867947,9999.387096774102,0.0,0.8752839306034887,1.1347566581756052
836520,3778.0295439304027,9999.387096774102,0.0,0.8747872127653996,1.1347568779742128
836580,3778.0867230336867,9999.387096774102,0.0,0.8746103729419985,1.1347571543154484
836640,3777.9089518049136,9999.387096774102,0.0,0.8753964817485378,1.1347572767418552
836700,3777.7653407265025,9999.387096774102,0.0,0.8759336855037647,1.1347575296868617
836760,3777.7942322848016,9999.387096774102,0.0,0.8758952022733393,1.1347577209539814
836820,3778.1217256327805,9999.387096774102,0.0,0.8737010342173185,1.1347581839340681
836880,3777.994372947776,9999.387096774102,0.0,0.8746260703885095,1.1347583294777326
836940,3777.78153098112,9999.387096774102,0.0,0.8757265889189396,1.1347585439522816
837000,3777.7626760749445,9999.387096774102,0.0,0.8757885136375388,1.1347587165605408
837060,3777.629270464492,9999.387096774102,0.0,0.8763663989842453,1.1347589185545939
837120,3778.266376189342,9999.387096774102,0.0,0.8732199595259458,1.1347592703833438
837180,3778.1706909134086,9999.387096774102,0.0,0.8745311492972859,1.1347587649314328
837240,3778.0044068832126,9999.387096774102,0.0,0.8751540941830338,1.1347584183895496
837300,3777.800345912131,9999.387096774102,0.0,0.8766287427867288,1.1347580922716454
837360,3778.1387305177236,9999.387096774102,0.0,0.8756758758840555,1.1347573214844378
837420,3778.0957609119932,9999.387096774102,0.0,0.8755067305033469,1.134756771378923
837480,3778.3532862717116,9999.387096774102,0.0,0.8742311894989758,1.1347565127716661
837540,3778.1721373696623,9999.387096774102,0.0,0.8748587156599547,1.13475620833255
837600,3777.947720599011,9999.387096774102,0.0,0.8758876389291409,1.1347561185564576
837660,3777.9205080590705,9999.387096774102,0.0,0.8760540066165605,1.134756080358673
837720,3778.144828881921,9999.387096774102,0.0,0.8743282069779358,1.1347563750988348
837780,3778.080452417521,9999.387096774102,0.0,0.8748699951440361,1.1347564732914686
837840,3778.0542155017333,9999.387096774102,0.0,0.8748289126317986,1.1347567580495086
837900,3777.9337816110906,9999.387096774102,0.0,0.8754933751617637,1.1347568951102858
837960,3777.6822802996335,9999.387096774102,0.0,0.8767562352059804,1.134757096902734
838020,3777.9329676113052,9999.387096774102,0.0,0.8752576776747697,1.1347574386427994
838080,3777.967827821771,9999.387096774102,0.0,0.8747175982337363,1.1347577413145156
838140,3778.0102244004747,9999.387096774102,0.0,0.8746451588216139,1.1347580567311606
838200,3777.836795161004,9999.387096774102,0.0,0.8754433185078373,1.1347582011407993
838260,3777.7045111393636,9999.387096774102,0.0,0.8759431775022878,1.1347584581266577
838320,3777.741404965991,9999.387096774102,0.0,0.8758714644810919,1.1347586427655774
838380,3778.0684437277437,9999.387096774102,0.0,0.8737167616012094,1.1347590800811511
838440,3777.9473064959875,9999.387096774102,0.0,0.874615902232173,1.134759199310403
838500,3777.7309552232705,9999.387096774102,0.0,0.8757560995612932,1.134759373577992
838560,3777.749827981315,9999.387096774102,0.0,0.8761180107094373,1.1347593533289022
838620,3777.9127729024967,9999.387096774102,0.0,0.8757878972725361,1.1347588898068388
838680,3778.0451305735633,9999.387096774102,0.0,0.874597735298825,1.1347587344284056
838740,3778.336461841983,9999.387096774102,0.0,0.8740992462624939,1.134758464883237
838800,3778.218864762728,9999.387096774102,0.0,0.8750556848515403,1.1347575487991062
838860,3777.8911555094505,9999.387096774102,0.0,0.8767633011601172,1.1347569569645062
838920,3778.0716987931805,9999.387096774102,0.0,0.8756116062190947,1.1347566338900128
838980,3778.015881480063,9999.387096774102,0.0,0.8755495771131999,1.1347564591448762
839040,3778.2614562677995,9999.387096774102,0.0,0.8742448751456928,1.1347565370307675
839100,3778.0846075231498,9999.387096774102,0.0,0.8748945007920707,1.1347565018905685
839160,3777.869468436938,9999.387096774102,0.0,0.8759144761708499,1.1347565989852313
839220,3777.850824381666,9999.387096774102,0.0,0.8760591044396505,1.1347566884373967
839280,3778.0807807187816,9999.387096774102,0.0,0.8743356354788715,1.1347570659113944
839340,3778.0287138962926,9999.387096774102,0.0,0.8748173850888232,1.1347572240012425
839400,3777.9901631287503,9999.387096774102,0.0,0.8748751761631384,1.1347575283460805
839460,3777.8748830773898,9999.387096774102,0.0,0.875526546267778,1.134757676898052
839520,3777.6378720423027,9999.387096774102,0.0,0.8767215571025303,1.1347578763397388
839580,3777.88985969206,9999.387096774102,0.0,0.8752407028388728,1.134758202914802
839640,3777.934676170664,9999.387096774102,0.0,0.8746709548272891,1.1347584842050988
839700,3777.9673392661093,9999.387096774102,0.0,0.8746660176648057,1.1347587651052762
839760,3777.7963252892814,9999.387096774102,0.0,0.8754751539363353,1.1347588769045014
839820,3777.562656520688,9999.387096774102,0.0,0.8768180740102225,1.1347590670001815
839880,3778.051623477262,9999.387096774102,0.0,0.8750823551146166,1.134758892224433
839940,3778.013178910332,9999.387096774102,0.0,0.8751409791250884,1.1347584800268216
840000,3778.183544528273,9999.387096774102,0.0,0.8743623158363075,1.1347583863289499
840060,3778.1623525724135,9999.387096774102,0.0,0.8754485339683205,1.1347576748816859
840120,3778.0535857397695,9999.387096774102,0.0,0.8759771560084353,1.134756892102775
840180,3778.144159530051,9999.387096774102,0.0,0.8750185950247639,1.1347565635968573
840240,3778.1176731056817,9999.387096774102,0.0,0.8753498008491958,1.1347562117947494
840300,3778.304047854419,9999.387096774102,0.0,0.8739550475254392,1.1347562658389025
840360,3778.1100880549943,9999.387096774102,0.0,0.8750953531638256,1.1347561432944495
840420,3777.798728829657,9999.387096774102,0.0,0.8767010446568403,1.1347561736675753
840480,3777.9621600393275,9999.387096774102,0.0,0.8756198427213122,1.134756361944873
840540,3777.9355055269652,9999.387096774102,0.0,0.8754239121331312,1.1347565865519227
840600,3778.1683338184116,9999.387096774102,0.0,0.8742476724387338,1.134756937460276
840660,3777.9927539258447,9999.387096774102,0.0,0.8749366413894808,1.1347570978171597
840720,3777.7844685665805,9999.387096774102,0.0,0.8759421880610884,1.1347573342978963
840780,3777.77339851626,9999.387096774102,0.0,0.8760649393096361,1.134757522141886
840840,3778.012486193024,9999.387096774102,0.0,0.8743310908631365,1.134757957407114
840900,3777.9720192631985,9999.387096774102,0.0,0.8747609280108867,1.1347581514714478
840960,3777.9192519964877,9999.387096774102,0.0,0.874928996293806,1.1347584547360703
841020,3777.8096278215494,9999.387096774102,0.0,0.8755646372475275,1.1347585994557094
841080,3777.5888524937623,9999.387096774102,0.0,0.8766835151945357,1.1347587837987052
841140,3777.842968188177,9999.387096774102,0.0,0.8752174943582853,1.1347590842647035
841200,3777.897935293,9999.387096774102,0.0,0.8746197832935656,1.1347593342737003
841260,3777.9412827917063,9999.387096774102,0.0,0.8749534203277244,1.134759549195542
841320,3777.971534826714,9999.387096774102,0.0,0.8754836322364847,1.1347590962400733
841380,3777.785352337132,9999.387096774102,0.0,0.8763838555383728,1.1347586719883618
841440,3778.1078400278893,9999.387096774102,0.0,0.8745000643411857,1.1347585747699982
841500,3778.318369970987,9999.387096774102,0.0,0.874588381253863,1.1347578641249354
841560,3778.2586297532503,9999.387096774102,0.0,0.8744976167087226,1.134757240028502
841620,3778.0677970451625,9999.387096774102,0.0,0.8755495584692505,1.134756806755984
841680,3777.987200552831,9999.387096774102,0.0,0.8759286342508358,1.134756455459279
841740,3778.052125835999,9999.387096774102,0.0,0.8750798999065076,1.1347564666004244
841800,3778.0425319481587,9999.387096774102,0.0,0.8752874611575886,1.134756424212937
841860,3778.218112379764,9999.387096774102,0.0,0.874018156550321,1.1347566851555746
841920,3778.033852865174,9999.387096774102,0.0,0.8751265700643337,1.1347567093889175
841980,3777.7333295873555,9999.387096774102,0.0,0.8766875336297494,1.134756837389637
842040,3777.899062471821,9999.387096774102,0.0,0.8756193345511857,1.1347570912164766
842100,3777.8894422845374,9999.387096774102,0.0,0.875350748527541,1.134757357233299
842160,3778.1127791770505,9999.387096774102,0.0,0.8742516038949473,1.1347577190939686
842220,3777.9385281954096,9999.387096774102,0.0,0.8749661401727001,1.1347578777720329
842280,3777.7355352109334,9999.387096774102,0.0,0.8759614188173035,1.134758101515623
842340,3777.72960674783,9999.387096774102,0.0,0.8760675661665159,1.134758271609243
842400,3777.973077064858,9999.387096774102,0.0,0.8743382460934631,1.1347586781978065
842460,3777.9425270976553,9999.387096774102,0.0,0.8747194929212025,1.1347588457076048
842520,3777.880592928216,9999.387096774102,0.0,0.8749594450566728,1.1347591070668694
842580,3777.7855592734627,9999.387096774102,0.0,0.8761472254738951,1.1347590205024272
842640,3777.913286736181,9999.387096774102,0.0,0.875895175886586,1.1347585363810553
842700,3777.9214921376815,9999.387096774102,0.0,0.8754677170329298,1.134758350764352
842760,3778.498655481747,9999.387096774102,0.0,0.873395354827019,1.1347581381147485
842820,3778.2898637515805,9999.387096774102,0.0,0.8747612792807693,1.1347572081979282
842880,3777.9958126578813,9999.387096774102,0.0,0.8762857651659105,1.1347566479568214
842940,3778.071614323182,9999.387096774102,0.0,0.8757205215207554,1.1347562855702242
843000,3777.9291240521807,9999.387096774102,0.0,0.8762125152218035,1.1347560987006602
843060,3778.2357700316293,9999.387096774102,0.0,0.8744611242023368,1.1347562006196166
843120,3778.150793234636,9999.387096774102,0.0,0.8745523135631723,1.1347562418156374
843180,3777.9542915804377,9999.387096774102,0.0,0.8755925911571294,1.134756355198637
843240,3777.875408503613,9999.387096774102,0.0,0.8759814195399855,1.134756442156213
843300,3777.9634860437673,9999.387096774102,0.0,0.8750590612212,1.134756775816955
843360,3777.965525210885,9999.387096774102,0.0,0.8752227355343426,1.1347569638985326
843420,3778.1249108034654,9999.387096774102,0.0,0.8740869129139113,1.1347573727730567
843480,3777.9485172163845,9999.387096774102,0.0,0.8751650533152906,1.134757510650154
843540,3777.6601741320014,9999.387096774102,0.0,0.876678065981491,1.1347577100974702
843600,3777.830916516409,9999.387096774102,0.0,0.8756137971216603,1.1347580054295958
843660,3777.8389290050713,9999.387096774102,0.0,0.8752717756678438,1.1347582917873988
843720,3778.0508754326324,9999.387096774102,0.0,0.8742597744951135,1.1347586469504178
843780,3777.877881905146,9999.387096774102,0.0,0.8750029012404762,1.1347587897682243
843840,3777.6812742141865,9999.387096774102,0.0,0.875982292107365,1.1347589890144014
843900,3777.681581439837,9999.387096774102,0.0,0.876067337639088,1.1347591315230496
843960,3777.918948473523,9999.387096774102,0.0,0.8744259211263876,1.1347594978064246
844020,3778.24615032886,9999.387096774102,0.0,0.8739093325531246,1.1347594125198188
844080,3778.0614398296593,9999.387096774102,0.0,0.8748445598121143,1.1347588799624557
844140,3777.7172842474406,9999.387096774102,0.0,0.8768875202539328,1.1347585784311602
844200,3778.093920623066,9999.387096774102,0.0,0.8755047727355473,1.1347581032544858
844260,3778.076798233146,9999.387096774102,0.0,0.8757521042231383,1.1347573154815664
844320,3778.4238473367705,9999.387096774102,0.0,0.8734351007060589,1.1347570781010696
844380,3778.2128019961474,9999.387096774102,0.0,0.8747827416892832,1.134756626252053
844440,3777.926957254688,9999.387096774102,0.0,0.8762188711091424,1.134756429100772
844500,3777.9780466043026,9999.387096774102,0.0,0.8757536317085965,1.1347563893821346
844560,3777.8629612264317,9999.387096774102,0.0,0.8761120178164755,1.134756457854014
844620,3778.1700851874366,9999.387096774102,0.0,0.8744208929239021,1.1347567252439243
844680,3778.082855334739,9999.387096774102,0.0,0.8745624745199536,1.134756874588149
844740,3777.8852124416485,9999.387096774102,0.0,0.8756249737586973,1.1347570604026302
844800,3777.81122156277,9999.387096774102,0.0,0.8760083938886578,1.1347571962447185
844860,3777.909859950714,9999.387096774102,0.0,0.87505945789277,1.1347575535968057
844920,3777.9221335945945,9999.387096774102,0.0,0.8751737459440467,1.1347577519780436
844980,3778.0705149421287,9999.387096774102,0.0,0.8741313342796928,1.1347581443483965
845040,3777.8990142977636,9999.387096774102,0.0,0.8751919588271352,1.1347582667862257
845100,3777.6201561643948,9999.387096774102,0.0,0.8766648807205581,1.13475844196452
845160,3777.7926328678755,9999.387096774102,0.0,0.8756121825897509,1.1347587078650803
845220,3777.813400343363,9999.387096774102,0.0,0.8752175681882457,1.134758963437292
845280,3778.153646250847,9999.387096774102,0.0,0.8738926159576916,1.1347592774632604
845340,3778.071942018543,9999.387096774102,0.0,0.8750728904072755,1.134758776887327
845400,3777.844443656731,9999.387096774102,0.0,0.8761489851949955,1.1347583591557973
845460,3777.9535910318004,9999.387096774102,0.0,0.8755347994476289,1.134758177650024
845520,3778.255865176149,9999.387096774102,0.0,0.8750450177101324,1.1347574543563752
845580,3778.2757174877297,9999.387096774102,0.0,0.8744671127626592,1.1347568887093962
845640,3778.1986791376544,9999.387096774102,0.0,0.8750115634380226,1.1347565033364169
845700,3778.052475184594,9999.387096774102,0.0,0.8756314722108492,1.1347561548286536
845760,3777.9727001943534,9999.387096774102,0.0,0.8756442291742854,1.1347561214842377
845820,3777.9870850071884,9999.387096774102,0.0,0.8756898870869154,1.1347560964220749
845880,3778.3016305131096,9999.387096774102,0.0,0.8735367855088211,1.1347564331776971
845940,3778.104731415184,9999.387096774102,0.0,0.8747935130009153,1.134756470534987
846000,3777.8200248964476,9999.387096774102,0.0,0.8762639941953404,1.1347566291096247
846060,3777.8840120915993,9999.387096774102,0.0,0.8757718029776301,1.134756848310427
846120,3777.791695303821,9999.387096774102,0.0,0.8760256849232437,1.134757103131295
846180,3778.096330606827,9999.387096774102,0.0,0.8743818431281254,1.1347574962768898
846240,3778.0070454668194,9999.387096774102,0.0,0.8745764307821479,1.1347577257322867
846300,3777.8088843249116,9999.387096774102,0.0,0.8756626405510453,1.1347579584600516
846360,3777.741367041348,9999.387096774102,0.0,0.8760349548846795,1.134758121101579
846420,3777.851798293667,9999.387096774102,0.0,0.8750534065205032,1.1347584840132372
846480,3777.8747097377086,9999.387096774102,0.0,0.8751171172420725,1.1347586781385846
846540,3778.009877582567,9999.387096774102,0.0,0.8741833166171026,1.1347590401104655
846600,3777.843584312104,9999.387096774102,0.0,0.8752252669513101,1.13475913633381
846660,3777.5755042002766,9999.387096774102,0.0,0.8766521756149627,1.134759278004286
846720,3777.9311718496247,9999.387096774102,0.0,0.874972830654976,1.1347594401155316
846780,3778.0303332212966,9999.387096774102,0.0,0.8751436992373964,1.1347589836153702
846840,3778.1412757073203,9999.387096774102,0.0,0.8741270186603358,1.134758794595483
846900,3777.9704532628025,9999.387096774102,0.0,0.8758872792752642,1.1347584209545354
846960,3778.118464525342,9999.387096774102,0.0,0.8756437933673129,1.1347575718686727
847020,3777.8915084876785,9999.387096774102,0.0,0.8766807972864964,1.134756987458069
847080,3778.200294260971,9999.387096774102,0.0,0.8749173755489095,1.1347567266199174
847140,3778.1885955152857,9999.387096774102,0.0,0.8745515341578961,1.1347565386593665
847200,3778.1056788171886,9999.387096774102,0.0,0.8750473244277516,1.1347564926993285
847260,3777.9589890292796,9999.387096774102,0.0,0.8756947344503969,1.1347564229923683
847320,3777.900086485552,9999.387096774102,0.0,0.8756402017970841,1.1347565884319213
847380,3777.924213141453,9999.387096774102,0.0,0.8756513669991045,1.1347566973095282
847440,3778.2302974725244,9999.387096774102,0.0,0.8735832409471727,1.1347571141766617
847500,3778.041407971451,9999.387096774102,0.0,0.8748037284338261,1.1347572120066578
847560,3777.75963707431,9999.387096774102,0.0,0.8762777451725884,1.1347573992039484
847620,3777.827653906615,9999.387096774102,0.0,0.8757872376293963,1.1347576309679759
847680,3777.752409146803,9999.387096774102,0.0,0.8759621806232819,1.134757886017664
847740,3778.0546510112795,9999.387096774102,0.0,0.8743556578507171,1.1347582631535011
847800,3777.9642923808983,9999.387096774102,0.0,0.8745860395431821,1.1347584675473614
847860,3777.766212793403,9999.387096774102,0.0,0.8756862360210236,1.1347586694596885
847920,3777.7023840553957,9999.387096774102,0.0,0.8760530045196864,1.1347588015661125
847980,3777.7737380656945,9999.387096774102,0.0,0.8754076684157476,1.1347591170418212
848040,3778.2534454135894,9999.387096774102,0.0,0.8739945069040901,1.1347590385986017
848100,3778.113620478514,9999.387096774102,0.0,0.8746235084028543,1.1347585542671048
848160,3777.854553373828,9999.387096774102,0.0,0.8762634485637875,1.1347582941878682
848220,3778.0750831891737,9999.387096774102,0.0,0.8757863930431484,1.1347577243469806
848280,3778.0509859564736,9999.387096774102,0.0,0.8760231317157013,1.1347569381293774
848340,3778.398610067784,9999.387096774102,0.0,0.8736247662790523,1.1347567050739742
848400,3778.236941910029,9999.387096774102,0.0,0.874726173226659,1.1347562910127311
848460,3778.0653745934005,9999.387096774102,0.0,0.8754831298759046,1.1347561671334254
848520,3778.011186864022,9999.387096774102,0.0,0.8756620904990057,1.1347560947942874
848580,3777.801215453882,9999.387096774102,0.0,0.876619320752749,1.1347561479626667
848640,3778.0966691120807,9999.387096774102,0.0,0.8748876723343595,1.1347564101723542
848700,3778.099735219236,9999.387096774102,0.0,0.8744890692590538,1.1347566287354052
848760,3778.0034554453487,9999.387096774102,0.0,0.875098970323736,1.1347568641890278
848820,3777.8649108235522,9999.387096774102,0.0,0.8757424484810202,1.1347570014236412
848880,3777.8204447581975,9999.387096774102,0.0,0.8756402307595171,1.1347573139070688
848940,3777.854895543464,9999.387096774102,0.0,0.8756054192332459,1.1347575271728771
849000,3778.1526112082984,9999.387096774102,0.0,0.8736301399981272,1.1347579976932567
849060,3777.971130674051,9999.387096774102,0.0,0.8748206173474911,1.1347581315939481
849120,3777.693109182943,9999.387096774102,0.0,0.8762946272240418,1.1347583274439297
849180,3777.7659158045553,9999.387096774102,0.0,0.8758018148007748,1.1347585562781684
849240,3777.7094107633193,9999.387096774102,0.0,0.8758902724532119,1.1347587986093852
849300,3778.008925819946,9999.387096774102,0.0,0.8743250010520305,1.1347591481523842
849360,3777.9160663839048,9999.387096774102,0.0,0.8746014749579618,1.1347593166683454
849420,3777.6207790644708,9999.387096774102,0.0,0.8766226201652871,1.1347594401812482
849480,3777.9127184742815,9999.387096774102,0.0,0.8757566122072634,1.1347591178874623
849540,3777.8319564112467,9999.387096774102,0.0,0.8760924945234599,1.1347587090107238
849600,3778.3674603830555,9999.387096774102,0.0,0.8730794178129014,1.1347587263820114
849660,3778.3379408506426,9999.387096774102,0.0,0.8744874928373088,1.1347579749832326
849720,3778.1451898237124,9999.387096774102,0.0,0.8752510576405035,1.1347572276947253
849780,3777.979397565055,9999.387096774102,0.0,0.875902105435686,1.1347568037075755
849840,3777.987768825066,9999.387096774102,0.0,0.8759589586140155,1.1347564647580148
849900,3778.296272288517,9999.387096774102,0.0,0.873738009705259,1.1347565698901723
849960,3778.158799622204,9999.387096774102,0.0,0.8746809316965509,1.1347564755647752
850020,3777.9762255268324,9999.387096774102,0.0,0.8755465848604194,1.1347565676483493
850080,3777.934063429898,9999.387096774102,0.0,0.8756938235546862,1.1347566483621643
850140,3777.742949915722,9999.387096774102,0.0,0.8765614613234564,1.1347568066128002
850200,3778.038277860003,9999.387096774102,0.0,0.8748578074358857,1.1347571361469735
850260,3778.04727847288,9999.387096774102,0.0,0.8744610807259494,1.1347573946599072
850320,3777.943215354939,9999.387096774102,0.0,0.8751308700546268,1.1347576423571324
850380,3777.808805813319,9999.387096774102,0.0,0.8757772478627988,1.1347577818625914
850440,3777.7743155915327,9999.387096774102,0.0,0.8756452153780373,1.1347580840337115
850500,3777.8169399895073,9999.387096774102,0.0,0.8755709549386239,1.1347582819155475
850560,3778.108082216684,9999.387096774102,0.0,0.8736643684500499,1.1347587196447944
850620,3777.931909398083,9999.387096774102,0.0,0.8748316975735381,1.1347588250586407
850680,3777.6575294097524,9999.387096774102,0.0,0.876299072525946,1.1347589848990682
850740,3777.8248223426845,9999.387096774102,0.0,0.8757300751441262,1.134759057140807
850800,3777.978172875826,9999.387096774102,0.0,0.8755463901049935,1.1347586015878242
850860,3778.151420300932,9999.387096774102,0.0,0.8741158411503378,1.134758459134645
850920,3778.185857732525,9999.387096774102,0.0,0.8749575861209717,1.134758131568883
850980,3778.1914468238147,9999.387096774102,0.0,0.8753535485419021,1.1347572322096817
851040,3777.8851773300407,9999.387096774102,0.0,0.8768991977568846,1.13475663305617
851100,3778.140439559497,9999.387096774102,0.0,0.8753494128182997,1.1347563468018855
851160,3778.126073191315,9999.387096774102,0.0,0.8749976950216317,1.134756182655601
851220,3778.229145048488,9999.387096774102,0.0,0.8745066110614429,1.1347562199559886
851280,3778.041332267138,9999.387096774102,0.0,0.8752752093916284,1.134756169227947
851340,3777.871223157429,9999.387096774102,0.0,0.8759293884584277,1.13475630220771
851400,3777.8850342131377,9999.387096774102,0.0,0.8759500271117887,1.1347564172603373
851460,3778.2049077358497,9999.387096774102,0.0,0.8737313686366085,1.1347568514916018
851520,3778.075777913575,9999.387096774102,0.0,0.8746510520875314,1.1347569933300805
851580,3777.884122208271,9999.387096774102,0.0,0.8755957371663172,1.1347572419162133
851640,3777.848368613455,9999.387096774102,0.0,0.875730015126335,1.1347574402222544
851700,3777.6786943480047,9999.387096774102,0.0,0.8764960494031061,1.1347576775906953
851760,3777.9753231121067,9999.387096774102,0.0,0.8748202767409071,1.1347580497099097
851820,3777.9887298328526,9999.387096774102,0.0,0.8744368292590741,1.134758325779051
851880,3777.8761485341815,9999.387096774102,0.0,0.8751695049842226,1.1347585680185277
851940,3777.746672399928,9999.387096774102,0.0,0.8758163279495952,1.134758695890562
852000,3777.724071971866,9999.387096774102,0.0,0.8756451098473927,1.1347589760711685
852060,3777.7755695928554,9999.387096774102,0.0,0.8755288910329744,1.134759148482754
852120,3778.0586198503333,9999.387096774102,0.0,0.8737022463589972,1.134759543422607
852180,3777.9992230955736,9999.387096774102,0.0,0.8751096220118426,1.1347593879362734
852240,3777.947726919681,9999.387096774102,0.0,0.8755475439080231,1.134758855870915
852300,3777.68948117176,9999.387096774102,0.0,0.8768813568469582,1.134758579786573
852360,3778.3164079988023,9999.387096774102,0.0,0.8742522514433322,1.1347582756884205
852420,3778.213543706337,9999.387096774102,0.0,0.8749934230213413,1.1347574381550132
852480,3778.2411093634514,9999.387096774102,0.0,0.874649238514242,1.1347570469486399
852540,3778.111320263321,9999.387096774102,0.0,0.8753777565921894,1.1347566076279632
852600,3777.8211246080127,9999.387096774102,0.0,0.8768234949855498,1.1347563805352094
852660,3778.0523080513235,9999.387096774102,0.0,0.8753474896241648,1.1347564227336264
852720,3778.062868326494,9999.387096774102,0.0,0.8748881225270569,1.134756521847771
852780,3778.150353415943,9999.387096774102,0.0,0.8745346771154779,1.1347567248118524
852840,3777.967167267959,9999.387096774102,0.0,0.875316297822699,1.1347567902897489
852900,3777.806129829912,9999.387096774102,0.0,0.8759437242595131,1.1347570023928946
852960,3777.8270096091624,9999.387096774102,0.0,0.875935734116166,1.1347571709437825
853020,3778.148415921684,9999.387096774102,0.0,0.873746342117198,1.1347576273660414
853080,3778.0274813021797,9999.387096774102,0.0,0.8746302402209121,1.1347577796777002
853140,3777.830739318002,9999.387096774102,0.0,0.8756240491623707,1.1347580154363963
853200,3777.7984315425692,9999.387096774102,0.0,0.8757562907134526,1.134758198392335
853260,3777.644313153033,9999.387096774102,0.0,0.8764480610621246,1.1347584148207093
853320,3777.940650022893,9999.387096774102,0.0,0.874796180109746,1.1347587568458664
853380,3777.957652380684,9999.387096774102,0.0,0.8744201425671051,1.1347589992150957
853440,3777.791372796695,9999.387096774102,0.0,0.8758581008363844,1.1347591676559812
853500,3777.948695036138,9999.387096774102,0.0,0.8757049628496753,1.134758773255076
853560,3777.8079031371503,9999.387096774102,0.0,0.8763656289448064,1.13475835643627
853620,3778.2887071242935,9999.387096774102,0.0,0.8735848558452328,1.1347583375990622
853680,3778.396816479308,9999.387096774102,0.0,0.8743124150382511,1.1347576110928521
853740,3778.238514871558,9999.387096774102,0.0,0.8747873108748647,1.1347569122998278
853800,3778.0224682321127,9999.387096774102,0.0,0.8758442444663788,1.1347564718903054
853860,3777.992651640328,9999.387096774102,0.0,0.8760269463565107,1.1347561322555089
853920,3778.185088338833,9999.387096774102,0.0,0.8744319315971405,1.1347562016088553
853980,3778.1216088660867,9999.387096774102,0.0,0.874949168196311,1.1347561508897996
854040,3778.12818438072,9999.387096774102,0.0,0.8746955844489134,1.1347563477546345
854100,3777.995003969064,9999.387096774102,0.0,0.8754309291610173,1.1347564047060492
854160,3777.725179526724,9999.387096774102,0.0,0.8767895993099731,1.134756553808137
854220,3777.965858418611,9999.387096774102,0.0,0.875318844591897,1.1347568626714848
854280,3777.9909150724243,9999.387096774102,0.0,0.8748147064470776,1.1347571518506343
854340,3778.062694789387,9999.387096774102,0.0,0.8745698290119083,1.1347574786623331
854400,3777.8840261434393,9999.387096774102,0.0,0.8753667978896974,1.1347576320117652
854460,3777.7350493660856,9999.387096774102,0.0,0.875955516593382,1.1347578984326974
854520,3777.764322507331,9999.387096774102,0.0,0.8759150460287737,1.1347580979756344
854580,3778.087100664397,9999.387096774102,0.0,0.8737574566356362,1.134758557541799
854640,3777.97320392656,9999.387096774102,0.0,0.8746127621347236,1.1347587046877725
854700,3777.7710215494276,9999.387096774102,0.0,0.875659770164345,1.1347589142931045
854760,3777.7432357645284,9999.387096774102,0.0,0.8757848748040132,1.1347590712984994
854820,3777.6064621830906,9999.387096774102,0.0,0.8763937059540472,1.1347592576450751
854880,3778.2300670085183,9999.387096774102,0.0,0.8733087458214629,1.134759587713549
854940,3778.149614330271,9999.387096774102,0.0,0.8745259725056255,1.1347590883318222
855000,3777.993104187179,9999.387096774102,0.0,0.8751013336127932,1.134758743736303
855060,3777.7830010673915,9999.387096774102,0.0,0.876630409728249,1.134758407323274
855120,3778.1113488485407,9999.387096774102,0.0,0.8756967997014861,1.1347576401280839
855180,3778.0654704259155,9999.387096774102,0.0,0.8755597342948929,1.1347570926664428
855240,3778.333591280665,9999.387096774102,0.0,0.8742255460382694,1.134756834601097
855300,3778.1585828430375,9999.387096774102,0.0,0.8748240891466031,1.1347565290754353
855360,3777.934548474508,9999.387096774102,0.0,0.8758727810766893,1.134756428950366
855420,3777.9032710651672,9999.387096774102,0.0,0.8760575665567686,1.134756378513626
855480,3778.1145710512083,9999.387096774102,0.0,0.874415011431108,1.1347566536494667
855540,3778.0615735049378,9999.387096774102,0.0,0.8748940962432421,1.134756742329607
855600,3778.0544086660198,9999.387096774102,0.0,0.8747464518151326,1.1347570203068893
855660,3777.926451499408,9999.387096774102,0.0,0.8754668985381584,1.1347571394351519
855720,3777.671692177896,9999.387096774102,0.0,0.8767562618038285,1.134757324790142
855780,3777.914654074021,9999.387096774102,0.0,0.8753020837632067,1.134757647084726
855840,3777.9511574486605,9999.387096774102,0.0,0.8747609130241297,1.1347579360694806
855900,3778.012192052934,9999.387096774102,0.0,0.874591588074055,1.134758243327503
855960,3777.836220101336,9999.387096774102,0.0,0.8754011669433825,1.1347583748378736
856020,3777.69513409267,9999.387096774102,0.0,0.8759665777537361,1.1347586134843304
856080,3777.7304371615855,9999.387096774102,0.0,0.8758994220918415,1.1347587844700553
856140,3778.052524935305,9999.387096774102,0.0,0.8737742221131174,1.134759205507216
856200,3778.176627183044,9999.387096774102,0.0,0.8743556037691491,1.1347590874754814
856260,3778.031428074953,9999.387096774102,0.0,0.8751620379517081,1.1347585444514439
856320,3777.6879080109693,9999.387096774102,0.0,0.8771059730142675,1.1347582478437224
856380,3778.2060623444027,9999.387096774102,0.0,0.8749903134898236,1.1347578564517646
856440,3778.158178971235,9999.387096774102,0.0,0.8754231100378188,1.1347570426691371
856500,3778.389855278009,9999.387096774102,0.0,0.8738276372490051,1.1347567509524292
856560,3778.1911724463394,9999.387096774102,0.0,0.8750317848823521,1.1347562976267003
856620,3777.8726243749643,9999.387096774102,0.0,0.876652475565217,1.1347560823121776
856680,3778.0145482095127,9999.387096774102,0.0,0.8756484845952711,1.1347560930170306
856740,3777.9679641182292,9999.387096774102,0.0,0.8755530399772635,1.1347561933262902
856800,3778.2225378452586,9999.387096774102,0.0,0.8742336677204998,1.134756466507883
856860,3778.0511173556897,9999.387096774102,0.0,0.8748654389864666,1.134756575457014
856920,3777.836068361457,9999.387096774102,0.0,0.8759060595122168,1.1347567759335604
856980,3777.8146841582256,9999.387096774102,0.0,0.8760659994525628,1.134756942161886
857040,3778.035319661005,9999.387096774102,0.0,0.8744115451633211,1.134757367540313
857100,3777.9951387629703,9999.387096774102,0.0,0.8748315087655965,1.1347575656115279
857160,3777.9722861793152,9999.387096774102,0.0,0.8748079643259543,1.13475789728753
857220,3777.8511827814523,9999.387096774102,0.0,0.8755077307623831,1.1347580546681708
857280,3777.6131737091746,9999.387096774102,0.0,0.8767196456225107,1.1347582562323684
857340,3777.8589327481227,9999.387096774102,0.0,0.8752794784906937,1.1347585760294125
857400,3777.907310326165,9999.387096774102,0.0,0.8747017777226093,1.1347588512311981
857460,3777.955530499546,9999.387096774102,0.0,0.8746200324351546,1.1347591262665786
857520,3777.7827266611553,9999.387096774102,0.0,0.8754419187091473,1.1347592258758454
857580,3777.54308218847,9999.387096774102,0.0,0.876837436956654,1.1347593966415261
857640,3778.0195654395648,9999.387096774102,0.0,0.87513832518838,1.134759210963828
857700,3777.9869961022077,9999.387096774102,0.0,0.8751734587240944,1.1347588003875577
857760,3778.1793372435045,9999.387096774102,0.0,0.8742675012675559,1.134758707761228
857820,3778.14704264255,9999.387096774102,0.0,0.8754122428873573,1.1347579945935333
857880,3778.033453027204,9999.387096774102,0.0,0.8759627474631106,1.1347572177805452
857940,3778.1101916838616,9999.387096774102,0.0,0.875097797312821,1.134756882413453
858000,3778.092714005092,9999.387096774102,0.0,0.8753787237810501,1.1347565295414594
858060,3778.2942361502346,9999.387096774102,0.0,0.8738998736680998,1.134756581404198
858120,3778.098604499075,9999.387096774102,0.0,0.8750636399495196,1.1347564479550527
858180,3777.789318786313,9999.387096774102,0.0,0.876663801930117,1.1347564666130172
858240,3777.942620362863,9999.387096774102,0.0,0.8756468946415479,1.134756636100183
858300,3777.9130493665766,9999.387096774102,0.0,0.8754800414267053,1.1347568452293824
858360,3778.1583739924135,9999.387096774102,0.0,0.8742334981325903,1.1347571845032114
858420,3777.9881432897,9999.387096774102,0.0,0.8748950377731037,1.134757334180722
858480,3777.77829562016,9999.387096774102,0.0,0.8759284310440998,1.1347575535774712
858540,3777.7625117105254,9999.387096774102,0.0,0.8760723254254744,1.1347577253802867
858600,3777.9888750739906,9999.387096774102,0.0,0.8744169762103577,1.1347581396785724
858660,3777.9592133055094,9999.387096774102,0.0,0.8747857319144887,1.1347583238846046
858720,3777.926029233221,9999.387096774102,0.0,0.8748438982910283,1.134758621659461
858780,3777.8083070497646,9999.387096774102,0.0,0.8755366246253543,1.134758749975538
858840,3777.5827019467583,9999.387096774102,0.0,0.8766900317562341,1.134758919612148
858900,3778.097618477445,9999.387096774102,0.0,0.8741380451330094,1.1347591808931234
858960,3778.1165336787617,9999.387096774102,0.0,0.8747986093506346,1.1347587090983138
859020,3778.108108619579,9999.387096774102,0.0,0.8744877914143067,1.134758456830228
859080,3777.8645690818025,9999.387096774102,0.0,0.8764502922194427,1.1347580884832518
859140,3778.1240210861793,9999.387096774102,0.0,0.8757499635581997,1.1347572716678238
859200,3777.9761554042148,9999.387096774102,0.0,0.8762630279077223,1.1347567015202649
859260,3778.2966895305412,9999.387096774102,0.0,0.8745174700686655,1.1347564566466124
859320,3778.2170202296143,9999.387096774102,0.0,0.8745411841889594,1.1347562277901335
859380,3778.029408220963,9999.387096774102,0.0,0.8755105811934116,1.1347561511065105
859440,3777.936633813526,9999.387096774102,0.0,0.8759405949922432,1.1347560990651913
859500,3778.000782763916,9999.387096774102,0.0,0.875134317701773,1.1347563286797093
859560,3777.9995814907365,9999.387096774102,0.0,0.8753084801971681,1.1347564465362279
859620,3778.1875038694,9999.387096774102,0.0,0.8739742854006233,1.134756828281769
859680,3778.0024589845107,9999.387096774102,0.0,0.8751016980772334,1.1347569396678567
859740,3777.704975012492,9999.387096774102,0.0,0.8766565915807644,1.1347571298616803
859800,3777.8629294214,9999.387096774102,0.0,0.8756450758782169,1.1347574208029252
859860,3777.8533967719,9999.387096774102,0.0,0.8753921999428766,1.134757712588708
859920,3778.0876690820705,9999.387096774102,0.0,0.8742364313653053,1.1347580917378417
859980,3777.9183525902763,9999.387096774102,0.0,0.8749318766958538,1.1347582598375274
860040,3777.7145483671134,9999.387096774102,0.0,0.8759527334054882,1.134758480590595
860100,3777.705366199242,9999.387096774102,0.0,0.8760763157428204,1.1347586440299067
860160,3777.93881477578,9999.387096774102,0.0,0.87441485262968,1.134759035174298
860220,3777.919502415619,9999.387096774102,0.0,0.8747350845396151,1.134759194891314
860280,3777.8738962467482,9999.387096774102,0.0,0.8748884277968074,1.1347594482951973
860340,3777.771221774847,9999.387096774102,0.0,0.8761287780937093,1.1347593461637855
860400,3777.8910497928914,9999.387096774102,0.0,0.8759005674418319,1.13475885991736
860460,3777.890462713598,9999.387096774102,0.0,0.8755414640039354,1.134758665693764
860520,3778.4791819621873,9999.387096774102,0.0,0.873378054398756,1.134758450594495
860580,3778.270177350223,9999.387096774102,0.0,0.8747400640990747,1.134757531924082
860640,3777.985418825493,9999.387096774102,0.0,0.8762179163473356,1.1347569772907296
860700,3778.050210600617,9999.387096774102,0.0,0.8757269483553607,1.1347566070652944
860760,3777.9040614574515,9999.387096774102,0.0,0.8762530678163202,1.1347564120242222
860820,3778.2108028656503,9999.387096774102,0.0,0.8744991822651141,1.1347565023975652
860880,3778.1381538839746,9999.387096774102,0.0,0.8745292515064067,1.1347565383625937
860940,3777.948648780425,9999.387096774102,0.0,0.8755502960522128,1.1347566397548787
861000,3777.8636967337147,9999.387096774102,0.0,0.8759680866121461,1.1347567114120232
861060,3777.937800722497,9999.387096774102,0.0,0.875136994847058,1.134757023515922
861120,3777.9474500096244,9999.387096774102,0.0,0.8752574306714814,1.1347571992588736
861180,3778.1240319979465,9999.387096774102,0.0,0.8740237307910267,1.1347575997368455
861240,3777.9449744463186,9999.387096774102,0.0,0.8751288884293829,1.134757722084362
861300,3777.6567764794963,9999.387096774102,0.0,0.8766464377983821,1.1347579069458444
861360,3777.8170572310883,9999.387096774102,0.0,0.8756452884323097,1.1347581827532756
861420,3777.8217586419933,9999.387096774102,0.0,0.8753322014639073,1.1347584540963487
861480,3778.0480684848203,9999.387096774102,0.0,0.8742383219390082,1.1347587999558235
861540,3777.8796195044124,9999.387096774102,0.0,0.8749564559839598,1.1347589339202087
861600,3777.56270213685,9999.387096774102,0.0,0.8769589939296414,1.1347590795099076
861660,3777.9653726573188,9999.387096774102,0.0,0.875568433716201,1.1347588265824842
861720,3777.9149444664727,9999.387096774102,0.0,0.8757160933067396,1.1347584223101332
861780,3778.3466609588777,9999.387096774102,0.0,0.873368615870815,1.1347584201630798
861840,3778.2782914747954,9999.387096774102,0.0,0.8748967351612243,1.1347576659860459
861900,3778.1083868025694,9999.387096774102,0.0,0.8756263066429432,1.134756892370015
861960,3778.035551073081,9999.387096774102,0.0,0.8756542840555909,1.1347565046656454
862020,3778.0452718555684,9999.387096774102,0.0,0.8757504711819707,1.1347561679753622
862080,3778.3660075943935,9999.387096774102,0.0,0.8734977497497802,1.134756286902218
862140,3778.1662388223185,9999.387096774102,0.0,0.874760217257219,1.1347561700665874
862200,3777.8869755482874,9999.387096774102,0.0,0.8761848541140137,1.134756225549777
862260,3777.9365626603453,9999.387096774102,0.0,0.8757611277669933,1.134756360390057
862320,3777.8200484143904,9999.387096774102,0.0,0.8761451693804717,1.134756557572162
862380,3778.1274758959376,9999.387096774102,0.0,0.8744510522909837,1.1347569208231456
862440,3778.052245376468,9999.387096774102,0.0,0.8745401286254383,1.1347571464751482
862500,3777.8605492076144,9999.387096774102,0.0,0.8755923351048384,1.1347573810583664
862560,3777.782271583114,9999.387096774102,0.0,0.8760011932793322,1.134757547423029
862620,3777.87022676946,9999.387096774102,0.0,0.8751293166275924,1.1347579173222724
862680,3777.8909102089233,9999.387096774102,0.0,0.8751988835489298,1.1347581276415104
862740,3778.053828577023,9999.387096774102,0.0,0.874080192499359,1.1347585263440723
862800,3777.880865344305,9999.387096774102,0.0,0.8751626942331219,1.1347586443087898
862860,3777.603229072915,9999.387096774102,0.0,0.8766373714524013,1.134758811003203
862920,3777.7669746080883,9999.387096774102,0.0,0.8756416902501614,1.1347590609526588
862980,3777.7870380297036,9999.387096774102,0.0,0.8752641107854195,1.1347593023628233
863040,3778.1480263288718,9999.387096774102,0.0,0.8738135107086723,1.1347596071516315
863100,3778.056925092456,9999.387096774102,0.0,0.8750377192437151,1.1347591031492181
863160,3777.82942190207,9999.387096774102,0.0,0.8761183319945123,1.1347586836993686
863220,3777.91794843268,9999.387096774102,0.0,0.8756359926948601,1.1347584872982963
863280,3778.2247527570125,9999.387096774102,0.0,0.8750842965476279,1.1347577700573752
863340,3778.2510997333993,9999.387096774102,0.0,0.8744796878575772,1.1347572120150784
863400,3778.188953253687,9999.387096774102,0.0,0.8749590299255485,1.1347568299288213
863460,3778.0377513071735,9999.387096774102,0.0,0.8756035680756644,1.1347564760241717
863520,3777.9474781619156,9999.387096774102,0.0,0.8756939562717803,1.1347564285036948
863580,3777.9653673753387,9999.387096774102,0.0,0.8757183621960368,1.1347563934834015
863640,3778.286526505374,9999.387096774102,0.0,0.873530349763853,1.1347567188929464
863700,3778.0948957825635,9999.387096774102,0.0,0.8747667324781793,1.1347567452072074
863760,3777.8174237057924,9999.387096774102,0.0,0.8762002055323727,1.1347568921781819
863820,3777.8702773096284,9999.387096774102,0.0,0.8757806992913182,1.1347570912907194
863880,3777.7727093277986,9999.387096774102,0.0,0.8760760492108616,1.1347573289654096
863940,3778.0783439829997,9999.387096774102,0.0,0.8744211080299811,1.134757705617911
864000,3778.0024054252463,9999.387096774102,0.0,0.8745466462451558,1.1347579275999713
864060,3777.8098433701243,9999.387096774102,0.0,0.8756191991642135,1.1347581467546928
864120,3777.7356383095184,9999.387096774102,0.0,0.8760232406305588,1.1347582939179628
864180,3777.831653562178,9999.387096774102,0.0,0.8751327114190188,1.134758636332122
864240,3777.861521780169,9999.387096774102,0.0,0.8751557801805454,1.1347588197372205
864300,3778.0151736062026,9999.387096774102,0.0,0.8741156324353974,1.134759176404652
864360,3777.892076249508,9999.387096774102,0.0,0.8757046391133815,1.1347590385344812
864420,3777.9309081177034,9999.387096774102,0.0,0.8757791249649612,1.1347585264358995
864480,3777.778259661984,9999.387096774102,0.0,0.8763937109977963,1.1347582906927385
864540,3778.465201231826,9999.387096774102,0.0,0.8735782066716982,1.1347580543432565
864600,3778.2868450400556,9999.387096774102,0.0,0.8747374024092109,1.1347571662254254
864660,3778.1372970723605,9999.387096774102,0.0,0.8754284755251884,1.1347566864127927
864720,3778.0916329959964,9999.387096774102,0.0,0.8756045694746025,1.134756278847415
864780,3777.8544629321623,9999.387096774102,0.0,0.8767050120523503,1.1347560694121805
864840,3778.1395715090766,9999.387096774102,0.0,0.8749698421057608,1.1347561512378967
864900,3778.1446156994693,9999.387096774102,0.0,0.8745296110847981,1.1347562502085338
864960,3778.072475459785,9999.387096774102,0.0,0.8750077630277463,1.1347564079911507
865020,3777.924166208406,9999.387096774102,0.0,0.8756723934465123,1.1347564836746584
865080,3777.8562001558585,9999.387096774102,0.0,0.8756883034215158,1.1347567521376263
865140,3777.88508294683,9999.387096774102,0.0,0.8756735757480734,1.134756942721715
865200,3778.1976120767886,9999.387096774102,0.0,0.8735798853903436,1.1347574162288123
865260,3778.0146710866907,9999.387096774102,0.0,0.8747791802823683,1.134757553931864
865320,3777.7394347873706,9999.387096774102,0.0,0.8762246980326103,1.1347577659370527
865380,3777.798308637993,9999.387096774102,0.0,0.875798932472404,1.134758005466118
865440,3777.7210169725727,9999.387096774102,0.0,0.8760001302663931,1.134758263065321
865500,3778.0245017374327,9999.387096774102,0.0,0.8743866293984542,1.1347586364444486
865560,3777.9465097525954,9999.387096774102,0.0,0.8745587231730675,1.1347588401245627
865620,3777.7531823197573,9999.387096774102,0.0,0.8756513006711821,1.1347590318445364
865680,3777.684122318451,9999.387096774102,0.0,0.8760464089370791,1.134759149983075
865740,3777.7415390885853,9999.387096774102,0.0,0.8754983508755604,1.134759443914117
865800,3778.221101505904,9999.387096774102,0.0,0.8740479004699826,1.1347593560182265
865860,3778.094595829513,9999.387096774102,0.0,0.8746113765650205,1.1347588781959994
865920,3777.8507917346574,9999.387096774102,0.0,0.8761704092170736,1.1347586169363375
865980,3778.049585366012,9999.387096774102,0.0,0.8758063068888537,1.134758039525463
866040,3778.025608753719,9999.387096774102,0.0,0.8760385192087583,1.1347572609289414
866100,3778.36354345281,9999.387096774102,0.0,0.8737039259464802,1.1347570224682295
866160,3778.215698387071,9999.387096774102,0.0,0.8747308220179063,1.1347566108287763
866220,3778.059820780596,9999.387096774102,0.0,0.8754030219236583,1.1347564860060304
866280,3777.996171772591,9999.387096774102,0.0,0.8756502805974161,1.1347563991714282
866340,3777.782182934375,9999.387096774102,0.0,0.8766413083979353,1.1347564382947577
866400,3778.0733161736584,9999.387096774102,0.0,0.8749333957381306,1.1347566835251657
866460,3778.084036019907,9999.387096774102,0.0,0.8744986098121935,1.1347568915646047
866520,3778.0024019893094,9999.387096774102,0.0,0.8750424095941818,1.1347571168511823
866580,3777.858375371823,9999.387096774102,0.0,0.8757124465674002,1.1347572386663685
866640,3777.801870824618,9999.387096774102,0.0,0.8756931683286829,1.1347575300840924
866700,3777.8391680640602,9999.387096774102,0.0,0.8756398177276876,1.134757729388504
866760,3778.145496682077,9999.387096774102,0.0,0.8736156418007601,1.134758187842448
866820,3777.9687451358573,9999.387096774102,0.0,0.8747877689327904,1.1347583102516994
866880,3777.696255419402,9999.387096774102,0.0,0.8762336758011029,1.1347584946988114
866940,3777.7574582160364,9999.387096774102,0.0,0.8758134938963779,1.1347587049342522
867000,3777.6948135639313,9999.387096774102,0.0,0.8759467847856182,1.1347589320679707
867060,3778.28417706877,9999.387096774102,0.0,0.873146523197281,1.1347592993947782
867120,3778.149849509448,9999.387096774102,0.0,0.8746539690437665,1.134758778868889
867180,3777.92943114062,9999.387096774102,0.0,0.8756242407947817,1.1347583899742284
867240,3777.8260027956803,9999.387096774102,0.0,0.8763731084274101,1.1347581152829338
867300,3778.175189533605,9999.387096774102,0.0,0.8754793450550425,1.1347573696926712
867360,3778.1844236915103,9999.387096774102,0.0,0.8749697275791275,1.1347568242188542
867420,3778.3140496396036,9999.387096774102,0.0,0.874433030194316,1.1347565199574543
867480,3778.1226684789626,9999.387096774102,0.0,0.8751815429964774,1.1347561860706414
867540,3777.9308170432273,9999.387096774102,0.0,0.8759321336408322,1.134756109604899
867600,3777.9344748904955,9999.387096774102,0.0,0.8759826998247441,1.1347560799956335
867660,3778.2452000429525,9999.387096774102,0.0,0.8737856828364934,1.134756412101156
867720,3778.1195837206906,9999.387096774102,0.0,0.8746780954116725,1.1347564854515944
867780,3777.949741192607,9999.387096774102,0.0,0.8754780732803426,1.1347567024075988
867840,3777.898941802633,9999.387096774102,0.0,0.875689280703372,1.134756869435372
867900,3777.7071015811325,9999.387096774102,0.0,0.8765757624052635,1.1347570907427358
867960,3777.9994890754356,9999.387096774102,0.0,0.8748953357555509,1.134757460586994
868020,3778.017121980477,9999.387096774102,0.0,0.8744628170749518,1.1347577503771717
868080,3777.924832278725,9999.387096774102,0.0,0.875084414514441,1.134758017008765
868140,3777.786306371204,9999.387096774102,0.0,0.8757559184133504,1.134758162917278
868200,3777.742700876356,9999.387096774102,0.0,0.8756937170668527,1.1347584594893834
868260,3777.789165344332,9999.387096774102,0.0,0.8755985180700896,1.1347586532694542
868320,3778.0880268511655,9999.387096774102,0.0,0.8736540867107883,1.1347590833313337
868380,3777.9170219068405,9999.387096774102,0.0,0.8748022449089428,1.1347591794363485
868440,3777.6477583192177,9999.387096774102,0.0,0.8762473720358852,1.1347593268214025
868500,3777.7947255861122,9999.387096774102,0.0,0.8757969976437596,1.134759378026565
868560,3777.9516849630854,9999.387096774102,0.0,0.8755743497375791,1.134758923046746
868620,3778.126212432542,9999.387096774102,0.0,0.8741460849327495,1.1347587764136275
868680,3778.184524939422,9999.387096774102,0.0,0.8748560779038737,1.1347584504789388
868740,3778.172580699485,9999.387096774102,0.0,0.8753282840226871,1.1347575559260188
868800,3777.8658412946197,9999.387096774102,0.0,0.8768869059708051,1.134756959008606
868860,3778.11330027794,9999.387096774102,0.0,0.875385757075005,1.1347566658634498
868920,3778.0997554594724,9999.387096774102,0.0,0.8750425771763428,1.1347564960461467
868980,3778.219876740343,9999.387096774102,0.0,0.8744638709734541,1.1347565292390869
869040,3778.031329239607,9999.387096774102,0.0,0.875236866367577,1.1347564686512857
869100,3777.854942201899,9999.387096774102,0.0,0.8759462192052514,1.1347565845031118
869160,3777.867626848464,9999.387096774102,0.0,0.8759692915254854,1.1347566851990456
869220,3778.1791538920565,9999.387096774102,0.0,0.8738036285813018,1.1347570995042158
869280,3778.0639238555664,9999.387096774102,0.0,0.8746477879174345,1.134757232816006
869340,3777.8865946312753,9999.387096774102,0.0,0.8755142196258584,1.1347574723999228
869400,3777.8404776955504,9999.387096774102,0.0,0.8757186037284344,1.1347576513503368
869460,3777.6651751134123,9999.387096774102,0.0,0.8765262421859962,1.1347578717477609
869520,3777.957731028854,9999.387096774102,0.0,0.8748699446432254,1.134758226235581
869580,3777.9802886280145,9999.387096774102,0.0,0.8744395218665543,1.1347584930352645
869640,3777.8814012391267,9999.387096774102,0.0,0.875109784615442,1.1347587261816532
869700,3777.745830194424,9999.387096774102,0.0,0.8757856474171946,1.1347588403719722
869760,3777.6230258689397,9999.387096774102,0.0,0.8763785791949606,1.1347590779604164
869820,3778.133842510398,9999.387096774102,0.0,0.8746320847521172,1.1347589498140989
869880,3778.075372835287,9999.387096774102,0.0,0.874795230486605,1.1347585192776473
869940,3778.0422314073294,9999.387096774102,0.0,0.8751938261873682,1.1347583483912793
870000,3778.1026379158548,9999.387096774102,0.0,0.875714070070235,1.1347576870600293
870060,3778.0374080492325,9999.387096774102,0.0,0.8760868981505292,1.134756903269194
870120,3778.248388828794,9999.387096774102,0.0,0.87443644895209,1.1347566185272515
870180,3778.173728027591,9999.387096774102,0.0,0.8750452787172706,1.1347562466576453
870240,3778.2139254441036,9999.387096774102,0.0,0.8745445493084409,1.1347562295226732
870300,3778.063018669662,9999.387096774102,0.0,0.875366703257451,1.1347561205982704
870360,3777.775606996229,9999.387096774102,0.0,0.8768169875112666,1.134756152996498
870420,3778.006713811379,9999.387096774102,0.0,0.8753753249286575,1.134756375966699
870480,3778.018828897493,9999.387096774102,0.0,0.8749252634301005,1.1347566093873171
870540,3778.1207824064995,9999.387096774102,0.0,0.874498094292951,1.1347569169892036
870600,3777.9374182591687,9999.387096774102,0.0,0.8752880968786758,1.1347570569278649
870660,3777.7724155462015,9999.387096774102,0.0,0.8759615647181075,1.1347573158192956
870720,3777.79361957222,9999.387096774102,0.0,0.8759529097332481,1.134757517427493
870780,3778.108677106355,9999.387096774102,0.0,0.8738109319853637,1.1347579886737358
870840,3778.001855975002,9999.387096774102,0.0,0.874621321307681,1.1347581572056529
870900,3777.8167812218067,9999.387096774102,0.0,0.8755566813546499,1.134758399276981
870960,3777.77601491078,9999.387096774102,0.0,0.8757507070704473,1.1347585747876978
871020,3777.6190998016973,9999.387096774102,0.0,0.8764706692611273,1.1347587814982711
871080,3777.912272742177,9999.387096774102,0.0,0.8748379105027205,1.1347591094637086
871140,3777.938845456541,9999.387096774102,0.0,0.8744173829286835,1.1347593428028568
871200,3777.7913563298266,9999.387096774102,0.0,0.8757556402891082,1.1347595010254337
871260,3777.929019587536,9999.387096774102,0.0,0.8756965156180205,1.1347590977328348
871320,3777.7863185352526,9999.387096774102,0.0,0.8763737486951028,1.1347586785683024
871380,3778.2480738944305,9999.387096774102,0.0,0.8737035277926459,1.134758644575207
871440,3778.3710518924368,9999.387096774102,0.0,0.8743210428662741,1.1347579275557833
871500,3778.2221327003836,9999.387096774102,0.0,0.8747513878796537,1.1347572397381933
871560,3778.006913336059,9999.387096774102,0.0,0.8758270298303731,1.134756797161219
871620,3777.9730070764595,9999.387096774102,0.0,0.8760273031582779,1.1347564518605662
871680,3778.152298373596,9999.387096774102,0.0,0.8745181663269529,1.1347565062221026
871740,3778.1000294335986,9999.387096774102,0.0,0.8749742101886882,1.134756448888796
871800,3778.1254613256624,9999.387096774102,0.0,0.8746153515639088,1.1347566407015113
871860,3777.9854049188993,9999.387096774102,0.0,0.8754037959204287,1.134756681159635
871920,3777.713308693566,9999.387096774102,0.0,0.8767834012919006,1.1347568147173743
871980,3777.9459271924516,9999.387096774102,0.0,0.8753604402694073,1.1347571040646862
872040,3777.971840632122,9999.387096774102,0.0,0.8748611298567365,1.1347573788714325
872100,3778.061953599598,9999.387096774102,0.0,0.8745202500501252,1.134757696689472
872160,3777.881587005793,9999.387096774102,0.0,0.875324736180725,1.1347578367311115
872220,3777.724833297583,9999.387096774102,0.0,0.8759742561560361,1.1347580842524518
872280,3777.752280404988,9999.387096774102,0.0,0.8759396370179378,1.1347582691175304
872340,3778.067815897479,9999.387096774102,0.0,0.8738258097412985,1.1347587103304717
872400,3777.9682312042833,9999.387096774102,0.0,0.8746027002418556,1.1347588510874385
872460,3777.7789940747057,9999.387096774102,0.0,0.8755784729533951,1.1347590535597036
872520,3777.766210260367,9999.387096774102,0.0,0.8761609984740422,1.1347590239887044
872580,3777.926113197751,9999.387096774102,0.0,0.8758305661061262,1.1347585560103246
872640,3778.031997207454,9999.387096774102,0.0,0.8747892408258644,1.1347583990093049
872700,3778.400870311793,9999.387096774102,0.0,0.8738886277655898,1.134758149984873
872760,3778.2557851596443,9999.387096774102,0.0,0.8749728222027031,1.1347572210150252
872820,3777.926343180959,9999.387096774102,0.0,0.8766904337299242,1.1347566322604088
872880,3778.0843991365177,9999.387096774102,0.0,0.8756527100118859,1.1347563030549916
872940,3778.0066924509565,9999.387096774102,0.0,0.8757224524114611,1.1347561308820877
873000,3778.2796927798227,9999.387096774102,0.0,0.8742397799972345,1.1347562279560401
873060,3778.1152259931887,9999.387096774102,0.0,0.8747976834087265,1.1347562165562577
873120,3777.8960083347515,9999.387096774102,0.0,0.8758624930910313,1.13475632511827
873180,3777.864295347967,9999.387096774102,0.0,0.8760582458831617,1.1347564243765473
873240,3778.063869335457,9999.387096774102,0.0,0.874495567737847,1.1347568046437237
873300,3778.023348183989,9999.387096774102,0.0,0.8749081584480999,1.1347569808906173
873360,3778.0316038980313,9999.387096774102,0.0,0.8746826657286855,1.134757322410058
873420,3777.8988129555764,9999.387096774102,0.0,0.8754475604434785,1.134757478125674
873480,3777.6439390427417,9999.387096774102,0.0,0.8767492090025931,1.1347576867908835
873540,3777.88042236427,9999.387096774102,0.0,0.8753386559792694,1.1347580182383297
873600,3777.9200262385393,9999.387096774102,0.0,0.874793740782499,1.134758312937635
873660,3777.996347325548,9999.387096774102,0.0,0.8745489496049001,1.1347586230366522
873720,3777.819368712027,9999.387096774102,0.0,0.8753681418854602,1.1347587491562117
873780,3777.6724430671675,9999.387096774102,0.0,0.8759856738406268,1.1347589736354187
873840,3777.7071253759054,9999.387096774102,0.0,0.8759210263112611,1.1347591318537258
873900,3778.0234699791085,9999.387096774102,0.0,0.8738361275019443,1.134759533953307
873960,3778.167208747878,9999.387096774102,0.0,0.8742964290812468,1.1347594134685024
874020,3778.015692776498,9999.387096774102,0.0,0.8751312077521257,1.1347588705205327
874080,3777.6734673233536,9999.387096774102,0.0,0.8770806146981415,1.134758567702039
874140,3778.168741766933,9999.387096774102,0.0,0.8750703544171669,1.134758165883556
874200,3778.1301061090207,9999.387096774102,0.0,0.8754523659695325,1.1347573635108934
874260,3778.376754690256,9999.387096774102,0.0,0.8737744993662557,1.134757078104945
874320,3778.1762878350423,9999.387096774102,0.0,0.8750022992717864,1.1347566211266218
874380,3777.8611474346612,9999.387096774102,0.0,0.876609687240596,1.1347563999430248
874440,3777.9929905199483,9999.387096774102,0.0,0.8756719640098937,1.1347563954628546
874500,3777.9433542870743,9999.387096774102,0.0,0.8756072965077322,1.1347564824859737
874560,3778.208417257393,9999.387096774102,0.0,0.8742285246925696,1.1347567445565445
874620,3778.0437487759154,9999.387096774102,0.0,0.8748265365634025,1.1347568440819917
874680,3777.8284837831034,9999.387096774102,0.0,0.8758883355429324,1.1347570281648016
874740,3777.8022979170123,9999.387096774102,0.0,0.8760700231575008,1.1347571782051202
874800,3778.009749501885,9999.387096774102,0.0,0.8744979942406927,1.134757581940379
874860,3777.980210986981,9999.387096774102,0.0,0.8748582463375886,1.1347577692946718
874920,3777.976958380213,9999.387096774102,0.0,0.8747244260993415,1.1347580945190008
874980,3777.8483665546987,9999.387096774102,0.0,0.8754785317789349,1.1347582347906613
875040,3777.6063405896034,9999.387096774102,0.0,0.8767203913187448,1.13475842090676
875100,3777.8439538585726,9999.387096774102,0.0,0.875325748261496,1.1347587227445024
875160,3777.893586663042,9999.387096774102,0.0,0.8747477718283805,1.1347589859532485
875220,3778.0076367360784,9999.387096774102,0.0,0.874699036362836,1.1347592368217105
875280,3778.0113118225063,9999.387096774102,0.0,0.8753900295779046,1.134758771794428
875340,3777.810794604281,9999.387096774102,0.0,0.8763529614740876,1.1347583493795967
875400,3778.0872509369256,9999.387096774102,0.0,0.8747325212676997,1.1347582384295611
875460,3778.321641089233,9999.387096774102,0.0,0.8746961578446769,1.1347575204308402
875520,3778.285250799306,9999.387096774102,0.0,0.874455293152458,1.134756910290484
875580,3778.1121468349575,9999.387096774102,0.0,0.8754337403607112,1.1347564865624435
875640,3778.0155650527668,9999.387096774102,0.0,0.8758690575429534,1.1347561392571277
875700,3778.044230301546,9999.387096774102,0.0,0.8752230282158588,1.1347561468277574
875760,3778.0402385554007,9999.387096774102,0.0,0.875393011953418,1.1347561169028453
875820,3778.2566966678914,9999.387096774102,0.0,0.8738624788438468,1.1347564103232084
875880,3778.0631510744797,9999.387096774102,0.0,0.8750397497033832,1.1347564453819805
875940,3777.758122083315,9999.387096774102,0.0,0.8766248832480026,1.1347565888653788
876000,3777.90205350329,9999.387096774102,0.0,0.8756708490086421,1.1347568466487643
876060,3777.873173500451,9999.387096774102,0.0,0.8755174082508744,1.1347571220442403
876120,3778.1278557231544,9999.387096774102,0.0,0.8742250719363144,1.1347575082853583
876180,3777.9637218190496,9999.387096774102,0.0,0.8748628234330139,1.134757690817985
876240,3777.7541398255316,9999.387096774102,0.0,0.8759166610496971,1.1347579252616427
876300,3777.7350844229923,9999.387096774102,0.0,0.8760786473389833,1.1347581038761776
876360,3777.9512365936375,9999.387096774102,0.0,0.8744938733735517,1.1347585126267303
876420,3777.932729747481,9999.387096774102,0.0,0.8748027980331196,1.1347586962511955
876480,3777.9158490175123,9999.387096774102,0.0,0.8747747666771164,1.134758991207316
876540,3777.7921663379148,9999.387096774102,0.0,0.8755147863845147,1.1347591053668125
876600,3777.5646235568383,9999.387096774102,0.0,0.8766889601677493,1.1347592597891258
876660,3778.0573967450177,9999.387096774102,0.0,0.874253360492172,1.134759497921661
876720,3778.0900974083697,9999.387096774102,0.0,0.8748235021792314,1.134759030242869
876780,3778.0954487648696,9999.387096774102,0.0,0.8744431641391804,1.1347587809300728
876840,3777.857270059386,9999.387096774102,0.0,0.8763932305042876,1.1347584062585268
876900,3778.1001565045162,9999.387096774102,0.0,0.8757521294390281,1.134757592461977
876960,3777.948126524801,9999.387096774102,0.0,0.8763036470256119,1.1347570238821778
877020,3778.268553391193,9999.387096774102,0.0,0.874556372884839,1.1347567750271854
877080,3778.200385993701,9999.387096774102,0.0,0.874524589529855,1.1347565463980176
877140,3778.0213374090517,9999.387096774102,0.0,0.8754665625997103,1.1347564625385047
877200,3777.9227295158066,9999.387096774102,0.0,0.8759249819272075,1.1347563980767412
877260,3777.9732266452083,9999.387096774102,0.0,0.8752096415345851,1.134756607937916
877320,3777.979451277373,9999.387096774102,0.0,0.8753417708899539,1.1347567143480282
877380,3778.18333764187,9999.387096774102,0.0,0.8739172766174723,1.1347570874464146
877440,3777.9965643959745,9999.387096774102,0.0,0.8750667646163319,1.134757183624228
877500,3777.700388390398,9999.387096774102,0.0,0.876619607242086,1.134757359276378
877560,3777.8477885506477,9999.387096774102,0.0,0.8756731034520652,1.1347576300395918
877620,3777.8346548747168,9999.387096774102,0.0,0.8754516873862846,1.1347579058364066
877680,3778.0815667186935,9999.387096774102,0.0,0.8742231750171485,1.13475827395708
877740,3777.9180907298796,9999.387096774102,0.0,0.8748874935218859,1.1347584326848466
877800,3777.712560728538,9999.387096774102,0.0,0.8759356620598561,1.1347586378512353
877860,3777.6979558372377,9999.387096774102,0.0,0.876084024619112,1.1347587867485782
877920,3777.8999808790873,9999.387096774102,0.0,0.8746408447761371,1.1347591543298576
877980,3778.2804219461714,9999.387096774102,0.0,0.8738497415308891,1.134759082122409
878040,3778.093399422401,9999.387096774102,0.0,0.8747705198713197,1.1347585566890561
878100,3777.7565833223794,9999.387096774102,0.0,0.8767932599088832,1.1347582655562998
878160,3778.103132169111,9999.387096774102,0.0,0.8755903834944668,1.1347577681413021
878220,3778.084776959843,9999.387096774102,0.0,0.8758350083733542,1.1347569753625726
878280,3778.4485927455366,9999.387096774102,0.0,0.8733913172538303,1.1347567474066305
878340,3778.2387473698527,9999.387096774102,0.0,0.8747422677062374,1.1347563032759687
878400,3777.9700669396293,9999.387096774102,0.0,0.8760705149279465,1.134756125943004
878460,3777.99645207812,9999.387096774102,0.0,0.8757463264253224,1.1347560865050497
878520,3777.8557280032983,9999.387096774102,0.0,0.8762601337760535,1.1347561601559601
878580,3778.16519644049,9999.387096774102,0.0,0.8745239789852018,1.134756438949161
878640,3778.102416363972,9999.387096774102,0.0,0.8745138661158255,1.134756617840604
878700,3777.919670975701,9999.387096774102,0.0,0.8755160311190243,1.1347568235883194
878760,3777.8301995003744,9999.387096774102,0.0,0.8759605235405498,1.1347569702035085
878820,3777.8946090285676,9999.387096774102,0.0,0.8752036772049752,1.1347573289844244
878880,3777.9124861712753,9999.387096774102,0.0,0.875281488082023,1.1347575420453981
878940,3778.102570380963,9999.387096774102,0.0,0.8739782180348518,1.1347579677672617
879000,3777.9229739148022,9999.387096774102,0.0,0.8751005408998974,1.1347581008977734
879060,3777.6369733159718,9999.387096774102,0.0,0.8766147684606932,1.1347582887742065
879120,3777.788565438705,9999.387096774102,0.0,0.875672045609691,1.1347585568786234
879180,3777.792479589552,9999.387096774102,0.0,0.8753775119374834,1.1347588199191887
879240,3778.029863744193,9999.387096774102,0.0,0.874224054317146,1.1347591576080212
879300,3777.8667314235922,9999.387096774102,0.0,0.8749191933629855,1.1347592821556869
879360,3777.552345668621,9999.387096774102,0.0,0.8769230549191248,1.1347594112092767
879420,3777.9372606379056,9999.387096774102,0.0,0.8756047351507421,1.1347591473376466
879480,3777.888806816735,9999.387096774102,0.0,0.8757500029235563,1.1347587426356947
879540,3778.3334545909333,9999.387096774102,0.0,0.8733249293316473,1.1347587375337562
879600,3778.264279677698,9999.387096774102,0.0,0.87485023898292,1.134757986475901
879660,3778.0910065053563,9999.387096774102,0.0,0.8755960256744716,1.1347572194285311
879720,3778.0077214233843,9999.387096774102,0.0,0.8757026980664576,1.1347568258246163
879780,3778.021228650034,9999.387096774102,0.0,0.8757752820921842,1.1347564859676846
879840,3778.3460495607883,9999.387096774102,0.0,0.8735038214458483,1.134756597209839
879900,3778.1530291246218,9999.387096774102,0.0,0.8747374603953899,1.1347564731021345
879960,3777.8823722230413,9999.387096774102,0.0,0.8761175481905733,1.134756519547693
880020,3777.921006014765,9999.387096774102,0.0,0.8757668657050462,1.1347566356267016
880080,3777.799571381522,9999.387096774102,0.0,0.8761909561308322,1.1347568163336013
880140,3778.1071340085464,9999.387096774102,0.0,0.8744917673031978,1.1347571628461788
880200,3778.0447282994523,9999.387096774102,0.0,0.8745152448163542,1.1347573803551119
880260,3777.8599775657685,9999.387096774102,0.0,0.8755467182229671,1.1347576013123533
880320,3777.775156868594,9999.387096774102,0.0,0.8759867234212741,1.134757751585091
880380,3777.8488626347557,9999.387096774102,0.0,0.8752061702895824,1.1347581001252218
880440,3777.8762266081317,9999.387096774102,0.0,0.8752368330000949,1.1347582986078815
880500,3778.0566350326844,9999.387096774102,0.0,0.8740176558174884,1.1347586904220417
880560,3777.8814085198956,9999.387096774102,0.0,0.8751236768502115,1.1347587947670077
880620,3777.6033975524742,9999.387096774102,0.0,0.8766051651123665,1.1347589486312275
880680,3777.918873303094,9999.387096774102,0.0,0.875159240648186,1.134759099601124
880740,3778.0321304942,9999.387096774102,0.0,0.8752510834107698,1.1347586432787313
880800,3778.167080861053,9999.387096774102,0.0,0.8740729828231435,1.1347584738834426
880860,3778.0317261707746,9999.387096774102,0.0,0.8757005621662249,1.1347581103688655
880920,3778.1524128086717,9999.387096774102,0.0,0.8755815945274213,1.1347572430269937
880980,3777.8998055370475,9999.387096774102,0.0,0.8767751015304676,1.1347566515099137
881040,3778.200286644054,9999.387096774102,0.0,0.8750273433345228,1.134756388524426
881100,3778.19225157012,9999.387096774102,0.0,0.874626295333445,1.134756213582182
881160,3778.1496973822887,9999.387096774102,0.0,0.8749125739108204,1.1347561943950075
881220,3777.9899598365228,9999.387096774102,0.0,0.8756011456885788,1.1347561362653102
881280,3777.900071958599,9999.387096774102,0.0,0.8757294561252071,1.1347563032342676
881340,3777.922959729907,9999.387096774102,0.0,0.875737480845677,1.1347564242460966
881400,3778.2471191753016,9999.387096774102,0.0,0.873539785240216,1.1347568640547383
881460,3778.062933462046,9999.387096774102,0.0,0.8747447965809645,1.1347569794615324
881520,3777.792936688402,9999.387096774102,0.0,0.8761459779435773,1.1347571891098942
881580,3777.837341227605,9999.387096774102,0.0,0.8757898635473941,1.1347574244087937
881640,3777.7381048938655,9999.387096774102,0.0,0.8761100753211049,1.1347576861875106
881700,3778.044294879649,9999.387096774102,0.0,0.8744532605869354,1.1347580752794173
881760,3777.980451380703,9999.387096774102,0.0,0.8745229767307748,1.13475830868807
881820,3777.793708987766,9999.387096774102,0.0,0.8755827026467472,1.1347585272519027
881880,3777.714484633364,9999.387096774102,0.0,0.8760146481544352,1.1347586672983676
881940,3777.799352938855,9999.387096774102,0.0,0.8752017091501536,1.1347589938169342
882000,3777.836601896189,9999.387096774102,0.0,0.8751844529482684,1.1347591674486415
882060,3778.005142073146,9999.387096774102,0.0,0.8740641924526473,1.1347595149811343
882120,3777.8842039234805,9999.387096774102,0.0,0.875647712775454,1.134759365902755
882180,3777.9117752524576,9999.387096774102,0.0,0.875767346548721,1.1347588513253881
882240,3777.7513747222456,9999.387096774102,0.0,0.876444186081513,1.1347586068203965
882300,3778.4252035501895,9999.387096774102,0.0,0.8736670470460302,1.1347583602518991
882360,3778.261653915057,9999.387096774102,0.0,0.8747464408980513,1.1347574876253819
882420,3778.1294521901013,9999.387096774102,0.0,0.8753444185881923,1.1347570164781704
882480,3778.0738551409113,9999.387096774102,0.0,0.8755913615663473,1.1347566017158706
882540,3777.8337444060912,9999.387096774102,0.0,0.8767193689933206,1.134756384119313
882600,3778.113901359601,9999.387096774102,0.0,0.8750137385313967,1.1347564524843927
882660,3778.1251137250615,9999.387096774102,0.0,0.8745466530951581,1.1347565425255255
882720,3778.068779701606,9999.387096774102,0.0,0.8749523168107052,1.1347566921095258
882780,3777.915493617452,9999.387096774102,0.0,0.8756413417266048,1.1347567534380647
882840,3777.836319667433,9999.387096774102,0.0,0.8757368529809608,1.1347570013654682
882900,3777.867770455652,9999.387096774102,0.0,0.8757052034435314,1.1347571777554086
882960,3778.186805627003,9999.387096774102,0.0,0.8735756367590704,1.1347576377133826
883020,3778.009733032743,9999.387096774102,0.0,0.8747499448909792,1.134757763702324
883080,3777.741340380538,9999.387096774102,0.0,0.8761599878152564,1.134757963968933
883140,3777.7887516173314,9999.387096774102,0.0,0.8758072335829901,1.1347581840180965
883200,3777.7054412642397,9999.387096774102,0.0,0.8760530387214585,1.1347584253960117
883260,3778.009738574566,9999.387096774102,0.0,0.874428279758436,1.1347587838115103
883320,3777.9455398934997,9999.387096774102,0.0,0.8745275796745405,1.1347589820449697
883380,3777.6669764591757,9999.387096774102,0.0,0.8764932379145411,1.1347591233527277
883440,3777.934487984443,9999.387096774102,0.0,0.8757623283045624,1.1347587862372468
883500,3777.8372517995613,9999.387096774102,0.0,0.8761845099642813,1.1347583762803768
883560,3778.383705830296,9999.387096774102,0.0,0.8730829104968029,1.1347583995702595
883620,3778.3783138669937,9999.387096774102,0.0,0.8744054282168205,1.1347576467095133
883680,3778.185392768561,9999.387096774102,0.0,0.8751339880051554,1.1347569041271928
883740,3777.9997970513027,9999.387096774102,0.0,0.8759143648681134,1.1347564750820083
883800,3778.0007767329344,9999.387096774102,0.0,0.8759927494105622,1.1347561398173487
883860,3778.2882143978086,9999.387096774102,0.0,0.8738719390296593,1.1347562461760028
883920,3778.1667984933015,9999.387096774102,0.0,0.8747208118793731,1.134756170828394
883980,3778.022684398475,9999.387096774102,0.0,0.8753561307334944,1.1347562956643624
884040,3777.9576492937495,9999.387096774102,0.0,0.8756423894690609,1.1347563805052177
884100,3777.743091329228,9999.387096774102,0.0,0.876651304747649,1.1347565462726517
884160,3778.0298139895403,9999.387096774102,0.0,0.8749706244849265,1.1347568840748734
884220,3778.0487093647694,9999.387096774102,0.0,0.8745041379115261,1.1347571644513879
884280,3777.9796111452565,9999.387096774102,0.0,0.8749972366243487,1.1347574402806324
884340,3777.8320924238537,9999.387096774102,0.0,0.8756903230060216,1.1347575924393107
884400,3777.7672093846804,9999.387096774102,0.0,0.8757380888755353,1.1347578966443985
884460,3777.8081625866644,9999.387096774102,0.0,0.8756652027962268,1.1347581056167926
884520,3778.120544124746,9999.387096774102,0.0,0.873614117326846,1.1347585658741504
884580,3777.9500802960456,9999.387096774102,0.0,0.8747609355342989,1.1347586869860322
884640,3777.6837326925015,9999.387096774102,0.0,0.876179249419688,1.1347588647995133
884700,3777.7353399266426,9999.387096774102,0.0,0.8758243439476023,1.134759058984744
884760,3777.669613693729,9999.387096774102,0.0,0.8759879950866752,1.1347592707302439
884820,3778.264063301978,9999.387096774102,0.0,0.8731455674616995,1.1347596230706525
884880,3778.1330142848633,9999.387096774102,0.0,0.8746270250671976,1.134759104185729
884940,3777.917282018145,9999.387096774102,0.0,0.8755765059939334,1.1347587153356389
885000,3777.800660075878,9999.387096774102,0.0,0.8764194115935232,1.134758428058672
885060,3778.145750501691,9999.387096774102,0.0,0.8755108751787294,1.134757686933925
885120,3778.1547084520034,9999.387096774102,0.0,0.8750172470293215,1.134757145589996
885180,3778.300937571987,9999.387096774102,0.0,0.8743949060678944,1.1347568446912268
885240,3778.109394408262,9999.387096774102,0.0,0.875145254552235,1.1347565073886035
885300,3777.91279848069,9999.387096774102,0.0,0.8759437549249269,1.13475641871591
885360,3777.915052535353,9999.387096774102,0.0,0.875998641597722,1.134756377566895
885420,3778.2162924315326,9999.387096774102,0.0,0.87386248167774,1.1347566911346798
885480,3778.1041340032134,9999.387096774102,0.0,0.8746816361806424,1.1347567565896715
885540,3777.950037137167,9999.387096774102,0.0,0.8753956984045406,1.1347569655532996
885600,3777.8893264938365,9999.387096774102,0.0,0.8756755869215136,1.13475711339975
885660,3777.692491555089,9999.387096774102,0.0,0.8766002586190658,1.1347573175806105
885720,3777.980218953973,9999.387096774102,0.0,0.8749438581476762,1.134757668958055
885780,3778.0055762107995,9999.387096774102,0.0,0.8744730779088938,1.1347579479117382
885840,3777.9282476091707,9999.387096774102,0.0,0.8750251870368269,1.1347582050392448
885900,3777.7840848827686,9999.387096774102,0.0,0.8757235956581408,1.1347583365031373
885960,3777.7281839897864,9999.387096774102,0.0,0.875744455547385,1.134758613414237
886020,3777.7765159608302,9999.387096774102,0.0,0.8756356002271332,1.134758794594109
886080,3778.0836189761912,9999.387096774102,0.0,0.8736433259263559,1.1347592144039111
886140,3778.0581289927595,9999.387096774102,0.0,0.8749285024150312,1.1347590699073502
886200,3777.983497181105,9999.387096774102,0.0,0.8754565582156421,1.1347585338087576
886260,3777.695075606488,9999.387096774102,0.0,0.8769893320219929,1.1347582545253678
886320,3778.3094265578393,9999.387096774102,0.0,0.8744170637895243,1.1347579333612816
886380,3778.216815463052,9999.387096774102,0.0,0.8750996851787094,1.1347570950313353
886440,3778.2958647268247,9999.387096774102,0.0,0.8744370140055571,1.1347567295545684
886500,3778.1457440770996,9999.387096774102,0.0,0.875295073086081,1.1347562879341642
886560,3777.8412282300246,9999.387096774102,0.0,0.8768237380910138,1.134756066888975
886620,3778.0541997228065,9999.387096774102,0.0,0.8754319413886876,1.1347561107102224
886680,3778.053034146107,9999.387096774102,0.0,0.875038198174794,1.1347562207171151
886740,3778.1851457050307,9999.387096774102,0.0,0.8744312703822119,1.13475645364164
886800,3777.997891770478,9999.387096774102,0.0,0.8752070756411054,1.1347565372614796
886860,3777.8173472722583,9999.387096774102,0.0,0.8759609679216702,1.1347567561181733
886920,3777.829914507828,9999.387096774102,0.0,0.8759845618028034,1.1347569353967184
886980,3778.134835723066,9999.387096774102,0.0,0.8738707554663051,1.1347573992301092
887040,3778.033469188411,9999.387096774102,0.0,0.874643525425921,1.1347575746470075
887100,3777.8687869943556,9999.387096774102,0.0,0.8754465897026563,1.1347578409000236
887160,3777.8146637356404,9999.387096774102,0.0,0.8757113488854044,1.134758027912988
887220,3777.637235443466,9999.387096774102,0.0,0.8765438799290014,1.134758250300355
887280,3777.926210842535,9999.387096774102,0.0,0.8749106964036476,1.1347585990583
887340,3777.957343631104,9999.387096774102,0.0,0.874442369654241,1.1347588624045322
887400,3777.8706274636297,9999.387096774102,0.0,0.8750602200421329,1.1347590884547452
887460,3777.730638394294,9999.387096774102,0.0,0.8757615393873547,1.1347591893020665
887520,3777.5972562899387,9999.387096774102,0.0,0.8764339603667418,1.1347594061940425
887580,3778.1004106874443,9999.387096774102,0.0,0.8746939165189723,1.1347592675820235
887640,3778.0508225226918,9999.387096774102,0.0,0.8748161982095575,1.1347588404031173
887700,3778.0401291515163,9999.387096774102,0.0,0.8750882713160482,1.1347586710873558
887760,3778.083972899054,9999.387096774102,0.0,0.8756970575021751,1.134758005264436
887820,3778.0150345173192,9999.387096774102,0.0,0.8760853277206939,1.134757227763223
887880,3778.212083420911,9999.387096774102,0.0,0.8745259918190802,1.1347569362210026
887940,3778.149266857524,9999.387096774102,0.0,0.8750701480598623,1.1347565647566684
888000,3778.207555225579,9999.387096774102,0.0,0.8744687943442854,1.1347565471891279
888060,3778.050817434291,9999.387096774102,0.0,0.875339237658191,1.1347564255015958
888120,3777.7621744163494,9999.387096774102,0.0,0.8768046627372905,1.13475644487373
888180,3777.9849399230943,9999.387096774102,0.0,0.8754139163720821,1.134756649538894
888240,3777.9972611712565,9999.387096774102,0.0,0.874973804934496,1.1347568689182992
888300,3778.1169561841557,9999.387096774102,0.0,0.8744532564436259,1.1347571672984476
888360,3777.932830081109,9999.387096774102,0.0,0.8752465402584693,1.1347572940602675
888420,3777.7611593293486,9999.387096774102,0.0,0.8759756336966387,1.1347575338955982
888480,3777.7803167059633,9999.387096774102,0.0,0.8759740581977945,1.1347577200732817
888540,3778.0869111971606,9999.387096774102,0.0,0.8738839477855935,1.1347581716401907
888600,3777.994025506524,9999.387096774102,0.0,0.8746177098959279,1.134758332429247
888660,3777.8233278589746,9999.387096774102,0.0,0.8754739333654961,1.1347585668941051
888720,3777.7720897990835,9999.387096774102,0.0,0.8757373640220146,1.1347587247255917
888780,3777.608814627151,9999.387096774102,0.0,0.8765021085370834,1.1347589161029359
888840,3778.222610803703,9999.387096774102,0.0,0.8734526443778333,1.134759244386699
888900,3778.164093967464,9999.387096774102,0.0,0.8745589905133571,1.1347587522073
888960,3778.0372613402237,9999.387096774102,0.0,0.8749456308343802,1.134758430808574
889020,3777.8072589631065,9999.387096774102,0.0,0.8766423809796426,1.134758087740359
889080,3778.129554007941,9999.387096774102,0.0,0.8757246300697109,1.1347573041806338
889140,3778.057468389065,9999.387096774102,0.0,0.8757450995736682,1.1347567491520252
889200,3778.3504788702353,9999.387096774102,0.0,0.8742437298673025,1.1347565015391063
889260,3778.1901340437744,9999.387096774102,0.0,0.8747377799347039,1.1347562163559444
889320,3777.965870717356,9999.387096774102,0.0,0.8758095055329516,1.1347561262301809
889380,3777.920926518987,9999.387096774102,0.0,0.8760465314315309,1.1347560837515456
889440,3778.0997276120943,9999.387096774102,0.0,0.8745771860086746,1.1347563597653385
889500,3778.0576556942015,9999.387096774102,0.0,0.8749907541904837,1.1347564656619338
889560,3778.0979811666043,9999.387096774102,0.0,0.8745525877571473,1.1347567810340282
889620,3777.952983833166,9999.387096774102,0.0,0.8753846194478446,1.1347569079333861
889680,3777.681782606333,9999.387096774102,0.0,0.8767716363934741,1.134757103773702
889740,3777.9081179938,9999.387096774102,0.0,0.8753943985517361,1.1347574313281068
889800,3777.936662226872,9999.387096774102,0.0,0.8748955852764179,1.1347577336548538
889860,3778.041593688802,9999.387096774102,0.0,0.8744814920661368,1.1347580709380867
889920,3777.861061635361,9999.387096774102,0.0,0.8752923012244426,1.1347582186980423
889980,3777.699486862939,9999.387096774102,0.0,0.8759895113806196,1.1347584618988364
890040,3777.7261833622615,9999.387096774102,0.0,0.8759585899115305,1.134758640943978
890100,3778.0351264086353,9999.387096774102,0.0,0.873891169098232,1.1347590678606243
890160,3777.9495032081263,9999.387096774102,0.0,0.8745939601100428,1.1347592027885884
890220,3777.7720893371234,9999.387096774102,0.0,0.8755090386354994,1.134759395543939
890280,3777.7456012364873,9999.387096774102,0.0,0.8761774261338321,1.134759347820226
890340,3777.9018139501827,9999.387096774102,0.0,0.8758471545214388,1.1347588785829827
890400,3778.000891889266,9999.387096774102,0.0,0.8748607870741953,1.1347587140208368
890460,3778.3924342771447,9999.387096774102,0.0,0.8738171937280691,1.1347584662526207
890520,3778.237504954629,9999.387096774102,0.0,0.8749440617086558,1.1347575452448564
890580,3777.9126806034,9999.387096774102,0.0,0.8766429853266416,1.134756960409944
890640,3778.0603609203317,9999.387096774102,0.0,0.8756731276033836,1.1347566234716957
890700,3777.9799321989008,9999.387096774102,0.0,0.875772527581908,1.134756443757032
890760,3778.2608930302827,9999.387096774102,0.0,0.8742448197881332,1.134756532565921
890820,3778.1048119116335,9999.387096774102,0.0,0.8747616657899361,1.1347565148419696
890880,3777.886709561092,9999.387096774102,0.0,0.8758411080385923,1.1347566090626182
890940,3777.8501357979617,9999.387096774102,0.0,0.8760590476660787,1.1347566930726822
891000,3778.03621318451,9999.387096774102,0.0,0.8745820115680654,1.1347570518774048
891060,3778.00618885046,9999.387096774102,0.0,0.8749361431788197,1.134757217145825
891120,3778.0338550866095,9999.387096774102,0.0,0.8746013368291876,1.1347575515801887
891180,3777.8942362610364,9999.387096774102,0.0,0.8754175335008149,1.1347576897991491
891240,3777.636241739528,9999.387096774102,0.0,0.8767440618352583,1.1347578825096447
891300,3777.8642426907595,9999.387096774102,0.0,0.8753821878084981,1.134758194932467
891360,3777.904290669625,9999.387096774102,0.0,0.8748429154272453,1.134758476248063
891420,3777.9993353054056,9999.387096774102,0.0,0.8744984254854251,1.1347587791298164
891480,3777.8208928786826,9999.387096774102,0.0,0.875323276818587,1.1347588938631006
891540,3777.5515190061633,9999.387096774102,0.0,0.8769240106411332,1.13475906721135
891600,3778.0209556363548,9999.387096774102,0.0,0.8752529093233179,1.1347588701915914
891660,3777.983501563994,9999.387096774102,0.0,0.8753122271093201,1.134758462331707
891720,3778.239953235578,9999.387096774102,0.0,0.8740242848129938,1.1347584000343882
891780,3778.194943768285,9999.387096774102,0.0,0.875296253854081,1.1347576718376582
891840,3778.0665060036686,9999.387096774102,0.0,0.8758936705209532,1.1347568903993244
891900,3778.1053280629512,9999.387096774102,0.0,0.8752406243392287,1.1347565431725246
891960,3778.0941573799387,9999.387096774102,0.0,0.8754795391265326,1.134756197526247
892020,3778.3332445038272,9999.387096774102,0.0,0.8737558341520176,1.134756276983734
892080,3778.1297137276415,9999.387096774102,0.0,0.8749806054029856,1.1347561526694754
892140,3777.818779167299,9999.387096774102,0.0,0.8765873664526203,1.134756186657949
892200,3777.9495201602417,9999.387096774102,0.0,0.875689563390535,1.134756359113044
892260,3777.8989220341878,9999.387096774102,0.0,0.8756490448423602,1.1347565768054608
892320,3778.171502169676,9999.387096774102,0.0,0.8742283051994106,1.1347569388121665
892380,3778.014362099642,9999.387096774102,0.0,0.8747967508724169,1.134757114254761
892440,3777.8006737109285,9999.387096774102,0.0,0.8758737976993131,1.1347573461138418
892500,3777.7713604325104,9999.387096774102,0.0,0.8760738653800642,1.1347575274242476
892560,3777.9684119441195,9999.387096774102,0.0,0.8745749775496265,1.1347579441767417
892620,3777.949999296844,9999.387096774102,0.0,0.8748761705057444,1.1347581450863797
892680,3777.9628518647423,9999.387096774102,0.0,0.874657808493861,1.134758477911999
892740,3777.829015668708,9999.387096774102,0.0,0.8754560773448786,1.1347586121303421
892800,3777.585871701668,9999.387096774102,0.0,0.8767144203611786,1.1347587889528703
892860,3777.8164869519946,9999.387096774102,0.0,0.8753642831539147,1.1347590753776873
892920,3777.8685547088644,9999.387096774102,0.0,0.8747842014908062,1.1347593259206028
892980,3778.006881572521,9999.387096774102,0.0,0.8745956833070978,1.1347595688930991
893040,3777.9952773823425,9999.387096774102,0.0,0.8753612360374263,1.1347590977289608
893100,3777.793120684029,9999.387096774102,0.0,0.8763380406357503,1.1347586729935644
893160,3778.046873101211,9999.387096774102,0.0,0.8748566651109922,1.1347585463915484
893220,3778.2906350822345,9999.387096774102,0.0,0.8747335347501498,1.1347578355610555
893280,3778.2655158320954,9999.387096774102,0.0,0.8744391307243832,1.1347572360064027
893340,3778.101420261729,9999.387096774102,0.0,0.8753886917529947,1.134756813162891
893400,3777.999006422557,9999.387096774102,0.0,0.8758517391833958,1.134756459923405
893460,3778.014750506328,9999.387096774102,0.0,0.8752943646589213,1.1347564525374176
893520,3778.0178338502933,9999.387096774102,0.0,0.8754246125272386,1.1347564140077238
893580,3778.2489016774475,9999.387096774102,0.0,0.8738122351374714,1.1347566999624021
893640,3778.0545657386206,9999.387096774102,0.0,0.8750065293322108,1.1347567213215384
893700,3777.752073129707,9999.387096774102,0.0,0.87658266366763,1.1347568512324817
893760,3777.885411561945,9999.387096774102,0.0,0.875695373139492,1.1347570888609644
893820,3777.852753624832,9999.387096774102,0.0,0.8755752380459049,1.134757347807952
893880,3778.1180946253744,9999.387096774102,0.0,0.8742208252145754,1.1347577215396034
893940,3777.9611928197464,9999.387096774102,0.0,0.874820951765369,1.1347578944393095
894000,3777.7511574825394,9999.387096774102,0.0,0.8758956895757624,1.1347581128372781
894060,3777.726605543733,9999.387096774102,0.0,0.876082903618706,1.134758275963601
894120,3777.9294023567604,9999.387096774102,0.0,0.8745801705221281,1.1347586644948127
894180,3777.9208782349115,9999.387096774102,0.0,0.8748320917641005,1.134758838818536
894240,3777.924028571715,9999.387096774102,0.0,0.8746907643667833,1.1347591294937693
894300,3777.808576373927,9999.387096774102,0.0,0.8760628402783982,1.134759023460414
894360,3777.9142383912526,9999.387096774102,0.0,0.8758856529724743,1.134758531244836
894420,3777.8748048201896,9999.387096774102,0.0,0.875763214016191,1.1347583310438725
894480,3778.5146355426227,9999.387096774102,0.0,0.8733156215739887,1.1347581227200396
894540,3778.2972085810707,9999.387096774102,0.0,0.8747094076354848,1.1347571994090193
894600,3778.033977047432,9999.387096774102,0.0,0.8760575731294007,1.1347566579410946
894660,3778.073107305468,9999.387096774102,0.0,0.8757109855560575,1.1347562814372028
894720,3777.9013419170997,9999.387096774102,0.0,0.876392095896529,1.1347560874979825
894780,3778.207841586178,9999.387096774102,0.0,0.8746067760269143,1.1347561857194726
894840,3778.157707173114,9999.387096774102,0.0,0.8744947914022735,1.1347562485822087
894900,3777.986838762654,9999.387096774102,0.0,0.8754344768095214,1.1347563703993606
894960,3777.886317611063,9999.387096774102,0.0,0.8759114408819095,1.1347564527883354
895020,3777.925564654,9999.387096774102,0.0,0.875276783473362,1.1347567661741838
895080,3777.9401206668745,9999.387096774102,0.0,0.8753640644941256,1.1347569566998015
895140,3778.1565418627124,9999.387096774102,0.0,0.8738780946911705,1.1347573903190509
895200,3777.9703267172995,9999.387096774102,0.0,0.875039626892896,1.1347575246406783
895260,3777.6773628358715,9999.387096774102,0.0,0.8765837697454568,1.134757724222385
895320,3777.8160778239217,9999.387096774102,0.0,0.8756971722621251,1.134758003054524
895380,3777.8022140561484,9999.387096774102,0.0,0.8754950227212945,1.1347582823509463
895440,3778.0586433155677,9999.387096774102,0.0,0.8742159249846889,1.1347586503593186
895500,3777.9016569591918,9999.387096774102,0.0,0.8748522297094545,1.1347588064478078
895560,3777.6961041474015,9999.387096774102,0.0,0.8759204125158413,1.134758999564915
895620,3777.677422997319,9999.387096774102,0.0,0.876090261357795,1.1347591346869117
895680,3777.866323427775,9999.387096774102,0.0,0.8747368478064701,1.1347594810871573
895740,3778.2595159484017,9999.387096774102,0.0,0.8738451416383886,1.1347594036882236
895800,3778.0768901983497,9999.387096774102,0.0,0.8747440836044779,1.1347588820530699
895860,3777.7492506069584,9999.387096774102,0.0,0.8767232945409746,1.1347585874338018
895920,3778.0723732894344,9999.387096774102,0.0,0.8756376635487264,1.1347580809074258
895980,3778.0577898209767,9999.387096774102,0.0,0.8758591805573169,1.1347572971473994
896040,3778.424220816906,9999.387096774102,0.0,0.8734059968982527,1.134757069382659
896100,3778.2216464147277,9999.387096774102,0.0,0.874724471277299,1.1347566253001142
896160,3777.962907252541,9999.387096774102,0.0,0.8760006856923102,1.1347564446895027
896220,3777.978783438972,9999.387096774102,0.0,0.8757489959558369,1.1347563901465223
896280,3777.833528664179,9999.387096774102,0.0,0.8763011099036518,1.1347564496690836
896340,3778.1423481226075,9999.387096774102,0.0,0.8745655155024649,1.1347567127965303
896400,3778.0916958066055,9999.387096774102,0.0,0.8744943859639576,1.1347568837887232
896460,3777.917259317099,9999.387096774102,0.0,0.8754686514043062,1.1347570766098793
896520,3777.821437087794,9999.387096774102,0.0,0.8759435577933354,1.1347572070694043
896580,3777.871885719279,9999.387096774102,0.0,0.8752777273976385,1.1347575440582023
896640,3777.896182146201,9999.387096774102,0.0,0.8753182674426995,1.1347577444510992
896700,3778.102579434974,9999.387096774102,0.0,0.8739215818309747,1.13475816180077
896760,3777.9216060703047,9999.387096774102,0.0,0.8750626618528099,1.1347582807083427
896820,3777.636339676324,9999.387096774102,0.0,0.8765773854230623,1.1347584551378584
896880,3777.7769882045495,9999.387096774102,0.0,0.8757005979155978,1.1347587045893754
896940,3777.7766952634047,9999.387096774102,0.0,0.8754396810287559,1.13475895328339
897000,3778.2060214325256,9999.387096774102,0.0,0.8735982735548874,1.1347592897752348
897060,3778.098145393055,9999.387096774102,0.0,0.8749337024065433,1.1347587788981541
897120,3777.865940285214,9999.387096774102,0.0,0.8760171774830199,1.1347583665976886
897180,3777.905757739786,9999.387096774102,0.0,0.8758344667897164,1.1347581555834942
897240,3778.229120706385,9999.387096774102,0.0,0.875188483603232,1.1347574274215493
897300,3778.256088301319,9999.387096774102,0.0,0.8745640794823694,1.134756872153541
897360,3778.236571742452,9999.387096774102,0.0,0.8748232229393151,1.1347565101204165
897420,3778.072083129835,9999.387096774102,0.0,0.8755060567948307,1.1347561634455616
897480,3777.9521491180108,9999.387096774102,0.0,0.8757725771677288,1.1347561148112695
897540,3777.967841370659,9999.387096774102,0.0,0.8757976327498959,1.1347560896461253
897600,3778.3022052662773,9999.387096774102,0.0,0.8735071917046593,1.1347564345569718
897660,3778.1165463040256,9999.387096774102,0.0,0.8747194757200614,1.1347564784384605
897720,3777.854696499027,9999.387096774102,0.0,0.8760566130207353,1.1347566495211898
897780,3777.8835922415897,9999.387096774102,0.0,0.8757745100189408,1.1347568524139222
897840,3777.761353031424,9999.387096774102,0.0,0.876219327800369,1.134757097198446
897900,3778.0689940378197,9999.387096774102,0.0,0.8745242319870928,1.1347574858157463
897960,3778.0182021897613,9999.387096774102,0.0,0.87449562544349,1.134757737056969
898020,3777.8403056777947,9999.387096774102,0.0,0.875509006854967,1.1347579751865773
898080,3777.7506963433434,9999.387096774102,0.0,0.8759764524369078,1.1347581316615587
898140,3777.8136860954664,9999.387096774102,0.0,0.8752726521624274,1.134758474236263
898200,3777.8482486153694,9999.387096774102,0.0,0.875264524740295,1.1347586700447856
898260,3778.0425653613665,9999.387096774102,0.0,0.873971628134022,1.134759057342855
898320,3777.8669449366034,9999.387096774102,0.0,0.8750922384895576,1.1347591500007808
898380,3777.590465054485,9999.387096774102,0.0,0.8765728107559153,1.1347592899759869
898440,3777.883086359702,9999.387096774102,0.0,0.8752549602774867,1.1347594185609602
898500,3778.0049680267134,9999.387096774102,0.0,0.8752818852972041,1.1347589643045743
898560,3778.1489149512727,9999.387096774102,0.0,0.8740612313555971,1.1347587948179567
898620,3778.0302389254807,9999.387096774102,0.0,0.8756054231881758,1.134758429524741
898680,3778.131878563134,9999.387096774102,0.0,0.8755655940091174,1.134757565757492
898740,3777.876466558386,9999.387096774102,0.0,0.8767874133805019,1.1347569758466811
898800,3778.171902614881,9999.387096774102,0.0,0.8750694661226154,1.1347567069746232
898860,3778.168823527981,9999.387096774102,0.0,0.8746505844300417,1.1347565283963226
898920,3778.142860440621,9999.387096774102,0.0,0.874859120648174,1.1347565053171533
898980,3777.9788436294803,9999.387096774102,0.0,0.8755693271104462,1.1347564357826483
899040,3777.8786365253086,9999.387096774102,0.0,0.8757736240231985,1.134756584170496
899100,3777.903851119511,9999.387096774102,0.0,0.8757660844366566,1.1347566918788397
899160,3778.2322358275737,9999.387096774102,0.0,0.8735467600193861,1.1347571174091469
899220,3778.0551364172884,9999.387096774102,0.0,0.8747196427122106,1.1347572215091672
899280,3777.7933315344762,9999.387096774102,0.0,0.8760778275214148,1.1347574195318084
899340,3777.8264611116533,9999.387096774102,0.0,0.8757949051905156,1.1347576347976296
899400,3777.7214324817623,9999.387096774102,0.0,0.8761588661092408,1.1347578795817774
899460,3778.0275892588897,9999.387096774102,0.0,0.8744964781926104,1.1347582524415518
899520,3777.9770086194053,9999.387096774102,0.0,0.8744967425281358,1.1347584790114351
899580,3777.79727260699,9999.387096774102,0.0,0.8755338915992656,1.134758685572458
899640,3777.7111028270187,9999.387096774102,0.0,0.8759989246015399,1.1347588111623748
899700,3777.7228324336334,9999.387096774102,0.0,0.8757269415174699,1.1347591030080706
899760,3778.219737356431,9999.387096774102,0.0,0.8741715313870685,1.1347590120484485
899820,3778.1117268123194,9999.387096774102,0.0,0.8746197275799279,1.1347585482309175
899880,3777.90631612533,9999.387096774102,0.0,0.8759734155343849,1.134758309364299
899940,3778.075206977911,9999.387096774102,0.0,0.875807402037951,1.1347577102401327
900000,3778.0424048365494,9999.387096774102,0.0,0.8760691180531891,1.134756925336896
900060,3778.356631294326,9999.387096774102,0.0,0.8738479546712881,1.1347566791228694
900120,3778.2223479327326,9999.387096774102,0.0,0.8747942461620696,1.1347562794659545
900180,3778.109788414083,9999.387096774102,0.0,0.8752055061500116,1.1347561860188724
900240,3778.0235325116646,9999.387096774102,0.0,0.8755919174344551,1.1347561011032898
900300,3777.7865778346686,9999.387096774102,0.0,0.8767211076994498,1.1347561465148137
900360,3778.067638151648,9999.387096774102,0.0,0.87504406237919,1.134756398630696
900420,3778.0837156186108,9999.387096774102,0.0,0.874564928211677,1.1347566261983508
900480,3778.0410167083332,9999.387096774102,0.0,0.874908430712349,1.1347568814844164
900540,3777.8844982579835,9999.387096774102,0.0,0.8756199611572065,1.1347570170448702
900600,3777.798270266963,9999.387096774102,0.0,0.8757776201179355,1.1347573114370775
900660,3777.8332307567634,9999.387096774102,0.0,0.8757282481897577,1.13475752251472
900720,3778.1564583484706,9999.387096774102,0.0,0.8735837078023245,1.1347580025359973
900780,3777.9868725043225,9999.387096774102,0.0,0.8747259990585814,1.1347581423399236
900840,3777.7256466947697,9999.387096774102,0.0,0.8761032458209995,1.1347583472978298
900900,3777.763760358748,9999.387096774102,0.0,0.8758155532374807,1.134758559492226
900960,3777.6777060756604,9999.387096774102,0.0,0.8760904644913141,1.1347587913957011
901020,3777.9823098379566,9999.387096774102,0.0,0.8744632023126651,1.1347591370524102
901080,3777.930535075711,9999.387096774102,0.0,0.8745026774756366,1.1347593281826547
901140,3777.664050983053,9999.387096774102,0.0,0.876410768803774,1.1347594564848489
901200,3777.911400624671,9999.387096774102,0.0,0.87577228800016,1.1347591092630942
901260,3777.813296300934,9999.387096774102,0.0,0.876206382522825,1.1347586974760555
901320,3778.3529491693903,9999.387096774102,0.0,0.8731412875215477,1.134758709638117
901380,3778.3599054097804,9999.387096774102,0.0,0.87437804920909,1.134757965791247
901440,3778.1693996521994,9999.387096774102,0.0,0.875095716848373,1.1347572318164296
901500,3777.979402478938,9999.387096774102,0.0,0.8759235733705748,1.1347567988042944
901560,3777.9790413116034,9999.387096774102,0.0,0.876004922534447,1.134756458655131
901620,3778.2561016088994,9999.387096774102,0.0,0.8739519136476529,1.1347565509121171
901680,3778.1474467419116,9999.387096774102,0.0,0.8747313855994442,1.1347564702432478
901740,3778.020490482469,9999.387096774102,0.0,0.8752732864364914,1.13475658961948
901800,3777.9459959228407,9999.387096774102,0.0,0.875626744144102,1.1347566566715328
901860,3777.727197711715,9999.387096774102,0.0,0.876669708103703,1.1347568061283315
901920,3778.008712083498,9999.387096774102,0.0,0.8750175778310685,1.134757125324063
901980,3778.0337833409576,9999.387096774102,0.0,0.8745223498027808,1.13475739372575
902040,3777.9808767351974,9999.387096774102,0.0,0.8749390650011724,1.1347576599840985
902100,3777.828239271866,9999.387096774102,0.0,0.8756567005734068,1.1347577971974623
902160,3777.751798422478,9999.387096774102,0.0,0.875784520991689,1.1347580810768854
902220,3777.7943339907374,9999.387096774102,0.0,0.8756995932279208,1.1347582763811057
902280,3778.1128536891624,9999.387096774102,0.0,0.8736134837583809,1.1347587243275927
902340,3777.9490429177135,9999.387096774102,0.0,0.8747297534975093,1.1347588358016474
902400,3777.6893082325505,9999.387096774102,0.0,0.876113340457395,1.1347590037643607
902460,3777.797032167856,9999.387096774102,0.0,0.875911840584736,1.1347590436762487
902520,3777.9589068478635,9999.387096774102,0.0,0.8756520890812818,1.134758585966863
902580,3778.124605182498,9999.387096774102,0.0,0.8742548338836816,1.1347584437353604
902640,3778.254080673429,9999.387096774102,0.0,0.8746215365859574,1.1347581396362718
902700,3778.2107372925802,9999.387096774102,0.0,0.8752403777800957,1.1347572288447147
902760,3777.8898490779775,9999.387096774102,0.0,0.8768847329784694,1.134756629701814
902820,3778.119431363558,9999.387096774102,0.0,0.8754630529210969,1.1347563315243978
902880,3778.091477055656,9999.387096774102,0.0,0.875203251059041,1.134756167319053
902940,3778.2549966210286,9999.387096774102,0.0,0.8743725262470071,1.134756226998887
903000,3778.06447314149,9999.387096774102,0.0,0.8751273670885243,1.1347561838962847
903060,3777.8706146379513,9999.387096774102,0.0,0.8759525925593845,1.1347563061853845
903120,3777.8744012099837,9999.387096774102,0.0,0.8760085093206333,1.134756417158022
903180,3778.166067396332,9999.387096774102,0.0,0.8739378588162867,1.1347568377505146
903240,3778.0681981775797,9999.387096774102,0.0,0.8746814739699739,1.134756993198727
903300,3777.9275747451165,9999.387096774102,0.0,0.8753295286789112,1.134757266012119
903360,3777.8597473875866,9999.387096774102,0.0,0.8756668084068544,1.1347574499558692
903420,3777.6615054646004,9999.387096774102,0.0,0.8766127836180436,1.1347576774802937
903480,3777.9452253649442,9999.387096774102,0.0,0.8749833638294989,1.1347580391696785
903540,3777.978127820222,9999.387096774102,0.0,0.8744816045108649,1.1347583262700682
903600,3777.9138666192707,9999.387096774102,0.0,0.8749766973121422,1.1347585856979743
903660,3777.765813150224,9999.387096774102,0.0,0.8756986412227723,1.1347587106355888
903720,3777.7010207689214,9999.387096774102,0.0,0.8757873735197563,1.134758972342805
903780,3777.751935903991,9999.387096774102,0.0,0.8756638010767402,1.1347591418522902
903840,3778.0647001975785,9999.387096774102,0.0,0.8736447227199174,1.134759547962815
903900,3778.051737904849,9999.387096774102,0.0,0.8748578711018208,1.1347593972779062
903960,3777.9668726834693,9999.387096774102,0.0,0.8754307373665671,1.1347588596633635
904020,3777.67516712122,9999.387096774102,0.0,0.8769976955784662,1.1347585727537033
904080,3778.2692415408947,9999.387096774102,0.0,0.8745102142449273,1.1347582408704608
904140,3778.1891052173423,9999.387096774102,0.0,0.8751256307830764,1.134757415714192
904200,3778.2867450128138,9999.387096774102,0.0,0.8743600881769117,1.1347570586830964
904260,3778.130439105415,9999.387096774102,0.0,0.8752681577871917,1.1347566115501184
904320,3777.825966782934,9999.387096774102,0.0,0.8768044676891118,1.134756383358896
904380,3778.030362889636,9999.387096774102,0.0,0.8754672353715102,1.134756412443714
904440,3778.028841264842,9999.387096774102,0.0,0.8750879959964462,1.1347565104704356
904500,3778.177841853606,9999.387096774102,0.0,0.8743918881885476,1.1347567351609176
904560,3777.9908256607723,9999.387096774102,0.0,0.8751665255020441,1.1347568067743083
904620,3777.8048231876132,9999.387096774102,0.0,0.8759703580480428,1.1347570072219257
904680,3777.8151343147156,9999.387096774102,0.0,0.8760022409809453,1.134757170879559
904740,3778.110501245821,9999.387096774102,0.0,0.8739477611204844,1.1347576141534355
904800,3778.022497054812,9999.387096774102,0.0,0.8746468378805361,1.134757780672506
904860,3777.873636593967,9999.387096774102,0.0,0.8753628691749673,1.1347580390399903
904920,3777.809458310551,9999.387096774102,0.0,0.8756956214155779,1.1347582075964466
904980,3777.626226830583,9999.387096774102,0.0,0.8765699282250216,1.1347584138032123
905040,3777.9101705346034,9999.387096774102,0.0,0.8749616638516331,1.1347587455800479
905100,3777.948945231163,9999.387096774102,0.0,0.8744541450965905,1.134758999885037
905160,3777.8534201806833,9999.387096774102,0.0,0.8755307294347489,1.134759188407346
905220,3777.962945935022,9999.387096774102,0.0,0.8756357183591039,1.1347587710529312
905280,3777.803064131997,9999.387096774102,0.0,0.8763966679190517,1.1347583516397082
905340,3778.231390348096,9999.387096774102,0.0,0.8739040534004069,1.1347583074189638
905400,3778.382110781089,9999.387096774102,0.0,0.8743853539892732,1.134757586721642
905460,3778.2575694441543,9999.387096774102,0.0,0.8746590591383542,1.134756914097702
905520,3778.0431654461463,9999.387096774102,0.0,0.8757550967391216,1.1347564743219458
905580,3777.9953685852834,9999.387096774102,0.0,0.8760046446134637,1.134756132226354
905640,3778.1401765329847,9999.387096774102,0.0,0.8746807054176545,1.1347561835122961
905700,3778.0980257621327,9999.387096774102,0.0,0.8750755003608434,1.1347561407955198
905760,3778.171367339365,9999.387096774102,0.0,0.8744205304287499,1.1347563687963007
905820,3778.0146240389263,9999.387096774102,0.0,0.8753191414979479,1.134756416616406
905880,3777.7277857261183,9999.387096774102,0.0,0.8767855985144685,1.1347565613241926
905940,3777.942643189612,9999.387096774102,0.0,0.8754463589916716,1.1347568558071344
906000,3777.957898564019,9999.387096774102,0.0,0.8750066112511365,1.1347571435326769
906060,3778.091615053135,9999.387096774102,0.0,0.8744188980674992,1.1347574917259031
906120,3777.908266378227,9999.387096774102,0.0,0.8752148791501769,1.134757649849479
906180,3777.7327788928924,9999.387096774102,0.0,0.8759871500188544,1.1347579035647668
906240,3777.7510585367136,9999.387096774102,0.0,0.8759904174063944,1.1347580975052076
906300,3778.0503164161373,9999.387096774102,0.0,0.8739525614464978,1.134758544612071
906360,3777.97112097113,9999.387096774102,0.0,0.8746138799814467,1.1347587066921767
906420,3777.813277969144,9999.387096774102,0.0,0.8754042420065418,1.134758937156776
906480,3777.7537402025855,9999.387096774102,0.0,0.8757277549284409,1.1347590797158569
906540,3777.5873038354666,9999.387096774102,0.0,0.8765216943956196,1.1347592554785653
906600,3778.183427961628,9999.387096774102,0.0,0.873558589314438,1.1347595610378427
906660,3778.1403163331493,9999.387096774102,0.0,0.8745679622494514,1.134759074417355
906720,3778.02591137637,9999.387096774102,0.0,0.8748931626643829,1.1347587559512984
906780,3777.7931988765936,9999.387096774102,0.0,0.8766252449710934,1.1347584037012062
906840,3778.103186588173,9999.387096774102,0.0,0.8757402018832348,1.1347576234646826
906900,3778.027520865404,9999.387096774102,0.0,0.8757965844245509,1.1347570706334402
906960,3778.326743045439,9999.387096774102,0.0,0.8742585818119419,1.134756821660803
907020,3778.1760273745167,9999.387096774102,0.0,0.8747063875883667,1.1347565366391048
907080,3777.954518874226,9999.387096774102,0.0,0.8757844737798652,1.1347564370569145
907140,3777.9046907796155,9999.387096774102,0.0,0.876044358796799,1.1347563821743714
907200,3778.0697876401296,9999.387096774102,0.0,0.8746633140886432,1.134756638381857
907260,3778.038125932637,9999.387096774102,0.0,0.8750192897836259,1.134756734202673
907320,3778.097442534789,9999.387096774102,0.0,0.8744742671810767,1.1347570426124074
907380,3777.9463542616063,9999.387096774102,0.0,0.8753541470484719,1.134757152276055
907440,3777.673010641849,9999.387096774102,0.0,0.8767605156405294,1.1347573321362925
907500,3777.8905710659233,9999.387096774102,0.0,0.8754349776941429,1.134757639940012
907560,3777.9188535994012,9999.387096774102,0.0,0.8749471016518787,1.1347579277492161
907620,3778.0419518146678,9999.387096774102,0.0,0.8744356377868778,1.1347582565358592
907680,3777.860873197263,9999.387096774102,0.0,0.8752477796892614,1.1347583922836557
907740,3777.6923908784997,9999.387096774102,0.0,0.8760005621178651,1.1347586178703353
907800,3777.716171622135,9999.387096774102,0.0,0.8759811747705565,1.134758782910067
907860,3778.014730085552,9999.387096774102,0.0,0.8739783217084001,1.1347591917403603
907920,3778.219417324436,9999.387096774102,0.0,0.8741467239699806,1.1347590908895862
907980,3778.052006556203,9999.387096774102,0.0,0.8750342257729972,1.1347585490683434
908040,3777.698861082188,9999.387096774102,0.0,0.8770713108241627,1.1347582498982194
908100,3778.168496948737,9999.387096774102,0.0,0.8752037381160839,1.1347578270325527
908160,3778.1340271795048,9999.387096774102,0.0,0.8755582328465558,1.1347570211859013
908220,3778.4193810068164,9999.387096774102,0.0,0.8736273553617996,1.134756755199357
908280,3778.209070830084,9999.387096774102,0.0,0.8749261178119928,1.1347563010240636
908340,3777.895838543208,9999.387096774102,0.0,0.8765169027090793,1.1347560929614238
908400,3778.00417677798,9999.387096774102,0.0,0.8757051505764132,1.134756088701213
908460,3777.9317235587996,9999.387096774102,0.0,0.8757780323028944,1.1347561820735899
908520,3778.2192412359345,9999.387096774102,0.0,0.8742478003805765,1.1347564638287637
908580,3778.070950874372,9999.387096774102,0.0,0.8747349420882325,1.1347565903369685
908640,3777.854882138336,9999.387096774102,0.0,0.8758237520946742,1.1347567881819016
908700,3777.8147596383096,9999.387096774102,0.0,0.876061793705459,1.1347569483211726
908760,3777.991018505062,9999.387096774102,0.0,0.8746574923847519,1.1347573545394825
908820,3777.9719865817383,9999.387096774102,0.0,0.8749545171184305,1.1347575590114836
908880,3778.0153807190554,9999.387096774102,0.0,0.8745377471572658,1.1347579204575766
908940,3777.87124558331,9999.387096774102,0.0,0.8753947882079299,1.1347580679815477
909000,3777.613018385359,9999.387096774102,0.0,0.8767332027539441,1.134758262996921
909060,3777.8338791099004,9999.387096774102,0.0,0.8754183352364866,1.1347585682901464
909120,3777.8759220486454,9999.387096774102,0.0,0.8748808663702022,1.1347588427397033
909180,3777.9862706296576,9999.387096774102,0.0,0.8744583470492902,1.1347591394975374
909240,3777.8077368026993,9999.387096774102,0.0,0.8752875084443713,1.134759242728239
909300,3777.5347484981485,9999.387096774102,0.0,0.8769267553135258,1.1347593974899242
909360,3777.9898831162873,9999.387096774102,0.0,0.8753041290193291,1.1347591894758131
909420,3777.9570634534207,9999.387096774102,0.0,0.8753468304340852,1.1347587825642997
909480,3778.233849952522,9999.387096774102,0.0,0.873940012913685,1.1347587205517864
909540,3778.180517014339,9999.387096774102,0.0,0.8752544166400071,1.1347579919744373
909600,3778.0472837044836,9999.387096774102,0.0,0.8758740209286366,1.1347572165432043
909660,3778.072931982929,9999.387096774102,0.0,0.875312173445141,1.1347568626248015
909720,3778.0692906808567,9999.387096774102,0.0,0.8755083392014572,1.1347565152645658
909780,3778.321092663367,9999.387096774102,0.0,0.8737147550445841,1.1347565912745796
909840,3778.118097678798,9999.387096774102,0.0,0.8749494660131812,1.134756457020073
909900,3777.810973808049,9999.387096774102,0.0,0.8765401305893156,1.1347564799976633
909960,3777.931113752171,9999.387096774102,0.0,0.8757106172830793,1.1347566335784356
910020,3777.876704624772,9999.387096774102,0.0,0.8757043852583062,1.134756835367522
910080,3778.1576852396206,9999.387096774102,0.0,0.8742339254263308,1.1347571839840114
910140,3778.0092780256505,9999.387096774102,0.0,0.8747578328568886,1.134757350064266
910200,3777.79645392812,9999.387096774102,0.0,0.8758491359020701,1.1347575658023576
910260,3777.7615967747834,9999.387096774102,0.0,0.8760747799278693,1.1347577309455554
910320,3777.9449515286497,9999.387096774102,0.0,0.8746611146235687,1.134758126446517
910380,3777.936298321698,9999.387096774102,0.0,0.8749069407923202,1.1347583169119302
910440,3777.969027085576,9999.387096774102,0.0,0.8745759267724249,1.1347586442352315
910500,3777.8285301131395,9999.387096774102,0.0,0.8754232703845419,1.1347587627622182
910560,3777.5816161093276,9999.387096774102,0.0,0.8767093914093916,1.1347589253212471
910620,3778.0414657911465,9999.387096774102,0.0,0.8744533087435321,1.1347591547014901
910680,3778.091820933464,9999.387096774102,0.0,0.8749290768543839,1.1347586892585744
910740,3778.1328205761592,9999.387096774102,0.0,0.8743229287853672,1.1347584652686828
910800,3777.905365408824,9999.387096774102,0.0,0.8762781837824363,1.1347580929906027
910860,3778.1283445157187,9999.387096774102,0.0,0.8757232573971117,1.134757261061803
910920,3777.947372504265,9999.387096774102,0.0,0.8764512628855682,1.1347566839484142
910980,3778.2680507581777,9999.387096774102,0.0,0.8746672768191599,1.134756435829947
911040,3778.2191018923077,9999.387096774102,0.0,0.8745112767038411,1.1347562281219015
911100,3778.063372294404,9999.387096774102,0.0,0.8753443981230549,1.134756163759836
911160,3777.949215161664,9999.387096774102,0.0,0.8758597720911694,1.1347561085306566
911220,3777.9643662494454,9999.387096774102,0.0,0.8753443814390492,1.1347563183655807
911280,3777.974891275892,9999.387096774102,0.0,0.8754459997471284,1.1347564388026017
911340,3778.2162320562475,9999.387096774102,0.0,0.8737808478434997,1.1347568439557723
911400,3778.0232906956353,9999.387096774102,0.0,0.8749809533954332,1.1347569529333972
911460,3777.7249986884603,9999.387096774102,0.0,0.8765439934478244,1.1347571451083582
911520,3777.850165946138,9999.387096774102,0.0,0.8757165876982248,1.1347574194915215
911580,3777.816846377213,9999.387096774102,0.0,0.8756163669790286,1.1347577036091279
911640,3778.089969527875,9999.387096774102,0.0,0.8742211362021826,1.1347580931111612
911700,3777.940804251221,9999.387096774102,0.0,0.8747880055529041,1.1347582763664974
911760,3777.7318519257783,9999.387096774102,0.0,0.875877562659388,1.1347584924352854
911820,3777.7032618543008,9999.387096774102,0.0,0.876086646607122,1.1347586486705747
911880,3777.8952785782694,9999.387096774102,0.0,0.8746570501275404,1.1347590214865222
911940,3777.8970218283057,9999.387096774102,0.0,0.8748532017951025,1.1347591874374174
912000,3777.916830456322,9999.387096774102,0.0,0.8746226232812309,1.134759470141887
912060,3777.796566002483,9999.387096774102,0.0,0.8760310119116559,1.1347593497700261
912120,3777.8929402000954,9999.387096774102,0.0,0.875885882266249,1.1347588552026944
912180,3777.844594103421,9999.387096774102,0.0,0.8758327663376374,1.1347586461950332
912240,3778.4887497273194,9999.387096774102,0.0,0.8733308341368143,1.1347584330269334
912300,3778.2763420314045,9999.387096774102,0.0,0.8746946290297072,1.1347575226514506
912360,3778.0246590081347,9999.387096774102,0.0,0.8759829620329331,1.1347569876332266
912420,3778.052843585631,9999.387096774102,0.0,0.8757112828415354,1.134756603380418
912480,3777.87738716834,9999.387096774102,0.0,0.8764260735598396,1.1347564011632463
912540,3778.1823430780187,9999.387096774102,0.0,0.8746483939645551,1.134756487206084
912600,3778.143511105304,9999.387096774102,0.0,0.8744808152244629,1.134756544097043
912660,3777.9822501577532,9999.387096774102,0.0,0.8753858076076588,1.1347566550104904
912720,3777.875605660312,9999.387096774102,0.0,0.8758922990822892,1.1347567222478017
912780,3777.9013261074947,9999.387096774102,0.0,0.8753476326343141,1.134757014250528
912840,3777.922043089385,9999.387096774102,0.0,0.8753992532347219,1.1347571918579282
912900,3778.1534195719023,9999.387096774102,0.0,0.873828150575779,1.134757615952116
912960,3777.966768486367,9999.387096774102,0.0,0.8750033284699027,1.1347577357599476
913020,3777.6757093237084,9999.387096774102,0.0,0.8765413228841541,1.134757921500156
913080,3777.8034272957616,9999.387096774102,0.0,0.8757222228516705,1.134758180723949
913140,3777.785122373417,9999.387096774102,0.0,0.875555781547313,1.1347584445088685
913200,3778.0521098771887,9999.387096774102,0.0,0.8742136801872571,1.134758801561537
913260,3777.903000051779,9999.387096774102,0.0,0.874807936392768,1.1347589501287678
913320,3777.583471952823,9999.387096774102,0.0,0.8768812548412688,1.13475908964249
913380,3777.9497832472703,9999.387096774102,0.0,0.8756603448248047,1.134758811715576
913440,3777.8882253650663,9999.387096774102,0.0,0.8758759316244713,1.13475840674465
913500,3778.375561564171,9999.387096774102,0.0,0.8731813836859382,1.1347584214284006
913560,3778.3130929086915,9999.387096774102,0.0,0.8747270587689218,1.134757662519476
913620,3778.1301319897984,9999.387096774102,0.0,0.8754877967653207,1.1347568951872877
913680,3778.016454361747,9999.387096774102,0.0,0.8757760257655074,1.1347564925916327
913740,3778.0283059338003,9999.387096774102,0.0,0.8758441524149636,1.1347561575787743
913800,3778.3598271540327,9999.387096774102,0.0,0.8735071548142371,1.1347562820920303
913860,3778.1747033810425,9999.387096774102,0.0,0.8747038028600614,1.1347561741388217
913920,3777.9238900289847,9999.387096774102,0.0,0.8759620960007755,1.1347562451952444
913980,3777.9381994979685,9999.387096774102,0.0,0.875751844883269,1.1347563642811138
914040,3777.7915977175303,9999.387096774102,0.0,0.8763283993411513,1.1347565518095064
914100,3778.0992139473137,9999.387096774102,0.0,0.8745992295132838,1.1347569097677148
914160,3778.0600814469954,9999.387096774102,0.0,0.8744780150356497,1.1347571561708318
914220,3777.893533483113,9999.387096774102,0.0,0.8754303142203681,1.134757398250132
914280,3777.793334112962,9999.387096774102,0.0,0.8759316236493534,1.1347575590623233
914340,3777.833494738678,9999.387096774102,0.0,0.8753415893414296,1.1347579085671136
914400,3777.8648338411185,9999.387096774102,0.0,0.8753446295684209,1.1347581202002688
914460,3778.084031754122,9999.387096774102,0.0,0.873881618138265,1.1347585428718054
914520,3777.9036195113654,9999.387096774102,0.0,0.8750323892702159,1.1347586581414182
914580,3777.620856579968,9999.387096774102,0.0,0.8765410672202163,1.1347588245569538
914640,3777.752305664625,9999.387096774102,0.0,0.8757250433251341,1.1347590579414855
914700,3777.7503445350912,9999.387096774102,0.0,0.8754867969406842,1.1347592919969318
914760,3778.1970502353233,9999.387096774102,0.0,0.8735368554193698,1.1347596180078439
914820,3778.083036982228,9999.387096774102,0.0,0.8748985757770292,1.1347591050706587
914880,3777.8519289796614,9999.387096774102,0.0,0.8759805186334808,1.1347586914656107
914940,3777.872891819375,9999.387096774102,0.0,0.8759212473380243,1.134758466110759
915000,3778.1983121326384,9999.387096774102,0.0,0.8752265809765039,1.134757743507554
915060,3778.229238516974,9999.387096774102,0.0,0.8745910480102002,1.1347571945139197
915120,3778.2264885367445,9999.387096774102,0.0,0.8747715519962482,1.134756836406921
915180,3778.0579714537384,9999.387096774102,0.0,0.8754746119337649,1.1347564847713767
915240,3777.9290189390845,9999.387096774102,0.0,0.8758113962887666,1.134756422454648
915300,3777.9466729923242,9999.387096774102,0.0,0.8758232063247775,1.13475638680199
915360,3778.2828769375246,9999.387096774102,0.0,0.8735261436301612,1.1347567181278775
915420,3778.1055500548455,9999.387096774102,0.0,0.8746988946579767,1.1347567522851238
915480,3777.853264600124,9999.387096774102,0.0,0.8759854326759549,1.1347569127483794
915540,3777.871136604098,9999.387096774102,0.0,0.8757764431824513,1.1347570957208999
915600,3777.743439299584,9999.387096774102,0.0,0.8762635073017538,1.1347573232426236
915660,3778.0502440468567,9999.387096774102,0.0,0.8745684219591862,1.1347576947105025
915720,3778.0120199319927,9999.387096774102,0.0,0.8744747518171739,1.1347579378726207
915780,3777.842461631643,9999.387096774102,0.0,0.8754584369686069,1.1347581635867563
915840,3777.7461065490074,9999.387096774102,0.0,0.8759580764616163,1.1347583047589702
915900,3777.794908092144,9999.387096774102,0.0,0.8753452752051121,1.1347586269443488
915960,3777.8349492893512,9999.387096774102,0.0,0.8753043839584556,1.1347588114393399
916020,3778.0457029759777,9999.387096774102,0.0,0.873916491792227,1.1347591923902782
916080,3777.9379085371834,9999.387096774102,0.0,0.8754953482481131,1.1347590474311497
916140,3777.943625642645,9999.387096774102,0.0,0.8757006767153352,1.1347585271502596
916200,3777.745392346631,9999.387096774102,0.0,0.8766177353498954,1.1347582768525384
916260,3778.420583090318,9999.387096774102,0.0,0.8738155520606623,1.1347580176354484
916320,3778.269434524888,9999.387096774102,0.0,0.8748220420374194,1.1347571462083066
916380,3778.1850289078106,9999.387096774102,0.0,0.8751333666076715,1.1347566997145642
916440,3778.1051253406276,9999.387096774102,0.0,0.8755275806360627,1.134756280330956
916500,3777.8434579088575,9999.387096774102,0.0,0.8767840649528641,1.1347560656375273
916560,3778.1114877664945,9999.387096774102,0.0,0.8751210806832431,1.1347561376170092
916620,3778.123905796347,9999.387096774102,0.0,0.8746345742196937,1.1347562438006986
916680,3778.1096708644905,9999.387096774102,0.0,0.8748191665363793,1.134756423540895
916740,3777.944573114359,9999.387096774102,0.0,0.875543957480991,1.1347564989253456
916800,3777.8365866684453,9999.387096774102,0.0,0.8758121612051033,1.1347567502529616
916860,3777.8650200166794,9999.387096774102,0.0,0.8757869730940517,1.1347569386807936
916920,3778.196116910686,9999.387096774102,0.0,0.8735641903152996,1.1347574187145182
916980,3778.0276991230166,9999.387096774102,0.0,0.8746988809973224,1.1347575635948317
917040,3777.7740917022124,9999.387096774102,0.0,0.8760189162495127,1.1347577869087888
917100,3777.79818766145,9999.387096774102,0.0,0.8758008982387572,1.1347580099350405
917160,3777.6908725747962,9999.387096774102,0.0,0.8761920335895351,1.1347582570054642
917220,3777.9967177686253,9999.387096774102,0.0,0.8745321369556196,1.1347586254651596
917280,3777.9581220526147,9999.387096774102,0.0,0.8744758877560199,1.1347588508327662
917340,3777.7853003950463,9999.387096774102,0.0,0.8754925880211778,1.134759048076826
917400,3777.693812441934,9999.387096774102,0.0,0.8759868034944628,1.1347591597681925
917460,3777.6921243714314,9999.387096774102,0.0,0.8758098596058732,1.1347594301688924
917520,3778.1866235834054,9999.387096774102,0.0,0.8742298723133601,1.134759329418181
917580,3778.0910105466132,9999.387096774102,0.0,0.8746172299260552,1.1347588712587744
917640,3777.903539483822,9999.387096774102,0.0,0.8758737198269884,1.134758632280478
917700,3778.0519107553187,9999.387096774102,0.0,0.8758156154741769,1.134758026400004
917760,3778.017865052608,9999.387096774102,0.0,0.8760798229509956,1.134757248626008
917820,3778.3205125427917,9999.387096774102,0.0,0.8739339193710535,1.1347569964094393
917880,3778.199518466292,9999.387096774102,0.0,0.8748081792642644,1.1347565984605679
917940,3778.104423858492,9999.387096774102,0.0,0.8751240481003396,1.1347565047220587
918000,3778.0095212911256,9999.387096774102,0.0,0.8755745706938654,1.1347564057203015
918060,3777.769136855309,9999.387096774102,0.0,0.8767334047513455,1.1347564372834729
918120,3778.0445090486514,9999.387096774102,0.0,0.8750890784570415,1.134756671950859
918180,3778.065429260683,9999.387096774102,0.0,0.8745902665216213,1.1347568875590257
918240,3778.039780359737,9999.387096774102,0.0,0.8748519436724131,1.1347571336932232
918300,3777.878735284774,9999.387096774102,0.0,0.8755854068891784,1.134757254351611
918360,3777.78179132844,9999.387096774102,0.0,0.8758195874380238,1.1347575281689894
918420,3777.818060472029,9999.387096774102,0.0,0.8757597221255168,1.1347577247869918
918480,3778.145166337335,9999.387096774102,0.0,0.8735940533267712,1.134758190545536
918540,3777.9833996792013,9999.387096774102,0.0,0.8746988962493587,1.1347583202109681
918600,3777.730112308478,9999.387096774102,0.0,0.8760339678323211,1.1347585147960968
918660,3777.756695620702,9999.387096774102,0.0,0.8758196007223626,1.134758708560028
918720,3777.6641297295914,9999.387096774102,0.0,0.8761412326110746,1.1347589250948398
918780,3778.2909189744055,9999.387096774102,0.0,0.8730986881642631,1.1347592926234757
918840,3778.1639077681,9999.387096774102,0.0,0.874574953892097,1.1347587751828425
918900,3777.9606669096006,9999.387096774102,0.0,0.8754292066639171,1.1347584017822345
918960,3777.807975788004,9999.387096774102,0.0,0.8765198418085155,1.134758103289683
919020,3778.157165225208,9999.387096774102,0.0,0.8755766912216216,1.1347573478048743
919080,3778.147411327963,9999.387096774102,0.0,0.8751909631594703,1.1347568017686624
919140,3778.3372842231656,9999.387096774102,0.0,0.874314393578169,1.1347565196394456
919200,3778.1445772782413,9999.387096774102,0.0,0.875039656366585,1.134756195939708
919260,3777.933458405525,9999.387096774102,0.0,0.8759377758318678,1.1347561117819587
919320,3777.9259808364436,9999.387096774102,0.0,0.8760281025705265,1.134756078864076
919380,3778.20411230867,9999.387096774102,0.0,0.8740055429170885,1.1347563963869838
919440,3778.1065779024366,9999.387096774102,0.0,0.8747378022566168,1.1347564818493445
919500,3777.9940804408984,9999.387096774102,0.0,0.8752042111973849,1.1347567262197744
919560,3777.9117865245116,9999.387096774102,0.0,0.8756172926945059,1.1347568795174006
919620,3777.692564865671,9999.387096774102,0.0,0.8766767038309166,1.134757091716836
919680,3777.9700058323792,9999.387096774102,0.0,0.8750552400708191,1.1347574505318236
919740,3778.0014410086746,9999.387096774102,0.0,0.874536965687923,1.1347577487336935
919800,3777.962424393152,9999.387096774102,0.0,0.8748921237329955,1.1347580347211277
919860,3777.806464815258,9999.387096774102,0.0,0.8756312798941444,1.1347581785993877
919920,3777.7219789921487,9999.387096774102,0.0,0.8758236563330837,1.1347584571770348
919980,3777.7669105924247,9999.387096774102,0.0,0.8757254979279759,1.1347586478142604
920040,3778.0892775711663,9999.387096774102,0.0,0.8736242319239914,1.134759086224247
920100,3777.9334492484604,9999.387096774102,0.0,0.8747040414246362,1.1347591895754454
920160,3777.6806455855776,9999.387096774102,0.0,0.8760548242622448,1.1347593458186278
920220,3777.769709371247,9999.387096774102,0.0,0.8759642664800142,1.134759365447625
920280,3777.932946084189,9999.387096774102,0.0,0.8756774141734645,1.1347589077097815
920340,3778.0966142084694,9999.387096774102,0.0,0.8743033940617866,1.1347587598731264
920400,3778.251596947332,9999.387096774102,0.0,0.8745237684811544,1.1347584580625727
920460,3778.1923081370887,9999.387096774102,0.0,0.875212639038341,1.1347575528421807
920520,3777.8722663053713,9999.387096774102,0.0,0.8768616064231404,1.1347569563459725
920580,3778.09309064262,9999.387096774102,0.0,0.8754953937860904,1.134756650947309
920640,3778.064613971222,9999.387096774102,0.0,0.8752523975531514,1.134756480386494
920700,3778.243682126467,9999.387096774102,0.0,0.8743397371525148,1.1347565351931541
920760,3778.0546319573396,9999.387096774102,0.0,0.8750880584328365,1.1347564831198758
920820,3777.8565432276364,9999.387096774102,0.0,0.8759574877757861,1.134756589035561
920880,3777.8578937441976,9999.387096774102,0.0,0.8760227084870985,1.134756685297983
920940,3778.139049637511,9999.387096774102,0.0,0.8740182040789699,1.1347570853144495
921000,3778.053783485421,9999.387096774102,0.0,0.8746921534582627,1.1347572312231942
921060,3777.930428130867,9999.387096774102,0.0,0.8752453604516972,1.1347574962975915
921120,3777.853011305484,9999.387096774102,0.0,0.8756489697972931,1.1347576613293404
921180,3777.649618018379,9999.387096774102,0.0,0.8766331537973209,1.1347578720682887
921240,3777.9277652112714,9999.387096774102,0.0,0.8750328707025252,1.1347582156305571
921300,3777.9667195965453,9999.387096774102,0.0,0.8745015293301223,1.13475849183058
921360,3777.9190870850634,9999.387096774102,0.0,0.8749162857717505,1.1347587434942858
921420,3777.765875243527,9999.387096774102,0.0,0.8756625892884107,1.1347588552837335
921480,3777.5916759759575,9999.387096774102,0.0,0.876597035580642,1.134759071379303
921540,3778.0973899207675,9999.387096774102,0.0,0.8748306029108981,1.1347589243267744
921600,3778.0506625176786,9999.387096774102,0.0,0.8749295824111871,1.1347585031436225
921660,3778.103232158352,9999.387096774102,0.0,0.8748373667045837,1.1347583652281108
921720,3778.1247857586714,9999.387096774102,0.0,0.8756188300434955,1.1347576807603184
921780,3778.0418011349807,9999.387096774102,0.0,0.8760552759107173,1.1347568972037518
921840,3778.2021965197887,9999.387096774102,0.0,0.8746923997917668,1.1347565940099154
921900,3778.1499977775125,9999.387096774102,0.0,0.875173088167881,1.134756231690465
921960,3778.255301901453,9999.387096774102,0.0,0.874276849743795,1.1347562464190668
922020,3778.0828257916323,9999.387096774102,0.0,0.8752530105411199,1.1347561301950604
922080,3777.7813177769813,9999.387096774102,0.0,0.8767935826819065,1.1347561601143303
922140,3777.9852826182164,9999.387096774102,0.0,0.8754927093595545,1.1347563687698698
922200,3777.9843096595137,9999.387096774102,0.0,0.875128988219836,1.1347565999021016
922260,3778.146700859014,9999.387096774102,0.0,0.8743627347473313,1.1347569282147514
922320,3777.9613939023434,9999.387096774102,0.0,0.8751366453547988,1.1347570745833349
922380,3777.7729711640286,9999.387096774102,0.0,0.8759781374887999,1.1347573220559122
922440,3777.7823991569435,9999.387096774102,0.0,0.8760159133796309,1.1347575181591099
922500,3778.0696879458637,9999.387096774102,0.0,0.874019354259908,1.1347579755598596
922560,3777.995021669436,9999.387096774102,0.0,0.8746480607128091,1.1347581574278867
922620,3777.860004147434,9999.387096774102,0.0,0.8752934852568335,1.1347584229106882
922680,3777.7880720799417,9999.387096774102,0.0,0.8756844098359847,1.134758584336116
922740,3777.6023354013387,9999.387096774102,0.0,0.876584625407678,1.1347587808591373
922800,3777.8818161263025,9999.387096774102,0.0,0.875003870331542,1.1347590981045586
922860,3777.927804069602,9999.387096774102,0.0,0.874464977283204,1.134759342058671
922920,3777.853855969145,9999.387096774102,0.0,0.8754241720802013,1.1347595216143214
922980,3777.9445617176957,9999.387096774102,0.0,0.8756201758172424,1.1347590960620584
923040,3777.7826181079604,9999.387096774102,0.0,0.8763981089703204,1.1347586742127163
923100,3778.1898308016416,9999.387096774102,0.0,0.8740301630951542,1.1347586144688997
923160,3778.352564953551,9999.387096774102,0.0,0.8744131656129127,1.1347579018444547
923220,3778.2405691907466,9999.387096774102,0.0,0.8746267875226702,1.1347572412063203
923280,3778.029382194503,9999.387096774102,0.0,0.8757279498949533,1.134756800123543
923340,3777.9766636521317,9999.387096774102,0.0,0.8759996416888397,1.1347564521669589
923400,3778.1079288152187,9999.387096774102,0.0,0.8747650104155937,1.1347564883227708
923460,3778.0759476271433,9999.387096774102,0.0,0.8751040389056881,1.1347564384084
923520,3778.167711181728,9999.387096774102,0.0,0.8743457169987386,1.1347566610048718
923580,3778.005609688962,9999.387096774102,0.0,0.8752886629338494,1.1347566930488797
923640,3777.7176984557964,9999.387096774102,0.0,0.876768410861172,1.13475682269667
923700,3777.923535550492,9999.387096774102,0.0,0.8754837944049546,1.1347570973869605
923760,3777.9379356188388,9999.387096774102,0.0,0.875059607928564,1.1347573699807145
923820,3778.0889972710593,9999.387096774102,0.0,0.874378442562941,1.134757708641687
923880,3777.90610133878,9999.387096774102,0.0,0.875171122343134,1.134757854386947
923940,3777.7248255210307,9999.387096774102,0.0,0.875993615627793,1.1347580899641143
924000,3777.739991010167,9999.387096774102,0.0,0.8760095075993756,1.1347582688958096
924060,3778.029536517589,9999.387096774102,0.0,0.8740303731949971,1.1347586968898835
924120,3777.963606669786,9999.387096774102,0.0,0.8746176209817041,1.1347588516796452
924180,3777.8217656875822,9999.387096774102,0.0,0.8753194133794199,1.1347590763270923
924240,3777.7683709581293,9999.387096774102,0.0,0.8761874317334639,1.134759020600375
924300,3777.9180644825587,9999.387096774102,0.0,0.8758729282504323,1.1347585463117973
924360,3777.9854518178636,9999.387096774102,0.0,0.8750712102802987,1.1347583783218036
924420,3778.4511167744163,9999.387096774102,0.0,0.8736353881357452,1.1347581484312566
924480,3778.2725630825717,9999.387096774102,0.0,0.8748707365876722,1.1347572165474986
924540,3777.9523205981545,9999.387096774102,0.0,0.876541448801727,1.1347566375114313
924600,3778.0761229740115,9999.387096774102,0.0,0.8756971957421311,1.1347562942178104
924660,3777.97184598187,9999.387096774102,0.0,0.8759408196194869,1.1347561162849518
924720,3778.268720224724,9999.387096774102,0.0,0.8742933411868183,1.1347562193665799
924780,3778.133112307168,9999.387096774102,0.0,0.8746776043480174,1.1347562286596133
924840,3777.9173847289053,9999.387096774102,0.0,0.8757666936892957,1.1347563368342268
924900,3777.8664844702826,9999.387096774102,0.0,0.8760407804035291,1.1347564307110005
924960,3778.019609425187,9999.387096774102,0.0,0.8747420521710557,1.1347567914446808
925020,3777.9993851465824,9999.387096774102,0.0,0.8750369235368486,1.1347569738185264
925080,3778.0739208822924,9999.387096774102,0.0,0.8744149622237417,1.1347573451591022
925140,3777.919341352292,9999.387096774102,0.0,0.8753313654363072,1.1347574917675451
925200,3777.6467004676324,9999.387096774102,0.0,0.8767446879037509,1.1347576950430407
925260,3777.856946189949,9999.387096774102,0.0,0.875468675446113,1.134758011600386
925320,3777.8869307685354,9999.387096774102,0.0,0.8749856734769507,1.1347583043505685
925380,3778.0246536184723,9999.387096774102,0.0,0.8743999611071068,1.1347586355150192
925440,3777.8443818419523,9999.387096774102,0.0,0.8752127256161487,1.1347587665527767
925500,3777.671647647069,9999.387096774102,0.0,0.8760090732057653,1.134758978533738
925560,3777.6935972733586,9999.387096774102,0.0,0.8759987641144044,1.1347591304258078
925620,3777.983302144408,9999.387096774102,0.0,0.8740565838616245,1.1347595193988755
925680,3778.2075001139856,9999.387096774102,0.0,0.8740988251517947,1.1347594158822025
925740,3778.0363300625377,9999.387096774102,0.0,0.8750030642602428,1.1347588750677082
925800,3777.686703378504,9999.387096774102,0.0,0.877031733035095,1.1347585704233474
925860,3778.132916311938,9999.387096774102,0.0,0.8752752983826643,1.1347581374150404
925920,3778.1061004766425,9999.387096774102,0.0,0.8755870629603485,1.1347573422321238
925980,3778.4036490519325,9999.387096774102,0.0,0.8735900265109259,1.1347570811140364
926040,3778.193914310988,9999.387096774102,0.0,0.8748979870776813,1.1347566242622
926100,3777.885836107924,9999.387096774102,0.0,0.8764649127494745,1.1347564110132873
926160,3777.983742331813,9999.387096774102,0.0,0.8757226801269734,1.1347563914994367
926220,3777.907510365254,9999.387096774102,0.0,0.8758304376841447,1.1347564712106486
926280,3778.2009519498406,9999.387096774102,0.0,0.8742640917934694,1.1347567399125855
926340,3778.0629805628223,9999.387096774102,0.0,0.8746995027931215,1.1347568583526435
926400,3777.8491489252688,9999.387096774102,0.0,0.8757956425866176,1.1347570407758996
926460,3777.803465578319,9999.387096774102,0.0,0.8760595231197479,1.1347571846234266
926520,3777.965811741918,9999.387096774102,0.0,0.8747429999970561,1.134757568992877
926580,3777.9563394428474,9999.387096774102,0.0,0.8749861361652276,1.134757762169218
926640,3778.0192564248537,9999.387096774102,0.0,0.8744586401382805,1.1347581169887027
926700,3777.8691527395695,9999.387096774102,0.0,0.8753614196248011,1.1347582481465233
926760,3777.6080655291207,9999.387096774102,0.0,0.8767224455304439,1.1347584281973044
926820,3777.819728439815,9999.387096774102,0.0,0.8754604231146631,1.1347587152332324
926880,3777.8610459973734,9999.387096774102,0.0,0.8749351576290262,1.1347589768403996
926940,3778.0727391721757,9999.387096774102,0.0,0.8743417128591974,1.1347592557498483
927000,3778.0364805087975,9999.387096774102,0.0,0.8752592611640323,1.1347587737664118
927060,3777.822148602459,9999.387096774102,0.0,0.8762846530841313,1.134758352161657
927120,3778.0272766467147,9999.387096774102,0.0,0.8750876405280545,1.1347582110767145
927180,3778.293420323997,9999.387096774102,0.0,0.8748449680759174,1.1347574918448173
927240,3778.2867765086376,9999.387096774102,0.0,0.8744277173471555,1.1347569037453435
927300,3778.147956136236,9999.387096774102,0.0,0.8752606550928607,1.134756493566519
927360,3778.0295602127526,9999.387096774102,0.0,0.8757784876212669,1.1347561450028325
927420,3778.0099764499614,9999.387096774102,0.0,0.875421818467324,1.1347561344123838
927480,3778.016423809225,9999.387096774102,0.0,0.8755257132912904,1.1347561074906036
927540,3778.2822790379164,9999.387096774102,0.0,0.8736860401071732,1.1347564229895937
927600,3778.0826323415645,9999.387096774102,0.0,0.8749257294602356,1.1347564569670763
927660,3777.7809997013255,9999.387096774102,0.0,0.876493585601655,1.1347566046483337
927720,3777.8914347657133,9999.387096774102,0.0,0.8757300517702798,1.1347568459918844
927780,3777.8370636705404,9999.387096774102,0.0,0.8757407470253514,1.1347571132982066
927840,3778.12396779359,9999.387096774102,0.0,0.874242004431486,1.1347575071001523
927900,3777.984549132858,9999.387096774102,0.0,0.8747275156919254,1.1347577068784422
927960,3777.7738892619054,9999.387096774102,0.0,0.875828376509169,1.1347579382474846
928020,3777.735039735412,9999.387096774102,0.0,0.8760762622876955,1.13475810991935
928080,3777.9076321619364,9999.387096774102,0.0,0.8747372737377457,1.134758499618083
928140,3777.909124756296,9999.387096774102,0.0,0.8749286569035227,1.1347586888869392
928200,3777.9581873931274,9999.387096774102,0.0,0.8745106751586337,1.1347590132141463
928260,3777.813114280264,9999.387096774102,0.0,0.875397358339861,1.1347591182133063
928320,3777.5650930716774,9999.387096774102,0.0,0.8766988939322672,1.1347592658637358
928380,3778.0019601369136,9999.387096774102,0.0,0.8745662202052892,1.1347594721665837
928440,3778.0649321357578,9999.387096774102,0.0,0.8749571210186172,1.1347590102621878
928500,3778.1190061277184,9999.387096774102,0.0,0.8742852005845724,1.1347587886464807
928560,3777.9003749467633,9999.387096774102,0.0,0.8762068468412321,1.134758411355858
928620,3778.1055425012146,9999.387096774102,0.0,0.8757196653098509,1.1347575824784872
928680,3777.920554589241,9999.387096774102,0.0,0.8764846771795358,1.1347570068328992
928740,3778.2395478894127,9999.387096774102,0.0,0.8747087880046107,1.1347567541124406
928800,3778.200782249724,9999.387096774102,0.0,0.8745045516292479,1.13475654572364
928860,3778.056162070223,9999.387096774102,0.0,0.8752950084408158,1.134756475232236
928920,3777.936245150482,9999.387096774102,0.0,0.875838743939002,1.1347564077502637
928980,3777.9383848338352,9999.387096774102,0.0,0.8754119087035847,1.1347565980581367
929040,3777.9548583999317,9999.387096774102,0.0,0.8754791631889423,1.1347567064667718
929100,3778.209594914133,9999.387096774102,0.0,0.8737385290867367,1.134757101694557
929160,3778.0172379334535,9999.387096774102,0.0,0.8749466878343236,1.1347571965054648
929220,3777.7220784979545,9999.387096774102,0.0,0.8764966421018674,1.134757374907402
929280,3777.836240532441,9999.387096774102,0.0,0.87573812678352,1.1347576290592503
929340,3777.798354039827,9999.387096774102,0.0,0.8756750558175251,1.1347578967546539
929400,3778.079831848721,9999.387096774102,0.0,0.8742287295477198,1.134758273394826
929460,3777.9400134932052,9999.387096774102,0.0,0.8747465813726563,1.13475844865878
929520,3777.7318140574284,9999.387096774102,0.0,0.8758495483738231,1.1347586501356315
929580,3777.697055045665,9999.387096774102,0.0,0.8760873946405113,1.1347587917404007
929640,3777.8457767645336,9999.387096774102,0.0,0.8749659616489511,1.1347591379033994
929700,3778.28206918553,9999.387096774102,0.0,0.8738449044009062,1.1347590685722417
929760,3778.105554626301,9999.387096774102,0.0,0.8746881054481912,1.1347585573202748
929820,3777.794024860536,9999.387096774102,0.0,0.8765949417867438,1.1347582764208686
929880,3778.0863182180133,9999.387096774102,0.0,0.8756990371236595,1.1347577475415846
929940,3778.0681307756436,9999.387096774102,0.0,0.8759282531966895,1.1347569582578962
930000,3778.438608101541,9999.387096774102,0.0,0.8734232192918123,1.1347567342258875
930060,3778.2429537951175,9999.387096774102,0.0,0.8747086732849345,1.1347563003191545
930120,3778.0088246964965,9999.387096774102,0.0,0.8758331365237648,1.1347561428126716
930180,3778.0001438944773,9999.387096774102,0.0,0.8757249695814233,1.134756088846569
930240,3777.829241323193,9999.387096774102,0.0,0.8764324408634013,1.1347561535418742
930300,3778.13631603257,9999.387096774102,0.0,0.8746761006394671,1.134756426553457
930360,3778.106473668996,9999.387096774102,0.0,0.8744731713027798,1.134756625023467
930420,3777.95403828533,9999.387096774102,0.0,0.875346580384719,1.1347568406683852
930480,3777.8429061788256,9999.387096774102,0.0,0.8758803329871924,1.1347569825233033
930540,3777.8594574109675,9999.387096774102,0.0,0.8754078619808361,1.1347573210451736
930600,3777.887033546535,9999.387096774102,0.0,0.8754240508282713,1.1347575351622785
930660,3778.129914634164,9999.387096774102,0.0,0.8737949803825105,1.1347579832875183
930720,3777.94483169684,9999.387096774102,0.0,0.8749745367164475,1.1347581146702679
930780,3777.6572757596045,9999.387096774102,0.0,0.8765013043514773,1.1347583038470974
930840,3777.775914249873,9999.387096774102,0.0,0.8757438991747221,1.1347585552364603
930900,3777.7559948442768,9999.387096774102,0.0,0.8756007377719416,1.1347588102624582
930960,3778.0306714117078,9999.387096774102,0.0,0.8742161372267393,1.134759157648725
931020,3777.889826845253,9999.387096774102,0.0,0.874772350211721,1.1347592979011811
931080,3777.575635945192,9999.387096774102,0.0,0.8768298164550344,1.134759421870321
931140,3777.9231263045713,9999.387096774102,0.0,0.8756891198207505,1.1347591331485523
931200,3777.862552154229,9999.387096774102,0.0,0.8759074277029678,1.1347587272534183
931260,3778.3580705384466,9999.387096774102,0.0,0.8731624868662052,1.1347587369814625
931320,3778.2984388977584,9999.387096774102,0.0,0.8746827689678983,1.1347579828452712
931380,3778.11335506808,9999.387096774102,0.0,0.8754540303671182,1.1347572225336486
931440,3777.990813632138,9999.387096774102,0.0,0.8758130633715546,1.1347568145274098
931500,3778.0048363509923,9999.387096774102,0.0,0.8758659028631992,1.1347564757762783
931560,3778.3354362306827,9999.387096774102,0.0,0.8735400324989839,1.1347565902284693
931620,3778.1601778169556,9999.387096774102,0.0,0.8746881264401193,1.1347564763242965
931680,3777.920325988399,9999.387096774102,0.0,0.8758882045667085,1.1347565393226895
931740,3777.923872698849,9999.387096774102,0.0,0.8757508935534609,1.1347566398349473
931800,3777.7722821834077,9999.387096774102,0.0,0.876367373942261,1.1347568108191883
931860,3778.0782942764804,9999.387096774102,0.0,0.8746438002610709,1.1347571514152965
931920,3778.050876451635,9999.387096774102,0.0,0.8744629245177304,1.1347573889196052
931980,3777.893997054891,9999.387096774102,0.0,0.8753784100738328,1.1347576185317956
932040,3777.787296430581,9999.387096774102,0.0,0.8759108566400051,1.1347577634589827
932100,3777.8136258666846,9999.387096774102,0.0,0.8754110342213772,1.1347580917776467
932160,3777.850155736169,9999.387096774102,0.0,0.8753830483392342,1.134758290994015
932220,3778.0844540965854,9999.387096774102,0.0,0.8738330433113456,1.134758705587251
932280,3777.9041156485173,9999.387096774102,0.0,0.8749933736308971,1.134758808300742
932340,3777.6228113364527,9999.387096774102,0.0,0.876497799552641,1.1347589626649819
932400,3777.874197994528,9999.387096774102,0.0,0.8754253065026425,1.1347590796755733
932460,3778.00783807433,9999.387096774102,0.0,0.8753837535948407,1.1347586247022527
932520,3778.167799085325,9999.387096774102,0.0,0.8740475552110599,1.1347584710357765
932580,3778.0955486978437,9999.387096774102,0.0,0.8753962722121316,1.1347581194399698
932640,3778.1676839107868,9999.387096774102,0.0,0.8754924259632899,1.1347572377214623
932700,3777.889255201056,9999.387096774102,0.0,0.8768545199624798,1.1347566418226158
932760,3778.173176769444,9999.387096774102,0.0,0.8751728757330633,1.1347563697831413
932820,3778.1673386856783,9999.387096774102,0.0,0.8747607790635052,1.1347562015531003
932880,3778.185838601532,9999.387096774102,0.0,0.8747288585027639,1.1347562064651104
932940,3778.011067652843,9999.387096774102,0.0,0.8754674487605296,1.1347561499380554
933000,3777.8831073855154,9999.387096774102,0.0,0.8758393755751287,1.134756301014302
933060,3777.9046860194953,9999.387096774102,0.0,0.8758401925789815,1.13475642017943
933120,3778.239697740967,9999.387096774102,0.0,0.8735584183980647,1.1347568633904377
933180,3778.0728079786372,9999.387096774102,0.0,0.8746811969594064,1.1347569874359613
933240,3777.829632418453,9999.387096774102,0.0,0.8759261041807467,1.1347572108568724
933300,3777.8392306099495,9999.387096774102,0.0,0.8757801466317143,1.1347574298964584
933360,3777.7097401225546,9999.387096774102,0.0,0.8762922451487601,1.1347576812031699
933420,3778.015625418642,9999.387096774102,0.0,0.8746043919281111,1.1347580644216426
933480,3777.9888651722367,9999.387096774102,0.0,0.8744581368883229,1.1347583183499503
933540,3777.8272504761326,9999.387096774102,0.0,0.875416275720099,1.134758544291236
933600,3777.7258760935174,9999.387096774102,0.0,0.8759442531590691,1.1347586784042416
933660,3777.763900412105,9999.387096774102,0.0,0.8754079342517097,1.1347589847929456
933720,3777.8099206195348,9999.387096774102,0.0,0.8753341932415468,1.1347591589215242
933780,3778.0336579455093,9999.387096774102,0.0,0.87387700086223,1.134759529738583
933840,3777.931100003232,9999.387096774102,0.0,0.8754311664955323,1.1347593750103462
933900,3777.9253483046646,9999.387096774102,0.0,0.8756841232407915,1.1347588523884764
933960,3777.720394496902,9999.387096774102,0.0,0.8766569726490618,1.1347585935469127
934020,3778.3798823216,9999.387096774102,0.0,0.8739091100361239,1.134758323846192
934080,3778.243206472284,9999.387096774102,0.0,0.87483784106241,1.1347574672568363
934140,3778.1772714517024,9999.387096774102,0.0,0.8750485838718134,1.1347570297018588
934200,3778.0882607968306,9999.387096774102,0.0,0.8755093566215995,1.134756603511165
934260,3777.824315610837,9999.387096774102,0.0,0.8767887550420579,1.1347563808580048
934320,3778.086143225087,9999.387096774102,0.0,0.8751636841107509,1.1347564389221312
934380,3778.1023706183955,9999.387096774102,0.0,0.8746652497563162,1.1347565350601558
934440,3778.105561646794,9999.387096774102,0.0,0.8747649890885132,1.1347567071385645
934500,3777.9365791771343,9999.387096774102,0.0,0.8755089185711568,1.1347567687148707
934560,3777.8188440176364,9999.387096774102,0.0,0.8758494850278951,1.1347570000397007
934620,3777.8483156986144,9999.387096774102,0.0,0.8758153526219729,1.134757173785515
934680,3778.1808794531785,9999.387096774102,0.0,0.8735863975970715,1.1347576379406303
934740,3778.0215056373986,9999.387096774102,0.0,0.8746763356317135,1.1347577724890598
934800,3777.7771966210403,9999.387096774102,0.0,0.8759466048847203,1.1347579851148346
934860,3777.789986111688,9999.387096774102,0.0,0.8758017698479361,1.1347581888608331
934920,3777.6764196245404,9999.387096774102,0.0,0.8762385020005369,1.134758419594762
934980,3777.9811712054716,9999.387096774102,0.0,0.8745788653283975,1.1347587724154922
935040,3777.9554839564094,9999.387096774102,0.0,0.8744543389287386,1.1347589916817544
935100,3777.7159043621573,9999.387096774102,0.0,0.8762479247814923,1.134759141299086
935160,3777.9370813223104,9999.387096774102,0.0,0.8757567332684909,1.1347587792432137
935220,3777.8217517862067,9999.387096774102,0.0,0.8762795861659362,1.1347583663718457
935280,3778.354386759163,9999.387096774102,0.0,0.8732302457152783,1.1347583768581175
935340,3778.393828213288,9999.387096774102,0.0,0.8743280022623465,1.1347576346109793
935400,3778.2090320505185,9999.387096774102,0.0,0.8749809630833032,1.13475690804101
935460,3778.004826213864,9999.387096774102,0.0,0.8759093027034232,1.1347564720714753
935520,3777.9948278827374,9999.387096774102,0.0,0.876022067989323,1.1347561352972393
935580,3778.245355538999,9999.387096774102,0.0,0.8741025994222649,1.1347562270225524
935640,3778.1498037639117,9999.387096774102,0.0,0.8748032176238092,1.1347561632196062
935700,3778.0678403509937,9999.387096774102,0.0,0.8750751455736206,1.1347563181156408
935760,3777.9718045101604,9999.387096774102,0.0,0.8755624585062771,1.1347563900580342
935820,3777.731414473013,9999.387096774102,0.0,0.8767349741986964,1.1347565477983466
935880,3778.001177288535,9999.387096774102,0.0,0.8751259629756478,1.1347568741486946
935940,3778.0283247177595,9999.387096774102,0.0,0.8746070825930036,1.1347571606647093
936000,3778.0167552822,9999.387096774102,0.0,0.8748071783478266,1.1347574576323545
936060,3777.8531069490787,9999.387096774102,0.0,0.8755596253364213,1.1347576088070634
936120,3777.748955955384,9999.387096774102,0.0,0.8758549505401588,1.1347578956594404
936180,3777.7874418283564,9999.387096774102,0.0,0.8757832338839071,1.1347581013216865
936240,3778.1165075260647,9999.387096774102,0.0,0.8736147472964314,1.1347585668668807
936300,3777.9639129822685,9999.387096774102,0.0,0.8746764659511087,1.1347586964049319
936360,3777.718592426997,9999.387096774102,0.0,0.8759733843406157,1.134758885064308
936420,3777.7357288808967,9999.387096774102,0.0,0.8758242510052421,1.1347590629146798
936480,3777.6398246456924,9999.387096774102,0.0,0.8761773223652846,1.1347592638918802
936540,3778.2645295724196,9999.387096774102,0.0,0.8731323378515676,1.1347596138181022
936600,3778.1455956152595,9999.387096774102,0.0,0.8745554884036224,1.1347590998214232
936660,3777.9490270041983,9999.387096774102,0.0,0.8753784444273294,1.1347587272095503
936720,3777.7860609911777,9999.387096774102,0.0,0.8765472017996155,1.134758417052102
936780,3778.128538938336,9999.387096774102,0.0,0.875604085626895,1.1347576656234286
936840,3778.1171957265465,9999.387096774102,0.0,0.8752424980114036,1.1347571230042124
936900,3778.3218269609865,9999.387096774102,0.0,0.8742876394753204,1.1347568433098183
936960,3778.1313412857503,9999.387096774102,0.0,0.8750031571911392,1.1347565170907605
937020,3777.9175845700347,9999.387096774102,0.0,0.8759377704944011,1.134756421478006
937080,3777.9074543932525,9999.387096774102,0.0,0.8760389955464128,1.1347563766719333
937140,3778.1742361035294,9999.387096774102,0.0,0.874088774078042,1.134756675094243
937200,3778.088978663545,9999.387096774102,0.0,0.8747534803509867,1.1347567517492263
937260,3777.994586842965,9999.387096774102,0.0,0.8751202548321174,1.134756989096959
937320,3777.903241037881,9999.387096774102,0.0,0.8755976460900193,1.13475712368293
937380,3777.6796149554007,9999.387096774102,0.0,0.8766911434675667,1.1347573189841815
937440,3777.9509856291684,9999.387096774102,0.0,0.8751029175629864,1.1347576588702022
937500,3777.9870797178105,9999.387096774102,0.0,0.8745642059110639,1.1347579446927598
937560,3777.965591205644,9999.387096774102,0.0,0.8748333424475832,1.1347582222831627
937620,3777.805058074597,9999.387096774102,0.0,0.8755941174760877,1.134758352289222
937680,3777.709595404833,9999.387096774102,0.0,0.8758631388770741,1.134758611703222
937740,3777.754871839115,9999.387096774102,0.0,0.8757593481919275,1.1347587892551245
937800,3778.0804681123764,9999.387096774102,0.0,0.8736395144391897,1.1347592151012613
937860,3778.1106227237274,9999.387096774102,0.0,0.874675962105652,1.134759078598628
937920,3778.0035178917306,9999.387096774102,0.0,0.8753338910227998,1.1347585381224008
937980,3777.6864515911707,9999.387096774102,0.0,0.8770724667779112,1.1347582496940634
938040,3778.263200825701,9999.387096774102,0.0,0.8746714469743616,1.1347578992680036
938100,3778.1917983877556,9999.387096774102,0.0,0.8752366101372209,1.1347570724764968
938160,3778.3393455441096,9999.387096774102,0.0,0.8741583097602047,1.1347567402586762
938220,3778.165231792852,9999.387096774102,0.0,0.8751827206129452,1.134756292127138
938280,3777.8505889726853,9999.387096774102,0.0,0.8767762203024257,1.1347560717877267
938340,3778.0347601869403,9999.387096774102,0.0,0.8755380038103675,1.1347561018951915
938400,3778.017297705795,9999.387096774102,0.0,0.8752518770649965,1.1347562090939796
938460,3778.2075168185643,9999.387096774102,0.0,0.8743143855679298,1.1347564619110773
938520,3778.021298434152,9999.387096774102,0.0,0.8750578436037858,1.1347565539192725
938580,3777.820807141628,9999.387096774102,0.0,0.8759620733661995,1.134756762966305
938640,3777.820808443228,9999.387096774102,0.0,0.8760346742578405,1.134756936992681
938700,3778.093912384823,9999.387096774102,0.0,0.8740909053509581,1.134757385756894
938760,3778.0213875923505,9999.387096774102,0.0,0.8746985865302844,1.1347575726530947
938820,3777.9128003231776,9999.387096774102,0.0,0.8751766369530116,1.1347578650802965
938880,3777.8281637891214,9999.387096774102,0.0,0.8756364509876503,1.1347580384435567
938940,3777.6230114153373,9999.387096774102,0.0,0.8766427770542421,1.1347582511778953
939000,3777.8963626968384,9999.387096774102,0.0,0.875073556372104,1.1347585885252356
939060,3777.941361524985,9999.387096774102,0.0,0.8745185250824712,1.1347588598494183
939120,3777.9081756025935,9999.387096774102,0.0,0.874866621209789,1.1347591054116224
939180,3777.7514458608416,9999.387096774102,0.0,0.8756341146922917,1.1347592042748238
939240,3777.5684554366694,9999.387096774102,0.0,0.8766377309087188,1.1347594001895505
939300,3778.064366129603,9999.387096774102,0.0,0.8748909303929187,1.1347592424505173
939360,3778.0252275582234,9999.387096774102,0.0,0.8749566531783205,1.1347588238574884
939420,3778.1006053614606,9999.387096774102,0.0,0.8747341605011028,1.1347586875249476
939480,3778.1077497473448,9999.387096774102,0.0,0.8755926394307326,1.134757999688035
939540,3778.0203925866476,9999.387096774102,0.0,0.8760481896817154,1.134757222214167
939600,3778.1666284727403,9999.387096774102,0.0,0.8747789851598969,1.1347569121109236
939660,3778.125194262101,9999.387096774102,0.0,0.8752004769504231,1.1347565495778364
939720,3778.2477881123486,9999.387096774102,0.0,0.8742078940252006,1.1347565633296766
939780,3778.0710897805843,9999.387096774102,0.0,0.8752228711113256,1.1347564350698658
939840,3777.7696310011943,9999.387096774102,0.0,0.8767704659452679,1.1347564524649103
939900,3777.9643772498544,9999.387096774102,0.0,0.875526878351744,1.1347566425602338
939960,3777.962095514747,9999.387096774102,0.0,0.8751825119695679,1.1347568589601433
940020,3778.1407228470644,9999.387096774102,0.0,0.8743284685468834,1.1347571773086416
940080,3777.9569655823802,9999.387096774102,0.0,0.8750940815705927,1.1347573114701068
940140,3777.7639470546837,9999.387096774102,0.0,0.8759800734352579,1.13475754067861
940200,3777.770079866156,9999.387096774102,0.0,0.8760314923689093,1.1347577210401174
940260,3778.046724069399,9999.387096774102,0.0,0.8741001481852217,1.1347581580998085
940320,3777.9844569402626,9999.387096774102,0.0,0.8746593348529262,1.1347583311351426
940380,3777.866907776266,9999.387096774102,0.0,0.8752081769345353,1.134758590343797
940440,3777.785352661099,9999.387096774102,0.0,0.8756643115611589,1.1347587345694925
940500,3777.593745012999,9999.387096774102,0.0,0.876605903287367,1.1347589159562073
940560,3778.171484393093,9999.387096774102,0.0,0.8737300245748004,1.1347592171870364
940620,3778.1464960043477,9999.387096774102,0.0,0.8746448513365763,1.1347587347850827
940680,3778.0691051233716,9999.387096774102,0.0,0.8747416258008337,1.1347584426962967
940740,3777.8248740269737,9999.387096774102,0.0,0.8765979844195596,1.1347580862149504
940800,3778.1244518087397,9999.387096774102,0.0,0.8757507552804438,1.1347572889248707
940860,3778.0208041555143,9999.387096774102,0.0,0.8759765290848336,1.1347567278568542
940920,3778.332139964735,9999.387096774102,0.0,0.8743354870431715,1.1347564840203455
940980,3778.2047508573287,9999.387096774102,0.0,0.8746358902647539,1.1347562227532737
941040,3777.989777530887,9999.387096774102,0.0,0.8756998154066009,1.1347561358338858
941100,3777.92517204265,9999.387096774102,0.0,0.8760161301730718,1.1347560890653765
941160,3778.055689183569,9999.387096774102,0.0,0.8748231415914952,1.1347563454678298
941220,3778.0332202243176,9999.387096774102,0.0,0.8751231470360135,1.1347564575113387
941280,3778.1391682175936,9999.387096774102,0.0,0.8742893549880842,1.1347568026560833
941340,3777.973741319214,9999.387096774102,0.0,0.8752664423359356,1.1347569213812698
941400,3777.6875424854243,9999.387096774102,0.0,0.8767483591303551,1.1347571132289993
941460,3777.8863629911734,9999.387096774102,0.0,0.8755147086606311,1.134757425617817
941520,3777.902167712518,9999.387096774102,0.0,0.875098481214128,1.1347577249214413
941580,3778.066982555485,9999.387096774102,0.0,0.8743477154473179,1.1347580823517533
941640,3777.8858559216583,9999.387096774102,0.0,0.8751371515369321,1.134758236461956
941700,3777.701391749366,9999.387096774102,0.0,0.8759984518139154,1.134758468247847
941760,3777.7146361326595,9999.387096774102,0.0,0.8760244169322077,1.1347586409584076
941820,3777.995820993625,9999.387096774102,0.0,0.8741025080974795,1.1347590540729517
941880,3777.9428197469556,9999.387096774102,0.0,0.8746201411645895,1.1347592021782595
941940,3777.8151671260325,9999.387096774102,0.0,0.8752479942521628,1.1347594180833642
942000,3777.7505496228946,9999.387096774102,0.0,0.8761885300573141,1.1347593452574527
942060,3777.8946127878767,9999.387096774102,0.0,0.8758849449806657,1.13475886928726
942120,3777.954032945129,9999.387096774102,0.0,0.8751459541141147,1.1347586931850546
942180,3778.4386195994184,9999.387096774102,0.0,0.8735834771642303,1.1347584632925563
942240,3778.253896440684,9999.387096774102,0.0,0.8748440140659189,1.1347575406623387
942300,3777.9401638932195,9999.387096774102,0.0,0.876484620320314,1.1347569662183328
942360,3778.053190703543,9999.387096774102,0.0,0.8757117734797177,1.1347566150941772
942420,3777.945640777246,9999.387096774102,0.0,0.8759879420518505,1.1347564292839523
942480,3778.2454579363643,9999.387096774102,0.0,0.8743214104182252,1.1347565219591473
942540,3778.121972741478,9999.387096774102,0.0,0.874645802932303,1.1347565263104304
942600,3777.909825348609,9999.387096774102,0.0,0.8757354935366941,1.134756621113252
942660,3777.853376935529,9999.387096774102,0.0,0.8760355237806681,1.1347566996545015
942720,3777.9925219671836,9999.387096774102,0.0,0.8748264065118215,1.1347570387951083
942780,3777.981668770632,9999.387096774102,0.0,0.8750687863209962,1.1347572096138367
942840,3778.075174934741,9999.387096774102,0.0,0.8743393267810531,1.134757573532441
942900,3777.9153710631454,9999.387096774102,0.0,0.8752978235637873,1.1347577034160183
942960,3777.640857689678,9999.387096774102,0.0,0.8767281512938,1.1347578912573342
943020,3777.8416546823214,9999.387096774102,0.0,0.8755076722644777,1.1347581885255333
943080,3777.8702841781237,9999.387096774102,0.0,0.8750415829148324,1.1347584671131667
943140,3778.025638818087,9999.387096774102,0.0,0.8743592975811584,1.1347587904720355
943200,3777.846174498445,9999.387096774102,0.0,0.8751661550491119,1.1347589111084537
943260,3777.5498449417373,9999.387096774102,0.0,0.876976108568967,1.134759070457969
943320,3777.994152812383,9999.387096774102,0.0,0.8754036536670857,1.1347588501036325
943380,3777.953608641023,9999.387096774102,0.0,0.8754871083595065,1.1347584447987875
943440,3778.290944820433,9999.387096774102,0.0,0.8737146038970912,1.1347584110817217
943500,3778.2300182132503,9999.387096774102,0.0,0.8751295315076648,1.1347576693798087
943560,3778.0825982616425,9999.387096774102,0.0,0.8757906570406632,1.1347568903151906
943620,3778.0715190926758,9999.387096774102,0.0,0.8754376800592957,1.1347565250263147
943680,3778.0719445534996,9999.387096774102,0.0,0.8756025939366424,1.1347561841160805
943740,3778.3542327322093,9999.387096774102,0.0,0.8736043674676095,1.134756284375634
943800,3778.14748731423,9999.387096774102,0.0,0.8748751300509574,1.1347561611347523
943860,3777.8444947026915,9999.387096774102,0.0,0.8764375106518044,1.1347562019250221
943920,3777.9410897657126,9999.387096774102,0.0,0.8757361525185335,1.134756358297481
943980,3777.8635777080353,9999.387096774102,0.0,0.8758694977471498,1.13475656778521
944040,3778.16059751327,9999.387096774102,0.0,0.8742816467502914,1.1347569342884911
944100,3778.0332480008638,9999.387096774102,0.0,0.8746718707098206,1.1347571293468628
944160,3777.822825696316,9999.387096774102,0.0,0.8757726724534857,1.1347573599433318
944220,3777.773368356199,9999.387096774102,0.0,0.8760587112621245,1.1347575346843466
944280,3777.924969621029,9999.387096774102,0.0,0.8748182634886139,1.134757931797987
944340,3777.925566504856,9999.387096774102,0.0,0.8750079222296094,1.1347581378463842
944400,3778.0043319695765,9999.387096774102,0.0,0.8743969218335783,1.134758499907891
944460,3777.850440284465,9999.387096774102,0.0,0.8753353833256335,1.1347586256248763
944520,3777.589121057098,9999.387096774102,0.0,0.8767072177456767,1.1347587966779147
944580,3777.792940233547,9999.387096774102,0.0,0.8754956544153019,1.134759068026582
944640,3777.8351962845027,9999.387096774102,0.0,0.8749775214373343,1.134759316261694
944700,3778.0703902756904,9999.387096774102,0.0,0.8742459332435227,1.1347595869686087
944760,3778.021072339356,9999.387096774102,0.0,0.8752267419378427,1.1347590999251034
944820,3777.8056432509325,9999.387096774102,0.0,0.8762628071654245,1.1347586761957609
944880,3777.9885677052775,9999.387096774102,0.0,0.875204110482269,1.1347585196833736
944940,3778.2622179171667,9999.387096774102,0.0,0.8748840164505215,1.1347578071572868
945000,3778.2652424163425,9999.387096774102,0.0,0.8744221446000652,1.1347572285662544
945060,3778.1379465192604,9999.387096774102,0.0,0.875210922431861,1.1347568202755993
945120,3778.013841859319,9999.387096774102,0.0,0.8757563266737244,1.134756465927762
945180,3777.9821778629725,9999.387096774102,0.0,0.8754847459488999,1.1347564406462085
945240,3777.994201123457,9999.387096774102,0.0,0.8755566607938976,1.1347564045266552
945300,3778.2717786811804,9999.387096774102,0.0,0.8736519830661066,1.1347567111297596
945360,3778.0737446365356,9999.387096774102,0.0,0.874893987674438,1.1347567324707768
945420,3777.776526074576,9999.387096774102,0.0,0.8764415402090242,1.1347568673633486
945480,3777.8760045269482,9999.387096774102,0.0,0.8757481002462292,1.1347570885259137
945540,3777.817053005861,9999.387096774102,0.0,0.8757967117975901,1.1347573390114933
945600,3778.1098572867113,9999.387096774102,0.0,0.874260275315919,1.1347577182904893
945660,3777.981356393353,9999.387096774102,0.0,0.8746894153403094,1.1347579098635694
945720,3777.772758989797,9999.387096774102,0.0,0.8757969642906325,1.1347581262011708
945780,3777.727736733784,9999.387096774102,0.0,0.8760737113246012,1.1347582823238986
945840,3777.886230035477,9999.387096774102,0.0,0.8748222323341235,1.1347586515891885
945900,3777.896506146842,9999.387096774102,0.0,0.874963150571197,1.134758830950143
945960,3777.9654823678497,9999.387096774102,0.0,0.874431553649889,1.134759150797985
946020,3777.839593680086,9999.387096774102,0.0,0.8759352929167161,1.1347590286778815
946080,3777.9189708945796,9999.387096774102,0.0,0.8758541304832784,1.1347585279995276
946140,3777.8307619296456,9999.387096774102,0.0,0.8760470560233438,1.134758312613243
946200,3778.5095393486554,9999.387096774102,0.0,0.8733444781709159,1.1347580993376067
946260,3778.298195660599,9999.387096774102,0.0,0.8746919085046746,1.1347571877056004
946320,3778.07615147239,9999.387096774102,0.0,0.8758025204933533,1.1347566694157538
946380,3778.0785780369497,9999.387096774102,0.0,0.8756792528871642,1.1347562791843953
946440,3777.8779246168815,9999.387096774102,0.0,0.8765460918415445,1.1347560782707444
946500,3778.178696473834,9999.387096774102,0.0,0.8747608103090692,1.1347561707251566
946560,3778.1577674776104,9999.387096774102,0.0,0.8744768393959763,1.1347562520210372
946620,3778.0224119133436,9999.387096774102,0.0,0.8752587225737763,1.1347563863602523
946680,3777.900552514483,9999.387096774102,0.0,0.8758212114262768,1.1347564650460789
946740,3777.89222140553,9999.387096774102,0.0,0.8754716209045558,1.1347567586085157
946800,3777.9155228398804,9999.387096774102,0.0,0.8755019651280291,1.1347569500910795
946860,3778.180629081488,9999.387096774102,0.0,0.8737125810675281,1.1347574043675954
946920,3777.990965665947,9999.387096774102,0.0,0.8749196768706181,1.1347575379951413
946980,3777.7003405930827,9999.387096774102,0.0,0.8764529550687191,1.1347577406583487
947040,3777.8055036633473,9999.387096774102,0.0,0.8757571433173414,1.1347580027004236
947100,3777.766191806705,9999.387096774102,0.0,0.875717185848272,1.1347582734308639
947160,3778.0534610811087,9999.387096774102,0.0,0.8742393693564308,1.1347586482880645
947220,3777.9231980109453,9999.387096774102,0.0,0.8747135831643614,1.134758822007717
947280,3777.7169615644007,9999.387096774102,0.0,0.8758251943804691,1.1347590121948623
947340,3777.677481004879,9999.387096774102,0.0,0.8760882318997718,1.1347591398841161
947400,3777.8123530049406,9999.387096774102,0.0,0.8750621432159552,1.1347594646022725
947460,3778.2558798633263,9999.387096774102,0.0,0.873866662736197,1.1347593881694766
947520,3778.088199940609,9999.387096774102,0.0,0.87466647318613,1.1347588821788261
947580,3777.7884099083453,9999.387096774102,0.0,0.8765139854850903,1.1347585987432547
947640,3778.057797842934,9999.387096774102,0.0,0.8757347732681803,1.1347580613493238
947700,3778.041762505546,9999.387096774102,0.0,0.875949098957682,1.1347572804493093
947760,3778.409378414521,9999.387096774102,0.0,0.8734671560908756,1.134757054031781
947820,3778.224377699998,9999.387096774102,0.0,0.8746988376222541,1.1347566215320624
947880,3778.002530963999,9999.387096774102,0.0,0.8757578148210586,1.1347564616943706
947940,3777.983645783637,9999.387096774102,0.0,0.8757212777947802,1.1347563928254718
948000,3777.8082814037984,9999.387096774102,0.0,0.8764660523508095,1.1347564433623336
948060,3778.11306213306,9999.387096774102,0.0,0.8747205022051032,1.1347567001114722
948120,3778.093923094001,9999.387096774102,0.0,0.8744643475901345,1.1347568897780633
948180,3777.952486530839,9999.387096774102,0.0,0.8752938235058498,1.1347570936467084
948240,3777.835153149129,9999.387096774102,0.0,0.8758574719560162,1.134757219582504
948300,3777.8383483716852,9999.387096774102,0.0,0.8754738316288297,1.134757536546626
948360,3777.8708402400753,9999.387096774102,0.0,0.8754606438924817,1.1347577374257851
948420,3778.1273096347973,9999.387096774102,0.0,0.8737537552049127,1.1347581758434542
948480,3777.943270302269,9999.387096774102,0.0,0.8749374804754512,1.13475829409754
948540,3777.6583549428674,9999.387096774102,0.0,0.8764532801243405,1.134758470637872
948600,3777.7656289080196,9999.387096774102,0.0,0.8757655066593543,1.134758703340519
948660,3777.7404911842605,9999.387096774102,0.0,0.8756619557364577,1.1347589435778793
948720,3778.2484044822386,9999.387096774102,0.0,0.8733567534559254,1.134759297653703
948780,3778.1225832288646,9999.387096774102,0.0,0.8748025918083578,1.1347587799872287
948840,3777.8910762659075,9999.387096774102,0.0,0.8758621984643428,1.134758375691126
948900,3777.8656545859917,9999.387096774102,0.0,0.8760955506818752,1.1347581363219101
948960,3778.2043107052345,9999.387096774102,0.0,0.8753221033224822,1.1347574017276
949020,3778.228911216061,9999.387096774102,0.0,0.8747124561421389,1.134756852798961
949080,3778.272500897393,9999.387096774102,0.0,0.8746431315010305,1.1347565157018489
949140,3778.0931963681114,9999.387096774102,0.0,0.8753709310166612,1.134756172842049
949200,3777.9383360551606,9999.387096774102,0.0,0.8758656134837505,1.1347561107931408
949260,3777.951411392775,9999.387096774102,0.0,0.8758893073979603,1.1347560843832272
949320,3778.2884168689025,9999.387096774102,0.0,0.873562977670083,1.1347564295472752
949380,3778.122760993652,9999.387096774102,0.0,0.874675330898655,1.134756483718085
949440,3777.89331799274,9999.387096774102,0.0,0.8758230555708535,1.1347566714173705
949500,3777.8874530635617,9999.387096774102,0.0,0.8757532790087011,1.1347568584727084
949560,3777.7349812704383,9999.387096774102,0.0,0.8763903423800296,1.1347570930482413
949620,3778.0397232834225,9999.387096774102,0.0,0.8746792931736853,1.134757474953118
949680,3778.023046721246,9999.387096774102,0.0,0.8744509899310479,1.1347577453172717
949740,3777.8751035731357,9999.387096774102,0.0,0.8753357788378281,1.1347579928294935
949800,3777.7637073951487,9999.387096774102,0.0,0.8758956756030395,1.1347581439764955
949860,3777.7798363944926,9999.387096774102,0.0,0.8754706437432597,1.1347584664266854
949920,3777.8221511555084,9999.387096774102,0.0,0.875411373135211,1.13475866234532
949980,3778.0681913283997,9999.387096774102,0.0,0.8738001078571606,1.1347590712807958
950040,3777.889663789626,9999.387096774102,0.0,0.8749617249983969,1.134759163256813
950100,3777.611309085491,9999.387096774102,0.0,0.8764567059383604,1.1347593042950503
950160,3777.840664556034,9999.387096774102,0.0,0.8755098125258026,1.1347593994224
950220,3777.9808594911624,9999.387096774102,0.0,0.8754139596529426,1.134758945869084
950280,3778.146979883126,9999.387096774102,0.0,0.8740516317841794,1.1347587905673282
950340,3778.0945845911524,9999.387096774102,0.0,0.8752960012973439,1.1347584386324663
950400,3778.147957827177,9999.387096774102,0.0,0.8754719580199248,1.1347575609229215
950460,3777.8675909355547,9999.387096774102,0.0,0.8768565658457653,1.1347569668415303
950520,3778.1452049898803,9999.387096774102,0.0,0.8752132136415107,1.1347566884486562
950580,3778.142382227677,9999.387096774102,0.0,0.8747958018777996,1.1347565156368773
950640,3778.178341442181,9999.387096774102,0.0,0.8746779722023016,1.1347565168330846
950700,3778.0005383812495,9999.387096774102,0.0,0.8754321978816454,1.1347564494724842
950760,3777.863843550557,9999.387096774102,0.0,0.8758721158352711,1.134756582531964
950820,3777.886224462465,9999.387096774102,0.0,0.8758652996213688,1.13475668790924
950880,3778.220131652841,9999.387096774102,0.0,0.8735934636362083,1.1347571143804351
950940,3778.0635879132483,9999.387096774102,0.0,0.8746636759966293,1.1347572285271545
951000,3777.8310972677145,9999.387096774102,0.0,0.8758511427679343,1.1347574413864412
951060,3777.829659949676,9999.387096774102,0.0,0.8757780110026044,1.1347576406220294
951120,3777.69428136231,9999.387096774102,0.0,0.87633396615688,1.1347578748728469
951180,3777.9983204547784,9999.387096774102,0.0,0.8746516224939169,1.1347582412215784
951240,3777.98359952132,9999.387096774102,0.0,0.8744424295657969,1.1347584875081458
951300,3777.831810653974,9999.387096774102,0.0,0.8753613651626825,1.1347587026543704
951360,3777.7236368120875,9999.387096774102,0.0,0.8759218197867994,1.1347588225639282
951420,3777.676236595906,9999.387096774102,0.0,0.8760257530485361,1.1347590908002545
951480,3778.1835825199246,9999.387096774102,0.0,0.8743640204744949,1.1347589852347975
951540,3778.101425528191,9999.387096774102,0.0,0.874663402729185,1.1347585382070748
951600,3777.962463373439,9999.387096774102,0.0,0.8756540829559704,1.134758325676487
951660,3778.0824468931532,9999.387096774102,0.0,0.8757911713578762,1.1347576987387806
951720,3778.0376450215795,9999.387096774102,0.0,0.8760924102189129,1.1347569145434961
951780,3778.3112230595616,9999.387096774102,0.0,0.8740928460847212,1.1347566529355384
951840,3778.2032615688972,9999.387096774102,0.0,0.8748901608736881,1.134756266059697
951900,3778.1548297420172,9999.387096774102,0.0,0.8749214913982212,1.1347562049786264
951960,3778.0388614069025,9999.387096774102,0.0,0.8755046697033931,1.1347561087530724
952020,3777.7777804144816,9999.387096774102,0.0,0.876787358295241,1.134756147555735
952080,3778.0400662004963,9999.387096774102,0.0,0.8751935097817706,1.134756388068249
952140,3778.0595706743243,9999.387096774102,0.0,0.8746933946248018,1.1347566202828239
952200,3778.077328030344,9999.387096774102,0.0,0.8747226043071757,1.1347568978334654
952260,3777.9061900660486,9999.387096774102,0.0,0.8754842027033816,1.134757033661933
952320,3777.7826199744272,9999.387096774102,0.0,0.8758806864598943,1.1347573115478011
952380,3777.8141942418233,9999.387096774102,0.0,0.8758363327602079,1.1347575192544146
952440,3778.14663611897,9999.387096774102,0.0,0.8736179031848964,1.1347580012742695
952500,3777.997713333947,9999.387096774102,0.0,0.8746574251166221,1.13475815076475
952560,3777.7623935213005,9999.387096774102,0.0,0.8758844178438382,1.134758368730621
952620,3777.766109083288,9999.387096774102,0.0,0.8758041009546077,1.1347585647424028
952680,3777.649647871336,9999.387096774102,0.0,0.8762703332195311,1.1347587858415322
952740,3777.953153665415,9999.387096774102,0.0,0.874617736317463,1.1347591253152693
952800,3777.939119989795,9999.387096774102,0.0,0.8744373534421308,1.1347593368518571
952860,3777.714510674461,9999.387096774102,0.0,0.8761552995559178,1.1347594746286267
952920,3777.9154998689755,9999.387096774102,0.0,0.8757586220281807,1.1347591029178739
952980,3777.7987470692947,9999.387096774102,0.0,0.8762959780759886,1.1347586879455316
953040,3778.3167430718963,9999.387096774102,0.0,0.8733289945623292,1.1347586841685102
953100,3778.3727471289476,9999.387096774102,0.0,0.8743134917524495,1.1347579527535125
953160,3778.193037933309,9999.387096774102,0.0,0.8749427279355096,1.1347572357052917
953220,3777.986591467012,9999.387096774102,0.0,0.8759068222677023,1.1347567964987912
953280,3777.9739571275773,9999.387096774102,0.0,0.8760293775000844,1.1347564544547146
953340,3778.212587757842,9999.387096774102,0.0,0.8741872625758457,1.1347565315955628
953400,3778.129264508116,9999.387096774102,0.0,0.8748213109556671,1.1347564619142427
953460,3778.0656825795554,9999.387096774102,0.0,0.8749918201400907,1.134756611754338
953520,3777.9611295226223,9999.387096774102,0.0,0.875541372890581,1.1347566663974185
953580,3777.71719503063,9999.387096774102,0.0,0.876743176082709,1.13475680809087
953640,3777.980431198805,9999.387096774102,0.0,0.875171458578444,1.1347571154025426
953700,3778.0111793713904,9999.387096774102,0.0,0.8746398936510773,1.1347573887538351
953760,3778.017545114361,9999.387096774102,0.0,0.874750644564204,1.1347576767677263
953820,3777.8499747389956,9999.387096774102,0.0,0.8755217232048866,1.1347578136076983
953880,3777.7357188692768,9999.387096774102,0.0,0.875889882651507,1.1347580806798274
953940,3777.7742796837206,9999.387096774102,0.0,0.8758140370849392,1.1347582722062148
954000,3778.1041572843014,9999.387096774102,0.0,0.873641784202483,1.1347587229954534
954060,3777.961516889719,9999.387096774102,0.0,0.8746525176370736,1.134758844331264
954120,3777.7253743842025,9999.387096774102,0.0,0.8758998133002777,1.134759024239234
954180,3777.777799452601,9999.387096774102,0.0,0.8760497555773955,1.1347590332199904
954240,3777.9426252491126,9999.387096774102,0.0,0.8757411599502921,1.1347585719665112
954300,3778.0889431129954,9999.387096774102,0.0,0.8744545803726061,1.134758425622121
954360,3778.3202560854447,9999.387096774102,0.0,0.8742925903432996,1.1347581459327656
954420,3778.230431984282,9999.387096774102,0.0,0.8751241489773618,1.1347572256886385
954480,3777.9011324470453,9999.387096774102,0.0,0.8768289181951691,1.1347566290507467
954540,3778.101884099051,9999.387096774102,0.0,0.8755580936751833,1.1347563180537585
954600,3778.0552979684035,9999.387096774102,0.0,0.8754225275202044,1.1347561515998705
954660,3778.272792215401,9999.387096774102,0.0,0.8742789275829105,1.1347562304887435
954720,3778.08716239215,9999.387096774102,0.0,0.8749812251694573,1.134756198343074
954780,3777.876998205763,9999.387096774102,0.0,0.8759382712382691,1.1347563127022149
954840,3777.8674893560715,9999.387096774102,0.0,0.8760451194265055,1.1347564189428176
954900,3778.123485971819,9999.387096774102,0.0,0.8741681324832236,1.1347568234937717
954960,3778.0517034903028,9999.387096774102,0.0,0.8747612011966793,1.1347569890157807
955020,3777.9721886691536,9999.387096774102,0.0,0.8750538232571563,1.1347572903554168
955080,3777.8745587560134,9999.387096774102,0.0,0.8755840060440555,1.1347574611900662
955140,3777.649970161726,9999.387096774102,0.0,0.8766955651283583,1.1347576797719718
955200,3777.9161938351967,9999.387096774102,0.0,0.8751418792996446,1.134758029437613
955260,3777.957613493116,9999.387096774102,0.0,0.8745853940682231,1.134758322164704
955320,3777.9508956641534,9999.387096774102,0.0,0.8747856869990515,1.1347586026580112
955380,3777.7874785632443,9999.387096774102,0.0,0.8755652257310562,1.1347587265465546
955440,3777.6843040998556,9999.387096774102,0.0,0.8758961729621765,1.1347589711496824
955500,3777.730746208523,9999.387096774102,0.0,0.8757852644577753,1.1347591365307215
955560,3778.057591139754,9999.387096774102,0.0,0.8736644732893719,1.1347595466107092
955620,3778.1033962752676,9999.387096774102,0.0,0.8746078171356015,1.1347594055364358
955680,3777.9873874300683,9999.387096774102,0.0,0.8753052893053568,1.1347588641269069
955740,3777.6688744906864,9999.387096774102,0.0,0.8770665101309474,1.1347585686214474
955800,3778.224000809025,9999.387096774102,0.0,0.8747603106998969,1.1347582075372853
955860,3778.163805299441,9999.387096774102,0.0,0.8752647517474798,1.1347573931685113
955920,3778.328875225744,9999.387096774102,0.0,0.8740894197286231,1.1347570686915076
955980,3778.150270202432,9999.387096774102,0.0,0.8751538209003633,1.1347566157712696
956040,3777.83698383243,9999.387096774102,0.0,0.8767466737613542,1.1347563887760914
956100,3778.011823382854,9999.387096774102,0.0,0.8755686880274842,1.1347564039075058
956160,3777.9926779192883,9999.387096774102,0.0,0.8753052066075514,1.1347564984929834
956220,3778.197777743415,9999.387096774102,0.0,0.8742870555227277,1.1347567421304636
956280,3778.0142761613,9999.387096774102,0.0,0.8750169880653569,1.1347568231374598
956340,3777.8104702797677,9999.387096774102,0.0,0.8759595463675091,1.1347570145897512
956400,3777.80701140905,9999.387096774102,0.0,0.876046774407185,1.1347571727012042
956460,3778.0686597883914,9999.387096774102,0.0,0.8741741145048293,1.1347576003346163
956520,3778.007880082607,9999.387096774102,0.0,0.8747160022759195,1.1347577772554651
956580,3777.9178408431417,9999.387096774102,0.0,0.8750913836279448,1.1347580629479193
956640,3777.824080375426,9999.387096774102,0.0,0.8756144334425464,1.1347582183649416
956700,3777.613728298824,9999.387096774102,0.0,0.8766584173721379,1.1347584151625887
956760,3777.8806092253444,9999.387096774102,0.0,0.8751234799756268,1.1347587350639483
956820,3777.929993693844,9999.387096774102,0.0,0.8745481662311183,1.1347589957319602
956880,3777.9186010651865,9999.387096774102,0.0,0.8751819543470504,1.134759209423771
956940,3777.9813633639947,9999.387096774102,0.0,0.8755433944710909,1.1347587705043305
957000,3777.8030922914,9999.387096774102,0.0,0.8763980799593266,1.1347583491400373
957060,3778.1703309952973,9999.387096774102,0.0,0.8742508481430765,1.1347582773631142
957120,3778.357790457339,9999.387096774102,0.0,0.8745084929605524,1.1347575587258267
957180,3778.2728461016063,9999.387096774102,0.0,0.8745521939358972,1.1347569141088236
957240,3778.0695340051802,9999.387096774102,0.0,0.8756350207729301,1.1347564786040127
957300,3778.0017093729457,9999.387096774102,0.0,0.8759605570084605,1.1347561340584635
957360,3778.097020832389,9999.387096774102,0.0,0.8749225686188552,1.1347561666874224
957420,3778.073377659879,9999.387096774102,0.0,0.8752098978533486,1.1347561304485652
957480,3778.2112736108475,9999.387096774102,0.0,0.8741628155829684,1.1347563881854272
957540,3778.0353292287205,9999.387096774102,0.0,0.8752005252951193,1.134756428948335
957600,3777.7366474677524,9999.387096774102,0.0,0.8767426713281359,1.1347565714216217
957660,3777.922749680195,9999.387096774102,0.0,0.8755561085362018,1.1347568506392762
957720,3777.922318181537,9999.387096774102,0.0,0.8752185416025603,1.1347571344389404
957780,3778.113545716347,9999.387096774102,0.0,0.8743031336975622,1.134757501609462
957840,3777.932595623242,9999.387096774102,0.0,0.8750614145562194,1.1347576676899742
957900,3777.737435173195,9999.387096774102,0.0,0.8759813783649341,1.1347579112411454
957960,3777.741559600413,9999.387096774102,0.0,0.8760438379517893,1.1347580989128934
958020,3778.0093479544007,9999.387096774102,0.0,0.874174165960517,1.13475853095866
958080,3777.9593682288596,9999.387096774102,0.0,0.8746674876210521,1.1347587042538223
958140,3777.857025106819,9999.387096774102,0.0,0.8751373792602776,1.1347589603987354
958200,3777.768019387241,9999.387096774102,0.0,0.8756491018524429,1.1347590897692583
958260,3777.573648431017,9999.387096774102,0.0,0.8766170086826297,1.134759255657722
958320,3778.1313433818177,9999.387096774102,0.0,0.873842793574369,1.134759533876905
958380,3778.12101285767,9999.387096774102,0.0,0.8746634894916114,1.1347590562778138
958440,3778.057415799651,9999.387096774102,0.0,0.8746911932072875,1.1347587674965
958500,3777.8138977516946,9999.387096774102,0.0,0.8765628859014154,1.1347584030147195
958560,3778.099143457751,9999.387096774102,0.0,0.8757606842847846,1.134757608857549
958620,3777.991501319787,9999.387096774102,0.0,0.876024518315358,1.134757049648164
958680,3778.304941440642,9999.387096774102,0.0,0.8743684031342781,1.1347568027173724
958740,3778.189789559707,9999.387096774102,0.0,0.8746095012746306,1.1347565424292687
958800,3777.9800189431426,9999.387096774102,0.0,0.8756657142440472,1.1347564469973865
958860,3777.9099452775818,9999.387096774102,0.0,0.8760081548688222,1.134756387751371
958920,3778.0265141043833,9999.387096774102,0.0,0.8749060903584541,1.134756624284037
958980,3778.0132829309127,9999.387096774102,0.0,0.875154634983776,1.134756725669928
959040,3778.137425958543,9999.387096774102,0.0,0.8742180389412926,1.1347570633517479
959100,3777.967596665621,9999.387096774102,0.0,0.8752331361093533,1.1347571656388353
959160,3777.6805881257415,9999.387096774102,0.0,0.8767260353248613,1.1347573420589157
959220,3777.8697532978385,9999.387096774102,0.0,0.8755504632695034,1.1347576344639378
959280,3777.883680338297,9999.387096774102,0.0,0.8751552193291646,1.1347579185412615
959340,3778.0650636408022,9999.387096774102,0.0,0.8743131729073261,1.1347582666924831
959400,3777.8858182848103,9999.387096774102,0.0,0.8750916288002706,1.1347584098203132
959460,3777.6965438943243,9999.387096774102,0.0,0.8759972102289014,1.1347586248046047
959520,3777.7056856338627,9999.387096774102,0.0,0.8760409679946793,1.1347587832277255
959580,3777.9690002979073,9999.387096774102,0.0,0.8742370512330586,1.1347591762866753
959640,3778.2535630269203,9999.387096774102,0.0,0.8739798136050266,1.1347590904830653
959700,3778.0713238317994,9999.387096774102,0.0,0.8749127772597519,1.1347585530939703
959760,3777.718162018656,9999.387096774102,0.0,0.8769856339149682,1.1347582548008037
959820,3778.1363659214067,9999.387096774102,0.0,0.8753901657707402,1.1347578000768221
959880,3778.111465789899,9999.387096774102,0.0,0.875684958509743,1.1347570007175116
959940,3778.4396705420054,9999.387096774102,0.0,0.8734806431255802,1.1347567553128108
960000,3778.2244224895744,9999.387096774102,0.0,0.874833515023544,1.134756303225084
960060,3777.9243958823827,9999.387096774102,0.0,0.8763468439131045,1.1347561057883506
960120,3777.998024120528,9999.387096774102,0.0,0.8757385637019192,1.1347560864131918
960180,3777.897282106027,9999.387096774102,0.0,0.875994667586889,1.1347561717735661
960240,3778.200744602936,9999.387096774102,0.0,0.8743404708094213,1.1347564548866682
960300,3778.087494611101,9999.387096774102,0.0,0.8746228497240943,1.1347566036038599
960360,3777.8793766222507,9999.387096774102,0.0,0.8757101194609578,1.1347568023167292
960420,3777.8187962524657,9999.387096774102,0.0,0.8760339195196835,1.134756956425148
960480,3777.9479699007065,9999.387096774102,0.0,0.8748993436255268,1.1347573425975268
960540,3777.947023767758,9999.387096774102,0.0,0.875090297169888,1.1347575518202169
960600,3778.0557120867734,9999.387096774102,0.0,0.8742817241146397,1.134757942173724
960660,3777.8929318610813,9999.387096774102,0.0,0.875271992016491,1.1347580819308805
960720,3777.6191161923703,9999.387096774102,0.0,0.8767082842944167,1.1347582723326055
960780,3777.8120068836383,9999.387096774102,0.0,0.8755403033956448,1.1347585621820235
960840,3777.8412936627274,9999.387096774102,0.0,0.8750841881747061,1.1347588332250966
960900,3778.010772172547,9999.387096774102,0.0,0.8743280916398389,1.1347591498330762
960960,3777.8332775713848,9999.387096774102,0.0,0.8751289115714505,1.1347592597754361
961020,3777.5358710614964,9999.387096774102,0.0,0.8769621047490901,1.1347594013650049
961080,3777.9642502513884,9999.387096774102,0.0,0.8754490606670042,1.1347591699894264
961140,3777.927153707362,9999.387096774102,0.0,0.8755223307555856,1.1347587650082498
961200,3778.2822825936573,9999.387096774102,0.0,0.873644833001627,1.134758730434353
961260,3778.216073242017,9999.387096774102,0.0,0.8750841572566562,1.1347579897850357
961320,3778.064223778159,9999.387096774102,0.0,0.875766117645469,1.1347572168852957
961380,3778.0409492813174,9999.387096774102,0.0,0.8755000970562793,1.134756845179172
961440,3778.0473325781004,9999.387096774102,0.0,0.8756302825776302,1.1347565019197625
961500,3778.3391619369354,9999.387096774102,0.0,0.8735809048282781,1.1347565971429077
961560,3778.13542583297,9999.387096774102,0.0,0.8748462777510391,1.134756465030891
961620,3777.8381699857955,9999.387096774102,0.0,0.8763810212377986,1.134756495598564
961680,3777.9238809218077,9999.387096774102,0.0,0.8757508050010692,1.1347566330905976
961740,3777.8419177828705,9999.387096774102,0.0,0.8759219711638951,1.1347568263589694
961800,3778.142114922019,9999.387096774102,0.0,0.8743114656154047,1.1347571772787433
961860,3778.027365966207,9999.387096774102,0.0,0.874637535223195,1.1347573644466498
961920,3777.820347594072,9999.387096774102,0.0,0.8757381376861706,1.1347575799493221
961980,3777.7647451358507,9999.387096774102,0.0,0.8760530213043405,1.1347577384887222
962040,3777.902133529008,9999.387096774102,0.0,0.8749019800843404,1.1347581142128507
962100,3777.9112639581103,9999.387096774102,0.0,0.8750428694045592,1.1347583092209816
962160,3778.0094227648074,9999.387096774102,0.0,0.8743211650484887,1.1347586654235107
962220,3777.8505698739978,9999.387096774102,0.0,0.8752989685404113,1.1347587762642923
962280,3777.5867768147104,9999.387096774102,0.0,0.8766904839530121,1.1347589335991184
962340,3777.9867587785816,9999.387096774102,0.0,0.8747649287741567,1.1347591298869222
962400,3778.0662271575584,9999.387096774102,0.0,0.8750662409162083,1.1347586693523684
962460,3778.1521894887396,9999.387096774102,0.0,0.8741886587695651,1.1347584711743106
962520,3777.9546420923566,9999.387096774102,0.0,0.8760584214165416,1.1347580994641209
962580,3778.136394557308,9999.387096774102,0.0,0.8756754646433671,1.1347572522693379
962640,3777.923367344387,9999.387096774102,0.0,0.8766116005468181,1.1347566684933614
962700,3778.2387817493322,9999.387096774102,0.0,0.8748220203763929,1.1347564151929417
962760,3778.2136391790723,9999.387096774102,0.0,0.8745251142479701,1.1347562247947751
962820,3778.099731610392,9999.387096774102,0.0,0.875163880909461,1.1347561769326044
962880,3777.9648816444865,9999.387096774102,0.0,0.875760061088272,1.134756119522949
962940,3777.9329576827668,9999.387096774102,0.0,0.8755291908881736,1.1347563102633476
963000,3777.951403789895,9999.387096774102,0.0,0.8755775835666663,1.1347564318436283
963060,3778.2365707794006,9999.387096774102,0.0,0.8736359762438862,1.1347568557758143
963120,3778.0423546690135,9999.387096774102,0.0,0.8748689844727128,1.1347569652992282
963180,3777.7506416548163,9999.387096774102,0.0,0.8763957005390058,1.134757162590529
963240,3777.8417165115425,9999.387096774102,0.0,0.8757643569053145,1.1347574202167032
963300,3777.7815476851933,9999.387096774102,0.0,0.8758358077317531,1.1347576953608896
963360,3778.0780758622805,9999.387096774102,0.0,0.8742796198012017,1.134758088537748
963420,3777.9604952815157,9999.387096774102,0.0,0.8746592924461515,1.1347582915262369
963480,3777.7549595716937,9999.387096774102,0.0,0.875770236152674,1.1347585062463188
963540,3777.705322900351,9999.387096774102,0.0,0.8760722322505182,1.1347586553225937
963600,3777.852652288683,9999.387096774102,0.0,0.8748970784686125,1.1347590087211512
963660,3777.872049445823,9999.387096774102,0.0,0.8749883764366658,1.1347591791134521
963720,3777.957374718138,9999.387096774102,0.0,0.8743687413128193,1.1347594906898573
963780,3777.829603875289,9999.387096774102,0.0,0.8758915176987797,1.1347593555271103
963840,3777.8986139191916,9999.387096774102,0.0,0.8758491554829712,1.1347588523697618
963900,3777.801756665779,9999.387096774102,0.0,0.8761098780859815,1.134758628111952
963960,3778.476168549041,9999.387096774102,0.0,0.8733981900981765,1.134758407115106
964020,3778.275752789829,9999.387096774102,0.0,0.8746857725437038,1.1347575102830028
964080,3778.067659798155,9999.387096774102,0.0,0.875722670342019,1.1347569993543047
964140,3778.05942115229,9999.387096774102,0.0,0.8756735609326006,1.134756601549947
964200,3777.8552579751995,9999.387096774102,0.0,0.8765723107450335,1.1347563923463813
964260,3778.152951676116,9999.387096774102,0.0,0.8748043813215117,1.1347564720384693
964320,3778.1416039149326,9999.387096774102,0.0,0.8744743583583429,1.1347565463097997
964380,3778.018497544933,9999.387096774102,0.0,0.8752056339157769,1.1347566708754964
964440,3777.8907755488544,9999.387096774102,0.0,0.8757966201923936,1.1347567346705432
964500,3777.869705193751,9999.387096774102,0.0,0.8755337792472495,1.1347570071399706
964560,3777.8976489518836,9999.387096774102,0.0,0.8755363875094755,1.134757185140773
964620,3778.174658935704,9999.387096774102,0.0,0.8736795301958395,1.134757628412626
964680,3777.9870646982044,9999.387096774102,0.0,0.8748850382540421,1.13475774864975
964740,3777.7003161572998,9999.387096774102,0.0,0.8764003556809047,1.1347579383090065
964800,3777.79414474794,9999.387096774102,0.0,0.8757752399041393,1.1347581807409108
964860,3777.74953725288,9999.387096774102,0.0,0.875775956707986,1.1347584355798501
964920,3778.042379759682,9999.387096774102,0.0,0.8742608136353984,1.1347587973700552
964980,3777.923806302544,9999.387096774102,0.0,0.8746734273731335,1.1347589650558447
965040,3777.613437944432,9999.387096774102,0.0,0.8767494629848696,1.134759102455865
965100,3777.939561513226,9999.387096774102,0.0,0.8757236882000222,1.1347587992291357
965160,3777.864179026952,9999.387096774102,0.0,0.8760208613742464,1.1347583925838969
965220,3778.3905551710163,9999.387096774102,0.0,0.8730731812533197,1.1347584168327138
965280,3778.3447047574937,9999.387096774102,0.0,0.8745717735003691,1.1347576574424423
965340,3778.1533224959194,9999.387096774102,0.0,0.8753397747990814,1.13475689876367
965400,3778.0044480089264,9999.387096774102,0.0,0.8758608351420664,1.1347564832698667
965460,3778.01431580032,9999.387096774102,0.0,0.8759206532033339,1.1347561488011804
965520,3778.3383184641657,9999.387096774102,0.0,0.8736083023256966,1.1347562704733858
965580,3778.176791590386,9999.387096774102,0.0,0.8746815716567976,1.1347561752478377
965640,3777.9643981920685,9999.387096774102,0.0,0.8757151745314502,1.1347562661764328
965700,3777.9439608659545,9999.387096774102,0.0,0.8757194563845118,1.1347563700617311
965760,3777.7674853605213,9999.387096774102,0.0,0.8764864710582513,1.1347565479746604
965820,3778.0696304054813,9999.387096774102,0.0,0.874756504926782,1.1347568985606724
965880,3778.060970217076,9999.387096774102,0.0,0.874455893322993,1.1347571624940112
965940,3777.929394029087,9999.387096774102,0.0,0.8752513476972285,1.1347574161465044
966000,3777.8078656857915,9999.387096774102,0.0,0.875840972767372,1.1347575723623702
966060,3777.8014329198145,9999.387096774102,0.0,0.8755303199167965,1.1347579019024505
966120,3777.8395351392355,9999.387096774102,0.0,0.875487213844914,1.134758113335159
966180,3778.1063924505524,9999.387096774102,0.0,0.8737280181285962,1.1347585557722055
966240,3777.9251897649906,9999.387096774102,0.0,0.8749076010853654,1.1347586713217785
966300,3777.644224407115,9999.387096774102,0.0,0.8764086975999373,1.1347588403904665
966360,3777.7420061026046,9999.387096774102,0.0,0.8757843750638205,1.134759056982736
966420,3777.7144540155937,9999.387096774102,0.0,0.875707697048551,1.1347592821994232
966480,3778.235255362898,9999.387096774102,0.0,0.8733177958143707,1.1347596241434597
966540,3778.1070130165695,9999.387096774102,0.0,0.8747694809530595,1.1347591059114692
966600,3777.87796020293,9999.387096774102,0.0,0.8758202154584808,1.1347587008212814
966660,3777.8358712825247,9999.387096774102,0.0,0.8761659524227138,1.1347584477879544
966720,3778.1739845128263,9999.387096774102,0.0,0.8753579914585133,1.1347577182684365
966780,3778.200527969047,9999.387096774102,0.0,0.8747502434711091,1.134757174613587
966840,3778.2615200075934,9999.387096774102,0.0,0.8745951538960539,1.1347568414758789
966900,3778.079556646232,9999.387096774102,0.0,0.8753367551448241,1.1347564942235682
966960,3777.917378466579,9999.387096774102,0.0,0.8758929608895557,1.1347564190710107
967020,3777.930918946562,9999.387096774102,0.0,0.8759111997601242,1.1347563816877364
967080,3778.264144084419,9999.387096774102,0.0,0.8736116706853103,1.1347567106694332
967140,3778.1101758104996,9999.387096774102,0.0,0.8746633165910331,1.1347567565470909
967200,3777.8928153910288,9999.387096774102,0.0,0.8757459342429761,1.1347569346947335
967260,3777.876252213642,9999.387096774102,0.0,0.8757483371316903,1.1347571020853102
967320,3777.718360402966,9999.387096774102,0.0,0.8764268935260219,1.134757319387079
967380,3778.020546550452,9999.387096774102,0.0,0.8747264988998222,1.1347576835405422
967440,3778.0148886651823,9999.387096774102,0.0,0.8744415673233797,1.1347579448778322
967500,3777.878085863669,9999.387096774102,0.0,0.875279999854568,1.1347581811860266
967560,3777.7601937394716,9999.387096774102,0.0,0.8758709798224729,1.134758317317652
967620,3777.762724085837,9999.387096774102,0.0,0.8755348405512113,1.1347586196116162
967680,3777.8089838424307,9999.387096774102,0.0,0.8754509394107791,1.1347588036452754
967740,3778.068551473319,9999.387096774102,0.0,0.8737612452235982,1.1347592048186186
967800,3777.9878324596716,9999.387096774102,0.0,0.875262394988382,1.1347590570356483
967860,3777.9591593337063,9999.387096774102,0.0,0.8756054530216726,1.134758529252952
967920,3777.7189980156195,9999.387096774102,0.0,0.876804964296129,1.1347582654912203
967980,3778.373402923126,9999.387096774102,0.0,0.8740691833302237,1.1347579810877726
968040,3778.2484776063443,9999.387096774102,0.0,0.8749301626969259,1.1347571248447923
968100,3778.2331698791572,9999.387096774102,0.0,0.8748329644895735,1.13475671295329
968160,3778.121230390484,9999.387096774102,0.0,0.875435589621531,1.1347562830123337
968220,3777.838391456151,9999.387096774102,0.0,0.8768265797979067,1.1347560644200616
968280,3778.0852585174785,9999.387096774102,0.0,0.8752630571020629,1.1347561251474194
968340,3778.0966306951755,9999.387096774102,0.0,0.8747851737398291,1.1347562349720866
968400,3778.144781628099,9999.387096774102,0.0,0.8746396386455064,1.1347564378212107
968460,3777.9667128106285,9999.387096774102,0.0,0.8754044222712104,1.1347565150063532
968520,3777.8236921176467,9999.387096774102,0.0,0.8759006125101111,1.1347567509912084
968580,3777.847805095265,9999.387096774102,0.0,0.8758841888675526,1.1347569361409378
968640,3778.179975606163,9999.387096774102,0.0,0.8736352717522133,1.1347574146803536
968700,3778.035111966058,9999.387096774102,0.0,0.8746485721998088,1.1347575706179058
968760,3777.8126252376674,9999.387096774102,0.0,0.8757875558238759,1.1347578093154282
968820,3777.802457835703,9999.387096774102,0.0,0.8757782597529468,1.1347580163858053
968880,3777.6647398614687,9999.387096774102,0.0,0.8763611510024525,1.1347582527422981
968940,3777.967002292673,9999.387096774102,0.0,0.8746904167957015,1.1347586140908519
969000,3777.9632461698643,9999.387096774102,0.0,0.8744301468586884,1.1347588584047736
969060,3777.8205891220314,9999.387096774102,0.0,0.8753152819211691,1.134759065154609
969120,3777.7072842653934,9999.387096774102,0.0,0.875904348920491,1.1347591713335117
969180,3777.6474250180295,9999.387096774102,0.0,0.8760983021915375,1.134759418361147
969240,3778.150095155696,9999.387096774102,0.0,0.8744251550010675,1.1347593026928409
969300,3778.078601459623,9999.387096774102,0.0,0.8746729231216366,1.1347588601422782
969360,3777.960276071259,9999.387096774102,0.0,0.8755500864555349,1.1347586486116135
969420,3778.0612435072417,9999.387096774102,0.0,0.8757881053114651,1.134758015823768
969480,3778.0140046889746,9999.387096774102,0.0,0.8760980406677343,1.1347572383418518
969540,3778.2746634492264,9999.387096774102,0.0,0.8741823097414618,1.134756970292181
969600,3778.1795860290413,9999.387096774102,0.0,0.8749096702985487,1.1347565845991245
969660,3778.149300997087,9999.387096774102,0.0,0.874840846351384,1.1347565233555974
969720,3778.0257305640553,9999.387096774102,0.0,0.8754824310273995,1.134756413545731
969780,3777.7620205262338,9999.387096774102,0.0,0.876789360030629,1.1347564387902964
969840,3778.0173859685797,9999.387096774102,0.0,0.8752365310087878,1.134756661445342
969900,3778.0395600528605,9999.387096774102,0.0,0.8747307520106624,1.134756880729391
969960,3778.0753776629726,9999.387096774102,0.0,0.8746690020857549,1.1347571493823836
970020,3777.9010508409774,9999.387096774102,0.0,0.8754459518458799,1.1347572709556748
970080,3777.768344122535,9999.387096774102,0.0,0.8759109722572322,1.134757528855386
970140,3777.799735693802,9999.387096774102,0.0,0.87586392936515,1.134757721650062
970200,3778.130424441927,9999.387096774102,0.0,0.8736575651135323,1.1347581868313286
970260,3777.992706365592,9999.387096774102,0.0,0.8746385408023836,1.1347583276497266
970320,3777.7679400497555,9999.387096774102,0.0,0.875808235424095,1.1347585363647281
970380,3777.760422551224,9999.387096774102,0.0,0.8758005468265926,1.134758714204853
970440,3777.6373416894103,9999.387096774102,0.0,0.8763137343472757,1.1347589198765984
970500,3778.276652337243,9999.387096774102,0.0,0.8731667373920776,1.1347592775897613
970560,3778.1705031416727,9999.387096774102,0.0,0.8745343231858941,1.1347587681975868
970620,3777.993222093583,9999.387096774102,0.0,0.8752246841562513,1.1347584141443905
970680,3777.8004561819544,9999.387096774102,0.0,0.8766108933747808,1.1347580945198938
970740,3778.1427503343148,9999.387096774102,0.0,0.8756543242472066,1.1347573278165612
970800,3778.108907356392,9999.387096774102,0.0,0.8754256962070801,1.1347567790493822
970860,3778.351163402631,9999.387096774102,0.0,0.8742425336827855,1.1347565153191177
970920,3778.165453756762,9999.387096774102,0.0,0.8749029491344348,1.1347562053340774
970980,3777.942983004504,9999.387096774102,0.0,0.8759064195912242,1.1347561164429354
971040,3777.921243423565,9999.387096774102,0.0,0.8760513100125119,1.1347560796499037
971100,3778.160098123944,9999.387096774102,0.0,0.8742445765125662,1.134756380451199
971160,3778.087632031501,9999.387096774102,0.0,0.8748327911154828,1.1347564756778596
971220,3778.039041979875,9999.387096774102,0.0,0.8749240526246281,1.1347567500543452
971280,3777.9277555050317,9999.387096774102,0.0,0.8755273971237747,1.134756890964818
971340,3777.68385801913,9999.387096774102,0.0,0.8767423563309418,1.1347570951577943
971400,3777.9419963758296,9999.387096774102,0.0,0.8752081798778547,1.1347574414486061
971460,3777.9773557572366,9999.387096774102,0.0,0.8746647336817478,1.1347577435542575
971520,3777.9985940216043,9999.387096774102,0.0,0.8747055015359106,1.1347580514205682
971580,3777.828822264361,9999.387096774102,0.0,0.875492798769982,1.1347581952986017
971640,3777.707786372794,9999.387096774102,0.0,0.8759190301223047,1.1347584574417924
971700,3777.747344022811,9999.387096774102,0.0,0.8758374534039297,1.1347586437756316
971760,3778.076428012571,9999.387096774102,0.0,0.8736773321188449,1.1347590828359118
971820,3777.944853146221,9999.387096774102,0.0,0.8746325613899341,1.1347591973385092
971880,3777.7176226264073,9999.387096774102,0.0,0.8758356696773693,1.1347593663351485
971940,3777.753341703719,9999.387096774102,0.0,0.8760869724047504,1.1347593558833744
972000,3777.9173095659357,9999.387096774102,0.0,0.8757631441347936,1.1347588940398778
972060,3778.0591812361977,9999.387096774102,0.0,0.8745158283339094,1.1347587411345599
972120,3778.315810307352,9999.387096774102,0.0,0.8742029225125759,1.1347584636207488
972180,3778.212230254028,9999.387096774102,0.0,0.8750950764874428,1.1347575498643099
972240,3777.885273565147,9999.387096774102,0.0,0.8767951120779394,1.134756956364752
972300,3778.0764648540408,9999.387096774102,0.0,0.8755857123142247,1.1347566378812837
972360,3778.0282568604557,9999.387096774102,0.0,0.8754735266957395,1.1347564644947883
972420,3778.258761009398,9999.387096774102,0.0,0.8742596960491491,1.134756537336352
972480,3778.0772528961543,9999.387096774102,0.0,0.8749422921936232,1.1347564972524253
972540,3777.865059388492,9999.387096774102,0.0,0.8759315176619153,1.1347565960635722
972600,3777.851954018061,9999.387096774102,0.0,0.8760537968983023,1.134756687310802
972660,3778.095825621317,9999.387096774102,0.0,0.8742531369174708,1.1347570708023909
972720,3778.035710699705,9999.387096774102,0.0,0.8747814297007795,1.1347572260859358
972780,3777.9750593298713,9999.387096774102,0.0,0.8749692053418241,1.1347575202834668
972840,3777.8688542963396,9999.387096774102,0.0,0.8755603814108512,1.1347576727454032
972900,3777.6398276785067,9999.387096774102,0.0,0.8767053510434619,1.1347578748297418
972960,3777.8991281245967,9999.387096774102,0.0,0.8751897162837022,1.1347582059383305
973020,3777.943867919338,9999.387096774102,0.0,0.8746205697029511,1.1347584865203508
973080,3777.955555093832,9999.387096774102,0.0,0.8747273969359265,1.1347587598798274
973140,3777.788291801156,9999.387096774102,0.0,0.8755246792793278,1.1347588712829775
973200,3777.5685219755505,9999.387096774102,0.0,0.8767703670268658,1.1347590676118857
973260,3778.062775230267,9999.387096774102,0.0,0.8750207334640816,1.1347589000984721
973320,3778.0230083481783,9999.387096774102,0.0,0.8750849181285812,1.1347584859846664
973380,3778.1635607132607,9999.387096774102,0.0,0.8744811560418714,1.1347583812218422
973440,3778.15209021563,9999.387096774102,0.0,0.8754957544377021,1.134757676140432
973500,3778.049982560301,9999.387096774102,0.0,0.876000706164362,1.1347568930792837
973560,3778.158297801649,9999.387096774102,0.0,0.8749385874087182,1.1347565709954741
973620,3778.125828657302,9999.387096774102,0.0,0.875305003508861,1.1347562167760508
973680,3778.2926089592393,9999.387096774102,0.0,0.8740314404415314,1.1347562613479607
973740,3778.10320876458,9999.387096774102,0.0,0.8751352936291872,1.1347561399985855
973800,3777.7932765156743,9999.387096774102,0.0,0.8767310500312663,1.1347561698079718
973860,3777.9673694570024,9999.387096774102,0.0,0.8755911550237176,1.1347563633531565
973920,3777.947988704805,9999.387096774102,0.0,0.8753478411785994,1.1347565899408127
973980,3778.164542476348,9999.387096774102,0.0,0.8742682024485959,1.1347569358492515
974040,3777.9849953327703,9999.387096774102,0.0,0.8749863874336304,1.1347570920264798
974100,3777.780419917797,9999.387096774102,0.0,0.8759574675765818,1.134757330792748
974160,3777.775006647737,9999.387096774102,0.0,0.8760564806595926,1.134757520800267
974220,3778.0273057023796,9999.387096774102,0.0,0.8742497710350764,1.134757962000941
974280,3777.9787392065446,9999.387096774102,0.0,0.8747268249411085,1.1347581533519988
974340,3777.90423361929,9999.387096774102,0.0,0.8750218038652443,1.1347584467148881
974400,3777.803641541473,9999.387096774102,0.0,0.8755980127708999,1.1347585954018227
974460,3777.591257994103,9999.387096774102,0.0,0.8766645573643617,1.1347587826299896
974520,3777.8525016424896,9999.387096774102,0.0,0.8751648807227228,1.1347590875836264
974580,3777.9066989362964,9999.387096774102,0.0,0.8745724874045748,1.1347593366921784
974640,3777.918936540761,9999.387096774102,0.0,0.8750744354063541,1.1347595422830699
974700,3777.964115530721,9999.387096774102,0.0,0.8755215200018102,1.134759095970088
974760,3777.7838241027594,9999.387096774102,0.0,0.8763925830638862,1.1347586721617067
974820,3778.1287527431437,9999.387096774102,0.0,0.874379166855752,1.1347585846875774
974880,3778.327438827768,9999.387096774102,0.0,0.874541416816704,1.1347578737750295
974940,3778.254912197702,9999.387096774102,0.0,0.8745254258980223,1.1347572407348394
975000,3778.0572671912296,9999.387096774102,0.0,0.8755991789254542,1.1347568048310888
975060,3777.9839407956283,9999.387096774102,0.0,0.8759501921044666,1.134756454324217
975120,3778.065725878254,9999.387096774102,0.0,0.8750026403059121,1.1347564718160041
975180,3778.0510226334354,9999.387096774102,0.0,0.8752405821575111,1.1347564277802686
975240,3778.2062019469054,9999.387096774102,0.0,0.8740963556380077,1.1347566794475366
975300,3778.0266747045166,9999.387096774102,0.0,0.8751679156268096,1.1347567052526695
975360,3777.728326712074,9999.387096774102,0.0,0.8767145590659292,1.1347568332417737
975420,3777.9046169779385,9999.387096774102,0.0,0.8755884960694278,1.1347570924617718
975480,3777.901898212831,9999.387096774102,0.0,0.8752753057565521,1.1347573604890797
975540,3778.1083684819755,9999.387096774102,0.0,0.8742754809488839,1.1347577171503551
975600,3777.9304616712457,9999.387096774102,0.0,0.87501737564179,1.134757871926316
975660,3777.7316871699477,9999.387096774102,0.0,0.8759757587680677,1.1347580981830165
975720,3777.7315571558083,9999.387096774102,0.0,0.8760568557290535,1.13475827058713
975780,3777.98773107171,9999.387096774102,0.0,0.8742577680715731,1.1347586829387724
975840,3777.9490424577193,9999.387096774102,0.0,0.8746867786590548,1.1347588477279016
975900,3777.8656600779386,9999.387096774102,0.0,0.875051227169096,1.1347590993121155
975960,3777.7796903238896,9999.387096774102,0.0,0.876165465921571,1.1347590200682838
976020,3777.913840264081,9999.387096774102,0.0,0.8758933290395798,1.1347585385644356
976080,3777.9376662813743,9999.387096774102,0.0,0.8753665381266684,1.1347583576624505
976140,3778.4891555171725,9999.387096774102,0.0,0.8734432709487422,1.1347581417512973
976200,3778.2861854646285,9999.387096774102,0.0,0.8747852539315136,1.1347572106361024
976260,3777.983917013502,9999.387096774102,0.0,0.8763562499175163,1.134756644970445
976320,3778.072044595784,9999.387096774102,0.0,0.8757185516393714,1.1347562874188248
976380,3777.939413218553,9999.387096774102,0.0,0.8761466394560778,1.134756102900648
976440,3778.244766967162,9999.387096774102,0.0,0.8744147682118896,1.134756205570454
976500,3778.1471293445256,9999.387096774102,0.0,0.8745794018207743,1.1347562388792871
976560,3777.944141650597,9999.387096774102,0.0,0.8756411676236712,1.1347563502983222
976620,3777.8725151810436,9999.387096774102,0.0,0.8760002695805805,1.1347564389452136
976680,3777.977214262308,9999.387096774102,0.0,0.874981006023998,1.1347567795085785
976740,3777.9741871067013,9999.387096774102,0.0,0.8751748780939854,1.1347569664114028
976800,3778.1127945953062,9999.387096774102,0.0,0.8741655893944523,1.1347573661661676
976860,3777.941046248389,9999.387096774102,0.0,0.8752077838822525,1.1347575058474206
976920,3777.655711900149,9999.387096774102,0.0,0.8767014760810028,1.1347577058571392
976980,3777.8368720393746,9999.387096774102,0.0,0.8755804874159071,1.1347580066789558
977040,3777.851320274461,9999.387096774102,0.0,0.87519722863756,1.1347582950190709
977100,3778.045759378888,9999.387096774102,0.0,0.8742874645519018,1.134758644725751
977160,3777.869498957079,9999.387096774102,0.0,0.8750556316482463,1.1347587839456683
977220,3777.6777004412443,9999.387096774102,0.0,0.8759952764553889,1.1347589859498222
977280,3777.6839386116085,9999.387096774102,0.0,0.8760539877989225,1.1347591309089724
977340,3777.9360994136473,9999.387096774102,0.0,0.8743261306617263,1.1347595034170068
977400,3778.2383607725224,9999.387096774102,0.0,0.8739474068138426,1.1347594142044133
977460,3778.0554713168212,9999.387096774102,0.0,0.8748826139117438,1.1347588789085454
977520,3777.7081784520205,9999.387096774102,0.0,0.8769324293991635,1.1347585759478718
977580,3778.1027445362542,9999.387096774102,0.0,0.8754519716853358,1.1347581114593608
977640,3778.0838451194145,9999.387096774102,0.0,0.8757123840013568,1.1347573220385467
977700,3778.420689970664,9999.387096774102,0.0,0.8734628595919097,1.1347570797301008
977760,3778.208674576443,9999.387096774102,0.0,0.8748084857592637,1.1347566260538504
977820,3777.915729202151,9999.387096774102,0.0,0.8762864932513901,1.1347564241938581
977880,3777.978761263593,9999.387096774102,0.0,0.8757498304768869,1.1347563895743564
977940,3777.8737593665332,9999.387096774102,0.0,0.8760433017982815,1.134756461004618
978000,3778.1789324228885,9999.387096774102,0.0,0.874375390958787,1.1347567293265113
978060,3778.0785934969344,9999.387096774102,0.0,0.8745927986331998,1.1347568708522422
978120,3777.875260266929,9999.387096774102,0.0,0.8756727786427104,1.1347570551742214
978180,3777.8085998627594,9999.387096774102,0.0,0.8760252939170187,1.1347571929810045
978240,3777.923571777671,9999.387096774102,0.0,0.8749813967215675,1.1347575572403024
978300,3777.930928458372,9999.387096774102,0.0,0.8751251438167242,1.1347577545791836
978360,3778.0582976581613,9999.387096774102,0.0,0.8742100311437665,1.1347581377923477
978420,3777.8913312929258,9999.387096774102,0.0,0.8752357028508106,1.1347582620291123
978480,3777.616041667013,9999.387096774102,0.0,0.876685982178104,1.1347584380494238
978540,3777.798861958555,9999.387096774102,0.0,0.8755771668288517,1.1347587094195395
978600,3777.8257404148085,9999.387096774102,0.0,0.8751437114012648,1.134758966895486
978660,3778.1341120707125,9999.387096774102,0.0,0.874001598322311,1.1347592724565594
978720,3778.0629003981967,9999.387096774102,0.0,0.8751206260541194,1.134758776101418
978780,3777.8380622609134,9999.387096774102,0.0,0.8761879493219891,1.1347583570473414
978840,3777.9713359629013,9999.387096774102,0.0,0.8754257794230081,1.134758185724859
978900,3778.2652521982004,9999.387096774102,0.0,0.8749948406212162,1.134757463725472
978960,3778.280107931719,9999.387096774102,0.0,0.8744478520454237,1.134756893279468
979020,3778.1857000187674,9999.387096774102,0.0,0.8750756617414401,1.1347565008862657
979080,3778.0462685032544,9999.387096774102,0.0,0.8756712123833168,1.1347561521340788
979140,3777.981130602544,9999.387096774102,0.0,0.8755931020045347,1.1347561243373887
979200,3777.994171958823,9999.387096774102,0.0,0.8756501934080473,1.1347560990284855
979260,3778.2985759938824,9999.387096774102,0.0,0.8735637374345542,1.1347564314299248
979320,3778.099709031854,9999.387096774102,0.0,0.8748239982214959,1.134756467373948
979380,3777.809288510492,9999.387096774102,0.0,0.876327647283528,1.1347566225797185
979440,3777.885147922726,9999.387096774102,0.0,0.8757653534991469,1.134756847376186
979500,3777.802746963496,9999.387096774102,0.0,0.8759558064166251,1.1347571054936576
979560,3778.104944484554,9999.387096774102,0.0,0.8743376829590275,1.1347574996445777
979620,3778.00206716471,9999.387096774102,0.0,0.8746106387433457,1.1347577213087228
979680,3777.7991810846725,9999.387096774102,0.0,0.8757093240746089,1.1347579530724847
979740,3777.7390830351933,9999.387096774102,0.0,0.8760494995262923,1.1347581179408313
979800,3777.865514222998,9999.387096774102,0.0,0.8749752423110746,1.1347584877223142
979860,3777.883612801821,9999.387096774102,0.0,0.8750679495258977,1.1347586809042634
979920,3777.9975083571617,9999.387096774102,0.0,0.8742622925526274,1.1347590336540536
979980,3777.835702755693,9999.387096774102,0.0,0.8752699271942832,1.1347591316896208
980040,3777.5718123477827,9999.387096774102,0.0,0.8766705138324679,1.1347592745000754
980100,3777.948531796769,9999.387096774102,0.0,0.8748722722184147,1.134759447919942
980160,3778.0390929924206,9999.387096774102,0.0,0.8750962197375193,1.1347589903085822
980220,3778.136813867993,9999.387096774102,0.0,0.8741602536143035,1.1347587936435848
980280,3777.9515054288213,9999.387096774102,0.0,0.8759750871288512,1.1347584182776334
980340,3778.114611750914,9999.387096774102,0.0,0.8756663164462639,1.1347575742775275
980400,3777.897942142082,9999.387096774102,0.0,0.8766366169614117,1.1347569919660692
980460,3778.2101724381814,9999.387096774102,0.0,0.8748646796783757,1.1347567334838207
980520,3778.193224442091,9999.387096774102,0.0,0.8745306610407086,1.1347565411960472
980580,3778.0929842481696,9999.387096774102,0.0,0.8751111721962376,1.1347564882883672
980640,3777.9527725607586,9999.387096774102,0.0,0.8757340296802524,1.1347564189076005
980700,3777.908797850413,9999.387096774102,0.0,0.8755874718225598,1.1347565904573362
980760,3777.93165487882,9999.387096774102,0.0,0.8756094788009993,1.134756699444862
980820,3778.226850409338,9999.387096774102,0.0,0.8736120560985873,1.134757111827907
980880,3778.035808373,9999.387096774102,0.0,0.8748372260430329,1.1347572083337418
980940,3777.749256578499,9999.387096774102,0.0,0.8763387545933895,1.1347573927106713
981000,3777.8290726967302,9999.387096774102,0.0,0.8757789894335513,1.1347576301337292
981060,3777.763638475699,9999.387096774102,0.0,0.8758915324598902,1.1347578885363947
981120,3778.063102326929,9999.387096774102,0.0,0.8743124492782475,1.1347582665794036
981180,3777.9588288544783,9999.387096774102,0.0,0.8746228527810459,1.1347584630985734
981240,3777.756650458405,9999.387096774102,0.0,0.8757323715555438,1.1347586642906997
981300,3777.7003347223404,9999.387096774102,0.0,0.8760658960169766,1.1347587987424892
981360,3777.791705302097,9999.387096774102,0.0,0.8752964583179632,1.1347591221407094
981420,3778.2640016598975,9999.387096774102,0.0,0.8739397265317951,1.1347590474271798
981480,3778.11261790963,9999.387096774102,0.0,0.8746340444678684,1.1347585555345832
981540,3777.8381907543935,9999.387096774102,0.0,0.8763540260395926,1.1347582893787123
981600,3778.0766924445597,9999.387096774102,0.0,0.8757706686176958,1.1347577297506486
981660,3778.054735737919,9999.387096774102,0.0,0.8760025783011517,1.1347569429120588
981720,3778.4116442908366,9999.387096774102,0.0,0.8735563521854889,1.1347567136778693
981780,3778.239910534805,9999.387096774102,0.0,0.8747139575804931,1.1347562940325786
981840,3778.050651639091,9999.387096774102,0.0,0.8755746389987212,1.1347561608319316
981900,3778.0077639549913,9999.387096774102,0.0,0.875681550038721,1.1347560930012637
981960,3777.807440782807,9999.387096774102,0.0,0.8765771937286729,1.1347561489955125
982020,3778.106701249619,9999.387096774102,0.0,0.87483389429853,1.1347564142509907
982080,3778.1029271502316,9999.387096774102,0.0,0.8744764288661373,1.1347566285149022
982140,3777.9907244448823,9999.387096774102,0.0,0.8751631260648649,1.1347568582230172
982200,3777.8588418464583,9999.387096774102,0.0,0.8757804219380008,1.1347569963984747
982260,3777.8293667899197,9999.387096774102,0.0,0.8755863221981595,1.1347573153127442
982320,3777.8627465220625,9999.387096774102,0.0,0.8755610023764187,1.1347575290282972
982380,3778.1485990876013,9999.387096774102,0.0,0.8736617738135176,1.1347579948324995
982440,3777.9649312733513,9999.387096774102,0.0,0.874857227262167,1.134758127534949
982500,3777.68314851424,9999.387096774102,0.0,0.8763526140010404,1.134758321121619
982560,3777.767681399024,9999.387096774102,0.0,0.8757913950367329,1.1347585556599498
982620,3777.720840837577,9999.387096774102,0.0,0.8758187526094176,1.134758801374675
982680,3778.0170311174247,9999.387096774102,0.0,0.8742837375745031,1.1347591516282616
982740,3777.9100640571583,9999.387096774102,0.0,0.8746411654012484,1.1347593122300343
982800,3777.6078974953352,9999.387096774102,0.0,0.8766836991865888,1.1347594351359642
982860,3777.9144188643,9999.387096774102,0.0,0.8757445372648183,1.134759121348287
982920,3777.8391415555307,9999.387096774102,0.0,0.8760488648697966,1.1347587133467794
982980,3778.3679684804615,9999.387096774102,0.0,0.8730839002602598,1.1347587302600992
983040,3778.3288516095868,9999.387096774102,0.0,0.8745325833912589,1.1347579773912928
983100,3778.1370005545364,9999.387096774102,0.0,0.8753033841030949,1.1347572263187846
983160,3777.9810538215083,9999.387096774102,0.0,0.8758860497290984,1.134756805983055
983220,3777.9915282712655,9999.387096774102,0.0,0.875938676474806,1.1347564672490034
983280,3778.30877831807,9999.387096774102,0.0,0.8736723236718263,1.1347565761338714
983340,3778.160517595349,9999.387096774102,0.0,0.8746753688113029,1.1347564763890545
983400,3777.961619436304,9999.387096774102,0.0,0.8756362412392423,1.134756560319
983460,3777.930825981636,9999.387096774102,0.0,0.8757119808445323,1.134756645905725
983520,3777.7495283333574,9999.387096774102,0.0,0.8765173407813769,1.13475680730755
983580,3778.048444449524,9999.387096774102,0.0,0.8748031661817735,1.1347571399612126
983640,3778.0496393330104,9999.387096774102,0.0,0.874453163492657,1.1347573939063884
983700,3777.9305016134076,9999.387096774102,0.0,0.8751951857110126,1.1347576362997758
983760,3777.802831993964,9999.387096774102,0.0,0.8758143132118683,1.1347577769515305
983820,3777.783331528676,9999.387096774102,0.0,0.875590759320317,1.1347580855984347
983880,3777.8250866250132,9999.387096774102,0.0,0.8755247300977567,1.1347582840571206
983940,3778.1038013541365,9999.387096774102,0.0,0.8736971984237344,1.134758716858019
984000,3777.9252918018447,9999.387096774102,0.0,0.8748704929976022,1.1347588210244401
984060,3777.6478415854926,9999.387096774102,0.0,0.8763550796867381,1.1347589789182166
984120,3777.8360793474426,9999.387096774102,0.0,0.8756591317585762,1.1347590623746162
984180,3777.9853094409814,9999.387096774102,0.0,0.8755072297102495,1.1347586072229978
984240,3778.1576584841973,9999.387096774102,0.0,0.8740861765376478,1.1347584631220846
984300,3778.1626903100814,9999.387096774102,0.0,0.8750708682913841,1.1347581285800197
984360,3778.1851445085263,9999.387096774102,0.0,0.8753904224571306,1.1347572334698184
984420,3777.8850982586546,9999.387096774102,0.0,0.8768947457768962,1.1347566348149516
984480,3778.1482754080093,9999.387096774102,0.0,0.875307089441591,1.1347563523665893
984540,3778.1371943779727,9999.387096774102,0.0,0.8749327489050989,1.1347561876686303
984600,3778.2189515098366,9999.387096774102,0.0,0.8745591511771887,1.1347562169151617
984660,3778.033527862471,9999.387096774102,0.0,0.8753248776198472,1.1347561642739594
984720,3777.8730382502613,9999.387096774102,0.0,0.8759129297647792,1.1347563014537942
984780,3777.8894489219797,9999.387096774102,0.0,0.8759254705479578,1.1347564177080145
984840,3778.2166157182332,9999.387096774102,0.0,0.873670261456763,1.1347568557754129
984900,3778.0763176933847,9999.387096774102,0.0,0.8746517248632059,1.1347569924366023
984960,3777.8698404198826,9999.387096774102,0.0,0.8756827189496726,1.1347572338830225
985020,3777.8453664841077,9999.387096774102,0.0,0.8757465912088119,1.1347574372993863
985080,3777.6857323408394,9999.387096774102,0.0,0.8764492728561818,1.1347576781460393
985140,3777.985612052736,9999.387096774102,0.0,0.8747648598967526,1.1347580534038315
985200,3777.990168049852,9999.387096774102,0.0,0.8744341309573248,1.1347583245738844
985260,3777.8634764026037,9999.387096774102,0.0,0.8752338385164663,1.1347585619688851
985320,3777.7408457700403,9999.387096774102,0.0,0.8758521455419183,1.1347586911987637
985380,3777.7332419861514,9999.387096774102,0.0,0.8755897813315255,1.1347589778903506
985440,3777.7840331926445,9999.387096774102,0.0,0.8754807519635158,1.134759150981854
985500,3778.0539564705505,9999.387096774102,0.0,0.8737369130530889,1.1347595407111135
985560,3777.9815818064753,9999.387096774102,0.0,0.8751935118256376,1.1347593846541328
985620,3777.9416598338844,9999.387096774102,0.0,0.8755845450360548,1.1347588547940202
985680,3777.696084744406,9999.387096774102,0.0,0.8768316336819854,1.1347585828140991
985740,3778.332581899526,9999.387096774102,0.0,0.8741643841448267,1.1347582877610172
985800,3778.2214692393154,9999.387096774102,0.0,0.8749511947045905,1.1347574456669685
985860,3778.225116845167,9999.387096774102,0.0,0.8747497928614607,1.1347570426966926
985920,3778.1051454690087,9999.387096774102,0.0,0.8754130499984933,1.1347566064351224
985980,3777.820890657223,9999.387096774102,0.0,0.8768211582524649,1.134756380173033
986040,3778.0604421619164,9999.387096774102,0.0,0.8753032073506755,1.1347564265910075
986100,3778.073657212334,9999.387096774102,0.0,0.8748260034257164,1.1347565254638317
986160,3778.1397105336055,9999.387096774102,0.0,0.874589633388397,1.1347567206860087
986220,3777.9592415107745,9999.387096774102,0.0,0.8753662967329429,1.1347567847413584
986280,3777.8081684046533,9999.387096774102,0.0,0.8759261449843124,1.1347570013480883
986340,3777.831847086061,9999.387096774102,0.0,0.8759084676822284,1.13475717137581
986400,3778.1595573577956,9999.387096774102,0.0,0.8736884573206517,1.1347576313319705
986460,3778.02720890679,9999.387096774102,0.0,0.8746352311047564,1.1347577784334153
986520,3777.8166765394153,9999.387096774102,0.0,0.8757091602798136,1.1347580075820975
986580,3777.795582453088,9999.387096774102,0.0,0.8757718152172438,1.1347581956621364
986640,3777.6516368506686,9999.387096774102,0.0,0.8763996956984992,1.1347584156767059
986700,3777.951028768949,9999.387096774102,0.0,0.8747401920430711,1.1347587607704475
986760,3777.958480665679,9999.387096774102,0.0,0.8744208808700683,1.1347589979687274
986820,3777.7713187752856,9999.387096774102,0.0,0.8759627222298845,1.1347591607821694
986880,3777.9449090285993,9999.387096774102,0.0,0.8757226888589005,1.1347587744260614
986940,3777.810629464766,9999.387096774102,0.0,0.8763485339934911,1.1347583585789072
987000,3778.306797840318,9999.387096774102,0.0,0.8734857039852973,1.1347583477403416
987060,3778.398296521237,9999.387096774102,0.0,0.8743052261648635,1.134757617957945
987120,3778.231393990076,9999.387096774102,0.0,0.8748344808033571,1.1347569113820546
987180,3778.0168641616738,9999.387096774102,0.0,0.8758668208557278,1.134756471543431
987240,3777.9925710102343,9999.387096774102,0.0,0.8760294774550307,1.1347561326989535
987300,3778.200466224958,9999.387096774102,0.0,0.8743474008247862,1.134756207957933
987360,3778.1291975202817,9999.387096774102,0.0,0.8749091913452528,1.1347561541785516
987420,3778.113060533195,9999.387096774102,0.0,0.874791188237077,1.1347563403571386
987480,3777.988738537062,9999.387096774102,0.0,0.8754665174220203,1.1347564008282256
987540,3777.7257148549434,9999.387096774102,0.0,0.8767821770586923,1.1347565518481846
987600,3777.974395757681,9999.387096774102,0.0,0.8752720968128413,1.1347568653501836
987660,3778.001256910655,9999.387096774102,0.0,0.8747559389427935,1.1347571543861485
987720,3778.051682516315,9999.387096774102,0.0,0.8746269654545832,1.134757473657361
987780,3777.875968823857,9999.387096774102,0.0,0.8754171321451584,1.1347576260312835
987840,3777.7374030323185,9999.387096774102,0.0,0.8759362815311046,1.1347578972839882
987900,3777.7696273868232,9999.387096774102,0.0,0.8758848176916795,1.134758098540957
987960,3778.097423873464,9999.387096774102,0.0,0.8737042642312288,1.1347585611740583
988020,3777.9720304246803,9999.387096774102,0.0,0.8746225499526269,1.1347587031387827
988080,3777.757214689227,9999.387096774102,0.0,0.875742754100612,1.1347589067052417
988140,3777.7406004619916,9999.387096774102,0.0,0.8757989884463199,1.1347590688496876
988200,3777.614125611341,9999.387096774102,0.0,0.8763434510293306,1.1347592588820932
988260,3778.243024502393,9999.387096774102,0.0,0.8732405783388941,1.1347595959594583
988320,3778.1502163807963,9999.387096774102,0.0,0.8745250387092367,1.1347590919490724
988380,3777.981874896994,9999.387096774102,0.0,0.8751721856507948,1.1347587395313774
988440,3777.7819656915667,9999.387096774102,0.0,0.8766190497142934,1.1347584092509677
988500,3778.115039172622,9999.387096774102,0.0,0.8756769731550945,1.1347576462468036
988560,3778.0785753264554,9999.387096774102,0.0,0.8754787248917555,1.1347571003001158
988620,3778.332665819089,9999.387096774102,0.0,0.8742308753247753,1.1347568376619779
988680,3778.1520232513044,9999.387096774102,0.0,0.874867595295223,1.1347565262018375
988740,3777.929150986256,9999.387096774102,0.0,0.8758952135698528,1.1347564266714398
988800,3777.90367250311,9999.387096774102,0.0,0.8760567750119919,1.1347563777148457
988860,3778.1298448636444,9999.387096774102,0.0,0.8743309851366579,1.1347566590134561
988920,3778.0690319897303,9999.387096774102,0.0,0.8748550342090518,1.1347567449124871
988980,3778.0393835902964,9999.387096774102,0.0,0.8748407933486748,1.1347570124988267
989040,3777.9201448947038,9999.387096774102,0.0,0.8755025053935616,1.1347571352628818
989100,3777.672660967188,9999.387096774102,0.0,0.8767461088503253,1.1347573228851047
989160,3777.923466881205,9999.387096774102,0.0,0.8752536280439165,1.1347576498498466
989220,3777.961182586085,9999.387096774102,0.0,0.8747045457382691,1.1347579385784727
989280,3778.00096515305,9999.387096774102,0.0,0.8746500779755828,1.1347582383003634
989340,3777.8280681156352,9999.387096774102,0.0,0.8754517287205987,1.134758369009721
989400,3777.697638038536,9999.387096774102,0.0,0.8759465779847557,1.1347586125882962
989460,3777.736080300447,9999.387096774102,0.0,0.8758670564336322,1.1347587854030021
989520,3778.06244695364,9999.387096774102,0.0,0.8737232862386908,1.1347592091935896
989580,3778.160647542603,9999.387096774102,0.0,0.8744334008338941,1.1347590856230558
989640,3778.0243288032084,9999.387096774102,0.0,0.8752058807842624,1.1347585428318732
989700,3777.686110234017,9999.387096774102,0.0,0.8771060919457634,1.134758247810873
989760,3778.2198801990576,9999.387096774102,0.0,0.8749126616158679,1.1347578669511293
989820,3778.1666150522105,9999.387096774102,0.0,0.8753761063703973,1.1347570501343593
989880,3778.3781008005926,9999.387096774102,0.0,0.8739055421697262,1.1347567487240708
989940,3778.184731149303,9999.387096774102,0.0,0.8750694553863615,1.1347562962982547
990000,3777.8660372224826,9999.387096774102,0.0,0.8766902168071978,1.134756079229297
990060,3778.0190014815194,9999.387096774102,0.0,0.8756241339155152,1.134756094936261
990120,3777.9804694929903,9999.387096774102,0.0,0.875476113398815,1.134756197282309
990180,3778.220635064954,9999.387096774102,0.0,0.8742443977110106,1.1347564661531435
990240,3778.043837291125,9999.387096774102,0.0,0.8749127353710848,1.1347565701369704
990300,3777.831089127689,9999.387096774102,0.0,0.8759263015522243,1.134756772258216
990360,3777.815564684067,9999.387096774102,0.0,0.8760620362927051,1.1347569405192435
990420,3778.050368898359,9999.387096774102,0.0,0.8743286639715838,1.134757372108092
990480,3778.0023915955067,9999.387096774102,0.0,0.8747938501102217,1.134757567629921
990540,3777.957302504697,9999.387096774102,0.0,0.8749012647005834,1.1347578892101036
990600,3777.8448824994575,9999.387096774102,0.0,0.8755430614918891,1.1347580503596753
990660,3777.614636200661,9999.387096774102,0.0,0.8767064256873014,1.1347582545215231
990720,3777.8680487741312,9999.387096774102,0.0,0.8752291595011098,1.1347585789850012
990780,3777.9169341113584,9999.387096774102,0.0,0.8746483769610636,1.1347588537652686
990840,3777.9440555310885,9999.387096774102,0.0,0.8746800394101785,1.1347591212647103
990900,3777.774506387993,9999.387096774102,0.0,0.8754925143133474,1.1347592202716663
990960,3777.5480068277034,9999.387096774102,0.0,0.8767952661174576,1.134759397038687
991020,3778.03043134704,9999.387096774102,0.0,0.8750780392752725,1.1347592186684607
991080,3777.996969664202,9999.387096774102,0.0,0.875116314042379,1.134758806414478
991140,3778.1598541740286,9999.387096774102,0.0,0.8743836159669025,1.134758702910875
991200,3778.136398071966,9999.387096774102,0.0,0.875461753523559,1.134757995675601
991260,3778.029530984179,9999.387096774102,0.0,0.8759881303480055,1.1347572185918258
991320,3778.1238652396123,9999.387096774102,0.0,0.875019994589688,1.1347568896145928
991380,3778.1008776671965,9999.387096774102,0.0,0.8753337280612146,1.1347565345437887
991440,3778.283466916109,9999.387096774102,0.0,0.8739722415888403,1.1347565772919872
991500,3778.091705213464,9999.387096774102,0.0,0.8751037401327755,1.134756444734129
991560,3777.783300621548,9999.387096774102,0.0,0.8766973236157152,1.1347564626087412
991620,3777.947465119725,9999.387096774102,0.0,0.8756201213737088,1.13475663740958
991680,3777.925530316527,9999.387096774102,0.0,0.8754037246070021,1.1347568486890436
991740,3778.1557159885256,9999.387096774102,0.0,0.8742482639771988,1.13475718345967
991800,3777.9804773788605,9999.387096774102,0.0,0.874944269405521,1.134757328545213
991860,3777.7735459526216,9999.387096774102,0.0,0.8759475913471129,1.1347575499162499
991920,3777.7637472585025,9999.387096774102,0.0,0.876066005124105,1.1347577239448834
991980,3778.003761925488,9999.387096774102,0.0,0.8743349061635092,1.1347581443100037
992040,3777.9663070585448,9999.387096774102,0.0,0.8747491769883529,1.1347583259974048
992100,3777.9111132226353,9999.387096774102,0.0,0.8749362287778587,1.1347586137979158
992160,3777.801993975626,9999.387096774102,0.0,0.8755718591863224,1.1347587458626698
992220,3777.584475588989,9999.387096774102,0.0,0.8766749091021877,1.1347589182577325
992280,3778.1166435972855,9999.387096774102,0.0,0.8740322177973855,1.1347591900002707
992340,3778.124544270287,9999.387096774102,0.0,0.8747569048026959,1.1347587157373755
992400,3778.0987649730055,9999.387096774102,0.0,0.8745491373481643,1.1347584535091
992460,3777.8528341408974,9999.387096774102,0.0,0.8764969668179062,1.1347580874740093
992520,3778.123444558039,9999.387096774102,0.0,0.8757540096514036,1.134757275702016
992580,3777.9868722440406,9999.387096774102,0.0,0.8761937294118994,1.1347567079135639
992640,3778.306073328162,9999.387096774102,0.0,0.8744688452249233,1.13475646367254
992700,3778.214841036738,9999.387096774102,0.0,0.8745598380614735,1.1347562269638012
992760,3778.0186507034123,9999.387096774102,0.0,0.8755625597332429,1.134756147021629
992820,3777.933126377691,9999.387096774102,0.0,0.8759633852395843,1.134756096231389
992880,3778.0141108444973,9999.387096774102,0.0,0.8750582499864242,1.1347563326348495
992940,3778.008102617715,9999.387096774102,0.0,0.875261275375154,1.1347564492775397
993000,3778.176189683869,9999.387096774102,0.0,0.8740488756064627,1.1347568222330473
993060,3777.9951925881546,9999.387096774102,0.0,0.8751435427612286,1.1347569350550544
993120,3777.6995228539367,9999.387096774102,0.0,0.8766863319463422,1.1347571252278834
993180,3777.8682027723244,9999.387096774102,0.0,0.8756156533758873,1.1347574216994127
993240,3777.8658707641266,9999.387096774102,0.0,0.8753164443219855,1.1347577157187432
993300,3778.084141915937,9999.387096774102,0.0,0.8742558231742258,1.1347580901033176
993360,3777.910304627536,9999.387096774102,0.0,0.874982976460725,1.1347582540123071
993420,3777.7100980947234,9999.387096774102,0.0,0.8759704231534993,1.1347584770661356
993480,3777.707023413687,9999.387096774102,0.0,0.8760672337025485,1.134758642913609
993540,3777.953523889387,9999.387096774102,0.0,0.8743337079297182,1.134759039941662
993600,3777.9263546336188,9999.387096774102,0.0,0.8747001666190062,1.1347591971293431
993660,3777.8590475102956,9999.387096774102,0.0,0.8749797514344909,1.1347594407000163
993720,3777.7645049821017,9999.387096774102,0.0,0.8761518217027229,1.13475934548846
993780,3777.8912893310635,9999.387096774102,0.0,0.8759004397237269,1.1347588619574762
993840,3777.9064572022894,9999.387096774102,0.0,0.8754410664891196,1.134758672548633
993900,3778.4716207857814,9999.387096774102,0.0,0.8734162547398188,1.1347584548903022
993960,3778.2668155713404,9999.387096774102,0.0,0.8747623210990311,1.13475753448772
994020,3777.973108487582,9999.387096774102,0.0,0.8762909986339692,1.1347569741602448
994080,3778.0502516681786,9999.387096774102,0.0,0.8757270616488421,1.1347566087582137
994140,3777.9140216780825,9999.387096774102,0.0,0.8761891151028728,1.1347564161264707
994200,3778.2200490303,9999.387096774102,0.0,0.8744512308754101,1.134756507476037
994260,3778.1349308103763,9999.387096774102,0.0,0.8745537691554095,1.1347565357349583
994320,3777.9380640061304,9999.387096774102,0.0,0.8756014282272362,1.1347566348049796
994380,3777.8604540357933,9999.387096774102,0.0,0.875988961972786,1.1347567081252852
994440,3777.9511111943048,9999.387096774102,0.0,0.8750609224824332,1.134757027100728
994500,3777.9561628977867,9999.387096774102,0.0,0.8752090992392489,1.1347572018634222
994560,3778.1125472976028,9999.387096774102,0.0,0.8740987004648699,1.1347575935260912
994620,3777.9374409337024,9999.387096774102,0.0,0.875172034540374,1.1347577173572174
994680,3777.6517035566017,9999.387096774102,0.0,0.8766736250897433,1.134757902549985
994740,3777.8226272523325,9999.387096774102,0.0,0.8756140151291997,1.1347581838936094
994800,3777.8342115404357,9999.387096774102,0.0,0.8752569699138882,1.1347584574144751
994860,3778.044039100991,9999.387096774102,0.0,0.8742604617490985,1.1347587982743084
994920,3777.871299191709,9999.387096774102,0.0,0.8750088713081091,1.134758928223387
994980,3777.557810477132,9999.387096774102,0.0,0.8769727956027553,1.1347590767166358
995040,3777.9718365993867,9999.387096774102,0.0,0.8755310344234251,1.134758832158044
995100,3777.924489227745,9999.387096774102,0.0,0.875659302228059,1.1347584278559282
995160,3778.3341886328217,9999.387096774102,0.0,0.8734471464182717,1.1347584185872976
995220,3778.2661061409062,9999.387096774102,0.0,0.8749558030554478,1.1347576669287185
995280,3778.101449907676,9999.387096774102,0.0,0.8756704815455069,1.1347568916422486
995340,3778.043577330511,9999.387096774102,0.0,0.8756049777018764,1.1347565093782388
995400,3778.051635947976,9999.387096774102,0.0,0.875715216754271,1.1347561718400632
995460,3778.3650298549746,9999.387096774102,0.0,0.8735128780087117,1.1347562871621104
995520,3778.162184531555,9999.387096774102,0.0,0.8747856554328598,1.1347561681320517
995580,3777.8754080175936,9999.387096774102,0.0,0.8762541124982551,1.1347562192504153
995640,3777.936975660116,9999.387096774102,0.0,0.8757588763227085,1.1347563595174572
995700,3777.830553812841,9999.387096774102,0.0,0.8760781764069432,1.1347565599144953
995760,3778.136555613015,9999.387096774102,0.0,0.8744040427282974,1.1347569244543658
995820,3778.048254107904,9999.387096774102,0.0,0.874568833281769,1.1347571425369585
995880,3777.8502171521454,9999.387096774102,0.0,0.8756423866348731,1.1347573754701605
995940,3777.7793590912875,9999.387096774102,0.0,0.8760197155914281,1.1347575438783728
996000,3777.883579170605,9999.387096774102,0.0,0.8750529296728399,1.134757920717361
996060,3777.8997877052016,9999.387096774102,0.0,0.8751496226396953,1.1347581302317087
996120,3778.0421339961613,9999.387096774102,0.0,0.8741557505618943,1.1347585200549533
996180,3777.873074666248,9999.387096774102,0.0,0.8752070662768576,1.1347586395572578
996240,3777.598609950522,9999.387096774102,0.0,0.8766615478933499,1.1347588069509105
996300,3777.7728963514696,9999.387096774102,0.0,0.8756082495789829,1.1347590624252144
996360,3777.7994483902185,9999.387096774102,0.0,0.8751895803242584,1.1347593059226375
996420,3778.1294492103107,9999.387096774102,0.0,0.8739175298220497,1.1347596025767148
996480,3778.0478371155687,9999.387096774102,0.0,0.8750858493570763,1.1347591023601797
996540,3777.822676618728,9999.387096774102,0.0,0.8761594576283542,1.1347586814690183
996600,3777.9348382318494,9999.387096774102,0.0,0.8755313205843278,1.134758495092727
996660,3778.234081066169,9999.387096774102,0.0,0.8750342660267656,1.1347577793135168
996720,3778.256348331123,9999.387096774102,0.0,0.874455376883707,1.1347572170049693
996780,3778.175981113669,9999.387096774102,0.0,0.8750234302591694,1.1347568275386257
996840,3778.0313096655286,9999.387096774102,0.0,0.8756446662060577,1.1347564732705615
996900,3777.955227146426,9999.387096774102,0.0,0.8756463487323736,1.134756431150945
996960,3777.972300046686,9999.387096774102,0.0,0.8756794561184977,1.1347563960717242
997020,3778.2847491990656,9999.387096774102,0.0,0.8735496322469286,1.1347567178066111
997080,3778.0901764470914,9999.387096774102,0.0,0.8747956147195322,1.1347567422853522
997140,3777.8062431355393,9999.387096774102,0.0,0.8762666525681322,1.1347568855727406
997200,3777.8709792964564,9999.387096774102,0.0,0.8757766005959094,1.1347570902433217
997260,3777.7834540007952,9999.387096774102,0.0,0.8760078983235889,1.1347573312785668
997320,3778.0872982729356,9999.387096774102,0.0,0.8743748161776012,1.1347577091708345
997380,3777.9978581041314,9999.387096774102,0.0,0.874578371118583,1.1347579234899272
997440,3777.799659377728,9999.387096774102,0.0,0.8756686842067903,1.134758141300882
997500,3777.732958654412,9999.387096774102,0.0,0.8760400931799263,1.1347582906557336
997560,3777.844984315814,9999.387096774102,0.0,0.8750563608849692,1.1347586399327314
997620,3777.8705219110097,9999.387096774102,0.0,0.8751058442632614,1.134758822599032
997680,3778.003403992707,9999.387096774102,0.0,0.8741911498592385,1.134759170314755
997740,3777.877718886689,9999.387096774102,0.0,0.8757689395204982,1.1347590357764976
997800,3777.927306678992,9999.387096774102,0.0,0.8758015216583366,1.1347585265460163
997860,3777.7907217492307,9999.387096774102,0.0,0.8763104109649951,1.1347582959040392
997920,3778.479398190198,9999.387096774102,0.0,0.8735033036343415,1.13475806672483
997980,3778.291278017539,9999.387096774102,0.0,0.8747173826010028,1.1347571723803678
998040,3778.121418475357,9999.387096774102,0.0,0.8755260524065155,1.1347566819808703
998100,3778.0877473850082,9999.387096774102,0.0,0.8756267547952701,1.1347562786638155
998160,3777.859492880592,9999.387096774102,0.0,0.8766702782945653,1.134756071255688
998220,3778.1493849710537,9999.387096774102,0.0,0.8749172115424944,1.1347561560663553
998280,3778.1495500402225,9999.387096774102,0.0,0.8745069159902785,1.134756251444513
998340,3778.059696415378,9999.387096774102,0.0,0.8750721603003803,1.1347564025499188
998400,3777.9177418542004,9999.387096774102,0.0,0.8757128348825046,1.1347564787411162
998460,3777.8643111215874,9999.387096774102,0.0,0.8756386645657013,1.1347567533594436
998520,3777.892450748612,9999.387096774102,0.0,0.875631969592663,1.134756944395705
998580,3778.195199633558,9999.387096774102,0.0,0.8736024253625168,1.134757414077305
998640,3778.0092380444153,9999.387096774102,0.0,0.8748117853484633,1.1347575501715261
998700,3777.7286894498425,9999.387096774102,0.0,0.8762879309903064,1.1347577592068911
998760,3777.799368220035,9999.387096774102,0.0,0.8757925838179405,1.1347580044140209
998820,3777.732011610898,9999.387096774102,0.0,0.8759307969284856,1.1347582654746449
998880,3778.033264205452,9999.387096774102,0.0,0.8743414593727833,1.1347586399884193
998940,3777.941344178885,9999.387096774102,0.0,0.8745937893972809,1.1347588358963154
999000,3777.743198846009,9999.387096774102,0.0,0.8756999136328069,1.1347590266097567
999060,3777.6817400113787,9999.387096774102,0.0,0.8760611902692602,1.1347591470916145
999120,3777.759106427139,9999.387096774102,0.0,0.8753891005722217,1.1347594489443322
999180,3778.232060930086,9999.387096774102,0.0,0.8739906977220251,1.134759364916388
999240,3778.0940782797716,9999.387096774102,0.0,0.8746191521032601,1.1347588797279342
999300,3777.8340136944166,9999.387096774102,0.0,0.8762637275629699,1.1347586120396824
999360,3778.0504326672485,9999.387096774102,0.0,0.8757945965752106,1.1347580445865875
999420,3778.0290919193117,9999.387096774102,0.0,0.8760194450782143,1.1347572655517006
999480,3778.3771427961556,9999.387096774102,0.0,0.8736320466614461,1.1347570311841784
999540,3778.219421818381,9999.387096774102,0.0,0.8747144994043858,1.1347566142378107
999600,3778.0449601520227,9999.387096774102,0.0,0.8754954388466978,1.1347564797292244
999660,3777.9923858010243,9999.387096774102,0.0,0.8756717338765629,1.134756397284834
999720,3777.787895110914,9999.387096774102,0.0,0.8766022905024345,1.1347564391889016
999780,3778.083328222079,9999.387096774102,0.0,0.8748795393862274,1.134756687637389
999840,3778.088105139414,9999.387096774102,0.0,0.8744808504786311,1.1347568918689939
999900,3777.989621360369,9999.387096774102,0.0,0.8751071282139079,1.1347571109953656
999960,3777.852015612975,9999.387096774102,0.0,0.8757521287381816,1.1347572336043164
1000020,3777.8101168729886,9999.387096774102,0.0,0.8756427648951169,1.1347575313097753
1000080,3777.846869025659,9999.387096774102,0.0,0.8755961531719986,1.134757731241828
1000140,3778.1427411907766,9999.387096774102,0.0,0.8736398157010753,1.1347581856397557
1000200,3777.962820039196,9999.387096774102,0.0,0.8748229518580962,1.1347583064171995
1000260,3777.6858003947714,9999.387096774102,0.0,0.876294764865191,1.1347584882725716
1000320,3777.758754075046,9999.387096774102,0.0,0.8758056356904975,1.1347587041751235
1000380,3777.7059610578503,9999.387096774102,0.0,0.8758767999205213,1.1347589347763238
1000440,3778.2777525653178,9999.387096774102,0.0,0.8731854323907632,1.1347593000348482
1000500,3778.1437209741434,9999.387096774102,0.0,0.8746877034438927,1.1347587795096319
1000560,3777.9192809912956,9999.387096774102,0.0,0.8756873776630041,1.134758386163247
1000620,3777.8344216066016,9999.387096774102,0.0,0.8763112357940387,1.1347581200805497
1000680,3778.1820615219017,9999.387096774102,0.0,0.8754422183078038,1.134757377526845
1000740,3778.196369914671,9999.387096774102,0.0,0.8748995091453038,1.134756831669116
1000800,3778.304478434891,9999.387096774102,0.0,0.8744816235238223,1.1347565193203157
1000860,3778.115155325126,9999.387096774102,0.0,0.8752299487769226,1.1347561826905264
1000920,3777.931520794516,9999.387096774102,0.0,0.8759216666295307,1.1347561094551277
1000980,3777.9381813924097,9999.387096774102,0.0,0.875962450193492,1.134756080803714
1001040,3778.2581246435257,9999.387096774102,0.0,0.8737173888682732,1.1347564172698754
1001100,3778.1218206440694,9999.387096774102,0.0,0.8746696621932493,1.1347564856742083
1001160,3777.935046051599,9999.387096774102,0.0,0.8755683132598483,1.134756694423771
1001220,3777.8953818927184,9999.387096774102,0.0,0.8757091653975656,1.1347568663677783
1001280,3777.713290892242,9999.387096774102,0.0,0.8765339722788881,1.1347570909492997
1001340,3778.0096739045166,9999.387096774102,0.0,0.8748403871538708,1.1347574641583593
1001400,3778.0201389496187,9999.387096774102,0.0,0.874451048652044,1.1347577498271386
1001460,3777.9120514959814,9999.387096774102,0.0,0.8751493729677706,1.1347580108865487
1001520,3777.780067546652,9999.387096774102,0.0,0.8757944796162798,1.1347581578771229
1001580,3777.7511372234662,9999.387096774102,0.0,0.8756422508168054,1.1347584608423564
1001640,3777.7972265636195,9999.387096774102,0.0,0.875552650946352,1.1347586553985511
1001700,3778.0848037894157,9999.387096774102,0.0,0.8736805978266162,1.1347590810940964
1001760,3777.9105673438894,9999.387096774102,0.0,0.8748401940276506,1.1347591755725783
1001820,3777.637655919079,9999.387096774102,0.0,0.876305922776274,1.1347593207779054
1001880,3777.8050757927,9999.387096774102,0.0,0.8757307387013901,1.1347593829651044
1001940,3777.958672609446,9999.387096774102,0.0,0.8755359046941829,1.1347589285977029
1002000,3778.133657171161,9999.387096774102,0.0,0.8741092277402821,1.1347587810139368
1002060,3778.1615735432733,9999.387096774102,0.0,0.8749690230471269,1.134758447599744
1002120,3778.1660879794617,9999.387096774102,0.0,0.8753662255200538,1.1347575570697184
1002180,3777.8651673875806,9999.387096774102,0.0,0.8768861230921237,1.134756960530484
1002240,3778.1208976501375,9999.387096774102,0.0,0.8753446039493409,1.1347566713174349
1002300,3778.111150791178,9999.387096774102,0.0,0.8749755985758585,1.1347565012055223
1002360,3778.210233320673,9999.387096774102,0.0,0.8745138066998149,1.1347565265122082
1002420,3778.023422849173,9999.387096774102,0.0,0.8752871360805196,1.1347564637413985
1002480,3777.8559999416184,9999.387096774102,0.0,0.8759338220823382,1.1347565835544646
1002540,3777.8717565188163,9999.387096774102,0.0,0.8759463266980667,1.1347566855864328
1002600,3778.1917010030234,9999.387096774102,0.0,0.8737374051642611,1.1347571041317048
1002660,3778.0652141290557,9999.387096774102,0.0,0.8746443872490614,1.1347572323661197
1002720,3777.8721083160035,9999.387096774102,0.0,0.875602555931138,1.1347574644008485
1002780,3777.8370618522686,9999.387096774102,0.0,0.8757374718825981,1.1347576483323891
1002840,3777.6716921482293,9999.387096774102,0.0,0.8764825812069268,1.1347578721686595
1002900,3777.968040213618,9999.387096774102,0.0,0.8748142100879547,1.1347582299776624
1002960,3777.9826149689534,9999.387096774102,0.0,0.8744316719740265,1.1347584923507057
1003020,3777.8686292931557,9999.387096774102,0.0,0.8751749387560146,1.1347587202127405
1003080,3777.7396674523816,9999.387096774102,0.0,0.8758234540291874,1.1347588356082727
1003140,3777.6353704901016,9999.387096774102,0.0,0.8762952091180611,1.1347590807969774
1003200,3778.1464356142474,9999.387096774102,0.0,0.8745639002234813,1.1347589586806353
1003260,3778.082853121081,9999.387096774102,0.0,0.8747559024135668,1.1347585244163387
1003320,3778.0216925841432,9999.387096774102,0.0,0.8753129960941071,1.1347583426073373
1003380,3778.0964451762734,9999.387096774102,0.0,0.8757393187564727,1.1347576896441156
1003440,3778.0368011112973,9999.387096774102,0.0,0.876092298918944,1.1347569057812528
1003500,3778.2643246747302,9999.387096774102,0.0,0.8743488142297866,1.1347566271108152
1003560,3778.1815250653567,9999.387096774102,0.0,0.8750038016297617,1.1347562516759568
1003620,3778.199241471296,9999.387096774102,0.0,0.8746387300190281,1.1347562234637674
1003680,3778.0565831927856,9999.387096774102,0.0,0.8754035238887861,1.1347561174607417
1003740,3777.775098229714,9999.387096774102,0.0,0.8768160344275753,1.134756151174905
1003800,3778.014702108088,9999.387096774102,0.0,0.8753316805817852,1.1347563787820725
1003860,3778.0298665004466,9999.387096774102,0.0,0.874861297401134,1.134756612391904
1003920,3778.1105587299594,9999.387096774102,0.0,0.8745511468245863,1.13475691252022
1003980,3777.92935172339,9999.387096774102,0.0,0.8753388560954423,1.1347570509635374
1004040,3777.7738165206442,9999.387096774102,0.0,0.8759474014421421,1.1347573142909073
1004100,3777.79825483116,9999.387096774102,0.0,0.8759267100300248,1.1347575175963076
1004160,3778.1207821319304,9999.387096774102,0.0,0.8737471859192931,1.1347579929066685
1004220,3778.002115163834,9999.387096774102,0.0,0.8746234070907681,1.134758156180829
1004280,3777.802545983036,9999.387096774102,0.0,0.8756428523770743,1.1347583913846182
1004340,3777.772802423485,9999.387096774102,0.0,0.8757682077643656,1.1347585719321296
1004400,3777.6260032875966,9999.387096774102,0.0,0.8764248046301973,1.134758782235864
1004460,3777.9226986556137,9999.387096774102,0.0,0.8747814477778617,1.1347591134419304
1004520,3777.9403639680095,9999.387096774102,0.0,0.8744141021001359,1.1347593419899982
1004580,3777.7710327990235,9999.387096774102,0.0,0.8758623073063352,1.1347594941679722
1004640,3777.924766988416,9999.387096774102,0.0,0.8757167855708083,1.134759098709154
1004700,3777.788671897912,9999.387096774102,0.0,0.8763588336429499,1.1347586805651269
1004760,3778.2667055449674,9999.387096774102,0.0,0.8736005545979203,1.134758654741644
1004820,3778.37384261405,9999.387096774102,0.0,0.8743073248748999,1.1347579348938646
1004880,3778.2151554155053,9999.387096774102,0.0,0.8747977066802781,1.1347572388999947
1004940,3778.0006595515033,9999.387096774102,0.0,0.8758532059697387,1.1347567966136232
1005000,3777.972610723939,9999.387096774102,0.0,0.8760316295082332,1.1347564521896496
1005060,3778.167596223483,9999.387096774102,0.0,0.8744337113807028,1.134756512535232
1005120,3778.1078402443286,9999.387096774102,0.0,0.8749327246640597,1.1347564523338443
1005180,3778.1105517231413,9999.387096774102,0.0,0.8747097394178289,1.1347566335101822
1005240,3777.9788960679957,9999.387096774102,0.0,0.8754407609466668,1.1347566772672224
1005300,3777.713241796678,9999.387096774102,0.0,0.8767796797887182,1.1347568125995668
1005360,3777.9542246917013,9999.387096774102,0.0,0.8753148736398418,1.1347571066951208
1005420,3777.9825884044317,9999.387096774102,0.0,0.8747994525315398,1.1347573816437886
1005480,3778.051431750239,9999.387096774102,0.0,0.874575076253455,1.1347576920050098
1005540,3777.8733870589244,9999.387096774102,0.0,0.8753759335201451,1.1347578307877444
1005600,3777.7264162760766,9999.387096774102,0.0,0.8759591735085579,1.1347580829022141
1005660,3777.7572796194804,9999.387096774102,0.0,0.8759111186671124,1.1347582696085476
1005720,3778.079635019207,9999.387096774102,0.0,0.873763657240596,1.134758714650333
1005780,3777.9677969812765,9999.387096774102,0.0,0.8746084894992703,1.1347588499634393
1005840,3777.7649365257976,9999.387096774102,0.0,0.8756631097506216,1.1347590459711632
1005900,3777.7675824105672,9999.387096774102,0.0,0.8761409746131947,1.1347590258128248
1005960,3777.92969097087,9999.387096774102,0.0,0.8758113543912706,1.134758559737149
1006020,3778.0471655557526,9999.387096774102,0.0,0.8746987968022911,1.1347584059220859
1006080,3778.381649696343,9999.387096774102,0.0,0.8739852292342404,1.1347581495434738
1006140,3778.249589637298,9999.387096774102,0.0,0.8750100461515443,1.1347572223015985
1006200,3777.918891066054,9999.387096774102,0.0,0.8767322779496544,1.1347566310199133
1006260,3778.088148076816,9999.387096774102,0.0,0.8756324551368668,1.134756306515609
1006320,3778.0188822377104,9999.387096774102,0.0,0.8756467135026411,1.1347561360383678
1006380,3778.280073844514,9999.387096774102,0.0,0.8742387988657329,1.1347562294900975
1006440,3778.108480482437,9999.387096774102,0.0,0.8748421988444965,1.134756212119816
1006500,3777.890107085001,9999.387096774102,0.0,0.8758875935528121,1.134756321597718
1006560,3777.864440407748,9999.387096774102,0.0,0.8760588692296898,1.134756422668348
1006620,3778.07905594121,9999.387096774102,0.0,0.8744116530290335,1.1347568093300404
1006680,3778.0310189207726,9999.387096774102,0.0,0.8748676605689238,1.1347569831324444
1006740,3778.0167391085615,9999.387096774102,0.0,0.8747759893076426,1.1347573144140801
1006800,3777.892262092768,9999.387096774102,0.0,0.8754845052302221,1.1347574736646984
1006860,3777.6444218001893,9999.387096774102,0.0,0.876742008023231,1.1347576845775047
1006920,3777.8890642815427,9999.387096774102,0.0,0.8752909726278296,1.134758020844172
1006980,3777.930405544946,9999.387096774102,0.0,0.8747348665794888,1.1347583155719447
1007040,3777.9854949244605,9999.387096774102,0.0,0.8746057196917548,1.1347586182107994
1007100,3777.8110568265324,9999.387096774102,0.0,0.8754196096269011,1.1347587433254407
1007160,3777.674283694386,9999.387096774102,0.0,0.8759692509067687,1.1347589725616
1007220,3777.7125421184824,9999.387096774102,0.0,0.8758898767122397,1.1347591327511395
1007280,3778.034943558299,9999.387096774102,0.0,0.8737757841035718,1.1347595383734854
1007340,3778.151906011899,9999.387096774102,0.0,0.8743713105909477,1.1347594118969253
1007400,3778.0085254620412,9999.387096774102,0.0,0.8751754345871011,1.1347588689007508
1007460,3777.6708795012623,9999.387096774102,0.0,0.877085635100114,1.1347585674360388
1007520,3778.1820299529845,9999.387096774102,0.0,0.8749952358618645,1.1347581760749583
1007580,3778.1385315087387,9999.387096774102,0.0,0.8754052687986948,1.1347573709241487
1007640,3778.3657602080048,9999.387096774102,0.0,0.873847845355054,1.134757076240562
1007700,3778.1698722593555,9999.387096774102,0.0,0.8750398726558,1.1347566198559933
1007760,3777.8540349784475,9999.387096774102,0.0,0.8766507009947788,1.1347563967047272
1007820,3777.997078720818,9999.387096774102,0.0,0.8756495330329377,1.1347563972671493
1007880,3777.9557980526292,9999.387096774102,0.0,0.875530521239775,1.134756486478844
1007940,3778.207751091912,9999.387096774102,0.0,0.8742329482954251,1.1347567448002902
1008000,3778.0366038191423,9999.387096774102,0.0,0.8748730615486234,1.1347568389353009
1008060,3777.8228326955377,9999.387096774102,0.0,0.8759123107929195,1.134757024347226
1008120,3777.8028135546383,9999.387096774102,0.0,0.8760681553964509,1.134757176475474
1008180,3778.0247874294046,9999.387096774102,0.0,0.8744148042606379,1.1347575865246247
1008240,3777.987772792228,9999.387096774102,0.0,0.8748185358503124,1.1347577715218604
1008300,3777.962140410725,9999.387096774102,0.0,0.8748168546506572,1.1347580866340978
1008360,3777.8417748117868,9999.387096774102,0.0,0.8755155243695879,1.1347582304456723
1008420,3777.6071719299716,9999.387096774102,0.0,0.8767110194317008,1.1347584190183007
1008480,3777.8528349741155,9999.387096774102,0.0,0.8752765792893404,1.1347587256403633
1008540,3777.903716338563,9999.387096774102,0.0,0.8746908148232361,1.1347589887445009
1008600,3777.9851164033234,9999.387096774102,0.0,0.8748218306046575,1.1347592300434437
1008660,3778.003245887159,9999.387096774102,0.0,0.875431615797716,1.134758771289852
1008720,3777.808019660046,9999.387096774102,0.0,0.8763694658470661,1.1347583489351483
1008780,3778.108166100732,9999.387096774102,0.0,0.8746101957038392,1.1347582480834761
1008840,3778.3310572366886,9999.387096774102,0.0,0.8746468953073828,1.1347575301647546
1008900,3778.2831267692554,9999.387096774102,0.0,0.8744739649322059,1.1347569117436154
1008960,3778.1006803412456,9999.387096774102,0.0,0.875488509163386,1.1347564843549283
1009020,3778.011501628133,9999.387096774102,0.0,0.875895599930903,1.1347561376573987
1009080,3778.056931150404,9999.387096774102,0.0,0.875150187032917,1.134756151530732
1009140,3778.048555449385,9999.387096774102,0.0,0.8753468565999017,1.134756120258382
1009200,3778.2462567219677,9999.387096774102,0.0,0.8739324966788445,1.1347564052147483
1009260,3778.056206743457,9999.387096774102,0.0,0.8750800640317363,1.1347564412799713
1009320,3777.7516650708963,9999.387096774102,0.0,0.8766611392949437,1.1347565840342604
1009380,3777.9066140418854,9999.387096774102,0.0,0.8756455051918397,1.1347568473287792
1009440,3777.8856327509293,9999.387096774102,0.0,0.8754410562046737,1.1347571251474038
1009500,3778.1261437006865,9999.387096774102,0.0,0.8742350075094235,1.1347575074125966
1009560,3777.956105795409,9999.387096774102,0.0,0.87491172696492,1.1347576850953502
1009620,3777.7488142622437,9999.387096774102,0.0,0.8759390403579187,1.134757921326172
1009680,3777.7360337910422,9999.387096774102,0.0,0.8760739111154268,1.134758102280386
1009740,3777.966111144046,9999.387096774102,0.0,0.8744115139585179,1.1347585172114725
1009800,3777.9401077667403,9999.387096774102,0.0,0.8747643617419942,1.1347586985207285
1009860,3777.901069014936,9999.387096774102,0.0,0.8748663094133784,1.1347589835007046
1009920,3777.785572825827,9999.387096774102,0.0,0.8755515864013687,1.1347591012165157
1009980,3777.565876302049,9999.387096774102,0.0,0.8766769870174472,1.1347592583116477
1010040,3778.0763227279167,9999.387096774102,0.0,0.8741475480640772,1.134759506914608
1010100,3778.098310934279,9999.387096774102,0.0,0.8747804387277741,1.1347590369523255
1010160,3778.086410726129,9999.387096774102,0.0,0.8745026829946336,1.1347587778141563
1010220,3777.8446612834123,9999.387096774102,0.0,0.8764451932345745,1.1347584050206174
1010280,3778.099214430251,9999.387096774102,0.0,0.8757581479711048,1.1347575962800296
1010340,3777.958480217014,9999.387096774102,0.0,0.8762364802926328,1.134757030115777
1010400,3778.2781247166263,9999.387096774102,0.0,0.8745065101777584,1.13475678211245
1010460,3778.1986914383374,9999.387096774102,0.0,0.8745404058553655,1.1347565458714648
1010520,3778.0102064280163,9999.387096774102,0.0,0.8755207800123893,1.1347564584074412
1010580,3777.918892890695,9999.387096774102,0.0,0.8759496764686966,1.134756395164665
1010640,3777.986086997764,9999.387096774102,0.0,0.875135834378894,1.134756611764441
1010700,3777.9879849554054,9999.387096774102,0.0,0.8752943309445952,1.1347567171603494
1010760,3778.1727302196878,9999.387096774102,0.0,0.8739876802016993,1.1347570818252644
1010820,3777.989281937619,9999.387096774102,0.0,0.8751087639194916,1.134757179109704
1010880,3777.694348089998,9999.387096774102,0.0,0.8766529964452016,1.1347573545007588
1010940,3777.852670183314,9999.387096774102,0.0,0.8756457560396994,1.1347576308303682
1011000,3777.8471267212294,9999.387096774102,0.0,0.8753756673276019,1.1347579090340092
1011060,3778.0792278438503,9999.387096774102,0.0,0.8742364770912827,1.1347582729095735
1011120,3777.910149461203,9999.387096774102,0.0,0.8749380138553202,1.1347584270131301
1011180,3777.7074085617323,9999.387096774102,0.0,0.8759572583773131,1.1347586341593903
1011240,3777.6992130377103,9999.387096774102,0.0,0.8760772469905198,1.1347587855151988
1011300,3777.9180274166374,9999.387096774102,0.0,0.8745340576400461,1.1347591599471842
1011360,3778.2760272943683,9999.387096774102,0.0,0.8738706653702271,1.1347590852119862
1011420,3778.0883440598423,9999.387096774102,0.0,0.8748036263664903,1.1347585560329985
1011480,3777.7455364035263,9999.387096774102,0.0,0.8768501594831527,1.1347582624009351
1011540,3778.1104235117136,9999.387096774102,0.0,0.8755453958352899,1.1347577757663723
1011600,3778.091096608066,9999.387096774102,0.0,0.8757995024618023,1.1347569815362406
1011660,3778.448566022494,9999.387096774102,0.0,0.8734007598562629,1.134756750389648
1011720,3778.235948704672,9999.387096774102,0.0,0.8747609837985817,1.1347563036472377
1011780,3777.957764866024,9999.387096774102,0.0,0.8761453574339739,1.1347561205476089
1011840,3777.9961338068124,9999.387096774102,0.0,0.8757483488114469,1.1347560861454062
1011900,3777.865657250748,9999.387096774102,0.0,0.8761962343622536,1.1347561628235445
1011960,3778.1746322840654,9999.387096774102,0.0,0.8744747780869361,1.134756443095996
1012020,3778.0995623527438,9999.387096774102,0.0,0.874536175709076,1.1347566146851265
1012080,3777.9087587876775,9999.387096774102,0.0,0.8755691896665765,1.1347568179912628
1012140,3777.8266824737357,9999.387096774102,0.0,0.8759829104650002,1.1347569664077346
1012200,3777.907526498165,9999.387096774102,0.0,0.875129467889115,1.1347573321339872
1012260,3777.9212511815094,9999.387096774102,0.0,0.8752326844569207,1.1347575444902314
1012320,3778.091669204076,9999.387096774102,0.0,0.874049660050639,1.1347579617448116
1012380,3777.9153651889324,9999.387096774102,0.0,0.8751441297023272,1.1347580961123065
1012440,3777.631418085863,9999.387096774102,0.0,0.8766448941626067,1.1347582841928505
1012500,3777.793823962173,9999.387096774102,0.0,0.8756423715048864,1.1347585578939676
1012560,3777.804950051225,9999.387096774102,0.0,0.8753019545794043,1.1347588232882828
1012620,3778.0267846127135,9999.387096774102,0.0,0.8742413291348224,1.1347591564002009
1012680,3777.8584488720244,9999.387096774102,0.0,0.8749713818642642,1.134759276587626
1012740,3777.5465588894053,9999.387096774102,0.0,0.876942315348325,1.1347594082229153
1012800,3777.9432509896715,9999.387096774102,0.0,0.8755697632702393,1.1347591526877037
1012860,3777.8982366459677,9999.387096774102,0.0,0.8756937621095,1.1347587481372972
1012920,3778.3222594697027,9999.387096774102,0.0,0.8733961005330584,1.1347587365077527
1012980,3778.252193697958,9999.387096774102,0.0,0.8749091695165531,1.1347579874288223
1013040,3778.0838359207423,9999.387096774102,0.0,0.875641550620838,1.1347572185872763
1013100,3778.015028327873,9999.387096774102,0.0,0.8756570960781883,1.1347568302771605
1013160,3778.0274257964743,9999.387096774102,0.0,0.8757408964203788,1.1347564897746065
1013220,3778.3464204929783,9999.387096774102,0.0,0.8735107965826868,1.134756598140128
1013280,3778.1493294937027,9999.387096774102,0.0,0.8747610030743269,1.1347564714145812
1013340,3777.8704013219594,9999.387096774102,0.0,0.8761893488561041,1.1347565131812696
1013400,3777.9209986612445,9999.387096774102,0.0,0.8757668904715842,1.1347566346427471
1013460,3777.8097339754436,9999.387096774102,0.0,0.8761259388877032,1.1347568186115222
1013520,3778.116485264125,9999.387096774102,0.0,0.8744430227692517,1.1347571666361376
1013580,3778.0412163989376,9999.387096774102,0.0,0.8745411735111739,1.1347573767567838
1013640,3777.849214790843,9999.387096774102,0.0,0.8755993115867431,1.1347575956827014
1013700,3777.7718672942297,9999.387096774102,0.0,0.8760074448588127,1.1347577479535627
1013760,3777.8617801179707,9999.387096774102,0.0,0.8751318776507522,1.1347581034033456
1013820,3777.8851569798844,9999.387096774102,0.0,0.8751870781716249,1.1347583012815068
1013880,3778.045614229275,9999.387096774102,0.0,0.874089291464551,1.1347586845377073
1013940,3777.873561781611,9999.387096774102,0.0,0.8751684425375464,1.1347587900838954
1014000,3777.5981517088476,9999.387096774102,0.0,0.8766332098252488,1.134758944405474
1014060,3777.93530617194,9999.387096774102,0.0,0.8750628580765686,1.13475910690934
1014120,3778.040655700628,9999.387096774102,0.0,0.8752046916560329,1.1347586497795683
1014180,3778.164687707977,9999.387096774102,0.0,0.8740942323201314,1.1347584738442766
1014240,3778.0111618593846,9999.387096774102,0.0,0.8757972579206096,1.1347581074256017
1014300,3778.1478356604944,9999.387096774102,0.0,0.8756083526194607,1.1347572451180223
1014360,3777.904784639541,9999.387096774102,0.0,0.8767396448288235,1.1347566553889237
1014420,3778.20986225817,9999.387096774102,0.0,0.8749761095725512,1.1347563951348658
1014480,3778.19920537079,9999.387096774102,0.0,0.8745911980901462,1.1347562171162313
1014540,3778.1370783068046,9999.387096774102,0.0,0.8749763506725124,1.1347561900605763
1014600,3777.983218296561,9999.387096774102,0.0,0.8756438339567976,1.1347561318326822
1014660,3777.9073381290245,9999.387096774102,0.0,0.8756842523145297,1.134756304583438
1014720,3777.9297739047706,9999.387096774102,0.0,0.875699151547581,1.1347564259548841
1014780,3778.2464957674856,9999.387096774102,0.0,0.873552078000761,1.1347568628780131
1014840,3778.0584078871193,9999.387096774102,0.0,0.8747726327956807,1.1347569762018859
1014900,3777.781426994081,9999.387096774102,0.0,0.8762143963469678,1.1347571820855307
1014960,3777.837695883363,9999.387096774102,0.0,0.8757875957838475,1.1347574230001982
1015020,3777.7485853707653,9999.387096774102,0.0,0.8760434413416127,1.1347576882660173
1015080,3778.0535033291094,9999.387096774102,0.0,0.8744053321113737,1.1347580788403897
1015140,3777.9762343052066,9999.387096774102,0.0,0.874552756602117,1.1347583047489322
1015200,3777.7831462970594,9999.387096774102,0.0,0.8756344447348157,1.1347585217012635
1015260,3777.7114865938815,9999.387096774102,0.0,0.8760333011854253,1.134758663941566
1015320,3777.81230698521,9999.387096774102,0.0,0.8751271471869025,1.1347589973122745
1015380,3777.8456839430496,9999.387096774102,0.0,0.8751338585330648,1.1347591704086517
1015440,3777.9939406193944,9999.387096774102,0.0,0.8741363445166507,1.1347595092589848
1015500,3777.869380710722,9999.387096774102,0.0,0.8757149980121279,1.1347593630374777
1015560,3777.9078703318664,9999.387096774102,0.0,0.8757914332708174,1.1347588513087685
1015620,3777.7632512997475,9999.387096774102,0.0,0.8763643339647598,1.134758611856827
1015680,3778.4397834451484,9999.387096774102,0.0,0.8735897866983804,1.1347583725709733
1015740,3778.266827670292,9999.387096774102,0.0,0.8747222961539555,1.1347574940969611
1015800,3778.113464061186,9999.387096774102,0.0,0.8754427293749775,1.1347570120379502
1015860,3778.069634744083,9999.387096774102,0.0,0.8756153773961102,1.1347566014131216
1015920,3777.8382605587917,9999.387096774102,0.0,0.8766877746059817,1.1347563857956449
1015980,3778.1236548766346,9999.387096774102,0.0,0.8749612585673074,1.1347564573131668
1016040,3778.1309739300345,9999.387096774102,0.0,0.874518541759058,1.1347565442984344
1016100,3778.05602512225,9999.387096774102,0.0,0.8750168934404587,1.134756686799992
1016160,3777.908808555987,9999.387096774102,0.0,0.8756833109335095,1.134756748479621
1016220,3777.8437338818303,9999.387096774102,0.0,0.8756908396855463,1.1347570024037132
1016280,3777.87496705558,9999.387096774102,0.0,0.8756644831379461,1.1347571794206226
1016340,3778.1857340185197,9999.387096774102,0.0,0.8735901817166448,1.1347576362594822
1016400,3778.004629605595,9999.387096774102,0.0,0.874780812395944,1.1347577601961114
1016460,3777.7301380213103,9999.387096774102,0.0,0.8762260991471501,1.1347579571569206
1016520,3777.789350691011,9999.387096774102,0.0,0.875803397576675,1.1347581828364859
1016580,3777.7161135933798,9999.387096774102,0.0,0.875985508763391,1.1347584277402087
1016640,3778.018853182196,9999.387096774102,0.0,0.874380895924796,1.134758787532458
1016700,3777.9408424616718,9999.387096774102,0.0,0.8745599631832617,1.1347589781345058
1016760,3777.652044852101,9999.387096774102,0.0,0.8765663516941242,1.1347591176902296
1016820,3777.934839135359,9999.387096774102,0.0,0.8757575682342542,1.1347587891292417
1016880,3777.843440148844,9999.387096774102,0.0,0.8761467545955002,1.1347583800965222
1016940,3778.388706545398,9999.387096774102,0.0,0.8730616031227914,1.1347584052768127
1017000,3778.371003338434,9999.387096774102,0.0,0.8744417369767672,1.1347576499517078
1017060,3778.177247452451,9999.387096774102,0.0,0.8751864151361515,1.1347569027497866
1017120,3777.999733046521,9999.387096774102,0.0,0.8759073629756211,1.1347564766975924
1017180,3778.0036162792358,9999.387096774102,0.0,0.8759779524252536,1.1347561417812904
1017240,3778.301958753969,9999.387096774102,0.0,0.873798750409068,1.13475625258783
1017300,3778.170906386594,9999.387096774102,0.0,0.8747023405756547,1.134756172673496
1017360,3778.007596018877,9999.387096774102,0.0,0.8754494731169122,1.1347562880939293
1017420,3777.953576014165,9999.387096774102,0.0,0.875665345572289,1.1347563775878309
1017480,3777.7483553072475,9999.387096774102,0.0,0.8766150362078479,1.134756546309694
1017540,3778.0398102379836,9999.387096774102,0.0,0.8749166470131609,1.1347568876427652
1017600,3778.0534466164836,9999.387096774102,0.0,0.8744824478758532,1.13475716474398
1017660,3777.9668177772523,9999.387096774102,0.0,0.8750623044880617,1.1347574342149491
1017720,3777.825490246361,9999.387096774102,0.0,0.8757313619403664,1.1347575871334312
1017780,3777.774859937495,9999.387096774102,0.0,0.8756907693377285,1.1347578975592194
1017840,3777.8157629376897,9999.387096774102,0.0,0.8756219880465115,1.1347581073788482
1017900,3778.118908588248,9999.387096774102,0.0,0.8736315735919673,1.1347585641935298
1017960,3777.9443566099258,9999.387096774102,0.0,0.874795052584243,1.1347586832999335
1018020,3777.6728963522005,9999.387096774102,0.0,0.8762426755289375,1.1347588582973898
1018080,3777.736248462947,9999.387096774102,0.0,0.8758185595665364,1.1347590581213796
1018140,3777.6805075084358,9999.387096774102,0.0,0.8759194259019418,1.13475927341209
1018200,3778.259556160743,9999.387096774102,0.0,0.8731739636442393,1.1347596244774598
1018260,3778.12728055382,9999.387096774102,0.0,0.8746587969646629,1.1347591050118115
1018320,3777.9069154412687,9999.387096774102,0.0,0.8756409301820411,1.134758711480549
1018380,3777.8079307193166,9999.387096774102,0.0,0.8763638199379643,1.134758432521467
1018440,3778.152374182385,9999.387096774102,0.0,0.8754749900022075,1.1347576945819655
1018500,3778.166917829706,9999.387096774102,0.0,0.8749450521704596,1.1347571531231349
1018560,3778.2920121484112,9999.387096774102,0.0,0.8744404413056961,1.134756844357905
1018620,3778.101820573029,9999.387096774102,0.0,0.8751940098719275,1.1347565040409568
1018680,3777.9127607388236,9999.387096774102,0.0,0.8759372775516064,1.1347564183590158
1018740,3777.9184723366634,9999.387096774102,0.0,0.8759799965772287,1.1347563783011967
1018800,3778.229691188485,9999.387096774102,0.0,0.8737912082196293,1.1347566964589058
1018860,3778.107180674439,9999.387096774102,0.0,0.8746687957511502,1.13475675727795
1018920,3777.935192570993,9999.387096774102,0.0,0.875486948555459,1.134756957626247
1018980,3777.8853789202885,9999.387096774102,0.0,0.8756976185751997,1.1347571102508747
1019040,3777.698145515892,9999.387096774102,0.0,0.8765616940436208,1.1347573176512726
1019100,3777.990378888926,9999.387096774102,0.0,0.8748888531342841,1.134757672564553
1019160,3778.009535820032,9999.387096774102,0.0,0.8744558279517248,1.1347579479141015
1019220,3777.9154360771586,9999.387096774102,0.0,0.8750906033850281,1.1347581990308016
1019280,3777.777538192032,9999.387096774102,0.0,0.8757639785546388,1.134758331411372
1019340,3777.7359300267563,9999.387096774102,0.0,0.8756965979935658,1.1347586145711182
1019400,3777.784411678856,9999.387096774102,0.0,0.8755905730359663,1.1347587967018724
1019460,3778.081722453239,9999.387096774102,0.0,0.8736620042541957,1.134759212841299
1019520,3778.0401615390656,9999.387096774102,0.0,0.8750143703910547,1.1347590667231762
1019580,3777.977013807091,9999.387096774102,0.0,0.8754962262789874,1.134758532498148
1019640,3777.6998303681785,9999.387096774102,0.0,0.8769502869670792,1.1347582568248054
1019700,3778.3255269877995,9999.387096774102,0.0,0.874329081486484,1.1347579452626426
1019760,3778.225108985015,9999.387096774102,0.0,0.8750547866047881,1.1347571026603624
1019820,3778.2803432112046,9999.387096774102,0.0,0.874535607882275,1.1347567255427038
1019880,3778.139298868665,9999.387096774102,0.0,0.8753320924883138,1.134756286582654
1019940,3777.8394576263267,9999.387096774102,0.0,0.8768310287050383,1.1347560658180094
1020000,3778.061561258037,9999.387096774102,0.0,0.8753918444584616,1.1347561140969036
1020060,3778.064657459693,9999.387096774102,0.0,0.8749697487702354,1.1347562245170602
1020120,3778.175876950414,9999.387096774102,0.0,0.8744793412112869,1.1347564500825915
1020180,3777.9899121996937,9999.387096774102,0.0,0.8752577097239939,1.1347565315870745
1020240,3777.8177611332603,9999.387096774102,0.0,0.875952057733034,1.1347567543747656
1020300,3777.833849652748,9999.387096774102,0.0,0.8759626072331052,1.1347569352812874
1020360,3778.1477838062174,9999.387096774102,0.0,0.8738019675366612,1.1347574036508377
1020420,3778.0353281947127,9999.387096774102,0.0,0.8746370028999989,1.1347575742933143
1020480,3777.854175629419,9999.387096774102,0.0,0.8755356866603162,1.1347578327760603
1020540,3777.8109043079166,9999.387096774102,0.0,0.8757320804759837,1.1347580246982885
1020600,3777.6433244234977,9999.387096774102,0.0,0.8765027812576176,1.1347582505403657
1020660,3777.936530650219,9999.387096774102,0.0,0.8748546961789636,1.134758602795942
1020720,3777.960398342789,9999.387096774102,0.0,0.8744302686262808,1.1347588621398075
1020780,3777.8578073339,9999.387096774102,0.0,0.8751259121009024,1.1347590825691785
1020840,3777.7241947566754,9999.387096774102,0.0,0.8758009535221971,1.1347591845053608
1020900,3777.6087843904443,9999.387096774102,0.0,0.8763552439159276,1.13475940884778
1020960,3778.1129337310344,9999.387096774102,0.0,0.8746258635310572,1.1347592763509216
1021020,3778.0586698206707,9999.387096774102,0.0,0.8747743757634697,1.1347588457120965
1021080,3778.019650477655,9999.387096774102,0.0,0.8752073482250168,1.1347586653946395
1021140,3778.0771717597113,9999.387096774102,0.0,0.8757256815533457,1.1347580075799057
1021200,3778.0141022585713,9999.387096774102,0.0,0.8760925825970668,1.1347572300987028
1021260,3778.2278706474217,9999.387096774102,0.0,0.8744387990780974,1.1347569446950905
1021320,3778.157226583299,9999.387096774102,0.0,0.8750275336464314,1.1347565698690112
1021380,3778.1931561770607,9999.387096774102,0.0,0.8745612976826802,1.1347565413416785
1021440,3778.044177150314,9999.387096774102,0.0,0.875377218299589,1.1347564223510913
1021500,3777.761072046445,9999.387096774102,0.0,0.8768073707518622,1.1347564428890748
1021560,3777.9926686735016,9999.387096774102,0.0,0.8753715675928697,1.1347566522933752
1021620,3778.0086157232904,9999.387096774102,0.0,0.8749075115893813,1.134756872123126
1021680,3778.107312949541,9999.387096774102,0.0,0.8745035258123637,1.1347571631841515
1021740,3777.9246581240936,9999.387096774102,0.0,0.8752979387174296,1.1347572881539298
1021800,3777.761794294593,9999.387096774102,0.0,0.8759656056583521,1.1347575321749628
1021860,3777.784639886143,9999.387096774102,0.0,0.8759496122920442,1.1347577201708219
1021920,3778.0995741898337,9999.387096774102,0.0,0.8738167233836414,1.1347581760660044
1021980,3777.995087758307,9999.387096774102,0.0,0.874615438819828,1.134758331864073
1022040,3777.808892542681,9999.387096774102,0.0,0.8755614478109217,1.1347585590295668
1022100,3777.7684442389523,9999.387096774102,0.0,0.8757572795920422,1.1347587217570483
1022160,3777.61517607422,9999.387096774102,0.0,0.8764594721749246,1.1347589166851983
1022220,3778.2386595676276,9999.387096774102,0.0,0.8733666618190813,1.1347592534953261
1022280,3778.1676111644165,9999.387096774102,0.0,0.8745428798715272,1.1347587570767939
1022340,3778.026171695377,9999.387096774102,0.0,0.8750161954831868,1.1347584266286173
1022400,3777.8037037033428,9999.387096774102,0.0,0.8766442868846541,1.1347580889320503
1022460,3778.1322150217134,9999.387096774102,0.0,0.8757105947592962,1.1347573098227763
1022520,3778.070337578174,9999.387096774102,0.0,0.8756646100528879,1.1347567566117047
1022580,3778.3530553310106,9999.387096774102,0.0,0.8742312201824034,1.1347565060133054
1022640,3778.1843518426576,9999.387096774102,0.0,0.8747770026043997,1.1347562137890568
1022700,3777.9590331028544,9999.387096774102,0.0,0.8758397233632829,1.1347561233948085
1022760,3777.92035225762,9999.387096774102,0.0,0.8760516508882404,1.1347560823828404
1022820,3778.114986395383,9999.387096774102,0.0,0.8744926270942562,1.1347563648751389
1022880,3778.0656246829867,9999.387096774102,0.0,0.8749481662779868,1.1347564683321512
1022940,3778.083345183066,9999.387096774102,0.0,0.8746453350929905,1.1347567733556603
1023000,3777.9462545429205,9999.387096774102,0.0,0.8754227919934224,1.134756903494036
1023060,3777.681252078285,9999.387096774102,0.0,0.8767707184855196,1.1347571011523092
1023120,3777.916230863482,9999.387096774102,0.0,0.8753496825527338,1.1347574336409412
1023180,3777.9476899144643,9999.387096774102,0.0,0.8748318866903455,1.1347577364059314
1023240,3778.031513326892,9999.387096774102,0.0,0.8745342443827402,1.134758066389261
1023300,3777.8527280847934,9999.387096774102,0.0,0.875344242485254,1.1347582126980733
1023360,3777.700413747006,9999.387096774102,0.0,0.8759779744871425,1.1347584603266312
1023420,3777.730951960938,9999.387096774102,0.0,0.8759313133706589,1.1347586413627901
1023480,3778.0474399043587,9999.387096774102,0.0,0.8738259037180325,1.1347590723476466
1023540,3777.9496642950708,9999.387096774102,0.0,0.8745965050187745,1.1347592020273536
1023600,3777.757861734365,9999.387096774102,0.0,0.8755947474972486,1.1347593880035223
1023660,3777.746005413266,9999.387096774102,0.0,0.8761626700549179,1.13475934935363
1023720,3777.905119869298,9999.387096774102,0.0,0.8758293971165843,1.1347588821782386
1023780,3778.0162960404623,9999.387096774102,0.0,0.874768414879292,1.1347587210262926
1023840,3778.3743778085873,9999.387096774102,0.0,0.8739083413012231,1.1347584662198311
1023900,3778.2313744066405,9999.387096774102,0.0,0.874980958827505,1.1347575465392183
1023960,3777.9046885991947,9999.387096774102,0.0,0.8766881869532627,1.134756958966226
1024020,3778.0637470944375,9999.387096774102,0.0,0.8756547754702523,1.1347566267792764
1024080,3777.9919982670353,9999.387096774102,0.0,0.8756973672788327,1.134756448897129
1024140,3778.2626096420067,9999.387096774102,0.0,0.8742369977939319,1.1347565347158515
1024200,3778.098242440158,9999.387096774102,0.0,0.8748051608810091,1.134756510587021
1024260,3777.8801690382866,9999.387096774102,0.0,0.8758697766152772,1.1347566054075324
1024320,3777.8499269337026,9999.387096774102,0.0,0.876061702706026,1.1347566912801492
1024380,3778.0513120558835,9999.387096774102,0.0,0.8744982155190888,1.134757056556111
1024440,3778.0141082999357,9999.387096774102,0.0,0.8748939655728715,1.1347572195718578
1024500,3778.0192215750185,9999.387096774102,0.0,0.8746933769343276,1.1347575438084034
1024560,3777.8874311734385,9999.387096774102,0.0,0.8754559319167647,1.134757685323523
1024620,3777.6360978306298,9999.387096774102,0.0,0.8767406977129127,1.1347578801272546
1024680,3777.8726249012448,9999.387096774102,0.0,0.8753357997849563,1.1347581974756993
1024740,3777.9150878561945,9999.387096774102,0.0,0.874781052685359,1.1347584791121936
1024800,3777.989011892948,9999.387096774102,0.0,0.8745526613333897,1.1347587746309908
1024860,3777.812436470905,9999.387096774102,0.0,0.8753756329217826,1.1347588880574435
1024920,3777.554252395819,9999.387096774102,0.0,0.8768939851683905,1.1347590668003686
1024980,3778.030963235144,9999.387096774102,0.0,0.8751970605839878,1.1347588774607698
1025040,3777.993647675852,9999.387096774102,0.0,0.875253380934391,1.1347584683401812
1025100,3778.2213099541223,9999.387096774102,0.0,0.8741364606846305,1.1347583956398237
1025160,3778.1835396116485,9999.387096774102,0.0,0.8753498825016623,1.1347576727777442
1025220,3778.061748662393,9999.387096774102,0.0,0.8759242880319491,1.1347568907866148
1025280,3778.117988306155,9999.387096774102,0.0,0.8751678207871737,1.1347565498599952
1025340,3778.1020226904716,9999.387096774102,0.0,0.8754360661061009,1.1347562022862616
1025400,3778.3241628348255,9999.387096774102,0.0,0.8738186626797082,1.134756273581919
1025460,3778.123204451086,9999.387096774102,0.0,0.8750188177073185,1.134756149564041
1025520,3777.811321648138,9999.387096774102,0.0,0.876630099614749,1.1347561819858627
1025580,3777.953345622593,9999.387096774102,0.0,0.8756684450455218,1.1347563598502668
1025640,3777.9112536426687,9999.387096774102,0.0,0.8755728041114363,1.134756580053751
1025700,3778.171866383786,9999.387096774102,0.0,0.8742274624579665,1.1347569389596552
1025760,3778.007280477567,9999.387096774102,0.0,0.8748428580988868,1.1347571088018087
1025820,3777.794478749775,9999.387096774102,0.0,0.8759008212800782,1.134757341865142
1025880,3777.771598017823,9999.387096774102,0.0,0.8760735313305061,1.1347575254093816
1025940,3777.9833715707523,9999.387096774102,0.0,0.874491865552699,1.1347579485945065
1026000,3777.9577971577596,9999.387096774102,0.0,0.8748348738937385,1.134758147373946
1026060,3777.9482221945923,9999.387096774102,0.0,0.87474911313746,1.1347584701489455
1026120,3777.822171248003,9999.387096774102,0.0,0.8754944775060464,1.1347586077203662
1026180,3777.586189124514,9999.387096774102,0.0,0.8767081635161633,1.13475878691639
1026240,3777.8251748662583,9999.387096774102,0.0,0.8753160190518268,1.1347590782330232
1026300,3777.8790526333655,9999.387096774102,0.0,0.8747246429748726,1.1347593289340423
1026360,3777.9847468448147,9999.387096774102,0.0,0.8747167972189673,1.134759562351407
1026420,3777.986941748358,9999.387096774102,0.0,0.8754043822246683,1.134759097122759
1026480,3777.7899429896493,9999.387096774102,0.0,0.8763569286480017,1.1347586724013496
1026540,3778.0673639229863,9999.387096774102,0.0,0.8747361023371286,1.1347585558575946
1026600,3778.3001731489367,9999.387096774102,0.0,0.8746833918407725,1.1347578452560598
1026660,3778.263911433121,9999.387096774102,0.0,0.8744547433675488,1.1347572377202593
1026720,3778.0896225346937,9999.387096774102,0.0,0.8754454966920704,1.134756810884106
1026780,3777.9946438438296,9999.387096774102,0.0,0.8758800030815558,1.1347564582272254
1026840,3778.0269398048144,9999.387096774102,0.0,0.8752240334100545,1.1347564570786093
1026900,3778.0261303181255,9999.387096774102,0.0,0.8753784263982745,1.1347564174054765
1026960,3778.2392459599587,9999.387096774102,0.0,0.8738775720997134,1.1347566953054726
1027020,3778.0476525410772,9999.387096774102,0.0,0.8750467329970242,1.1347567173345274
1027080,3777.745055165469,9999.387096774102,0.0,0.876622409442555,1.1347568462703357
1027140,3777.889577812938,9999.387096774102,0.0,0.8756721219365134,1.1347570894367562
1027200,3777.865150710188,9999.387096774102,0.0,0.8754990200706891,1.1347573509587723
1027260,3778.117674612858,9999.387096774102,0.0,0.8742241212805897,1.1347577212964537
1027320,3777.953727854739,9999.387096774102,0.0,0.8748690088064182,1.1347578888970447
1027380,3777.7451579543913,9999.387096774102,0.0,0.8759218330460896,1.1347581087535523
1027440,3777.727161367595,9999.387096774102,0.0,0.8760804375103918,1.1347582742609306
1027500,3777.9442411057084,9999.387096774102,0.0,0.8744976391540512,1.1347586690792717
1027560,3777.928587248995,9999.387096774102,0.0,0.8747914598940516,1.1347588412918874
1027620,3777.909439585763,9999.387096774102,0.0,0.874781307590088,1.134759121978636
1027680,3777.799832398617,9999.387096774102,0.0,0.8760964904546942,1.1347590221867563
1027740,3777.9134856169658,9999.387096774102,0.0,0.8758913793086354,1.1347585327719045
1027800,3777.8904224138446,9999.387096774102,0.0,0.8756637854283761,1.1347583376138246
1027860,3778.511371957605,9999.387096774102,0.0,0.8733315971334934,1.1347581287733108
1027920,3778.295354855811,9999.387096774102,0.0,0.8747235674394886,1.1347572026837076
1027980,3778.0205367379854,9999.387096774102,0.0,0.8761382551827926,1.1347566543680567
1028040,3778.072144168379,9999.387096774102,0.0,0.875716762536116,1.1347562826227697
1028100,3777.9103137923835,9999.387096774102,0.0,0.8763337978985208,1.1347560910909749
1028160,3778.2175097382965,9999.387096774102,0.0,0.8745560983387449,1.134756190808479
1028220,3778.1560608555264,9999.387096774102,0.0,0.8745102806118982,1.134756246626171
1028280,3777.975396140884,9999.387096774102,0.0,0.875490413957617,1.1347563651319597
1028340,3777.8822274987397,9999.387096774102,0.0,0.8759375434120836,1.1347564489905302
1028400,3777.9379661323132,9999.387096774102,0.0,0.8752052020337132,1.1347567692269895
1028460,3777.9486885318474,9999.387096774102,0.0,0.8753162568788205,1.134756959093599
1028520,3778.1465603306942,9999.387096774102,0.0,0.8739446706106855,1.1347573847173071
1028580,3777.9630016147034,9999.387096774102,0.0,0.8750818798838006,1.1347575199393993
1028640,3777.6708648905706,9999.387096774102,0.0,0.8766199484891499,1.134757719162513
1028700,3777.8206466330557,9999.387096774102,0.0,0.8756714312954276,1.1347580036376474
1028760,3777.814654982439,9999.387096774102,0.0,0.8754189998516334,1.134758285518796
1028820,3778.0573265585244,9999.387096774102,0.0,0.8742239720843583,1.1347586497661308
1028880,3777.8937853648977,9999.387096774102,0.0,0.874902328487443,1.1347588008877265
1028940,3777.690369631757,9999.387096774102,0.0,0.8759452801199041,1.1347589957392517
1029000,3777.6783634216804,9999.387096774102,0.0,0.876085260203692,1.1347591333856875
1029060,3777.8844394997777,9999.387096774102,0.0,0.8746290683852229,1.134759486765352
1029120,3778.256712004407,9999.387096774102,0.0,0.8738582278796033,1.1347594073747607
1029180,3778.0720503080847,9999.387096774102,0.0,0.8747759666748053,1.1347588815346512
1029240,3777.737566202867,9999.387096774102,0.0,0.876784243031745,1.134758584106577
1029300,3778.078920343924,9999.387096774102,0.0,0.8755964798501016,1.134758088179324
1029360,3778.0639265567515,9999.387096774102,0.0,0.8758246365607236,1.1347573031941647
1029420,3778.425677409182,9999.387096774102,0.0,0.8734065064024231,1.1347570730332404
1029480,3778.219255254493,9999.387096774102,0.0,0.8747409990075752,1.134756625904634
1029540,3777.9502581569977,9999.387096774102,0.0,0.8760777171934789,1.1347564392238518
1029600,3777.978061901321,9999.387096774102,0.0,0.8757532005509951,1.134756389667284
1029660,3777.843083487393,9999.387096774102,0.0,0.8762394069010194,1.1347564522500189
1029720,3778.1519911772098,9999.387096774102,0.0,0.8745149496502481,1.1347567170703825
1029780,3778.0893685430624,9999.387096774102,0.0,0.8745136319213828,1.1347568809938273
1029840,3777.9059711702603,9999.387096774102,0.0,0.8755240681138307,1.1347570709938612
1029900,3777.8175636502547,9999.387096774102,0.0,0.8759680214693913,1.1347572031996809
1029960,3777.8843216118025,9999.387096774102,0.0,0.8752058749678308,1.1347575470816793
1030020,3777.904959846704,9999.387096774102,0.0,0.8752692196788582,1.1347577469670056
1030080,3778.09242780246,9999.387096774102,0.0,0.8739886245925176,1.1347581562211966
1030140,3777.9139888071168,9999.387096774102,0.0,0.8751063780970307,1.1347582760189971
1030200,3777.630178844189,9999.387096774102,0.0,0.8766112613836889,1.1347584503994304
1030260,3777.7818294283675,9999.387096774102,0.0,0.8756731507252671,1.1347587054779276
1030320,3777.7891555313204,9999.387096774102,0.0,0.875363897067938,1.1347589567026957
1030380,3778.189224975355,9999.387096774102,0.0,0.8736930533089451,1.1347592860436306
1030440,3778.089380140916,9999.387096774102,0.0,0.8749804069752661,1.1347587782886148
1030500,3777.8582132346523,9999.387096774102,0.0,0.8760646436565376,1.1347583638753234
1030560,3777.921185610116,9999.387096774102,0.0,0.8757367326706939,1.1347581627691639
1030620,3778.2380125833506,9999.387096774102,0.0,0.8751407094133745,1.1347574364352961
1030680,3778.263760579955,9999.387096774102,0.0,0.8745246616067829,1.1347568781881383
1030740,3778.223841235164,9999.387096774102,0.0,0.8748866881756044,1.1347565079173398
1030800,3778.0652310515416,9999.387096774102,0.0,0.8755498756222165,1.1347561604193241
1030860,3777.9583851467078,9999.387096774102,0.0,0.8757328745964644,1.134756116780974
1030920,3777.9740771811144,9999.387096774102,0.0,0.87576273780509,1.134756091785328
1030980,3778.3035044620988,9999.387096774102,0.0,0.8735083757608386,1.1347564347559025
1031040,3778.113090795861,9999.387096774102,0.0,0.8747416565504839,1.134756476017379
1031100,3777.842451529602,9999.387096774102,0.0,0.8761301359543948,1.1347566424121138
1031160,3777.8832475894037,9999.387096774102,0.0,0.8757763087130829,1.1347568507979555
1031220,3777.771242370687,9999.387096774102,0.0,0.8761559000913648,1.1347570990266518
1031280,3778.078547173004,9999.387096774102,0.0,0.8744741486541486,1.1347574894350911
1031340,3778.015054972336,9999.387096774102,0.0,0.8745193981157451,1.1347577335249965
1031400,3777.8292100268986,9999.387096774102,0.0,0.8755636224633514,1.1347579693854069
1031460,3777.7471044313656,9999.387096774102,0.0,0.8759988747163201,1.134758127874735
1031520,3777.8261892422734,9999.387096774102,0.0,0.875200360351039,1.1347584773477997
1031580,3777.857229278988,9999.387096774102,0.0,0.8752143051330278,1.1347586727660035
1031640,3778.032172369408,9999.387096774102,0.0,0.8740395187394392,1.1347590518253357
1031700,3777.8590354938315,9999.387096774102,0.0,0.8751373964368822,1.1347591453847106
1031760,3777.584714384394,9999.387096774102,0.0,0.8766039356724025,1.1347592856433757
1031820,3777.898832066474,9999.387096774102,0.0,0.8751619232517781,1.1347594256189206
1031880,3778.013469518546,9999.387096774102,0.0,0.8752354671475694,1.1347589707742487
1031940,3778.147308543299,9999.387096774102,0.0,0.8740777861932265,1.1347587952037341
1032000,3778.009354601891,9999.387096774102,0.0,0.8757046039408858,1.134758426524987
1032060,3778.1270009210193,9999.387096774102,0.0,0.8755940062500166,1.134757567674499
1032120,3777.880897368214,9999.387096774102,0.0,0.8767553063041862,1.134756979500264
1032180,3778.181383957898,9999.387096774102,0.0,0.8750185787616598,1.1347567135298917
1032240,3778.176401687887,9999.387096774102,0.0,0.87461114763549,1.1347565322223359
1032300,3778.1303464436705,9999.387096774102,0.0,0.8749226539300712,1.1347565011246423
1032360,3777.971870897854,9999.387096774102,0.0,0.8756133647610067,1.134756431327356
1032420,3777.8851882224208,9999.387096774102,0.0,0.8757321479315078,1.134756585326198
1032480,3777.9104770848276,9999.387096774102,0.0,0.8757287486291517,1.1347566935682178
1032540,3778.2330371886774,9999.387096774102,0.0,0.8735505197675588,1.1347571169653177
1032600,3778.05099579323,9999.387096774102,0.0,0.8747454301525541,1.1347572185301982
1032660,3777.7814053973007,9999.387096774102,0.0,0.8761488779235862,1.1347574124467852
1032720,3777.82636753091,9999.387096774102,0.0,0.8757950834826893,1.1347576332706788
1032780,3777.731554615337,9999.387096774102,0.0,0.8760942819323588,1.134757881587368
1032840,3778.0370817838857,9999.387096774102,0.0,0.8744467295744011,1.1347582561586853
1032900,3777.973310885624,9999.387096774102,0.0,0.8745235312717117,1.1347584754212772
1032960,3777.7862896218785,9999.387096774102,0.0,0.8755881290755008,1.134758679974089
1033020,3777.7077038701264,9999.387096774102,0.0,0.8760199255523092,1.1347588076972508
1033080,3777.7396988075134,9999.387096774102,0.0,0.875620424722131,1.1347591075859935
1033140,3778.2315256402526,9999.387096774102,0.0,0.874109307331256,1.1347590211141418
1033200,3778.113235613853,9999.387096774102,0.0,0.8746161300405945,1.13475855068994
1033260,3777.888202003291,9999.387096774102,0.0,0.876075451083,1.134758304063736
1033320,3778.0743551818287,9999.387096774102,0.0,0.8758044988520994,1.1347577147264756
1033380,3778.0448953898785,9999.387096774102,0.0,0.8760560075350311,1.1347569294560826
1033440,3778.371361525934,9999.387096774102,0.0,0.8737692336995296,1.1347566879863227
1033500,3778.228031352393,9999.387096774102,0.0,0.8747668997647005,1.1347562837035576
1033560,3778.094589564265,9999.387096774102,0.0,0.8753007774887223,1.1347561795769194
1033620,3778.018983048934,9999.387096774102,0.0,0.87561778123907,1.1347560987996619
1033680,3777.7909072725856,9999.387096774102,0.0,0.8766904290718093,1.134756146733167
1033740,3778.0773654312707,9999.387096774102,0.0,0.8749915429108605,1.134756402453253
1033800,3778.0902888566193,9999.387096774102,0.0,0.874532470818781,1.1347566276000673
1033860,3778.028326235498,9999.387096774102,0.0,0.8749730055600271,1.1347568756883413
1033920,3777.8775874278417,9999.387096774102,0.0,0.8756631759701787,1.1347570116187455
1033980,3777.805084118016,9999.387096774102,0.0,0.8757347215015143,1.1347573119903482
1034040,3777.840313099118,9999.387096774102,0.0,0.8756880609349487,1.134757523950029
1034100,3778.156570852304,9999.387096774102,0.0,0.8735911240462745,1.1347580015286036
1034160,3777.9820071803265,9999.387096774102,0.0,0.8747555899816181,1.1347581389211026
1034220,3777.7140987724,9999.387096774102,0.0,0.8761714682001354,1.13475834036825
1034280,3777.7639822864408,9999.387096774102,0.0,0.8758137335503305,1.134758558170132
1034340,3777.688096859605,9999.387096774102,0.0,0.8760245402855601,1.1347587936733203
1034400,3777.9916907912175,9999.387096774102,0.0,0.8744141031388967,1.1347591409165325
1034460,3777.926215383086,9999.387096774102,0.0,0.8745328600083011,1.134759324561812
1034520,3777.648513469994,9999.387096774102,0.0,0.8764878052642723,1.134759450726691
1034580,3777.911232402518,9999.387096774102,0.0,0.8757702933947258,1.1347591119283702
1034640,3777.8191880911313,9999.387096774102,0.0,0.8761703220563205,1.1347587011737688
1034700,3778.3601701575967,9999.387096774102,0.0,0.873107013161259,1.1347587162532236
1034760,3778.3533499398122,9999.387096774102,0.0,0.8744107975035886,1.134757969294202
1034820,3778.161204600579,9999.387096774102,0.0,0.8751484244734176,1.1347572304222204
1034880,3777.9785859266995,9999.387096774102,0.0,0.8759206109979181,1.1347568001698414
1034940,3777.981601396536,9999.387096774102,0.0,0.8759916881162971,1.1347564605154172
1035000,3778.270204749752,9999.387096774102,0.0,0.8738763868156063,1.1347565574208702
1035060,3778.152414388056,9999.387096774102,0.0,0.8747082154709481,1.1347564725610064
1035120,3778.0053090029173,9999.387096774102,0.0,0.8753672843597556,1.1347565821208825
1035180,3777.9415633894178,9999.387096774102,0.0,0.8756516880991494,1.134756653681235
1035240,3777.731916744909,9999.387096774102,0.0,0.8766367453999426,1.1347568060249835
1035300,3778.0186424217895,9999.387096774102,0.0,0.874963780977284,1.1347571289122733
1035360,3778.0395164485335,9999.387096774102,0.0,0.8744948552991255,1.1347573945994425
1035420,3777.968125536841,9999.387096774102,0.0,0.8750042088878174,1.1347576540646145
1035480,3777.821359066617,9999.387096774102,0.0,0.875699383407332,1.134757791859891
1035540,3777.7587390296394,9999.387096774102,0.0,0.8757409249621585,1.1347580817980754
1035600,3777.801746014512,9999.387096774102,0.0,0.8756573626417903,1.1347582781187124
1035660,3778.1126302323605,9999.387096774102,0.0,0.8736225686938598,1.1347587233646055
1035720,3777.943678563753,9999.387096774102,0.0,0.8747619789083254,1.1347588323719453
1035780,3777.678009624522,9999.387096774102,0.0,0.8761796805238621,1.1347589971670333
1035840,3777.805531921446,9999.387096774102,0.0,0.8758549041924675,1.1347590479117047
1035900,3777.965130127144,9999.387096774102,0.0,0.8756179610324308,1.1347585910941247
1035960,3778.134898134243,9999.387096774102,0.0,0.874199818253551,1.1347584493810294
1036020,3778.231033424248,9999.387096774102,0.0,0.8747354422904721,1.1347581370540176
1036080,3778.2041028630556,9999.387096774102,0.0,0.8752793605188395,1.1347572299423823
1036140,3777.887520107091,9999.387096774102,0.0,0.8768942764731923,1.1347566305344006
1036200,3778.1261921696796,9999.387096774102,0.0,0.8754264580681513,1.1347563365131328
1036260,3778.1034638571396,9999.387096774102,0.0,0.8751315046969912,1.134756172594143
1036320,3778.2470107190998,9999.387096774102,0.0,0.8744141029909462,1.1347562249626248
1036380,3778.0566287868937,9999.387096774102,0.0,0.8751775938147525,1.1347561789230258
1036440,3777.8700294350024,9999.387096774102,0.0,0.8759489549647376,1.1347563045450577
1036500,3777.8776015715916,9999.387096774102,0.0,0.8759910528415079,1.1347564169851465
1036560,3778.1797650677577,9999.387096774102,0.0,0.8738645758484237,1.1347568425029424
1036620,3778.0718380522717,9999.387096774102,0.0,0.8746653643306375,1.1347569937354094
1036680,3777.9126439406864,9999.387096774102,0.0,0.8754212607060392,1.134757257783762
1036740,3777.8554782126807,9999.387096774102,0.0,0.8756905764729596,1.1347574464735501
1036800,3777.6667244131895,9999.387096774102,0.0,0.8765768384491216,1.1347576772557024
1036860,3777.955363075375,9999.387096774102,0.0,0.8749282798461786,1.1347580426733304
1036920,3777.982850653957,9999.387096774102,0.0,0.8744598903756524,1.1347583266444785
1036980,3777.9010644554764,9999.387096774102,0.0,0.8750423483835792,1.1347585797475417
1037040,3777.7590080394043,9999.387096774102,0.0,0.8757404941684078,1.134758705488395
1037100,3777.708155191618,9999.387096774102,0.0,0.8757427137214284,1.1347589733290193
1037160,3777.7597107094075,9999.387096774102,0.0,0.875619346485601,1.1347591439682407
1037220,3778.064001902312,9999.387096774102,0.0,0.8736562692525012,1.1347595470347311
1037280,3778.0339081265233,9999.387096774102,0.0,0.8749436546571916,1.134759394191118
1037340,3777.960188688,9999.387096774102,0.0,0.8754715332186594,1.1347588582846264
1037400,3777.679143801817,9999.387096774102,0.0,0.8769634085410334,1.1347585748189937
1037460,3778.2851019537284,9999.387096774102,0.0,0.8744231752704239,1.1347582525388404
1037520,3778.1975406589836,9999.387096774102,0.0,0.875079706523488,1.134757423361555
1037580,3778.2715709930458,9999.387096774102,0.0,0.8744566292652982,1.1347570548600716
1037640,3778.123828519051,9999.387096774102,0.0,0.875306113431434,1.134756610165468
1037700,3777.823628443808,9999.387096774102,0.0,0.8768152745127202,1.1347563821075983
1037760,3778.037449783018,9999.387096774102,0.0,0.8754285225327544,1.134756415746991
1037820,3778.0407007751187,9999.387096774102,0.0,0.8750177507068603,1.1347565144277465
1037880,3778.169246515921,9999.387096774102,0.0,0.8744366910763144,1.1347567319842025
1037940,3777.9827786902174,9999.387096774102,0.0,0.8752175690048094,1.1347568011738434
1038000,3777.804480502135,9999.387096774102,0.0,0.8759655406771472,1.134757005293335
1038060,3777.818754293963,9999.387096774102,0.0,0.8759820631846289,1.134757170694579
1038120,3778.1239057739385,9999.387096774102,0.0,0.8738760668829617,1.1347576187370128
1038180,3778.025222438409,9999.387096774102,0.0,0.8746356024549912,1.1347577808115175
1038240,3777.858878553876,9999.387096774102,0.0,0.8754529803060617,1.1347580309725926
1038300,3777.805291262716,9999.387096774102,0.0,0.8757186267424584,1.134758204287047
1038360,3777.631758724379,9999.387096774102,0.0,0.8765321708261911,1.1347584138896094
1038420,3777.92045606031,9999.387096774102,0.0,0.8749056551622557,1.134758749337068
1038480,3777.9530093880544,9999.387096774102,0.0,0.8744361913350093,1.1347590001891938
1038540,3777.83193302969,9999.387096774102,0.0,0.8756446691179969,1.1347591813057745
1038600,3777.957612869613,9999.387096774102,0.0,0.8756619575831008,1.134758771600459
1038660,3777.804165142362,9999.387096774102,0.0,0.8763894181732588,1.134758353010992
1038720,3778.2513967575155,9999.387096774102,0.0,0.8737918630446158,1.1347583176798417
1038780,3778.388941191655,9999.387096774102,0.0,0.8743513790406563,1.134757595723355
1038840,3778.2514694562506,9999.387096774102,0.0,0.8747005239714339,1.134756913659701
1038900,3778.0354682472475,9999.387096774102,0.0,0.8757890053888311,1.1347564732723545
1038960,3777.9940344420306,9999.387096774102,0.0,0.8760146840892419,1.1347561320240986
1039020,3778.155288968035,9999.387096774102,0.0,0.8745966763294445,1.1347561895315668
1039080,3778.1061939230226,9999.387096774102,0.0,0.875031441478627,1.1347561442704919
1039140,3778.1570043259744,9999.387096774102,0.0,0.8745123903018677,1.13475636180841
1039200,3778.007803069779,9999.387096774102,0.0,0.8753580666021513,1.1347564125083607
1039260,3777.726199138466,9999.387096774102,0.0,0.8767913111202472,1.1347565584829788
1039320,3777.95017282811,9999.387096774102,0.0,0.8754049370294208,1.134756857955506
1039380,3777.9694651012073,9999.387096774102,0.0,0.8749387578982758,1.1347571464723818
1039440,3778.082474081609,9999.387096774102,0.0,0.87446676153876,1.134757487606788
1039500,3777.899989133721,9999.387096774102,0.0,0.8752668474107095,1.1347576437763025
1039560,3777.732767917886,9999.387096774102,0.0,0.8759806228236976,1.1347579015334035
1039620,3777.755150112942,9999.387096774102,0.0,0.8759672180984281,1.1347580974596911
1039680,3778.0633693368454,9999.387096774102,0.0,0.8738828138267072,1.1347585491147496
1039740,3777.9728206353097,9999.387096774102,0.0,0.8746081222633204,1.1347587064697637
1039800,3777.7987176844085,9999.387096774102,0.0,0.8754925440290916,1.1347589293325389
1039860,3777.749731433117,9999.387096774102,0.0,0.8757496630350188,1.1347590766658797
1039920,3777.5932102948304,9999.387096774102,0.0,0.8764817734734767,1.1347592559588036
1039980,3778.1999956127615,9999.387096774102,0.0,0.8734692371212603,1.1347595701797355
1040040,3778.144813880319,9999.387096774102,0.0,0.8745467009505002,1.1347590797173215
1040100,3778.014868854412,9999.387096774102,0.0,0.8749634425885504,1.1347587518553894
1040160,3777.7885475796675,9999.387096774102,0.0,0.8766334591863484,1.1347584045911845
1040220,3778.105497183775,9999.387096774102,0.0,0.8757280221086589,1.1347576288880472
1040280,3778.040238096385,9999.387096774102,0.0,0.8757168435203343,1.1347570780135818
1040340,3778.33077781474,9999.387096774102,0.0,0.8742386452243713,1.1347568267476096
1040400,3778.170464879248,9999.387096774102,0.0,0.874744323706503,1.134756534244046
1040460,3777.9470864777086,9999.387096774102,0.0,0.8758180341502967,1.1347564340845293
1040520,3777.9037747831035,9999.387096774102,0.0,0.8760514379838751,1.134756380714753
1040580,3778.084885413181,9999.387096774102,0.0,0.8745792811789291,1.1347566434532952
1040640,3778.04628769022,9999.387096774102,0.0,0.8749753681566828,1.1347567370282992
1040700,3778.083105650569,9999.387096774102,0.0,0.8745653012839821,1.1347570351864043
1040760,3777.939409698722,9999.387096774102,0.0,0.8753935549800324,1.134757147841457
1040820,3777.6718617731644,9999.387096774102,0.0,0.876763398546316,1.1347573293537294
1040880,3777.8984031790355,9999.387096774102,0.0,0.8753916804031464,1.1347576421872962
1040940,3777.930214119393,9999.387096774102,0.0,0.8748809664552132,1.1347579307027753
1041000,3778.0324898282884,9999.387096774102,0.0,0.8744853835017561,1.1347582523538626
1041060,3777.8524332916904,9999.387096774102,0.0,0.8753003811790038,1.134758386333765
1041120,3777.6925446430646,9999.387096774102,0.0,0.8759932245875353,1.1347586160920513
1041180,3777.7206027461466,9999.387096774102,0.0,0.8759558030284561,1.1347587832348274
1041240,3778.0285891475905,9999.387096774102,0.0,0.8739020682391855,1.1347591966462172
1041300,3778.205722798856,9999.387096774102,0.0,0.8742136445816677,1.1347590901093652
1041360,3778.045116715112,9999.387096774102,0.0,0.8750771590507487,1.1347585475446307
1041420,3777.6942006502877,9999.387096774102,0.0,0.8770888178762144,1.1347582488762642
1041480,3778.1806770190997,9999.387096774102,0.0,0.8751341102148513,1.1347578367492541
1041540,3778.14207620556,9999.387096774102,0.0,0.8755131224537088,1.134757028376149
1041600,3778.4102944032993,9999.387096774102,0.0,0.8736899435080172,1.134756754178148
1041660,3778.203222725273,9999.387096774102,0.0,0.8749608382397285,1.1347562999777137
1041720,3777.887340354908,9999.387096774102,0.0,0.876566896602799,1.1347560890933952
1041780,3778.007228322085,9999.387096774102,0.0,0.8756884934030309,1.134756089939296
1041840,3777.9438728527516,9999.387096774102,0.0,0.8757022705189885,1.1347561858062511
1041900,3778.2219534609662,9999.387096774102,0.0,0.8742347986731256,1.1347564654002182
1041960,3778.0645335060403,9999.387096774102,0.0,0.8747774910471822,1.1347565854416866
1042020,3777.847827666795,9999.387096774102,0.0,0.875855362221877,1.134756783799211
1042080,3777.8142871519426,9999.387096774102,0.0,0.876065884079929,1.1347569460113462
1042140,3778.005982226807,9999.387096774102,0.0,0.8745740923170299,1.134757358854792
1042200,3777.9800977531945,9999.387096774102,0.0,0.8749110246026193,1.1347575613410303
1042260,3778.0009919640847,9999.387096774102,0.0,0.8746283037155126,1.1347579127260925
1042320,3777.8642159756364,9999.387096774102,0.0,0.8754344337894735,1.1347580633743681
1042380,3777.6123716270763,9999.387096774102,0.0,0.8767328914535532,1.1347582604128312
1042440,3777.8420519224264,9999.387096774102,0.0,0.8753729448692479,1.1347585707441294
1042500,3777.8870152895374,9999.387096774102,0.0,0.8748168723169095,1.1347588457671716
1042560,3777.9764325346805,9999.387096774102,0.0,0.8745102581711589,1.1347591352910826
1042620,3777.7991493625937,9999.387096774102,0.0,0.875340613860279,1.1347592369682986
1042680,3777.536527965024,9999.387096774102,0.0,0.8769024033424826,1.134759396862688
1042740,3777.9995337885885,9999.387096774102,0.0,0.8752500209371933,1.1347591965530526
1042800,3777.9672685118408,9999.387096774102,0.0,0.8752874383919699,1.134758788603989
1042860,3778.215922007782,9999.387096774102,0.0,0.8740481814813449,1.1347587164947652
1042920,3778.168855765091,9999.387096774102,0.0,0.8753097154046195,1.1347579927870266
1042980,3778.0422232689625,9999.387096774102,0.0,0.8759063845417693,1.1347572167762539
1043040,3778.0850273831347,9999.387096774102,0.0,0.8752421480559935,1.1347568690883396
1043100,3778.077105707142,9999.387096774102,0.0,0.8754650230937184,1.1347565200187553
1043160,3778.312867835272,9999.387096774102,0.0,0.8737724186956106,1.1347565883322754
1043220,3778.1116666880744,9999.387096774102,0.0,0.8749873014745144,1.1347564540352828
1043280,3777.802983810371,9999.387096774102,0.0,0.8765861834363401,1.134756475197776
1043340,3777.9345460095233,9999.387096774102,0.0,0.8756915874826542,1.1347566342078161
1043400,3777.888917700746,9999.387096774102,0.0,0.8756286568122,1.1347568386399456
1043460,3778.15944643211,9999.387096774102,0.0,0.8742258865401937,1.1347571848002602
1043520,3778.002391771677,9999.387096774102,0.0,0.8748028259615656,1.1347573448160266
1043580,3777.789617233475,9999.387096774102,0.0,0.8758797588675714,1.134757561424183
1043640,3777.761450047079,9999.387096774102,0.0,0.8760766642757513,1.1347577288340678
1043700,3777.9598038734825,9999.387096774102,0.0,0.8745782330016278,1.1347581308473618
1043760,3777.9443659797453,9999.387096774102,0.0,0.8748638263504365,1.1347583193830317
1043820,3777.9546535662416,9999.387096774102,0.0,0.8746658273235869,1.134758636698173
1043880,3777.821425108596,9999.387096774102,0.0,0.8754631747940168,1.1347587583251526
1043940,3777.5812866648507,9999.387096774102,0.0,0.8767070827338583,1.1347589230958515
1044000,3778.060453494963,9999.387096774102,0.0,0.8743462101802363,1.1347591634589813
1044060,3778.1003525631345,9999.387096774102,0.0,0.8748837724001981,1.1347586960188274
1044120,3778.12496150227,9999.387096774102,0.0,0.8743758803750865,1.1347584626556875
1044180,3777.8905187203345,9999.387096774102,0.0,0.876342191021588,1.1347580912192254
1044240,3778.1264462281947,9999.387096774102,0.0,0.8757347529977434,1.1347572644498398
1044300,3777.956639138244,9999.387096774102,0.0,0.8763902774482949,1.1347566896865084
1044360,3778.2778906369595,9999.387096774102,0.0,0.8746155970431866,1.1347564428941714
1044420,3778.2191720125793,9999.387096774102,0.0,0.8745169320329601,1.1347562283857306
1044480,3778.0515149716052,9999.387096774102,0.0,0.8754027268944419,1.1347561593820932
1044540,3777.944582416747,9999.387096774102,0.0,0.8758894149438221,1.1347561051386972
1044600,3777.9762053184304,9999.387096774102,0.0,0.8752756846703675,1.1347563216296208
1044660,3777.9831691246636,9999.387096774102,0.0,0.8753997853873783,1.1347564413557847
1044720,3778.2073276385113,9999.387096774102,0.0,0.8738416332597655,1.1347568390280138
1044780,3778.016361902239,9999.387096774102,0.0,0.8750212612775632,1.1347569485065696
1044840,3777.717554914038,9999.387096774102,0.0,0.8765863083851707,1.1347571396751328
1044900,3777.8540220917403,9999.387096774102,0.0,0.8756949269838147,1.1347574197107386
1044960,3777.8291655607222,9999.387096774102,0.0,0.8755404596553967,1.13475770659659
1045020,3778.090642610776,9999.387096774102,0.0,0.8742187916975727,1.1347580932593786
1045080,3777.933439135672,9999.387096774102,0.0,0.874835455651356,1.1347582708846682
1045140,3777.7252993237134,9999.387096774102,0.0,0.8759068279508765,1.1347584881817996
1045200,3777.703508650725,9999.387096774102,0.0,0.876085909448541,1.1347586468696633
1045260,3777.9100219755865,9999.387096774102,0.0,0.87457469872568,1.1347590260509144
1045320,3777.9049865047755,9999.387096774102,0.0,0.8748108583929,1.1347591900898053
1045380,3777.90245544947,9999.387096774102,0.0,0.8747119270003189,1.1347594628425814
1045440,3777.7870636195244,9999.387096774102,0.0,0.8760690590424615,1.1347593482876264
1045500,3777.8918675068653,9999.387096774102,0.0,0.8758933713512123,1.134758856587235
1045560,3777.8598876762235,9999.387096774102,0.0,0.8757350636777707,1.134758652674681
1045620,3778.4877801311195,9999.387096774102,0.0,0.873335119615898,1.1347584398565531
1045680,3778.274931397302,9999.387096774102,0.0,0.874706367602598,1.1347575261098675
1045740,3778.010879668598,9999.387096774102,0.0,0.8760657798938075,1.1347569839503753
1045800,3778.0514959145157,9999.387096774102,0.0,0.8757191318888373,1.1347566044161919
1045860,3777.8859612590036,9999.387096774102,0.0,0.8763701500642165,1.1347564046318703
1045920,3778.192158372826,9999.387096774102,0.0,0.8745966949242501,1.134756492380152
1045980,3778.142437321989,9999.387096774102,0.0,0.8744929616046759,1.134756542512204
1046040,3777.9704898609943,9999.387096774102,0.0,0.8754437027643743,1.134756649740437
1046100,3777.871182277533,9999.387096774102,0.0,0.8759203399915615,1.1347567183846223
1046160,3777.913202851284,9999.387096774102,0.0,0.8752786507298362,1.1347570171655745
1046220,3777.930587704151,9999.387096774102,0.0,0.8753514251333891,1.1347571943093249
1046280,3778.1442648267434,9999.387096774102,0.0,0.8738898381374136,1.1347576108298467
1046340,3777.9594834517875,9999.387096774102,0.0,0.8750454363088255,1.1347577311815296
1046400,3777.6686304541727,9999.387096774102,0.0,0.8765811103594383,1.1347579163000778
1046460,3777.8075750509065,9999.387096774102,0.0,0.8756987338659965,1.1347581811862093
1046520,3777.7974944797666,9999.387096774102,0.0,0.8754799183216391,1.1347584477112074
1046580,3778.052147050446,9999.387096774102,0.0,0.8742147223948086,1.1347588016147447
1046640,3777.895298723916,9999.387096774102,0.0,0.8748570927053354,1.1347589447458795
1046700,3777.5753727309325,9999.387096774102,0.0,0.8769137889030968,1.134759085893154
1046760,3777.954481879634,9999.387096774102,0.0,0.8756322938801503,1.1347588164949935
1046820,3777.897026283582,9999.387096774102,0.0,0.8758231446977482,1.1347584118833138
1046880,3778.367172971005,9999.387096774102,0.0,0.8732369000810786,1.134758421602912
1046940,3778.301541959775,9999.387096774102,0.0,0.8747835292412032,1.134757663837943
1047000,3778.122559016446,9999.387096774102,0.0,0.8755360515703275,1.1347568941300732
1047060,3778.0221547287083,9999.387096774102,0.0,0.8757387615253901,1.1347564963815986
1047120,3778.0337470893123,9999.387096774102,0.0,0.8758141763490751,1.1347561609329506
1047180,3778.3635254128503,9999.387096774102,0.0,0.8734944039323751,1.1347562844372112
1047240,3778.1724694617906,9999.387096774102,0.0,0.8747195353367129,1.1347561730546583
1047300,3777.9109209472867,9999.387096774102,0.0,0.8760406302152729,1.1347562383615364
1047360,3777.937171583686,9999.387096774102,0.0,0.8757576350122214,1.1347563627433286
1047420,3777.8008006574055,9999.387096774102,0.0,0.8762688087436205,1.1347565535623612
1047480,3778.1090088285887,9999.387096774102,0.0,0.8745476034662331,1.1347569135592486
1047540,3778.0581307994134,9999.387096774102,0.0,0.8744950255794425,1.1347571532253578
1047600,3777.8819593229173,9999.387096774102,0.0,0.8754875011838883,1.1347573923133378
1047660,3777.7891757517004,9999.387096774102,0.0,0.8759576807973138,1.1347575549188147
1047720,3777.8454804654593,9999.387096774102,0.0,0.8752719393354739,1.1347579113168154
1047780,3777.8736344916574,9999.387096774102,0.0,0.8752952838309572,1.134758122678401
1047840,3778.074566738489,9999.387096774102,0.0,0.8739445375091188,1.1347585376296005
1047900,3777.8959742740517,9999.387096774102,0.0,0.8750762996477851,1.1347586534951513
1047960,3777.6142143337192,9999.387096774102,0.0,0.8765778815819587,1.1347588196939953
1048020,3777.75680510347,9999.387096774102,0.0,0.875699378684886,1.1347590587368386
1048080,3777.7627654368102,9999.387096774102,0.0,0.8754110471337001,1.134759295474027
1048140,3778.1814813163774,9999.387096774102,0.0,0.8736251120606418,1.1347596148014822
1048200,3778.074342373286,9999.387096774102,0.0,0.8749450551213388,1.1347591045085093
1048260,3777.8438705458475,9999.387096774102,0.0,0.8760299549088688,1.134758688639514
1048320,3777.8873383905443,9999.387096774102,0.0,0.8758286505387008,1.1347584729902942
1048380,3778.2070798196046,9999.387096774102,0.0,0.8751793287682583,1.1347577523823302
1048440,3778.2375426940844,9999.387096774102,0.0,0.8745472225682348,1.1347572007783369
1048500,3778.2139374396747,9999.387096774102,0.0,0.8748344209324503,1.1347568343299141
1048560,3778.0509260640138,9999.387096774102,0.0,0.8755195491357796,1.134756481708688
1048620,3777.9345333527444,9999.387096774102,0.0,0.8757754729429486,1.1347564242105181
1048680,3777.952707305164,9999.387096774102,0.0,0.8757893888696779,1.1347563889025696
1048740,3778.285688003621,9999.387096774102,0.0,0.8735182384690948,1.134756719087632
1048800,3778.1025344826085,9999.387096774102,0.0,0.8747187173101421,1.1347567501649092
1048860,3777.8406477945427,9999.387096774102,0.0,0.8760613132894209,1.1347569055968079
1048920,3777.8703590609816,9999.387096774102,0.0,0.8757806035741555,1.1347570939957514
1048980,3777.7529382105004,9999.387096774102,0.0,0.8762023519728634,1.1347573249892688
1049040,3778.0600170607977,9999.387096774102,0.0,0.8745168892004485,1.1347576984650514
1049100,3778.0094428110274,9999.387096774102,0.0,0.8744952267964827,1.1347579347195893
1049160,3777.8309987223456,9999.387096774102,0.0,0.8755152711115607,1.1347581577655226
1049220,3777.7421338059917,9999.387096774102,0.0,0.8759827292341357,1.1347583008803108
1049280,3777.8069110123633,9999.387096774102,0.0,0.875275462138534,1.1347586299129713
1049340,3777.843939327812,9999.387096774102,0.0,0.875253932188662,1.1347588142169585
1049400,3778.036109465269,9999.387096774102,0.0,0.8739797208339283,1.13475918732433
1049460,3777.9218218620686,9999.387096774102,0.0,0.8755694044311274,1.134759044304118
1049520,3777.9389730024654,9999.387096774102,0.0,0.875729296488567,1.1347585267412512
1049580,3777.7558615108546,9999.387096774102,0.0,0.8765455611243701,1.1347582812832848
1049640,3778.4361080501085,9999.387096774102,0.0,0.8737326654022448,1.134758030102347
1049700,3778.275803260255,9999.387096774102,0.0,0.8747903064871632,1.1347571531807468
1049760,3778.168723049465,9999.387096774102,0.0,0.8752344805369359,1.134756695180714
1049820,3778.100225371831,9999.387096774102,0.0,0.8755555408890625,1.134756279679291
1049880,3777.8465396627753,9999.387096774102,0.0,0.8767612381126763,1.1347560666360959
1049940,3778.1208457197763,9999.387096774102,0.0,0.8750705896831684,1.1347561421242693
1050000,3778.131784647629,9999.387096774102,0.0,0.8745931891150539,1.1347562463033125
1050060,3778.097193126766,9999.387096774102,0.0,0.874882619058254,1.1347564183716505
1050120,3777.9374239108547,9999.387096774102,0.0,0.875588959445745,1.134756493642512
1050180,3777.8425058942053,9999.387096774102,0.0,0.8757739965396034,1.1347567506014462
1050240,3777.8715313120065,9999.387096774102,0.0,0.8757501646553395,1.1347569398938322
1050300,3778.198148978023,9999.387096774102,0.0,0.8735605059091308,1.1347574185523128
1050360,3778.0238324204024,9999.387096774102,0.0,0.8747231833388742,1.1347575605781763
1050420,3777.7618591459614,9999.387096774102,0.0,0.8760918333303683,1.1347577796149053
1050480,3777.7977291763245,9999.387096774102,0.0,0.8758030231010943,1.1347580081920732
1050540,3777.7006899316243,9999.387096774102,0.0,0.8761292164220608,1.1347582588749927
1050600,3778.006423455652,9999.387096774102,0.0,0.8744809772040724,1.1347586292598544
1050660,3777.9548378905206,9999.387096774102,0.0,0.8745002572669162,1.1347588475173018
1050720,3777.773990626716,9999.387096774102,0.0,0.8755488206013681,1.134759042450958
1050780,3777.690086466883,9999.387096774102,0.0,0.8760096666078446,1.1347591562412511
1050840,3777.7084355472307,9999.387096774102,0.0,0.8757062924247655,1.1347594346353242
1050900,3778.198626800678,9999.387096774102,0.0,0.8741662204688175,1.134759338484598
1050960,3778.093138450806,9999.387096774102,0.0,0.8746101054292971,1.1347588740444008
1051020,3777.885133062114,9999.387096774102,0.0,0.8759777646611011,1.1347586269387815
1051080,3778.0503214206165,9999.387096774102,0.0,0.8758166494662077,1.1347580305587661
1051140,3778.0200635449582,9999.387096774102,0.0,0.876068350971195,1.134757252576401
1051200,3778.3355279725447,9999.387096774102,0.0,0.8738532765694725,1.13475700528849
1051260,3778.2055415822733,9999.387096774102,0.0,0.8747786216152037,1.1347566028785363
1051320,3778.0891984740383,9999.387096774102,0.0,0.8752195468706102,1.1347564983543625
1051380,3778.0046434733827,9999.387096774102,0.0,0.8756022497429823,1.134756403341803
1051440,3777.772914415689,9999.387096774102,0.0,0.8767060935809882,1.1347564373496328
1051500,3778.054133817136,9999.387096774102,0.0,0.8750369506144227,1.1347566757738414
1051560,3778.072740074594,9999.387096774102,0.0,0.874552861909203,1.1347568893472761
1051620,3778.0272089409623,9999.387096774102,0.0,0.8749161927584025,1.1347571280731852
1051680,3777.871577576768,9999.387096774102,0.0,0.8756300789781887,1.1347572489117377
1051740,3777.787879348481,9999.387096774102,0.0,0.8757805063135726,1.134757528530657
1051800,3777.8249353234014,9999.387096774102,0.0,0.8757206406351457,1.1347577261950448
1051860,3778.1467772023934,9999.387096774102,0.0,0.8735925521434631,1.1347581902982813
1051920,3777.978951391261,9999.387096774102,0.0,0.8747262717053703,1.1347583170806055
1051980,3777.7181413417084,9999.387096774102,0.0,0.8761048689610402,1.13475850779512
1052040,3777.756444853801,9999.387096774102,0.0,0.8758203768438484,1.134758707099401
1052100,3777.6741441790496,9999.387096774102,0.0,0.8760774520754904,1.1347589272792995
1052160,3778.290803815954,9999.387096774102,0.0,0.8731029764417042,1.1347592957840562
1052220,3778.1598773652404,9999.387096774102,0.0,0.8745979781550335,1.1347587767631226
1052280,3777.94987772676,9999.387096774102,0.0,0.8754967012349438,1.1347583976935087
1052340,3777.812935216021,9999.387096774102,0.0,0.8764761559319401,1.1347581069977881
1052400,3778.1628928393948,9999.387096774102,0.0,0.875545771679904,1.1347573550245027
1052460,3778.1602119667396,9999.387096774102,0.0,0.8751138947791888,1.1347568094452314
1052520,3778.3303234281548,9999.387096774102,0.0,0.8743500621502441,1.134756520148707
1052580,3778.13721463063,9999.387096774102,0.0,0.8750874812721249,1.134756192622348
1052640,3777.931778197532,9999.387096774102,0.0,0.8759400623107908,1.1347561107571358
1052700,3777.928448833307,9999.387096774102,0.0,0.8760151362132826,1.1347560790358133
1052760,3778.2184780694893,9999.387096774102,0.0,0.8739282591751923,1.134756401774552
1052820,3778.1120573512503,9999.387096774102,0.0,0.8747116872513125,1.1347564835582618
1052880,3777.9789063939397,9999.387096774102,0.0,0.8752981998649527,1.1347567181117173
1052940,3777.907051807686,9999.387096774102,0.0,0.8756438662546991,1.1347568759308377
1053000,3777.6968610535964,9999.387096774102,0.0,0.8766462861270226,1.1347570911157603
1053060,3777.979886047509,9999.387096774102,0.0,0.875001523306881,1.134757453851186
1053120,3778.007945073367,9999.387096774102,0.0,0.8745048898064889,1.1347577498568104
1053180,3777.9497428572304,9999.387096774102,0.0,0.8749571879529626,1.134758028790932
1053240,3777.79934892332,9999.387096774102,0.0,0.875675292349006,1.1347581731499743
1053300,3777.728297743906,9999.387096774102,0.0,0.8757833211389564,1.134758457676775
1053360,3777.7741873544837,9999.387096774102,0.0,0.8756839277601878,1.1347586495181736
1053420,3778.0903176114557,9999.387096774102,0.0,0.8736257703154254,1.1347590858976306
1053480,3777.9283635513184,9999.387096774102,0.0,0.8747347817300153,1.1347591863681743
1053540,3777.668991221425,9999.387096774102,0.0,0.876123354675187,1.1347593391859123
1053600,3777.7772538875147,9999.387096774102,0.0,0.875912348858446,1.1347593693808211
1053660,3777.9389763878407,9999.387096774102,0.0,0.8756442643384782,1.1347589127350275
1053720,3778.1076694736525,9999.387096774102,0.0,0.8742430227012082,1.134758765783789
1053780,3778.2290283837324,9999.387096774102,0.0,0.8746359328699044,1.1347584556720394
1053840,3778.185547381861,9999.387096774102,0.0,0.8752523422477754,1.1347575538553385
1053900,3777.869343856314,9999.387096774102,0.0,0.8768748206600424,1.134756956945533
1053960,3778.099565434084,9999.387096774102,0.0,0.875460244868957,1.1347566558080098
1054020,3778.076743034862,9999.387096774102,0.0,0.8751794852950806,1.1347564857536252
1054080,3778.2364633308543,9999.387096774102,0.0,0.8743775467259427,1.134756533554353
1054140,3778.046757004095,9999.387096774102,0.0,0.8751384712310775,1.1347564782265593
1054200,3777.855214199685,9999.387096774102,0.0,0.8759578827058978,1.1347565872109289
1054260,3777.860779574516,9999.387096774102,0.0,0.8760070283718548,1.1347566850532809
1054320,3778.153103372694,9999.387096774102,0.0,0.8739425781576888,1.134757090196405
1054380,3778.058351995756,9999.387096774102,0.0,0.874670980091211,1.1347572322821289
1054440,3777.9154067495315,9999.387096774102,0.0,0.875337757836225,1.134757488153483
1054500,3777.848362380721,9999.387096774102,0.0,0.8756748564410495,1.1347576577701433
1054560,3777.654268649742,9999.387096774102,0.0,0.8766006392253948,1.1347578716923008
1054620,3777.9378272146087,9999.387096774102,0.0,0.8749780188516272,1.134758219143785
1054680,3777.9725090089332,9999.387096774102,0.0,0.874473617223563,1.1347584928079322
1054740,3777.9063524838507,9999.387096774102,0.0,0.8749818710296837,1.1347587376906136
1054800,3777.758778912784,9999.387096774102,0.0,0.8757061757098495,1.134758850088054
1054860,3777.601435022717,9999.387096774102,0.0,0.8765277051898192,1.1347590733060446
1054920,3778.109604637524,9999.387096774102,0.0,0.8747638927050547,1.1347589328516228
1054980,3778.0594415722476,9999.387096774102,0.0,0.8748812332255046,1.1347585087610699
1055040,3778.08252017305,9999.387096774102,0.0,0.8749588145830987,1.1347583595752002
1055100,3778.1166482441427,9999.387096774102,0.0,0.8756544866030906,1.1347576826903003
1055160,3778.039878386464,9999.387096774102,0.0,0.8760686164152873,1.134756899039938
1055220,3778.2176826914138,9999.387096774102,0.0,0.8746062615629072,1.1347566021808195
1055280,3778.1581411471466,9999.387096774102,0.0,0.8751289996899738,1.1347562367826367
1055340,3778.2416387220965,9999.387096774102,0.0,0.8743656740273876,1.1347562408719147
1055400,3778.075995878199,9999.387096774102,0.0,0.8752922820346107,1.1347561268949151
1055460,3777.778675570472,9999.387096774102,0.0,0.8768059209629347,1.1347561574075826
1055520,3777.9921816594883,9999.387096774102,0.0,0.8754548748122121,1.1347563710203068
1055580,3777.996297050461,9999.387096774102,0.0,0.8750576945958156,1.1347566032028662
1055640,3778.138695394966,9999.387096774102,0.0,0.8744047050103438,1.1347569247637113
1055700,3777.9532566061353,9999.387096774102,0.0,0.8751881589179485,1.1347570685952073
1055760,3777.7720011606466,9999.387096774102,0.0,0.8759767233501321,1.1347573196532792
1055820,3777.785787666858,9999.387096774102,0.0,0.8759969808790881,1.1347575177010443
1055880,3778.0833944609085,9999.387096774102,0.0,0.8739456275242258,1.1347579800909928
1055940,3777.998423491753,9999.387096774102,0.0,0.8746331123562966,1.1347581578505963
1056000,3777.8451675094816,9999.387096774102,0.0,0.8753840870830324,1.13475841484735
1056060,3777.7835632871233,9999.387096774102,0.0,0.8757092858392002,1.1347585809145635
1056120,3777.607406022048,9999.387096774102,0.0,0.8765496349509666,1.1347587808127533
1056180,3777.8920676399903,9999.387096774102,0.0,0.8749478500108332,1.1347591018827965
1056240,3777.9327117531034,9999.387096774102,0.0,0.8744421118296514,1.1347593428660185
1056300,3777.832274647992,9999.387096774102,0.0,0.8755391662698631,1.1347595145877056
1056360,3777.938806009055,9999.387096774102,0.0,0.8756487473126807,1.1347590964369367
1056420,3777.7833271458694,9999.387096774102,0.0,0.8763931620671158,1.1347586754329329
1056480,3778.21004404146,9999.387096774102,0.0,0.8739160660471881,1.1347586246809496
1056540,3778.3603737457147,9999.387096774102,0.0,0.874374074299094,1.134757911169282
1056600,3778.2347126979025,9999.387096774102,0.0,0.874666815257455,1.134757240896646
1056660,3778.02110985398,9999.387096774102,0.0,0.8757651042621304,1.134756798904773
1056720,3777.9750099723624,9999.387096774102,0.0,0.8760115064265841,1.134756451851494
1056780,3778.1228082493776,9999.387096774102,0.0,0.8746819099319953,1.1347564942605863
1056840,3778.084259402582,9999.387096774102,0.0,0.8750589494740102,1.1347564420022056
1056900,3778.1537167832134,9999.387096774102,0.0,0.8744354215918334,1.1347566542899792
1056960,3777.9986138221107,9999.387096774102,0.0,0.8753285966778955,1.1347566889592677
1057020,3777.715506702447,9999.387096774102,0.0,0.8767778569805804,1.1347568196992184
1057080,3777.930767308686,9999.387096774102,0.0,0.8754438916391397,1.1347570994650718
1057140,3777.949753436842,9999.387096774102,0.0,0.8749898506841445,1.134757373094368
1057200,3778.0805670611267,9999.387096774102,0.0,0.8744228123850049,1.1347577049282522
1057260,3777.897756746998,9999.387096774102,0.0,0.8752235167559002,1.1347578483881378
1057320,3777.7240504178853,9999.387096774102,0.0,0.8759912472562056,1.1347580877392518
1057380,3777.7437405126425,9999.387096774102,0.0,0.8759882462862781,1.1347582687613844
1057440,3778.043017082451,9999.387096774102,0.0,0.8739578601674334,1.1347587015394291
1057500,3777.9662309108926,9999.387096774102,0.0,0.8746068335557555,1.1347588519637253
1057560,3777.8070696614654,9999.387096774102,0.0,0.8754086793878839,1.1347590685526365
1057620,3777.7666014288816,9999.387096774102,0.0,0.8761839203933128,1.1347590214217353
1057680,3777.9203717295563,9999.387096774102,0.0,0.8758609808351606,1.1347585493852186
1057740,3778.0014778587247,9999.387096774102,0.0,0.8749734373920487,1.1347583853688359
1057800,3778.43526361272,9999.387096774102,0.0,0.8737153842324911,1.134758149476604
1057860,3778.267162324399,9999.387096774102,0.0,0.8749038549997217,1.1347572181966405
1057920,3777.9428510146254,9999.387096774102,0.0,0.8765962033027783,1.1347566354704555
1057980,3778.0784627625035,9999.387096774102,0.0,0.8756846756901169,1.1347562969874043
1058040,3777.9834483968025,9999.387096774102,0.0,0.8758678057257033,1.1347561211214
1058100,3778.2741985941566,9999.387096774102,0.0,0.8742661210898794,1.134756223002116
1058160,3778.127419020781,9999.387096774102,0.0,0.8747162392366034,1.1347562247359049
1058220,3777.909489974939,9999.387096774102,0.0,0.8758027257784173,1.1347563326460943
1058280,3777.8653057614783,9999.387096774102,0.0,0.8760493150160727,1.13475642834563
1058340,3778.034487051676,9999.387096774102,0.0,0.8746588748788023,1.1347567958029758
1058400,3778.007703547425,9999.387096774102,0.0,0.8749918995609144,1.1347569762780954
1058460,3778.0598694769624,9999.387096774102,0.0,0.8745042202482525,1.1347573376016062
1058520,3777.9122013573874,9999.387096774102,0.0,0.8753718520691943,1.134757487069984
1058580,3777.645061434081,9999.387096774102,0.0,0.8767505531733458,1.1347576919540343
1058640,3777.8645559592264,9999.387096774102,0.0,0.8754264490980289,1.1347580136698512
1058700,3777.898518726013,9999.387096774102,0.0,0.8749178574827224,1.1347583073779584
1058760,3778.0157447846877,9999.387096774102,0.0,0.8744470192359098,1.1347586316041522
1058820,3777.83583943666,9999.387096774102,0.0,0.8752659021282272,1.1347587606295664
1058880,3777.671143535636,9999.387096774102,0.0,0.8760053244830942,1.1347589765842083
1058940,3777.697767146773,9999.387096774102,0.0,0.875974822514346,1.1347591307015301
1059000,3777.9978547219653,9999.387096774102,0.0,0.873975458892112,1.134759524537082
1059060,3778.194739384033,9999.387096774102,0.0,0.8741614606932062,1.1347594154709397
1059120,3778.0294450935617,9999.387096774102,0.0,0.875045969600874,1.1347588735799028
1059180,3777.681277928102,9999.387096774102,0.0,0.8770540144912575,1.1347585691792474
1059240,3778.1444783966817,9999.387096774102,0.0,0.8752087061011562,1.1347581468026877
1059300,3778.114081251304,9999.387096774102,0.0,0.8755422112201511,1.1347573493447056
1059360,3778.3955223391154,9999.387096774102,0.0,0.8736468443718334,1.1347570805410734
1059420,3778.188192555962,9999.387096774102,0.0,0.874932061754476,1.1347566233204982
1059480,3777.8768513374584,9999.387096774102,0.0,0.876517945931049,1.1347564070091871
1059540,3777.9864059127085,9999.387096774102,0.0,0.8757080847197544,1.134756392616137
1059600,3777.9194903916796,9999.387096774102,0.0,0.8757555306528673,1.134756474937157
1059660,3778.205168026485,9999.387096774102,0.0,0.874243330775214,1.1347567421849893
1059720,3778.0568026214064,9999.387096774102,0.0,0.8747406705461832,1.1347568536810893
1059780,3777.8414898817746,9999.387096774102,0.0,0.8758306619780305,1.1347570362802935
1059840,3777.802620644995,9999.387096774102,0.0,0.8760657634270836,1.1347571822257239
1059900,3777.980599208638,9999.387096774102,0.0,0.8746602171877268,1.1347575732738124
1059960,3777.9646633583707,9999.387096774102,0.0,0.8749411784110142,1.1347577646623395
1060020,3778.0051910922552,9999.387096774102,0.0,0.8745473718947807,1.1347581095177428
1060080,3777.861901758698,9999.387096774102,0.0,0.8754023503124712,1.1347582435363959
1060140,3777.6067789745894,9999.387096774102,0.0,0.876726054607789,1.1347584254349643
1060200,3777.8275987107795,9999.387096774102,0.0,0.8754165775663927,1.1347587176016927
1060260,3777.872475015503,9999.387096774102,0.0,0.8748687045829906,1.13475898005644
1060320,3778.0509481171853,9999.387096774102,0.0,0.8744617025891458,1.13475924953376
1060380,3778.027745357069,9999.387096774102,0.0,0.8753048029607607,1.1347587730327544
1060440,3777.8177721555394,9999.387096774102,0.0,0.8763110829951681,1.1347583509752537
1060500,3778.0472690774327,9999.387096774102,0.0,0.8749685008485316,1.1347582201551139
1060560,3778.3030365134186,9999.387096774102,0.0,0.8747940874562369,1.1347575015110951
1060620,3778.287104053634,9999.387096774102,0.0,0.874432163347735,1.1347569063702012
1060680,3778.1355181276467,9999.387096774102,0.0,0.8753210832471591,1.1347564911264054
1060740,3778.024487180054,9999.387096774102,0.0,0.8758112070653585,1.134756142887662
1060800,3778.0210324733284,9999.387096774102,0.0,0.8753572236896292,1.1347561383733509
1060860,3778.024361165386,9999.387096774102,0.0,0.8754814084424505,1.1347561105923094
1060920,3778.2745394532712,9999.387096774102,0.0,0.8737404534610143,1.1347564191227844
1060980,3778.07623072398,9999.387096774102,0.0,0.8749633751777153,1.1347564531405314
1061040,3777.772607898656,9999.387096774102,0.0,0.8765421463235482,1.1347565990416661
1061100,3777.894558169394,9999.387096774102,0.0,0.8757126025428187,1.1347568459872268
1061160,3777.8491693826377,9999.387096774102,0.0,0.8756655387765971,1.1347571161815693
1061220,3778.126884542396,9999.387096774102,0.0,0.8742279777390211,1.1347575081701151
1061280,3777.9777951210745,9999.387096774102,0.0,0.8747717030259287,1.1347577015840093
1061340,3777.766532140278,9999.387096774102,0.0,0.8758619569640872,1.1347579336196332
1061400,3777.7345939759352,9999.387096774102,0.0,0.8760798129869053,1.1347581076451918
1061460,3777.9223308826686,9999.387096774102,0.0,0.8746548983990743,1.1347585039294206
1061520,3777.917402176574,9999.387096774102,0.0,0.8748841121884445,1.1347586914793726
1061580,3777.9440823061987,9999.387096774102,0.0,0.8745989901863805,1.1347590058894848
1061640,3777.805781503825,9999.387096774102,0.0,0.8754385480029837,1.1347591137648843
1061700,3777.56423381963,9999.387096774102,0.0,0.8766997993964545,1.1347592635143924
1061760,3778.020637329952,9999.387096774102,0.0,0.8744603149155625,1.1347594807600836
1061820,3778.0735934180407,9999.387096774102,0.0,0.8749108875069864,1.1347590170594009
1061880,3778.1115826021905,9999.387096774102,0.0,0.8743355501619022,1.1347587862986388
1061940,3777.8847923799703,9999.387096774102,0.0,0.8762754626782043,1.134758409399146
1062000,3778.1032871792704,9999.387096774102,0.0,0.8757330996242919,1.1347575856581764
1062060,3777.9293881585454,9999.387096774102,0.0,0.8764262818146413,1.1347570123855688
1062120,3778.2494818968803,9999.387096774102,0.0,0.874656392899101,1.1347567611974791
1062180,3778.2014684706437,9999.387096774102,0.0,0.8745065988515143,1.1347565463499054
1062240,3778.044054831238,9999.387096774102,0.0,0.8753549436048392,1.1347564708574813
1062300,3777.931302356714,9999.387096774102,0.0,0.8758701854998784,1.134756404291939
1062360,3777.9496589950404,9999.387096774102,0.0,0.8753460353780198,1.1347566011662944
1062420,3777.963081398863,9999.387096774102,0.0,0.8754331253272172,1.1347567090600756
1062480,3778.2015953686373,9999.387096774102,0.0,0.873793927299118,1.1347570972789587
1062540,3778.010398564456,9999.387096774102,0.0,0.8749865733381436,1.1347571922254407
1062600,3777.7140820221543,9999.387096774102,0.0,0.8765424003991643,1.1347573693500244
1062660,3777.8396752650606,9999.387096774102,0.0,0.8757187233479911,1.134757629163396
1062720,3777.8105492538975,9999.387096774102,0.0,0.8755996744433083,1.1347578997611572
1062780,3778.081965166671,9999.387096774102,0.0,0.8742188145375982,1.1347582742348634
1062840,3777.93286498702,9999.387096774102,0.0,0.8747928105870774,1.1347584433830045
1062900,3777.72462190164,9999.387096774102,0.0,0.8758824194608297,1.1347586457426804
1062960,3777.6968903968677,9999.387096774102,0.0,0.8760890414121559,1.1347587898198115
1063020,3777.8642561354654,9999.387096774102,0.0,0.8748544146944789,1.1347591434317048
1063080,3778.283535303609,9999.387096774102,0.0,0.8738363401724112,1.1347590739586118
1063140,3778.101936223294,9999.387096774102,0.0,0.8747132637993043,1.134758557346169
1063200,3777.7805287682404,9999.387096774102,0.0,0.8766672190984108,1.1347582724835261
1063260,3778.0912281442743,9999.387096774102,0.0,0.8756662523059887,1.1347577542159801
1063320,3778.07343212055,9999.387096774102,0.0,0.8758986216924486,1.1347569638720651
1063380,3778.44377203738,9999.387096774102,0.0,0.8734018313905618,1.1347567394709281
1063440,3778.242259909889,9999.387096774102,0.0,0.8747161497462973,1.1347563016598172
1063500,3777.9952861929387,9999.387096774102,0.0,0.8759163091480249,1.1347561369403936
1063560,3777.998437771844,9999.387096774102,0.0,0.8757347562066502,1.1347560878418121
1063620,3777.837735737471,9999.387096774102,0.0,0.8763768441394104,1.1347561555666408
1063680,3778.1462513148103,9999.387096774102,0.0,0.8746235412633528,1.1347564307708193
1063740,3778.1058775261554,9999.387096774102,0.0,0.8744824783444204,1.1347566229656016
1063800,3777.942052877692,9999.387096774102,0.0,0.8754059817985822,1.1347568347937136
1063860,3777.838214675212,9999.387096774102,0.0,0.8759098547217306,1.1347569781596738
1063920,3777.870859562767,9999.387096774102,0.0,0.8753412208066618,1.134757323503624
1063980,3777.895575993301,9999.387096774102,0.0,0.8753760783091895,1.1347575374303318
1064040,3778.121508685803,9999.387096774102,0.0,0.8738521466001175,1.1347579784250468
1064100,3777.937552637849,9999.387096774102,0.0,0.875016644586514,1.1347581100719992
1064160,3777.649742130395,9999.387096774102,0.0,0.8765438648561147,1.1347582984762978
1064220,3777.7797207008634,9999.387096774102,0.0,0.8757221904616624,1.134758555564628
1064280,3777.7682826580867,9999.387096774102,0.0,0.8755252072596528,1.1347588134752389
1064340,3778.0318796882193,9999.387096774102,0.0,0.8742110968600465,1.1347591582617647
1064400,3777.8822525106934,9999.387096774102,0.0,0.8748207622345306,1.1347592926898886
1064460,3777.566703624022,9999.387096774102,0.0,0.8768674965262652,1.1347594179492275
1064520,3777.9273227204826,9999.387096774102,0.0,0.875663677374009,1.134759137696326
1064580,3777.871175228909,9999.387096774102,0.0,0.8758555872982453,1.1347587323214456
1064640,3778.35122443723,9999.387096774102,0.0,0.8732090639208727,1.1347587378063442
1064700,3778.287166028726,9999.387096774102,0.0,0.8747381795141597,1.1347579842424318
1064760,3778.1055926546715,9999.387096774102,0.0,0.8755033792604205,1.1347572213870252
1064820,3777.9957619703996,9999.387096774102,0.0,0.8757797243863124,1.1347568180527894
1064880,3778.0100698562196,9999.387096774102,0.0,0.8758370451103941,1.134756479055328
1064940,3778.340716747589,9999.387096774102,0.0,0.8735177126230428,1.1347565933436392
1065000,3778.1584370124365,9999.387096774102,0.0,0.8747011987850609,1.1347564755495647
1065060,3777.9070307834154,9999.387096774102,0.0,0.875968812302261,1.1347565324570414
1065120,3777.9224301840845,9999.387096774102,0.0,0.8757589435845335,1.1347566381918892
1065180,3777.781067105504,9999.387096774102,0.0,0.8763102514035644,1.134756812478626
1065240,3778.0882489406963,9999.387096774102,0.0,0.8745910711333806,1.134757155319209
1065300,3778.0495458425457,9999.387096774102,0.0,0.8744763348371912,1.1347573863801779
1065360,3777.882112851612,9999.387096774102,0.0,0.8754375176015915,1.134757612602143
1065420,3777.7827794214213,9999.387096774102,0.0,0.875939013370216,1.1347577592399452
1065480,3777.8250707694488,9999.387096774102,0.0,0.8753440929228252,1.1347580943793039
1065540,3777.8589283160427,9999.387096774102,0.0,0.8753337036673832,1.1347582935188627
1065600,3778.075866316067,9999.387096774102,0.0,0.8738908136413039,1.1347587008363835
1065660,3777.896523336663,9999.387096774102,0.0,0.8750370807853205,1.1347588037727643
1065720,3777.615574780517,9999.387096774102,0.0,0.8765383003494885,1.1347589576450419
1065780,3777.8886788770897,9999.387096774102,0.0,0.8753383177118352,1.1347590861548542
1065840,3778.015914737594,9999.387096774102,0.0,0.8753395759449337,1.134758630896112
1065900,3778.16868145743,9999.387096774102,0.0,0.8740495570228222,1.1347584725280664
1065960,3778.0734238154596,9999.387096774102,0.0,0.8755023952280768,1.1347581163199407
1066020,3778.1622256092974,9999.387096774102,0.0,0.875524290327794,1.134757239388352
1066080,3777.892131555509,9999.387096774102,0.0,0.8768318661880302,1.134756644813116
1066140,3778.182161193992,9999.387096774102,0.0,0.8751245715667333,1.1347563760068013
1066200,3778.176463918969,9999.387096774102,0.0,0.8747103887628471,1.1347562058773202
1066260,3778.1738195945327,9999.387096774102,0.0,0.8747901257299185,1.1347562025141367
1066320,3778.003721297543,9999.387096774102,0.0,0.8755139985839888,1.1347561452083599
1066380,3777.8881041286168,9999.387096774102,0.0,0.8758060692013209,1.1347563014709596
1066440,3777.9105661329095,9999.387096774102,0.0,0.8758071680670145,1.1347564213893369
1066500,3778.243851793139,9999.387096774102,0.0,0.8735423828780976,1.1347568643442059
1066560,3778.0700930757944,9999.387096774102,0.0,0.8746993814694137,1.134756985028618
1066620,3777.8167460740115,9999.387096774102,0.0,0.8760035893778818,1.134757203316221
1066680,3777.8381034129006,9999.387096774102,0.0,0.8757861655303634,1.1347574278140957
1066740,3777.7189118023302,9999.387096774102,0.0,0.8762330137303485,1.1347576826919
1066800,3778.0255623001162,9999.387096774102,0.0,0.8745517287633962,1.134758068147407
1066860,3777.9867347214404,9999.387096774102,0.0,0.8744759898870751,1.134758315422575
1066920,3777.815508222764,9999.387096774102,0.0,0.8754748574552788,1.13475853841334
1066980,3777.72159350027,9999.387096774102,0.0,0.875970662990774,1.1347586744384313
1067040,3777.7754359997057,9999.387096774102,0.0,0.8753404402122857,1.1347589876298314
1067100,3777.81892589585,9999.387096774102,0.0,0.8752834872907732,1.134759161767144
1067160,3778.02480578673,9999.387096774102,0.0,0.8739358273112269,1.1347595251140847
1067220,3777.9147062901648,9999.387096774102,0.0,0.8755074141581844,1.1347593718300695
1067280,3777.920412831429,9999.387096774102,0.0,0.875714323335628,1.1347588518657192
1067340,3777.7301984584906,9999.387096774102,0.0,0.8765887780993142,1.1347585977774988
1067400,3778.3955771426413,9999.387096774102,0.0,0.8738249837180682,1.134758336191609
1067460,3778.249891926813,9999.387096774102,0.0,0.874804012806394,1.1347574743312134
1067520,3778.160976836452,9999.387096774102,0.0,0.8751496943644622,1.1347570252122723
1067580,3778.0830643793797,9999.387096774102,0.0,0.8755389489770448,1.1347566027608131
1067640,3777.8268534943586,9999.387096774102,0.0,0.8767692691269303,1.1347563816795028
1067700,3778.0953667158756,9999.387096774102,0.0,0.8751137688233047,1.134756443399965
1067760,3778.1108468513335,9999.387096774102,0.0,0.874619702114684,1.134756537868274
1067820,3778.0932831907962,9999.387096774102,0.0,0.8748276997371834,1.1347567021688625
1067880,3777.9292157757245,9999.387096774102,0.0,0.8755551808563202,1.1347567634315667
1067940,3777.8240259299973,9999.387096774102,0.0,0.8758152080277422,1.1347570001963068
1068000,3777.8546040900906,9999.387096774102,0.0,0.875779748238744,1.1347571749672911
1068060,3778.1844967767884,9999.387096774102,0.0,0.8735732430131713,1.134757638579245
1068120,3778.018113861498,9999.387096774102,0.0,0.8746980973038441,1.1347577697916
1068180,3777.7645834068694,9999.387096774102,0.0,0.8760219437658917,1.1347579777737256
1068240,3777.789069292784,9999.387096774102,0.0,0.8758064123978727,1.1347581869929044
1068300,3777.6858285867133,9999.387096774102,0.0,0.8761780488052519,1.134758421366014
1068360,3777.991101226921,9999.387096774102,0.0,0.8745262186314215,1.1347587763345341
1068420,3777.9528154565983,9999.387096774102,0.0,0.8744751625101268,1.134758988752969
1068480,3777.698518385237,9999.387096774102,0.0,0.8763359436538847,1.134759135014987
1068540,3777.9356010819283,9999.387096774102,0.0,0.8757618853309869,1.134758781364652
1068600,3777.826537300402,9999.387096774102,0.0,0.876250139958873,1.1347583695034933
1068660,3778.366899401675,9999.387096774102,0.0,0.8731653582184274,1.1347583855969385
1068720,3778.3896691437526,9999.387096774102,0.0,0.8743488314359826,1.1347576391770091
1068780,3778.2011066716486,9999.387096774102,0.0,0.8750324337247836,1.1347569067539631
1068840,3778.0023177472067,9999.387096774102,0.0,0.8759152887989765,1.1347564728053454
1068900,3777.9964363988224,9999.387096774102,0.0,0.8760145462544959,1.1347561366167576
1068960,3778.260217491202,9999.387096774102,0.0,0.8740222397772489,1.1347562335406556
1069020,3778.156058582338,9999.387096774102,0.0,0.8747721410537281,1.1347561660014336
1069080,3778.0524487444204,9999.387096774102,0.0,0.875171198146606,1.1347563104941096
1069140,3777.9666611282946,9999.387096774102,0.0,0.8755915297401154,1.1347563866664168
1069200,3777.7347205659275,9999.387096774102,0.0,0.8767105688293079,1.134756547002396
1069260,3778.010724155932,9999.387096774102,0.0,0.8750740658718923,1.134756877405454
1069320,3778.0361261461494,9999.387096774102,0.0,0.8745662835388863,1.1347571623000736
1069380,3778.0043102746286,9999.387096774102,0.0,0.8748710401737406,1.1347574518581476
1069440,3777.8457380494683,9999.387096774102,0.0,0.8756054762687971,1.1347576031420643
1069500,3777.7544143419614,9999.387096774102,0.0,0.8758191808297399,1.134757895703797
1069560,3777.794170846566,9999.387096774102,0.0,0.8757448764799755,1.134758102619803
1069620,3778.1194451980336,9999.387096774102,0.0,0.8736052942311451,1.1347585672292424
1069680,3777.959783013711,9999.387096774102,0.0,0.8747021290336102,1.134758693475664
1069740,3777.7063027745103,9999.387096774102,0.0,0.8760462441765537,1.134758878016437
1069800,3777.735086765588,9999.387096774102,0.0,0.8758271395376229,1.1347590613518126
1069860,3777.649512091168,9999.387096774102,0.0,0.876115430085985,1.1347592660216534
1069920,3778.2666497088276,9999.387096774102,0.0,0.8731242699930312,1.134759617858246
1069980,3778.1421201970093,9999.387096774102,0.0,0.8745756834106314,1.134759101654488
1070040,3777.938087741795,9999.387096774102,0.0,0.875446830899296,1.1347587231096923
1070100,3777.789853344868,9999.387096774102,0.0,0.8765099968649969,1.134758420426312
1070160,3778.133978125973,9999.387096774102,0.0,0.8755746442347049,1.1347576726427797
1070220,3778.130121360163,9999.387096774102,0.0,0.8751643614814869,1.1347571307091469
1070280,3778.3157375404,9999.387096774102,0.0,0.8743190458491579,1.1347568442086364
1070340,3778.123990343099,9999.387096774102,0.0,0.8750509101484412,1.1347565138424283
1070400,3777.915185505863,9999.387096774102,0.0,0.8759439687299789,1.1347564202596385
1070460,3777.909610667295,9999.387096774102,0.0,0.8760277910596292,1.1347563767605742
1070520,3778.1888610671836,9999.387096774102,0.0,0.8740096889326281,1.1347566805711706
1070580,3778.0949091172674,9999.387096774102,0.0,0.8747245297280203,1.1347567537384005
1070640,3777.979381401085,9999.387096774102,0.0,0.8752145371644287,1.1347569810975693
1070700,3777.8981567670144,9999.387096774102,0.0,0.8756261696098727,1.1347571200350832
1070760,3777.6833355438243,9999.387096774102,0.0,0.8766642208234678,1.134757318233154
1070820,3777.9607525867314,9999.387096774102,0.0,0.8750496507391443,1.134757662189282
1070880,3777.9943993488096,9999.387096774102,0.0,0.8745268066124446,1.1347579462417818
1070940,3777.9530527141987,9999.387096774102,0.0,0.8748979436642305,1.1347582165349095
1071000,3777.797682381786,9999.387096774102,0.0,0.8756396766526486,1.1347583468131028
1071060,3777.7151759980097,9999.387096774102,0.0,0.8758267146771483,1.1347586119957829
1071120,3777.761921760622,9999.387096774102,0.0,0.8757189957610604,1.1347587909111272
1071180,3778.0830856135512,9999.387096774102,0.0,0.8736317112942118,1.1347592155549597
1071240,3778.0929714712265,9999.387096774102,0.0,0.8747611337215396,1.1347590757951225
1071300,3777.9965985042736,9999.387096774102,0.0,0.8753763256330995,1.1347585365960826
1071360,3777.6884620521273,9999.387096774102,0.0,0.8770497068667795,1.134758251004764
1071420,3778.278625716879,9999.387096774102,0.0,0.8745862521530401,1.1347579106554457
1071480,3778.2003483533954,9999.387096774102,0.0,0.8751895954786344,1.1347570801251936
1071540,3778.325034579568,9999.387096774102,0.0,0.8742505020151561,1.1347567368407376
1071600,3778.1585706532605,9999.387096774102,0.0,0.8752212036204855,1.1347562906848376
1071660,3777.846722697183,9999.387096774102,0.0,0.8767966914113015,1.1347560698361372
1071720,3778.040961849583,9999.387096774102,0.0,0.8755041413115787,1.1347561046847512
1071780,3778.029615289008,9999.387096774102,0.0,0.8751777374655669,1.1347562130865876
1071840,3778.2008415065093,9999.387096774102,0.0,0.8743494333075966,1.134756459510213
1071900,3778.013407824465,9999.387096774102,0.0,0.8751082862310898,1.1347565482942932
1071960,3777.8188556139075,9999.387096774102,0.0,0.8759658883020095,1.1347567603610182
1072020,3777.8234730594245,9999.387096774102,0.0,0.8760201669662532,1.1347569362377972
1072080,3778.108185343425,9999.387096774102,0.0,0.8740137098661632,1.1347573903784303
1072140,3778.0266509733924,9999.387096774102,0.0,0.8746735710206932,1.1347575738636453
1072200,3777.897750806874,9999.387096774102,0.0,0.8752692054434977,1.1347578568551373
1072260,3777.8231957222874,9999.387096774102,0.0,0.8756640796748314,1.134758034702397
1072320,3777.627198960364,9999.387096774102,0.0,0.8766130516885482,1.1347582506094216
1072380,3777.9063606441828,9999.387096774102,0.0,0.8750188647274744,1.1347585920045695
1072440,3777.947998118675,9999.387096774102,0.0,0.8744856022710554,1.1347588612924264
1072500,3777.895536117553,9999.387096774102,0.0,0.8749319826862647,1.1347590997476769
1072560,3777.7441027848267,9999.387096774102,0.0,0.8756791147432499,1.134759199064962
1072620,3777.577328481225,9999.387096774102,0.0,0.8765735293954436,1.1347594019151177
1072680,3778.0764100622055,9999.387096774102,0.0,0.8748249103079876,1.134759250843786
1072740,3778.034274416204,9999.387096774102,0.0,0.8749064381544435,1.1347588295998259
1072800,3778.080131237973,9999.387096774102,0.0,0.8748544536664493,1.134758682029986
1072860,3778.0990889253612,9999.387096774102,0.0,0.8756312706669221,1.1347580013847096
1072920,3778.018142207421,9999.387096774102,0.0,0.8760634053751689,1.1347572238762142
1072980,3778.18181671166,9999.387096774102,0.0,0.874694115345539,1.1347569201302312
1073040,3778.1334312979693,9999.387096774102,0.0,0.8751556702016844,1.1347565547311322
1073100,3778.234565273694,9999.387096774102,0.0,0.874294091849229,1.1347565580617838
1073160,3778.064126428425,9999.387096774102,0.0,0.8752629181021069,1.1347564317910994
1073220,3777.7663984797414,9999.387096774102,0.0,0.8767864573091404,1.1347564495993614
1073280,3777.9709653275454,9999.387096774102,0.0,0.8754906396233817,1.1347566447306423
1073340,3777.9742553854635,9999.387096774102,0.0,0.8751098334464013,1.1347568624023234
1073400,3778.133523127742,9999.387096774102,0.0,0.8743664449093591,1.1347571742991023
1073460,3777.9488004490427,9999.387096774102,0.0,0.8751457832599827,1.1347573055783438
1073520,3777.7622260924986,9999.387096774102,0.0,0.8759827553214914,1.134757538094712
1073580,3777.7731248766877,9999.387096774102,0.0,0.8760145112272114,1.134757720498471
1073640,3778.0607646489,9999.387096774102,0.0,0.8740241840753743,1.1347581627526768
1073700,3777.988849485151,9999.387096774102,0.0,0.8746389850713024,1.1347583321000094
1073760,3777.851990565647,9999.387096774102,0.0,0.8752994035011726,1.1347585823606272
1073820,3777.780447966604,9999.387096774102,0.0,0.8756914113666718,1.1347587310545362
1073880,3777.598225857639,9999.387096774102,0.0,0.8765744591604047,1.1347589157376048
1073940,3778.189372924335,9999.387096774102,0.0,0.8736324415711463,1.1347592264480915
1074000,3778.1532384559614,9999.387096774102,0.0,0.8746113710423468,1.1347587410076705
1074060,3778.0584845907697,9999.387096774102,0.0,0.8748099194873081,1.1347584387551546
1074120,3777.817714456389,9999.387096774102,0.0,0.8766194952311591,1.1347580864077347
1074180,3778.125722782011,9999.387096774102,0.0,0.8757444550662364,1.134757293871465
1074240,3778.03299024502,9999.387096774102,0.0,0.8758992545474221,1.1347567349505185
1074300,3778.3401354019925,9999.387096774102,0.0,0.8742952514937177,1.1347564906721337
1074360,3778.200239668178,9999.387096774102,0.0,0.8746679153763338,1.134756220798898
1074420,3777.9810660361577,9999.387096774102,0.0,0.8757403427900933,1.134756132379187
1074480,3777.9233080892513,9999.387096774102,0.0,0.8760289898495621,1.134756087050504
1074540,3778.0704215042533,9999.387096774102,0.0,0.8747405353542224,1.1347563501748241
1074600,3778.041633485213,9999.387096774102,0.0,0.8750773002119624,1.1347564603071394
1074660,3778.1255784683744,9999.387096774102,0.0,0.8743766184960864,1.1347567955137894
1074720,3777.9665751804296,9999.387096774102,0.0,0.8753073169235047,1.1347569167721783
1074780,3777.684886365321,9999.387096774102,0.0,0.8767606138879022,1.1347571097326001
1074840,3777.893364038454,9999.387096774102,0.0,0.8754759243852095,1.1347574273627894
1074900,3777.914147163444,9999.387096774102,0.0,0.8750274756856117,1.1347577279663505
1074960,3778.0591743976697,9999.387096774102,0.0,0.8743890309727358,1.1347580788448202
1075020,3777.877436418485,9999.387096774102,0.0,0.8751899511228534,1.1347582304367563
1075080,3777.69997297241,9999.387096774102,0.0,0.8759996036814864,1.1347584658101737
1075140,3777.7181240414347,9999.387096774102,0.0,0.8760045877681464,1.1347586407402912
1075200,3778.0095870349187,9999.387096774102,0.0,0.8740280434739903,1.1347590588206522
1075260,3777.946194869143,9999.387096774102,0.0,0.8746052411278753,1.13475920289322
1075320,3777.8004012426204,9999.387096774102,0.0,0.8753377287285603,1.1347594104012382
1075380,3777.747847793703,9999.387096774102,0.0,0.8761901728182351,1.1347593458047025
1075440,3777.8966254666834,9999.387096774102,0.0,0.8758745921420517,1.134758872221863
1075500,3777.9701037526866,9999.387096774102,0.0,0.8750474979431664,1.1347587002622326
1075560,3778.424251558336,9999.387096774102,0.0,0.873656261138926,1.1347584648496158
1075620,3778.248660651281,9999.387096774102,0.0,0.8748762541332727,1.1347575423664178
1075680,3777.93019910642,9999.387096774102,0.0,0.8765424621965813,1.1347569639958
1075740,3778.055150120327,9999.387096774102,0.0,0.8757012680440651,1.1347566177068222
1075800,3777.957024225002,9999.387096774102,0.0,0.8759161307281863,1.1347564340660674
1075860,3778.2525400328277,9999.387096774102,0.0,0.8742858874943181,1.1347565263135662
1075920,3778.1165613797994,9999.387096774102,0.0,0.8746827979330011,1.1347565226193954
1075980,3777.9013666520073,9999.387096774102,0.0,0.8757747274783027,1.1347566168226224
1076040,3777.851840692281,9999.387096774102,0.0,0.876046120417093,1.1347566972058303
1076100,3778.007157010735,9999.387096774102,0.0,0.874744217389974,1.1347570430987675
1076160,3777.9901473586747,9999.387096774102,0.0,0.8750226221948811,1.1347572122159024
1076220,3778.061516241309,9999.387096774102,0.0,0.874426323672937,1.134757566268707
1076280,3777.9080505719667,9999.387096774102,0.0,0.8753393664552273,1.1347576987389199
1076340,3777.638589662153,9999.387096774102,0.0,0.876737885118431,1.134757888001259
1076400,3777.8489437380786,9999.387096774102,0.0,0.8754670981482847,1.1347581905093607
1076460,3777.8821290065994,9999.387096774102,0.0,0.8749718196325189,1.1347584703053655
1076520,3778.0174857103784,9999.387096774102,0.0,0.8744025987950793,1.1347587869762186
1076580,3777.837568579562,9999.387096774102,0.0,0.8752197501740828,1.134758905250018
1076640,3777.5493367340223,9999.387096774102,0.0,0.8769645909929042,1.1347590690161575
1076700,3778.002772019582,9999.387096774102,0.0,0.8753549644567541,1.1347588566879192
1076760,3777.963711722588,9999.387096774102,0.0,0.8754277707579335,1.1347584507018862
1076820,3778.2743917125904,9999.387096774102,0.0,0.8738156614868392,1.1347584076848525
1076880,3778.217926447398,9999.387096774102,0.0,0.8751872780984568,1.1347576701825992
1076940,3778.0768064596355,9999.387096774102,0.0,0.8758276621888623,1.1347568901742684
1077000,3778.082370905452,9999.387096774102,0.0,0.8753739376572343,1.1347565309128336
1077060,3778.079296104424,9999.387096774102,0.0,0.8755618346233511,1.1347561885518977
1077120,3778.348151971553,9999.387096774102,0.0,0.8736496653532558,1.1347562823400454
1077180,3778.1417380796,9999.387096774102,0.0,0.8749094734218299,1.134756158398135
1077240,3777.835160864175,9999.387096774102,0.0,0.8764922644650405,1.1347561965022304
1077300,3777.9434693455532,9999.387096774102,0.0,0.8757229965418761,1.1347563583459888
1077360,3777.875361125937,9999.387096774102,0.0,0.8757956811911356,1.1347565707369365
1077420,3778.166048975442,9999.387096774102,0.0,0.8742544708677709,1.134756936547901
1077480,3778.0272151642803,9999.387096774102,0.0,0.8747121469428636,1.1347571244106474
1077540,3777.81468321744,9999.387096774102,0.0,0.8758104515250595,1.1347573550436496
1077600,3777.7722355501005,9999.387096774102,0.0,0.8760665489431619,1.1347575320011702
1077660,3777.9395466706014,9999.387096774102,0.0,0.8747363032981337,1.134757935873525
1077720,3777.9340586819953,9999.387096774102,0.0,0.8749617881382,1.1347581403679825
1077780,3777.9905895396205,9999.387096774102,0.0,0.8744837176079312,1.1347584926174397
1077840,3777.8429916147265,9999.387096774102,0.0,0.8753774280315245,1.1347586209770215
1077900,3777.5873168975622,9999.387096774102,0.0,0.8767139724823002,1.1347587937689727
1077960,3777.800562851223,9999.387096774102,0.0,0.8754530312997971,1.134759070334296
1078020,3777.8468591280252,9999.387096774102,0.0,0.8749093374670242,1.134759319645305
1078080,3778.049218312532,9999.387096774102,0.0,0.8743629037983399,1.134759581068491
1078140,3778.012154337343,9999.387096774102,0.0,0.8752733939430394,1.1347590991285583
1078200,3777.8008744163226,9999.387096774102,0.0,0.8762915637768688,1.1347586748698397
1078260,3778.0079278626267,9999.387096774102,0.0,0.8750879677958067,1.1347585285287436
1078320,3778.2718742132183,9999.387096774102,0.0,0.8748327192573547,1.1347578167507784
1078380,3778.26622645934,9999.387096774102,0.0,0.8744227266907278,1.1347572315165122
1078440,3778.1253105329165,9999.387096774102,0.0,0.8752727089067011,1.1347568178162717
1078500,3778.0084915545167,9999.387096774102,0.0,0.8757906451658704,1.1347564637295418
1078560,3777.9926365924803,9999.387096774102,0.0,0.8754231621187804,1.134756444422133
1078620,3778.002056952729,9999.387096774102,0.0,0.8755126982921411,1.1347564076427417
1078680,3778.2650245244618,9999.387096774102,0.0,0.8737004948778228,1.1347567078003544
1078740,3778.0674821985554,9999.387096774102,0.0,0.874930931254986,1.1347567288088989
1078800,3777.7676142875916,9999.387096774102,0.0,0.8764933487568294,1.1347568616456527
1078860,3777.878709654451,9999.387096774102,0.0,0.8757328933412218,1.1347570884101155
1078920,3777.828983433978,9999.387096774102,0.0,0.8757223734125581,1.1347573418974886
1078980,3778.1143422044042,9999.387096774102,0.0,0.8742381044383478,1.13475772009627
1079040,3777.974865411883,9999.387096774102,0.0,0.8747321020405383,1.1347579048030512
1079100,3777.7647980154456,9999.387096774102,0.0,0.8758339664722152,1.1347581214556455
1079160,3777.7268903349004,9999.387096774102,0.0,0.8760795852004161,1.1347582799422598
1079220,3777.900729764654,9999.387096774102,0.0,0.8747406078352022,1.1347586558492482
1079280,3777.905009730466,9999.387096774102,0.0,0.8749170495894026,1.1347588336978662
1079340,3777.951732894093,9999.387096774102,0.0,0.8745178787931406,1.134759143735531
1079400,3777.828223397005,9999.387096774102,0.0,0.8759831629577904,1.1347590266763077
1079460,3777.916950441074,9999.387096774102,0.0,0.8758672466436067,1.134758528893932
1079520,3777.845320979245,9999.387096774102,0.0,0.8759526276247693,1.1347583186939523
1079580,3778.513887891645,9999.387096774102,0.0,0.873321136753538,1.1347581082487117
1079640,3778.2986671403714,9999.387096774102,0.0,0.8746934719966861,1.1347571920460877
1079700,3778.061446533553,9999.387096774102,0.0,0.8758917492201291,1.1347566653790717
1079760,3778.0762910132803,9999.387096774102,0.0,0.875692431591691,1.1347562797461939
1079820,3777.8853395598426,9999.387096774102,0.0,0.8764969885457086,1.1347560811642718
1079880,3778.1886541254826,9999.387096774102,0.0,0.8747079940592899,1.1347561757955273
1079940,3778.158601735357,9999.387096774102,0.0,0.8744779814200832,1.1347562512690488
1080000,3778.0100807160948,9999.387096774102,0.0,0.8753199289713839,1.1347563808912253
1080060,3777.895371082087,9999.387096774102,0.0,0.8758539763805908,1.1347564607156877
1080120,3777.9029645889877,9999.387096774102,0.0,0.8754084039704901,1.134756760926476
1080180,3777.923731789263,9999.387096774102,0.0,0.875455849262684,1.1347569522462884
1080240,3778.173421667381,9999.387096774102,0.0,0.8737631542541618,1.1347574000440988
1080300,3777.984166007565,9999.387096774102,0.0,0.8749593664548423,1.1347575335679438
1080360,3777.691918682596,9999.387096774102,0.0,0.8765013068634044,1.1347577348338638
1080420,3777.808600188131,9999.387096774102,0.0,0.8757395022983633,1.134758002590106
1080480,3777.778262226781,9999.387096774102,0.0,0.8756424092886247,1.134758276370613
1080540,3778.056838237689,9999.387096774102,0.0,0.8742229740496585,1.1347586496690962
1080600,3777.916209681864,9999.387096774102,0.0,0.8747588657049666,1.1347588168871312
1080660,3777.709245654242,9999.387096774102,0.0,0.8758610551260356,1.134759007693457
1080720,3777.6769876355465,9999.387096774102,0.0,0.8760917333050093,1.1347591378933164
1080780,3777.8306827458146,9999.387096774102,0.0,0.8749509768500641,1.1347594701309922
1080840,3778.2592395544425,9999.387096774102,0.0,0.8738486009103918,1.1347593942593726
1080900,3778.0849048165924,9999.387096774102,0.0,0.8746897940442661,1.134758882393434
1080960,3777.774359844289,9999.387096774102,0.0,0.8765898225821886,1.134758594665966
1081020,3778.0619429132043,9999.387096774102,0.0,0.875705949717891,1.134758067670881
1081080,3778.0468411580478,9999.387096774102,0.0,0.8759206745055818,1.1347572859204056
1081140,3778.416273503586,9999.387096774102,0.0,0.8734353418676655,1.1347570600476833
1081200,3778.224231542886,9999.387096774102,0.0,0.8747033524910414,1.1347566231692443
1081260,3777.9887263067785,9999.387096774102,0.0,0.8758426817709561,1.1347564557888363
1081320,3777.9815466504547,9999.387096774102,0.0,0.875733204730996,1.1347563917092363
1081380,3777.8163338883815,9999.387096774102,0.0,0.8764130949231856,1.1347564452746997
1081440,3778.123101637431,9999.387096774102,0.0,0.874667159429042,1.134756704413221
1081500,3778.093995603375,9999.387096774102,0.0,0.8744697590545492,1.1347568881476002
1081560,3777.940252855262,9999.387096774102,0.0,0.8753548244806464,1.1347570878040039
1081620,3777.830127051899,9999.387096774102,0.0,0.8758889501729618,1.1347572151578817
1081680,3777.8491724067735,9999.387096774102,0.0,0.875410110098851,1.1347575388513431
1081740,3777.879321091477,9999.387096774102,0.0,0.875412881615243,1.1347577397312147
1081800,3778.1198600303364,9999.387096774102,0.0,0.8738052734841162,1.134758171511813
1081860,3777.936094938993,9999.387096774102,0.0,0.8749791005440517,1.1347582896466515
1081920,3777.6502537801703,9999.387096774102,0.0,0.8764993725436611,1.1347584651287905
1081980,3777.7689879138507,9999.387096774102,0.0,0.8757462110905863,1.1347587035325046
1082040,3777.7526433049843,9999.387096774102,0.0,0.8755870094397497,1.1347589467912327
1082100,3778.2353283987845,9999.387096774102,0.0,0.8734317277260196,1.1347592955420573
1082160,3778.1145816755534,9999.387096774102,0.0,0.8748456826643556,1.1347587797598517
1082220,3777.882173051725,9999.387096774102,0.0,0.875917186187169,1.134758372436598
1082280,3777.878318691044,9999.387096774102,0.0,0.8760117441253674,1.1347581425278992
1082340,3778.212470685114,9999.387096774102,0.0,0.8752781100665434,1.134757410289686
1082400,3778.2388249716782,9999.387096774102,0.0,0.8746571847160591,1.1347568596005615
1082460,3778.260649779223,9999.387096774102,0.0,0.8747026910055009,1.1347565139886888
1082520,3778.0859031892396,9999.387096774102,0.0,0.8754176384258326,1.134756169585969
1082580,3777.942247542738,9999.387096774102,0.0,0.8758381292098052,1.1347561118559697
1082640,3777.9566447977413,9999.387096774102,0.0,0.8758601678990608,1.1347560859878614
1082700,3778.2948506223343,9999.387096774102,0.0,0.8735335829996005,1.1347564320250152
1082760,3778.1213742197874,9999.387096774102,0.0,0.874686439001856,1.1347564822632341
1082820,3777.879820821484,9999.387096774102,0.0,0.8759049416383933,1.1347566638438218
1082880,3777.8856741240975,9999.387096774102,0.0,0.8757631135473616,1.1347568562041956
1082940,3777.7434371680997,9999.387096774102,0.0,0.8763351667316766,1.1347570942387715
1083000,3778.049797377843,9999.387096774102,0.0,0.8746256868704466,1.1347574786535914
1083060,3778.022197922866,9999.387096774102,0.0,0.8744615631307404,1.1347577428997362
1083120,3777.8629907468357,9999.387096774102,0.0,0.8753963726323453,1.1347579867704622
1083180,3777.7588988078837,9999.387096774102,0.0,0.8759254761578815,1.134758139610986
1083240,3777.790784813462,9999.387096774102,0.0,0.8754061873153502,1.1347584688385735
1083300,3777.8309128908422,9999.387096774102,0.0,0.8753619340264349,1.1347586648903394
1083360,3778.060406450085,9999.387096774102,0.0,0.8738530838317007,1.1347590669713679
1083420,3777.8820977026103,9999.387096774102,0.0,0.8750053381592401,1.1347591588369716
1083480,3777.6035982198405,9999.387096774102,0.0,0.8765001070492051,1.1347592991838125
1083540,3777.854345751802,9999.387096774102,0.0,0.8754268387732529,1.1347594056272114
1083600,3777.9888552655293,9999.387096774102,0.0,0.8753700935890796,1.1347589520071888
1083660,3778.1488198885104,9999.387096774102,0.0,0.8740479216692141,1.1347587925614
1083720,3778.0723548801134,9999.387096774102,0.0,0.8754034848426393,1.1347584355224944
1083780,3778.142239379598,9999.387096774102,0.0,0.8755052637397805,1.1347575624375075
1083840,3777.869890626139,9999.387096774102,0.0,0.8768374522733977,1.1347569695981867
1083900,3778.154027943668,9999.387096774102,0.0,0.8751656380884032,1.1347566945908516
1083960,3778.1519750198013,9999.387096774102,0.0,0.8747421060324101,1.1347565201876413
1084020,3778.166606913245,9999.387096774102,0.0,0.8747380486831003,1.1347565130935475
1084080,3777.9930097192137,9999.387096774102,0.0,0.8754798149986082,1.134756444745779
1084140,3777.8680945982946,9999.387096774102,0.0,0.8758427491606948,1.1347565827901949
1084200,3777.8918703259537,9999.387096774102,0.0,0.8758335521365154,1.1347566890799197
1084260,3778.2259570813867,9999.387096774102,0.0,0.8735674054393401,1.1347571161712893
1084320,3778.0614055334813,9999.387096774102,0.0,0.8746789957338865,1.134757226466539
1084380,3777.817875746982,9999.387096774102,0.0,0.8759307711077707,1.1347574338217983
1084440,3777.8280916516333,9999.387096774102,0.0,0.875786452804403,1.134757638427975
1084500,3777.7030163416753,9999.387096774102,0.0,0.8762772963785106,1.134757876258617
1084560,3778.00842195537,9999.387096774102,0.0,0.8745978180261079,1.1347582450543146
1084620,3777.982137822032,9999.387096774102,0.0,0.8744564165231505,1.1347584849995545
1084680,3777.8197728377722,9999.387096774102,0.0,0.8754217950113035,1.1347586967791832
1084740,3777.7189742142896,9999.387096774102,0.0,0.8759504644779618,1.1347588185022484
1084800,3777.6914705651757,9999.387096774102,0.0,0.8759272401523265,1.134759094712668
1084860,3778.196030586248,9999.387096774102,0.0,0.8742974941846441,1.1347589943284042
1084920,3778.105958905303,9999.387096774102,0.0,0.8746427120285826,1.1347585421003694
1084980,3777.942998555095,9999.387096774102,0.0,0.8757652697048769,1.1347583200452964
1085040,3778.0792109381864,9999.387096774102,0.0,0.8758007733176022,1.1347577023600224
1085100,3778.038823955638,9999.387096774102,0.0,0.8760871063019934,1.1347569179786934
1085160,3778.3268898702195,9999.387096774102,0.0,0.8740080039513192,1.1347566618086815
1085220,3778.210087192155,9999.387096774102,0.0,0.8748553069020086,1.1347562707425394
1085280,3778.139552494306,9999.387096774102,0.0,0.8750181147486614,1.1347561985703127
1085340,3778.033360330997,9999.387096774102,0.0,0.8755360020863349,1.1347561060238076
1085400,3777.780090936711,9999.387096774102,0.0,0.876769006570198,1.1347561469169196
1085460,3778.0492088528736,9999.387096774102,0.0,0.8751438634166419,1.1347563915228203
1085520,3778.068474624982,9999.387096774102,0.0,0.8746448148369825,1.1347566225468209
1085580,3778.0652577070973,9999.387096774102,0.0,0.8747845473018833,1.134756892435473
1085640,3777.8986317477443,9999.387096774102,0.0,0.8755315352712981,1.1347570279306578
1085700,3777.787174963017,9999.387096774102,0.0,0.8758497101635744,1.1347573112164162
1085760,3777.8203275888504,9999.387096774102,0.0,0.875801508505364,1.1347575201903477
1085820,3778.1516447324975,9999.387096774102,0.0,0.87359638358249,1.134758002447595
1085880,3777.9946774507807,9999.387096774102,0.0,0.8746772581257549,1.13475814820805
1085940,3777.749500835763,9999.387096774102,0.0,0.8759614663178079,1.1347583613026813
1086000,3777.7648147750374,9999.387096774102,0.0,0.8758107774311675,1.1347585627377716
1086060,3777.6587087617672,9999.387096774102,0.0,0.8762119148683156,1.1347587875209448
1086120,3777.963251420407,9999.387096774102,0.0,0.8745639310103478,1.134759129336893
1086180,3777.936955048322,9999.387096774102,0.0,0.8744552442470295,1.1347593342709683
1086240,3777.6966496517966,9999.387096774102,0.0,0.8762465161670107,1.1347594682924074
1086300,3777.913514249284,9999.387096774102,0.0,0.8757664915283919,1.1347591048229642
1086360,3777.8031980092605,9999.387096774102,0.0,0.8762684672767782,1.1347586909444896
1086420,3778.3315168637873,9999.387096774102,0.0,0.8732507786311233,1.1347586937799234
1086480,3778.3695712891886,9999.387096774102,0.0,0.8743295478707822,1.1347579576673752
1086540,3778.1851386920875,9999.387096774102,0.0,0.8749940354669149,1.13475723443966
1086600,3777.9833619819624,9999.387096774102,0.0,0.8759167269801018,1.134756796999484
1086660,3777.97526613306,9999.387096774102,0.0,0.8760235448471085,1.13475645566375
1086720,3778.2276069006707,9999.387096774102,0.0,0.8741056689266585,1.13475653814924
1086780,3778.135853959227,9999.387096774102,0.0,0.874788041316303,1.1347564649067563
1086840,3778.050320089138,9999.387096774102,0.0,0.8750877839560699,1.1347566042583062
1086900,3777.955668872751,9999.387096774102,0.0,0.8755722130517587,1.1347566629546033
1086960,3777.7199231001505,9999.387096774102,0.0,0.8767222997792127,1.1347568071434326
1087020,3777.9898313482668,9999.387096774102,0.0,0.8751202052210276,1.134757118647391
1087080,3778.0196130315153,9999.387096774102,0.0,0.8745947117827125,1.1347573907185724
1087140,3778.0053222813576,9999.387096774102,0.0,0.874813628164158,1.134757671209941
1087200,3777.842378827668,9999.387096774102,0.0,0.8755689249712734,1.1347578079373117
1087260,3777.7404282095836,9999.387096774102,0.0,0.875858091065214,1.134758080522586
1087320,3777.780764808516,9999.387096774102,0.0,0.8757770064912225,1.1347582734559125
1087380,3778.108761036975,9999.387096774102,0.0,0.8736224309376628,1.13475872418242
1087440,3777.9578995697807,9999.387096774102,0.0,0.8746754402856208,1.134758841726701
1087500,3777.7127031218183,9999.387096774102,0.0,0.8759751079567777,1.1347590171325448
1087560,3777.7833324498197,9999.387096774102,0.0,0.8760080797912694,1.1347590364264792
1087620,3777.947790491127,9999.387096774102,0.0,0.8757129535882471,1.1347585765248533
1087680,3778.1018441614633,9999.387096774102,0.0,0.8743810876179821,1.1347584319842903
1087740,3778.298196836036,9999.387096774102,0.0,0.874402535228293,1.1347581440500636
1087800,3778.2237605699383,9999.387096774102,0.0,0.8751636183377558,1.1347572267623751
1087860,3777.8965685945227,9999.387096774102,0.0,0.8768524760687003,1.1347566289726403
1087920,3778.1074258192953,9999.387096774102,0.0,0.8755280735483799,1.1347563224129462
1087980,3778.0676645586236,9999.387096774102,0.0,0.8753471538992853,1.134756156941549
1088040,3778.267805914264,9999.387096774102,0.0,0.8743053621984391,1.1347562297595895
1088100,3778.079569892834,9999.387096774102,0.0,0.8750302948066868,1.134756193493149
1088160,3777.8740612972765,9999.387096774102,0.0,0.8759472846634728,1.1347563102150866
1088220,3777.8694067429883,9999.387096774102,0.0,0.8760352220339963,1.1347564181215135
1088280,3778.1382317053285,9999.387096774102,0.0,0.8740880105259913,1.134756828349681
1088340,3778.057922872337,9999.387096774102,0.0,0.8747303548604926,1.134756990699524
1088400,3777.9569945146372,9999.387096774102,0.0,0.8751479929166573,1.134757282100027
1088460,3777.869179744059,9999.387096774102,0.0,0.8756141305302382,1.1347574572252823
1088520,3777.653226897752,9999.387096774102,0.0,0.8766714487145102,1.1347576787171052
1088580,3777.925870276852,9999.387096774102,0.0,0.8750889229373947,1.134758032627517
1088640,3777.9654720235253,9999.387096774102,0.0,0.8745442802196686,1.134758323914685
1088700,3777.9385134522627,9999.387096774102,0.0,0.8748497408677508,1.1347585970255463
1088760,3777.779880587371,9999.387096774102,0.0,0.875612048969561,1.1347587210349317
1088820,3777.6892398128816,9999.387096774102,0.0,0.8758631691504477,1.1347589712646684
1088880,3777.737626164879,9999.387096774102,0.0,0.8757457833174692,1.1347591381741855
1088940,3778.0616245344227,9999.387096774102,0.0,0.8736482414819192,1.1347595477903754
1089000,3778.0861022212707,9999.387096774102,0.0,0.8746917596289079,1.1347594029048014
1089060,3777.980317726803,9999.387096774102,0.0,0.8753485705989481,1.1347588625586973
1089120,3777.6700895604517,9999.387096774102,0.0,0.8770486459968071,1.1347585696941664
1089180,3778.2390474283443,9999.387096774102,0.0,0.8746768106282555,1.1347582186552656
1089240,3778.1724290242487,9999.387096774102,0.0,0.8752171276176184,1.1347574008037933
1089300,3778.3150786919236,9999.387096774102,0.0,0.8741785439211895,1.1347570655335173
1089360,3778.1435178836227,9999.387096774102,0.0,0.8751928406315459,1.1347566143315553
1089420,3777.832559763867,9999.387096774102,0.0,0.8767706084602436,1.1347563866513493
1089480,3778.017705520845,9999.387096774102,0.0,0.8755364728295751,1.134756406597392
1089540,3778.0050965642604,9999.387096774102,0.0,0.8752301550671648,1.1347565025880393
1089600,3778.192005868716,9999.387096774102,0.0,0.874317598608987,1.1347567402002774
1089660,3778.0063977250147,9999.387096774102,0.0,0.8750673767380646,1.1347568176257985
1089720,3777.8077858416204,9999.387096774102,0.0,0.8759673690124017,1.1347570118132295
1089780,3777.8093342295474,9999.387096774102,0.0,0.8760342121663341,1.1347571718667038
1089840,3778.083175097822,9999.387096774102,0.0,0.8740951973573609,1.134757605051701
1089900,3778.013809979362,9999.387096774102,0.0,0.8746870725262629,1.1347577788497263
1089960,3777.9027685333695,9999.387096774102,0.0,0.8751842187907605,1.134758054833491
1090020,3777.818746226467,9999.387096774102,0.0,0.8756441200163315,1.1347582145505097
1090080,3777.617317906345,9999.387096774102,0.0,0.876632307669401,1.1347584144263898
1090140,3777.890479926164,9999.387096774102,0.0,0.8750693149119202,1.134758738525646
1090200,3777.9374669102017,9999.387096774102,0.0,0.8745097829860663,1.134758997591692
1090260,3777.896241426378,9999.387096774102,0.0,0.8753020936514619,1.1347592023029012
1090320,3777.974687900004,9999.387096774102,0.0,0.8755770979587967,1.1347587705237523
1090380,3777.8025329991497,9999.387096774102,0.0,0.876400960063023,1.1347583497298475
1090440,3778.1912984697988,9999.387096774102,0.0,0.8741310530183789,1.1347582875049078
1090500,3778.3663720893883,9999.387096774102,0.0,0.8744646602680789,1.1347575683130284
1090560,3778.268159999023,9999.387096774102,0.0,0.8745856169487225,1.1347569143410234
1090620,3778.0600030642,9999.387096774102,0.0,0.8756789711078382,1.1347564769660134
1090680,3777.999160708983,9999.387096774102,0.0,0.8759779114689554,1.1347561332332223
1090740,3778.111381352891,9999.387096774102,0.0,0.8748417562300111,1.1347561722275035
1090800,3778.0818028649305,9999.387096774102,0.0,0.8751637462049966,1.1347561339612668
1090860,3778.1982003643975,9999.387096774102,0.0,0.8742477063219832,1.1347563818347957
1090920,3778.0282367397767,9999.387096774102,0.0,0.8752412404231813,1.13475642474209
1090980,3777.7329430315517,9999.387096774102,0.0,0.8767615965386882,1.1347565677092621
1091040,3777.9290976743487,9999.387096774102,0.0,0.8755210362775515,1.1347568521915392
1091100,3777.9345845197954,9999.387096774102,0.0,0.8751449932295223,1.1347571375743513
1091160,3778.107029827713,9999.387096774102,0.0,0.8743377168214316,1.1347574986669873
1091220,3777.9243852746276,9999.387096774102,0.0,0.8751133389033207,1.1347576616627486
1091280,3777.735087840326,9999.387096774102,0.0,0.8759874976344274,1.1347579083584862
1091340,3777.7443456332153,9999.387096774102,0.0,0.8760282716225906,1.1347580982187733
1091400,3778.0235941117794,9999.387096774102,0.0,0.8740966978562528,1.1347585356315413
1091460,3777.96455408903,9999.387096774102,0.0,0.8746427799689789,1.1347587056297717
1091520,3777.8420861798163,9999.387096774102,0.0,0.8752287696844137,1.134758952501488
1091580,3777.762780036757,9999.387096774102,0.0,0.8756780501386832,1.1347590861887933
1091640,3777.577638440624,9999.387096774102,0.0,0.876588513885466,1.1347592553248596
1091700,3778.149465017096,9999.387096774102,0.0,0.8737433971095687,1.1347595431028148
1091760,3778.1280629581797,9999.387096774102,0.0,0.8746280373061572,1.1347590626193986
1091820,3778.0469452125326,9999.387096774102,0.0,0.8747585885449237,1.1347587636879661
1091880,3777.80571937661,9999.387096774102,0.0,0.8765903690542663,1.1347584029320976
1091940,3778.1000516508,9999.387096774102,0.0,0.875756322451828,1.1347576135838526
1092000,3778.0034370540566,9999.387096774102,0.0,0.8759486368807683,1.134757056624607
1092060,3778.313412840114,9999.387096774102,0.0,0.8743254282805965,1.134756809550583
1092120,3778.1856041647056,9999.387096774102,0.0,0.8746396191360192,1.1347565406982711
1092180,3777.9707955488348,9999.387096774102,0.0,0.875709177210279,1.1347564434403339
1092240,3777.907739557577,9999.387096774102,0.0,0.876022982659429,1.1347563856484213
1092300,3778.0409405736227,9999.387096774102,0.0,0.8748248236261693,1.1347566289095283
1092360,3778.0218081798835,9999.387096774102,0.0,0.8751079466139138,1.134756728583016
1092420,3778.124300064349,9999.387096774102,0.0,0.8743025891937205,1.1347570565328402
1092480,3777.9602923456996,9999.387096774102,0.0,0.8752748296563843,1.1347571610710732
1092540,3777.677317583895,9999.387096774102,0.0,0.8767420821422388,1.1347573384058571
1092600,3777.876419120793,9999.387096774102,0.0,0.8755134172490229,1.1347576361230816
1092660,3777.895840896319,9999.387096774102,0.0,0.8750827610374727,1.1347579217273183
1092720,3778.05810603984,9999.387096774102,0.0,0.8743502294467964,1.1347582636422042
1092780,3777.8773760530694,9999.387096774102,0.0,0.8751446027895617,1.1347584038860914
1092840,3777.6943695705704,9999.387096774102,0.0,0.8760025070106777,1.1347586221728103
1092900,3777.7088033001783,9999.387096774102,0.0,0.8760232504818546,1.1347587829028334
1092960,3777.985232567959,9999.387096774102,0.0,0.8741441908652134,1.1347591816668945
1093020,3778.2431300161893,9999.387096774102,0.0,0.8740307875374426,1.1347590911124752
1093080,3778.0649732526554,9999.387096774102,0.0,0.8749529141220588,1.1347585518241916
1093140,3777.7106909044437,9999.387096774102,0.0,0.8770203692905804,1.1347582528261502
1093200,3778.146607801466,9999.387096774102,0.0,0.8753302198925679,1.134757808933945
1093260,3778.118903277526,9999.387096774102,0.0,0.875643148520281,1.134757007530791
1093320,3778.4339527101633,9999.387096774102,0.0,0.8735236125658635,1.134756755792502
1093380,3778.219576254779,9999.387096774102,0.0,0.8748630483317801,1.1347563026475271
1093440,3777.914137971481,9999.387096774102,0.0,0.8764082363030025,1.1347561012062723
1093500,3777.999633789538,9999.387096774102,0.0,0.8757298694350876,1.1347560869616757
1093560,3777.908700383329,9999.387096774102,0.0,0.8759225347502839,1.134756175135741
1093620,3778.208740498242,9999.387096774102,0.0,0.8743000775358349,1.134756458619362
1093680,3778.0823218842725,9999.387096774102,0.0,0.8746583952195727,1.1347565993179247
1093740,3777.8704744646884,9999.387096774102,0.0,0.8757519561466485,1.1347567973295802
1093800,3777.816987668801,9999.387096774102,0.0,0.8760460084023038,1.1347569534607447
1093860,3777.962347947665,9999.387096774102,0.0,0.8748182380091918,1.1347573465032978
1093920,3777.9556324045247,9999.387096774102,0.0,0.8750431904607573,1.134757554297454
1093980,3778.0424348209654,9999.387096774102,0.0,0.8743664115440938,1.134757935010274
1094040,3777.8854438241624,9999.387096774102,0.0,0.8753144770756479,1.134758077150691
1094100,3777.616346631165,9999.387096774102,0.0,0.8767210685581787,1.1347582688786229
1094160,3777.8190374518567,9999.387096774102,0.0,0.8755010139186481,1.1347585640588758
1094220,3777.8533086564653,9999.387096774102,0.0,0.8750131106694226,1.1347588365295964
1094280,3778.0032941531626,9999.387096774102,0.0,0.8743680354149386,1.1347591467036597
1094340,3777.8246060732936,9999.387096774102,0.0,0.8751828780769063,1.1347592539953173
1094400,3777.534418981475,9999.387096774102,0.0,0.8769562592659653,1.1347593997122145
1094460,3777.972454147288,9999.387096774102,0.0,0.8754024505587947,1.134759176364137
1094520,3777.9372369494718,9999.387096774102,0.0,0.8754629442032522,1.134758770908039
1094580,3778.266674836374,9999.387096774102,0.0,0.8737405102164966,1.134758727461779
1094640,3778.203865994162,9999.387096774102,0.0,0.8751428620094769,1.1347579905153458
1094700,3778.0581528506195,9999.387096774102,0.0,0.8758047334812902,1.1347572166049296
1094760,3778.0511566633672,9999.387096774102,0.0,0.8754395994537791,1.1347568508219197
1094820,3778.0545804365315,9999.387096774102,0.0,0.8755900056221618,1.1347565063256408
1094880,3778.3341389630527,9999.387096774102,0.0,0.8736198157536147,1.134756595653206
1094940,3778.1298649794853,9999.387096774102,0.0,0.8748796407769203,1.1347564624655673
1095000,3777.8283500657694,9999.387096774102,0.0,0.8764388169694274,1.134756490070276
1095060,3777.9258488201212,9999.387096774102,0.0,0.8757398559384181,1.1347566330267465
1095120,3777.853478559429,9999.387096774102,0.0,0.8758493457846758,1.1347568292934411
1095180,3778.149242858859,9999.387096774102,0.0,0.8742755691225499,1.1347571803142271
1095240,3778.02164229366,9999.387096774102,0.0,0.8746760319113243,1.1347573597695841
1095300,3777.8116412684126,9999.387096774102,0.0,0.8757791322377416,1.1347575749533831
1095360,3777.763225067092,9999.387096774102,0.0,0.876063105111206,1.134757735710249
1095420,3777.9164494516062,9999.387096774102,0.0,0.874821120528246,1.1347581182239967
1095480,3777.9199285848354,9999.387096774102,0.0,0.8749955112678235,1.1347583118809141
1095540,3777.9961050550664,9999.387096774102,0.0,0.8744055402695505,1.1347586584314322
1095600,3777.8429394779537,9999.387096774102,0.0,0.8753420912433785,1.13475877162657
1095660,3777.584324893549,9999.387096774102,0.0,0.8767012118192364,1.1347589305039154
1095720,3778.005041336953,9999.387096774102,0.0,0.8746602560764676,1.1347591381219364
1095780,3778.0749516992496,9999.387096774102,0.0,0.8750192985974056,1.1347586760881516
1095840,3778.146309197725,9999.387096774102,0.0,0.8742302264093688,1.1347584694970796
1095900,3777.937043560384,9999.387096774102,0.0,0.8761379690064353,1.1347580970753852
1095960,3778.1332641255617,9999.387096774102,0.0,0.8756939468144572,1.1347572550590117
1096020,3777.9309337717464,9999.387096774102,0.0,0.8765606166092847,1.134756673484237
1096080,3778.2487200988994,9999.387096774102,0.0,0.8747693232108527,1.1347564221490434
1096140,3778.2164254194654,9999.387096774102,0.0,0.8745149981832491,1.1347562263762094
1096200,3778.0872101458467,9999.387096774102,0.0,0.8752263024655704,1.1347561724385902
1096260,3777.9592441977256,9999.387096774102,0.0,0.8757958735108864,1.1347561156343082
1096320,3777.943000803167,9999.387096774102,0.0,0.8754696163441338,1.1347563127500493
1096380,3777.959195635345,9999.387096774102,0.0,0.8755338677401083,1.134756434098713
1096440,3778.2307331992674,9999.387096774102,0.0,0.8736789339567579,1.1347568522497953
1096500,3778.0361592677614,9999.387096774102,0.0,0.8749055800542272,1.1347569612383568
1096560,3777.741338154028,9999.387096774102,0.0,0.8764498670001012,1.1347571564210448
1096620,3777.8440902893594,9999.387096774102,0.0,0.8757508726850208,1.1347574197399986
1096680,3777.793313974397,9999.387096774102,0.0,0.8757623390555663,1.1347576980501728
1096740,3778.0838754061365,9999.387096774102,0.0,0.8742505797099741,1.1347580908219739
1096800,3777.954195604917,9999.387096774102,0.0,0.8747008414004132,1.1347582865704113
1096860,3777.7465099907345,9999.387096774102,0.0,0.8758100469556391,1.1347585013585835
1096920,3777.7041585985635,9999.387096774102,0.0,0.876079894462965,1.1347586528419826
1096980,3777.866924384668,9999.387096774102,0.0,0.8748163850209367,1.1347590129207088
1097040,3777.880731517627,9999.387096774102,0.0,0.8749410316244512,1.1347591820039533
1097100,3777.9439819444856,9999.387096774102,0.0,0.8744529695537087,1.1347594839046757
1097160,3777.817586305778,9999.387096774102,0.0,0.87594325879481,1.1347593533558233
1097220,3777.8962752541065,9999.387096774102,0.0,0.8758640339909619,1.1347588531259345
1097280,3777.8158669356408,9999.387096774102,0.0,0.8760179945754333,1.1347586340618363
1097340,3778.483179247521,9999.387096774102,0.0,0.8733610999475995,1.1347584169254337
1097400,3778.2768056693462,9999.387096774102,0.0,0.8746841439883509,1.1347575148703453
1097460,3778.0527048930476,9999.387096774102,0.0,0.8758134908498055,1.1347569952475416
1097520,3778.0567641174466,9999.387096774102,0.0,0.8756887459554705,1.1347566019721294
1097580,3777.862217771522,9999.387096774102,0.0,0.8765259590183536,1.1347563950938846
1097640,3778.1629624228117,9999.387096774102,0.0,0.8747510745300262,1.134756477155101
1097700,3778.1431538862503,9999.387096774102,0.0,0.8744713176328796,1.1347565459964628
1097760,3778.005983362656,9999.387096774102,0.0,0.875268102888416,1.1347566654570527
1097820,3777.8852857775037,9999.387096774102,0.0,0.8758311841434804,1.1347567302892598
1097880,3777.8798367802774,9999.387096774102,0.0,0.8754736715904238,1.1347570092960457
1097940,3777.905766892736,9999.387096774102,0.0,0.8754906656835302,1.1347571873228837
1098000,3778.1684882022,9999.387096774102,0.0,0.8737239458595764,1.1347576246578657
1098060,3777.980420326799,9999.387096774102,0.0,0.8749239505373578,1.1347577443979584
1098120,3777.6913569475346,9999.387096774102,0.0,0.8764520617594235,1.1347579323653911
1098180,3777.796795792596,9999.387096774102,0.0,0.8757600044821451,1.1347581805027471
1098240,3777.761421597319,9999.387096774102,0.0,0.8757020993169384,1.1347584385077316
1098300,3778.0473951626504,9999.387096774102,0.0,0.8742358605322176,1.1347587995071835
1098360,3777.9171075840654,9999.387096774102,0.0,0.8747170707744794,1.1347589601690575
1098420,3777.602269791816,9999.387096774102,0.0,0.8768000949787254,1.13475909782253
1098480,3777.9424168234214,9999.387096774102,0.0,0.8757054703387911,1.1347588031973244
1098540,3777.8719966403673,9999.387096774102,0.0,0.8759736283877815,1.1347583972134458
1098600,3778.387205082681,9999.387096774102,0.0,0.8730999669592142,1.1347584191158073
1098660,3778.3344642547922,9999.387096774102,0.0,0.8746221954198695,1.1347576593940083
1098720,3778.1453343444205,9999.387096774102,0.0,0.8753908162013455,1.1347568974859377
1098780,3778.007710480021,9999.387096774102,0.0,0.8758363045340659,1.1347564861229817
1098840,3778.018707707213,9999.387096774102,0.0,0.8758967587895199,1.1347561515884392
1098900,3778.34748117171,9999.387096774102,0.0,0.8735627910171325,1.1347562752415232
1098960,3778.1768945528675,9999.387096774102,0.0,0.8746847490117202,1.1347561752473687
1099020,3777.9503045820343,9999.387096774102,0.0,0.8758013449973238,1.134756258931579
1099080,3777.9415582126985,9999.387096774102,0.0,0.8757329627870315,1.1347563678965307
1099140,3777.775137593772,9999.387096774102,0.0,0.8764359450490689,1.1347565490435716
1099200,3778.0797463670788,9999.387096774102,0.0,0.8747025224972454,1.1347569023517783
1099260,3778.0615363543075,9999.387096774102,0.0,0.8744583892034563,1.1347571607691869
1099320,3777.9169820692623,9999.387096774102,0.0,0.8753135636636399,1.1347574100270899
1099380,3777.8025677615497,9999.387096774102,0.0,0.8758739730997448,1.1347575676744588
1099440,3777.81173330253,9999.387096774102,0.0,0.875469237956325,1.1347579039137439
1099500,3777.847983232265,9999.387096774102,0.0,0.8754394905425932,1.134758115578314
1099560,3778.0998060999414,9999.387096774102,0.0,0.8737743540802935,1.1347585518534617
1099620,3777.918077030889,9999.387096774102,0.0,0.8749489192445509,1.134758666955948
1099680,3777.635676719701,9999.387096774102,0.0,0.8764575198193519,1.1347588347743796
1099740,3777.74499776541,9999.387096774102,0.0,0.875767020378303,1.134759057074143
1099800,3777.7264678732176,9999.387096774102,0.0,0.8756334226484804,1.1347592854313955
1099860,3778.2236921656836,9999.387096774102,0.0,0.873384598302277,1.134759622656406
1099920,3778.09921202028,9999.387096774102,0.0,0.8748116534588352,1.134759105787061
1099980,3777.8687679691384,9999.387096774102,0.0,0.8758769222690409,1.134758697485543
1100040,3777.847461207808,9999.387096774102,0.0,0.8760878904651381,1.1347584536701971
1100100,3778.1819621676664,9999.387096774102,0.0,0.8753148555863899,1.134757726669013
1100160,3778.210908232183,9999.387096774102,0.0,0.8746916561712185,1.1347571815788744
1100220,3778.2500369922786,9999.387096774102,0.0,0.8746531260875855,1.1347568399608343
1100280,3778.0721206990365,9999.387096774102,0.0,0.8753842886845331,1.1347564909576997
1100340,3777.9205472334493,9999.387096774102,0.0,0.8758694134934849,1.134756419918559
1100400,3777.9359099897506,9999.387096774102,0.0,0.875883389627264,1.1347563832364724
1100460,3778.272338831559,9999.387096774102,0.0,0.873571681401034,1.134756714013204
1100520,3778.109378479767,9999.387096774102,0.0,0.8746712395018982,1.1347567554600153
1100580,3777.879032302979,9999.387096774102,0.0,0.8758296581413368,1.1347569271173465
1100640,3777.87405227214,9999.387096774102,0.0,0.8757604832262854,1.1347570997163314
1100700,3777.7263552624095,9999.387096774102,0.0,0.8763744529087134,1.134757320469149
1100760,3778.0307294424056,9999.387096774102,0.0,0.8746720738963697,1.1347576873305119
1100820,3778.0147610438594,9999.387096774102,0.0,0.8744479575446013,1.1347579429098555
1100880,3777.8657375314074,9999.387096774102,0.0,0.8753421273292267,1.134758175159734
1100940,3777.755028852909,9999.387096774102,0.0,0.875902875687625,1.1347583128744456
1101000,3777.773077538382,9999.387096774102,0.0,0.8754734186707237,1.1347586218531729
1101060,3777.817674919144,9999.387096774102,0.0,0.875401758128587,1.1347588062108307
1101120,3778.061781147612,9999.387096774102,0.0,0.8738082652941342,1.1347592010519765
1101180,3777.970534649237,9999.387096774102,0.0,0.8753435801940131,1.134759053734793
1101240,3777.9536019487546,9999.387096774102,0.0,0.8756394817130656,1.1347585283982462
1101300,3777.727177394223,9999.387096774102,0.0,0.8767459031636219,1.1347582690534528
1101360,3778.3895781804445,9999.387096774102,0.0,0.8739819452413846,1.1347579934339453
1101420,3778.255912124012,9999.387096774102,0.0,0.8748912961869124,1.1347571322100851
1101480,3778.216872639967,9999.387096774102,0.0,0.8749349830644043,1.1347567085037515
1101540,3778.1155111752623,9999.387096774102,0.0,0.8754682791015413,1.134756281986461
1101600,3777.8394301433304,9999.387096774102,0.0,0.8768163617748383,1.1347560645417898
1101660,3778.093905726945,9999.387096774102,0.0,0.8752161801529562,1.1347561292316102
1101720,3778.106496925398,9999.387096774102,0.0,0.874729715412531,1.1347562381840424
1101780,3778.1332183814447,9999.387096774102,0.0,0.8746989251302139,1.1347564331634175
1101840,3777.959046605839,9999.387096774102,0.0,0.8754527777929836,1.1347565094767218
1101900,3777.827295083824,9999.387096774102,0.0,0.8758746899420425,1.134756750443991
1101960,3777.8532993485824,9999.387096774102,0.0,0.8758531916965545,1.1347569368224335
1102020,3778.1872408586496,9999.387096774102,0.0,0.8736005260554011,1.1347574168422752
1102080,3778.0333219470267,9999.387096774102,0.0,0.8746617507657908,1.1347575685737992
1102140,3777.7991671153736,9999.387096774102,0.0,0.8758686246850536,1.1347578015746524
1102200,3777.8005277114094,9999.387096774102,0.0,0.875788646309434,1.134758013981375
1102260,3777.6731103395437,9999.387096774102,0.0,0.8763066333736569,1.1347582539698267
1102320,3777.977225706489,9999.387096774102,0.0,0.8746357157655678,1.1347586179638822
1102380,3777.9623248821213,9999.387096774102,0.0,0.8744409766979038,1.1347588562297148
1102440,3777.8083337951653,9999.387096774102,0.0,0.8753771400073909,1.1347590592956789
1102500,3777.7023087226435,9999.387096774102,0.0,0.875934780192387,1.1347591672197672
1102560,3777.661974847505,9999.387096774102,0.0,0.8760035706615683,1.1347594221266672
1102620,3778.162627868996,9999.387096774102,0.0,0.87435791057591,1.1347593117418782
1102680,3778.083897699646,9999.387096774102,0.0,0.8746478797667286,1.134758864428036
1102740,3777.940658663473,9999.387096774102,0.0,0.8756624500688922,1.1347586429917882
1102800,3778.0573130360144,9999.387096774102,0.0,0.8758014692516004,1.1347580191385538
1102860,3778.0148727152655,9999.387096774102,0.0,0.876094495087457,1.1347572416026634
1102920,3778.29041536454,9999.387096774102,0.0,0.8740966305746544,1.1347569791228809
1102980,3778.1866731542946,9999.387096774102,0.0,0.8748730794009325,1.1347565894238703
1103040,3778.134121482827,9999.387096774102,0.0,0.8749369367378654,1.1347565170765364
1103100,3778.0199466027525,9999.387096774102,0.0,0.8755153398239076,1.1347564107649184
1103160,3777.7637529123285,9999.387096774102,0.0,0.8767745546890036,1.134756437991084
1103220,3778.0263527690922,9999.387096774102,0.0,0.8751876966756419,1.1347566648713172
1103280,3778.048993038124,9999.387096774102,0.0,0.8746784601628045,1.1347568832805042
1103340,3778.0636122660862,9999.387096774102,0.0,0.8747296334448166,1.1347571442325928
1103400,3777.8932993694034,9999.387096774102,0.0,0.87549443198786,1.1347572652382665
1103460,3777.772143083179,9999.387096774102,0.0,0.8758840198106302,1.134757528327592
1103520,3777.8056116239536,9999.387096774102,0.0,0.8758305191136084,1.1347577225373489
1103580,3778.1371882187295,9999.387096774102,0.0,0.8736255808817793,1.1347581888729428
1103640,3777.990243532979,9999.387096774102,0.0,0.8746552942625975,1.1347583254509497
1103700,3777.754709972498,9999.387096774102,0.0,0.875887450997904,1.1347585289038362
1103760,3777.7586644436183,9999.387096774102,0.0,0.8758097869182345,1.1347587120691698
1103820,3777.6459461843924,9999.387096774102,0.0,0.8762579815858367,1.1347589214323994
1103880,3778.2840773368307,9999.387096774102,0.0,0.8731293410437854,1.134759283695923
1103940,3778.1692244268065,9999.387096774102,0.0,0.8745431527942374,1.1347587709881413
1104000,3777.9820836112704,9999.387096774102,0.0,0.8752948119633738,1.1347584099136887
1104060,3777.801808206824,9999.387096774102,0.0,0.87658639403784,1.1347580971351015
1104120,3778.1472176750585,9999.387096774102,0.0,0.8756303082409612,1.1347573343786947
1104180,3778.122047391809,9999.387096774102,0.0,0.8753451358561657,1.134756786752733
1104240,3778.3476621916157,9999.387096774102,0.0,0.8742608392643234,1.1347565172932037
1104300,3778.1585431190883,9999.387096774102,0.0,0.8749484169919209,1.1347562022278104
1104360,3777.9389981989575,9999.387096774102,0.0,0.8759211234296663,1.134756114593697
1104420,3777.9224223241895,9999.387096774102,0.0,0.8760459764486643,1.134756079165644
1104480,3778.1752425814825,9999.387096774102,0.0,0.8741619756280623,1.1347563858455292
1104540,3778.0944599732184,9999.387096774102,0.0,0.8747979293489365,1.1347564779294352
1104600,3778.0237937828715,9999.387096774102,0.0,0.8750193515229489,1.1347567419982543
1104660,3777.9220216308363,9999.387096774102,0.0,0.8755597202647329,1.1347568869443065
1104720,3777.68613919601,9999.387096774102,0.0,0.8767241775699811,1.1347570937072835
1104780,3777.951284443474,9999.387096774102,0.0,0.8751573599274783,1.134757444401676
1104840,3777.986242374713,9999.387096774102,0.0,0.874616396137777,1.1347577455678028
1104900,3777.9865909934174,9999.387096774102,0.0,0.8747676047392281,1.1347580459112792
1104960,3777.8210284259744,9999.387096774102,0.0,0.8755411143098716,1.1347581895373933
1105020,3777.71184824556,9999.387096774102,0.0,0.8758906806664053,1.134758457059098
1105080,3777.7536493509747,9999.387096774102,0.0,0.875801354232411,1.1347586449732259
1105140,3778.0825142215695,9999.387096774102,0.0,0.8736491278314911,1.1347590847513496
1105200,3777.941641842193,9999.387096774102,0.0,0.8746532928607708,1.1347591950131386
1105260,3777.7046666985275,9999.387096774102,0.0,0.8759127268300618,1.1347593592253749
1105320,3777.757897122025,9999.387096774102,0.0,0.8760505118005404,1.134759358787804
1105380,3777.922243843737,9999.387096774102,0.0,0.8757361440323446,1.13475889848146
1105440,3778.0726057669276,9999.387096774102,0.0,0.8744385343069887,1.1347587476835803
1105500,3778.29451103305,9999.387096774102,0.0,0.874309610185625,1.1347584620182585
1105560,3778.2055070970323,9999.387096774102,0.0,0.8751348595570158,1.134757550889943
1105620,3777.8801304574827,9999.387096774102,0.0,0.8768222612206975,1.134756956062794
1105680,3778.081681754722,9999.387096774102,0.0,0.8755573662021009,1.1347566420990638
1105740,3778.040644668818,9999.387096774102,0.0,0.8753977815606983,1.1347564698790051
1105800,3778.254774483175,9999.387096774102,0.0,0.8742811098427555,1.134756537094091
1105860,3778.069711223275,9999.387096774102,0.0,0.8749910730630378,1.1347564925227809
1105920,3777.8614109471005,9999.387096774102,0.0,0.8759444327366832,1.1347565934090798
1105980,3777.853534852717,9999.387096774102,0.0,0.8760458159076424,1.134756686409807
1106040,3778.1107236154244,9999.387096774102,0.0,0.8741717979512331,1.1347570757245344
1106100,3778.042306286207,9999.387096774102,0.0,0.874748127015041,1.1347572280146465
1106160,3777.9599026662363,9999.387096774102,0.0,0.8750632651135231,1.134757512168253
1106220,3777.86314122574,9999.387096774102,0.0,0.87559238507978,1.1347576687269532
1106280,3777.642482126749,9999.387096774102,0.0,0.8766848957035714,1.1347578736121615
1106340,3777.9086432005815,9999.387096774102,0.0,0.8751374852058366,1.1347582091038353
1106400,3777.9523802143485,9999.387096774102,0.0,0.8745749414571927,1.1347584885959046
1106460,3777.9434257849643,9999.387096774102,0.0,0.8747903972394835,1.1347587544667732
1106520,3777.7804580806196,9999.387096774102,0.0,0.8755729176355692,1.1347588657510774
1106580,3777.5754120684614,9999.387096774102,0.0,0.8767169260807737,1.134759068564474
1106640,3778.074250875504,9999.387096774102,0.0,0.8749575160027901,1.1347589081561065
1106700,3778.0326422327867,9999.387096774102,0.0,0.8750303627587717,1.1347584918870202
1106760,3778.1432815047397,9999.387096774102,0.0,0.8746013124263359,1.1347583759338808
1106820,3778.14230668929,9999.387096774102,0.0,0.8755403418807473,1.134757677544476
1106880,3778.046792808989,9999.387096774102,0.0,0.8760217365242352,1.1347568942670292
1106940,3778.172850901483,9999.387096774102,0.0,0.8748566192857299,1.134756578610964
1107000,3778.134026743022,9999.387096774102,0.0,0.8752601036119535,1.1347562218065836
1107060,3778.280508840313,9999.387096774102,0.0,0.8741115830554814,1.134756256547231
1107120,3778.0962858377034,9999.387096774102,0.0,0.8751753716454792,1.1347561366757268
1107180,3777.788525980766,9999.387096774102,0.0,0.8767566257442937,1.1347561662348171
1107240,3777.9730275753273,9999.387096774102,0.0,0.8755600264982999,1.1347563649821757
1107300,3777.9604253212183,9999.387096774102,0.0,0.8752724666317702,1.1347565933387085
1107360,3778.1595418817783,9999.387096774102,0.0,0.8742949166415575,1.1347569337179624
1107420,3777.977085990729,9999.387096774102,0.0,0.8750369033642096,1.1347570861592868
1107480,3777.7771337647155,9999.387096774102,0.0,0.8759685970961096,1.1347573275570202
1107540,3777.777074200712,9999.387096774102,0.0,0.8760453099803439,1.1347575196855706
1107600,3778.0419480851333,9999.387096774102,0.0,0.8741697872232315,1.1347579666128689
1107660,3777.985000537443,9999.387096774102,0.0,0.8746957323369033,1.1347581550524901
1107720,3777.889188639408,9999.387096774102,0.0,0.8751144882002483,1.1347584386515592
1107780,3777.797997044652,9999.387096774102,0.0,0.8756294097109355,1.1347585914925884
1107840,3777.5943563331293,9999.387096774102,0.0,0.8766414106425218,1.13475878175133
1107900,3777.8622649282484,9999.387096774102,0.0,0.8751111249388286,1.1347590910377048
1107960,3777.914736732113,9999.387096774102,0.0,0.874530228548526,1.134759338854402
1108020,3777.896676144254,9999.387096774102,0.0,0.8751945299883835,1.1347595353020754
1108080,3777.9570742019887,9999.387096774102,0.0,0.8755572733424523,1.134759095843871
1108140,3777.782862350003,9999.387096774102,0.0,0.8763978365735383,1.1347586725991574
1108200,3778.1496318944655,9999.387096774102,0.0,0.8742591703033593,1.1347585947153225
1108260,3778.3362622881496,9999.387096774102,0.0,0.8744960271351735,1.1347578833737713
1108320,3778.250580230008,9999.387096774102,0.0,0.8745567622393593,1.1347572411487747
1108380,3778.0472535957038,9999.387096774102,0.0,0.8756459228712721,1.13475680306165
1108440,3777.9810761654594,9999.387096774102,0.0,0.87596935799184,1.1347564533904777
1108500,3778.0797208344015,9999.387096774102,0.0,0.8749235030789642,1.134756477235829
1108560,3778.0595178406015,9999.387096774102,0.0,0.8751938483456173,1.1347564313771243
1108620,3778.1936655945756,9999.387096774102,0.0,0.8741780678597394,1.1347566734424048
1108680,3778.0194874725457,9999.387096774102,0.0,0.8752092056620501,1.1347567011028015
1108740,3777.7240272090994,9999.387096774102,0.0,0.8767371686459464,1.1347568293802688
1108800,3777.9106190570146,9999.387096774102,0.0,0.8755552258614778,1.134757093926235
1108860,3777.914273513877,9999.387096774102,0.0,0.8752007788431676,1.1347573637408706
1108920,3778.102800625477,9999.387096774102,0.0,0.8743052900826755,1.134757714705069
1108980,3777.9222699896777,9999.387096774102,0.0,0.8750692256221789,1.1347578660155089
1109040,3777.7286015007917,9999.387096774102,0.0,0.8759859381283568,1.1347580951216776
1109100,3777.7339732415267,9999.387096774102,0.0,0.8760434044075998,1.1347582697936165
1109160,3778.0021926690592,9999.387096774102,0.0,0.8741787180335723,1.134758687690828
1109220,3777.9550484477377,9999.387096774102,0.0,0.8746573792457656,1.1347588495472776
1109280,3777.8507151383787,9999.387096774102,0.0,0.8751428026739969,1.134759091521161
1109340,3777.7748390685188,9999.387096774102,0.0,0.876178283826836,1.1347590199398998
1109400,3777.9148400669496,9999.387096774102,0.0,0.8758889044634305,1.1347585409732288
1109460,3777.953904317916,9999.387096774102,0.0,0.8752655707379263,1.1347583646314026
1109520,3778.4778363198743,9999.387096774102,0.0,0.873500435446171,1.1347581446634654
1109580,3778.2819954529436,9999.387096774102,0.0,0.8748119628988692,1.1347572128397143
1109640,3777.9726008237285,9999.387096774102,0.0,0.8764229518320477,1.134756642207714
1109700,3778.0729567770754,9999.387096774102,0.0,0.8757139120453021,1.1347562894984122
1109760,3777.9500872042504,9999.387096774102,0.0,0.876078608530688,1.134756107282361
1109820,3778.253442722712,9999.387096774102,0.0,0.874370412174185,1.1347562104358682
1109880,3778.142880760759,9999.387096774102,0.0,0.8746098333825655,1.1347562356586254
1109940,3777.9345110505164,9999.387096774102,0.0,0.8756868314066063,1.134756345556224
1110000,3777.8700464543094,9999.387096774102,0.0,0.8760165575557377,1.1347564359430704
1110060,3777.9913063189138,9999.387096774102,0.0,0.8749012434907782,1.1347567833912209
1110120,3777.9828151860106,9999.387096774102,0.0,0.8751274101483085,1.1347569689349204
1110180,3778.1000914735105,9999.387096774102,0.0,0.874247534508615,1.1347573592770124
1110240,3777.9336050951856,9999.387096774102,0.0,0.8752502415759693,1.1347575010465007
1110300,3777.6519578112593,9999.387096774102,0.0,0.8767204682290897,1.1347577019040676
1110360,3777.8432716203224,9999.387096774102,0.0,0.8755447698010371,1.1347580081451785
1110420,3777.863591242213,9999.387096774102,0.0,0.8751238506570634,1.134758298231776
1110480,3778.0395467580042,9999.387096774102,0.0,0.8743207876774532,1.1347586420215354
1110540,3777.861021199305,9999.387096774102,0.0,0.8751087935183324,1.1347587780715898
1110600,3777.6748898605706,9999.387096774102,0.0,0.8760040852162712,1.1347589831590064
1110660,3777.6867667074525,9999.387096774102,0.0,0.8760378756754228,1.134759130524774
1110720,3777.9527390844883,9999.387096774102,0.0,0.8742301733258673,1.1347595089510785
1110780,3778.2291331249944,9999.387096774102,0.0,0.8739926354170593,1.134759415296544
1110840,3778.0492086504864,9999.387096774102,0.0,0.8749222522623046,1.1347588777151678
1110900,3777.699985100775,9999.387096774102,0.0,0.8769717017177545,1.1347585737683767
1110960,3778.112300838683,9999.387096774102,0.0,0.8753954591033759,1.1347581199728218
1111020,3778.0911617833585,9999.387096774102,0.0,0.8756711546945611,1.134757328751206
1111080,3778.416146172209,9999.387096774102,0.0,0.8734987632264081,1.1347570807479777
1111140,3778.2040669468815,9999.387096774102,0.0,0.8748367588749024,1.1347566256326234
1111200,3777.905035920821,9999.387096774102,0.0,0.8763506138594841,1.1347564195003041
1111260,3777.979969787316,9999.387096774102,0.0,0.8757432863097021,1.1347563899993036
1111320,3777.884912627441,9999.387096774102,0.0,0.8759726494864485,1.134756464322771
1111380,3778.1874120740276,9999.387096774102,0.0,0.874332165063621,1.1347567333041322
1111440,3778.0737754925776,9999.387096774102,0.0,0.874626288211785,1.1347568668452421
1111500,3777.865839143288,9999.387096774102,0.0,0.8757175996543072,1.1347570501099853
1111560,3777.8064198049337,9999.387096774102,0.0,0.8760395364530826,1.1347571899319082
1111620,3777.9376293256914,9999.387096774102,0.0,0.8749017248956482,1.1347575610678424
1111680,3777.939659927961,9999.387096774102,0.0,0.8750771203312468,1.1347577571781453
1111740,3778.0455161336436,9999.387096774102,0.0,0.8742918525347476,1.1347581309633743
1111800,3777.883704419816,9999.387096774102,0.0,0.8752790259277798,1.1347582572847752
1111860,3777.612637562219,9999.387096774102,0.0,0.8767026723778617,1.1347584344223498
1111920,3777.805533416468,9999.387096774102,0.0,0.875539755545766,1.1347587111899393
1111980,3777.837934346224,9999.387096774102,0.0,0.8750711866369836,1.1347589703256085
1112040,3778.113859098265,9999.387096774102,0.0,0.8741142040308385,1.1347592670913227
1112100,3778.053866914516,9999.387096774102,0.0,0.8751681725919921,1.1347587752989774
1112160,3777.8321695685404,9999.387096774102,0.0,0.8762238454468312,1.1347583551628868
1112220,3777.9897497160227,9999.387096774102,0.0,0.8753136174821731,1.134758194076191
1112280,3778.2747470154072,9999.387096774102,0.0,0.8749441975152953,1.1347574731904204
1112340,3778.2833812416943,9999.387096774102,0.0,0.8744351219600894,1.1347568973144073
1112400,3778.17276827868,9999.387096774102,0.0,0.8751392931015883,1.1347564984034477
1112460,3778.040322062073,9999.387096774102,0.0,0.8757093293913034,1.1347561495727014
1112520,3777.9902648598936,9999.387096774102,0.0,0.8755383388189609,1.134756127481034
1112580,3778.0015079874292,9999.387096774102,0.0,0.8756091211373539,1.13475610177558
1112640,3778.2942138388526,9999.387096774102,0.0,0.8735983886531372,1.1347564290938452
1112700,3778.0942622471107,9999.387096774102,0.0,0.8748567101939254,1.1347564640103156
1112760,3777.799114358851,9999.387096774102,0.0,0.8763876586834823,1.134756616269118
1112820,3777.886789700913,9999.387096774102,0.0,0.8757560957917793,1.134756846676917
1112880,3777.8141234723926,9999.387096774102,0.0,0.8758841980520977,1.1347571080104601
1112940,3778.1130623925387,9999.387096774102,0.0,0.8742964892530486,1.1347575028520405
1113000,3777.9965681368885,9999.387096774102,0.0,0.8746477931812994,1.1347577166306515
1113060,3777.7900247137422,9999.387096774102,0.0,0.8757529313889005,1.134757947856755
1113120,3777.7372577982187,9999.387096774102,0.0,0.8760612922944543,1.134758115000616
1113180,3777.8795531963037,9999.387096774102,0.0,0.8748955904457923,1.1347584916070625
1113240,3777.8924163507154,9999.387096774102,0.0,0.8750195899758872,1.1347586836524075
1113300,3777.9846041552837,9999.387096774102,0.0,0.8743442095297163,1.134759026936941
1113360,3777.827907886243,9999.387096774102,0.0,0.8753139946873996,1.134759127071044
1113420,3777.5688333955763,9999.387096774102,0.0,0.8766844476069658,1.1347592712849324
1113480,3777.966322981099,9999.387096774102,0.0,0.8747698150180853,1.1347594559489536
1113540,3778.047878405607,9999.387096774102,0.0,0.8750487525926803,1.1347589970504333
1113600,3778.131511052321,9999.387096774102,0.0,0.8741983732260137,1.134758792296427
1113660,3777.9333332688507,9999.387096774102,0.0,0.8760584249256875,1.1347584157539812
1113720,3778.1111420785155,9999.387096774102,0.0,0.8756866515440234,1.134757576870737
1113780,3777.9050179191977,9999.387096774102,0.0,0.8765886014720367,1.13475699675095
1113840,3778.220119132645,9999.387096774102,0.0,0.8748117491451205,1.1347567404258048
1113900,3778.196769537308,9999.387096774102,0.0,0.8745160996553162,1.1347565432074755
1113960,3778.080353411566,9999.387096774102,0.0,0.8751744725153221,1.1347564838526505
1114020,3777.946852819797,9999.387096774102,0.0,0.8757714840724534,1.134756414968523
1114080,3777.918198891505,9999.387096774102,0.0,0.8755311776781217,1.1347565927676133
1114140,3777.939330591245,9999.387096774102,0.0,0.8755663143541081,1.1347567017124023
1114200,3778.222130224425,9999.387096774102,0.0,0.8736483397993796,1.1347571089044788
1114260,3778.029820294295,9999.387096774102,0.0,0.8748727518836793,1.1347572044733898
1114320,3777.739449437975,9999.387096774102,0.0,0.8763960743894956,1.1347573864403675
1114380,3777.8310062151763,9999.387096774102,0.0,0.8757678843317737,1.1347576295373374
1114440,3777.775171891802,9999.387096774102,0.0,0.8758192970000661,1.1347578912017033
1114500,3778.070616782701,9999.387096774102,0.0,0.8742744299896061,1.134758269651614
1114560,3777.9528672870983,9999.387096774102,0.0,0.8746624708797449,1.1347584584064414
1114620,3777.7476425353084,9999.387096774102,0.0,0.8757753829824425,1.134758659298197
1114680,3777.698756997302,9999.387096774102,0.0,0.8760759653411577,1.1347587961440384
1114740,3777.809912116254,9999.387096774102,0.0,0.8751844855185804,1.1347591273792592
1114800,3778.2725744046293,9999.387096774102,0.0,0.8738951671310943,1.1347590555313944
1114860,3778.11087413057,9999.387096774102,0.0,0.8746487370148845,1.134758556450285
1114920,3777.8225025938013,9999.387096774102,0.0,0.8764402586995866,1.134758284768937
1114980,3778.07914241929,9999.387096774102,0.0,0.8757505837958661,1.1347577354733946
1115040,3778.058895495001,9999.387096774102,0.0,0.8759796147483571,1.134756947912659
1115100,3778.4228556261896,9999.387096774102,0.0,0.8734988500872362,1.1347567215419048
1115160,3778.2418556948014,9999.387096774102,0.0,0.8747072568039223,1.1347562965839253
1115220,3778.0361727884006,9999.387096774102,0.0,0.8756643725469303,1.134756154614437
1115280,3778.00475631661,9999.387096774102,0.0,0.8756986616502206,1.1347560913978743
1115340,3777.814273564226,9999.387096774102,0.0,0.8765314314097763,1.1347561502917538
1115400,3778.116766460571,9999.387096774102,0.0,0.8747800941882719,1.134756418388145
1115460,3778.1050731983587,9999.387096774102,0.0,0.8744698604176945,1.1347566277875072
1115520,3777.9781004048523,9999.387096774102,0.0,0.8752265059721808,1.1347568522472766
1115580,3777.8530971305295,9999.387096774102,0.0,0.8758163950785832,1.1347569915285227
1115640,3777.8389589745734,9999.387096774102,0.0,0.8755289446392639,1.1347573169964125
1115700,3777.8708116827997,9999.387096774102,0.0,0.8755154418520323,1.1347575310056213
1115760,3778.1433548403943,9999.387096774102,0.0,0.8737006021775867,1.134757991414
1115820,3777.958384775943,9999.387096774102,0.0,0.8748956357945471,1.1347581233061645
1115880,3777.6737734994244,9999.387096774102,0.0,0.8764068574507426,1.1347583150268035
1115940,3777.769969917341,9999.387096774102,0.0,0.8757780735244799,1.1347585552823787
1116000,3777.7325494872352,9999.387096774102,0.0,0.8757458181278983,1.1347588042770125
1116060,3778.02345139001,9999.387096774102,0.0,0.8742514065406995,1.1347591544164712
1116120,3777.9035921945974,9999.387096774102,0.0,0.8746834847293727,1.1347593075622016
1116180,3777.5959795383724,9999.387096774102,0.0,0.8767390370279169,1.134759430358944
1116240,3777.9167560777137,9999.387096774102,0.0,0.8757290409292664,1.1347591250836246
1116300,3777.8467255929513,9999.387096774102,0.0,0.876002929509097,1.134758717882817
1116360,3778.366440906723,9999.387096774102,0.0,0.8731000809877578,1.134758733300022
1116420,3778.3190831558277,9999.387096774102,0.0,0.8745809346571269,1.134757979495644
1116480,3778.1288763530447,9999.387096774102,0.0,0.8753552093653638,1.1347572249798483
1116540,3777.9835511557767,9999.387096774102,0.0,0.8758655617996627,1.1347568085735102
1116600,3777.995677698042,9999.387096774102,0.0,0.8759161148996231,1.1347564699468333
1116660,3778.319771010575,9999.387096774102,0.0,0.8736157440182563,1.1347565817772904
1116720,3778.1612645599344,9999.387096774102,0.0,0.8746750505762905,1.1347564767656055
1116780,3777.9472903020546,9999.387096774102,0.0,0.8757239343086862,1.1347565530828505
1116840,3777.92802512821,9999.387096774102,0.0,0.8757276714429137,1.1347566436459522
1116900,3777.7566998441516,9999.387096774102,0.0,0.8764696949170755,1.1347568082593729
1116960,3778.0586175147555,9999.387096774102,0.0,0.874748663231803,1.134757143822511
1117020,3778.0509780467014,9999.387096774102,0.0,0.874451164794852,1.1347573926589412
1117080,3777.9179182702565,9999.387096774102,0.0,0.8752586005337022,1.1347576302426061
1117140,3777.7972033601004,9999.387096774102,0.0,0.8758492570911518,1.1347577722038307
1117200,3777.793005387874,9999.387096774102,0.0,0.8755328920452642,1.1347580874375585
1117260,3777.833433059252,9999.387096774102,0.0,0.875477458620381,1.134758286314015
1117320,3778.0983107411266,9999.387096774102,0.0,0.8737370684740544,1.1347587135232533
1117380,3777.91835409158,9999.387096774102,0.0,0.8749109366564872,1.1347588168322382
1117440,3777.6387463620313,9999.387096774102,0.0,0.8764073177309576,1.1347589731675627
1117500,3777.8482099726293,9999.387096774102,0.0,0.8755837969555316,1.1347590679357664
1117560,3777.9927172681682,9999.387096774102,0.0,0.8754665974062288,1.1347586130139988
1117620,3778.1624308330456,9999.387096774102,0.0,0.8740651970975439,1.1347584664274843
1117680,3778.139663445434,9999.387096774102,0.0,0.8751829844008228,1.1347581255151324
1117740,3778.1790155216604,9999.387096774102,0.0,0.8754262484498307,1.1347572348137258
1117800,3777.88577770855,9999.387096774102,0.0,0.8768856015985355,1.1347566368881539
1117860,3778.156436620203,9999.387096774102,0.0,0.8752630518472964,1.134756358111647
1117920,3778.1479038014772,9999.387096774102,0.0,0.8748708795509553,1.1347561925451186
1117980,3778.2081777577087,9999.387096774102,0.0,0.8746145215944812,1.1347562135983043
1118040,3778.0257979722746,9999.387096774102,0.0,0.87537399876926,1.1347561593563824
1118100,3777.875667696845,9999.387096774102,0.0,0.875892142251822,1.1347563010057071
1118160,3777.8942546268017,9999.387096774102,0.0,0.8758986419886086,1.1347564183573475
1118220,3778.2263526722704,9999.387096774102,0.0,0.8736209430093986,1.1347568592019506
1118280,3778.0759387045205,9999.387096774102,0.0,0.8746573552165404,1.1347569911173858
1118340,3777.8558585487554,9999.387096774102,0.0,0.8757676131455968,1.1347572259509777
1118400,3777.8428230372174,9999.387096774102,0.0,0.8757605762538048,1.134757434580845
1118460,3777.693347041897,9999.387096774102,0.0,0.8763990976021929,1.134757678951289
1118520,3777.9958748576505,9999.387096774102,0.0,0.8747097773249786,1.1347580571312517
1118580,3777.990614705058,9999.387096774102,0.0,0.874437156806394,1.1347583228909575
1118640,3777.8509625996935,9999.387096774102,0.0,0.8752971215599589,1.1347585559314164
1118700,3777.7353874946266,9999.387096774102,0.0,0.8758857083108057,1.134758686679461
1118760,3777.743054917437,9999.387096774102,0.0,0.8755311158769468,1.1347589799796025
1118820,3777.792677781572,9999.387096774102,0.0,0.8754316910553583,1.1347591535879424
1118880,3778.0481138874675,9999.387096774102,0.0,0.8737784159062368,1.1347595374649002
1118940,3777.96415486065,9999.387096774102,0.0,0.8752759861867208,1.1347593813603192
1119000,3777.935848823211,9999.387096774102,0.0,0.8756199949091824,1.1347588538424118
1119060,3777.703538149348,9999.387096774102,0.0,0.8767769640267217,1.1347585861573366
1119120,3778.3487367844764,9999.387096774102,0.0,0.8740769130676883,1.134758299933527
1119180,3778.2291432677166,9999.387096774102,0.0,0.8749107067707637,1.1347574530969093
1119240,3778.2089653378057,9999.387096774102,0.0,0.8748509876670779,1.1347570383495016
1119300,3778.099178651446,9999.387096774102,0.0,0.8754471143965645,1.1347566053355234
1119360,3777.8213672517545,9999.387096774102,0.0,0.8768144070411399,1.1347563801128726
1119420,3778.0688890490183,9999.387096774102,0.0,0.8752572841049011,1.1347564306199966
1119480,3778.0839587495743,9999.387096774102,0.0,0.8747674453372976,1.1347565289146058
1119540,3778.128538173654,9999.387096774102,0.0,0.8746471614481288,1.1347567163017835
1119600,3777.9514172402883,9999.387096774102,0.0,0.8754155880678518,1.13475677924007
1119660,3777.8110129541765,9999.387096774102,0.0,0.8759042674344573,1.1347570006073886
1119720,3777.83707397619,9999.387096774102,0.0,0.8758789494092496,1.1347571720071874
1119780,3778.1686671939474,9999.387096774102,0.0,0.8736426777739643,1.134757634403924
1119840,3778.0260522487897,9999.387096774102,0.0,0.8746449911784417,1.1347577767790027
1119900,3777.8029282568837,9999.387096774102,0.0,0.875792107537542,1.1347579998345454
1119960,3777.7932077861133,9999.387096774102,0.0,0.8757846594373684,1.1347581931422963
1120020,3777.659526303192,9999.387096774102,0.0,0.8763480172044285,1.1347584167784834
1120080,3777.9613589821192,9999.387096774102,0.0,0.8746846745228292,1.1347587647198212
1120140,3777.9583349377194,9999.387096774102,0.0,0.8744272284683166,1.1347589962545994
1120200,3777.7518652241,9999.387096774102,0.0,0.8760635508926803,1.1347591540287427
1120260,3777.9416856100192,9999.387096774102,0.0,0.8757373359036424,1.1347587758267994
1120320,3777.8138929242364,9999.387096774102,0.0,0.8763282027688376,1.134758360978093
1120380,3778.3240058255574,9999.387096774102,0.0,0.8733922977141296,1.1347583577821865
1120440,3778.3981868412857,9999.387096774102,0.0,0.8743059637319449,1.1347576241810537
1120500,3778.2240106476697,9999.387096774102,0.0,0.874883088064961,1.1347569103422206
1120560,3778.0120176252385,9999.387096774102,0.0,0.8758853208858278,1.1347564714569456
1120620,3777.9929193917355,9999.387096774102,0.0,0.8760294481610524,1.1347561333641722
1120680,3778.2158125309606,9999.387096774102,0.0,0.874263376658463,1.1347562143810401
1120740,3778.1365109434473,9999.387096774102,0.0,0.8748710836977732,1.13475615736785
1120800,3778.0977908588393,9999.387096774102,0.0,0.8748873789805615,1.1347563328691317
1120860,3777.9827193305346,9999.387096774102,0.0,0.8755006601701087,1.13475639705557
1120920,3777.7269631887566,9999.387096774102,0.0,0.8767703653279294,1.1347565501862733
1120980,3777.983228613221,9999.387096774102,0.0,0.8752238132244585,1.1347568681909093
1121040,3778.0110560364847,9999.387096774102,0.0,0.8747010742336981,1.1347571567338777
1121100,3778.0401956842334,9999.387096774102,0.0,0.874686396958383,1.1347574684139958
1121160,3777.868045660333,9999.387096774102,0.0,0.8754665646424126,1.1347576201111262
1121220,3777.7405546086334,9999.387096774102,0.0,0.8759127798606965,1.1347578964380012
1121280,3777.775317250627,9999.387096774102,0.0,0.8758523760943536,1.134758099302296
1121340,3778.1057344187716,9999.387096774102,0.0,0.8736630183318286,1.1347585639180213
1121400,3777.970014406379,9999.387096774102,0.0,0.8746368780602028,1.1347587011984772
1121460,3777.7437405950795,9999.387096774102,0.0,0.8758234769390421,1.134758899231394
1121520,3777.7384565091725,9999.387096774102,0.0,0.8758103262838762,1.1347590666178655
1121580,3777.622340880117,9999.387096774102,0.0,0.8762899879834175,1.1347592603597747
1121640,3778.2530157168153,9999.387096774102,0.0,0.8731889052813805,1.134759603063648
1121700,3778.149665793814,9999.387096774102,0.0,0.8745300972954725,1.1347590950649504
1121760,3777.970663330117,9999.387096774102,0.0,0.875242746082136,1.1347587353271076
1121820,3777.782161692069,9999.387096774102,0.0,0.8766010651779054,1.1347584115409426
1121880,3778.1191860282406,9999.387096774102,0.0,0.875654627402659,1.1347576525982204
1121940,3778.091713994097,9999.387096774102,0.0,0.8753979259159895,1.1347571079823313
1122000,3778.3302768639196,9999.387096774102,0.0,0.8742436250932186,1.1347568401171373
1122060,3778.1452064865525,9999.387096774102,0.0,0.8749125118746679,1.1347565232055417
1122120,3777.9244882738076,9999.387096774102,0.0,0.8759136518552938,1.1347564246485955
1122180,3777.9045218491683,9999.387096774102,0.0,0.8760533176993663,1.1347563771417146
1122240,3778.1450548224257,9999.387096774102,0.0,0.8742476509121688,1.1347566644379323
1122300,3778.076169182708,9999.387096774102,0.0,0.8748181294957784,1.1347567473751474
1122360,3778.024235912044,9999.387096774102,0.0,0.874935584843549,1.1347570046089963
1122420,3777.914111058276,9999.387096774102,0.0,0.8755365169907265,1.134757131205993
1122480,3777.6743394197747,9999.387096774102,0.0,0.876731611643838,1.134757321276125
1122540,3777.932563297135,9999.387096774102,0.0,0.8752037095883612,1.1347576527716992
1122600,3777.970625033087,9999.387096774102,0.0,0.874652325084241,1.1347579408851525
1122660,3777.9892966489815,9999.387096774102,0.0,0.8747106973333497,1.1347582330477075
1122720,3777.820072948477,9999.387096774102,0.0,0.8755012542607677,1.1347583632514244
1122780,3777.7009336824185,9999.387096774102,0.0,0.8759223343566598,1.1347586119942694
1122840,3777.7421057721044,9999.387096774102,0.0,0.8758325029440654,1.134758786530184
1122900,3778.070376994348,9999.387096774102,0.0,0.8736841396435546,1.134759212001251
1122960,3778.1441001271137,9999.387096774102,0.0,0.8745138124481207,1.134759083479065
1123020,3778.0172276926723,9999.387096774102,0.0,0.875249636977454,1.134758541213051
1123080,3777.685284664318,9999.387096774102,0.0,0.8771003418716689,1.1347582481180116
1123140,3778.2341737168194,9999.387096774102,0.0,0.8748327255774552,1.134757877694539
1123200,3778.175126084276,9999.387096774102,0.0,0.875328812595485,1.1347570576671595
1123260,3778.3655921115214,9999.387096774102,0.0,0.8739877186302517,1.1347567461495203
1123320,3778.178174777898,9999.387096774102,0.0,0.8751076557259322,1.1347562949136172
1123380,3777.860125172577,9999.387096774102,0.0,0.8767236552702944,1.1347560764257516
1123440,3778.023914518688,9999.387096774102,0.0,0.875597271685124,1.1347560970817634
1123500,3777.9930026349266,9999.387096774102,0.0,0.8753994009654935,1.1347562012774217
1123560,3778.2173754467826,9999.387096774102,0.0,0.8742620712255037,1.1347564652239313
1123620,3778.036345868767,9999.387096774102,0.0,0.8749611626656463,1.1347565647121853
1123680,3777.82685472743,9999.387096774102,0.0,0.875942486675003,1.1347567688423386
1123740,3777.8169025857424,9999.387096774102,0.0,0.8760553614534919,1.1347569391032408
1123800,3778.0653226057425,9999.387096774102,0.0,0.874246657357797,1.134757376721949
1123860,3778.009265573,9999.387096774102,0.0,0.8747587090684851,1.1347575695029737
1123920,3777.9422263942997,9999.387096774102,0.0,0.8749948356309942,1.1347578810624772
1123980,3777.838884220509,9999.387096774102,0.0,0.8755766324199613,1.1347580461780715
1124040,3777.616803280264,9999.387096774102,0.0,0.8766889182097602,1.1347582531044318
1124100,3777.8774325392415,9999.387096774102,0.0,0.8751774744287582,1.1347585820905974
1124160,3777.925926854652,9999.387096774102,0.0,0.874599417814556,1.1347588560794686
1124220,3777.9321788147176,9999.387096774102,0.0,0.8747419721946508,1.134759116053093
1124280,3777.7664691209397,9999.387096774102,0.0,0.8755419191603444,1.1347592147484284
1124340,3777.553965913394,9999.387096774102,0.0,0.8767472825824336,1.1347593977789117
1124400,3778.0416481456905,9999.387096774102,0.0,0.8750160051478991,1.134759226565442
1124460,3778.006777983235,9999.387096774102,0.0,0.8750604834439243,1.1347588123994976
1124520,3778.140006443118,9999.387096774102,0.0,0.8745014607096205,1.1347586978536164
1124580,3778.1261936921474,9999.387096774102,0.0,0.8755088204303935,1.1347579968876138
1124640,3778.02601883216,9999.387096774102,0.0,0.8760110120339549,1.1347572196114624
1124700,3778.1379923138925,9999.387096774102,0.0,0.8749400124599446,1.134756897043092
1124760,3778.1091047618893,9999.387096774102,0.0,0.8752885027322118,1.1347565396050652
1124820,3778.2719760577234,9999.387096774102,0.0,0.8740487273494684,1.1347565728438465
1124880,3778.0847315970905,9999.387096774102,0.0,0.875144144913422,1.1347564414718168
1124940,3777.7779758549664,9999.387096774102,0.0,0.876726463971677,1.1347564588864192
1125000,3777.9527705185683,9999.387096774102,0.0,0.8755908357311387,1.1347566389437505
1125060,3777.938006920217,9999.387096774102,0.0,0.8753278290072566,1.134756852174722
1125120,3778.151762963907,9999.387096774102,0.0,0.8742696785116787,1.134757181862899
1125180,3777.972628362708,9999.387096774102,0.0,0.8749944597019176,1.134757322817482
1125240,3777.769542924847,9999.387096774102,0.0,0.8759626737330869,1.1347575465169344
1125300,3777.7654481639433,9999.387096774102,0.0,0.8760569339676947,1.1347577227382994
1125360,3778.0185356500438,9999.387096774102,0.0,0.874253814254967,1.1347581489796439
1125420,3777.972978966971,9999.387096774102,0.0,0.8747154084764566,1.1347583279474618
1125480,3777.8961217771957,9999.387096774102,0.0,0.8750287302699754,1.1347586058730756
1125540,3777.796003068928,9999.387096774102,0.0,0.8756052194599698,1.1347587418848404
1125600,3777.586950355847,9999.387096774102,0.0,0.8766555392575388,1.1347589171957968
1125660,3778.135515400713,9999.387096774102,0.0,0.8739277380352609,1.1347591991823498
1125720,3778.132297801949,9999.387096774102,0.0,0.874716900944025,1.1347587222995812
1125780,3778.089023529469,9999.387096774102,0.0,0.8746126916372525,1.134758449996561
1125840,3777.842220924735,9999.387096774102,0.0,0.8765374404385515,1.134758086751627
1125900,3778.123330444406,9999.387096774102,0.0,0.8757554591561669,1.1347572799634724
1125960,3777.9980160584573,9999.387096774102,0.0,0.8761220460673945,1.1347567145049096
1126020,3778.3152144642577,9999.387096774102,0.0,0.8744217570206674,1.1347564706493087
1126080,3778.2119995701178,9999.387096774102,0.0,0.8745823033442165,1.1347562258167925
1126140,3778.008354214041,9999.387096774102,0.0,0.8756119307065728,1.1347561430723068
1126200,3777.9300228145075,9999.387096774102,0.0,0.8759837274603757,1.1347560935984031
1126260,3778.0278633058147,9999.387096774102,0.0,0.8749801392093396,1.1347563368009552
1126320,3778.016645705871,9999.387096774102,0.0,0.8752141098756945,1.1347564520551354
1126380,3778.1641992987547,9999.387096774102,0.0,0.8741272850852888,1.134756815864522
1126440,3777.987894703899,9999.387096774102,0.0,0.8751854531479268,1.1347569304170835
1126500,3777.694768487913,9999.387096774102,0.0,0.876711691142931,1.1347571208764067
1126560,3777.8739352287157,9999.387096774102,0.0,0.8755837305801785,1.1347574228184734
1126620,3777.8782988792937,9999.387096774102,0.0,0.8752413784278724,1.1347577188585145
1126680,3778.0793892480224,9999.387096774102,0.0,0.8742815222444267,1.1347580879403054
1126740,3777.9021061830763,9999.387096774102,0.0,0.8750348374002226,1.1347582481094127
1126800,3777.7063970355257,9999.387096774102,0.0,0.8759840101572476,1.1347584738066985
1126860,3777.7091532073887,9999.387096774102,0.0,0.8760553676041107,1.1347586420280302
1126920,3777.9680958116605,9999.387096774102,0.0,0.8742536821089232,1.134759044737262
1126980,3777.9327337418886,9999.387096774102,0.0,0.8746683543055546,1.134759199184029
1127040,3777.844145524756,9999.387096774102,0.0,0.875071116163669,1.134759433050728
1127100,3777.7587806032548,9999.387096774102,0.0,0.876169552828903,1.1347593451094073
1127160,3777.8919788419526,9999.387096774102,0.0,0.8758977097616668,1.1347588642235518
1127220,3777.9225690568105,9999.387096774102,0.0,0.8753405311890469,1.1347586794918247
1127280,3778.4621229823324,9999.387096774102,0.0,0.873464353306587,1.1347584584233386
1127340,3778.2629017450213,9999.387096774102,0.0,0.8747875360956734,1.1347575367981222
1127400,3777.961354960377,9999.387096774102,0.0,0.8763604360816536,1.134756971243003
1127460,3778.0507752631356,9999.387096774102,0.0,0.8757244968027629,1.134756610681087
1127520,3777.924392661905,9999.387096774102,0.0,0.8761228372256248,1.1347564204206049
1127580,3778.2290104456165,9999.387096774102,0.0,0.8744050750512748,1.1347565124843781
1127640,3778.1310809117713,9999.387096774102,0.0,0.874581876994078,1.134756532802926
1127700,3777.9279628263594,9999.387096774102,0.0,0.8756498281797831,1.134756629998813
1127760,3777.8576324325163,9999.387096774102,0.0,0.8760072930959103,1.1347567050448106
1127820,3777.9648264120483,9999.387096774102,0.0,0.8749829091201796,1.1347570308886075
1127880,3777.9648685920542,9999.387096774102,0.0,0.8751609948071949,1.1347572044909393
1127940,3778.100412731755,9999.387096774102,0.0,0.8741773198048576,1.134757587006139
1128000,3777.929905256802,9999.387096774102,0.0,0.8752150819563256,1.1347577126170403
1128060,3777.647331810785,9999.387096774102,0.0,0.8766964320948274,1.1347578984374926
1128120,3777.828655895757,9999.387096774102,0.0,0.8755802468594863,1.134758185255921
1128180,3777.846591381038,9999.387096774102,0.0,0.8751826018068559,1.13475846073254
1128240,3778.038826373584,9999.387096774102,0.0,0.8742887057586948,1.1347587960796905
1128300,3777.8628501767507,9999.387096774102,0.0,0.87506191541858,1.1347589224587447
1128360,3777.5540254563793,9999.387096774102,0.0,0.8769801748385029,1.1347590742598697
1128420,3777.9788729555353,9999.387096774102,0.0,0.8754906212813163,1.1347588379968565
1128480,3777.934225582203,9999.387096774102,0.0,0.8756015441653134,1.1347584335138219
1128540,3778.320536769518,9999.387096774102,0.0,0.8735322536706502,1.1347584164951767
1128600,3778.253847399784,9999.387096774102,0.0,0.8750150297027686,1.134757667798319
1128660,3778.0947736520607,9999.387096774102,0.0,0.8757130108623803,1.1347568910484693
1128720,3778.0523557121314,9999.387096774102,0.0,0.875551804494222,1.1347565143966332
1128780,3778.058279330303,9999.387096774102,0.0,0.8756783850227734,1.1347561758627014
1128840,3778.362637038064,9999.387096774102,0.0,0.8735364049769071,1.1347562867879846
1128900,3778.1576232442812,9999.387096774102,0.0,0.8748137768797517,1.1347561659590886
1128960,3777.8643711082163,9999.387096774102,0.0,0.876319900587366,1.1347562131570887
1129020,3777.937885792294,9999.387096774102,0.0,0.8757538606210397,1.1347563588761926
1129080,3777.8414368508334,9999.387096774102,0.0,0.8760090989591999,1.1347565624321085
1129140,3778.145296271216,9999.387096774102,0.0,0.8743591515971089,1.1347569279917078
1129200,3778.043673120884,9999.387096774102,0.0,0.8746008981667166,1.134757138311139
1129260,3777.8403874942937,9999.387096774102,0.0,0.8756895978611182,1.1347573700340436
1129320,3777.7768878376255,9999.387096774102,0.0,0.8760355808398808,1.1347575405466483
1129380,3777.8973120460305,9999.387096774102,0.0,0.8749747320035252,1.1347579243064083
1129440,3777.9086229060736,9999.387096774102,0.0,0.8751008128426316,1.1347581328293455
1129500,3778.0298224303438,9999.387096774102,0.0,0.8742347503857996,1.1347585134701617
1129560,3777.865315519998,9999.387096774102,0.0,0.8752511506952464,1.1347586348067866
1129620,3777.59469597985,9999.387096774102,0.0,0.8766813431118323,1.1347588031834415
1129680,3777.7792741294716,9999.387096774102,0.0,0.875572332053399,1.1347590641184224
1129740,3777.811752242045,9999.387096774102,0.0,0.8751161258560546,1.1347593094703057
1129800,3778.1100650075387,9999.387096774102,0.0,0.8740256807484912,1.1347595976129048
1129860,3778.0387205097322,9999.387096774102,0.0,0.875133984016546,1.134759101538617
1129920,3777.8164112087206,9999.387096774102,0.0,0.8761975668836135,1.1347586794574849
1129980,3777.9524473999213,9999.387096774102,0.0,0.8754231964894549,1.1347585031742502
1130040,3778.243541016081,9999.387096774102,0.0,0.8749836332604825,1.1347577886751157
1130100,3778.2604266883554,9999.387096774102,0.0,0.8744379090273056,1.134757221434953
1130160,3778.1630015940173,9999.387096774102,0.0,0.875087647219434,1.1347568250946896
1130220,3778.0251161065908,9999.387096774102,0.0,0.8756842107702677,1.1347564706433981
1130280,3777.96369799388,9999.387096774102,0.0,0.8755949938040595,1.1347564340928642
1130340,3777.9794992143356,9999.387096774102,0.0,0.8756390647143967,1.1347563988084268
1130400,3778.2815879085006,9999.387096774102,0.0,0.873577076343532,1.1347567160995673
1130460,3778.0849891014063,9999.387096774102,0.0,0.8748269638230114,1.1347567391411544
1130520,3777.795603319462,9999.387096774102,0.0,0.8763295869987123,1.1347568791766687
1130580,3777.872189362402,9999.387096774102,0.0,0.8757696762792333,1.1347570894306171
1130640,3777.794554733949,9999.387096774102,0.0,0.8759378141379625,1.134757333758378
1130700,3778.0958749157044,9999.387096774102,0.0,0.8743308753528582,1.134757712614592
1130760,3777.992745536581,9999.387096774102,0.0,0.8746133030205625,1.1347579191043469
1130820,3777.789987926069,9999.387096774102,0.0,0.8757152675941724,1.13475813600475
1130880,3777.7307349112198,9999.387096774102,0.0,0.8760542072077749,1.1347582876117746
1130940,3777.8586817922564,9999.387096774102,0.0,0.8749782721214441,1.1347586437223025
1131000,3777.8794539845157,9999.387096774102,0.0,0.8750565243782206,1.1347588254576582
1131060,3777.9910350295468,9999.387096774102,0.0,0.8742699958086647,1.1347591639366947
1131120,3777.8640517085373,9999.387096774102,0.0,0.8758294092599346,1.1347590331836472
1131180,3777.9240894620157,9999.387096774102,0.0,0.8758216553792224,1.1347585268463096
1131240,3777.803781689257,9999.387096774102,0.0,0.8762238545351342,1.1347583013563096
1131300,3778.492561492371,9999.387096774102,0.0,0.8734341090151216,1.1347580788520122
1131360,3778.2946115366176,9999.387096774102,0.0,0.8747033641708212,1.1347571780319166
1131420,3778.1057756143605,9999.387096774102,0.0,0.8756218831634368,1.1347566776224924
1131480,3778.084243607579,9999.387096774102,0.0,0.8756467802902579,1.1347562786574565
1131540,3777.86515460276,9999.387096774102,0.0,0.8766317126188562,1.1347560733754163
1131600,3778.15928828128,9999.387096774102,0.0,0.8748642276570829,1.1347561609777337
1131660,3778.1533580238583,9999.387096774102,0.0,0.8744907808606786,1.1347562521345953
1131720,3778.046943368845,9999.387096774102,0.0,0.8751362061583368,1.1347563970668857
1131780,3777.9116052307772,9999.387096774102,0.0,0.8757514874505924,1.1347564739468132
1131840,3777.873126454524,9999.387096774102,0.0,0.8755853666390829,1.1347567548685864
1131900,3777.9000671459235,9999.387096774102,0.0,0.8755889992307154,1.1347569462074576
1131960,3778.1914504696742,9999.387096774102,0.0,0.8736328137190961,1.1347574113236385
1132020,3778.003382569258,9999.387096774102,0.0,0.8748466055195674,1.134757546207877
1132080,3777.71850021446,9999.387096774102,0.0,0.876347579714438,1.1347577526912571
1132140,3777.800946418711,9999.387096774102,0.0,0.8757833514448643,1.1347580036000082
1132200,3777.7433364497365,9999.387096774102,0.0,0.8758597077033781,1.1347582680406016
1132260,3778.0415986244147,9999.387096774102,0.0,0.8742989389987227,1.1347586434032342
1132320,3777.93564383376,9999.387096774102,0.0,0.8746318739364441,1.1347588314073982
1132380,3777.7337411988497,9999.387096774102,0.0,0.8757455467931662,1.134759021539718
1132440,3777.6798290866627,9999.387096774102,0.0,0.8760731482147744,1.1347591444241159
1132500,3777.776972124199,9999.387096774102,0.0,0.875278715214518,1.1347594541304338
1132560,3778.242393630228,9999.387096774102,0.0,0.8739370972236183,1.1347593736508748
1132620,3778.092776634154,9999.387096774102,0.0,0.8746313290423531,1.1347588808880993
1132680,3777.817872144935,9999.387096774102,0.0,0.8763529261027426,1.1347586073280742
1132740,3778.052116697241,9999.387096774102,0.0,0.8757785294445668,1.1347580499631225
1132800,3778.032995142906,9999.387096774102,0.0,0.8759978981024489,1.134757270396117
1132860,3778.390002562447,9999.387096774102,0.0,0.8735646080515065,1.1347570397417772
1132920,3778.222067213802,9999.387096774102,0.0,0.8747039938580622,1.1347566171540033
1132980,3778.030308881478,9999.387096774102,0.0,0.8755862929222836,1.1347564735208273
1133040,3777.9890057364746,9999.387096774102,0.0,0.8756908862867593,1.13475639558257
1133100,3777.794230694156,9999.387096774102,0.0,0.8765595316767226,1.134756440352216
1133160,3778.0934033414846,9999.387096774102,0.0,0.8748254904521402,1.134756691820313
1133220,3778.0910735169527,9999.387096774102,0.0,0.874469484991502,1.1347568916409194
1133280,3777.976894400485,9999.387096774102,0.0,0.8751713502984035,1.1347571051089211
1133340,3777.8459674104065,9999.387096774102,0.0,0.8757898828971704,1.1347572286906322
1133400,3777.8190544846707,9999.387096774102,0.0,0.8755887622882218,1.1347575328189412
1133460,3777.8548053464738,9999.387096774102,0.0,0.8755512149681821,1.1347577332264351
1133520,3778.1386749645358,9999.387096774102,0.0,0.8736716583410306,1.1347581828460636
1133580,3777.9565024100752,9999.387096774102,0.0,0.8748601839119974,1.1347583023924557
1133640,3777.675910073717,9999.387096774102,0.0,0.8763522343252931,1.1347584820641272
1133700,3777.760576530766,9999.387096774102,0.0,0.8757948491760498,1.1347587036569846
1133760,3777.7174220354377,9999.387096774102,0.0,0.8758051742184598,1.1347589376353193
1133820,3778.2694538228448,9999.387096774102,0.0,0.87323456082972,1.1347592999120448
1133880,3778.137020229292,9999.387096774102,0.0,0.8747243278674063,1.134758779889661
1133940,3777.9094071138084,9999.387096774102,0.0,0.875748683640502,1.134758382474483
1134000,3777.8439646863717,9999.387096774102,0.0,0.8762435067792115,1.1347581252424352
1134060,3778.1892890433555,9999.387096774102,0.0,0.8754031798773949,1.134757385556938
1134120,3778.2079009536355,9999.387096774102,0.0,0.8748324299113606,1.134756838993903
1134180,3778.2942028863818,9999.387096774102,0.0,0.8745336555809738,1.1347565183625477
1134240,3778.1076544528655,9999.387096774102,0.0,0.8752781791746201,1.1347561793203542
1134300,3777.93304032406,9999.387096774102,0.0,0.8759068560089627,1.1347561096098313
1134360,3777.9422912752584,9999.387096774102,0.0,0.8759398410217509,1.134756081820705
1134420,3778.270269907111,9999.387096774102,0.0,0.8736538100485423,1.1347564222405357
1134480,3778.123042825464,9999.387096774102,0.0,0.8746667141234292,1.1347564854284582
1134540,3777.920597494075,9999.387096774102,0.0,0.8756567767181218,1.1347566865188643
1134600,3777.8922536289606,9999.387096774102,0.0,0.8757266057534456,1.134756863492622
1134660,3777.7200869165963,9999.387096774102,0.0,0.8764885700358294,1.1347570914171192
1134720,3778.0198898184985,9999.387096774102,0.0,0.874785437906666,1.1347574677862755
1134780,3778.022087692854,9999.387096774102,0.0,0.8744454669050129,1.1347577487617129
1134840,3777.89935782891,9999.387096774102,0.0,0.8752136577752622,1.1347580047473038
1134900,3777.7741658243895,9999.387096774102,0.0,0.8758309647873883,1.1347581529953128
1134960,3777.7602496584573,9999.387096774102,0.0,0.875587260864746,1.134758462474321
1135020,3777.8055056488624,9999.387096774102,0.0,0.8755056275769771,1.1347586576507882
1135080,3778.0803041802596,9999.387096774102,0.0,0.8737145481741997,1.1347590782805967
1135140,3777.903756068877,9999.387096774102,0.0,0.8748799930545164,1.134759171534233
1135200,3777.6281289327885,9999.387096774102,0.0,0.8763608073488497,1.1347593149564992
1135260,3777.8163221217856,9999.387096774102,0.0,0.8756599430043167,1.134759388235007
1135320,3777.965947795704,9999.387096774102,0.0,0.8754958909320781,1.134758934311203
1135380,3778.1395708153227,9999.387096774102,0.0,0.8740814437758874,1.1347587849031695
1135440,3778.138677996833,9999.387096774102,0.0,0.8750812523836664,1.1347584446181673
1135500,3778.1597491951848,9999.387096774102,0.0,0.8754032235498309,1.1347575582873595
1135560,3777.8652544478623,9999.387096774102,0.0,0.8768806290659606,1.1347569623666645
1135620,3778.128838464778,9999.387096774102,0.0,0.8753016324726267,1.134756676958531
1135680,3778.1221815492167,9999.387096774102,0.0,0.8749113863748228,1.134756506247866
1135740,3778.1999396694628,9999.387096774102,0.0,0.8745669464704946,1.1347565234823132
1135800,3778.0155689887,9999.387096774102,0.0,0.875336986415473,1.1347564588567656
1135860,3777.857871747288,9999.387096774102,0.0,0.8759170827313656,1.134756582909594
1135920,3777.8762888471965,9999.387096774102,0.0,0.8759210173469983,1.134756686180209
1135980,3778.2032806838724,9999.387096774102,0.0,0.8736770216947856,1.1347571084559713
1136040,3778.0655281935233,9999.387096774102,0.0,0.8746462630197714,1.1347572314650398
1136100,3777.8578864482156,9999.387096774102,0.0,0.8756890189647952,1.1347574564872227
1136160,3777.8340958049157,9999.387096774102,0.0,0.8757537930639253,1.1347576455137223
1136220,3777.6788049870847,9999.387096774102,0.0,0.8764353954690355,1.1347578728464898
1136280,3777.978358130513,9999.387096774102,0.0,0.8747586105324177,1.1347582337673712
1136340,3777.9838920622387,9999.387096774102,0.0,0.874429884368698,1.134758491161681
1136400,3777.855962996041,9999.387096774102,0.0,0.8752393200443642,1.1347587142351063
1136460,3777.733860202652,9999.387096774102,0.0,0.8758590784508667,1.1347588310102013
1136520,3777.6485148273196,9999.387096774102,0.0,0.8762075732553594,1.1347590839233597
1136580,3778.159066331614,9999.387096774102,0.0,0.8744957219256692,1.134758967631135
1136640,3778.089785495761,9999.387096774102,0.0,0.8747203141996818,1.1347585293456786
1136700,3778.0013393071517,9999.387096774102,0.0,0.8754306490606412,1.1347583368282037
1136760,3778.0909683979694,9999.387096774102,0.0,0.8757607621186889,1.1347576924752247
1136820,3778.0366463405835,9999.387096774102,0.0,0.8760949815607502,1.1347569085263192
1136880,3778.2802916717983,9999.387096774102,0.0,0.8742613410723887,1.1347566357979442
1136940,3778.1891331791608,9999.387096774102,0.0,0.8749636506398313,1.134756256635952
1137000,3778.184326677716,9999.387096774102,0.0,0.8747340211485434,1.1347562172813312
1137060,3778.050343321821,9999.387096774102,0.0,0.8754391769439755,1.1347561144072593
1137120,3777.7753111729053,9999.387096774102,0.0,0.8768106088803758,1.1347561496546397
1137180,3778.0230187251327,9999.387096774102,0.0,0.8752863067494796,1.1347563817733508
1137240,3778.040460240991,9999.387096774102,0.0,0.874800604692195,1.1347566152475101
1137300,3778.099750178443,9999.387096774102,0.0,0.8746070707514555,1.134756907770518
1137360,3777.921371531181,9999.387096774102,0.0,0.875388994636276,1.1347570450375735
1137420,3777.776023507476,9999.387096774102,0.0,0.8759289250837389,1.1347573130645994
1137480,3777.8032906114836,9999.387096774102,0.0,0.8758981908836484,1.1347575179684317
1137540,3778.131503224609,9999.387096774102,0.0,0.8736917317083794,1.134757996606608
1137600,3778.0014436136894,9999.387096774102,0.0,0.8746305207532755,1.134758154725151
1137660,3777.7885961144448,9999.387096774102,0.0,0.8757270363002815,1.1347583835858235
1137720,3777.770059189752,9999.387096774102,0.0,0.8757830517535458,1.1347585692833655
1137780,3777.6334889549425,9999.387096774102,0.0,0.8763755206616033,1.1347587832251798
1137840,3777.933105311724,9999.387096774102,0.0,0.8747252891487461,1.1347591174567522
1137900,3777.9408591778556,9999.387096774102,0.0,0.874416717470681,1.134759340686865
1137960,3777.7512544534547,9999.387096774102,0.0,0.87596549270441,1.1347594874124616
1138020,3777.9210649793727,9999.387096774102,0.0,0.8757340323871888,1.1347590999088915
1138080,3777.7915707352404,9999.387096774102,0.0,0.8763406289284087,1.1347586828211724
1138140,3778.2845768502857,9999.387096774102,0.0,0.8735026289449589,1.1347586648357626
1138200,3778.374958332785,9999.387096774102,0.0,0.8743019923761848,1.134757941557338
1138260,3778.2078841655252,9999.387096774102,0.0,0.87484564746887,1.1347572379242372
1138320,3777.9951421210235,9999.387096774102,0.0,0.8758754034186753,1.1347567963171308
1138380,3777.972646307791,9999.387096774102,0.0,0.8760333755960468,1.1347564527409104
1138440,3778.1829190691446,9999.387096774102,0.0,0.8743494494321989,1.1347565189393625
1138500,3778.1154035481527,9999.387096774102,0.0,0.8748929396211617,1.134756455692768
1138560,3778.0954470602824,9999.387096774102,0.0,0.8748050139322164,1.1347566262069515
1138620,3777.97261280632,9999.387096774102,0.0,0.8754763906487341,1.1347566734698833
1138680,3777.7138918490764,9999.387096774102,0.0,0.8767715391308001,1.1347568107804928
1138740,3777.96283964424,9999.387096774102,0.0,0.8752676441476512,1.1347571094960502
1138800,3777.9928487239345,9999.387096774102,0.0,0.8747413184376295,1.1347573842509058
1138860,3778.0403644626626,9999.387096774102,0.0,0.8746325769075111,1.1347576870547038
1138920,3777.8652981266687,9999.387096774102,0.0,0.8754263631219822,1.1347578248931418
1138980,3777.728799338977,9999.387096774102,0.0,0.8759397980874973,1.1347580818535241
1139040,3777.7626780738283,9999.387096774102,0.0,0.8758802983195455,1.1347582703014607
1139100,3778.089880950847,9999.387096774102,0.0,0.8737108912495022,1.1347587183320356
1139160,3777.966460505486,9999.387096774102,0.0,0.8746191510188276,1.1347588484217643
1139220,3777.751176087588,9999.387096774102,0.0,0.8757456987625358,1.1347590384808914
1139280,3777.770019839188,9999.387096774102,0.0,0.8761153827486041,1.1347590279847846
1139340,3777.9336857161934,9999.387096774102,0.0,0.8757897701550131,1.1347585636804776
1139400,3778.0618853014594,9999.387096774102,0.0,0.8746118457765538,1.1347584127371924
1139460,3778.361535719316,9999.387096774102,0.0,0.8740861372596941,1.1347581486793636
1139520,3778.2432125592927,9999.387096774102,0.0,0.8750481757830434,1.134757223505925
1139580,3777.9121540199967,9999.387096774102,0.0,0.8767695750997218,1.1347566300655496
1139640,3778.092364276989,9999.387096774102,0.0,0.8756096461435988,1.1347563102080214
1139700,3778.0311861429445,9999.387096774102,0.0,0.8755706115940455,1.1347561412693008
1139760,3778.2789418525335,9999.387096774102,0.0,0.8742455742546988,1.1347562303927752
1139820,3778.1014617917417,9999.387096774102,0.0,0.8748882139712402,1.1347562075501183
1139880,3777.884929669704,9999.387096774102,0.0,0.8759087495656728,1.134756318325562
1139940,3777.8650368509057,9999.387096774102,0.0,0.8760568051841228,1.134756421185198
1140000,3778.094228110395,9999.387096774102,0.0,0.8743281560155036,1.134756814090202
1140060,3778.0383875787907,9999.387096774102,0.0,0.8748292047861815,1.1347569852628552
1140120,3778.0017119600793,9999.387096774102,0.0,0.8748700040625146,1.1347573063182808
1140180,3777.8859696117397,9999.387096774102,0.0,0.8755199303982414,1.134757469311283
1140240,3777.645618045718,9999.387096774102,0.0,0.8767304372195186,1.1347576826605652
1140300,3777.8980089439438,9999.387096774102,0.0,0.8752417161368495,1.1347580236138093
1140360,3777.940247343988,9999.387096774102,0.0,0.874679844005102,1.1347583180223857
1140420,3777.974143338271,9999.387096774102,0.0,0.8746649297167742,1.1347586131368992
1140480,3777.8028844080154,9999.387096774102,0.0,0.8754701409427648,1.1347587375555162
1140540,3777.6769178875375,9999.387096774102,0.0,0.8759485597425866,1.134758971788871
1140600,3777.718354454738,9999.387096774102,0.0,0.8758564581049783,1.1347591338480922
1140660,3778.044520698837,9999.387096774102,0.0,0.8737268335594263,1.1347595420039323
1140720,3778.135951811711,9999.387096774102,0.0,0.8744492501305258,1.134759410005193
1140780,3778.001333821074,9999.387096774102,0.0,0.8752197015149479,1.1347588672704443
1140840,3777.6692594654937,9999.387096774102,0.0,0.8770848042278885,1.1347585675077307
1140900,3778.1958285420856,9999.387096774102,0.0,0.874917638746311,1.134758186519048
1140960,3778.147052478052,9999.387096774102,0.0,0.87535775548327,1.134757378414311
1141020,3778.353946911245,9999.387096774102,0.0,0.8739258548007066,1.1347570740026807
1141080,3778.1633100736203,9999.387096774102,0.0,0.8750781472883464,1.1347566185143758
1141140,3777.847587304914,9999.387096774102,0.0,0.876687473481387,1.1347563937403906
1141200,3778.0016366272102,9999.387096774102,0.0,0.8756245303028226,1.1347563993008711
1141260,3777.968308801317,9999.387096774102,0.0,0.8754537038521915,1.134756490526564
1141320,3778.205640986928,9999.387096774102,0.0,0.8742447875370921,1.1347567444361635
1141380,3778.0292145615313,9999.387096774102,0.0,0.874920909844424,1.134756833667862
1141440,3777.8179078120597,9999.387096774102,0.0,0.8759323159740025,1.1347570207806577
1141500,3777.8037910309104,9999.387096774102,0.0,0.8760635461400779,1.1347571749736725
1141560,3778.039790527722,9999.387096774102,0.0,0.8743321496663743,1.134757591173792
1141620,3777.9949897888805,9999.387096774102,0.0,0.8747811355079597,1.1347577736198058
1141680,3777.9471797962156,9999.387096774102,0.0,0.8749098570871875,1.1347580786572726
1141740,3777.835464094297,9999.387096774102,0.0,0.8755508691725006,1.1347582262173803
1141800,3777.608713935444,9999.387096774102,0.0,0.8766973157882911,1.1347584174251255
1141860,3777.862009264026,9999.387096774102,0.0,0.8752258964816748,1.134758728696084
1141920,3777.913275692794,9999.387096774102,0.0,0.8746379077535372,1.1347589913404463
1141980,3777.962519234008,9999.387096774102,0.0,0.8749446133914518,1.134759223135767
1142040,3777.995482462605,9999.387096774102,0.0,0.8754714645138721,1.134758770895977
1142100,3777.805801088097,9999.387096774102,0.0,0.8763825376515572,1.13475834874955
1142160,3778.129229457344,9999.387096774102,0.0,0.8744877378525574,1.1347582578936024
1142220,3778.340326070351,9999.387096774102,0.0,0.8745986395558628,1.134757539888409
1142280,3778.280277849169,9999.387096774102,0.0,0.874496825654415,1.1347569128507997
1142340,3778.08964044711,9999.387096774102,0.0,0.8755408615598556,1.1347564822654674
1142400,3778.007806546294,9999.387096774102,0.0,0.8759199004662166,1.1347561362458178
1142460,3778.0701160378085,9999.387096774102,0.0,0.875074968013277,1.1347561564644226
1142520,3778.0569453836397,9999.387096774102,0.0,0.8753004196198043,1.1347561236746118
1142580,3778.2350465364366,9999.387096774102,0.0,0.8740069138332263,1.1347563997474253
1142640,3778.0491651139537,9999.387096774102,0.0,0.8751208072539236,1.1347564371241476
1142700,3777.7458912858538,9999.387096774102,0.0,0.8766930758339958,1.1347565794792904
1142760,3777.911645214373,9999.387096774102,0.0,0.8756175888251213,1.1347568482358783
1142820,3777.898118681631,9999.387096774102,0.0,0.8753649237197008,1.1347571282885243
1142880,3778.1230682181317,9999.387096774102,0.0,0.8742519681552823,1.1347575059595314
1142940,3777.9482809514393,9999.387096774102,0.0,0.8749617381881074,1.1347576792675544
1143000,3777.7442199528523,9999.387096774102,0.0,0.8759574114186671,1.134757917645486
1143060,3777.7374543489527,9999.387096774102,0.0,0.8760663874204139,1.1347581009149024
1143120,3777.9809246483796,9999.387096774102,0.0,0.874329841169593,1.1347585218503073
1143180,3777.947090000865,9999.387096774102,0.0,0.8747285540576809,1.1347587006400328
1143240,3777.886171502109,9999.387096774102,0.0,0.8749582768617782,1.1347589757124588
1143300,3777.7792859932547,9999.387096774102,0.0,0.8755865937277901,1.1347590971934098
1143360,3777.5678358321475,9999.387096774102,0.0,0.8766607282447296,1.134759257128059
1143420,3778.0951741818585,9999.387096774102,0.0,0.8740426473526776,1.134759516001169
1143480,3778.106293237785,9999.387096774102,0.0,0.8747389245897718,1.134759043596833
1143540,3778.076933484043,9999.387096774102,0.0,0.8745646572099924,1.1347587744876115
1143600,3777.8331331208374,9999.387096774102,0.0,0.8764911531482998,1.134758404056497
1143660,3778.098733953438,9999.387096774102,0.0,0.8757615697649261,1.1347576003236208
1143720,3777.9692873912204,9999.387096774102,0.0,0.8761667550857967,1.1347570365573179
1143780,3778.2874867654946,9999.387096774102,0.0,0.8744579978197761,1.1347567891624317
1143840,3778.196292522834,9999.387096774102,0.0,0.8745602801681888,1.1347565450040744
1143900,3777.9994984593177,9999.387096774102,0.0,0.8755725827021498,1.1347564543966564
1143960,3777.915455556878,9999.387096774102,0.0,0.8759719474435639,1.1347563924502635
1144020,3777.999409288203,9999.387096774102,0.0,0.8750597689842105,1.1347566158127171
1144080,3777.9965648109014,9999.387096774102,0.0,0.8752467825593055,1.134756720020154
1144140,3778.1613826392677,9999.387096774102,0.0,0.8740622908693136,1.1347570758569334
1144200,3777.981934991589,9999.387096774102,0.0,0.8751510088919154,1.1347571745547178
1144260,3777.68899663685,9999.387096774102,0.0,0.8766820550338744,1.1347573500027475
1144320,3777.858023434034,9999.387096774102,0.0,0.8756158329800379,1.1347576318479629
1144380,3777.8595969454454,9999.387096774102,0.0,0.8753000499824666,1.1347579122590603
1144440,3778.0755750255857,9999.387096774102,0.0,0.8742565667779043,1.1347582712994682
1144500,3777.902023012683,9999.387096774102,0.0,0.8749894976468788,1.1347584212470543
1144560,3777.7029887723534,9999.387096774102,0.0,0.8759748301851877,1.1347586307246378
1144620,3777.700948808636,9999.387096774102,0.0,0.8760676457254878,1.1347587845144147
1144680,3777.9357536577586,9999.387096774102,0.0,0.874429947711803,1.1347591655448512
1144740,3778.2699128903073,9999.387096774102,0.0,0.8739001921055254,1.1347590876135052
1144800,3778.0828948654566,9999.387096774102,0.0,0.8748388910520078,1.1347585551901442
1144860,3777.735368008754,9999.387096774102,0.0,0.876901585285704,1.1347582595319008
1144920,3778.1184932384854,9999.387096774102,0.0,0.8754964423794827,1.1347577837097496
1144980,3778.0977283793554,9999.387096774102,0.0,0.8757622162566263,1.1347569878849155
1145040,3778.4469645291306,9999.387096774102,0.0,0.8734195146581302,1.1347567526829276
1145100,3778.232550626355,9999.387096774102,0.0,0.8747828831514544,1.1347563037415243
1145160,3777.9459418986526,9999.387096774102,0.0,0.8762170201446942,1.1347561153407206
1145220,3777.996299330643,9999.387096774102,0.0,0.8757476746337659,1.134756086012293
1145280,3777.87601393722,9999.387096774102,0.0,0.8761299153914497,1.134756165686501
1145340,3778.183807917936,9999.387096774102,0.0,0.8744272359839421,1.1347564471817135
1145400,3778.0960468704952,9999.387096774102,0.0,0.8745622769652048,1.1347566112075826
1145460,3777.8982984950853,9999.387096774102,0.0,0.8756197751309467,1.1347568125246057
1145520,3777.82358595647,9999.387096774102,0.0,0.8760027546525603,1.1347569628160168
1145580,3777.9208802544276,9999.387096774102,0.0,0.875053135290166,1.1347573354951357
1145640,3777.93002819837,9999.387096774102,0.0,0.8751839919289207,1.1347575469665274
1145700,3778.0800648866957,9999.387096774102,0.0,0.8741250725213304,1.1347579553900298
1145760,3777.9077291474564,9999.387096774102,0.0,0.8751877563546947,1.1347580913017388
1145820,3777.626557257704,9999.387096774102,0.0,0.8766706797859647,1.1347582798909202
1145880,3777.799553135172,9999.387096774102,0.0,0.8756101304482896,1.1347585591352267
1145940,3777.8173843700697,9999.387096774102,0.0,0.8752270217668671,1.134758826672091
1146000,3778.0224501782495,9999.387096774102,0.0,0.8742651034662212,1.1347591546512186
1146060,3777.850009708569,9999.387096774102,0.0,0.8750243608484211,1.1347592709382204
1146120,3777.541862640162,9999.387096774102,0.0,0.8769552299001269,1.1347594055673642
1146180,3777.94982636149,9999.387096774102,0.0,0.8755317007205845,1.1347591583042136
1146240,3777.9078810033834,9999.387096774102,0.0,0.8756364098309272,1.1347587537607684
1146300,3778.3097981855517,9999.387096774102,0.0,0.8734743647639116,1.1347587349326176
1146360,3778.2399772001695,9999.387096774102,0.0,0.8749685515932717,1.1347579882867402
1146420,3778.0769129887613,9999.387096774102,0.0,0.8756855047845817,1.134757217872758
1146480,3778.023102940627,9999.387096774102,0.0,0.8756075286140934,1.1347568350385202
1146540,3778.0339173310717,9999.387096774102,0.0,0.8757048410878566,1.1347564937460262
1146600,3778.345300286044,9999.387096774102,0.0,0.873526631926901,1.134756598403897
1146660,3778.1450786813916,9999.387096774102,0.0,0.8747874725746684,1.1347564694685697
1146720,3777.8589378493352,9999.387096774102,0.0,0.876257819659503,1.1347565070102152
1146780,3777.921488876718,9999.387096774102,0.0,0.8757641432121211,1.1347566338891049
1146840,3777.820302553525,9999.387096774102,0.0,0.8760586519482845,1.1347568210757726
1146900,3778.125537411775,9999.387096774102,0.0,0.8743961712460798,1.1347571703488872
1146960,3778.0370697075214,9999.387096774102,0.0,0.8745707264088923,1.134757372849526
1147020,3777.8389175877305,9999.387096774102,0.0,0.8756492525085452,1.1347575901901394
1147080,3777.769014824212,9999.387096774102,0.0,0.8760255303923367,1.1347577445321042
1147140,3777.8751186299455,9999.387096774102,0.0,0.8750555411048444,1.1347581068875592
1147200,3777.8940741554575,9999.387096774102,0.0,0.8751375966743544,1.134758303975865
1147260,3778.0339108135418,9999.387096774102,0.0,0.8741647645977968,1.134758678329715
1147320,3777.8657125516106,9999.387096774102,0.0,0.8752131063616176,1.1347587853861605
1147380,3777.5936032698905,9999.387096774102,0.0,0.8766569148807114,1.1347589404602996
1147440,3777.9522965494743,9999.387096774102,0.0,0.8749638780348364,1.1347591144741043
1147500,3778.0492773206056,9999.387096774102,0.0,0.8751578846101745,1.1347586563601346
1147560,3778.1613164174387,9999.387096774102,0.0,0.8741212036169167,1.1347584733466243
1147620,3777.9912608325535,9999.387096774102,0.0,0.8758900618906941,1.1347581045903818
1147680,3778.1435988909207,9999.387096774102,0.0,0.8756331542768684,1.134757247373111
1147740,3777.91044752977,9999.387096774102,0.0,0.876700056823862,1.1347566595595042
1147800,3778.2195790776755,9999.387096774102,0.0,0.874924222762944,1.1347564018527772
1147860,3778.2051970957414,9999.387096774102,0.0,0.8745623798149262,1.1347562202513293
1147920,3778.124391108064,9999.387096774102,0.0,0.8750402692256618,1.1347561856490622
1147980,3777.976726903004,9999.387096774102,0.0,0.8756849510820081,1.1347561275231248
1148040,3777.9153409727996,9999.387096774102,0.0,0.8756352129177606,1.1347563062287267
1148100,3777.9368676805707,9999.387096774102,0.0,0.8756592575820771,1.1347564278163604
1148160,3778.2444265263216,9999.387096774102,0.0,0.8735729060782429,1.134756861052929
1148220,3778.053380433125,9999.387096774102,0.0,0.8748031228832411,1.1347569727036768
1148280,3777.7704403460903,9999.387096774102,0.0,0.8762794113623897,1.134757175261444
1148340,3777.8385612905363,9999.387096774102,0.0,0.875782482589519,1.1347574218257652
1148400,3777.7594455713593,9999.387096774102,0.0,0.8759747211368266,1.1347576905200571
1148460,3778.06236616853,9999.387096774102,0.0,0.8743595755650239,1.1347580823053796
1148520,3777.971414967704,9999.387096774102,0.0,0.8745859586445891,1.1347583005167217
1148580,3777.773065777547,9999.387096774102,0.0,0.8756834391199111,1.1347585162958922
1148640,3777.7089433203078,9999.387096774102,0.0,0.8760492201045557,1.1347586608013271
1148700,3777.8256625037607,9999.387096774102,0.0,0.875050645737064,1.134759001006906
1148760,3777.8547216314164,9999.387096774102,0.0,0.8750837364900851,1.13475917337633
1148820,3777.982084033253,9999.387096774102,0.0,0.8742121595028394,1.134759503224863
1148880,3777.8551982738118,9999.387096774102,0.0,0.8757786964311528,1.1347593603204342
1148940,3777.904344522726,9999.387096774102,0.0,0.8758132832982448,1.134758851478782
1149000,3777.77575710464,9999.387096774102,0.0,0.8762810174756263,1.134758617144282
1149060,3778.453824555811,9999.387096774102,0.0,0.8735157173814689,1.1347583848318183
1149120,3778.2708928379134,9999.387096774102,0.0,0.8747042462891345,1.1347575000634276
1149180,3778.0976737895244,9999.387096774102,0.0,0.8755395253932765,1.1347570076546911
1149240,3778.0657855263553,9999.387096774102,0.0,0.8756372875824647,1.1347566012816805
1149300,3777.8434213624096,9999.387096774102,0.0,0.8766522627909477,1.1347563877527016
1149360,3778.133525459564,9999.387096774102,0.0,0.8749082705423809,1.1347564622358413
1149420,3778.1356525184983,9999.387096774102,0.0,0.8744973148042963,1.1347565454996786
1149480,3778.043241079803,9999.387096774102,0.0,0.8750814094374662,1.1347566814270478
1149540,3777.9023975891114,9999.387096774102,0.0,0.8757235692975459,1.1347567436531083
1149600,3777.8518706824448,9999.387096774102,0.0,0.8756410544705476,1.1347570037336308
1149660,3777.8824313984196,9999.387096774102,0.0,0.8756222810409329,1.1347571812320407
1149720,3778.1832461297,9999.387096774102,0.0,0.8736130555105951,1.1347576341697627
1149780,3777.999057396243,9999.387096774102,0.0,0.8748141506932001,1.134757756465736
1149840,3777.719469051037,9999.387096774102,0.0,0.8762887614744046,1.134757950549009
1149900,3777.7904702567535,9999.387096774102,0.0,0.8757966615232292,1.1347581818925456
1149960,3777.727148374264,9999.387096774102,0.0,0.8759160133443258,1.1347584302535734
1150020,3778.0275896919393,9999.387096774102,0.0,0.8743358812168588,1.1347587911450472
1150080,3777.9355629823967,9999.387096774102,0.0,0.8745956414840765,1.1347589739412034
1150140,3777.6380207163766,9999.387096774102,0.0,0.8766340096926649,1.1347591122689797
1150200,3777.935822889808,9999.387096774102,0.0,0.8757493981074543,1.1347587922905633
1150260,3777.850071003752,9999.387096774102,0.0,0.8761064025426124,1.134758384131149
1150320,3778.391411162388,9999.387096774102,0.0,0.8730535635093528,1.1347584100486765
1150380,3778.3628157845083,9999.387096774102,0.0,0.8744823115703251,1.1347576528164183
1150440,3778.169095328128,9999.387096774102,0.0,0.8752387660861355,1.1347569013748178
1150500,3778.0005110189386,9999.387096774102,0.0,0.8758959084688543,1.1347564786222675
1150560,3778.00686173627,9999.387096774102,0.0,0.8759607674358483,1.1347561439591691
1150620,3778.315168920992,9999.387096774102,0.0,0.8737288515309721,1.1347562589139377
1150680,3778.1739006176117,9999.387096774102,0.0,0.8746899011728236,1.1347561740064938
1150740,3777.992699264252,9999.387096774102,0.0,0.8755413610262545,1.1347562805795235
1150800,3777.9499031592118,9999.387096774102,0.0,0.8756860278387266,1.134756374849582
1150860,3777.7542530192836,9999.387096774102,0.0,0.8765749579713547,1.1347565466186118
1150920,3778.049891963218,9999.387096774102,0.0,0.8748623506034284,1.1347568912894241
1150980,3778.0570369510633,9999.387096774102,0.0,0.8744674203687871,1.1347571644823904
1151040,3777.954033865479,9999.387096774102,0.0,0.8751271082718891,1.134757428100861
1151100,3777.8191908542494,9999.387096774102,0.0,0.8757705225145551,1.1347575819703917
1151160,3777.783217405678,9999.387096774102,0.0,0.8756397532468528,1.1347578987609845
1151220,3777.8236150714597,9999.387096774102,0.0,0.8755774001465463,1.1347581092791068
1151280,3778.1158950910676,9999.387096774102,0.0,0.8736571002703437,1.1347585618933786
1151340,3777.93820332116,9999.387096774102,0.0,0.8748314232401738,1.1347586794067641
1151400,3777.662606181807,9999.387096774102,0.0,0.8763025938492113,1.1347588520043443
1151460,3777.7376870924795,9999.387096774102,0.0,0.8758098219045933,1.13475905749925
1151520,3777.6917421898593,9999.387096774102,0.0,0.8758490394343555,1.1347592762552123
1151580,3778.2530699583876,9999.387096774102,0.0,0.8732131862354353,1.1347596250844065
1151640,3778.120923207652,9999.387096774102,0.0,0.8746937360099764,1.1347591055554516
1151700,3777.8968050020967,9999.387096774102,0.0,0.875703643358866,1.1347587077375174
1151760,3777.816339029718,9999.387096774102,0.0,0.8763022654635283,1.134758437349995
1151820,3778.159368801544,9999.387096774102,0.0,0.8754371030045619,1.134757702431554
1151880,3778.178761563625,9999.387096774102,0.0,0.8748756704834566,1.1347571605504283
1151940,3778.282309363708,9999.387096774102,0.0,0.8744898033120433,1.1347568436761843
1152000,3778.0942366344716,9999.387096774102,0.0,0.8752427199496562,1.1347565006918299
1152060,3777.9135352963985,9999.387096774102,0.0,0.8759264602691508,1.1347564183034422
1152120,3777.9223055980983,9999.387096774102,0.0,0.8759589291747353,1.1347563792483617
1152180,3778.2425171575683,9999.387096774102,0.0,0.8737234544987089,1.1347567016807887
1152240,3778.1091545987574,9999.387096774102,0.0,0.8746617625679215,1.1347567574721635
1152300,3777.9205576792906,9999.387096774102,0.0,0.8755766461300909,1.1347569497618
1152360,3777.8818526424407,9999.387096774102,0.0,0.8757172582584519,1.1347571072887581
1152420,3777.7044228127843,9999.387096774102,0.0,0.8765194070949387,1.1347573179892103
1152480,3778.0006021276317,9999.387096774102,0.0,0.8748336633963786,1.1347576762406268
1152540,3778.012369002946,9999.387096774102,0.0,0.8744451060125665,1.134757947374117
1152600,3777.9026567425335,9999.387096774102,0.0,0.8751556357320831,1.1347581929836867
1152660,3777.7713146231754,9999.387096774102,0.0,0.8758023648966077,1.1347583264705614
1152720,3777.7443729083852,9999.387096774102,0.0,0.8756450896576711,1.1347586160123333
1152780,3777.792547930815,9999.387096774102,0.0,0.8755442502861325,1.1347587989427081
1152840,3778.0784677434513,9999.387096774102,0.0,0.8736886128546539,1.134759210667974
1152900,3778.022251463269,9999.387096774102,0.0,0.8750996275711788,1.13475906346876
1152960,3777.970730426278,9999.387096774102,0.0,0.8755346608251026,1.1347585312860773
1153020,3777.705484529107,9999.387096774102,0.0,0.8769059481082252,1.1347582594524648
1153080,3778.3417412810713,9999.387096774102,0.0,0.8742407765106025,1.1347579573047784
1153140,3778.2332430149304,9999.387096774102,0.0,0.8750110559385352,1.1347571102493694
1153200,3778.2645371407457,9999.387096774102,0.0,0.8746356046985121,1.1347567213826488
1153260,3778.1329931273176,9999.387096774102,0.0,0.8753682556957822,1.1347562852927815
1153320,3777.8384017280896,9999.387096774102,0.0,0.8768338473750714,1.1347560650491342
1153380,3778.069280365818,9999.387096774102,0.0,0.8753498438304907,1.134756117672605
1153440,3778.0759285840886,9999.387096774102,0.0,0.8749039877825413,1.134756228205171
1153500,3778.1659039869805,9999.387096774102,0.0,0.8745309020247573,1.1347564461978743
1153560,3777.981967500119,9999.387096774102,0.0,0.8753080270912978,1.1347565259275942
1153620,3777.8189853204417,9999.387096774102,0.0,0.8759388089159145,1.1347567529315332
1153680,3777.838197577852,9999.387096774102,0.0,0.8759382467029134,1.134756935375299
1153740,3778.1601251114826,9999.387096774102,0.0,0.8737369086933919,1.1347574079521674
1153800,3778.0361643623783,9999.387096774102,0.0,0.8746360164695459,1.1347575734674622
1153860,3777.8397984845606,9999.387096774102,0.0,0.8756230944379013,1.134757824723756
1153920,3777.807588501565,9999.387096774102,0.0,0.875750294391778,1.1347580216787523
1153980,3777.650023515402,9999.387096774102,0.0,0.8764580654004943,1.1347582510422765
1154040,3777.946886178728,9999.387096774102,0.0,0.8747986775813706,1.1347586065919752
1154100,3777.9623541984606,9999.387096774102,0.0,0.8744245186856789,1.1347588613479294
1154160,3777.8450474927176,9999.387096774102,0.0,0.8751910709744378,1.1347590766569777
1154220,3777.7180970310405,9999.387096774102,0.0,0.8758382394384971,1.134759179868794
1154280,3777.621141442865,9999.387096774102,0.0,0.8762720664920705,1.1347594117992041
1154340,3778.1255314372,9999.387096774102,0.0,0.8745576124837308,1.134759285216402
1154400,3778.0660041535066,9999.387096774102,0.0,0.8747360715272562,1.1347588508278355
1154460,3777.999300703195,9999.387096774102,0.0,0.8753252464947029,1.1347586596854673
1154520,3778.0710617211535,9999.387096774102,0.0,0.875750614556114,1.1347580101317836
1154580,3778.013624613869,9999.387096774102,0.0,0.8760971022737918,1.134757232667161
1154640,3778.243744558958,9999.387096774102,0.0,0.8743514625985706,1.1347569532885715
1154700,3778.1650217482893,9999.387096774102,0.0,0.8749860974663028,1.1347565749347606
1154760,3778.178476624223,9999.387096774102,0.0,0.8746552150533241,1.1347565353489433
1154820,3778.037710810441,9999.387096774102,0.0,0.8754141474422104,1.1347564192740596
1154880,3777.760693160317,9999.387096774102,0.0,0.876805590802953,1.1347564412055178
1154940,3778.0007453541666,9999.387096774102,0.0,0.8753273755643635,1.1347566552312243
1155000,3778.019578135149,9999.387096774102,0.0,0.8748441540085637,1.1347568752001058
1155060,3778.0970121856903,9999.387096774102,0.0,0.8745570556651694,1.1347571587610974
1155120,3777.9165485504404,9999.387096774102,0.0,0.8753488555600042,1.1347572822739946
1155180,3777.763234523246,9999.387096774102,0.0,0.8759512541158306,1.1347575307542073
1155240,3777.789376089831,9999.387096774102,0.0,0.8759227689098191,1.1347577204767423
1155300,3778.1116122387402,9999.387096774102,0.0,0.8737533457935638,1.1347581803629492
1155360,3777.9951587027576,9999.387096774102,0.0,0.8746185323208816,1.1347583308413252
1155420,3777.7947053536946,9999.387096774102,0.0,0.875647198843175,1.1347585512421885
1155480,3777.765258095334,9999.387096774102,0.0,0.875774587677023,1.134758718989849
1155540,3777.6221390544456,9999.387096774102,0.0,0.8764132887142855,1.1347589175262316
1155600,3778.253873198633,9999.387096774102,0.0,0.873285770989485,1.1347592624942497
1155660,3778.1697874708875,9999.387096774102,0.0,0.8745337602289388,1.1347587613678076
1155720,3778.015009655545,9999.387096774102,0.0,0.875087009270324,1.1347584224078855
1155780,3777.8013897507853,9999.387096774102,0.0,0.8766394821827362,1.1347580904770662
1155840,3778.1353423808623,9999.387096774102,0.0,0.8756939744702326,1.134757315700446
1155900,3778.0833486612205,9999.387096774102,0.0,0.8755836216996857,1.134756764161245
1155960,3778.3539282794172,9999.387096774102,0.0,0.8742273754980372,1.134756509793275
1156020,3778.1782238282426,9999.387096774102,0.0,0.8748181617270088,1.1347562110561524
1156080,3777.952885806283,9999.387096774102,0.0,0.8758661700855832,1.1347561207939736
1156140,3777.9202216189065,9999.387096774102,0.0,0.8760541178032373,1.1347560812372186
1156200,3778.1303096945903,9999.387096774102,0.0,0.874408043345899,1.1347563700863081
1156260,3778.0733660559154,9999.387096774102,0.0,0.8749071576668438,1.134756470924527
1156320,3778.0684720239587,9999.387096774102,0.0,0.8747392267439228,1.134756765546149
1156380,3777.9397359273216,9999.387096774102,0.0,0.8754597077330171,1.1347568991413202
1156440,3777.6814410467173,9999.387096774102,0.0,0.8767653652626922,1.1347570988290538
1156500,3777.924678409939,9999.387096774102,0.0,0.8753032042174799,1.1347574361302728
1156560,3777.9582724119323,9999.387096774102,0.0,0.8747714546613684,1.1347577390088204
1156620,3778.0208291651165,9999.387096774102,0.0,0.8745899865201037,1.1347580615516684
1156680,3777.8444877299876,9999.387096774102,0.0,0.8753955186509007,1.134758206737528
1156740,3777.7021401476454,9999.387096774102,0.0,0.87596213355136,1.1347584590541333
1156800,3777.7361316856195,9999.387096774102,0.0,0.875901662081182,1.1347586419880833
1156860,3778.059041607353,9999.387096774102,0.0,0.8737650031179446,1.1347590766602744
1156920,3777.9488731245788,9999.387096774102,0.0,0.8746042007832702,1.1347592008264413
1156980,3777.743900094797,9999.387096774102,0.0,0.8756785962353787,1.1347593805475327
1157040,3777.7474682426496,9999.387096774102,0.0,0.8761423550745203,1.1347593512308072
1157100,3777.908852006853,9999.387096774102,0.0,0.8758092107459563,1.134758885993201
1157160,3778.0313210068057,9999.387096774102,0.0,0.8746790835753753,1.134758727956796
1157220,3778.355322727354,9999.387096774102,0.0,0.8740043694178208,1.1347584657307412
1157280,3778.225030887378,9999.387096774102,0.0,0.8750189344238736,1.134757547736391
1157340,3777.8973994803514,9999.387096774102,0.0,0.8767289145778971,1.1347569578025054
1157400,3778.0676086006674,9999.387096774102,0.0,0.8756338197241936,1.134756630320909
1157460,3778.0042132987755,9999.387096774102,0.0,0.8756216156413886,1.1347564541259294
1157520,3778.2627255427788,9999.387096774102,0.0,0.874237408595025,1.1347565362007326
1157580,3778.091366289242,9999.387096774102,0.0,0.8748503515197502,1.1347565061825193
1157640,3777.874330927068,9999.387096774102,0.0,0.8758946022960279,1.1347566019914292
1157700,3777.850172514373,9999.387096774102,0.0,0.8760616491276998,1.1347566897131929
1157760,3778.066453743797,9999.387096774102,0.0,0.8744145173767197,1.1347570613261886
1157820,3778.0217570192176,9999.387096774102,0.0,0.8748536390619066,1.1347572219013398
1157880,3778.0043741899435,9999.387096774102,0.0,0.8747864202115897,1.1347575359145199
1157940,3777.8808622068823,9999.387096774102,0.0,0.8754929299967426,1.1347576809447066
1158000,3777.636671289914,9999.387096774102,0.0,0.8767329336530939,1.1347578780419345
1158060,3777.881332979955,9999.387096774102,0.0,0.8752877041072814,1.1347582001916081
1158120,3777.925405107145,9999.387096774102,0.0,0.8747226692195417,1.1347584818157714
1158180,3777.9781163537073,9999.387096774102,0.0,0.8746097292561991,1.1347587698557366
1158240,3777.8040945650605,9999.387096774102,0.0,0.8754271970457622,1.134758882300298
1158300,3777.558064472103,9999.387096774102,0.0,0.8768578459519983,1.1347590667384901
1158360,3778.0413889035285,9999.387096774102,0.0,0.8751390842045116,1.134758884945113
1158420,3778.003728460278,9999.387096774102,0.0,0.8751952115170998,1.1347584743497694
1158480,3778.202130890287,9999.387096774102,0.0,0.8742513780133194,1.1347583909726304
1158540,3778.172475279011,9999.387096774102,0.0,0.8754015761917867,1.1347576738067566
1158600,3778.057371021832,9999.387096774102,0.0,0.8759525746186576,1.134756891367702
1158660,3778.1311903396836,9999.387096774102,0.0,0.8750923473317906,1.1347565567999496
1158720,3778.110012986807,9999.387096774102,0.0,0.8753919792452337,1.134756207133587
1158780,3778.3142113958393,9999.387096774102,0.0,0.8738865243649709,1.1347562697804172
1158840,3778.1165278106373,9999.387096774102,0.0,0.8750578456925862,1.1347561463748221
1158900,3777.8045322580315,9999.387096774102,0.0,0.8766685795944438,1.1347561775834425
1158960,3777.9576495129318,9999.387096774102,0.0,0.8756447036523175,1.134756360817984
1159020,3777.9236833548675,9999.387096774102,0.0,0.8754963162890129,1.1347565833681474
1159080,3778.1707193144375,9999.387096774102,0.0,0.8742344105326005,1.1347569384719811
1159140,3777.9999290527926,9999.387096774102,0.0,0.8748904362438161,1.1347571032149357
1159200,3777.7889928181285,9999.387096774102,0.0,0.8759239542195357,1.1347573378594487
1159260,3777.7723021946304,9999.387096774102,0.0,0.8760704257976073,1.1347575236231322
1159320,3777.9983452981114,9999.387096774102,0.0,0.8744090149862469,1.1347579530917271
1159380,3777.96527389958,9999.387096774102,0.0,0.8747957442097795,1.1347581495435528
1159440,3777.933407018412,9999.387096774102,0.0,0.8748412505573872,1.1347584622752018
1159500,3777.8155915282455,9999.387096774102,0.0,0.8755313162750205,1.1347586034188133
1159560,3777.5872210405546,9999.387096774102,0.0,0.8766975483941913,1.134758785175796
1159620,3777.8341763096855,9999.387096774102,0.0,0.8752661230814336,1.1347590812559283
1159680,3777.889028216973,9999.387096774102,0.0,0.8746688233052071,1.1347593317717448
1159740,3777.9624598388787,9999.387096774102,0.0,0.8748383313479945,1.1347595556547583
1159800,3777.978882081939,9999.387096774102,0.0,0.8754459271580857,1.1347590966152568
1159860,3777.787320224585,9999.387096774102,0.0,0.8763723907688374,1.1347586720661278
1159920,3778.0880817566585,9999.387096774102,0.0,0.8746149437399349,1.1347585654971
1159980,3778.309593175756,9999.387096774102,0.0,0.8746340902104859,1.1347578549530397
1160040,3778.2615383103275,9999.387096774102,0.0,0.874474802601371,1.1347572390673384
1160100,3778.0782100956962,9999.387096774102,0.0,0.8755000934712056,1.1347568087070945
1160160,3777.9906440159634,9999.387096774102,0.0,0.8759060558121641,1.13475645671551
1160220,3778.039646734306,9999.387096774102,0.0,0.8751511306395345,1.1347564618599102
1160280,3778.03452182293,9999.387096774102,0.0,0.8753318244416174,1.1347564208740484
1160340,3778.2287549546236,9999.387096774102,0.0,0.8739477033075719,1.134756690261848
1160400,3778.040608129995,9999.387096774102,0.0,0.8750875506956585,1.1347567132779992
1160460,3777.7387095459258,9999.387096774102,0.0,0.8766578990025433,1.1347568415788116
1160520,3777.894225205487,9999.387096774102,0.0,0.8756462342484177,1.1347570902430215
1160580,3777.877615709535,9999.387096774102,0.0,0.8754227535437985,1.134757354164049
1160640,3778.115801180766,9999.387096774102,0.0,0.8742349312838258,1.1347577204383863
1160700,3777.9460186433334,9999.387096774102,0.0,0.8749183803102447,1.134757883232582
1160760,3777.7398701617985,9999.387096774102,0.0,0.8759440609005849,1.1347581049157605
1160820,3777.7281928487705,9999.387096774102,0.0,0.8760751536471093,1.1347582727897452
1160880,3777.9590789056742,9999.387096774102,0.0,0.8744154561077728,1.1347586737367406
1160940,3777.935937645689,9999.387096774102,0.0,0.8747532300621015,1.134758843632309
1161000,3777.894680645092,9999.387096774102,0.0,0.8748725909654914,1.1347591143592541
1161060,3777.792040063853,9999.387096774102,0.0,0.8761250240319141,1.134759021186685
1161120,3777.9131733500685,9999.387096774102,0.0,0.8758945472074319,1.1347585345197508
1161180,3777.9062881794734,9999.387096774102,0.0,0.8755633797989947,1.1347583443142661
1161240,3778.5058426790474,9999.387096774102,0.0,0.8733592121283483,1.1347581339584643
1161300,3778.2928277633114,9999.387096774102,0.0,0.8747413589100901,1.134757205649671
1161360,3778.007591473627,9999.387096774102,0.0,0.8762156476390067,1.13475665098123
1161420,3778.0716478962495,9999.387096774102,0.0,0.8757199392386118,1.1347562840297183
1161480,3777.91976164495,9999.387096774102,0.0,0.8762727338708308,1.1347560949011897
1161540,3778.2269948295216,9999.387096774102,0.0,0.8745066316665199,1.1347561958690047
1161600,3778.1536795999327,9999.387096774102,0.0,0.8745300042377566,1.1347562443131574
1161660,3777.964349960641,9999.387096774102,0.0,0.8755440711509703,1.134756359971674
1161720,3777.878533163141,9999.387096774102,0.0,0.8759612421052043,1.1347564453864725
1161780,3777.950858028619,9999.387096774102,0.0,0.8751311953467339,1.1347567725084096
1161840,3777.957319553096,9999.387096774102,0.0,0.8752682389126979,1.1347569615419268
1161900,3778.1357850809036,9999.387096774102,0.0,0.8740157755410474,1.134757378744839
1161960,3777.9555864359622,9999.387096774102,0.0,0.875124517682375,1.1347575151851923
1162020,3777.6650473727987,9999.387096774102,0.0,0.8766518476219269,1.1347577143754783
1162080,3777.825697514419,9999.387096774102,0.0,0.8756430516298035,1.1347580044507186
1162140,3777.8271284091607,9999.387096774102,0.0,0.8753431585549587,1.1347582887276433
1162200,3778.0546234851713,9999.387096774102,0.0,0.8742392052679754,1.1347586485820678
1162260,3777.885700228141,9999.387096774102,0.0,0.8749535551526729,1.1347587952195064
1162320,3777.6853511596364,9999.387096774102,0.0,0.8759661990281098,1.1347589921633428
1162380,3777.6797881161056,9999.387096774102,0.0,0.8760773991415769,1.134759132318645
1162440,3777.9023160244983,9999.387096774102,0.0,0.8745234620449017,1.1347594924461348
1162500,3778.252088430429,9999.387096774102,0.0,0.873880461493807,1.1347594103383034
1162560,3778.0667824693037,9999.387096774102,0.0,0.8748102020189943,1.1347588808131523
1162620,3777.726735902529,9999.387096774102,0.0,0.8768398596030559,1.1347585810562677
1162680,3778.086257252576,9999.387096774102,0.0,0.8755512538639058,1.1347580957708554
1162740,3778.0703902117843,9999.387096774102,0.0,0.8757882212978424,1.1347573094221015
1162800,3778.425478432587,9999.387096774102,0.0,0.8734168155049167,1.1347570759603383
1162860,3778.21621986052,9999.387096774102,0.0,0.8747609566770286,1.1347566262118434
1162920,3777.938063633339,9999.387096774102,0.0,0.876151718823814,1.1347564339353657
1162980,3777.9778229929925,9999.387096774102,0.0,0.8757547099138829,1.134756389412832
1163040,3777.853091416512,9999.387096774102,0.0,0.8761751162505642,1.1347564550362463
1163100,3778.1614109056372,9999.387096774102,0.0,0.8744658347974014,1.134756721298484
1163160,3778.086334293968,9999.387096774102,0.0,0.8745369362629025,1.134756877855337
1163220,3777.895095641943,9999.387096774102,0.0,0.8755771126358142,1.1347570654924222
1163280,3777.8141053903514,9999.387096774102,0.0,0.8759899709060954,1.134757199530581
1163340,3777.897231141791,9999.387096774102,0.0,0.8751316837947422,1.134757550327689
1163400,3777.9137763197264,9999.387096774102,0.0,0.8752201194553467,1.134757749526613
1163460,3778.081506229838,9999.387096774102,0.0,0.8740600412776579,1.134758150280812
1163520,3777.9063090627815,9999.387096774102,0.0,0.8751503244174765,1.1347582712883761
1163580,3777.624702701174,9999.387096774102,0.0,0.8766408514945334,1.1347584459353792
1163640,3777.7871541244544,9999.387096774102,0.0,0.8756430589274331,1.1347587065967075
1163700,3777.801625296101,9999.387096774102,0.0,0.875288442991485,1.1347589601548518
1163760,3778.171393205039,9999.387096774102,0.0,0.873793258023368,1.134759281841939
1163820,3778.08046898798,9999.387096774102,0.0,0.8750277373381793,1.1347587775971384
1163880,3777.850925562436,9999.387096774102,0.0,0.8761093238795046,1.1347583613528993
1163940,3777.9374541877132,9999.387096774102,0.0,0.8756348486328814,1.13475817026797
1164000,3778.2471008059547,9999.387096774102,0.0,0.8750919552686168,1.1347574455812033
1164060,3778.2704723015445,9999.387096774102,0.0,0.8744917151040379,1.134756883859758
1164120,3778.210958948703,9999.387096774102,0.0,0.874950717551798,1.1347565056043456
1164180,3778.058576511557,9999.387096774102,0.0,0.875592435186767,1.1347561574949028
1164240,3777.9653834431024,9999.387096774102,0.0,0.8756891898416633,1.1347561190541624
1164300,3777.980620240812,9999.387096774102,0.0,0.8757260983516549,1.1347560940913164
1164360,3778.3032411657173,9999.387096774102,0.0,0.8735188279629659,1.1347564342580239
1164420,3778.1090493248657,9999.387096774102,0.0,0.8747669545366428,1.1347564733207027
1164480,3777.8306919024885,9999.387096774102,0.0,0.8762004650137384,1.1347566354876129
1164540,3777.883402018392,9999.387096774102,0.0,0.8757753217570212,1.1347568494108597
1164600,3777.7815587018936,9999.387096774102,0.0,0.8760900677726068,1.1347571010486204
1164660,3778.0878304671432,9999.387096774102,0.0,0.8744257949782108,1.1347574929890047
1164720,3778.011235688227,9999.387096774102,0.0,0.8745470116709845,1.1347577296662754
1164780,3777.8185478134105,9999.387096774102,0.0,0.8756157490814384,1.1347579637082086
1164840,3777.7439476758886,9999.387096774102,0.0,0.8760186704054175,1.134758124295773
1164900,3777.8391452410133,9999.387096774102,0.0,0.8751258394521745,1.134758480674613
1164960,3777.8662184904083,9999.387096774102,0.0,0.8751642271840899,1.1347586755178285
1165020,3778.0210402955786,9999.387096774102,0.0,0.8741115856360839,1.1347590459600134
1165080,3777.8510959154196,9999.387096774102,0.0,0.8751826030917615,1.1347591407411142
1165140,3777.5796534803803,9999.387096774102,0.0,0.8766307652302551,1.1347592815871903
1165200,3777.915179940588,9999.387096774102,0.0,0.8750660279952271,1.1347594329433506
1165260,3778.022088005659,9999.387096774102,0.0,0.875188512271977,1.134758977332624
1165320,3778.1446688772735,9999.387096774102,0.0,0.8741003910925113,1.134758795106124
1165380,3777.9890654931614,9999.387096774102,0.0,0.8758002456714106,1.13475842361224
1165440,3778.122452202164,9999.387096774102,0.0,0.8756205216484686,1.1347575697491648
1165500,3777.8860244483467,9999.387096774102,0.0,0.8767189849821047,1.1347569834494575
1165560,3778.1910311511388,9999.387096774102,0.0,0.8749668987346783,1.1347567202024036
1165620,3778.183156939506,9999.387096774102,0.0,0.8745774495313042,1.1347565357457337
1165680,3778.1177071820644,9999.387096774102,0.0,0.8749866292217626,1.1347564968328334
1165740,3777.9651338297417,9999.387096774102,0.0,0.8756559145078379,1.1347564269873904
1165800,3777.8924916047326,9999.387096774102,0.0,0.8756867406844209,1.1347565867812053
1165860,3777.9173998007723,9999.387096774102,0.0,0.8756897428023717,1.1347566954177855
1165920,3778.2323123733345,9999.387096774102,0.0,0.8735633005056269,1.1347571158391188
1165980,3778.0463061353057,9999.387096774102,0.0,0.8747741317400751,1.1347572152914625
1166040,3777.769977879643,9999.387096774102,0.0,0.8762166714333695,1.1347574055508962
1166100,3777.8267848355326,9999.387096774102,0.0,0.8757924099193324,1.1347576319767325
1166160,3777.7420860419325,9999.387096774102,0.0,0.8760274188376086,1.1347578837799477
1166220,3778.0462714639907,9999.387096774102,0.0,0.8743989103386985,1.134758259797539
1166280,3777.968962949053,9999.387096774102,0.0,0.8745540227767842,1.1347584715155552
1166340,3777.775750682703,9999.387096774102,0.0,0.8756398150567576,1.1347586745053955
1166400,3777.7047548474466,9999.387096774102,0.0,0.8760382172874314,1.1347588044455061
1166460,3777.7570019917625,9999.387096774102,0.0,0.8755119225742759,1.1347591123580767
1166520,3778.2429728348925,9999.387096774102,0.0,0.8740491930098216,1.1347590301280566
1166580,3778.1138364145595,9999.387096774102,0.0,0.8746176502244837,1.134758552718215
1166640,3777.8706403082992,9999.387096774102,0.0,0.8761738386050504,1.1347582989129772
1166700,3778.074333112239,9999.387096774102,0.0,0.8757972635306537,1.134757719519342
1166760,3778.0478205802283,9999.387096774102,0.0,0.8760403217281707,1.1347569338034011
1166820,3778.3856177990447,9999.387096774102,0.0,0.8736934444404995,1.1347566967980092
1166880,3778.2331248032847,9999.387096774102,0.0,0.8747431672370645,1.1347562876924844
1166940,3778.0795098013164,9999.387096774102,0.0,0.8753950287507697,1.1347561731640161
1167000,3778.0147981070204,9999.387096774102,0.0,0.8756415663684507,1.134756096660577
1167060,3777.7958959834928,9999.387096774102,0.0,0.876655753636326,1.1347561472335745
1167120,3778.087229423517,9999.387096774102,0.0,0.8749384046968569,1.1347564063760671
1167180,3778.095692076234,9999.387096774102,0.0,0.874506969203952,1.1347566284504613
1167240,3778.0155601490083,9999.387096774102,0.0,0.8750377633406915,1.1347568698101396
1167300,3777.8709420128653,9999.387096774102,0.0,0.8757047289380913,1.134757006318658
1167360,3777.8126332298834,9999.387096774102,0.0,0.8756879682690261,1.134757312837548
1167420,3777.847678040355,9999.387096774102,0.0,0.8756463019985541,1.134757525537504
1167480,3778.155199668639,9999.387096774102,0.0,0.8736072719858115,1.1347579998566089
1167540,3777.9766356673426,9999.387096774102,0.0,0.8747878582633627,1.134758135261044
1167600,3777.703064474447,9999.387096774102,0.0,0.8762363616059086,1.1347583336334361
1167660,3777.7647268920123,9999.387096774102,0.0,0.8758089963105251,1.1347585570853198
1167720,3777.6988751048507,9999.387096774102,0.0,0.8759564893208129,1.1347587961297236
1167780,3778.0007287339113,9999.387096774102,0.0,0.874367175504141,1.1347591446868404
1167840,3777.921273531163,9999.387096774102,0.0,0.8745665705389571,1.134759320639434
1167900,3777.6338435351954,9999.387096774102,0.0,0.876559604934867,1.1347594451964937
1167960,3777.9116949405698,9999.387096774102,0.0,0.8757648892897967,1.134759114860579
1168020,3777.8255370535385,9999.387096774102,0.0,0.876131572306224,1.1347587050956498
1168080,3778.3649918419233,9999.387096774102,0.0,0.8730866189718571,1.1347587218942157
1168140,3778.345843274182,9999.387096774102,0.0,0.874448203674843,1.1347579723913779
1168200,3778.1529792386023,9999.387096774102,0.0,0.8752011931400766,1.1347572290184718
1168260,3777.978604930729,9999.387096774102,0.0,0.8759132140767367,1.1347568018401992
1168320,3777.9845756839936,9999.387096774102,0.0,0.8759760139071228,1.1347564625927005
1168380,3778.283846899773,9999.387096774102,0.0,0.87380375041141,1.1347565638662707
1168440,3778.1562161260645,9999.387096774102,0.0,0.8746913730343496,1.13475647434381
1168500,3777.9902807727417,9999.387096774102,0.0,0.8754600614948919,1.1347565746613748
1168560,3777.937519555526,9999.387096774102,0.0,0.8756744183640915,1.1347566508637885
1168620,3777.7372836315812,9999.387096774102,0.0,0.8765998788585756,1.1347568061985027
1168680,3778.028687811275,9999.387096774102,0.0,0.8749094962433164,1.1347571325911634
1168740,3778.044043991535,9999.387096774102,0.0,0.8744743674577604,1.1347573948917817
1168800,3777.955326699123,9999.387096774102,0.0,0.8750693900006807,1.134757648074362
1168860,3777.814766622974,9999.387096774102,0.0,0.8757402737519666,1.1347577866572764
1168920,3777.7664043096865,9999.387096774102,0.0,0.8756935216946603,1.1347580828104769
1168980,3777.8094304661377,9999.387096774102,0.0,0.875613631908337,1.1347582800035445
1169040,3778.110946097315,9999.387096774102,0.0,0.8736402221396339,1.13475872174719
1169100,3777.9378356482807,9999.387096774102,0.0,0.8747967284941789,1.1347588287132655
1169160,3777.6672331262657,9999.387096774102,0.0,0.8762426550674475,1.1347589907678008
1169220,3777.81499471274,9999.387096774102,0.0,0.875793053277608,1.134759052490579
1169280,3777.971681118193,9999.387096774102,0.0,0.8755820164097153,1.1347585964013012
1169340,3778.144089803495,9999.387096774102,0.0,0.8741523733966524,1.1347584546966611
1169400,3778.2078526095897,9999.387096774102,0.0,0.8748496256522218,1.1347581343022746
1169460,3778.1975498501124,9999.387096774102,0.0,0.8753177993503976,1.134757231080446
1169520,3777.885955166183,9999.387096774102,0.0,0.8768990545539959,1.1347566316804496
1169580,3778.1333357571534,9999.387096774102,0.0,0.875387814222739,1.1347563417041133
1169640,3778.115213582238,9999.387096774102,0.0,0.8750616962707994,1.134756177803134
1169700,3778.238190151789,9999.387096774102,0.0,0.8744598509861028,1.1347562225527195
1169760,3778.0487667897473,9999.387096774102,0.0,0.8752278142314921,1.1347561739410374
1169820,3777.8702563247743,9999.387096774102,0.0,0.8759409693811668,1.1347563032021546
1169880,3777.8812231796833,9999.387096774102,0.0,0.8759711266572033,1.134756417026669
1169940,3778.192954912899,9999.387096774102,0.0,0.8737944599273486,1.1347568471710843
1170000,3778.0743589848935,9999.387096774102,0.0,0.874655320382229,1.1347569937568664
1170060,3777.897892354785,9999.387096774102,0.0,0.8755116261909919,1.1347572496037046
1170120,3777.851623278169,9999.387096774102,0.0,0.8757119869752864,1.1347574431732639
1170180,3777.6725788451076,9999.387096774102,0.0,0.8765370924358455,1.134757677302309
1170240,3777.9655888244083,9999.387096774102,0.0,0.8748728706333568,1.134758046256228
1170300,3777.9863972044454,9999.387096774102,0.0,0.8744449945088111,1.1347583264536856
1170360,3777.8882478043465,9999.387096774102,0.0,0.8751078625045109,1.134758573740022
1170420,3777.752515759231,9999.387096774102,0.0,0.8757804088597445,1.134758700486278
1170480,3777.7160015780596,9999.387096774102,0.0,0.8756943068966573,1.134758974603233
1170540,3777.767743978476,9999.387096774102,0.0,0.8755734873030528,1.1347591462249715
1170600,3778.061874625579,9999.387096774102,0.0,0.8736761683137946,1.1347595454661288
1170660,3778.0160651292385,9999.387096774102,0.0,0.8750291929109492,1.134759391010177
1170720,3777.9536897226963,9999.387096774102,0.0,0.8755111787546701,1.1347588569964584
1170780,3777.684029934143,9999.387096774102,0.0,0.8769237546848364,1.1347585772152597
1170840,3778.3011281117647,9999.387096774102,0.0,0.8743355341079408,1.1347582643618863
1170900,3778.2058406704873,9999.387096774102,0.0,0.8750348032749208,1.1347574309802277
1170960,3778.2560589496784,9999.387096774102,0.0,0.8745548987894006,1.1347570508660005
1171020,3778.117334727338,9999.387096774102,0.0,0.8753433343580126,1.1347566088313912
1171080,3777.822004195131,9999.387096774102,0.0,0.8768216098306832,1.134756381157126
1171140,3778.044911552097,9999.387096774102,0.0,0.8753878053088318,1.1347564192457424
1171200,3778.0522565823835,9999.387096774102,0.0,0.8749498764902361,1.1347565182930044
1171260,3778.159872611929,9999.387096774102,0.0,0.8744853823185837,1.1347567284532265
1171320,3777.974741917406,9999.387096774102,0.0,0.8752684392424688,1.134756795575985
1171380,3777.804944428213,9999.387096774102,0.0,0.875956390138423,1.1347570036616907
1171440,3777.8227978660843,9999.387096774102,0.0,0.875959411717524,1.1347571707233275
1171500,3778.1367809989133,9999.387096774102,0.0,0.8738076744710094,1.134757623225636
1171560,3778.0268636779915,9999.387096774102,0.0,0.8746302440191284,1.1347577804513411
1171620,3777.8443159609965,9999.387096774102,0.0,0.8755416360020057,1.1347580229598153
1171680,3777.801556467259,9999.387096774102,0.0,0.8757391723071253,1.134758201166706
1171740,3777.6379176925166,9999.387096774102,0.0,0.8764906835962292,1.1347584142439993
1171800,3777.9308112630815,9999.387096774102,0.0,0.8748494332339443,1.1347587531661174
1171860,3777.9559132763675,9999.387096774102,0.0,0.8744249486053026,1.1347589999379257
1171920,3777.810873013385,9999.387096774102,0.0,0.8757557748091652,1.1347591742593193
1171980,3777.9527842639777,9999.387096774102,0.0,0.875685412377615,1.1347587723498087
1172040,3777.805823336105,9999.387096774102,0.0,0.876378784956196,1.1347583546459357
1172100,3778.2708646564984,9999.387096774102,0.0,0.8736834629427006,1.134758327928198
1172160,3778.393845272882,9999.387096774102,0.0,0.8743270653393913,1.1347576039595322
1172220,3778.244980553701,9999.387096774102,0.0,0.874744177222568,1.1347569130382906
1172280,3778.028455434759,9999.387096774102,0.0,0.8758191962537034,1.1347564724495116
1172340,3777.993122694667,9999.387096774102,0.0,0.8760221889093787,1.134756132039077
1172400,3778.1705491317957,9999.387096774102,0.0,0.8745121557919104,1.134756195680592
1172460,3778.114203111423,9999.387096774102,0.0,0.874988535545083,1.134756147699639
1172520,3778.1423261023556,9999.387096774102,0.0,0.8746058679766127,1.1347563546569481
1172580,3778.001140677417,9999.387096774102,0.0,0.8753960221416606,1.1347564084644624
1172640,3777.7253342720173,9999.387096774102,0.0,0.8767925444693867,1.1347565559405606
1172700,3777.9580658085133,9999.387096774102,0.0,0.8753615824000223,1.1347568602920246
1172760,3777.9806771733824,9999.387096774102,0.0,0.8748735932591416,1.1347571492992403
1172820,3778.0726167810485,9999.387096774102,0.0,0.8745182036873858,1.1347574831556149
1172880,3777.8917559519355,9999.387096774102,0.0,0.8753184397530621,1.1347576377197799
1172940,3777.7335591386786,9999.387096774102,0.0,0.8759697741322181,1.1347578997991012
1173000,3777.7596653105584,9999.387096774102,0.0,0.8759415564703331,1.1347580976264118
1173060,3778.0758644378925,9999.387096774102,0.0,0.8738165433529689,1.1347585535094016
1173120,3777.973478678746,9999.387096774102,0.0,0.8746080096576355,1.1347587057676136
1173180,3777.7843732925053,9999.387096774102,0.0,0.8755792774612258,1.1347589215711256
1173240,3777.746174670248,9999.387096774102,0.0,0.8757689997158302,1.1347590738128113
1173300,3777.59973303226,9999.387096774102,0.0,0.876438209758898,1.1347592567030602
1173360,3778.2158345878215,9999.387096774102,0.0,0.8733844001024552,1.1347595792379481
1173420,3778.1479044354382,9999.387096774102,0.0,0.8745327930347236,1.1347590844113065
1173480,3778.0037216068254,9999.387096774102,0.0,0.8750341645991117,1.1347587477033143
1173540,3777.7851176119534,9999.387096774102,0.0,0.8766350418359709,1.1347584058272546
1173600,3778.1082802755573,9999.387096774102,0.0,0.8757132183645516,1.1347576345483354
1173660,3778.053133341509,9999.387096774102,0.0,0.8756363671020697,1.1347570854975249
1173720,3778.3330188972973,9999.387096774102,0.0,0.8742278625550964,1.1347568311059004
1173780,3778.1645229526557,9999.387096774102,0.0,0.8747843928312657,1.1347565316665307
1173840,3777.9403203038405,9999.387096774102,0.0,0.8758479393365537,1.1347564313363467
1173900,3777.9033041994517,9999.387096774102,0.0,0.876055851194407,1.1347563794781115
1173960,3778.100101546672,9999.387096774102,0.0,0.8744949228429606,1.1347566486422953
1174020,3778.0542504608825,9999.387096774102,0.0,0.874932851475258,1.1347567397896965
1174080,3778.068478899172,9999.387096774102,0.0,0.874657799617803,1.1347570276064727
1174140,3777.932652357974,9999.387096774102,0.0,0.8754318321391577,1.1347571434822292
1174200,3777.671434104097,9999.387096774102,0.0,0.8767618300884958,1.1347573268690452
1174260,3777.906590804302,9999.387096774102,0.0,0.8753464993376736,1.1347576446190046
1174320,3777.941183805159,9999.387096774102,0.0,0.8748177452980581,1.1347579335301943
1174380,3778.0223491828524,9999.387096774102,0.0,0.8745385215905026,1.1347582478540887
1174440,3777.844060693143,9999.387096774102,0.0,0.8753524676862964,1.134758380410533
1174500,3777.6934963626495,9999.387096774102,0.0,0.8759815773858283,1.1347586146109803
1174560,3777.7254581206153,9999.387096774102,0.0,0.8759279743626532,1.1347587837713518
1174620,3778.0414300560574,9999.387096774102,0.0,0.8738327441397042,1.1347592013284944
1174680,3778.191147546436,9999.387096774102,0.0,0.8742848022693014,1.1347590889287846
1174740,3778.038120462975,9999.387096774102,0.0,0.8751206029658978,1.1347585459714227
1174800,3777.6905087495206,9999.387096774102,0.0,0.8771004242303538,1.1347582481869227
1174860,3778.193449773733,9999.387096774102,0.0,0.8750615566000485,1.1347578467412665
1174920,3778.150283233485,9999.387096774102,0.0,0.8754672027783063,1.134757035671843
1174980,3778.4002263818256,9999.387096774102,0.0,0.8737581960098376,1.134756752715383
1175040,3778.197129429603,9999.387096774102,0.0,0.8749967998487644,1.1347562988155426
1175100,3777.87947578054,9999.387096774102,0.0,0.8766128152623998,1.134756085484702
1175160,3778.010761858793,9999.387096774102,0.0,0.8756691850567656,1.134756091410259
1175220,3777.956187205433,9999.387096774102,0.0,0.8756258233713263,1.1347561896321077
1175280,3778.2229943948396,9999.387096774102,0.0,0.8742304084828121,1.134756466278289
1175340,3778.057782154371,9999.387096774102,0.0,0.8748218943985421,1.1347565803823212
1175400,3777.841454909317,9999.387096774102,0.0,0.8758832263428822,1.1347567796460916
1175460,3777.8142734023418,9999.387096774102,0.0,0.8760672386888159,1.1347569439272123
1175520,3778.0210341011784,9999.387096774102,0.0,0.8744905362299881,1.1347573632744674
1175580,3777.9879597335016,9999.387096774102,0.0,0.8748692531223192,1.1347575635840685
1175640,3777.9863457049646,9999.387096774102,0.0,0.8747201274851512,1.1347579048532683
1175700,3777.8574054392843,9999.387096774102,0.0,0.8754727695950664,1.134758058855294
1175760,3777.612444300132,9999.387096774102,0.0,0.8767281653103368,1.1347582581255837
1175820,3777.8505690642546,9999.387096774102,0.0,0.8753257396176882,1.1347585733776235
1175880,3777.8976736063414,9999.387096774102,0.0,0.8747560650151407,1.1347588486524174
1175940,3777.965961016598,9999.387096774102,0.0,0.8745653335573476,1.1347591307842733
1176000,3777.790656434505,9999.387096774102,0.0,0.8753930424988409,1.1347592312467774
1176060,3777.5393879417074,9999.387096774102,0.0,0.8768719067468848,1.1347593965843517
1176120,3778.00962522529,9999.387096774102,0.0,0.8751936552558338,1.134759203852557
1176180,3777.977436438114,9999.387096774102,0.0,0.8752285451512245,1.1347587946572701
1176240,3778.197383732258,9999.387096774102,0.0,0.8741595367260465,1.134758712137037
1176300,3778.1574900202377,9999.387096774102,0.0,0.8753632999470303,1.134757993671201
1176360,3778.037536278827,9999.387096774102,0.0,0.8759364520079553,1.134757217198952
1176420,3778.097696229256,9999.387096774102,0.0,0.8751692702567544,1.134756875812595
1176480,3778.085064986387,9999.387096774102,0.0,0.8754209758655624,1.134756524869066
1176540,3778.3037081906946,9999.387096774102,0.0,0.8738355114537649,1.1347565849622523
1176600,3778.105033672338,9999.387096774102,0.0,0.8750261421131124,1.1347564509506514
1176660,3777.7956491639093,9999.387096774102,0.0,0.8766280588930352,1.134756470661224
1176720,3777.938465259898,9999.387096774102,0.0,0.8756698817515859,1.1347566350702367
1176780,3777.901266979384,9999.387096774102,0.0,0.8755524329089738,1.1347568419937135
1176840,3778.1596050797402,9999.387096774102,0.0,0.8742261348434187,1.1347571849462965
1176900,3777.995199640437,9999.387096774102,0.0,0.8748495007620757,1.1347573394165136
1176960,3777.783467359198,9999.387096774102,0.0,0.8759065981889208,1.1347575572792474
1177020,3777.7617729174126,9999.387096774102,0.0,0.8760757557818032,1.1347577269516975
1177080,3777.974727230039,9999.387096774102,0.0,0.8744952924980666,1.1347581353453713
1177140,3777.9521470727555,9999.387096774102,0.0,0.8748226681669591,1.1347583217523125
1177200,3777.940040709779,9999.387096774102,0.0,0.8747568851925493,1.1347586290272367
1177260,3777.8145609298726,9999.387096774102,0.0,0.8755016461540651,1.1347587539850943
1177320,3777.5816752279725,9999.387096774102,0.0,0.8767003872987246,1.1347589211667761
1177380,3778.0795327712985,9999.387096774102,0.0,0.8742391070327068,1.1347591723557309
1177440,3778.1087458004004,9999.387096774102,0.0,0.8748394600104202,1.1347587027550319
1177500,3778.116545130711,9999.387096774102,0.0,0.874432004052056,1.1347584597777225
1177560,3777.8766919676837,9999.387096774102,0.0,0.8764004936738136,1.1347580896915144
1177620,3778.124988172268,9999.387096774102,0.0,0.875743762696488,1.1347572680525553
1177680,3777.966428173568,9999.387096774102,0.0,0.876326267488163,1.1347566956581696
1177740,3778.2876177333424,9999.387096774102,0.0,0.8745647149185719,1.134756449962631
1177800,3778.218428087963,9999.387096774102,0.0,0.8745272997065763,1.1347562282548789
1177860,3778.0399851161364,9999.387096774102,0.0,0.8754591371576536,1.1347561550850345
1177920,3777.9403194735087,9999.387096774102,0.0,0.8759168002027875,1.1347561019299428
1177980,3777.988587134138,9999.387096774102,0.0,0.8752042737719412,1.1347563251389223
1178040,3777.9915582550125,9999.387096774102,0.0,0.8753530566999379,1.1347564439858482
1178100,3778.1975341772645,9999.387096774102,0.0,0.8739075395000034,1.1347568336893705
1178160,3778.0092761407345,9999.387096774102,0.0,0.8750623235304152,1.1347569439973062
1178220,3777.7107743378147,9999.387096774102,0.0,0.8766244238733248,1.1347571345069947
1178280,3777.8583683492807,9999.387096774102,0.0,0.8756705752452044,1.134757420162683
1178340,3777.84158413389,9999.387096774102,0.0,0.8754642994380665,1.134757709650794
1178400,3778.089789815289,9999.387096774102,0.0,0.8742243613878674,1.1347580927642211
1178460,3777.9258010689923,9999.387096774102,0.0,0.8748843866887399,1.1347582652666106
1178520,3777.7194400508183,9999.387096774102,0.0,0.875932264568405,1.1347584841661371
1178580,3777.7042357115015,9999.387096774102,0.0,0.8760823249485243,1.1347586453012435
1178640,3777.924813424835,9999.387096774102,0.0,0.8744924191344464,1.1347590307034028
1178700,3777.9126196760335,9999.387096774102,0.0,0.8747707527123916,1.1347591926221223
1178760,3777.887864989902,9999.387096774102,0.0,0.8748022444129115,1.1347594554193592
1178820,3777.7784800630416,9999.387096774102,0.0,0.876102140972644,1.1347593470670616
1178880,3777.891236490814,9999.387096774102,0.0,0.8758982920513801,1.134758858191908
1178940,3777.8754761953096,9999.387096774102,0.0,0.8756360776623101,1.134758659300053
1179000,3778.4844228204897,9999.387096774102,0.0,0.873351724095375,1.1347584457776716
1179060,3778.2728031436563,9999.387096774102,0.0,0.8747219840323778,1.1347575292392478
1179120,3777.997568205174,9999.387096774102,0.0,0.8761454740311598,1.1347569804414894
1179180,3778.05061242937,9999.387096774102,0.0,0.8757243904891838,1.1347566056708696
1179240,3777.895033402729,9999.387096774102,0.0,0.8763113156839207,1.1347564083261947
1179300,3778.2018243521234,9999.387096774102,0.0,0.8745460169185433,1.1347564975397622
1179360,3778.140582637437,9999.387096774102,0.0,0.8745096119267481,1.1347565405486342
1179420,3777.9590842764374,9999.387096774102,0.0,0.8754995317515211,1.1347566445608657
1179480,3777.867148229999,9999.387096774102,0.0,0.8759460123699876,1.134756714711215
1179540,3777.9256040475125,9999.387096774102,0.0,0.8752070463570476,1.134757020318967
1179600,3777.9392199495896,9999.387096774102,0.0,0.8753032371141942,1.1347571968264383
1179660,3778.1342484730794,9999.387096774102,0.0,0.8739564654095651,1.1347576053079131
1179720,3777.952072120055,9999.387096774102,0.0,0.8750881271553801,1.134757726533555
1179780,3777.662220363412,9999.387096774102,0.0,0.8766166850057097,1.134757911366994
1179840,3777.812215701151,9999.387096774102,0.0,0.8756725399354983,1.1347581818818915
1179900,3777.809941871811,9999.387096774102,0.0,0.875403959726188,1.1347584509715476
1179960,3778.050705307404,9999.387096774102,0.0,0.8742234552808446,1.1347588010413217
1180020,3777.887346032017,9999.387096774102,0.0,0.8749075974809415,1.1347589392368196
1180080,3777.568349997279,9999.387096774102,0.0,0.8769400163942375,1.1347590824613303
1180140,3777.95979070519,9999.387096774102,0.0,0.8756010032551198,1.1347588215472006
1180200,3777.90610822406,9999.387096774102,0.0,0.8757688143381096,1.1347584171723544
1180260,3778.357294849914,9999.387096774102,0.0,0.8733008468579507,1.1347584211444959
1180320,3778.289703317466,9999.387096774102,0.0,0.8748412504219573,1.1347576650012021
1180380,3778.1151786188407,9999.387096774102,0.0,0.8755830578465766,1.1347568931731467
1180440,3778.0286600823883,9999.387096774102,0.0,0.8756973164990808,1.1347565004873323
1180500,3778.0395170052666,9999.387096774102,0.0,0.8757823105518124,1.1347561644673616
1180560,3778.365550927084,9999.387096774102,0.0,0.8734916456953203,1.1347562860379243
1180620,3778.169561903126,9999.387096774102,0.0,0.8747388696597994,1.134756171656639
1180680,3777.8983985753734,9999.387096774102,0.0,0.876116186982474,1.134756231696241
1180740,3777.9366270654527,9999.387096774102,0.0,0.8757607223797884,1.1347563614278335
1180800,3777.8104755604886,9999.387096774102,0.0,0.876206506302228,1.1347565555267318
1180860,3778.118607168318,9999.387096774102,0.0,0.8744972795545038,1.1347569173152416
1180920,3778.055435973599,9999.387096774102,0.0,0.8745163105930067,1.1347571499182463
1180980,3777.870764366052,9999.387096774102,0.0,0.8755424864777505,1.134757386477316
1181040,3777.785429782456,9999.387096774102,0.0,0.8759812381591476,1.1347575509731334
1181100,3777.85796867019,9999.387096774102,0.0,0.8751997816187966,1.1347579142970157
1181160,3777.8824937339855,9999.387096774102,0.0,0.875245765801426,1.1347581252090835
1181220,3778.064274747197,9999.387096774102,0.0,0.8740121731842775,1.1347585320021192
1181280,3777.888238301991,9999.387096774102,0.0,0.8751205942182197,1.1347586487943895
1181340,3777.60824759746,9999.387096774102,0.0,0.8766104644910342,1.1347588151005763
1181400,3777.7617987132644,9999.387096774102,0.0,0.8756710044914273,1.1347590597658195
1181460,3777.7752318394914,9999.387096774102,0.0,0.8753353948906626,1.1347592989983273
1181520,3778.1647836177194,9999.387096774102,0.0,0.8737193330388022,1.1347596110926637
1181580,3778.0654607194324,9999.387096774102,0.0,0.8749923787243279,1.1347591038467193
1181640,3777.8362393685657,9999.387096774102,0.0,0.8760766767931921,1.134758686006714
1181700,3777.9026646960056,9999.387096774102,0.0,0.8757316566326733,1.1347584801907833
1181760,3778.2160652560956,9999.387096774102,0.0,0.8751309736477386,1.1347577613977096
1181820,3778.24499499014,9999.387096774102,0.0,0.874509359309327,1.134757206747322
1181880,3778.2011742213317,9999.387096774102,0.0,0.8748981692425,1.134756832119891
1181940,3778.0440630979083,9999.387096774102,0.0,0.8755633141882433,1.1347564787397009
1182000,3777.9408215200947,9999.387096774102,0.0,0.8757354907974999,1.1347564262718357
1182060,3777.9590641881646,9999.387096774102,0.0,0.875753732736426,1.1347563911765417
1182120,3778.286855342799,9999.387096774102,0.0,0.8735200927581315,1.1347567193162056
1182180,3778.0988850962435,9999.387096774102,0.0,0.8747419213480715,1.134756747747589
1182240,3777.828490267426,9999.387096774102,0.0,0.8761341574049191,1.1347568986179746
1182300,3777.8700790580183,9999.387096774102,0.0,0.8757819814034891,1.1347570924975978
1182360,3777.7628909904856,9999.387096774102,0.0,0.8761386163903071,1.1347573269400466
1182420,3778.069560077972,9999.387096774102,0.0,0.8744668603404558,1.1347577021706643
1182480,3778.006145091621,9999.387096774102,0.0,0.8745198269101818,1.134757931217036
1182540,3777.8199286873637,9999.387096774102,0.0,0.8755698255138868,1.1347581520518513
1182600,3777.738590113254,9999.387096774102,0.0,0.8760047880972734,1.1347582972057426
1182660,3777.819403535861,9999.387096774102,0.0,0.8752032066034964,1.1347586331077724
1182720,3777.852966818524,9999.387096774102,0.0,0.8752034453074801,1.1347588170382383
1182780,3778.0257073573985,9999.387096774102,0.0,0.8740475445773298,1.1347591818810345
1182840,3777.9062678924024,9999.387096774102,0.0,0.8756404234156147,1.1347590412816762
1182900,3777.93466222964,9999.387096774102,0.0,0.8757558866061286,1.1347585265008968
1182960,3777.767043208045,9999.387096774102,0.0,0.8764693703252104,1.1347582859898246
1183020,3778.4512617104606,9999.387096774102,0.0,0.8736520630379536,1.1347580425645283
1183080,3778.2817217924435,9999.387096774102,0.0,0.8747615380242308,1.1347571599789217
1183140,3778.1525156405396,9999.387096774102,0.0,0.8753346746925931,1.1347566906615212
1183200,3778.0956495821724,9999.387096774102,0.0,0.8755816484479757,1.1347562791767354
1183260,3777.850295230141,9999.387096774102,0.0,0.8767342789456899,1.1347560679258304
1183320,3778.130388726447,9999.387096774102,0.0,0.8750191968622992,1.134756146752751
1183380,3778.1388489871906,9999.387096774102,0.0,0.8745574851498948,1.1347562485090095
1183440,3778.0845475628803,9999.387096774102,0.0,0.8749467362488617,1.134756413084392
1183500,3777.9304988828812,9999.387096774102,0.0,0.8756325400825571,1.1347564884674275
1183560,3777.8491858225025,9999.387096774102,0.0,0.8757318358588748,1.1347567512498593
1183620,3777.878352771093,9999.387096774102,0.0,0.8757116053653745,1.1347569412719147
1183680,3778.1985868851216,9999.387096774102,0.0,0.8735662474260767,1.1347574176785453
1183740,3778.01937902539,9999.387096774102,0.0,0.8747506079261308,1.1347575572843858
1183800,3777.750104114926,9999.387096774102,0.0,0.8761616223500879,1.134757772500125
1183860,3777.7977825363982,9999.387096774102,0.0,0.8758022855572458,1.1347580066810685
1183920,3777.7109392054904,9999.387096774102,0.0,0.8760639744096532,1.1347582609400582
1183980,3778.0158587996557,9999.387096774102,0.0,0.8744315640567726,1.134758632989657
1184040,3777.9508630531427,9999.387096774102,0.0,0.8745285648970915,1.1347588438673828
1184100,3777.7630912066,9999.387096774102,0.0,0.8756026748496778,1.1347590369411635
1184160,3777.686807509089,9999.387096774102,0.0,0.8760298351843541,1.1347591529252372
1184220,3777.7252332431767,9999.387096774102,0.0,0.8756004219366663,1.1347594393096139
1184280,3778.210336000273,9999.387096774102,0.0,0.8741044230608687,1.1347593475157078
1184340,3778.094311563151,9999.387096774102,0.0,0.8746083662246614,1.1347588763776544
1184400,3777.867235423052,9999.387096774102,0.0,0.8760784210788651,1.1347586217304737
1184460,3778.049551424241,9999.387096774102,0.0,0.8758133884947309,1.1347580350182858
1184520,3778.0227045822317,9999.387096774102,0.0,0.8760542540084234,1.134757256757576
1184580,3778.350142362207,9999.387096774102,0.0,0.8737751720089676,1.1347570141370318
1184640,3778.211117601645,9999.387096774102,0.0,0.8747519788041628,1.1347566071183381
1184700,3778.074053001233,9999.387096774102,0.0,0.8753142653610744,1.1347564919982929
1184760,3778.000117203277,9999.387096774102,0.0,0.8756279173835049,1.1347564011209894
1184820,3777.7773629957883,9999.387096774102,0.0,0.8766747068374063,1.134756437701836
1184880,3778.0639222543323,9999.387096774102,0.0,0.8749840500744109,1.1347566797078739
1184940,3778.079110060584,9999.387096774102,0.0,0.8745216632502943,1.1347568907583052
1185000,3778.014502738408,9999.387096774102,0.0,0.8749809372204398,1.134757122347972
1185060,3777.8646692979605,9999.387096774102,0.0,0.8756731809986046,1.1347572435895554
1185120,3777.794717330573,9999.387096774102,0.0,0.8757374765009147,1.1347575291894316
1185180,3777.8321114389487,9999.387096774102,0.0,0.8756798725410635,1.1347577277633847
1185240,3778.146820676225,9999.387096774102,0.0,0.8736002872232074,1.1347581893511158
1185300,3777.9739470043523,9999.387096774102,0.0,0.8747566004746999,1.1347583136866923
1185360,3777.7066581998943,9999.387096774102,0.0,0.8761725946851883,1.1347585009772128
1185420,3777.7567164469788,9999.387096774102,0.0,0.8758182311941319,1.1347587058746822
1185480,3777.6845763688307,9999.387096774102,0.0,0.8760113479693958,1.1347589296541907
1185540,3778.288413695103,9999.387096774102,0.0,0.8731197812467734,1.134759298043001
1185600,3778.155064315181,9999.387096774102,0.0,0.8746250133533088,1.1347587779952517
1185660,3777.9392746926883,9999.387096774102,0.0,0.8755628993920855,1.134758393684614
1185720,3777.8190894579875,9999.387096774102,0.0,0.8764261627394163,1.1347581110772438
1185780,3778.169023533678,9999.387096774102,0.0,0.8755126578113285,1.1347573624582559
1185840,3778.1727827671107,9999.387096774102,0.0,0.875038759463387,1.1347568170683262
1185900,3778.3223850294353,9999.387096774102,0.0,0.8743905960103557,1.1347565202344434
1185960,3778.129768580633,9999.387096774102,0.0,0.8751356935589132,1.1347561892677662
1186020,3777.9309010973857,9999.387096774102,0.0,0.8759380423512183,1.1347561100246468
1186080,3777.931344226317,9999.387096774102,0.0,0.8759996504116899,1.1347560794263756
1186140,3778.232432236816,9999.387096774102,0.0,0.8738535970403253,1.1347564071127454
1186200,3778.1164670703456,9999.387096774102,0.0,0.8746914844556216,1.1347564847810814
1186260,3777.963851695359,9999.387096774102,0.0,0.8753911759641095,1.1347567100269838
1186320,3777.902697948643,9999.387096774102,0.0,0.8756682647053167,1.1347568725116652
1186380,3777.701815464361,9999.387096774102,0.0,0.8766118987012699,1.1347570907943214
1186440,3777.989903802668,9999.387096774102,0.0,0.8749471909588133,1.1347574572697037
1186500,3778.013222268913,9999.387096774102,0.0,0.8744800063488841,1.1347577503959976
1186560,3777.9369657795623,9999.387096774102,0.0,0.8750225433442216,1.1347580227710274
1186620,3777.792509914313,9999.387096774102,0.0,0.8757175741901981,1.1347581678292475
1186680,3777.735353630658,9999.387096774102,0.0,0.8757390968446445,1.1347584584703787
1186740,3777.7817528759965,9999.387096774102,0.0,0.8756407582088886,1.1347586513762025
1186800,3778.089825700372,9999.387096774102,0.0,0.8736363023567157,1.1347590848865363
1186860,3777.9227587563173,9999.387096774102,0.0,0.8747682704310646,1.1347591829137524
1186920,3777.6578376393304,9999.387096774102,0.0,0.8761886477642166,1.134759332741481
1186980,3777.7857749128875,9999.387096774102,0.0,0.8758554188956166,1.134759373658998
1187040,3777.945348685268,9999.387096774102,0.0,0.8756092125624743,1.1347589179458906
1187100,3778.1177353282465,9999.387096774102,0.0,0.8741895697969047,1.134758771415622
1187160,3778.2062349972625,9999.387096774102,0.0,0.8747488641353104,1.134758453083451
1187220,3778.178845134976,9999.387096774102,0.0,0.8752916259425182,1.1347575548975617
1187280,3777.8671835394107,9999.387096774102,0.0,0.8768832780072819,1.1347569578566477
1187340,3778.106438167579,9999.387096774102,0.0,0.8754229586940082,1.1347566608763928
1187400,3778.088678560078,9999.387096774102,0.0,0.8751082250180555,1.134756491072546
1187460,3778.228334477732,9999.387096774102,0.0,0.8744199323001526,1.1347565315129078
1187520,3778.0388390743174,9999.387096774102,0.0,0.8751890252559108,1.1347564733118527
1187580,3777.8546905604144,9999.387096774102,0.0,0.8759539509508527,1.1347565856794508
1187640,3777.864095832564,9999.387096774102,0.0,0.8759888208363672,1.1347566850264834
1187700,3778.1667232514387,9999.387096774102,0.0,0.8738697121313949,1.1347570950171408
1187760,3778.0617396340726,9999.387096774102,0.0,0.8746562169058183,1.1347572327985382
1187820,3777.9005243456877,9999.387096774102,0.0,0.8754290321450079,1.134757480040017
1187880,3777.844114865735,9999.387096774102,0.0,0.8756984517240626,1.1347576543862445
1187940,3777.6595693366216,9999.387096774102,0.0,0.8765642263849225,1.134757871592633
1188000,3777.9480086659905,9999.387096774102,0.0,0.8749226615192216,1.1347582227488369
1188060,3777.977060168996,9999.387096774102,0.0,0.8744528867963446,1.1347584931915375
1188120,3777.8935445833054,9999.387096774102,0.0,0.8750476314811177,1.134758731806709
1188180,3777.751979004476,9999.387096774102,0.0,0.8757479175655376,1.1347588450289747
1188240,3777.612106819201,9999.387096774102,0.0,0.8764533820057302,1.134759075549898
1188300,3778.1219906553924,9999.387096774102,0.0,0.8746964425288535,1.1347589415074482
1188360,3778.067831522014,9999.387096774102,0.0,0.8748356181944213,1.134758514238617
1188420,3778.0618021003756,9999.387096774102,0.0,0.8750798707079085,1.1347583538527117
1188480,3778.1091404190774,9999.387096774102,0.0,0.8756867599816782,1.1347576848289898
1188540,3778.0383981308905,9999.387096774102,0.0,0.8760792818257451,1.1347569011030878
1188600,3778.233378887325,9999.387096774102,0.0,0.8745192984551652,1.1347566105088693
1188660,3778.166201149858,9999.387096774102,0.0,0.8750855867139474,1.1347562418656318
1188720,3778.2275705844395,9999.387096774102,0.0,0.8744566747029169,1.1347562351257334
1188780,3778.0692679057784,9999.387096774102,0.0,0.875330895647596,1.1347561236350874
1188840,3777.7767566330294,9999.387096774102,0.0,0.8768137416335375,1.1347561549999825
1188900,3777.9994691969096,9999.387096774102,0.0,0.8754149578225213,1.1347563734695845
1188960,3778.0080205115323,9999.387096774102,0.0,0.8749885093231105,1.1347566064263719
1189020,3778.1298522344764,9999.387096774102,0.0,0.874450886416194,1.134756920934566
1189080,3777.9451114015933,9999.387096774102,0.0,0.875239603484116,1.1347570625996675
1189140,3777.77183255006,9999.387096774102,0.0,0.8759709897855967,1.1347573175437617
1189200,3777.789609098998,9999.387096774102,0.0,0.8759755176508982,1.1347575174597533
1189260,3778.096635262277,9999.387096774102,0.0,0.8738748531411905,1.134757984546414
1189320,3778.0006906954304,9999.387096774102,0.0,0.8746243227313968,1.134758157751794
1189380,3777.8304931248676,9999.387096774102,0.0,0.8754734346931426,1.134758406823791
1189440,3777.7794783179957,9999.387096774102,0.0,0.8757317439575002,1.1347585776771256
1189500,3777.6131164141957,9999.387096774102,0.0,0.8765108321874178,1.134758781038716
1189560,3777.9024155127386,9999.387096774102,0.0,0.8748914640064114,1.1347591057436661
1189620,3777.9364057990556,9999.387096774102,0.0,0.8744262681710028,1.1347593430937415
1189680,3777.811058915364,9999.387096774102,0.0,0.8756516750386986,1.1347595075956112
1189740,3777.9335384114743,9999.387096774102,0.0,0.8756746141036691,1.1347590970056083
1189800,3777.7845988732897,9999.387096774102,0.0,0.8763847957854883,1.1347586769181524
1189860,3778.2298277152768,9999.387096774102,0.0,0.8738051333315165,1.1347586349045935
1189920,3778.366759019704,9999.387096774102,0.0,0.8743423102183608,1.134757919943752
1189980,3778.228432205483,9999.387096774102,0.0,0.8747092372748332,1.1347572403865034
1190040,3778.0134945753357,9999.387096774102,0.0,0.8757986720059613,1.134756797901352
1190100,3777.9737791683283,9999.387096774102,0.0,0.8760208311628643,1.1347564517524773
1190160,3778.137885014568,9999.387096774102,0.0,0.8745980405969034,1.1347565003428424
1190220,3778.0924383145234,9999.387096774102,0.0,0.8750148540261842,1.1347564455625887
1190280,3778.139353243082,9999.387096774102,0.0,0.8745270720917624,1.1347566473882045
1190340,3777.9917519877945,9999.387096774102,0.0,0.8753676930596878,1.1347566849220487
1190400,3777.714036211118,9999.387096774102,0.0,0.8767828218923366,1.1347568169994011
1190460,3777.938380988504,9999.387096774102,0.0,0.875401947641894,1.134757101738296
1190520,3777.961267884592,9999.387096774102,0.0,0.8749224498648351,1.1347573761159195
1190580,3778.0713438550843,9999.387096774102,0.0,0.8744711733062172,1.1347577008531504
1190640,3777.88942948319,9999.387096774102,0.0,0.8752756905649078,1.1347578423928093
1190700,3777.7240731206557,9999.387096774102,0.0,0.8759845670263309,1.1347580858079647
1190760,3777.7479250434735,9999.387096774102,0.0,0.875964450946245,1.1347582688436946
1190820,3778.0560166405016,9999.387096774102,0.0,0.8738883972413201,1.13475870610555
1190880,3777.967749108845,9999.387096774102,0.0,0.8746020499640895,1.1347588517397789
1190940,3777.79254887344,9999.387096774102,0.0,0.8754966206200011,1.1347590608232092
1191000,3777.7658951708286,9999.387096774102,0.0,0.8761748054644783,1.13475902257864
1191060,3777.9231158119305,9999.387096774102,0.0,0.8758465302567966,1.134758552682342
1191120,3778.0172883347536,9999.387096774102,0.0,0.8748776688330884,1.1347583923952145
1191180,3778.418141621961,9999.387096774102,0.0,0.873801687694306,1.1347581499762138
1191240,3778.261447093235,9999.387096774102,0.0,0.8749386144127962,1.1347572197020568
1191300,3777.9340491317007,9999.387096774102,0.0,0.8766466706260181,1.1347566336932031
1191360,3778.081284618004,9999.387096774102,0.0,0.8756695044388709,1.134756299992163
1191420,3777.9952904988727,9999.387096774102,0.0,0.8757936004646225,1.134756126082394
1191480,3778.2778383637055,9999.387096774102,0.0,0.8742483818141161,1.1347562258835302
1191540,3778.121326238775,9999.387096774102,0.0,0.8747571206076402,1.134756220617614
1191600,3777.9022458591953,9999.387096774102,0.0,0.875835177599779,1.134756328672844
1191660,3777.8645739507792,9999.387096774102,0.0,0.8760551738361113,1.1347564262016718
1191720,3778.0495260323705,9999.387096774102,0.0,0.8745751304788189,1.134756800290218
1191780,3778.015841645597,9999.387096774102,0.0,0.8749481684753102,1.1347569786817582
1191840,3778.0454843785906,9999.387096774102,0.0,0.8745952076549651,1.1347573298704992
1191900,3777.9052309340827,9999.387096774102,0.0,0.8754113020149352,1.1347574824386064
1191960,3777.6441438031075,9999.387096774102,0.0,0.8767519643085787,1.1347576891617566
1192020,3777.8725378627955,9999.387096774102,0.0,0.8753822422088277,1.13475801592965
1192080,3777.9097577669145,9999.387096774102,0.0,0.8748526824975357,1.1347583102961971
1192140,3778.006095186671,9999.387096774102,0.0,0.8744978068890298,1.1347586273512387
1192200,3777.827343803951,9999.387096774102,0.0,0.8753186821620788,1.1347587547226128
1192260,3777.671433708362,9999.387096774102,0.0,0.8759972720166257,1.1347589749290348
1192320,3777.7023723781645,9999.387096774102,0.0,0.8759483556252481,1.1347591311932412
1192380,3778.0114929114875,9999.387096774102,0.0,0.8739006210708201,1.1347595294801218
1192440,3778.1810090809395,9999.387096774102,0.0,0.8742288083141974,1.1347594146287843
1192500,3778.0224278525156,9999.387096774102,0.0,0.875089531840309,1.1347588720298611
1192560,3777.6768105169795,9999.387096774102,0.0,0.8770704508204813,1.1347585682633197
1192620,3778.156660790178,9999.387096774102,0.0,0.8751390294577734,1.1347581564720728
1192680,3778.1222390153102,9999.387096774102,0.0,0.8754964340057897,1.1347573565711508
1192740,3778.3863447922986,9999.387096774102,0.0,0.8737097470203817,1.1347570794973276
1192800,3778.1821901738485,9999.387096774102,0.0,0.8749675710758623,1.134756622246545
1192860,3777.8684856483546,9999.387096774102,0.0,0.8765669917177528,1.134756403257271
1192920,3777.989558174486,9999.387096774102,0.0,0.8756907959014142,1.134756393967426
1192980,3777.931670675168,9999.387096774102,0.0,0.8756797082716179,1.1347564787708773
1193040,3778.2076203867273,9999.387096774102,0.0,0.8742316845041438,1.1347567437285724
1193100,3778.0502540830685,9999.387096774102,0.0,0.8747839068031522,1.1347568488278212
1193160,3777.834487659953,9999.387096774102,0.0,0.875862056629669,1.13475703200358
1193220,3777.802236068208,9999.387096774102,0.0,0.876069255095186,1.1347571800535592
1193280,3777.9955284639336,9999.387096774102,0.0,0.8745769764591753,1.13475757767558
1193340,3777.972770035477,9999.387096774102,0.0,0.8748977468749344,1.1347577670839222
1193400,3777.9908131097254,9999.387096774102,0.0,0.8746377040865492,1.1347581018817052
1193460,3777.854844680409,9999.387096774102,0.0,0.8754421068932206,1.1347582390024056
1193520,3777.6062132307716,9999.387096774102,0.0,0.8767252340147025,1.1347584229690344
1193580,3777.8358350252124,9999.387096774102,0.0,0.8753707900186745,1.1347587201578735
1193640,3777.883525344077,9999.387096774102,0.0,0.8748050755700931,1.1347589831529044
1193700,3778.028822688324,9999.387096774102,0.0,0.8745831352659288,1.134759243095776
1193760,3778.0191981874113,9999.387096774102,0.0,0.8753492077946098,1.1347587723598307
1193820,3777.8139313351985,9999.387096774102,0.0,0.8763341855616148,1.1347583500364817
1193880,3778.0676525811505,9999.387096774102,0.0,0.8748478306164201,1.1347582294470753
1193940,3778.3126226654094,9999.387096774102,0.0,0.8747435376474033,1.1347575112161068
1194000,3778.2865459179066,9999.387096774102,0.0,0.8744417575660507,1.134756908571502
1194060,3778.1233594696664,9999.387096774102,0.0,0.8753798490428277,1.1347564887450607
1194120,3778.019742892592,9999.387096774102,0.0,0.8758419092538245,1.1347561409403166
1194180,3778.0326807554175,9999.387096774102,0.0,0.8752896363571965,1.1347561425956294
1194240,3778.0324536634093,9999.387096774102,0.0,0.8754363117245866,1.1347561137921507
1194300,3778.2658099826476,9999.387096774102,0.0,0.8738006133595986,1.1347564148032108
1194360,3778.069600694405,9999.387096774102,0.0,0.8750021694606798,1.1347564492003455
1194420,3777.7648576969073,9999.387096774102,0.0,0.8765866138938958,1.1347565936910342
1194480,3777.8981761105297,9999.387096774102,0.0,0.8756924305556005,1.134756846216826
1194540,3777.861439389605,9999.387096774102,0.0,0.8755896531541765,1.134757119156884
1194600,3778.128126331905,9999.387096774102,0.0,0.874222639022311,1.1347575085412027
1194660,3777.9707061786007,9999.387096774102,0.0,0.8748177406299367,1.134757696123943
1194720,3777.75984133411,9999.387096774102,0.0,0.8758918518766233,1.1347579292160859
1194780,3777.7346214376175,9999.387096774102,0.0,0.8760805472871522,1.1347581056005702
1194840,3777.9371465366175,9999.387096774102,0.0,0.8745722048190513,1.134758508351784
1194900,3777.925417914728,9999.387096774102,0.0,0.8748413730859145,1.134758693981745
1194960,3777.929691538102,9999.387096774102,0.0,0.8746887415998845,1.1347589984108766
1195020,3777.7986705016942,9999.387096774102,0.0,0.8754784063816653,1.134759109404129
1195080,3777.564094293798,9999.387096774102,0.0,0.8766963043217045,1.1347592614611215
1195140,3778.0394743555717,9999.387096774102,0.0,0.8743540228864297,1.1347594895088573
1195200,3778.0821406817563,9999.387096774102,0.0,0.8748655030038125,1.1347590238436283
1195260,3778.10355635888,9999.387096774102,0.0,0.874389342663368,1.134758783664933
1195320,3777.870180167798,9999.387096774102,0.0,0.8763386202960344,1.1347584076705968
1195380,3778.1014681714337,9999.387096774102,0.0,0.8757440652481272,1.1347575890494446
1195440,3777.93876647469,9999.387096774102,0.0,0.8763647153713799,1.1347570181799569
1195500,3778.259333968401,9999.387096774102,0.0,0.8746046226360659,1.1347567682994235
1195560,3778.2012947896596,9999.387096774102,0.0,0.8745136272590218,1.1347565465596852
1195620,3778.032231223649,9999.387096774102,0.0,0.8754131855620899,1.1347564665460366
1195680,3777.926721917326,9999.387096774102,0.0,0.8758994109531199,1.1347564010123319
1195740,3777.9615066225037,9999.387096774102,0.0,0.8752772688453447,1.1347566045282085
1195800,3777.9714378746694,9999.387096774102,0.0,0.8753864375241572,1.134756711740382
1195860,3778.192637950967,9999.387096774102,0.0,0.8738548633395988,1.134757092423121
1195920,3778.0033650531436,9999.387096774102,0.0,0.8750274168215557,1.1347571878459364
1195980,3777.7067351972587,9999.387096774102,0.0,0.8765840384286466,1.1347573640511042
1196040,3777.8436089768898,9999.387096774102,0.0,0.8756965737866855,1.134757629502915
1196100,3777.822883748144,9999.387096774102,0.0,0.8755237813026754,1.1347579028502506
1196160,3778.082478455316,9999.387096774102,0.0,0.8742173270046736,1.1347582743952536
1196220,3777.9254049476167,9999.387096774102,0.0,0.8748407460040865,1.1347584379526032
1196280,3777.718099799861,9999.387096774102,0.0,0.8759115756536522,1.1347586415773188
1196340,3777.6972088414,9999.387096774102,0.0,0.8760878201191828,1.1347587881321017
1196400,3777.8826714291895,9999.387096774102,0.0,0.8747439750649156,1.1347591490139146
1196460,3778.282877290761,9999.387096774102,0.0,0.8738384889007618,1.134759078519751
1196520,3778.097782828566,9999.387096774102,0.0,0.8747413916483163,1.1347585571181282
1196580,3777.7678379240406,9999.387096774102,0.0,0.8767344193344043,1.1347582688003215
1196640,3778.0969581977392,9999.387096774102,0.0,0.8756292540216147,1.1347577612141795
1196700,3778.079094303937,9999.387096774102,0.0,0.8758668989013592,1.1347569696828457
1196760,3778.4470811187266,9999.387096774102,0.0,0.8733914816201086,1.1347567439094117
1196820,3778.2407938833226,9999.387096774102,0.0,0.8747277585157087,1.1347563026453418
1196880,3777.982136187416,9999.387096774102,0.0,0.8759968399904263,1.134756131216069
1196940,3777.9971947575464,9999.387096774102,0.0,0.8757419470851882,1.1347560870515507
1197000,3777.846744621775,9999.387096774102,0.0,0.8763182447139349,1.1347561578200376
1197060,3778.1560604756005,9999.387096774102,0.0,0.8745718732726947,1.1347564349819768
1197120,3778.1044625499744,9999.387096774102,0.0,0.8744965098474962,1.134756620509946
1197180,3777.930385999965,9999.387096774102,0.0,0.8754635020157002,1.1347568289945513
1197240,3777.8339096369295,9999.387096774102,0.0,0.8759370228368817,1.1347569739825514
1197300,3777.8828119568293,9999.387096774102,0.0,0.875271805026571,1.1347573262070425
1197360,3777.9042240947506,9999.387096774102,0.0,0.8753276370399522,1.1347575397718797
1197420,3778.1121836660313,9999.387096774102,0.0,0.8739145977676321,1.1347579731380983
1197480,3777.930118544762,9999.387096774102,0.0,0.8750594924408831,1.1347581053906333
1197540,3777.642866660189,9999.387096774102,0.0,0.8765822765049514,1.1347582933669504
1197600,3777.7840292083583,9999.387096774102,0.0,0.8756977206170888,1.1347585561288858
1197660,3777.780679150837,9999.387096774102,0.0,0.8754493655840494,1.1347588167592648
1197720,3778.0315326559776,9999.387096774102,0.0,0.874214169046604,1.1347591582183745
1197780,3777.8743953581675,9999.387096774102,0.0,0.8748707052010386,1.1347592873373893
1197840,3777.5588243349857,9999.387096774102,0.0,0.8768989905917475,1.1347594143376503
1197900,3777.9321376146195,9999.387096774102,0.0,0.8756349414085725,1.1347591425184216
1197960,3777.8800998785946,9999.387096774102,0.0,0.8758020740077191,1.134758737548426
1198020,3778.3427971350466,9999.387096774102,0.0,0.8732646171281594,1.1347587379635093
1198080,3778.2755430978336,9999.387096774102,0.0,0.874795163730388,1.134757985460527
1198140,3778.098006792571,9999.387096774102,0.0,0.8755515724720331,1.1347572203320628
1198200,3778.0015241745273,9999.387096774102,0.0,0.8757421413107713,1.1347568218947501
1198260,3778.015645287693,9999.387096774102,0.0,0.8758062168002352,1.1347564825201626
1198320,3778.3442436857736,9999.387096774102,0.0,0.8735058751284023,1.1347565956799137
1198380,3778.155974207078,9999.387096774102,0.0,0.8747181402939064,1.134756474439216
1198440,3777.8941545865573,9999.387096774102,0.0,0.876046610834291,1.1347565257472725
1198500,3777.9214679287143,9999.387096774102,0.0,0.8757643029904775,1.1347566367685435
1198560,3777.790348113332,9999.387096774102,0.0,0.876250258953108,1.134756814358825
1198620,3778.0980439725845,9999.387096774102,0.0,0.8745394352199535,1.1347571592028465
1198680,3778.047422007538,9999.387096774102,0.0,0.8744943070859882,1.1347573834560847
1198740,3777.8705648815344,9999.387096774102,0.0,0.8754946455434209,1.1347576067560459
1198800,3777.7786674950353,9999.387096774102,0.0,0.8759647103589325,1.134757755214397
1198860,3777.8370518106135,9999.387096774102,0.0,0.8752744476314201,1.1347580972212243
1198920,3777.8677861383376,9999.387096774102,0.0,0.875284023653275,1.1347582961083016
1198980,3778.0663808449654,9999.387096774102,0.0,0.8739537265684242,1.1347586956701905
1199040,3777.88880184883,9999.387096774102,0.0,0.8750813829440418,1.1347587991727595
1199100,3777.609001131404,9999.387096774102,0.0,0.8765746413295725,1.134758952888385
1199160,3777.9038707333443,9999.387096774102,0.0,0.8752478668103091,1.134759092926638
1199220,3778.024169895342,9999.387096774102,0.0,0.8752944884024859,1.1347586372056193
1199280,3778.168385392998,9999.387096774102,0.0,0.8740584967950169,1.1347584734699823
1199340,3778.051759085779,9999.387096774102,0.0,0.8756056799342357,1.1347581132352003
1199400,3778.157044498998,9999.387096774102,0.0,0.875554540243405,1.1347572411886113
1199460,3777.8957342484027,9999.387096774102,0.0,0.8768047745398584,1.1347566481092566
1199520,3778.1913740927343,9999.387096774102,0.0,0.875075113058549,1.1347563823728033
1199580,3778.1849203880124,9999.387096774102,0.0,0.8746647461027108,1.1347562099610131
1199640,3778.161527812595,9999.387096774102,0.0,0.8748526071556839,1.134756198406074
1199700,3777.9965568596263,9999.387096774102,0.0,0.8755593737161024,1.1347561405679356
1199760,3777.8938849768315,9999.387096774102,0.0,0.8757686395191246,1.1347563022329217
1199820,3777.9167804320705,9999.387096774102,0.0,0.8757722345457305,1.1347564227761495
1199880,3778.2462968247487,9999.387096774102,0.0,0.8735365003669657,1.1347568645376673
1199940,3778.0667068903035,9999.387096774102,0.0,0.8747211551757196,1.134756982306498
1200000,3777.8042975469903,9999.387096774102,0.0,0.8760781700626743,1.13475719593767
1200060,3777.8374736062024,9999.387096774102,0.0,0.875789397721179,1.1347574259569682
1200120,3777.7285576119516,9999.387096774102,0.0,0.8761710712922673,1.1347576843921678
1200180,3778.035299121213,9999.387096774102,0.0,0.8745004014125058,1.1347580718363912
1200240,3777.983842931915,9999.387096774102,0.0,0.87449820496051,1.1347583121265843
1200300,3777.804123493994,9999.387096774102,0.0,0.8755313416007895,1.1347585326287783
1200360,3777.7177361877953,9999.387096774102,0.0,0.8759944988015474,1.1347586706737895
1200420,3777.787489974409,9999.387096774102,0.0,0.8752703341893571,1.1347589907012108
1200480,3777.827990707408,9999.387096774102,0.0,0.875232612300082,1.134759164666367
1200540,3778.015084793262,9999.387096774102,0.0,0.8739996090514043,1.1347595200866394
1200600,3777.8987892196415,9999.387096774102,0.0,0.8755809061782213,1.1347593687353366
1200660,3777.9158112740265,9999.387096774102,0.0,0.8757425364583079,1.1347588515067784
1200720,3777.7407398619202,9999.387096774102,0.0,0.8765164000792509,1.1347586022917315
1200780,3778.410970380782,9999.387096774102,0.0,0.8737427749757909,1.134758348551553
1200840,3778.2561541605737,9999.387096774102,0.0,0.8747729869264211,1.1347574812444818
1200900,3778.144738159395,9999.387096774102,0.0,0.8752501445542384,1.13475702071889
1200960,3778.0781779652616,9999.387096774102,0.0,0.8755667624835615,1.1347566021521265
1201020,3777.830074072893,9999.387096774102,0.0,0.8767455909589968,1.1347563827949565
1201080,3778.104799582608,9999.387096774102,0.0,0.8750628126985109,1.1347564480086696
1201140,3778.1185661479094,9999.387096774102,0.0,0.8745794577500123,1.134756540403236
1201200,3778.080775701306,9999.387096774102,0.0,0.8748913983451134,1.1347566970574317
1201260,3777.922059702735,9999.387096774102,0.0,0.8756001188852723,1.1347567582472342
1201320,3777.8299801167095,9999.387096774102,0.0,0.875776857854353,1.1347570006549053
1201380,3777.861219387425,9999.387096774102,0.0,0.8757422898322574,1.1347571763213364
1201440,3778.186435342823,9999.387096774102,0.0,0.8735700247757877,1.1347576384706057
1201500,3778.0140846265904,9999.387096774102,0.0,0.8747232620384601,1.134757766794319
1201560,3777.7524202278946,9999.387096774102,0.0,0.8760943192200794,1.1347579705993176
1201620,3777.7886622867127,9999.387096774102,0.0,0.8758081980776913,1.1347581853548332
1201680,3777.695697170567,9999.387096774102,0.0,0.8761149901205492,1.134758423343413
1201740,3778.000803125061,9999.387096774102,0.0,0.8744750781957442,1.1347587802060228
1201800,3777.949404851208,9999.387096774102,0.0,0.8745002252319268,1.1347589854657538
1201860,3777.6819255282353,9999.387096774102,0.0,0.8764191182678356,1.1347591289259287
1201920,3777.9347348254432,9999.387096774102,0.0,0.8757637075069566,1.1347587837429198
1201980,3777.8318139522157,9999.387096774102,0.0,0.8762177730374286,1.1347583728735717
1202040,3778.376736354154,9999.387096774102,0.0,0.8731160205551438,1.1347583932596665
1202100,3778.3843434822506,9999.387096774102,0.0,0.8743754122888172,1.134757643257654
1202160,3778.1930720842233,9999.387096774102,0.0,0.8750844334316973,1.1347569054193936
1202220,3778.000630020054,9999.387096774102,0.0,0.8759169038151903,1.1347564738326292
1202280,3777.9984673148933,9999.387096774102,0.0,0.8760045229446672,1.134756138156727
1202340,3778.2747743652244,9999.387096774102,0.0,0.8739439032677695,1.134756240046367
1202400,3778.1618664403295,9999.387096774102,0.0,0.8747439896140262,1.1347561686043892
1202460,3778.037114588598,9999.387096774102,0.0,0.8752666054695524,1.134756302870142
1202520,3777.9618609703157,9999.387096774102,0.0,0.8756186323532625,1.1347563834260865
1202580,3777.7387043750036,9999.387096774102,0.0,0.8766820425228649,1.1347565464936908
1202640,3778.0204550955905,9999.387096774102,0.0,0.8750212801810329,1.134756880780372
1202700,3778.043106668781,9999.387096774102,0.0,0.8745311698972348,1.1347571636357336
1202760,3777.991681799741,9999.387096774102,0.0,0.8749356558395632,1.134757445959315
1202820,3777.8386070721967,9999.387096774102,0.0,0.875649822854625,1.1347575975880022
1202880,3777.7606324240387,9999.387096774102,0.0,0.8757793951584485,1.1347578960468212
1202940,3777.8012159290074,9999.387096774102,0.0,0.8757047426519768,1.1347581040842463
1203000,3778.120743831342,9999.387096774102,0.0,0.8736055046521489,1.1347585668614084
1203060,3777.955055991184,9999.387096774102,0.0,0.8747309721704141,1.1347586902644433
1203120,3777.694478352861,9999.387096774102,0.0,0.8761160651549413,1.1347588711412446
1203180,3777.7349673180606,9999.387096774102,0.0,0.8758270991134446,1.1347590600237178
1203240,3777.6596409168455,9999.387096774102,0.0,0.8760510618472196,1.1347592683508878
1203300,3778.2663855256833,9999.387096774102,0.0,0.8731293528779439,1.134759620957836
1203360,3778.137806330805,9999.387096774102,0.0,0.8746001918226787,1.1347591031159472
1203420,3777.9273109347882,9999.387096774102,0.0,0.8755140622163927,1.1347587190779649
1203480,3777.7948435201497,9999.387096774102,0.0,0.8764664356237142,1.1347584241706852
1203540,3778.139833113154,9999.387096774102,0.0,0.8755429331628809,1.1347576798806431
1203600,3778.142862714752,9999.387096774102,0.0,0.875087858658015,1.1347571383785426
1203660,3778.308592244963,9999.387096774102,0.0,0.8743557361392738,1.1347568446541891
1203720,3778.1165303543885,9999.387096774102,0.0,0.8750991999023067,1.1347565105439845
1203780,3777.9135798047846,9999.387096774102,0.0,0.8759458981335032,1.1347564193282849
1203840,3777.9122020340183,9999.387096774102,0.0,0.8760140185037109,1.1347563770708098
1203900,3778.203144976906,9999.387096774102,0.0,0.8739328380439483,1.1347566860203893
1203960,3778.1001954242465,9999.387096774102,0.0,0.8746995049932389,1.1347567554537716
1204020,3777.9642537087875,9999.387096774102,0.0,0.8753080595004744,1.1347569731032596
1204080,3777.89343914467,9999.387096774102,0.0,0.8756525920399509,1.1347571165472952
1204140,3777.687726545064,9999.387096774102,0.0,0.8766332463039839,1.1347573177659118
1204200,3777.970685956164,9999.387096774102,0.0,0.8749956026207126,1.1347576656190341
1204260,3778.0007285596985,9999.387096774102,0.0,0.874495782322109,1.1347579473818608
1204320,3777.940357722708,9999.387096774102,0.0,0.8749631597402575,1.1347582106730847
1204380,3777.790566107544,9999.387096774102,0.0,0.8756836053744684,1.1347583414566944
1204440,3777.7215077364604,9999.387096774102,0.0,0.8757863108800251,1.1347586125851892
1204500,3777.7692803310615,9999.387096774102,0.0,0.8756769212901445,1.1347587927298075
1204560,3778.0840842989537,9999.387096774102,0.0,0.8736334240140662,1.1347592152876222
1204620,3778.0751286907407,9999.387096774102,0.0,0.8748469755431496,1.1347590728324564
1204680,3777.9898001680413,9999.387096774102,0.0,0.8754179740724076,1.1347585351298892
1204740,3777.6914169934025,9999.387096774102,0.0,0.8770213213580987,1.1347582526536943
1204800,3778.294334229489,9999.387096774102,0.0,0.8744998171740331,1.134757922232977
1204860,3778.208845932153,9999.387096774102,0.0,0.8751430837082539,1.1347570877831283
1204920,3778.310248895394,9999.387096774102,0.0,0.8743452566765137,1.1347567331942696
1204980,3778.1519487146843,9999.387096774102,0.0,0.8752593752653245,1.1347562892575203
1205040,3777.8435640478547,9999.387096774102,0.0,0.8768127006315094,1.1347560681810327
1205100,3778.047573375923,9999.387096774102,0.0,0.8754680670535172,1.134756107682994
1205160,3778.0417531856137,9999.387096774102,0.0,0.8751051651402769,1.1347562170360599
1205220,3778.1931972252146,9999.387096774102,0.0,0.8743893704726352,1.1347564566823571
1205280,3778.005453793973,9999.387096774102,0.0,0.8751589889980883,1.1347565426363693
1205340,3777.8177005023153,9999.387096774102,0.0,0.8759654086360701,1.1347567580435172
1205400,3777.8265766194254,9999.387096774102,0.0,0.876003080270635,1.1347569357030376
1205460,3778.122084054896,9999.387096774102,0.0,0.8739389471652362,1.1347573949563012
1205520,3778.030701989963,9999.387096774102,0.0,0.8746551582016365,1.1347575745185985
1205580,3777.88280607143,9999.387096774102,0.0,0.8753608587637155,1.1347578486452088
1205640,3777.8186197190626,9999.387096774102,0.0,0.8756894641059951,1.134758031131069
1205700,3777.632047248352,9999.387096774102,0.0,0.8765793586983227,1.1347582503206899
1205760,3777.916502556196,9999.387096774102,0.0,0.8749635275304523,1.1347585955853368
1205820,3777.953378193279,9999.387096774102,0.0,0.8744600352899442,1.1347588621416624
1205880,3777.882773112389,9999.387096774102,0.0,0.8749977870303668,1.1347590939837666
1205940,3777.7370435442276,9999.387096774102,0.0,0.8757223419041564,1.1347591939848631
1206000,3777.587135079228,9999.387096774102,0.0,0.8765041904517323,1.1347594039632132
1206060,3778.0886580527304,9999.387096774102,0.0,0.8747579680322272,1.1347592593789992
1206120,3778.0429651878603,9999.387096774102,0.0,0.8748587482134327,1.134758835217311
1206180,3778.059588937331,9999.387096774102,0.0,0.8749747260697159,1.134758676442127
1206240,3778.0910269567653,9999.387096774102,0.0,0.8756666653243333,1.1347580032774374
1206300,3778.0163342738088,9999.387096774102,0.0,0.8760759437772343,1.1347572257639982
1206360,3778.1972632430397,9999.387096774102,0.0,0.874608152496245,1.1347569283202183
1206420,3778.141607909841,9999.387096774102,0.0,0.8751113996319756,1.1347565598861376
1206480,3778.2208832366923,9999.387096774102,0.0,0.8743827971807556,1.1347565525712375
1206540,3778.0572395359795,9999.387096774102,0.0,0.8753024448157681,1.1347564285404568
1206600,3777.763886682547,9999.387096774102,0.0,0.8767979427805973,1.1347564470309124
1206660,3777.9779582729484,9999.387096774102,0.0,0.8754522224853686,1.1347566471059023
1206720,3777.9861990063914,9999.387096774102,0.0,0.8750389523092377,1.134756865786621
1206780,3778.125407405997,9999.387096774102,0.0,0.874409053895649,1.1347571708813036
1206840,3777.9405999091778,9999.387096774102,0.0,0.8751975759699799,1.1347572996656208
1206900,3777.7612992741956,9999.387096774102,0.0,0.875981142767708,1.1347575357994493
1206960,3777.776612554151,9999.387096774102,0.0,0.8759949378001618,1.1347577201773282
1207020,3778.074413101152,9999.387096774102,0.0,0.8739507638146442,1.1347581673531708
1207080,3777.992042203305,9999.387096774102,0.0,0.8746251572119095,1.134758332514737
1207140,3777.8371934283423,9999.387096774102,0.0,0.8753896296499378,1.1347585743988058
1207200,3777.7759531100605,9999.387096774102,0.0,0.8757161658515012,1.1347587277164668
1207260,3777.6033611122057,9999.387096774102,0.0,0.8765391046071056,1.1347589157964246
1207320,3778.2067372701144,9999.387096774102,0.0,0.8735382457932835,1.1347592356846175
1207380,3778.1594450983066,9999.387096774102,0.0,0.8745811293342843,1.1347587470279277
1207440,3778.047660741838,9999.387096774102,0.0,0.874879249217102,1.134758434712521
1207500,3777.8117653965282,9999.387096774102,0.0,0.8766344015778657,1.134758086931361
1207560,3778.1274666433596,9999.387096774102,0.0,0.8757355185264788,1.1347572990536852
1207620,3778.0454506983256,9999.387096774102,0.0,0.8758206081446963,1.1347567421845928
1207680,3778.3463624874385,9999.387096774102,0.0,0.8742641202217672,1.1347564966216823
1207740,3778.1952539994613,9999.387096774102,0.0,0.8747026385680802,1.1347562186155564
1207800,3777.9729610988215,9999.387096774102,0.0,0.8757775195812889,1.134756129121754
1207860,3777.9218776160915,9999.387096774102,0.0,0.8760392430965577,1.134756085252442
1207920,3778.0853864007863,9999.387096774102,0.0,0.8746569646561178,1.1347563550350723
1207980,3778.0499327851157,9999.387096774102,0.0,0.8750323324057958,1.1347564630771692
1208040,3778.1115739652264,9999.387096774102,0.0,0.8744661064127076,1.1347567881638883
1208100,3777.9595250048633,9999.387096774102,0.0,0.8753474505878146,1.1347569122057266
1208160,3777.6829506176173,9999.387096774102,0.0,0.8767683928763522,1.134757106531776
1208220,3777.9007618505516,9999.387096774102,0.0,0.8754350122870516,1.1347574293077818
1208280,3777.925862321806,9999.387096774102,0.0,0.8749585714358542,1.134757730934792
1208340,3778.050510557141,9999.387096774102,0.0,0.8744346787353791,1.134758074951621
1208400,3777.8690132847996,9999.387096774102,0.0,0.8752426511698308,1.1347582244043306
1208460,3777.69934599758,9999.387096774102,0.0,0.8759964621476259,1.1347584636623413
1208520,3777.7220568001526,9999.387096774102,0.0,0.8759821640893342,1.1347586407424601
1208580,3778.022935734164,9999.387096774102,0.0,0.8739562757917276,1.1347590635048428
1208640,3777.9484097855607,9999.387096774102,0.0,0.874596647462607,1.1347592030764873
1208700,3777.785775192658,9999.387096774102,0.0,0.8754263516889346,1.1347594027485637
1208760,3777.746194458993,9999.387096774102,0.0,0.8761862649788248,1.1347593466810866
1208820,3777.899081918106,9999.387096774102,0.0,0.8758616929764836,1.1347588753822526
1208880,3777.9860215511558,9999.387096774102,0.0,0.8749506383198392,1.134758707339225
1208940,3778.408504018623,9999.387096774102,0.0,0.8737359599896016,1.1347584658252683
1209000,3778.2430752142195,9999.387096774102,0.0,0.8749103294467016,1.1347575439102475
1209060,3777.92088538607,9999.387096774102,0.0,0.8765961176736671,1.1347569620290359
1209120,3778.0575965348376,9999.387096774102,0.0,0.8756880791883229,1.1347566205554964
1209180,3777.9686784259675,9999.387096774102,0.0,0.8758429245468382,1.134756438985123
1209240,3778.2576910310027,9999.387096774102,0.0,0.8742603505005754,1.1347565298783373
1209300,3778.1107133897935,9999.387096774102,0.0,0.8747222567571632,1.1347565187158808
1209360,3777.893531002453,9999.387096774102,0.0,0.8758105166021386,1.1347566127352857
1209420,3777.8507516574196,9999.387096774102,0.0,0.8760540364159864,1.1347566949777825
1209480,3778.022003629598,9999.387096774102,0.0,0.8746611783366426,1.1347570475465534
1209540,3777.998475024403,9999.387096774102,0.0,0.8749775718437041,1.1347572147758556
1209600,3778.0474674704965,9999.387096774102,0.0,0.8745153913972407,1.1347575588070988
1209660,3777.900873272228,9999.387096774102,0.0,0.8753800151885154,1.134757694115513
1209720,3777.637042299746,9999.387096774102,0.0,0.8767431636119063,1.1347578850406135
1209780,3777.85662442626,9999.387096774102,0.0,0.8754244290507287,1.1347581926908024
1209840,3777.8936780935937,9999.387096774102,0.0,0.8749043534829035,1.1347584734098466
1209900,3778.0085129461377,9999.387096774102,0.0,0.8744500555630779,1.1347587831077544
1209960,3777.8289806969096,9999.387096774102,0.0,0.8752731156142057,1.1347588993938225
1210020,3777.549936047079,9999.387096774102,0.0,0.8769467283165981,1.1347590679235224
1210080,3778.011886585693,9999.387096774102,0.0,0.8753037074048717,1.1347588635123471
1210140,3777.9738674863947,9999.387096774102,0.0,0.8753683566285404,1.1347584566572184
1210200,3778.257041587689,9999.387096774102,0.0,0.8739210141164008,1.13475840391615
1210260,3778.2060129539964,9999.387096774102,0.0,0.8752439057621176,1.1347576710102325
1210320,3778.0713503477996,9999.387096774102,0.0,0.8758625876321952,1.1347568902048353
1210380,3778.0938692820137,9999.387096774102,0.0,0.8753069343734787,1.1347565370797696
1210440,3778.0868452171285,9999.387096774102,0.0,0.8755200097303205,1.1347561931083814
1210500,3778.340978183375,9999.387096774102,0.0,0.8737013728412655,1.1347562798087183
1210560,3778.1356849010986,9999.387096774102,0.0,0.8749453826131973,1.1347561555153631
1210620,3777.8264464523104,9999.387096774102,0.0,0.8765430363204357,1.1347561913260817
1210680,3777.946344065373,9999.387096774102,0.0,0.8757071082782416,1.1347563586291205
1210740,3777.8873722389194,9999.387096774102,0.0,0.8757207687037054,1.134756573805622
1210800,3778.169666086486,9999.387096774102,0.0,0.8742368065256687,1.134756938049766
1210860,3778.0207828676203,9999.387096774102,0.0,0.8747546589807695,1.1347571192781318
1210920,3777.8071754202624,9999.387096774102,0.0,0.8758447128936376,1.1347573503531019
1210980,3777.7715657201747,9999.387096774102,0.0,0.8760716205898942,1.1347575295432732
1211040,3777.954308320165,9999.387096774102,0.0,0.8746536430175861,1.1347579400824424
1211100,3777.942356272459,9999.387096774102,0.0,0.8749170433539281,1.134758142828632
1211160,3777.976487399948,9999.387096774102,0.0,0.8745723975709825,1.1347584851414438
1211220,3777.8357170320105,9999.387096774102,0.0,0.8754184047929213,1.1347586163955685
1211280,3777.5862335249562,9999.387096774102,0.0,0.8767162951300198,1.1347587911554209
1211340,3777.80856905321,9999.387096774102,0.0,0.8754083635588001,1.1347590728361676
1211400,3777.858187717496,9999.387096774102,0.0,0.8748436899051554,1.1347593229273536
1211460,3778.027630912172,9999.387096774102,0.0,0.8744817825774348,1.1347595749188522
1211520,3778.003393407639,9999.387096774102,0.0,0.8753190696687052,1.1347590983790365
1211580,3777.796636661209,9999.387096774102,0.0,0.8763170186460857,1.1347586737882815
1211640,3778.027745600525,9999.387096774102,0.0,0.8749698977119942,1.13475853760205
1211700,3778.2815274746076,9999.387096774102,0.0,0.8747815995789635,1.1347578263941265
1211760,3778.2662770881743,9999.387096774102,0.0,0.8744287377160385,1.134757234020714
1211820,3778.1129067710417,9999.387096774102,0.0,0.8753330736860365,1.1347568153973695
1211880,3778.003461656821,9999.387096774102,0.0,0.8758229933704151,1.1347564616941686
1211940,3778.0037144615426,9999.387096774102,0.0,0.8753584274045065,1.1347564484665194
1212000,3778.010088021209,9999.387096774102,0.0,0.8754678211291391,1.1347564108660664
1212060,3778.2572106250987,9999.387096774102,0.0,0.8737551769027285,1.1347567039884028
1212120,3778.060953329018,9999.387096774102,0.0,0.8749692317924935,1.1347567250159565
1212180,3777.7593287097534,9999.387096774102,0.0,0.8765411555047646,1.1347568561765835
1212240,3777.881916284113,9999.387096774102,0.0,0.8757149194019237,1.134757088530404
1212300,3777.841115126445,9999.387096774102,0.0,0.8756471171236796,1.1347573448901067
1212360,3778.117056625487,9999.387096774102,0.0,0.8742251427306917,1.1347577211664395
1212420,3777.9680002348855,9999.387096774102,0.0,0.8747768684899049,1.134757899558171
1212480,3777.7574774679315,9999.387096774102,0.0,0.8758674108949855,1.1347581169232965
1212540,3777.7265185405786,9999.387096774102,0.0,0.8760826307759457,1.1347582777898786
1212600,3777.915399469913,9999.387096774102,0.0,0.8746583644127696,1.1347586602368394
1212660,3777.9132864041267,9999.387096774102,0.0,0.8748725421116895,1.1347588363715808
1212720,3777.937640211578,9999.387096774102,0.0,0.8746059865122676,1.1347591364944491
1212780,3777.817711321477,9999.387096774102,0.0,0.8760263683426049,1.13475902490765
1212840,3777.9153537711168,9999.387096774102,0.0,0.875877887751455,1.1347585299994203
1212900,3777.860291639526,9999.387096774102,0.0,0.8758561618994501,1.134758324957356
1212960,3778.5154939310532,9999.387096774102,0.0,0.8733119926628358,1.134758116139108
1213020,3778.298291330738,9999.387096774102,0.0,0.8746996337746435,1.134757195998264
1213080,3778.047136394242,9999.387096774102,0.0,0.8759782813532087,1.134756661484739
1213140,3778.0744430506415,9999.387096774102,0.0,0.8757031506355607,1.1347562805142177
1213200,3777.8933069301515,9999.387096774102,0.0,0.876444601315262,1.1347560843043623
1213260,3778.1985539853385,9999.387096774102,0.0,0.8746556718859158,1.1347561808887752
1213320,3778.1585405813667,9999.387096774102,0.0,0.8744843106710688,1.1347562500825694
1213380,3777.998001828351,9999.387096774102,0.0,0.875379602950014,1.1347563754706889
1213440,3777.8905462048624,9999.387096774102,0.0,0.8758845584100518,1.1347564565590265
1213500,3777.914303736274,9999.387096774102,0.0,0.8753421579551113,1.13475676350316
1213560,3777.9320902664062,9999.387096774102,0.0,0.8754089870417568,1.134756954494936
1213620,3778.16519856678,9999.387096774102,0.0,0.8738196118154068,1.1347573952551435
1213680,3777.97714309461,9999.387096774102,0.0,0.8750001732366843,1.1347575290273588
1213740,3777.6841342524935,9999.387096774102,0.0,0.876545612570479,1.1347577292615019
1213800,3777.8122033883915,9999.387096774102,0.0,0.875719067282873,1.1347580027170665
1213860,3777.790502652524,9999.387096774102,0.0,0.8755669222019202,1.1347582794050148
1213920,3778.0585187362926,9999.387096774102,0.0,0.8742154304571513,1.1347586503405156
1213980,3777.90887794528,9999.387096774102,0.0,0.8748060394576558,1.1347588115966465
1214040,3777.702178176102,9999.387096774102,0.0,0.8758933062418304,1.1347590034104118
1214100,3777.6769805893873,9999.387096774102,0.0,0.8760923449974182,1.1347591361358091
1214160,3777.849019640116,9999.387096774102,0.0,0.8748404707801286,1.1347594757332744
1214220,3778.260370960838,9999.387096774102,0.0,0.873841824401235,1.134759399487282
1214280,3778.081036898057,9999.387096774102,0.0,0.8747162998479919,1.1347588823362593
1214340,3777.7610847692085,9999.387096774102,0.0,0.8766607603903291,1.1347585908312916
1214400,3778.0669128873137,9999.387096774102,0.0,0.8756728706906444,1.1347580743154215
1214460,3778.052293494571,9999.387096774102,0.0,0.8758900795023062,1.1347572915932622
1214520,3778.4212280205275,9999.387096774102,0.0,0.8734150819202683,1.1347570652213368
1214580,3778.2232643003713,9999.387096774102,0.0,0.8747122697990103,1.1347566244292584
1214640,3777.975281273071,9999.387096774102,0.0,0.8759250836270474,1.134756450018103
1214700,3777.9799059974926,9999.387096774102,0.0,0.8757425565355184,1.1347563908042428
1214760,3777.82492238055,9999.387096774102,0.0,0.876356993330044,1.1347564474238492
1214820,3778.1330490001446,9999.387096774102,0.0,0.8746145159317474,1.1347567087227823
1214880,3778.093199824291,9999.387096774102,0.0,0.8744801849769869,1.1347568860961077
1214940,3777.9282923957694,9999.387096774102,0.0,0.8754141788230934,1.1347570820188102
1215000,3777.8254789876955,9999.387096774102,0.0,0.875918121697737,1.134757210914892
1215060,3777.86057717919,9999.387096774102,0.0,0.8753434350967834,1.134757541409637
1215120,3777.8879320238375,9999.387096774102,0.0,0.8753645010983473,1.134757742121172
1215180,3778.1114195250393,9999.387096774102,0.0,0.8738625103595634,1.1347581667251785
1215240,3777.92872501862,9999.387096774102,0.0,0.8750216775298592,1.1347582850946707
1215300,3777.6427962770795,9999.387096774102,0.0,0.8765413999917733,1.1347584598741296
1215360,3777.7728579192635,9999.387096774102,0.0,0.875724098374778,1.1347587039632077
1215420,3777.764945174048,9999.387096774102,0.0,0.8755114865308485,1.1347589500920334
1215480,3778.2208752633555,9999.387096774102,0.0,0.8735140770192964,1.1347592928406263
1215540,3778.106263293038,9999.387096774102,0.0,0.8748903058620957,1.1347587793785372
1215600,3777.87364767228,9999.387096774102,0.0,0.8759697456088933,1.1347583693524648
1215660,3777.891965043051,9999.387096774102,0.0,0.875922946455536,1.1347581490748144
1215720,3778.2209032833607,9999.387096774102,0.0,0.8752326921763137,1.1347574190148202
1215780,3778.2480505050107,9999.387096774102,0.0,0.8746068241290497,1.1347568661701968
1215840,3778.2484255315626,9999.387096774102,0.0,0.8747639641723692,1.134756512080679
1215900,3778.0787349692223,9999.387096774102,0.0,0.8754635100308878,1.1347561663955958
1215960,3777.946958428974,9999.387096774102,0.0,0.8758064313746328,1.1347561132277453
1216020,3777.962233396265,9999.387096774102,0.0,0.8758289796636419,1.1347560877805345
1216080,3778.299451975281,9999.387096774102,0.0,0.8735151200728869,1.1347564336912017
1216140,3778.1192269048333,9999.387096774102,0.0,0.8747016276550423,1.1347564804541543
1216200,3777.866717023013,9999.387096774102,0.0,0.8759841763270058,1.1347566564138678
1216260,3777.884374246734,9999.387096774102,0.0,0.8757702588769518,1.1347568541527797
1216320,3777.752407038844,9999.387096774102,0.0,0.8762770066875766,1.134757095656117
1216380,3778.0597391682836,9999.387096774102,0.0,0.8745730205295511,1.1347574823446067
1216440,3778.0205149302546,9999.387096774102,0.0,0.8744769365291472,1.1347577400781808
1216500,3777.851177194023,9999.387096774102,0.0,0.8754551777393146,1.1347579807801067
1216560,3777.7544908015857,9999.387096774102,0.0,0.8759528413304666,1.1347581354355798
1216620,3777.8022953025084,9999.387096774102,0.0,0.8753388729670497,1.1347584714979382
1216680,3777.839780107129,9999.387096774102,0.0,0.8753120369529629,1.1347586675089678
1216740,3778.051663020836,9999.387096774102,0.0,0.8739115669361842,1.1347590622207127
1216800,3777.8743710116646,9999.387096774102,0.0,0.8750497184622382,1.1347591543306448
1216860,3777.5965385636405,9999.387096774102,0.0,0.8765394176456794,1.1347592943300213
1216920,3777.868772932525,9999.387096774102,0.0,0.8753401922153035,1.1347594121319033
1216980,3777.997048339321,9999.387096774102,0.0,0.8753252063541744,1.134758958268971
1217040,3778.1494220558507,9999.387096774102,0.0,0.8740515030482808,1.1347587939784463
1217100,3778.0505099116695,9999.387096774102,0.0,0.8755085256117691,1.1347584324244742
1217160,3778.1367833233085,9999.387096774102,0.0,0.8755370334788114,1.134757564077613
1217220,3777.8729248687464,9999.387096774102,0.0,0.8768138451921131,1.1347569726627533
1217280,3778.163101254706,9999.387096774102,0.0,0.8751167834601693,1.1347567008838875
1217340,3778.160951069174,9999.387096774102,0.0,0.8746928149696198,1.1347565245195461
1217400,3778.1545369100854,9999.387096774102,0.0,0.874799671185398,1.1347565091726592
1217460,3777.985645341361,9999.387096774102,0.0,0.8755263593411141,1.1347564400991628
1217520,3777.873138173083,9999.387096774102,0.0,0.8758091988923576,1.1347565833546707
1217580,3777.8978652333712,9999.387096774102,0.0,0.875799804006084,1.1347566904338426
1217640,3778.2299881706904,9999.387096774102,0.0,0.8735520154469298,1.1347571171658228
1217700,3778.058500356261,9999.387096774102,0.0,0.8746981897530917,1.1347572240681387
1217760,3777.8050629152403,9999.387096774102,0.0,0.8760076703653024,1.1347574264061733
1217820,3777.827017056784,9999.387096774102,0.0,0.8757921228347302,1.134757636456348
1217880,3777.7122505620146,9999.387096774102,0.0,0.8762177513152197,1.1347578778654945
1217940,3778.0183628185036,9999.387096774102,0.0,0.8745451251105117,1.134758248866458
1218000,3777.9798627242194,9999.387096774102,0.0,0.87447507047556,1.1347584820980718
1218060,3777.8080481620464,9999.387096774102,0.0,0.8754803584129653,1.134758690979467
1218120,3777.7147286775266,9999.387096774102,0.0,0.8759765801929045,1.1347588146369958
1218180,3777.70731336494,9999.387096774102,0.0,0.87582566766559,1.134759098865596
1218240,3778.2083107613175,9999.387096774102,0.0,0.8742321170579638,1.134759003432682
1218300,3778.1094065339985,9999.387096774102,0.0,0.8746281643875514,1.1347585454788927
1218360,3777.9239432862455,9999.387096774102,0.0,0.8758736335195239,1.1347583145069065
1218420,3778.076771173547,9999.387096774102,0.0,0.8758061893547326,1.1347577062675227
1218480,3778.0404519062004,9999.387096774102,0.0,0.8760791242870122,1.1347569216473699
1218540,3778.342313506675,9999.387096774102,0.0,0.8739248300405064,1.134756670701604
1218600,3778.21656704711,9999.387096774102,0.0,0.8748227436550255,1.134756275293851
1218660,3778.124254604668,9999.387096774102,0.0,0.8751145665093814,1.1347561921299463
1218720,3778.028160173954,9999.387096774102,0.0,0.8755655970537999,1.1347561034284144
1218780,3777.783097501504,9999.387096774102,0.0,0.8767463912603504,1.1347561465725784
1218840,3778.0585788425487,9999.387096774102,0.0,0.8750930746110676,1.1347563951137596
1218900,3778.0766701139837,9999.387096774102,0.0,0.8746012169079384,1.1347566245559975
1218960,3778.052908157571,9999.387096774102,0.0,0.8748477460953165,1.1347568868754743
1219020,3777.8912693946936,9999.387096774102,0.0,0.8755776083189092,1.1347570222912726
1219080,3777.792509440256,9999.387096774102,0.0,0.8758146072049795,1.134757311187442
1219140,3777.8268011667387,9999.387096774102,0.0,0.8757647494520556,1.134757521303682
1219200,3778.1549028655845,9999.387096774102,0.0,0.8735852280055783,1.1347580028431747
1219260,3777.9909628730065,9999.387096774102,0.0,0.8747007227376361,1.1347581453329112
1219320,3777.7370344443984,9999.387096774102,0.0,0.8760356955697897,1.1347583540304742
1219380,3777.764029367562,9999.387096774102,0.0,0.8758145968003231,1.1347585609612738
1219440,3777.668250639126,9999.387096774102,0.0,0.8761507532025749,1.1347587894145612
1219500,3777.973153699486,9999.387096774102,0.0,0.8745114474041099,1.1347591333243556
1219560,3777.9340040293705,9999.387096774102,0.0,0.8744776299914709,1.1347593313113453
1219620,3777.679535146843,9999.387096774102,0.0,0.8763331476679692,1.1347594621357282
1219680,3777.9121364319362,9999.387096774102,0.0,0.8757710552189055,1.1347591069808123
1219740,3777.8081521038553,9999.387096774102,0.0,0.8762379596341858,1.1347586941862966
1219800,3778.34377976195,9999.387096774102,0.0,0.8731872545139777,1.134758702429889
1219860,3778.3651498523413,9999.387096774102,0.0,0.8743517766123342,1.1347579620656982
1219920,3778.1771033828218,9999.387096774102,0.0,0.8750460291925194,1.1347572331130489
1219980,3777.980940439816,9999.387096774102,0.0,0.8759223129236052,1.1347567977871642
1220040,3777.977003596344,9999.387096774102,0.0,0.876015172122974,1.1347564570951856
1220100,3778.242387005903,9999.387096774102,0.0,0.874025735902827,1.134756544710581
1220160,3778.1420262048728,9999.387096774102,0.0,0.8747575157868925,1.1347564677349256
1220220,3778.0349720535523,9999.387096774102,0.0,0.8751833643662534,1.1347565967410054
1220280,3777.9505359513496,9999.387096774102,0.0,0.8756011658842368,1.1347566596551764
1220340,3777.723338676804,9999.387096774102,0.0,0.8766972358866828,1.1347568064864022
1220400,3777.999441917137,9999.387096774102,0.0,0.8750679120032722,1.1347571220208525
1220460,3778.027288898485,9999.387096774102,0.0,0.8745548115508986,1.1347573924102865
1220520,3777.9928529504223,9999.387096774102,0.0,0.8748777004333304,1.1347576655029867
1220580,3777.8350023935436,9999.387096774102,0.0,0.8756147285638305,1.1347578023684246
1220640,3777.74590830274,9999.387096774102,0.0,0.8758222090922451,1.134758080665948
1220700,3777.787583958784,9999.387096774102,0.0,0.8757380885585696,1.1347582748796314
1220760,3778.1116378580086,9999.387096774102,0.0,0.8736132700873509,1.1347587246022088
1220820,3777.953631661252,9999.387096774102,0.0,0.8747018396071248,1.1347588388163843
1220880,3777.7004680895143,9999.387096774102,0.0,0.8760475363466487,1.1347590101855192
1220940,3777.7898905248953,9999.387096774102,0.0,0.8759611123633391,1.1347590399839702
1221000,3777.9533289391234,9999.387096774102,0.0,0.8756826500747512,1.1347585812821417
1221060,3778.113951851306,9999.387096774102,0.0,0.8743132825857178,1.1347584381339952
1221120,3778.275699545563,9999.387096774102,0.0,0.8745143683335768,1.134758141895556
1221180,3778.217066379665,9999.387096774102,0.0,0.8752031170788193,1.1347572278277125
1221240,3777.8927584455932,9999.387096774102,0.0,0.8768712950675573,1.134756629200615
1221300,3778.113394979237,9999.387096774102,0.0,0.8754957408293149,1.1347563269907264
1221360,3778.0799540516477,9999.387096774102,0.0,0.8752726723495069,1.1347561622814184
1221420,3778.2617092051937,9999.387096774102,0.0,0.874337423821301,1.1347562285516546
1221480,3778.071857363408,9999.387096774102,0.0,0.8750799606072945,1.1347561885845079
1221540,3777.871912977805,9999.387096774102,0.0,0.8759520457289582,1.1347563080094596
1221600,3777.871765225163,9999.387096774102,0.0,0.8760227199043981,1.1347564175224458
1221660,3778.1526946139393,9999.387096774102,0.0,0.8740098039212335,1.1347568331939153
1221720,3778.063653873772,9999.387096774102,0.0,0.8747026849231994,1.1347569921864475
1221780,3777.941843714215,9999.387096774102,0.0,0.875241612070734,1.1347572738338196
1221840,3777.8641572430997,9999.387096774102,0.0,0.8756422056333109,1.134757453414524
1221900,3777.65716266207,9999.387096774102,0.0,0.8766432244910489,1.1347576779484403
1221960,3777.935735521306,9999.387096774102,0.0,0.8750350573306944,1.1347580359366634
1222020,3777.9725099457696,9999.387096774102,0.0,0.8745088127755793,1.134758325366159
1222080,3777.9259233430616,9999.387096774102,0.0,0.8749146839465912,1.1347585912593252
1222140,3777.772528786083,9999.387096774102,0.0,0.8756573174227084,1.1347587156358243
1222200,3777.6949360755325,9999.387096774102,0.0,0.8758261203896633,1.1347589716781974
1222260,3777.744830767784,9999.387096774102,0.0,0.8757044826464103,1.134759139987028
1222320,3778.0639637475183,9999.387096774102,0.0,0.8736419743335748,1.1347595482173838
1222380,3778.0685402680233,9999.387096774102,0.0,0.8747767718941571,1.1347594000880719
1222440,3777.9733509573216,9999.387096774102,0.0,0.8753911671657123,1.1347588610412516
1222500,3777.6722529293424,9999.387096774102,0.0,0.877025122423517,1.1347585711057044
1222560,3778.2544221392886,9999.387096774102,0.0,0.8745918275194442,1.1347582299749714
1222620,3778.1810230166116,9999.387096774102,0.0,0.8751698680200942,1.1347574084588097
1222680,3778.300749230509,9999.387096774102,0.0,0.8742705843681682,1.134757062122245
1222740,3778.1367783487144,9999.387096774102,0.0,0.8752316915447276,1.1347566128941793
1222800,3777.828838583038,9999.387096774102,0.0,0.876790107730097,1.1347563848200781
1222860,3778.0240117206176,9999.387096774102,0.0,0.8755019622249897,1.1347564095010196
1222920,3778.0173800689404,9999.387096774102,0.0,0.8751563794931154,1.1347565066580267
1222980,3778.185185169159,9999.387096774102,0.0,0.874353461181233,1.1347567378124452
1223040,3777.9984277130015,9999.387096774102,0.0,0.8751181896151958,1.1347568120673162
1223100,3777.8058876836135,9999.387096774102,0.0,0.8759709374585151,1.134757009319023
1223160,3777.8121041437666,9999.387096774102,0.0,0.8760190187111868,1.1347571712553146
1223220,3778.0973864231064,9999.387096774102,0.0,0.8740183235161916,1.1347576097471652
1223280,3778.01885119135,9999.387096774102,0.0,0.8746632576126919,1.1347577800518474
1223340,3777.8877573605414,9999.387096774102,0.0,0.8752764022225579,1.1347580467152578
1223400,3777.8137886976288,9999.387096774102,0.0,0.8756716431644234,1.1347582108980674
1223460,3777.6215805838387,9999.387096774102,0.0,0.8766021468946372,1.134758413974081
1223520,3777.900524937569,9999.387096774102,0.0,0.8750143293656303,1.1347587421008067
1223580,3777.9439655690053,9999.387096774102,0.0,0.8744776948902822,1.134758999056611
1223640,3777.8741103684292,9999.387096774102,0.0,0.8754205061517516,1.1347591951637277
1223700,3777.968441876481,9999.387096774102,0.0,0.8756084031930184,1.134758770710466
1223760,3777.802538724824,9999.387096774102,0.0,0.876400385087585,1.1347583505849397
1223820,3778.2120413094053,9999.387096774102,0.0,0.8740132596194272,1.1347582977122412
1223880,3778.3746301047336,9999.387096774102,0.0,0.8744228481938711,1.1347575778158645
1223940,3778.2629482446564,9999.387096774102,0.0,0.8746220418161652,1.134756914323594
1224000,3778.0510611704526,9999.387096774102,0.0,0.8757196806668206,1.1347564755134412
1224060,3777.9970179483294,9999.387096774102,0.0,0.8759928165632116,1.1347561326159465
1224120,3778.126047624719,9999.387096774102,0.0,0.8747595691200519,1.134756177945538
1224180,3778.09017512844,9999.387096774102,0.0,0.8751180929379683,1.1347561374769244
1224240,3778.1846274704135,9999.387096774102,0.0,0.8743353404660126,1.1347563752412888
1224300,3778.021202161882,9999.387096774102,0.0,0.8752815349266047,1.1347564205533367
1224360,3777.7299539563023,9999.387096774102,0.0,0.8767760473871348,1.1347565642902018
1224420,3777.9358636839584,9999.387096774102,0.0,0.8754837083499927,1.1347568539523947
1224480,3777.946669479218,9999.387096774102,0.0,0.8750730144540237,1.134757140665582
1224540,3778.099534957241,9999.387096774102,0.0,0.8743772758287585,1.13475749529133
1224600,3777.916118108321,9999.387096774102,0.0,0.8751654780850786,1.1347576556034737
1224660,3777.7335262587403,9999.387096774102,0.0,0.8759893535937577,1.1347579057597945
1224720,3777.7475829628397,9999.387096774102,0.0,0.876010059831669,1.1347580977480243
1224780,3778.037508599913,9999.387096774102,0.0,0.8740214385932424,1.1347585402706621
1224840,3777.968486186509,9999.387096774102,0.0,0.8746248961742725,1.1347587064320208
1224900,3777.8272309082477,9999.387096774102,0.0,0.875319379617415,1.1347589446095487
1224960,3777.7579397048166,9999.387096774102,0.0,0.8757047083512901,1.1347590827793357
1225020,3777.5822937451126,9999.387096774102,0.0,0.8765560373743815,1.1347592552730335
1225080,3778.1671557693803,9999.387096774102,0.0,0.8736468783706709,1.1347595523265048
1225140,3778.1347075559875,9999.387096774102,0.0,0.874595173610387,1.13475906881847
1225200,3778.0362351515423,9999.387096774102,0.0,0.8748272356975224,1.1347587597609305
1225260,3777.7987222729744,9999.387096774102,0.0,0.8766113787969246,1.1347584031705646
1225320,3778.1014359529945,9999.387096774102,0.0,0.8757493016021947,1.1347576185458617
1225380,3778.0156791851537,9999.387096774102,0.0,0.8758711738021293,1.1347570637536788
1225440,3778.321160519351,9999.387096774102,0.0,0.8742864676869566,1.134756816130841
1225500,3778.180907112082,9999.387096774102,0.0,0.8746726526648192,1.134756538720299
1225560,3777.9621486125498,9999.387096774102,0.0,0.8757494385637866,1.1347564400680896
1225620,3777.905966441065,9999.387096774102,0.0,0.8760352064547745,1.134756383760898
1225680,3778.0556464518663,9999.387096774102,0.0,0.8747423285121652,1.1347566337021486
1225740,3778.030246265142,9999.387096774102,0.0,0.875061973957077,1.1347567314829334
1225800,3778.110701928448,9999.387096774102,0.0,0.8743897127331393,1.1347570494815833
1225860,3777.953076491824,9999.387096774102,0.0,0.8753159311372732,1.1347571565329768
1225920,3777.674764585168,9999.387096774102,0.0,0.8767536655530297,1.134757335046218
1225980,3777.883499021656,9999.387096774102,0.0,0.875474141442908,1.1347576379886113
1226040,3777.9077872191365,9999.387096774102,0.0,0.8750120794464517,1.1347579248571096
1226100,3778.050212051195,9999.387096774102,0.0,0.8743920541673262,1.1347582601744635
1226160,3777.868900582698,9999.387096774102,0.0,0.8751976493873133,1.1347583979302194
1226220,3777.692978921438,9999.387096774102,0.0,0.8760035407349379,1.1347586198260347
1226280,3777.7123759368706,9999.387096774102,0.0,0.8760028742280324,1.13475878280207
1226340,3778.0007618900763,9999.387096774102,0.0,0.8740563427528981,1.1347591869161664
1226400,3778.231475945748,9999.387096774102,0.0,0.8740877670812721,1.1347590912242325
1226460,3778.0584007324715,9999.387096774102,0.0,0.8749942229996193,1.134758550449613
1226520,3777.704163801822,9999.387096774102,0.0,0.8770493005659029,1.1347582511693033
1226580,3778.1575368456765,9999.387096774102,0.0,0.8752668246939951,1.1347578180899276
1226640,3778.1265715367936,9999.387096774102,0.0,0.8756000724094017,1.1347570144825152
1226700,3778.427010417748,9999.387096774102,0.0,0.8735737389428189,1.1347567557288472
1226760,3778.214341951119,9999.387096774102,0.0,0.8748946053554755,1.1347563018889717
1226820,3777.904457475091,9999.387096774102,0.0,0.8764658739852879,1.134756096857373
1226880,3778.001734827793,9999.387096774102,0.0,0.8757184563737327,1.1347560877440634
1226940,3777.9204059616163,9999.387096774102,0.0,0.8758489117691853,1.1347561786389695
1227000,3778.215029451722,9999.387096774102,0.0,0.8742685958064634,1.1347564616625048
1227060,3778.076682145271,9999.387096774102,0.0,0.8746965812789769,1.1347565948036562
1227120,3777.862169864573,9999.387096774102,0.0,0.8757904718306339,1.1347567925346205
1227180,3777.815628580335,9999.387096774102,0.0,0.8760554012807471,1.134756950716114
1227240,3777.976976951434,9999.387096774102,0.0,0.8747360593431359,1.1347573505642643
1227300,3777.96411072992,9999.387096774102,0.0,0.8749970731056095,1.1347575567419828
1227360,3778.0287197490966,9999.387096774102,0.0,0.8744534580356036,1.1347579276280515
1227420,3777.8780785138615,9999.387096774102,0.0,0.8753561778880088,1.1347580724140656
1227480,3777.614296046112,9999.387096774102,0.0,0.8767294060646498,1.1347582657182613
1227540,3777.8264754101388,9999.387096774102,0.0,0.8754595369992751,1.1347585661389525
1227600,3777.8650694844573,9999.387096774102,0.0,0.8749440606177632,1.1347588397631971
1227660,3777.9949305716405,9999.387096774102,0.0,0.8744124940914282,1.134759143175895
1227720,3777.815929298602,9999.387096774102,0.0,0.8752367496159318,1.1347592482058997
1227780,3777.534068451517,9999.387096774102,0.0,0.8769440845023085,1.1347593984060336
1227840,3777.981171787927,9999.387096774102,0.0,0.8753531652551001,1.1347591829844255
1227900,3777.9473988746604,9999.387096774102,0.0,0.8754033171835297,1.134758776871399
1227960,3778.2501903029324,9999.387096774102,0.0,0.8738409584762814,1.1347587240872723
1228020,3778.1917871454143,9999.387096774102,0.0,0.8752006996311571,1.134757991251183
1228080,3778.0524085439124,9999.387096774102,0.0,0.8758413211292785,1.1347572164906017
1228140,3778.0620353290155,9999.387096774102,0.0,0.8753756945332897,1.1347568567510795
1228200,3778.062043402583,9999.387096774102,0.0,0.8755485561055284,1.1347565108600568
1228260,3778.3279532315046,9999.387096774102,0.0,0.8736655601669714,1.1347565936378317
1228320,3778.1239614913807,9999.387096774102,0.0,0.874914781964682,1.1347564597363484
1228380,3777.819132363776,9999.387096774102,0.0,0.8764927341031445,1.1347564847804548
1228440,3777.9283169882015,9999.387096774102,0.0,0.8757261407422157,1.1347566331985537
1228500,3777.865300982146,9999.387096774102,0.0,0.8757754030292684,1.134756832358327
1228560,3778.1544399572253,9999.387096774102,0.0,0.8742497111983676,1.1347571825551301
1228620,3778.0154792910384,9999.387096774102,0.0,0.8747169976270425,1.1347573548771965
1228680,3777.803541124129,9999.387096774102,0.0,0.8758167507947524,1.1347575701545687
1228740,3777.7621679776635,9999.387096774102,0.0,0.8760704194176338,1.1347577331561365
1228800,3777.930999855015,9999.387096774102,0.0,0.8747392779364573,1.134758122383842
1228860,3777.928430894585,9999.387096774102,0.0,0.8749493455536647,1.134758314494838
1228920,3777.982368778307,9999.387096774102,0.0,0.8744921546029939,1.1347586512285772
1228980,3777.8354549864503,9999.387096774102,0.0,0.8753842986925703,1.1347587670420214
1229040,3777.5825924759843,9999.387096774102,0.0,0.8767075090086981,1.1347589277025445
1229100,3778.0236329814497,9999.387096774102,0.0,0.8745543726139291,1.13475914655204
1229160,3778.0836455609033,9999.387096774102,0.0,0.8749727038039097,1.1347586828476386
1229220,3778.1396998894916,9999.387096774102,0.0,0.8742760054695696,1.1347584674758318
1229280,3777.920332824336,9999.387096774102,0.0,0.8762124752375301,1.1347580948782703
1229340,3778.130539463015,9999.387096774102,0.0,0.875710123037595,1.1347572580453589
1229400,3777.939102194152,9999.387096774102,0.0,0.8765060682187606,1.1347566787377785
1229460,3778.258662786448,9999.387096774102,0.0,0.8747167558817007,1.1347564291572279
1229520,3778.218235966977,9999.387096774102,0.0,0.8745105549499891,1.134756227484231
1229580,3778.0748612968673,9999.387096774102,0.0,0.8752876093798639,1.134756167962858
1229640,3777.9539322518854,9999.387096774102,0.0,0.8758296804722696,1.134756111906413
1229700,3777.9536837958044,9999.387096774102,0.0,0.8754067713899502,1.1347563155087892
1229760,3777.9671776818213,9999.387096774102,0.0,0.8754891466093798,1.1347564364663707
1229820,3778.2237786543,9999.387096774102,0.0,0.8737284087262333,1.1347568482155617
1229880,3778.029668263551,9999.387096774102,0.0,0.8749436925449952,1.1347569570321088
1229940,3777.7326480925,9999.387096774102,0.0,0.876500110715532,1.1347571504931433
1230000,3777.8469718995148,9999.387096774102,0.0,0.8757345814088066,1.1347574195004624
1230060,3777.8053096906747,9999.387096774102,0.0,0.8756877700315178,1.1347577008569176
1230120,3778.0878279644617,9999.387096774102,0.0,0.8742311738235867,1.1347580923405094
1230180,3777.9474895438307,9999.387096774102,0.0,0.8747446569889586,1.1347582814147177
1230240,3777.7386772617083,9999.387096774102,0.0,0.8758464157708636,1.1347584966740678
1230300,3777.7034711148317,9999.387096774102,0.0,0.8760847129431706,1.1347586505904983
1230360,3777.8814093160076,9999.387096774102,0.0,0.8747348284728523,1.1347590172608437
1230420,3777.889212396571,9999.387096774102,0.0,0.8748951244630016,1.134759184832469
1230480,3777.930196089937,9999.387096774102,0.0,0.8745392798627238,1.1347594769194336
1230540,3777.8063868582917,9999.387096774102,0.0,0.8759905268872663,1.1347593514034775
1230600,3777.8943589201126,9999.387096774102,0.0,0.8758764426177486,1.1347588540913287
1230660,3777.8304289617663,9999.387096774102,0.0,0.8759238098372691,1.1347586402074303
1230720,3778.4873211339473,9999.387096774102,0.0,0.8733389147702816,1.134758425672721
1230780,3778.2769630044577,9999.387096774102,0.0,0.874687382871602,1.1347575190474097
1230840,3778.0381130602887,9999.387096774102,0.0,0.8759018085888888,1.1347569912690363
1230900,3778.054540099471,9999.387096774102,0.0,0.8757014998278093,1.1347566025966007
1230960,3777.869748164693,9999.387096774102,0.0,0.876476203779486,1.1347563980947404
1231020,3778.172946375261,9999.387096774102,0.0,0.8746980866308752,1.1347564823073497
1231080,3778.1437585657027,9999.387096774102,0.0,0.8744737567930054,1.134756545225187
1231140,3777.9936738398037,9999.387096774102,0.0,0.8753292863102908,1.1347566600683332
1231200,3777.8801430979447,9999.387096774102,0.0,0.8758636184261425,1.1347567260763263
1231260,3777.8905915595246,9999.387096774102,0.0,0.875410373845878,1.1347570117182681
1231320,3777.914056610816,9999.387096774102,0.0,0.8754440613049255,1.1347571896084645
1231380,3778.1612289227323,9999.387096774102,0.0,0.8737746863574004,1.1347576204066947
1231440,3777.9735121850094,9999.387096774102,0.0,0.874964202573492,1.1347577400143565
1231500,3777.6830188579793,9999.387096774102,0.0,0.8764998177376069,1.1347579266661005
1231560,3777.799960544416,9999.387096774102,0.0,0.8757419299448139,1.1347581805036828
1231620,3777.773514248508,9999.387096774102,0.0,0.8756272831956623,1.1347584415453638
1231680,3778.0506155391813,9999.387096774102,0.0,0.8742202970147807,1.134758800896755
1231740,3777.910023640015,9999.387096774102,0.0,0.8747628496041356,1.1347589550925825
1231800,3777.592122760792,9999.387096774102,0.0,0.8768446847037126,1.1347590934795617
1231860,3777.9459032171394,9999.387096774102,0.0,0.8756838785988045,1.1347588074412405
1231920,3777.880172488778,9999.387096774102,0.0,0.8759243511015183,1.1347584020261594
1231980,3778.382034631356,9999.387096774102,0.0,0.8731371650218085,1.134758420641951
1232040,3778.323699226847,9999.387096774102,0.0,0.874675077967638,1.1347576611005141
1232100,3778.137460421178,9999.387096774102,0.0,0.8754410684846385,1.134756896269924
1232160,3778.011808610673,9999.387096774102,0.0,0.8758073976309962,1.1347564892941524
1232220,3778.0234679691393,9999.387096774102,0.0,0.8758707217626104,1.134756154573504
1232280,3778.354698758473,9999.387096774102,0.0,0.8735289592619221,1.1347562791485897
1232340,3778.176144381229,9999.387096774102,0.0,0.8746925187945188,1.1347561748520336
1232400,3777.9365587165616,9999.387096774102,0.0,0.8758851256184369,1.1347562518112728
1232460,3777.939612202987,9999.387096774102,0.0,0.8757439009108925,1.1347563659389435
1232520,3777.783341039999,9999.387096774102,0.0,0.8763821744864535,1.134756550353985
1232580,3778.0897951530123,9999.387096774102,0.0,0.8746490997612826,1.1347569061600074
1232640,3778.0611932507836,9999.387096774102,0.0,0.8744661376449415,1.134757158603745
1232700,3777.904805235618,9999.387096774102,0.0,0.8753743301853011,1.1347574039496704
1232760,3777.797642596977,9999.387096774102,0.0,0.8759046958322813,1.1347575631642368
1232820,3777.822637438825,9999.387096774102,0.0,0.8754050643534741,1.1347579061846416
1232880,3777.85657984382,9999.387096774102,0.0,0.8753910374576241,1.1347581179140405
1232940,3778.0921674830665,9999.387096774102,0.0,0.8738267762769275,1.1347585474535251
1233000,3777.910737763481,9999.387096774102,0.0,0.8749913696737945,1.1347586624742743
1233060,3777.627759538326,9999.387096774102,0.0,0.8765023559381069,1.1347588294062192
1233120,3777.7485080923343,9999.387096774102,0.0,0.8757468004067915,1.1347590574063278
1233180,3777.73866382257,9999.387096774102,0.0,0.8755583631261556,1.13475928876358
1233240,3778.2106534672043,9999.387096774102,0.0,0.8734593449435399,1.134759620545201
1233300,3778.0910486671582,9999.387096774102,0.0,0.8748556017415332,1.1347591054892887
1233360,3777.8599380764176,9999.387096774102,0.0,0.8759312927079228,1.1347586943120644
1233420,3777.8600612252567,9999.387096774102,0.0,0.876004651461424,1.1347584598984382
1233480,3778.190231329573,9999.387096774102,0.0,0.8752701858464227,1.1347577352398917
1233540,3778.2206550964547,9999.387096774102,0.0,0.8746376180659736,1.1347571883340821
1233600,3778.238115020155,9999.387096774102,0.0,0.8747131585176038,1.1347568382258335
1233660,3778.0647915480477,9999.387096774102,0.0,0.875431091576955,1.1347564877480296
1233720,3777.924520435263,9999.387096774102,0.0,0.8758416104242472,1.1347564210748207
1233780,3777.941269363909,9999.387096774102,0.0,0.8758534496479393,1.1347563849787388
1233840,3778.2786150245474,9999.387096774102,0.0,0.8735431442488082,1.134756716509072
1233900,3778.1077684556776,9999.387096774102,0.0,0.8746835316817292,1.134756753995421
1233960,3777.865611908418,9999.387096774102,0.0,0.8759109164311609,1.1347569196698075
1234020,3777.8723261229725,9999.387096774102,0.0,0.8757699640320907,1.134757097560958
1234080,3777.7348866088814,9999.387096774102,0.0,0.8763188801396726,1.1347573217865492
1234140,3778.0408166506777,9999.387096774102,0.0,0.8746183806891882,1.134757691126045
1234200,3778.0137466127417,9999.387096774102,0.0,0.8744594563373057,1.1347579405133137
1234260,3777.8536417334576,9999.387096774102,0.0,0.8754027098673821,1.1347581691834627
1234320,3777.7502551219595,9999.387096774102,0.0,0.875932388586711,1.1347583086160384
1234380,3777.784022939226,9999.387096774102,0.0,0.8754089625006763,1.1347586243507242
1234440,3777.8264977609697,9999.387096774102,0.0,0.8753519578624557,1.134758808861728
1234500,3778.053977589507,9999.387096774102,0.0,0.8738612419044389,1.134759196812469
1234560,3777.9535846842073,9999.387096774102,0.0,0.8754226676780299,1.1347590504694816
1234620,3777.9483331194774,9999.387096774102,0.0,0.8756717781639906,1.1347585276856098
1234680,3777.736163145098,9999.387096774102,0.0,0.876682193556327,1.1347582729188688
1234740,3778.4056046329997,9999.387096774102,0.0,0.8738957980269907,1.1347580058427646
1234800,3778.263027597707,9999.387096774102,0.0,0.8748545859009654,1.134757139461762
1234860,3778.20052072624,9999.387096774102,0.0,0.8750370079856942,1.1347567040035578
1234920,3778.1100457232997,9999.387096774102,0.0,0.8754994942057853,1.1347562810760203
1234980,3777.8411699746953,9999.387096774102,0.0,0.8768018039854862,1.134756064963475
1235040,3778.102820344806,9999.387096774102,0.0,0.8751679248804941,1.134756133469743
1235100,3778.1157563571433,9999.387096774102,0.0,0.8746785954502293,1.1347562411823802
1235160,3778.1212722401983,9999.387096774102,0.0,0.8747600071768878,1.1347564283038771
1235220,3777.9515306181006,9999.387096774102,0.0,0.8755001422150699,1.1347565040184435
1235280,3777.8316940526497,9999.387096774102,0.0,0.875844548497495,1.1347567502018197
1235340,3777.859154732413,9999.387096774102,0.0,0.8758201208710376,1.1347569376912827
1235400,3778.1926393486865,9999.387096774102,0.0,0.8735768787960664,1.1347574181769584
1235460,3778.0307676891007,9999.387096774102,0.0,0.8746790334249542,1.134757566173016
1235520,3777.7860927086112,9999.387096774102,0.0,0.875947116847281,1.1347577939712616
1235580,3777.7990892490175,9999.387096774102,0.0,0.8757962672696341,1.1347580117970293
1235640,3777.681999154352,9999.387096774102,0.0,0.8762491173192961,1.1347582554254863
1235700,3777.98731867488,9999.387096774102,0.0,0.8745819557825291,1.1347586218285994
1235760,3777.960545883856,9999.387096774102,0.0,0.8744567313569415,1.1347588536412723
1235820,3777.7963528744635,9999.387096774102,0.0,0.8754373334125647,1.134759053496766
1235880,3777.6977445385623,9999.387096774102,0.0,0.8759627136023602,1.1347591632987193
1235940,3777.677174337583,9999.387096774102,0.0,0.875905514835139,1.13475942614389
1236000,3778.175035482339,9999.387096774102,0.0,0.8742915817092541,1.1347593208164137
1236060,3778.088059418829,9999.387096774102,0.0,0.8746292616669888,1.134758868176901
1236120,3777.921401554879,9999.387096774102,0.0,0.8757722843855449,1.134758637446267
1236180,3778.0541620954596,9999.387096774102,0.0,0.8758107176569653,1.134758022731745
1236240,3778.0161953957277,9999.387096774102,0.0,0.8760882352862609,1.1347572450984793
1236300,3778.305989527322,9999.387096774102,0.0,0.8740122640601109,1.1347569879922845
1236360,3778.193440636123,9999.387096774102,0.0,0.8748386207450729,1.1347565941298803
1236420,3778.118877684164,9999.387096774102,0.0,0.8750331225295526,1.1347565107461526
1236480,3778.0144469147967,9999.387096774102,0.0,0.8755465990747854,1.1347564081095423
1236540,3777.766188847054,9999.387096774102,0.0,0.876755433972044,1.1347564374885348
1236600,3778.035570762651,9999.387096774102,0.0,0.875137582878915,1.13475666844304
1236660,3778.057774648947,9999.387096774102,0.0,0.8746307771550546,1.134756885600269
1236720,3778.0515026627313,9999.387096774102,0.0,0.8747918659636216,1.1347571388956035
1236780,3777.885724519519,9999.387096774102,0.0,0.8755417643032298,1.1347572596028714
1236840,3777.7767295872336,9999.387096774102,0.0,0.8758528825278857,1.1347575281030784
1236900,3777.8118438652837,9999.387096774102,0.0,0.8757950746251747,1.1347577236088677
1236960,3778.1421126893515,9999.387096774102,0.0,0.8736044957011999,1.134758190099434
1237020,3777.987047572921,9999.387096774102,0.0,0.8746759810361696,1.1347583229095446
1237080,3777.7418755152694,9999.387096774102,0.0,0.8759640308427398,1.1347585215849687
1237140,3777.7574108813205,9999.387096774102,0.0,0.8758161883278847,1.1347587101585066
1237200,3777.6550572914753,9999.387096774102,0.0,0.876199318163021,1.1347589232120883
1237260,3778.288801435777,9999.387096774102,0.0,0.8731069069371948,1.1347592887535336
1237320,3778.1669357370224,9999.387096774102,0.0,0.8745572058899722,1.1347587733365059
1237380,3777.971028935746,9999.387096774102,0.0,0.8753642534349474,1.1347584057149398
1237440,3777.8043952431376,9999.387096774102,0.0,0.8765553032702154,1.1347581001198856
1237500,3778.152123363836,9999.387096774102,0.0,0.8756038845262603,1.134757341167736
1237560,3778.1351271015533,9999.387096774102,0.0,0.8752654021768821,1.1347567944681867
1237620,3778.3428879254398,9999.387096774102,0.0,0.8742855551281465,1.1347565187331887
1237680,3778.151443517089,9999.387096774102,0.0,0.8749948945525843,1.1347561990324309
1237740,3777.9357825414936,9999.387096774102,0.0,0.8759316727994256,1.1347561130171273
1237800,3777.9240424073205,9999.387096774102,0.0,0.8760380252297795,1.1347560789052777
1237860,3778.1901931989028,9999.387096774102,0.0,0.8740807881676208,1.134756391259962
1237920,3778.100891787248,9999.387096774102,0.0,0.8747656829555408,1.1347564800257501
1237980,3778.0085226214305,9999.387096774102,0.0,0.8751144964889013,1.134756733903641
1238040,3777.9166046720075,9999.387096774102,0.0,0.8755902113925818,1.1347568830604646
1238100,3777.6891149429143,9999.387096774102,0.0,0.8767017664536885,1.1347570925485198
1238160,3777.9608032211013,9999.387096774102,0.0,0.8751053841504596,1.1347574474907924
1238220,3777.994417668132,9999.387096774102,0.0,0.8745730348925397,1.1347577473272563
1238280,3777.974289034318,9999.387096774102,0.0,0.8748310770155479,1.1347580402321664
1238340,3777.813440288028,9999.387096774102,0.0,0.8755881105830045,1.1347581838701224
1238400,3777.716687709587,9999.387096774102,0.0,0.8758581893187429,1.1347584569777283
1238460,3777.7603032021093,9999.387096774102,0.0,0.8757632794268638,1.1347586463507666
1238520,3778.0867977141484,9999.387096774102,0.0,0.8736315671883595,1.1347590858677674
1238580,3777.9377354098647,9999.387096774102,0.0,0.8746777481885916,1.1347591923622173
1238640,3777.6921214980193,9999.387096774102,0.0,0.8759870712681468,1.1347593522637356
1238700,3777.7634823218964,9999.387096774102,0.0,0.8760087081710507,1.1347593620423673
1238760,3777.92756351981,9999.387096774102,0.0,0.8757069734057429,1.1347589031266416
1238820,3778.0853156577136,9999.387096774102,0.0,0.8743664156256109,1.1347587540458965
1238880,3778.272676250663,9999.387096774102,0.0,0.8744187126295033,1.1347584601132221
1238940,3778.198734667575,9999.387096774102,0.0,0.8751748167892835,1.1347575518943176
1239000,3777.875734779719,9999.387096774102,0.0,0.8768447075580195,1.1347569560632078
1239060,3778.0873382704044,9999.387096774102,0.0,0.8755266355237574,1.1347566465395278
1239120,3778.0529952281163,9999.387096774102,0.0,0.8753226670819193,1.1347564752776687
1239180,3778.2495968624116,9999.387096774102,0.0,0.8743085861401771,1.1347565363420442
1239240,3778.0620207523266,9999.387096774102,0.0,0.8750406179592136,1.1347564877202243
1239300,3777.858538048624,9999.387096774102,0.0,0.8759531512257202,1.1347565910296114
1239360,3777.855563402072,9999.387096774102,0.0,0.876035187748944,1.1347566857333
1239420,3778.125405563721,9999.387096774102,0.0,0.8740920046784475,1.1347570806556937
1239480,3778.0484539555514,9999.387096774102,0.0,0.8747177636212858,1.1347572297660755
1239540,3777.9447443157514,9999.387096774102,0.0,0.87515704708418,1.134757504022594
1239600,3777.857767839206,9999.387096774102,0.0,0.8756224280389091,1.134757664854088
1239660,3777.645825623657,9999.387096774102,0.0,0.8766602638463653,1.1347578726839893
1239720,3777.9183749804065,9999.387096774102,0.0,0.8750841839701509,1.1347582123995907
1239780,3777.960141877838,9999.387096774102,0.0,0.874534525265814,1.1347584904034735
1239840,3777.9310236898964,9999.387096774102,0.0,0.8748546332178562,1.1347587488945727
1239900,3777.7728505134623,9999.387096774102,0.0,0.8756197163361598,1.1347588603215806
1239960,3777.5833027312697,9999.387096774102,0.0,0.8766579137571506,1.13475906985331
1240020,3778.0860146215227,9999.387096774102,0.0,0.8748929039997569,1.134758916385129
1240080,3778.04203360296,9999.387096774102,0.0,0.8749776114239616,1.1347584977134324
1240140,3778.1227837303686,9999.387096774102,0.0,0.8747223305450874,1.1347583704945186
1240200,3778.133044036193,9999.387096774102,0.0,0.8755820862450947,1.1347576791111917
1240260,3778.044025593645,9999.387096774102,0.0,0.8760401971689042,1.1347568956708214
1240320,3778.187770710191,9999.387096774102,0.0,0.8747729582591615,1.1347565864294984
1240380,3778.142237143148,9999.387096774102,0.0,0.8752152881670794,1.1347562268723526
1240440,3778.267814914663,9999.387096774102,0.0,0.8741950610181269,1.134756251465816
1240500,3778.089358334775,9999.387096774102,0.0,0.8752153734854319,1.1347561333438727
1240560,3777.784485222388,9999.387096774102,0.0,0.8767777334440257,1.1347561629523863
1240620,3777.9791213505414,9999.387096774102,0.0,0.8755265355548691,1.1347563668273388
1240680,3777.972762866252,9999.387096774102,0.0,0.875198130129491,1.1347565967248157
1240740,3778.1534297325134,9999.387096774102,0.0,0.8743272958174031,1.1347569311036927
1240800,3777.969063885039,9999.387096774102,0.0,0.8750879658300585,1.1347570802339306
1240860,3777.7746235035975,9999.387096774102,0.0,0.8759755144281522,1.1347573245979807
1240920,3777.7795962915407,9999.387096774102,0.0,0.876031462191357,1.1347575187960806
1240980,3778.056343748439,9999.387096774102,0.0,0.8740915297204548,1.1347579712203932
1241040,3777.9906872199185,9999.387096774102,0.0,0.8746682647291305,1.134758156517397
1241100,3777.8741674958233,9999.387096774102,0.0,0.8752067465997704,1.1347584305679106
1241160,3777.7927174101105,9999.387096774102,0.0,0.8756587038408585,1.1347585877389887
1241220,3777.598136672646,9999.387096774102,0.0,0.8766141542177935,1.1347587811593156
1241280,3777.8722265465585,9999.387096774102,0.0,0.8750564106550438,1.1347590946146242
1241340,3777.921974840603,9999.387096774102,0.0,0.8744934739733533,1.1347593407307326
1241400,3777.874576713519,9999.387096774102,0.0,0.8753132826385606,1.1347595282800456
1241460,3777.950441609874,9999.387096774102,0.0,0.8755907322127428,1.1347590958752194
1241520,3777.782468204177,9999.387096774102,0.0,0.8763996170122232,1.1347586733018797
1241580,3778.1703822513323,9999.387096774102,0.0,0.8741406200584253,1.1347586048297607
1241640,3778.344794334222,9999.387096774102,0.0,0.8744524769153756,1.1347578929018334
1241700,3778.2456838493617,9999.387096774102,0.0,0.874591328063816,1.1347572412944318
1241760,3778.0377956768366,9999.387096774102,0.0,0.8756895903733221,1.1347568014641423
1241820,3777.9786153828927,9999.387096774102,0.0,0.8759860842184563,1.1347564526627012
1241880,3778.0940642479536,9999.387096774102,0.0,0.8748427496852635,1.134756482846023
1241940,3778.0679845146487,9999.387096774102,0.0,0.8751474642024795,1.1347564349883856
1242000,3778.180570932937,9999.387096774102,0.0,0.8742628800898737,1.1347566671691611
1242060,3778.0123296406605,9999.387096774102,0.0,0.8752502296583774,1.1347566969569964
1242120,3777.7204381731813,9999.387096774102,0.0,0.8767553297374678,1.1347568258090415
1242180,3777.917054318021,9999.387096774102,0.0,0.8755196102630891,1.134757095604739
1242240,3777.9265143361195,9999.387096774102,0.0,0.8751275166073451,1.134757366967416
1242300,3778.096171395943,9999.387096774102,0.0,0.8743405203398206,1.134757711794843
1242360,3777.913991089428,9999.387096774102,0.0,0.8751214674667962,1.134757860057842
1242420,3777.7262906869287,9999.387096774102,0.0,0.8759918994269752,1.134758092338518
1242480,3777.736849111931,9999.387096774102,0.0,0.8760272533542702,1.1347582692265654
1242540,3778.016392228843,9999.387096774102,0.0,0.8741014878469737,1.134758692431286
1242600,3777.960035168985,9999.387096774102,0.0,0.8746337409383773,1.1347588509129993
1242660,3777.835808176254,9999.387096774102,0.0,0.8752338720733522,1.1347590837156591
1242720,3777.771021698133,9999.387096774102,0.0,0.8761856085564579,1.134759020126263
1242780,3777.9162856120265,9999.387096774102,0.0,0.8758819101752382,1.13475854360786
1242840,3777.970138986523,9999.387096774102,0.0,0.8751652472862153,1.1347583716492875
1242900,3778.4648424761654,9999.387096774102,0.0,0.873566074949817,1.1347581468980124
1242960,3778.2773457708427,9999.387096774102,0.0,0.8748411174546737,1.134757214832697
1243020,3777.961889130311,9999.387096774102,0.0,0.8764857262213623,1.1347566396798725
1243080,3778.0743530719938,9999.387096774102,0.0,0.8757065953524811,1.1347562918109866
1243140,3777.961111737428,9999.387096774102,0.0,0.8760086508362175,1.1347561118323584
1243200,3778.261747515121,9999.387096774102,0.0,0.8743283401309314,1.1347562151952721
1243260,3778.1380961360487,9999.387096774102,0.0,0.8746433199167678,1.1347562321772067
1243320,3777.925436648752,9999.387096774102,0.0,0.8757293939080131,1.1347563409879744
1243380,3777.8680097378583,9999.387096774102,0.0,0.8760302440210459,1.134756433153798
1243440,3778.0057144859084,9999.387096774102,0.0,0.8748200431261802,1.134756787450429
1243500,3777.991374137081,9999.387096774102,0.0,0.8750805497287186,1.134756971453071
1243560,3778.0868681601096,9999.387096774102,0.0,0.8743323421963625,1.1347573521341843
1243620,3777.9262314159587,9999.387096774102,0.0,0.8752922202218599,1.1347574962646738
1243680,3777.6489178078677,9999.387096774102,0.0,0.8767350171138208,1.1347576982417238
1243740,3777.8500993135203,9999.387096774102,0.0,0.8755067397361778,1.134758009822522
1243800,3777.8756865869746,9999.387096774102,0.0,0.8750519984445883,1.1347583014037408
1243860,3778.032331201176,9999.387096774102,0.0,0.874359242528692,1.1347586388738662
1243920,3777.8524863876532,9999.387096774102,0.0,0.8751621657560437,1.1347587721640353
1243980,3777.6728538197513,9999.387096774102,0.0,0.8760086668937553,1.1347589806484275
1244040,3777.690058632736,9999.387096774102,0.0,0.8760190498018621,1.134759130367821
1244100,3777.9687696064093,9999.387096774102,0.0,0.8741386458251129,1.1347595143799634
1244160,3778.2185906791456,9999.387096774102,0.0,0.8740443750631051,1.1347594158385828
1244220,3778.042694715521,9999.387096774102,0.0,0.874963228965461,1.1347588764027554
1244280,3777.6927192680464,9999.387096774102,0.0,0.8770052627752489,1.134758571900114
1244340,3778.122564939406,9999.387096774102,0.0,0.875335373926605,1.1347581287893773
1244400,3778.0987264789883,9999.387096774102,0.0,0.8756285534806995,1.134757335609786
1244460,3778.410303652725,9999.387096774102,0.0,0.8735422728090997,1.1347570811913563
1244520,3778.199031845137,9999.387096774102,0.0,0.8748672716369279,1.1347566250123153
1244580,3777.8949012708067,9999.387096774102,0.0,0.8764110940553115,1.1347564150309943
1244640,3777.9816730530824,9999.387096774102,0.0,0.8757339994709552,1.1347563906584015
1244700,3777.896384335724,9999.387096774102,0.0,0.8759003034315482,1.1347564677942497
1244760,3778.195228705619,9999.387096774102,0.0,0.8742927112402472,1.134756737049013
1244820,3778.068450111554,9999.387096774102,0.0,0.8746626546418905,1.1347568625906312
1244880,3777.8569844897315,9999.387096774102,0.0,0.8757592551231314,1.1347570452250548
1244940,3777.8046879417866,9999.387096774102,0.0,0.8760510874996605,1.1347571871010467
1245000,3777.951984463252,9999.387096774102,0.0,0.8748207152091032,1.1347575650646788
1245060,3777.9482908711307,9999.387096774102,0.0,0.8750299044601036,1.1347577597582175
1245120,3778.0322366938703,9999.387096774102,0.0,0.874376396184669,1.134758123889869
1245180,3777.876170864127,9999.387096774102,0.0,0.8753217243946931,1.1347582525702469
1245240,3777.6099490885595,9999.387096774102,0.0,0.876714930461164,1.134758431086497
1245300,3777.812630209436,9999.387096774102,0.0,0.8755000506464056,1.1347587131701182
1245360,3777.8499258344445,9999.387096774102,0.0,0.8750003556480143,1.1347589737055561
1245420,3778.0929889976646,9999.387096774102,0.0,0.874229855530743,1.1347592614035535
1245480,3778.0448899939033,9999.387096774102,0.0,0.875215274349817,1.1347587745007033
1245540,3777.8267795392,9999.387096774102,0.0,0.8762565950463111,1.1347583535093546
1245600,3778.008767076283,9999.387096774102,0.0,0.8751986935363322,1.1347582026895824
1245660,3778.2843167934193,9999.387096774102,0.0,0.8748932785057143,1.1347574827376736
1245720,3778.2855977982526,9999.387096774102,0.0,0.8744285617114597,1.1347569008433083
1245780,3778.1599464485953,9999.387096774102,0.0,0.8752021345865885,1.1347564959124314
1245840,3778.034654891317,9999.387096774102,0.0,0.8757457132956651,1.134756147154096
1245900,3778.000078308441,9999.387096774102,0.0,0.87548008315202,1.1347561309090581
1245960,3778.009071031282,9999.387096774102,0.0,0.875566808445859,1.1347561046534025
1246020,3778.2886270994227,9999.387096774102,0.0,0.8736402283873886,1.1347564262048562
1246080,3778.088442920233,9999.387096774102,0.0,0.8748913633926932,1.1347564604675808
1246140,3777.7895251047976,9999.387096774102,0.0,0.8764438979660445,1.1347566101881896
1246200,3777.8889367670595,9999.387096774102,0.0,0.8757440389765696,1.134756846213403
1246260,3777.82578672865,9999.387096774102,0.0,0.8758111103482248,1.134757110666938
1246320,3778.119559863467,9999.387096774102,0.0,0.874263839528152,1.1347575054040073
1246380,3777.990597281392,9999.387096774102,0.0,0.8746876053764878,1.1347577117214436
1246440,3777.7814489882494,9999.387096774102,0.0,0.8757932889463584,1.1347579428274186
1246500,3777.735896850903,9999.387096774102,0.0,0.8760703056595169,1.134758112284082
1246560,3777.8938664918187,9999.387096774102,0.0,0.8748147280718018,1.1347584956523666
1246620,3777.901081189679,9999.387096774102,0.0,0.8749722799328502,1.1347586863655212
1246680,3777.9712307377113,9999.387096774102,0.0,0.8744286701523912,1.1347590199872502
1246740,3777.8202362402803,9999.387096774102,0.0,0.8753572692764601,1.1347591224947942
1246800,3777.566571688232,9999.387096774102,0.0,0.876693961684699,1.1347592683617136
1246860,3777.9844812466595,9999.387096774102,0.0,0.8746658175150299,1.1347594641864462
1246920,3778.0566559544527,9999.387096774102,0.0,0.8750014987900194,1.134759003826181
1246980,3778.125429705896,9999.387096774102,0.0,0.8742409993545815,1.1347587905826644
1247040,3777.915991192313,9999.387096774102,0.0,0.8761370143090189,1.1347584134040565
1247100,3778.108071084452,9999.387096774102,0.0,0.8757047157193952,1.1347575796561251
1247160,3777.9127138421854,9999.387096774102,0.0,0.8765369021197941,1.1347570018048962
1247220,3778.230098405765,9999.387096774102,0.0,0.8747587895437106,1.1347567474313165
1247280,3778.1992892219723,9999.387096774102,0.0,0.8745075027307763,1.1347565447220131
1247340,3778.067845613494,9999.387096774102,0.0,0.8752369156938622,1.1347564794157627
1247400,3777.941248181501,9999.387096774102,0.0,0.8758069920090907,1.1347564111843296
1247460,3777.928263760167,9999.387096774102,0.0,0.8754714699058742,1.134756595356146
1247520,3777.947216597543,9999.387096774102,0.0,0.8755220216098862,1.1347567041015354
1247580,3778.2162193451,9999.387096774102,0.0,0.8736915868485886,1.1347571054414962
1247640,3778.023495208832,9999.387096774102,0.0,0.8749100222326617,1.1347572004488502
1247700,3777.7302375578283,9999.387096774102,0.0,0.8764495793391444,1.1347573804030926
1247760,3777.8334527349994,9999.387096774102,0.0,0.8757539376586997,1.1347576291791452
1247820,3777.7869702325343,9999.387096774102,0.0,0.8757457305499841,1.13475789399845
1247880,3778.0762184296564,9999.387096774102,0.0,0.8742464221742162,1.1347582719347002
1247940,3777.946456799332,9999.387096774102,0.0,0.8747046042579811,1.1347584534943098
1248000,3777.7392218038985,9999.387096774102,0.0,0.8758151015634175,1.1347586544963837
1248060,3777.6976556894588,9999.387096774102,0.0,0.8760831894532416,1.1347587937735908
1248120,3777.8282858595508,9999.387096774102,0.0,0.8750721985779027,1.1347591327371307
1248180,3778.278591261502,9999.387096774102,0.0,0.8738635767412597,1.1347590626647124
1248240,3778.10844324277,9999.387096774102,0.0,0.8746672744632392,1.1347585570398582
1248300,3777.8075255605213,9999.387096774102,0.0,0.8765219392769388,1.1347582803736778
1248360,3778.082431720798,9999.387096774102,0.0,0.8757261557888704,1.1347577415177283
1248420,3778.0634545237976,9999.387096774102,0.0,0.8759543112563309,1.13475695312661
1248480,3778.431916188739,9999.387096774102,0.0,0.8734542118007771,1.1347567284761448
1248540,3778.242843224565,9999.387096774102,0.0,0.8747057085646058,1.1347562986964352
1248600,3778.0219771160537,9999.387096774102,0.0,0.8757520953110718,1.1347561484981905
1248660,3778.0021782476992,9999.387096774102,0.0,0.8757133503379921,1.134756089991368
1248720,3777.821692795902,9999.387096774102,0.0,0.8764821779800172,1.134756151843646
1248780,3778.1268266234974,9999.387096774102,0.0,0.8747264910321215,1.13475642256838
1248840,3778.1062326486726,9999.387096774102,0.0,0.8744690119104477,1.1347566265816955
1248900,3777.965640491514,9999.387096774102,0.0,0.8752888106651364,1.1347568462846729
1248960,3777.847694232595,9999.387096774102,0.0,0.8758502675689579,1.1347569868225582
1249020,3777.849194477192,9999.387096774102,0.0,0.8754682547260698,1.1347573189509752
1249080,3777.8790653617416,9999.387096774102,0.0,0.8754688976284073,1.1347575330934412
1249140,3778.136960358992,9999.387096774102,0.0,0.8737461251716457,1.1347579874725888
1249200,3777.9515421133506,9999.387096774102,0.0,0.8749355619473794,1.1347581189305342
1249260,3777.66500510137,9999.387096774102,0.0,0.8764572386593024,1.1347583091691573
1249320,3777.772778368537,9999.387096774102,0.0,0.8757618729508742,1.134758555145284
1249380,3777.744496277767,9999.387096774102,0.0,0.8756717323413951,1.134758807300802
1249440,3778.0279958865453,9999.387096774102,0.0,0.8742289132701023,1.1347591564255959
1249500,3777.8967000141974,9999.387096774102,0.0,0.8747281432892438,1.1347593026881029
1249560,3777.5850520910394,9999.387096774102,0.0,0.8767884960180764,1.134759425862018
1249620,3777.919728333351,9999.387096774102,0.0,0.8757101400214785,1.1347591290945487
1249680,3777.854685955842,9999.387096774102,0.0,0.8759548358589634,1.1347587226093792
1249740,3778.3629963206217,9999.387096774102,0.0,0.8731272487100292,1.134758735546221
1249800,3778.3087226782686,9999.387096774102,0.0,0.8746320993002911,1.1347579813291688
1249860,3778.1208472225017,9999.387096774102,0.0,0.8754063569547466,1.1347572236925942
1249920,3777.9868864221203,9999.387096774102,0.0,0.8758406692702864,1.1347568114806472
1249980,3778.0002066226302,9999.387096774102,0.0,0.8758913419455724,1.1347564728469766
1250040,3778.3287329383274,9999.387096774102,0.0,0.8735713620181026,1.1347565865232738
1250100,3778.1611057899495,9999.387096774102,0.0,0.8746796162465232,1.1347564767237794
1250160,3777.9332766690954,9999.387096774102,0.0,0.8758094336885441,1.1347565459568387
1250220,3777.925674149379,9999.387096774102,0.0,0.8757408261751111,1.1347566415896424
1250280,3777.7644424356413,9999.387096774102,0.0,0.8764186736906487,1.1347568094601315
1250340,3778.068757215683,9999.387096774102,0.0,0.8746945279067012,1.1347571477147769
1250400,3778.051354419867,9999.387096774102,0.0,0.8744547300455294,1.134757390946095
1250460,3777.905521001803,9999.387096774102,0.0,0.8753208220055593,1.1347576242080093
1250520,3777.791936927523,9999.387096774102,0.0,0.8758819827233799,1.1347577676279847
1250580,3777.803309824184,9999.387096774102,0.0,0.875471773564545,1.1347580895436973
1250640,3777.841952142621,9999.387096774102,0.0,0.8754293094491074,1.1347582886742502
1250700,3778.091692033426,9999.387096774102,0.0,0.8737834817039343,1.1347587096751812
1250760,3777.9111469416853,9999.387096774102,0.0,0.8749527487434028,1.1347588125048043
1250820,3777.6302641594634,9999.387096774102,0.0,0.8764556714577851,1.1347589676565675
1250880,3777.8611776594,9999.387096774102,0.0,0.8755042813877811,1.1347590738168798
1250940,3778.000374715127,9999.387096774102,0.0,0.875424624696971,1.1347586189515118
1251000,3778.165812229353,9999.387096774102,0.0,0.874052447368171,1.1347584690851351
1251060,3778.116863250646,9999.387096774102,0.0,0.8752934825145645,1.1347581224039254
1251120,3778.1730882587653,9999.387096774102,0.0,0.875460871249164,1.1347572362548901
1251180,3777.887210213048,9999.387096774102,0.0,0.8768718127299917,1.1347566392746415
1251240,3778.1649008161908,9999.387096774102,0.0,0.8752174297933036,1.1347563640283687
1251300,3778.1581388500267,9999.387096774102,0.0,0.8748124944793575,1.1347561972597648
1251360,3778.1969052887353,9999.387096774102,0.0,0.8746722934228305,1.1347562100368227
1251420,3778.018171540524,9999.387096774102,0.0,0.8754224033794468,1.1347561544894273
1251480,3777.879107438045,9999.387096774102,0.0,0.8758670585052826,1.1347563008645902
1251540,3777.8994387004514,9999.387096774102,0.0,0.8758696227560359,1.134756419202898
1251600,3778.234102343934,9999.387096774102,0.0,0.8735834899272841,1.1347568617499852
1251660,3778.0747058757333,9999.387096774102,0.0,0.8746675839547885,1.1347569894015046
1251720,3777.842214100954,9999.387096774102,0.0,0.8758501966923385,1.1347572181365861
1251780,3777.8407503325875,9999.387096774102,0.0,0.8757719080182313,1.1347574320728986
1251840,3777.7015150483526,9999.387096774102,0.0,0.87634568170784,1.1347576799977936
1251900,3778.0060697410217,9999.387096774102,0.0,0.8746552699411175,1.1347580608753447
1251960,3777.9901299820294,9999.387096774102,0.0,0.8744455505574392,1.1347583207587872
1252020,3777.838661080978,9999.387096774102,0.0,0.8753590697464076,1.1347585499279425
1252080,3777.730313882685,9999.387096774102,0.0,0.8759169240462076,1.1347586823407951
1252140,3777.7534826894585,9999.387096774102,0.0,0.8754692781059841,1.1347589823311703
1252200,3777.8014745068103,9999.387096774102,0.0,0.8753818875110395,1.1347591562883828
1252260,3778.0411733443916,9999.387096774102,0.0,0.873826262181762,1.134759533718432
1252320,3777.9470133062546,9999.387096774102,0.0,0.87535668099968,1.134759378080903
1252380,3777.9303154815357,9999.387096774102,0.0,0.8756537721802578,1.1347588530267199
1252440,3777.7118164381463,9999.387096774102,0.0,0.8767175195122224,1.134758589809427
1252500,3778.364804873613,9999.387096774102,0.0,0.8739902036717486,1.1347583121856308
1252560,3778.236524050621,9999.387096774102,0.0,0.8748722175885915,1.1347574604256336
1252620,3778.1927119806455,9999.387096774102,0.0,0.8749524764743356,1.1347570339313278
1252680,3778.0934478333033,9999.387096774102,0.0,0.8754797983469776,1.1347566043423802
1252740,3777.8225498377396,9999.387096774102,0.0,0.8768032818551362,1.1347563803537342
1252800,3778.077624708952,9999.387096774102,0.0,0.8752098596367887,1.1347564348112267
1252860,3778.0937072012794,9999.387096774102,0.0,0.8747128735475609,1.134756532173829
1252920,3778.116916039716,9999.387096774102,0.0,0.8747068406230719,1.1347567116900048
1252980,3777.9437230475987,9999.387096774102,0.0,0.8754640048904491,1.1347567737998627
1253040,3777.8146584980955,9999.387096774102,0.0,0.8758781293175387,1.1347570001715306
1253100,3777.842676256045,9999.387096774102,0.0,0.8758472691690504,1.1347571728319052
1253160,3778.17582060344,9999.387096774102,0.0,0.8736085371457768,1.1347576366109122
1253220,3778.0240761153696,9999.387096774102,0.0,0.8746591616216505,1.1347577747433835
1253280,3777.7895313943804,9999.387096774102,0.0,0.8758726722228336,1.1347579922100002
1253340,3777.791318790514,9999.387096774102,0.0,0.8757947657778138,1.134758190838737
1253400,3777.6679572233134,9999.387096774102,0.0,0.8762931886514339,1.134758418117077
1253460,3777.9715974696096,9999.387096774102,0.0,0.8746298769422755,1.1347587686766485
1253520,3777.9572758471654,9999.387096774102,0.0,0.8744388268364198,1.13475899410129
1253580,3777.7330652236064,9999.387096774102,0.0,0.8761602952642271,1.1347591474160008
1253640,3777.9390406654557,9999.387096774102,0.0,0.8757488248712642,1.134758777465274
1253700,3777.8176839362673,9999.387096774102,0.0,0.8763047023879507,1.1347583636301728
1253760,3778.3402073943157,9999.387096774102,0.0,0.8733053383590791,1.1347583676931026
1253820,3778.3965984588613,9999.387096774102,0.0,0.8743140567790361,1.1347576298031627
1253880,3778.216405412561,9999.387096774102,0.0,0.874932891989783,1.1347569092000378
1253940,3778.007948399134,9999.387096774102,0.0,0.875899649803686,1.1347564716405205
1254000,3777.9936967854537,9999.387096774102,0.0,0.8760268632724542,1.134756134251634
1254060,3778.231061582774,9999.387096774102,0.0,0.8741802238071624,1.1347562208575626
1254120,3778.143507365928,9999.387096774102,0.0,0.8748351022902331,1.1347561604383998
1254180,3778.082429407132,9999.387096774102,0.0,0.8749838284533643,1.1347563253139865
1254240,3777.976973130168,9999.387096774102,0.0,0.8755332125040475,1.1347563934007234
1254300,3777.728918145352,9999.387096774102,0.0,0.8767542160885082,1.1347565488207312
1254360,3777.9923309843725,9999.387096774102,0.0,0.8751741452563967,1.1347568711835143
1254420,3778.020245133838,9999.387096774102,0.0,0.8746505458255868,1.1347571588669754
1254480,3778.028311578497,9999.387096774102,0.0,0.8747477138116466,1.134757462962328
1254540,3777.8602847693305,9999.387096774102,0.0,0.8755149317176834,1.1347576142649725
1254600,3777.7444979306756,9999.387096774102,0.0,0.8758850558944965,1.134757895894974
1254660,3777.7813764986563,9999.387096774102,0.0,0.8758178207167849,1.134758100252997
1254720,3778.1121295498792,9999.387096774102,0.0,0.8736331243737118,1.134758565814816
1254780,3777.9672203514187,9999.387096774102,0.0,0.8746553889241522,1.134758698895549
1254840,3777.7306354292564,9999.387096774102,0.0,0.8759017254393411,1.1347588918875007
1254900,3777.736814154168,9999.387096774102,0.0,0.8758188364607166,1.1347590646085313
1254960,3777.63108262216,9999.387096774102,0.0,0.8762334860504051,1.1347592620687625
1255020,3778.2601923309967,9999.387096774102,0.0,0.8731528545724678,1.1347596090784666
1255080,3778.148045031355,9999.387096774102,0.0,0.8745407073431005,1.1347590977134567
1255140,3777.959508237345,9999.387096774102,0.0,0.8753127832484415,1.134758731141528
1255200,3777.783585658978,9999.387096774102,0.0,0.8765764960417304,1.134758414196696
1255260,3778.1237811928318,9999.387096774102,0.0,0.8756298138279508,1.1347576591796686
1255320,3778.1048338828323,9999.387096774102,0.0,0.8753176809944104,1.1347571156928826
1255380,3778.3265314281607,9999.387096774102,0.0,0.8742632340351825,1.1347568420065
1255440,3778.138171765078,9999.387096774102,0.0,0.8749586073736206,1.1347565201057441
1255500,3777.9205787772366,9999.387096774102,0.0,0.8759280069305614,1.134756422890944
1255560,3777.9058176065582,9999.387096774102,0.0,0.8760472088189671,1.1347563767940336
1255620,3778.160134295407,9999.387096774102,0.0,0.8741653800059864,1.1347566699018274
1255680,3778.082941205037,9999.387096774102,0.0,0.8747836517255662,1.1347567496974715
1255740,3778.0090189488565,9999.387096774102,0.0,0.8750305037063058,1.1347569966604616
1255800,3777.908376013466,9999.387096774102,0.0,0.8755687925973121,1.13475712727677
1255860,3777.6767201693056,9999.387096774102,0.0,0.876712828125624,1.1347573199611607
1255920,3777.9419158952574,9999.387096774102,0.0,0.8751524882956386,1.1347576558395904
1255980,3777.9794162274147,9999.387096774102,0.0,0.8746046909135329,1.13475794296225
1256040,3777.9772622735154,9999.387096774102,0.0,0.8747730433005818,1.1347582275991575
1256100,3777.81226246262,9999.387096774102,0.0,0.8755495817801032,1.134758357576484
1256160,3777.7050142349576,9999.387096774102,0.0,0.8758938947405309,1.1347586117022015
1256220,3777.748496809835,9999.387096774102,0.0,0.8757958682075104,1.1347587878444874
1256280,3778.0764122045916,9999.387096774102,0.0,0.8736561901521323,1.134759213971225
1256340,3778.1270848965123,9999.387096774102,0.0,0.8745963212785599,1.1347590810784987
1256400,3778.0101577336836,9999.387096774102,0.0,0.875293118445789,1.1347585396108826
1256460,3777.6854278130277,9999.387096774102,0.0,0.8770887626931516,1.1347582487659573
1256520,3778.2488980727085,9999.387096774102,0.0,0.874750749838946,1.1347578886696394
1256580,3778.1836815533884,9999.387096774102,0.0,0.8752814190264042,1.1347570652535888
1256640,3778.3524027013923,9999.387096774102,0.0,0.8740737167300285,1.1347567432596786
1256700,3778.171544579817,9999.387096774102,0.0,0.8751461607228324,1.1347562934917623
1256760,3777.854898959167,9999.387096774102,0.0,0.8767527348785111,1.1347560739069324
1256820,3778.0292768599243,9999.387096774102,0.0,0.8755679616335993,1.134756099450032
1256880,3778.0055135430734,9999.387096774102,0.0,0.8753232293937685,1.1347562052918587
1256940,3778.212860855825,9999.387096774102,0.0,0.8742861484094405,1.1347564637588867
1257000,3778.0286823302126,9999.387096774102,0.0,0.8750104896437991,1.1347565592016806
1257060,3777.8233817964456,9999.387096774102,0.0,0.8759545353134736,1.1347567656943736
1257120,3777.8186949924034,9999.387096774102,0.0,0.876045997612877,1.1347569379130722
1257180,3778.0801137179105,9999.387096774102,0.0,0.8741659007937508,1.1347573813604173
1257240,3778.015714251024,9999.387096774102,0.0,0.8747263706579811,1.134757571209585
1257300,3777.927110392126,9999.387096774102,0.0,0.8750883605940022,1.1347578728673628
1257360,3777.833213034568,9999.387096774102,0.0,0.8756083080125613,1.1347580421352161
1257420,3777.619666435608,9999.387096774102,0.0,0.8766671880532647,1.134758251978618
1257480,3777.887054983194,9999.387096774102,0.0,0.8751245928682497,1.1347585853348823
1257540,3777.9342185246605,9999.387096774102,0.0,0.87455534776143,1.1347588581460217
1257600,3777.919974305424,9999.387096774102,0.0,0.8748054360819995,1.1347591106607955
1257660,3777.7586423182524,9999.387096774102,0.0,0.8755899742748052,1.1347592093193857
1257720,3777.560938131051,9999.387096774102,0.0,0.8766936324305435,1.134759398858382
1257780,3778.0531815046743,9999.387096774102,0.0,0.8749524164870074,1.134759234643129
1257840,3778.016374798764,9999.387096774102,0.0,0.8750062608163317,1.1347588183225419
1257900,3778.1198726825364,9999.387096774102,0.0,0.8746205703007406,1.1347586926195976
1257960,3778.1164734999247,9999.387096774102,0.0,0.8755532228094285,1.1347579982476284
1258020,3778.0229265786193,9999.387096774102,0.0,0.87603133724211,1.1347572208446925
1258080,3778.1525271984938,9999.387096774102,0.0,0.8748581060936824,1.134756904685895
1258140,3778.117365603536,9999.387096774102,0.0,0.8752432315992731,1.134756544711598
1258200,3778.2598325576987,9999.387096774102,0.0,0.8741289072076538,1.1347565680895193
1258260,3778.077724040672,9999.387096774102,0.0,0.8751846330430473,1.1347564381866775
1258320,3777.773353967406,9999.387096774102,0.0,0.8767511753561478,1.1347564554509493
1258380,3777.9585246484153,9999.387096774102,0.0,0.8755591098707135,1.1347566406986072
1258440,3777.95042805891,9999.387096774102,0.0,0.8752526871743875,1.1347568556662266
1258500,3778.1466144947535,9999.387096774102,0.0,0.874297211676325,1.1347571797508946
1258560,3777.9646354693296,9999.387096774102,0.0,0.8750453779556024,1.1347573170164316
1258620,3777.766302102336,9999.387096774102,0.0,0.875973604117543,1.134757543387562
1258680,3777.767610520708,9999.387096774102,0.0,0.8760451410438412,1.1347577217592884
1258740,3778.033129075171,9999.387096774102,0.0,0.874174077976581,1.1347581536658078
1258800,3777.9791806249955,9999.387096774102,0.0,0.8746847231116638,1.1347583297129473
1258860,3777.8811070238175,9999.387096774102,0.0,0.8751210898196945,1.134758597907457
1258920,3777.790358842269,9999.387096774102,0.0,0.8756365731337824,1.1347587380536381
1258980,3777.5901170229836,9999.387096774102,0.0,0.876631991307966,1.134758916423604
1259040,3778.1541445799976,9999.387096774102,0.0,0.8738250977832993,1.1347592084156102
1259100,3778.139751521851,9999.387096774102,0.0,0.8746788527647301,1.1347587287658685
1259160,3778.07893562928,9999.387096774102,0.0,0.8746781444759958,1.134758446316325
1259220,3777.832757072851,9999.387096774102,0.0,0.8765715825678881,1.1347580863287519
1259280,3778.1236834817964,9999.387096774102,0.0,0.8757542902549575,1.1347572844552345
1259340,3778.009550873276,9999.387096774102,0.0,0.8760482175678534,1.1347567212807925
1259400,3778.324065973426,9999.387096774102,0.0,0.8743764723573926,1.1347564775575447
1259460,3778.2085450802488,9999.387096774102,0.0,0.8746082878890599,1.1347562243731442
1259520,3777.9985592308703,9999.387096774102,0.0,0.875658486409156,1.134756139275454
1259580,3777.9273323594957,9999.387096774102,0.0,0.8760015710618387,1.134756091171109
1259640,3778.0419951621825,9999.387096774102,0.0,0.8749002391334645,1.1347563411646833
1259700,3778.0251780868857,9999.387096774102,0.0,0.8751671857846257,1.134756454854128
1259760,3778.151601503807,9999.387096774102,0.0,0.8742090937486516,1.134756809205677
1259820,3777.9806049169224,9999.387096774102,0.0,0.8752272123640543,1.134756925772085
1259880,3777.6907202063335,9999.387096774102,0.0,0.8767326290961626,1.1347571168116724
1259940,3777.880113252135,9999.387096774102,0.0,0.8755493891740687,1.1347574241553637
1260000,3777.890628370212,9999.387096774102,0.0,0.8751673437018568,1.1347577219872511
1260060,3778.0735082836372,9999.387096774102,0.0,0.8743130090479702,1.1347580852860966
1260120,3777.893796318314,9999.387096774102,0.0,0.8750872302872201,1.1347582421475544
1260180,3777.703459471596,9999.387096774102,0.0,0.8759934270141166,1.1347584708198282
1260240,3777.7117504440894,9999.387096774102,0.0,0.8760407541161617,1.1347586413714001
1260300,3777.9824630432868,9999.387096774102,0.0,0.8741751559086574,1.1347590495391093
1260360,3777.9384856915362,9999.387096774102,0.0,0.8746404434655998,1.1347592009811052
1260420,3777.8292418192054,9999.387096774102,0.0,0.8751622137543342,1.1347594253695752
1260480,3777.7540674447687,9999.387096774102,0.0,0.8761818865673343,1.1347593450363884
1260540,3777.893118629439,9999.387096774102,0.0,0.8758923807548432,1.1347588667164075
1260600,3777.9387333074606,9999.387096774102,0.0,0.8752402757937372,1.134758686502178
1260660,3778.450834783136,9999.387096774102,0.0,0.8735215662855327,1.1347584612410466
1260720,3778.2584892416357,9999.387096774102,0.0,0.8748154128296504,1.1347575388797706
1260780,3777.950184812197,9999.387096774102,0.0,0.8764260745685061,1.134756968550869
1260840,3778.0517846940998,9999.387096774102,0.0,0.8757192403318976,1.134756612836399
1260900,3777.9351414424773,9999.387096774102,0.0,0.8760544540615284,1.1347564248937523
1260960,3778.237638226518,9999.387096774102,0.0,0.8743609940302063,1.1347565174024279
1261020,3778.1266541213495,9999.387096774102,0.0,0.8746132791250043,1.1347565295906108
1261080,3777.9183841592917,9999.387096774102,0.0,0.8756952959557596,1.134756625352742
1261140,3777.855240317458,9999.387096774102,0.0,0.8760230347157364,1.1347567021750742
1261200,3777.978900997527,9999.387096774102,0.0,0.874903211840407,1.1347570348658964
1261260,3777.9735324935823,9999.387096774102,0.0,0.8751133311148754,1.134757207125786
1261320,3778.0876966901533,9999.387096774102,0.0,0.8742591727163675,1.1347575802062564
1261380,3777.922406501534,9999.387096774102,0.0,0.875257816433219,1.1347577078817062
1261440,3777.643668767057,9999.387096774102,0.0,0.8767148236441714,1.1347578946124914
1261500,3777.83512847493,9999.387096774102,0.0,0.8755440720881829,1.1347581868350172
1261560,3777.858844351168,9999.387096774102,0.0,0.8751094441442459,1.13475846402941
1261620,3778.032525921607,9999.387096774102,0.0,0.8743225412330957,1.1347587934088084
1261680,3777.854311532393,9999.387096774102,0.0,0.8751153594262212,1.1347589166449077
1261740,3777.551351574843,9999.387096774102,0.0,0.8769811260502007,1.1347590721442036
1261800,3777.9864650711766,9999.387096774102,0.0,0.8754472917281415,1.1347588440941891
1261860,3777.944120412541,9999.387096774102,0.0,0.8755430318723907,1.1347584392695824
1261920,3778.30580580973,9999.387096774102,0.0,0.8736233378447632,1.1347584139245883
1261980,3778.2415828340936,9999.387096774102,0.0,0.8750740714167015,1.1347576686209637
1262040,3778.088378792432,9999.387096774102,0.0,0.8757537740446076,1.134756890599005
1262100,3778.0618632414707,9999.387096774102,0.0,0.8754948978489175,1.1347565197157012
1262160,3778.0651829743306,9999.387096774102,0.0,0.8756400955183793,1.134756180034638
1262220,3778.3589132263287,9999.387096774102,0.0,0.8735678109684202,1.1347562858159166
1262280,3778.1526085809796,9999.387096774102,0.0,0.8748442862943278,1.1347561635720211
1262340,3777.8538898696547,9999.387096774102,0.0,0.8763820726954469,1.1347562072811432
1262400,3777.9392947604038,9999.387096774102,0.0,0.875746076378569,1.1347563584680522
1262460,3777.8526621008587,9999.387096774102,0.0,0.8759381714017719,1.1347565651112883
1262520,3778.1536465278095,9999.387096774102,0.0,0.8743166726385356,1.1347569314140895
1262580,3778.0385524129847,9999.387096774102,0.0,0.8746360275945895,1.1347571338216706
1262640,3777.8310972874215,9999.387096774102,0.0,0.8757337779112662,1.1347573647657327
1262700,3777.7748651584666,9999.387096774102,0.0,0.8760487504098823,1.134757537431837
1262760,3777.9113792922367,9999.387096774102,0.0,0.8748949857875076,1.13475792807533
1262820,3777.9173790912814,9999.387096774102,0.0,0.8750526806473543,1.1347581354179614
1262880,3778.0169616504604,9999.387096774102,0.0,0.874316781208936,1.1347585066186678
1262940,3777.8576263143614,9999.387096774102,0.0,0.8752947368746833,1.134758630074913
1263000,3777.591493727045,9999.387096774102,0.0,0.8766967280108491,1.1347587997045474
1263060,3777.7860919032305,9999.387096774102,0.0,0.8755340341097798,1.1347590660265605
1263120,3777.823894506391,9999.387096774102,0.0,0.8750441011039476,1.134759312984253
1263180,3778.0899771816025,9999.387096774102,0.0,0.8741373752004544,1.1347595922968898
1263240,3778.0296251849,9999.387096774102,0.0,0.8751818591759449,1.1347591007058038
1263300,3777.8106407297646,9999.387096774102,0.0,0.8762325745755563,1.1347586776721763
1263360,3777.9707147100753,9999.387096774102,0.0,0.8753119786020702,1.134758511529377
1263420,3778.253100585802,9999.387096774102,0.0,0.874932583955916,1.134757798129011
1263480,3778.263396563641,9999.387096774102,0.0,0.8744269153488105,1.1347572253347031
1263540,3778.1500791414437,9999.387096774102,0.0,0.8751513470661941,1.1347568226221667
1263600,3778.0191906429764,9999.387096774102,0.0,0.8757220860109961,1.1347564681527076
1263660,3777.972868280386,9999.387096774102,0.0,0.8755400231633857,1.1347564373240855
1263720,3777.986943510375,9999.387096774102,0.0,0.8755973219984365,1.1347564016839116
1263780,3778.277127335135,9999.387096774102,0.0,0.873612161469878,1.1347567138078745
1263840,3778.0793870303364,9999.387096774102,0.0,0.8748604861679963,1.1347567357986945
1263900,3777.7855284677,9999.387096774102,0.0,0.8763888688255994,1.1347568730009703
1263960,3777.8739080823257,9999.387096774102,0.0,0.875759928592102,1.1347570888539227
1264020,3777.805974890736,9999.387096774102,0.0,0.8758660377528223,1.1347573363907004
1264080,3778.103874018502,9999.387096774102,0.0,0.87429031597136,1.1347577158627753
1264140,3777.987117964326,9999.387096774102,0.0,0.8746511452915207,1.1347579144671855
1264200,3777.7808649187823,9999.387096774102,0.0,0.8757587639682498,1.134758130881615
1264260,3777.728973686679,9999.387096774102,0.0,0.8760655487197818,1.134758284789736
1264320,3777.8726996344208,9999.387096774102,0.0,0.874898709604621,1.134758647686529
1264380,3777.888279658383,9999.387096774102,0.0,0.875008056734442,1.1347588282960346
1264440,3777.9781342150177,9999.387096774102,0.0,0.8743517624219151,1.1347591572992952
1264500,3777.8511219239335,9999.387096774102,0.0,0.8758858122931255,1.1347590307745452
1264560,3777.921268347506,9999.387096774102,0.0,0.8758394615296572,1.1347585273429357
1264620,3777.8173958379048,9999.387096774102,0.0,0.8761343287671003,1.134758307036049
1264680,3778.50273769602,9999.387096774102,0.0,0.8733805045624792,1.134758089906001
1264740,3778.296911565093,9999.387096774102,0.0,0.8746949799090649,1.1347571832101475
1264800,3778.0904114699288,9999.387096774102,0.0,0.8757157100993753,1.1347566733561785
1264860,3778.0811383258947,9999.387096774102,0.0,0.8756645579273593,1.1347562788366217
1264920,3777.8714304935793,9999.387096774102,0.0,0.8765894380713839,1.1347560757648958
1264980,3778.16924621886,9999.387096774102,0.0,0.8748110929035684,1.1347561659577678
1265040,3778.1560998935797,9999.387096774102,0.0,0.8744808474603503,1.1347562523078252
1265100,3778.0342772550807,9999.387096774102,0.0,0.8751995819436812,1.1347563915661996
1265160,3777.905775537603,9999.387096774102,0.0,0.8757882406939717,1.134756469301318
1265220,3777.8826222621683,9999.387096774102,0.0,0.8755285498778868,1.1347567566590784
1265280,3777.9079088410676,9999.387096774102,0.0,0.8755448103486383,1.1347569481465876
1265340,3778.186448486983,9999.387096774102,0.0,0.8736705367943236,1.1347574080035083
1265400,3777.9971573736107,9999.387096774102,0.0,0.8748833499867874,1.134757542064667
1265460,3777.708890279506,9999.387096774102,0.0,0.8764035110633471,1.1347577464007417
1265520,3777.8030424843923,9999.387096774102,0.0,0.8757712452737056,1.134758003024853
1265580,3777.754953502837,9999.387096774102,0.0,0.8757871112264576,1.1347582707485604
1265640,3778.0485974107783,9999.387096774102,0.0,0.8742635998914247,1.1347586462873003
1265700,3777.9294590842424,9999.387096774102,0.0,0.8746726799109479,1.1347588266816795
1265760,3777.7248439085015,9999.387096774102,0.0,0.8757880215707347,1.1347590166492576
1265820,3777.6783952447727,9999.387096774102,0.0,0.8760822544669146,1.1347591419838248
1265880,3777.795066654546,9999.387096774102,0.0,0.8751676246288173,1.1347594594529467
1265940,3778.2505108414625,9999.387096774102,0.0,0.8738948683618255,1.1347593815610424
1266000,3778.09074629766,9999.387096774102,0.0,0.8746475882435327,1.1347588817026901
1266060,3777.8024056942386,9999.387096774102,0.0,0.8764377857129747,1.1347586028173566
1266120,3778.054638263572,9999.387096774102,0.0,0.8757581112211481,1.1347580556582941
1266180,3778.037308437499,9999.387096774102,0.0,0.8759739441892564,1.1347572754579833
1266240,3778.4009660091783,9999.387096774102,0.0,0.8735085103163618,1.134757047518283
1266300,3778.2237018452265,9999.387096774102,0.0,0.8746989348509755,1.1347566196076042
1266360,3778.015907536238,9999.387096774102,0.0,0.8756753397981516,1.1347564673987038
1266420,3777.9860470880008,9999.387096774102,0.0,0.8757076560678815,1.1347563940724041
1266480,3777.801170102682,9999.387096774102,0.0,0.8765131670067035,1.1347564417775566
1266540,3778.10350443044,9999.387096774102,0.0,0.874771462424049,1.1347566960589652
1266600,3778.093001820699,9999.387096774102,0.0,0.8744641531840858,1.134756890909449
1266660,3777.9642802841704,9999.387096774102,0.0,0.8752347651789564,1.1347570992154445
1266720,3777.840249415819,9999.387096774102,0.0,0.8758256022097146,1.1347572239345907
1266780,3777.828659116478,9999.387096774102,0.0,0.8755313048457117,1.1347575346052783
1266840,3777.86295219899,9999.387096774102,0.0,0.875505158065707,1.1347577353313396
1266900,3778.1333816173446,9999.387096774102,0.0,0.8737106595190061,1.134758179496896
1266960,3777.9498446856182,9999.387096774102,0.0,0.8748991755411514,1.1347582982010316
1267020,3777.666607056666,9999.387096774102,0.0,0.8764059551677129,1.1347584760838276
1267080,3777.7629239355147,9999.387096774102,0.0,0.8757811495257477,1.1347587033802464
1267140,3777.7291576283355,9999.387096774102,0.0,0.8757321610487898,1.1347589406300238
1267200,3778.2594110739205,9999.387096774102,0.0,0.8732931627913891,1.1347592990716027
1267260,3778.129814836485,9999.387096774102,0.0,0.8747634828224349,1.134758780037148
1267320,3777.8998373087525,9999.387096774102,0.0,0.875807994567336,1.1347583789210733
1267380,3777.854601205539,9999.387096774102,0.0,0.8761701122749266,1.1347581307641814
1267440,3778.1968531770926,9999.387096774102,0.0,0.8753623413939999,1.1347573937755455
1267500,3778.218950325874,9999.387096774102,0.0,0.8747689217663158,1.134756846167329
1267560,3778.28331066605,9999.387096774102,0.0,0.8745886692591864,1.1347565171173184
1267620,3778.1001960819017,9999.387096774102,0.0,0.8753260567855083,1.1347561759750537
1267680,3777.9353750941827,9999.387096774102,0.0,0.8758877152471938,1.1347561100714194
1267740,3777.9467940673935,9999.387096774102,0.0,0.8759149405776363,1.1347560830421417
1267800,3778.280546062553,9999.387096774102,0.0,0.8736014366420297,1.1347564264150476
1267860,3778.123316871849,9999.387096774102,0.0,0.8746688829818803,1.1347564847442144
1267920,3777.9064352621444,9999.387096774102,0.0,0.8757432259759748,1.134756678710322
1267980,3777.8895712543795,9999.387096774102,0.0,0.8757415272081853,1.134756860817114
1268040,3777.7274687329805,9999.387096774102,0.0,0.8764396985814262,1.1347570921385348
1268100,3778.03009768046,9999.387096774102,0.0,0.8747307136225871,1.1347574714549913
1268160,3778.0230293292425,9999.387096774102,0.0,0.8744457095745322,1.1347577472099646
1268220,3777.8868085394943,9999.387096774102,0.0,0.8752769672830961,1.1347579986140048
1268280,3777.7686191444586,9999.387096774102,0.0,0.8758652717124529,1.1347581482807583
1268340,3777.770012791055,9999.387096774102,0.0,0.8755288967642438,1.1347584643785529
1268400,3777.813976018307,9999.387096774102,0.0,0.8754576135064551,1.134758660014493
1268460,3778.07461118936,9999.387096774102,0.0,0.8737554320702303,1.1347590749261196
1268520,3777.896640076695,9999.387096774102,0.0,0.8749213546332321,1.1347591673446193
1268580,3777.6191991764467,9999.387096774102,0.0,0.8764119020161553,1.134759309367218
1268640,3777.8284311397683,9999.387096774102,0.0,0.8755848048272573,1.1347593938297373
1268700,3777.973489536371,9999.387096774102,0.0,0.8754544361921637,1.1347589401782678
1268760,3778.1440297452723,9999.387096774102,0.0,0.8740622687559759,1.1347587881162249
1268820,3778.1159267079843,9999.387096774102,0.0,0.8751923004021144,1.1347584415646712
1268880,3778.1535939169767,9999.387096774102,0.0,0.8754391161849174,1.1347575595929353
1268940,3777.8660984751227,9999.387096774102,0.0,0.8768704620929851,1.1347569645166216
1269000,3778.1371013174294,9999.387096774102,0.0,0.8752569671088481,1.1347566827784965
1269060,3778.1327863534034,9999.387096774102,0.0,0.8748503398316871,1.1347565111484286
1269120,3778.1890791230476,9999.387096774102,0.0,0.8746228508232452,1.134756520181499
1269180,3778.007797718048,9999.387096774102,0.0,0.8753862413012025,1.1347564540121058
1269240,3777.860555753681,9999.387096774102,0.0,0.8758960219033648,1.1347565825703996
1269300,3777.881212030297,9999.387096774102,0.0,0.8758934398717576,1.1347566869753483
1269360,3778.212872740358,9999.387096774102,0.0,0.873628513880137,1.13475711191318
1269420,3778.0649324885558,9999.387096774102,0.0,0.8746530474200469,1.134757230142463
1269480,3777.843968144418,9999.387096774102,0.0,0.8757733758056243,1.134757448676215
1269540,3777.831592939152,9999.387096774102,0.0,0.875767497595946,1.134757642901173
1269600,3777.6864917567455,9999.387096774102,0.0,0.8763848333386993,1.1347578737732464
1269660,3777.9886441573203,9999.387096774102,0.0,0.8747033805028929,1.1347582375884053
1269720,3777.984181529256,9999.387096774102,0.0,0.8744337943173225,1.1347584894973246
1269780,3777.8434583949834,9999.387096774102,0.0,0.8753026323703099,1.1347587082713348
1269840,3777.7284259415705,9999.387096774102,0.0,0.8758924214210658,1.1347588265864375
1269900,3777.6624148019814,9999.387096774102,0.0,0.8761159519851384,1.1347590873284572
1269960,3778.171685467768,9999.387096774102,0.0,0.8744278238482036,1.1347589766481534
1270020,3778.0961133024434,9999.387096774102,0.0,0.8746888242430987,1.1347585340408597
1270080,3777.9812318569575,9999.387096774102,0.0,0.8755464324868144,1.1347583310774316
1270140,3778.086231729139,9999.387096774102,0.0,0.8757782837304626,1.1347576955646081
1270200,3778.036944683063,9999.387096774102,0.0,0.8760949456406308,1.1347569115053415
1270260,3778.296224090134,9999.387096774102,0.0,0.8741743910669862,1.1347566445687185
1270320,3778.1965143112348,9999.387096774102,0.0,0.8749250600136373,1.1347562615198872
1270380,3778.1692368021795,9999.387096774102,0.0,0.8748300821602333,1.134756210999584
1270440,3778.044327915425,9999.387096774102,0.0,0.8754735058526105,1.1347561114513942
1270500,3777.776241876745,9999.387096774102,0.0,0.8768007477127489,1.1347561484350261
1270560,3778.031640289242,9999.387096774102,0.0,0.8752393397625214,1.134756384931475
1270620,3778.0505456455803,9999.387096774102,0.0,0.8747436020691091,1.134756617928384
1270680,3778.0884377511347,9999.387096774102,0.0,0.874665437436876,1.134756902771442
1270740,3777.913507251101,9999.387096774102,0.0,0.8754383398354995,1.1347570391643766
1270800,3777.779033330029,9999.387096774102,0.0,0.8759061635985829,1.134757312141721
1270860,3777.808713470018,9999.387096774102,0.0,0.8758674387232801,1.1347575185381555
1270920,3778.140191819943,9999.387096774102,0.0,0.8736483689944678,1.1347579994093642
1270980,3777.999907452375,9999.387096774102,0.0,0.8746422957582134,1.1347581528680744
1271040,3777.774969910459,9999.387096774102,0.0,0.8758090061488155,1.1347583758974131
1271100,3777.767797548811,9999.387096774102,0.0,0.875795175335705,1.1347585668477893
1271160,3777.641533775002,9999.387096774102,0.0,0.8763229723939646,1.1347587844577849
1271220,3777.9434503844327,9999.387096774102,0.0,0.8746696793456041,1.1347591214912334
1271280,3777.9403931002703,9999.387096774102,0.0,0.8744248625422274,1.1347593389225932
1271340,3777.7320765403133,9999.387096774102,0.0,0.8760648919594111,1.1347594807799324
1271400,3777.9179309198366,9999.387096774102,0.0,0.8757481688855724,1.1347591013405973
1271460,3777.795006412756,9999.387096774102,0.0,0.8763191958331475,1.1347586853332254
1271520,3778.3015687634747,9999.387096774102,0.0,0.873410427313037,1.1347586748270913
1271580,3778.374511636518,9999.387096774102,0.0,0.8743044648185416,1.1347579475878073
1271640,3778.200360710966,9999.387096774102,0.0,0.8748949625107261,1.1347572368311523
1271700,3777.9903829274863,9999.387096774102,0.0,0.875893515990093,1.1347567962821332
1271760,3777.973114637517,9999.387096774102,0.0,0.8760325414121194,1.134756453515212
1271820,3778.1982036216973,9999.387096774102,0.0,0.874265732841424,1.1347565254146572
1271880,3778.122678105128,9999.387096774102,0.0,0.8748551088929992,1.1347564589465795
1271940,3778.0802029717415,9999.387096774102,0.0,0.8749008372773369,1.1347566188158393
1272000,3777.966583226637,9999.387096774102,0.0,0.8755105327447741,1.134756669780816
1272060,3777.715253955152,9999.387096774102,0.0,0.8767590219030355,1.134756809259104
1272120,3777.9717471767353,9999.387096774102,0.0,0.8752188970248089,1.13475711245783
1272180,3778.0025556826517,9999.387096774102,0.0,0.8746871518403468,1.1347573866665435
1272240,3778.028830999934,9999.387096774102,0.0,0.8746923310500827,1.1347576818693739
1272300,3777.857349527772,9999.387096774102,0.0,0.8754758541990411,1.1347578190615175
1272360,3777.7319785630502,9999.387096774102,0.0,0.8759161620126537,1.1347580811073994
1272420,3777.7684611196382,9999.387096774102,0.0,0.8758472697663092,1.1347582711900732
1272480,3778.0981183745826,9999.387096774102,0.0,0.8736700370366735,1.1347587211274888
1272540,3777.9642878367667,9999.387096774102,0.0,0.8746343182592979,1.1347588464917477
1272600,3777.737750612678,9999.387096774102,0.0,0.8758260164235337,1.1347590311055107
1272660,3777.773517007194,9999.387096774102,0.0,0.8760842681215941,1.134759030506823
1272720,3777.9380882055343,9999.387096774102,0.0,0.8757658722823901,1.1347585678367174
1272780,3778.0760726433778,9999.387096774102,0.0,0.8745289219772752,1.1347584194268021
1272840,3778.3406488758633,9999.387096774102,0.0,0.8741907109004511,1.1347581474322719
1272900,3778.2366962325004,9999.387096774102,0.0,0.8750869773522971,1.1347572246476314
1272960,3777.906144515556,9999.387096774102,0.0,0.8768022596714721,1.13475662940346
1273020,3778.0970398144173,9999.387096774102,0.0,0.8755843321405333,1.1347563141298247
1273080,3778.043558222007,9999.387096774102,0.0,0.8754944488568516,1.1347561465565603
1273140,3778.2764024216413,9999.387096774102,0.0,0.874259547202902,1.1347562307040087
1273200,3778.0942104540145,9999.387096774102,0.0,0.8749354894323379,1.134756202866869
1273260,3777.880496096588,9999.387096774102,0.0,0.8759258636525248,1.134756315311462
1273320,3777.8660838359597,9999.387096774102,0.0,0.8760520640523056,1.1347564199272153
1273380,3778.1093214212574,9999.387096774102,0.0,0.8742454367433903,1.1347568189038124
1273440,3778.045410432569,9999.387096774102,0.0,0.8747930598007206,1.1347569872618848
1273500,3777.986577137675,9999.387096774102,0.0,0.8749643793309828,1.1347572981462686
1273560,3777.879962625514,9999.387096774102,0.0,0.8755536890709942,1.1347574650781656
1273620,3777.6475216337476,9999.387096774102,0.0,0.8767145468206413,1.1347576810385356
1273680,3777.9072297624725,9999.387096774102,0.0,0.8751910418806098,1.134758026536927
1273740,3777.9494841738974,9999.387096774102,0.0,0.8746291054782175,1.134758320262172
1273800,3777.962369853078,9999.387096774102,0.0,0.8747261677267743,1.1347586078451584
1273860,3777.794880376879,9999.387096774102,0.0,0.8755195678393113,1.1347587318603958
1273920,3777.680340754388,9999.387096774102,0.0,0.8759236378811424,1.1347589713178352
1273980,3777.7245463282084,9999.387096774102,0.0,0.8758208728480815,1.1347591351378197
1274040,3778.052123038112,9999.387096774102,0.0,0.8736895555546517,1.134759544763234
1274100,3778.119447916597,9999.387096774102,0.0,0.8745297194274964,1.1347594078289516
1274160,3777.9941519671206,9999.387096774102,0.0,0.8752638139519168,1.1347588656459986
1274220,3777.668605803286,9999.387096774102,0.0,0.8770781490133018,1.134758567918655
1274280,3778.210095152778,9999.387096774102,0.0,0.8748377953168889,1.134758197204218
1274340,3778.1556390351866,9999.387096774102,0.0,0.8753100131194856,1.1347573859677262
1274400,3778.341389915904,9999.387096774102,0.0,0.8740080681475563,1.1347570714228443
1274460,3778.156643833478,9999.387096774102,0.0,0.8751168906073986,1.134756617121289
1274520,3777.841816568421,9999.387096774102,0.0,0.8767199397229304,1.1347563910560023
1274580,3778.006654867422,9999.387096774102,0.0,0.8755970135428484,1.1347564015609959
1274640,3777.9808378888,9999.387096774102,0.0,0.8753771621636558,1.1347564946099467
1274700,3778.2021906310283,9999.387096774102,0.0,0.8742634919496097,1.134756743503494
1274760,3778.0216214715947,9999.387096774102,0.0,0.8749698429671706,1.1347568282992373
1274820,3777.813727908756,9999.387096774102,0.0,0.8759482597922418,1.134757017474293
1274880,3777.8052284223936,9999.387096774102,0.0,0.87605621241938,1.1347571736993614
1274940,3778.054694143845,9999.387096774102,0.0,0.8742503932262006,1.1347575958672182
1275000,3778.0018162271604,9999.387096774102,0.0,0.8747463261287572,1.1347577755677796
1275060,3777.9321307490113,9999.387096774102,0.0,0.875003106766511,1.1347580706119134
1275120,3777.829460902926,9999.387096774102,0.0,0.8755844227015213,1.1347582221182348
1275180,3777.6109596820643,9999.387096774102,0.0,0.8766793352987486,1.1347584161254163
1275240,3777.871448920748,9999.387096774102,0.0,0.8751738624968346,1.1347587319008923
1275300,3777.9221962119955,9999.387096774102,0.0,0.874589488284556,1.1347589937139493
1275360,3777.939926876482,9999.387096774102,0.0,0.8750669249974865,1.134759216128206
1275420,3777.9880565690896,9999.387096774102,0.0,0.8755093927937129,1.134758770628256
1275480,3777.8041431510987,9999.387096774102,0.0,0.8763921583630454,1.1347583488253596
1275540,3778.1503517069414,9999.387096774102,0.0,0.8743656600216767,1.13475826783847
1275600,3778.3494050104873,9999.387096774102,0.0,0.874551635674315,1.134757549583949
1275660,3778.276756257662,9999.387096774102,0.0,0.8745235640111164,1.1347569136372624
1275720,3778.0790720695586,9999.387096774102,0.0,0.8755905686229577,1.1347564803124304
1275780,3778.004490997749,9999.387096774102,0.0,0.8759418964791091,1.1347561350282065
1275840,3778.0837434103546,9999.387096774102,0.0,0.8749976057985411,1.134756161616739
1275900,3778.0653781788915,9999.387096774102,0.0,0.8752538881451415,1.1347561271377293
1275960,3778.2231372144715,9999.387096774102,0.0,0.8740852947392085,1.1347563939516805
1276020,3778.0420677136085,9999.387096774102,0.0,0.8751617517789547,1.1347564329335278
1276080,3777.7408114255973,9999.387096774102,0.0,0.876720637579045,1.134756575205872
1276140,3777.9171359227516,9999.387096774102,0.0,0.8755871676518521,1.1347568493663385
1276200,3777.910581157669,9999.387096774102,0.0,0.8752893366875636,1.1347571314478564
1276260,3778.118730220679,9999.387096774102,0.0,0.8742754154694906,1.134757503964697
1276320,3777.9402876239533,9999.387096774102,0.0,0.8750126199046427,1.1347576733539706
1276380,3777.7403742198753,9999.387096774102,0.0,0.8759716904349574,1.1347579142282365
1276440,3777.7393429171225,9999.387096774102,0.0,0.8760561010459605,1.1347580997788291
1276500,3777.9956120431434,9999.387096774102,0.0,0.8742492215258704,1.1347585265222333
1276560,3777.9536284217625,9999.387096774102,0.0,0.874695669409554,1.1347587025875243
1276620,3777.8712100459793,9999.387096774102,0.0,0.8750503474977341,1.1347589678656727
1276680,3777.7733315471064,9999.387096774102,0.0,0.8756196693053856,1.1347590933095795
1276740,3777.5704942528178,9999.387096774102,0.0,0.8766402445941296,1.134759256236176
1276800,3778.113865431673,9999.387096774102,0.0,0.8739391318245601,1.1347595251585
1276860,3778.1140020430776,9999.387096774102,0.0,0.8746992120551039,1.1347590501576037
1276920,3778.0670697226888,9999.387096774102,0.0,0.8746287689933238,1.1347587709747096
1276980,3777.822716161552,9999.387096774102,0.0,0.8765309630084337,1.1347584033796412
1277040,3778.0987208459933,9999.387096774102,0.0,0.8757623672160697,1.1347576045962482
1277100,3777.9805134785634,9999.387096774102,0.0,0.8760947019281895,1.1347570431938776
1277160,3778.2965934189674,9999.387096774102,0.0,0.874411098231801,1.134756796158158
1277220,3778.1932397567766,9999.387096774102,0.0,0.8745839128856887,1.1347565438204306
1277280,3777.9892559733653,9999.387096774102,0.0,0.8756217518959253,1.1347564505237704
1277340,3777.9124277029177,9999.387096774102,0.0,0.8759917385957445,1.1347563899388593
1277400,3778.013150868096,9999.387096774102,0.0,0.8749816868082475,1.1347566200701795
1277460,3778.005158843363,9999.387096774102,0.0,0.8751993238027346,1.134756722912911
1277520,3778.1493653355406,9999.387096774102,0.0,0.8741406786506535,1.1347570695715716
1277580,3777.974564546803,9999.387096774102,0.0,0.8751932747194514,1.1347571699779981
1277640,3777.6843438775263,9999.387096774102,0.0,0.8767067332430398,1.1347573457874125
1277700,3777.863835989547,9999.387096774102,0.0,0.8755834091596076,1.1347576330881701
1277760,3777.872014275232,9999.387096774102,0.0,0.8752251672612024,1.1347579154914185
1277820,3778.0707074199304,9999.387096774102,0.0,0.8742829133306171,1.1347582691647895
1277880,3777.893751747589,9999.387096774102,0.0,0.8750417079656657,1.1347584154059023
1277940,3777.6993178396556,9999.387096774102,0.0,0.8759882979801744,1.1347586275553052
1278000,3777.703159071519,9999.387096774102,0.0,0.8760552511833936,1.1347587837449533
1278060,3777.9530669426686,9999.387096774102,0.0,0.8743290813525321,1.1347591710960454
1278120,3778.262209715874,9999.387096774102,0.0,0.8739376389814337,1.1347590893715744
1278180,3778.0770972438568,9999.387096774102,0.0,0.8748760532237578,1.134758554182122
1278240,3777.7260982631387,9999.387096774102,0.0,0.876947431875397,1.134758256958429
1278300,3778.1273220653798,9999.387096774102,0.0,0.8754436339533317,1.134757791967815
1278360,3778.104653409647,9999.387096774102,0.0,0.875723269435417,1.1347569944001599
1278420,3778.4438796984377,9999.387096774102,0.0,0.8734470187285689,1.1347567543246442
1278480,3778.228608840847,9999.387096774102,0.0,0.874807659934883,1.1347563035840844
1278540,3777.934625436517,9999.387096774102,0.0,0.8762853416504759,1.1347561103346986
1278600,3777.9969527486464,9999.387096774102,0.0,0.8757442860454391,1.1347560861085237
1278660,3777.88676511539,9999.387096774102,0.0,0.8760613962372191,1.1347561687321268
1278720,3778.1926748908804,9999.387096774102,0.0,0.8743816296294267,1.1347564511864012
1278780,3778.0919209454064,9999.387096774102,0.0,0.8745918676366797,1.134756607432549
1278840,3777.8883305669506,9999.387096774102,0.0,0.875667578688449,1.1347568072052687
1278900,3777.8209190900548,9999.387096774102,0.0,0.876020006446378,1.1347569594331783
1278960,3777.9346268905983,9999.387096774102,0.0,0.8749749261927138,1.1347573390548487
1279020,3777.9387829982766,9999.387096774102,0.0,0.8751356219765164,1.1347575494588826
1279080,3778.0678272305263,9999.387096774102,0.0,0.8742040310830267,1.1347579487327502
1279140,3777.9001060760247,9999.387096774102,0.0,0.8752311997868789,1.1347580864844395
1279200,3777.6223996516396,9999.387096774102,0.0,0.8766920821272147,1.1347582758730808
1279260,3777.805739227937,9999.387096774102,0.0,0.8755754056438041,1.1347585605976336
1279320,3777.829729920294,9999.387096774102,0.0,0.8751530526851973,1.1347588300499967
1279380,3778.0169575810246,9999.387096774102,0.0,0.8742948555065735,1.1347591523985068
1279440,3777.841454186816,9999.387096774102,0.0,0.8750778944990605,1.1347592652266032
1279500,3777.5382639569593,9999.387096774102,0.0,0.876961777796895,1.1347594032480046
1279560,3777.9569715636917,9999.387096774102,0.0,0.8754906371784712,1.1347591641830101
1279620,3777.917707561805,9999.387096774102,0.0,0.8755781538395587,1.1347587594922757
1279680,3778.296172907454,9999.387096774102,0.0,0.873559112120811,1.134758732846901
1279740,3778.22769957928,9999.387096774102,0.0,0.8750280312050179,1.1347579890764288
1279800,3778.070259474816,9999.387096774102,0.0,0.8757277616227355,1.134757217295765
1279860,3778.0319245826495,9999.387096774102,0.0,0.8755541170330922,1.1347568401043207
1279920,3778.040684860901,9999.387096774102,0.0,0.8756672318318968,1.134756497873641
1279980,3778.3427746334623,9999.387096774102,0.0,0.8735507982396402,1.1347565980378733
1280040,3778.140331710843,9999.387096774102,0.0,0.8748165656187814,1.1347564672890047
1280100,3777.8480083763675,9999.387096774102,0.0,0.8763228055052897,1.1347565010465066
1280160,3777.9224795635732,9999.387096774102,0.0,0.8757586129743588,1.134756633368086
1280220,3777.831243113769,9999.387096774102,0.0,0.8759893204848741,1.134756823713248
1280280,3778.134240128449,9999.387096774102,0.0,0.8743515009542868,1.134757173963818
1280340,3778.032339553965,9999.387096774102,0.0,0.874603599956779,1.1347573686578996
1280400,3777.8291251082946,9999.387096774102,0.0,0.8756963384592987,1.1347575848511393
1280460,3777.766607855329,9999.387096774102,0.0,0.8760409350968248,1.134757741325194
1280520,3777.888834419799,9999.387096774102,0.0,0.8749774102495192,1.1347581105645843
1280580,3777.902942229681,9999.387096774102,0.0,0.8750886100898776,1.1347583066749165
1280640,3778.0215942762425,9999.387096774102,0.0,0.8742436541033959,1.1347586718277334
1280700,3777.857900726529,9999.387096774102,0.0,0.8752574492794519,1.1347587806919641
1280760,3777.589760443429,9999.387096774102,0.0,0.8766762409972915,1.1347589368001365
1280820,3777.969786148103,9999.387096774102,0.0,0.8748626270445962,1.1347591222812916
1280880,3778.057965016476,9999.387096774102,0.0,0.8751108446437622,1.1347586630070967
1280940,3778.157032173266,9999.387096774102,0.0,0.8741535012564862,1.1347584724204172
1281000,3777.972085112963,9999.387096774102,0.0,0.8759786545588594,1.1347581018858817
1281060,3778.1397211485883,9999.387096774102,0.0,0.875655899207508,1.1347572498014424
1281120,3777.9167761736853,9999.387096774102,0.0,0.876656464192364,1.134756664015423
1281180,3778.229404595187,9999.387096774102,0.0,0.874871869156483,1.1347564086650703
1281240,3778.2100481557122,9999.387096774102,0.0,0.8745402368595137,1.1347562228348727
1281300,3778.1117003840936,9999.387096774102,0.0,0.8751039918024075,1.134756181185901
1281360,3777.9705064803807,9999.387096774102,0.0,0.8757243765746716,1.1347561233470038
1281420,3777.9240595714673,9999.387096774102,0.0,0.8755824616322374,1.1347563081653091
1281480,3777.944220174613,9999.387096774102,0.0,0.8756179300177548,1.1347564298211947
1281540,3778.240997324066,9999.387096774102,0.0,0.8736017421119295,1.1347568586160504
1281600,3778.0479055882574,9999.387096774102,0.0,0.8748359662813069,1.134756968991475
1281660,3777.760002214923,9999.387096774102,0.0,0.8763408753148575,1.134757168649162
1281720,3777.8399389636616,9999.387096774102,0.0,0.8757745210122755,1.134757420887226
1281780,3777.7706500051368,9999.387096774102,0.0,0.8759041483102132,1.1347576929359868
1281840,3778.0708309678193,9999.387096774102,0.0,0.8743162917824628,1.1347580856529949
1281900,3777.9660448502577,9999.387096774102,0.0,0.8746222789380695,1.1347582960159146
1281960,3777.76350504051,9999.387096774102,0.0,0.8757294908170192,1.1347585110517284
1282020,3777.7068622870484,9999.387096774102,0.0,0.876062365795337,1.1347586578817082
1282080,3777.8393751788235,9999.387096774102,0.0,0.8749724584488227,1.13475900488721
1282140,3777.8636771462966,9999.387096774102,0.0,0.8750343198474475,1.1347591763349145
1282200,3777.9696413166457,9999.387096774102,0.0,0.8742912206873823,1.134759496908197
1282260,3777.8417061389023,9999.387096774102,0.0,0.8758385589546971,1.1347593577709751
1282320,3777.9012106480905,9999.387096774102,0.0,0.8758328265930703,1.1347588518420164
1282380,3777.788850702542,9999.387096774102,0.0,0.8761945096036922,1.1347586226700104
1282440,3778.4667273008877,9999.387096774102,0.0,0.8734479015919244,1.134758396792033
1282500,3778.273872184528,9999.387096774102,0.0,0.8746921231607989,1.1347575055329278
1282560,3778.082125919502,9999.387096774102,0.0,0.8756345394252426,1.134757003347548
1282620,3778.062325328962,9999.387096774102,0.0,0.8756569975184398,1.134756601330343
1282680,3777.8492105587297,9999.387096774102,0.0,0.8766129479426288,1.1347563899845974
1282740,3778.1434788553806,9999.387096774102,0.0,0.8748549716650711,1.1347564672386043
1282800,3778.139211110929,9999.387096774102,0.0,0.874482605864612,1.1347565461588986
1282860,3778.0304904754566,9999.387096774102,0.0,0.8751455350593119,1.1347566760155623
1282920,3777.8962809871036,9999.387096774102,0.0,0.8757620000073112,1.1347567389685909
1282980,3777.860708447431,9999.387096774102,0.0,0.8755876254120913,1.1347570053500244
1283040,3777.8901409852256,9999.387096774102,0.0,0.8755787380490608,1.1347571831796872
1283100,3778.1794275651464,9999.387096774102,0.0,0.8736437343259691,1.1347576314806085
1283160,3777.9930706040072,9999.387096774102,0.0,0.874849660522895,1.1347577525355672
1283220,3777.709358282294,9999.387096774102,0.0,0.8763478316989083,1.134757944156457
1283280,3777.792110879478,9999.387096774102,0.0,0.8757870279969323,1.1347581811876173
1283340,3777.738509157519,9999.387096774102,0.0,0.8758447913013494,1.134758432922126
1283400,3778.035871694227,9999.387096774102,0.0,0.8742936572248948,1.1347587946173763
1283460,3777.9297532171186,9999.387096774102,0.0,0.874634309457447,1.1347589694895381
1283520,3777.6249371193294,9999.387096774102,0.0,0.8766960381600856,1.1347591071028051
1283580,3777.9374417279028,9999.387096774102,0.0,0.8757378115425233,1.134758795723955
1283640,3777.857125088851,9999.387096774102,0.0,0.8760635809155067,1.1347583883762438
1283700,3778.3919437393088,9999.387096774102,0.0,0.8730580465088423,1.1347584139321425
1283760,3778.3538443299117,9999.387096774102,0.0,0.8745266746655663,1.1347576553385041
1283820,3778.160968801647,9999.387096774102,0.0,0.875290849672303,1.134756900018133
1283880,3778.002133132424,9999.387096774102,0.0,0.8758800005898997,1.1347564808596111
1283940,3778.010505265561,9999.387096774102,0.0,0.875941246504099,1.1347561463477032
1284000,3778.327757876505,9999.387096774102,0.0,0.8736627250539224,1.1347562651252519
1284060,3778.17584936858,9999.387096774102,0.0,0.8746831167800746,1.1347561748580386
1284120,3777.9780362365923,9999.387096774102,0.0,0.8756315414381376,1.1347562731395644
1284180,3777.946647178655,9999.387096774102,0.0,0.8757043492964699,1.1347563722986425
1284240,3777.7607661177785,9999.387096774102,0.0,0.8765311971443046,1.1347565471927734
1284300,3778.0600227253412,9999.387096774102,0.0,0.8748079453075244,1.1347568950001992
1284360,3778.05954238007,9999.387096774102,0.0,0.8744586873578364,1.1347571636962355
1284420,3777.9413201209663,9999.387096774102,0.0,0.8751913284190939,1.1347574219625365
1284480,3777.813213803248,9999.387096774102,0.0,0.8758076925812182,1.1347575769598768
1284540,3777.7922591722777,9999.387096774102,0.0,0.8755851746591227,1.1347579002440313
1284600,3777.831694687881,9999.387096774102,0.0,0.8755315908956685,1.134758111306875
1284660,3778.1115887388264,9999.387096774102,0.0,0.8736901785175323,1.134758559009816
1284720,3777.931674169269,9999.387096774102,0.0,0.8748697504947281,1.1347586753306205
1284780,3777.652886150967,9999.387096774102,0.0,0.876358867001597,1.134758845931294
1284840,3777.739655234492,9999.387096774102,0.0,0.8757981401950136,1.1347590571192312
1284900,3777.70328013177,9999.387096774102,0.0,0.8757770809145915,1.134759279245221
1284960,3778.2447365100966,9999.387096774102,0.0,0.8732624800693864,1.1347596249373888
1285020,3778.114011298101,9999.387096774102,0.0,0.8747314741480776,1.1347591058454058
1285080,3777.886979690498,9999.387096774102,0.0,0.8757644742094906,1.1347587041201987
1285140,3777.8258577797915,9999.387096774102,0.0,0.876234919201701,1.1347584425407553
1285200,3778.1667163330626,9999.387096774102,0.0,0.8753973209025755,1.1347577104757007
1285260,3778.1901745148866,9999.387096774102,0.0,0.8748095248234663,1.1347571678465633
1285320,3778.271918695008,9999.387096774102,0.0,0.874542524528742,1.1347568426799042
1285380,3778.0866738974764,9999.387096774102,0.0,0.8752912009616272,1.1347564973566404
1285440,3777.915123759443,9999.387096774102,0.0,0.8759113049841017,1.134756418552336
1285500,3777.9265426370825,9999.387096774102,0.0,0.8759355029472461,1.1347563804043181
1285560,3778.2545241143525,9999.387096774102,0.0,0.8736606548249917,1.1347567066826816
1285620,3778.110123875953,9999.387096774102,0.0,0.8746601598909706,1.1347567572027961
1285680,3777.906173787974,9999.387096774102,0.0,0.8756645437600648,1.1347569419780543
1285740,3777.8787631998503,9999.387096774102,0.0,0.8757344241421077,1.1347571045211675
1285800,3777.711304021661,9999.387096774102,0.0,0.8764735311647749,1.1347573185873978
1285860,3778.01085065686,9999.387096774102,0.0,0.874778508385206,1.1347576799710344
1285920,3778.014138305929,9999.387096774102,0.0,0.8744405414069607,1.1347579463214703
1285980,3777.8899689295386,9999.387096774102,0.0,0.875219970829827,1.134758186921631
1286040,3777.765433282055,9999.387096774102,0.0,0.875838645545182,1.134758321690149
1286100,3777.753489545606,9999.387096774102,0.0,0.8755900676386468,1.1347586177319624
1286160,3777.8008990620856,9999.387096774102,0.0,0.8754967919588525,1.134758801305405
1286220,3778.0739397796688,9999.387096774102,0.0,0.8737226354821053,1.1347592079199367
1286280,3778.0044769933447,9999.387096774102,0.0,0.8751838725073361,1.134759060172348
1286340,3777.9646713325965,9999.387096774102,0.0,0.8755717246412021,1.1347585301844347
1286400,3777.7120180584457,9999.387096774102,0.0,0.8768564571627946,1.1347582624032664
1286460,3778.3580067217017,9999.387096774102,0.0,0.8741524869396543,1.134757969469209
1286520,3778.241178878156,9999.387096774102,0.0,0.8749687329750528,1.1347571177805396
1286580,3778.2485074367746,9999.387096774102,0.0,0.8747366337382388,1.1347567171002018
1286640,3778.12685797265,9999.387096774102,0.0,0.8754033940296653,1.134756284079115
1286700,3777.8380595949066,9999.387096774102,0.0,0.8768322118160825,1.1347560645828523
1286760,3778.0773363858134,9999.387096774102,0.0,0.8753060603794911,1.1347561214293873
1286820,3778.0867855723654,9999.387096774102,0.0,0.8748413171230628,1.1347562317567208
1286880,3778.1553118178326,9999.387096774102,0.0,0.8745855040943149,1.1347564420201572
1286940,3777.974088656487,9999.387096774102,0.0,0.8753578462707161,1.1347565202981655
1287000,3777.8210197738535,9999.387096774102,0.0,0.8759212324508422,1.1347567517909802
1287060,3777.8429469975417,9999.387096774102,0.0,0.8759115535624569,1.1347569356740026
1287120,3778.1712845794646,9999.387096774102,0.0,0.8736789562682836,1.134757411832539
1287180,3778.0360454583974,9999.387096774102,0.0,0.8746401906808743,1.1347575721996794
1287240,3777.825696013591,9999.387096774102,0.0,0.8757085720624606,1.1347578167608305
1287300,3777.804730761473,9999.387096774102,0.0,0.8757659150199442,1.1347580188616717
1287360,3777.657312065,9999.387096774102,0.0,0.8764098729242251,1.1347582517986061
1287420,3777.9572376287742,9999.387096774102,0.0,0.8747428707225222,1.134758610430488
1287480,3777.963274177659,9999.387096774102,0.0,0.8744247471554463,1.1347588600585974
1287540,3777.832405652713,9999.387096774102,0.0,0.8752553909939434,1.1347590707413526
1287600,3777.7123637117475,9999.387096774102,0.0,0.8758732919924448,1.134759175401501
1287660,3777.6342862726724,9999.387096774102,0.0,0.8761846910588315,1.134759415038052
1287720,3778.138156066791,9999.387096774102,0.0,0.8744894299123502,1.1347592941615852
1287780,3778.0727695000955,9999.387096774102,0.0,0.8747016397289722,1.134758855725887
1287840,3777.9791419704716,9999.387096774102,0.0,0.8754416023079964,1.1347586539840957
1287900,3778.0656689878015,9999.387096774102,0.0,0.8757717290304878,1.1347580129320196
1287960,3778.0136033539243,9999.387096774102,0.0,0.876098881395168,1.1347572354699462
1288020,3778.259641914237,9999.387096774102,0.0,0.8742643312858905,1.1347569619823081
1288080,3778.1726147562813,9999.387096774102,0.0,0.8749460710069219,1.1347565799364503
1288140,3778.1635738428054,9999.387096774102,0.0,0.8747501966204904,1.134756529235774
1288200,3778.03144855478,9999.387096774102,0.0,0.8754498613025532,1.1347564162846175
1288260,3777.761035266251,9999.387096774102,0.0,0.8767993505244188,1.1347564398229975
1288320,3778.009147677259,9999.387096774102,0.0,0.8752814706618834,1.1347566583438722
1288380,3778.0300852974615,9999.387096774102,0.0,0.8747841399569115,1.1347568781240833
1288440,3778.086136824081,9999.387096774102,0.0,0.8746134063255491,1.1347571540613521
1288500,3777.9085321108887,9999.387096774102,0.0,0.8753991111122436,1.1347572764354017
1288560,3777.7654790577203,9999.387096774102,0.0,0.8759325949628519,1.1347575296354615
1288620,3777.794512792207,9999.387096774102,0.0,0.8758936089860558,1.1347577209857884
1288680,3778.122233976369,9999.387096774102,0.0,0.8736984468745452,1.1347581841087915
1288740,3777.9943060297906,9999.387096774102,0.0,0.874626614945246,1.1347583293911074
1288800,3777.7808062539066,9999.387096774102,0.0,0.8757309492931682,1.1347585435494785
1288860,3777.76254510341,9999.387096774102,0.0,0.87578921672217,1.1347587164309825
1288920,3777.629682131448,9999.387096774102,0.0,0.8763637031542165,1.134758918618281
1288980,3778.266991432354,9999.387096774102,0.0,0.8732167452170213,1.1347592707914693
1289040,3778.1707095858524,9999.387096774102,0.0,0.874531168260065,1.1347587651159965
1289100,3778.0038168627552,9999.387096774102,0.0,0.8751578223943782,1.1347584181657402
1289160,3777.8003206579015,9999.387096774102,0.0,0.8766279687653291,1.1347580923810316
1289220,3778.1389310768072,9999.387096774102,0.0,0.8756748023572515,1.134757321812384
1289280,3778.096453097161,9999.387096774102,0.0,0.8755024533771255,1.1347567717820413
1289340,3778.3532105315903,9999.387096774102,0.0,0.8742316045158748,1.1347565129208876
1289400,3778.1717914107257,9999.387096774102,0.0,0.8748610124270252,1.1347562081775164
1289460,3777.947452408611,9999.387096774102,0.0,0.8758887291101958,1.1347561184386135
1289520,3777.920535719907,9999.387096774102,0.0,0.8760539305487568,1.1347560803157088
1289580,3778.1456356653034,9999.387096774102,0.0,0.8743237796344628,1.1347563753795364
1289640,3778.080838888492,9999.387096774102,0.0,0.8748679801922906,1.1347564734202824
1289700,3778.053418511353,9999.387096774102,0.0,0.8748339177732464,1.1347567576300195
1289760,3777.933457131045,9999.387096774102,0.0,0.8754952084214235,1.1347568948888789
1289820,3777.682345768743,9999.387096774102,0.0,0.876755612029982,1.1347570968033829
1289880,3777.9334365498585,9999.387096774102,0.0,0.8752551045150626,1.1347574387868278
1289940,3777.9683448830474,9999.387096774102,0.0,0.8747147061729621,1.1347577414377634
1290000,3778.0096219525344,9999.387096774102,0.0,0.8746482887097833,1.1347580564567068
1290060,3777.836370930187,9999.387096774102,0.0,0.8754459528218068,1.1347582008310841
1290120,3777.704664003473,9999.387096774102,0.0,0.8759420105446061,1.1347584580830157
1290180,3777.7417085654406,9999.387096774102,0.0,0.8758697257998685,1.1347586428140144
1290240,3778.0689134842864,9999.387096774102,0.0,0.87371439371581,1.1347590802479537
1290300,3777.9471971511916,9999.387096774102,0.0,0.8746166728343582,1.13475919921576
1290360,3777.7302437052613,9999.387096774102,0.0,0.8757603526297723,1.1347593731931926
1290420,3777.7499870103275,9999.387096774102,0.0,0.8761165112946782,1.1347593534548133
1290480,3777.9130018965943,9999.387096774102,0.0,0.875786649911921,1.1347588900246606
1290540,3778.045885331741,9999.387096774102,0.0,0.874593312214558,1.1347587347853043
1290600,3778.3353914423665,9999.387096774102,0.0,0.8741046253991241,1.134758464825805
1290660,3778.218517962116,9999.387096774102,0.0,0.8750577475808428,1.1347575488565393
1290720,3777.8908272215913,9999.387096774102,0.0,0.8767650933109271,1.1347569569255453
1290780,3778.071938567409,9999.387096774102,0.0,0.8756103037062497,1.1347566340946622
1290840,3778.016532623612,9999.387096774102,0.0,0.8755455664359658,1.1347564594256712
1290900,3778.2613481022386,9999.387096774102,0.0,0.8742454829418449,1.1347565370611763
1290960,3778.0842252042994,9999.387096774102,0.0,0.874896991176004,1.1347565016487096
1291020,3777.869217343948,9999.387096774102,0.0,0.875915476049259,1.1347565988247152
1291080,3777.8508726131336,9999.387096774102,0.0,0.8760588917856095,1.1347566883723774
1291140,3778.0815762290226,9999.387096774102,0.0,0.8743312645840196,1.1347570661680462
1291200,3778.02909193312,9999.387096774102,0.0,0.8748154284125078,1.1347572241146708
1291260,3777.9893692601054,9999.387096774102,0.0,0.8748801260343415,1.1347575279228252
1291320,3777.8745578589655,9999.387096774102,0.0,0.8755283730552538,1.1347576766760312
1291380,3777.6379575311967,9999.387096774102,0.0,0.8767208100945666,1.1347578762528154
1291440,3777.8903415566456,9999.387096774102,0.0,0.8752380494055964,1.1347582030704295
1291500,3777.9351764464964,9999.387096774102,0.0,0.8746681878001541,1.1347584843326572
1291560,3777.9667280032772,9999.387096774102,0.0,0.8746692057646445,1.1347587648350261
1291620,3777.7958973441787,9999.387096774102,0.0,0.8754777937070088,1.134758876606199
1291680,3777.562939722862,9999.387096774102,0.0,0.8768157052061771,1.1347590670238479
1291740,3778.0522025828723,9999.387096774102,0.0,0.8750791503471944,1.1347588926346588
1291800,3778.0137011036295,9999.387096774102,0.0,0.8751379916031455,1.1347584803418886
1291860,3778.1824999384394,9999.387096774102,0.0,0.8743685388560452,1.1347583860647847
1291920,3778.1618004588486,9999.387096774102,0.0,0.8754510848639788,1.1347576749446928
1291980,3778.053385677101,9999.387096774102,0.0,0.8759784592161021,1.1347568921490534
1292040,3778.1448935761596,9999.387096774102,0.0,0.8750144313759587,1.1347565639811705
1292100,3778.118101402214,9999.387096774102,0.0,0.8753474453354626,1.1347562120558372
1292160,3778.30346259193,9999.387096774102,0.0,0.8739589733305124,1.134756265610423
1292220,3778.1097272251795,9999.387096774102,0.0,0.87509745121101,1.134756143121716
1292280,3777.7984240995274,9999.387096774102,0.0,0.8767027359034694,1.134756173457084
1292340,3777.962423204625,9999.387096774102,0.0,0.8756183928514418,1.134756362013519
1292400,3777.9361637790216,9999.387096774102,0.0,0.8754198908710269,1.1347565867299796
1292460,3778.1681657965155,9999.387096774102,0.0,0.8742485915152078,1.13475693738897
1292520,3777.9923494061577,9999.387096774102,0.0,0.8749392403050593,1.1347570975141794
1292580,3777.784236395753,9999.387096774102,0.0,0.8759430957946736,1.134757334106562
1292640,3777.773471739,9999.387096774102,0.0,0.8760645616785556,1.1347575220654915
1292700,3778.013270570645,9999.387096774102,0.0,0.8743267777577542,1.1347579576484237
1292760,3777.9723841018395,9999.387096774102,0.0,0.874759060263337,1.1347581515747038
1292820,3777.918461962483,9999.387096774102,0.0,0.8749338857128726,1.1347584543147329
1292880,3777.8093041779885,9999.387096774102,0.0,0.875566443562838,1.1347585992386269
1292940,3777.5889618243477,9999.387096774102,0.0,0.8766826217519166,1.1347587837298219
1293000,3777.843464415252,9999.387096774102,0.0,0.8752147527636938,1.1347590844360609
1293060,3777.8984141417122,9999.387096774102,0.0,0.8746171722032595,1.1347593344071056
1293120,3777.940104151436,9999.387096774102,0.0,0.8749598143170881,1.1347595488333913
1293180,3777.9711348827086,9999.387096774102,0.0,0.8754856796559073,1.1347590962224883
1293240,3777.785257686063,9999.387096774102,0.0,0.8763844021525099,1.134758671990932
1293300,3778.1089415586002,9999.387096774102,0.0,0.8744936786164634,1.134758575289582
1293360,3778.3188533379675,9999.387096774102,0.0,0.8745858708979608,1.1347578646345158
1293420,3778.2584499834943,9999.387096774102,0.0,0.8744989894193053,1.1347572400734267
1293480,3778.067229855779,9999.387096774102,0.0,0.875552242097048,1.1347568066509304
1293540,3777.9870190401907,9999.387096774102,0.0,0.875929829303266,1.1347564553945124
1293600,3778.0528320377393,9999.387096774102,0.0,0.8750758789270014,1.134756466869996
1293660,3778.0429788112992,9999.387096774102,0.0,0.8752849900259272,1.1347564243999766
1293720,3778.2175013873994,9999.387096774102,0.0,0.8740221834715788,1.13475668486263
1293780,3778.033475411409,9999.387096774102,0.0,0.8751287470366584,1.1347567091715531
1293840,3777.733048490286,9999.387096774102,0.0,0.8766890675683807,1.13475683716395
1293900,3777.899343831406,9999.387096774102,0.0,0.8756177712246787,1.1347570912765634
1293960,3777.8900999291945,9999.387096774102,0.0,0.8753467550111353,1.1347573574046579
1294020,3778.112577180771,9999.387096774102,0.0,0.8742527058037699,1.134757719004661
1294080,3777.9381068070225,9999.387096774102,0.0,0.87496882147586,1.1347578774658653
1294140,3777.735313600967,9999.387096774102,0.0,0.875962277373543,1.134758101333331
1294200,3777.729697837832,9999.387096774102,0.0,0.8760670706753743,1.1347582715496398
1294260,3777.9738531004023,9999.387096774102,0.0,0.8743339750853861,1.1347586784470436
1294320,3777.942882194673,9999.387096774102,0.0,0.87471769187578,1.1347588458186388
1294380,3777.879807033548,9999.387096774102,0.0,0.8749642825623803,1.1347591066594234
1294440,3777.7852248480654,9999.387096774102,0.0,0.8761483208478363,1.1347590204720717
1294500,3777.9133047754294,9999.387096774102,0.0,0.8758951429400146,1.134758536490517
1294560,3777.922341931931,9999.387096774102,0.0,0.8754623859971845,1.1347583511258001
1294620,3778.498202589331,9999.387096774102,0.0,0.873397636591887,1.134758138325265
1294680,3778.2896835238935,9999.387096774102,0.0,0.8747624698218824,1.1347572083326827
1294740,3777.9951716659434,9999.387096774102,0.0,0.8762895719820032,1.134756647794035
1294800,3778.0716250236424,9999.387096774102,0.0,0.8757204841266294,1.1347562856619287
1294860,3777.9296561962433,9999.387096774102,0.0,0.8762091006439978,1.1347560989172736
1294920,3778.2362514395236,9999.387096774102,0.0,0.8744586356098699,1.1347562008823555
1294980,3778.1506155293578,9999.387096774102,0.0,0.8745536530198804,1.134756241668365
1295040,3777.953744295559,9999.387096774102,0.0,0.8755952208533531,1.1347563549366833
1295100,3777.8752455474832,9999.387096774102,0.0,0.8759824762549598,1.1347564419818374
1295160,3777.964199755877,9999.387096774102,0.0,0.8750549941903457,1.1347567760065282
1295220,3777.965982018558,9999.387096774102,0.0,0.8752202069526798,1.134756964030454
1295280,3778.1242879778124,9999.387096774102,0.0,0.874090971214021,1.1347573724323623
1295340,3777.9481233467754,9999.387096774102,0.0,0.8751673087778751,1.1347575103972711
1295400,3777.6599213918175,9999.387096774102,0.0,0.8766794095455007,1.1347577098668795
1295460,3777.831219074279,9999.387096774102,0.0,0.8756121031021362,1.1347580054899442
1295520,3777.839584208822,9999.387096774102,0.0,0.875267823167627,1.1347582919578518
1295580,3778.0506347129917,9999.387096774102,0.0,0.8742610849874866,1.1347586468457338
1295640,3777.8774430797635,9999.387096774102,0.0,0.8750056659262572,1.1347587894629347
1295700,3777.681067020377,9999.387096774102,0.0,0.8759830796894762,1.1347589888461647
1295760,3777.681693818212,9999.387096774102,0.0,0.8760667036912967,1.1347591314849101
1295820,3777.919863617057,9999.387096774102,0.0,0.8744205754964752,1.1347594981035836
1295880,3778.2457777186646,9999.387096774102,0.0,0.8739111500193365,1.134759412624092
1295940,3778.0611333151833,9999.387096774102,0.0,0.8748465218136733,1.1347588799107293
1296000,3777.7167818260345,9999.387096774102,0.0,0.8768900265010671,1.1347585782928262
1296060,3778.094367032466,9999.387096774102,0.0,0.8755020846238986,1.1347581036791379
1296120,3778.077162563174,9999.387096774102,0.0,0.875750050595901,1.1347573158231115
1296180,3778.423716982266,9999.387096774102,0.0,0.8734363515369604,1.1347570782027865
1296240,3778.2125973222505,9999.387096774102,0.0,0.874784030596806,1.1347566262475706
1296300,3777.9263525427286,9999.387096774102,0.0,0.876222520133389,1.1347564288370147
1296360,3777.978071973462,9999.387096774102,0.0,0.8757534997443623,1.1347563893864876
1296420,3777.863520898732,9999.387096774102,0.0,0.8761084483076806,1.134756458015661
1296480,3778.1705598296153,9999.387096774102,0.0,0.8744184426515158,1.1347567254613775
1296540,3778.0826454054413,9999.387096774102,0.0,0.874563988953604,1.1347568743984047
1296600,3777.884675263007,9999.387096774102,0.0,0.8756275646794971,1.1347570601232269
1296660,3777.811072483326,9999.387096774102,0.0,0.8760093502974188,1.1347571960674139
1296720,3777.9105732443304,9999.387096774102,0.0,0.8750553881884042,1.1347575537840113
1296780,3777.9225981195605,9999.387096774102,0.0,0.8751711735675982,1.1347577521149255
1296840,3778.069886217173,9999.387096774102,0.0,0.874135397312229,1.1347581440101444
1296900,3777.8986085885836,9999.387096774102,0.0,0.8751942714388805,1.1347582665354687
1296960,3777.619921684077,9999.387096774102,0.0,0.8766661025131979,1.1347584417510466
1297020,3777.792949868896,9999.387096774102,0.0,0.875610398447386,1.1347587079415238
1297080,3777.8140534780473,9999.387096774102,0.0,0.8752136480800484,1.1347589636199045
1297140,3778.1526363368475,9999.387096774102,0.0,0.8738982598073148,1.134759277208928
1297200,3778.07146608907,9999.387096774102,0.0,0.8750754067436215,1.134758776846662
1297260,3777.844095371657,9999.387096774102,0.0,0.8761511139919839,1.134758359039199
1297320,3777.95450855871,9999.387096774102,0.0,0.8755291379598087,1.1347581780684792
1297380,3778.2563567084294,9999.387096774102,0.0,0.875042387769531,1.1347574548475632
1297440,3778.2759777638826,9999.387096774102,0.0,0.8744659286771453,1.1347568889640962
1297500,3778.197994940409,9999.387096774102,0.0,0.8750149479691685,1.1347565032085054
1297560,3778.0521418898566,9999.387096774102,0.0,0.8756336053539868,1.1347561546834741
1297620,3777.973126574145,9999.387096774102,0.0,0.8756416274770955,1.1347561216272715
1297680,3777.987451960346,9999.387096774102,0.0,0.875687831619002,1.1347560965557781
1297740,3778.3015035355597,9999.387096774102,0.0,0.8735380053903071,1.13475643310085
1297800,3778.104478165645,9999.387096774102,0.0,0.8747950593954923,1.134756470373832
1297860,3777.819445393194,9999.387096774102,0.0,0.8762674376655603,1.134756628760171
1297920,3777.884059332312,9999.387096774102,0.0,0.875771533210323,1.1347568482553423
1297980,3777.792269070444,9999.387096774102,0.0,0.8760220491219576,1.1347571032517156
1298040,3778.0967942385128,9999.387096774102,0.0,0.8743794558561663,1.134757496457202
1298100,3778.0067968941917,9999.387096774102,0.0,0.8745781553745335,1.1347577255058827
1298160,3777.8083598445764,9999.387096774102,0.0,0.8756651748085627,1.1347579581720575
1298220,3777.7412353161326,9999.387096774102,0.0,0.8760357896124408,1.1347581209295443
1298280,3777.8525123597374,9999.387096774102,0.0,0.8750493283871238,1.1347584842041005
1298340,3777.875180834019,9999.387096774102,0.0,0.8751145095253767,1.1347586782845076
1298400,3778.0092401102393,9999.387096774102,0.0,0.874187399016439,1.1347590397771536
1298460,3777.843167365468,9999.387096774102,0.0,0.8752276321957543,1.1347591360886773
1298520,3777.575291918408,9999.387096774102,0.0,0.8766532516925841,1.1347592778124347
1298580,3777.9320750298184,9999.387096774102,0.0,0.8749675837808423,1.1347594405210002
1298640,3778.0307937330404,9999.387096774102,0.0,0.875141199712797,1.1347589839666845
1298700,3778.141062570742,9999.387096774102,0.0,0.8741286421230666,1.1347587945556503
1298760,3777.969436186036,9999.387096774102,0.0,0.875892013995211,1.1347584208099668
1298820,3778.1182521725605,9999.387096774102,0.0,0.8756450336149904,1.1347575719911607
1298880,3777.8918312065057,9999.387096774102,0.0,0.8766785668367645,1.1347569876886299
1298940,3778.2008126103724,9999.387096774102,0.0,0.8749146073297005,1.1347567269794978
1299000,3778.1888674971283,9999.387096774102,0.0,0.8745502707784574,1.1347565388066385
1299060,3778.1050091553466,9999.387096774102,0.0,0.875050697983808,1.1347564924678606
1299120,3777.958654297993,9999.387096774102,0.0,0.8756968496430527,1.1347564227736004
1299180,3777.9005280074384,9999.387096774102,0.0,0.8756375139453754,1.134756588531461
1299240,3777.924599144577,9999.387096774102,0.0,0.8756491934720039,1.1347566974186032
1299300,3778.230148934622,9999.387096774102,0.0,0.8735845648793042,1.134757114067794
1299360,3778.041123397462,9999.387096774102,0.0,0.8748054385780131,1.1347572118181408
1299420,3777.7590760384346,9999.387096774102,0.0,0.8762810505898969,1.1347573988563273
1299480,3777.8277158243577,9999.387096774102,0.0,0.8757868743757355,1.1347576309180816
1299540,3777.752992778604,9999.387096774102,0.0,0.8759585007926735,1.1347578861465153
1299600,3778.0551069930225,9999.387096774102,0.0,0.8743533151798996,1.1347582633372362
1299660,3777.964017672465,9999.387096774102,0.0,0.8745879049645621,1.1347584673193487
1299720,3777.765695534782,9999.387096774102,0.0,0.8756887426713229,1.1347586691830926
1299780,3777.702264366848,9999.387096774102,0.0,0.8760537539449702,1.1347588014117247
1299840,3777.7746778970654,9999.387096774102,0.0,0.8754018332459883,1.1347591173067488
1299900,3778.2540163412973,9999.387096774102,0.0,0.8739915351398141,1.1347590390675142
1299960,3778.113587033553,9999.387096774102,0.0,0.8746239548042134,1.1347585543431091
1300020,3777.8536747761814,9999.387096774102,0.0,0.8762683273314914,1.1347582939296805
1300080,3778.0751470254672,9999.387096774102,0.0,0.8757856732621134,1.1347577246238627
1300140,3778.051173193224,9999.387096774102,0.0,0.8760221096750908,1.1347569383759375
1300200,3778.3993167724952,9999.387096774102,0.0,0.8736210424719792,1.1347567055319152
1300260,3778.2371250034716,9999.387096774102,0.0,0.8747253857682165,1.134756291184073
1300320,3778.064593187135,9999.387096774102,0.0,0.8754879932045027,1.134756166799498
1300380,3778.0109963441514,9999.387096774102,0.0,0.8756631734026297,1.1347560946951767
1300440,3777.8015280732175,9999.387096774102,0.0,0.8766171934237593,1.1347561480104087
1300500,3778.097196425619,9999.387096774102,0.0,0.874884841989186,1.134756410385612
1300560,3778.0999305322343,9999.387096774102,0.0,0.8744882456870919,1.1347566287369042
1300620,3778.0027827494823,9999.387096774102,0.0,0.8751023659800419,1.1347568638752141
1300680,3777.86458316561,9999.387096774102,0.0,0.8757444980746271,1.1347570011550652
1300740,3777.8208978542116,9999.387096774102,0.0,0.875637478515408,1.1347573139741083
1300800,3777.8553035778405,9999.387096774102,0.0,0.8756031093172888,1.1347575272674435
1300860,3778.1524318575157,9999.387096774102,0.0,0.8736316194113143,1.1347579975569764
1300920,3777.970813446261,9999.387096774102,0.0,0.8748224972984652,1.1347581313846367
1300980,3777.6925699517783,9999.387096774102,0.0,0.8762977747765754,1.1347583271051995
1301040,3777.7659957756655,9999.387096774102,0.0,0.8758013383325821,1.134758556239581
1301100,3777.7100055916885,9999.387096774102,0.0,0.8758865424846195,1.134758798751461
1301160,3778.0093705110385,9999.387096774102,0.0,0.8743227252263012,1.1347591483417758
1301220,3777.9157625686526,9999.387096774102,0.0,0.874603496410676,1.1347593164405374
1301280,3777.620076563184,9999.387096774102,0.0,0.876625980190516,1.1347594399088428
1301340,3777.912792189643,9999.387096774102,0.0,0.8757560613594635,1.134759118063035
1301400,3777.8323247943576,9999.387096774102,0.0,0.876090254886345,1.1347587092341136
1301460,3778.367539930521,9999.387096774102,0.0,0.8730793503292041,1.1347587266080559
1301520,3778.3374802056805,9999.387096774102,0.0,0.8744897805042033,1.134757975118272
1301580,3778.1447570884125,9999.387096774102,0.0,0.8752538250466511,1.134757227621527
1301640,3777.979463840461,9999.387096774102,0.0,0.8759013701563022,1.1347568038196783
1301700,3777.987957073435,9999.387096774102,0.0,0.8759579475764909,1.1347564648840704
1301760,3778.2969479367143,9999.387096774102,0.0,0.8737344477008373,1.1347565702225209
1301820,3778.1589154822805,9999.387096774102,0.0,0.8746805016381143,1.1347564756198782
1301880,3777.97544945167,9999.387096774102,0.0,0.8755513553028111,1.1347565672600155
1301940,3777.9338821360952,9999.387096774102,0.0,0.8756948408810967,1.1347566482279068
1302000,3777.7432814865883,9999.387096774102,0.0,0.8765592262753438,1.134756806642875
1302060,3778.0388128961054,9999.387096774102,0.0,0.8748549277569635,1.1347571363465725
1302120,3778.0474294009964,9999.387096774102,0.0,0.8744605098712621,1.1347573946329914
1302180,3777.942542959249,9999.387096774102,0.0,0.8751342773715342,1.1347576420382492
1302240,3777.8084826399295,9999.387096774102,0.0,0.875779252674857,1.134757781599821
1302300,3777.7747739335236,9999.387096774102,0.0,0.8756424328920552,1.134758084109218
1302360,3777.8173639416914,9999.387096774102,0.0,0.8755685474550515,1.1347582820253503
1302420,3778.1078881397625,9999.387096774102,0.0,0.8736659148109307,1.134758719512167
1302480,3777.93156945209,9999.387096774102,0.0,0.8748336964823958,1.1347588248503389
1302540,3777.6570043767797,9999.387096774102,0.0,0.8763021164469271,1.134758984578263
1302600,3777.8253932743055,9999.387096774102,0.0,0.8757264489461936,1.13475905740837
1302660,3777.9785418977735,9999.387096774102,0.0,0.8755443649623824,1.1347586018807867
1302720,3778.1517869036934,9999.387096774102,0.0,0.8741140533965448,1.134758459362388
1302780,3778.184634633395,9999.387096774102,0.0,0.8749635781572958,1.1347581314137458
1302840,3778.191110813431,9999.387096774102,0.0,0.8753555155118891,1.13475723227423
1302900,3777.8851541605572,9999.387096774102,0.0,0.8768990808827631,1.1347566331410066
1302960,3778.1408440766186,9999.387096774102,0.0,0.8753472269833624,1.1347563470905344
1303020,3778.126668612626,9999.387096774102,0.0,0.8749942017377459,1.1347561829228168
1303080,3778.2286236370405,9999.387096774102,0.0,0.8745093024006235,1.134756219803133
1303140,3778.040919562835,9999.387096774102,0.0,0.8752778379571119,1.1347561689661771
1303200,3777.8712984554304,9999.387096774102,0.0,0.8759286294436035,1.134756302160369
1303260,3777.8852569373335,9999.387096774102,0.0,0.8759487908186367,1.1347564172788158
1303320,3778.205555814809,9999.387096774102,0.0,0.8737279616447301,1.134756851728604
1303380,3778.0758303682705,9999.387096774102,0.0,0.8746509578659949,1.134756993294096
1303440,3777.8833626355604,9999.387096774102,0.0,0.8756003698656276,1.1347572414905778
1303500,3777.8481991512467,9999.387096774102,0.0,0.8757309523304483,1.1347574400632134
1303560,3777.6790505272356,9999.387096774102,0.0,0.8764936713419581,1.1347576776135926
1303620,3777.9758653794856,9999.387096774102,0.0,0.8748173514794002,1.1347580499034933
1303680,3777.988831376562,9999.387096774102,0.0,0.8744365382889976,1.134758325727927
1303740,3777.8754776062283,9999.387096774102,0.0,0.875172917111772,1.134758567699742
1303800,3777.7463563947044,9999.387096774102,0.0,0.8758182703998152,1.1347586956391134
1303860,3777.7245387968396,9999.387096774102,0.0,0.8756422796006473,1.1347589761601875
1303920,3777.77601069276,9999.387096774102,0.0,0.8755263797101379,1.1347591486115964
1303980,3778.058404843983,9999.387096774102,0.0,0.8737038946804764,1.1347595432936117
1304040,3777.9982891582717,9999.387096774102,0.0,0.8751140726176163,1.1347593877640125
1304100,3777.94740112965,9999.387096774102,0.0,0.8755495307033986,1.134758855811207
1304160,3777.6898076195184,9999.387096774102,0.0,0.8768788622988067,1.134758579938153
1304220,3778.3172598431747,9999.387096774102,0.0,0.8742476163116335,1.134758276321886
1304280,3778.2139670338956,9999.387096774102,0.0,0.8749911580531927,1.1347574385526684
1304340,3778.240271402449,9999.387096774102,0.0,0.8746545164412178,1.1347570467273218
1304400,3778.1109901038217,9999.387096774102,0.0,0.8753796448413379,1.1347566075629887
1304460,3777.8210944867196,9999.387096774102,0.0,0.8768234825575147,1.1347563805085734
1304520,3778.0527285764074,9999.387096774102,0.0,0.8753451988785574,1.134756422932499
1304580,3778.063448070819,9999.387096774102,0.0,0.8748847664369478,1.134756522042062
1304640,3778.1498070264633,9999.387096774102,0.0,0.8745375023835983,1.1347567246013608
1304700,3777.9667474892854,9999.387096774102,0.0,0.8753189478617194,1.1347567899963802
1304760,3777.8062171003585,9999.387096774102,0.0,0.8759429055068125,1.1347570023302578
1304820,3777.8272546324547,9999.387096774102,0.0,0.8759343546339478,1.1347571709614837
1304880,3778.149045745504,9999.387096774102,0.0,0.873743036631475,1.1347576275927307
1304940,3778.0274900882187,9999.387096774102,0.0,0.8746303782903272,1.1347577796228332
1305000,3777.829990914996,9999.387096774102,0.0,0.8756285852427439,1.1347580150200447
1305060,3777.798269740489,9999.387096774102,0.0,0.8757571747961712,1.1347581982432917
1305120,3777.644684649408,9999.387096774102,0.0,0.8764455972079185,1.1347584148595498
1305180,3777.941197559948,9999.387096774102,0.0,0.8747932214765749,1.134758757051815
1305240,3777.9577213480793,9999.387096774102,0.0,0.8744200355499853,1.1347589991615505
1305300,3777.7903017649965,9999.387096774102,0.0,0.8758637046039564,1.1347591672910324
1305360,3777.9484817330563,9999.387096774102,0.0,0.8757059725436536,1.1347587733111923
1305420,3777.808033279908,9999.387096774102,0.0,0.8763648097359301,1.1347583565427384
1305480,3778.2896806596154,9999.387096774102,0.0,0.8735794978037574,1.134758338135535
1305540,3778.396935998796,9999.387096774102,0.0,0.8743118288678273,1.1347576114713727
1305600,3778.2381467924683,9999.387096774102,0.0,0.8747897570757948,1.1347569122548293
1305660,3778.022154312758,9999.387096774102,0.0,0.8758455344050831,1.13475647186569
1305720,3777.9926366947375,9999.387096774102,0.0,0.8760271436687714,1.1347561322733581
1305780,3778.185898575848,9999.387096774102,0.0,0.8744274695516617,1.1347562019413082
1305840,3778.1220150302215,9999.387096774102,0.0,0.8749470186550534,1.134756151065308
1305900,3778.1273918229267,9999.387096774102,0.0,0.8747006030965495,1.1347563473673998
1305960,3777.9946680579096,9999.387096774102,0.0,0.8754328384588591,1.1347564044992573
1306020,3777.7251898592976,9999.387096774102,0.0,0.8767893184118938,1.1347565536973796
1306080,3777.9663005944267,9999.387096774102,0.0,0.8753164214653817,1.134756862808462
1306140,3777.9914726118454,9999.387096774102,0.0,0.8748115186025445,1.1347571519885278
1306200,3778.062127520885,9999.387096774102,0.0,0.8745727762713761,1.1347574784049965
1306260,3777.8835986080685,9999.387096774102,0.0,0.875369470500683,1.1347576316952885
1306320,3777.7351534250542,9999.387096774102,0.0,0.8759546098909761,1.1347578983646112
1306380,3777.764592250208,9999.387096774102,0.0,0.8759135096315036,1.134758098000434
1306440,3778.0876965836333,9999.387096774102,0.0,0.8737543451673567,1.1347585577560837
1306500,3777.9731641733783,9999.387096774102,0.0,0.8746131587574345,1.1347587046163732
1306560,3777.7702861662447,9999.387096774102,0.0,0.8756641966479548,1.134758913890609
1306620,3777.743084791476,9999.387096774102,0.0,0.8757856870037649,1.1347590711641138
1306680,3777.6068519146907,9999.387096774102,0.0,0.8763911399900085,1.1347592577041186
1306740,3778.230826467096,9999.387096774102,0.0,0.8733047270001935,1.1347595881775034
1306800,3778.1496761942853,9999.387096774102,0.0,0.8745257664294639,1.1347590885355412
1306860,3777.992512555708,9999.387096774102,0.0,0.8751050712543036,1.134758743514966
1306920,3777.7829157452543,9999.387096774102,0.0,0.8766299767946759,1.1347584074158952
1306980,3778.111531832339,9999.387096774102,0.0,0.8756958183782997,1.134757640444722
1307040,3778.066159440441,9999.387096774102,0.0,0.8755554649136245,1.13475709306724
1307100,3778.3335808028214,9999.387096774102,0.0,0.8742256324177018,1.1347568347781964
1307160,3778.158244192238,9999.387096774102,0.0,0.8748263430727495,1.1347565289273636
1307220,3777.9342459882064,9999.387096774102,0.0,0.8758740614790264,1.1347564288240206
1307280,3777.903281031438,9999.387096774102,0.0,0.8760575915300194,1.1347563784658963
1307340,3778.1153765930653,9999.387096774102,0.0,0.8744105714506507,1.134756653930331
1307400,3778.0619739246063,9999.387096774102,0.0,0.8748919879267063,1.134756742468417
1307460,3778.0536207225477,9999.387096774102,0.0,0.8747514074469102,1.1347570198977919
1307520,3777.926112743763,9999.387096774102,0.0,0.8754688126198513,1.13475713921258
1307580,3777.6717254235323,9999.387096774102,0.0,0.8767558359527557,1.1347573246823215
1307640,3777.915111042684,9999.387096774102,0.0,0.8752995689322474,1.134757647226381
1307700,3777.9516992744757,9999.387096774102,0.0,0.8747578456975805,1.1347579362063314
1307760,3778.01161262464,9999.387096774102,0.0,0.8745946109128716,1.1347582430686682
1307820,3777.8357870072286,9999.387096774102,0.0,0.8754038549311061,1.134758374529184
1307880,3777.6952462167733,9999.387096774102,0.0,0.8759656302386148,1.1347586134295735
1307940,3777.7307247798863,9999.387096774102,0.0,0.875897772526755,1.1347587845142666
1308000,3778.0530991920446,9999.387096774102,0.0,0.8737712335376376,1.1347592057241107
1308060,3778.1758008153956,9999.387096774102,0.0,0.8743596301717488,1.134759087385705
1308120,3778.031054507105,9999.387096774102,0.0,0.8751643476925796,1.1347585443663293
1308180,3777.6877889627676,9999.387096774102,0.0,0.8771061262623567,1.1347582478335256
1308240,3778.2067780376697,9999.387096774102,0.0,0.8749862817080447,1.1347578569988448
1308300,3778.1586212391676,9999.387096774102,0.0,0.8754206429738856,1.1347570430606804
1308360,3778.3892558045977,9999.387096774102,0.0,0.8738316291283461,1.1347567508441356
1308420,3778.190836519666,9999.387096774102,0.0,0.8750337533136886,1.1347562975584022
1308480,3777.872260543856,9999.387096774102,0.0,0.8766545710730649,1.134756082142818
1308540,3778.0147712877824,9999.387096774102,0.0,0.87564726483586,1.1347560931124843
1308600,3777.968621724892,9999.387096774102,0.0,0.8755489854198053,1.134756193533502
1308660,3778.222473111275,9999.387096774102,0.0,0.8742340509999149,1.1347564665041634
1308720,3778.0507395900736,9999.387096774102,0.0,0.8748678996536444,1.134756575179553
1308780,3777.835787638505,9999.387096774102,0.0,0.8759072261866546,1.1347567757335224
1308840,3777.814719116349,9999.387096774102,0.0,0.876065858548658,1.1347569420696466
1308900,3778.036114150026,9999.387096774102,0.0,0.8744071610488149,1.1347573677795668
1308960,3777.995529739553,9999.387096774102,0.0,0.8748294656667348,1.1347575657211986
1309020,3777.9714996524503,9999.387096774102,0.0,0.8748128696599858,1.1347578968639418
1309080,3777.850843614388,9999.387096774102,0.0,0.8755096344807537,1.1347580544381253
1309140,3777.61323308328,9999.387096774102,0.0,0.8767190568241194,1.1347582561348337
1309200,3777.8594060676264,9999.387096774102,0.0,0.875276863199812,1.1347585761812644
1309260,3777.9078321820657,9999.387096774102,0.0,0.8746988595050893,1.1347588513698015
1309320,3777.9549369727924,9999.387096774102,0.0,0.8746231404469907,1.1347591260086742
1309380,3777.7822893079756,9999.387096774102,0.0,0.8754446123802488,1.1347592255786807
1309440,3777.5433156048143,9999.387096774102,0.0,0.8768353616335665,1.134759396653843
1309500,3778.0201288291187,9999.387096774102,0.0,0.8751351945041435,1.134759211364915
1309560,3777.9875251459785,9999.387096774102,0.0,0.8751704187969971,1.134758800705931
1309620,3778.178320804355,9999.387096774102,0.0,0.8742735701312393,1.1347587075112557
1309680,3778.1464713810965,9999.387096774102,0.0,0.8754149095840342,1.1347579946476218
1309740,3778.0332362621475,9999.387096774102,0.0,0.8759641467110217,1.134757217818193
1309800,3778.1109003098936,9999.387096774102,0.0,0.8750937551384782,1.1347568827871082
1309860,3778.093142215874,9999.387096774102,0.0,0.8753763609325861,1.1347565298034175
1309920,3778.2936877155835,9999.387096774102,0.0,0.8739035779924306,1.1347565811963418
1309980,3778.098243403608,9999.387096774102,0.0,0.8750657421204896,1.1347564477866368
1310040,3777.7889844668966,9999.387096774102,0.0,0.8766656771434883,1.134756466395023
1310100,3777.9428640290657,9999.387096774102,0.0,0.8756455473561352,1.1347566361635242
1310160,3777.9137064695446,9999.387096774102,0.0,0.8754760139315114,1.1347568454107537
1310220,3778.1582678741356,9999.387096774102,0.0,0.8742341016396171,1.134757184462648
1310280,3777.9877444831445,9999.387096774102,0.0,0.8748976047425342,1.1347573338863202
1310340,3777.778026933641,9999.387096774102,0.0,0.875929541320226,1.1347575533781102
1310400,3777.7625651642315,9999.387096774102,0.0,0.8760720613694531,1.1347577252989085
1310460,3777.9896614417853,9999.387096774102,0.0,0.8744126322954705,1.1347581399213738
1310520,3777.9595969396446,9999.387096774102,0.0,0.8747837404647073,1.134758323999674
1310580,3777.9252458415626,9999.387096774102,0.0,0.8748487550502311,1.134758621247075
1310640,3777.8079666960357,9999.387096774102,0.0,0.8755385261839506,1.134758749755595
1310700,3777.5827777950176,9999.387096774102,0.0,0.876689341736619,1.134758919533426
1310760,3778.0986236042613,9999.387096774102,0.0,0.8741324416894514,1.134759181370866
1310820,3778.116961612269,9999.387096774102,0.0,0.8747963729228028,1.1347587094498375
1310880,3778.107626946648,9999.387096774102,0.0,0.874490964367911,1.1347584566603586
1310940,3777.863923085465,9999.387096774102,0.0,0.8764529046328183,1.1347580884231152
1311000,3778.1239792507245,9999.387096774102,0.0,0.8757502411763669,1.1347572718748264
1311060,3777.976709009796,9999.387096774102,0.0,0.8762594388471732,1.134756701852066
1311120,3778.297189412864,9999.387096774102,0.0,0.8745148731888709,1.1347564570178308
1311180,3778.2169227206014,9999.387096774102,0.0,0.8745420673701583,1.134756227754983
1311240,3778.02883042797,9999.387096774102,0.0,0.8755133822655049,1.1347561508881192
1311300,3777.9364390376522,9999.387096774102,0.0,0.8759418563467671,1.1347560989109096
1311360,3778.0014739197263,9999.387096774102,0.0,0.8751303635485922,1.1347563288826903
1311420,3778.000029529041,9999.387096774102,0.0,0.8753059944983654,1.1347564466795668
1311480,3778.186925576779,9999.387096774102,0.0,0.8739781143594756,1.1347568279714437
1311540,3778.002077458476,9999.387096774102,0.0,0.8751038982236243,1.1347569394256711
1311600,3777.7046703953447,9999.387096774102,0.0,0.8766582676198685,1.1347571296104908
1311660,3777.863195688713,9999.387096774102,0.0,0.8756435888173099,1.1347574208445486
1311720,3777.8540545187066,9999.387096774102,0.0,0.8753881954662315,1.1347577127531034
1311780,3778.0875153809156,9999.387096774102,0.0,0.8742372873762659,1.1347580916655018
1311840,3777.9179328312207,9999.387096774102,0.0,0.8749345470758463,1.1347582595327605
1311900,3777.7142953747634,9999.387096774102,0.0,0.8759537669058293,1.1347584803983561
1311960,3777.705441676862,9999.387096774102,0.0,0.8760759070803448,1.1347586439652906
1312020,3777.9395923711045,9999.387096774102,0.0,0.8744105540253845,1.1347590354245072
1312080,3777.919874564202,9999.387096774102,0.0,0.874733171610062,1.1347591950134837
1312140,3777.8731158374426,9999.387096774102,0.0,0.8748932348093912,1.1347594478966154
1312200,3777.7708433378984,9999.387096774102,0.0,0.8761301236374842,1.134759346120965
1312260,3777.891051204885,9999.387096774102,0.0,0.8759006256344224,1.1347588600192617
1312320,3777.8913017407613,9999.387096774102,0.0,0.8755361826375246,1.134758666052508
1312380,3778.478834209668,9999.387096774102,0.0,0.8733798077073568,1.1347584508407247
1312440,3778.270014832092,9999.387096774102,0.0,0.8747411584045901,1.134757532065923
1312500,3777.9847565679897,9999.387096774102,0.0,0.8762218564636257,1.134756977120617
1312560,3778.0502007907253,9999.387096774102,0.0,0.8757270208650422,1.1347566071488269
1312620,3777.904575637735,9999.387096774102,0.0,0.8762497587005972,1.1347564122354392
1312680,3778.2112965138335,9999.387096774102,0.0,0.8744966146140634,1.1347565026666555
1312740,3778.138000484557,9999.387096774102,0.0,0.8745304491927951,1.134756538232102
1312800,3777.948079503074,9999.387096774102,0.0,0.8755530557546416,1.1347566394906845
1312860,3777.8635154675317,9999.387096774102,0.0,0.8759692495296519,1.1347567112337273
1312920,3777.93849143363,9999.387096774102,0.0,0.8751330379565206,1.134757023699576
1312980,3777.947908851565,9999.387096774102,0.0,0.8752548810968662,1.1347571993953245
1313040,3778.1234440548387,9999.387096774102,0.0,0.8740275840473911,1.1347575994177115
1313100,3777.944578102315,9999.387096774102,0.0,0.875131161311561,1.134757721835842
1313160,3777.656491753121,9999.387096774102,0.0,0.8766479793357762,1.1347579067071634
1313220,3777.8173391280134,9999.387096774102,0.0,0.8756437038015447,1.134758182807757
1313280,3777.8224159385354,9999.387096774102,0.0,0.87532822036148,1.1347584542708948
1313340,3778.047887236317,9999.387096774102,0.0,0.8742393279618429,1.134758799880614
1313400,3777.879184848296,9999.387096774102,0.0,0.8749591990080342,1.1347589336219603
1313460,3777.56241680699,9999.387096774102,0.0,0.8769598813698425,1.1347590793543723
1313520,3777.965698799908,9999.387096774102,0.0,0.8755665392953107,1.1347588268696993
1313580,3777.9154422155384,9999.387096774102,0.0,0.8757131276453071,1.1347584225993983
1313640,3778.346034712869,9999.387096774102,0.0,0.8733725807104539,1.1347584200935408
1313700,3778.2776522116683,9999.387096774102,0.0,0.8748998386091845,1.134757666037986
1313760,3778.1080150411176,9999.387096774102,0.0,0.8756286738982472,1.1347568923284876
1313820,3778.0359549752325,9999.387096774102,0.0,0.8756517839196124,1.1347565049063135
1313880,3778.045600004869,9999.387096774102,0.0,0.8757486543457332,1.1347561681749732
1313940,3778.365992770834,9999.387096774102,0.0,0.873498328868409,1.1347562869323358
1314000,3778.166038685943,9999.387096774102,0.0,0.8747614860951847,1.1347561699709825
1314060,3777.886353068268,9999.387096774102,0.0,0.8761885884794793,1.1347562252128216
1314120,3777.9365720626793,9999.387096774102,0.0,0.8757610779414318,1.1347563603383286
1314180,3777.82059211544,9999.387096774102,0.0,0.8761416942540846,1.134756557691024
1314240,3778.1279620878436,9999.387096774102,0.0,0.8744485264519646,1.1347569210165365
1314300,3778.0520505649633,9999.387096774102,0.0,0.8745415527274192,1.134757146275163
1314360,3777.859992749814,9999.387096774102,0.0,0.8755950406986339,1.1347573807603106
1314420,3777.7821072007837,9999.387096774102,0.0,0.8760022351023599,1.1347575472309646
1314480,3777.870920284251,9999.387096774102,0.0,0.8751253399883735,1.1347579174961477
1314540,3777.8913785686864,9999.387096774102,0.0,0.875196279596883,1.1347581277775787
1314600,3778.053228741697,9999.387096774102,0.0,0.8740840820418669,1.1347585260204653
1314660,3777.880454594732,9999.387096774102,0.0,0.8751650365006032,1.1347586440586268
1314720,3777.602968149254,9999.387096774102,0.0,0.8766387544258697,1.1347588107825868
1314780,3777.7672750852594,9999.387096774102,0.0,0.8756399910649597,1.1347590610246743
1314840,3777.7876938988456,9999.387096774102,0.0,0.8752601614367403,1.134759302550402
1314900,3778.147069090281,9999.387096774102,0.0,0.8738188801016471,1.1347596069208246
1314960,3778.056447662196,9999.387096774102,0.0,0.8750402513974358,1.1347591031087962
1315020,3777.829054677243,9999.387096774102,0.0,0.8761205733132769,1.1347586835764827
1315080,3777.918819691869,9999.387096774102,0.0,0.8756305677575319,1.1347584877017227
1315140,3778.225240612477,9999.387096774102,0.0,0.875081677663265,1.1347577705423755
1315200,3778.2514065861064,9999.387096774102,0.0,0.8744782296686737,1.1347572122925316
1315260,3778.1882708228964,9999.387096774102,0.0,0.8749624231181178,1.134756829804606
1315320,3778.0374059489454,9999.387096774102,0.0,0.8756057709546281,1.1347564758760558
1315380,3777.9478682137137,9999.387096774102,0.0,0.8756915426656732,1.1347564286357834
1315440,3777.9657257734425,9999.387096774102,0.0,0.8757163508367685,1.134756393615964
1315500,3778.286468775544,9999.387096774102,0.0,0.8735311537299606,1.1347567188517786
1315560,3778.094659617083,9999.387096774102,0.0,0.8747681882614593,1.1347567450591602
1315620,3777.8168213539357,9999.387096774102,0.0,0.8762037928753752,1.134756891825005
1315680,3777.8703016516492,9999.387096774102,0.0,0.8757805537433053,1.1347570912296863
1315740,3777.773266158911,9999.387096774102,0.0,0.8760725093924304,1.1347573290829416
1315800,3778.0788244989744,9999.387096774102,0.0,0.8744186143835283,1.1347577058075458
1315860,3778.002180700706,9999.387096774102,0.0,0.8745482333325955,1.1347579273906259
1315920,3777.8092944438167,9999.387096774102,0.0,0.875621876523261,1.1347581464635736
1315980,3777.7354858209533,9999.387096774102,0.0,0.8760241965558548,1.1347582937406449
1316040,3777.8323462749304,9999.387096774102,0.0,0.8751287349281345,1.1347586365169502
1316100,3777.8619972203956,9999.387096774102,0.0,0.8751531366915046,1.1347588198878593
1316160,3778.014569371794,9999.387096774102,0.0,0.8741195227091955,1.134759176091355
1316220,3777.8913031257607,9999.387096774102,0.0,0.8757081196327696,1.1347590383853126
1316280,3777.9307089219838,9999.387096774102,0.0,0.8757803607272706,1.1347585264370608
1316340,3777.7789008667237,9999.387096774102,0.0,0.8763894064799274,1.1347582909611718
1316400,3778.465963461612,9999.387096774102,0.0,0.8735741766693494,1.1347580549973806
1316460,3778.287107209798,9999.387096774102,0.0,0.8747361914159959,1.1347571665628782
1316520,3778.1364550329367,9999.387096774102,0.0,0.8754336575387389,1.1347566861776825
1316580,3778.0914189627006,9999.387096774102,0.0,0.8756057911322683,1.1347562788334549
1316640,3777.8547119967307,9999.387096774102,0.0,0.876703278951785,1.1347560695023486
1316700,3778.140085926428,9999.387096774102,0.0,0.8749670802418387,1.1347561514900835
1316760,3778.1449048692025,9999.387096774102,0.0,0.8745282453036982,1.134756250287779
1316820,3778.071802314755,9999.387096774102,0.0,0.8750111605026857,1.1347564077058176
1316880,3777.9238207590065,9999.387096774102,0.0,0.8756745676708853,1.1347564834113235
1316940,3777.8566096984177,9999.387096774102,0.0,0.8756857806904969,1.1347567521947612
1317000,3777.8854646942164,9999.387096774102,0.0,0.8756714192460875,1.13475694280634
1317060,3778.197519679729,9999.387096774102,0.0,0.8735808689715988,1.134757416131036
1317120,3778.0143961589233,9999.387096774102,0.0,0.8747808386035488,1.1347575537391443
1317180,3777.7388549748534,9999.387096774102,0.0,0.876228117877934,1.134757765577167
1317240,3777.7983515426213,9999.387096774102,0.0,0.8757986699142859,1.134758005404744
1317300,3777.721587601737,9999.387096774102,0.0,0.8759965238205621,1.1347582631881636
1317360,3778.0249732626576,9999.387096774102,0.0,0.8743841881464864,1.1347586366340514
1317420,3777.9462516849835,9999.387096774102,0.0,0.8745604910697959,1.1347588399086153
1317480,3777.7526436074327,9999.387096774102,0.0,0.8756539341292292,1.1347590315647773
1317540,3777.683985100898,9999.387096774102,0.0,0.8760472579085977,1.13475914982515
1317600,3777.7424564255875,9999.387096774102,0.0,0.8754926279941427,1.134759444175035
1317660,3778.2216900341173,9999.387096774102,0.0,0.8740448194861296,1.1347593564893768
1317720,3778.094589039008,9999.387096774102,0.0,0.8746116712367206,1.1347588782864504
1317780,3777.8498922223243,9999.387096774102,0.0,0.8761754266282502,1.1347586166739085
1317840,3778.0496091789023,9999.387096774102,0.0,0.8758057983950714,1.134758039784395
1317900,3778.025781698474,9999.387096774102,0.0,0.87603757662899,1.134757261166986
1317960,3778.3642749356663,9999.387096774102,0.0,0.8737000483412352,1.1347570229298387
1318020,3778.2159226476247,9999.387096774102,0.0,0.8747298104274113,1.1347566110212481
1318080,3778.059033010512,9999.387096774102,0.0,0.8754079276343956,1.1347564856738046
1318140,3777.9959623712557,9999.387096774102,0.0,0.875651467294111,1.134756399067528
1318200,3777.7824681327293,9999.387096774102,0.0,0.8766393474253114,1.1347564383350563
1318260,3778.0738416956365,9999.387096774102,0.0,0.874930565434046,1.1347566837398981
1318320,3778.0842789563762,9999.387096774102,0.0,0.8744975082813203,1.1347568915944168
1318380,3778.0017280410766,9999.387096774102,0.0,0.8750458277589216,1.1347571165437114
1318440,3777.8580327235964,9999.387096774102,0.0,0.8757145843050878,1.134757238396029
1318500,3777.802287795375,9999.387096774102,0.0,0.875690603873358,1.1347575301415223
1318560,3777.8395676764158,9999.387096774102,0.0,0.8756375506262417,1.1347577294827336
1318620,3778.1453855516006,9999.387096774102,0.0,0.8736167160376497,1.1347581877416935
1318680,3777.968443523981,9999.387096774102,0.0,0.874789567280752,1.1347583100547425
1318740,3777.6956906833884,9999.387096774102,0.0,0.8762369836030387,1.134758494354859
1318800,3777.757513359967,9999.387096774102,0.0,0.8758131529749698,1.134758704888241
1318860,3777.695392652392,9999.387096774102,0.0,0.875943141205748,1.1347589322067186
1318920,3778.283887400962,9999.387096774102,0.0,0.873148306491409,1.1347592994483002
1318980,3778.149541910535,9999.387096774102,0.0,0.8746556689013898,1.1347587789096323
1319040,3777.928889753071,9999.387096774102,0.0,0.8756276113306865,1.1347583897705418
1319100,3777.826417981197,9999.387096774102,0.0,0.8763699965225098,1.1347581155266366
1319160,3778.1755425530196,9999.387096774102,0.0,0.8754774377454516,1.1347573701005635
1319220,3778.185062619652,9999.387096774102,0.0,0.8749659552505087,1.1347568246142374
1319280,3778.3135642283023,9999.387096774102,0.0,0.8744354978677663,1.1347565199324263
1319340,3778.122272698888,9999.387096774102,0.0,0.8751840956187906,1.1347561858924946
1319400,3777.9308337900475,9999.387096774102,0.0,0.8759316904742346,1.134756109589454
1319460,3777.9346600143253,9999.387096774102,0.0,0.8759816925023209,1.1347560800329421
1319520,3778.2458961050056,9999.387096774102,0.0,0.8737819925079437,1.1347564123762846
1319580,3778.119728045105,9999.387096774102,0.0,0.8746775079488214,1.1347564854755108
1319640,3777.9489612022994,9999.387096774102,0.0,0.875482869696286,1.1347567019851363
1319700,3777.898743653054,9999.387096774102,0.0,0.8756903884246844,1.1347568692690164
1319760,3777.707412321723,9999.387096774102,0.0,0.8765736522347378,1.1347570907469848
1319820,3778.000024469508,9999.387096774102,0.0,0.8748924432882784,1.1347574607735613
1319880,3778.0173086599393,9999.387096774102,0.0,0.8744620364271863,1.1347577503615258
1319940,3777.9241574561574,9999.387096774102,0.0,0.8750878498878096,1.134758016686904
1320000,3777.7859694479166,9999.387096774102,0.0,0.87575800083865,1.1347581626478374
1320060,3777.7431282489792,9999.387096774102,0.0,0.8756910947979569,1.134758459553627
1320120,3777.7895843525093,9999.387096774102,0.0,0.875596132122313,1.1347586533784104
1320180,3778.087890217091,9999.387096774102,0.0,0.8736552899314028,1.1347590832283865
1320240,3777.916691488629,9999.387096774102,0.0,0.8748041940548057,1.1347591792374536
1320300,3777.6472118881643,9999.387096774102,0.0,0.8762505473042546,1.1347593264975095
1320360,3777.795248213483,9999.387096774102,0.0,0.8757936217034675,1.134759378278481
1320420,3777.9520457404005,9999.387096774102,0.0,0.8755723646538681,1.1347589233351094
1320480,3778.126644279323,9999.387096774102,0.0,0.8741439082683182,1.1347587766744074
1320540,3778.1833153781013,9999.387096774102,0.0,0.8748620407154438,1.134758450330253
1320600,3778.1722351575404,9999.387096774102,0.0,0.875330304541309,1.1347575559846845
1320660,3777.865786737392,9999.387096774102,0.0,0.8768869827974485,1.1347569590809694
1320720,3778.1136917906656,9999.387096774102,0.0,0.8753836354322564,1.1347566661461024
1320780,3778.10036417094,9999.387096774102,0.0,0.8750389843882863,1.1347564963205976
1320840,3778.2193861005876,9999.387096774102,0.0,0.8744664155468974,1.134756529103463
1320900,3778.030911727499,9999.387096774102,0.0,0.8752395233362444,1.1347564683921274
1320960,3777.854977626551,9999.387096774102,0.0,0.875945674396938,1.1347565844455718
1321020,3777.8678342719572,9999.387096774102,0.0,0.8759681408549993,1.134756685214236
1321080,3778.1798306108626,9999.387096774102,0.0,0.8738000438266967,1.1347570997511287
1321140,3778.0640173228917,9999.387096774102,0.0,0.8746474709075667,1.1347572328040474
1321200,3777.8858251910506,9999.387096774102,0.0,0.875518918201432,1.1347574719764897
1321260,3777.84028667217,9999.387096774102,0.0,0.8757196605131725,1.1347576511864212
1321320,3777.6655033834763,9999.387096774102,0.0,0.8765240313206344,1.1347578717634095
1321380,3777.9582735111553,9999.387096774102,0.0,0.8748670075095087,1.1347582264313603
1321440,3777.980438442953,9999.387096774102,0.0,0.8744389508059806,1.1347584930122576
1321500,3777.8807263996505,9999.387096774102,0.0,0.8751132328696326,1.1347587258676588
1321560,3777.745496815038,9999.387096774102,0.0,0.8757876927682327,1.1347588401169173
1321620,3777.6236558423584,9999.387096774102,0.0,0.8763742960475507,1.1347590781025123
1321680,3778.1345045102294,9999.387096774102,0.0,0.8746284952815125,1.1347589502790354
1321740,3778.075779856153,9999.387096774102,0.0,0.8747930700657051,1.1347585195533112
1321800,3778.0411452932995,9999.387096774102,0.0,0.8752001389510766,1.1347583480867116
1321860,3778.102294080304,9999.387096774102,0.0,0.8757154937336393,1.1347576871902487
1321920,3778.0373648027116,9999.387096774102,0.0,0.8760872505559607,1.1347569033957963
1321980,3778.2492269067034,9999.387096774102,0.0,0.8744318318745504,1.1347566189767462
1322040,3778.1741430793068,9999.387096774102,0.0,0.87504306330003,1.1347562469233075
1322100,3778.2131582186767,9999.387096774102,0.0,0.8745494796863865,1.1347562292068267
1322160,3778.0626750936017,9999.387096774102,0.0,0.8753686703795863,1.1347561204310381
1322220,3777.775562122344,9999.387096774102,0.0,0.876817049393976,1.1347561528929677
1322280,3778.007126273406,9999.387096774102,0.0,0.8753730699594464,1.1347563761105517
1322340,3778.0194206846986,9999.387096774102,0.0,0.8749218170450498,1.134756609548983
1322400,3778.120259514988,9999.387096774102,0.0,0.8745008116159771,1.1347569167611944
1322460,3777.936991455021,9999.387096774102,0.0,0.8752907847243814,1.1347570566128011
1322520,3777.7724692402576,9999.387096774102,0.0,0.8759609262162281,1.134757315731234
1322580,3777.7938536696824,9999.387096774102,0.0,0.8759515881044001,1.1347575174312297
1322640,3778.109331339497,9999.387096774102,0.0,0.8738074727770522,1.1347579889002357
1322700,3778.0018939597458,9999.387096774102,0.0,0.8746212996819438,1.1347581571628809
1322760,3777.8160244789997,9999.387096774102,0.0,0.8755612687475173,1.1347583988589636
1322820,3777.775834102781,9999.387096774102,0.0,0.8757516946183468,1.1347585746321454
1322880,3777.61944876098,9999.387096774102,0.0,0.8764683397294629,1.1347587815307334
1322940,3777.912822047962,9999.387096774102,0.0,0.8748349309338378,1.1347591096721983
1323000,3777.938952054316,9999.387096774102,0.0,0.874417056793601,1.1347593427727334
1323060,3777.790272509106,9999.387096774102,0.0,0.8757613438924862,1.1347595006618216
1323120,3777.928782016499,9999.387096774102,0.0,0.8756976578637544,1.1347590977788613
1323180,3777.786428828044,9999.387096774102,0.0,0.8763730456148999,1.1347586786670283
1323240,3778.24907295849,9999.387096774102,0.0,0.8736979853770281,1.1347586451123473
1323300,3778.371242644702,9999.387096774102,0.0,0.8743201009682979,1.1347579279600584
1323360,3778.2217729956146,9999.387096774102,0.0,0.8747537844960412,1.1347572396977852
1323420,3778.006565736779,9999.387096774102,0.0,0.875828506868123,1.134756797126269
1323480,3777.972975431119,9999.387096774102,0.0,0.876027595505478,1.134756451872385
1323540,3778.153103018144,9999.387096774102,0.0,0.8745137159088001,1.1347565065522502
1323600,3778.100446622636,9999.387096774102,0.0,0.8749719852944843,1.1347564490722148
1323660,3778.1246813146618,9999.387096774102,0.0,0.8746202984862365,1.134756640325688
1323720,3777.985056715108,9999.387096774102,0.0,0.8754057749079351,1.1347566809523364
1323780,3777.7132872117227,9999.387096774102,0.0,0.87678331602886,1.1347568145982911
1323840,3777.946356198026,9999.387096774102,0.0,0.8753580824667515,1.134757104198918
1323900,3777.97241820897,9999.387096774102,0.0,0.8748577974797372,1.134757379021257
1323960,3778.0614139800896,9999.387096774102,0.0,0.8745230658953292,1.1347576964497266
1324020,3777.8811525506667,9999.387096774102,0.0,0.8753274508169093,1.1347578364168904
1324080,3777.7248967195906,9999.387096774102,0.0,0.8759735687605172,1.134758084173788
1324140,3777.752533697241,9999.387096774102,0.0,0.8759381928678606,1.1347582691382765
1324200,3778.068456233348,9999.387096774102,0.0,0.8738224273636546,1.1347587105621921
1324260,3777.9682319310114,9999.387096774102,0.0,0.8746028776891106,1.1347588510391093
1324320,3777.7782463966823,9999.387096774102,0.0,0.8755829810557354,1.1347590531575795
1324380,3777.76625593371,9999.387096774102,0.0,0.8761600826556083,1.1347590240762093
1324440,3777.9262912188274,9999.387096774102,0.0,0.8758296136552114,1.1347585562012896
1324500,3778.0328065164235,9999.387096774102,0.0,0.8747843953054707,1.1347583993756376
1324560,3778.399881595146,9999.387096774102,0.0,0.8738936009728866,1.134758149972818
1324620,3778.2554638626793,9999.387096774102,0.0,0.8749747575792317,1.1347572210852122
1324680,3777.9259327946043,9999.387096774102,0.0,0.8766927514188522,1.134756632187995
1324740,3778.0845849472494,9999.387096774102,0.0,0.8756517069467366,1.134756303231564
1324800,3778.0073313340245,9999.387096774102,0.0,0.8757184744636183,1.1347561311516943
1324860,3778.279752375256,9999.387096774102,0.0,0.8742395254434809,1.1347562280533106
1324920,3778.114877964977,9999.387096774102,0.0,0.874799988170223,1.1347562163260898
1324980,3777.8956795965737,9999.387096774102,0.0,0.8758639127266986,1.1347563249266874
1325040,3777.8642917258426,9999.387096774102,0.0,0.8760583459033898,1.1347564242809085
1325100,3778.064669082751,9999.387096774102,0.0,0.8744911403080786,1.1347568048885504
1325160,3778.0237593128936,9999.387096774102,0.0,0.8749059773179466,1.1347569810112368
1325220,3778.03082541716,9999.387096774102,0.0,0.8746875615552416,1.134757321991518
1325280,3777.898461703304,9999.387096774102,0.0,0.875449543050736,1.1347574778880907
1325340,3777.643946596389,9999.387096774102,0.0,0.8767489392475728,1.134757686666813
1325400,3777.8808698618495,9999.387096774102,0.0,0.8753361845385103,1.134758018371422
1325460,3777.9205856200706,9999.387096774102,0.0,0.8747905485754273,1.1347583130806407
1325520,3777.9957890974174,9999.387096774102,0.0,0.8745518739029067,1.1347586227890012
1325580,3777.818927640806,9999.387096774102,0.0,0.8753708750273694,1.1347587488476196
1325640,3777.672520215101,9999.387096774102,0.0,0.8759849152819948,1.1347589735713288
1325700,3777.7074007422943,9999.387096774102,0.0,0.8759194427958076,1.1347591318959411
1325760,3778.024107464379,9999.387096774102,0.0,0.8738327340205823,1.1347595341956205
1325820,3778.166420174328,9999.387096774102,0.0,0.8743002905732711,1.1347594133942565
1325880,3778.0153162021693,9999.387096774102,0.0,0.8751335344610627,1.1347588704357
1325940,3777.6733067799264,9999.387096774102,0.0,0.877081025624216,1.1347585676796266
1326000,3778.169428716332,9999.387096774102,0.0,0.8750664608086618,1.1347581664142044
1326060,3778.1305473078437,9999.387096774102,0.0,0.8754498970720247,1.134757363899472
1326120,3778.3761969112365,9999.387096774102,0.0,0.8737782410280016,1.1347570780165286
1326180,3778.1759540725798,9999.387096774102,0.0,0.8750042581845678,1.1347566210617512
1326240,3777.8607561984154,9999.387096774102,0.0,0.876611953544002,1.1347563997656194
1326300,3777.9931941267937,9999.387096774102,0.0,0.8756708468326849,1.1347563955521813
1326360,3777.9440076894157,9999.387096774102,0.0,0.8756032561792378,1.134756482694745
1326420,3778.208419902255,9999.387096774102,0.0,0.8742285636398764,1.134756744585214
1326480,3778.0433789734593,9999.387096774102,0.0,0.8748289516524471,1.134756843814077
1326540,3777.8281681500766,9999.387096774102,0.0,0.8758896966161006,1.1347570279574926
1326600,3777.8023135478347,9999.387096774102,0.0,0.8760699933426845,1.1347571781082744
1326660,3778.010541918203,9999.387096774102,0.0,0.874493602114672,1.1347575821800446
1326720,3777.980617409019,9999.387096774102,0.0,0.8748561002091512,1.1347577694149529
1326780,3777.976181867331,9999.387096774102,0.0,0.8747292777467897,1.1347580941061142
1326840,3777.8480125729466,9999.387096774102,0.0,0.8754805201587261,1.1347582345589582
1326900,3777.606366573195,9999.387096774102,0.0,0.8767200062721341,1.1347584207998385
1326960,3777.8444141824216,9999.387096774102,0.0,0.8753231971580266,1.1347587228929705
1327020,3777.8941336902503,9999.387096774102,0.0,0.874744675800179,1.134758986104805
1327080,3778.006453089729,9999.387096774102,0.0,0.8747055008001824,1.1347592364681864
1327140,3778.010879750609,9999.387096774102,0.0,0.875392261641159,1.1347587717653314
1327200,3777.810634549199,9999.387096774102,0.0,0.8763539166126239,1.1347583493497604
1327260,3778.088348154667,9999.387096774102,0.0,0.8747260855389124,1.1347582389341313
1327320,3778.322140366504,9999.387096774102,0.0,0.8746935402323568,1.134757520943836
1327380,3778.285157809314,9999.387096774102,0.0,0.8744561675384406,1.134756910376123
1327440,3778.1115326084364,9999.387096774102,0.0,0.8754366833704685,1.1347564864434598
1327500,3778.015341891897,9999.387096774102,0.0,0.8758705113121351,1.1347561391682202
1327560,3778.0448869656143,9999.387096774102,0.0,0.8752192521634381,1.1347561470696814
1327620,3778.0406745944906,9999.387096774102,0.0,0.8753905893379986,1.1347561170779663
1327680,3778.2561668366593,9999.387096774102,0.0,0.8738660520865084,1.1347564100634313
1327740,3778.0627881968626,9999.387096774102,0.0,0.8750418599536983,1.1347564451674468
1327800,3777.7577649082987,9999.387096774102,0.0,0.8766269009069361,1.134756588603961
1327860,3777.9022819536267,9999.387096774102,0.0,0.8756695784920615,1.1347568466788838
1327920,3777.873828700986,9999.387096774102,0.0,0.875513383826271,1.134757122206533
1327980,3778.127801192823,9999.387096774102,0.0,0.8742254113356875,1.1347575082544819
1328040,3777.9633263018695,9999.387096774102,0.0,0.874865369283063,1.1347576905193235
1328100,3777.7538411991895,9999.387096774102,0.0,0.8759179390852299,1.1347579250480166
1328160,3777.735122659974,9999.387096774102,0.0,0.8760784676146582,1.134758103786316
1328220,3777.9520210467895,9999.387096774102,0.0,0.874489521308425,1.1347585128666866
1328280,3777.933127719224,9999.387096774102,0.0,0.8748007113290591,1.1347586963742178
1328340,3777.915073867954,9999.387096774102,0.0,0.8747795754444081,1.134758990803564
1328400,3777.7918116099413,9999.387096774102,0.0,0.8755167683021853,1.1347591051451023
1328460,3777.56467183165,9999.387096774102,0.0,0.8766884369655068,1.1347592597038931
1328520,3778.058394738297,9999.387096774102,0.0,0.8742477684181517,1.134759498392934
1328580,3778.090535400085,9999.387096774102,0.0,0.8748211978662522,1.1347590305978112
1328640,3778.09498425445,9999.387096774102,0.0,0.8744462345005911,1.134758780771509
1328700,3777.856579081798,9999.387096774102,0.0,0.8763961164096726,1.1347584061866793
1328760,3778.1000954404726,9999.387096774102,0.0,0.8757525109227297,1.1347575926576394
1328820,3777.9486603518217,9999.387096774102,0.0,0.8763001745051863,1.1347570242053249
1328880,3778.2690623373483,9999.387096774102,0.0,0.8745537153421536,1.1347567754011914
1328940,3778.2003150983996,9999.387096774102,0.0,0.8745253168829173,1.134756546379179
1329000,3778.020740914185,9999.387096774102,0.0,0.87546947667658,1.1347564623180724
1329060,3777.922517520154,9999.387096774102,0.0,0.8759263429430638,1.1347563979184199
1329120,3777.9738922497177,9999.387096774102,0.0,0.8752058116961344,1.134756608133862
1329180,3777.979899383398,9999.387096774102,0.0,0.875339276422872,1.134756714494836
1329240,3778.1827982222635,9999.387096774102,0.0,0.8739208750802663,1.134757087159319
1329300,3777.9961828700443,9999.387096774102,0.0,0.8750689682895226,1.134757183387614
1329360,3777.7000530240466,9999.387096774102,0.0,0.8766214741718925,1.1347573590178421
1329420,3777.848033880094,9999.387096774102,0.0,0.8756717275283972,1.1347576300755469
1329480,3777.8353114272977,9999.387096774102,0.0,0.8754476759841141,1.134757906003932
1329540,3778.081477885036,9999.387096774102,0.0,0.8742236978990624,1.134758273916543
1329600,3777.917677481408,9999.387096774102,0.0,0.874890128187519,1.1347584323885973
1329660,3777.7122711989173,9999.387096774102,0.0,0.8759368993046861,1.1347586376503864
1329720,3777.6980100998226,9999.387096774102,0.0,0.876083738294694,1.1347587866777544
1329780,3777.9009385410136,9999.387096774102,0.0,0.8746351587582373,1.134759154625984
1329840,3778.2802354191945,9999.387096774102,0.0,0.8738506182895583,1.1347590823031548
1329900,3778.093143564329,9999.387096774102,0.0,0.874772206543318,1.1347585566595002
1329960,3777.7559795241987,9999.387096774102,0.0,0.8767963935295895,1.1347582653830106
1330020,3778.1034967428777,9999.387096774102,0.0,0.8755881130770862,1.134757768535184
1330080,3778.0851019503416,9999.387096774102,0.0,0.8758331833489628,1.1347569756834541
1330140,3778.4486321520103,9999.387096774102,0.0,0.8733915731985241,1.1347567475816949
1330200,3778.238615751227,9999.387096774102,0.0,0.8747431696096585,1.1347563033028676
1330260,3777.9694070694673,9999.387096774102,0.0,0.8760745360974836,1.1347561256541456
1330320,3777.996423310729,9999.387096774102,0.0,0.8757464999411567,1.1347560864804935
1330380,3777.8562401354297,9999.387096774102,0.0,0.8762568298164868,1.13475616029148
1330440,3778.1656994800665,9999.387096774102,0.0,0.8745213488563758,1.1347564391689289
1330500,3778.1022832984677,9999.387096774102,0.0,0.8745149422947461,1.1347566176827415
1330560,3777.9190852584425,9999.387096774102,0.0,0.8755188935041687,1.1347568232903593
1330620,3777.830003802693,9999.387096774102,0.0,0.8759617660142998,1.1347569699984459
1330680,3777.8952782710317,9999.387096774102,0.0,0.8751998228895473,1.1347573291449384
1330740,3777.912947286965,9999.387096774102,0.0,0.8752789164771778,1.1347575421732243
1330800,3778.1020145449306,9999.387096774102,0.0,0.8739818772251895,1.1347579674586408
1330860,3777.922574254011,9999.387096774102,0.0,0.8751028335936806,1.1347581006464906
1330920,3777.6366633598086,9999.387096774102,0.0,0.8766164637315924,1.1347582885258582
1330980,3777.788830633463,9999.387096774102,0.0,0.8756705469749383,1.1347585569264285
1331040,3777.79313690913,9999.387096774102,0.0,0.875373519501265,1.1347588200960632
1331100,3778.0297343988846,9999.387096774102,0.0,0.8742247939181597,1.1347591575584903
1331160,3777.866299473405,9999.387096774102,0.0,0.8749219202826737,1.134759281864574
1331220,3777.5520136045366,9999.387096774102,0.0,0.8769242279052253,1.1347594110437234
1331280,3777.9375615291974,9999.387096774102,0.0,0.8756029704567908,1.1347591476129095
1331340,3777.8892979485536,9999.387096774102,0.0,0.875747069789234,1.1347587429223958
1331400,3778.332897849754,9999.387096774102,0.0,0.8733284932477421,1.1347587374940251
1331460,3778.2636471059905,9999.387096774102,0.0,0.8748533277154069,1.134757986528941
1331520,3778.090622768201,9999.387096774102,0.0,0.8755984621175662,1.1347572193812117
1331580,3778.008087060578,9999.387096774102,0.0,0.8757003954336794,1.1347568260515164
1331640,3778.0215476340495,9999.387096774102,0.0,0.87577351328684,1.1347564861640926
1331700,3778.3461077432153,9999.387096774102,0.0,0.8735039591824946,1.134756597276112
1331760,3778.152848806175,9999.387096774102,0.0,0.8747386231227421,1.1347564730200566
1331820,3777.8817290872,9999.387096774102,0.0,0.8761214128875192,1.1347565192074802
1331880,3777.920993271179,9999.387096774102,0.0,0.8757669359311263,1.1347566355691392
1331940,3777.8000963306645,9999.387096774102,0.0,0.8761875896092991,1.134756816448803
1332000,3778.107633530927,9999.387096774102,0.0,0.8744891555608411,1.1347571630475282
1332060,3778.0445598994856,9999.387096774102,0.0,0.8745165158950534,1.1347573801735813
1332120,3777.859399360208,9999.387096774102,0.0,0.8755495529044978,1.134757601012501
1332180,3777.7749727327023,9999.387096774102,0.0,0.8759878805168374,1.134757751388529
1332240,3777.8495322529957,9999.387096774102,0.0,0.8752023096476196,1.1347581002926441
1332300,3777.8766970413453,9999.387096774102,0.0,0.8752342073744847,1.1347582987480234
1332360,3778.056072374444,9999.387096774102,0.0,0.8740213285846936,1.1347586901204803
1332420,3777.8809956890314,9999.387096774102,0.0,0.8751260350902121,1.1347587945208544
1332480,3777.6031038175893,9999.387096774102,0.0,0.8766067507585977,1.134758948401588
1332540,3777.9197245645883,9999.387096774102,0.0,0.8751542307875094,1.1347590999796786
1332600,3778.0325769273295,9999.387096774102,0.0,0.8752486515921558,1.1347586436191552
1332660,3778.1669802217834,9999.387096774102,0.0,0.8740739534194758,1.1347584738933165
1332720,3778.0306268285512,9999.387096774102,0.0,0.8757057502101462,1.134758110211425
1332780,3778.152163394661,9999.387096774102,0.0,0.875583051917201,1.1347572431332609
1332840,3777.9000506179336,9999.387096774102,0.0,0.8767733378507705,1.134756651706984
1332900,3778.200787287565,9999.387096774102,0.0,0.875024662308751,1.1347563888699383
1332960,3778.1926387973585,9999.387096774102,0.0,0.8746243008477501,1.1347562137760836
1333020,3778.1490350771974,9999.387096774102,0.0,0.8749159260607063,1.1347561941689102
1333080,3777.989598634255,9999.387096774102,0.0,0.8756034327348177,1.134756136028793
1333140,3777.900436218639,9999.387096774102,0.0,0.8757271712780057,1.1347563032979147
1333200,3777.9233115634856,9999.387096774102,0.0,0.8757355018174157,1.1347564243322013
1333260,3778.24712382394,9999.387096774102,0.0,0.8735402113780093,1.134756864009506
1333320,3778.06270837356,9999.387096774102,0.0,0.874746192452591,1.134756979296096
1333380,3777.792317452585,9999.387096774102,0.0,0.8761496663358829,1.134757188734875
1333440,3777.8373472122526,9999.387096774102,0.0,0.8757898149070602,1.1347574243287453
1333500,3777.738647228453,9999.387096774102,0.0,0.8761066191463079,1.1347576862924635
1333560,3778.044788002507,9999.387096774102,0.0,0.8744506850942776,1.1347580754691546
1333620,3777.9802450056723,9999.387096774102,0.0,0.8745244558189783,1.13475830848818
1333680,3777.793140887834,9999.387096774102,0.0,0.8755854949636873,1.1347585269560023
1333740,3777.714315407163,9999.387096774102,0.0,0.876015698779336,1.1347586671161167
1333800,3777.800024962899,9999.387096774102,0.0,0.8751978317732908,1.1347589939959697
1333860,3777.837081070696,9999.387096774102,0.0,0.8751817782872091,1.134759167604192
1333920,3778.0045691999944,9999.387096774102,0.0,0.8740678968659636,1.1347595146878255
1333980,3777.883407517727,9999.387096774102,0.0,0.8756513443120614,1.1347593657483677
1334040,3777.911560204736,9999.387096774102,0.0,0.8757686706382733,1.1347588513199676
1334100,3777.7519843204373,9999.387096774102,0.0,0.876440068248436,1.1347586070793767
1334160,3778.4259840700033,9999.387096774102,0.0,0.873662902693494,1.1347583609022056
1334220,3778.261946716968,9999.387096774102,0.0,0.8747450503726847,1.1347574879752107
1334280,3778.128605348642,9999.387096774102,0.0,0.8753496333528709,1.1347570162430483
1334340,3778.073623748016,9999.387096774102,0.0,0.8755926782403498,1.1347566016957882
1334400,3777.833966091668,9999.387096774102,0.0,0.8767178033458985,1.1347563842005681
1334460,3778.1144119539003,9999.387096774102,0.0,0.8750109883815922,1.1347564527363305
1334520,3778.1254530937663,9999.387096774102,0.0,0.8745449936229719,1.1347565426337236
1334580,3778.0681092620152,9999.387096774102,0.0,0.874955716300947,1.1347566918316863
1334640,3777.9151347853167,9999.387096774102,0.0,0.8756435944201559,1.1347567531736094
1334700,3777.83669206992,9999.387096774102,0.0,0.8757345239528924,1.1347570014128339
1334760,3777.8681427149004,9999.387096774102,0.0,0.8757030964866119,1.134757177839369
1334820,3778.18678591148,9999.387096774102,0.0,0.8735761868090064,1.1347576376532267
1334880,3778.009476658129,9999.387096774102,0.0,0.8747515051150714,1.1347577635235304
1334940,3777.740737073811,9999.387096774102,0.0,0.8761635558273583,1.1347579636050067
1335000,3777.788770225513,9999.387096774102,0.0,0.8758071037405926,1.1347581839499183
1335060,3777.7059941259663,9999.387096774102,0.0,0.8760495323942239,1.134758425515122
1335120,3778.0102275377667,9999.387096774102,0.0,0.874425728197508,1.13475878400998
1335180,3777.945307701634,9999.387096774102,0.0,0.8745291991447415,1.134758981846337
1335240,3777.66616741339,9999.387096774102,0.0,0.8764972245135675,1.1347591230485035
1335300,3777.9344907631425,9999.387096774102,0.0,0.8757621623244908,1.1347587863829998
1335360,3777.837566611201,9999.387096774102,0.0,0.8761825868653124,1.1347583764759301
1335420,3778.384028747585,9999.387096774102,0.0,0.8730814440437912,1.1347583998951154
1335480,3778.3779520029248,9999.387096774102,0.0,0.874407227464745,1.1347576468903913
1335540,3778.184964183183,9999.387096774102,0.0,0.8751367498676179,1.1347569040548007
1335600,3777.9997727249665,9999.387096774102,0.0,0.8759141068140693,1.1347564751595096
1335660,3778.0009161434036,9999.387096774102,0.0,0.8759920299175568,1.1347561399154702
1335720,3778.2889508133817,9999.387096774102,0.0,0.8738680067666861,1.1347562465156542
1335780,3778.167043920818,9999.387096774102,0.0,0.8747196815767038,1.1347561709389276
1335840,3778.021885092587,9999.387096774102,0.0,0.875361082373344,1.1347562952642753
1335900,3777.957424902153,9999.387096774102,0.0,0.8756436546113502,1.1347563803471268
1335960,3777.74335266763,9999.387096774102,0.0,0.8766494902658102,1.1347565462677185
1336020,3778.030338130332,9999.387096774102,0.0,0.8749677908944675,1.134756884260722
1336080,3778.0489886893197,9999.387096774102,0.0,0.8745028223793472,1.1347571644811305
1336140,3777.978937653786,9999.387096774102,0.0,0.8750006672502363,1.134757439962555
1336200,3777.831737232622,9999.387096774102,0.0,0.8756925309252028,1.1347575921562663
1336260,3777.7675946179957,9999.387096774102,0.0,0.8757356892190442,1.1347578966853704
1336320,3777.80855649501,9999.387096774102,0.0,0.8756629618331594,1.134758105706046
1336380,3778.120493723143,9999.387096774102,0.0,0.8736148273469161,1.1347585658016355
1336440,3777.949790245719,9999.387096774102,0.0,0.8747626724806256,1.1347586867973276
1336500,3777.683148343954,9999.387096774102,0.0,0.8761826774685624,1.1347588644517903
1336560,3777.7353745868736,9999.387096774102,0.0,0.8758241128523065,1.134759058933243
1336620,3777.6701787489696,9999.387096774102,0.0,0.8759844303914504,1.134759270867341
1336680,3778.263877329754,9999.387096774102,0.0,0.8731467813645892,1.134759623165522
1336740,3778.1327288011425,9999.387096774102,0.0,0.8746286144358726,1.134759104236795
1336800,3777.91672974564,9999.387096774102,0.0,0.8755799412692372,1.1347587151298917
1336860,3777.801014471343,9999.387096774102,0.0,0.8764166330606374,1.1347584282847085
1336920,3778.146090064442,9999.387096774102,0.0,0.8755090354746898,1.1347576873318752
1336980,3778.155360034887,9999.387096774102,0.0,0.875013378525674,1.134757145989268
1337040,3778.3004880479803,9999.387096774102,0.0,0.8743972027114079,1.134756844682916
1337100,3778.1089960063996,9999.387096774102,0.0,0.8751478222440464,1.134756507212461
1337160,3777.9127762689545,9999.387096774102,0.0,0.8759435217503749,1.1347564186896395
1337220,3777.915222310099,9999.387096774102,0.0,0.8759977203367733,1.1347563776002232
1337280,3778.2170115819326,9999.387096774102,0.0,0.8738586447137103,1.1347566914174179
1337340,3778.1043224771224,9999.387096774102,0.0,0.8746808082589369,1.1347567566387824
1337400,3777.949250218123,9999.387096774102,0.0,0.8754005423154777,1.134756965134248
1337460,3777.889108191953,9999.387096774102,0.0,0.8756768063718785,1.1347571132292624
1337520,3777.6927736895627,9999.387096774102,0.0,0.876598321047204,1.1347573175775583
1337580,3777.9807522500423,9999.387096774102,0.0,0.8749409672011275,1.134757669146159
1337640,3778.005814047557,9999.387096774102,0.0,0.8744719997014806,1.1347579479258911
1337700,3777.927572569775,9999.387096774102,0.0,0.8750286391266208,1.1347582047239348
1337760,3777.7837321012153,9999.387096774102,0.0,0.8757257719987777,1.134758336231172
1337820,3777.7285744990036,9999.387096774102,0.0,0.8757420264424431,1.1347586134680279
1337880,3777.7769256955257,9999.387096774102,0.0,0.875633261933747,1.1347587947017033
1337940,3778.0835543230496,9999.387096774102,0.0,0.8736441038949805,1.1347592143373941
1338000,3778.0571819001334,9999.387096774102,0.0,0.8749330365842624,1.1347590697417549
1338060,3777.9831508943385,9999.387096774102,0.0,0.8754586773816098,1.1347585337374242
1338120,3777.6953034556186,9999.387096774102,0.0,0.8769874084440814,1.1347582546382948
1338180,3778.3102712950504,9999.387096774102,0.0,0.8744124400982898,1.1347579339847353
1338240,3778.2172559377095,9999.387096774102,0.0,0.8750972934677078,1.1347570954341377
1338300,3778.295054785691,9999.387096774102,0.0,0.8744421691786429,1.134756729347253
1338360,3778.1454014258907,9999.387096774102,0.0,0.8752970427169553,1.1347562878616395
1338420,3777.8411170747117,9999.387096774102,0.0,0.8768242341332535,1.1347560668250067
1338480,3778.0545784653395,9999.387096774102,0.0,0.8754298774830123,1.1347561108838773
1338540,3778.0536545555046,9999.387096774102,0.0,0.8750345298547071,1.13475622091979
1338600,3778.1846761860143,9999.387096774102,0.0,0.8744337093798313,1.1347564534627328
1338660,3777.9974708571076,9999.387096774102,0.0,0.8752097491639038,1.1347565369622934
1338720,3777.8173488839875,9999.387096774102,0.0,0.8759606066426463,1.1347567560188463
1338780,3777.8301114348506,9999.387096774102,0.0,0.8759834658602335,1.134756935385337
1338840,3778.1355319657264,9999.387096774102,0.0,0.8738670443319042,1.1347573994656497
1338900,3778.033593816131,9999.387096774102,0.0,0.8746430372736178,1.134757574640652
1338960,3777.868011739343,9999.387096774102,0.0,0.8754513236440076,1.1347578404703624
1339020,3777.8144547750844,9999.387096774102,0.0,0.8757125030538314,1.1347580277388145
1339080,3777.6375408158406,9999.387096774102,0.0,0.8765418062885165,1.1347582503063556
1339140,3777.926753224588,9999.387096774102,0.0,0.8749077490232102,1.1347585992535842
1339200,3777.95753309497,9999.387096774102,0.0,0.8744415672006295,1.134758862404229
1339260,3777.869951243503,9999.387096774102,0.0,0.8750636905111697,1.1347590881456016
1339320,3777.7302904656917,9999.387096774102,0.0,0.8757636680195807,1.1347591890454172
1339380,3777.597842546244,9999.387096774102,0.0,0.8764299270762532,1.1347594063263209
1339440,3778.101068093731,9999.387096774102,0.0,0.8746903389583632,1.1347592680415095
1339500,3778.051248024894,9999.387096774102,0.0,0.8748139117879944,1.1347588406873608
1339560,3778.039047651218,9999.387096774102,0.0,0.8750945705551698,1.1347586707881394
1339620,3778.083597651631,9999.387096774102,0.0,0.8756986560317876,1.1347580053807753
1339680,3778.014974077251,9999.387096774102,0.0,0.8760857781918464,1.1347572278805271
1339740,3778.2129123201285,9999.387096774102,0.0,0.8745214054500913,1.1347569366643462
1339800,3778.149689883191,9999.387096774102,0.0,0.875067876344866,1.1347565650269997
1339860,3778.206804281773,9999.387096774102,0.0,0.8744736285893886,1.1347565468849803
1339920,3778.050463625387,9999.387096774102,0.0,0.8753412629038697,1.1347564253339537
1339980,3777.7620982362346,9999.387096774102,0.0,0.8768049178138336,1.1347564447616219
1340040,3777.985338234154,9999.387096774102,0.0,0.8754117324270064,1.1347566496793602
1340100,3777.997868394326,9999.387096774102,0.0,0.8749702441683715,1.1347568690900014
1340160,3778.1164657291765,9999.387096774102,0.0,0.874455817191189,1.1347571670898442
1340220,3777.932398337949,9999.387096774102,0.0,0.8752492582107602,1.1347572937485677
1340280,3777.7611727058434,9999.387096774102,0.0,0.8759752132050445,1.1347575337974725
1340340,3777.7805340584473,9999.387096774102,0.0,0.8759728308596904,1.134757720073143
1340400,3778.0875928604805,9999.387096774102,0.0,0.8738803161890498,1.1347581718762274
1340460,3777.9941073536693,9999.387096774102,0.0,0.8746174500940824,1.1347583324113786
1340520,3777.8225615275983,9999.387096774102,0.0,0.8754785858155827,1.1347585664779754
1340580,3777.771886434353,9999.387096774102,0.0,0.8757384774888423,1.1347587245642314
1340640,3777.609134561455,9999.387096774102,0.0,0.8764999521751613,1.1347589161270473
1340700,3778.2234756814105,9999.387096774102,0.0,0.8734479955229926,1.1347592448689967
1340760,3778.1643142406847,9999.387096774102,0.0,0.8745579592578204,1.1347587524789722
1340820,3778.036679364964,9999.387096774102,0.0,0.8749493395368203,1.1347584305896112
1340880,3777.80704069704,9999.387096774102,0.0,0.8766426487499654,1.13475808779445
1340940,3778.1296825493823,9999.387096774102,0.0,0.875723955317807,1.1347573044721082
1341000,3778.0581423460553,9999.387096774102,0.0,0.8757408748971408,1.1347567495426485
1341060,3778.350659045172,9999.387096774102,0.0,0.8742428444991946,1.1347565017929366
1341120,3778.1898386130565,9999.387096774102,0.0,0.8747397947550938,1.134756216225138
1341180,3777.9654935230806,9999.387096774102,0.0,0.8758111902407121,1.1347561260750774
1341240,3777.920885210649,9999.387096774102,0.0,0.8760468673550952,1.1347560836738635
1341300,3778.1005292348877,9999.387096774102,0.0,0.8745727354253386,1.1347563600318156
1341360,3778.0580807288784,9999.387096774102,0.0,0.8749884741862795,1.1347564658043123
1341420,3778.097216646824,9999.387096774102,0.0,0.8745574416721386,1.1347567806330239
1341480,3777.9526244005915,9999.387096774102,0.0,0.8753866600206044,1.1347569076974784
1341540,3777.6817366443133,9999.387096774102,0.0,0.8767716991773707,1.1347571036281001
1341600,3777.908536851777,9999.387096774102,0.0,0.8753920879936093,1.1347574314454552
1341660,3777.9372535193097,9999.387096774102,0.0,0.8748921531568272,1.134757733803138
1341720,3778.041078818417,9999.387096774102,0.0,0.8744841905943622,1.1347580707060703
1341780,3777.8606206004715,9999.387096774102,0.0,0.8752950524077073,1.1347582183810772
1341840,3777.6995157502233,9999.387096774102,0.0,0.8759890109793232,1.134758461808529
1341900,3777.726424214689,9999.387096774102,0.0,0.8759572129597603,1.1347586409608086
1341960,3778.0357902938385,9999.387096774102,0.0,0.8738876367643557,1.1347590681001796
1342020,3777.949536581541,9999.387096774102,0.0,0.8745939594801672,1.1347592027599354
1342080,3777.7713334972373,9999.387096774102,0.0,0.8755135984170944,1.1347593951447044
1342140,3777.7455961042333,9999.387096774102,0.0,0.8761767874798478,1.1347593478925215
1342200,3777.901977425119,9999.387096774102,0.0,0.8758462800561503,1.1347588787669383
1342260,3778.001711931533,9999.387096774102,0.0,0.8748558509695179,1.1347587143914977
1342320,3778.3915095738184,9999.387096774102,0.0,0.8738218649759845,1.13475846626295
1342380,3778.2371878866466,9999.387096774102,0.0,0.8749459754301485,1.1347575453158345
1342440,3777.912242090823,9999.387096774102,0.0,0.8766454779904342,1.1347569603269816
1342500,3778.060527427296,9999.387096774102,0.0,0.8756722259625574,1.1347566236401534
1342560,3777.9805637125905,9999.387096774102,0.0,0.8757685856909756,1.134756444025444
1342620,3778.261025231509,9999.387096774102,0.0,0.8742441926342863,1.1347565326965017
1342680,3778.1044740174293,9999.387096774102,0.0,0.8747639117693723,1.1347565146217824
1342740,3777.886347699156,9999.387096774102,0.0,0.8758427130085333,1.1347566088641916
1342800,3777.8501134610146,9999.387096774102,0.0,0.8760592552067036,1.134756692972592
1342860,3778.0370069177347,9999.387096774102,0.0,0.8745775981701722,1.1347570521214052
1342920,3778.0066123159963,9999.387096774102,0.0,0.8749338782222504,1.134757217275787
1342980,3778.033090107623,9999.387096774102,0.0,0.8746061570624889,1.1347575511740304
1343040,3777.8938721881746,9999.387096774102,0.0,0.8754195896168957,1.1347576895610705
1343100,3777.636216193644,9999.387096774102,0.0,0.8767439948925208,1.1347578823766606
1343160,3777.86467594348,9999.387096774102,0.0,0.8753797878847694,1.1347581950620456
1343220,3777.904870662585,9999.387096774102,0.0,0.8748395748483384,1.1347584764026082
1343280,3777.9988068109915,9999.387096774102,0.0,0.8745012062428679,1.1347587789001203
1343340,3777.820444834248,9999.387096774102,0.0,0.8753260530543275,1.1347588935561477
1343400,3777.551635923721,9999.387096774102,0.0,0.8769225823981259,1.1347590671809553
1343460,3778.0214721814095,9999.387096774102,0.0,0.8752500215888714,1.1347588705691858
1343520,3777.9840372634285,9999.387096774102,0.0,0.875309113073665,1.134758462648059
1343580,3778.2389854141293,9999.387096774102,0.0,0.874030120303192,1.134758399810109
1343640,3778.1943350711354,9999.387096774102,0.0,0.8752991244130907,1.1347576718853192
1343700,3778.0662460100884,9999.387096774102,0.0,0.8758953411515309,1.1347568904150096
1343760,3778.1059811624523,9999.387096774102,0.0,0.8752368574375248,1.1347565435185099
1343820,3778.094568375235,9999.387096774102,0.0,0.875477265847916,1.1347561977747471
1343880,3778.332788765041,9999.387096774102,0.0,0.8737590124996996,1.1347562768149342
1343940,3778.1293755588003,9999.387096774102,0.0,0.8749825950426542,1.1347561525082264
1344000,3777.8183696768856,9999.387096774102,0.0,0.8765897235831587,1.1347561864050892
1344060,3777.949709714206,9999.387096774102,0.0,0.8756885166081113,1.1347563591461092
1344120,3777.8995687690385,9999.387096774102,0.0,0.8756450376673085,1.1347565769747159
1344180,3778.1715608197705,9999.387096774102,0.0,0.8742280571011428,1.134756938836451
1344240,3778.0139962899766,9999.387096774102,0.0,0.874799140153063,1.1347571139710406
1344300,3777.8003298695276,9999.387096774102,0.0,0.8758753172984628,1.1347573458840188
1344360,3777.771361301656,9999.387096774102,0.0,0.8760739170794887,1.1347575273123547
1344420,3777.9691990463516,9999.387096774102,0.0,0.8745705961957139,1.1347579444072802
1344480,3777.9504175743955,9999.387096774102,0.0,0.8748739443225325,1.1347581452095636
1344540,3777.9620863688474,9999.387096774102,0.0,0.8746625943087467,1.1347584775060109
1344600,3777.8286487962027,9999.387096774102,0.0,0.8754581376462521,1.134758611895427
1344660,3777.5858705251103,9999.387096774102,0.0,0.8767142000209678,1.1347587888381399
1344720,3777.81693660071,9999.387096774102,0.0,0.8753617826030456,1.134759075523833
1344780,3777.8691199663554,9999.387096774102,0.0,0.8747809759874202,1.1347593260833886
1344840,3778.005720163591,9999.387096774102,0.0,0.8746020482223389,1.1347595685526914
1344900,3777.9948317826834,9999.387096774102,0.0,0.8753635467835006,1.1347590976948154
1344960,3777.7929394551747,9999.387096774102,0.0,0.8763391211332741,1.1347586729559926
1345020,3778.0479460555616,9999.387096774102,0.0,0.8748503334879558,1.134758546885801
1345080,3778.291140067022,9999.387096774102,0.0,0.8747308748028888,1.1347578360716999
1345140,3778.2654513445127,9999.387096774102,0.0,0.8744398373231687,1.1347572361063107
1345200,3778.100789641076,9999.387096774102,0.0,0.8753917366997824,1.1347568130405676
1345260,3777.9987676494165,9999.387096774102,0.0,0.8758532828300932,1.1347564598295115
1345320,3778.015379408206,9999.387096774102,0.0,0.8752907255300715,1.1347564527705916
1345380,3778.0182682741934,9999.387096774102,0.0,0.8754221915775446,1.134756414184821
1345440,3778.2484148286567,9999.387096774102,0.0,0.8738155516618805,1.1347566997271268
1345500,3778.0542053708973,9999.387096774102,0.0,0.8750086290020733,1.1347567211134655
1345560,3777.7516866863507,9999.387096774102,0.0,0.8765848635175056,1.134756850964305
1345620,3777.8856189887374,9999.387096774102,0.0,0.8756942144013571,1.1347570888855136
1345680,3777.853404543299,9999.387096774102,0.0,0.8755712272276492,1.1347573479723536
1345740,3778.1181104663056,9999.387096774102,0.0,0.874220802300335,1.1347577215427849
1345800,3777.9608061692365,9999.387096774102,0.0,0.8748234477168357,1.1347578941505876
1345860,3777.7508238575565,9999.387096774102,0.0,0.8758971634938615,1.1347581126160706
1345920,3777.726622944493,9999.387096774102,0.0,0.8760828441954097,1.134758275868084
1345980,3777.9301834619773,9999.387096774102,0.0,0.8745758176308874,1.1347586647342944
1346040,3777.9212927369335,9999.387096774102,0.0,0.874829894919674,1.1347588389518746
1346100,3777.9232648264397,9999.387096774102,0.0,0.8746955124135992,1.134759129100684
1346160,3777.808092221599,9999.387096774102,0.0,0.8760647393732142,1.13475902338666
1346220,3777.914187786768,9999.387096774102,0.0,0.8758860183327759,1.1347585313198494
1346280,3777.8756207955657,9999.387096774102,0.0,0.8757580041991698,1.1347583313865763
1346340,3778.514522647727,9999.387096774102,0.0,0.8733161593203529,1.1347581230615633
1346400,3778.2971286187685,9999.387096774102,0.0,0.8747100581075029,1.1347571995897419
1346460,3778.033256839426,9999.387096774102,0.0,0.8760619045247203,1.1347566577483577
1346520,3778.07304501269,9999.387096774102,0.0,0.8757113543316573,1.134756281494232
1346580,3777.9018024388947,9999.387096774102,0.0,0.8763890954418654,1.1347560876817517
1346640,3778.2083549925815,9999.387096774102,0.0,0.874604078962226,1.1347561859881024
1346700,3778.157639609961,9999.387096774102,0.0,0.8744954969517317,1.1347562484884435
1346760,3777.9862265320544,9999.387096774102,0.0,0.8754374780184137,1.1347563701193764
1346820,3777.886092355507,9999.387096774102,0.0,0.8759128755402064,1.1347564525834364
1346880,3777.926205396205,9999.387096774102,0.0,0.8752730749358536,1.1347567663291909
1346940,3777.9405701558403,9999.387096774102,0.0,0.8753615531636909,1.134756956824379
1347000,3778.156036790425,9999.387096774102,0.0,0.8738814832488505,1.134757390033575
1347060,3777.969943601669,9999.387096774102,0.0,0.875041840354688,1.1347575243945405
1347120,3777.677003580226,9999.387096774102,0.0,0.8765857822966309,1.1347577239489957
1347180,3777.8163064202754,9999.387096774102,0.0,0.8756958824965737,1.1347580030794635
1347240,3777.802868146144,9999.387096774102,0.0,0.8754910165671472,1.1347582825165734
1347300,3778.0586101823765,9999.387096774102,0.0,0.8742161608165397,1.134758650343441
1347360,3777.901248109907,9999.387096774102,0.0,0.8748548379415311,1.134758806157794
1347420,3777.6957843623672,9999.387096774102,0.0,0.8759218201174864,1.1347589993572063
1347480,3777.677460435545,9999.387096774102,0.0,0.876090069487819,1.1347591346124781
1347540,3777.867282791841,9999.387096774102,0.0,0.8747311217571895,1.13475948138595
1347600,3778.2594157762037,9999.387096774102,0.0,0.8738455915730592,1.1347594039013138
1347660,3778.0766465683023,9999.387096774102,0.0,0.8747457008358118,1.1347588820311825
1347720,3777.7486138522117,9999.387096774102,0.0,0.8767266378183626,1.1347585872517008
1347780,3778.07269838668,9999.387096774102,0.0,0.8756355953356755,1.134758081282672
1347840,3778.058104812378,9999.387096774102,0.0,0.8758574084374523,1.134757297461444
1347900,3778.424340444672,9999.387096774102,0.0,0.873405769703895,1.1347570695937597
1347960,3778.2215374147822,9999.387096774102,0.0,0.8747252515585098,1.1347566253398236
1348020,3777.9622297288106,9999.387096774102,0.0,0.8760048183433069,1.1347564443972349
1348080,3777.978733465597,9999.387096774102,0.0,0.8757492843457142,1.134756390115715
1348140,3777.8340204445776,9999.387096774102,0.0,0.8762979257535174,1.1347564497997984
1348200,3778.142861178373,9999.387096774102,0.0,0.8745628185356296,1.1347567130226162
1348260,3778.0915916607496,9999.387096774102,0.0,0.8744952938905953,1.1347568836504116
1348320,3777.916654798843,9999.387096774102,0.0,0.8754716276048364,1.1347570763113266
1348380,3777.821222755619,9999.387096774102,0.0,0.8759449089098374,1.1347572068605374
1348440,3777.8725286861277,9999.387096774102,0.0,0.8752740024765651,1.13475754421181
1348500,3777.896643275399,9999.387096774102,0.0,0.8753156869765656,1.1347577445823718
1348560,3778.102064798312,9999.387096774102,0.0,0.8739249989241952,1.1347581615162121
1348620,3777.9212068611787,9999.387096774102,0.0,0.8750649563302383,1.1347582804625393
1348680,3777.635998070882,9999.387096774102,0.0,0.8765792768332655,1.134758454881368
1348740,3777.777231106955,9999.387096774102,0.0,0.875699218469089,1.1347587046303989
1348800,3777.77735093168,9999.387096774102,0.0,0.8754356838437491,1.134758953462468
1348860,3778.205163849459,9999.387096774102,0.0,0.8736031230688949,1.1347592895909369
1348920,3778.0976879679083,9999.387096774102,0.0,0.8749361435521635,1.134758778868455
1348980,3777.8655223767987,9999.387096774102,0.0,0.8760197469180099,1.1347583664493663
1349040,3777.9065490226826,9999.387096774102,0.0,0.8758294243688637,1.1347581559542212
1349100,3778.229583999074,9999.387096774102,0.0,0.8751859927567995,1.1347574278931327
1349160,3778.2565141375458,9999.387096774102,0.0,0.8745618516021374,1.1347568724790613
1349220,3778.2359057423228,9999.387096774102,0.0,0.8748265477123661,1.1347565100074974
1349280,3778.071717439624,9999.387096774102,0.0,0.875508395488194,1.1347561632837113
1349340,3777.9524585026784,9999.387096774102,0.0,0.8757705856097234,1.1347561149074583
1349400,3777.968162068661,9999.387096774102,0.0,0.8757958389936125,1.1347560897545794
1349460,3778.3023141939852,9999.387096774102,0.0,0.8735070138178516,1.1347564345854675
1349520,3778.1163797406102,9999.387096774102,0.0,0.8747205618064459,1.1347564783181576
1349580,3777.8540394892852,9999.387096774102,0.0,0.876060564974767,1.1347566491421128
1349640,3777.8835616978226,9999.387096774102,0.0,0.8757746739975798,1.134756852323092
1349700,3777.7618630715774,9999.387096774102,0.0,0.8762160483095257,1.1347570972897676
1349760,3778.0695034801984,9999.387096774102,0.0,0.8745215537067199,1.134757486007815
1349820,3778.01805396078,9999.387096774102,0.0,0.8744967773641606,1.1347577368793886
1349880,3777.839710756939,9999.387096774102,0.0,0.8755119438867638,1.134757974878022
1349940,3777.7504963352785,9999.387096774102,0.0,0.8759776988609796,1.1347581314568733
1350000,3777.814333114665,9999.387096774102,0.0,0.8752689014223464,1.1347584743946872
1350060,3777.8487211645993,9999.387096774102,0.0,0.8752618778564835,1.1347586701871941
1350120,3778.042037225192,9999.387096774102,0.0,0.8739750949228707,1.134759057061239
1350180,3777.866529511577,9999.387096774102,0.0,0.875094613527743,1.1347591497584915
1350240,3777.59014492587,9999.387096774102,0.0,0.8765745574999696,1.1347592897408285
1350300,3777.883900343694,9999.387096774102,0.0,0.8752501329727015,1.1347594189260917
1350360,3778.0054127058734,9999.387096774102,0.0,0.8752794550635649,1.1347589646431373
1350420,3778.1488571763302,9999.387096774102,0.0,0.8740619461901484,1.1347587948508584
1350480,3778.029124457293,9999.387096774102,0.0,0.8756107331587358,1.1347584293648612
1350540,3778.131613615767,9999.387096774102,0.0,0.8755671369901061,1.1347575658547553
1350600,3777.8766824536096,9999.387096774102,0.0,0.8767858281609942,1.1347569760317797
1350660,3778.1723976897993,9999.387096774102,0.0,0.8750668067574863,1.1347567073169909
1350720,3778.1692422937963,9999.387096774102,0.0,0.8746483702583153,1.1347565286050403
1350780,3778.1422051306545,9999.387096774102,0.0,0.8748624522976076,1.1347565050991018
1350840,3777.978470620942,9999.387096774102,0.0,0.8755716830963665,1.134756435545138
1350900,3777.8789627911606,9999.387096774102,0.0,0.8757715378341819,1.1347565842238798
1350960,3777.9041926180207,9999.387096774102,0.0,0.8757641603249059,1.1347566919637406
1351020,3778.2323176008663,9999.387096774102,0.0,0.8735467241432269,1.1347571174034012
1351080,3778.0549328184147,9999.387096774102,0.0,0.8747209239716203,1.1347572213590627
1351140,3777.792690985709,9999.387096774102,0.0,0.8760816508168232,1.1347574191538805
1351200,3777.82644348981,9999.387096774102,0.0,0.8757949855120515,1.1347576347113808
1351260,3777.721955216551,9999.387096774102,0.0,0.8761555226214582,1.1347578796826112
1351320,3778.0280963046825,9999.387096774102,0.0,0.874493812724607,1.134758252639085
1351380,3777.9768308352873,9999.387096774102,0.0,0.8744980568335001,1.1347584788305085
1351440,3777.796683341867,9999.387096774102,0.0,0.8755368103445151,1.1347586852744427
1351500,3777.71091260978,9999.387096774102,0.0,0.8760000982412884,1.1347588109745017
1351560,3777.7237094590278,9999.387096774102,0.0,0.8757213834141421,1.134759103244227
1351620,3778.2203661753906,9999.387096774102,0.0,0.8741682047267658,1.1347590125271851
1351680,3778.1118299516306,9999.387096774102,0.0,0.874619404728591,1.1347585483717224
1351740,3777.905348376857,9999.387096774102,0.0,0.875978880092128,1.1347583090814923
1351800,3778.0751415040104,9999.387096774102,0.0,0.8758073566400618,1.134757710469025
1351860,3778.042525147073,9999.387096774102,0.0,0.8760684920670513,1.1347569255482604
1351920,3778.35741815516,9999.387096774102,0.0,0.873843739757382,1.1347566795908943
1351980,3778.22265858766,9999.387096774102,0.0,0.8747927324615355,1.1347562796937396
1352040,3778.1089851279885,9999.387096774102,0.0,0.875210548391013,1.1347561856789494
1352100,3778.023283954922,9999.387096774102,0.0,0.8755933307536318,1.1347561009779266
1352160,3777.786789320908,9999.387096774102,0.0,0.8767195922572326,1.1347561465191984
1352220,3778.0681468818243,9999.387096774102,0.0,0.8750413128612298,1.134756398829448
1352280,3778.0840858169513,9999.387096774102,0.0,0.8745630606264503,1.1347566262817594
1352340,3778.040350821978,9999.387096774102,0.0,0.8749118238945681,1.1347568811814093
1352400,3777.8841277579622,9999.387096774102,0.0,0.8756222781922913,1.134757016755919
1352460,3777.7986107415536,9999.387096774102,0.0,0.8757754571504708,1.134757311458836
1352520,3777.833596631631,9999.387096774102,0.0,0.8757261715217528,1.1347575225864184
1352580,3778.1565027474194,9999.387096774102,0.0,0.8735838719444994,1.1347580025001012
1352640,3777.986629633599,9999.387096774102,0.0,0.8747274867249375,1.1347581421661694
1352700,3777.72502569054,9999.387096774102,0.0,0.8761069219662309,1.1347583469279476
1352760,3777.763759052088,9999.387096774102,0.0,0.8758155300073563,1.1347585594166592
1352820,3777.6782434946304,9999.387096774102,0.0,0.8760870466913472,1.1347587915110693
1352880,3777.9828119763934,9999.387096774102,0.0,0.8744605652069567,1.1347591372580668
1352940,3777.9303238148977,9999.387096774102,0.0,0.874504175000151,1.1347593279997592
1353000,3777.663211036635,9999.387096774102,0.0,0.8764149564555398,1.1347594561759244
1353060,3777.91137609997,9999.387096774102,0.0,0.8757722676298496,1.134759109396965
1353120,3777.813595130997,9999.387096774102,0.0,0.8762045509743946,1.1347586976652297
1353180,3778.353391708003,9999.387096774102,0.0,0.873139122210336,1.1347587100118508
1353240,3778.3595852190147,9999.387096774102,0.0,0.8743796508582087,1.1347579659865836
1353300,3778.1689690503777,9999.387096774102,0.0,0.8750984899608912,1.134757231743458
1353360,3777.9793386855176,9999.387096774102,0.0,0.8759235275775055,1.1347567988687357
1353420,3777.9791657983005,9999.387096774102,0.0,0.8760042866166057,1.1347564587477188
1353480,3778.25685514634,9999.387096774102,0.0,0.8739478679157248,1.1347565512563311
1353540,3778.147735318146,9999.387096774102,0.0,0.8747300164621136,1.1347564703775432
1353600,3778.019687253096,9999.387096774102,0.0,0.8752782666384816,1.1347565892236118
1353660,3777.9457529102556,9999.387096774102,0.0,0.875628112438556,1.1347566565097644
1353720,3777.7274300004865,9999.387096774102,0.0,0.876668070052965,1.1347568061158841
1353780,3778.0092320300237,9999.387096774102,0.0,0.8750147578807295,1.1347571255106925
1353840,3778.034116638883,9999.387096774102,0.0,0.8745207196218578,1.1347573937868065
1353900,3777.9802069244,9999.387096774102,0.0,0.8749424919276944,1.1347576596742954
1353960,3777.8278698210925,9999.387096774102,0.0,0.8756589928795226,1.1347577969129512
1354020,3777.7521458323176,9999.387096774102,0.0,0.8757823201440132,1.1347580811075564
1354080,3777.7947174728006,9999.387096774102,0.0,0.8756974072172327,1.1347582764688506
1354140,3778.1128798039313,9999.387096774102,0.0,0.8736137399684836,1.1347587242937807
1354200,3777.9487730531605,9999.387096774102,0.0,0.8747313838492424,1.134758835627011
1354260,3777.688700148264,9999.387096774102,0.0,0.8761169183670892,1.134759003411903
1354320,3777.7974556981194,9999.387096774102,0.0,0.8759089648745816,1.1347590438908417
1354380,3777.9592263864624,9999.387096774102,0.0,0.8756503374183243,1.1347585862324845
1354440,3778.1251729093656,9999.387096774102,0.0,0.8742517578051131,1.1347584440400362
1354500,3778.25287091829,9999.387096774102,0.0,0.8746275245265468,1.134758139504948
1354560,3778.2103861405863,9999.387096774102,0.0,0.8752424429309033,1.134757228901813
1354620,3777.889707278317,9999.387096774102,0.0,0.8768853550086495,1.1347566297378946
1354680,3778.119777857973,9999.387096774102,0.0,0.8754611769713866,1.134756331782174
1354740,3778.092113818624,9999.387096774102,0.0,0.8751994272912823,1.1347561675983553
1354800,3778.2545980311497,9999.387096774102,0.0,0.8743746056607999,1.1347562269014537
1354860,3778.0640606885872,9999.387096774102,0.0,0.8751300112497702,1.1347561836346522
1354920,3777.870563602791,9999.387096774102,0.0,0.8759525091213296,1.1347563060915766
1354980,3777.8745592345454,9999.387096774102,0.0,0.8760076518250371,1.1347564171435036
1355040,3778.166800716585,9999.387096774102,0.0,0.8739339245596379,1.134756838002676
1355100,3778.068419090317,9999.387096774102,0.0,0.8746804671718968,1.134756993240384
1355160,3777.9267840628017,9999.387096774102,0.0,0.8753343932144667,1.1347572655775524
1355220,3777.8595123288087,9999.387096774102,0.0,0.8756681184212431,1.134757449767932
1355280,3777.6617643882087,9999.387096774102,0.0,0.8766109859356344,1.1347576774615897
1355340,3777.9457568850657,9999.387096774102,0.0,0.8749804721602827,1.1347580393521255
1355400,3777.978407149229,9999.387096774102,0.0,0.8744802836460518,1.1347583263044079
1355460,3777.9131932652435,9999.387096774102,0.0,0.8749801554550402,1.1347585853861897
1355520,3777.7654470217944,9999.387096774102,0.0,0.8757008934921464,1.1347587103608545
1355580,3777.7013786976186,9999.387096774102,0.0,0.8757851151830904,1.134758972387519
1355640,3777.752338829016,9999.387096774102,0.0,0.8756614956214588,1.1347591419601273
1355700,3778.0647004888765,9999.387096774102,0.0,0.8736451141243557,1.1347595479304928
1355760,3778.050799863128,9999.387096774102,0.0,0.8748623915079103,1.13475939711805
1355820,3777.9665162137803,9999.387096774102,0.0,0.8754329137961251,1.1347588595886449
1355880,3777.675353745578,9999.387096774102,0.0,0.8769960243753279,1.1347585728542315
1355940,3778.270072374068,9999.387096774102,0.0,0.8745056470468419,1.1347582414812998
1356000,3778.1895525787013,9999.387096774102,0.0,0.8751231886351865,1.134757416117681
1356060,3778.28595474706,9999.387096774102,0.0,0.874365126877762,1.1347570584863127
1356120,3778.1300883245362,9999.387096774102,0.0,0.875270173614883,1.1347566114761307
1356180,3777.8258257434118,9999.387096774102,0.0,0.8768051488977004,1.1347563832854637
1356240,3778.0307267423436,9999.387096774102,0.0,0.8754652468343607,1.1347564126128182
1356300,3778.029472934097,9999.387096774102,0.0,0.8750842408042464,1.134756510680919
1356360,3778.1774097133184,9999.387096774102,0.0,0.8743941448316138,1.1347567350028853
1356420,3777.990401830033,9999.387096774102,0.0,0.8751692169098367,1.1347568064793343
1356480,3777.8047850541448,9999.387096774102,0.0,0.875970212149842,1.1347570071129311
1356540,3777.8153143756454,9999.387096774102,0.0,0.8760012402861252,1.1347571708644117
1356600,3778.1112196509625,9999.387096774102,0.0,0.8739439072680085,1.1347576143969613
1356660,3778.022668899973,9999.387096774102,0.0,0.8746460926840246,1.1347577806928026
1356720,3777.8728546030616,9999.387096774102,0.0,0.8753676505698945,1.1347580386137466
1356780,3777.8092281726435,9999.387096774102,0.0,0.8756968938490729,1.1347582074174438
1356840,3777.6265024439135,9999.387096774102,0.0,0.8765680333364034,1.1347584138009754
1356900,3777.910710281888,9999.387096774102,0.0,0.8749587207805326,1.1347587457760224
1356960,3777.9491894542234,9999.387096774102,0.0,0.8744530250511547,1.134758999915433
1357020,3777.852278081868,9999.387096774102,0.0,0.87553679956939,1.134759188032072
1357080,3777.96265263897,9999.387096774102,0.0,0.8756371688809147,1.1347587710769265
1357140,3777.803108179689,9999.387096774102,0.0,0.8763963708558671,1.1347583517053792
1357200,3778.232456423173,9999.387096774102,0.0,0.8738980560644333,1.1347583079596224
1357260,3778.382516343322,9999.387096774102,0.0,0.8743833332985161,1.1347575872140176
1357320,3778.2572583840756,9999.387096774102,0.0,0.874661185562697,1.1347569140795493
1357380,3778.0427431575786,9999.387096774102,0.0,0.8757569743363548,1.134756474261177
1357440,3777.995287793424,9999.387096774102,0.0,0.8760052366808577,1.1347561322103115
1357500,3778.1409684205028,9999.387096774102,0.0,0.8746762940962136,1.1347561838260172
1357560,3778.0984596227963,9999.387096774102,0.0,0.87507315321958,1.134756140979531
1357620,3778.170619192001,9999.387096774102,0.0,0.8744253255010812,1.1347563684325126
1357680,3778.0142611079877,9999.387096774102,0.0,0.8753212143797433,1.134756416398536
1357740,3777.727684089346,9999.387096774102,0.0,0.8767860116034738,1.1347565611670052
1357800,3777.9430306341683,9999.387096774102,0.0,0.8754442260602565,1.1347568559155414
1357860,3777.958516034451,9999.387096774102,0.0,0.8750029743272683,1.1347571436900383
1357920,3778.091152560625,9999.387096774102,0.0,0.8744213239320868,1.1347574915176364
1357980,3777.907829559968,9999.387096774102,0.0,0.875217624397001,1.1347576495292366
1358040,3777.732758331445,9999.387096774102,0.0,0.8759869138264126,1.134757903450345
1358100,3777.7512634286127,9999.387096774102,0.0,0.8759892573254365,1.1347580974974387
1358160,3778.0510169978625,9999.387096774102,0.0,0.8739488058648358,1.1347585448516548
1358220,3777.971237691149,9999.387096774102,0.0,0.874613429285473,1.134758706692936
1358280,3777.8125058787946,9999.387096774102,0.0,0.875408930964873,1.1347589367431379
1358340,3777.753517898578,9999.387096774102,0.0,0.8757289724062348,1.1347590795503242
1358400,3777.5875994428566,9999.387096774102,0.0,0.8765196834044203,1.1347592554971782
1358460,3778.184317641723,9999.387096774102,0.0,0.8735537766747494,1.1347595615212844
1358520,3778.140589949589,9999.387096774102,0.0,0.8745666503429302,1.1347590747124119
1358580,3778.0253327125465,9999.387096774102,0.0,0.8748968514198276,1.1347587557371588
1358640,3777.792923394769,9999.387096774102,0.0,0.8766258429551788,1.1347584037395906
1358700,3778.103296523513,9999.387096774102,0.0,0.8757396258109756,1.1347576237445987
1358760,3778.0281859343368,9999.387096774102,0.0,0.8757924049638518,1.134757071019533
1358820,3778.3270023581877,9999.387096774102,0.0,0.87425729264462,1.1347568219477868
1358880,3778.1757443818483,9999.387096774102,0.0,0.8747083295809039,1.1347565365177734
1358940,3777.9541109669212,9999.387096774102,0.0,0.8757863315785309,1.1347564368948593
1359000,3777.9046314300926,9999.387096774102,0.0,0.8760447982562297,1.1347563820919073
1359060,3778.070579471672,9999.387096774102,0.0,0.8746588985289652,1.1347566386459202
1359120,3778.038560422335,9999.387096774102,0.0,0.8750169437793209,1.1347567343529077
1359180,3778.0966951204173,9999.387096774102,0.0,0.8744790226564818,1.134757042225283
1359240,3777.9459840906866,9999.387096774102,0.0,0.8753562494609403,1.1347571520406887
1359300,3777.6729320727527,9999.387096774102,0.0,0.8767607789892404,1.134757331982213
1359360,3777.890974625916,9999.387096774102,0.0,0.8754327448331201,1.1347576400537167
1359420,3777.9194611002636,9999.387096774102,0.0,0.8749435497582372,1.1347579279076325
1359480,3778.041471436317,9999.387096774102,0.0,0.874438167620992,1.1347582563239134
1359540,3777.8604272234115,9999.387096774102,0.0,0.8752505618024128,1.1347583919696584
1359600,3777.6923790940473,9999.387096774102,0.0,0.8760002829841158,1.1347586177692424
1359660,3777.7163943768264,9999.387096774102,0.0,0.8759799001636116,1.134758782921817
1359720,3778.0154841458207,9999.387096774102,0.0,0.87397414070992,1.1347591920039741
1359780,3778.2187193552177,9999.387096774102,0.0,0.8741501358289763,1.1347590908590846
1359840,3778.0516466968625,9999.387096774102,0.0,0.8750364723141674,1.1347585489895649
1359900,3777.6985913653834,9999.387096774102,0.0,0.8770723805907094,1.1347582498361188
1359960,3778.1691235263143,9999.387096774102,0.0,0.875200144599386,1.1347578275376466
1360020,3778.1344470312724,9999.387096774102,0.0,0.8755558781840286,1.1347570215620346
1360080,3778.4189279011484,9999.387096774102,0.0,0.8736305046611098,1.1347567551571025
1360140,3778.208769485544,9999.387096774102,0.0,0.8749279126124796,1.1347563009721533
1360200,3777.8953751083886,9999.387096774102,0.0,0.8765196377958165,1.1347560927512172
1360260,3778.0043254946945,9999.387096774102,0.0,0.8757043393886516,1.1347560887606338
1360320,3777.932359053974,9999.387096774102,0.0,0.875774061068516,1.1347561822677141
1360380,3778.219427700031,9999.387096774102,0.0,0.8742468906230141,1.1347564639295737
1360440,3778.0706216949543,9999.387096774102,0.0,0.8747371341400617,1.1347565900834031
1360500,3777.854493732263,9999.387096774102,0.0,0.8758255095300053,1.1347567879453713
1360560,3777.814723310887,9999.387096774102,0.0,0.8760620775092733,1.1347569481938211
1360620,3777.99180401661,9999.387096774102,0.0,0.874653106025061,1.1347573547640164
1360680,3777.9724196191682,9999.387096774102,0.0,0.8749521860768243,1.1347575591361132
1360740,3778.0146297513597,9999.387096774102,0.0,0.8745424824776701,1.1347579200540316
1360800,3777.8708701214136,9999.387096774102,0.0,0.875396907689637,1.1347580677367604
1360860,3777.6129663061565,9999.387096774102,0.0,0.8767332969516554,1.1347582628533202
1360920,3777.8343008803404,9999.387096774102,0.0,0.8754159904900964,1.1347585684148567
1360980,3777.876516540332,9999.387096774102,0.0,0.8748774206379675,1.1347588429024076
1361040,3777.985769269313,9999.387096774102,0.0,0.8744609968411164,1.134759139283857
1361100,3777.807282369327,9999.387096774102,0.0,0.8752903211908486,1.1347592424239543
1361160,3777.5348151376015,9999.387096774102,0.0,0.876925626600513,1.134759397448149
1361220,3777.99038030686,9999.387096774102,0.0,0.8753013361454832,1.1347591898431226
1361280,3777.957601567726,9999.387096774102,0.0,0.8753436919944612,1.1347587828819912
1361340,3778.232921722173,9999.387096774102,0.0,0.8739456259169763,1.1347587203460086
1361400,3778.1798959042762,9999.387096774102,0.0,0.8752573695401508,1.1347579920158224
1361460,3778.0470079077536,9999.387096774102,0.0,0.8758757826280448,1.134757216550871
1361520,3778.0735545607804,9999.387096774102,0.0,0.8753085573218347,1.1347568629587916
1361580,3778.069698554235,9999.387096774102,0.0,0.8755060770647826,1.1347565155125445
1361640,3778.3206837332823,9999.387096774102,0.0,0.8737176511429654,1.1347565911307091
1361700,3778.117764523164,9999.387096774102,0.0,0.8749514309365996,1.1347564568655932
1361760,3777.8105365968345,9999.387096774102,0.0,0.8765426606388754,1.1347564797382366
1361820,3777.93128238737,9999.387096774102,0.0,0.8757096817926275,1.1347566336057624
1361880,3777.8773441841417,9999.387096774102,0.0,0.8757004111346617,1.1347568355376787
1361940,3778.1578198249154,9999.387096774102,0.0,0.8742332854932434,1.1347571840444293
1362000,3778.0089234339493,9999.387096774102,0.0,0.8747601580344719,1.1347573497917771
1362060,3777.7960768535904,9999.387096774102,0.0,0.8758508423427998,1.1347575655659672
1362120,3777.7615773301786,9999.387096774102,0.0,0.8760749489826611,1.1347577308285652
1362180,3777.9457315948116,9999.387096774102,0.0,0.8746567532013236,1.134758126675735
1362240,3777.9367299686714,9999.387096774102,0.0,0.8749046239850895,1.1347583170443911
1362300,3777.9682764613153,9999.387096774102,0.0,0.8745806303172947,1.1347586438417445
1362360,3777.828150126262,9999.387096774102,0.0,0.8754254066297724,1.1347587625261704
1362420,3777.5815807786116,9999.387096774102,0.0,0.8767093797020884,1.13475892519656
1362480,3778.0424629833446,9999.387096774102,0.0,0.8744476712516589,1.1347591551592455
1362540,3778.0922734259325,9999.387096774102,0.0,0.8749266680322987,1.1347586896151958
1362600,3778.13242119561,9999.387096774102,0.0,0.8743256348462258,1.1347584651380023
1362660,3777.904558117146,9999.387096774102,0.0,0.876281696395295,1.1347580928914258
1362720,3778.128233638816,9999.387096774102,0.0,0.8757239244939031,1.1347572612350951
1362780,3777.947847382402,9999.387096774102,0.0,0.8764481273799574,1.1347566842448322
1362840,3778.2685715059797,9999.387096774102,0.0,0.8746645369866338,1.1347564362018823
1362900,3778.2191267751577,9999.387096774102,0.0,0.874511451985807,1.1347562281460815
1362960,3778.0627399877794,9999.387096774102,0.0,0.8753475160488856,1.1347561635274213
1363020,3777.9489619836263,9999.387096774102,0.0,0.8758613895159785,1.1347561083474245
1363080,3777.96497608971,9999.387096774102,0.0,0.8753408318882062,1.1347563185313234
1363140,3777.9753243198497,9999.387096774102,0.0,0.8754435797261011,1.1347564389350395
1363200,3778.215786165278,9999.387096774102,0.0,0.8737839162170036,1.1347568437068354
1363260,3778.0229301674394,9999.387096774102,0.0,0.8749830549481968,1.1347569527024743
1363320,3777.7245900511048,9999.387096774102,0.0,0.8765463271650706,1.1347571448155
1363380,3777.8503568194164,9999.387096774102,0.0,0.8757155140687416,1.1347574194972276
1363440,3777.817492422369,9999.387096774102,0.0,0.8756123775141262,1.1347577037646206
1363500,3778.0900448110474,9999.387096774102,0.0,0.8742208058758416,1.1347580931356884
1363560,3777.9404235987263,9999.387096774102,0.0,0.87479046524927,1.1347582760813186
1363620,3777.731489639425,9999.387096774102,0.0,0.8758791987821071,1.134758492205343
1363680,3777.703262865892,9999.387096774102,0.0,0.876086678969341,1.1347586485698606
1363740,3777.8960534688154,9999.387096774102,0.0,0.8746527134455361,1.1347590217245804
1363800,3777.8974491356194,9999.387096774102,0.0,0.8748509188016568,1.134759187579875
1363860,3777.9160791484865,9999.387096774102,0.0,0.8746272990298819,1.134759469760677
1363920,3777.796042738431,9999.387096774102,0.0,0.8760331387425178,1.1347593496855761
1363980,3777.8928727194525,9999.387096774102,0.0,0.8758863406979025,1.1347588552702181
1364040,3777.8453918704968,9999.387096774102,0.0,0.8758276548965342,1.1347586465326092
1364100,3778.4887608062404,9999.387096774102,0.0,0.8733307386414515,1.1347584334103928
1364160,3778.276286548498,9999.387096774102,0.0,0.8746951456209462,1.1347575228423725
1364220,3778.023921634902,9999.387096774102,0.0,0.8759874017006456,1.1347569874350176
1364280,3778.0527611113675,9999.387096774102,0.0,0.8757117604773955,1.1347566034296224
1364340,3777.877826195459,9999.387096774102,0.0,0.8764232017291373,1.1347564013402582
1364400,3778.1828634120902,9999.387096774102,0.0,0.8746456477320241,1.1347564874788538
1364460,3778.143474886071,9999.387096774102,0.0,0.8744813377373811,1.134756544023394
1364520,3777.9816222587247,9999.387096774102,0.0,0.8753889064932117,1.1347566547307932
1364580,3777.8753630171677,9999.387096774102,0.0,0.8758938349230805,1.134756722039564
1364640,3777.901938381838,9999.387096774102,0.0,0.8753440658279691,1.134757014398044
1364700,3777.9224907541916,9999.387096774102,0.0,0.8753967444855396,1.134757191985268
1364760,3778.1529597971157,9999.387096774102,0.0,0.8738312710793956,1.134757615692643
1364820,3777.9663884103147,9999.387096774102,0.0,0.8750055292006655,1.1347577355207092
1364880,3777.675319767555,9999.387096774102,0.0,0.8765435238039588,1.1347579212195327
1364940,3777.8036334513617,9999.387096774102,0.0,0.875721053314084,1.1347581807424396
1365000,3777.785771793041,9999.387096774102,0.0,0.8755517905625008,1.134758444675898
1365060,3778.0521504458343,9999.387096774102,0.0,0.8742135340500539,1.1347588015806305
1365120,3777.902601142488,9999.387096774102,0.0,0.8748104893172428,1.1347589498485504
1365180,3777.583018461301,9999.387096774102,0.0,0.8768831258539256,1.1347590894370851
1365240,3777.95001549993,9999.387096774102,0.0,0.8756589482371893,1.1347588119606296
1365300,3777.888681745061,9999.387096774102,0.0,0.8758731909739328,1.134758407011532
1365360,3778.375158402096,9999.387096774102,0.0,0.8731840885980243,1.1347584214540614
1365420,3778.3124925536554,9999.387096774102,0.0,0.8747299974141488,1.1347576625933147
1365480,3778.1297284597135,9999.387096774102,0.0,0.8754903687955629,1.1347568951292644
1365540,3778.016734481537,9999.387096774102,0.0,0.8757741674879371,1.1347564927834677
1365600,3778.0285842596136,9999.387096774102,0.0,0.8758426212436654,1.1347561577509475
1365660,3778.3600652896266,9999.387096774102,0.0,0.873506224276258,1.134756282234843
1365720,3778.174603417015,9999.387096774102,0.0,0.8747045368377286,1.1347561740899486
1365780,3777.9231958583305,9999.387096774102,0.0,0.875966306420575,1.1347562448310997
1365840,3777.938133372139,9999.387096774102,0.0,0.875752216948285,1.134756364194584
1365900,3777.7920705015367,9999.387096774102,0.0,0.8763253294932689,1.1347565518964298
1365960,3778.0997343462705,9999.387096774102,0.0,0.8745964803358957,1.1347569099681296
1366020,3778.0599980994907,9999.387096774102,0.0,0.8744787996321055,1.1347571560250418
1366080,3777.89291475092,9999.387096774102,0.0,0.8754333793169818,1.1347573979350256
1366140,3777.79310484714,9999.387096774102,0.0,0.8759330583091581,1.1347575588391012
1366200,3777.834113292104,9999.387096774102,0.0,0.8753379845467232,1.1347579087061024
1366260,3777.8652956926753,9999.387096774102,0.0,0.8753420363449552,1.134758120329332
1366320,3778.0835547529996,9999.387096774102,0.0,0.873884809224503,1.1347585426056461
1366380,3777.9032195537425,9999.387096774102,0.0,0.8750346900161057,1.134758657898221
1366440,3777.6204898530696,9999.387096774102,0.0,0.8765431120045833,1.134758824294027
1366500,3777.7525303030775,9999.387096774102,0.0,0.8757237593571715,1.1347590579775162
1366560,3777.7509972500943,9999.387096774102,0.0,0.8754828072247924,1.1347592921787026
1366620,3778.1962597103657,9999.387096774102,0.0,0.8735413475047833,1.1347596178520445
1366680,3778.082584331649,9999.387096774102,0.0,0.8749009994614493,1.1347591050439056
1366740,3777.851493927013,9999.387096774102,0.0,0.8759831900039124,1.1347586913119927
1366800,3777.873630471341,9999.387096774102,0.0,0.8759164815082895,1.1347584664651689
1366860,3778.198768359227,9999.387096774102,0.0,0.8752241206361893,1.1347577439716068
1366920,3778.2296962123596,9999.387096774102,0.0,0.874588597375673,1.1347571948509718
1366980,3778.225833529187,9999.387096774102,0.0,0.874774837298676,1.134756836301233
1367040,3778.0575959690746,9999.387096774102,0.0,0.8754770072976173,1.1347564846078144
1367100,3777.929290040279,9999.387096774102,0.0,0.8758096056358428,1.1347564225395288
1367160,3777.946982699865,9999.387096774102,0.0,0.8758214716373823,1.1347563869082486
1367220,3778.283067602422,9999.387096774102,0.0,0.8735254742771781,1.1347567181973397
1367280,3778.1054078962184,9999.387096774102,0.0,0.8746998497275978,1.1347567521812236
1367340,3777.852588669165,9999.387096774102,0.0,0.8759895048047893,1.1347569123673675
1367400,3777.8710833039854,9999.387096774102,0.0,0.8757767314424663,1.1347570956243698
1367460,3777.743928115483,9999.387096774102,0.0,0.8762603518074334,1.1347573233293964
1367520,3778.0507641008257,9999.387096774102,0.0,0.8745656728278979,1.1347576949092912
1367580,3778.0119029836565,9999.387096774102,0.0,0.8744757227068208,1.1347579377155883
1367640,3777.84184840161,9999.387096774102,0.0,0.8754614855127695,1.1347581632775636
1367700,3777.7458866401707,9999.387096774102,0.0,0.8759594395190782,1.1347583045495453
1367760,3777.795527867667,9999.387096774102,0.0,0.8753416602297538,1.1347586270949794
1367820,3777.835421625479,9999.387096774102,0.0,0.8753017291661925,1.1347588115843996
1367880,3778.045218740031,9999.387096774102,0.0,0.8739197022798952,1.134759192133208
1367940,3777.937048352648,9999.387096774102,0.0,0.8754993223304955,1.1347590472640878
1368000,3777.943372161443,9999.387096774102,0.0,0.8757022342852311,1.134758527124625
1368060,3777.7459257673154,9999.387096774102,0.0,0.8766140354825105,1.134758277079004
1368120,3778.4214093187616,9999.387096774102,0.0,0.8738111333730789,1.134758018292237
1368180,3778.2697806795495,9999.387096774102,0.0,0.8748202999652476,1.1347571465797892
1368240,3778.184167863889,9999.387096774102,0.0,0.8751387138630573,1.1347566994755869
1368300,3778.1048593554933,9999.387096774102,0.0,0.8755290986002455,1.134756280293059
1368360,3777.8436033262833,9999.387096774102,0.0,0.8767829663879984,1.134756065682824
1368420,3778.111975870554,9999.387096774102,0.0,0.8751184448800867,1.1347561378513418
1368480,3778.12434020336,9999.387096774102,0.0,0.8746322588201478,1.1347562439395362
1368540,3778.1090185548755,9999.387096774102,0.0,0.8748224882230622,1.1347564232718406
1368600,3777.944191105856,9999.387096774102,0.0,0.8755463625462172,1.1347564986444147
1368660,3777.836879405865,9999.387096774102,0.0,0.8758102509990816,1.1347567502637945
1368720,3777.8653551437314,9999.387096774102,0.0,0.875785078753861,1.134756938740471
1368780,3778.1962652691027,9999.387096774102,0.0,0.8735637518519683,1.1347574187243528
1368840,3778.0275109218637,9999.387096774102,0.0,0.8747000786719078,1.134757563443182
1368900,3777.7734355518714,9999.387096774102,0.0,0.8760228345808295,1.134757786520111
1368960,3777.7981507999443,9999.387096774102,0.0,0.8758010813258034,1.1347580098374384
1369020,3777.691378700985,9999.387096774102,0.0,0.8761887867496022,1.1347582570989203
1369080,3777.9972352501427,9999.387096774102,0.0,0.8745294016115186,1.1347586256664512
1369140,3777.9579670969338,9999.387096774102,0.0,0.8744770685590643,1.1347588506667963
1369200,3777.7846947763087,9999.387096774102,0.0,0.8754956074360154,1.1347590477777099
1369260,3777.6936050774293,9999.387096774102,0.0,0.8759880748227601,1.1347591595771283
1369320,3777.6929709436195,9999.387096774102,0.0,0.875804464603758,1.134759430398843
1369380,3778.187262578607,9999.387096774102,0.0,0.8742264766574324,1.134759329896552
1369440,3778.091147505277,9999.387096774102,0.0,0.8746167143825027,1.1347588714173402
1369500,3777.9025574506945,9999.387096774102,0.0,0.8758792836121104,1.1347586319959235
1369560,3778.0518067038925,9999.387096774102,0.0,0.8758157764718504,1.1347580266117856
1369620,3778.017969784956,9999.387096774102,0.0,0.8760792844906434,1.1347572488284154
1369680,3778.3213126557275,9999.387096774102,0.0,0.8739296127827427,1.1347569968777684
1369740,3778.19984634877,9999.387096774102,0.0,0.8748065531208661,1.1347565986975245
1369800,3778.10362017657,9999.387096774102,0.0,0.8751290961911125,1.1347565043864944
1369860,3778.0092557725743,9999.387096774102,0.0,0.8755760778926572,1.134756405591172
1369920,3777.7693189851275,9999.387096774102,0.0,0.8767320686075808,1.1347564372797463
1369980,3778.0450117199002,9999.387096774102,0.0,0.8750863533312895,1.1347566721493714
1370040,3778.0658349107057,9999.387096774102,0.0,0.8745881538231022,1.134756887660682
1370100,3778.039122257503,9999.387096774102,0.0,0.8748553117033434,1.134757133400081
1370160,3777.8783521906807,9999.387096774102,0.0,0.8755877983290726,1.1347572540621513
1370220,3777.7820932181303,9999.387096774102,0.0,0.8758176278207382,1.1347575281805824
1370280,3777.818414959253,9999.387096774102,0.0,0.8757577065215242,1.1347577248570568
1370340,3778.1452918242717,9999.387096774102,0.0,0.8735937347178906,1.1347581905505946
1370400,3777.9831800589914,9999.387096774102,0.0,0.8747002601205207,1.1347583200529834
1370460,3777.7294696790163,9999.387096774102,0.0,0.876037781160336,1.1347585144227537
1370520,3777.7566694310126,9999.387096774102,0.0,0.8758197142846271,1.1347587084772022
1370580,3777.664646583692,9999.387096774102,0.0,0.876137932544201,1.1347589252050163
1370640,3778.29097197926,9999.387096774102,0.0,0.8730985886181339,1.1347592928133472
1370700,3778.1637160962314,9999.387096774102,0.0,0.8745760607920998,1.1347587752753217
1370760,3777.960094159066,9999.387096774102,0.0,0.8754327931124869,1.1347584015649967
1370820,3777.8082070544633,9999.387096774102,0.0,0.876517698766339,1.1347581034758347
1370880,3778.1574568114643,9999.387096774102,0.0,0.8755751177345192,1.1347573481799522
1370940,3778.1480907478244,9999.387096774102,0.0,0.8751868593684166,1.1347568021742112
1371000,3778.3369433355524,9999.387096774102,0.0,0.874316143796357,1.1347565196774487
1371060,3778.144191873374,9999.387096774102,0.0,0.875042163998343,1.1347561957660721
1371120,3777.933349940347,9999.387096774102,0.0,0.8759380032721785,1.1347561117207392
1371180,3777.9261001422474,9999.387096774102,0.0,0.8760274827617,1.1347560788676259
1371240,3778.2048784769177,9999.387096774102,0.0,0.8740014111824365,1.134756396671766
1371300,3778.1068818217686,9999.387096774102,0.0,0.8747363322580618,1.1347564819457916
1371360,3777.9932784692205,9999.387096774102,0.0,0.8752091855945733,1.134756725792187
1371420,3777.9115277975257,9999.387096774102,0.0,0.8756187458220616,1.1347568793243497
1371480,3777.6927746277797,9999.387096774102,0.0,0.8766752014425134,1.1347570916780945
1371540,3777.970522587539,9999.387096774102,0.0,0.8750524274671468,1.134757450704077
1371600,3778.001809879329,9999.387096774102,0.0,0.8745351101890831,1.1347577488039937
1371660,3777.961759475127,9999.387096774102,0.0,0.8748955399739281,1.1347580344112418
1371720,3777.8060832302203,9999.387096774102,0.0,0.8756336406395763,1.1347581783091452
1371780,3777.722293347378,9999.387096774102,0.0,0.8758216292231481,1.1347584571959783
1371840,3777.7672865477466,9999.387096774102,0.0,0.8757233491434013,1.1347586479000615
1371900,3778.0893720818694,9999.387096774102,0.0,0.8736240796417539,1.1347590862247332
1371960,3777.9331951044155,9999.387096774102,0.0,0.8747055877813266,1.1347591894129931
1372020,3777.6800193070767,9999.387096774102,0.0,0.8760585142718829,1.1347593454645581
1372080,3777.770082268611,9999.387096774102,0.0,0.8759616574671583,1.1347593656462602
1372140,3777.933255106733,9999.387096774102,0.0,0.8756757161338229,1.1347589079698888
1372200,3778.0972200108004,9999.387096774102,0.0,0.8743000493918186,1.1347587601910802
1372260,3778.250414734572,9999.387096774102,0.0,0.8745296522222665,1.1347584579420777
1372320,3778.1919509186173,9999.387096774102,0.0,0.8752147389441023,1.1347575528951164
1372380,3777.8720932981705,9999.387096774102,0.0,0.8768624215530115,1.1347569563698292
1372440,3778.0934217003482,9999.387096774102,0.0,0.8754935961594117,1.1347566511982092
1372500,3778.065257165153,9999.387096774102,0.0,0.8752485193425199,1.13475648067021
1372560,3778.2433258780347,9999.387096774102,0.0,0.8743416077450644,1.1347565351174043
1372620,3778.0542185430622,9999.387096774102,0.0,0.8750907086061874,1.1347564828627814
1372680,3777.8564531920456,9999.387096774102,0.0,0.8759576161480794,1.1347565889321585
1372740,3777.8580349762537,9999.387096774102,0.0,0.8760219459720499,1.1347566852795978
1372800,3778.1397999167484,9999.387096774102,0.0,0.8740141562977605,1.1347570855728744
1372860,3778.054054912298,9999.387096774102,0.0,0.8746908710376463,1.1347572312930674
1372920,3777.9296337061446,9999.387096774102,0.0,0.8752502538137902,1.1347574958679159
1372980,3777.8527565745517,9999.387096774102,0.0,0.875650389694282,1.1347576611375276
1373040,3777.6498466503804,9999.387096774102,0.0,0.8766315391976418,1.1347578720414868
1373100,3777.9282919762686,9999.387096774102,0.0,0.8750299956632648,1.1347582158132017
1373160,3777.96705670979,9999.387096774102,0.0,0.8744998725929042,1.1347584918974185
1373220,3777.9184187940846,9999.387096774102,0.0,0.8749197324629432,1.1347587431908246
1373280,3777.76549419617,9999.387096774102,0.0,0.8756649304629155,1.1347588550066625
1373340,3777.59216699511,9999.387096774102,0.0,0.8765935097200467,1.1347590714728089
1373400,3778.0980287334837,9999.387096774102,0.0,0.8748271092680159,1.134758924772563
1373460,3778.0511340923426,9999.387096774102,0.0,0.8749269712277071,1.1347585034428134
1373520,3778.102141816492,9999.387096774102,0.0,0.8748437707332185,1.1347583649323454
1373580,3778.124341702451,9999.387096774102,0.0,0.8756207910615268,1.1347576808570607
1373640,3778.0416888374457,9999.387096774102,0.0,0.8760560453586489,1.1347568972949091
1373700,3778.2030065545355,9999.387096774102,0.0,0.8746878855604562,1.1347565944363647
1373760,3778.1504285017263,9999.387096774102,0.0,0.8751707510325005,1.1347562319588185
1373820,3778.25459290444,9999.387096774102,0.0,0.8742814706923135,1.1347562461321097
1373880,3778.0824638359372,9999.387096774102,0.0,0.8752550937148765,1.134756130020379
1373940,3777.781160505195,9999.387096774102,0.0,0.8767943456848692,1.1347561599642364
1374000,3777.98563624101,9999.387096774102,0.0,0.8754907690026534,1.1347563688834055
1374060,3777.98494709596,9999.387096774102,0.0,0.8751251841991643,1.1347566000776204
1374120,3778.1463013042267,9999.387096774102,0.0,0.8743648339133014,1.1347569280428633
1374180,3777.9609657800434,9999.387096774102,0.0,0.8751393588348673,1.1347570742681856
1374240,3777.7729001271614,9999.387096774102,0.0,0.8759781704572288,1.134757321922038
1374300,3777.7825667956695,9999.387096774102,0.0,0.8760149796824209,1.1347575181294978
1374360,3778.070420714303,9999.387096774102,0.0,0.8740154018332026,1.1347579758001507
1374420,3777.995230448276,9999.387096774102,0.0,0.8746471126670137,1.1347581574637
1374480,3777.8592188658445,9999.387096774102,0.0,0.8752982873527403,1.1347584224850364
1374540,3777.7878241594017,9999.387096774102,0.0,0.8756857797145031,1.1347585841513312
1374600,3777.602586407282,9999.387096774102,0.0,0.8765828782780823,1.1347587808497999
1374660,3777.8823534292937,9999.387096774102,0.0,0.8750009303763667,1.1347590983013904
1374720,3777.928094105419,9999.387096774102,0.0,0.8744635904795598,1.1347593421161983
1374780,3777.8527104783448,9999.387096774102,0.0,0.8754302888839499,1.1347595212435215
1374840,3777.944246578731,9999.387096774102,0.0,0.875621747137401,1.1347590960771619
1374900,3777.782641375446,9999.387096774102,0.0,0.8763979340761782,1.134758674270397
1374960,3778.1909051300213,9999.387096774102,0.0,0.8740240805068196,1.1347586150063969
1375020,3778.3529875267586,9999.387096774102,0.0,0.8744110388860872,1.1347579023392553
1375080,3778.2402718599405,9999.387096774102,0.0,0.874628832946708,1.1347572411953648
1375140,3778.028930309243,9999.387096774102,0.0,0.875729995097531,1.1347568000541535
1375200,3777.9765660210555,9999.387096774102,0.0,0.8760003300073862,1.1347564521449758
1375260,3778.108707221846,9999.387096774102,0.0,0.8747606547658268,1.1347564886318444
1375320,3778.0763884141566,9999.387096774102,0.0,0.8751016413640975,1.1347564385983697
1375380,3778.1669838348284,9999.387096774102,0.0,0.8743503901280106,1.1347566606560642
1375440,3778.005238174835,9999.387096774102,0.0,0.8752907855517714,1.1347566928322834
1375500,3777.717564960102,9999.387096774102,0.0,0.8767690206183035,1.1347568225312865
1375560,3777.923906850103,9999.387096774102,0.0,0.8754817441508701,1.1347570974914978
1375620,3777.9385650801946,9999.387096774102,0.0,0.8750558788080284,1.1347573701467342
1375680,3778.0885741848447,9999.387096774102,0.0,0.8743806738185536,1.1347577084555502
1375740,3777.905661658885,9999.387096774102,0.0,0.8751738860526775,1.13475785407096
1375800,3777.7247648323378,9999.387096774102,0.0,0.8759935981873311,1.1347580898395917
1375860,3777.7401776044553,9999.387096774102,0.0,0.8760084513553157,1.1347582688832476
1375920,3778.0302577598413,9999.387096774102,0.0,0.8740264823178572,1.1347586971366044
1375980,3777.9637737534117,9999.387096774102,0.0,0.874616896094947,1.1347588517078133
1376040,3777.8209874862932,9999.387096774102,0.0,0.8753241468863063,1.1347590759165307
1376100,3777.7682512517335,9999.387096774102,0.0,0.8761873862844214,1.1347590206353808
1376160,3777.9181751057085,9999.387096774102,0.0,0.8758723615695478,1.1347585464681706
1376220,3777.9863006282085,9999.387096774102,0.0,0.8750660149539596,1.1347583786933275
1376280,3778.4503150775236,9999.387096774102,0.0,0.8736394353010445,1.1347581485006772
1376340,3778.2722870588236,9999.387096774102,0.0,0.8748724368469406,1.1347572166383575
1376400,3777.9518051518708,9999.387096774102,0.0,0.8765444398829051,1.1347566373974218
1376460,3778.0762342166086,9999.387096774102,0.0,0.8756966023691309,1.134756294357908
1376520,3777.972450854062,9999.387096774102,0.0,0.8759370054600522,1.1347561165364894
1376580,3778.269056714569,9999.387096774102,0.0,0.8742916600472007,1.134756219577712
1376640,3778.1328229455335,9999.387096774102,0.0,0.8746795801963922,1.1347562284580255
1376700,3777.916952868365,9999.387096774102,0.0,0.8757686797478565,1.1347563366083364
1376760,3777.866411248901,9999.387096774102,0.0,0.8760412967486746,1.1347564305808424
1376820,3778.0203886151216,9999.387096774102,0.0,0.8747376875646315,1.1347567916708836
1376880,3777.999827428734,9999.387096774102,0.0,0.8750345222131041,1.134756973949262
1376940,3778.073189631183,9999.387096774102,0.0,0.8744196173370165,1.1347573447655472
1377000,3777.91896134042,9999.387096774102,0.0,0.8753335222479675,1.1347574915185552
1377060,3777.646596079842,9999.387096774102,0.0,0.8767451083793447,1.1347576948728464
1377120,3777.857337630337,9999.387096774102,0.0,0.8754665013694859,1.134758011704576
1377180,3777.887549227736,9999.387096774102,0.0,0.8749820396948528,1.1347583045124583
1377240,3778.0242039692043,9999.387096774102,0.0,0.8744023407293359,1.1347586353179768
1377300,3777.843930996813,9999.387096774102,0.0,0.8752155349706123,1.1347587662404512
1377360,3777.671601311617,9999.387096774102,0.0,0.8760089829047453,1.1347589784237
1377420,3777.6938059938143,9999.387096774102,0.0,0.87599756651775,1.134759130434872
1377480,3777.98409022045,9999.387096774102,0.0,0.8740521618175777,1.1347595196740385
1377540,3778.206853605957,9999.387096774102,0.0,0.8741019991383638,1.1347594158719176
1377600,3778.0359711247297,9999.387096774102,0.0,0.8750053055669836,1.134758874991147
1377660,3777.6863936372306,9999.387096774102,0.0,0.8770330528391767,1.1347585703496603
1377720,3778.1335096674256,9999.387096774102,0.0,0.8752718686249745,1.134758137902642
1377780,3778.106516266173,9999.387096774102,0.0,0.8755847247762973,1.134757342603958
1377840,3778.4032482964976,9999.387096774102,0.0,0.8735928610358479,1.134757081096146
1377900,3778.1936205321404,9999.387096774102,0.0,0.8748997428906958,1.1347566242162241
1377960,3777.8853474145308,9999.387096774102,0.0,0.8764678056798452,1.1347564107960977
1378020,3777.9838704521303,9999.387096774102,0.0,0.875721978558644,1.1347563915524255
1378080,3777.9081360823675,9999.387096774102,0.0,0.8758265170983979,1.134756471404108
1378140,3778.2012200097756,9999.387096774102,0.0,0.8742627603538439,1.1347567400512342
1378200,3778.062664937041,9999.387096774102,0.0,0.8747016165816354,1.134756858111319
1378260,3777.8487293115736,9999.387096774102,0.0,0.8757975764881973,1.1347570405336969
1378320,3777.8034095968387,9999.387096774102,0.0,0.8760599204611691,1.1347571844914546
1378380,3777.966586663156,9999.387096774102,0.0,0.8747386535055405,1.1347575692152003
1378440,3777.9567829066796,9999.387096774102,0.0,0.8749837326932425,1.1347577623021001
1378500,3778.018523907522,9999.387096774102,0.0,0.8744632707965865,1.1347581165994918
1378560,3777.8687662622165,9999.387096774102,0.0,0.8753636033177609,1.1347582479018883
1378620,3777.6079797214293,9999.387096774102,0.0,0.8767227465577153,1.1347584280443297
1378680,3777.8201337432724,9999.387096774102,0.0,0.8754581628478656,1.1347587153532381
1378740,3777.8616568065863,9999.387096774102,0.0,0.8749315911949336,1.134758977012486
1378800,3778.0716005302584,9999.387096774102,0.0,0.8743479923609666,1.1347592554283041
1378860,3778.036016118349,9999.387096774102,0.0,0.8752616862077123,1.1347587737265226
1378920,3777.8219047263015,9999.387096774102,0.0,0.8762861282999387,1.1347583520930244
1378980,3778.0283193356636,9999.387096774102,0.0,0.8750814067007631,1.134758211549567
1379040,3778.293927284081,9999.387096774102,0.0,0.8748422816782058,1.1347574923530537
1379100,3778.2868167980346,9999.387096774102,0.0,0.8744278176813911,1.1347569038947007
1379160,3778.147294504656,9999.387096774102,0.0,0.8752638768998119,1.1347564934367975
1379220,3778.0292848839376,9999.387096774102,0.0,0.8757802610142708,1.1347561448872912
1379280,3778.0105438396727,9999.387096774102,0.0,0.8754184917532697,1.134756134614477
1379340,3778.016837851596,9999.387096774102,0.0,0.8755234006047269,1.1347561076514372
1379400,3778.2818970938642,9999.387096774102,0.0,0.8736887567708655,1.1347564227976343
1379460,3778.082301412185,9999.387096774102,0.0,0.8749276806953176,1.1347564567685842
1379520,3777.7805416765386,9999.387096774102,0.0,0.8764962455995661,1.1347566043465762
1379580,3777.8915869482303,9999.387096774102,0.0,0.8757292006778975,1.1347568459857698
1379640,3777.8376968859034,9999.387096774102,0.0,0.8757368047538604,1.1347571134476002
1379700,3778.1241651110618,9999.387096774102,0.0,0.8742410387767288,1.1347575071746658
1379760,3777.984202255241,9999.387096774102,0.0,0.8747297940821894,1.134757706603885
1379820,3777.7734852986873,9999.387096774102,0.0,0.8758302362169087,1.1347579379981674
1379880,3777.73500445261,9999.387096774102,0.0,0.8760765196808311,1.1347581097937816
1379940,3777.908403018069,9999.387096774102,0.0,0.8747329453011763,1.134758499842248
1380000,3777.9095668439354,9999.387096774102,0.0,0.8749262684361557,1.1347586890255044
1380060,3777.957452097623,9999.387096774102,0.0,0.8745152880290422,1.1347590128323635
1380120,3777.8127227845644,9999.387096774102,0.0,0.8753995596691235,1.1347591179769008
1380180,3777.5650297966617,9999.387096774102,0.0,0.8766990518326484,1.1347592657325307
1380240,3778.0029393161253,9999.387096774102,0.0,0.8745606548566827,1.1347594726153098
1380300,3778.0653908610866,9999.387096774102,0.0,0.874954666756896,1.1347590106204846
1380360,3778.1186308590895,9999.387096774102,0.0,0.874287762612074,1.1347587885303052
1380420,3777.899530154984,9999.387096774102,0.0,0.8762105959348596,1.1347584112473126
1380480,3778.1054129223403,9999.387096774102,0.0,0.8757204340582774,1.1347575826408824
1380540,3777.921006107821,9999.387096774102,0.0,0.8764816816945274,1.1347570071193493
1380600,3778.24007284202,9999.387096774102,0.0,0.8747060147118505,1.1347567544851616
1380660,3778.2008407696517,9999.387096774102,0.0,0.8745045299125878,1.134756545767474
1380720,3778.055517718578,9999.387096774102,0.0,0.8752982052261152,1.134756475000423
1380780,3777.935975833754,9999.387096774102,0.0,0.8758404550314247,1.134756407563652
1380840,3777.9389641710136,9999.387096774102,0.0,0.8754085122362825,1.1347565982154628
1380900,3777.955288010036,9999.387096774102,0.0,0.8754767557893586,1.1347567066010762
1380960,3778.209198459449,9999.387096774102,0.0,0.8737413029573861,1.1347571014733557
1381020,3778.0168830697817,9999.387096774102,0.0,0.8749487619102487,1.1347571962827137
1381080,3777.7216410947203,9999.387096774102,0.0,0.8764991551633005,1.134757374608176
1381140,3777.8364089941056,9999.387096774102,0.0,0.8757371733866125,1.1347576290588341
1381200,3777.7989925789752,9999.387096774102,0.0,0.8756711003832754,1.1347578969107643
1381260,3778.0799864742266,9999.387096774102,0.0,0.8742279872287442,1.1347582734567325
1381320,3777.939645242012,9999.387096774102,0.0,0.8747489709699976,1.1347584483849302
1381380,3777.731418680312,9999.387096774102,0.0,0.8758513715013905,1.134758649898607
1381440,3777.69703431924,9999.387096774102,0.0,0.8760875530587748,1.1347587916333777
1381500,3777.8467509809348,9999.387096774102,0.0,0.8749600631436093,1.1347591381930409
1381560,3778.2822017925055,9999.387096774102,0.0,0.8738441735302203,1.1347590688775082
1381620,3778.105378086663,9999.387096774102,0.0,0.8746893526115347,1.1347585573283627
1381680,3777.7932939242337,9999.387096774102,0.0,0.8765988752728071,1.1347582762072086
1381740,3778.086556362349,9999.387096774102,0.0,0.8756974153855744,1.1347577478852648
1381800,3778.068400937381,9999.387096774102,0.0,0.8759267452012011,1.1347569585487753
1381860,3778.438928157758,9999.387096774102,0.0,0.8734218066983934,1.1347567345231204
1381920,3778.242937489926,9999.387096774102,0.0,0.8747089587266673,1.134756300399125
1381980,3778.0081020041453,9999.387096774102,0.0,0.8758375827837819,1.1347561424997243
1382040,3778.000042568307,9999.387096774102,0.0,0.8757255493945467,1.1347560887883423
1382100,3777.829675743273,9999.387096774102,0.0,0.8764295885302849,1.134756153642717
1382160,3778.1368421188995,9999.387096774102,0.0,0.8746733122610585,1.134756426775601
1382220,3778.106463588835,9999.387096774102,0.0,0.8744735385585185,1.1347566249253693
1382280,3777.953399449916,9999.387096774102,0.0,0.8753497538962385,1.1347568403572035
1382340,3777.8426494893247,9999.387096774102,0.0,0.8758819464245367,1.1347569822887762
1382400,3777.860044059298,9999.387096774102,0.0,0.8754044221768439,1.134757321168469
1382460,3777.887480653542,9999.387096774102,0.0,0.875421537145739,1.1347575352797643
1382520,3778.1294957822365,9999.387096774102,0.0,0.8737978538355805,1.1347579830423666
1382580,3777.9444526732823,9999.387096774102,0.0,0.874976733414704,1.1347581144303294
1382640,3777.6568625221553,9999.387096774102,0.0,0.876503649692761,1.1347583035576236
1382700,3777.7761022042832,9999.387096774102,0.0,0.8757428247805003,1.134758555247824
1382760,3777.7566390065504,9999.387096774102,0.0,0.8755967695853516,1.134758810429716
1382820,3778.0307756336874,9999.387096774102,0.0,0.8742156598344205,1.1347591576980778
1382880,3777.889435434212,9999.387096774102,0.0,0.8747748592356082,1.1347592976303926
1382940,3777.57513917107,9999.387096774102,0.0,0.8768319554365264,1.1347594216560772
1383000,3777.923331905004,9999.387096774102,0.0,0.8756878619304702,1.1347591333813691
1383060,3777.8629986609626,9999.387096774102,0.0,0.8759047400880908,1.1347587275163706
1383120,3778.3577509888582,9999.387096774102,0.0,0.8731647068487499,1.1347587370422807
1383180,3778.2978547846924,9999.387096774102,0.0,0.8746856435213678,1.134757982923864
1383240,3778.1129419710614,9999.387096774102,0.0,0.8754566576399329,1.1347572224711364
1383300,3777.9910539314174,9999.387096774102,0.0,0.8758114133606477,1.1347568147052918
1383360,3778.005103414773,9999.387096774102,0.0,0.8758644325857146,1.1347564759443591
1383420,3778.3357598024413,9999.387096774102,0.0,0.8735385852517328,1.1347565904127341
1383480,3778.160105072717,9999.387096774102,0.0,0.8746887134116298,1.1347564762922853
1383540,3777.919615346444,9999.387096774102,0.0,0.8758925199144063,1.1347565389571854
1383600,3777.9237848199077,9999.387096774102,0.0,0.8757513843112812,1.1347566397429427
1383660,3777.7727323566933,9999.387096774102,0.0,0.8763644379708586,1.1347568109009678
1383720,3778.0788221917796,9999.387096774102,0.0,0.8746409980719109,1.1347571516212613
1383780,3778.0508270293058,9999.387096774102,0.0,0.8744635120595381,1.1347573887958011
1383840,3777.893363088577,9999.387096774102,0.0,0.8753815706592137,1.1347576182175088
1383900,3777.787048462605,9999.387096774102,0.0,0.8759124008511636,1.134757763231898
1383960,3777.814215113193,9999.387096774102,0.0,0.8754075768871125,1.1347580919086036
1384020,3777.850615456149,9999.387096774102,0.0,0.8753804591618894,1.1347582911252485
1384080,3778.084025123107,9999.387096774102,0.0,0.8738359522080504,1.1347587053477513
1384140,3777.903719464414,9999.387096774102,0.0,0.8749956582632821,1.13475880806423
1384200,3777.6224136281776,9999.387096774102,0.0,0.8765000366735382,1.1347589623939518
1384260,3777.8749426966892,9999.387096774102,0.0,0.8754208125206593,1.1347590800095881
1384320,3778.0082588782257,9999.387096774102,0.0,0.8753814504651211,1.1347586250256285
1384380,3778.16787614814,9999.387096774102,0.0,0.8740474805933579,1.1347584711286889
1384440,3778.094372344902,9999.387096774102,0.0,0.8754019298961577,1.134758119275078
1384500,3778.1673897010132,9999.387096774102,0.0,0.875494143557692,1.1347572378061717
1384560,3777.8893884824665,9999.387096774102,0.0,0.8768534381592938,1.1347566419725421
1384620,3778.17364414596,9999.387096774102,0.0,0.875170361234088,1.1347563701074286
1384680,3778.1678352179406,9999.387096774102,0.0,0.8747580119140188,1.1347562017865633
1384740,3778.185213148898,9999.387096774102,0.0,0.8747320509851457,1.134756206261262
1384800,3778.0106763337494,9999.387096774102,0.0,0.8754699290907645,1.1347561496867524
1384860,3777.883350969179,9999.387096774102,0.0,0.8758377243283931,1.1347563010307222
1384920,3777.904987318287,9999.387096774102,0.0,0.8758385013888729,1.134756420238664
1384980,3778.239960835874,9999.387096774102,0.0,0.873557310606081,1.134756863460321
1385040,3778.0726826219734,9999.387096774102,0.0,0.8746820603875661,1.1347569873173788
1385100,3777.828942838426,9999.387096774102,0.0,0.8759302574553605,1.1347572104556298
1385160,3777.839158900967,9999.387096774102,0.0,0.875780532858801,1.1347574297811533
1385220,3777.7102112045295,9999.387096774102,0.0,0.8762891941972815,1.134757681276174
1385280,3778.0161533731984,9999.387096774102,0.0,0.8746015873549324,1.1347580646186182
1385340,3777.9887728031404,9999.387096774102,0.0,0.8744589635508999,1.1347583182052983
1385400,3777.826623433206,9999.387096774102,0.0,0.8754194116671127,1.1347585439794243
1385460,3777.7256399630255,9999.387096774102,0.0,0.8759457082371399,1.1347586781903052
1385520,3777.7644948706507,9999.387096774102,0.0,0.8754044455593333,1.1347589849364386
1385580,3777.810393216263,9999.387096774102,0.0,0.8753315283424439,1.134759159069927
1385640,3778.0332143105607,9999.387096774102,0.0,0.8738799701660175,1.1347595295054307
1385700,3777.9302250720443,9999.387096774102,0.0,0.8754352488440101,1.1347593748409677
1385760,3777.9250801313538,9999.387096774102,0.0,0.8756857629422785,1.1347588523569772
1385820,3777.7208922715513,9999.387096774102,0.0,0.8766534864726634,1.134758593762647
1385880,3778.3807158042696,9999.387096774102,0.0,0.8739046349627559,1.1347583244961121
1385940,3778.243568651888,9999.387096774102,0.0,0.8748359927696233,1.134757467633369
1386000,3778.1764120875396,9999.387096774102,0.0,0.8750539243110663,1.1347570294656872
1386060,3778.0879795610745,9999.387096774102,0.0,0.8755109586510561,1.1347566034682626
1386120,3777.824432164089,9999.387096774102,0.0,0.8767878339143413,1.1347563808939103
1386180,3778.0866236509687,9999.387096774102,0.0,0.8751610820343035,1.134756439154681
1386240,3778.102835093621,9999.387096774102,0.0,0.8746627242650613,1.1347565352145121
1386300,3778.1049213997844,9999.387096774102,0.0,0.8747682634249984,1.134756706880632
1386360,3777.936186318059,9999.387096774102,0.0,0.8755113875300594,1.1347567684341437
1386420,3777.8190976425826,9999.387096774102,0.0,0.8758477814507587,1.134757000040383
1386480,3777.8486386729014,9999.387096774102,0.0,0.8758135242367855,1.1347571738433724
1386540,3778.18111350112,9999.387096774102,0.0,0.8735854471065116,1.1347576379935749
1386600,3778.0213437587745,9999.387096774102,0.0,0.8746773922517658,1.1347577723548108
1386660,3777.7765211212086,9999.387096774102,0.0,0.875950646581808,1.13475798472399
1386720,3777.7899251662875,9999.387096774102,0.0,0.8758020853687861,1.1347581887567086
1386780,3777.6769035596576,9999.387096774102,0.0,0.8762353841044177,1.1347584196827858
1386840,3777.981699475242,9999.387096774102,0.0,0.8745760575119393,1.1347587726229142
1386900,3777.9553627558007,9999.387096774102,0.0,0.8744553251942606,1.1347589915367742
1386960,3777.714968954234,9999.387096774102,0.0,0.8762526808599935,1.1347591409632973
1387020,3777.9369881362018,9999.387096774102,0.0,0.8757570871971121,1.1347587793487013
1387080,3777.8219915152204,9999.387096774102,0.0,0.8762781086711144,1.1347583665308534
1387140,3778.355115178539,9999.387096774102,0.0,0.8732264247247734,1.1347583773463563
1387200,3778.393639797733,9999.387096774102,0.0,0.8743289479258957,1.1347576348643644
1387260,3778.208617669794,9999.387096774102,0.0,0.8749836590810195,1.1347569079746538
1387320,3778.004673705652,9999.387096774102,0.0,0.875909726487922,1.13475647210294
1387380,3777.9949020549893,9999.387096774102,0.0,0.8760217344425697,1.13475613536126
1387440,3778.2461452539083,9999.387096774102,0.0,0.8740983202053904,1.1347562273660161
1387500,3778.1501438401688,9999.387096774102,0.0,0.8748015112638269,1.1347561633703447
1387560,3778.067028496512,9999.387096774102,0.0,0.8750802193270243,1.134756317714355
1387620,3777.9715252190804,9999.387096774102,0.0,0.8755640379219344,1.1347563898756756
1387680,3777.7315716070593,9999.387096774102,0.0,0.8767337922086786,1.1347565477491615
1387740,3778.0016753557106,9999.387096774102,0.0,0.8751232528461157,1.1347568743171923
1387800,3778.028755140792,9999.387096774102,0.0,0.8746047981631037,1.1347571607578661
1387860,3778.0161050823444,9999.387096774102,0.0,0.8748105193724611,1.134757457331582
1387920,3777.8527130270845,9999.387096774102,0.0,0.8755620771743821,1.1347576085059148
1387980,3777.749224448076,9999.387096774102,0.0,0.8758531669648281,1.1347578956542812
1388040,3777.7877882691187,9999.387096774102,0.0,0.8757812586306644,1.1347581013858117
1388100,3778.116704754534,9999.387096774102,0.0,0.873613998782386,1.1347585669048343
1388160,3777.9637111829466,9999.387096774102,0.0,0.874677733787878,1.134758696258014
1388220,3777.7179335881538,9999.387096774102,0.0,0.8759772973542583,1.1347588846887624
1388280,3777.7356820754644,9999.387096774102,0.0,0.8758244759810851,1.1347590628265019
1388340,3777.6403236954857,9999.387096774102,0.0,0.876174125491204,1.1347592639989585
1388400,3778.26470314145,9999.387096774102,0.0,0.8731315711049369,1.1347596140553133
1388460,3778.145434610808,9999.387096774102,0.0,0.8745564384981953,1.1347590999278205
1388520,3777.9484469554054,9999.387096774102,0.0,0.8753820742359253,1.134758726992027
1388580,3777.786230728483,9999.387096774102,0.0,0.8765454012453007,1.1347584172207001
1388640,3778.1288150206005,9999.387096774102,0.0,0.8756025918439228,1.1347576659878484
1388700,3778.1178806185176,9999.387096774102,0.0,0.8752383452525195,1.1347571234108178
1388760,3778.3215339813246,9999.387096774102,0.0,0.8742891544383593,1.1347568433691062
1388820,3778.1309571563434,9999.387096774102,0.0,0.87500565719208,1.1347565169210927
1388880,3777.9174384954827,9999.387096774102,0.0,0.8759382029771022,1.1347564214067305
1388940,3777.907557091062,9999.387096774102,0.0,0.8760384697304252,1.1347563766710411
1389000,3778.175014211334,9999.387096774102,0.0,0.8740845568675965,1.134756675383207
1389060,3778.089302970597,9999.387096774102,0.0,0.8747518777936633,1.1347567518587751
1389120,3777.9937842813847,9999.387096774102,0.0,0.8751252382414321,1.1347569886755653
1389180,3777.9029642640835,9999.387096774102,0.0,0.875599200020402,1.1347571234868417
1389240,3777.679794100909,9999.387096774102,0.0,0.8766898271811665,1.134757318937444
1389300,3777.9514957127185,9999.387096774102,0.0,0.8751001327092399,1.1347576590421615
1389360,3777.9874858496105,9999.387096774102,0.0,0.8745620940509498,1.134757944781763
1389420,3777.9649353817604,9999.387096774102,0.0,0.8748367260175826,1.1347582219834742
1389480,3777.8046632524247,9999.387096774102,0.0,0.8755965571240852,1.1347583519978053
1389540,3777.709870542836,9999.387096774102,0.0,0.8758613199533496,1.134758611711185
1389600,3777.7552353576853,9999.387096774102,0.0,0.8757572665577403,1.1347587893381945
1389660,3778.080647959421,9999.387096774102,0.0,0.8736388566086386,1.1347592151437982
1389720,3778.1096986614707,9999.387096774102,0.0,0.8746804267884196,1.1347590784553587
1389780,3778.0031506564915,9999.387096774102,0.0,0.8753361444765608,1.1347585380406824
1389840,3777.68653379274,9999.387096774102,0.0,0.8770714090779819,1.1347582497546673
1389900,3778.264005844349,9999.387096774102,0.0,0.874666992455916,1.1347578998631795
1389960,3778.1922497606165,9999.387096774102,0.0,0.8752341231595506,1.1347570728791303
1390020,3778.3386042394345,9999.387096774102,0.0,0.8741630980418813,1.1347567400847023
1390080,3778.1648803346447,9999.387096774102,0.0,0.8751847533882718,1.1347562920510221
1390140,3777.8503676239893,9999.387096774102,0.0,0.8767774102523461,1.1347560716775182
1390200,3778.0350765640474,9999.387096774102,0.0,0.8755362757833608,1.1347561020369135
1390260,3778.0179504823286,9999.387096774102,0.0,0.8752479363163836,1.1347562093051264
1390320,3778.207190712156,9999.387096774102,0.0,0.8743161026226717,1.1347564617957808
1390380,3778.0208847208523,9999.387096774102,0.0,0.8750604922885381,1.1347565536239117
1390440,3777.8206845498926,9999.387096774102,0.0,0.8759623810317948,1.134756762821902
1390500,3777.8209378128417,9999.387096774102,0.0,0.8760339747996428,1.134756936947357
1390560,3778.0946727637397,9999.387096774102,0.0,0.8740867828406796,1.1347573860011664
1390620,3778.0216899430898,9999.387096774102,0.0,0.8746971273725167,1.1347575727280705
1390680,3777.912005291531,9999.387096774102,0.0,0.8751815340095862,1.1347578646467438
1390740,3777.8278924890415,9999.387096774102,0.0,0.8756379614220429,1.1347580382422984
1390800,3777.6232153936826,9999.387096774102,0.0,0.8766413110630766,1.1347582511408723
1390860,3777.896885487275,9999.387096774102,0.0,0.8750706931998695,1.134758588705861
1390920,3777.941737320968,9999.387096774102,0.0,0.8745166252901649,1.1347588599364147
1390980,3777.9075136050606,9999.387096774102,0.0,0.874870049269884,1.1347591051160288
1391040,3777.7510521400723,9999.387096774102,0.0,0.8756365284819074,1.1347592039971846
1391100,3777.568899285703,9999.387096774102,0.0,0.8766344787007203,1.1347594002723327
1391160,3778.064995146772,9999.387096774102,0.0,0.8748874775510623,1.1347592428891073
1391220,3778.025712433654,9999.387096774102,0.0,0.8749539488066506,1.134758824162893
1391280,3778.0995291361096,9999.387096774102,0.0,0.8747404942291103,1.1347586872381012
1391340,3778.1072789128666,9999.387096774102,0.0,0.8755947533902979,1.1347579997728094
1391400,3778.020263036706,9999.387096774102,0.0,0.8760490579313854,1.1347572222961846
1391460,3778.1674216393635,9999.387096774102,0.0,0.8747745442727446,1.1347569125290586
1391520,3778.125629358073,9999.387096774102,0.0,0.8751981053893315,1.1347565498491454
1391580,3778.247103702726,9999.387096774102,0.0,0.8742123681281191,1.134756563058039
1391640,3778.070721449515,9999.387096774102,0.0,0.8752249916016254,1.1347564348966257
1391700,3777.76944270465,9999.387096774102,0.0,0.8767714210388801,1.1347564523065088
1391760,3777.964714092596,9999.387096774102,0.0,0.875525024399197,1.1347566426694102
1391820,3777.96274087341,9999.387096774102,0.0,0.8751786425765312,1.1347568591426418
1391880,3778.1403677444255,9999.387096774102,0.0,0.8743303465166146,1.1347571771607878
1391940,3777.956536699297,9999.387096774102,0.0,0.8750968008532357,1.134757311160384
1392000,3777.7638366554897,9999.387096774102,0.0,0.8759803214646821,1.1347575405353065
1392060,3777.7702291730034,9999.387096774102,0.0,0.8760306629622013,1.1347577210060145
1392120,3778.047472646759,9999.387096774102,0.0,0.8740960878301699,1.134758158345946
1392180,3777.984719588001,9999.387096774102,0.0,0.8746580929153905,1.1347583312002552
1392240,3777.866119328759,9999.387096774102,0.0,0.8752130054531487,1.1347585899228416
1392300,3777.785084247027,9999.387096774102,0.0,0.8756657967025412,1.134758734379975
1392360,3777.5939645956314,9999.387096774102,0.0,0.8766043453520048,1.1347589159376765
1392420,3778.172438672227,9999.387096774102,0.0,0.8737248058080296,1.13475921767531
1392480,3778.146861416095,9999.387096774102,0.0,0.8746430226393119,1.134758735116582
1392540,3778.068551208506,9999.387096774102,0.0,0.8747451947501678,1.1347584424914645
1392600,3777.824466733696,9999.387096774102,0.0,0.8765992818881198,1.1347580862170026
1392660,3778.1245069929514,9999.387096774102,0.0,0.875750489104109,1.134757289179712
1392720,3778.0214388896084,9999.387096774102,0.0,0.8759724951020346,1.1347567282269584
1392780,3778.332579419573,9999.387096774102,0.0,0.8743332663396004,1.1347564843772304
1392840,3778.204525681165,9999.387096774102,0.0,0.8746375063995907,1.1347562226563461
1392900,3777.9893037832508,9999.387096774102,0.0,0.8757020323430476,1.134756135647112
1392960,3777.925063071326,9999.387096774102,0.0,0.8760168725498836,1.134756088953821
1393020,3778.0564589800724,9999.387096774102,0.0,0.8748188167527925,1.1347563457118222
1393080,3778.033665893667,9999.387096774102,0.0,0.8751207124119836,1.1347564576590623
1393140,3778.1384633556836,9999.387096774102,0.0,0.8742938923926177,1.1347568022852752
1393200,3777.9733612998307,9999.387096774102,0.0,0.8752686120318061,1.1347569211375454
1393260,3777.687384556846,9999.387096774102,0.0,0.8767491166598042,1.1347571130373786
1393320,3777.886721773888,9999.387096774102,0.0,0.8755127194461481,1.13475742570468
1393380,3777.9028047343804,9999.387096774102,0.0,0.8750946925561007,1.1347577250834553
1393440,3778.066593842687,9999.387096774102,0.0,0.8743497770702121,1.134758082177124
1393500,3777.8854128345465,9999.387096774102,0.0,0.8751399334741609,1.1347582361448534
1393560,3777.701297315693,9999.387096774102,0.0,0.8759986192822933,1.1347584681122125
1393620,3777.7148087061328,9999.387096774102,0.0,0.8760234376099928,1.1347586409413524
1393680,3777.9965557269516,9999.387096774102,0.0,0.8740985229988659,1.1347590543243604
1393740,3777.943027780333,9999.387096774102,0.0,0.8746191918400815,1.1347592022297375
1393800,3777.814386150594,9999.387096774102,0.0,0.8752527469823455,1.1347594176780684
1393860,3777.7503811930032,9999.387096774102,0.0,0.8761887546917013,1.1347593452781854
1393920,3777.8947077256958,9999.387096774102,0.0,0.8758844633440493,1.1347588694362725
1393980,3777.954882590323,9999.387096774102,0.0,0.8751407327160137,1.1347586935576697
1394040,3778.4378989667002,9999.387096774102,0.0,0.8735871288721749,1.1347584633898493
1394100,3778.2536300106003,9999.387096774102,0.0,0.8748456630633287,1.1347575407565151
1394160,3777.9396227875645,9999.387096774102,0.0,0.8764877714500316,1.134756966094964
1394220,3778.053281793175,9999.387096774102,0.0,0.8757112869942332,1.1347566152259898
1394280,3777.9462333539514,9999.387096774102,0.0,0.8759841962178401,1.1347564295323267
1394340,3778.2458810404337,9999.387096774102,0.0,0.8743192801226175,1.134756522208959
1394400,3778.121699185834,9999.387096774102,0.0,0.8746476868051146,1.134756526121562
1394460,3777.909364488417,9999.387096774102,0.0,0.8757376447792338,1.134756620882262
1394520,3777.853284878153,9999.387096774102,0.0,0.8760361488327015,1.1347566995199807
1394580,3777.9932871562837,9999.387096774102,0.0,0.8748221008460996,1.1347570390180657
1394640,3777.9821187727275,9999.387096774102,0.0,0.8750663293120848,1.1347572097517447
1394700,3778.074465816006,9999.387096774102,0.0,0.8743438540344253,1.1347575731549857
1394760,3777.914982219816,9999.387096774102,0.0,0.8753000323569956,1.134757703168429
1394820,3777.640720194979,9999.387096774102,0.0,0.8767287755299389,1.1347578910783782
1394880,3777.8420287527997,9999.387096774102,0.0,0.8755055880142206,1.1347581886250375
1394940,3777.870914871983,9999.387096774102,0.0,0.8750378549314843,1.1347584672832187
1395000,3778.025231001008,9999.387096774102,0.0,0.8743614683753732,1.134758790297645
1395060,3777.8457210442857,9999.387096774102,0.0,0.8751689821771341,1.1347589107999025
1395120,3777.5497904314884,9999.387096774102,0.0,0.8769756607348941,1.1347590703732877
1395180,3777.994594345917,9999.387096774102,0.0,0.8754011537597944,1.1347588504445423
1395240,3777.954139193227,9999.387096774102,0.0,0.8754839868157852,1.1347584451083392
1395300,3778.2900937972854,9999.387096774102,0.0,0.8737198139103446,1.1347584109125426
1395360,3778.229377433472,9999.387096774102,0.0,0.8751325980781264,1.134757669421876
1395420,3778.082284902858,9999.387096774102,0.0,0.8757926577120985,1.1347568903036203
1395480,3778.072074385624,9999.387096774102,0.0,0.8754344048263039,1.1347565253294307
1395540,3778.072326713485,9999.387096774102,0.0,0.8756004746343488,1.1347561843466871
1395600,3778.353940809182,9999.387096774102,0.0,0.8736065869976016,1.1347562842812724
1395660,3778.1471926834697,9999.387096774102,0.0,0.8748768966566706,1.1347561609945296
1395720,3777.8439876209113,9999.387096774102,0.0,0.8764404940296999,1.1347562016332062
1395780,3777.9412027694175,9999.387096774102,0.0,0.8757355277150314,1.1347563582941755
1395840,3777.8641923979353,9999.387096774102,0.0,0.875865639010677,1.1347565679375995
1395900,3778.16093246428,9999.387096774102,0.0,0.8742799671969287,1.1347569344271793
1395960,3778.03294076219,9999.387096774102,0.0,0.8746739332235463,1.1347571290919616
1396020,3777.822381183236,9999.387096774102,0.0,0.8757747489786591,1.1347573596800862
1396080,3777.773297149158,9999.387096774102,0.0,0.8760591931550057,1.134757534537342
1396140,3777.9257324166088,9999.387096774102,0.0,0.8748139662257552,1.1347579320091834
1396200,3777.9260182770317,9999.387096774102,0.0,0.8750054601419028,1.134758137980508
1396260,3778.0036176687736,9999.387096774102,0.0,0.8744014432346952,1.1347584995287154
1396320,3777.850043902142,9999.387096774102,0.0,0.8753376229710412,1.1347586253785058
1396380,3777.589007991042,9999.387096774102,0.0,0.8767076844908537,1.1347587965172496
1396440,3777.793332062071,9999.387096774102,0.0,0.8754934610527448,1.1347590681432347
1396500,3777.8358183271907,9999.387096774102,0.0,0.8749738708283135,1.1347593164421734
1396560,3778.069286316813,9999.387096774102,0.0,0.8742520418233163,1.1347595866644213
1396620,3778.020599107685,9999.387096774102,0.0,0.8752292213473671,1.1347590998822534
1396680,3777.805378825074,9999.387096774102,0.0,0.8762644042635496,1.134758676119866
1396740,3777.989575476677,9999.387096774102,0.0,0.8751980441563506,1.1347585201436023
1396800,3778.2627263296154,9999.387096774102,0.0,0.8748813118567702,1.134757807661416
1396860,3778.265318519439,9999.387096774102,0.0,0.8744220341530906,1.1347572287333327
1396920,3778.1372756617284,9999.387096774102,0.0,0.8752142096422469,1.1347568201453344
1396980,3778.0135521407296,9999.387096774102,0.0,0.875758183079156,1.1347564658079752
1397040,3777.9827131381235,9999.387096774102,0.0,0.875481581684748,1.134756440838383
1397100,3777.994610377862,9999.387096774102,0.0,0.8755543691524375,1.1347564046880252
1397160,3778.2714504440596,9999.387096774102,0.0,0.8736543779568811,1.1347567109668781
1397220,3778.0734220144705,9999.387096774102,0.0,0.8748958965720122,1.1347567322814078
1397280,3777.7760410535393,9999.387096774102,0.0,0.8764443689459797,1.1347568670559351
1397340,3777.8761345101857,9999.387096774102,0.0,0.8757473683304262,1.1347570885139047
1397400,3777.8176760833944,9999.387096774102,0.0,0.8757928212256041,1.1347573391606698
1397460,3778.1101396689264,9999.387096774102,0.0,0.8742588672390268,1.1347577184047124
1397520,3777.9810243801903,9999.387096774102,0.0,0.8746916087850612,1.1347579096018177
1397580,3777.7723238820577,9999.387096774102,0.0,0.8757990009553945,1.1347581259459425
1397640,3777.727680318134,9999.387096774102,0.0,0.8760740913540913,1.134758282192681
1397700,3777.8869891180843,9999.387096774102,0.0,0.8748179507712354,1.1347586518102522
1397760,3777.8969592994913,9999.387096774102,0.0,0.8749606852965726,1.1347588310964996
1397820,3777.964767279038,9999.387096774102,0.0,0.8744360528317893,1.1347591504306498
1397880,3777.8389735931823,9999.387096774102,0.0,0.8759379293746443,1.1347590285668252
1397940,3777.9188539555967,9999.387096774102,0.0,0.8758548828856874,1.134758528041466
1398000,3777.831518148812,9999.387096774102,0.0,0.8760421355071071,1.1347583129288985
1398060,3778.509839716338,9999.387096774102,0.0,0.8733428789673494,1.1347580998336082
1398120,3778.2982426561975,9999.387096774102,0.0,0.8746918705836702,1.134757187944511
1398180,3778.0753672031524,9999.387096774102,0.0,0.8758072869796069,1.1347566691997106
1398240,3778.0784467337953,9999.387096774102,0.0,0.8756800078644449,1.1347562792089576
1398300,3777.878301253403,9999.387096774102,0.0,0.8765435884090556,1.1347560784169495
1398360,3778.1792220811335,9999.387096774102,0.0,0.8747580180369814,1.134756170991552
1398420,3778.157834714071,9999.387096774102,0.0,0.874476764659934,1.1347562519926921
1398480,3778.021756566398,9999.387096774102,0.0,0.8752619821999905,1.134756386071146
1398540,3777.900270778089,9999.387096774102,0.0,0.8758229913629969,1.1347564648136368
1398600,3777.8927722284475,9999.387096774102,0.0,0.8754683676642627,1.134756758724082
1398660,3777.9159513141567,9999.387096774102,0.0,0.8754995559923952,1.1347569502021377
1398720,3778.1802758425524,9999.387096774102,0.0,0.8737150918501574,1.134757404151888
1398780,3777.9906136416803,9999.387096774102,0.0,0.8749217365334575,1.134757537764989
1398840,3777.6998810922933,9999.387096774102,0.0,0.8764556028384005,1.1347577403452123
1398900,3777.8056541231726,9999.387096774102,0.0,0.8757562839180798,1.1347580026886637
1398960,3777.766823020295,9999.387096774102,0.0,0.8757132671298754,1.1347582735831634
1399020,3778.0536831984355,9999.387096774102,0.0,0.8742382747662364,1.134758648379241
1399080,3777.9228390172684,9999.387096774102,0.0,0.8747159181335818,1.1347588217424358
1399140,3777.716539151876,9999.387096774102,0.0,0.8758271722868223,1.1347590119523625
1399200,3777.6774428867207,9999.387096774102,0.0,0.8760884885237064,1.1347591397733883
1399260,3777.8133176084243,9999.387096774102,0.0,0.8750562756206827,1.1347594648914585
1399320,3778.256114892587,9999.387096774102,0.0,0.8738654168626295,1.134759388512749
1399380,3778.088041403511,9999.387096774102,0.0,0.8746676180074806,1.1347588821973145
1399440,3777.7876505628183,9999.387096774102,0.0,0.8765181019519799,1.1347585985225184
1399500,3778.0579955929343,9999.387096774102,0.0,0.8757333611675314,1.1347580616744404
1399560,3778.0420206206127,9999.387096774102,0.0,0.8759476564922105,1.1347572807325252
1399620,3778.4097918768757,9999.387096774102,0.0,0.8734651809420826,1.1347570543705436
1399680,3778.224391507147,9999.387096774102,0.0,0.8746989601011028,1.1347566216282208
1399740,3778.0017949891762,9999.387096774102,0.0,0.8757623458195746,1.13475646138001
1399800,3777.983523878822,9999.387096774102,0.0,0.8757219697897093,1.13475639276146
1399860,3777.8086920172027,9999.387096774102,0.0,0.8764633425059448,1.1347564434570594
1399920,3778.1135928800313,9999.387096774102,0.0,0.8747176772472619,1.1347567003377217
1399980,3778.093949511248,9999.387096774102,0.0,0.8744645021627809,1.134756889703082
1400040,3777.9518357749885,9999.387096774102,0.0,0.8752970752802316,1.1347570933376736
1400100,3777.8348790529394,9999.387096774102,0.0,0.8758591872338518,1.1347572193448923
1400160,3777.8389038267087,9999.387096774102,0.0,0.8754705499689335,1.1347575366616172
1400220,3777.871283503915,9999.387096774102,0.0,0.8754581449445709,1.1347577375449724
1400280,3778.1269430074285,9999.387096774102,0.0,0.8737563199941714,1.134758175627053
1400340,3777.942897754823,9999.387096774102,0.0,0.8749396459113725,1.134758293865829
1400400,3777.6579121824,9999.387096774102,0.0,0.8764558093549908,1.1347584703412972
1400460,3777.7657930782707,9999.387096774102,0.0,0.8757645607272877,1.1347587033446496
1400520,3777.741127194641,9999.387096774102,0.0,0.8756580248078192,1.1347589437447736
1400580,3778.2477516499434,9999.387096774102,0.0,0.8733605096317345,1.1347592975578165
1400640,3778.122170414399,9999.387096774102,0.0,0.8748048193582731,1.134758779979504
1400700,3777.890597972506,9999.387096774102,0.0,0.8758651549715925,1.1347583755155237
1400760,3777.866296838911,9999.387096774102,0.0,0.8760912623929189,1.1347581366403574
1400820,3778.204733586672,9999.387096774102,0.0,0.8753198224707546,1.1347574021746365
1400880,3778.2294497230773,9999.387096774102,0.0,0.8747094280982805,1.1347568531627676
1400940,3778.2718868933953,9999.387096774102,0.0,0.8746462210738678,1.1347565156169128
1401000,3778.092809296521,9999.387096774102,0.0,0.8753734110500557,1.134756172669012
1401060,3777.938522116027,9999.387096774102,0.0,0.8758642710312793,1.1347561108414375
1401120,3777.951678118625,9999.387096774102,0.0,0.8758878242365519,1.1347560844630025
1401180,3778.2888032309693,9999.387096774102,0.0,0.8735611460996172,1.1347564296987722
1401240,3778.122707891526,9999.387096774102,0.0,0.8746758089512954,1.1347564836507003
1401300,3777.8925973659684,9999.387096774102,0.0,0.8758274342315182,1.134756671014871
1401360,3777.8873474986594,9999.387096774102,0.0,0.8757538636980426,1.134756858347811
1401420,3777.7354136733247,9999.387096774102,0.0,0.876387511764457,1.1347570931051634
1401480,3778.0402568217582,9999.387096774102,0.0,0.874676448523033,1.1347574751480958
1401540,3778.02302373584,9999.387096774102,0.0,0.8744514218752939,1.1347577452003834
1401600,3777.874458506493,9999.387096774102,0.0,0.875339012839488,1.134757992508769
1401660,3777.7634441865466,9999.387096774102,0.0,0.875897305757786,1.1347581437417822
1401720,3777.7803988586975,9999.387096774102,0.0,0.8754673210454134,1.1347584665474715
1401780,3777.822609807119,9999.387096774102,0.0,0.8754087819911042,1.1347586624773964
1401840,3778.0678062151046,9999.387096774102,0.0,0.8738027548272632,1.1347590710652184
1401900,3777.8892697933716,9999.387096774102,0.0,0.8749640002590482,1.1347591630263698
1401960,3777.6108866935165,9999.387096774102,0.0,0.8764590940501873,1.1347593040193638
1402020,3777.8413662891576,9999.387096774102,0.0,0.8755055351432199,1.1347593997417784
1402080,3777.981275572353,9999.387096774102,0.0,0.8754116756663691,1.1347589461893262
1402140,3778.147108924091,9999.387096774102,0.0,0.8740512471569364,1.1347587906873615
1402200,3778.0934046354646,9999.387096774102,0.0,0.8753017205816823,1.1347584384686995
1402260,3778.1476502948035,9999.387096774102,0.0,0.87547374951541,1.1347575609998073
1402320,3777.8676936427296,9999.387096774102,0.0,0.876855671865971,1.1347569669790845
1402380,3778.1456633251973,9999.387096774102,0.0,0.8752107405750529,1.1347566887684442
1402440,3778.142902123279,9999.387096774102,0.0,0.8747928689384935,1.1347565158817479
1402500,3778.1777325785197,9999.387096774102,0.0,0.8746810934697038,1.1347565166409963
1402560,3778.0001379117234,9999.387096774102,0.0,0.875434731813646,1.1347564492215756
1402620,3777.8640476584615,9999.387096774102,0.0,0.8758706735403605,1.134756582537915
1402680,3777.8865130570925,9999.387096774102,0.0,0.8758636779474714,1.1347566879662547
1402740,3778.2204849939144,9999.387096774102,0.0,0.8735918145813972,1.1347571144953466
1402800,3778.063491933072,9999.387096774102,0.0,0.8746643811841447,1.1347572284274303
1402860,3777.8303907757186,9999.387096774102,0.0,0.8758554044556238,1.1347574409842718
1402920,3777.829565105956,9999.387096774102,0.0,0.8757785244359141,1.1347576405009174
1402980,3777.694728825822,9999.387096774102,0.0,0.876331054160213,1.1347578749401963
1403040,3777.9988561197342,9999.387096774102,0.0,0.8746487632666594,1.1347582414237962
1403100,3777.9835437208817,9999.387096774102,0.0,0.8744430447237228,1.1347584873861816
1403160,3777.831169176001,9999.387096774102,0.0,0.8753645925508705,1.1347587023431596
1403220,3777.723380877797,9999.387096774102,0.0,0.8759233914148892,1.134758822345066
1403280,3777.677023429784,9999.387096774102,0.0,0.8760206427930275,1.1347590910002228
1403340,3778.184241880877,9999.387096774102,0.0,0.874360490546376,1.1347589857134819
1403400,3778.1016925733106,9999.387096774102,0.0,0.8746621530447639,1.134758538425597
1403460,3777.9614281196855,9999.387096774102,0.0,0.8756600085137937,1.1347583253777185
1403520,3778.0822567246864,9999.387096774102,0.0,0.8757917807381039,1.1347576989226258
1403580,3778.03769590138,9999.387096774102,0.0,0.8760921978996106,1.134756914718704
1403640,3778.3120536421807,9999.387096774102,0.0,0.8740883394532182,1.13475665340233
1403700,3778.203629265128,9999.387096774102,0.0,0.8748882708836481,1.1347562663094715
1403760,3778.154025893887,9999.387096774102,0.0,0.8749265831982604,1.1347562046420359
1403820,3778.0385643545874,9999.387096774102,0.0,0.8755063623244255,1.134756108606073
1403880,3777.7778846595784,9999.387096774102,0.0,0.8767864986756881,1.1347561475146675
1403940,3778.040541926915,9999.387096774102,0.0,0.8751909243641481,1.1347563882467357
1404000,3778.060056502489,9999.387096774102,0.0,0.8746907172114358,1.134756620408053
1404060,3778.0767000278934,9999.387096774102,0.0,0.8747258313656481,1.1347568975534745
1404120,3777.9057872329577,9999.387096774102,0.0,0.875486726365391,1.134757033357779
1404180,3777.7828404073357,9999.387096774102,0.0,0.8758791580206782,1.1347573115227636
1404240,3777.8145087206644,9999.387096774102,0.0,0.8758345474561685,1.1347575192991908
1404300,3778.14694530829,9999.387096774102,0.0,0.873616501008286,1.1347580013561656
1404360,3777.9975712632313,9999.387096774102,0.0,0.87465837425978,1.1347581506383921
1404420,3777.7617039070474,9999.387096774102,0.0,0.8758885459093864,1.1347583683354823
1404480,3777.7660282826187,9999.387096774102,0.0,0.8758045235818946,1.1347585646311227
1404540,3777.6501129482313,9999.387096774102,0.0,0.8762673258808868,1.134758785924522
1404600,3777.9536899739883,9999.387096774102,0.0,0.8746148719723941,1.134759125527769
1404660,3777.9390264482518,9999.387096774102,0.0,0.8744381786254525,1.1347593367257272
1404720,3777.7135514295455,9999.387096774102,0.0,0.8761602174813309,1.1347594742904887
1404780,3777.9153802253923,9999.387096774102,0.0,0.8757591184468235,1.134759103012069
1404840,3777.7989688795706,9999.387096774102,0.0,0.8762946043946875,1.1347586880974416
1404900,3778.3175587795463,9999.387096774102,0.0,0.8733246452164118,1.1347586846841449
1404960,3778.3726125324674,9999.387096774102,0.0,0.874314175188644,1.134757953025992
1405020,3778.1926256196066,9999.387096774102,0.0,0.8749454113019611,1.1347572356404076
1405080,3777.9864013122087,9999.387096774102,0.0,0.8759074510873985,1.134756796518138
1405140,3777.9740153756316,9999.387096774102,0.0,0.876029133861801,1.1347564545128697
1405200,3778.2133841476493,9999.387096774102,0.0,0.8741829271709339,1.134756531940413
1405260,3778.129621486164,9999.387096774102,0.0,0.8748194934819022,1.1347564620757273
1405320,3778.0648733587614,9999.387096774102,0.0,0.8749968825221626,1.1347566113601466
1405380,3777.9608339179704,9999.387096774102,0.0,0.8755430433891797,1.1347566662125674
1405440,3777.717321479726,9999.387096774102,0.0,0.876742181602889,1.1347568080336317
1405500,3777.980920893324,9999.387096774102,0.0,0.8751687860561883,1.1347571155701592
1405560,3778.0116416207156,9999.387096774102,0.0,0.8746373879635967,1.134757388863738
1405620,3778.016908230208,9999.387096774102,0.0,0.8747539307591692,1.1347576764789846
1405680,3777.849569332128,9999.387096774102,0.0,0.8755242434734727,1.1347578133065097
1405740,3777.7359476444494,9999.387096774102,0.0,0.8758883104007056,1.1347580806640076
1405800,3777.7746128367053,9999.387096774102,0.0,0.8758121344402732,1.134758272267604
1405860,3778.1044445451603,9999.387096774102,0.0,0.8736405005308652,1.1347587230778025
1405920,3777.961343471029,9999.387096774102,0.0,0.8746536334916509,1.1347588442020642
1405980,3777.724696184262,9999.387096774102,0.0,0.8759038501629569,1.1347590238609246
1406040,3777.7780652229585,9999.387096774102,0.0,0.87604769278394,1.1347590333802087
1406100,3777.9428879486068,9999.387096774102,0.0,0.8757397270402857,1.1347585722017004
1406160,3778.08964137743,9999.387096774102,0.0,0.874450574420158,1.134758425962243
1406220,3778.319106171264,9999.387096774102,0.0,0.8742983284015126,1.134758145840914
1406280,3778.230081551834,9999.387096774102,0.0,0.875126225080855,1.1347572257457237
1406340,3777.9008732042184,9999.387096774102,0.0,0.8768302776329985,1.13475662903905
1406400,3778.1021652970694,9999.387096774102,0.0,0.8755565704339886,1.1347563182779778
1406460,3778.0559508343986,9999.387096774102,0.0,0.8754185381813859,1.1347561518811118
1406520,3778.2725587187115,9999.387096774102,0.0,0.8742801719653286,1.1347562304628676
1406580,3778.086765825809,9999.387096774102,0.0,0.8749837929648643,1.1347561980892173
1406640,3777.8768239289348,9999.387096774102,0.0,0.8759388515466645,1.1347563125642164
1406700,3777.8675793237335,9999.387096774102,0.0,0.8760446633554874,1.1347564188939556
1406760,3778.1242690275367,9999.387096774102,0.0,0.8741638684059996,1.1347568237496153
1406820,3778.052042534119,9999.387096774102,0.0,0.8747595016721703,1.134756989108999
1406880,3777.971387583186,9999.387096774102,0.0,0.8750587953673454,1.1347572899209355
1406940,3777.8742667184283,9999.387096774102,0.0,0.8755856429643716,1.134757460977431
1407000,3777.650124664536,9999.387096774102,0.0,0.8766943980153212,1.134757679709168
1407060,3777.916698602134,9999.387096774102,0.0,0.8751391139330295,1.1347580296025563
1407120,3777.9580468090926,9999.387096774102,0.0,0.8745830944103716,1.134758322263798
1407180,3777.9502493857526,9999.387096774102,0.0,0.8747890347223973,1.1347586023649392
1407240,3777.787072373019,9999.387096774102,0.0,0.8755677300136094,1.134758726253454
1407300,3777.6845450461,9999.387096774102,0.0,0.8758945357709076,1.134758971148255
1407360,3777.731100380576,9999.387096774102,0.0,0.875783231113618,1.13475913661297
1407420,3778.0578475171556,9999.387096774102,0.0,0.873663359881584,1.134759546692308
1407480,3778.102492976581,9999.387096774102,0.0,0.874612206878468,1.134759405402884
1407540,3777.98701274251,9999.387096774102,0.0,0.8753075847478965,1.1347588640432227
1407600,3777.6689147102475,9999.387096774102,0.0,0.8770657110918565,1.1347585686695065
1407660,3778.2247848210673,9999.387096774102,0.0,0.8747559513664218,1.1347582081179817
1407720,3778.1642600020714,9999.387096774102,0.0,0.875262236053955,1.134757393570181
1407780,3778.328162513279,9999.387096774102,0.0,0.8740940373190632,1.1347570685318626
1407840,3778.1499146190413,9999.387096774102,0.0,0.8751558782871871,1.1347566156956146
1407900,3777.836733226685,9999.387096774102,0.0,0.8767480454535393,1.134756388656842
1407960,3778.012122582322,9999.387096774102,0.0,0.8755670488141365,1.134756404043856
1408020,3777.9933349316793,9999.387096774102,0.0,0.8753012249255557,1.1347564987090883
1408080,3778.1975012756297,9999.387096774102,0.0,0.8742885242526603,1.134756742040751
1408140,3778.013863811886,9999.387096774102,0.0,0.8750196296952584,1.1347568228484273
1408200,3777.8103093485015,9999.387096774102,0.0,0.8759600640569487,1.1347570144364734
1408260,3777.8071225758495,9999.387096774102,0.0,0.8760461786664654,1.1347571726516172
1408320,3778.06943122546,9999.387096774102,0.0,0.8741699107718633,1.1347576005833881
1408380,3778.0082051052705,9999.387096774102,0.0,0.8747143960591931,1.134757777344477
1408440,3777.917045726678,9999.387096774102,0.0,0.8750962879981568,1.13475806252069
1408500,3777.823790189282,9999.387096774102,0.0,0.8756160501913616,1.1347582181600284
1408560,3777.6139004808965,9999.387096774102,0.0,0.8766571438652816,1.1347584151166343
1408620,3777.881124571551,9999.387096774102,0.0,0.8751206488136098,1.1347587352433541
1408680,3777.9304076086487,9999.387096774102,0.0,0.8745460051030833,1.1347589958371542
1408740,3777.917418079244,9999.387096774102,0.0,0.8751883227656635,1.134759209049357
1408800,3777.9810012835997,9999.387096774102,0.0,0.8755452282466872,1.1347587705013895
1408860,3777.8030487053666,9999.387096774102,0.0,0.8763983181564162,1.13475834916451
1408920,3778.171440052801,9999.387096774102,0.0,0.8742444937409757,1.1347582778955951
1408980,3778.3582500623297,9999.387096774102,0.0,0.874506136728917,1.134757559232899
1409040,3778.272613029887,9999.387096774102,0.0,0.8745538758690764,1.1347569141276728
1409100,3778.069017572853,9999.387096774102,0.0,0.8756374150500421,1.1347564785133057
1409160,3778.001565036605,9999.387096774102,0.0,0.8759615321506032,1.1347561340098442
1409220,3778.097769261901,9999.387096774102,0.0,0.8749183482559713,1.1347561669747257
1409280,3778.073822476711,9999.387096774102,0.0,0.8752074564181237,1.1347561306333733
1409340,3778.210598127854,9999.387096774102,0.0,0.8741672147250122,1.1347563878572398
1409400,3778.034954572513,9999.387096774102,0.0,0.875202678411702,1.1347564287264849
1409460,3777.7364344528423,9999.387096774102,0.0,0.8767437801364937,1.1347565712186922
1409520,3777.9230735538654,9999.387096774102,0.0,0.8755543179222289,1.134756850715786
1409580,3777.9229682963605,9999.387096774102,0.0,0.8752146319454852,1.1347571346049359
1409640,3778.1132282494714,9999.387096774102,0.0,0.8743048241225033,1.134757501465774
1409700,3777.9321649089334,9999.387096774102,0.0,0.8750641423809262,1.1347576673733968
1409760,3777.7372919999166,9999.387096774102,0.0,0.8759818066231735,1.1347579110822237
1409820,3777.7416950535617,9999.387096774102,0.0,0.8760430843734986,1.1347580988706893
1409880,3778.0101058918112,9999.387096774102,0.0,0.8741700345221608,1.1347585312054
1409940,3777.959673601739,9999.387096774102,0.0,0.8746660104845246,1.1347587043409728
1410000,3777.8562364469535,9999.387096774102,0.0,0.8751422107856471,1.1347589599827197
1410060,3777.767733624259,9999.387096774102,0.0,0.8756506829305903,1.1347590895764443
1410120,3777.5738418938427,9999.387096774102,0.0,0.8766156078354779,1.1347592556330903
1410180,3778.1323076776557,9999.387096774102,0.0,0.8738374916434921,1.1347595343627865
1410240,3778.121393800547,9999.387096774102,0.0,0.8746615608626374,1.1347590566152668
1410300,3778.0568707114658,9999.387096774102,0.0,0.8746947092958437,1.1347587672990929
1410360,3777.8134375426066,9999.387096774102,0.0,0.8765644945864205,1.134758403002516
1410420,3778.0991794577626,9999.387096774102,0.0,0.8757605207450389,1.1347576091007872
1410480,3777.992122081819,9999.387096774102,0.0,0.876020562844668,1.1347570500117965
1410540,3778.305397079919,9999.387096774102,0.0,0.8743660820853397,1.1347568030800166
1410600,3778.1895825022643,9999.387096774102,0.0,0.874611011339731,1.1347565423445738
1410660,3777.9795190002897,9999.387096774102,0.0,0.8756680819983971,1.134756446805542
1410720,3777.9098183304386,9999.387096774102,0.0,0.8760090008241971,1.1347563876352165
1410780,3778.027266650214,9999.387096774102,0.0,0.8749018425055453,1.1347566245234009
1410840,3778.0137338437603,9999.387096774102,0.0,0.8751521600213936,1.134756725823525
1410900,3778.1367470054224,9999.387096774102,0.0,0.874222424475928,1.1347570629986132
1410960,3777.9672100722973,9999.387096774102,0.0,0.8752353451251194,1.1347571653976236
1411020,3777.680397909989,9999.387096774102,0.0,0.8767269922475424,1.1347573418591037
1411080,3777.870093999977,9999.387096774102,0.0,0.875548568106158,1.134757634546128
1411140,3777.884325679263,9999.387096774102,0.0,0.8751513620533133,1.1347579187102217
1411200,3778.064721802704,9999.387096774102,0.0,0.8743149989970295,1.1347582665427132
1411260,3777.885374759577,9999.387096774102,0.0,0.8750944155091509,1.134758409508376
1411320,3777.696409878748,9999.387096774102,0.0,0.8759975951978509,1.1347586246588737
1411380,3777.7058384579072,9999.387096774102,0.0,0.8760401014693479,1.134758783204956
1411440,3777.969871705765,9999.387096774102,0.0,0.8742320420246361,1.1347591765730225
1411500,3778.25304560128,9999.387096774102,0.0,0.8739823400477191,1.1347590905298326
1411560,3778.070995338701,9999.387096774102,0.0,0.8749148595518498,1.1347585530299837
1411620,3777.717744893521,9999.387096774102,0.0,0.8769876085721909,1.1347582546889026
1411680,3778.1368881123676,9999.387096774102,0.0,0.8753870949667407,1.1347578005360666
1411740,3778.1118516502934,9999.387096774102,0.0,0.8756827888577015,1.1347570010729797
1411800,3778.4394011403238,9999.387096774102,0.0,0.8734827206199165,1.1347567553522366
1411860,3778.2241775852917,9999.387096774102,0.0,0.8748350165114647,1.1347563031995387
1411920,3777.9238411868255,9999.387096774102,0.0,0.8763501712347587,1.1347561055411974
1411980,3777.9980966804465,9999.387096774102,0.0,0.8757381734878107,1.1347560864362727
1412040,3777.8978761037056,9999.387096774102,0.0,0.8759909071886429,1.1347561719470032
1412100,3778.201183251797,9999.387096774102,0.0,0.8743382443855816,1.134756455089502
1412160,3778.087234408269,9999.387096774102,0.0,0.8746246526893936,1.1347566033840408
1412220,3777.878893051957,9999.387096774102,0.0,0.8757124046419895,1.134756802049316
1412280,3777.818689795864,9999.387096774102,0.0,0.8760346235361869,1.134756956263473
1412340,3777.948720594206,9999.387096774102,0.0,0.8748951004671142,1.1347573427992483
1412400,3777.9474801148585,9999.387096774102,0.0,0.8750877935558984,1.134757551951315
1412460,3778.0550242851364,9999.387096774102,0.0,0.8742861223201617,1.1347579418020852
1412520,3777.8925347172576,9999.387096774102,0.0,0.8752742476142529,1.1347580816781189
1412580,3777.618952327545,9999.387096774102,0.0,0.8767090689586381,1.1347582721432732
1412640,3777.8123669523616,9999.387096774102,0.0,0.875538289077284,1.1347585622757566
1412700,3777.84193230613,9999.387096774102,0.0,0.8750803975324578,1.134758833400656
1412760,3778.010401605971,9999.387096774102,0.0,0.8743300763629821,1.1347591496786482
1412820,3777.8328212614906,9999.387096774102,0.0,0.8751317548005232,1.1347592594713087
1412880,3777.535766996284,9999.387096774102,0.0,0.8769619552115504,1.134759401269281
1412940,3777.964669460907,9999.387096774102,0.0,0.8754466728929496,1.1347591703191637
1413000,3777.9276825771517,9999.387096774102,0.0,0.8755192106463431,1.13475876531735
1413060,3778.281483414262,9999.387096774102,0.0,0.8736497473946908,1.1347587302882984
1413120,3778.215427651074,9999.387096774102,0.0,0.8750872678709241,1.1347579898237754
1413180,3778.063895950463,9999.387096774102,0.0,0.8757682018272149,1.1347572168665192
1413240,3778.0414700306305,9999.387096774102,0.0,0.8754969962970773,1.1347568454693027
1413300,3778.047708844765,9999.387096774102,0.0,0.8756281913102735,1.1347565021485997
1413360,3778.3389275305694,9999.387096774102,0.0,0.8735827770013503,1.1347565970780742
1413420,3778.1351421189815,9999.387096774102,0.0,0.8748479872604689,1.134756464900148
1413480,3777.837637739499,9999.387096774102,0.0,0.8763841622057524,1.134756495301402
1413540,3777.9239721190834,9999.387096774102,0.0,0.8757502972508648,1.1347566330813526
1413600,3777.8425199139256,9999.387096774102,0.0,0.8759181805876596,1.1347568265101233
1413660,3778.1425404856373,9999.387096774102,0.0,0.8743093140243541,1.1347571774591896
1413720,3778.0270760382928,9999.387096774102,0.0,0.874639497999999,1.1347573642058906
1413780,3777.8198741096835,9999.387096774102,0.0,0.8757403799535047,1.1347575796813152
1413840,3777.7646535350514,9999.387096774102,0.0,0.8760536215647875,1.1347577383367256
1413900,3777.902881355256,9999.387096774102,0.0,0.8748977476888259,1.1347581144202838
1413960,3777.911724026391,9999.387096774102,0.0,0.8750403476421736,1.1347583093620295
1414020,3778.0087323457524,9999.387096774102,0.0,0.8743255498479264,1.1347586650607016
1414080,3777.8501646413406,9999.387096774102,0.0,0.8753012610543761,1.1347587760187954
1414140,3777.5866296673553,9999.387096774102,0.0,0.8766911598995681,1.1347589334286856
1414200,3777.987713525879,9999.387096774102,0.0,0.8747594484508524,1.1347591303157933
1414260,3778.0666871881162,9999.387096774102,0.0,0.875063761512049,1.1347586697065353
1414320,3778.151898753165,9999.387096774102,0.0,0.8741907384816172,1.1347584710949525
1414380,3777.9536932329106,9999.387096774102,0.0,0.8760627355963623,1.1347580993337545
1414440,3778.1362196688756,9999.387096774102,0.0,0.8756764950894251,1.1347572524115725
1414500,3777.9237507136363,9999.387096774102,0.0,0.8766090050984224,1.1347566687497064
1414560,3778.2393048327353,9999.387096774102,0.0,0.8748192432060479,1.1347564155580139
1414620,3778.2138113029964,9999.387096774102,0.0,0.8745244340031683,1.13475622489039
1414680,3778.0990682840356,9999.387096774102,0.0,0.8751671938407807,1.1347561766956613
1414740,3777.964576676687,9999.387096774102,0.0,0.8757619970413097,1.1347561193141271
1414800,3777.9334705600218,9999.387096774102,0.0,0.8755261353789475,1.134756310387494
1414860,3777.951809305846,9999.387096774102,0.0,0.8755753071443444,1.1347564319594907
1414920,3778.236292297441,9999.387096774102,0.0,0.8736380696396154,1.1347568556032197
1414980,3778.0420363273893,9999.387096774102,0.0,0.8748708709264998,1.1347569650891958
1415040,3777.7501363277083,9999.387096774102,0.0,0.8763986514512244,1.1347571622594887
1415100,3777.841828887913,9999.387096774102,0.0,0.8757637167004834,1.134757420185652
1415160,3777.7821614271384,9999.387096774102,0.0,0.8758319674313724,1.1347576954994356
1415220,3778.0784294623854,9999.387096774102,0.0,0.8742778389410594,1.134758088677947
1415280,3777.960174174093,9999.387096774102,0.0,0.8746614211469284,1.134758291270398
1415340,3777.754499329016,9999.387096774102,0.0,0.8757724177961886,1.1347585059838536
1415400,3777.705249688087,9999.387096774102,0.0,0.8760727068387892,1.1347586551861686
1415460,3777.8533983375182,9999.387096774102,0.0,0.8748928518956712,1.134759008938711
1415520,3777.8725113715695,9999.387096774102,0.0,0.8749858494493014,1.1347591792670373
1415580,3777.956679698305,9999.387096774102,0.0,0.8743731223586582,1.1347594903376796
1415640,3777.8289507134823,9999.387096774102,0.0,0.8758943531757456,1.1347593554074697
1415700,3777.8984802600266,9999.387096774102,0.0,0.8758500005549028,1.1347588524044678
1415760,3777.802488266243,9999.387096774102,0.0,0.8761050980536987,1.1347586284203997
1415820,3778.476612399443,9999.387096774102,0.0,0.873395848462047,1.1347584076595676
1415880,3778.275831654563,9999.387096774102,0.0,0.8746855595409123,1.134757510535482
1415940,3778.0668631718772,9999.387096774102,0.0,0.8757275157287904,1.1347569991349304
1416000,3778.0592705174813,9999.387096774102,0.0,0.8756744208359604,1.1347566015672574
1416060,3777.8556101914655,9999.387096774102,0.0,0.8765699551782385,1.1347563924847304
1416120,3778.1534793231517,9999.387096774102,0.0,0.8748015674867848,1.134756472306992
1416180,3778.1417101396733,9999.387096774102,0.0,0.8744740557382684,1.1347565463051683
1416240,3778.0178337758534,9999.387096774102,0.0,0.8752089537408888,1.1347566705895364
1416300,3777.8904778148385,9999.387096774102,0.0,0.875798493514319,1.134756734435561
1416360,3777.8702231402267,9999.387096774102,0.0,0.8755306937013128,1.1347570072468318
1416420,3777.8980720866725,9999.387096774102,0.0,0.8755340024668481,1.1347571852530043
1416480,3778.17436218077,9999.387096774102,0.0,0.873681705290236,1.1347576282276761
1416540,3777.986721893592,9999.387096774102,0.0,0.874887051258561,1.1347577484293112
1416600,3777.6998287730607,9999.387096774102,0.0,0.8764031776784935,1.1347579379897956
1416660,3777.794271574516,9999.387096774102,0.0,0.8757745082998388,1.1347581807223754
1416720,3777.7501577280477,9999.387096774102,0.0,0.8757720924723152,1.1347584357311564
1416780,3778.0426907070214,9999.387096774102,0.0,0.8742592544023755,1.1347587975020392
1416840,3777.923463638913,9999.387096774102,0.0,0.8746756697243074,1.1347589648033882
1416900,3777.6128242280165,9999.387096774102,0.0,0.8767522804224065,1.134759102204592
1416960,3777.9396961858324,9999.387096774102,0.0,0.8757228127071846,1.1347587994313961
1417020,3777.864581721546,9999.387096774102,0.0,0.8760184255323109,1.1347583928231573
1417080,3778.3904259342994,9999.387096774102,0.0,0.8730743217457101,1.1347584169726423
1417140,3778.344179505705,9999.387096774102,0.0,0.8745743625042322,1.1347576575519327
1417200,3778.152899097122,9999.387096774102,0.0,0.8753424818806527,1.1347568986950134
1417260,3778.00459899689,9999.387096774102,0.0,0.8758596522148497,1.1347564834123094
1417320,3778.014537891684,9999.387096774102,0.0,0.8759194485493594,1.1347561489430606
1417380,3778.338851480382,9999.387096774102,0.0,0.8736056025477298,1.1347562707468424
1417440,3778.17681934193,9999.387096774102,0.0,0.8746816187992705,1.134756175258132
1417500,3777.963647307969,9999.387096774102,0.0,0.8757197722207373,1.1347562657917478
1417560,3777.9438230248497,9999.387096774102,0.0,0.8757202313721265,1.1347563699425305
1417620,3777.76787451935,9999.387096774102,0.0,0.8764838917360922,1.134756548024822
1417680,3778.070164569009,9999.387096774102,0.0,0.8747536496889664,1.1347568987597803
1417740,3778.0610236940793,9999.387096774102,0.0,0.874455888164355,1.1347571624145534
1417800,3777.9287348533426,9999.387096774102,0.0,0.8752546584380315,1.1347574158232816
1417860,3777.8075774088693,9999.387096774102,0.0,0.8758427674583138,1.1347575721109866
1417920,3777.8019602331374,9999.387096774102,0.0,0.8755271806553334,1.1347579020018363
1417980,3777.8399762241415,9999.387096774102,0.0,0.8754847196888087,1.1347581134508673
1418040,3778.106072876383,9999.387096774102,0.0,0.8737303004686953,1.134758555578229
1418100,3777.9248213374026,9999.387096774102,0.0,0.8749097461132794,1.1347586710949265
1418160,3777.643758463284,9999.387096774102,0.0,0.8764113685986572,1.1347588400884228
1418220,3777.742150737794,9999.387096774102,0.0,0.8757835325330875,1.1347590569815211
1418280,3777.7150819516232,9999.387096774102,0.0,0.8757038066065507,1.1347592823669885
1418340,3778.2346847509093,9999.387096774102,0.0,0.8733211069331903,1.1347596240813602
1418400,3778.106611933061,9999.387096774102,0.0,0.8747716538865766,1.1347591059096658
1418460,3777.8774670825997,9999.387096774102,0.0,0.8758232601602728,1.1347587006416102
1418520,3777.8364562865177,9999.387096774102,0.0,0.8761619712106146,1.134758448089227
1418580,3778.174397327282,9999.387096774102,0.0,0.8753557584451626,1.1347577187067865
1418640,3778.2010897158802,9999.387096774102,0.0,0.8747470495486881,1.1347571749854837
1418700,3778.2609270774383,9999.387096774102,0.0,0.8745981509867379,1.1347568414020224
1418760,3778.0791625206025,9999.387096774102,0.0,0.8753392759924536,1.1347564940502608
1418820,3777.9175252921714,9999.387096774102,0.0,0.8758918267908182,1.1347564191079798
1418880,3777.9311725831194,9999.387096774102,0.0,0.875909788613899,1.1347563817644353
1418940,3778.2646254362858,9999.387096774102,0.0,0.8736092675820648,1.1347567108674925
1419000,3778.1101551004163,9999.387096774102,0.0,0.8746636194264791,1.1347567564996812
1419060,3777.892080486769,9999.387096774102,0.0,0.8757504049701802,1.1347569342923858
1419120,3777.8761246123404,9999.387096774102,0.0,0.8757490429374988,1.1347571019552136
1419180,3777.718767969172,9999.387096774102,0.0,0.87642421059392,1.1347573194380822
1419240,3778.021084926562,9999.387096774102,0.0,0.8747236161995491,1.1347576837398692
1419300,3778.014905025292,9999.387096774102,0.0,0.8744417709739258,1.1347579447852592
1419360,3777.877429585687,9999.387096774102,0.0,0.8752833084130885,1.1347581808675042
1419420,3777.7599120062914,9999.387096774102,0.0,0.8758727189906843,1.1347583170789832
1419480,3777.7632544843905,9999.387096774102,0.0,0.8755316819886021,1.1347586197232236
1419540,3777.8094381285764,9999.387096774102,0.0,0.8754483657875407,1.1347588037781464
1419600,3778.068221724471,9999.387096774102,0.0,0.8737635669013144,1.1347592046324473
1419660,3777.986913209239,9999.387096774102,0.0,0.8752667205416297,1.134759056861196
1419720,3777.9588595598298,9999.387096774102,0.0,0.8756072878866269,1.1347585292045193
1419780,3777.719408525894,9999.387096774102,0.0,0.876801970620063,1.1347582656712685
1419840,3778.3742579937407,9999.387096774102,0.0,0.874064564451892,1.134757981736559
1419900,3778.2488767143327,9999.387096774102,0.0,0.8749280646929032,1.1347571252354927
1419960,3778.232313200082,9999.387096774102,0.0,0.8748383357495414,1.1347567127204228
1420020,3778.1209230556947,9999.387096774102,0.0,0.8754373469995704,1.134756282955586
1420080,3777.8384285933816,9999.387096774102,0.0,0.8768261504416098,1.1347560644189598
1420140,3778.085707176372,9999.387096774102,0.0,0.8752606232778781,1.1347561253586687
1420200,3778.097164742848,9999.387096774102,0.0,0.8747821496214082,1.1347562351462648
1420260,3778.1441830026515,9999.387096774102,0.0,0.8746427118974465,1.1347564375812442
1420320,3777.966305457826,9999.387096774102,0.0,0.8754069929961632,1.134756514713351
1420380,3777.823862012089,9999.387096774102,0.0,0.8758993524552647,1.1347567509547474
1420440,3777.848085405351,9999.387096774102,0.0,0.8758826085163512,1.1347569361720709
1420500,3778.180406664729,9999.387096774102,0.0,0.8736331539493462,1.1347574148156017
1420560,3778.0350377208074,9999.387096774102,0.0,0.8746491586798999,1.13475757051953
1420620,3777.811906921076,9999.387096774102,0.0,0.8757918894976635,1.1347578089042734
1420680,3777.8023439900235,9999.387096774102,0.0,0.8757788754357939,1.1347580162536692
1420740,3777.6651676570577,9999.387096774102,0.0,0.8763583553827246,1.1347582528011382
1420800,3777.967543642193,9999.387096774102,0.0,0.8746875145043587,1.1347586142948902
1420860,3777.963219979358,9999.387096774102,0.0,0.8744305890607201,1.1347588583009056
1420920,3777.8199371751766,9999.387096774102,0.0,0.8753185793891938,1.1347590648446482
1420980,3777.707011995804,9999.387096774102,0.0,0.8759060138399507,1.1347591711120024
1421040,3777.648174823615,9999.387096774102,0.0,0.8760933975516233,1.1347594185531047
1421100,3778.1507579330023,9999.387096774102,0.0,0.8744215929377407,1.134759303168812
1421160,3778.078908422845,9999.387096774102,0.0,0.8746714433558112,1.1347588603811538
1421220,3777.9592340360546,9999.387096774102,0.0,0.8755560665208392,1.1347586483139152
1421280,3778.0610171847284,9999.387096774102,0.0,0.8757889110259611,1.134758015991667
1421340,3778.014039054544,9999.387096774102,0.0,0.8760979218461045,1.1347572385078353
1421400,3778.275496924557,9999.387096774102,0.0,0.874177767665975,1.1347569707562744
1421460,3778.1799668622134,9999.387096774102,0.0,0.8749076926799797,1.1347565848560615
1421520,3778.148503414481,9999.387096774102,0.0,0.8748459032444454,1.1347565230263095
1421580,3778.025419038505,9999.387096774102,0.0,0.8754842044235819,1.1347564133962331
1421640,3777.762094137065,9999.387096774102,0.0,0.876788688465555,1.1347564387407298
1421700,3778.0178518483585,9999.387096774102,0.0,0.8752339917163703,1.1347566616220943
1421760,3778.040072360156,9999.387096774102,0.0,0.8747278881230973,1.1347568808691755
1421820,3778.0747673857027,9999.387096774102,0.0,0.8746721512120688,1.1347571491161141
1421880,3777.9006383297055,9999.387096774102,0.0,0.8754485330897117,1.134757270652506
1421940,3777.7685245446664,9999.387096774102,0.0,0.8759096571489147,1.1347575288199867
1422000,3777.800036218584,9999.387096774102,0.0,0.8758622209820004,1.13475772169211
1422060,3778.1308283816115,9999.387096774102,0.0,0.8736555978820008,1.1347581869599308
1422120,3777.992595881157,9999.387096774102,0.0,0.8746393199649735,1.1347583275428463
1422180,3777.7672334465,9999.387096774102,0.0,0.875812472957962,1.134758535968205
1422240,3777.760317437483,9999.387096774102,0.0,0.8758011039820721,1.1347587140867526
1422300,3777.6377820980993,9999.387096774102,0.0,0.8763108715136585,1.1347589199528412
1422360,3778.277113513002,9999.387096774102,0.0,0.8731643790138411,1.1347592779385896
1422420,3778.1704622638763,9999.387096774102,0.0,0.8745346511906131,1.1347587683562361
1422480,3777.992633556206,9999.387096774102,0.0,0.8752283937379813,1.1347584139208955
1422540,3777.8004964855345,9999.387096774102,0.0,0.8766097677256666,1.1347580946485376
1422600,3778.1429746854424,9999.387096774102,0.0,0.875653119554695,1.134757328156696
1422660,3778.1096005185555,9999.387096774102,0.0,0.8754214354502206,1.1347567794547397
1422720,3778.351012348247,9999.387096774102,0.0,0.8742433295734815,1.1347565154371253
1422780,3778.1650948648407,9999.387096774102,0.0,0.8749053166734553,1.1347562051728877
1422840,3777.942754041891,9999.387096774102,0.0,0.8759072970557867,1.1347561163387971
1422900,3777.9212945002887,9999.387096774102,0.0,0.8760510945987801,1.1347560796187788
1422960,3778.160900012934,9999.387096774102,0.0,0.8742401940754722,1.1347563807346435
1423020,3778.088001057333,9999.387096774102,0.0,0.8748308929147832,1.1347564758000692
1423080,3778.0382397367166,9999.387096774102,0.0,0.8749290741153819,1.1347567496310746
1423140,3777.9274457869637,9999.387096774102,0.0,0.875529144306587,1.134756890749694
1423200,3777.6839607570296,9999.387096774102,0.0,0.8767415050247622,1.1347570950740158
1423260,3777.942479668749,9999.387096774102,0.0,0.8752055330282107,1.1347574416006645
1423320,3777.9778407362987,9999.387096774102,0.0,0.8746620691825949,1.1347577436662672
1423380,3777.9979700559925,9999.387096774102,0.0,0.8747087341841454,1.1347580511349071
1423440,3777.828406786257,9999.387096774102,0.0,0.8754953756727049,1.1347581949928223
1423500,3777.7079808834305,9999.387096774102,0.0,0.8759176404072605,1.1347584574140825
1423560,3777.7476673480373,9999.387096774102,0.0,0.8758356019924602,1.1347586438341315
1423620,3778.0767953220134,9999.387096774102,0.0,0.8736755705519332,1.1347590829574588
1423680,3777.9447022604713,9999.387096774102,0.0,0.8746335554612389,1.1347591972245272
1423740,3777.7169300833193,9999.387096774102,0.0,0.8758397954565655,1.1347593659569744
1423800,3777.7535558811946,9999.387096774102,0.0,0.8760851855060404,1.1347593560277078
1423860,3777.9175597999274,9999.387096774102,0.0,0.8757617765645767,1.1347588942688027
1423920,3778.0599051634454,9999.387096774102,0.0,0.8745116345810001,1.134758741483899
1423980,3778.314702913941,9999.387096774102,0.0,0.8742084755541984,1.1347584635444448
1424040,3778.2118777761298,9999.387096774102,0.0,0.875097165395989,1.1347575499191893
1424100,3777.884983973947,9999.387096774102,0.0,0.8767966597387983,1.1347569563413595
1424160,3778.0767286452306,9999.387096774102,0.0,0.8755842790074531,1.134756638097955
1424220,3778.028909870106,9999.387096774102,0.0,0.8754695241689106,1.134756464777874
1424280,3778.258582248427,9999.387096774102,0.0,0.8742606647719718,1.1347565373369222
1424340,3778.0768597460806,9999.387096774102,0.0,0.874944840464703,1.1347564970052706
1424400,3777.8648479711346,9999.387096774102,0.0,0.8759323020230653,1.1347565959169261
1424460,3777.852026096995,9999.387096774102,0.0,0.8760534428039792,1.1347566872576904
1424520,3778.0966150737445,9999.387096774102,0.0,0.8742488177230656,1.1347570710612216
1424580,3778.0360687356683,9999.387096774102,0.0,0.8747796058037782,1.1347572261916645
1424640,3777.974261371049,9999.387096774102,0.0,0.8749741646895023,1.1347575198568747
1424700,3777.8685450947173,9999.387096774102,0.0,0.8755621150333903,1.1347576725301602
1424760,3777.639950212977,9999.387096774102,0.0,0.8767043784427647,1.1347578747582932
1424820,3777.899623709561,9999.387096774102,0.0,0.8751869930536296,1.1347582061017218
1424880,3777.944334132105,9999.387096774102,0.0,0.8746180422061267,1.1347584866359697
1424940,3777.9549237978945,9999.387096774102,0.0,0.8747306802932064,1.1347587595989657
1425000,3777.7878737062065,9999.387096774102,0.0,0.8755272551504826,1.13475887098907
1425060,3777.568859733834,9999.387096774102,0.0,0.8767676922416262,1.134759067653618
1425120,3778.0633722670304,9999.387096774102,0.0,0.8750174397447081,1.134758900518665
1425180,3778.0235213832784,9999.387096774102,0.0,0.8750820026586019,1.1347584862973075
1425240,3778.1624986006686,9999.387096774102,0.0,0.8744874599988574,1.1347583809473958
1425300,3778.1515622482675,9999.387096774102,0.0,0.875498172018873,1.1347576762106477
1425360,3778.0498040410453,9999.387096774102,0.0,0.8760018779270795,1.134756893136565
1425420,3778.159054869103,9999.387096774102,0.0,0.8749343139832373,1.134756571391547
1425480,3778.1262599305387,9999.387096774102,0.0,0.8753026380382344,1.134756217040073
1425540,3778.2919871383874,9999.387096774102,0.0,0.8740355743797509,1.1347562611024162
1425600,3778.102844636775,9999.387096774102,0.0,0.875137404390555,1.1347561398239694
1425660,3777.7930085454445,9999.387096774102,0.0,0.8767325089452539,1.1347561696124593
1425720,3777.967656571529,9999.387096774102,0.0,0.8755895746937935,1.13475636343354
1425780,3777.9486457840517,9999.387096774102,0.0,0.8753438482779665,1.1347565901198506
1425840,3778.1643082438886,9999.387096774102,0.0,0.8742694606302428,1.13475693574958
1425900,3777.9845819009556,9999.387096774102,0.0,0.8749890326140454,1.1347570917189993
1425960,3777.780227561078,9999.387096774102,0.0,0.8759581583493887,1.1347573306154177
1426020,3777.775104185683,9999.387096774102,0.0,0.8760559593429152,1.134757520735865
1426080,3778.0280824413794,9999.387096774102,0.0,0.8742455188221468,1.1347579622437514
1426140,3777.979081079788,9999.387096774102,0.0,0.8747251084670239,1.1347581534463091
1426200,3777.9034408975026,9999.387096774102,0.0,0.8750266945117241,1.134758446290773
1426260,3777.803335310842,9999.387096774102,0.0,0.875599718045258,1.1347585951920787
1426320,3777.591404082047,9999.387096774102,0.0,0.8766634413522687,1.1347587825764665
1426380,3777.8530107424317,9999.387096774102,0.0,0.8751620744975915,1.1347590877624025
1426440,3777.9071413110246,9999.387096774102,0.0,0.8745701304341296,1.1347593368127826
1426500,3777.9177605066366,9999.387096774102,0.0,0.8750807916609612,1.1347595419166066
1426560,3777.963734708587,9999.387096774102,0.0,0.8755234590893738,1.1347590959597225
1426620,3777.7837592570118,9999.387096774102,0.0,0.8763929466988736,1.1347586721781562
1426680,3778.1298548233954,9999.387096774102,0.0,0.8743728153241126,1.1347585852135347
1426740,3778.3279103858067,9999.387096774102,0.0,0.8745389829852968,1.1347578742823738
1426800,3778.2546987786322,9999.387096774102,0.0,0.8745269920498128,1.1347572407637414
1426860,3778.056726187057,9999.387096774102,0.0,0.8756017161533503,1.134756804733803
1426920,3777.9837798720187,9999.387096774102,0.0,0.8759512623897012,1.1347564542699367
1426980,3778.066454012041,9999.387096774102,0.0,0.8749985140642964,1.1347564720966725
1427040,3778.051470539775,9999.387096774102,0.0,0.875238113695174,1.1347564279692324
1427100,3778.205556251424,9999.387096774102,0.0,0.8741005781970137,1.1347566791381998
1427160,3778.0262957888363,9999.387096774102,0.0,0.875170095059249,1.1347567050341358
1427220,3777.7280824813215,9999.387096774102,0.0,0.8767158612567968,1.1347568330310698
1427280,3777.904922260536,9999.387096774102,0.0,0.8755868025674952,1.1347570925335266
1427340,3777.9025529225855,9999.387096774102,0.0,0.8752713519889848,1.1347573606607462
1427400,3778.1081030688033,9999.387096774102,0.0,0.8742769084681957,1.1347577170336758
1427460,3777.930032720361,9999.387096774102,0.0,0.8750200950056805,1.134757871616253
1427520,3777.731505390839,9999.387096774102,0.0,0.875976399686142,1.1347580980148344
1427580,3777.7316729155355,9999.387096774102,0.0,0.8760562148789893,1.1347582705396178
1427640,3777.98849866445,9999.387096774102,0.0,0.8742535627630026,1.1347586831891443
1427700,3777.9493723746605,9999.387096774102,0.0,0.8746851427007192,1.1347588478291122
1427760,3777.864872269741,9999.387096774102,0.0,0.8750560614284265,1.1347590989022078
1427820,3777.779409081182,9999.387096774102,0.0,0.8761662775364901,1.134759020053801
1427880,3777.9138818168462,9999.387096774102,0.0,0.8758931601549752,1.1347585386857557
1427940,3777.938521081199,9999.387096774102,0.0,0.8753612076967885,1.134758358028164
1428000,3778.4886030783464,9999.387096774102,0.0,0.8734460597551383,1.1347581419224497
1428060,3778.285976944891,9999.387096774102,0.0,0.8747865959168887,1.1347572107578852
1428120,3777.983305908323,9999.387096774102,0.0,0.8763598611497525,1.1347566448191524
1428180,3778.0720806160566,9999.387096774102,0.0,0.8757183738570162,1.1347562875226422
1428240,3777.93996647108,9999.387096774102,0.0,0.8761431057723562,1.134756103127162
1428300,3778.2452326650314,9999.387096774102,0.0,0.8744123780757027,1.1347562058291931
1428360,3778.146919590191,9999.387096774102,0.0,0.8745809247936499,1.1347562387164332
1428420,3777.9436207781073,9999.387096774102,0.0,0.8756436487242149,1.1347563500443028
1428480,3777.872374398932,9999.387096774102,0.0,0.8760011923623761,1.1347564387817362
1428540,3777.977948300688,9999.387096774102,0.0,0.8749768425045714,1.1347567797085651
1428600,3777.9746429926863,9999.387096774102,0.0,0.8751723647231074,1.1347569665442752
1428660,3778.1121391444544,9999.387096774102,0.0,0.8741698302693767,1.1347573658098713
1428720,3777.940652986301,9999.387096774102,0.0,0.8752100302436361,1.1347575055941914
1428780,3777.655496306109,9999.387096774102,0.0,0.8767025876056695,1.13475770564159
1428840,3777.8371983733605,9999.387096774102,0.0,0.8755786642511254,1.1347580067508656
1428900,3777.8519704886157,9999.387096774102,0.0,0.8751933290345264,1.1347582951890551
1428960,3778.0454584902295,9999.387096774102,0.0,0.8742890846536435,1.1347586445948776
1429020,3777.869054172673,9999.387096774102,0.0,0.8750584247110201,1.1347587836372035
1429080,3777.6775331501267,9999.387096774102,0.0,0.8759958454584973,1.134758985795839
1429140,3777.6840759655365,9999.387096774102,0.0,0.87605320718323,1.1347591308830043
1429200,3777.936990005491,9999.387096774102,0.0,0.8743209724469283,1.1347595037108327
1429260,3778.2379092412134,9999.387096774102,0.0,0.873949617669897,1.134759414276387
1429320,3778.0551482088085,9999.387096774102,0.0,0.8748846656643414,1.1347588788489487
1429380,3777.7077237066683,9999.387096774102,0.0,0.8769346406508695,1.1347585758253496
1429440,3778.1032301167515,9999.387096774102,0.0,0.8754490847174431,1.134758111900398
1429500,3778.0842241905034,9999.387096774102,0.0,0.8757102475368762,1.13475732238853
1429560,3778.4204843263165,9999.387096774102,0.0,0.8734645533199731,1.1347570797986795
1429620,3778.2084432534916,9999.387096774102,0.0,0.8748099153132946,1.1347566260370052
1429680,3777.91515205339,9999.387096774102,0.0,0.8762899613608001,1.134756423941063
1429740,3777.9788126155427,9999.387096774102,0.0,0.875749554076674,1.1347563895909285
1429800,3777.8743386412048,9999.387096774102,0.0,0.8760396243694559,1.1347564611754384
1429860,3778.1793889621968,9999.387096774102,0.0,0.874373053383988,1.1347567295389545
1429920,3778.0783530182366,9999.387096774102,0.0,0.8745944872195144,1.134756870647615
1429980,3777.8747501550747,9999.387096774102,0.0,0.8756752170413017,1.1347570549030794
1430040,3777.808473876692,9999.387096774102,0.0,0.8760261112303952,1.1347571928149118
1430100,3777.924304453182,9999.387096774102,0.0,0.8749772355404993,1.1347575574375615
1430160,3777.931390547679,9999.387096774102,0.0,0.8751225963496999,1.1347577547163583
1430220,3778.0576375126598,9999.387096774102,0.0,0.8742142690619648,1.134758137438992
1430280,3777.8909275897545,9999.387096774102,0.0,0.8752379984965384,1.1347582617785938
1430340,3777.6158444687217,9999.387096774102,0.0,0.8766869721738368,1.1347584378510394
1430400,3777.799202673316,9999.387096774102,0.0,0.875575254035327,1.134758709507507
1430460,3777.826387222428,9999.387096774102,0.0,0.8751398526542646,1.1347589670771585
1430520,3778.13306169085,9999.387096774102,0.0,0.8740074478183127,1.1347592721824173
1430580,3778.0624236583844,9999.387096774102,0.0,0.8751231389705877,1.1347587760593527
1430640,3777.8377393622636,9999.387096774102,0.0,0.8761899185177002,1.1347583569423663
1430700,3777.972290308753,9999.387096774102,0.0,0.8754199431839279,1.1347581861582299
1430760,3778.265750207264,9999.387096774102,0.0,0.8749921815095179,1.1347574642220388
1430820,3778.2803078028774,9999.387096774102,0.0,0.8744470212787507,1.1347568935052283
1430880,3778.1850167179377,9999.387096774102,0.0,0.8750790299364903,1.1347565007560076
1430940,3778.0459484316775,9999.387096774102,0.0,0.8756732628286968,1.1347561519956721
1431000,3777.981594653034,9999.387096774102,0.0,0.8755903053108988,1.134756124495871
1431060,3777.9945525701437,9999.387096774102,0.0,0.875648061953377,1.1347560991698427
1431120,3778.2983779972133,9999.387096774102,0.0,0.8735653760267235,1.1347564313211762
1431180,3778.099432096265,9999.387096774102,0.0,0.8748256692356238,1.134756467201519
1431240,3777.808738047014,9999.387096774102,0.0,0.8763309022447704,1.1347566222415537
1431300,3777.8852218208563,9999.387096774102,0.0,0.8757649356365768,1.1347568473334557
1431360,3777.8033387724754,9999.387096774102,0.0,0.8759520733768827,1.1347571056225747
1431420,3778.1053872722728,9999.387096774102,0.0,0.87433542480513,1.1347574998187346
1431480,3778.0017899073414,9999.387096774102,0.0,0.8746125259521772,1.1347577210683133
1431540,3777.7986845461596,9999.387096774102,0.0,0.8757117007393328,1.134757952793171
1431600,3777.7389753311427,9999.387096774102,0.0,0.8760501900263264,1.1347581177803325
1431660,3777.8662464909225,9999.387096774102,0.0,0.8749710790732591,1.1347584879227997
1431720,3777.884079609667,9999.387096774102,0.0,0.8750653785097606,1.1347586810496895
1431780,3777.99684102049,9999.387096774102,0.0,0.8742665400461659,1.1347590333062894
1431840,3777.835289441287,9999.387096774102,0.0,0.8752722663324259,1.134759131445411
1431900,3777.5716375021275,9999.387096774102,0.0,0.876671358333378,1.1347592743233774
1431960,3777.949459253701,9999.387096774102,0.0,0.8748669166061512,1.1347594483376346
1432020,3778.0395556702297,9999.387096774102,0.0,0.8750937159735539,1.1347589906628184
1432080,3778.136554826949,9999.387096774102,0.0,0.8741621440973707,1.1347587935821957
1432140,3777.9505278217057,9999.387096774102,0.0,0.8759795935024189,1.1347584181406154
1432200,3778.114419177899,9999.387096774102,0.0,0.875667443575188,1.1347575744095268
1432260,3777.898299221765,9999.387096774102,0.0,0.8766341807964957,1.1347569922114062
1432320,3778.210695270616,9999.387096774102,0.0,0.8748618940995773,1.1347567338478692
1432380,3778.1934378235483,9999.387096774102,0.0,0.8745297391014738,1.1347565413149197
1432440,3778.092316426874,9999.387096774102,0.0,0.8751145248355136,1.1347564880549932
1432500,3777.9524529911528,9999.387096774102,0.0,0.8757360506000429,1.134756418696274
1432560,3777.909276325896,9999.387096774102,0.0,0.8755845925858639,1.1347565905720411
1432620,3777.9320537840545,9999.387096774102,0.0,0.8756072344398504,1.134756699561161
1432680,3778.2266326868366,9999.387096774102,0.0,0.8736137864409316,1.1347571116878643
1432740,3778.0355020154875,9999.387096774102,0.0,0.8748390503007533,1.1347572081347568
1432800,3777.7487251871735,9999.387096774102,0.0,0.8763418688462996,1.1347573923745407
1432860,3777.829161760947,9999.387096774102,0.0,0.8757784753665299,1.1347576300963524
1432920,3777.764239081911,9999.387096774102,0.0,0.8758877627604125,1.1347578886733376
1432980,3778.063535511606,9999.387096774102,0.0,0.8743102475410832,1.1347582667562282
1433040,3777.9585266509703,9999.387096774102,0.0,0.8746248733788725,1.1347584628571439
1433100,3777.756161564378,9999.387096774102,0.0,0.8757347179674398,1.1347586640230378
1433160,3777.7002397489273,9999.387096774102,0.0,0.8760664974001573,1.1347587985998893
1433220,3777.792659524404,9999.387096774102,0.0,0.8752905720444337,1.1347591224134896
1433280,3778.2645197456172,9999.387096774102,0.0,0.8739370414377736,1.1347590478793703
1433340,3778.1125440286983,9999.387096774102,0.0,0.8746347178305808,1.1347585555913975
1433400,3777.83734675159,9999.387096774102,0.0,0.8763586812176399,1.1347582891306418
1433460,3778.076800582953,9999.387096774102,0.0,0.8757697188168367,1.1347577300442697
1433520,3778.054944829702,9999.387096774102,0.0,0.8760014276021195,1.1347569431702087
1433580,3778.412290545143,9999.387096774102,0.0,0.8735529900943447,1.1347567141162465
1433640,3778.2400380194117,9999.387096774102,0.0,0.8747134699595999,1.1347562941784777
1433700,3778.0498820971807,9999.387096774102,0.0,0.875579414779685,1.1347561605019907
1433760,3778.0075949412135,9999.387096774102,0.0,0.8756825111999665,1.1347560929119571
1433820,3777.807785912912,9999.387096774102,0.0,0.8765748713865563,1.1347561490573188
1433880,3778.1072312322717,9999.387096774102,0.0,0.8748310574654574,1.1347564144677076
1433940,3778.103065840712,9999.387096774102,0.0,0.8744759342184539,1.134756628488966
1434000,3777.990055921612,9999.387096774102,0.0,0.8751664885092502,1.1347568579081075
1434060,3777.8585308212096,9999.387096774102,0.0,0.8757823687247748,1.1347569961378519
1434120,3777.8298558356814,9999.387096774102,0.0,0.8755833834309762,1.1347573153945987
1434180,3777.8631664642253,9999.387096774102,0.0,0.8755586283176662,1.1347575291295642
1434240,3778.148352726007,9999.387096774102,0.0,0.873663645064393,1.1347579946659432
1434300,3777.964594456306,9999.387096774102,0.0,0.8748592091589732,1.134758127316107
1434360,3777.682639598998,9999.387096774102,0.0,0.8763555674025522,1.1347583207946275
1434420,3777.7677889796682,9999.387096774102,0.0,0.8757907652106907,1.1347585556340403
1434480,3777.7214513272174,9999.387096774102,0.0,0.875814941697251,1.1347588015243522
1434540,3778.0174181467064,9999.387096774102,0.0,0.8742817781615049,1.134759151795358
1434600,3777.9097342462387,9999.387096774102,0.0,0.874643332759946,1.1347593119895414
1434660,3777.6072450640786,9999.387096774102,0.0,0.8766867603300063,1.134759434877389
1434720,3777.914526155785,9999.387096774102,0.0,0.8757438058471942,1.1347591215382895
1434780,3777.8395315014964,9999.387096774102,0.0,0.8760465001792692,1.1347587135809356
1434840,3778.3679377381204,9999.387096774102,0.0,0.8730844673211294,1.134758730440846
1434900,3778.3283529499668,9999.387096774102,0.0,0.8745350542926135,1.1347579775094905
1434960,3778.1365704813434,9999.387096774102,0.0,0.8753061296095995,1.1347572262471615
1435020,3777.981164462574,9999.387096774102,0.0,0.8758850803846211,1.1347568061117015
1435080,3777.99173731595,9999.387096774102,0.0,0.8759375437166673,1.1347564673860646
1435140,3778.3094099466703,9999.387096774102,0.0,0.8736690274554167,1.1347565764543783
1435200,3778.160580625158,9999.387096774102,0.0,0.8746752243105623,1.134756476419817
1435260,3777.960856969467,9999.387096774102,0.0,0.8756409141230238,1.1347565599351448
1435320,3777.9306673428314,9999.387096774102,0.0,0.8757128700265127,1.134756645781653
1435380,3777.7498916832365,9999.387096774102,0.0,0.8765149163724313,1.1347568073513656
1435440,3778.0489807954664,9999.387096774102,0.0,0.8748002882129332,1.134757140163683
1435500,3778.049734876165,9999.387096774102,0.0,0.8744529135439075,1.1347573938527196
1435560,3777.9298346631053,9999.387096774102,0.0,0.875198553055453,1.1347576359803313
1435620,3777.8025265690144,9999.387096774102,0.0,0.875816208745985,1.1347577766971504
1435680,3777.783825188908,9999.387096774102,0.0,0.8755877932708201,1.134758085688575
1435740,3777.8255217634414,9999.387096774102,0.0,0.8755222633642425,1.134758284173292
1435800,3778.1035414514317,9999.387096774102,0.0,0.8736991284057645,1.1347587166956346
1435860,3777.9249336947655,9999.387096774102,0.0,0.8748725858985712,1.1347588208072341
1435920,3777.6473472477833,9999.387096774102,0.0,0.8763579280058851,1.1347589786092986
1435980,3777.8366971828405,9999.387096774102,0.0,0.8756552691356807,1.1347590626596011
1436040,3777.985693278508,9999.387096774102,0.0,0.8755051238333214,1.1347586075243974
1436100,3778.157945938042,9999.387096774102,0.0,0.874084858045462,1.1347584633130159
1436160,3778.161472415602,9999.387096774102,0.0,0.8750768104502007,1.1347581284201194
1436220,3778.1848169024743,9999.387096774102,0.0,0.8753923381974704,1.1347572335384355
1436280,3777.8851151735594,9999.387096774102,0.0,0.8768943806042135,1.1347566349163758
1436340,3778.148697607222,9999.387096774102,0.0,0.8753048101585859,1.1347563526649502
1436400,3778.137769631677,9999.387096774102,0.0,0.8749294077891147,1.1347561879292696
1436460,3778.2183974457025,9999.387096774102,0.0,0.8745620026000007,1.1347562167469607
1436520,3778.0331183447765,9999.387096774102,0.0,0.8753274816909304,1.1347561640137458
1436580,3777.873156529781,9999.387096774102,0.0,0.8759119420045495,1.13475630142253
1436640,3777.889692548618,9999.387096774102,0.0,0.8759241126004622,1.134756417737248
1436700,3778.2171800854226,9999.387096774102,0.0,0.8736673562437359,1.134756855978606
1436760,3778.0763200793513,9999.387096774102,0.0,0.8746519010325263,1.1347569923774439
1436820,3777.8690956912387,9999.387096774102,0.0,0.8756872473588126,1.134757233462296
1436880,3777.845220870972,9999.387096774102,0.0,0.8757473935446561,1.1347574371509486
1436940,3777.6861194699222,9999.387096774102,0.0,0.8764467119058443,1.1347576781823132
1437000,3777.9861539593594,9999.387096774102,0.0,0.8747619463864729,1.1347580535995905
1437060,3777.9902158106725,9999.387096774102,0.0,0.8744341506920076,1.1347583244968604
1437120,3777.8628124353427,9999.387096774102,0.0,0.8752372025795966,1.134758561650185
1437180,3777.7405487514175,9999.387096774102,0.0,0.8758539715750426,1.1347586909561962
1437240,3777.733743357139,9999.387096774102,0.0,0.8755867713195263,1.1347589779937852
1437300,3777.7844845294376,9999.387096774102,0.0,0.8754781877147234,1.134759151116643
1437360,3778.0536772584837,9999.387096774102,0.0,0.8737389341450521,1.1347595405530668
1437420,3777.980657343847,9999.387096774102,0.0,0.8751978971801059,1.134759384480593
1437480,3777.9413469811698,9999.387096774102,0.0,0.8755864532186021,1.1347588547406426
1437540,3777.6964565652015,9999.387096774102,0.0,0.8768288743920221,1.134758582982477
1437600,3778.3334343900638,9999.387096774102,0.0,0.8741597610019382,1.1347582884002412
1437660,3778.2218803331293,9999.387096774102,0.0,0.8749490151353044,1.1347574460607714
1437720,3778.2242690506832,9999.387096774102,0.0,0.8747551133662792,1.134757042469738
1437780,3778.1048255480987,9999.387096774102,0.0,0.8754148773831044,1.1347566063747223
1437840,3777.8208980709633,9999.387096774102,0.0,0.8768209123249464,1.1347563801623282
1437900,3778.0608797458212,9999.387096774102,0.0,0.8753008267702447,1.134756426799148
1437960,3778.074212882689,9999.387096774102,0.0,0.8748228245848464,1.1347565256500551
1438020,3778.139134210329,9999.387096774102,0.0,0.8745926049096542,1.1347567204611169
1438080,3777.958826348473,9999.387096774102,0.0,0.8753689137586173,1.1347567844501154
1438140,3777.8082982384085,9999.387096774102,0.0,0.8759250989664242,1.1347570013014483
1438200,3777.8321129625942,9999.387096774102,0.0,0.875906967397802,1.1347571714041598
1438260,3778.160087899978,9999.387096774102,0.0,0.8736857443283328,1.1347576315161352
1438320,3778.027169445896,9999.387096774102,0.0,0.8746356296286103,1.1347577783562022
1438380,3777.8159437629715,9999.387096774102,0.0,0.8757135879429175,1.1347580071709573
1438440,3777.795445349448,9999.387096774102,0.0,0.8757725596142595,1.1347581955240236
1438500,3777.6520387414016,9999.387096774102,0.0,0.8763970533410338,1.1347584157287143
1438560,3777.951574799583,9999.387096774102,0.0,0.8747372521334681,1.1347587609781271
1438620,3777.958496762946,9999.387096774102,0.0,0.8744210785633523,1.1347589978898094
1438680,3777.770278020903,9999.387096774102,0.0,0.8759681336477062,1.1347591604230474
1438740,3777.944724948851,9999.387096774102,0.0,0.8757235384212885,1.134758774494078
1438800,3777.810788132695,9999.387096774102,0.0,0.8763475426863027,1.1347583586989798
1438860,3778.307727880922,9999.387096774102,0.0,0.8734806315753587,1.1347583482723447
1438920,3778.398329441855,9999.387096774102,0.0,0.8743050722270045,1.1347576183015935
1438980,3778.231011047167,9999.387096774102,0.0,0.8748370088768975,1.1347569113301226
1439040,3778.0165896333624,9999.387096774102,0.0,0.8758678985357723,1.134756471532284
1439100,3777.9925786571007,9999.387096774102,0.0,0.876029539814161,1.1347561327284705
1439160,3778.201276395658,9999.387096774102,0.0,0.8743429565984799,1.1347562082947873
1439220,3778.1295902012316,9999.387096774102,0.0,0.8749071340228183,1.1347561543492906
1439280,3778.11225891403,9999.387096774102,0.0,0.8747962461794899,1.1347563399645393
1439340,3777.988414910978,9999.387096774102,0.0,0.8754683542840785,1.134756400626651
1439400,3777.7257628971047,9999.387096774102,0.0,0.8767816636961273,1.1347565517531655
1439460,3777.97485413206,9999.387096774102,0.0,0.8752695891050815,1.1347568654959437
1439520,3778.001787497558,9999.387096774102,0.0,0.8747529461552225,1.1347571545148039
1439580,3778.0510882692934,9999.387096774102,0.0,0.8746300441073027,1.1347574733866965
1439640,3777.8755476378774,9999.387096774102,0.0,0.8754197614304247,1.1347576257176373
1439700,3777.7375492595056,9999.387096774102,0.0,0.8759351490661236,1.1347578972318386
1439760,3777.7699177882905,9999.387096774102,0.0,0.8758831622888176,1.134758098576246
1439820,3778.09791125893,9999.387096774102,0.0,0.873701797422262,1.1347585613404891
1439880,3777.9719446321515,9999.387096774102,0.0,0.8746231949353721,1.1347587030460349
1439940,3777.7564959141587,9999.387096774102,0.0,0.8757470669069111,1.134758906308349
