t,Tpos,Tpro,Tneg,o2,test
0,0.0,1800.0,200.0,0.5,0.0
60,0.0,762.383039697524,204.98816820948508,1.0838112652207808,0.019300735022784787
120,0.0,727.4041860456396,210.20473401945577,1.0858901783656871,0.032595058415586735
180,0.0,708.9414198926403,215.5659895000398,1.0861692171719994,0.0424700575771196
240,0.0,696.8263148439739,221.06981590149215,1.0863230002839672,0.04989142472007432
300,0.0,687.9622257223026,226.71717407057713,1.086416231324716,0.05548827894582643
360,0.0,680.9997564900782,232.51016953756073,1.0864740953201393,0.05970789229774586
420,0.0,675.2333322781058,238.4514875001551,1.0865093547847866,0.06287935847311749
480,0.0,670.2502660737339,244.54416748855652,1.086529338854023,0.06524896258651851
540,0.0,665.7902048270988,250.79149647921304,1.0865385631650366,0.06700279214102346
600,0.0,661.6798162442788,257.1969522896021,1.0865400460442147,0.06828226635714774
660,0.0,657.7989993995006,263.7641711491298,1.0865358211121319,0.06919526200933182
720,0.0,654.0619692488038,270.496928204562,1.0865273330710445,0.06982425962624975
780,0.0,650.4059486601146,277.39912529698705,1.086515608044597,0.07023242846673415
840,0.0,646.784098052044,284.4747829140408,1.0865014189985391,0.07046818220142963
900,0.0,643.1608481467592,291.72803672760114,1.086485318574145,0.0705686730565646
960,0.0,639.5088130796638,299.16313231840746,1.0864677440490407,0.07056237970679417
1020,0.0,635.8066023570644,306.78442410588247,1.0864490006114391,0.0704711277538852
1080,0.0,632.0372373487513,314.59637831624866,1.086429329583471,0.07031166725318816
1140,0.0,628.1870780120179,322.60356601973467,1.086408929112111,0.07009680394958073
1200,0.0,624.2449922064296,330.8106672329233,1.086387920597042,0.06983631175422288
1260,0.0,620.2017192572571,339.2224745514394,1.0863664130773902,0.06953765623250346
1320,0.0,616.0494287037284,347.8438895214187,1.086344503422884,0.06920651404540612
1380,0.0,611.7813827085283,356.6799261257515,1.0863222308949119,0.06884717258911134
1440,0.0,607.3916759884447,365.73570221777777,1.086299662225348,0.06846285109076711
1500,0.0,602.8750019278871,375.0164664722402,1.0862767978042103,0.06805596562287705
1560,0.0,598.2265409160926,384.5275751644551,1.086253687497051,0.0676282860975084
1620,0.0,593.4418229580767,394.27450268146987,1.0862303524437624,0.06718109796841444
1680,0.0,588.5166327102838,404.26284150538834,1.0862067899465553,0.06671532038785256
1740,0.0,583.4469477431511,414.49830207400237,1.0861830126387069,0.06623158440445583
1800,0.0,578.228902311418,424.9867256620332,1.0861590230549831,0.06573027393598536
1860,0.0,572.8587290534567,435.7340788289993,1.086134820012239,0.0652116012960762
1920,0.0,567.3327201538918,446.74645067668354,1.0861104014329876,0.06467565970589108
1980,0.0,561.6472185545626,458.0300591026107,1.0860857627622893,0.06412243427980154
2040,0.0,555.7986017197179,469.59125329500785,1.0860608973865182,0.06355182450565786
2100,0.0,549.7832668575466,481.4365151084296,1.086035796601668,0.06296366620960306
2160,0.0,543.5976216608514,493.57246048520443,1.086010450620747,0.06235774761927768
2220,0.0,537.2380811808911,506.0058409703415,1.0859848477559177,0.06173381716244427
2280,0.0,530.7010650352131,518.7435456444143,1.0859589751341512,0.06109159256999935
2340,0.0,523.9829974127596,531.7926029208015,1.0859328181458545,0.060430767876842706
2400,0.0,517.0803091081712,545.1601821938967,1.0859063606522215,0.059751018783237304
2460,0.0,509.9894417287703,558.8535954882503,1.0858795849028333,0.05905200688973112
2520,0.0,502.70685348923934,572.8802989650703,1.0858524713903301,0.05833338291454384
2580,0.0,495.2290253104311,587.2478939527646,1.085824998739209,0.05759478878351321
2640,0.0,487.5524654257655,601.9641277986204,1.0857971436372786,0.056835859192938445
2700,0.0,479.67372952450125,617.0368966923018,1.0857688805190013,0.05605622641175838
2760,0.0,471.5894273119641,632.4742458926053,1.0857401813606826,0.055255521566654184
2820,0.0,463.29623755701306,648.2843706684902,1.0857110155403198,0.05443337567754032
2880,0.0,454.7909242398163,664.4756170520432,1.0856813495181175,0.05358942136631495
2940,0.0,446.07035595300283,681.056482510967,1.0856511465291554,0.05272329478698839
3000,0.0,437.13152417822704,698.035616347091,1.0856203662852004,0.05183463735203167
3060,0.0,427.97157605872894,715.4218201815221,1.0855889644502557,0.05092309865521891
3120,0.0,418.5878376430709,733.2240477701138,1.0855568922716474,0.0499883381914117
3180,0.0,408.97784630244763,751.4514046974926,1.085524096060622,0.04903002780384074
3240,0.0,399.1393881141966,770.1131477872883,1.0854905166061934,0.04804785446787335
3300,0.0,389.07054096694475,789.2186841715545,1.0854560885020637,0.047041523460166136
3360,0.0,378.76972112126316,808.7775700247296,1.0854207394107613,0.046010761706998075
3420,0.0,368.23574434270097,828.799508630127,1.0853843891061792,0.044955322126515575
3480,0.0,357.4678909072854,849.2943480687675,1.0853469484686091,0.043874988292600954
3540,0.0,346.4659749362542,870.2720784996787,1.0853083184078856,0.04276957921853761
3600,0.0,335.2304353417749,891.7428284792061,1.085268388450679,0.04163895566484669
3660,0.0,323.7624343772335,913.7168607780993,1.0852270352174145,0.04048302693392364
3720,0.0,312.06397568724,936.2045672003403,1.085184120599094,0.03930175892979066
3780,0.0,300.1380473789386,959.2164621797763,1.0851394895488344,0.03809518383400607
3840,0.0,287.9887768644713,982.7631756916282,1.0850929676883951,0.036863410594472276
3900,0.0,275.62161875891644,1006.8554446756922,1.085044358428913,0.03560663741489987
3960,0.0,263.0435812143116,1031.5041026841882,1.0849934394699525,0.03432516671488025
4020,0.0,250.26348724790836,1056.7200679876291,1.0849399587903488,0.03301942223894207
4080,0.0,237.29230572807978,1082.5143285797078,1.0848836295415694,0.03168997075530924
4140,0.0,224.14350287205264,1108.8979264622142,1.0848241246576817,0.03033754465142975
4200,0.0,210.83350053031643,1135.8819374689326,1.084761069799842,0.028963071191930752
4260,0.0,197.38221751845995,1163.477447750565,1.0846940350325156,0.027567706931728237
4320,0.0,183.81371275098894,1191.6955262939125,1.0846225249334123,0.026152878230118328
4380,0.0,170.15696650190517,1220.5471920857688,1.0845459665815178,0.024720330085371917
4440,0.0,156.44682569309742,1250.0433749123995,1.0844636950100788,0.023272185006860832
4500,0.0,142.7251390596477,1280.1948688349175,1.0843749357244654,0.021811013440075685
4560,0.0,129.04213415598127,1311.0122761765488,1.0842787835280678,0.02033991911279969
4620,0.0,115.45804831235793,1342.505940857172,1.084174177308611,0.018862640955685666
4680,0.0,102.04506674153815,1374.6858679918068,1.0840598701380548,0.017383675669805504
4740,0.0,88.88956133145604,1407.5616275185116,1.0839343945198798,0.015908423250241912
4800,0.0,76.09457225849258,1441.142238934397,1.083796023685314,0.014443357079028201
4860,0.0,63.7823615663118,1475.4360343618491,1.083642731272246,0.012996217410443487
4920,0.0,52.096607532081826,1510.4504978480577,1.0834721556274143,0.011576220628339302
4980,0.0,41.20336507943274,1546.1920824970623,1.0832815815488606,0.01019426207881066
5040,0.0,31.28913638110072,1582.666011783308,1.0830679638342207,0.008863067533736618
5100,0.0,22.553157149686946,1619.8760835595417,1.0828280359422648,0.007597203429009783
5160,0.0,15.189477037891697,1657.824515645144,1.0825585713175343,0.0064127895498730285
5220,0.0,9.353568272777522,1696.5119022986084,1.0822568820640817,0.005326673106324024
5280,0.0,5.111127622103049,1735.937383325785,1.0819216060757317,0.0043547749939405155
5340,0.0,2.379088599985451,1776.099130033102,1.0815536633991933,0.0035094519003147813
5400,0.0,0.8930538716775992,1816.9951584958148,1.0811568956779334,0.002796266133889538
5460,0.0,0.2516859708319762,1858.62424522863,1.0807375801726722,0.0022115309944927683
5520,0.0,0.04860407957653722,1900.9864792383833,1.0803024705699118,0.0017425589269907114
5580,0.0,0.005728549088759329,1944.083100881198,1.0798565109982006,0.0013712178115859767
5640,0.0,0.0003556549594698519,1987.9158316531045,1.0794020666542519,0.0010786837110959694
5700,0.0,9.652844830505231e-06,2032.4862515336704,1.0789398246221888,0.0008485249221790772
5760,0.0,9.450951382223669e-08,2077.795497919285,1.0784698899813547,0.000667473393187458
5820,0.0,9.255591853793907e-10,2123.8441764432514,1.0779922655768945,0.0005250531697081607
5880,0.0,2.8234073764381365e-09,2170.632333371889,1.0775069503414563,0.00041302147929123936
5940,0.0,-1.0323761317264903e-08,2218.159436754932,1.077013948799786,0.0003248942298159976
6000,0.0,-1.0829654279154998e-09,2266.4243585467434,1.0765132716420565,0.0002555707815784702
6060,0.0,7.810062862118906e-10,2315.4253572347743,1.0760049359053316,0.00020103821646283695
6120,0.0,1.7049545290764488e-10,2365.1600612345924,1.0754889651537278,0.00015814051171574538
6180,0.0,1.8839834751786716e-09,2415.6254529818216,1.0749653896399454,0.00012439639253428503
6240,0.0,-1.1053113972289547e-09,2466.8178534452445,1.0744342464715866,9.785263861852942e-05
6300,0.0,-1.2054070025296645e-09,2518.732907728148,1.0738955797601297,7.69722004998317e-05
6360,0.0,-7.0192291631414615e-09,2571.365571852786,1.0733494407604696,6.0547063078682294e-05
6420,0.0,2.6386296533533413e-09,2624.710100123136,1.0727958880056812,4.762686470904277e-05
6480,0.0,-9.509934472152891e-11,2678.760033703327,1.0722349874243071,3.746375181247543e-05
6540,0.0,2.620891410314903e-09,2733.5081903404443,1.0716668124527977,2.946928880229928e-05
6600,0.0,-1.5026203518034688e-09,2788.946655226372,1.0710914441309691,2.3180157385439386e-05
6660,0.0,-5.893537299798358e-09,2845.0667738115053,1.0705089711788558,1.8233165129324775e-05
6720,0.0,5.872122278261513e-09,2901.859144820543,1.069919490073506,1.4341841296867646e-05
6780,0.0,-6.452062380011058e-10,2959.313615708706,1.0693231050956549,1.128127864903962e-05
6840,0.0,7.346264444878112e-10,3017.419278875835,1.0687199283746276,8.873974063523179e-06
6900,0.0,-3.5723302515850885e-10,3076.1644700068123,1.068110079907571,6.980371710999317e-06
6960,0.0,-1.2881164857537755e-08,3135.536767907907,1.0674936875624546,5.4907170900801934e-06
7020,0.0,1.4202646714718225e-14,3195.522922714095,1.0668708878275017,4.318821994088833e-06
7080,0.0,-3.9870758583483034e-13,3256.1091592230205,1.0662418226713692,3.3974214276796743e-06
7140,0.0,6.3617782947455515e-15,3317.2807017169985,1.0656066444595382,2.6726719949138377e-06
7200,0.0,-9.573287727031127e-14,3379.022138479317,1.0649655121992325,2.1026110094752473e-06
7260,0.0,-4.318019062440368e-13,3441.3173325949515,1.064318592448598,1.6540696364324289e-06
7320,0.0,-5.021934746274289e-12,3504.149451034237,1.0636660590265885,1.3007348059351841e-06
7380,0.0,5.453382293107976e-13,3567.500881461727,1.063008093882354,1.0226764980424616e-06
7440,0.0,3.6612299192227784e-12,3631.3533240888487,1.0623448861341356,8.042179053704125e-07
7500,0.0,-1.983934071847128e-12,3695.687822788597,1.0616766317520823,6.325734563582544e-07
7560,0.0,5.273439800529871e-12,3760.4847672988967,1.0610035335512669,4.975503462158812e-07
7620,0.0,-7.205492284792127e-12,3825.723902707605,1.0603258010829204,3.9124267815983954e-07
7680,0.0,1.594351178266103e-12,3891.384347064797,1.0596436504550346,3.0758372084777807e-07
7740,0.0,1.436453255643501e-11,3957.4446174848995,1.0589573040648532,2.418102058464663e-07
7800,0.0,-7.302698781243452e-11,4023.8826596459567,1.0582669903007507,1.9011835074363967e-07
7860,0.0,1.9270348245989427e-10,4090.675875834687,1.0575729432505403,1.4948262880724018e-07
7920,0.0,-1.4420638295632914e-09,4157.801154128374,1.0568754023972793,1.1750909440012995e-07
7980,0.0,-1.3759106803518282e-09,4225.234873203505,1.0561746125733575,9.244907670685418e-08
8040,0.0,1.680457838773784e-08,4292.952976347866,1.0554708231969638,7.280757997155428e-08
8100,0.0,5.189114286609945e-13,4360.930964741782,1.0547642883374397,5.7273997047060273e-08
8160,0.0,1.3381716653876233e-15,4429.144013404779,1.0540552655254394,4.505453274442425e-08
8220,0.0,3.747605985169503e-15,4497.566852068812,1.0533440169758186,3.544334898902528e-08
8280,0.0,3.2888043679999954e-14,4566.173940806413,1.0526308077757498,2.7885348457394357e-08
8340,0.0,3.6846983881248744e-14,4634.939485012753,1.0519159057204215,2.1930065662295957e-08
8400,0.0,3.983236908182449e-15,4703.83740666445,1.051199581629849,1.7239395871753412e-08
8460,0.0,1.4247950924953452e-16,4772.8414192576965,1.0504821085549128,1.3550599099992069e-08
8520,0.0,7.050393726194731e-15,4841.925082997667,1.0497637612082127,1.0652893080707657e-08
8580,0.0,-4.251738930725086e-15,4911.061842829681,1.0490448155728815,8.376839684145072e-09
8640,0.0,7.983817955429225e-15,4980.2250641597,1.0483255485313159,6.5879157256437666e-09
8700,0.0,-1.2125568674531181e-14,5049.388070595263,1.047606237471268,5.180800357044394e-09
8760,0.0,9.515688360697432e-15,5118.524184886347,1.0468871598604097,4.073551542050788e-09
8820,0.0,2.3952436857995313e-14,5187.606798202045,1.0461685925308783,3.202435916644042e-09
8880,0.0,3.403108984437342e-14,5256.6093222262025,1.0454508121581738,2.519557884595289e-09
8940,0.0,-5.5556947341481905e-15,5325.505334421233,1.044734093778811,1.9839456266956473e-09
9000,0.0,1.037591040570838e-15,5394.26856812869,1.0440187108700685,1.5630535774184799e-09
9060,0.0,1.4407320693414657e-14,5462.8729452424805,1.0433049350099701,1.2309361059358356e-09
9120,0.0,-1.7315317837101687e-15,5531.292651672104,1.0425930351296582,9.690230565845944e-10
9180,0.0,-9.70915780771117e-15,5599.502153866932,1.0418832772892577,7.627744144300462e-10
9240,0.0,5.1132761891643786e-15,5667.476213399125,1.0411759245221688,6.003277040087815e-10
9300,0.0,2.2714849421029267e-15,5735.189939882507,1.0404712363237996,4.722247961148033e-10
9360,0.0,-2.8503438727681005e-15,5802.618839626633,1.0397694681404577,3.71095196782214e-10
9420,0.0,-2.0973276002811967e-15,5869.738888931816,1.0390708705731457,2.914817666206753e-10
9480,0.0,2.1843849372499347e-15,5936.5265204424495,1.038375689520098,2.2910331305450387e-10
9540,0.0,-6.494672942505673e-16,6002.958623383263,1.0376841661849592,1.8019591108267467e-10
9600,0.0,-1.7500963349285083e-15,6069.012606384198,1.036996536450239,1.417523857315797e-10
9660,0.0,-1.2795038663629666e-14,6134.666418798292,1.0363130306173778,1.1149007346917089e-10
9720,0.0,-4.009978395660092e-15,6199.8985970633,1.0356338729003407,8.759258129829874e-11
9780,0.0,1.8366078556955704e-14,6264.688242625737,1.034959281694064,6.878205123524954e-11
9840,0.0,-7.90984084439979e-14,6329.015115276307,1.034289468610842,5.3966360282055937e-11
9900,0.0,1.9351109162651516e-14,6392.859607887018,1.0336246386569017,4.231175262244202e-11
9960,0.0,3.1577233638143645e-13,6456.202764461332,1.0329649901187017,3.319566110984092e-11
10020,0.0,-9.48394937342816e-13,6519.02632908537,1.0323107141246888,2.6043758334224888e-11
10080,0.0,-2.5904032289525373e-13,6581.3127261085865,1.031661994613564,2.0450837380154118e-11
10140,0.0,7.476209217850731e-12,6643.04509007355,1.031019008123137,1.6075038587399053e-11
10200,0.0,-6.246382255999859e-12,6704.207276852635,1.0303819240472156,1.2680720218789311e-11
10260,0.0,-3.7595197146014017e-11,6764.783890621398,1.0297509038569155,1.0021955438663652e-11
10320,0.0,9.398167001652801e-11,6824.760261815383,1.0291261007420232,7.957651718987041e-12
10380,0.0,1.3687010005135013e-10,6884.1224903242255,1.0285076608095494,6.315778781737757e-12
10440,0.0,-1.0017459116225859e-09,6942.85740837544,1.0278957239589066,5.0042423007726814e-12
10500,0.0,-1.8045664196174065e-09,7000.952610664922,1.0272904191220291,3.943810832153778e-12
10560,0.0,1.9411483074089107e-10,7058.396442974597,1.0266918666062055,3.0977629414318552e-12
10620,0.0,1.0983343212479112e-09,7115.17800659954,1.0261001835048946,2.4214089850720517e-12
10680,0.0,-7.287764094506473e-10,7171.287159052191,1.0255154773877555,1.8942169907334973e-12
10740,0.0,-9.09092290703848e-10,7226.714509194331,1.0249378461288863,1.4876754502453095e-12
10800,0.0,2.2113059795008145e-10,7281.451415857574,1.024367381129164,1.17337060077031e-12
10860,0.0,-7.166235746172356e-10,7335.489976825993,1.0238041653090384,9.179498841480215e-13
10920,0.0,-1.1983870671353813e-09,7388.823021926752,1.0232482746405056,7.157167998585703e-13
10980,0.0,1.3487787294985622e-09,7441.4441065290885,1.0226997777640483,5.728975458409057e-13
11040,0.0,1.4001018192716327e-09,7493.347493856715,1.0221587353836359,4.485256164602004e-13
11100,0.0,-2.745802068267412e-09,7544.528153109423,1.0216252012388942,3.311153662805126e-13
11160,0.0,-2.80597831151627e-10,7594.9817383545915,1.021099221478949,2.756731204778863e-13
11220,0.0,8.737475589181975e-11,7644.704584184643,1.020580835298956,2.5988700106464476e-13
11280,0.0,1.5348572591866416e-10,7693.693681853285,1.0200700753361431,2.0131961339031738e-13
11340,0.0,7.256301047017755e-11,7741.946686064566,1.0195669670127756,1.6955370272454915e-13
11400,0.0,-2.7878414088705924e-12,7789.461865771861,1.019071529432187,1.3690778797116065e-13
11460,0.0,-4.5075697096249155e-12,7836.238090100234,1.0185837753903955,1.0693922198381279e-13
11520,0.0,-1.1061336686277125e-11,7882.274787002,1.018103711867547,8.18965532399988e-14
11580,0.0,-3.255475524292992e-12,7927.572031559584,1.0176313390756127,6.290858914804132e-14
11640,0.0,2.0699389764490082e-14,7972.130474801626,1.0171666511997783,4.9216485570175106e-14
11700,0.0,-8.605543980256858e-13,8015.951278429703,1.0167096370844844,3.8963486051172854e-14
11760,0.0,2.30209786997322e-13,8059.036110326274,1.0162602802780376,3.104572590215209e-14
11820,0.0,-1.6345456283301755e-13,8101.387141884896,1.015818559058537,2.4618331502499282e-14
11880,0.0,-1.681071029446057e-14,8143.007034395102,1.0153844465737027,1.9399037718181068e-14
11940,0.0,8.895051138857746e-14,8183.898908942873,1.0149579111558806,1.5133163672796914e-14
12000,0.0,1.857904248924683e-15,8224.066346088091,1.0145389163244374,1.1797183055391992e-14
12060,0.0,4.9695892396393707e-14,8263.51334021952,1.0141274212606595,9.21919030390784e-15
12120,0.0,8.1028358454397e-15,8302.244284420478,1.0137233809654744,7.233145820178879e-15
12180,0.0,-1.1471230152937649e-14,8340.263930651996,1.0133267466737523,5.7613602357660086e-15
12240,0.0,6.36658990040831e-15,8377.577441849679,1.0129374653121337,4.667898155686062e-15
12300,0.0,4.3953772795316104e-15,8414.190360245553,1.012555479828688,3.763368109527685e-15
12360,0.0,1.525688663866733e-13,8450.108470967085,1.01218073061207,3.228919534484579e-15
12420,0.0,2.185733105050923e-13,8485.337925760692,1.0118131542044382,2.8224436772926537e-15
12480,0.0,1.5498268691238967e-14,8519.885134151773,1.0114526844349403,2.3957634216599076e-15
12540,0.0,8.210561404491174e-14,8553.756809855438,1.0110992519419606,2.1799050050555883e-15
12600,0.0,8.048200261590638e-14,8586.959837601546,1.0107527855494287,1.9412596584402863e-15
12660,0.0,-5.934538640769655e-14,8619.501356436269,1.0104132114077886,1.6074380954918626e-15
12720,0.0,-2.37407899366694e-13,8651.388781176067,1.0100804527710052,1.2660023068335619e-15
12780,0.0,-4.466861966259463e-13,8682.629678562793,1.0097544312837188,9.150943684732657e-16
12840,0.0,-4.696346397996542e-13,8713.231833150781,1.009435066299578,5.988047493835203e-16
12900,0.0,-9.161482766174332e-14,8743.203203838422,1.0091222753310234,4.1610126921187073e-16
12960,0.0,3.604448204940877e-13,8772.551878539862,1.0088159745161418,3.053243651636339e-16
13020,0.0,7.807706761814658e-13,8801.286105003644,1.0085160783067604,2.775701145543899e-16
13080,0.0,8.80660096186811e-13,8829.414237831068,1.008222500015598,3.0939909661420867e-16
13140,0.0,1.1988609245323896e-13,8856.944735282123,1.0079351518496267,3.095793555086872e-16
13200,0.0,-9.849457328892954e-13,8883.886159892836,1.0076539449214823,2.8303532839558586e-16
13260,0.0,-1.7174044745900398e-12,8910.247146504867,1.007378789571305,2.2240997072750055e-16
13320,0.0,-1.6457790759870165e-12,8936.036403695005,1.0071095953519729,1.2451227815330567e-16
13380,0.0,-2.1650999264476134e-13,8961.26270401203,1.0068462711367998,3.113781757685539e-17
13440,0.0,2.2642077773801153e-12,8985.93486100958,1.0065887253387795,-3.509741888017827e-17
13500,0.0,3.3008174307964582e-12,9010.061729629633,1.0063368658924767,-9.85581551725932e-17
13560,0.0,1.2985587955285538e-12,9033.65218607939,1.0060906005091,-1.1205154852057808e-16
13620,0.0,-4.4750611229965483e-13,9056.715123627057,1.005849836723547,-8.490388866009176e-17
13680,0.0,-2.1852905159360398e-12,9079.259435978593,1.005614482019713,-1.4777308028774464e-17
13740,0.0,-3.1855577749131448e-12,9101.294016095886,1.0053844439176292,7.537027409366868e-17
13800,0.0,-2.4173913034938098e-12,9122.827742397118,1.0051596301007204,1.4066125199410303e-16
13860,0.0,1.4338392039423135e-12,9143.869465675858,1.004939948510103,1.3233588172448867e-16
13920,0.0,3.872823890430228e-12,9164.428021207314,1.004725307165133,9.371336598177426e-17
13980,0.0,2.8924222586850297e-12,9184.51219153784,1.0045156146846084,3.7615670395992236e-19
14040,0.0,6.753596024238091e-13,9204.130728609956,1.0043107799209061,-1.0103697744423774e-16
14100,0.0,-1.5615572195045776e-12,9223.292329496151,1.0041107122649837,-1.3561450042552284e-16
14160,0.0,-3.335919977260776e-12,9242.005633325964,1.00391532173071,-5.990633522362172e-17
14220,0.0,-3.73783573436604e-12,9260.279225163176,1.003724519025638,8.193838170348325e-18
14280,0.0,2.1584023713928443e-13,9278.121613271825,1.0035382155521222,5.791459724835067e-17
14340,0.0,5.737466175479926e-13,9295.541247839597,1.0033563233014269,1.4384902210479332e-16
14400,0.0,-3.176548780620711e-12,9312.546488226997,1.0031787553015492,1.7653203583404462e-16
14460,0.0,-1.5087533047876642e-11,9329.145611132471,1.0030054254577696,6.268618294668759e-17
14520,0.0,-1.6254241288239066e-11,9345.346829870365,1.0028362478797117,5.277617117188748e-17
14580,0.0,-4.094240559303193e-12,9361.158244280452,1.002671138186275,1.3979036922204345e-16
14640,0.0,3.2816056542575236e-11,9376.58786306283,1.0025100127770232,4.387968267574006e-16
14700,0.0,3.91879407628508e-11,9391.643627382868,1.0023527893099797,4.4007927995961897e-16
14760,0.0,7.845942845493875e-12,9406.333350285238,1.0021993863051897,1.0630815376994367e-16
14820,0.0,-9.428348362033049e-11,9420.664749046346,1.002049723476708,-8.337495805703664e-16
14880,0.0,-1.0697897545485645e-10,9434.645462122215,1.0019037206957704,-9.542223800456217e-16
14940,0.0,-1.037378177549156e-11,9448.282997710257,1.0017612997080163,-4.8613304031280003e-17
15000,0.0,2.8434256395598787e-10,9461.584762393604,1.0016223830790698,2.6938101603010588e-15
15060,0.0,3.1389163414706076e-10,9474.558072676471,1.001486895291497,2.952587824428691e-15
15120,0.0,1.7504577053259772e-11,9487.210116347236,1.0013547613964549,1.2777774972308092e-16
15180,0.0,-8.554237851032193e-10,9499.547974402776,1.0012259079010088,-8.225211307387595e-15
15240,0.0,-1.2567952059067784e-09,9511.578630810809,1.0011002609377015,-1.4526806754039717e-14
15300,0.0,-1.1234923384546722e-09,9523.308941293435,1.0009777490974938,-1.9127145419783356e-14
15360,0.0,2.3783295763922792e-11,9534.745651990504,1.0008583016526342,-1.8870911536648177e-14
15420,0.0,1.721999079823945e-10,9545.89541248522,1.000741850562531,-2.1307251718029617e-14
15480,0.0,-3.347447305960533e-10,9556.76473888606,1.0006283275046925,-2.2690306151926445e-14
15540,0.0,-2.165208345450917e-09,9567.360037219682,1.0005176659493096,-2.3108355460922287e-14
15600,0.0,-3.7165402576487288e-09,9577.687613142481,1.0004097994031749,-2.222128652444051e-14
15660,0.0,-4.060813017630395e-09,9587.753651596498,1.0003046629338366,-2.015108097672904e-14
15720,0.0,-2.643576690741263e-09,9597.564217939527,1.0002021930252898,-1.744745217744466e-14
15780,0.0,1.9979634695203592e-10,9607.125266731067,1.000102327582172,-1.457302853352198e-14
15840,0.0,-7.328784901315604e-14,9616.442651268053,1.0000050077025002,-1.1498902022340101e-14
15900,0.0,2.8977064088736804e-19,9625.511208315485,0.9999102533303047,-9.041922962634315e-15
15960,0.0,-7.631423142893437e-20,9634.324058688599,0.9998181593406896,-7.10979309505193e-15
16020,0.0,-2.907160031831231e-20,9642.887475377585,0.9997286717527774,-5.594475001658581e-15
16080,0.0,3.527451348845651e-20,9651.208314291574,0.9996417183875982,-4.401941784319388e-15
16140,0.0,2.151475548773549e-22,9659.292969027825,0.9995572322066304,-3.4636788818468817e-15
16200,0.0,-6.791612842419437e-23,9667.14769902017,0.999475148049882,-2.7256752450819633e-15
16260,0.0,-6.511277637319531e-21,9674.778622964079,0.9993954020497381,-2.145507622352078e-15
16320,0.0,-3.423446082393349e-21,9682.191753083183,0.99931793140277,-1.688357187943647e-15
16380,0.0,-1.8902843242526193e-20,9689.39296394946,0.9992426748121056,-1.3253453317012119e-15
16440,0.0,-6.389373139715431e-22,9696.387962093397,0.999169572604422,-1.0395222204265943e-15
16500,0.0,-2.3863009058350603e-21,9703.182333681303,0.9990985665367563,-8.127948658534348e-16
16560,0.0,-1.3761563871846707e-21,9709.78150762346,0.9990295998880189,-6.362593293054139e-16
16620,0.0,-4.752220856064649e-22,9716.190809283848,0.9989626170723689,-4.980632402626681e-16
16680,0.0,4.789044336717538e-22,9722.415427387432,0.9988975638972918,-3.9048159262109315e-16
16740,0.0,-8.790710041894282e-24,9728.460430193727,0.9988343874294652,-3.066101586461691e-16
16800,0.0,1.3861000061069816e-22,9734.330764351824,0.9987730360123768,-2.405842263378628e-16
16860,0.0,1.2631227020493982e-23,9740.031248323116,0.9987134593163284,-1.8890031250577342e-16
16920,0.0,-7.722380283051674e-23,9745.566588160189,0.9986556081992314,-1.4771111684248622e-16
16980,0.0,-4.522946730985153e-23,9750.94136150862,0.9985994348496853,-1.1540862967746447e-16
17040,0.0,1.3217389191546891e-23,9756.160039352728,0.9985448925705812,-8.981658570540331e-17
17100,0.0,1.3975407857365046e-23,9761.226973693372,0.9984919359066952,-6.964209491710483e-17
17160,0.0,3.9755048056178063e-25,9766.14640487525,0.9984405205675307,-5.4090798977088217e-17
17220,0.0,1.4036100834235214e-24,9770.92247206881,0.9983906033175258,-4.178519068861917e-17
17280,0.0,1.6999866159510986e-24,9775.559194148445,0.9983421421770979,-3.2522927917450147e-17
17340,0.0,1.998138981749595e-24,9780.060505574424,0.9982950960485273,-2.5200651038681088e-17
17400,0.0,1.153524698262853e-25,9784.430217421112,0.9982494251205507,-1.966004416777193e-17
17460,0.0,-4.544252831084914e-27,9788.67207975184,0.9982050902200557,-1.5230394795158195e-17
17520,0.0,-9.88438977409606e-25,9792.789694330952,0.9981620537204016,-1.1856050016562863e-17
17580,0.0,-2.7191777430172906e-24,9796.786578620204,0.9981202788753901,-9.339007197247863e-18
17640,0.0,-4.523042091061153e-24,9800.666155981122,0.9980797299212883,-7.48186147661417e-18
17700,0.0,-8.691726018952865e-24,9804.431791468307,0.998040371703907,-6.883089091843648e-18
17760,0.0,-1.14415408132675e-23,9808.08672298557,0.9980021703962288,-6.874886503153878e-18
17820,0.0,-8.979905988518844e-24,9811.63411827286,0.9979650929046012,-6.897211865290169e-18
17880,0.0,3.318737106512323e-24,9815.077062825425,0.9979291069944354,-6.219300854695761e-18
17940,0.0,1.1393449334824227e-23,9818.418530874887,0.9978941815871204,-6.927601883869536e-18
18000,0.0,2.4929774864078527e-23,9821.661457426993,0.9978602860213078,-7.327670897422163e-18
18060,0.0,4.640727494352504e-23,9824.808690593212,0.9978273905409448,-6.701158405298497e-18
18120,0.0,7.801867228246089e-23,9827.863005600448,0.9977954661511383,-4.164721069917538e-18
18180,0.0,9.008960434404272e-23,9830.8270530059,0.9977644851454452,-2.3209545800348373e-18
18240,0.0,7.862023118873652e-23,9833.703460989229,0.9977344200624261,-5.047375914555603e-19
18300,0.0,2.516735813281665e-23,9836.49476880725,0.9977052443634085,5.691041520662726e-19
18360,0.0,-3.0706102725689556e-23,9839.203441073416,0.9976769323078492,1.4587369556519864e-18
18420,0.0,-5.933440388573804e-23,9841.831873137871,0.9976494588751196,2.2620110462557913e-18
18480,0.0,-4.4966185159030987e-23,9844.382392889585,0.9976227997443776,2.48807309170444e-18
18540,0.0,1.0268824491729604e-23,9846.85726471073,0.9975969312546791,2.1438808431731954e-18
18600,0.0,3.3260465010538026e-23,9849.258696108347,0.9975718303210998,1.5445351566820126e-18
18660,0.0,3.8163698445590026e-23,9851.588822581734,0.9975474746342614,8.420627202570095e-19
18720,0.0,-5.453930972113484e-25,9853.84972344307,0.997523842461449,4.0219849065348454e-19
18780,0.0,-9.256668052719082e-24,9856.043422778614,0.9975009126616176,-3.431668088191484e-19
18840,0.0,-1.4200374683927817e-23,9858.171886284244,0.9974786646875003,-8.980204415906027e-19
18900,0.0,-4.1165024721622734e-24,9860.237026655286,0.9974570785505196,-1.06940485703695e-18
18960,0.0,4.214925919168509e-24,9862.240696495437,0.9974361348923123,-1.0155456446535843e-18
19020,0.0,5.3316269102295054e-24,9864.18469951748,0.9974158148650089,-8.265188191619794e-19
19080,0.0,2.948064977170769e-24,9866.070791716931,0.9973961001192566,-5.607566768103717e-19
19140,0.0,-2.333240841094329e-24,9867.900675345565,0.9973769728658038,-2.7271874062524826e-19
19200,0.0,-3.8311776752159415e-24,9869.675999432935,0.9973584158678102,1.6096393518193477e-19
19260,0.0,-3.340594806312549e-24,9871.398373140108,0.997340412310172,4.840398228841786e-19
19320,0.0,4.633274560644113e-25,9873.06935683993,0.9973229458854355,5.599395506567348e-19
19380,0.0,-5.487807996730799e-25,9874.690462587845,0.9973060007933758,7.674928923879063e-19
19440,0.0,-3.8090421815193284e-24,9876.263162948118,0.997289561643211,8.937180785208267e-19
19500,0.0,-1.0883787359972647e-23,9877.788886795523,0.9972736135015169,9.523957367353147e-19
19560,0.0,-2.1654713776156185e-23,9879.269021730768,0.9972581418661035,9.604153774993478e-19
19620,0.0,-2.3023682016497398e-23,9880.704913970274,0.99724313266792,8.142991664853971e-19
19680,0.0,-1.6216683316930506e-23,9882.097873040571,0.9972285722201572,6.042799667655701e-19
19740,0.0,4.264266128878572e-24,9883.44917045409,0.9972144472334938,3.8026771279074965e-19
19800,0.0,3.530916374457641e-23,9884.760040296378,0.9972007448102982,1.7557973589521258e-19
19860,0.0,4.0760457203507134e-23,9886.031677219904,0.9971874524672754,-8.631802766899378e-20
19920,0.0,2.3862428534332913e-23,9887.265247356205,0.9971745580165133,-3.074182347510283e-19
19980,0.0,-3.162441616269683e-23,9888.461881716948,0.9971620496384728,-4.426939661612558e-19
20040,0.0,-1.0733248381918001e-22,9889.622676679324,0.9971499158735002,-4.862627122439215e-19
20100,0.0,-1.1264673220536494e-22,9890.748692507543,0.9971381456349777,-5.159474746693885e-19
20160,0.0,-5.407107178397126e-23,9891.840966318421,0.9971267280842944,-4.960938868372267e-19
20220,0.0,1.1297547089249692e-22,9892.900502888218,0.9971156527177981,-4.512481328073252e-19
20280,0.0,3.0722856024130565e-22,9893.928275278902,0.9971049093687955,-3.7902363116668424e-19
20340,0.0,3.1129464591947666e-22,9894.925225619048,0.9970944881998446,-2.4871641311032506e-19
20400,0.0,1.2944990563580758e-22,9895.892274376693,0.9970843795899449,-1.1401538782420167e-19
20460,0.0,-3.6316454460383775e-22,9896.830313284154,0.9970745742240629,-6.066233881320121e-21
20520,0.0,-8.522297164750528e-22,9897.740205640603,0.9970650630669511,8.212627843134645e-20
20580,0.0,-8.319858497196116e-22,9898.622788728075,0.9970558373477535,1.711084409626352e-19
20640,0.0,-2.7455209938099686e-22,9899.478878794434,0.9970468885345266,2.2897593590871867e-19
20700,0.0,1.1716432705909496e-21,9900.309267080253,0.9970382083439419,2.4985683000292983e-19
20760,0.0,2.4231398691278256e-21,9901.114717836906,0.9970297888264523,2.3695321289387907e-19
20820,0.0,2.8837262302810986e-21,9901.8959744966,0.9970216222322305,1.9639394207824326e-19
20880,0.0,2.9309398274731686e-21,9902.653761842646,0.99701370097086,1.3628187159000982e-19
20940,0.0,2.2883838359683266e-21,9903.38878229013,0.9970060177090827,7.338994236777371e-20
21000,0.0,6.121239500642817e-22,9904.101718334472,0.9969985653239688,3.1846996280833886e-20
21060,0.0,-7.061855032666498e-22,9904.7932236175,0.9969913369423933,-3.7447622290884933e-20
21120,0.0,-1.536115962642316e-21,9905.463939809335,0.9969843258542175,-1.2143021251395292e-19
21180,0.0,-1.99373741432116e-21,9906.114491914743,0.9969775255310226,-1.8998313335601013e-19
21240,0.0,-1.7229874921926624e-21,9906.745485172025,0.9969709296370511,-2.2772200026765197e-19
21300,0.0,-2.7163132315215115e-22,9907.357507838995,0.996964532011349,-2.1653041920457662e-19
21360,0.0,4.1986730945268083e-22,9907.951117654573,0.9969583268730524,-2.1379643271722028e-19
21420,0.0,8.814248332327457e-22,9908.526870242662,0.9969523083998174,-2.0003089399837712e-19
21480,0.0,1.1438236968587559e-21,9909.085302831723,0.9969464709740885,-1.721808609438645e-19
21540,0.0,9.480048519920988e-22,9909.62693610917,0.9969408091583298,-1.372292730395521e-19
21600,0.0,-2.9254963031813066e-23,9910.152275980901,0.9969353176709402,-1.0542815957196685e-19
21660,0.0,-1.904875246766912e-22,9910.661799981375,0.9969299914927384,-4.822909941365998e-20
21720,0.0,-3.452035813113527e-22,9911.15598866942,0.9969248256164721,9.203933462057852e-21
21780,0.0,-4.209407827054584e-22,9911.635302744757,0.9969198152270503,5.786730603757609e-20
21840,0.0,-3.147034539057522e-22,9912.100189670724,0.9969149556476353,8.651774889081834e-20
21900,0.0,3.238525911615244e-23,9912.551083131915,0.9969102423449931,8.780828682090352e-20
21960,0.0,7.074850760086572e-23,9912.98839582228,0.996905671002747,1.0370887177984663e-19
22020,0.0,1.0169783021001928e-22,9913.412539796025,0.9969012373140137,1.0857792417425053e-19
22080,0.0,1.0810448752115916e-22,9913.823911015596,0.9968969371385504,1.0311847446347106e-19
22140,0.0,6.615623534675789e-23,9914.22289407227,0.9968927664545225,8.951451338892181e-20
22200,0.0,-1.8634393315041052e-23,9914.609860818138,0.9968887213752663,6.929984350508502e-20
22260,0.0,-3.7326173759743515e-23,9914.985167107827,0.9968847981883998,3.880129534699983e-20
22320,0.0,-5.0168786393911905e-23,9915.349166744016,0.9968809931915339,6.658616269392095e-21
22380,0.0,-4.9774005845842554e-23,9915.702200145059,0.9968773028268426,-2.1093376755299128e-20
22440,0.0,-2.6581739050880474e-23,9916.044598011924,0.9968737236382975,-3.669484540717532e-20
22500,0.0,3.480918411207686e-24,9916.376678305074,0.9968702523013352,-4.6406303505899443e-20
22560,0.0,-1.0722152719742748e-24,9916.698746615863,0.9968668856189842,-7.052889105953829e-20
22620,0.0,-1.5109177836988735e-23,9917.011107888928,0.9968636204058353,-9.084124447502222e-20
22680,0.0,-4.4030127873737946e-23,9917.31405484838,0.9968604536021968,-1.05955914267641e-19
22740,0.0,-9.456170469502505e-23,9917.607871971722,0.9968573822346254,-1.1465099798823114e-19
22800,0.0,-1.7488118994892312e-22,9917.892835854813,0.9968544034121166,-1.1592020555949272e-19
22860,0.0,-2.0384747084543593e-22,9918.169203204288,0.9968515144516243,-1.1301437336881407e-19
22920,0.0,-2.051798726526432e-22,9918.43723761762,0.9968487125981375,-1.0496988784755967e-19
22980,0.0,-1.6957522468920768e-22,9918.697191162297,0.9968459952172365,-9.27191410234249e-20
23040,0.0,-8.029716276256833e-23,9918.949308207159,0.9968433597550495,-7.802232951242003e-20
23100,0.0,8.27312806466349e-23,9919.193826327555,0.9968408037287969,-6.334325181785814e-20
23160,0.0,2.4465776889918863e-22,9919.430971327854,0.9968383247759698,-4.675457585510341e-20
23220,0.0,3.005486415395799e-22,9919.66096101983,0.9968359206167119,-2.5388239523824125e-20
23280,0.0,2.935838991229686e-22,9919.88401508531,0.9968335889558898,-4.823674818535363e-21
23340,0.0,1.862339862309859e-22,9920.10034309082,0.9968313276017394,1.2846121832918e-20
23400,0.0,-6.736914278688568e-23,9920.310148669789,0.9968291344242457,2.5170082829356084e-20
23460,0.0,-5.13056653561793e-22,9920.513629622083,0.9968270073543292,2.956292827388052e-20
23520,0.0,-6.456152972278325e-22,9920.710968446872,0.9968249444980041,3.7882209243825976e-20
23580,0.0,-6.731095621645289e-22,9920.902354879956,0.9968229438659136,4.298799522196561e-20
23640,0.0,-5.221384663297614e-22,9921.087968603517,0.9968210035815035,4.505718684407711e-20
23700,0.0,-1.0165903117530147e-22,9921.267984144557,0.9968191218225372,4.4607432607113014e-20
23760,0.0,6.985896861073865e-22,9921.442571094292,0.9968172968188429,4.254113648801701e-20
23820,0.0,1.3890582949489528e-21,9921.611890600221,0.9968155268749576,3.7551070482586796e-20
23880,0.0,1.57590340039611e-21,9921.776099753328,0.9968138103400344,2.911455343157017e-20
23940,0.0,1.439061949692928e-21,9921.935354669324,0.9968121455864737,1.956321168117058e-20
24000,0.0,7.951739777480697e-22,9922.089805070518,0.9968105310453266,1.013645975648525e-20
24060,0.0,-5.797180531845499e-22,9922.239596433887,0.9968089651911589,2.3907102062733953e-21
24120,0.0,-2.7288026058242097e-21,9922.38486964597,0.9968074465501849,-2.5057120617295085e-21
24180,0.0,-3.3783077298903313e-21,9922.525756106603,0.9968059737951596,-1.0676130370453219e-20
24240,0.0,-3.464231601933963e-21,9922.662391045957,0.9968045454930763,-1.763344878016309e-20
24300,0.0,-2.6140671188978406e-21,9922.7949029665,0.9968031603079861,-2.2894751940540604e-20
24360,0.0,-3.6780594486334925e-22,9922.923416726147,0.9968018169437814,-2.6017295653747473e-20
24420,0.0,3.82977529542569e-21,9923.048053700975,0.9968005141426491,-2.6611977382083856e-20
24480,0.0,5.9838966963077185e-21,9923.168927165265,0.996799250646084,-2.586109073200341e-20
24540,0.0,4.9779835074339536e-21,9923.286150081616,0.9967980252530534,-2.4132764369616517e-20
24600,0.0,1.91758736083991e-21,9923.399834581365,0.9967968368131103,-2.1209035388142378e-20
24660,0.0,-4.018387834705109e-21,9923.510087854911,0.9967956841914001,-1.76431043354856e-20
24720,0.0,-1.380071251219633e-20,9923.61701413303,0.9967945662813524,-1.4200807515981164e-20
24780,0.0,-2.8560760238640004e-20,9923.720714830422,0.9967934820029845,-1.1880114614239205e-20
24840,0.0,-4.2705613243352063e-20,9923.821285514914,0.996792430450319,-9.387253809530621e-21
24900,0.0,-4.4222984149898123e-20,9923.91881618634,0.9967914108833316,-3.2646422193505505e-21
24960,0.0,-3.875283619867571e-20,9924.013402495959,0.9967904222059694,3.215360452451434e-21
25020,0.0,-2.3245467745799928e-20,9924.105133759,0.9967894635343054,9.750620408011286e-21
25080,0.0,5.913905097764627e-21,9924.19409683317,0.9967885340193935,1.5997189638046782e-20
25140,0.0,5.2946490330123584e-20,9924.280376238148,0.9967876328467032,2.156908717811964e-20
25200,0.0,1.1655129579883136e-19,9924.364053529207,0.9967867591473939,2.6143493418182335e-20
25260,0.0,1.2797317410367023e-19,9924.4451999249,0.9967859111122455,3.051933692178633e-20
25320,0.0,1.1798490298231046e-19,9924.523896607607,0.9967850883764212,3.3764915295589427e-20
25380,0.0,7.623418052574332e-20,9924.600217834835,0.9967842900085947,3.562142070663235e-20
25440,0.0,-9.639775400528656e-21,9924.674235782422,0.9967835150687092,3.5835125543337785e-20
25500,0.0,-1.541574555508527e-19,9924.746020640745,0.9967827626046606,3.416045370910659e-20
25560,0.0,-3.741502876937852e-19,9924.815640710927,0.9967820316489804,3.036305191591417e-20
25620,0.0,-5.275076320489182e-19,9924.883156677948,0.9967813236590964,2.631826497523334e-20
25680,0.0,-6.421127335907657e-19,9924.948633568683,0.9967806375363815,2.1745813307179976e-20
25740,0.0,-7.256469717193932e-19,9925.012133980814,0.9967799725045929,1.6684012684111145e-20
25800,0.0,-7.5665404740902615e-19,9925.073717851199,0.9967793282441284,1.1610816547665594e-20
25860,0.0,-7.092729636260474e-19,9925.133443438943,0.9967787045165536,7.127758736102576e-21
25920,0.0,-5.529033205147599e-19,9925.191367404073,0.9967781011686415,3.969333326125551e-21
25980,0.0,-3.937264995269947e-19,9925.247542255862,0.9967775161624478,7.095844154053029e-22
26040,0.0,-3.057801901765274e-19,9925.3020195576,0.9967769479253381,-3.491728495538516e-21
26100,0.0,-2.158911978736005e-19,9925.354852132692,0.996776396950561,-7.017263081207015e-21
26160,0.0,-1.3894463991684758e-19,9925.406089774671,0.9967758625227944,-9.607344576131226e-21
26220,0.0,-9.398126499954356e-20,9925.455780875429,0.9967753438850571,-1.099400140840562e-20
26280,0.0,-1.045626578163535e-19,9925.503972490911,0.9967748402330076,-1.0902947201697982e-20
26340,0.0,-1.5729872405900989e-19,9925.550709504761,0.9967743512554796,-9.569129728841734e-21
26400,0.0,-1.44817746527204e-19,9925.596033456513,0.9967738778781342,-8.44325063059176e-21
26460,0.0,-1.5044455524425937e-19,9925.639988737408,0.9967734185457625,-6.703744990419122e-21
26520,0.0,-1.7722658835840407e-19,9925.682616805709,0.9967729727591965,-4.589509327775671e-21
26580,0.0,-2.278137109995814e-19,9925.723957966833,0.9967725400314642,-2.425824712901723e-21
26640,0.0,-3.043684420213235e-19,9925.764051429245,0.9967721198880305,-6.319237193847413e-22
26700,0.0,-4.0847618074262568e-19,9925.80293536035,0.9967717118670363,2.7144262328202403e-22
26760,0.0,-4.742910120913574e-19,9925.8406428519,0.9967713167214943,2.7537997561317732e-21
26820,0.0,-5.239158688003424e-19,9925.877211501122,0.9967709336206163,5.050101641200463e-21
26880,0.0,-5.428622974158571e-19,9925.91267584186,0.9967705623905245,6.930447646453924e-21
26940,0.0,-5.131580695544555e-19,9925.94706943439,0.9967702029168426,8.151414725664487e-21
27000,0.0,-4.1334846648288037e-19,9925.980424926876,0.9967698551432965,8.444263346299166e-21
27060,0.0,-2.1824850490641654e-19,9926.012774101591,0.9967695190747989,7.514705313784655e-21
27120,0.0,-5.48892446600334e-20,9926.044145463233,0.9967691928475176,6.608470543102947e-21
27180,0.0,7.74222664991695e-20,9926.074568686417,0.9967688761933579,5.707243432947649e-21
27240,0.0,2.1337998364686928e-19,9926.104073183156,0.9967685692800894,4.470459683814541e-21
27300,0.0,3.402608031370446e-19,9926.132686863959,0.9967682717037565,3.053749696383763e-21
27360,0.0,4.418112706152792e-19,9926.160436870752,0.9967679830318269,1.6712391385311544e-21
27420,0.0,4.979387840419193e-19,9926.187349614334,0.996767702799388,6.008962292657023e-22
27480,0.0,5.298338991597085e-19,9926.213449684526,0.9967674308517669,-5.166316388897404e-22
27540,0.0,5.728202163279304e-19,9926.238760553655,0.9967671671360556,-2.2552544618862188e-21
27600,0.0,5.757706473478966e-19,9926.263307102168,0.996766910932688,-3.838691231749067e-21
27660,0.0,5.274761867914164e-19,9926.287112512784,0.9967666618175823,-5.105117827139351e-21
27720,0.0,4.156433444389711e-19,9926.3101993177,0.9967664193480391,-5.868980523888205e-21
27780,0.0,2.268720220609365e-19,9926.33258942893,0.9967661830611235,-5.92010684778872e-21
27840,0.0,-2.4086651774411396e-20,9926.35430377001,0.9967659529226303,-5.308062117155576e-21
27900,0.0,-1.7325988437513752e-19,9926.375360657741,0.9967657311889316,-5.5209454210761295e-21
27960,0.0,-3.1829643875363044e-19,9926.395781425621,0.9967655160833305,-5.482276597214723e-21
28020,0.0,-4.435737814976099e-19,9926.41558534993,0.9967653075639222,-5.202533110949997e-21
28080,0.0,-5.300353796057552e-19,9926.434791175145,0.9967651056320562,-4.708440216598579e-21
28140,0.0,-5.549404411529155e-19,9926.453417140567,0.9967649103349117,-4.04473536419437e-21
28200,0.0,-4.916136559553226e-19,9926.471481006954,0.9967647217680708,-3.275932606267831e-21
28260,0.0,-3.091949362358003e-19,9926.489000083162,0.9967645400780939,-2.4880870046252652e-21
28320,0.0,-1.9417878669638005e-19,9926.505988861341,0.9967643632816935,-1.4184649702736176e-21
28380,0.0,-1.2793387329356226e-19,9926.522463596224,0.9967641914249378,-1.6567967125589196e-22
28440,0.0,-4.547459649910827e-20,9926.538440617125,0.9967640250203413,1.0753337723429817e-21
28500,0.0,4.8007956279473576e-20,9926.553935095388,0.9967638638997903,2.207476459829112e-21
28560,0.0,1.4542185957459843e-19,9926.5689618045,0.9967637078867921,3.1155955059400213e-21
28620,0.0,2.376082388877881e-19,9926.583535142227,0.9967635567949518,3.665418174032039e-21
28680,0.0,3.13175159718854e-19,9926.597669152765,0.9967634104264459,3.702486009267658e-21
28740,0.0,3.767518472451747e-19,9926.611376695071,0.9967632685407901,3.4114289583898474e-21
28800,0.0,4.740342963081935e-19,9926.6246682964,0.9967631308126516,3.808093211760882e-21
28860,0.0,5.575906905957064e-19,9926.637558386868,0.996762997046491,4.116599652323321e-21
28920,0.0,6.189978394824649e-19,9926.65005918918,0.9967628669616553,4.35639104763391e-21
28980,0.0,6.486297497905527e-19,9926.662182596921,0.9967627402554393,4.557796472614385e-21
29040,0.0,6.355999147546351e-19,9926.673940191691,0.996762616601387,4.76308597098833e-21
29100,0.0,5.677036029872099e-19,9926.685343260206,0.996762495647591,5.0275252167180384e-21
29160,0.0,4.3136014744385705e-19,9926.696402811427,0.9967623770149941,5.4204301754413714e-21
29220,0.0,3.3396145685600863e-19,9926.70712728248,0.9967622629465942,5.438258177804682e-21
29280,0.0,2.4524680208641005e-19,9926.717527437875,0.9967621527060472,5.2476605246060635e-21
29340,0.0,1.4747911494648561e-19,9926.727613550009,0.9967620458295285,4.9649061256644466e-21
29400,0.0,4.775900644425282e-20,9926.737395182681,0.9967619423919634,4.597510045545593e-21
29460,0.0,-4.494922349831e-20,9926.746881640911,0.9967618425090377,4.155363760021522e-21
29520,0.0,-1.1967609125353894e-19,9926.756081984284,0.9967617463398135,3.6508329562453846e-21
29580,0.0,-1.633054346963595e-19,9926.765005040317,0.9967616540893431,3.0988553329263297e-21
29640,0.0,-1.9123699138540437e-19,9926.773658775719,0.9967615650748496,2.5170150626434774e-21
29700,0.0,-2.4848016936515944e-19,9926.782050283993,0.996761477690789,1.9256396561556657e-21
29760,0.0,-2.8530511276768624e-19,9926.790188387838,0.9967613931873356,1.3479918649359069e-21
29820,0.0,-2.951648803765094e-19,9926.798080774644,0.9967613114759004,8.10262881191279e-22
29880,0.0,-2.709167710911105e-19,9926.805734919433,0.9967612324583045,3.417031985500449e-22
29940,0.0,-2.048117027977818e-19,9926.813158095492,0.9967611560254143,-2.5279686916313506e-23
30000,0.0,-8.848359124048135e-20,9926.820357385008,0.9967610820557781,-2.5502357567106373e-22
30060,0.0,8.70612711083122e-20,9926.827339689686,0.9967610104142621,-3.085138636901894e-22
30120,0.0,1.7123324001810505e-19,9926.834110417387,0.9967609408659849,-4.800908480994955e-22
30180,0.0,2.1904735056715885e-19,9926.840676510416,0.9967608732680062,-6.297053234944095e-22
30240,0.0,2.2906852346203485e-19,9926.847044290556,0.996760807429421,-7.337138060682044e-22
30300,0.0,1.8179013303600536e-19,9926.85321978676,0.9967607431302791,-8.041268077230268e-22
30360,0.0,5.43102792784964e-20,9926.859208866968,0.9967606801279743,-8.576821783556313e-22
30420,0.0,-1.7988656284323983e-19,9926.865017246833,0.9967606181557596,-9.162287310297482e-22
30480,0.0,-5.511478940624493e-19,9926.870650498473,0.9967605569212621,-1.007109867148455e-21
30540,0.0,-9.005898446901496e-19,9926.876113407689,0.9967604974799915,-1.035634950101325e-21
30600,0.0,-1.047124930346532e-18,9926.881410544978,0.996760441047184,-8.95856035055926e-22
30660,0.0,-1.1739949834377719e-18,9926.886547576461,0.9967603862481017,-7.266113348952341e-22
30720,0.0,-1.2671593946669627e-18,9926.891529378803,0.9967603331133692,-5.400942585580615e-22
30780,0.0,-1.3100302296351032e-18,9926.896360703626,0.9967602816937097,-3.509666464144135e-22
30840,0.0,-1.2833054474776754e-18,9926.901046184952,0.9967602320611996,-1.7648751819179605e-22
30900,0.0,-1.1648021195012205e-18,9926.905590346638,0.9967601843105237,-3.664182090152451e-23
30960,0.0,-9.292896478199133e-19,9926.90999760981,0.9967601385602302,4.573082323496878e-23
31020,0.0,-5.483229839921396e-19,9926.91427230031,0.9967600949539852,4.4807368859826614e-23
31080,0.0,-3.776863370960929e-19,9926.918416551825,0.9967600516411669,1.7872163590513898e-22
31140,0.0,-2.081850250312068e-19,9926.92243546559,0.9967600097255896,3.0450163321264956e-22
31200,0.0,-3.3906877176411755e-20,9926.926332946101,0.9967599692608485,4.077490487880924e-22
31260,0.0,1.3474955361629281e-19,9926.93011272269,0.9967599302254115,4.834380458019619e-22
31320,0.0,2.852055438183745e-19,9926.933778432784,0.9967598925966691,5.268857866235045e-22
31380,0.0,4.0255626558145364e-19,9926.93733362764,0.9967598563505594,5.338230143694205e-22
31440,0.0,4.694248530939913e-19,9926.940781778085,0.9967598214611926,5.004646344525635e-22
31500,0.0,4.658164689379751e-19,9926.944126280261,0.9967597879004758,4.235802961306415e-22
31560,0.0,4.470424694879338e-19,9926.947369627329,0.9967597554004044,3.2474329665343563e-22
31620,0.0,4.580831987346234e-19,9926.950514328526,0.9967597237125804,2.2392450155428723e-22
31680,0.0,4.2286440036888246e-19,9926.953564096217,0.9967596929439934,1.0531700836351687e-22
31740,0.0,3.3236562116716434e-19,9926.956521840495,0.9967596629843516,-2.4290872498078731e-23
31800,0.0,1.7697651038264309e-19,9926.959390396007,0.9967596337109004,-1.5634910577454508e-22
31860,0.0,-5.3507229105077654e-20,9926.962172526182,0.9967596049876151,-2.804314080821803e-22
31920,0.0,-3.6988788964025557e-19,9926.964870927452,0.9967595766643945,-3.841207246169452e-22
31980,0.0,-7.835698076413024e-19,9926.967488233478,0.9967595485762547,-4.528947058618744e-22
32040,0.0,-1.3065634124510729e-18,9926.970027019377,0.9967595205425218,-4.700111842944857e-22
32100,0.0,-1.6043173429504413e-18,9926.97248826503,0.9967594943420035,-5.766895874181062e-22
32160,0.0,-1.8634972869328736e-18,9926.974875210906,0.9967594687731204,-6.713281586307548e-22
32220,0.0,-2.059112537660726e-18,9926.977190109428,0.9967594438243743,-7.477730212263589e-22
32280,0.0,-2.159855071052633e-18,9926.97943514057,0.9967594195048485,-8.0039653629123285e-22
32340,0.0,-2.129712804493061e-18,9926.981612423233,0.9967593958342422,-8.232397763250891e-22
32400,0.0,-1.9277065301374202e-18,9926.983724018268,0.9967593728435845,-8.10021334316203e-22
32460,0.0,-1.5076268482171782e-18,9926.985771931533,0.9967593505759474,-7.541461328165789e-22
32520,0.0,-8.177711003449765e-19,9926.987758116922,0.99675932908716,-6.487142330171158e-22
32580,0.0,-1.268374894335758e-19,9926.989684237798,0.9967593082490191,-5.323038667674948e-22
32640,0.0,3.9803285974636873e-19,9926.991551982417,0.9967592880053581,-4.297978761926637e-22
32700,0.0,9.915019854331274e-19,9926.993363289177,0.9967592685544145,-3.102916888235154e-22
32760,0.0,1.6416456144900732e-18,9926.995119869163,0.9967592499567548,-1.7813665617990498e-22
32820,0.0,2.332751830703586e-18,9926.996823388845,0.9967592322828542,-3.891043243418595e-23
32880,0.0,3.0450400275949208e-18,9926.998475472716,0.9967592156134814,1.0049785336355235e-22
32940,0.0,3.754379861232066e-18,9927.000077705927,0.9967592000400822,2.3180242506024604e-22
33000,0.0,4.432010203041615e-18,9927.001631636926,0.9967591856651644,3.4523568717461787e-22
33060,0.0,5.043766252285036e-18,9927.003138764037,0.9967591725451938,4.316600811469908e-22
33120,0.0,5.531555187666627e-18,9927.004599942702,0.9967591585586572,5.639749122880207e-22
33180,0.0,5.8608851732910685e-18,9927.006016948473,0.9967591449946025,6.834658382589717e-22
33240,0.0,5.979331700346376e-18,9927.007391133307,0.9967591317313167,7.839932400213052e-22
33300,0.0,5.8281452932931746e-18,9927.008723816201,0.9967591186262967,8.588005274100243e-22
33360,0.0,5.341955249540142e-18,9927.010016285347,0.9967591055148557,9.004969232988754e-22
33420,0.0,4.44847337911947e-18,9927.011269800256,0.9967590922087287,9.010402477655475e-22
33480,0.0,3.0681977443623176e-18,9927.012485593907,0.996759078494679,8.517197022568722e-22
33540,0.0,1.1141163995742771e-18,9927.013664874885,0.9967590641331042,7.431386537540237e-22
33600,0.0,-6.497937529059723e-19,9927.014808401065,0.9967590504522915,6.344296383078498e-22
33660,0.0,-1.865852562567255e-18,9927.015917108873,0.9967590380115264,5.51904289391875e-22
33720,0.0,-3.0047482122867047e-18,9927.016992325835,0.9967590258160349,4.550344830180059e-22
33780,0.0,-3.971119226334677e-18,9927.018035076906,0.9967590139069827,3.4887074389489334e-22
33840,0.0,-4.652793462528222e-18,9927.019046360476,0.9967590023401408,2.3977172294687023e-22
33900,0.0,-4.919762015086916e-18,9927.02002714984,0.9967589911869476,1.354935840210309e-22
33960,0.0,-4.623153117488696e-18,9927.020978394694,0.9967589805355729,4.527939059430928e-23
34020,0.0,-3.59420604532569e-18,9927.021901022597,0.9967589704919799,-2.0051507519442255e-23
34080,0.0,-1.7612166958757666e-18,9927.022795913057,0.9967589611238598,-5.403454147285069e-23
34140,0.0,-8.76623578381827e-19,9927.023663497495,0.9967589516248268,-1.4266136041552724e-22
34200,0.0,3.1029013240284195e-19,9927.02450488206,0.9967589426526833,-2.179910912497549e-22
34260,0.0,1.8074828154153285e-18,9927.025320862376,0.9967589342738322,-2.747952302874549e-22
34320,0.0,3.6169294526776624e-18,9927.02611221214,0.9967589265627721,-3.0740422335627135e-22
34380,0.0,5.734018656572237e-18,9927.026879684217,0.9967589196023707,-3.0970121549012448e-22
34440,0.0,8.146949697117211e-18,9927.027624011746,0.9967589134841398,-2.7511580061976317e-22
34500,0.0,1.0836129529241916e-17,9927.028345909239,0.9967589083085086,-1.9661777126331763e-22
34560,0.0,1.377356982006227e-17,9927.029046073687,0.9967589041850982,-6.67108682168528e-23
34620,0.0,1.627819787672712e-17,9927.029725060063,0.996758899806847,5.373663795751543e-23
34680,0.0,1.8053862210472042e-17,9927.030383484953,0.9967588947499931,1.4649969411100092e-22
34740,0.0,1.9264338965247655e-17,9927.031022042389,0.9967588896417647,2.440834848385836e-22
34800,0.0,1.9691565385211998e-17,9927.031641340942,0.9967588842981321,3.398301576623755e-22
34860,0.0,1.908808758938652e-17,9927.03224197366,0.9967588785058138,4.256574431825626e-22
34920,0.0,1.7175537851835334e-17,9927.03282451899,0.9967588720205152,4.919666072304303e-22
34980,0.0,1.3643111881844555e-17,9927.0333895417,0.9967588645651648,5.275504030213922e-22
35040,0.0,8.146046104101624e-18,9927.033937593807,0.9967588558281529,5.195010233080162e-22
35100,0.0,8.651385289564313e-19,9927.034469183689,0.9967588458872857,4.671674376185953e-22
35160,0.0,-2.9384899553076675e-18,9927.03498451874,0.9967588386653088,4.961596281509811e-22
35220,0.0,-6.691248776275822e-18,9927.035484286629,0.9967588314823213,5.135266823161359e-22
35280,0.0,-1.0123302493501403e-17,9927.03596895417,0.9967588244519164,5.178114477936512e-22
35340,0.0,-1.291191468249722e-17,9927.036438974677,0.9967588177160228,5.077617419492864e-22
35400,0.0,-1.467801628948757e-17,9927.036894788607,0.9967588114469017,4.823623688270464e-22
35460,0.0,-1.4982773986160154e-17,9927.037336824198,0.9967588058491441,4.40867136141262e-22
35520,0.0,-1.3324158524418035e-17,9927.037765498113,0.996758801161667,3.8283087226866884e-22
35580,0.0,-9.133513091131635e-18,9927.038181216083,0.9967587976597112,3.0814144324048676e-22
35640,0.0,-6.1524692949340705e-18,9927.038584339716,0.9967587938059185,2.2952509662199494e-22
35700,0.0,-4.79246958644262e-18,9927.038975246121,0.9967587894793679,1.508314898182941e-22
35760,0.0,-3.0573564749320258e-18,9927.0393543214,0.9967587855862827,6.970261214460334e-23
35820,0.0,-1.0348024615501102e-18,9927.039721926563,0.9967587821627195,-9.595785328633786e-24
35880,0.0,1.1572035420135825e-18,9927.040078414026,0.9967587792428289,-8.197991542032261e-23
35940,0.0,3.367962667580912e-18,9927.04042412818,0.9967587768583911,-1.4149935023303736e-22
36000,0.0,5.411672544538296e-18,9927.04075940601,0.9967587750383516,-1.8128841654734192e-22
36060,0.0,7.065033753889824e-18,9927.041084577679,0.9967587738083565,-1.9351759121610931e-22
36120,0.0,8.244793345302016e-18,9927.041399947595,0.9967587730552463,-1.7972070990343975e-22
36180,0.0,9.906949103997992e-18,9927.04170569714,0.9967587718499475,-2.0273571065668146e-22
36240,0.0,1.1033188782470941e-17,9927.04200221213,0.9967587707068715,-2.130213787794016e-22
36300,0.0,1.1406728466276768e-17,9927.04228978183,0.9967587694984031,-2.0881151126598416e-22
36360,0.0,1.0783526696536228e-17,9927.042568689258,0.9967587680746393,-1.8841358051839905e-22
36420,0.0,8.891053203449841e-18,9927.042839211656,0.9967587662620515,-1.5022715092309743e-22
36480,0.0,5.427057639812982e-18,9927.043101620957,0.9967587638621497,-9.276229542790609e-23
36540,0.0,5.833831453085363e-20,9927.043356184262,0.996758760650145,-1.4658012118922462e-23
36600,0.0,-7.580489073866498e-18,9927.043603164302,0.9967587563736132,8.529935920259059e-23
36660,0.0,-1.3505191981164567e-17,9927.043842629515,0.996758752686236,1.793006512012775e-22
36720,0.0,-1.7533727489353378e-17,9927.044074808575,0.9967587495480413,2.6415734255967866e-22
36780,0.0,-2.108307813393944e-17,9927.044299995103,0.996758746197291,3.467698067131322e-22
36840,0.0,-2.3760523267909565e-17,9927.044518400011,0.9967587426546194,4.216583455850741e-22
36900,0.0,-2.510475727348261e-17,9927.04473022755,0.9967587389535473,4.8239986909117945e-22
36960,0.0,-2.4581672622052508e-17,9927.044935675543,0.9967587351415509,5.215736085712739e-22
37020,0.0,-2.158014293413145e-17,9927.045134935628,0.9967587312811309,5.307068302212438e-22
37080,0.0,-1.540780603929297e-17,9927.045328193473,0.9967587274508799,5.002205485249467e-22
37140,0.0,-6.6598705061862496e-18,9927.04551562324,0.9967587237245608,4.368310226612671e-22
37200,0.0,-1.5954877685522905e-18,9927.045697369327,0.9967587201020132,4.191876075487e-22
37260,0.0,4.574267976050367e-18,9927.045873617077,0.9967587167778232,3.8540564817340703e-22
37320,0.0,1.1822715421558712e-17,9927.046044526083,0.996758713888243,3.347470119336452e-22
37380,0.0,2.0092157284583796e-17,9927.046210250584,0.9967587115888247,2.6679104021282997e-22
37440,0.0,2.92911324782733e-17,9927.046370939672,0.9967587100553769,1.8146880760094612e-22
37500,0.0,3.9291668286174256e-17,9927.046526737491,0.9967587094849222,7.909738111595748e-23
37560,0.0,4.992653253609562e-17,9927.046677783448,0.9967587100966541,-3.958592057478207e-23
37620,0.0,6.098648577397093e-17,9927.046824212412,0.9967587121328937,-1.733892679331183e-22
37680,0.0,6.990896884790216e-17,9927.046966237449,0.996758713242514,-3.018247105097165e-22
37740,0.0,7.630757509299544e-17,9927.047103988001,0.9967587136206896,-4.219968836691244e-22
37800,0.0,8.020731316738072e-17,9927.04723757309,0.996758714012048,-5.342142228533949e-22
37860,0.0,8.075736866720124e-17,9927.047367127421,0.9967587142552241,-6.3149025182989255e-22
37920,0.0,7.699826567951888e-17,9927.047492784086,0.9967587141567692,-7.057816001279995e-22
37980,0.0,6.785642790176326e-17,9927.047614674848,0.9967587134890559,-7.479318204092604e-22
38040,0.0,5.2138739761180983e-17,9927.04773293045,0.9967587119881844,-7.476152058375248e-22
38100,0.0,2.852710753428483e-17,9927.047847680913,0.9967587093518882,-6.932806074490912e-22
38160,0.0,2.2635986736936613e-19,9927.047959008856,0.996758705982521,-6.011186161600205e-22
38220,0.0,-1.5755333700487563e-17,9927.048066856063,0.9967587044717927,-5.729222441694987e-22
38280,0.0,-3.128740824458172e-17,9927.04817145459,0.9967587027655743,-5.298591431519993e-22
38340,0.0,-4.5207692703759076e-17,9927.048272903936,0.9967587008730777,-4.738414761317778e-22
38400,0.0,-5.613461091068717e-17,9927.048371300632,0.9967586988141731,-4.075926195908824e-22
38460,0.0,-6.245324954675236e-17,9927.048466738337,0.9967586966203963,-3.3471179932902145e-22
38520,0.0,-6.230142609695663e-17,9927.048559307952,0.9967586943359565,-2.597387263234312e-22
38580,0.0,-5.3555756804814615e-17,9927.04864909772,0.9967586920187435,-1.8821823258874361e-22
38640,0.0,-3.381772462725056e-17,9927.048736193332,0.996758689741335,-1.2676490703685393e-22
38700,0.0,-1.9487780766952244e-17,9927.048820641325,0.996758687512864,-4.797708136228658e-23
38760,0.0,-6.50022987506269e-18,9927.048902524666,0.9967586854427641,3.721740674086755e-23
38820,0.0,1.0658017154933846e-17,9927.048981926264,0.9967586836628666,1.145453028869269e-22
38880,0.0,3.2141215420568736e-17,9927.049058915947,0.99675868230013,1.7888263734546723e-22
38940,0.0,5.803611692463714e-17,9927.04913356073,0.9967586814995291,2.2447174917161056e-22
39000,0.0,8.835497506865469e-17,9927.049205924863,0.9967586814249747,2.4489518847213905e-22
39060,0.0,1.2302854914631417e-16,9927.049276069913,0.9967586822602352,2.330496186716094e-22
39120,0.0,1.6189910883694208e-16,9927.049344054816,0.9967586842098564,1.811197187784656e-22
39180,0.0,2.0074107118002837e-16,9927.049409963092,0.9967586867364971,1.0538075072583323e-22
39240,0.0,2.266826672415596e-16,9927.04947393414,0.9967586876831288,7.474489742356731e-23
39300,0.0,2.462108592144998e-16,9927.049535971897,0.9967586886585227,3.5651063941898523e-23
39360,0.0,2.565435115145248e-16,9927.049596140481,0.9967586895365544,-9.071154486088818e-24
39420,0.0,2.5450625675494464e-16,9927.049654503535,0.9967586901648176,-5.575476405492538e-23
39480,0.0,2.365115166783263e-16,9927.049711124397,0.9967586903628561,-9.983406804324709e-23
39540,0.0,1.985375230881156e-16,9927.04976606626,0.9967586899203975,-1.3578336247028445e-22
39600,0.0,1.3610733878025961e-16,9927.049819392329,0.9967586885955851,-1.5705563175235271e-22
39660,0.0,4.4267878474829036e-17,9927.04987116598,0.9967586861132112,-1.560212443593414e-22
39720,0.0,-1.879434820747192e-17,9927.049921323804,0.9967586847320927,-1.8337970172174661e-22
39780,0.0,-6.798391617403821e-17,9927.049969947857,0.9967586837442424,-2.2080065885829804e-22
39840,0.0,-1.144202420967815e-16,9927.050017112213,0.9967586825775978,-2.527285556412308e-22
39900,0.0,-1.5416917958794265e-16,9927.05006286057,0.9967586812500301,-2.768720464917473e-22
39960,0.0,-1.8257890776516987e-16,9927.050107235003,0.996758679789654,-2.907643926384583e-22
40020,0.0,-1.9423511562661353e-16,9927.050150276002,0.9967586782357177,-2.917636476050821e-22
40080,0.0,-1.8291618642602092e-16,9927.050192022487,0.9967586766394905,-2.7705284269814305e-22
40140,0.0,-1.4154838204783067e-16,9927.050232511847,0.9967586750651527,-2.436401724946703e-22
40200,0.0,-8.316024609499998e-17,9927.050271777725,0.9967586735458674,-1.9880204687247488e-22
40260,0.0,-5.1797303748248597e-17,9927.050309848863,0.9967586720612792,-1.6553342010261523e-22
40320,0.0,-7.529828310392151e-18,9927.050346761433,0.9967586707837266,-1.2538487135487114e-22
40380,0.0,5.047404882671768e-17,9927.050382545898,0.99675866981637,-7.968907119822889e-23
40440,0.0,1.2289209198899418e-16,9927.050417231198,0.9967586692770992,-3.0216608346545854e-23
40500,0.0,2.1022889101190503e-16,9927.050450844774,0.9967586692992869,2.0792054565611964e-23
40560,0.0,3.1279679103226084e-16,9927.050483412588,0.9967586700325404,7.059462520713225e-23
40620,0.0,4.306968222800044e-16,9927.050514959146,0.9967586716434542,1.1591502577451855e-22
40680,0.0,5.637996298699994e-16,9927.050545507524,0.9967586743163634,1.529114372160527e-22
40740,0.0,6.601098930430427e-16,9927.05057517493,0.9967586757971986,2.0066355305490344e-22
40800,0.0,7.301696463584145e-16,9927.050603960919,0.9967586768406362,2.490037360660329e-22
40860,0.0,7.747649364839896e-16,9927.050631881211,0.996758677770664,2.9141704021835675e-22
40920,0.0,7.841820719476717e-16,9927.050658969043,0.9967586784468394,3.2533945741702533e-22
40980,0.0,7.473839405152039e-16,9927.050685258175,0.9967586787027347,3.4793605726346694e-22
41040,0.0,6.519404916415492e-16,9927.050710783005,0.9967586783442873,3.5609201775345407e-22
41100,0.0,4.839592189222714e-16,9927.050735578687,0.9967586771481518,3.4640365597516937e-22
41160,0.0,2.2801564254491493e-16,9927.050759681239,0.9967586748600509,3.1516945880727133e-22
41220,0.0,-4.9755786249759035e-17,9927.050783072862,0.9967586722924384,2.7369136794809117e-22
41280,0.0,-1.9878250003209085e-16,9927.050805680112,0.9967586713618303,2.4880868169289935e-22
41340,0.0,-3.378361034338897e-16,9927.050827607105,0.9967586704113672,2.1776877540831414e-22
41400,0.0,-4.538684395732187e-16,9927.05084887123,0.9967586695131389,1.820872400871634e-22
41460,0.0,-5.314216503972909e-16,9927.050869488487,0.9967586687567599,1.4372666489234996e-22
41520,0.0,-5.524754026368333e-16,9927.050889473467,0.9967586682506607,1.0512859286180764e-22
41580,0.0,-4.962941137604448e-16,9927.050908839317,0.9967586681233768,6.924547661345802e-23
41640,0.0,-3.39274177928957e-16,9927.050927597711,0.9967586685248387,3.957263405016688e-23
41700,0.0,-5.479119194979496e-17,9927.050945758807,0.996758669627662,2.0180204064700743e-23
41760,0.0,6.522679207866437e-17,9927.050963411868,0.9967586697586693,-1.5755177908049995e-23
41820,0.0,1.4605063504154653e-16,9927.050980540851,0.9967586696752414,-5.389577175553304e-23
41880,0.0,2.2352015819734974e-16,9927.050997151408,0.9967586696213503,-8.83300074516376e-23
41940,0.0,2.876266610533672e-16,9927.051013259954,0.9967586695812479,-1.1728831167548375e-22
42000,0.0,3.262436378576296e-16,9927.051028882723,0.9967586695340171,-1.3884442426458007e-22
42060,0.0,3.2498166601264186e-16,9927.05104403581,0.9967586694531306,-1.509126085706765e-22
42120,0.0,2.670432944891197e-16,9927.051058735211,0.9967586693060093,-1.5124486181561746e-22
42180,0.0,1.3307793223972487e-16,9927.05107299687,0.9967586690535809,-1.3742812544719478e-22
42240,0.0,1.1323459021274975e-17,9927.051086834212,0.9967586687879991,-1.2462918817348508e-22
42300,0.0,-2.4884749162909996e-17,9927.051100232376,0.9967586687637667,-1.1126180223834127e-22
42360,0.0,-5.799651122956921e-17,9927.051113227166,0.9967586687316468,-9.509999131566459e-23
42420,0.0,-8.636873349481704e-17,9927.051125830852,0.996758668683438,-7.668616476174565e-23
42480,0.0,-1.0707146378064178e-16,9927.051138055602,0.9967586686090825,-5.702945126523404e-23
42540,0.0,-1.1588789141490586e-16,9927.05114991346,0.9967586684966648,-3.760569884713833e-23
42600,0.0,-1.0731434723134538e-16,9927.051161416366,0.9967586683324127,-2.0357474860826098e-23
42660,0.0,-7.45603035695704e-17,9927.051172576137,0.9967586681006965,-7.694065992023935e-24
42720,0.0,-9.548374275064964e-18,9927.051183404481,0.9967586677840294,-2.4914782588174044e-24
42780,0.0,-1.264949706697335e-16,9927.05119387563,0.9967586678561515,6.646333989741645e-23
42840,0.0,-2.79008199226128e-16,9927.051204023748,0.9967586679964996,1.500964729412922e-22
42900,0.0,-4.3781391991118175e-16,9927.0512138631,0.9967586681437823,2.3835079050637373e-22
42960,0.0,-5.969881480148855e-16,9927.051223403723,0.9967586682891858,3.289179644822005e-22
43020,0.0,-7.496258066278954e-16,9927.051232655485,0.996758668422713,4.1912490903601263e-22
43080,0.0,-8.878407266415352e-16,9927.05124162809,0.9967586685331842,5.059337806127503e-22
43140,0.0,-1.0027656467477924e-15,9927.05125033108,0.996758668608237,5.859419779350547e-22
43200,0.0,-1.0845522134393267e-15,9927.051258773829,0.9967586686343263,6.553821420032669e-22
43260,0.0,-1.1223709810094625e-15,9927.051266965547,0.9967586685967236,7.10122156095429e-22
43320,0.0,-1.1044114115521914e-15,9927.051274915284,0.9967586684795181,7.456651457672834e-22
43380,0.0,-1.0178818749621723e-15,9927.051282631921,0.9967586682656162,7.571494788522731e-22
43440,0.0,-8.490096489347315e-16,9927.051290124175,0.9967586679367412,7.393487654615416e-22
43500,0.0,-5.830409189658624e-16,9927.051297400598,0.9967586674734338,6.866718579839328e-22
43560,0.0,-2.0424077835222517e-16,9927.051304469578,0.9967586668550519,5.931628510859912e-22
43620,0.0,-3.041567178787421e-17,9927.051311309755,0.9967586665127207,5.686133883527603e-22
43680,0.0,-8.586287726919541e-17,9927.051317925472,0.9967586664802939,6.209142400967263e-22
43740,0.0,-1.425735836527115e-16,9927.051324343136,0.9967586664501428,6.703568381800989e-22
43800,0.0,-1.985427355093878e-16,9927.05133056892,0.9967586664207981,7.156540032877195e-22
43860,0.0,-2.5153375379072266e-16,9927.051336608758,0.9967586663906228,7.554139726647826e-22
43920,0.0,-2.9907853582874703e-16,9927.051342468358,0.9967586663578119,7.881404001168344e-22
43980,0.0,-3.384774553360266e-16,9927.051348153194,0.9967586663203923,8.122323560097739e-22
44040,0.0,-3.667993624056589e-16,9927.051353668514,0.9967586662762236,8.259843272698516e-22
44100,0.0,-3.808815835112752e-16,9927.051359019331,0.996758666222997,8.275862173836712e-22
44160,0.0,-3.773299215070397e-16,9927.051364210427,0.996758666158236,8.151233463981884e-22
44220,0.0,-3.525186556276498e-16,9927.051369246357,0.9967586660792963,7.865764509207112e-22
44280,0.0,-3.0259054148833623e-16,9927.05137413144,0.9967586659833656,7.398216841189001e-22
44340,0.0,-2.2345681108486274e-16,9927.05137886977,0.9967586658674636,6.726306157207677e-22
44400,0.0,-1.1079717279352627e-16,9927.051383465205,0.9967586657284426,5.826702320146792e-22
44460,0.0,-6.37728948028952e-19,9927.051387925607,0.9967586655929659,4.915553639139628e-22
44520,0.0,-2.9595185834901525e-18,9927.051392266358,0.9967586655423379,4.647700408601903e-22
44580,0.0,-5.349493582489239e-18,9927.051396479414,0.996758665493561,4.360075751864927e-22
44640,0.0,-7.726289315061643e-18,9927.051400568247,0.9967586654466313,4.0557816902441067e-22
44700,0.0,-9.999380922323442e-18,9927.051404536127,0.9967586654015417,3.738192462390625e-22
44760,0.0,-1.2069083316471256e-17,9927.051408386114,0.9967586653582815,3.410954524291445e-22
44820,0.0,-1.3826551180782307e-17,9927.051412121064,0.9967586653168364,3.077986549269303e-22
44880,0.0,-1.5153778969614443e-17,9927.051415743616,0.9967586652771883,2.7434794279827156e-22
44940,0.0,-1.592360090840605e-17,9927.051419256208,0.9967586652393157,2.4118962684259764e-22
45000,0.0,-1.599969099367614e-17,9927.051422661074,0.9967586652031935,2.0879723959291537e-22
45060,0.0,-1.5236562993024305e-17,9927.051425960231,0.9967586651687927,1.7767153531580956e-22
45120,0.0,-1.347957044513073e-17,9927.051429155497,0.9967586651360812,1.4834049001144263e-22
45180,0.0,-1.0564906659756185e-17,9927.051432248476,0.9967586651050231,1.2135930141355476e-22
45240,0.0,-6.319604717742032e-18,9927.051435240568,0.9967586650755788,9.731038898946385e-23
45300,0.0,-5.615374710102254e-19,9927.051438132963,0.9967586650477049,7.680339394006549e-23
45360,0.0,-4.660238405254915e-21,9927.051440976484,0.9967586650198079,4.7881257788930115e-23
45420,0.0,-5.736704676102426e-21,9927.051443739841,0.9967586649928327,1.9310913187178113e-23
45480,0.0,-7.251361999674555e-21,9927.051446421094,0.9967586649668033,-7.581812406904322e-24
45540,0.0,-9.064605854888314e-21,9927.051449022176,0.9967586649416132,-3.24771298677396e-23
45600,0.0,-1.1023022482028103e-20,9927.051451544889,0.9967586649171504,-5.504470976153642e-23
45660,0.0,-1.2959388882745778e-20,9927.051453990884,0.996758664893297,-7.494368234628954e-23
45720,0.0,-1.4692672820060667e-20,9927.051456361676,0.9967586648699296,-9.182263757178024e-23
45780,0.0,-1.6028032818359498e-20,9927.05145865864,0.9967586648469191,-1.0531962507957586e-22
45840,0.0,-1.6756818163396463e-20,9927.051460883002,0.9967586648241308,-1.150621542030301e-22
45900,0.0,-1.6656568902293204e-20,9927.051463035852,0.9967586648014243,-1.2066719396728286e-22
45960,0.0,-1.5491015843538784e-20,9927.051465118138,0.9967586647786536,-1.2174117308926034e-22
46020,0.0,-1.3010080556989725e-20,9927.051467130665,0.996758664755667,-1.1787997997767492e-22
46080,0.0,-8.949875373869981e-21,9927.051469074097,0.9967586647323072,-1.0866896273302533e-22
46140,0.0,-3.0327033867709572e-21,9927.051470948954,0.9967586647084113,-9.368292914759646e-23
46200,0.0,-2.9503960478663533e-21,9927.051472905412,0.9967586646849151,-6.141264933731682e-23
46260,0.0,-3.6009178104301034e-21,9927.05147466888,0.9967586646668573,-6.479109662561574e-23
46320,0.0,-4.3537404328374434e-21,9927.051476384437,0.9967586646492194,-6.566326922950124e-23
46380,0.0,-5.1479683810115e-21,9927.051478052432,0.9967586646320034,-6.437588839032928e-23
46440,0.0,-5.9227061208753845e-21,9927.05147967321,0.9967586646152111,-6.127567534945593e-23
46500,0.0,-6.617058118352222e-21,9927.051481247121,0.9967586645988447,-5.670935134823714e-23
46560,0.0,-7.170128839365125e-21,9927.051482774508,0.996758664582906,-5.102363762802898e-23
46620,0.0,-7.52102274983722e-21,9927.051484255722,0.9967586645673968,-4.4565255430187405e-23
46680,0.0,-7.608844315691619e-21,9927.05148569111,0.9967586645523193,-3.768092599606841e-23
46740,0.0,-7.372698002851446e-21,9927.051487081017,0.9967586645376754,-3.071737056702804e-23
46800,0.0,-6.751688277239819e-21,9927.051488425788,0.9967586645234668,-2.4021310384422284e-23
46860,0.0,-5.684919604779857e-21,9927.051489725776,0.9967586645096957,-1.793946668960714e-23
46920,0.0,-4.1114964513946775e-21,9927.051490981323,0.996758664496364,-1.2818560723938621e-23
46980,0.0,-1.9705232830074016e-21,9927.051492192777,0.9967586644834736,-9.005313728772728e-24
47040,0.0,-2.1144765474977066e-21,9927.051493389565,0.996758664470629,5.566908385764274e-24
47100,0.0,-1.0096140605310666e-20,9927.051494628055,0.9967586644570667,5.447026726661379e-23
47160,0.0,-1.8167621761391772e-20,9927.051495831878,0.996758664443837,1.0460512162181174e-22
47220,0.0,-2.6288465453420347e-20,9927.051497001585,0.996758664430939,1.5571184552336655e-22
47280,0.0,-3.44182171190758e-20,9927.051498137726,0.9967586644183719,2.075308130432925e-22
47340,0.0,-4.2516422196037544e-20,9927.051499240853,0.9967586644061347,2.598023982536018e-22
47400,0.0,-5.054262612198507e-20,9927.051500311518,0.9967586643942268,3.1226697522630444e-22
47460,0.0,-5.845637433459778e-20,9927.05150135027,0.996758664382647,3.6466491803341465e-22
47520,0.0,-6.621721227155503e-20,9927.051502357663,0.9967586643713949,4.1673660074694443e-22
47580,0.0,-7.37846853705362e-20,9927.051503334245,0.9967586643604693,4.682223974389048e-22
47640,0.0,-8.11183390692207e-20,9927.05150428057,0.9967586643498695,5.188626821813083e-22
47700,0.0,-8.817771880528803e-20,9927.051505197185,0.9967586643395946,5.683978290461685e-22
47760,0.0,-9.492237001641747e-20,9927.051506084646,0.9967586643296439,6.16568212105495e-22
47820,0.0,-1.0131183814028855e-19,9927.0515069435,0.9967586643200163,6.631142054313012e-22
47880,0.0,-1.0730566861458069e-19,9927.0515077743,0.9967586643107111,7.077761830956e-22
47940,0.0,-1.1286340687697322e-19,9927.051508577597,0.9967586643017275,7.502945191704021e-22
48000,0.0,-1.1794459836514556e-19,9927.051509353943,0.9967586642930646,7.904095877277206e-22
48060,0.0,-1.2250878851677711e-19,9927.051510103885,0.9967586642847215,8.278617628395673e-22
48120,0.0,-1.2651552276954737e-19,9927.05151082798,0.9967586642766973,8.623914185779542e-22
48180,0.0,-1.2992434656113567e-19,9927.051511526774,0.9967586642689914,8.937389290148936e-22
48240,0.0,-1.326948053292214e-19,9927.05151220082,0.9967586642616029,9.216446682223977e-22
48300,0.0,-1.3478644451148405e-19,9927.05151285067,0.9967586642545306,9.458490102724788e-22
48360,0.0,-1.3615880954560298e-19,9927.051513476874,0.9967586642477742,9.660923292371485e-22
48420,0.0,-1.3677144586925763e-19,9927.051514079983,0.9967586642413323,9.82114999188419e-22
48480,0.0,-1.3658389892012736e-19,9927.051514660548,0.9967586642352044,9.936573941983029e-22
48540,0.0,-1.3555571413589163e-19,9927.051515219122,0.9967586642293896,1.0004598883388121e-21
48600,0.0,-1.3364643695422987e-19,9927.051515756253,0.996758664223887,1.0022628556819586e-21
48660,0.0,-1.308156128128214e-19,9927.051516272493,0.9967586642186959,9.988066702997546e-22
48720,0.0,-1.2702278714934568e-19,9927.051516768393,0.9967586642138152,9.898317062642123e-22
48780,0.0,-1.2222750540148211e-19,9927.051517244507,0.9967586642092442,9.750783376473436e-22
48840,0.0,-1.1638931300691016e-19,9927.051517701382,0.996758664204982,9.54286938521161e-22
48900,0.0,-1.0946775540330917e-19,9927.051518139571,0.9967586642010279,9.271978829576766e-22
48960,0.0,-1.0142237802835856e-19,9927.051518559625,0.9967586641973808,8.93551545028902e-22
49020,0.0,-9.221272631973777e-20,9927.051518962095,0.9967586641940401,8.530882988068499e-22
49080,0.0,-8.179834571512619e-20,9927.051519347531,0.9967586641910049,8.055485183635323e-22
49140,0.0,-7.013878165220323e-20,9927.051519716488,0.9967586641882742,7.506725777709611e-22
49200,0.0,-5.719357956864831e-20,9927.05152006951,0.9967586641858472,6.882008511011487e-22
49260,0.0,-4.2922284902140835e-20,9927.051520407154,0.9967586641837233,6.178737124261071e-22
49320,0.0,-2.7284443090360214e-20,9927.05152072997,0.9967586641819013,5.394315358178484e-22
49380,0.0,-1.0239599570985855e-20,9927.051521038507,0.9967586641803806,4.526146953483848e-22
49440,0.0,-4.204724345955333e-22,9927.051521327821,0.9967586641782781,4.0657935288956455e-22
49500,0.0,-1.355219300465778e-21,9927.051521596206,0.99675866417523,4.2139820949029006e-22
49560,0.0,-2.284865687777365e-21,9927.051521850999,0.9967586641723255,4.357423942048485e-22
49620,0.0,-3.205869600416813e-21,9927.05152209273,0.9967586641695603,4.495625920966084e-22
49680,0.0,-4.1146890422705845e-21,9927.051522321928,0.9967586641669296,4.628094882289384e-22
49740,0.0,-5.007782017225198e-21,9927.051522539117,0.9967586641644288,4.754337676652074e-22
49800,0.0,-5.881606529167129e-21,9927.051522744829,0.9967586641620534,4.873861154687836e-22
49860,0.0,-6.732620581982904e-21,9927.05152293959,0.9967586641597986,4.986172167030357e-22
49920,0.0,-7.557282179558989e-21,9927.051523123926,0.99675866415766,5.090777564313323e-22
49980,0.0,-8.352049325781893e-21,9927.051523298365,0.996758664155633,5.187184197170421e-22
50040,0.0,-9.113380024538129e-21,9927.051523463439,0.9967586641537128,5.274898916235336e-22
50100,0.0,-9.837732279714155e-21,9927.05152361967,0.9967586641518951,5.353428572141754e-22
50160,0.0,-1.0521564095196506e-20,9927.051523767588,0.996758664150175,5.422280015523361e-22
50220,0.0,-1.1161333474871659e-20,9927.051523907721,0.9967586641485481,5.480960097013844e-22
50280,0.0,-1.1753498422626105e-20,9927.051524040597,0.9967586641470096,5.528975667246888e-22
50340,0.0,-1.2294516942346354e-20,9927.051524166742,0.9967586641455551,5.565833576856178e-22
50400,0.0,-1.2780847037918903e-20,9927.051524286686,0.99675866414418,5.591040676475401e-22
50460,0.0,-1.3208946713230237e-20,9927.051524400955,0.9967586641428796,5.604103816738244e-22
50520,0.0,-1.357527397216686e-20,9927.051524510076,0.9967586641416493,5.6045298482783915e-22
50580,0.0,-1.3876286818615263e-20,9927.051524614579,0.9967586641404844,5.591825621729529e-22
50640,0.0,-1.4108443256461946e-20,9927.05152471499,0.9967586641393805,5.565497987725343e-22
50700,0.0,-1.4268201289593407e-20,9927.051524811837,0.9967586641383329,5.525053796899521e-22
50760,0.0,-1.435201892189614e-20,9927.051524905648,0.996758664137337,5.469999899885747e-22
50820,0.0,-1.435635415725664e-20,9927.05152499695,0.9967586641363884,5.399843147317708e-22
50880,0.0,-1.4277664999561408e-20,9927.051525086272,0.9967586641354821,5.314090389829088e-22
50940,0.0,-1.4112409452696935e-20,9927.05152517414,0.9967586641346138,5.212248478053576e-22
51000,0.0,-1.385704552054972e-20,9927.051525261084,0.9967586641337787,5.093824262624856e-22
51060,0.0,-1.350803120700626e-20,9927.05152534763,0.9967586641329724,4.958324594176614e-22
51120,0.0,-1.3061824515953049e-20,9927.051525434304,0.9967586641321902,4.805256323342536e-22
51180,0.0,-1.2514883451276587e-20,9927.051525521636,0.9967586641314274,4.634126300756309e-22
51240,0.0,-1.1863666016863366e-20,9927.051525610153,0.9967586641306797,4.444441377051619e-22
51300,0.0,-1.1104630216599887e-20,9927.051525700384,0.9967586641299422,4.23570840286215e-22
51360,0.0,-1.0234234054372643e-20,9927.051525792855,0.9967586641292103,4.007434228821589e-22
51420,0.0,-9.248935534068131e-21,9927.051525888095,0.9967586641284797,3.7591257055636226e-22
51480,0.0,-8.145192659572847e-21,9927.05152598663,0.9967586641277454,3.4902896837219355e-22
51540,0.0,-6.91946343477329e-21,9927.051526088988,0.9967586641270031,3.200433013930215e-22
51600,0.0,-5.568205863555952e-21,9927.051526195699,0.9967586641262481,2.8890625468221463e-22
51660,0.0,-4.087877949807334e-21,9927.051526307287,0.9967586641254758,2.5556851330314154e-22
51720,0.0,-2.4749376974139287e-21,9927.051526424282,0.9967586641246815,2.199807623191708e-22
51780,0.0,-7.258431102622342e-22,9927.051526547213,0.9967586641238608,1.820936867936711e-22
51840,0.0,-9.836899411170936e-25,9927.05152659701,0.9967586641235368,1.6169315541533347e-22
51900,0.0,-7.445226518413148e-25,9927.051526594449,0.9967586641235704,1.536843151721647e-22
51960,0.0,-5.1161740746844565e-25,9927.051526589368,0.9967586641236302,1.4572967484428384e-22
52020,0.0,-2.8537221969517928e-25,9927.05152658205,0.9967586641237133,1.3784028734152232e-22
52080,0.0,-6.618510021820609e-26,9927.051526572784,0.9967586641238166,1.300272055737116e-22
52140,0.0,1.4554593926578204e-25,9927.051526561854,0.9967586641239373,1.2230148245068317e-22
52200,0.0,3.4942288706009202e-25,9927.051526549545,0.9967586641240722,1.1467417088226855e-22
52260,0.0,5.450477314680321e-25,9927.051526536141,0.9967586641242183,1.0715632377829917e-22
52320,0.0,7.320224607929129e-25,9927.051526521931,0.9967586641243728,9.975899404860661e-23
52380,0.0,9.09949063338039e-25,9927.051526507197,0.9967586641245324,9.24932346030222e-23
52440,0.0,1.07842952740672e-24,9927.051526492227,0.9967586641246944,8.537009835137756e-23
52500,0.0,1.237065841302267e-24,9927.051526477304,0.9967586641248556,7.840063820350408e-23
52560,0.0,1.385459993327984e-24,9927.051526462716,0.9967586641250131,7.159590706923324e-23
52620,0.0,1.5232139717871805e-24,9927.051526448746,0.9967586641251639,6.496695785839658e-23
52680,0.0,1.6499297649831665e-24,9927.051526435682,0.996758664125305,5.852484348082559e-23
52740,0.0,1.7652093612192482e-24,9927.051526423807,0.9967586641254333,5.2280616846351694e-23
52800,0.0,1.8686547487987332e-24,9927.051526413406,0.9967586641255461,4.624533086480641e-23
52860,0.0,1.959867916024931e-24,9927.051526404768,0.9967586641256401,4.043003844602123e-23
52920,0.0,2.0384508512011513e-24,9927.051526398176,0.9967586641257125,3.484579249982758e-23
52980,0.0,2.1040055426307e-24,9927.051526393916,0.9967586641257601,2.9503645936057e-23
53040,0.0,2.1561339786168854e-24,9927.051526392273,0.9967586641257801,2.4414651664540937e-23
53100,0.0,2.194438147463016e-24,9927.051526393532,0.9967586641257694,1.9589862595110897e-23
53160,0.0,2.2185200374724015e-24,9927.05152639798,0.996758664125725,1.5040331637598353e-23
53220,0.0,2.227981636948348e-24,9927.051526405901,0.996758664125644,1.0777111701834777e-23
53280,0.0,2.2224249341941646e-24,9927.051526417581,0.9967586641255233,6.811255697651649e-24
53340,0.0,2.20145191751316e-24,9927.051526433306,0.99675866412536,3.1538165348804794e-24
53400,0.0,2.164664575208641e-24,9927.05152645336,0.996758664125151,-1.8415287664728278e-25
53460,0.0,2.1116648955839166e-24,9927.05152647803,0.9967586641248933,-3.191599627100138e-24
53520,0.0,2.0420548669422955e-24,9927.0515265076,0.9967586641245841,-5.8574708066466044e-24
53580,0.0,1.955436477587085e-24,9927.051526542355,0.9967586641242202,-8.170713505455211e-24
53640,0.0,1.8514117158215932e-24,9927.051526582582,0.9967586641237987,-1.0120274813694466e-23
53700,0.0,1.7295825699491294e-24,9927.051526628567,0.9967586641233166,-1.1695101821532892e-23
53760,0.0,1.5895510282730009e-24,9927.051526680594,0.9967586641227708,-1.2884141619139005e-23
53820,0.0,1.4309190790965165e-24,9927.05152673895,0.9967586641221584,-1.3676341296681322e-23
53880,0.0,1.253288710722984e-24,9927.051526803916,0.9967586641214764,-1.4060647944328365e-23
53940,0.0,1.0562619114557114e-24,9927.051526875783,0.9967586641207218,-1.402600865224865e-23
54000,0.0,8.39440669598007e-25,9927.051526954834,0.9967586641198917,-1.3561370510610698e-23
54060,0.0,6.024269734531795e-25,9927.051527041353,0.9967586641189828,-1.2655680609583022e-23
54120,0.0,3.4482281132453656e-25,9927.051527135629,0.9967586641179924,-1.1297886039334141e-23
54180,0.0,6.623017151538656e-26,9927.051527237943,0.9967586641169175,-9.476933890032578e-24
54240,0.0,1.2100880699118432e-24,9927.051528069534,0.9967586641082334,6.843327904007662e-24
54300,0.0,1.0993501788735601e-24,9927.051528009852,0.9967586641088573,2.913092127843664e-24
54360,0.0,9.928062017296762e-25,9927.05152795367,0.9967586641094446,-8.367437370366292e-25
54420,0.0,8.904561384801927e-25,9927.051527900989,0.9967586641099953,-4.406179690633108e-24
54480,0.0,7.92299989125108e-25,9927.051527851807,0.9967586641105094,-7.795215732945856e-24
54540,0.0,6.983377536644235e-25,9927.051527806123,0.9967586641109868,-1.1003851863974865e-23
54600,0.0,6.085694320981389e-25,9927.05152776394,0.9967586641114278,-1.4032088083720067e-23
54660,0.0,5.229950244262543e-25,9927.051527725258,0.996758664111832,-1.687992439218153e-23
54720,0.0,4.416145306487692e-25,9927.051527690075,0.9967586641121997,-1.9547360789359236e-23
54780,0.0,3.644279507656839e-25,9927.051527658392,0.9967586641125308,-2.2034397275253182e-23
54840,0.0,2.914352847769983e-25,9927.051527630209,0.9967586641128252,-2.4341033849863368e-23
54900,0.0,2.2263653268271254e-25,9927.051527605525,0.9967586641130831,-2.6467270513189792e-23
54960,0.0,1.5803169448282686e-25,9927.05152758434,0.9967586641133044,-2.841310726523245e-23
55020,0.0,9.762077017734064e-26,9927.051527566657,0.9967586641134891,-3.017854410599135e-23
55080,0.0,4.140375976625421e-26,9927.051527552472,0.9967586641136372,-3.1763581035466494e-23
55140,0.0,-1.0619336750432699e-26,9927.051527541787,0.9967586641137487,-3.3168218053657885e-23
55200,0.0,-5.844851937271942e-26,9927.051527534604,0.9967586641138235,-3.439245516056551e-23
55260,0.0,-1.0208378810060637e-25,9927.051527530919,0.9967586641138618,-3.5436292356189375e-23
55320,0.0,-1.4152514293409367e-25,9927.051527530733,0.9967586641138635,-3.6299729640529474e-23
55380,0.0,-1.7677258387318117e-25,9927.051527534048,0.9967586641138286,-3.6982767013585815e-23
55440,0.0,-2.0782611091786877e-25,9927.051527540863,0.996758664113757,-3.74854044753584e-23
55500,0.0,-2.346857240681567e-25,9927.051527551177,0.996758664113649,-3.780764202584723e-23
55560,0.0,-2.573514233240449e-25,9927.05152756499,0.9967586641135042,-3.794947966505229e-23
55620,0.0,-2.758232086855332e-25,9927.051527582305,0.9967586641133229,-3.7910917392973593e-23
55680,0.0,-2.901010801526218e-25,9927.051527603118,0.996758664113105,-3.769195520961114e-23
55740,0.0,-3.0018503772531063e-25,9927.051527627433,0.9967586641128505,-3.729259311496492e-23
55800,0.0,-3.060750814035996e-25,9927.051527655245,0.9967586641125594,-3.671283110903494e-23
55860,0.0,-3.0777121118748884e-25,9927.051527686559,0.9967586641122317,-3.5952669191821207e-23
55920,0.0,-3.0527342707697823e-25,9927.051527721373,0.9967586641118673,-3.5012107363323704e-23
55980,0.0,-2.9858172907206792e-25,9927.051527759684,0.9967586641114664,-3.389114562354245e-23
56040,0.0,-2.876961171727578e-25,9927.051527801497,0.9967586641110289,-3.2589783972477435e-23
56100,0.0,-2.7261659137904797e-25,9927.05152784681,0.9967586641105548,-3.1108022410128657e-23
56160,0.0,-2.5334315169093827e-25,9927.051527895623,0.9967586641100441,-2.944586093649612e-23
56220,0.0,-2.2987579810842884e-25,9927.051527947933,0.9967586641094968,-2.760329955157982e-23
56280,0.0,-2.0221453063151955e-25,9927.051528003745,0.9967586641089129,-2.5580338255379765e-23
56340,0.0,-1.7035934926021053e-25,9927.051528063057,0.9967586641082924,-2.3376977047895948e-23
56400,0.0,-1.3431025399450175e-25,9927.051528125869,0.9967586641076353,-2.0993215929128373e-23
56460,0.0,-9.406724483439317e-26,9927.05152819218,0.9967586641069415,-1.8429054899077034e-23
56520,0.0,-4.963032177988482e-26,9927.05152826199,0.9967586641062112,-1.568449395774194e-23
56580,0.0,-9.994848309766744e-28,9927.051528335302,0.9967586641054443,-1.2759533105123082e-23
56640,0.0,-1.080354119777852e-25,9927.051528262618,0.9967586641062043,-1.694995519024145e-23
56700,0.0,-2.2206652810865803e-25,9927.05152818297,0.9967586641070371,-2.1470629926688058e-23
56760,0.0,-3.3437697796447374e-25,9927.051528104512,0.9967586641078574,-2.5923779773960318e-23
56820,0.0,-4.449667615452294e-25,9927.051528027238,0.9967586641086654,-3.0309404732058227e-23
56880,0.0,-5.538358788509222e-25,9927.051527951153,0.996758664109461,-3.4627504800981785e-23
56940,0.0,-6.60984329881555e-25,9927.051527876252,0.9967586641102442,-3.8878079980730993e-23
57000,0.0,-7.664121146371305e-25,9927.051527802541,0.9967586641110149,-4.3061130271305945e-23
57060,0.0,-8.701192331176433e-25,9927.051527730016,0.9967586641117732,-4.717665567270645e-23
57120,0.0,-9.72105685323099e-25,9927.051527658678,0.9967586641125191,-5.1224656184932615e-23
57180,0.0,-1.0723714712534918e-24,9927.051527588526,0.9967586641132526,-5.520513180798443e-23
57240,0.0,-1.1709165909088272e-24,9927.051527519563,0.9967586641139737,-5.911808254186197e-23
57300,0.0,-1.2677410442891e-24,9927.051527451786,0.9967586641146824,-6.296350838656509e-23
57360,0.0,-1.3628448313943156e-24,9927.051527385194,0.9967586641153787,-6.674140934209385e-23
57420,0.0,-1.4562279522244685e-24,9927.05152731979,0.9967586641160625,-7.045178540844826e-23
57480,0.0,-1.5478904067795637e-24,9927.051527255575,0.996758664116734,-7.409463658562832e-23
57540,0.0,-1.6378321950595965e-24,9927.051527192545,0.996758664117393,-7.766996287363403e-23
57600,0.0,-1.726053317064572e-24,9927.051527130703,0.9967586641180397,-8.117776427246541e-23
57660,0.0,-1.812553772794485e-24,9927.051527070047,0.9967586641186739,-8.461804078212242e-23
57720,0.0,-1.89733356224934e-24,9927.051527010579,0.9967586641192957,-8.799079240260517e-23
57780,0.0,-1.980392685429133e-24,9927.051526952297,0.9967586641199051,-9.129601913391348e-23
57840,0.0,-2.061731142333868e-24,9927.051526895202,0.9967586641205021,-9.453372097604745e-23
57900,0.0,-2.141348932963541e-24,9927.051526839294,0.9967586641210867,-9.770389792900707e-23
57960,0.0,-2.219246057318156e-24,9927.051526784573,0.9967586641216588,-1.0080654999279232e-22
58020,0.0,-2.29542251539771e-24,9927.051526731038,0.9967586641222186,-1.0384167716740324e-22
58080,0.0,-2.3698783072022028e-24,9927.051526678692,0.9967586641227659,-1.068092794528398e-22
58140,0.0,-2.442613432731638e-24,9927.051526627532,0.9967586641233008,-1.097093568491021e-22
58200,0.0,-2.5136278919860117e-24,9927.05152657756,0.9967586641238234,-1.1254190935618997e-22
58260,0.0,-2.582921684965326e-24,9927.051526528772,0.9967586641243334,-1.1530693697410349e-22
58320,0.0,-2.6504948116695786e-24,9927.051526481173,0.9967586641248312,-1.1800443970284266e-22
58380,0.0,-2.7163472720987735e-24,9927.051526434761,0.9967586641253164,-1.2063441754240756e-22
58440,0.0,-2.7804790662529075e-24,9927.051526389536,0.9967586641257894,-1.2319687049279802e-22
58500,0.0,-2.8428901941319814e-24,9927.051526345496,0.9967586641262498,-1.2569179855401416e-22
58560,0.0,-2.9035806557359944e-24,9927.051526302646,0.9967586641266979,-1.2811920172605593e-22
58620,0.0,-2.962550451064949e-24,9927.05152626098,0.9967586641271335,-1.3047908000892333e-22
58680,0.0,-3.019799580118843e-24,9927.051526220504,0.9967586641275568,-1.3277143340261641e-22
58740,0.0,-3.075328042897677e-24,9927.051526181212,0.9967586641279675,-1.3499626190713515e-22
58800,0.0,-3.1291358394014497e-24,9927.05152614311,0.996758664128366,-1.3715356552247952e-22
58860,0.0,-3.181222969630164e-24,9927.051526106192,0.996758664128752,-1.392433442486496e-22
58920,0.0,-3.231589433583818e-24,9927.051526070463,0.9967586641291256,-1.4126559808564528e-22
58980,0.0,-3.2802352312624112e-24,9927.051526035919,0.9967586641294868,-1.4322032703346661e-22
59040,0.0,-3.327160362665945e-24,9927.051526002564,0.9967586641298356,-1.4510753109211358e-22
59100,0.0,-3.372364827794419e-24,9927.051525970395,0.9967586641301719,-1.469272102615862e-22
59160,0.0,-3.415848626647833e-24,9927.051525939412,0.9967586641304959,-1.486793645418845e-22
59220,0.0,-3.457611759226186e-24,9927.051525909617,0.9967586641308074,-1.5036399393300844e-22
59280,0.0,-3.4976542255294804e-24,9927.05152588101,0.9967586641311065,-1.5198109843495803e-22
59340,0.0,-3.535976025557714e-24,9927.051525853589,0.9967586641313932,-1.5353067804773328e-22
59400,0.0,-3.5725771593108884e-24,9927.051525827354,0.9967586641316676,-1.5501273277133416e-22
59460,0.0,-3.607457626789001e-24,9927.051525802306,0.9967586641319295,-1.564272626057607e-22
59520,0.0,-3.640617427992055e-24,9927.051525778446,0.996758664132179,-1.5777426755101288e-22
59580,0.0,-3.672056562920049e-24,9927.051525755773,0.996758664132416,-1.5905374760709072e-22
59640,0.0,-3.701775031572983e-24,9927.051525734287,0.9967586641326407,-1.602657027739942e-22
59700,0.0,-3.7297728339508555e-24,9927.051525713987,0.9967586641328529,-1.6141013305172333e-22
59760,0.0,-3.75604997005367e-24,9927.051525694875,0.9967586641330527,-1.6248703844027817e-22
59820,0.0,-3.780606439881424e-24,9927.051525676949,0.9967586641332402,-1.6349641893965856e-22
59880,0.0,-3.8034422434341176e-24,9927.05152566021,0.9967586641334152,-1.6443827454986466e-22
59940,0.0,-3.82455738071175e-24,9927.051525644658,0.9967586641335778,-1.653126052708964e-22
60000,0.0,-3.843951851714324e-24,9927.051525630293,0.996758664133728,-1.661194111027538e-22
60060,0.0,-3.861625656441838e-24,9927.051525617115,0.9967586641338658,-1.6685869204543684e-22
60120,0.0,-3.877578794894292e-24,9927.051525605124,0.9967586641339912,-1.6753044809894554e-22
60180,0.0,-3.891811267071684e-24,9927.051525594321,0.9967586641341041,-1.6813467926327987e-22
60240,0.0,-3.904323072974018e-24,9927.051525584704,0.9967586641342047,-1.6867138553843988e-22
60300,0.0,-3.9151142126012915e-24,9927.051525576273,0.9967586641342928,-1.6914056692442552e-22
60360,0.0,-3.924184685953505e-24,9927.05152556903,0.9967586641343685,-1.6954222342123681e-22
60420,0.0,-3.931534493030658e-24,9927.051525562974,0.9967586641344319,-1.6987635502887374e-22
60480,0.0,-3.937163633832752e-24,9927.051525558105,0.9967586641344828,-1.7014296174733632e-22
60540,0.0,-3.941072108359786e-24,9927.051525554423,0.9967586641345213,-1.7034204357662459e-22
60600,0.0,-3.943259916611759e-24,9927.051525551928,0.9967586641345474,-1.7047360051673848e-22
60660,0.0,-3.9437270585886724e-24,9927.05152555062,0.996758664134561,-1.7053763256767803e-22
60720,0.0,-3.942473534290526e-24,9927.051525550498,0.9967586641345623,-1.705341397294432e-22
60780,0.0,-3.93949934371732e-24,9927.051525551562,0.9967586641345512,-1.7046312200203405e-22
60840,0.0,-3.934804486869053e-24,9927.051525553816,0.9967586641345276,-1.7032457938545056e-22
60900,0.0,-3.9283889637457264e-24,9927.051525557255,0.9967586641344917,-1.701185118796927e-22
60960,0.0,-3.920252774347339e-24,9927.051525561881,0.9967586641344433,-1.6984491948476051e-22
61020,0.0,-3.9103959186738926e-24,9927.051525567695,0.9967586641343825,-1.6950380220065393e-22
61080,0.0,-3.898818396725386e-24,9927.051525574694,0.9967586641343092,-1.6909516002737304e-22
61140,0.0,-3.8855202085018196e-24,9927.051525582881,0.9967586641342236,-1.6861899296491779e-22
61200,0.0,-3.8705013540031925e-24,9927.051525592256,0.9967586641341256,-1.680753010132882e-22
61260,0.0,-3.853761833229506e-24,9927.051525602817,0.9967586641340153,-1.6746408417248425e-22
61320,0.0,-3.8353016461807595e-24,9927.051525614565,0.9967586641338924,-1.6678534244250591e-22
61380,0.0,-3.815120792856952e-24,9927.0515256275,0.9967586641337571,-1.6603907582335328e-22
61440,0.0,-3.793219273258086e-24,9927.051525641622,0.9967586641336095,-1.6522528431502628e-22
61500,0.0,-3.769597087384159e-24,9927.05152565693,0.9967586641334494,-1.6434396791752494e-22
61560,0.0,-3.744254235235172e-24,9927.051525673425,0.9967586641332769,-1.6339512663084923e-22
61620,0.0,-3.717190716811125e-24,9927.05152569111,0.996758664133092,-1.6237876045499917e-22
61680,0.0,-3.688406532112018e-24,9927.051525709978,0.9967586641328947,-1.6129486938997477e-22
61740,0.0,-3.6579016811378514e-24,9927.051525730034,0.996758664132685,-1.6014345343577602e-22
61800,0.0,-3.625676163888625e-24,9927.051525751278,0.9967586641324628,-1.5892451259240293e-22
61860,0.0,-3.591729980364338e-24,9927.05152577371,0.9967586641322284,-1.5763804685985547e-22
61920,0.0,-3.5560631305649914e-24,9927.051525797326,0.9967586641319813,-1.5628405623813367e-22
61980,0.0,-3.518675614490584e-24,9927.051525822131,0.996758664131722,-1.5486254072723753e-22
62040,0.0,-3.479567432141118e-24,9927.051525848123,0.9967586641314502,-1.5337350032716703e-22
62100,0.0,-3.43873858351659e-24,9927.0515258753,0.9967586641311661,-1.5181693503792217e-22
62160,0.0,-3.396189068617004e-24,9927.051525903666,0.9967586641308694,-1.5019284485950297e-22
62220,0.0,-3.3519188874423564e-24,9927.051525933217,0.9967586641305605,-1.4850122979190942e-22
62280,0.0,-3.30592803999265e-24,9927.051525963956,0.9967586641302391,-1.4674208983514153e-22
62340,0.0,-3.2582165262678825e-24,9927.051525995883,0.9967586641299052,-1.449154249891993e-22
62400,0.0,-3.208784346268056e-24,9927.051526028996,0.9967586641295589,-1.430212352540827e-22
62460,0.0,-3.1576314999931688e-24,9927.051526063295,0.9967586641292003,-1.4105952062979174e-22
62520,0.0,-3.1047579874432222e-24,9927.051526098783,0.9967586641288293,-1.3903028111632646e-22
62580,0.0,-3.050163808618215e-24,9927.051526135456,0.9967586641284458,-1.369335167136868e-22
62640,0.0,-2.993848963518148e-24,9927.051526173316,0.9967586641280499,-1.3476922742187284e-22
62700,0.0,-2.9358134521430207e-24,9927.051526212364,0.9967586641276416,-1.3253741324088447e-22
62760,0.0,-2.876057274492834e-24,9927.051526252599,0.9967586641272209,-1.3023807417072177e-22
62820,0.0,-2.8145804305675867e-24,9927.05152629402,0.9967586641267878,-1.2787121021138473e-22
62880,0.0,-2.7513829203672797e-24,9927.051526336629,0.9967586641263423,-1.2543682136287335e-22
62940,0.0,-2.686464743891912e-24,9927.051526380425,0.9967586641258843,-1.2293490762518762e-22
63000,0.0,-2.6198259011414856e-24,9927.051526425406,0.996758664125414,-1.203654689983275e-22
63060,0.0,-2.5514663921159985e-24,9927.051526471576,0.9967586641249312,-1.1772850548229308e-22
63120,0.0,-2.4813862168154513e-24,9927.051526518933,0.996758664124436,-1.150240170770843e-22
63180,0.0,-2.4095853752398443e-24,9927.051526567477,0.9967586641239284,-1.1225200378270114e-22
63240,0.0,-2.336063867389177e-24,9927.051526617206,0.9967586641234085,-1.0941246559914364e-22
63300,0.0,-2.26082169326345e-24,9927.051526668123,0.9967586641228761,-1.065054025264118e-22
63360,0.0,-2.1838588528626628e-24,9927.051526720228,0.9967586641223313,-1.035308145645056e-22
63420,0.0,-2.1051753461868156e-24,9927.051526773519,0.996758664121774,-1.0048870171342508e-22
63480,0.0,-2.0247711732359086e-24,9927.051526827996,0.9967586641212044,-9.737906397317018e-23
63540,0.0,-1.9426463340099407e-24,9927.05152688366,0.9967586641206224,-9.420190134374093e-23
63600,0.0,-1.858800828508914e-24,9927.051526940513,0.9967586641200279,-9.095721382513734e-23
63660,0.0,-1.7732346567328264e-24,9927.051526998552,0.996758664119421,-8.76450014173594e-23
63720,0.0,-1.6859478186816796e-24,9927.051527057778,0.9967586641188018,-8.426526412040711e-23
63780,0.0,-1.596940314355472e-24,9927.05152711819,0.99675866411817,-8.081800193428049e-23
63840,0.0,-1.5062121437542048e-24,9927.05152717979,0.996758664117526,-7.73032148589795e-23
63900,0.0,-1.4137633068778774e-24,9927.051527242576,0.9967586641168695,-7.372090289450415e-23
63960,0.0,-1.3195938037264901e-24,9927.05152730655,0.9967586641162006,-7.007106604085447e-23
64020,0.0,-1.2237036343000428e-24,9927.05152737171,0.9967586641155193,-6.635370429803042e-23
64080,0.0,-1.1260927985985357e-24,9927.051527438058,0.9967586641148255,-6.256881766603204e-23
64140,0.0,-1.0267612966219682e-24,9927.051527505593,0.9967586641141194,-5.871640614485932e-23
64200,0.0,-9.25709128370341e-25,9927.051527574315,0.9967586641134007,-5.479646973451222e-23
64260,0.0,-8.229362938436535e-25,9927.051527644222,0.9967586641126698,-5.080900843499079e-23
64320,0.0,-7.184427930419062e-25,9927.051527715317,0.9967586641119264,-4.6754022246295e-23
64380,0.0,-6.122286259650987e-25,9927.0515277876,0.9967586641111706,-4.2631511168424865e-23
64440,0.0,-5.042937926132314e-25,9927.05152786107,0.9967586641104024,-3.844147520138038e-23
64500,0.0,-3.94638292986304e-25,9927.051527935724,0.9967586641096218,-3.418391434516155e-23
64560,0.0,-2.8326212708431655e-25,9927.051528011567,0.9967586641088287,-2.9858828599768365e-23
64620,0.0,-1.7016529490726913e-25,9927.051528088597,0.9967586641080234,-2.546621796520083e-23
64680,0.0,-5.534779645516166e-26,9927.051528166814,0.9967586641072055,-2.1006082441458946e-23
64740,0.0,-7.308270848145881e-29,9927.051528207885,0.996758664106776,-1.883578115095668e-23
64800,0.0,-7.90644743189323e-29,9927.051528214475,0.9967586641067071,-1.8791312969391506e-23
64860,0.0,-8.49487848569491e-29,9927.051528221178,0.996758664106637,-1.8745525744683988e-23
64920,0.0,-9.07356400955092e-29,9927.05152822799,0.9967586641065659,-1.8698419476834128e-23
64980,0.0,-9.64250400346126e-29,9927.051528234912,0.9967586641064935,-1.8649994165841923e-23
65040,0.0,-1.0201698467425947e-28,9927.051528241946,0.99675866410642,-1.8600249811707373e-23
65100,0.0,-1.0751147401444945e-28,9927.051528249089,0.9967586641063453,-1.8549186414430484e-23
65160,0.0,-1.1290850805518275e-28,9927.051528256341,0.9967586641062695,-1.849680397401125e-23
65220,0.0,-1.1820808679645935e-28,9927.051528263706,0.9967586641061925,-1.844310249044967e-23
65280,0.0,-1.234102102382794e-28,9927.05152827118,0.9967586641061144,-1.838808196374575e-23
65340,0.0,-1.2851487838064258e-28,9927.051528278764,0.9967586641060351,-1.8331742393899487e-23
65400,0.0,-1.3352209122354908e-28,9927.05152828646,0.9967586641059546,-1.8274083780910878e-23
65460,0.0,-1.3843184876699887e-28,9927.051528294265,0.9967586641058731,-1.8215106124779928e-23
65520,0.0,-1.4324415101099203e-28,9927.05152830218,0.9967586641057903,-1.8154809425506633e-23
65580,0.0,-1.4795899795552843e-28,9927.051528310207,0.9967586641057065,-1.8093193683090992e-23
65640,0.0,-1.525763896006081e-28,9927.051528318343,0.9967586641056213,-1.8030258897533015e-23
65700,0.0,-1.5709632594623117e-28,9927.05152832659,0.9967586641055352,-1.7966005068832688e-23
65760,0.0,-1.6151880699239746e-28,9927.051528334947,0.9967586641054478,-1.7900432196990018e-23
65820,0.0,-1.6584383273910704e-28,9927.051528343414,0.9967586641053593,-1.783354028200501e-23
65880,0.0,-1.7007140318635993e-28,9927.051528351993,0.9967586641052696,-1.7765329323877653e-23
65940,0.0,-1.7420151833415617e-28,9927.05152836068,0.9967586641051788,-1.7695799322607954e-23
66000,0.0,-1.7823417818249565e-28,9927.051528369479,0.9967586641050868,-1.7624950278195913e-23
66060,0.0,-1.821693827313785e-28,9927.051528378388,0.9967586641049937,-1.755278219064153e-23
66120,0.0,-1.860071319808046e-28,9927.051528387408,0.9967586641048994,-1.7479295059944799e-23
66180,0.0,-1.8974742593077403e-28,9927.051528396538,0.996758664104804,-1.7404488886105728e-23
66240,0.0,-1.9339026458128671e-28,9927.051528405778,0.9967586641047074,-1.7328363669124316e-23
66300,0.0,-1.969356479323427e-28,9927.051528415128,0.9967586641046096,-1.7250919409000553e-23
66360,0.0,-2.0038357598394196e-28,9927.051528424588,0.9967586641045107,-1.7172156105734453e-23
66420,0.0,-2.0373404873608457e-28,9927.05152843416,0.9967586641044106,-1.709207375932601e-23
66480,0.0,-2.0698706618877045e-28,9927.051528443842,0.9967586641043095,-1.7010672369775216e-23
66540,0.0,-2.1014262834199965e-28,9927.051528453634,0.9967586641042071,-1.6927951937082088e-23
66600,0.0,-2.1320073519577212e-28,9927.051528463537,0.9967586641041036,-1.684391246124661e-23
66660,0.0,-2.16161386750088e-28,9927.051528473548,0.9967586641039989,-1.6758553942268792e-23
66720,0.0,-2.1902458300494706e-28,9927.051528483671,0.9967586641038931,-1.667187638014863e-23
66780,0.0,-2.2179032396034943e-28,9927.051528493905,0.9967586641037861,-1.6583879774886126e-23
66840,0.0,-2.2445860961629517e-28,9927.05152850425,0.996758664103678,-1.6494564126481275e-23
66900,0.0,-2.2702943997278413e-28,9927.051528514703,0.9967586641035687,-1.6403929434934082e-23
66960,0.0,-2.295028150298164e-28,9927.051528525268,0.9967586641034583,-1.631197570024455e-23
67020,0.0,-2.3187873478739196e-28,9927.051528535943,0.9967586641033467,-1.6218702922412667e-23
67080,0.0,-2.3415719924551087e-28,9927.051528546728,0.996758664103234,-1.6124111101438444e-23
67140,0.0,-2.3633820840417305e-28,9927.051528557624,0.9967586641031201,-1.602820023732188e-23
67200,0.0,-2.3842176226337855e-28,9927.05152856863,0.996758664103005,-1.593097033006297e-23
67260,0.0,-2.4040786082312733e-28,9927.051528579746,0.9967586641028888,-1.583242137966172e-23
67320,0.0,-2.422965040834194e-28,9927.051528590973,0.9967586641027715,-1.5732553386118123e-23
67380,0.0,-2.4408769204425477e-28,9927.05152860231,0.9967586641026529,-1.5631366349432182e-23
67440,0.0,-2.4578142470563345e-28,9927.051528613758,0.9967586641025332,-1.5528860269603898e-23
67500,0.0,-2.4737770206755544e-28,9927.051528625316,0.9967586641024124,-1.5425035146633275e-23
67560,0.0,-2.488765241300207e-28,9927.051528636983,0.9967586641022904,-1.5319890980520302e-23
67620,0.0,-2.502778908930293e-28,9927.051528648763,0.9967586641021673,-1.521342777126499e-23
67680,0.0,-2.5158180235658114e-28,9927.051528660651,0.9967586641020431,-1.5105645518867337e-23
67740,0.0,-2.527882585206763e-28,9927.051528672651,0.9967586641019176,-1.4996544223327337e-23
67800,0.0,-2.5389725938531484e-28,9927.05152868476,0.996758664101791,-1.488612388464499e-23
67860,0.0,-2.549088049504966e-28,9927.05152869698,0.9967586641016632,-1.4774384502820305e-23
67920,0.0,-2.558228952162216e-28,9927.051528709311,0.9967586641015344,-1.4661326077853276e-23
67980,0.0,-2.5663953018249e-28,9927.051528721751,0.9967586641014043,-1.4546948609743902e-23
68040,0.0,-2.5735870984930167e-28,9927.051528734302,0.9967586641012731,-1.4431252098492185e-23
68100,0.0,-2.579804342166566e-28,9927.051528746964,0.9967586641011408,-1.4314236544098127e-23
68160,0.0,-2.5850470328455485e-28,9927.051528759735,0.9967586641010073,-1.4195901946561724e-23
68220,0.0,-2.589315170529964e-28,9927.051528772618,0.9967586641008727,-1.4076248305882975e-23
68280,0.0,-2.5926087552198125e-28,9927.05152878561,0.9967586641007368,-1.3955275622061885e-23
68340,0.0,-2.594927786915095e-28,9927.051528798715,0.9967586641005999,-1.3832983895098452e-23
68400,0.0,-2.596272265615809e-28,9927.051528811928,0.9967586641004617,-1.3709373124992674e-23
68460,0.0,-2.5966421913219566e-28,9927.051528825252,0.9967586641003224,-1.3584443311744555e-23
68520,0.0,-2.596037564033537e-28,9927.051528838685,0.996758664100182,-1.345819445535409e-23
68580,0.0,-2.594458383750551e-28,9927.05152885223,0.9967586641000404,-1.3330626555821283e-23
68640,0.0,-2.5919046504729974e-28,9927.051528865884,0.9967586640998977,-1.3201739613146134e-23
68700,0.0,-2.5883763642008766e-28,9927.05152887965,0.9967586640997538,-1.307153362732864e-23
68760,0.0,-2.583873524934189e-28,9927.051528893526,0.9967586640996088,-1.2940008598368803e-23
68820,0.0,-2.5783961326729344e-28,9927.051528907512,0.9967586640994626,-1.2807164526266623e-23
68880,0.0,-2.571944187417113e-28,9927.051528921607,0.9967586640993151,-1.26730014110221e-23
68940,0.0,-2.5645176891667245e-28,9927.051528935814,0.9967586640991667,-1.2537519252635231e-23
69000,0.0,-2.556116637921769e-28,9927.05152895013,0.996758664099017,-1.2400718051106021e-23
69060,0.0,-2.5467410336822467e-28,9927.05152896456,0.9967586640988662,-1.2262597806434467e-23
69120,0.0,-2.5363908764481567e-28,9927.051528979096,0.9967586640987142,-1.212315851862057e-23
69180,0.0,-2.5250661662195e-28,9927.051528993745,0.9967586640985611,-1.1982400187664329e-23
69240,0.0,-2.5127669029962766e-28,9927.051529008504,0.9967586640984069,-1.1840322813565744e-23
69300,0.0,-2.499493086778486e-28,9927.051529023372,0.9967586640982514,-1.1696926396324816e-23
69360,0.0,-2.4852447175661283e-28,9927.051529038352,0.9967586640980948,-1.1552210935941547e-23
69420,0.0,-2.4700217953592036e-28,9927.05152905344,0.9967586640979371,-1.1406176432415932e-23
69480,0.0,-2.4538243201577117e-28,9927.051529068642,0.9967586640977781,-1.1258822885747975e-23
69540,0.0,-2.4366522919616534e-28,9927.051529083952,0.9967586640976182,-1.1110150295937674e-23
69600,0.0,-2.418505710771028e-28,9927.051529099372,0.996758664097457,-1.0960158662985029e-23
69660,0.0,-2.399384576585835e-28,9927.051529114904,0.9967586640972945,-1.080884798689004e-23
69720,0.0,-2.379288889406075e-28,9927.051529130546,0.9967586640971311,-1.0656218267652711e-23
69780,0.0,-2.358218649231748e-28,9927.051529146296,0.9967586640969665,-1.0502269505273034e-23
69840,0.0,-2.336173856062855e-28,9927.05152916216,0.9967586640968006,-1.0347001699751017e-23
69900,0.0,-2.313154509899394e-28,9927.051529178132,0.9967586640966336,-1.0190414851086656e-23
69960,0.0,-2.2891606107413666e-28,9927.051529194214,0.9967586640964655,-1.0032508959279952e-23
70020,0.0,-2.2641921585887714e-28,9927.051529210408,0.9967586640962962,-9.873284024330902e-24
70080,0.0,-2.2382491534416097e-28,9927.051529226712,0.9967586640961258,-9.712740046239512e-24
70140,0.0,-2.211331595299881e-28,9927.051529243125,0.9967586640959543,-9.550877025005776e-24
70200,0.0,-2.183439484163585e-28,9927.05152925965,0.9967586640957815,-9.387694960629698e-24
70260,0.0,-2.1545728200327225e-28,9927.051529276285,0.9967586640956076,-9.223193853111276e-24
70320,0.0,-2.1247316029072926e-28,9927.05152929303,0.9967586640954326,-9.057373702450512e-24
70380,0.0,-2.0939158327872954e-28,9927.051529309885,0.9967586640952564,-8.890234508647403e-24
70440,0.0,-2.062125509672732e-28,9927.05152932685,0.996758664095079,-8.721776271701953e-24
70500,0.0,-2.0293606335636006e-28,9927.051529343928,0.9967586640949005,-8.551998991614158e-24
70560,0.0,-1.995621204459903e-28,9927.051529361113,0.9967586640947208,-8.380902668384016e-24
70620,0.0,-1.960907222361638e-28,9927.051529378412,0.9967586640945401,-8.208487302011535e-24
70680,0.0,-1.9252186872688058e-28,9927.051529395818,0.9967586640943581,-8.034752892496711e-24
70740,0.0,-1.8885555991814072e-28,9927.051529413337,0.9967586640941749,-7.859699439839542e-24
70800,0.0,-1.850917958099441e-28,9927.051529430964,0.9967586640939907,-7.683326944040029e-24
70860,0.0,-1.8123057640229083e-28,9927.051529448703,0.9967586640938052,-7.505635405098176e-24
70920,0.0,-1.7727190169518085e-28,9927.051529466551,0.9967586640936187,-7.326624823013976e-24
70980,0.0,-1.7321577168861414e-28,9927.05152948451,0.996758664093431,-7.146295197787434e-24
71040,0.0,-1.6906218638259073e-28,9927.05152950258,0.9967586640932421,-6.964646529418548e-24
71100,0.0,-1.648111457771106e-28,9927.05152952076,0.996758664093052,-6.781678817907317e-24
71160,0.0,-1.604626498721738e-28,9927.05152953905,0.9967586640928608,-6.597392063253746e-24
71220,0.0,-1.560166986677803e-28,9927.051529557451,0.9967586640926684,-6.411786265457831e-24
71280,0.0,-1.514732921639301e-28,9927.051529575961,0.9967586640924749,-6.2248614245195714e-24
71340,0.0,-1.468324303606232e-28,9927.051529594584,0.9967586640922803,-6.036617540438969e-24
71400,0.0,-1.420941132578596e-28,9927.051529613316,0.9967586640920845,-5.847054613216024e-24
71460,0.0,-1.3725834085563926e-28,9927.051529632157,0.9967586640918875,-5.6561726428507334e-24
71520,0.0,-1.3232511315396227e-28,9927.05152965111,0.9967586640916895,-5.4639716293431015e-24
71580,0.0,-1.2729443015282857e-28,9927.051529670172,0.9967586640914902,-5.270451572693126e-24
71640,0.0,-1.2216629185223816e-28,9927.051529689346,0.9967586640912897,-5.075612472900806e-24
71700,0.0,-1.1694069825219105e-28,9927.05152970863,0.9967586640910882,-4.879454329966144e-24
71760,0.0,-1.1161764935268723e-28,9927.051529728024,0.9967586640908854,-4.6819771438891375e-24
71820,0.0,-1.061971451537267e-28,9927.051529747529,0.9967586640906815,-4.483180914669788e-24
71880,0.0,-1.0067918565530951e-28,9927.051529767143,0.9967586640904764,-4.283065642308095e-24
71940,0.0,-9.506377085743558e-29,9927.051529786868,0.9967586640902703,-4.081631326804059e-24
72000,0.0,-8.935090076010495e-29,9927.051529806704,0.996758664090063,-3.878877968157679e-24
72060,0.0,-8.354057536331763e-29,9927.05152982665,0.9967586640898545,-3.6748055663689555e-24
72120,0.0,-7.763279466707361e-29,9927.051529846705,0.9967586640896448,-3.46941412143789e-24
72180,0.0,-7.162755867137289e-29,9927.051529866872,0.9967586640894339,-3.2627036333644798e-24
72240,0.0,-6.552486737621547e-29,9927.051529887149,0.996758664089222,-3.0546741021487266e-24
72300,0.0,-5.932472078160134e-29,9927.051529907536,0.9967586640890089,-2.8453255277906302e-24
72360,0.0,-5.302711888753051e-29,9927.051529928034,0.9967586640887947,-2.6346579102901906e-24
72420,0.0,-4.6632061694002974e-29,9927.051529948641,0.9967586640885792,-2.422671249647407e-24
72480,0.0,-4.0139549201018746e-29,9927.05152996936,0.9967586640883627,-2.2093655458622804e-24
72540,0.0,-3.354958140857782e-29,9927.051529990189,0.9967586640881448,-1.9947407989348105e-24
72600,0.0,-2.6862158316680187e-29,9927.051530011127,0.996758664087926,-1.778797008864997e-24
72660,0.0,-2.0077279925325851e-29,9927.051530032177,0.996758664087706,-1.56153417565284e-24
72720,0.0,-1.3194946234514816e-29,9927.051530053337,0.9967586640874848,-1.34295229929834e-24
72780,0.0,-6.2151572442470794e-30,9927.051530074608,0.9967586640872624,-1.1230513798014963e-24
72840,0.0,3.5225786472437873e-29,9927.051530698454,0.9967586640807412,7.464553493774294e-24
72900,0.0,3.4965590591652723e-29,9927.051530699015,0.9967586640807353,7.411040720391021e-24
72960,0.0,3.4705394710867574e-29,9927.051530699573,0.9967586640807296,7.357527947007748e-24
73020,0.0,3.444519883008242e-29,9927.051530700131,0.9967586640807237,7.304015173624475e-24
73080,0.0,3.4185002949297263e-29,9927.051530700692,0.9967586640807178,7.250502400241201e-24
73140,0.0,3.3924807068512113e-29,9927.05153070125,0.996758664080712,7.196989626857928e-24
73200,0.0,3.3664611187726963e-29,9927.05153070181,0.9967586640807061,7.143476853474655e-24
73260,0.0,3.3404415306941814e-29,9927.051530702369,0.9967586640807002,7.089964080091382e-24
73320,0.0,3.3144219426156664e-29,9927.051530702929,0.9967586640806945,7.036451306708109e-24
73380,0.0,3.288402354537151e-29,9927.051530703488,0.9967586640806886,6.982938533324835e-24
73440,0.0,3.2623827664586353e-29,9927.051530704048,0.9967586640806827,6.929425759941562e-24
73500,0.0,3.2363631783801203e-29,9927.051530704606,0.9967586640806769,6.875912986558289e-24
73560,0.0,3.2103435903016054e-29,9927.051530705165,0.996758664080671,6.822400213175017e-24
73620,0.0,3.1843240022230904e-29,9927.051530705725,0.9967586640806652,6.768887439791744e-24
73680,0.0,3.158304414144575e-29,9927.051530706283,0.9967586640806594,6.71537466640847e-24
73740,0.0,3.13228482606606e-29,9927.051530706844,0.9967586640806535,6.661861893025196e-24
73800,0.0,3.1062652379875443e-29,9927.051530707402,0.9967586640806476,6.608349119641923e-24
73860,0.0,3.0802456499090293e-29,9927.051530707962,0.9967586640806418,6.5548363462586505e-24
73920,0.0,3.0542260618305144e-29,9927.05153070852,0.996758664080636,6.501323572875377e-24
73980,0.0,3.028206473751999e-29,9927.051530709079,0.9967586640806301,6.447810799492103e-24
74040,0.0,3.002186885673484e-29,9927.05153070964,0.9967586640806243,6.39429802610883e-24
74100,0.0,2.976167297594969e-29,9927.051530710198,0.9967586640806184,6.340785252725558e-24
74160,0.0,2.950147709516454e-29,9927.051530710758,0.9967586640806125,6.2872724793422845e-24
74220,0.0,2.9241281214379384e-29,9927.051530711316,0.9967586640806068,6.233759705959011e-24
74280,0.0,2.898108533359423e-29,9927.051530711877,0.9967586640806009,6.1802469325757374e-24
74340,0.0,2.872088945280908e-29,9927.051530712435,0.996758664080595,6.126734159192464e-24
74400,0.0,2.846069357202393e-29,9927.051530712995,0.9967586640805892,6.073221385809192e-24
74460,0.0,2.820049769123878e-29,9927.051530713554,0.9967586640805833,6.0197086124259185e-24
74520,0.0,2.794030181045363e-29,9927.051530714112,0.9967586640805775,5.966195839042645e-24
74580,0.0,2.7680105929668474e-29,9927.051530714672,0.9967586640805717,5.9126830656593714e-24
74640,0.0,2.741991004888332e-29,9927.051530715231,0.9967586640805658,5.859170292276099e-24
74700,0.0,2.715971416809817e-29,9927.051530715791,0.9967586640805599,5.805657518892826e-24
74760,0.0,2.689951828731302e-29,9927.05153071635,0.9967586640805541,5.7521447455095525e-24
74820,0.0,2.663932240652787e-29,9927.05153071691,0.9967586640805483,5.69863197212628e-24
74880,0.0,2.6379126525742714e-29,9927.051530717468,0.9967586640805424,5.6451191987430054e-24
74940,0.0,2.6118930644957564e-29,9927.051530718027,0.9967586640805366,5.591606425359733e-24
75000,0.0,2.585873476417241e-29,9927.051530718587,0.9967586640805307,5.53809365197646e-24
75060,0.0,2.559853888338726e-29,9927.051530719145,0.9967586640805248,5.4845808785931865e-24
75120,0.0,2.5338343002602104e-29,9927.051530719706,0.996758664080519,5.4310681052099126e-24
75180,0.0,2.5078147121816954e-29,9927.051530720264,0.9967586640805132,5.37755533182664e-24
75240,0.0,2.4817951241031804e-29,9927.051530720824,0.9967586640805073,5.324042558443367e-24
75300,0.0,2.4557755360246652e-29,9927.051530721383,0.9967586640805015,5.270529785060094e-24
75360,0.0,2.4297559479461502e-29,9927.051530721943,0.9967586640804956,5.217017011676821e-24
75420,0.0,2.4037363598676346e-29,9927.051530722501,0.9967586640804897,5.163504238293547e-24
75480,0.0,2.3777167717891194e-29,9927.05153072306,0.996758664080484,5.109991464910274e-24
75540,0.0,2.3516971837106044e-29,9927.05153072362,0.9967586640804781,5.056478691527001e-24
75600,0.0,2.3256775956320894e-29,9927.051530724179,0.9967586640804722,5.002965918143728e-24
75660,0.0,2.2996580075535742e-29,9927.051530724739,0.9967586640804664,4.949453144760455e-24
75720,0.0,2.2736384194750586e-29,9927.051530725297,0.9967586640804605,4.895940371377181e-24
75780,0.0,2.2476188313965437e-29,9927.051530725857,0.9967586640804547,4.842427597993908e-24
75840,0.0,2.2215992433180284e-29,9927.051530726416,0.9967586640804489,4.788914824610635e-24
75900,0.0,2.1955796552395134e-29,9927.051530726974,0.996758664080443,4.7354020512273625e-24
75960,0.0,2.1695600671609982e-29,9927.051530727535,0.9967586640804371,4.6818892778440886e-24
76020,0.0,2.143540479082483e-29,9927.051530728093,0.9967586640804313,4.628376504460816e-24
76080,0.0,2.1175208910039677e-29,9927.051530728653,0.9967586640804255,4.574863731077542e-24
76140,0.0,2.0915013029254527e-29,9927.051530729212,0.9967586640804196,4.521350957694269e-24
76200,0.0,2.0654817148469377e-29,9927.051530729772,0.9967586640804138,4.4678381843109965e-24
76260,0.0,2.0394621267684222e-29,9927.05153073033,0.9967586640804079,4.4143254109277226e-24
76320,0.0,2.0134425386899072e-29,9927.05153073089,0.996758664080402,4.36081263754445e-24
76380,0.0,1.987422950611392e-29,9927.051530731449,0.9967586640803963,4.307299864161176e-24
76440,0.0,1.9614033625328767e-29,9927.051530732007,0.9967586640803904,4.253787090777904e-24
76500,0.0,1.9353837744543614e-29,9927.051530732568,0.9967586640803845,4.20027431739463e-24
76560,0.0,1.9093641863758464e-29,9927.051530733126,0.9967586640803787,4.146761544011357e-24
76620,0.0,1.8833445982973312e-29,9927.051530733686,0.9967586640803728,4.093248770628084e-24
76680,0.0,1.857325010218816e-29,9927.051530734245,0.996758664080367,4.039735997244811e-24
76740,0.0,1.831305422140301e-29,9927.051530734805,0.9967586640803612,3.986223223861538e-24
76800,0.0,1.8052858340617857e-29,9927.051530735363,0.9967586640803553,3.932710450478264e-24
76860,0.0,1.7792662459832704e-29,9927.051530735922,0.9967586640803494,3.879197677094991e-24
76920,0.0,1.7532466579047555e-29,9927.051530736482,0.9967586640803436,3.825684903711718e-24
76980,0.0,1.7272270698262402e-29,9927.05153073704,0.9967586640803378,3.772172130328445e-24
77040,0.0,1.701207481747725e-29,9927.0515307376,0.9967586640803319,3.718659356945172e-24
77100,0.0,1.6751878936692097e-29,9927.05153073816,0.9967586640803261,3.6651465835618985e-24
77160,0.0,1.6491683055906947e-29,9927.05153073872,0.9967586640803202,3.611633810178625e-24
77220,0.0,1.6231487175121792e-29,9927.051530739278,0.9967586640803143,3.558121036795352e-24
77280,0.0,1.5971291294336642e-29,9927.051530739838,0.9967586640803086,3.504608263412079e-24
77340,0.0,1.5711095413551492e-29,9927.051530740397,0.9967586640803027,3.451095490028806e-24
77400,0.0,1.5450899532766337e-29,9927.051530740955,0.9967586640802968,3.3975827166455325e-24
77460,0.0,1.5190703651981187e-29,9927.051530741515,0.996758664080291,3.344069943262259e-24
77520,0.0,1.4930507771196035e-29,9927.051530742074,0.9967586640802851,3.2905571698789858e-24
77580,0.0,1.4670311890410882e-29,9927.051530742634,0.9967586640802792,3.237044396495713e-24
77640,0.0,1.4410116009625732e-29,9927.051530743192,0.9967586640802735,3.18353162311244e-24
77700,0.0,1.414992012884058e-29,9927.051530743753,0.9967586640802676,3.1300188497291665e-24
77760,0.0,1.3889724248055427e-29,9927.051530744311,0.9967586640802617,3.0765060763458937e-24
77820,0.0,1.3629528367270275e-29,9927.051530744871,0.9967586640802559,3.02299330296262e-24
77880,0.0,1.3369332486485125e-29,9927.05153074543,0.99675866408025,2.969480529579347e-24
77940,0.0,1.3109136605699975e-29,9927.051530745988,0.9967586640802442,2.915967756196074e-24
78000,0.0,1.284894072491482e-29,9927.051530746548,0.9967586640802384,2.8624549828128006e-24
78060,0.0,1.258874484412967e-29,9927.051530747107,0.9967586640802325,2.8089422094295277e-24
78120,0.0,1.2328548963344516e-29,9927.051530747667,0.9967586640802266,2.755429436046254e-24
78180,0.0,1.2068353082559366e-29,9927.051530748226,0.9967586640802208,2.7019166626629813e-24
78240,0.0,1.1808157201774212e-29,9927.051530748786,0.996758664080215,2.6484038892797078e-24
78300,0.0,1.1547961320989061e-29,9927.051530749344,0.9967586640802091,2.594891115896435e-24
78360,0.0,1.1287765440203911e-29,9927.051530749903,0.9967586640802033,2.5413783425131617e-24
78420,0.0,1.1027569559418757e-29,9927.051530750463,0.9967586640801974,2.487865569129888e-24
78480,0.0,1.0767373678633606e-29,9927.051530751021,0.9967586640801915,2.4343527957466153e-24
78540,0.0,1.0507177797848455e-29,9927.051530751582,0.9967586640801858,2.380840022363342e-24
78600,0.0,1.0246981917063302e-29,9927.05153075214,0.9967586640801799,2.327327248980069e-24
78660,0.0,9.986786036278151e-30,9927.0515307527,0.996758664080174,2.2738144755967957e-24
78720,0.0,9.726590155492999e-30,9927.051530753259,0.9967586640801682,2.2203017022135225e-24
78780,0.0,9.466394274707848e-30,9927.051530753819,0.9967586640801623,2.1667889288302493e-24
78840,0.0,9.206198393922696e-30,9927.051530754377,0.9967586640801565,2.113276155446976e-24
78900,0.0,8.946002513137544e-30,9927.051530754936,0.9967586640801507,2.059763382063703e-24
78960,0.0,8.685806632352393e-30,9927.051530755496,0.9967586640801448,2.0062506086804297e-24
79020,0.0,8.42561075156724e-30,9927.051530756054,0.9967586640801389,1.9527378352971565e-24
79080,0.0,8.165414870782088e-30,9927.051530756615,0.9967586640801331,1.8992250619138834e-24
79140,0.0,7.905218989996938e-30,9927.051530757173,0.9967586640801273,1.8457122885306105e-24
79200,0.0,7.645023109211785e-30,9927.051530757733,0.9967586640801214,1.7921995151473373e-24
79260,0.0,7.384827228426633e-30,9927.051530758292,0.9967586640801156,1.738686741764064e-24
79320,0.0,7.124631347641481e-30,9927.05153075885,0.9967586640801097,1.685173968380791e-24
79380,0.0,6.864435466856329e-30,9927.05153075941,0.9967586640801038,1.6316611949975175e-24
79440,0.0,6.604239586071178e-30,9927.051530759969,0.9967586640800981,1.5781484216142443e-24
79500,0.0,6.344043705286027e-30,9927.05153076053,0.9967586640800922,1.5246356482309713e-24
79560,0.0,6.083847824500875e-30,9927.051530761088,0.9967586640800863,1.4711228748476981e-24
79620,0.0,5.823651943715722e-30,9927.051530761648,0.9967586640800805,1.417610101464425e-24
79680,0.0,5.56345606293057e-30,9927.051530762206,0.9967586640800746,1.3640973280811517e-24
79740,0.0,5.303260182145419e-30,9927.051530762767,0.9967586640800687,1.3105845546978785e-24
79800,0.0,5.043064301360267e-30,9927.051530763325,0.996758664080063,1.2570717813146053e-24
79860,0.0,4.7828684205751154e-30,9927.051530763883,0.9967586640800571,1.2035590079313321e-24
79920,0.0,4.5226725397899635e-30,9927.051530764444,0.9967586640800512,1.150046234548059e-24
79980,0.0,4.262476659004812e-30,9927.051530765002,0.9967586640800454,1.0965334611647857e-24
80040,0.0,4.00228077821966e-30,9927.051530765562,0.9967586640800395,1.0430206877815125e-24
80100,0.0,3.7420848974345086e-30,9927.05153076612,0.9967586640800337,9.895079143982393e-25
80160,0.0,3.481889016649356e-30,9927.051530766681,0.9967586640800279,9.359951410149662e-25
80220,0.0,3.221693135864204e-30,9927.05153076724,0.996758664080022,8.82482367631693e-25
80280,0.0,2.961497255079053e-30,9927.051530767798,0.9967586640800161,8.2896959424842e-25
80340,0.0,2.701301374293901e-30,9927.051530768358,0.9967586640800103,7.754568208651467e-25
80400,0.0,2.4411054935087493e-30,9927.051530768917,0.9967586640800045,7.219440474818735e-25
80460,0.0,2.1809096127235975e-30,9927.051530769477,0.9967586640799986,6.684312740986004e-25
80520,0.0,1.9207137319384456e-30,9927.051530770035,0.9967586640799928,6.149185007153271e-25
80580,0.0,1.6605178511532937e-30,9927.051530770595,0.9967586640799869,5.6140572733205395e-25
80640,0.0,1.400321970368142e-30,9927.051530771154,0.996758664079981,5.078929539487808e-25
80700,0.0,1.1401260895829902e-30,9927.051530771714,0.9967586640799753,4.543801805655076e-25
80760,0.0,8.799302087978385e-31,9927.051530772273,0.9967586640799694,4.0086740718223444e-25
80820,0.0,6.197343280126866e-31,9927.051530772831,0.9967586640799635,3.473546337989613e-25
80880,0.0,3.5953844722753484e-31,9927.051530773391,0.9967586640799577,2.9384186041568814e-25
80940,0.0,9.934256644238311e-32,9927.05153077395,0.9967586640799518,2.4032908703241494e-25
81000,0.0,1.4929252206995966e-32,9927.05153077414,0.9967586640799497,2.22858994636853e-25
81060,0.0,1.4918222617417278e-32,9927.051530774153,0.9967586640799496,2.2269485401927974e-25
81120,0.0,1.490719302783859e-32,9927.051530774166,0.9967586640799495,2.225307134017066e-25
81180,0.0,1.4896163438259903e-32,9927.051530774179,0.9967586640799494,2.2236657278413334e-25
81240,0.0,1.4885133848681215e-32,9927.051530774193,0.9967586640799492,2.2220243216656015e-25
81300,0.0,1.4874104259102527e-32,9927.051530774206,0.9967586640799491,2.2203829154898695e-25
81360,0.0,1.4863074669523842e-32,9927.051530774219,0.996758664079949,2.2187415093141375e-25
81420,0.0,1.4852045079945152e-32,9927.051530774232,0.9967586640799488,2.2171001031384056e-25
81480,0.0,1.4841015490366467e-32,9927.051530774246,0.9967586640799486,2.2154586969626736e-25
81540,0.0,1.482998590078778e-32,9927.051530774259,0.9967586640799485,2.2138172907869416e-25
81600,0.0,1.481895631120909e-32,9927.051530774272,0.9967586640799484,2.2121758846112097e-25
81660,0.0,1.4807926721630403e-32,9927.051530774284,0.9967586640799483,2.2105344784354773e-25
81720,0.0,1.4796897132051716e-32,9927.051530774297,0.9967586640799481,2.2088930722597453e-25
81780,0.0,1.4785867542473028e-32,9927.051530774312,0.996758664079948,2.2072516660840133e-25
81840,0.0,1.477483795289434e-32,9927.051530774324,0.9967586640799478,2.2056102599082814e-25
81900,0.0,1.4763808363315652e-32,9927.051530774337,0.9967586640799477,2.2039688537325494e-25
81960,0.0,1.4752778773736965e-32,9927.05153077435,0.9967586640799476,2.2023274475568174e-25
82020,0.0,1.474174918415828e-32,9927.051530774364,0.9967586640799474,2.2006860413810855e-25
82080,0.0,1.473071959457959e-32,9927.051530774377,0.9967586640799473,2.199044635205353e-25
82140,0.0,1.4719690005000904e-32,9927.05153077439,0.9967586640799472,2.197403229029621e-25
82200,0.0,1.4708660415422216e-32,9927.051530774403,0.9967586640799471,2.195761822853889e-25
82260,0.0,1.469763082584353e-32,9927.051530774417,0.9967586640799468,2.194120416678157e-25
82320,0.0,1.468660123626484e-32,9927.05153077443,0.9967586640799467,2.192479010502425e-25
82380,0.0,1.4675571646686153e-32,9927.051530774443,0.9967586640799466,2.190837604326693e-25
82440,0.0,1.4664542057107465e-32,9927.051530774455,0.9967586640799465,2.1891961981509613e-25
82500,0.0,1.465351246752878e-32,9927.051530774468,0.9967586640799463,2.1875547919752293e-25
82560,0.0,1.464248287795009e-32,9927.051530774483,0.9967586640799462,2.185913385799497e-25
82620,0.0,1.4631453288371405e-32,9927.051530774495,0.9967586640799461,2.1842719796237654e-25
82680,0.0,1.4620423698792717e-32,9927.051530774508,0.996758664079946,2.182630573448033e-25
82740,0.0,1.460939410921403e-32,9927.05153077452,0.9967586640799457,2.180989167272301e-25
82800,0.0,1.4598364519635342e-32,9927.051530774535,0.9967586640799456,2.179347761096569e-25
82860,0.0,1.4587334930056654e-32,9927.051530774548,0.9967586640799455,2.177706354920837e-25
82920,0.0,1.4576305340477966e-32,9927.05153077456,0.9967586640799454,2.176064948745105e-25
82980,0.0,1.4565275750899278e-32,9927.051530774574,0.9967586640799452,2.1744235425693727e-25
83040,0.0,1.455424616132059e-32,9927.051530774586,0.9967586640799451,2.172782136393641e-25
83100,0.0,1.4543216571741903e-32,9927.0515307746,0.996758664079945,2.1711407302179087e-25
83160,0.0,1.4532186982163218e-32,9927.051530774614,0.9967586640799448,2.1694993240421768e-25
83220,0.0,1.452115739258453e-32,9927.051530774626,0.9967586640799447,2.167857917866445e-25
83280,0.0,1.4510127803005843e-32,9927.05153077464,0.9967586640799445,2.166216511690713e-25
83340,0.0,1.4499098213427155e-32,9927.051530774654,0.9967586640799444,2.164575105514981e-25
83400,0.0,1.4488068623848467e-32,9927.051530774666,0.9967586640799443,2.162933699339249e-25
83460,0.0,1.447703903426978e-32,9927.05153077468,0.9967586640799442,2.161292293163517e-25
83520,0.0,1.4466009444691094e-32,9927.051530774692,0.996758664079944,2.159650886987785e-25
83580,0.0,1.4454979855112404e-32,9927.051530774706,0.9967586640799438,2.1580094808120526e-25
83640,0.0,1.444395026553372e-32,9927.05153077472,0.9967586640799437,2.156368074636321e-25
83700,0.0,1.443292067595503e-32,9927.051530774732,0.9967586640799436,2.1547266684605886e-25
83760,0.0,1.4421891086376343e-32,9927.051530774745,0.9967586640799434,2.1530852622848567e-25
83820,0.0,1.4410861496797656e-32,9927.051530774757,0.9967586640799433,2.1514438561091247e-25
83880,0.0,1.4399831907218968e-32,9927.051530774772,0.9967586640799432,2.1498024499333927e-25
83940,0.0,1.438880231764028e-32,9927.051530774785,0.9967586640799431,2.148161043757661e-25
84000,0.0,1.4377772728061592e-32,9927.051530774797,0.9967586640799428,2.1465196375819283e-25
84060,0.0,1.4366743138482905e-32,9927.05153077481,0.9967586640799427,2.1448782314061964e-25
84120,0.0,1.4355713548904217e-32,9927.051530774825,0.9967586640799426,2.1432368252304644e-25
84180,0.0,1.4344683959325532e-32,9927.051530774837,0.9967586640799425,2.1415954190547325e-25
84240,0.0,1.4333654369746841e-32,9927.05153077485,0.9967586640799423,2.1399540128790005e-25
84300,0.0,1.4322624780168156e-32,9927.051530774863,0.9967586640799422,2.1383126067032685e-25
84360,0.0,1.4311595190589469e-32,9927.051530774876,0.9967586640799421,2.1366712005275366e-25
84420,0.0,1.430056560101078e-32,9927.05153077489,0.996758664079942,2.1350297943518046e-25
84480,0.0,1.4289536011432093e-32,9927.051530774903,0.9967586640799418,2.133388388176072e-25
84540,0.0,1.4278506421853405e-32,9927.051530774916,0.9967586640799416,2.1317469820003407e-25
84600,0.0,1.4267476832274718e-32,9927.051530774928,0.9967586640799415,2.1301055758246082e-25
84660,0.0,1.4256447242696033e-32,9927.051530774943,0.9967586640799414,2.1284641696488763e-25
84720,0.0,1.4245417653117342e-32,9927.051530774956,0.9967586640799413,2.1268227634731443e-25
84780,0.0,1.4234388063538657e-32,9927.051530774968,0.9967586640799411,2.1251813572974123e-25
84840,0.0,1.422335847395997e-32,9927.051530774981,0.996758664079941,2.1235399511216804e-25
84900,0.0,1.4212328884381282e-32,9927.051530774996,0.9967586640799408,2.1218985449459484e-25
84960,0.0,1.4201299294802594e-32,9927.051530775008,0.9967586640799407,2.1202571387702165e-25
85020,0.0,1.4190269705223906e-32,9927.051530775021,0.9967586640799405,2.1186157325944845e-25
85080,0.0,1.4179240115645218e-32,9927.051530775034,0.9967586640799404,2.116974326418752e-25
85140,0.0,1.416821052606653e-32,9927.051530775047,0.9967586640799403,2.11533292024302e-25
85200,0.0,1.4157180936487843e-32,9927.051530775061,0.9967586640799402,2.113691514067288e-25
85260,0.0,1.4146151346909155e-32,9927.051530775074,0.99675866407994,2.112050107891556e-25
85320,0.0,1.413512175733047e-32,9927.051530775087,0.9967586640799398,2.110408701715824e-25
85380,0.0,1.4124092167751782e-32,9927.0515307751,0.9967586640799397,2.1087672955400922e-25
85440,0.0,1.4113062578173095e-32,9927.051530775114,0.9967586640799396,2.1071258893643603e-25
85500,0.0,1.4102032988594407e-32,9927.051530775127,0.9967586640799395,2.105484483188628e-25
85560,0.0,1.409100339901572e-32,9927.05153077514,0.9967586640799393,2.1038430770128964e-25
85620,0.0,1.4079973809437031e-32,9927.051530775152,0.9967586640799392,2.102201670837164e-25
85680,0.0,1.4068944219858344e-32,9927.051530775165,0.9967586640799391,2.100560264661432e-25
85740,0.0,1.4057914630279656e-32,9927.05153077518,0.996758664079939,2.0989188584857e-25
85800,0.0,1.404688504070097e-32,9927.051530775192,0.9967586640799387,2.097277452309968e-25
85860,0.0,1.4035855451122283e-32,9927.051530775205,0.9967586640799386,2.095636046134236e-25
85920,0.0,1.4024825861543596e-32,9927.051530775218,0.9967586640799385,2.093994639958504e-25
85980,0.0,1.4013796271964908e-32,9927.051530775232,0.9967586640799384,2.0923532337827717e-25
86040,0.0,1.400276668238622e-32,9927.051530775245,0.9967586640799382,2.09071182760704e-25
86100,0.0,1.3991737092807532e-32,9927.051530775258,0.9967586640799381,2.0890704214313078e-25
86160,0.0,1.3980707503228845e-32,9927.05153077527,0.996758664079938,2.087429015255576e-25
86220,0.0,1.3969677913650157e-32,9927.051530775285,0.9967586640799379,2.085787609079844e-25
86280,0.0,1.395864832407147e-32,9927.051530775298,0.9967586640799376,2.084146202904112e-25
86340,0.0,1.3947618734492784e-32,9927.05153077531,0.9967586640799375,2.08250479672838e-25
86400,0.0,1.3936589144914094e-32,9927.051530775323,0.9967586640799374,2.0808633905526475e-25
86460,0.0,1.3925559555335409e-32,9927.051530775336,0.9967586640799373,2.079221984376916e-25
86520,0.0,1.391452996575672e-32,9927.05153077535,0.9967586640799371,2.0775805782011835e-25
86580,0.0,1.3903500376178033e-32,9927.051530775363,0.996758664079937,2.0759391720254516e-25
86640,0.0,1.3892470786599345e-32,9927.051530775376,0.9967586640799369,2.0742977658497196e-25
86700,0.0,1.3881441197020658e-32,9927.051530775389,0.9967586640799367,2.0726563596739876e-25
86760,0.0,1.387041160744197e-32,9927.051530775403,0.9967586640799366,2.0710149534982557e-25
86820,0.0,1.3859382017863285e-32,9927.051530775416,0.9967586640799364,2.0693735473225237e-25
86880,0.0,1.3848352428284594e-32,9927.051530775429,0.9967586640799363,2.0677321411467915e-25
86940,0.0,1.383732283870591e-32,9927.051530775441,0.9967586640799362,2.0660907349710598e-25
87000,0.0,1.3826293249127222e-32,9927.051530775456,0.9967586640799361,2.0644493287953276e-25
87060,0.0,1.3815263659548534e-32,9927.051530775469,0.9967586640799359,2.0628079226195956e-25
87120,0.0,1.3804234069969846e-32,9927.051530775481,0.9967586640799357,2.0611665164438634e-25
87180,0.0,1.3793204480391158e-32,9927.051530775494,0.9967586640799356,2.0595251102681317e-25
87240,0.0,1.378217489081247e-32,9927.051530775507,0.9967586640799355,2.0578837040923995e-25
87300,0.0,1.3771145301233786e-32,9927.051530775521,0.9967586640799353,2.0562422979166675e-25
87360,0.0,1.3760115711655095e-32,9927.051530775534,0.9967586640799352,2.0546008917409353e-25
87420,0.0,1.374908612207641e-32,9927.051530775547,0.9967586640799351,2.0529594855652036e-25
87480,0.0,1.3738056532497722e-32,9927.05153077556,0.996758664079935,2.0513180793894714e-25
87540,0.0,1.3727026942919032e-32,9927.051530775574,0.9967586640799347,2.0496766732137392e-25
87600,0.0,1.3715997353340347e-32,9927.051530775587,0.9967586640799346,2.0480352670380075e-25
87660,0.0,1.370496776376166e-32,9927.0515307756,0.9967586640799345,2.0463938608622753e-25
87720,0.0,1.3693938174182971e-32,9927.051530775612,0.9967586640799344,2.0447524546865433e-25
87780,0.0,1.3682908584604284e-32,9927.051530775625,0.9967586640799342,2.0431110485108111e-25
87840,0.0,1.3671878995025596e-32,9927.05153077564,0.9967586640799341,2.0414696423350794e-25
87900,0.0,1.3660849405446908e-32,9927.051530775652,0.996758664079934,2.0398282361593472e-25
87960,0.0,1.3649819815868223e-32,9927.051530775665,0.9967586640799339,2.0381868299836152e-25
88020,0.0,1.3638790226289535e-32,9927.051530775678,0.9967586640799337,2.0365454238078833e-25
88080,0.0,1.3627760636710848e-32,9927.051530775692,0.9967586640799335,2.0349040176321513e-25
88140,0.0,1.361673104713216e-32,9927.051530775705,0.9967586640799334,2.0332626114564191e-25
88200,0.0,1.3605701457553472e-32,9927.051530775718,0.9967586640799333,2.0316212052806872e-25
88260,0.0,1.3594671867974784e-32,9927.05153077573,0.9967586640799332,2.0299797991049552e-25
88320,0.0,1.3583642278396097e-32,9927.051530775745,0.996758664079933,2.0283383929292232e-25
88380,0.0,1.357261268881741e-32,9927.051530775758,0.9967586640799329,2.026696986753491e-25
88440,0.0,1.3561583099238724e-32,9927.05153077577,0.9967586640799327,2.0250555805777593e-25
88500,0.0,1.3550553509660036e-32,9927.051530775783,0.9967586640799326,2.023414174402027e-25
88560,0.0,1.3539523920081349e-32,9927.051530775796,0.9967586640799324,2.0217727682262951e-25
88620,0.0,1.352849433050266e-32,9927.05153077581,0.9967586640799323,2.020131362050563e-25
88680,0.0,1.3517464740923973e-32,9927.051530775823,0.9967586640799322,2.018489955874831e-25
88740,0.0,1.3506435151345285e-32,9927.051530775836,0.9967586640799321,2.016848549699099e-25
88800,0.0,1.3495405561766598e-32,9927.051530775849,0.9967586640799319,2.0152071435233668e-25
88860,0.0,1.348437597218791e-32,9927.051530775863,0.9967586640799317,2.013565737347635e-25
88920,0.0,1.3473346382609222e-32,9927.051530775876,0.9967586640799316,2.011924331171903e-25
88980,0.0,1.3462316793030537e-32,9927.051530775889,0.9967586640799315,2.010282924996171e-25
89040,0.0,1.3451287203451847e-32,9927.051530775901,0.9967586640799313,2.0086415188204387e-25
89100,0.0,1.3440257613873162e-32,9927.051530775914,0.9967586640799312,2.007000112644707e-25
89160,0.0,1.3429228024294474e-32,9927.051530775929,0.9967586640799311,2.0053587064689748e-25
89220,0.0,1.3418198434715786e-32,9927.051530775942,0.996758664079931,2.0037173002932428e-25
89280,0.0,1.3407168845137098e-32,9927.051530775954,0.9967586640799309,2.0020758941175106e-25
89340,0.0,1.339613925555841e-32,9927.051530775967,0.9967586640799306,2.000434487941779e-25
89400,0.0,1.3385109665979723e-32,9927.051530775982,0.9967586640799305,1.9987930817660467e-25
89460,0.0,1.3374080076401038e-32,9927.051530775994,0.9967586640799304,1.9971516755903148e-25
89520,0.0,1.3363050486822347e-32,9927.051530776007,0.9967586640799303,1.9955102694145828e-25
89580,0.0,1.3352020897243662e-32,9927.05153077602,0.9967586640799301,1.9938688632388508e-25
89640,0.0,1.3340991307664975e-32,9927.051530776034,0.99675866407993,1.9922274570631186e-25
89700,0.0,1.3329961718086287e-32,9927.051530776047,0.9967586640799299,1.9905860508873867e-25
89760,0.0,1.33189321285076e-32,9927.05153077606,0.9967586640799297,1.9889446447116547e-25
89820,0.0,1.3307902538928911e-32,9927.051530776072,0.9967586640799295,1.9873032385359225e-25
89880,0.0,1.3296872949350224e-32,9927.051530776085,0.9967586640799294,1.9856618323601905e-25
89940,0.0,1.3285843359771536e-32,9927.0515307761,0.9967586640799293,1.9840204261844586e-25
90000,0.0,1.3274813770192848e-32,9927.051530776112,0.9967586640799292,1.9823790200087266e-25
90060,0.0,1.326378418061416e-32,9927.051530776125,0.996758664079929,1.9807376138329944e-25
90120,0.0,1.3252754591035475e-32,9927.051530776138,0.9967586640799289,1.9790962076572625e-25
90180,0.0,1.3241725001456785e-32,9927.051530776153,0.9967586640799287,1.9774548014815305e-25
90240,0.0,1.32306954118781e-32,9927.051530776165,0.9967586640799286,1.9758133953057985e-25
90300,0.0,1.3219665822299412e-32,9927.051530776178,0.9967586640799284,1.9741719891300663e-25
90360,0.0,1.3208636232720724e-32,9927.05153077619,0.9967586640799283,1.9725305829543346e-25
90420,0.0,1.3197606643142037e-32,9927.051530776203,0.9967586640799282,1.9708891767786024e-25
90480,0.0,1.318657705356335e-32,9927.051530776218,0.9967586640799281,1.9692477706028704e-25
90540,0.0,1.317554746398466e-32,9927.05153077623,0.996758664079928,1.9676063644271382e-25
90600,0.0,1.3164517874405976e-32,9927.051530776243,0.9967586640799277,1.9659649582514065e-25
90660,0.0,1.3153488284827286e-32,9927.051530776256,0.9967586640799276,1.9643235520756743e-25
90720,0.0,1.31424586952486e-32,9927.05153077627,0.9967586640799275,1.9626821458999424e-25
90780,0.0,1.3131429105669913e-32,9927.051530776283,0.9967586640799274,1.9610407397242104e-25
90840,0.0,1.3120399516091225e-32,9927.051530776296,0.9967586640799272,1.9593993335484784e-25
90900,0.0,1.3109369926512537e-32,9927.051530776309,0.9967586640799271,1.9577579273727462e-25
90960,0.0,1.309834033693385e-32,9927.051530776323,0.996758664079927,1.956116521197014e-25
91020,0.0,1.3087310747355162e-32,9927.051530776336,0.9967586640799269,1.9544751150212823e-25
91080,0.0,1.3076281157776474e-32,9927.051530776349,0.9967586640799266,1.95283370884555e-25
91140,0.0,1.3065251568197787e-32,9927.051530776362,0.9967586640799265,1.9511923026698181e-25
91200,0.0,1.30542219786191e-32,9927.051530776374,0.9967586640799264,1.949550896494086e-25
91260,0.0,1.3043192389040414e-32,9927.051530776389,0.9967586640799263,1.9479094903183542e-25
91320,0.0,1.3032162799461726e-32,9927.051530776402,0.9967586640799261,1.946268084142622e-25
91380,0.0,1.3021133209883038e-32,9927.051530776414,0.996758664079926,1.94462667796689e-25
91440,0.0,1.301010362030435e-32,9927.051530776427,0.9967586640799259,1.942985271791158e-25
91500,0.0,1.2999074030725663e-32,9927.051530776442,0.9967586640799257,1.9413438656154261e-25
91560,0.0,1.2988044441146975e-32,9927.051530776454,0.9967586640799255,1.939702459439694e-25
91620,0.0,1.297701485156829e-32,9927.051530776467,0.9967586640799254,1.938061053263962e-25
91680,0.0,1.29659852619896e-32,9927.05153077648,0.9967586640799253,1.93641964708823e-25
91740,0.0,1.2954955672410915e-32,9927.051530776493,0.9967586640799252,1.934778240912498e-25
91800,0.0,1.2943926082832227e-32,9927.051530776507,0.9967586640799251,1.9331368347367658e-25
91860,0.0,1.293289649325354e-32,9927.05153077652,0.9967586640799249,1.931495428561034e-25
91920,0.0,1.292186690367485e-32,9927.051530776533,0.9967586640799247,1.929854022385302e-25
91980,0.0,1.2910837314096164e-32,9927.051530776545,0.9967586640799246,1.92821261620957e-25
92040,0.0,1.2899807724517476e-32,9927.05153077656,0.9967586640799245,1.9265712100338378e-25
92100,0.0,1.2888778134938788e-32,9927.051530776573,0.9967586640799243,1.9249298038581058e-25
92160,0.0,1.28777485453601e-32,9927.051530776585,0.9967586640799242,1.9232883976823738e-25
92220,0.0,1.2866718955781413e-32,9927.051530776598,0.9967586640799241,1.9216469915066416e-25
92280,0.0,1.2855689366202728e-32,9927.051530776613,0.996758664079924,1.92000558533091e-25
92340,0.0,1.2844659776624037e-32,9927.051530776625,0.9967586640799238,1.9183641791551777e-25
92400,0.0,1.2833630187045352e-32,9927.051530776638,0.9967586640799236,1.9167227729794457e-25
92460,0.0,1.2822600597466664e-32,9927.05153077665,0.9967586640799235,1.9150813668037135e-25
92520,0.0,1.2811571007887977e-32,9927.051530776664,0.9967586640799234,1.9134399606279818e-25
92580,0.0,1.280054141830929e-32,9927.051530776678,0.9967586640799232,1.9117985544522496e-25
92640,0.0,1.27895118287306e-32,9927.051530776691,0.9967586640799231,1.9101571482765177e-25
92700,0.0,1.2778482239151913e-32,9927.051530776704,0.996758664079923,1.9085157421007857e-25
92760,0.0,1.2767452649573228e-32,9927.051530776716,0.9967586640799229,1.9068743359250537e-25
92820,0.0,1.2756423059994538e-32,9927.051530776731,0.9967586640799226,1.9052329297493215e-25
92880,0.0,1.2745393470415853e-32,9927.051530776744,0.9967586640799225,1.9035915235735896e-25
92940,0.0,1.2734363880837165e-32,9927.051530776756,0.9967586640799224,1.9019501173978576e-25
93000,0.0,1.2723334291258477e-32,9927.05153077677,0.9967586640799223,1.9003087112221256e-25
93060,0.0,1.271230470167979e-32,9927.051530776784,0.9967586640799222,1.8986673050463934e-25
93120,0.0,1.2701275112101102e-32,9927.051530776796,0.996758664079922,1.8970258988706617e-25
93180,0.0,1.2690245522522414e-32,9927.05153077681,0.9967586640799219,1.8953844926949295e-25
93240,0.0,1.267921593294373e-32,9927.051530776822,0.9967586640799218,1.8937430865191975e-25
93300,0.0,1.266818634336504e-32,9927.051530776835,0.9967586640799216,1.8921016803434654e-25
93360,0.0,1.265715675378635e-32,9927.05153077685,0.9967586640799214,1.8904602741677334e-25
93420,0.0,1.2646127164207666e-32,9927.051530776862,0.9967586640799213,1.8888188679920014e-25
93480,0.0,1.2635097574628978e-32,9927.051530776875,0.9967586640799212,1.8871774618162692e-25
93540,0.0,1.262406798505029e-32,9927.051530776887,0.9967586640799211,1.8855360556405373e-25
93600,0.0,1.2613038395471603e-32,9927.051530776902,0.9967586640799209,1.8838946494648053e-25
93660,0.0,1.2602008805892915e-32,9927.051530776915,0.9967586640799208,1.8822532432890733e-25
93720,0.0,1.2590979216314227e-32,9927.051530776927,0.9967586640799206,1.8806118371133411e-25
93780,0.0,1.257994962673554e-32,9927.05153077694,0.9967586640799205,1.8789704309376094e-25
93840,0.0,1.2568920037156852e-32,9927.051530776953,0.9967586640799203,1.8773290247618772e-25
93900,0.0,1.2557890447578167e-32,9927.051530776967,0.9967586640799202,1.8756876185861452e-25
93960,0.0,1.254686085799948e-32,9927.05153077698,0.9967586640799201,1.874046212410413e-25
94020,0.0,1.253583126842079e-32,9927.051530776993,0.99675866407992,1.8724048062346813e-25
94080,0.0,1.2524801678842104e-32,9927.051530777006,0.9967586640799199,1.8707634000589491e-25
94140,0.0,1.2513772089263416e-32,9927.05153077702,0.9967586640799196,1.8691219938832172e-25
94200,0.0,1.2502742499684728e-32,9927.051530777033,0.9967586640799195,1.8674805877074852e-25
94260,0.0,1.249171291010604e-32,9927.051530777046,0.9967586640799194,1.8658391815317532e-25
94320,0.0,1.2480683320527353e-32,9927.051530777058,0.9967586640799193,1.864197775356021e-25
94380,0.0,1.2469653730948668e-32,9927.051530777073,0.9967586640799191,1.862556369180289e-25
94440,0.0,1.245862414136998e-32,9927.051530777086,0.996758664079919,1.860914963004557e-25
94500,0.0,1.244759455179129e-32,9927.051530777098,0.9967586640799189,1.859273556828825e-25
94560,0.0,1.2436564962212604e-32,9927.051530777111,0.9967586640799188,1.857632150653093e-25
94620,0.0,1.2425535372633917e-32,9927.051530777124,0.9967586640799185,1.855990744477361e-25
94680,0.0,1.241450578305523e-32,9927.051530777138,0.9967586640799184,1.854349338301629e-25
94740,0.0,1.240347619347654e-32,9927.051530777151,0.9967586640799183,1.8527079321258968e-25
94800,0.0,1.2392446603897853e-32,9927.051530777164,0.9967586640799182,1.8510665259501649e-25
94860,0.0,1.2381417014319166e-32,9927.051530777177,0.996758664079918,1.849425119774433e-25
94920,0.0,1.237038742474048e-32,9927.051530777191,0.9967586640799179,1.847783713598701e-25
94980,0.0,1.235935783516179e-32,9927.051530777204,0.9967586640799178,1.8461423074229687e-25
95040,0.0,1.2348328245583105e-32,9927.051530777217,0.9967586640799176,1.844500901247237e-25
95100,0.0,1.2337298656004417e-32,9927.05153077723,0.9967586640799174,1.8428594950715048e-25
95160,0.0,1.232626906642573e-32,9927.051530777242,0.9967586640799173,1.8412180888957728e-25
95220,0.0,1.2315239476847042e-32,9927.051530777257,0.9967586640799172,1.8395766827200407e-25
95280,0.0,1.2304209887268356e-32,9927.05153077727,0.9967586640799171,1.837935276544309e-25
95340,0.0,1.2293180297689666e-32,9927.051530777282,0.996758664079917,1.8362938703685767e-25
95400,0.0,1.228215070811098e-32,9927.051530777295,0.9967586640799168,1.8346524641928448e-25
95460,0.0,1.2271121118532292e-32,9927.05153077731,0.9967586640799166,1.8330110580171126e-25
95520,0.0,1.2260091528953606e-32,9927.051530777322,0.9967586640799165,1.8313696518413808e-25
95580,0.0,1.2249061939374917e-32,9927.051530777335,0.9967586640799164,1.8297282456656486e-25
95640,0.0,1.2238032349796229e-32,9927.051530777348,0.9967586640799162,1.8280868394899164e-25
95700,0.0,1.2227002760217543e-32,9927.051530777362,0.9967586640799161,1.8264454333141847e-25
95760,0.0,1.2215973170638854e-32,9927.051530777375,0.996758664079916,1.8248040271384525e-25
95820,0.0,1.2204943581060167e-32,9927.051530777388,0.9967586640799159,1.8231626209627205e-25
95880,0.0,1.219391399148148e-32,9927.0515307774,0.9967586640799156,1.8215212147869884e-25
95940,0.0,1.2182884401902793e-32,9927.051530777413,0.9967586640799155,1.8198798086112566e-25
96000,0.0,1.2171854812324104e-32,9927.051530777428,0.9967586640799154,1.8182384024355244e-25
96060,0.0,1.2160825222745418e-32,9927.05153077744,0.9967586640799153,1.8165969962597925e-25
96120,0.0,1.214979563316673e-32,9927.051530777453,0.9967586640799151,1.8149555900840605e-25
96180,0.0,1.2138766043588043e-32,9927.051530777466,0.996758664079915,1.8133141839083285e-25
96240,0.0,1.2127736454009356e-32,9927.05153077748,0.9967586640799149,1.8116727777325963e-25
96300,0.0,1.2116706864430668e-32,9927.051530777493,0.9967586640799148,1.8100313715568644e-25
96360,0.0,1.210567727485198e-32,9927.051530777506,0.9967586640799145,1.8083899653811324e-25
96420,0.0,1.2094647685273294e-32,9927.051530777519,0.9967586640799144,1.8067485592054004e-25
96480,0.0,1.2083618095694606e-32,9927.051530777531,0.9967586640799143,1.8051071530296682e-25
96540,0.0,1.2072588506115918e-32,9927.051530777546,0.9967586640799142,1.8034657468539365e-25
96600,0.0,1.206155891653723e-32,9927.051530777559,0.9967586640799141,1.8018243406782043e-25
96660,0.0,1.2050529326958544e-32,9927.051530777571,0.9967586640799139,1.8001829345024724e-25
96720,0.0,1.2039499737379857e-32,9927.051530777584,0.9967586640799138,1.7985415283267402e-25
96780,0.0,1.2028470147801167e-32,9927.051530777599,0.9967586640799136,1.7969001221510082e-25
96840,0.0,1.2017440558222481e-32,9927.051530777611,0.9967586640799135,1.7952587159752762e-25
96900,0.0,1.2006410968643793e-32,9927.051530777624,0.9967586640799133,1.793617309799544e-25
96960,0.0,1.1995381379065107e-32,9927.051530777637,0.9967586640799132,1.7919759036238123e-25
97020,0.0,1.1984351789486418e-32,9927.051530777651,0.9967586640799131,1.79033449744808e-25
97080,0.0,1.1973322199907731e-32,9927.051530777664,0.996758664079913,1.7886930912723481e-25
97140,0.0,1.1962292610329044e-32,9927.051530777677,0.9967586640799128,1.787051685096616e-25
97200,0.0,1.1951263020750357e-32,9927.05153077769,0.9967586640799126,1.7854102789208842e-25
97260,0.0,1.1940233431171668e-32,9927.051530777702,0.9967586640799125,1.783768872745152e-25
97320,0.0,1.1929203841592982e-32,9927.051530777717,0.9967586640799124,1.78212746656942e-25
97380,0.0,1.1918174252014294e-32,9927.05153077773,0.9967586640799122,1.7804860603936879e-25
97440,0.0,1.1907144662435608e-32,9927.051530777742,0.9967586640799121,1.7788446542179561e-25
97500,0.0,1.1896115072856919e-32,9927.051530777755,0.996758664079912,1.777203248042224e-25
97560,0.0,1.1885085483278232e-32,9927.05153077777,0.9967586640799119,1.775561841866492e-25
97620,0.0,1.1874055893699544e-32,9927.051530777782,0.9967586640799116,1.77392043569076e-25
97680,0.0,1.1863026304120858e-32,9927.051530777795,0.9967586640799115,1.772279029515028e-25
97740,0.0,1.1851996714542169e-32,9927.051530777808,0.9967586640799114,1.7706376233392958e-25
97800,0.0,1.1840967124963483e-32,9927.051530777822,0.9967586640799113,1.768996217163564e-25
97860,0.0,1.1829937535384795e-32,9927.051530777835,0.9967586640799112,1.767354810987832e-25
97920,0.0,1.1818907945806106e-32,9927.051530777848,0.996758664079911,1.7657134048120997e-25
97980,0.0,1.180787835622742e-32,9927.05153077786,0.9967586640799109,1.7640719986363678e-25
98040,0.0,1.1796848766648732e-32,9927.051530777873,0.9967586640799108,1.7624305924606358e-25
98100,0.0,1.1785819177070045e-32,9927.051530777888,0.9967586640799107,1.7607891862849038e-25
98160,0.0,1.1774789587491356e-32,9927.0515307779,0.9967586640799104,1.7591477801091716e-25
98220,0.0,1.176375999791267e-32,9927.051530777913,0.9967586640799103,1.7575063739334397e-25
98280,0.0,1.1752730408333982e-32,9927.051530777926,0.9967586640799102,1.7558649677577077e-25
98340,0.0,1.1741700818755296e-32,9927.05153077794,0.9967586640799101,1.7542235615819757e-25
98400,0.0,1.1730671229176607e-32,9927.051530777953,0.9967586640799099,1.7525821554062435e-25
98460,0.0,1.171964163959792e-32,9927.051530777966,0.9967586640799098,1.7509407492305118e-25
98520,0.0,1.1708612050019232e-32,9927.051530777979,0.9967586640799097,1.7492993430547796e-25
98580,0.0,1.1697582460440546e-32,9927.051530777992,0.9967586640799095,1.7476579368790477e-25
98640,0.0,1.1686552870861857e-32,9927.051530778006,0.9967586640799093,1.7460165307033155e-25
98700,0.0,1.167552328128317e-32,9927.051530778019,0.9967586640799092,1.7443751245275837e-25
98760,0.0,1.1664493691704483e-32,9927.051530778032,0.9967586640799091,1.7427337183518515e-25
98820,0.0,1.1653464102125796e-32,9927.051530778044,0.996758664079909,1.7410923121761196e-25
98880,0.0,1.1642434512547107e-32,9927.051530778059,0.9967586640799088,1.7394509060003876e-25
98940,0.0,1.1631404922968421e-32,9927.051530778072,0.9967586640799087,1.7378094998246556e-25
99000,0.0,1.1620375333389733e-32,9927.051530778084,0.9967586640799085,1.7361680936489234e-25
99060,0.0,1.1609345743811047e-32,9927.051530778097,0.9967586640799084,1.7345266874731915e-25
99120,0.0,1.1598316154232358e-32,9927.051530778112,0.9967586640799083,1.7328852812974595e-25
99180,0.0,1.158728656465367e-32,9927.051530778124,0.9967586640799081,1.7312438751217273e-25
99240,0.0,1.1576256975074984e-32,9927.051530778137,0.996758664079908,1.7296024689459954e-25
99300,0.0,1.1565227385496296e-32,9927.05153077815,0.9967586640799079,1.7279610627702632e-25
99360,0.0,1.1554197795917608e-32,9927.051530778162,0.9967586640799078,1.7263196565945314e-25
99420,0.0,1.154316820633892e-32,9927.051530778177,0.9967586640799075,1.7246782504187992e-25
99480,0.0,1.1532138616760234e-32,9927.05153077819,0.9967586640799074,1.7230368442430673e-25
99540,0.0,1.1521109027181546e-32,9927.051530778203,0.9967586640799073,1.7213954380673353e-25
99600,0.0,1.1510079437602859e-32,9927.051530778215,0.9967586640799072,1.7197540318916033e-25
99660,0.0,1.1499049848024171e-32,9927.05153077823,0.996758664079907,1.7181126257158711e-25
99720,0.0,1.1488020258445484e-32,9927.051530778243,0.9967586640799069,1.7164712195401394e-25
99780,0.0,1.1476990668866797e-32,9927.051530778255,0.9967586640799068,1.7148298133644072e-25
99840,0.0,1.146596107928811e-32,9927.051530778268,0.9967586640799067,1.7131884071886753e-25
99900,0.0,1.1454931489709421e-32,9927.05153077828,0.9967586640799064,1.711547001012943e-25
99960,0.0,1.1443901900130735e-32,9927.051530778295,0.9967586640799063,1.7099055948372113e-25
100020,0.0,1.1432872310552047e-32,9927.051530778308,0.9967586640799062,1.7082641886614791e-25
100080,0.0,1.1421842720973361e-32,9927.05153077832,0.9967586640799061,1.7066227824857472e-25
100140,0.0,1.1410813131394672e-32,9927.051530778333,0.9967586640799059,1.704981376310015e-25
100200,0.0,1.1399783541815985e-32,9927.051530778348,0.9967586640799058,1.7033399701342832e-25
100260,0.0,1.1388753952237297e-32,9927.05153077836,0.9967586640799057,1.701698563958551e-25
100320,0.0,1.1377724362658608e-32,9927.051530778373,0.9967586640799055,1.7000571577828188e-25
100380,0.0,1.1366694773079922e-32,9927.051530778386,0.9967586640799054,1.698415751607087e-25
100440,0.0,1.1355665183501234e-32,9927.0515307784,0.9967586640799052,1.696774345431355e-25
100500,0.0,1.1344635593922548e-32,9927.051530778414,0.9967586640799051,1.695132939255623e-25
100560,0.0,1.1333606004343859e-32,9927.051530778426,0.996758664079905,1.6934915330798908e-25
100620,0.0,1.1322576414765172e-32,9927.051530778439,0.9967586640799049,1.691850126904159e-25
100680,0.0,1.1311546825186485e-32,9927.051530778452,0.9967586640799047,1.6902087207284268e-25
100740,0.0,1.1300517235607798e-32,9927.051530778466,0.9967586640799045,1.6885673145526949e-25
100800,0.0,1.1289487646029109e-32,9927.051530778479,0.9967586640799044,1.686925908376963e-25
100860,0.0,1.1278458056450423e-32,9927.051530778492,0.9967586640799043,1.685284502201231e-25
100920,0.0,1.1267428466871735e-32,9927.051530778504,0.9967586640799041,1.6836430960254987e-25
100980,0.0,1.1256398877293049e-32,9927.051530778519,0.996758664079904,1.6820016898497668e-25
101040,0.0,1.124536928771436e-32,9927.051530778532,0.9967586640799039,1.6803602836740348e-25
101100,0.0,1.1234339698135673e-32,9927.051530778544,0.9967586640799038,1.6787188774983028e-25
101160,0.0,1.1223310108556985e-32,9927.051530778557,0.9967586640799035,1.6770774713225707e-25
101220,0.0,1.1212280518978299e-32,9927.05153077857,0.9967586640799034,1.675436065146839e-25
101280,0.0,1.120125092939961e-32,9927.051530778584,0.9967586640799033,1.6737946589711067e-25
101340,0.0,1.1190221339820924e-32,9927.051530778597,0.9967586640799032,1.6721532527953748e-25
101400,0.0,1.1179191750242236e-32,9927.05153077861,0.9967586640799031,1.6705118466196426e-25
101460,0.0,1.1168162160663548e-32,9927.051530778623,0.9967586640799029,1.6688704404439106e-25
101520,0.0,1.115713257108486e-32,9927.051530778637,0.9967586640799028,1.6672290342681786e-25
101580,0.0,1.1146102981506173e-32,9927.05153077865,0.9967586640799027,1.6655876280924464e-25
101640,0.0,1.1135073391927486e-32,9927.051530778663,0.9967586640799025,1.6639462219167147e-25
101700,0.0,1.1124043802348798e-32,9927.051530778675,0.9967586640799023,1.6623048157409825e-25
101760,0.0,1.1113014212770111e-32,9927.05153077869,0.9967586640799022,1.6606634095652505e-25
101820,0.0,1.1101984623191423e-32,9927.051530778703,0.9967586640799021,1.6590220033895184e-25
101880,0.0,1.1090955033612737e-32,9927.051530778715,0.996758664079902,1.6573805972137866e-25
101940,0.0,1.1079925444034049e-32,9927.051530778728,0.9967586640799018,1.6557391910380544e-25
102000,0.0,1.1068895854455361e-32,9927.051530778741,0.9967586640799017,1.6540977848623225e-25
102060,0.0,1.1057866264876673e-32,9927.051530778755,0.9967586640799015,1.6524563786865903e-25
102120,0.0,1.1046836675297987e-32,9927.051530778768,0.9967586640799014,1.6508149725108585e-25
102180,0.0,1.1035807085719299e-32,9927.051530778781,0.9967586640799012,1.6491735663351263e-25
102240,0.0,1.1024777496140612e-32,9927.051530778794,0.9967586640799011,1.6475321601593944e-25
102300,0.0,1.1013747906561924e-32,9927.051530778808,0.996758664079901,1.6458907539836624e-25
102360,0.0,1.1002718316983237e-32,9927.051530778821,0.9967586640799009,1.6442493478079304e-25
102420,0.0,1.099168872740455e-32,9927.051530778834,0.9967586640799007,1.6426079416321983e-25
102480,0.0,1.0980659137825862e-32,9927.051530778846,0.9967586640799005,1.6409665354564663e-25
102540,0.0,1.0969629548247174e-32,9927.05153077886,0.9967586640799004,1.6393251292807343e-25
102600,0.0,1.0958599958668486e-32,9927.051530778874,0.9967586640799003,1.6376837231050021e-25
102660,0.0,1.09475703690898e-32,9927.051530778886,0.9967586640799002,1.6360423169292702e-25
102720,0.0,1.0936540779511111e-32,9927.0515307789,0.9967586640799,1.6344009107535382e-25
102780,0.0,1.0925511189932425e-32,9927.051530778912,0.9967586640798999,1.6327595045778062e-25
102840,0.0,1.0914481600353737e-32,9927.051530778926,0.9967586640798998,1.631118098402074e-25
102900,0.0,1.090345201077505e-32,9927.05153077894,0.9967586640798997,1.629476692226342e-25
102960,0.0,1.0892422421196361e-32,9927.051530778952,0.9967586640798994,1.62783528605061e-25
103020,0.0,1.0881392831617675e-32,9927.051530778965,0.9967586640798993,1.6261938798748781e-25
103080,0.0,1.0870363242038987e-32,9927.05153077898,0.9967586640798992,1.624552473699146e-25
103140,0.0,1.0859333652460301e-32,9927.051530778992,0.9967586640798991,1.6229110675234142e-25
103200,0.0,1.0848304062881612e-32,9927.051530779005,0.9967586640798989,1.621269661347682e-25
103260,0.0,1.0837274473302925e-32,9927.051530779017,0.9967586640798988,1.61962825517195e-25
103320,0.0,1.0826244883724238e-32,9927.05153077903,0.9967586640798987,1.6179868489962179e-25
103380,0.0,1.0815215294145551e-32,9927.051530779045,0.9967586640798985,1.6163454428204861e-25
103440,0.0,1.0804185704566862e-32,9927.051530779057,0.9967586640798983,1.614704036644754e-25
103500,0.0,1.0793156114988176e-32,9927.05153077907,0.9967586640798982,1.613062630469022e-25
103560,0.0,1.0782126525409488e-32,9927.051530779083,0.9967586640798981,1.61142122429329e-25
103620,0.0,1.0771096935830802e-32,9927.051530779097,0.996758664079898,1.609779818117558e-25
103680,0.0,1.0760067346252113e-32,9927.05153077911,0.9967586640798978,1.6081384119418258e-25
103740,0.0,1.0749037756673425e-32,9927.051530779123,0.9967586640798977,1.6064970057660937e-25
103800,0.0,1.0738008167094738e-32,9927.051530779136,0.9967586640798975,1.604855599590362e-25
103860,0.0,1.072697857751605e-32,9927.05153077915,0.9967586640798974,1.6032141934146297e-25
103920,0.0,1.0715948987937363e-32,9927.051530779163,0.9967586640798973,1.6015727872388978e-25
103980,0.0,1.0704919398358675e-32,9927.051530779176,0.9967586640798971,1.5999313810631656e-25
104040,0.0,1.0693889808779989e-32,9927.051530779188,0.996758664079897,1.5982899748874338e-25
104100,0.0,1.06828602192013e-32,9927.051530779201,0.9967586640798969,1.5966485687117016e-25
104160,0.0,1.0671830629622613e-32,9927.051530779216,0.9967586640798968,1.5950071625359697e-25
104220,0.0,1.0660801040043926e-32,9927.051530779228,0.9967586640798966,1.5933657563602377e-25
104280,0.0,1.0649771450465239e-32,9927.051530779241,0.9967586640798964,1.5917243501845057e-25
104340,0.0,1.0638741860886551e-32,9927.051530779254,0.9967586640798963,1.5900829440087735e-25
104400,0.0,1.0627712271307864e-32,9927.051530779268,0.9967586640798962,1.5884415378330416e-25
104460,0.0,1.0616682681729176e-32,9927.051530779281,0.996758664079896,1.5868001316573096e-25
104520,0.0,1.060565309215049e-32,9927.051530779294,0.9967586640798959,1.5851587254815777e-25
104580,0.0,1.0594623502571802e-32,9927.051530779307,0.9967586640798958,1.5835173193058455e-25
104640,0.0,1.0583593912993114e-32,9927.05153077932,0.9967586640798957,1.5818759131301137e-25
104700,0.0,1.0572564323414426e-32,9927.051530779334,0.9967586640798954,1.5802345069543815e-25
104760,0.0,1.056153473383574e-32,9927.051530779347,0.9967586640798953,1.5785931007786496e-25
104820,0.0,1.0550505144257052e-32,9927.05153077936,0.9967586640798952,1.5769516946029174e-25
104880,0.0,1.0539475554678365e-32,9927.051530779372,0.9967586640798951,1.5753102884271856e-25
104940,0.0,1.0528445965099677e-32,9927.051530779387,0.9967586640798949,1.5736688822514534e-25
105000,0.0,1.0517416375520989e-32,9927.0515307794,0.9967586640798948,1.5720274760757213e-25
105060,0.0,1.0506386785942303e-32,9927.051530779412,0.9967586640798947,1.5703860698999895e-25
105120,0.0,1.0495357196363614e-32,9927.051530779425,0.9967586640798946,1.5687446637242573e-25
105180,0.0,1.0484327606784927e-32,9927.05153077944,0.9967586640798944,1.5671032575485254e-25
105240,0.0,1.047329801720624e-32,9927.051530779452,0.9967586640798942,1.5654618513727932e-25
105300,0.0,1.0462268427627553e-32,9927.051530779465,0.9967586640798941,1.5638204451970614e-25
105360,0.0,1.0451238838048864e-32,9927.051530779478,0.996758664079894,1.5621790390213292e-25
105420,0.0,1.0440209248470178e-32,9927.05153077949,0.9967586640798939,1.5605376328455973e-25
105480,0.0,1.042917965889149e-32,9927.051530779505,0.9967586640798937,1.5588962266698653e-25
105540,0.0,1.0418150069312803e-32,9927.051530779518,0.9967586640798936,1.5572548204941333e-25
105600,0.0,1.0407120479734114e-32,9927.05153077953,0.9967586640798934,1.5556134143184011e-25
105660,0.0,1.0396090890155428e-32,9927.051530779543,0.9967586640798933,1.5539720081426692e-25
105720,0.0,1.038506130057674e-32,9927.051530779558,0.9967586640798931,1.5523306019669372e-25
105780,0.0,1.0374031710998054e-32,9927.05153077957,0.996758664079893,1.5506891957912053e-25
105840,0.0,1.0363002121419365e-32,9927.051530779583,0.9967586640798929,1.549047789615473e-25
105900,0.0,1.0351972531840678e-32,9927.051530779596,0.9967586640798928,1.5474063834397413e-25
105960,0.0,1.034094294226199e-32,9927.051530779609,0.9967586640798926,1.5457649772640091e-25
106020,0.0,1.0329913352683304e-32,9927.051530779623,0.9967586640798924,1.5441235710882772e-25
106080,0.0,1.0318883763104615e-32,9927.051530779636,0.9967586640798923,1.542482164912545e-25
106140,0.0,1.0307854173525927e-32,9927.051530779649,0.9967586640798922,1.540840758736813e-25
106200,0.0,1.0296824583947241e-32,9927.051530779661,0.996758664079892,1.539199352561081e-25
106260,0.0,1.0285794994368552e-32,9927.051530779676,0.9967586640798919,1.5375579463853488e-25
106320,0.0,1.0274765404789866e-32,9927.051530779689,0.9967586640798918,1.5359165402096169e-25
106380,0.0,1.0263735815211178e-32,9927.051530779701,0.9967586640798917,1.534275134033885e-25
106440,0.0,1.0252706225632491e-32,9927.051530779714,0.9967586640798916,1.532633727858153e-25
106500,0.0,1.0241676636053802e-32,9927.051530779729,0.9967586640798913,1.5309923216824208e-25
106560,0.0,1.0230647046475116e-32,9927.051530779741,0.9967586640798912,1.529350915506689e-25
106620,0.0,1.0219617456896428e-32,9927.051530779754,0.9967586640798911,1.5277095093309568e-25
106680,0.0,1.0208587867317742e-32,9927.051530779767,0.996758664079891,1.5260681031552249e-25
106740,0.0,1.0197558277739053e-32,9927.05153077978,0.9967586640798908,1.5244266969794927e-25
106800,0.0,1.0186528688160366e-32,9927.051530779794,0.9967586640798907,1.522785290803761e-25
106860,0.0,1.0175499098581679e-32,9927.051530779807,0.9967586640798906,1.5211438846280287e-25
106920,0.0,1.0164469509002992e-32,9927.05153077982,0.9967586640798904,1.5195024784522968e-25
106980,0.0,1.0153439919424303e-32,9927.051530779832,0.9967586640798902,1.5178610722765648e-25
107040,0.0,1.0142410329845617e-32,9927.051530779847,0.9967586640798901,1.5162196661008328e-25
107100,0.0,1.0131380740266929e-32,9927.05153077986,0.99675866407989,1.5145782599251007e-25
107160,0.0,1.0120351150688243e-32,9927.051530779872,0.9967586640798899,1.5129368537493687e-25
107220,0.0,1.0109321561109554e-32,9927.051530779885,0.9967586640798897,1.5112954475736367e-25
107280,0.0,1.0098291971530866e-32,9927.051530779898,0.9967586640798896,1.5096540413979045e-25
107340,0.0,1.008726238195218e-32,9927.051530779912,0.9967586640798894,1.5080126352221726e-25
107400,0.0,1.0076232792373492e-32,9927.051530779925,0.9967586640798893,1.5063712290464406e-25
107460,0.0,1.0065203202794804e-32,9927.051530779938,0.9967586640798891,1.5047298228707086e-25
107520,0.0,1.0054173613216116e-32,9927.05153077995,0.996758664079889,1.5030884166949764e-25
107580,0.0,1.004314402363743e-32,9927.051530779965,0.9967586640798889,1.5014470105192445e-25
107640,0.0,1.0032114434058742e-32,9927.051530779978,0.9967586640798888,1.4998056043435125e-25
107700,0.0,1.0021084844480054e-32,9927.05153077999,0.9967586640798887,1.4981641981677806e-25
107760,0.0,1.0010055254901367e-32,9927.051530780003,0.9967586640798884,1.4965227919920484e-25
107820,0.0,9.99902566532268e-33,9927.051530780018,0.9967586640798883,1.4948813858163166e-25
107880,0.0,9.987996075743992e-33,9927.05153078003,0.9967586640798882,1.4932399796405844e-25
107940,0.0,9.976966486165306e-33,9927.051530780043,0.9967586640798881,1.4915985734648525e-25
108000,0.0,9.965936896586617e-33,9927.051530780056,0.9967586640798879,1.4899571672891203e-25
108060,0.0,9.95490730700793e-33,9927.051530780069,0.9967586640798878,1.4883157611133885e-25
108120,0.0,9.943877717429243e-33,9927.051530780083,0.9967586640798877,1.4866743549376563e-25
108180,0.0,9.932848127850556e-33,9927.051530780096,0.9967586640798876,1.4850329487619244e-25
108240,0.0,9.921818538271867e-33,9927.051530780109,0.9967586640798873,1.4833915425861924e-25
108300,0.0,9.910788948693181e-33,9927.051530780122,0.9967586640798872,1.4817501364104604e-25
108360,0.0,9.899759359114493e-33,9927.051530780136,0.9967586640798871,1.4801087302347283e-25
108420,0.0,9.888729769535804e-33,9927.051530780149,0.996758664079887,1.478467324058996e-25
108480,0.0,9.877700179957118e-33,9927.051530780162,0.9967586640798868,1.4768259178832643e-25
108540,0.0,9.86667059037843e-33,9927.051530780174,0.9967586640798867,1.4751845117075321e-25
108600,0.0,9.855641000799744e-33,9927.051530780189,0.9967586640798866,1.4735431055318002e-25
108660,0.0,9.844611411221055e-33,9927.051530780202,0.9967586640798864,1.471901699356068e-25
108720,0.0,9.833581821642368e-33,9927.051530780214,0.9967586640798863,1.4702602931803362e-25
108780,0.0,9.82255223206368e-33,9927.051530780227,0.9967586640798861,1.468618887004604e-25
108840,0.0,9.811522642484994e-33,9927.05153078024,0.996758664079886,1.466977480828872e-25
108900,0.0,9.800493052906305e-33,9927.051530780254,0.9967586640798859,1.46533607465314e-25
108960,0.0,9.789463463327619e-33,9927.051530780267,0.9967586640798858,1.4636946684774081e-25
109020,0.0,9.778433873748931e-33,9927.05153078028,0.9967586640798856,1.462053262301676e-25
109080,0.0,9.767404284170244e-33,9927.051530780293,0.9967586640798854,1.460411856125944e-25
109140,0.0,9.756374694591555e-33,9927.051530780307,0.9967586640798853,1.458770449950212e-25
109200,0.0,9.745345105012869e-33,9927.05153078032,0.9967586640798852,1.45712904377448e-25
109260,0.0,9.734315515434181e-33,9927.051530780333,0.996758664079885,1.4554876375987479e-25
109320,0.0,9.723285925855495e-33,9927.051530780345,0.9967586640798849,1.4538462314230161e-25
109380,0.0,9.712256336276806e-33,9927.051530780358,0.9967586640798848,1.452204825247284e-25
109440,0.0,9.70122674669812e-33,9927.051530780373,0.9967586640798847,1.450563419071552e-25
109500,0.0,9.690197157119432e-33,9927.051530780385,0.9967586640798844,1.4489220128958198e-25
109560,0.0,9.679167567540744e-33,9927.051530780398,0.9967586640798843,1.4472806067200878e-25
109620,0.0,9.668137977962056e-33,9927.05153078041,0.9967586640798842,1.4456392005443558e-25
109680,0.0,9.657108388383368e-33,9927.051530780425,0.9967586640798841,1.4439977943686237e-25
109740,0.0,9.646078798804682e-33,9927.051530780438,0.9967586640798839,1.442356388192892e-25
109800,0.0,9.635049209225994e-33,9927.05153078045,0.9967586640798838,1.4407149820171597e-25
109860,0.0,9.624019619647307e-33,9927.051530780464,0.9967586640798837,1.4390735758414278e-25
109920,0.0,9.612990030068619e-33,9927.051530780478,0.9967586640798836,1.4374321696656956e-25
109980,0.0,9.601960440489932e-33,9927.05153078049,0.9967586640798834,1.4357907634899638e-25
110040,0.0,9.590930850911245e-33,9927.051530780504,0.9967586640798832,1.4341493573142316e-25
110100,0.0,9.579901261332557e-33,9927.051530780516,0.9967586640798831,1.4325079511384997e-25
110160,0.0,9.568871671753869e-33,9927.051530780529,0.996758664079883,1.4308665449627677e-25
110220,0.0,9.557842082175183e-33,9927.051530780544,0.9967586640798829,1.4292251387870357e-25
110280,0.0,9.546812492596495e-33,9927.051530780556,0.9967586640798827,1.4275837326113036e-25
110340,0.0,9.535782903017807e-33,9927.051530780569,0.9967586640798826,1.4259423264355716e-25
110400,0.0,9.52475331343912e-33,9927.051530780582,0.9967586640798825,1.4243009202598396e-25
110460,0.0,9.513723723860433e-33,9927.051530780596,0.9967586640798823,1.4226595140841077e-25
110520,0.0,9.502694134281745e-33,9927.051530780609,0.9967586640798821,1.4210181079083755e-25
110580,0.0,9.491664544703058e-33,9927.051530780622,0.996758664079882,1.4193767017326437e-25
110640,0.0,9.48063495512437e-33,9927.051530780634,0.9967586640798819,1.4177352955569115e-25
110700,0.0,9.469605365545684e-33,9927.051530780647,0.9967586640798818,1.4160938893811796e-25
110760,0.0,9.458575775966996e-33,9927.051530780662,0.9967586640798816,1.4144524832054474e-25
110820,0.0,9.447546186388307e-33,9927.051530780675,0.9967586640798815,1.4128110770297154e-25
110880,0.0,9.43651659680962e-33,9927.051530780687,0.9967586640798813,1.4111696708539834e-25
110940,0.0,9.425487007230933e-33,9927.0515307807,0.9967586640798812,1.4095282646782513e-25
111000,0.0,9.414457417652246e-33,9927.051530780715,0.996758664079881,1.4078868585025193e-25
111060,0.0,9.403427828073557e-33,9927.051530780727,0.9967586640798809,1.4062454523267873e-25
111120,0.0,9.392398238494871e-33,9927.05153078074,0.9967586640798808,1.4046040461510554e-25
111180,0.0,9.381368648916183e-33,9927.051530780753,0.9967586640798807,1.4029626399753232e-25
111240,0.0,9.370339059337497e-33,9927.051530780767,0.9967586640798806,1.4013212337995914e-25
111300,0.0,9.359309469758808e-33,9927.05153078078,0.9967586640798803,1.3996798276238592e-25
111360,0.0,9.348279880180121e-33,9927.051530780793,0.9967586640798802,1.3980384214481273e-25
111420,0.0,9.337250290601433e-33,9927.051530780805,0.9967586640798801,1.396397015272395e-25
111480,0.0,9.326220701022747e-33,9927.051530780818,0.99675866407988,1.3947556090966633e-25
111540,0.0,9.315191111444058e-33,9927.051530780833,0.9967586640798798,1.3931142029209311e-25
111600,0.0,9.304161521865372e-33,9927.051530780845,0.9967586640798797,1.3914727967451992e-25
111660,0.0,9.293131932286684e-33,9927.051530780858,0.9967586640798796,1.3898313905694672e-25
111720,0.0,9.282102342707997e-33,9927.051530780871,0.9967586640798795,1.3881899843937353e-25
111780,0.0,9.271072753129308e-33,9927.051530780886,0.9967586640798792,1.386548578218003e-25
111840,0.0,9.260043163550622e-33,9927.051530780898,0.9967586640798791,1.384907172042271e-25
111900,0.0,9.249013573971934e-33,9927.051530780911,0.996758664079879,1.3832657658665391e-25
111960,0.0,9.237983984393245e-33,9927.051530780924,0.9967586640798789,1.381624359690807e-25
112020,0.0,9.226954394814559e-33,9927.051530780936,0.9967586640798787,1.379982953515075e-25
112080,0.0,9.215924805235871e-33,9927.051530780951,0.9967586640798786,1.378341547339343e-25
112140,0.0,9.204895215657185e-33,9927.051530780964,0.9967586640798785,1.376700141163611e-25
112200,0.0,9.193865626078495e-33,9927.051530780976,0.9967586640798783,1.3750587349878789e-25
112260,0.0,9.182836036499809e-33,9927.05153078099,0.9967586640798781,1.373417328812147e-25
112320,0.0,9.171806446921121e-33,9927.051530781004,0.996758664079878,1.371775922636415e-25
112380,0.0,9.160776857342435e-33,9927.051530781016,0.9967586640798779,1.370134516460683e-25
112440,0.0,9.149747267763746e-33,9927.05153078103,0.9967586640798778,1.3684931102849508e-25
112500,0.0,9.13871767818506e-33,9927.051530781042,0.9967586640798777,1.366851704109219e-25
112560,0.0,9.127688088606372e-33,9927.051530781056,0.9967586640798775,1.3652102979334868e-25
112620,0.0,9.116658499027685e-33,9927.05153078107,0.9967586640798773,1.3635688917577549e-25
112680,0.0,9.105628909448998e-33,9927.051530781082,0.9967586640798772,1.3619274855820227e-25
112740,0.0,9.09459931987031e-33,9927.051530781095,0.9967586640798771,1.360286079406291e-25
112800,0.0,9.083569730291622e-33,9927.051530781107,0.9967586640798769,1.3586446732305587e-25
112860,0.0,9.072540140712936e-33,9927.051530781122,0.9967586640798768,1.3570032670548268e-25
112920,0.0,9.061510551134248e-33,9927.051530781135,0.9967586640798767,1.3553618608790946e-25
112980,0.0,9.05048096155556e-33,9927.051530781147,0.9967586640798766,1.3537204547033629e-25
113040,0.0,9.039451371976873e-33,9927.05153078116,0.9967586640798763,1.3520790485276307e-25
113100,0.0,9.028421782398185e-33,9927.051530781175,0.9967586640798762,1.3504376423518985e-25
113160,0.0,9.017392192819498e-33,9927.051530781187,0.9967586640798761,1.3487962361761667e-25
113220,0.0,9.00636260324081e-33,9927.0515307812,0.996758664079876,1.3471548300004345e-25
113280,0.0,8.995333013662123e-33,9927.051530781213,0.9967586640798758,1.3455134238247026e-25
113340,0.0,8.984303424083435e-33,9927.051530781227,0.9967586640798757,1.3438720176489704e-25
113400,0.0,8.973273834504749e-33,9927.05153078124,0.9967586640798756,1.3422306114732386e-25
113460,0.0,8.96224424492606e-33,9927.051530781253,0.9967586640798755,1.3405892052975064e-25
113520,0.0,8.951214655347373e-33,9927.051530781266,0.9967586640798752,1.3389477991217745e-25
113580,0.0,8.940185065768686e-33,9927.051530781278,0.9967586640798751,1.3373063929460425e-25
113640,0.0,8.929155476189999e-33,9927.051530781293,0.996758664079875,1.3356649867703106e-25
113700,0.0,8.91812588661131e-33,9927.051530781306,0.9967586640798749,1.3340235805945784e-25
113760,0.0,8.907096297032624e-33,9927.051530781318,0.9967586640798748,1.3323821744188464e-25
113820,0.0,8.896066707453936e-33,9927.051530781331,0.9967586640798746,1.3307407682431144e-25
113880,0.0,8.88503711787525e-33,9927.051530781346,0.9967586640798745,1.3290993620673825e-25
113940,0.0,8.87400752829656e-33,9927.051530781358,0.9967586640798743,1.3274579558916503e-25
114000,0.0,8.862977938717874e-33,9927.051530781371,0.9967586640798742,1.3258165497159185e-25
114060,0.0,8.851948349139186e-33,9927.051530781384,0.996758664079874,1.3241751435401863e-25
114120,0.0,8.8409187595605e-33,9927.051530781397,0.9967586640798739,1.3225337373644544e-25
114180,0.0,8.829889169981811e-33,9927.051530781411,0.9967586640798738,1.3208923311887222e-25
114240,0.0,8.818859580403123e-33,9927.051530781424,0.9967586640798737,1.3192509250129902e-25
114300,0.0,8.807829990824437e-33,9927.051530781437,0.9967586640798735,1.3176095188372583e-25
114360,0.0,8.796800401245748e-33,9927.05153078145,0.9967586640798733,1.315968112661526e-25
114420,0.0,8.785770811667061e-33,9927.051530781464,0.9967586640798732,1.3143267064857943e-25
114480,0.0,8.774741222088374e-33,9927.051530781477,0.9967586640798731,1.3126853003100621e-25
114540,0.0,8.763711632509687e-33,9927.05153078149,0.9967586640798729,1.3110438941343302e-25
114600,0.0,8.752682042930998e-33,9927.051530781502,0.9967586640798728,1.309402487958598e-25
114660,0.0,8.741652453352312e-33,9927.051530781517,0.9967586640798727,1.3077610817828662e-25
114720,0.0,8.730622863773624e-33,9927.05153078153,0.9967586640798726,1.306119675607134e-25
114780,0.0,8.719593274194938e-33,9927.051530781542,0.9967586640798723,1.304478269431402e-25
114840,0.0,8.708563684616248e-33,9927.051530781555,0.9967586640798722,1.30283686325567e-25
114900,0.0,8.697534095037562e-33,9927.051530781568,0.9967586640798721,1.3011954570799382e-25
114960,0.0,8.686504505458874e-33,9927.051530781582,0.996758664079872,1.299554050904206e-25
115020,0.0,8.675474915880188e-33,9927.051530781595,0.9967586640798719,1.297912644728474e-25
115080,0.0,8.664445326301499e-33,9927.051530781608,0.9967586640798717,1.296271238552742e-25
115140,0.0,8.653415736722812e-33,9927.05153078162,0.9967586640798716,1.29462983237701e-25
115200,0.0,8.642386147144125e-33,9927.051530781635,0.9967586640798715,1.2929884262012779e-25
115260,0.0,8.631356557565438e-33,9927.051530781648,0.9967586640798713,1.2913470200255461e-25
115320,0.0,8.620326967986749e-33,9927.05153078166,0.9967586640798711,1.289705613849814e-25
115380,0.0,8.609297378408062e-33,9927.051530781673,0.996758664079871,1.2880642076740817e-25
115440,0.0,8.598267788829375e-33,9927.051530781686,0.9967586640798709,1.2864228014983498e-25
115500,0.0,8.587238199250687e-33,9927.0515307817,0.9967586640798708,1.2847813953226178e-25
115560,0.0,8.576208609672e-33,9927.051530781713,0.9967586640798706,1.2831399891468859e-25
115620,0.0,8.565179020093312e-33,9927.051530781726,0.9967586640798705,1.2814985829711537e-25
115680,0.0,8.554149430514626e-33,9927.051530781739,0.9967586640798703,1.2798571767954217e-25
115740,0.0,8.543119840935938e-33,9927.051530781753,0.9967586640798702,1.2782157706196897e-25
115800,0.0,8.53209025135725e-33,9927.051530781766,0.99675866407987,1.2765743644439578e-25
115860,0.0,8.521060661778562e-33,9927.051530781779,0.9967586640798699,1.2749329582682256e-25
115920,0.0,8.510031072199876e-33,9927.051530781791,0.9967586640798698,1.2732915520924938e-25
115980,0.0,8.499001482621188e-33,9927.051530781806,0.9967586640798697,1.2716501459167616e-25
116040,0.0,8.4879718930425e-33,9927.051530781819,0.9967586640798696,1.2700087397410297e-25
116100,0.0,8.476942303463813e-33,9927.051530781831,0.9967586640798693,1.2683673335652975e-25
116160,0.0,8.465912713885126e-33,9927.051530781844,0.9967586640798692,1.2667259273895657e-25
116220,0.0,8.454883124306439e-33,9927.051530781857,0.9967586640798691,1.2650845212138336e-25
116280,0.0,8.443853534727752e-33,9927.051530781871,0.996758664079869,1.2634431150381016e-25
116340,0.0,8.432823945149063e-33,9927.051530781884,0.9967586640798688,1.2618017088623696e-25
116400,0.0,8.421794355570377e-33,9927.051530781897,0.9967586640798687,1.2601603026866377e-25
116460,0.0,8.410764765991689e-33,9927.05153078191,0.9967586640798686,1.2585188965109055e-25
116520,0.0,8.399735176413e-33,9927.051530781924,0.9967586640798685,1.2568774903351733e-25
116580,0.0,8.388705586834314e-33,9927.051530781937,0.9967586640798682,1.2552360841594415e-25
116640,0.0,8.377675997255626e-33,9927.05153078195,0.9967586640798681,1.2535946779837093e-25
116700,0.0,8.36664640767694e-33,9927.051530781962,0.996758664079868,1.2519532718079774e-25
116760,0.0,8.35561681809825e-33,9927.051530781975,0.9967586640798679,1.2503118656322452e-25
116820,0.0,8.344587228519564e-33,9927.05153078199,0.9967586640798677,1.2486704594565134e-25
116880,0.0,8.333557638940876e-33,9927.051530782002,0.9967586640798676,1.2470290532807813e-25
116940,0.0,8.32252804936219e-33,9927.051530782015,0.9967586640798675,1.2453876471050493e-25
117000,0.0,8.3114984597835e-33,9927.051530782028,0.9967586640798674,1.2437462409293173e-25
117060,0.0,8.300468870204814e-33,9927.051530782042,0.9967586640798671,1.2421048347535854e-25
117120,0.0,8.289439280626127e-33,9927.051530782055,0.996758664079867,1.2404634285778532e-25
117180,0.0,8.27840969104744e-33,9927.051530782068,0.9967586640798669,1.2388220224021214e-25
117240,0.0,8.267380101468751e-33,9927.05153078208,0.9967586640798668,1.2371806162263892e-25
117300,0.0,8.256350511890065e-33,9927.051530782095,0.9967586640798667,1.2355392100506573e-25
117360,0.0,8.245320922311377e-33,9927.051530782108,0.9967586640798665,1.233897803874925e-25
117420,0.0,8.23429133273269e-33,9927.05153078212,0.9967586640798664,1.2322563976991933e-25
117480,0.0,8.223261743154001e-33,9927.051530782133,0.9967586640798662,1.2306149915234612e-25
117540,0.0,8.212232153575315e-33,9927.051530782146,0.9967586640798661,1.2289735853477292e-25
117600,0.0,8.201202563996627e-33,9927.05153078216,0.9967586640798659,1.227332179171997e-25
117660,0.0,8.190172974417941e-33,9927.051530782173,0.9967586640798658,1.2256907729962653e-25
117720,0.0,8.179143384839252e-33,9927.051530782186,0.9967586640798657,1.224049366820533e-25
117780,0.0,8.168113795260564e-33,9927.051530782199,0.9967586640798656,1.2224079606448009e-25
117840,0.0,8.157084205681878e-33,9927.051530782213,0.9967586640798654,1.2207665544690691e-25
117900,0.0,8.14605461610319e-33,9927.051530782226,0.9967586640798652,1.219125148293337e-25
117960,0.0,8.135025026524502e-33,9927.051530782239,0.9967586640798651,1.217483742117605e-25
118020,0.0,8.123995436945815e-33,9927.051530782252,0.996758664079865,1.2158423359418728e-25
118080,0.0,8.112965847367128e-33,9927.051530782264,0.9967586640798648,1.214200929766141e-25
118140,0.0,8.10193625778844e-33,9927.051530782279,0.9967586640798647,1.2125595235904089e-25
118200,0.0,8.090906668209753e-33,9927.051530782292,0.9967586640798646,1.210918117414677e-25
118260,0.0,8.079877078631065e-33,9927.051530782304,0.9967586640798645,1.209276711238945e-25
118320,0.0,8.068847489052379e-33,9927.051530782317,0.9967586640798642,1.207635305063213e-25
118380,0.0,8.057817899473691e-33,9927.051530782332,0.9967586640798641,1.2059938988874808e-25
118440,0.0,8.046788309895003e-33,9927.051530782344,0.996758664079864,1.2043524927117488e-25
118500,0.0,8.035758720316315e-33,9927.051530782357,0.9967586640798639,1.2027110865360168e-25
118560,0.0,8.024729130737629e-33,9927.05153078237,0.9967586640798638,1.2010696803602849e-25
118620,0.0,8.013699541158941e-33,9927.051530782384,0.9967586640798636,1.1994282741845527e-25
118680,0.0,8.002669951580253e-33,9927.051530782397,0.9967586640798635,1.197786868008821e-25
118740,0.0,7.991640362001566e-33,9927.05153078241,0.9967586640798634,1.1961454618330887e-25
118800,0.0,7.98061077242288e-33,9927.051530782423,0.9967586640798632,1.1945040556573568e-25
118860,0.0,7.969581182844192e-33,9927.051530782435,0.996758664079863,1.1928626494816246e-25
118920,0.0,7.958551593265502e-33,9927.05153078245,0.9967586640798629,1.1912212433058926e-25
118980,0.0,7.947522003686816e-33,9927.051530782463,0.9967586640798628,1.1895798371301607e-25
119040,0.0,7.936492414108128e-33,9927.051530782475,0.9967586640798627,1.1879384309544285e-25
119100,0.0,7.925462824529442e-33,9927.051530782488,0.9967586640798625,1.1862970247786967e-25
119160,0.0,7.914433234950753e-33,9927.051530782503,0.9967586640798624,1.1846556186029645e-25
119220,0.0,7.903403645372067e-33,9927.051530782515,0.9967586640798622,1.1830142124272326e-25
119280,0.0,7.892374055793379e-33,9927.051530782528,0.9967586640798621,1.1813728062515004e-25
119340,0.0,7.881344466214692e-33,9927.05153078254,0.9967586640798619,1.1797314000757686e-25
119400,0.0,7.870314876636003e-33,9927.051530782555,0.9967586640798618,1.1780899939000364e-25
119460,0.0,7.859285287057317e-33,9927.051530782568,0.9967586640798617,1.1764485877243045e-25
119520,0.0,7.848255697478629e-33,9927.05153078258,0.9967586640798616,1.1748071815485723e-25
119580,0.0,7.837226107899943e-33,9927.051530782594,0.9967586640798614,1.1731657753728406e-25
119640,0.0,7.826196518321254e-33,9927.051530782606,0.9967586640798612,1.1715243691971084e-25
119700,0.0,7.815166928742567e-33,9927.05153078262,0.9967586640798611,1.1698829630213764e-25
119760,0.0,7.80413733916388e-33,9927.051530782634,0.996758664079861,1.1682415568456444e-25
119820,0.0,7.793107749585193e-33,9927.051530782646,0.9967586640798609,1.1666001506699125e-25
119880,0.0,7.782078160006504e-33,9927.051530782659,0.9967586640798607,1.1649587444941803e-25
119940,0.0,7.771048570427818e-33,9927.051530782674,0.9967586640798606,1.1633173383184483e-25
120000,0.0,7.76001898084913e-33,9927.051530782686,0.9967586640798605,1.1616759321427163e-25
120060,0.0,7.748989391270441e-33,9927.051530782699,0.9967586640798604,1.1600345259669842e-25
120120,0.0,7.737959801691754e-33,9927.051530782712,0.9967586640798601,1.1583931197912522e-25
120180,0.0,7.726930212113067e-33,9927.051530782725,0.99675866407986,1.1567517136155202e-25
120240,0.0,7.71590062253438e-33,9927.051530782739,0.9967586640798599,1.1551103074397883e-25
120300,0.0,7.704871032955691e-33,9927.051530782752,0.9967586640798598,1.153468901264056e-25
120360,0.0,7.693841443377005e-33,9927.051530782765,0.9967586640798596,1.151827495088324e-25
120420,0.0,7.682811853798317e-33,9927.051530782777,0.9967586640798595,1.1501860889125921e-25
120480,0.0,7.671782264219631e-33,9927.051530782792,0.9967586640798594,1.1485446827368602e-25
120540,0.0,7.660752674640942e-33,9927.051530782805,0.9967586640798592,1.146903276561128e-25
120600,0.0,7.649723085062255e-33,9927.051530782817,0.996758664079859,1.1452618703853962e-25
120660,0.0,7.638693495483568e-33,9927.05153078283,0.9967586640798589,1.143620464209664e-25
120720,0.0,7.627663905904881e-33,9927.051530782845,0.9967586640798588,1.141979058033932e-25
120780,0.0,7.616634316326193e-33,9927.051530782857,0.9967586640798587,1.1403376518582e-25
120840,0.0,7.605604726747506e-33,9927.05153078287,0.9967586640798585,1.1386962456824682e-25
120900,0.0,7.594575137168818e-33,9927.051530782883,0.9967586640798584,1.137054839506736e-25
120960,0.0,7.583545547590132e-33,9927.051530782895,0.9967586640798582,1.135413433331004e-25
121020,0.0,7.572515958011444e-33,9927.05153078291,0.9967586640798581,1.133772027155272e-25
121080,0.0,7.561486368432756e-33,9927.051530782923,0.996758664079858,1.13213062097954e-25
121140,0.0,7.550456778854068e-33,9927.051530782936,0.9967586640798578,1.1304892148038079e-25
121200,0.0,7.53942718927538e-33,9927.051530782948,0.9967586640798577,1.1288478086280757e-25
121260,0.0,7.528397599696694e-33,9927.051530782963,0.9967586640798576,1.127206402452344e-25
121320,0.0,7.517368010118005e-33,9927.051530782976,0.9967586640798575,1.1255649962766117e-25
121380,0.0,7.506338420539319e-33,9927.051530782988,0.9967586640798572,1.1239235901008798e-25
121440,0.0,7.495308830960631e-33,9927.051530783001,0.9967586640798571,1.1222821839251476e-25
121500,0.0,7.484279241381945e-33,9927.051530783014,0.996758664079857,1.1206407777494159e-25
121560,0.0,7.473249651803255e-33,9927.051530783028,0.9967586640798569,1.1189993715736837e-25
121620,0.0,7.462220062224569e-33,9927.051530783041,0.9967586640798567,1.1173579653979517e-25
121680,0.0,7.451190472645881e-33,9927.051530783054,0.9967586640798566,1.1157165592222197e-25
121740,0.0,7.440160883067195e-33,9927.051530783066,0.9967586640798565,1.1140751530464878e-25
121800,0.0,7.429131293488506e-33,9927.051530783081,0.9967586640798564,1.1124337468707556e-25
121860,0.0,7.418101703909818e-33,9927.051530783094,0.9967586640798561,1.1107923406950236e-25
121920,0.0,7.407072114331132e-33,9927.051530783107,0.996758664079856,1.1091509345192916e-25
121980,0.0,7.396042524752444e-33,9927.05153078312,0.9967586640798559,1.1075095283435597e-25
122040,0.0,7.385012935173756e-33,9927.051530783134,0.9967586640798558,1.1058681221678275e-25
122100,0.0,7.373983345595069e-33,9927.051530783147,0.9967586640798556,1.1042267159920955e-25
122160,0.0,7.362953756016382e-33,9927.05153078316,0.9967586640798555,1.1025853098163636e-25
122220,0.0,7.351924166437694e-33,9927.051530783172,0.9967586640798554,1.1009439036406316e-25
122280,0.0,7.340894576859007e-33,9927.051530783185,0.9967586640798552,1.0993024974648994e-25
122340,0.0,7.329864987280319e-33,9927.0515307832,0.9967586640798551,1.0976610912891674e-25
122400,0.0,7.318835397701633e-33,9927.051530783212,0.9967586640798549,1.0960196851134355e-25
122460,0.0,7.307805808122945e-33,9927.051530783225,0.9967586640798548,1.0943782789377035e-25
122520,0.0,7.296776218544257e-33,9927.051530783237,0.9967586640798547,1.0927368727619715e-25
122580,0.0,7.285746628965571e-33,9927.051530783252,0.9967586640798546,1.0910954665862393e-25
122640,0.0,7.274717039386883e-33,9927.051530783265,0.9967586640798544,1.0894540604105074e-25
122700,0.0,7.263687449808195e-33,9927.051530783277,0.9967586640798543,1.0878126542347754e-25
122760,0.0,7.252657860229507e-33,9927.05153078329,0.9967586640798541,1.0861712480590435e-25
122820,0.0,7.241628270650821e-33,9927.051530783303,0.996758664079854,1.0845298418833113e-25
122880,0.0,7.230598681072133e-33,9927.051530783318,0.9967586640798538,1.0828884357075793e-25
122940,0.0,7.219569091493444e-33,9927.05153078333,0.9967586640798537,1.0812470295318473e-25
123000,0.0,7.208539501914758e-33,9927.051530783343,0.9967586640798536,1.0796056233561151e-25
123060,0.0,7.19750991233607e-33,9927.051530783356,0.9967586640798535,1.0779642171803832e-25
123120,0.0,7.186480322757382e-33,9927.05153078337,0.9967586640798533,1.0763228110046512e-25
123180,0.0,7.175450733178695e-33,9927.051530783383,0.9967586640798531,1.0746814048289192e-25
123240,0.0,7.164421143600008e-33,9927.051530783396,0.996758664079853,1.073039998653187e-25
123300,0.0,7.15339155402132e-33,9927.051530783408,0.9967586640798529,1.071398592477455e-25
123360,0.0,7.142361964442633e-33,9927.051530783423,0.9967586640798528,1.0697571863017231e-25
123420,0.0,7.131332374863945e-33,9927.051530783436,0.9967586640798526,1.0681157801259912e-25
123480,0.0,7.120302785285259e-33,9927.051530783448,0.9967586640798525,1.0664743739502592e-25
123540,0.0,7.109273195706571e-33,9927.051530783461,0.9967586640798524,1.064832967774527e-25
123600,0.0,7.098243606127883e-33,9927.051530783474,0.9967586640798523,1.063191561598795e-25
123660,0.0,7.087214016549195e-33,9927.051530783488,0.996758664079852,1.061550155423063e-25
123720,0.0,7.076184426970509e-33,9927.051530783501,0.9967586640798519,1.059908749247331e-25
123780,0.0,7.065154837391821e-33,9927.051530783514,0.9967586640798518,1.058267343071599e-25
123840,0.0,7.054125247813134e-33,9927.051530783527,0.9967586640798517,1.056625936895867e-25
123900,0.0,7.043095658234446e-33,9927.051530783541,0.9967586640798515,1.054984530720135e-25
123960,0.0,7.03206606865576e-33,9927.051530783554,0.9967586640798514,1.053343124544403e-25
124020,0.0,7.021036479077072e-33,9927.051530783567,0.9967586640798513,1.051701718368671e-25
124080,0.0,7.010006889498384e-33,9927.05153078358,0.9967586640798511,1.0500603121929389e-25
124140,0.0,6.998977299919696e-33,9927.051530783594,0.9967586640798509,1.048418906017207e-25
124200,0.0,6.987947710341008e-33,9927.051530783607,0.9967586640798508,1.0467774998414747e-25
124260,0.0,6.976918120762321e-33,9927.05153078362,0.9967586640798507,1.0451360936657427e-25
124320,0.0,6.965888531183634e-33,9927.051530783632,0.9967586640798506,1.0434946874900108e-25
124380,0.0,6.954858941604947e-33,9927.051530783645,0.9967586640798504,1.0418532813142788e-25
124440,0.0,6.943829352026259e-33,9927.05153078366,0.9967586640798503,1.0402118751385466e-25
124500,0.0,6.932799762447571e-33,9927.051530783672,0.9967586640798501,1.0385704689628146e-25
124560,0.0,6.921770172868885e-33,9927.051530783685,0.99675866407985,1.0369290627870827e-25
124620,0.0,6.910740583290197e-33,9927.051530783698,0.9967586640798499,1.0352876566113507e-25
124680,0.0,6.899710993711509e-33,9927.051530783712,0.9967586640798497,1.0336462504356186e-25
124740,0.0,6.888681404132822e-33,9927.051530783725,0.9967586640798496,1.0320048442598867e-25
124800,0.0,6.877651814554135e-33,9927.051530783738,0.9967586640798495,1.0303634380841547e-25
124860,0.0,6.866622224975447e-33,9927.05153078375,0.9967586640798494,1.0287220319084226e-25
124920,0.0,6.85559263539676e-33,9927.051530783763,0.9967586640798491,1.0270806257326907e-25
124980,0.0,6.844563045818072e-33,9927.051530783778,0.996758664079849,1.0254392195569586e-25
125040,0.0,6.833533456239386e-33,9927.05153078379,0.9967586640798489,1.0237978133812266e-25
125100,0.0,6.822503866660698e-33,9927.051530783803,0.9967586640798488,1.0221564072054945e-25
125160,0.0,6.81147427708201e-33,9927.051530783816,0.9967586640798486,1.0205150010297626e-25
125220,0.0,6.800444687503322e-33,9927.05153078383,0.9967586640798485,1.0188735948540306e-25
125280,0.0,6.789415097924635e-33,9927.051530783843,0.9967586640798484,1.0172321886782984e-25
125340,0.0,6.778385508345947e-33,9927.051530783856,0.9967586640798483,1.0155907825025665e-25
125400,0.0,6.76735591876726e-33,9927.051530783869,0.996758664079848,1.0139493763268344e-25
125460,0.0,6.756326329188573e-33,9927.051530783883,0.9967586640798479,1.0123079701511024e-25
125520,0.0,6.745296739609885e-33,9927.051530783896,0.9967586640798478,1.0106665639753703e-25
125580,0.0,6.734267150031197e-33,9927.051530783909,0.9967586640798477,1.0090251577996384e-25
125640,0.0,6.723237560452511e-33,9927.051530783921,0.9967586640798475,1.0073837516239063e-25
125700,0.0,6.712207970873823e-33,9927.051530783934,0.9967586640798474,1.0057423454481743e-25
125760,0.0,6.701178381295135e-33,9927.051530783949,0.9967586640798473,1.0041009392724424e-25
125820,0.0,6.690148791716448e-33,9927.051530783961,0.9967586640798471,1.0024595330967103e-25
125880,0.0,6.679119202137761e-33,9927.051530783974,0.996758664079847,1.0008181269209783e-25
125940,0.0,6.668089612559074e-33,9927.051530783987,0.9967586640798468,9.991767207452462e-26
126000,0.0,6.657060022980386e-33,9927.051530784001,0.9967586640798467,9.975353145695143e-26
126060,0.0,6.646030433401698e-33,9927.051530784014,0.9967586640798466,9.958939083937822e-26
126120,0.0,6.635000843823012e-33,9927.051530784027,0.9967586640798465,9.942525022180502e-26
126180,0.0,6.623971254244324e-33,9927.05153078404,0.9967586640798463,9.926110960423183e-26
126240,0.0,6.612941664665636e-33,9927.051530784052,0.9967586640798461,9.909696898665862e-26
126300,0.0,6.601912075086948e-33,9927.051530784067,0.996758664079846,9.893282836908542e-26
126360,0.0,6.590882485508262e-33,9927.05153078408,0.9967586640798459,9.876868775151221e-26
126420,0.0,6.579852895929573e-33,9927.051530784092,0.9967586640798457,9.860454713393901e-26
126480,0.0,6.568823306350887e-33,9927.051530784105,0.9967586640798456,9.84404065163658e-26
126540,0.0,6.557793716772199e-33,9927.05153078412,0.9967586640798455,9.82762658987926e-26
126600,0.0,6.546764127193511e-33,9927.051530784132,0.9967586640798454,9.811212528121939e-26
126660,0.0,6.535734537614823e-33,9927.051530784145,0.9967586640798451,9.79479846636462e-26
126720,0.0,6.524704948036137e-33,9927.051530784158,0.996758664079845,9.7783844046073e-26
126780,0.0,6.513675358457449e-33,9927.051530784172,0.9967586640798449,9.761970342849979e-26
126840,0.0,6.502645768878761e-33,9927.051530784185,0.9967586640798448,9.74555628109266e-26
126900,0.0,6.491616179300074e-33,9927.051530784198,0.9967586640798446,9.729142219335339e-26
126960,0.0,6.480586589721387e-33,9927.05153078421,0.9967586640798445,9.712728157578019e-26
127020,0.0,6.4695570001427e-33,9927.051530784223,0.9967586640798444,9.696314095820698e-26
127080,0.0,6.458527410564012e-33,9927.051530784238,0.9967586640798443,9.679900034063379e-26
127140,0.0,6.447497820985324e-33,9927.05153078425,0.9967586640798441,9.663485972306059e-26
127200,0.0,6.436468231406638e-33,9927.051530784263,0.9967586640798439,9.647071910548738e-26
127260,0.0,6.42543864182795e-33,9927.051530784276,0.9967586640798438,9.630657848791419e-26
127320,0.0,6.414409052249262e-33,9927.05153078429,0.9967586640798437,9.614243787034098e-26
127380,0.0,6.403379462670575e-33,9927.051530784303,0.9967586640798436,9.597829725276778e-26
127440,0.0,6.392349873091888e-33,9927.051530784316,0.9967586640798434,9.581415663519457e-26
127500,0.0,6.3813202835132e-33,9927.051530784329,0.9967586640798433,9.565001601762138e-26
127560,0.0,6.370290693934513e-33,9927.051530784342,0.9967586640798431,9.548587540004817e-26
127620,0.0,6.359261104355825e-33,9927.051530784356,0.996758664079843,9.532173478247496e-26
127680,0.0,6.348231514777137e-33,9927.051530784369,0.9967586640798428,9.515759416490177e-26
127740,0.0,6.33720192519845e-33,9927.051530784382,0.9967586640798427,9.499345354732856e-26
127800,0.0,6.326172335619763e-33,9927.051530784394,0.9967586640798426,9.482931292975536e-26
127860,0.0,6.315142746041075e-33,9927.051530784409,0.9967586640798425,9.466517231218215e-26
127920,0.0,6.304113156462388e-33,9927.051530784422,0.9967586640798423,9.450103169460896e-26
127980,0.0,6.2930835668837e-33,9927.051530784434,0.9967586640798421,9.433689107703575e-26
128040,0.0,6.282053977305013e-33,9927.051530784447,0.996758664079842,9.417275045946255e-26
128100,0.0,6.271024387726326e-33,9927.051530784462,0.9967586640798419,9.400860984188936e-26
128160,0.0,6.259994798147638e-33,9927.051530784474,0.9967586640798417,9.384446922431615e-26
128220,0.0,6.24896520856895e-33,9927.051530784487,0.9967586640798416,9.368032860674295e-26
128280,0.0,6.237935618990264e-33,9927.0515307845,0.9967586640798415,9.351618798916974e-26
128340,0.0,6.226906029411576e-33,9927.051530784513,0.9967586640798414,9.335204737159655e-26
128400,0.0,6.215876439832888e-33,9927.051530784527,0.9967586640798413,9.318790675402334e-26
128460,0.0,6.2048468502542e-33,9927.05153078454,0.996758664079841,9.302376613645014e-26
128520,0.0,6.193817260675514e-33,9927.051530784553,0.9967586640798409,9.285962551887693e-26
128580,0.0,6.182787671096827e-33,9927.051530784565,0.9967586640798408,9.269548490130374e-26
128640,0.0,6.171758081518139e-33,9927.05153078458,0.9967586640798407,9.253134428373054e-26
128700,0.0,6.160728491939452e-33,9927.051530784593,0.9967586640798405,9.236720366615733e-26
128760,0.0,6.149698902360763e-33,9927.051530784605,0.9967586640798404,9.220306304858413e-26
128820,0.0,6.1386693127820755e-33,9927.051530784618,0.9967586640798403,9.203892243101092e-26
128880,0.0,6.1276397232033885e-33,9927.05153078463,0.9967586640798402,9.187478181343772e-26
128940,0.0,6.116610133624701e-33,9927.051530784645,0.9967586640798399,9.171064119586451e-26
129000,0.0,6.105580544046014e-33,9927.051530784658,0.9967586640798398,9.154650057829132e-26
129060,0.0,6.0945509544673266e-33,9927.05153078467,0.9967586640798397,9.138235996071812e-26
129120,0.0,6.083521364888639e-33,9927.051530784684,0.9967586640798396,9.121821934314491e-26
129180,0.0,6.072491775309952e-33,9927.051530784698,0.9967586640798394,9.105407872557172e-26
129240,0.0,6.061462185731264e-33,9927.05153078471,0.9967586640798393,9.088993810799851e-26
129300,0.0,6.050432596152577e-33,9927.051530784724,0.9967586640798392,9.072579749042531e-26
129360,0.0,6.039403006573889e-33,9927.051530784736,0.996758664079839,9.05616568728521e-26
129420,0.0,6.028373416995202e-33,9927.05153078475,0.9967586640798388,9.039751625527891e-26
129480,0.0,6.0173438274165145e-33,9927.051530784764,0.9967586640798387,9.023337563770571e-26
129540,0.0,6.0063142378378274e-33,9927.051530784776,0.9967586640798386,9.00692350201325e-26
129600,0.0,5.99528464825914e-33,9927.051530784789,0.9967586640798385,8.990509440255931e-26
129660,0.0,5.9842550586804526e-33,9927.051530784802,0.9967586640798384,8.97409537849861e-26
129720,0.0,5.973225469101765e-33,9927.051530784816,0.9967586640798382,8.95768131674129e-26
129780,0.0,5.962195879523078e-33,9927.051530784829,0.996758664079838,8.94126725498397e-26
129840,0.0,5.95116628994439e-33,9927.051530784842,0.9967586640798379,8.92485319322665e-26
129900,0.0,5.9401367003657016e-33,9927.051530784855,0.9967586640798378,8.908439131469328e-26
129960,0.0,5.9291071107870146e-33,9927.05153078487,0.9967586640798376,8.892025069712008e-26
130020,0.0,5.918077521208327e-33,9927.051530784882,0.9967586640798375,8.875611007954689e-26
130080,0.0,5.90704793162964e-33,9927.051530784895,0.9967586640798374,8.859196946197368e-26
130140,0.0,5.896018342050952e-33,9927.051530784907,0.9967586640798373,8.842782884440048e-26
130200,0.0,5.884988752472265e-33,9927.051530784922,0.996758664079837,8.826368822682727e-26
130260,0.0,5.873959162893577e-33,9927.051530784935,0.9967586640798369,8.809954760925408e-26
130320,0.0,5.86292957331489e-33,9927.051530784947,0.9967586640798368,8.793540699168087e-26
130380,0.0,5.8518999837362024e-33,9927.05153078496,0.9967586640798367,8.777126637410767e-26
130440,0.0,5.8408703941575154e-33,9927.051530784973,0.9967586640798365,8.760712575653448e-26
130500,0.0,5.8298408045788276e-33,9927.051530784987,0.9967586640798364,8.744298513896127e-26
130560,0.0,5.8188112150001406e-33,9927.051530785,0.9967586640798363,8.727884452138807e-26
130620,0.0,5.807781625421453e-33,9927.051530785013,0.9967586640798362,8.711470390381486e-26
130680,0.0,5.796752035842766e-33,9927.051530785026,0.996758664079836,8.695056328624167e-26
130740,0.0,5.785722446264078e-33,9927.05153078504,0.9967586640798358,8.678642266866846e-26
130800,0.0,5.774692856685391e-33,9927.051530785053,0.9967586640798357,8.662228205109526e-26
130860,0.0,5.763663267106704e-33,9927.051530785066,0.9967586640798356,8.645814143352206e-26
130920,0.0,5.752633677528016e-33,9927.051530785078,0.9967586640798355,8.629400081594886e-26
130980,0.0,5.741604087949329e-33,9927.051530785091,0.9967586640798353,8.612986019837566e-26
131040,0.0,5.7305744983706414e-33,9927.051530785106,0.9967586640798352,8.596571958080245e-26
131100,0.0,5.719544908791953e-33,9927.051530785118,0.996758664079835,8.580157896322925e-26
131160,0.0,5.708515319213266e-33,9927.051530785131,0.9967586640798349,8.563743834565604e-26
131220,0.0,5.697485729634578e-33,9927.051530785144,0.9967586640798347,8.547329772808284e-26
131280,0.0,5.686456140055891e-33,9927.051530785158,0.9967586640798346,8.530915711050963e-26
131340,0.0,5.675426550477203e-33,9927.051530785171,0.9967586640798345,8.514501649293644e-26
131400,0.0,5.664396960898516e-33,9927.051530785184,0.9967586640798344,8.498087587536324e-26
131460,0.0,5.6533673713198285e-33,9927.051530785197,0.9967586640798342,8.481673525779003e-26
131520,0.0,5.6423377817411415e-33,9927.051530785211,0.996758664079834,8.465259464021684e-26
131580,0.0,5.631308192162454e-33,9927.051530785224,0.9967586640798339,8.448845402264363e-26
131640,0.0,5.620278602583767e-33,9927.051530785237,0.9967586640798338,8.432431340507043e-26
131700,0.0,5.609249013005079e-33,9927.05153078525,0.9967586640798336,8.416017278749722e-26
131760,0.0,5.598219423426392e-33,9927.051530785262,0.9967586640798335,8.399603216992403e-26
131820,0.0,5.587189833847704e-33,9927.051530785277,0.9967586640798334,8.383189155235082e-26
131880,0.0,5.576160244269017e-33,9927.05153078529,0.9967586640798333,8.366775093477762e-26
131940,0.0,5.565130654690329e-33,9927.051530785302,0.9967586640798332,8.350361031720443e-26
132000,0.0,5.554101065111642e-33,9927.051530785315,0.9967586640798329,8.333946969963122e-26
132060,0.0,5.5430714755329545e-33,9927.05153078533,0.9967586640798328,8.317532908205802e-26
132120,0.0,5.5320418859542675e-33,9927.051530785342,0.9967586640798327,8.301118846448481e-26
132180,0.0,5.52101229637558e-33,9927.051530785355,0.9967586640798326,8.284704784691162e-26
132240,0.0,5.509982706796892e-33,9927.051530785368,0.9967586640798324,8.26829072293384e-26
132300,0.0,5.498953117218204e-33,9927.05153078538,0.9967586640798323,8.25187666117652e-26
132360,0.0,5.487923527639517e-33,9927.051530785395,0.9967586640798322,8.235462599419201e-26
132420,0.0,5.4768939380608294e-33,9927.051530785408,0.996758664079832,8.21904853766188e-26
132480,0.0,5.4658643484821424e-33,9927.05153078542,0.9967586640798318,8.20263447590456e-26
132540,0.0,5.4548347589034546e-33,9927.051530785433,0.9967586640798317,8.186220414147239e-26
132600,0.0,5.4438051693247676e-33,9927.051530785448,0.9967586640798316,8.16980635238992e-26
132660,0.0,5.43277557974608e-33,9927.05153078546,0.9967586640798315,8.153392290632599e-26
132720,0.0,5.421745990167393e-33,9927.051530785473,0.9967586640798313,8.136978228875279e-26
132780,0.0,5.410716400588705e-33,9927.051530785486,0.9967586640798312,8.120564167117958e-26
132840,0.0,5.399686811010018e-33,9927.0515307855,0.996758664079831,8.104150105360639e-26
132900,0.0,5.38865722143133e-33,9927.051530785513,0.9967586640798309,8.087736043603319e-26
132960,0.0,5.377627631852643e-33,9927.051530785526,0.9967586640798307,8.071321981845998e-26
133020,0.0,5.3665980422739554e-33,9927.051530785538,0.9967586640798306,8.054907920088679e-26
133080,0.0,5.3555684526952684e-33,9927.051530785551,0.9967586640798305,8.038493858331358e-26
133140,0.0,5.3445388631165806e-33,9927.051530785566,0.9967586640798304,8.022079796574038e-26
133200,0.0,5.3335092735378936e-33,9927.051530785579,0.9967586640798303,8.005665734816718e-26
133260,0.0,5.322479683959206e-33,9927.051530785591,0.99675866407983,7.989251673059398e-26
133320,0.0,5.311450094380519e-33,9927.051530785604,0.9967586640798299,7.972837611302078e-26
133380,0.0,5.30042050480183e-33,9927.051530785619,0.9967586640798298,7.956423549544756e-26
133440,0.0,5.289390915223143e-33,9927.051530785631,0.9967586640798297,7.940009487787437e-26
133500,0.0,5.2783613256444555e-33,9927.051530785644,0.9967586640798295,7.923595426030116e-26
133560,0.0,5.2673317360657685e-33,9927.051530785657,0.9967586640798294,7.907181364272796e-26
133620,0.0,5.256302146487081e-33,9927.05153078567,0.9967586640798293,7.890767302515475e-26
133680,0.0,5.245272556908394e-33,9927.051530785684,0.9967586640798292,7.874353240758156e-26
133740,0.0,5.234242967329706e-33,9927.051530785697,0.9967586640798289,7.857939179000835e-26
133800,0.0,5.223213377751019e-33,9927.05153078571,0.9967586640798288,7.841525117243515e-26
133860,0.0,5.212183788172331e-33,9927.051530785722,0.9967586640798287,7.825111055486196e-26
133920,0.0,5.201154198593644e-33,9927.051530785737,0.9967586640798286,7.808696993728875e-26
133980,0.0,5.190124609014956e-33,9927.05153078575,0.9967586640798284,7.792282931971555e-26
134040,0.0,5.179095019436269e-33,9927.051530785762,0.9967586640798283,7.775868870214234e-26
134100,0.0,5.1680654298575815e-33,9927.051530785775,0.9967586640798282,7.759454808456915e-26
134160,0.0,5.1570358402788945e-33,9927.05153078579,0.996758664079828,7.743040746699594e-26
134220,0.0,5.146006250700207e-33,9927.051530785802,0.9967586640798278,7.726626684942274e-26
134280,0.0,5.13497666112152e-33,9927.051530785815,0.9967586640798277,7.710212623184955e-26
134340,0.0,5.123947071542832e-33,9927.051530785828,0.9967586640798276,7.693798561427634e-26
134400,0.0,5.112917481964145e-33,9927.05153078584,0.9967586640798275,7.677384499670314e-26
134460,0.0,5.101887892385457e-33,9927.051530785855,0.9967586640798274,7.660970437912994e-26
134520,0.0,5.09085830280677e-33,9927.051530785868,0.9967586640798272,7.644556376155674e-26
134580,0.0,5.0798287132280816e-33,9927.05153078588,0.996758664079827,7.628142314398352e-26
134640,0.0,5.0687991236493946e-33,9927.051530785893,0.9967586640798269,7.611728252641032e-26
134700,0.0,5.057769534070707e-33,9927.051530785908,0.9967586640798268,7.595314190883711e-26
134760,0.0,5.04673994449202e-33,9927.05153078592,0.9967586640798266,7.578900129126392e-26
134820,0.0,5.035710354913332e-33,9927.051530785933,0.9967586640798265,7.562486067369072e-26
134880,0.0,5.024680765334645e-33,9927.051530785946,0.9967586640798264,7.546072005611751e-26
134940,0.0,5.013651175755957e-33,9927.05153078596,0.9967586640798263,7.529657943854432e-26
135000,0.0,5.00262158617727e-33,9927.051530785973,0.996758664079826,7.513243882097111e-26
135060,0.0,4.9915919965985824e-33,9927.051530785986,0.9967586640798259,7.496829820339791e-26
135120,0.0,4.9805624070198954e-33,9927.051530785999,0.9967586640798258,7.48041575858247e-26
135180,0.0,4.9695328174412076e-33,9927.051530786011,0.9967586640798257,7.464001696825151e-26
135240,0.0,4.9585032278625206e-33,9927.051530786026,0.9967586640798255,7.447587635067831e-26
135300,0.0,4.947473638283833e-33,9927.051530786039,0.9967586640798254,7.43117357331051e-26
135360,0.0,4.936444048705146e-33,9927.051530786051,0.9967586640798253,7.414759511553191e-26
135420,0.0,4.925414459126458e-33,9927.051530786064,0.9967586640798252,7.39834544979587e-26
135480,0.0,4.914384869547771e-33,9927.051530786079,0.9967586640798249,7.38193138803855e-26
135540,0.0,4.903355279969083e-33,9927.051530786091,0.9967586640798248,7.36551732628123e-26
135600,0.0,4.892325690390396e-33,9927.051530786104,0.9967586640798247,7.34910326452391e-26
135660,0.0,4.8812961008117084e-33,9927.051530786117,0.9967586640798246,7.33268920276659e-26
135720,0.0,4.870266511233021e-33,9927.05153078613,0.9967586640798245,7.316275141009268e-26
135780,0.0,4.859236921654333e-33,9927.051530786144,0.9967586640798243,7.299861079251949e-26
135840,0.0,4.848207332075646e-33,9927.051530786157,0.9967586640798242,7.283447017494628e-26
135900,0.0,4.837177742496958e-33,9927.05153078617,0.996758664079824,7.267032955737308e-26
135960,0.0,4.826148152918271e-33,9927.051530786182,0.9967586640798239,7.250618893979987e-26
136020,0.0,4.815118563339583e-33,9927.051530786197,0.9967586640798237,7.234204832222668e-26
136080,0.0,4.804088973760896e-33,9927.05153078621,0.9967586640798236,7.217790770465347e-26
136140,0.0,4.7930593841822085e-33,9927.051530786222,0.9967586640798235,7.201376708708027e-26
136200,0.0,4.7820297946035215e-33,9927.051530786235,0.9967586640798234,7.184962646950708e-26
136260,0.0,4.771000205024834e-33,9927.05153078625,0.9967586640798232,7.168548585193387e-26
136320,0.0,4.759970615446147e-33,9927.051530786262,0.996758664079823,7.152134523436067e-26
136380,0.0,4.748941025867459e-33,9927.051530786275,0.9967586640798229,7.135720461678746e-26
136440,0.0,4.737911436288772e-33,9927.051530786288,0.9967586640798228,7.119306399921427e-26
136500,0.0,4.726881846710084e-33,9927.0515307863,0.9967586640798226,7.102892338164106e-26
136560,0.0,4.715852257131397e-33,9927.051530786315,0.9967586640798225,7.086478276406786e-26
136620,0.0,4.704822667552709e-33,9927.051530786328,0.9967586640798224,7.070064214649467e-26
136680,0.0,4.693793077974022e-33,9927.05153078634,0.9967586640798223,7.053650152892146e-26
136740,0.0,4.6827634883953345e-33,9927.051530786353,0.996758664079822,7.037236091134826e-26
136800,0.0,4.6717338988166475e-33,9927.051530786368,0.9967586640798219,7.020822029377506e-26
136860,0.0,4.66070430923796e-33,9927.05153078638,0.9967586640798218,7.004407967620186e-26
136920,0.0,4.649674719659271e-33,9927.051530786393,0.9967586640798217,6.987993905862864e-26
136980,0.0,4.638645130080584e-33,9927.051530786406,0.9967586640798216,6.971579844105544e-26
137040,0.0,4.6276155405018965e-33,9927.051530786419,0.9967586640798214,6.955165782348224e-26
137100,0.0,4.6165859509232094e-33,9927.051530786433,0.9967586640798213,6.938751720590904e-26
137160,0.0,4.605556361344522e-33,9927.051530786446,0.9967586640798212,6.922337658833584e-26
137220,0.0,4.5945267717658346e-33,9927.051530786459,0.996758664079821,6.905923597076263e-26
137280,0.0,4.5834971821871476e-33,9927.051530786472,0.9967586640798208,6.889509535318944e-26
137340,0.0,4.57246759260846e-33,9927.051530786486,0.9967586640798207,6.873095473561623e-26
137400,0.0,4.561438003029773e-33,9927.051530786499,0.9967586640798206,6.856681411804303e-26
137460,0.0,4.550408413451085e-33,9927.051530786512,0.9967586640798205,6.840267350046983e-26
137520,0.0,4.539378823872398e-33,9927.051530786524,0.9967586640798203,6.823853288289663e-26
137580,0.0,4.52834923429371e-33,9927.051530786539,0.9967586640798202,6.807439226532343e-26
137640,0.0,4.517319644715023e-33,9927.051530786552,0.9967586640798201,6.791025164775022e-26
137700,0.0,4.5062900551363354e-33,9927.051530786564,0.99675866407982,6.774611103017703e-26
137760,0.0,4.4952604655576484e-33,9927.051530786577,0.9967586640798197,6.758197041260382e-26
137820,0.0,4.4842308759789606e-33,9927.05153078659,0.9967586640798196,6.741782979503062e-26
137880,0.0,4.4732012864002736e-33,9927.051530786604,0.9967586640798195,6.725368917745742e-26
137940,0.0,4.462171696821586e-33,9927.051530786617,0.9967586640798194,6.708954855988422e-26
138000,0.0,4.451142107242899e-33,9927.05153078663,0.9967586640798192,6.692540794231102e-26
138060,0.0,4.44011251766421e-33,9927.051530786643,0.9967586640798191,6.67612673247378e-26
138120,0.0,4.4290829280855226e-33,9927.051530786657,0.996758664079819,6.659712670716461e-26
138180,0.0,4.4180533385068355e-33,9927.05153078667,0.9967586640798188,6.64329860895914e-26
138240,0.0,4.407023748928148e-33,9927.051530786683,0.9967586640798187,6.62688454720182e-26
138300,0.0,4.395994159349461e-33,9927.051530786695,0.9967586640798185,6.6104704854445e-26
138360,0.0,4.384964569770773e-33,9927.051530786708,0.9967586640798184,6.59405642368718e-26
138420,0.0,4.373934980192086e-33,9927.051530786723,0.9967586640798183,6.577642361929859e-26
138480,0.0,4.362905390613398e-33,9927.051530786735,0.9967586640798182,6.561228300172539e-26
138540,0.0,4.351875801034711e-33,9927.051530786748,0.996758664079818,6.54481423841522e-26
138600,0.0,4.3408462114560234e-33,9927.05153078676,0.9967586640798178,6.528400176657899e-26
138660,0.0,4.329816621877336e-33,9927.051530786775,0.9967586640798177,6.511986114900579e-26
138720,0.0,4.3187870322986486e-33,9927.051530786788,0.9967586640798176,6.495572053143259e-26
138780,0.0,4.3077574427199615e-33,9927.0515307868,0.9967586640798174,6.479157991385939e-26
138840,0.0,4.296727853141274e-33,9927.051530786814,0.9967586640798173,6.462743929628618e-26
138900,0.0,4.285698263562587e-33,9927.051530786828,0.9967586640798172,6.446329867871298e-26
138960,0.0,4.274668673983899e-33,9927.05153078684,0.9967586640798171,6.429915806113979e-26
139020,0.0,4.263639084405212e-33,9927.051530786854,0.9967586640798168,6.413501744356658e-26
139080,0.0,4.252609494826525e-33,9927.051530786866,0.9967586640798167,6.397087682599338e-26
139140,0.0,4.241579905247837e-33,9927.051530786879,0.9967586640798166,6.380673620842018e-26
139200,0.0,4.230550315669149e-33,9927.051530786894,0.9967586640798165,6.364259559084697e-26
139260,0.0,4.2195207260904616e-33,9927.051530786906,0.9967586640798164,6.347845497327376e-26
139320,0.0,4.208491136511774e-33,9927.05153078692,0.9967586640798162,6.331431435570056e-26
139380,0.0,4.197461546933087e-33,9927.051530786932,0.9967586640798161,6.315017373812736e-26
139440,0.0,4.186431957354399e-33,9927.051530786946,0.996758664079816,6.298603312055416e-26
139500,0.0,4.175402367775712e-33,9927.05153078696,0.9967586640798158,6.282189250298096e-26
139560,0.0,4.164372778197024e-33,9927.051530786972,0.9967586640798156,6.265775188540775e-26
139620,0.0,4.153343188618337e-33,9927.051530786985,0.9967586640798155,6.249361126783456e-26
139680,0.0,4.1423135990396495e-33,9927.051530786997,0.9967586640798154,6.232947065026135e-26
139740,0.0,4.1312840094609624e-33,9927.051530787012,0.9967586640798153,6.216533003268815e-26
139800,0.0,4.120254419882275e-33,9927.051530787025,0.9967586640798151,6.200118941511495e-26
139860,0.0,4.1092248303035876e-33,9927.051530787037,0.996758664079815,6.183704879754175e-26
139920,0.0,4.0981952407249e-33,9927.05153078705,0.9967586640798148,6.167290817996855e-26
139980,0.0,4.087165651146213e-33,9927.051530787065,0.9967586640798147,6.150876756239534e-26
140040,0.0,4.076136061567525e-33,9927.051530787077,0.9967586640798145,6.134462694482215e-26
140100,0.0,4.065106471988838e-33,9927.05153078709,0.9967586640798144,6.118048632724894e-26
140160,0.0,4.05407688241015e-33,9927.051530787103,0.9967586640798143,6.101634570967574e-26
140220,0.0,4.043047292831463e-33,9927.051530787117,0.9967586640798142,6.085220509210254e-26
140280,0.0,4.0320177032527755e-33,9927.05153078713,0.996758664079814,6.068806447452934e-26
140340,0.0,4.0209881136740884e-33,9927.051530787143,0.9967586640798138,6.052392385695614e-26
140400,0.0,4.0099585240954e-33,9927.051530787156,0.9967586640798137,6.035978323938292e-26
140460,0.0,3.998928934516713e-33,9927.051530787168,0.9967586640798136,6.019564262180973e-26
140520,0.0,3.987899344938025e-33,9927.051530787183,0.9967586640798135,6.003150200423652e-26
140580,0.0,3.976869755359338e-33,9927.051530787196,0.9967586640798133,5.986736138666332e-26
140640,0.0,3.9658401657806504e-33,9927.051530787208,0.9967586640798132,5.970322076909012e-26
140700,0.0,3.954810576201963e-33,9927.051530787221,0.9967586640798131,5.953908015151692e-26
140760,0.0,3.9437809866232756e-33,9927.051530787236,0.996758664079813,5.937493953394371e-26
140820,0.0,3.9327513970445885e-33,9927.051530787248,0.9967586640798127,5.921079891637051e-26
140880,0.0,3.921721807465901e-33,9927.051530787261,0.9967586640798126,5.904665829879732e-26
140940,0.0,3.910692217887214e-33,9927.051530787274,0.9967586640798125,5.888251768122411e-26
141000,0.0,3.899662628308526e-33,9927.051530787288,0.9967586640798124,5.871837706365091e-26
141060,0.0,3.888633038729839e-33,9927.051530787301,0.9967586640798122,5.85542364460777e-26
141120,0.0,3.877603449151151e-33,9927.051530787314,0.9967586640798121,5.839009582850451e-26
141180,0.0,3.866573859572464e-33,9927.051530787327,0.996758664079812,5.82259552109313e-26
141240,0.0,3.8555442699937764e-33,9927.05153078734,0.9967586640798118,5.80618145933581e-26
141300,0.0,3.844514680415089e-33,9927.051530787354,0.9967586640798116,5.789767397578491e-26
141360,0.0,3.8334850908364016e-33,9927.051530787367,0.9967586640798115,5.77335333582117e-26
141420,0.0,3.8224555012577145e-33,9927.05153078738,0.9967586640798114,5.75693927406385e-26
141480,0.0,3.811425911679027e-33,9927.051530787392,0.9967586640798113,5.74052521230653e-26
141540,0.0,3.800396322100339e-33,9927.051530787407,0.9967586640798111,5.724111150549209e-26
141600,0.0,3.789366732521651e-33,9927.05153078742,0.996758664079811,5.707697088791888e-26
141660,0.0,3.778337142942964e-33,9927.051530787432,0.9967586640798108,5.691283027034568e-26
141720,0.0,3.7673075533642765e-33,9927.051530787445,0.9967586640798107,5.674868965277248e-26
141780,0.0,3.7562779637855894e-33,9927.051530787458,0.9967586640798106,5.658454903519928e-26
141840,0.0,3.745248374206902e-33,9927.051530787472,0.9967586640798104,5.642040841762608e-26
141900,0.0,3.7342187846282146e-33,9927.051530787485,0.9967586640798103,5.625626780005287e-26
141960,0.0,3.723189195049527e-33,9927.051530787498,0.9967586640798102,5.609212718247968e-26
142020,0.0,3.71215960547084e-33,9927.05153078751,0.9967586640798101,5.592798656490647e-26
142080,0.0,3.701130015892152e-33,9927.051530787525,0.9967586640798098,5.576384594733327e-26
142140,0.0,3.690100426313465e-33,9927.051530787538,0.9967586640798097,5.559970532976007e-26
142200,0.0,3.679070836734777e-33,9927.05153078755,0.9967586640798096,5.543556471218687e-26
142260,0.0,3.66804124715609e-33,9927.051530787563,0.9967586640798095,5.527142409461367e-26
142320,0.0,3.6570116575774025e-33,9927.051530787578,0.9967586640798093,5.510728347704047e-26
142380,0.0,3.6459820679987154e-33,9927.05153078759,0.9967586640798092,5.494314285946727e-26
142440,0.0,3.634952478420028e-33,9927.051530787603,0.9967586640798091,5.477900224189406e-26
142500,0.0,3.62392288884134e-33,9927.051530787616,0.996758664079809,5.461486162432085e-26
142560,0.0,3.612893299262653e-33,9927.051530787629,0.9967586640798087,5.445072100674766e-26
142620,0.0,3.601863709683965e-33,9927.051530787643,0.9967586640798086,5.428658038917445e-26
142680,0.0,3.590834120105278e-33,9927.051530787656,0.9967586640798085,5.412243977160125e-26
142740,0.0,3.57980453052659e-33,9927.051530787669,0.9967586640798084,5.395829915402806e-26
142800,0.0,3.568774940947903e-33,9927.051530787681,0.9967586640798082,5.379415853645485e-26
142860,0.0,3.5577453513692155e-33,9927.051530787696,0.9967586640798081,5.363001791888165e-26
142920,0.0,3.5467157617905285e-33,9927.051530787709,0.996758664079808,5.346587730130844e-26
142980,0.0,3.535686172211841e-33,9927.051530787721,0.9967586640798078,5.330173668373524e-26
143040,0.0,3.524656582633153e-33,9927.051530787734,0.9967586640798077,5.313759606616204e-26
143100,0.0,3.513626993054466e-33,9927.051530787747,0.9967586640798075,5.297345544858883e-26
143160,0.0,3.502597403475778e-33,9927.051530787761,0.9967586640798074,5.280931483101563e-26
143220,0.0,3.491567813897091e-33,9927.051530787774,0.9967586640798073,5.264517421344244e-26
143280,0.0,3.4805382243184034e-33,9927.051530787787,0.9967586640798072,5.248103359586923e-26
143340,0.0,3.469508634739716e-33,9927.0515307878,0.996758664079807,5.231689297829603e-26
143400,0.0,3.4584790451610286e-33,9927.051530787814,0.9967586640798068,5.215275236072283e-26
143460,0.0,3.4474494555823415e-33,9927.051530787827,0.9967586640798067,5.198861174314963e-26
143520,0.0,3.436419866003654e-33,9927.05153078784,0.9967586640798066,5.182447112557642e-26
143580,0.0,3.425390276424966e-33,9927.051530787852,0.9967586640798064,5.166033050800322e-26
143640,0.0,3.414360686846279e-33,9927.051530787867,0.9967586640798063,5.1496189890430017e-26
143700,0.0,3.403331097267591e-33,9927.05153078788,0.9967586640798062,5.1332049272856815e-26
143760,0.0,3.392301507688904e-33,9927.051530787892,0.9967586640798061,5.116790865528361e-26
143820,0.0,3.3812719181102164e-33,9927.051530787905,0.9967586640798058,5.100376803771041e-26
143880,0.0,3.3702423285315294e-33,9927.051530787918,0.9967586640798057,5.083962742013721e-26
143940,0.0,3.3592127389528416e-33,9927.051530787932,0.9967586640798056,5.067548680256401e-26
144000,0.0,3.3481831493741546e-33,9927.051530787945,0.9967586640798055,5.051134618499081e-26
144060,0.0,3.337153559795467e-33,9927.051530787958,0.9967586640798053,5.034720556741761e-26
144120,0.0,3.32612397021678e-33,9927.05153078797,0.9967586640798052,5.0183064949844405e-26
144180,0.0,3.315094380638092e-33,9927.051530787985,0.9967586640798051,5.00189243322712e-26
144240,0.0,3.304064791059404e-33,9927.051530787998,0.996758664079805,4.9854783714697995e-26
144300,0.0,3.293035201480717e-33,9927.05153078801,0.9967586640798048,4.969064309712479e-26
144360,0.0,3.2820056119020295e-33,9927.051530788023,0.9967586640798046,4.952650247955159e-26
144420,0.0,3.2709760223233424e-33,9927.051530788036,0.9967586640798045,4.9362361861978394e-26
144480,0.0,3.259946432744655e-33,9927.05153078805,0.9967586640798044,4.919822124440519e-26
144540,0.0,3.2489168431659676e-33,9927.051530788063,0.9967586640798043,4.903408062683199e-26
144600,0.0,3.23788725358728e-33,9927.051530788076,0.9967586640798041,4.886994000925879e-26
144660,0.0,3.226857664008593e-33,9927.051530788089,0.996758664079804,4.8705799391685585e-26
144720,0.0,3.215828074429905e-33,9927.051530788103,0.9967586640798038,4.854165877411238e-26
144780,0.0,3.204798484851217e-33,9927.051530788116,0.9967586640798037,4.8377518156539175e-26
144840,0.0,3.19376889527253e-33,9927.051530788129,0.9967586640798035,4.8213377538965973e-26
144900,0.0,3.1827393056938425e-33,9927.051530788141,0.9967586640798034,4.8049236921392777e-26
144960,0.0,3.1717097161151555e-33,9927.051530788156,0.9967586640798033,4.7885096303819574e-26
145020,0.0,3.160680126536468e-33,9927.051530788169,0.9967586640798032,4.772095568624637e-26
145080,0.0,3.149650536957781e-33,9927.051530788181,0.996758664079803,4.755681506867317e-26
145140,0.0,3.138620947379093e-33,9927.051530788194,0.9967586640798028,4.739267445109997e-26
145200,0.0,3.127591357800406e-33,9927.051530788207,0.9967586640798027,4.7228533833526766e-26
145260,0.0,3.116561768221718e-33,9927.051530788221,0.9967586640798026,4.7064393215953563e-26
145320,0.0,3.1055321786430304e-33,9927.051530788234,0.9967586640798024,4.6900252598380356e-26
145380,0.0,3.0945025890643426e-33,9927.051530788247,0.9967586640798023,4.673611198080716e-26
145440,0.0,3.0834729994856556e-33,9927.05153078826,0.9967586640798022,4.6571971363233957e-26
145500,0.0,3.0724434099069682e-33,9927.051530788274,0.9967586640798021,4.6407830745660755e-26
145560,0.0,3.0614138203282808e-33,9927.051530788287,0.996758664079802,4.624369012808755e-26
145620,0.0,3.0503842307495934e-33,9927.0515307883,0.9967586640798017,4.607954951051435e-26
145680,0.0,3.039354641170906e-33,9927.051530788312,0.9967586640798016,4.591540889294115e-26
145740,0.0,3.0283250515922186e-33,9927.051530788327,0.9967586640798015,4.5751268275367946e-26
145800,0.0,3.0172954620135312e-33,9927.05153078834,0.9967586640798014,4.558712765779475e-26
145860,0.0,3.0062658724348438e-33,9927.051530788352,0.9967586640798012,4.542298704022155e-26
145920,0.0,2.995236282856156e-33,9927.051530788365,0.9967586640798011,4.525884642264834e-26
145980,0.0,2.9842066932774686e-33,9927.051530788378,0.996758664079801,4.509470580507514e-26
146040,0.0,2.9731771036987812e-33,9927.051530788392,0.9967586640798008,4.4930565187501935e-26
146100,0.0,2.9621475141200938e-33,9927.051530788405,0.9967586640798006,4.476642456992873e-26
146160,0.0,2.9511179245414064e-33,9927.051530788418,0.9967586640798005,4.460228395235553e-26
146220,0.0,2.940088334962719e-33,9927.05153078843,0.9967586640798004,4.443814333478233e-26
146280,0.0,2.9290587453840316e-33,9927.051530788445,0.9967586640798003,4.427400271720913e-26
146340,0.0,2.9180291558053442e-33,9927.051530788458,0.9967586640798001,4.410986209963593e-26
146400,0.0,2.9069995662266568e-33,9927.05153078847,0.9967586640798,4.394572148206273e-26
146460,0.0,2.8959699766479694e-33,9927.051530788483,0.9967586640797998,4.3781580864489525e-26
146520,0.0,2.8849403870692817e-33,9927.051530788496,0.9967586640797997,4.361744024691632e-26
146580,0.0,2.8739107974905943e-33,9927.05153078851,0.9967586640797996,4.3453299629343115e-26
146640,0.0,2.862881207911907e-33,9927.051530788523,0.9967586640797994,4.3289159011769913e-26
146700,0.0,2.8518516183332195e-33,9927.051530788536,0.9967586640797993,4.312501839419671e-26
146760,0.0,2.840822028754532e-33,9927.051530788549,0.9967586640797992,4.2960877776623514e-26
146820,0.0,2.8297924391758447e-33,9927.051530788563,0.9967586640797991,4.279673715905031e-26
146880,0.0,2.8187628495971573e-33,9927.051530788576,0.9967586640797989,4.263259654147711e-26
146940,0.0,2.80773326001847e-33,9927.051530788589,0.9967586640797987,4.246845592390391e-26
147000,0.0,2.7967036704397825e-33,9927.051530788602,0.9967586640797986,4.2304315306330706e-26
147060,0.0,2.7856740808610947e-33,9927.051530788616,0.9967586640797985,4.21401746887575e-26
147120,0.0,2.7746444912824073e-33,9927.051530788629,0.9967586640797983,4.1976034071184296e-26
147180,0.0,2.76361490170372e-33,9927.051530788642,0.9967586640797982,4.1811893453611093e-26
147240,0.0,2.7525853121250325e-33,9927.051530788654,0.9967586640797981,4.1647752836037897e-26
147300,0.0,2.741555722546345e-33,9927.051530788667,0.996758664079798,4.1483612218464695e-26
147360,0.0,2.7305261329676577e-33,9927.051530788682,0.9967586640797977,4.131947160089149e-26
147420,0.0,2.7194965433889703e-33,9927.051530788694,0.9967586640797976,4.115533098331829e-26
147480,0.0,2.708466953810283e-33,9927.051530788707,0.9967586640797975,4.099119036574509e-26
147540,0.0,2.6974373642315955e-33,9927.05153078872,0.9967586640797974,4.0827049748171886e-26
147600,0.0,2.686407774652908e-33,9927.051530788734,0.9967586640797972,4.0662909130598684e-26
147660,0.0,2.6753781850742204e-33,9927.051530788747,0.9967586640797971,4.0498768513025476e-26
147720,0.0,2.664348595495533e-33,9927.05153078876,0.996758664079797,4.033462789545228e-26
147780,0.0,2.6533190059168456e-33,9927.051530788773,0.9967586640797969,4.017048727787908e-26
147840,0.0,2.6422894163381582e-33,9927.051530788785,0.9967586640797967,4.0006346660305875e-26
147900,0.0,2.6312598267594708e-33,9927.0515307888,0.9967586640797965,3.984220604273267e-26
147960,0.0,2.6202302371807834e-33,9927.051530788813,0.9967586640797964,3.967806542515947e-26
148020,0.0,2.609200647602096e-33,9927.051530788825,0.9967586640797963,3.951392480758627e-26
148080,0.0,2.5981710580234086e-33,9927.051530788838,0.9967586640797962,3.9349784190013066e-26
148140,0.0,2.5871414684447212e-33,9927.051530788853,0.996758664079796,3.918564357243987e-26
148200,0.0,2.5761118788660338e-33,9927.051530788865,0.9967586640797959,3.902150295486667e-26
148260,0.0,2.565082289287346e-33,9927.051530788878,0.9967586640797957,3.885736233729346e-26
148320,0.0,2.5540526997086586e-33,9927.05153078889,0.9967586640797956,3.869322171972026e-26
148380,0.0,2.5430231101299712e-33,9927.051530788905,0.9967586640797954,3.8529081102147055e-26
148440,0.0,2.5319935205512838e-33,9927.051530788918,0.9967586640797953,3.8364940484573853e-26
148500,0.0,2.5209639309725964e-33,9927.05153078893,0.9967586640797952,3.820079986700065e-26
148560,0.0,2.509934341393909e-33,9927.051530788944,0.9967586640797951,3.803665924942745e-26
148620,0.0,2.4989047518152216e-33,9927.051530788956,0.9967586640797949,3.787251863185425e-26
148680,0.0,2.4878751622365342e-33,9927.051530788971,0.9967586640797947,3.770837801428105e-26
148740,0.0,2.4768455726578468e-33,9927.051530788984,0.9967586640797946,3.754423739670785e-26
148800,0.0,2.465815983079159e-33,9927.051530788996,0.9967586640797945,3.738009677913464e-26
148860,0.0,2.4547863935004717e-33,9927.05153078901,0.9967586640797943,3.721595616156144e-26
148920,0.0,2.4437568039217843e-33,9927.051530789024,0.9967586640797942,3.7051815543988236e-26
148980,0.0,2.432727214343097e-33,9927.051530789036,0.9967586640797941,3.6887674926415033e-26
149040,0.0,2.4216976247644095e-33,9927.05153078905,0.996758664079794,3.672353430884183e-26
149100,0.0,2.410668035185722e-33,9927.051530789062,0.9967586640797939,3.6559393691268635e-26
149160,0.0,2.3996384456070347e-33,9927.051530789075,0.9967586640797936,3.639525307369543e-26
149220,0.0,2.3886088560283473e-33,9927.05153078909,0.9967586640797935,3.623111245612223e-26
149280,0.0,2.37757926644966e-33,9927.051530789102,0.9967586640797934,3.606697183854903e-26
149340,0.0,2.3665496768709725e-33,9927.051530789115,0.9967586640797933,3.5902831220975826e-26
149400,0.0,2.3555200872922844e-33,9927.051530789127,0.9967586640797931,3.573869060340262e-26
149460,0.0,2.344490497713597e-33,9927.051530789142,0.996758664079793,3.5574549985829416e-26
149520,0.0,2.33346090813491e-33,9927.051530789155,0.9967586640797929,3.5410409368256214e-26
149580,0.0,2.3224313185562225e-33,9927.051530789167,0.9967586640797927,3.524626875068302e-26
149640,0.0,2.311401728977535e-33,9927.05153078918,0.9967586640797925,3.5082128133109815e-26
149700,0.0,2.3003721393988477e-33,9927.051530789195,0.9967586640797924,3.491798751553661e-26
149760,0.0,2.2893425498201603e-33,9927.051530789207,0.9967586640797923,3.475384689796341e-26
149820,0.0,2.278312960241473e-33,9927.05153078922,0.9967586640797922,3.458970628039021e-26
149880,0.0,2.2672833706627855e-33,9927.051530789233,0.996758664079792,3.4425565662817006e-26
149940,0.0,2.256253781084098e-33,9927.051530789246,0.9967586640797919,3.4261425045243804e-26
150000,0.0,2.24522419150541e-33,9927.05153078926,0.9967586640797917,3.4097284427670596e-26
150060,0.0,2.2341946019267226e-33,9927.051530789273,0.9967586640797916,3.39331438100974e-26
150120,0.0,2.2231650123480352e-33,9927.051530789286,0.9967586640797914,3.37690031925242e-26
150180,0.0,2.212135422769348e-33,9927.051530789298,0.9967586640797913,3.3604862574950995e-26
150240,0.0,2.2011058331906604e-33,9927.051530789313,0.9967586640797912,3.3440721957377793e-26
150300,0.0,2.190076243611973e-33,9927.051530789326,0.9967586640797911,3.327658133980459e-26
150360,0.0,2.1790466540332856e-33,9927.051530789338,0.996758664079791,3.311244072223139e-26
150420,0.0,2.1680170644545986e-33,9927.051530789351,0.9967586640797907,3.2948300104658186e-26
150480,0.0,2.1569874748759112e-33,9927.051530789364,0.9967586640797906,3.2784159487084984e-26
150540,0.0,2.145957885297223e-33,9927.051530789378,0.9967586640797905,3.262001886951178e-26
150600,0.0,2.1349282957185357e-33,9927.051530789391,0.9967586640797904,3.245587825193858e-26
150660,0.0,2.1238987061398483e-33,9927.051530789404,0.9967586640797902,3.229173763436538e-26
150720,0.0,2.112869116561161e-33,9927.051530789417,0.9967586640797901,3.2127597016792176e-26
150780,0.0,2.1018395269824735e-33,9927.051530789431,0.99675866407979,3.1963456399218973e-26
150840,0.0,2.090809937403786e-33,9927.051530789444,0.9967586640797899,3.179931578164577e-26
150900,0.0,2.0797803478250987e-33,9927.051530789457,0.9967586640797896,3.163517516407257e-26
150960,0.0,2.0687507582464113e-33,9927.05153078947,0.9967586640797895,3.1471034546499367e-26
151020,0.0,2.057721168667724e-33,9927.051530789484,0.9967586640797894,3.130689392892617e-26
151080,0.0,2.0466915790890365e-33,9927.051530789497,0.9967586640797893,3.114275331135297e-26
151140,0.0,2.0356619895103487e-33,9927.05153078951,0.9967586640797891,3.097861269377976e-26
151200,0.0,2.0246323999316613e-33,9927.051530789522,0.996758664079789,3.081447207620656e-26
151260,0.0,2.013602810352974e-33,9927.051530789535,0.9967586640797889,3.0650331458633356e-26
151320,0.0,2.0025732207742865e-33,9927.05153078955,0.9967586640797887,3.0486190841060154e-26
151380,0.0,1.991543631195599e-33,9927.051530789562,0.9967586640797885,3.032205022348695e-26
151440,0.0,1.9805140416169117e-33,9927.051530789575,0.9967586640797884,3.015790960591375e-26
151500,0.0,1.9694844520382243e-33,9927.051530789588,0.9967586640797883,2.999376898834055e-26
151560,0.0,1.958454862459537e-33,9927.051530789602,0.9967586640797882,2.982962837076735e-26
151620,0.0,1.9474252728808495e-33,9927.051530789615,0.9967586640797881,2.966548775319415e-26
151680,0.0,1.936395683302162e-33,9927.051530789628,0.9967586640797879,2.9501347135620946e-26
151740,0.0,1.9253660937234744e-33,9927.05153078964,0.9967586640797877,2.933720651804774e-26
151800,0.0,1.914336504144787e-33,9927.051530789655,0.9967586640797876,2.9173065900474536e-26
151860,0.0,1.9033069145660996e-33,9927.051530789668,0.9967586640797875,2.9008925282901334e-26
151920,0.0,1.8922773249874122e-33,9927.05153078968,0.9967586640797873,2.884478466532813e-26
151980,0.0,1.8812477354087248e-33,9927.051530789693,0.9967586640797872,2.8680644047754935e-26
152040,0.0,1.8702181458300374e-33,9927.051530789706,0.9967586640797871,2.8516503430181733e-26
152100,0.0,1.85918855625135e-33,9927.05153078972,0.996758664079787,2.835236281260853e-26
152160,0.0,1.8481589666726626e-33,9927.051530789733,0.9967586640797867,2.8188222195035323e-26
152220,0.0,1.8371293770939752e-33,9927.051530789746,0.9967586640797866,2.8024081577462126e-26
152280,0.0,1.8260997875152878e-33,9927.051530789759,0.9967586640797865,2.7859940959888924e-26
152340,0.0,1.8150701979366004e-33,9927.051530789773,0.9967586640797864,2.769580034231572e-26
152400,0.0,1.804040608357913e-33,9927.051530789786,0.9967586640797862,2.753165972474252e-26
152460,0.0,1.7930110187792252e-33,9927.051530789799,0.9967586640797861,2.736751910716932e-26
152520,0.0,1.781981429200538e-33,9927.051530789811,0.996758664079786,2.7203378489596116e-26
152580,0.0,1.7709518396218504e-33,9927.051530789824,0.9967586640797859,2.7039237872022913e-26
152640,0.0,1.759922250043163e-33,9927.051530789839,0.9967586640797856,2.687509725444971e-26
152700,0.0,1.7488926604644756e-33,9927.051530789851,0.9967586640797855,2.671095663687651e-26
152760,0.0,1.7378630708857882e-33,9927.051530789864,0.9967586640797854,2.6546816019303307e-26
152820,0.0,1.726833481307101e-33,9927.051530789877,0.9967586640797853,2.6382675401730105e-26
152880,0.0,1.7158038917284134e-33,9927.051530789891,0.9967586640797852,2.62185347841569e-26
152940,0.0,1.704774302149726e-33,9927.051530789904,0.996758664079785,2.60543941665837e-26
153000,0.0,1.6937447125710386e-33,9927.051530789917,0.9967586640797849,2.58902535490105e-26
153060,0.0,1.682715122992351e-33,9927.05153078993,0.9967586640797848,2.5726112931437296e-26
153120,0.0,1.6716855334136635e-33,9927.051530789944,0.9967586640797846,2.5561972313864094e-26
153180,0.0,1.660655943834976e-33,9927.051530789957,0.9967586640797844,2.539783169629089e-26
153240,0.0,1.6496263542562887e-33,9927.05153078997,0.9967586640797843,2.5233691078717692e-26
153300,0.0,1.6385967646776013e-33,9927.051530789982,0.9967586640797842,2.5069550461144487e-26
153360,0.0,1.627567175098914e-33,9927.051530789995,0.9967586640797841,2.4905409843571285e-26
153420,0.0,1.6165375855202265e-33,9927.05153079001,0.9967586640797839,2.4741269225998083e-26
153480,0.0,1.605507995941539e-33,9927.051530790022,0.9967586640797838,2.4577128608424883e-26
153540,0.0,1.5944784063628517e-33,9927.051530790035,0.9967586640797836,2.441298799085168e-26
153600,0.0,1.583448816784164e-33,9927.051530790048,0.9967586640797835,2.4248847373278476e-26
153660,0.0,1.5724192272054765e-33,9927.051530790062,0.9967586640797833,2.4084706755705274e-26
153720,0.0,1.561389637626789e-33,9927.051530790075,0.9967586640797832,2.3920566138132075e-26
153780,0.0,1.5503600480481017e-33,9927.051530790088,0.9967586640797831,2.3756425520558872e-26
153840,0.0,1.5393304584694143e-33,9927.0515307901,0.996758664079783,2.359228490298567e-26
153900,0.0,1.5283008688907268e-33,9927.051530790113,0.9967586640797829,2.3428144285412465e-26
153960,0.0,1.5172712793120394e-33,9927.051530790128,0.9967586640797826,2.3264003667839266e-26
154020,0.0,1.506241689733352e-33,9927.05153079014,0.9967586640797825,2.3099863050266064e-26
154080,0.0,1.4952121001546646e-33,9927.051530790153,0.9967586640797824,2.293572243269286e-26
154140,0.0,1.4841825105759772e-33,9927.051530790166,0.9967586640797823,2.277158181511966e-26
154200,0.0,1.4731529209972896e-33,9927.05153079018,0.9967586640797821,2.2607441197546457e-26
154260,0.0,1.4621233314186022e-33,9927.051530790193,0.996758664079782,2.2443300579973255e-26
154320,0.0,1.4510937418399148e-33,9927.051530790206,0.9967586640797819,2.2279159962400053e-26
154380,0.0,1.4400641522612274e-33,9927.051530790219,0.9967586640797818,2.211501934482685e-26
154440,0.0,1.42903456268254e-33,9927.051530790233,0.9967586640797815,2.195087872725365e-26
154500,0.0,1.4180049731038524e-33,9927.051530790246,0.9967586640797814,2.1786738109680446e-26
154560,0.0,1.406975383525165e-33,9927.051530790259,0.9967586640797813,2.1622597492107244e-26
154620,0.0,1.3959457939464776e-33,9927.051530790271,0.9967586640797812,2.1458456874534042e-26
154680,0.0,1.3849162043677902e-33,9927.051530790284,0.996758664079781,2.1294316256960842e-26
154740,0.0,1.3738866147891028e-33,9927.051530790299,0.9967586640797809,2.113017563938764e-26
154800,0.0,1.3628570252104152e-33,9927.051530790312,0.9967586640797808,2.0966035021814435e-26
154860,0.0,1.3518274356317278e-33,9927.051530790324,0.9967586640797806,2.0801894404241233e-26
154920,0.0,1.3407978460530404e-33,9927.051530790337,0.9967586640797804,2.0637753786668034e-26
154980,0.0,1.329768256474353e-33,9927.051530790352,0.9967586640797803,2.047361316909483e-26
155040,0.0,1.3187386668956656e-33,9927.051530790364,0.9967586640797802,2.030947255152163e-26
155100,0.0,1.307709077316978e-33,9927.051530790377,0.9967586640797801,2.0145331933948424e-26
155160,0.0,1.2966794877382907e-33,9927.05153079039,0.99675866407978,1.9981191316375225e-26
155220,0.0,1.2856498981596033e-33,9927.051530790402,0.9967586640797798,1.9817050698802023e-26
155280,0.0,1.2746203085809159e-33,9927.051530790417,0.9967586640797796,1.965291008122882e-26
155340,0.0,1.2635907190022283e-33,9927.05153079043,0.9967586640797795,1.9488769463655615e-26
155400,0.0,1.2525611294235409e-33,9927.051530790442,0.9967586640797794,1.9324628846082416e-26
155460,0.0,1.2415315398448535e-33,9927.051530790455,0.9967586640797792,1.9160488228509214e-26
155520,0.0,1.230501950266166e-33,9927.05153079047,0.9967586640797791,1.8996347610936012e-26
155580,0.0,1.2194723606874787e-33,9927.051530790483,0.996758664079779,1.883220699336281e-26
155640,0.0,1.208442771108791e-33,9927.051530790495,0.9967586640797789,1.8668066375789607e-26
155700,0.0,1.1974131815301037e-33,9927.051530790508,0.9967586640797786,1.8503925758216405e-26
155760,0.0,1.1863835919514163e-33,9927.051530790523,0.9967586640797785,1.8339785140643203e-26
155820,0.0,1.1753540023727289e-33,9927.051530790535,0.9967586640797784,1.817564452307e-26
155880,0.0,1.1643244127940415e-33,9927.051530790548,0.9967586640797783,1.80115039054968e-26
155940,0.0,1.1532948232153538e-33,9927.05153079056,0.9967586640797781,1.7847363287923596e-26
156000,0.0,1.1422652336366664e-33,9927.051530790573,0.996758664079778,1.7683222670350394e-26
156060,0.0,1.131235644057979e-33,9927.051530790588,0.9967586640797779,1.7519082052777192e-26
156120,0.0,1.1202060544792917e-33,9927.0515307906,0.9967586640797778,1.7354941435203993e-26
156180,0.0,1.1091764649006043e-33,9927.051530790613,0.9967586640797775,1.719080081763079e-26
156240,0.0,1.0981468753219166e-33,9927.051530790626,0.9967586640797774,1.7026660200057585e-26
156300,0.0,1.0871172857432292e-33,9927.05153079064,0.9967586640797773,1.6862519582484383e-26
156360,0.0,1.0760876961645418e-33,9927.051530790653,0.9967586640797772,1.6698378964911184e-26
156420,0.0,1.0650581065858544e-33,9927.051530790666,0.9967586640797771,1.6534238347337982e-26
156480,0.0,1.054028517007167e-33,9927.051530790679,0.9967586640797769,1.637009772976478e-26
156540,0.0,1.0429989274284794e-33,9927.051530790694,0.9967586640797768,1.6205957112191574e-26
156600,0.0,1.031969337849792e-33,9927.051530790706,0.9967586640797766,1.6041816494618375e-26
156660,0.0,1.0209397482711046e-33,9927.051530790719,0.9967586640797765,1.5877675877045173e-26
156720,0.0,1.0099101586924172e-33,9927.051530790732,0.9967586640797763,1.571353525947197e-26
156780,0.0,9.988805691137298e-34,9927.051530790744,0.9967586640797762,1.554939464189877e-26
156840,0.0,9.878509795350422e-34,9927.051530790759,0.9967586640797761,1.5385254024325566e-26
156900,0.0,9.768213899563548e-34,9927.051530790772,0.996758664079776,1.5221113406752364e-26
156960,0.0,9.657918003776674e-34,9927.051530790784,0.9967586640797758,1.5056972789179162e-26
157020,0.0,9.5476221079898e-34,9927.051530790797,0.9967586640797756,1.4892832171605963e-26
157080,0.0,9.437326212202925e-34,9927.051530790812,0.9967586640797755,1.4728691554032758e-26
157140,0.0,9.327030316416052e-34,9927.051530790824,0.9967586640797754,1.4564550936459558e-26
157200,0.0,9.216734420629177e-34,9927.051530790837,0.9967586640797752,1.4400410318886353e-26
157260,0.0,9.106438524842303e-34,9927.05153079085,0.9967586640797751,1.4236269701313154e-26
157320,0.0,8.996142629055429e-34,9927.051530790863,0.996758664079775,1.407212908373995e-26
157380,0.0,8.885846733268555e-34,9927.051530790877,0.9967586640797749,1.390798846616675e-26
157440,0.0,8.775550837481679e-34,9927.05153079089,0.9967586640797746,1.3743847848593544e-26
157500,0.0,8.665254941694805e-34,9927.051530790903,0.9967586640797745,1.3579707231020345e-26
157560,0.0,8.55495904590793e-34,9927.051530790915,0.9967586640797744,1.3415566613447143e-26
157620,0.0,8.444663150121057e-34,9927.05153079093,0.9967586640797743,1.325142599587394e-26
157680,0.0,8.334367254334183e-34,9927.051530790943,0.9967586640797742,1.3087285378300739e-26
157740,0.0,8.224071358547307e-34,9927.051530790955,0.996758664079774,1.2923144760727535e-26
157800,0.0,8.113775462760433e-34,9927.051530790968,0.9967586640797739,1.2759004143154334e-26
157860,0.0,8.003479566973559e-34,9927.051530790983,0.9967586640797738,1.2594863525581132e-26
157920,0.0,7.893183671186683e-34,9927.051530790995,0.9967586640797736,1.243072290800793e-26
157980,0.0,7.782887775399811e-34,9927.051530791008,0.9967586640797734,1.2266582290434728e-26
158040,0.0,7.672591879612935e-34,9927.051530791021,0.9967586640797733,1.2102441672861525e-26
158100,0.0,7.562295983826061e-34,9927.051530791034,0.9967586640797732,1.1938301055288323e-26
158160,0.0,7.452000088039187e-34,9927.051530791048,0.9967586640797731,1.1774160437715122e-26
158220,0.0,7.3417041922523125e-34,9927.051530791061,0.9967586640797729,1.1610019820141919e-26
158280,0.0,7.2314082964654385e-34,9927.051530791074,0.9967586640797728,1.1445879202568718e-26
158340,0.0,7.121112400678564e-34,9927.051530791086,0.9967586640797726,1.1281738584995514e-26
158400,0.0,7.01081650489169e-34,9927.051530791101,0.9967586640797725,1.1117597967422314e-26
158460,0.0,6.900520609104815e-34,9927.051530791114,0.9967586640797723,1.095345734984911e-26
158520,0.0,6.790224713317941e-34,9927.051530791126,0.9967586640797722,1.0789316732275909e-26
158580,0.0,6.679928817531067e-34,9927.05153079114,0.9967586640797721,1.0625176114702707e-26
158640,0.0,6.569632921744192e-34,9927.051530791152,0.996758664079772,1.0461035497129505e-26
158700,0.0,6.459337025957318e-34,9927.051530791166,0.9967586640797718,1.0296894879556303e-26
158760,0.0,6.349041130170443e-34,9927.05153079118,0.9967586640797717,1.01327542619831e-26
158820,0.0,6.238745234383569e-34,9927.051530791192,0.9967586640797715,9.968613644409898e-27
158880,0.0,6.128449338596695e-34,9927.051530791205,0.9967586640797714,9.804473026836698e-27
158940,0.0,6.018153442809819e-34,9927.05153079122,0.9967586640797713,9.640332409263494e-27
159000,0.0,5.907857547022946e-34,9927.051530791232,0.9967586640797711,9.476191791690293e-27
159060,0.0,5.79756165123607e-34,9927.051530791245,0.996758664079771,9.31205117411709e-27
159120,0.0,5.687265755449196e-34,9927.051530791257,0.9967586640797709,9.147910556543889e-27
159180,0.0,5.576969859662322e-34,9927.051530791272,0.9967586640797708,8.983769938970687e-27
159240,0.0,5.4666739638754475e-34,9927.051530791285,0.9967586640797705,8.819629321397484e-27
159300,0.0,5.3563780680885735e-34,9927.051530791297,0.9967586640797704,8.655488703824282e-27
159360,0.0,5.246082172301699e-34,9927.05153079131,0.9967586640797703,8.49134808625108e-27
159420,0.0,5.135786276514825e-34,9927.051530791323,0.9967586640797702,8.327207468677878e-27
159480,0.0,5.02549038072795e-34,9927.051530791337,0.99675866407977,8.163066851104676e-27
159540,0.0,4.915194484941076e-34,9927.05153079135,0.9967586640797699,7.998926233531473e-27
159600,0.0,4.804898589154202e-34,9927.051530791363,0.9967586640797698,7.834785615958273e-27
159660,0.0,4.694602693367327e-34,9927.051530791376,0.9967586640797697,7.670644998385069e-27
159720,0.0,4.584306797580453e-34,9927.05153079139,0.9967586640797694,7.506504380811868e-27
159780,0.0,4.474010901793579e-34,9927.051530791403,0.9967586640797693,7.342363763238666e-27
159840,0.0,4.363715006006704e-34,9927.051530791416,0.9967586640797692,7.178223145665464e-27
159900,0.0,4.25341911021983e-34,9927.051530791428,0.9967586640797691,7.014082528092262e-27
159960,0.0,4.143123214432955e-34,9927.051530791441,0.9967586640797689,6.84994191051906e-27
160020,0.0,4.03282731864608e-34,9927.051530791456,0.9967586640797688,6.685801292945857e-27
160080,0.0,3.922531422859206e-34,9927.051530791468,0.9967586640797687,6.521660675372657e-27
160140,0.0,3.8122355270723322e-34,9927.051530791481,0.9967586640797685,6.357520057799454e-27
160200,0.0,3.701939631285458e-34,9927.051530791494,0.9967586640797684,6.1933794402262515e-27
160260,0.0,3.5916437354985834e-34,9927.051530791508,0.9967586640797682,6.029238822653049e-27
160320,0.0,3.481347839711709e-34,9927.051530791521,0.9967586640797681,5.865098205079847e-27
160380,0.0,3.371051943924835e-34,9927.051530791534,0.996758664079768,5.7009575875066456e-27
160440,0.0,3.2607560481379605e-34,9927.051530791547,0.9967586640797679,5.5368169699334434e-27
160500,0.0,3.1504601523510856e-34,9927.051530791561,0.9967586640797677,5.372676352360241e-27
160560,0.0,3.040164256564211e-34,9927.051530791574,0.9967586640797675,5.208535734787039e-27
160620,0.0,2.9298683607773368e-34,9927.051530791587,0.9967586640797674,5.044395117213837e-27
160680,0.0,2.8195724649904623e-34,9927.0515307916,0.9967586640797673,4.880254499640635e-27
160740,0.0,2.7092765692035883e-34,9927.051530791612,0.9967586640797671,4.716113882067433e-27
160800,0.0,2.598980673416714e-34,9927.051530791627,0.996758664079767,4.551973264494231e-27
160860,0.0,2.4886847776298394e-34,9927.05153079164,0.9967586640797669,4.387832646921029e-27
160920,0.0,2.378388881842965e-34,9927.051530791652,0.9967586640797668,4.2236920293478266e-27
160980,0.0,2.268092986056091e-34,9927.051530791665,0.9967586640797665,4.059551411774625e-27
161040,0.0,2.157797090269216e-34,9927.05153079168,0.9967586640797664,3.895410794201423e-27
161100,0.0,2.0475011944823417e-34,9927.051530791692,0.9967586640797663,3.731270176628221e-27
161160,0.0,1.9372052986954677e-34,9927.051530791705,0.9967586640797662,3.5671295590550186e-27
161220,0.0,1.826909402908593e-34,9927.051530791718,0.9967586640797661,3.4029889414818164e-27
161280,0.0,1.7166135071217186e-34,9927.05153079173,0.9967586640797659,3.238848323908614e-27
161340,0.0,1.6063176113348444e-34,9927.051530791745,0.9967586640797658,3.0747077063354127e-27
161400,0.0,1.49602171554797e-34,9927.051530791758,0.9967586640797657,2.9105670887622105e-27
161460,0.0,1.3857258197610955e-34,9927.05153079177,0.9967586640797655,2.7464264711890083e-27
161520,0.0,1.2754299239742213e-34,9927.051530791783,0.9967586640797653,2.5822858536158065e-27
161580,0.0,1.1651340281873468e-34,9927.051530791798,0.9967586640797652,2.4181452360426043e-27
161640,0.0,1.0548381324004724e-34,9927.05153079181,0.9967586640797651,2.2540046184694025e-27
161700,0.0,9.445422366135981e-35,9927.051530791823,0.996758664079765,2.0898640008962003e-27
161760,0.0,8.342463408267236e-35,9927.051530791836,0.9967586640797648,1.925723383322998e-27
161820,0.0,7.239504450398493e-35,9927.05153079185,0.9967586640797647,1.761582765749796e-27
161880,0.0,6.136545492529749e-35,9927.051530791863,0.9967586640797645,1.597442148176594e-27
161940,0.0,5.033586534661006e-35,9927.051530791876,0.9967586640797644,1.4333015306033919e-27
162000,0.0,3.930627576792261e-35,9927.051530791889,0.9967586640797642,1.2691609130301898e-27
162060,0.0,2.8276686189235174e-35,9927.051530791901,0.9967586640797641,1.1050202954569878e-27
162120,0.0,1.7247096610547733e-35,9927.051530791916,0.996758664079764,9.408796778837858e-28
162180,0.0,6.217507031860293e-36,9927.051530791929,0.9967586640797639,7.767390603105837e-28
162240,0.0,-1.960562724433609e-38,9927.051530791936,0.9967586640797638,6.837004764241091e-28
162300,0.0,-1.9591602094207568e-38,9927.051530791936,0.9967586640797638,6.831970051847444e-28
162360,0.0,-1.9577576944079048e-38,9927.051530791938,0.9967586640797638,6.826935339453798e-28
162420,0.0,-1.9563551793950525e-38,9927.051530791938,0.9967586640797638,6.821900627060151e-28
162480,0.0,-1.9549526643822002e-38,9927.051530791938,0.9967586640797638,6.816865914666504e-28
162540,0.0,-1.953550149369348e-38,9927.051530791938,0.9967586640797638,6.811831202272857e-28
162600,0.0,-1.9521476343564956e-38,9927.051530791938,0.9967586640797638,6.80679648987921e-28
162660,0.0,-1.9507451193436433e-38,9927.051530791938,0.9967586640797638,6.801761777485564e-28
162720,0.0,-1.9493426043307913e-38,9927.05153079194,0.9967586640797638,6.796727065091918e-28
162780,0.0,-1.947940089317939e-38,9927.05153079194,0.9967586640797638,6.791692352698271e-28
162840,0.0,-1.9465375743050867e-38,9927.05153079194,0.9967586640797638,6.786657640304624e-28
162900,0.0,-1.9451350592922344e-38,9927.05153079194,0.9967586640797637,6.781622927910977e-28
162960,0.0,-1.9437325442793821e-38,9927.05153079194,0.9967586640797637,6.77658821551733e-28
163020,0.0,-1.94233002926653e-38,9927.05153079194,0.9967586640797637,6.771553503123684e-28
163080,0.0,-1.9409275142536778e-38,9927.051530791941,0.9967586640797637,6.766518790730037e-28
163140,0.0,-1.9395249992408255e-38,9927.051530791941,0.9967586640797637,6.761484078336391e-28
163200,0.0,-1.9381224842279732e-38,9927.051530791941,0.9967586640797637,6.756449365942744e-28
163260,0.0,-1.936719969215121e-38,9927.051530791941,0.9967586640797637,6.751414653549097e-28
163320,0.0,-1.9353174542022687e-38,9927.051530791941,0.9967586640797637,6.74637994115545e-28
163380,0.0,-1.9339149391894166e-38,9927.051530791941,0.9967586640797637,6.741345228761804e-28
163440,0.0,-1.9325124241765643e-38,9927.051530791943,0.9967586640797637,6.736310516368157e-28
163500,0.0,-1.931109909163712e-38,9927.051530791943,0.9967586640797637,6.73127580397451e-28
163560,0.0,-1.9297073941508598e-38,9927.051530791943,0.9967586640797637,6.7262410915808635e-28
163620,0.0,-1.9283048791380075e-38,9927.051530791943,0.9967586640797637,6.721206379187217e-28
163680,0.0,-1.9269023641251554e-38,9927.051530791943,0.9967586640797637,6.716171666793571e-28
163740,0.0,-1.9254998491123031e-38,9927.051530791943,0.9967586640797637,6.711136954399924e-28
163800,0.0,-1.9240973340994506e-38,9927.051530791945,0.9967586640797637,6.706102242006277e-28
163860,0.0,-1.9226948190865983e-38,9927.051530791945,0.9967586640797637,6.70106752961263e-28
163920,0.0,-1.921292304073746e-38,9927.051530791945,0.9967586640797637,6.696032817218983e-28
163980,0.0,-1.9198897890608937e-38,9927.051530791945,0.9967586640797637,6.690998104825336e-28
164040,0.0,-1.9184872740480417e-38,9927.051530791945,0.9967586640797637,6.685963392431691e-28
164100,0.0,-1.9170847590351894e-38,9927.051530791945,0.9967586640797637,6.680928680038044e-28
164160,0.0,-1.915682244022337e-38,9927.051530791947,0.9967586640797637,6.675893967644397e-28
164220,0.0,-1.9142797290094848e-38,9927.051530791947,0.9967586640797637,6.67085925525075e-28
164280,0.0,-1.9128772139966325e-38,9927.051530791947,0.9967586640797637,6.665824542857103e-28
164340,0.0,-1.9114746989837805e-38,9927.051530791947,0.9967586640797637,6.660789830463457e-28
164400,0.0,-1.9100721839709282e-38,9927.051530791947,0.9967586640797637,6.65575511806981e-28
164460,0.0,-1.908669668958076e-38,9927.051530791949,0.9967586640797637,6.650720405676163e-28
164520,0.0,-1.9072671539452236e-38,9927.051530791949,0.9967586640797637,6.645685693282517e-28
164580,0.0,-1.9058646389323713e-38,9927.051530791949,0.9967586640797637,6.64065098088887e-28
164640,0.0,-1.904462123919519e-38,9927.051530791949,0.9967586640797637,6.635616268495223e-28
164700,0.0,-1.903059608906667e-38,9927.051530791949,0.9967586640797637,6.630581556101577e-28
164760,0.0,-1.9016570938938147e-38,9927.051530791949,0.9967586640797637,6.62554684370793e-28
164820,0.0,-1.9002545788809624e-38,9927.05153079195,0.9967586640797637,6.620512131314283e-28
164880,0.0,-1.8988520638681102e-38,9927.05153079195,0.9967586640797637,6.615477418920636e-28
164940,0.0,-1.8974495488552579e-38,9927.05153079195,0.9967586640797635,6.61044270652699e-28
165000,0.0,-1.8960470338424056e-38,9927.05153079195,0.9967586640797635,6.605407994133343e-28
165060,0.0,-1.8946445188295535e-38,9927.05153079195,0.9967586640797635,6.600373281739697e-28
165120,0.0,-1.8932420038167012e-38,9927.05153079195,0.9967586640797635,6.59533856934605e-28
165180,0.0,-1.891839488803849e-38,9927.051530791952,0.9967586640797635,6.590303856952403e-28
165240,0.0,-1.8904369737909967e-38,9927.051530791952,0.9967586640797635,6.585269144558756e-28
165300,0.0,-1.8890344587781444e-38,9927.051530791952,0.9967586640797635,6.580234432165109e-28
165360,0.0,-1.8876319437652923e-38,9927.051530791952,0.9967586640797635,6.575199719771463e-28
165420,0.0,-1.88622942875244e-38,9927.051530791952,0.9967586640797635,6.570165007377817e-28
165480,0.0,-1.8848269137395878e-38,9927.051530791952,0.9967586640797635,6.56513029498417e-28
165540,0.0,-1.8834243987267355e-38,9927.051530791954,0.9967586640797635,6.560095582590523e-28
165600,0.0,-1.8820218837138832e-38,9927.051530791954,0.9967586640797635,6.555060870196876e-28
165660,0.0,-1.880619368701031e-38,9927.051530791954,0.9967586640797635,6.550026157803229e-28
165720,0.0,-1.8792168536881789e-38,9927.051530791954,0.9967586640797635,6.544991445409583e-28
165780,0.0,-1.8778143386753266e-38,9927.051530791954,0.9967586640797635,6.539956733015936e-28
165840,0.0,-1.8764118236624743e-38,9927.051530791954,0.9967586640797635,6.5349220206222895e-28
165900,0.0,-1.875009308649622e-38,9927.051530791956,0.9967586640797635,6.529887308228643e-28
165960,0.0,-1.8736067936367697e-38,9927.051530791956,0.9967586640797635,6.524852595834996e-28
166020,0.0,-1.8722042786239177e-38,9927.051530791956,0.9967586640797635,6.51981788344135e-28
166080,0.0,-1.8708017636110654e-38,9927.051530791956,0.9967586640797635,6.514783171047703e-28
166140,0.0,-1.869399248598213e-38,9927.051530791956,0.9967586640797635,6.509748458654056e-28
166200,0.0,-1.8679967335853608e-38,9927.051530791956,0.9967586640797635,6.504713746260409e-28
166260,0.0,-1.8665942185725085e-38,9927.051530791958,0.9967586640797635,6.499679033866762e-28
166320,0.0,-1.8651917035596562e-38,9927.051530791958,0.9967586640797635,6.494644321473116e-28
166380,0.0,-1.8637891885468042e-38,9927.051530791958,0.9967586640797635,6.48960960907947e-28
166440,0.0,-1.862386673533952e-38,9927.051530791958,0.9967586640797635,6.484574896685823e-28
166500,0.0,-1.8609841585210996e-38,9927.051530791958,0.9967586640797635,6.479540184292176e-28
166560,0.0,-1.8595816435082473e-38,9927.051530791958,0.9967586640797635,6.474505471898529e-28
166620,0.0,-1.858179128495395e-38,9927.05153079196,0.9967586640797635,6.469470759504882e-28
166680,0.0,-1.856776613482543e-38,9927.05153079196,0.9967586640797635,6.464436047111236e-28
166740,0.0,-1.8553740984696907e-38,9927.05153079196,0.9967586640797635,6.459401334717589e-28
166800,0.0,-1.8539715834568384e-38,9927.05153079196,0.9967586640797635,6.454366622323943e-28
166860,0.0,-1.852569068443986e-38,9927.05153079196,0.9967586640797635,6.449331909930296e-28
166920,0.0,-1.8511665534311338e-38,9927.05153079196,0.9967586640797635,6.444297197536649e-28
166980,0.0,-1.8497640384182815e-38,9927.051530791961,0.9967586640797634,6.4392624851430025e-28
167040,0.0,-1.8483615234054295e-38,9927.051530791961,0.9967586640797634,6.434227772749356e-28
167100,0.0,-1.8469590083925772e-38,9927.051530791961,0.9967586640797634,6.429193060355709e-28
167160,0.0,-1.845556493379725e-38,9927.051530791961,0.9967586640797634,6.424158347962062e-28
167220,0.0,-1.8441539783668726e-38,9927.051530791961,0.9967586640797634,6.4191236355684155e-28
167280,0.0,-1.8427514633540204e-38,9927.051530791961,0.9967586640797634,6.414088923174769e-28
167340,0.0,-1.841348948341168e-38,9927.051530791963,0.9967586640797634,6.409054210781122e-28
167400,0.0,-1.839946433328316e-38,9927.051530791963,0.9967586640797634,6.404019498387476e-28
167460,0.0,-1.8385439183154637e-38,9927.051530791963,0.9967586640797634,6.3989847859938295e-28
167520,0.0,-1.8371414033026115e-38,9927.051530791963,0.9967586640797634,6.393950073600182e-28
167580,0.0,-1.8357388882897592e-38,9927.051530791963,0.9967586640797634,6.388915361206535e-28
167640,0.0,-1.834336373276907e-38,9927.051530791963,0.9967586640797634,6.383880648812888e-28
167700,0.0,-1.8329338582640548e-38,9927.051530791965,0.9967586640797634,6.378845936419243e-28
167760,0.0,-1.8315313432512026e-38,9927.051530791965,0.9967586640797634,6.373811224025596e-28
167820,0.0,-1.8301288282383503e-38,9927.051530791965,0.9967586640797634,6.368776511631949e-28
167880,0.0,-1.828726313225498e-38,9927.051530791965,0.9967586640797634,6.363741799238302e-28
167940,0.0,-1.8273237982126457e-38,9927.051530791965,0.9967586640797634,6.358707086844655e-28
168000,0.0,-1.8259212831997934e-38,9927.051530791965,0.9967586640797634,6.353672374451008e-28
168060,0.0,-1.8245187681869414e-38,9927.051530791967,0.9967586640797634,6.348637662057362e-28
168120,0.0,-1.823116253174089e-38,9927.051530791967,0.9967586640797634,6.343602949663715e-28
168180,0.0,-1.8217137381612368e-38,9927.051530791967,0.9967586640797634,6.338568237270069e-28
168240,0.0,-1.8203112231483845e-38,9927.051530791967,0.9967586640797634,6.333533524876422e-28
168300,0.0,-1.8189087081355322e-38,9927.051530791967,0.9967586640797634,6.328498812482775e-28
168360,0.0,-1.8175061931226802e-38,9927.051530791967,0.9967586640797634,6.323464100089129e-28
168420,0.0,-1.816103678109828e-38,9927.051530791969,0.9967586640797634,6.318429387695482e-28
168480,0.0,-1.8147011630969756e-38,9927.051530791969,0.9967586640797634,6.313394675301835e-28
168540,0.0,-1.8132986480841233e-38,9927.051530791969,0.9967586640797634,6.308359962908188e-28
168600,0.0,-1.811896133071271e-38,9927.051530791969,0.9967586640797634,6.303325250514542e-28
168660,0.0,-1.8104936180584187e-38,9927.051530791969,0.9967586640797634,6.298290538120895e-28
168720,0.0,-1.8090911030455667e-38,9927.05153079197,0.9967586640797634,6.293255825727249e-28
168780,0.0,-1.8076885880327144e-38,9927.05153079197,0.9967586640797634,6.288221113333602e-28
168840,0.0,-1.806286073019862e-38,9927.05153079197,0.9967586640797634,6.2831864009399555e-28
168900,0.0,-1.8048835580070098e-38,9927.05153079197,0.9967586640797634,6.278151688546308e-28
168960,0.0,-1.8034810429941575e-38,9927.05153079197,0.9967586640797634,6.273116976152661e-28
169020,0.0,-1.8020785279813052e-38,9927.05153079197,0.9967586640797633,6.268082263759014e-28
169080,0.0,-1.8006760129684532e-38,9927.051530791972,0.9967586640797633,6.263047551365369e-28
169140,0.0,-1.799273497955601e-38,9927.051530791972,0.9967586640797633,6.258012838971722e-28
169200,0.0,-1.7978709829427486e-38,9927.051530791972,0.9967586640797633,6.252978126578075e-28
169260,0.0,-1.7964684679298963e-38,9927.051530791972,0.9967586640797633,6.247943414184428e-28
169320,0.0,-1.795065952917044e-38,9927.051530791972,0.9967586640797633,6.242908701790781e-28
169380,0.0,-1.793663437904192e-38,9927.051530791972,0.9967586640797633,6.237873989397135e-28
169440,0.0,-1.7922609228913397e-38,9927.051530791974,0.9967586640797633,6.232839277003488e-28
169500,0.0,-1.7908584078784874e-38,9927.051530791974,0.9967586640797633,6.2278045646098415e-28
169560,0.0,-1.7894558928656351e-38,9927.051530791974,0.9967586640797633,6.222769852216195e-28
169620,0.0,-1.7880533778527829e-38,9927.051530791974,0.9967586640797633,6.217735139822548e-28
169680,0.0,-1.7866508628399306e-38,9927.051530791974,0.9967586640797633,6.212700427428901e-28
169740,0.0,-1.7852483478270785e-38,9927.051530791974,0.9967586640797633,6.207665715035255e-28
169800,0.0,-1.7838458328142262e-38,9927.051530791976,0.9967586640797633,6.202631002641608e-28
169860,0.0,-1.782443317801374e-38,9927.051530791976,0.9967586640797633,6.197596290247961e-28
169920,0.0,-1.7810408027885217e-38,9927.051530791976,0.9967586640797633,6.192561577854314e-28
169980,0.0,-1.7796382877756694e-38,9927.051530791976,0.9967586640797633,6.187526865460668e-28
170040,0.0,-1.7782357727628173e-38,9927.051530791976,0.9967586640797633,6.182492153067022e-28
170100,0.0,-1.776833257749965e-38,9927.051530791976,0.9967586640797633,6.177457440673375e-28
170160,0.0,-1.7754307427371128e-38,9927.051530791978,0.9967586640797633,6.172422728279728e-28
170220,0.0,-1.7740282277242605e-38,9927.051530791978,0.9967586640797633,6.167388015886082e-28
170280,0.0,-1.7726257127114082e-38,9927.051530791978,0.9967586640797633,6.162353303492434e-28
170340,0.0,-1.7712231976985556e-38,9927.051530791978,0.9967586640797633,6.157318591098787e-28
170400,0.0,-1.7698206826857036e-38,9927.051530791978,0.9967586640797633,6.152283878705141e-28
170460,0.0,-1.7684181676728513e-38,9927.051530791978,0.9967586640797633,6.147249166311495e-28
170520,0.0,-1.767015652659999e-38,9927.05153079198,0.9967586640797633,6.142214453917848e-28
170580,0.0,-1.7656131376471467e-38,9927.05153079198,0.9967586640797633,6.137179741524201e-28
170640,0.0,-1.7642106226342944e-38,9927.05153079198,0.9967586640797633,6.132145029130554e-28
170700,0.0,-1.7628081076214424e-38,9927.05153079198,0.9967586640797633,6.127110316736909e-28
170760,0.0,-1.76140559260859e-38,9927.05153079198,0.9967586640797633,6.122075604343261e-28
170820,0.0,-1.7600030775957378e-38,9927.05153079198,0.9967586640797633,6.117040891949614e-28
170880,0.0,-1.7586005625828855e-38,9927.051530791981,0.9967586640797633,6.1120061795559675e-28
170940,0.0,-1.7571980475700332e-38,9927.051530791981,0.9967586640797633,6.106971467162321e-28
171000,0.0,-1.755795532557181e-38,9927.051530791981,0.9967586640797633,6.101936754768674e-28
171060,0.0,-1.754393017544329e-38,9927.051530791981,0.9967586640797632,6.096902042375028e-28
171120,0.0,-1.7529905025314766e-38,9927.051530791981,0.9967586640797632,6.0918673299813815e-28
171180,0.0,-1.7515879875186243e-38,9927.051530791981,0.9967586640797632,6.086832617587734e-28
171240,0.0,-1.750185472505772e-38,9927.051530791983,0.9967586640797632,6.081797905194087e-28
171300,0.0,-1.7487829574929198e-38,9927.051530791983,0.9967586640797632,6.07676319280044e-28
171360,0.0,-1.7473804424800675e-38,9927.051530791983,0.9967586640797632,6.071728480406794e-28
171420,0.0,-1.7459779274672154e-38,9927.051530791983,0.9967586640797632,6.066693768013148e-28
171480,0.0,-1.7445754124543632e-38,9927.051530791983,0.9967586640797632,6.061659055619501e-28
171540,0.0,-1.7431728974415109e-38,9927.051530791983,0.9967586640797632,6.056624343225854e-28
171600,0.0,-1.7417703824286586e-38,9927.051530791985,0.9967586640797632,6.051589630832208e-28
171660,0.0,-1.7403678674158063e-38,9927.051530791985,0.9967586640797632,6.04655491843856e-28
171720,0.0,-1.7389653524029543e-38,9927.051530791985,0.9967586640797632,6.041520206044914e-28
171780,0.0,-1.737562837390102e-38,9927.051530791985,0.9967586640797632,6.036485493651267e-28
171840,0.0,-1.7361603223772497e-38,9927.051530791985,0.9967586640797632,6.031450781257621e-28
171900,0.0,-1.7347578073643974e-38,9927.051530791985,0.9967586640797632,6.026416068863974e-28
171960,0.0,-1.733355292351545e-38,9927.051530791987,0.9967586640797632,6.021381356470327e-28
172020,0.0,-1.7319527773386928e-38,9927.051530791987,0.9967586640797632,6.0163466440766805e-28
172080,0.0,-1.7305502623258408e-38,9927.051530791987,0.9967586640797632,6.011311931683035e-28
172140,0.0,-1.7291477473129885e-38,9927.051530791987,0.9967586640797632,6.006277219289387e-28
172200,0.0,-1.7277452323001362e-38,9927.051530791987,0.9967586640797632,6.00124250689574e-28
172260,0.0,-1.726342717287284e-38,9927.051530791987,0.9967586640797632,5.9962077945020935e-28
172320,0.0,-1.7249402022744316e-38,9927.051530791989,0.9967586640797632,5.991173082108447e-28
172380,0.0,-1.7235376872615796e-38,9927.051530791989,0.9967586640797632,5.986138369714801e-28
172440,0.0,-1.7221351722487273e-38,9927.051530791989,0.9967586640797632,5.981103657321154e-28
172500,0.0,-1.720732657235875e-38,9927.051530791989,0.9967586640797632,5.9760689449275075e-28
172560,0.0,-1.7193301422230227e-38,9927.051530791989,0.9967586640797632,5.97103423253386e-28
172620,0.0,-1.7179276272101704e-38,9927.051530791989,0.9967586640797632,5.965999520140213e-28
172680,0.0,-1.716525112197318e-38,9927.05153079199,0.9967586640797632,5.960964807746566e-28
172740,0.0,-1.715122597184466e-38,9927.05153079199,0.9967586640797632,5.955930095352921e-28
172800,0.0,-1.7137200821716138e-38,9927.05153079199,0.9967586640797632,5.950895382959274e-28
172860,0.0,-1.7123175671587615e-38,9927.05153079199,0.9967586640797632,5.945860670565627e-28
172920,0.0,-1.7109150521459092e-38,9927.05153079199,0.9967586640797632,5.94082595817198e-28
172980,0.0,-1.709512537133057e-38,9927.051530791992,0.9967586640797632,5.935791245778334e-28
173040,0.0,-1.7081100221202046e-38,9927.051530791992,0.9967586640797632,5.930756533384686e-28
173100,0.0,-1.7067075071073526e-38,9927.051530791992,0.9967586640797631,5.92572182099104e-28
173160,0.0,-1.7053049920945003e-38,9927.051530791992,0.9967586640797631,5.920687108597393e-28
173220,0.0,-1.703902477081648e-38,9927.051530791992,0.9967586640797631,5.915652396203747e-28
173280,0.0,-1.7024999620687957e-38,9927.051530791992,0.9967586640797631,5.9106176838101e-28
173340,0.0,-1.7010974470559435e-38,9927.051530791994,0.9967586640797631,5.905582971416453e-28
173400,0.0,-1.6996949320430914e-38,9927.051530791994,0.9967586640797631,5.900548259022807e-28
173460,0.0,-1.6982924170302391e-38,9927.051530791994,0.9967586640797631,5.89551354662916e-28
173520,0.0,-1.6968899020173868e-38,9927.051530791994,0.9967586640797631,5.890478834235513e-28
173580,0.0,-1.6954873870045346e-38,9927.051530791994,0.9967586640797631,5.885444121841866e-28
173640,0.0,-1.6940848719916823e-38,9927.051530791994,0.9967586640797631,5.88040940944822e-28
173700,0.0,-1.69268235697883e-38,9927.051530791996,0.9967586640797631,5.875374697054573e-28
173760,0.0,-1.691279841965978e-38,9927.051530791996,0.9967586640797631,5.870339984660927e-28
173820,0.0,-1.6898773269531257e-38,9927.051530791996,0.9967586640797631,5.86530527226728e-28
173880,0.0,-1.6884748119402734e-38,9927.051530791996,0.9967586640797631,5.8602705598736335e-28
173940,0.0,-1.687072296927421e-38,9927.051530791996,0.9967586640797631,5.855235847479986e-28
174000,0.0,-1.6856697819145688e-38,9927.051530791996,0.9967586640797631,5.850201135086339e-28
174060,0.0,-1.6842672669017168e-38,9927.051530791998,0.9967586640797631,5.845166422692693e-28
174120,0.0,-1.6828647518888645e-38,9927.051530791998,0.9967586640797631,5.840131710299047e-28
174180,0.0,-1.6814622368760122e-38,9927.051530791998,0.9967586640797631,5.8350969979054e-28
174240,0.0,-1.68005972186316e-38,9927.051530791998,0.9967586640797631,5.830062285511753e-28
174300,0.0,-1.6786572068503076e-38,9927.051530791998,0.9967586640797631,5.825027573118106e-28
174360,0.0,-1.6772546918374553e-38,9927.051530791998,0.9967586640797631,5.819992860724459e-28
174420,0.0,-1.6758521768246033e-38,9927.051530792,0.9967586640797631,5.814958148330813e-28
174480,0.0,-1.674449661811751e-38,9927.051530792,0.9967586640797631,5.809923435937166e-28
174540,0.0,-1.6730471467988987e-38,9927.051530792,0.9967586640797631,5.8048887235435195e-28
174600,0.0,-1.6716446317860464e-38,9927.051530792,0.9967586640797631,5.799854011149873e-28
174660,0.0,-1.670242116773194e-38,9927.051530792,0.9967586640797631,5.794819298756226e-28
174720,0.0,-1.668839601760342e-38,9927.051530792,0.9967586640797631,5.78978458636258e-28
174780,0.0,-1.6674370867474898e-38,9927.051530792001,0.9967586640797631,5.7847498739689335e-28
174840,0.0,-1.6660345717346375e-38,9927.051530792001,0.9967586640797631,5.779715161575286e-28
174900,0.0,-1.6646320567217852e-38,9927.051530792001,0.9967586640797631,5.774680449181639e-28
174960,0.0,-1.663229541708933e-38,9927.051530792001,0.9967586640797631,5.769645736787992e-28
175020,0.0,-1.6618270266960806e-38,9927.051530792001,0.9967586640797631,5.764611024394346e-28
175080,0.0,-1.6604245116832286e-38,9927.051530792001,0.9967586640797631,5.7595763120007e-28
175140,0.0,-1.6590219966703763e-38,9927.051530792003,0.996758664079763,5.754541599607053e-28
175200,0.0,-1.657619481657524e-38,9927.051530792003,0.996758664079763,5.749506887213406e-28
175260,0.0,-1.6562169666446717e-38,9927.051530792003,0.996758664079763,5.74447217481976e-28
175320,0.0,-1.6548144516318194e-38,9927.051530792003,0.996758664079763,5.739437462426112e-28
175380,0.0,-1.6534119366189671e-38,9927.051530792003,0.996758664079763,5.734402750032465e-28
175440,0.0,-1.652009421606115e-38,9927.051530792003,0.996758664079763,5.729368037638819e-28
175500,0.0,-1.6506069065932628e-38,9927.051530792005,0.996758664079763,5.724333325245173e-28
175560,0.0,-1.6492043915804105e-38,9927.051530792005,0.996758664079763,5.719298612851526e-28
175620,0.0,-1.6478018765675582e-38,9927.051530792005,0.996758664079763,5.714263900457879e-28
175680,0.0,-1.646399361554706e-38,9927.051530792005,0.996758664079763,5.7092291880642325e-28
175740,0.0,-1.644996846541854e-38,9927.051530792005,0.996758664079763,5.704194475670587e-28
175800,0.0,-1.6435943315290016e-38,9927.051530792005,0.996758664079763,5.699159763276939e-28
175860,0.0,-1.6421918165161493e-38,9927.051530792007,0.996758664079763,5.694125050883292e-28
175920,0.0,-1.640789301503297e-38,9927.051530792007,0.996758664079763,5.6890903384896455e-28
175980,0.0,-1.6393867864904448e-38,9927.051530792007,0.996758664079763,5.684055626095999e-28
176040,0.0,-1.6379842714775925e-38,9927.051530792007,0.996758664079763,5.679020913702352e-28
176100,0.0,-1.6365817564647404e-38,9927.051530792007,0.996758664079763,5.673986201308706e-28
176160,0.0,-1.6351792414518881e-38,9927.051530792007,0.996758664079763,5.6689514889150595e-28
176220,0.0,-1.6337767264390359e-38,9927.051530792009,0.996758664079763,5.663916776521412e-28
176280,0.0,-1.6323742114261836e-38,9927.051530792009,0.996758664079763,5.658882064127765e-28
176340,0.0,-1.6309716964133313e-38,9927.051530792009,0.996758664079763,5.653847351734118e-28
176400,0.0,-1.6295691814004792e-38,9927.051530792009,0.996758664079763,5.648812639340473e-28
176460,0.0,-1.628166666387627e-38,9927.051530792009,0.996758664079763,5.643777926946826e-28
176520,0.0,-1.6267641513747747e-38,9927.051530792009,0.996758664079763,5.638743214553179e-28
176580,0.0,-1.6253616363619224e-38,9927.05153079201,0.996758664079763,5.633708502159532e-28
176640,0.0,-1.62395912134907e-38,9927.05153079201,0.996758664079763,5.628673789765886e-28
176700,0.0,-1.6225566063362178e-38,9927.05153079201,0.996758664079763,5.623639077372238e-28
176760,0.0,-1.6211540913233658e-38,9927.05153079201,0.996758664079763,5.618604364978592e-28
176820,0.0,-1.6197515763105135e-38,9927.05153079201,0.996758664079763,5.613569652584945e-28
176880,0.0,-1.6183490612976612e-38,9927.05153079201,0.996758664079763,5.608534940191299e-28
176940,0.0,-1.6169465462848086e-38,9927.051530792012,0.996758664079763,5.603500227797652e-28
177000,0.0,-1.6155440312719563e-38,9927.051530792012,0.996758664079763,5.598465515404005e-28
177060,0.0,-1.614141516259104e-38,9927.051530792012,0.996758664079763,5.5934308030103585e-28
177120,0.0,-1.612739001246252e-38,9927.051530792012,0.996758664079763,5.588396090616713e-28
177180,0.0,-1.6113364862333997e-38,9927.051530792012,0.9967586640797629,5.583361378223065e-28
177240,0.0,-1.6099339712205474e-38,9927.051530792012,0.9967586640797629,5.578326665829418e-28
177300,0.0,-1.6085314562076952e-38,9927.051530792014,0.9967586640797629,5.573291953435772e-28
177360,0.0,-1.6071289411948429e-38,9927.051530792014,0.9967586640797629,5.568257241042125e-28
177420,0.0,-1.6057264261819908e-38,9927.051530792014,0.9967586640797629,5.563222528648479e-28
177480,0.0,-1.6043239111691385e-38,9927.051530792014,0.9967586640797629,5.558187816254832e-28
177540,0.0,-1.6029213961562863e-38,9927.051530792014,0.9967586640797629,5.5531531038611855e-28
177600,0.0,-1.601518881143434e-38,9927.051530792016,0.9967586640797629,5.548118391467538e-28
177660,0.0,-1.6001163661305817e-38,9927.051530792016,0.9967586640797629,5.543083679073891e-28
177720,0.0,-1.5987138511177294e-38,9927.051530792016,0.9967586640797629,5.538048966680244e-28
177780,0.0,-1.5973113361048773e-38,9927.051530792016,0.9967586640797629,5.533014254286599e-28
177840,0.0,-1.595908821092025e-38,9927.051530792016,0.9967586640797629,5.527979541892952e-28
177900,0.0,-1.5945063060791728e-38,9927.051530792016,0.9967586640797629,5.522944829499305e-28
177960,0.0,-1.5931037910663205e-38,9927.051530792018,0.9967586640797629,5.517910117105658e-28
178020,0.0,-1.5917012760534682e-38,9927.051530792018,0.9967586640797629,5.512875404712012e-28
178080,0.0,-1.5902987610406162e-38,9927.051530792018,0.9967586640797629,5.507840692318365e-28
178140,0.0,-1.5888962460277639e-38,9927.051530792018,0.9967586640797629,5.502805979924718e-28
178200,0.0,-1.5874937310149116e-38,9927.051530792018,0.9967586640797629,5.4977712675310715e-28
178260,0.0,-1.5860912160020593e-38,9927.051530792018,0.9967586640797629,5.492736555137425e-28
178320,0.0,-1.584688700989207e-38,9927.05153079202,0.9967586640797629,5.487701842743778e-28
178380,0.0,-1.5832861859763547e-38,9927.05153079202,0.9967586640797629,5.482667130350131e-28
178440,0.0,-1.5818836709635027e-38,9927.05153079202,0.9967586640797629,5.477632417956485e-28
178500,0.0,-1.5804811559506504e-38,9927.05153079202,0.9967586640797629,5.472597705562839e-28
178560,0.0,-1.579078640937798e-38,9927.05153079202,0.9967586640797629,5.467562993169191e-28
178620,0.0,-1.5776761259249458e-38,9927.05153079202,0.9967586640797629,5.462528280775544e-28
178680,0.0,-1.5762736109120935e-38,9927.051530792021,0.9967586640797629,5.457493568381898e-28
178740,0.0,-1.5748710958992415e-38,9927.051530792021,0.9967586640797629,5.452458855988252e-28
178800,0.0,-1.5734685808863892e-38,9927.051530792021,0.9967586640797629,5.447424143594605e-28
178860,0.0,-1.572066065873537e-38,9927.051530792021,0.9967586640797629,5.442389431200958e-28
178920,0.0,-1.5706635508606846e-38,9927.051530792021,0.9967586640797629,5.437354718807312e-28
178980,0.0,-1.5692610358478323e-38,9927.051530792021,0.9967586640797629,5.432320006413664e-28
179040,0.0,-1.56785852083498e-38,9927.051530792023,0.9967586640797629,5.427285294020017e-28
179100,0.0,-1.566456005822128e-38,9927.051530792023,0.9967586640797629,5.422250581626371e-28
179160,0.0,-1.5650534908092757e-38,9927.051530792023,0.9967586640797629,5.417215869232725e-28
179220,0.0,-1.5636509757964234e-38,9927.051530792023,0.9967586640797628,5.412181156839078e-28
179280,0.0,-1.5622484607835711e-38,9927.051530792023,0.9967586640797628,5.407146444445431e-28
179340,0.0,-1.5608459457707188e-38,9927.051530792023,0.9967586640797628,5.402111732051784e-28
179400,0.0,-1.5594434307578666e-38,9927.051530792025,0.9967586640797628,5.397077019658138e-28
179460,0.0,-1.5580409157450145e-38,9927.051530792025,0.9967586640797628,5.392042307264491e-28
179520,0.0,-1.5566384007321622e-38,9927.051530792025,0.9967586640797628,5.387007594870844e-28
179580,0.0,-1.55523588571931e-38,9927.051530792025,0.9967586640797628,5.3819728824771975e-28
179640,0.0,-1.5538333707064576e-38,9927.051530792025,0.9967586640797628,5.376938170083551e-28
179700,0.0,-1.5524308556936054e-38,9927.051530792025,0.9967586640797628,5.371903457689904e-28
179760,0.0,-1.5510283406807533e-38,9927.051530792027,0.9967586640797628,5.366868745296258e-28
179820,0.0,-1.549625825667901e-38,9927.051530792027,0.9967586640797628,5.3618340329026115e-28
179880,0.0,-1.5482233106550487e-38,9927.051530792027,0.9967586640797628,5.356799320508965e-28
179940,0.0,-1.5468207956421965e-38,9927.051530792027,0.9967586640797628,5.351764608115317e-28
180000,0.0,-1.5454182806293442e-38,9927.051530792027,0.9967586640797628,5.34672989572167e-28
180060,0.0,-1.544015765616492e-38,9927.051530792027,0.9967586640797628,5.341695183328024e-28
180120,0.0,-1.5426132506036398e-38,9927.051530792029,0.9967586640797628,5.336660470934378e-28
180180,0.0,-1.5412107355907876e-38,9927.051530792029,0.9967586640797628,5.331625758540731e-28
180240,0.0,-1.5398082205779353e-38,9927.051530792029,0.9967586640797628,5.326591046147084e-28
180300,0.0,-1.538405705565083e-38,9927.051530792029,0.9967586640797628,5.321556333753438e-28
180360,0.0,-1.5370031905522307e-38,9927.051530792029,0.9967586640797628,5.31652162135979e-28
180420,0.0,-1.5356006755393787e-38,9927.051530792029,0.9967586640797628,5.311486908966144e-28
180480,0.0,-1.5341981605265264e-38,9927.05153079203,0.9967586640797628,5.306452196572497e-28
180540,0.0,-1.532795645513674e-38,9927.05153079203,0.9967586640797628,5.301417484178851e-28
180600,0.0,-1.5313931305008218e-38,9927.05153079203,0.9967586640797628,5.296382771785204e-28
180660,0.0,-1.5299906154879695e-38,9927.05153079203,0.9967586640797628,5.291348059391557e-28
180720,0.0,-1.5285881004751172e-38,9927.05153079203,0.9967586640797628,5.2863133469979105e-28
180780,0.0,-1.5271855854622652e-38,9927.05153079203,0.9967586640797628,5.281278634604265e-28
180840,0.0,-1.525783070449413e-38,9927.051530792032,0.9967586640797628,5.276243922210617e-28
180900,0.0,-1.5243805554365606e-38,9927.051530792032,0.9967586640797628,5.27120920981697e-28
180960,0.0,-1.5229780404237083e-38,9927.051530792032,0.9967586640797628,5.2661744974233235e-28
181020,0.0,-1.521575525410856e-38,9927.051530792032,0.9967586640797628,5.261139785029677e-28
181080,0.0,-1.520173010398004e-38,9927.051530792032,0.9967586640797628,5.256105072636031e-28
181140,0.0,-1.5187704953851517e-38,9927.051530792032,0.9967586640797628,5.251070360242384e-28
181200,0.0,-1.5173679803722994e-38,9927.051530792034,0.9967586640797628,5.2460356478487375e-28
181260,0.0,-1.515965465359447e-38,9927.051530792034,0.9967586640797627,5.241000935455091e-28
181320,0.0,-1.5145629503465948e-38,9927.051530792034,0.9967586640797627,5.235966223061443e-28
181380,0.0,-1.5131604353337425e-38,9927.051530792034,0.9967586640797627,5.230931510667796e-28
181440,0.0,-1.5117579203208905e-38,9927.051530792034,0.9967586640797627,5.225896798274151e-28
181500,0.0,-1.5103554053080382e-38,9927.051530792034,0.9967586640797627,5.220862085880504e-28
181560,0.0,-1.508952890295186e-38,9927.051530792036,0.9967586640797627,5.215827373486857e-28
181620,0.0,-1.5075503752823336e-38,9927.051530792036,0.9967586640797627,5.21079266109321e-28
181680,0.0,-1.5061478602694813e-38,9927.051530792036,0.9967586640797627,5.205757948699564e-28
181740,0.0,-1.504745345256629e-38,9927.051530792036,0.9967586640797627,5.200723236305916e-28
181800,0.0,-1.503342830243777e-38,9927.051530792036,0.9967586640797627,5.19568852391227e-28
181860,0.0,-1.5019403152309247e-38,9927.051530792038,0.9967586640797627,5.1906538115186234e-28
181920,0.0,-1.5005378002180724e-38,9927.051530792038,0.9967586640797627,5.185619099124977e-28
181980,0.0,-1.4991352852052201e-38,9927.051530792038,0.9967586640797627,5.18058438673133e-28
182040,0.0,-1.4977327701923679e-38,9927.051530792038,0.9967586640797627,5.175549674337683e-28
182100,0.0,-1.4963302551795158e-38,9927.051530792038,0.9967586640797627,5.170514961944037e-28
182160,0.0,-1.4949277401666635e-38,9927.051530792038,0.9967586640797627,5.165480249550391e-28
182220,0.0,-1.4935252251538112e-38,9927.05153079204,0.9967586640797627,5.160445537156743e-28
182280,0.0,-1.492122710140959e-38,9927.05153079204,0.9967586640797627,5.155410824763096e-28
182340,0.0,-1.4907201951281067e-38,9927.05153079204,0.9967586640797627,5.15037611236945e-28
182400,0.0,-1.4893176801152544e-38,9927.05153079204,0.9967586640797627,5.145341399975803e-28
182460,0.0,-1.4879151651024023e-38,9927.05153079204,0.9967586640797627,5.140306687582157e-28
182520,0.0,-1.48651265008955e-38,9927.05153079204,0.9967586640797627,5.13527197518851e-28
182580,0.0,-1.4851101350766978e-38,9927.051530792041,0.9967586640797627,5.1302372627948636e-28
182640,0.0,-1.4837076200638455e-38,9927.051530792041,0.9967586640797627,5.125202550401217e-28
182700,0.0,-1.4823051050509932e-38,9927.051530792041,0.9967586640797627,5.120167838007569e-28
182760,0.0,-1.4809025900381412e-38,9927.051530792041,0.9967586640797627,5.115133125613923e-28
182820,0.0,-1.4795000750252889e-38,9927.051530792041,0.9967586640797627,5.110098413220277e-28
182880,0.0,-1.4780975600124366e-38,9927.051530792041,0.9967586640797627,5.10506370082663e-28
182940,0.0,-1.4766950449995843e-38,9927.051530792043,0.9967586640797627,5.100028988432983e-28
183000,0.0,-1.475292529986732e-38,9927.051530792043,0.9967586640797627,5.094994276039336e-28
183060,0.0,-1.4738900149738797e-38,9927.051530792043,0.9967586640797627,5.08995956364569e-28
183120,0.0,-1.4724874999610277e-38,9927.051530792043,0.9967586640797627,5.084924851252044e-28
183180,0.0,-1.4710849849481754e-38,9927.051530792043,0.9967586640797627,5.079890138858396e-28
183240,0.0,-1.469682469935323e-38,9927.051530792043,0.9967586640797627,5.0748554264647495e-28
183300,0.0,-1.4682799549224708e-38,9927.051530792045,0.9967586640797625,5.069820714071103e-28
183360,0.0,-1.4668774399096185e-38,9927.051530792045,0.9967586640797625,5.064786001677456e-28
183420,0.0,-1.4654749248967662e-38,9927.051530792045,0.9967586640797625,5.059751289283809e-28
183480,0.0,-1.4640724098839142e-38,9927.051530792045,0.9967586640797625,5.0547165768901635e-28
183540,0.0,-1.4626698948710616e-38,9927.051530792045,0.9967586640797625,5.049681864496517e-28
183600,0.0,-1.4612673798582093e-38,9927.051530792045,0.9967586640797625,5.044647152102869e-28
183660,0.0,-1.459864864845357e-38,9927.051530792047,0.9967586640797625,5.039612439709222e-28
183720,0.0,-1.4584623498325048e-38,9927.051530792047,0.9967586640797625,5.034577727315576e-28
183780,0.0,-1.4570598348196527e-38,9927.051530792047,0.9967586640797625,5.02954301492193e-28
183840,0.0,-1.4556573198068004e-38,9927.051530792047,0.9967586640797625,5.024508302528283e-28
183900,0.0,-1.4542548047939482e-38,9927.051530792047,0.9967586640797625,5.019473590134636e-28
183960,0.0,-1.4528522897810959e-38,9927.051530792047,0.9967586640797625,5.01443887774099e-28
184020,0.0,-1.4514497747682436e-38,9927.051530792049,0.9967586640797625,5.009404165347343e-28
184080,0.0,-1.4500472597553913e-38,9927.051530792049,0.9967586640797625,5.004369452953695e-28
184140,0.0,-1.4486447447425393e-38,9927.051530792049,0.9967586640797625,4.999334740560049e-28
184200,0.0,-1.447242229729687e-38,9927.051530792049,0.9967586640797625,4.994300028166403e-28
184260,0.0,-1.4458397147168347e-38,9927.051530792049,0.9967586640797625,4.989265315772756e-28
184320,0.0,-1.4444371997039824e-38,9927.051530792049,0.9967586640797625,4.984230603379109e-28
184380,0.0,-1.44303468469113e-38,9927.05153079205,0.9967586640797625,4.9791958909854625e-28
184440,0.0,-1.441632169678278e-38,9927.05153079205,0.9967586640797625,4.974161178591817e-28
184500,0.0,-1.4402296546654258e-38,9927.05153079205,0.9967586640797625,4.969126466198169e-28
184560,0.0,-1.4388271396525735e-38,9927.05153079205,0.9967586640797625,4.964091753804522e-28
184620,0.0,-1.4374246246397212e-38,9927.05153079205,0.9967586640797625,4.9590570414108755e-28
184680,0.0,-1.436022109626869e-38,9927.05153079205,0.9967586640797625,4.954022329017229e-28
184740,0.0,-1.4346195946140166e-38,9927.051530792052,0.9967586640797625,4.948987616623582e-28
184800,0.0,-1.4332170796011646e-38,9927.051530792052,0.9967586640797625,4.943952904229936e-28
184860,0.0,-1.4318145645883123e-38,9927.051530792052,0.9967586640797625,4.9389181918362895e-28
184920,0.0,-1.43041204957546e-38,9927.051530792052,0.9967586640797625,4.933883479442643e-28
184980,0.0,-1.4290095345626077e-38,9927.051530792052,0.9967586640797625,4.928848767048995e-28
185040,0.0,-1.4276070195497554e-38,9927.051530792052,0.9967586640797625,4.923814054655348e-28
185100,0.0,-1.4262045045369034e-38,9927.051530792054,0.9967586640797625,4.918779342261703e-28
185160,0.0,-1.424801989524051e-38,9927.051530792054,0.9967586640797625,4.913744629868056e-28
185220,0.0,-1.4233994745111988e-38,9927.051530792054,0.9967586640797625,4.908709917474409e-28
185280,0.0,-1.4219969594983465e-38,9927.051530792054,0.9967586640797625,4.903675205080762e-28
185340,0.0,-1.4205944444854942e-38,9927.051530792054,0.9967586640797624,4.898640492687116e-28
185400,0.0,-1.419191929472642e-38,9927.051530792054,0.9967586640797624,4.893605780293469e-28
185460,0.0,-1.41778941445979e-38,9927.051530792056,0.9967586640797624,4.888571067899822e-28
185520,0.0,-1.4163868994469376e-38,9927.051530792056,0.9967586640797624,4.883536355506175e-28
185580,0.0,-1.4149843844340853e-38,9927.051530792056,0.9967586640797624,4.878501643112529e-28
185640,0.0,-1.413581869421233e-38,9927.051530792056,0.9967586640797624,4.873466930718882e-28
185700,0.0,-1.4121793544083807e-38,9927.051530792056,0.9967586640797624,4.868432218325235e-28
185760,0.0,-1.4107768393955285e-38,9927.051530792056,0.9967586640797624,4.8633975059315885e-28
185820,0.0,-1.4093743243826764e-38,9927.051530792058,0.9967586640797624,4.858362793537943e-28
185880,0.0,-1.4079718093698241e-38,9927.051530792058,0.9967586640797624,4.853328081144295e-28
185940,0.0,-1.4065692943569718e-38,9927.051530792058,0.9967586640797624,4.848293368750648e-28
186000,0.0,-1.4051667793441196e-38,9927.051530792058,0.9967586640797624,4.843258656357002e-28
186060,0.0,-1.4037642643312673e-38,9927.051530792058,0.9967586640797624,4.838223943963355e-28
186120,0.0,-1.4023617493184152e-38,9927.05153079206,0.9967586640797624,4.833189231569709e-28
186180,0.0,-1.400959234305563e-38,9927.05153079206,0.9967586640797624,4.828154519176062e-28
186240,0.0,-1.3995567192927107e-38,9927.05153079206,0.9967586640797624,4.8231198067824155e-28
186300,0.0,-1.3981542042798584e-38,9927.05153079206,0.9967586640797624,4.818085094388769e-28
186360,0.0,-1.396751689267006e-38,9927.05153079206,0.9967586640797624,4.813050381995121e-28
186420,0.0,-1.3953491742541538e-38,9927.05153079206,0.9967586640797624,4.808015669601474e-28
186480,0.0,-1.3939466592413018e-38,9927.051530792061,0.9967586640797624,4.802980957207829e-28
186540,0.0,-1.3925441442284495e-38,9927.051530792061,0.9967586640797624,4.797946244814182e-28
186600,0.0,-1.3911416292155972e-38,9927.051530792061,0.9967586640797624,4.792911532420535e-28
186660,0.0,-1.389739114202745e-38,9927.051530792061,0.9967586640797624,4.787876820026888e-28
186720,0.0,-1.3883365991898926e-38,9927.051530792061,0.9967586640797624,4.782842107633242e-28
186780,0.0,-1.3869340841770406e-38,9927.051530792061,0.9967586640797624,4.777807395239596e-28
186840,0.0,-1.3855315691641883e-38,9927.051530792063,0.9967586640797624,4.772772682845948e-28
186900,0.0,-1.384129054151336e-38,9927.051530792063,0.9967586640797624,4.7677379704523015e-28
186960,0.0,-1.3827265391384837e-38,9927.051530792063,0.9967586640797624,4.762703258058655e-28
187020,0.0,-1.3813240241256314e-38,9927.051530792063,0.9967586640797624,4.757668545665008e-28
187080,0.0,-1.379921509112779e-38,9927.051530792063,0.9967586640797624,4.752633833271361e-28
187140,0.0,-1.378518994099927e-38,9927.051530792063,0.9967586640797624,4.747599120877715e-28
187200,0.0,-1.3771164790870748e-38,9927.051530792065,0.9967586640797624,4.742564408484069e-28
187260,0.0,-1.3757139640742225e-38,9927.051530792065,0.9967586640797624,4.737529696090421e-28
187320,0.0,-1.3743114490613702e-38,9927.051530792065,0.9967586640797624,4.732494983696774e-28
187380,0.0,-1.372908934048518e-38,9927.051530792065,0.9967586640797623,4.727460271303128e-28
187440,0.0,-1.3715064190356656e-38,9927.051530792065,0.9967586640797623,4.722425558909481e-28
187500,0.0,-1.3701039040228136e-38,9927.051530792065,0.9967586640797623,4.717390846515835e-28
187560,0.0,-1.3687013890099613e-38,9927.051530792067,0.9967586640797623,4.712356134122188e-28
187620,0.0,-1.367298873997109e-38,9927.051530792067,0.9967586640797623,4.707321421728542e-28
187680,0.0,-1.3658963589842567e-38,9927.051530792067,0.9967586640797623,4.702286709334895e-28
187740,0.0,-1.3644938439714044e-38,9927.051530792067,0.9967586640797623,4.697251996941247e-28
187800,0.0,-1.3630913289585524e-38,9927.051530792067,0.9967586640797623,4.692217284547601e-28
187860,0.0,-1.3616888139457e-38,9927.051530792067,0.9967586640797623,4.687182572153955e-28
187920,0.0,-1.3602862989328478e-38,9927.051530792069,0.9967586640797623,4.682147859760308e-28
187980,0.0,-1.3588837839199955e-38,9927.051530792069,0.9967586640797623,4.677113147366661e-28
188040,0.0,-1.3574812689071432e-38,9927.051530792069,0.9967586640797623,4.672078434973014e-28
188100,0.0,-1.356078753894291e-38,9927.051530792069,0.9967586640797623,4.667043722579368e-28
188160,0.0,-1.354676238881439e-38,9927.051530792069,0.9967586640797623,4.662009010185722e-28
188220,0.0,-1.3532737238685866e-38,9927.051530792069,0.9967586640797623,4.656974297792074e-28
188280,0.0,-1.3518712088557343e-38,9927.05153079207,0.9967586640797623,4.6519395853984275e-28
188340,0.0,-1.350468693842882e-38,9927.05153079207,0.9967586640797623,4.646904873004781e-28
188400,0.0,-1.3490661788300298e-38,9927.05153079207,0.9967586640797623,4.641870160611134e-28
188460,0.0,-1.3476636638171777e-38,9927.05153079207,0.9967586640797623,4.636835448217488e-28
188520,0.0,-1.3462611488043254e-38,9927.05153079207,0.9967586640797623,4.6318007358238415e-28
188580,0.0,-1.3448586337914732e-38,9927.05153079207,0.9967586640797623,4.626766023430195e-28
188640,0.0,-1.3434561187786209e-38,9927.051530792072,0.9967586640797623,4.621731311036547e-28
188700,0.0,-1.3420536037657686e-38,9927.051530792072,0.9967586640797623,4.6166965986429e-28
188760,0.0,-1.3406510887529163e-38,9927.051530792072,0.9967586640797623,4.611661886249254e-28
188820,0.0,-1.3392485737400642e-38,9927.051530792072,0.9967586640797623,4.606627173855608e-28
188880,0.0,-1.337846058727212e-38,9927.051530792072,0.9967586640797623,4.601592461461961e-28
188940,0.0,-1.3364435437143597e-38,9927.051530792072,0.9967586640797623,4.596557749068314e-28
189000,0.0,-1.3350410287015074e-38,9927.051530792074,0.9967586640797623,4.591523036674668e-28
189060,0.0,-1.333638513688655e-38,9927.051530792074,0.9967586640797623,4.586488324281021e-28
189120,0.0,-1.332235998675803e-38,9927.051530792074,0.9967586640797623,4.581453611887374e-28
189180,0.0,-1.3308334836629508e-38,9927.051530792074,0.9967586640797623,4.576418899493727e-28
189240,0.0,-1.3294309686500985e-38,9927.051530792074,0.9967586640797623,4.571384187100081e-28
189300,0.0,-1.3280284536372462e-38,9927.051530792074,0.9967586640797623,4.566349474706434e-28
189360,0.0,-1.326625938624394e-38,9927.051530792076,0.9967586640797623,4.561314762312787e-28
189420,0.0,-1.3252234236115416e-38,9927.051530792076,0.9967586640797622,4.5562800499191405e-28
189480,0.0,-1.3238209085986896e-38,9927.051530792076,0.9967586640797622,4.551245337525495e-28
189540,0.0,-1.3224183935858373e-38,9927.051530792076,0.9967586640797622,4.546210625131848e-28
189600,0.0,-1.321015878572985e-38,9927.051530792076,0.9967586640797622,4.5411759127382e-28
189660,0.0,-1.3196133635601327e-38,9927.051530792076,0.9967586640797622,4.5361412003445535e-28
189720,0.0,-1.3182108485472804e-38,9927.051530792078,0.9967586640797622,4.531106487950907e-28
189780,0.0,-1.316808333534428e-38,9927.051530792078,0.9967586640797622,4.52607177555726e-28
189840,0.0,-1.315405818521576e-38,9927.051530792078,0.9967586640797622,4.521037063163614e-28
189900,0.0,-1.3140033035087238e-38,9927.051530792078,0.9967586640797622,4.5160023507699675e-28
189960,0.0,-1.3126007884958715e-38,9927.051530792078,0.9967586640797622,4.510967638376321e-28
190020,0.0,-1.3111982734830192e-38,9927.051530792078,0.9967586640797622,4.505932925982673e-28
190080,0.0,-1.3097957584701667e-38,9927.05153079208,0.9967586640797622,4.500898213589026e-28
190140,0.0,-1.3083932434573146e-38,9927.05153079208,0.9967586640797622,4.495863501195381e-28
190200,0.0,-1.3069907284444624e-38,9927.05153079208,0.9967586640797622,4.490828788801734e-28
190260,0.0,-1.30558821343161e-38,9927.05153079208,0.9967586640797622,4.485794076408087e-28
190320,0.0,-1.3041856984187578e-38,9927.05153079208,0.9967586640797622,4.48075936401444e-28
190380,0.0,-1.3027831834059055e-38,9927.051530792081,0.9967586640797622,4.475724651620794e-28
190440,0.0,-1.3013806683930532e-38,9927.051530792081,0.9967586640797622,4.470689939227147e-28
190500,0.0,-1.2999781533802012e-38,9927.051530792081,0.9967586640797622,4.4656552268335e-28
190560,0.0,-1.2985756383673489e-38,9927.051530792081,0.9967586640797622,4.4606205144398535e-28
190620,0.0,-1.2971731233544966e-38,9927.051530792081,0.9967586640797622,4.455585802046207e-28
190680,0.0,-1.2957706083416443e-38,9927.051530792081,0.9967586640797622,4.45055108965256e-28
190740,0.0,-1.294368093328792e-38,9927.051530792083,0.9967586640797622,4.445516377258913e-28
190800,0.0,-1.29296557831594e-38,9927.051530792083,0.9967586640797622,4.440481664865267e-28
190860,0.0,-1.2915630633030877e-38,9927.051530792083,0.9967586640797622,4.435446952471621e-28
190920,0.0,-1.2901605482902354e-38,9927.051530792083,0.9967586640797622,4.430412240077974e-28
190980,0.0,-1.288758033277383e-38,9927.051530792083,0.9967586640797622,4.425377527684326e-28
191040,0.0,-1.2873555182645308e-38,9927.051530792083,0.9967586640797622,4.42034281529068e-28
191100,0.0,-1.2859530032516785e-38,9927.051530792085,0.9967586640797622,4.415308102897033e-28
191160,0.0,-1.2845504882388265e-38,9927.051530792085,0.9967586640797622,4.410273390503387e-28
191220,0.0,-1.2831479732259742e-38,9927.051530792085,0.9967586640797622,4.40523867810974e-28
191280,0.0,-1.281745458213122e-38,9927.051530792085,0.9967586640797622,4.400203965716094e-28
191340,0.0,-1.2803429432002696e-38,9927.051530792085,0.9967586640797622,4.395169253322447e-28
191400,0.0,-1.2789404281874173e-38,9927.051530792085,0.9967586640797622,4.390134540928799e-28
191460,0.0,-1.277537913174565e-38,9927.051530792087,0.9967586640797621,4.3850998285351525e-28
191520,0.0,-1.276135398161713e-38,9927.051530792087,0.9967586640797621,4.380065116141507e-28
191580,0.0,-1.2747328831488607e-38,9927.051530792087,0.9967586640797621,4.37503040374786e-28
191640,0.0,-1.2733303681360084e-38,9927.051530792087,0.9967586640797621,4.369995691354213e-28
191700,0.0,-1.2719278531231561e-38,9927.051530792087,0.9967586640797621,4.364960978960566e-28
191760,0.0,-1.2705253381103038e-38,9927.051530792087,0.9967586640797621,4.35992626656692e-28
191820,0.0,-1.2691228230974518e-38,9927.051530792089,0.9967586640797621,4.354891554173274e-28
191880,0.0,-1.2677203080845995e-38,9927.051530792089,0.9967586640797621,4.349856841779626e-28
191940,0.0,-1.2663177930717472e-38,9927.051530792089,0.9967586640797621,4.3448221293859795e-28
192000,0.0,-1.264915278058895e-38,9927.051530792089,0.9967586640797621,4.339787416992333e-28
192060,0.0,-1.2635127630460427e-38,9927.051530792089,0.9967586640797621,4.334752704598686e-28
192120,0.0,-1.2621102480331904e-38,9927.051530792089,0.9967586640797621,4.329717992205039e-28
192180,0.0,-1.2607077330203383e-38,9927.05153079209,0.9967586640797621,4.3246832798113935e-28
192240,0.0,-1.259305218007486e-38,9927.05153079209,0.9967586640797621,4.319648567417747e-28
192300,0.0,-1.2579027029946337e-38,9927.05153079209,0.9967586640797621,4.3146138550241e-28
192360,0.0,-1.2565001879817815e-38,9927.05153079209,0.9967586640797621,4.309579142630452e-28
192420,0.0,-1.2550976729689292e-38,9927.05153079209,0.9967586640797621,4.304544430236806e-28
192480,0.0,-1.2536951579560771e-38,9927.05153079209,0.9967586640797621,4.29950971784316e-28
192540,0.0,-1.2522926429432248e-38,9927.051530792092,0.9967586640797621,4.294475005449513e-28
192600,0.0,-1.2508901279303726e-38,9927.051530792092,0.9967586640797621,4.289440293055866e-28
192660,0.0,-1.2494876129175203e-38,9927.051530792092,0.9967586640797621,4.28440558066222e-28
192720,0.0,-1.2480850979046682e-38,9927.051530792092,0.9967586640797621,4.279370868268573e-28
192780,0.0,-1.246682582891816e-38,9927.051530792092,0.9967586640797621,4.274336155874926e-28
192840,0.0,-1.2452800678789637e-38,9927.051530792092,0.9967586640797621,4.269301443481279e-28
192900,0.0,-1.2438775528661114e-38,9927.051530792094,0.9967586640797621,4.264266731087633e-28
192960,0.0,-1.242475037853259e-38,9927.051530792094,0.9967586640797621,4.259232018693986e-28
193020,0.0,-1.2410725228404068e-38,9927.051530792094,0.9967586640797621,4.254197306300339e-28
193080,0.0,-1.2396700078275548e-38,9927.051530792094,0.9967586640797621,4.2491625939066925e-28
193140,0.0,-1.2382674928147025e-38,9927.051530792094,0.9967586640797621,4.244127881513046e-28
193200,0.0,-1.23686497780185e-38,9927.051530792094,0.9967586640797621,4.239093169119399e-28
193260,0.0,-1.235462462788998e-38,9927.051530792096,0.9967586640797621,4.234058456725752e-28
193320,0.0,-1.2340599477761456e-38,9927.051530792096,0.9967586640797621,4.2290237443321055e-28
193380,0.0,-1.2326574327632933e-38,9927.051530792096,0.9967586640797621,4.223989031938459e-28
193440,0.0,-1.2312549177504413e-38,9927.051530792096,0.9967586640797621,4.218954319544813e-28
193500,0.0,-1.229852402737589e-38,9927.051530792096,0.996758664079762,4.213919607151165e-28
193560,0.0,-1.2284498877247367e-38,9927.051530792096,0.996758664079762,4.2088848947575195e-28
193620,0.0,-1.2270473727118844e-38,9927.051530792098,0.996758664079762,4.203850182363873e-28
193680,0.0,-1.225644857699032e-38,9927.051530792098,0.996758664079762,4.198815469970226e-28
193740,0.0,-1.2242423426861798e-38,9927.051530792098,0.996758664079762,4.193780757576579e-28
193800,0.0,-1.2228398276733275e-38,9927.051530792098,0.996758664079762,4.188746045182933e-28
193860,0.0,-1.2214373126604752e-38,9927.051530792098,0.996758664079762,4.183711332789286e-28
193920,0.0,-1.2200347976476232e-38,9927.051530792098,0.996758664079762,4.178676620395639e-28
193980,0.0,-1.218632282634771e-38,9927.0515307921,0.996758664079762,4.173641908001992e-28
194040,0.0,-1.2172297676219186e-38,9927.0515307921,0.996758664079762,4.168607195608346e-28
194100,0.0,-1.2158272526090666e-38,9927.0515307921,0.996758664079762,4.163572483214699e-28
194160,0.0,-1.2144247375962143e-38,9927.0515307921,0.996758664079762,4.158537770821052e-28
194220,0.0,-1.213022222583362e-38,9927.0515307921,0.996758664079762,4.153503058427405e-28
194280,0.0,-1.2116197075705097e-38,9927.0515307921,0.996758664079762,4.148468346033759e-28
194340,0.0,-1.2102171925576574e-38,9927.051530792101,0.996758664079762,4.143433633640112e-28
194400,0.0,-1.2088146775448051e-38,9927.051530792101,0.996758664079762,4.138398921246465e-28
194460,0.0,-1.2074121625319529e-38,9927.051530792101,0.996758664079762,4.1333642088528185e-28
194520,0.0,-1.2060096475191006e-38,9927.051530792101,0.996758664079762,4.128329496459172e-28
194580,0.0,-1.2046071325062485e-38,9927.051530792101,0.996758664079762,4.123294784065526e-28
194640,0.0,-1.2032046174933962e-38,9927.051530792101,0.996758664079762,4.118260071671878e-28
194700,0.0,-1.201802102480544e-38,9927.051530792103,0.996758664079762,4.113225359278232e-28
194760,0.0,-1.200399587467692e-38,9927.051530792103,0.996758664079762,4.108190646884586e-28
194820,0.0,-1.1989970724548396e-38,9927.051530792103,0.996758664079762,4.103155934490939e-28
194880,0.0,-1.1975945574419873e-38,9927.051530792103,0.996758664079762,4.098121222097291e-28
194940,0.0,-1.196192042429135e-38,9927.051530792103,0.996758664079762,4.0930865097036455e-28
195000,0.0,-1.1947895274162828e-38,9927.051530792105,0.996758664079762,4.088051797309999e-28
195060,0.0,-1.1933870124034305e-38,9927.051530792105,0.996758664079762,4.083017084916352e-28
195120,0.0,-1.1919844973905782e-38,9927.051530792105,0.996758664079762,4.077982372522705e-28
195180,0.0,-1.190581982377726e-38,9927.051530792105,0.996758664079762,4.072947660129059e-28
195240,0.0,-1.1891794673648736e-38,9927.051530792105,0.996758664079762,4.067912947735412e-28
195300,0.0,-1.1877769523520213e-38,9927.051530792105,0.996758664079762,4.062878235341765e-28
195360,0.0,-1.186374437339169e-38,9927.051530792107,0.996758664079762,4.057843522948118e-28
195420,0.0,-1.184971922326317e-38,9927.051530792107,0.996758664079762,4.052808810554472e-28
195480,0.0,-1.1835694073134647e-38,9927.051530792107,0.996758664079762,4.047774098160825e-28
195540,0.0,-1.1821668923006124e-38,9927.051530792107,0.9967586640797619,4.042739385767178e-28
195600,0.0,-1.1807643772877604e-38,9927.051530792107,0.9967586640797619,4.037704673373532e-28
195660,0.0,-1.179361862274908e-38,9927.051530792107,0.9967586640797619,4.0326699609798847e-28
195720,0.0,-1.1779593472620558e-38,9927.051530792109,0.9967586640797619,4.027635248586238e-28
195780,0.0,-1.1765568322492035e-38,9927.051530792109,0.9967586640797619,4.0226005361925917e-28
195840,0.0,-1.1751543172363512e-38,9927.051530792109,0.9967586640797619,4.017565823798945e-28
195900,0.0,-1.173751802223499e-38,9927.051530792109,0.9967586640797619,4.0125311114052983e-28
195960,0.0,-1.1723492872106468e-38,9927.051530792109,0.9967586640797619,4.0074963990116515e-28
196020,0.0,-1.1709467721977945e-38,9927.051530792109,0.9967586640797619,4.002461686618005e-28
196080,0.0,-1.1695442571849423e-38,9927.05153079211,0.9967586640797619,3.9974269742243585e-28
196140,0.0,-1.16814174217209e-38,9927.05153079211,0.9967586640797619,3.9923922618307113e-28
196200,0.0,-1.1667392271592377e-38,9927.05153079211,0.9967586640797619,3.9873575494370646e-28
196260,0.0,-1.1653367121463856e-38,9927.05153079211,0.9967586640797619,3.9823228370434183e-28
196320,0.0,-1.1639341971335333e-38,9927.05153079211,0.9967586640797619,3.9772881246497716e-28
196380,0.0,-1.162531682120681e-38,9927.05153079211,0.9967586640797619,3.9722534122561244e-28
196440,0.0,-1.1611291671078288e-38,9927.051530792112,0.9967586640797619,3.967218699862478e-28
196500,0.0,-1.1597266520949765e-38,9927.051530792112,0.9967586640797619,3.9621839874688314e-28
196560,0.0,-1.1583241370821243e-38,9927.051530792112,0.9967586640797619,3.9571492750751846e-28
196620,0.0,-1.1569216220692721e-38,9927.051530792112,0.9967586640797619,3.952114562681538e-28
196680,0.0,-1.1555191070564198e-38,9927.051530792112,0.9967586640797619,3.947079850287891e-28
196740,0.0,-1.1541165920435676e-38,9927.051530792112,0.9967586640797619,3.942045137894245e-28
196800,0.0,-1.1527140770307154e-38,9927.051530792114,0.9967586640797619,3.9370104255005977e-28
196860,0.0,-1.151311562017863e-38,9927.051530792114,0.9967586640797619,3.931975713106951e-28
196920,0.0,-1.1499090470050109e-38,9927.051530792114,0.9967586640797619,3.9269410007133047e-28
196980,0.0,-1.1485065319921586e-38,9927.051530792114,0.9967586640797619,3.921906288319658e-28
197040,0.0,-1.1471040169793063e-38,9927.051530792114,0.9967586640797619,3.916871575926011e-28
197100,0.0,-1.1457015019664542e-38,9927.051530792114,0.9967586640797619,3.9118368635323645e-28
197160,0.0,-1.1442989869536019e-38,9927.051530792116,0.9967586640797619,3.9068021511387178e-28
197220,0.0,-1.1428964719407496e-38,9927.051530792116,0.9967586640797619,3.901767438745071e-28
197280,0.0,-1.1414939569278974e-38,9927.051530792116,0.9967586640797619,3.8967327263514243e-28
197340,0.0,-1.1400914419150451e-38,9927.051530792116,0.9967586640797619,3.8916980139577776e-28
197400,0.0,-1.1386889269021928e-38,9927.051530792116,0.9967586640797619,3.886663301564131e-28
197460,0.0,-1.1372864118893407e-38,9927.051530792116,0.9967586640797619,3.8816285891704845e-28
197520,0.0,-1.1358838968764884e-38,9927.051530792118,0.9967586640797619,3.8765938767768374e-28
197580,0.0,-1.1344813818636362e-38,9927.051530792118,0.9967586640797618,3.871559164383191e-28
197640,0.0,-1.133078866850784e-38,9927.051530792118,0.9967586640797618,3.8665244519895443e-28
197700,0.0,-1.1316763518379316e-38,9927.051530792118,0.9967586640797618,3.8614897395958976e-28
197760,0.0,-1.1302738368250795e-38,9927.051530792118,0.9967586640797618,3.856455027202251e-28
197820,0.0,-1.1288713218122272e-38,9927.051530792118,0.9967586640797618,3.851420314808604e-28
197880,0.0,-1.1274688067993749e-38,9927.05153079212,0.9967586640797618,3.8463856024149574e-28
197940,0.0,-1.1260662917865227e-38,9927.05153079212,0.9967586640797618,3.841350890021311e-28
198000,0.0,-1.1246637767736705e-38,9927.05153079212,0.9967586640797618,3.836316177627664e-28
198060,0.0,-1.1232612617608182e-38,9927.05153079212,0.9967586640797618,3.831281465234017e-28
198120,0.0,-1.121858746747966e-38,9927.05153079212,0.9967586640797618,3.826246752840371e-28
198180,0.0,-1.1204562317351137e-38,9927.05153079212,0.9967586640797618,3.8212120404467238e-28
198240,0.0,-1.1190537167222614e-38,9927.051530792121,0.9967586640797618,3.816177328053077e-28
198300,0.0,-1.1176512017094091e-38,9927.051530792121,0.9967586640797618,3.8111426156594307e-28
198360,0.0,-1.1162486866965568e-38,9927.051530792121,0.9967586640797618,3.806107903265784e-28
198420,0.0,-1.1148461716837047e-38,9927.051530792121,0.9967586640797618,3.8010731908721373e-28
198480,0.0,-1.1134436566708524e-38,9927.051530792121,0.9967586640797618,3.7960384784784905e-28
198540,0.0,-1.1120411416580001e-38,9927.051530792121,0.9967586640797618,3.791003766084844e-28
198600,0.0,-1.110638626645148e-38,9927.051530792123,0.9967586640797618,3.7859690536911975e-28
198660,0.0,-1.1092361116322957e-38,9927.051530792123,0.9967586640797618,3.7809343412975503e-28
198720,0.0,-1.1078335966194434e-38,9927.051530792123,0.9967586640797618,3.7758996289039036e-28
198780,0.0,-1.1064310816065912e-38,9927.051530792123,0.9967586640797618,3.7708649165102573e-28
198840,0.0,-1.1050285665937389e-38,9927.051530792123,0.9967586640797618,3.7658302041166106e-28
198900,0.0,-1.1036260515808866e-38,9927.051530792123,0.9967586640797618,3.7607954917229634e-28
198960,0.0,-1.1022235365680345e-38,9927.051530792125,0.9967586640797618,3.755760779329317e-28
199020,0.0,-1.1008210215551822e-38,9927.051530792125,0.9967586640797618,3.7507260669356704e-28
199080,0.0,-1.09941850654233e-38,9927.051530792125,0.9967586640797618,3.745691354542024e-28
199140,0.0,-1.0980159915294777e-38,9927.051530792125,0.9967586640797618,3.740656642148377e-28
199200,0.0,-1.0966134765166254e-38,9927.051530792125,0.9967586640797618,3.73562192975473e-28
199260,0.0,-1.0952109615037733e-38,9927.051530792127,0.9967586640797618,3.730587217361084e-28
199320,0.0,-1.093808446490921e-38,9927.051530792127,0.9967586640797618,3.725552504967437e-28
199380,0.0,-1.0924059314780687e-38,9927.051530792127,0.9967586640797618,3.72051779257379e-28
199440,0.0,-1.0910034164652165e-38,9927.051530792127,0.9967586640797618,3.7154830801801437e-28
199500,0.0,-1.0896009014523642e-38,9927.051530792127,0.9967586640797618,3.710448367786497e-28
199560,0.0,-1.088198386439512e-38,9927.051530792127,0.9967586640797618,3.70541365539285e-28
199620,0.0,-1.0867958714266598e-38,9927.051530792129,0.9967586640797617,3.7003789429992035e-28
199680,0.0,-1.0853933564138075e-38,9927.051530792129,0.9967586640797617,3.6953442306055568e-28
199740,0.0,-1.0839908414009552e-38,9927.051530792129,0.9967586640797617,3.69030951821191e-28
199800,0.0,-1.082588326388103e-38,9927.051530792129,0.9967586640797617,3.6852748058182633e-28
199860,0.0,-1.0811858113752508e-38,9927.051530792129,0.9967586640797617,3.6802400934246166e-28
199920,0.0,-1.0797832963623986e-38,9927.051530792129,0.9967586640797617,3.6752053810309703e-28
199980,0.0,-1.0783807813495463e-38,9927.05153079213,0.9967586640797617,3.6701706686373236e-28
200040,0.0,-1.076978266336694e-38,9927.05153079213,0.9967586640797617,3.6651359562436764e-28
200100,0.0,-1.0755757513238419e-38,9927.05153079213,0.9967586640797617,3.66010124385003e-28
200160,0.0,-1.0741732363109896e-38,9927.05153079213,0.9967586640797617,3.6550665314563834e-28
200220,0.0,-1.0727707212981373e-38,9927.05153079213,0.9967586640797617,3.6500318190627366e-28
200280,0.0,-1.0713682062852851e-38,9927.05153079213,0.9967586640797617,3.64499710666909e-28
200340,0.0,-1.0699656912724328e-38,9927.051530792132,0.9967586640797617,3.639962394275443e-28
200400,0.0,-1.0685631762595805e-38,9927.051530792132,0.9967586640797617,3.6349276818817964e-28
200460,0.0,-1.0671606612467284e-38,9927.051530792132,0.9967586640797617,3.62989296948815e-28
200520,0.0,-1.0657581462338761e-38,9927.051530792132,0.9967586640797617,3.624858257094503e-28
200580,0.0,-1.0643556312210238e-38,9927.051530792132,0.9967586640797617,3.6198235447008562e-28
200640,0.0,-1.0629531162081716e-38,9927.051530792132,0.9967586640797617,3.61478883230721e-28
200700,0.0,-1.0615506011953193e-38,9927.051530792134,0.9967586640797617,3.609754119913563e-28
200760,0.0,-1.0601480861824672e-38,9927.051530792134,0.9967586640797617,3.6047194075199165e-28
200820,0.0,-1.0587455711696149e-38,9927.051530792134,0.9967586640797617,3.5996846951262697e-28
200880,0.0,-1.0573430561567626e-38,9927.051530792134,0.9967586640797617,3.594649982732623e-28
200940,0.0,-1.0559405411439104e-38,9927.051530792134,0.9967586640797617,3.5896152703389767e-28
201000,0.0,-1.0545380261310582e-38,9927.051530792134,0.9967586640797617,3.5845805579453295e-28
201060,0.0,-1.0531355111182059e-38,9927.051530792136,0.9967586640797617,3.579545845551683e-28
201120,0.0,-1.0517329961053537e-38,9927.051530792136,0.9967586640797617,3.5745111331580365e-28
201180,0.0,-1.0503304810925014e-38,9927.051530792136,0.9967586640797617,3.5694764207643893e-28
201240,0.0,-1.0489279660796491e-38,9927.051530792136,0.9967586640797617,3.5644417083707426e-28
201300,0.0,-1.047525451066797e-38,9927.051530792136,0.9967586640797617,3.5594069959770963e-28
201360,0.0,-1.0461229360539447e-38,9927.051530792136,0.9967586640797617,3.5543722835834496e-28
201420,0.0,-1.0447204210410924e-38,9927.051530792138,0.9967586640797617,3.5493375711898024e-28
201480,0.0,-1.0433179060282402e-38,9927.051530792138,0.9967586640797617,3.544302858796156e-28
201540,0.0,-1.0419153910153879e-38,9927.051530792138,0.9967586640797617,3.5392681464025094e-28
201600,0.0,-1.0405128760025356e-38,9927.051530792138,0.9967586640797617,3.534233434008863e-28
201660,0.0,-1.0391103609896833e-38,9927.051530792138,0.9967586640797615,3.529198721615216e-28
201720,0.0,-1.037707845976831e-38,9927.051530792138,0.9967586640797615,3.524164009221569e-28
201780,0.0,-1.0363053309639789e-38,9927.05153079214,0.9967586640797615,3.519129296827923e-28
201840,0.0,-1.0349028159511266e-38,9927.05153079214,0.9967586640797615,3.514094584434276e-28
201900,0.0,-1.0335003009382743e-38,9927.05153079214,0.9967586640797615,3.509059872040629e-28
201960,0.0,-1.0320977859254222e-38,9927.05153079214,0.9967586640797615,3.5040251596469827e-28
202020,0.0,-1.0306952709125699e-38,9927.05153079214,0.9967586640797615,3.498990447253336e-28
202080,0.0,-1.0292927558997176e-38,9927.05153079214,0.9967586640797615,3.4939557348596892e-28
202140,0.0,-1.0278902408868654e-38,9927.051530792141,0.9967586640797615,3.4889210224660425e-28
202200,0.0,-1.0264877258740131e-38,9927.051530792141,0.9967586640797615,3.483886310072396e-28
202260,0.0,-1.0250852108611608e-38,9927.051530792141,0.9967586640797615,3.478851597678749e-28
202320,0.0,-1.0236826958483087e-38,9927.051530792141,0.9967586640797615,3.4738168852851028e-28
202380,0.0,-1.0222801808354564e-38,9927.051530792141,0.9967586640797615,3.4687821728914556e-28
202440,0.0,-1.0208776658226042e-38,9927.051530792141,0.9967586640797615,3.4637474604978093e-28
202500,0.0,-1.0194751508097519e-38,9927.051530792143,0.9967586640797615,3.4587127481041626e-28
202560,0.0,-1.0180726357968996e-38,9927.051530792143,0.9967586640797615,3.4536780357105154e-28
202620,0.0,-1.0166701207840475e-38,9927.051530792143,0.9967586640797615,3.448643323316869e-28
202680,0.0,-1.0152676057711952e-38,9927.051530792143,0.9967586640797615,3.4436086109232224e-28
202740,0.0,-1.0138650907583429e-38,9927.051530792143,0.9967586640797615,3.4385738985295756e-28
202800,0.0,-1.0124625757454907e-38,9927.051530792143,0.9967586640797615,3.433539186135929e-28
202860,0.0,-1.0110600607326385e-38,9927.051530792145,0.9967586640797615,3.428504473742282e-28
202920,0.0,-1.0096575457197862e-38,9927.051530792145,0.9967586640797615,3.4234697613486354e-28
202980,0.0,-1.008255030706934e-38,9927.051530792145,0.9967586640797615,3.418435048954989e-28
203040,0.0,-1.0068525156940817e-38,9927.051530792145,0.9967586640797615,3.413400336561342e-28
203100,0.0,-1.0054500006812295e-38,9927.051530792145,0.9967586640797615,3.4083656241676957e-28
203160,0.0,-1.0040474856683773e-38,9927.051530792145,0.9967586640797615,3.403330911774049e-28
203220,0.0,-1.002644970655525e-38,9927.051530792147,0.9967586640797615,3.398296199380402e-28
203280,0.0,-1.0012424556426728e-38,9927.051530792147,0.9967586640797615,3.3932614869867555e-28
203340,0.0,-9.998399406298205e-39,9927.051530792147,0.9967586640797615,3.3882267745931088e-28
203400,0.0,-9.984374256169682e-39,9927.051530792147,0.9967586640797615,3.383192062199462e-28
203460,0.0,-9.970349106041161e-39,9927.051530792147,0.9967586640797615,3.3781573498058157e-28
203520,0.0,-9.956323955912638e-39,9927.051530792149,0.9967586640797615,3.3731226374121686e-28
203580,0.0,-9.942298805784115e-39,9927.051530792149,0.9967586640797615,3.368087925018522e-28
203640,0.0,-9.928273655655593e-39,9927.051530792149,0.9967586640797615,3.3630532126248755e-28
203700,0.0,-9.91424850552707e-39,9927.051530792149,0.9967586640797614,3.3580185002312284e-28
203760,0.0,-9.900223355398547e-39,9927.051530792149,0.9967586640797614,3.3529837878375816e-28
203820,0.0,-9.886198205270026e-39,9927.051530792149,0.9967586640797614,3.3479490754439353e-28
203880,0.0,-9.872173055141503e-39,9927.05153079215,0.9967586640797614,3.3429143630502886e-28
203940,0.0,-9.858147905012981e-39,9927.05153079215,0.9967586640797614,3.337879650656642e-28
204000,0.0,-9.844122754884458e-39,9927.05153079215,0.9967586640797614,3.332844938262995e-28
204060,0.0,-9.830097604755936e-39,9927.05153079215,0.9967586640797614,3.3278102258693484e-28
204120,0.0,-9.816072454627414e-39,9927.05153079215,0.9967586640797614,3.322775513475702e-28
204180,0.0,-9.802047304498891e-39,9927.05153079215,0.9967586640797614,3.317740801082055e-28
204240,0.0,-9.788022154370368e-39,9927.051530792152,0.9967586640797614,3.312706088688408e-28
204300,0.0,-9.773997004241847e-39,9927.051530792152,0.9967586640797614,3.307671376294762e-28
204360,0.0,-9.759971854113324e-39,9927.051530792152,0.9967586640797614,3.302636663901115e-28
204420,0.0,-9.745946703984801e-39,9927.051530792152,0.9967586640797614,3.297601951507468e-28
204480,0.0,-9.731921553856279e-39,9927.051530792152,0.9967586640797614,3.2925672391138217e-28
204540,0.0,-9.717896403727756e-39,9927.051530792152,0.9967586640797614,3.287532526720175e-28
204600,0.0,-9.703871253599233e-39,9927.051530792154,0.9967586640797614,3.2824978143265283e-28
204660,0.0,-9.689846103470712e-39,9927.051530792154,0.9967586640797614,3.2774631019328815e-28
204720,0.0,-9.675820953342189e-39,9927.051530792154,0.9967586640797614,3.272428389539235e-28
204780,0.0,-9.661795803213667e-39,9927.051530792154,0.9967586640797614,3.2673936771455885e-28
204840,0.0,-9.647770653085144e-39,9927.051530792154,0.9967586640797614,3.262358964751942e-28
204900,0.0,-9.63374550295662e-39,9927.051530792154,0.9967586640797614,3.2573242523582946e-28
204960,0.0,-9.619720352828098e-39,9927.051530792156,0.9967586640797614,3.2522895399646483e-28
205020,0.0,-9.605695202699576e-39,9927.051530792156,0.9967586640797614,3.2472548275710016e-28
205080,0.0,-9.591670052571053e-39,9927.051530792156,0.9967586640797614,3.2422201151773544e-28
205140,0.0,-9.577644902442531e-39,9927.051530792156,0.9967586640797614,3.237185402783708e-28
205200,0.0,-9.563619752314008e-39,9927.051530792156,0.9967586640797614,3.2321506903900614e-28
205260,0.0,-9.549594602185485e-39,9927.051530792156,0.9967586640797614,3.2271159779964146e-28
205320,0.0,-9.535569452056964e-39,9927.051530792158,0.9967586640797614,3.222081265602768e-28
205380,0.0,-9.521544301928441e-39,9927.051530792158,0.9967586640797614,3.217046553209121e-28
205440,0.0,-9.507519151799918e-39,9927.051530792158,0.9967586640797614,3.2120118408154744e-28
205500,0.0,-9.493494001671396e-39,9927.051530792158,0.9967586640797614,3.206977128421828e-28
205560,0.0,-9.479468851542873e-39,9927.051530792158,0.9967586640797614,3.201942416028181e-28
205620,0.0,-9.465443701414352e-39,9927.051530792158,0.9967586640797614,3.1969077036345347e-28
205680,0.0,-9.451418551285829e-39,9927.05153079216,0.9967586640797614,3.191872991240888e-28
205740,0.0,-9.437393401157306e-39,9927.05153079216,0.9967586640797613,3.1868382788472412e-28
205800,0.0,-9.423368251028784e-39,9927.05153079216,0.9967586640797613,3.1818035664535945e-28
205860,0.0,-9.409343100900261e-39,9927.05153079216,0.9967586640797613,3.1767688540599478e-28
205920,0.0,-9.395317950771739e-39,9927.05153079216,0.9967586640797613,3.171734141666301e-28
205980,0.0,-9.381292800643217e-39,9927.05153079216,0.9967586640797613,3.1666994292726547e-28
206040,0.0,-9.367267650514694e-39,9927.051530792161,0.9967586640797613,3.1616647168790076e-28
206100,0.0,-9.353242500386171e-39,9927.051530792161,0.9967586640797613,3.156630004485361e-28
206160,0.0,-9.33921735025765e-39,9927.051530792161,0.9967586640797613,3.1515952920917145e-28
206220,0.0,-9.325192200129127e-39,9927.051530792161,0.9967586640797613,3.146560579698068e-28
206280,0.0,-9.311167050000605e-39,9927.051530792161,0.9967586640797613,3.141525867304421e-28
206340,0.0,-9.297141899872082e-39,9927.051530792161,0.9967586640797613,3.1364911549107744e-28
206400,0.0,-9.283116749743559e-39,9927.051530792163,0.9967586640797613,3.1314564425171276e-28
206460,0.0,-9.269091599615038e-39,9927.051530792163,0.9967586640797613,3.1264217301234813e-28
206520,0.0,-9.255066449486515e-39,9927.051530792163,0.9967586640797613,3.121387017729834e-28
206580,0.0,-9.241041299357992e-39,9927.051530792163,0.9967586640797613,3.1163523053361874e-28
206640,0.0,-9.22701614922947e-39,9927.051530792163,0.9967586640797613,3.111317592942541e-28
206700,0.0,-9.212990999100947e-39,9927.051530792163,0.9967586640797613,3.106282880548894e-28
206760,0.0,-9.198965848972424e-39,9927.051530792165,0.9967586640797613,3.101248168155247e-28
206820,0.0,-9.184940698843903e-39,9927.051530792165,0.9967586640797613,3.096213455761601e-28
206880,0.0,-9.17091554871538e-39,9927.051530792165,0.9967586640797613,3.091178743367954e-28
206940,0.0,-9.156890398586857e-39,9927.051530792165,0.9967586640797613,3.086144030974307e-28
207000,0.0,-9.142865248458335e-39,9927.051530792165,0.9967586640797613,3.0811093185806607e-28
207060,0.0,-9.128840098329812e-39,9927.051530792165,0.9967586640797613,3.076074606187014e-28
207120,0.0,-9.114814948201291e-39,9927.051530792167,0.9967586640797613,3.0710398937933677e-28
207180,0.0,-9.100789798072768e-39,9927.051530792167,0.9967586640797613,3.0660051813997205e-28
207240,0.0,-9.086764647944245e-39,9927.051530792167,0.9967586640797613,3.060970469006074e-28
207300,0.0,-9.072739497815723e-39,9927.051530792167,0.9967586640797613,3.0559357566124275e-28
207360,0.0,-9.0587143476872e-39,9927.051530792167,0.9967586640797613,3.050901044218781e-28
207420,0.0,-9.044689197558678e-39,9927.051530792167,0.9967586640797613,3.0458663318251336e-28
207480,0.0,-9.030664047430156e-39,9927.051530792169,0.9967586640797613,3.0408316194314873e-28
207540,0.0,-9.016638897301633e-39,9927.051530792169,0.9967586640797613,3.0357969070378406e-28
207600,0.0,-9.00261374717311e-39,9927.051530792169,0.9967586640797613,3.030762194644194e-28
207660,0.0,-8.988588597044589e-39,9927.051530792169,0.9967586640797613,3.025727482250547e-28
207720,0.0,-8.974563446916066e-39,9927.051530792169,0.9967586640797613,3.0206927698569004e-28
207780,0.0,-8.960538296787543e-39,9927.05153079217,0.9967586640797612,3.0156580574632537e-28
207840,0.0,-8.946513146659021e-39,9927.05153079217,0.9967586640797612,3.0106233450696074e-28
207900,0.0,-8.932487996530498e-39,9927.05153079217,0.9967586640797612,3.00558863267596e-28
207960,0.0,-8.918462846401977e-39,9927.05153079217,0.9967586640797612,3.000553920282314e-28
208020,0.0,-8.904437696273454e-39,9927.05153079217,0.9967586640797612,2.995519207888667e-28
208080,0.0,-8.890412546144931e-39,9927.05153079217,0.9967586640797612,2.99048449549502e-28
208140,0.0,-8.876387396016409e-39,9927.051530792172,0.9967586640797612,2.9854497831013737e-28
208200,0.0,-8.862362245887885e-39,9927.051530792172,0.9967586640797612,2.980415070707727e-28
208260,0.0,-8.848337095759362e-39,9927.051530792172,0.9967586640797612,2.9753803583140802e-28
208320,0.0,-8.83431194563084e-39,9927.051530792172,0.9967586640797612,2.9703456459204335e-28
208380,0.0,-8.820286795502318e-39,9927.051530792172,0.9967586640797612,2.965310933526787e-28
208440,0.0,-8.806261645373795e-39,9927.051530792172,0.9967586640797612,2.96027622113314e-28
208500,0.0,-8.792236495245273e-39,9927.051530792174,0.9967586640797612,2.9552415087394938e-28
208560,0.0,-8.77821134511675e-39,9927.051530792174,0.9967586640797612,2.9502067963458466e-28
208620,0.0,-8.764186194988227e-39,9927.051530792174,0.9967586640797612,2.9451720839522e-28
208680,0.0,-8.750161044859706e-39,9927.051530792174,0.9967586640797612,2.9401373715585536e-28
208740,0.0,-8.736135894731183e-39,9927.051530792174,0.9967586640797612,2.935102659164907e-28
208800,0.0,-8.722110744602661e-39,9927.051530792174,0.9967586640797612,2.93006794677126e-28
208860,0.0,-8.708085594474138e-39,9927.051530792176,0.9967586640797612,2.9250332343776134e-28
208920,0.0,-8.694060444345615e-39,9927.051530792176,0.9967586640797612,2.9199985219839666e-28
208980,0.0,-8.680035294217094e-39,9927.051530792176,0.9967586640797612,2.9149638095903203e-28
209040,0.0,-8.666010144088571e-39,9927.051530792176,0.9967586640797612,2.909929097196673e-28
209100,0.0,-8.651984993960048e-39,9927.051530792176,0.9967586640797612,2.9048943848030264e-28
209160,0.0,-8.637959843831526e-39,9927.051530792176,0.9967586640797612,2.89985967240938e-28
209220,0.0,-8.623934693703004e-39,9927.051530792178,0.9967586640797612,2.894824960015733e-28
209280,0.0,-8.60990954357448e-39,9927.051530792178,0.9967586640797612,2.8897902476220862e-28
209340,0.0,-8.595884393445959e-39,9927.051530792178,0.9967586640797612,2.88475553522844e-28
209400,0.0,-8.581859243317436e-39,9927.051530792178,0.9967586640797612,2.879720822834793e-28
209460,0.0,-8.567834093188915e-39,9927.051530792178,0.9967586640797612,2.8746861104411465e-28
209520,0.0,-8.553808943060392e-39,9927.051530792178,0.9967586640797612,2.8696513980474997e-28
209580,0.0,-8.539783792931869e-39,9927.05153079218,0.9967586640797612,2.864616685653853e-28
209640,0.0,-8.525758642803347e-39,9927.05153079218,0.9967586640797612,2.8595819732602067e-28
209700,0.0,-8.511733492674824e-39,9927.05153079218,0.9967586640797612,2.8545472608665595e-28
209760,0.0,-8.497708342546301e-39,9927.05153079218,0.9967586640797612,2.849512548472913e-28
209820,0.0,-8.48368319241778e-39,9927.05153079218,0.9967586640797611,2.8444778360792665e-28
209880,0.0,-8.469658042289257e-39,9927.05153079218,0.9967586640797611,2.83944312368562e-28
209940,0.0,-8.455632892160734e-39,9927.051530792181,0.9967586640797611,2.8344084112919726e-28
210000,0.0,-8.441607742032212e-39,9927.051530792181,0.9967586640797611,2.8293736988983263e-28
210060,0.0,-8.42758259190369e-39,9927.051530792181,0.9967586640797611,2.8243389865046796e-28
210120,0.0,-8.413557441775167e-39,9927.051530792181,0.9967586640797611,2.819304274111033e-28
210180,0.0,-8.399532291646645e-39,9927.051530792181,0.9967586640797611,2.814269561717386e-28
210240,0.0,-8.385507141518122e-39,9927.051530792181,0.9967586640797611,2.8092348493237394e-28
210300,0.0,-8.3714819913896e-39,9927.051530792183,0.9967586640797611,2.804200136930093e-28
210360,0.0,-8.357456841261077e-39,9927.051530792183,0.9967586640797611,2.7991654245364464e-28
210420,0.0,-8.343431691132555e-39,9927.051530792183,0.9967586640797611,2.794130712142799e-28
210480,0.0,-8.329406541004033e-39,9927.051530792183,0.9967586640797611,2.789095999749153e-28
210540,0.0,-8.31538139087551e-39,9927.051530792183,0.9967586640797611,2.784061287355506e-28
210600,0.0,-8.301356240746987e-39,9927.051530792183,0.9967586640797611,2.779026574961859e-28
210660,0.0,-8.287331090618466e-39,9927.051530792185,0.9967586640797611,2.7739918625682127e-28
210720,0.0,-8.273305940489943e-39,9927.051530792185,0.9967586640797611,2.768957150174566e-28
210780,0.0,-8.25928079036142e-39,9927.051530792185,0.9967586640797611,2.7639224377809193e-28
210840,0.0,-8.245255640232898e-39,9927.051530792185,0.9967586640797611,2.7588877253872725e-28
210900,0.0,-8.231230490104375e-39,9927.051530792185,0.9967586640797611,2.753853012993626e-28
210960,0.0,-8.217205339975852e-39,9927.051530792185,0.9967586640797611,2.748818300599979e-28
211020,0.0,-8.203180189847331e-39,9927.051530792187,0.9967586640797611,2.7437835882063328e-28
211080,0.0,-8.189155039718808e-39,9927.051530792187,0.9967586640797611,2.7387488758126856e-28
211140,0.0,-8.175129889590286e-39,9927.051530792187,0.9967586640797611,2.7337141634190393e-28
211200,0.0,-8.161104739461763e-39,9927.051530792187,0.9967586640797611,2.7286794510253926e-28
211260,0.0,-8.14707958933324e-39,9927.051530792187,0.9967586640797611,2.723644738631746e-28
211320,0.0,-8.133054439204719e-39,9927.051530792187,0.9967586640797611,2.718610026238099e-28
211380,0.0,-8.119029289076196e-39,9927.051530792189,0.9967586640797611,2.7135753138444524e-28
211440,0.0,-8.105004138947672e-39,9927.051530792189,0.9967586640797611,2.7085406014508056e-28
211500,0.0,-8.09097898881915e-39,9927.051530792189,0.9967586640797611,2.7035058890571594e-28
211560,0.0,-8.076953838690627e-39,9927.051530792189,0.9967586640797611,2.698471176663512e-28
211620,0.0,-8.062928688562104e-39,9927.051530792189,0.9967586640797611,2.6934364642698654e-28
211680,0.0,-8.048903538433583e-39,9927.051530792189,0.9967586640797611,2.688401751876219e-28
211740,0.0,-8.03487838830506e-39,9927.05153079219,0.9967586640797611,2.6833670394825724e-28
211800,0.0,-8.020853238176537e-39,9927.05153079219,0.9967586640797611,2.6783323270889252e-28
211860,0.0,-8.006828088048015e-39,9927.05153079219,0.996758664079761,2.673297614695279e-28
211920,0.0,-7.992802937919492e-39,9927.05153079219,0.996758664079761,2.668262902301632e-28
211980,0.0,-7.978777787790971e-39,9927.05153079219,0.996758664079761,2.663228189907986e-28
212040,0.0,-7.964752637662448e-39,9927.05153079219,0.996758664079761,2.6581934775143388e-28
212100,0.0,-7.950727487533925e-39,9927.051530792192,0.996758664079761,2.653158765120692e-28
212160,0.0,-7.936702337405403e-39,9927.051530792192,0.996758664079761,2.6481240527270457e-28
212220,0.0,-7.92267718727688e-39,9927.051530792192,0.996758664079761,2.6430893403333986e-28
212280,0.0,-7.908652037148358e-39,9927.051530792192,0.996758664079761,2.638054627939752e-28
212340,0.0,-7.894626887019836e-39,9927.051530792192,0.996758664079761,2.6330199155461055e-28
212400,0.0,-7.880601736891313e-39,9927.051530792194,0.996758664079761,2.627985203152459e-28
212460,0.0,-7.86657658676279e-39,9927.051530792194,0.996758664079761,2.6229504907588116e-28
212520,0.0,-7.852551436634269e-39,9927.051530792194,0.996758664079761,2.6179157783651653e-28
212580,0.0,-7.838526286505746e-39,9927.051530792194,0.996758664079761,2.6128810659715186e-28
212640,0.0,-7.824501136377223e-39,9927.051530792194,0.996758664079761,2.607846353577872e-28
212700,0.0,-7.810475986248701e-39,9927.051530792194,0.996758664079761,2.602811641184225e-28
212760,0.0,-7.796450836120178e-39,9927.051530792196,0.996758664079761,2.5977769287905784e-28
212820,0.0,-7.782425685991657e-39,9927.051530792196,0.996758664079761,2.592742216396932e-28
212880,0.0,-7.768400535863134e-39,9927.051530792196,0.996758664079761,2.5877075040032854e-28
212940,0.0,-7.754375385734611e-39,9927.051530792196,0.996758664079761,2.582672791609638e-28
213000,0.0,-7.740350235606089e-39,9927.051530792196,0.996758664079761,2.577638079215992e-28
213060,0.0,-7.726325085477566e-39,9927.051530792196,0.996758664079761,2.572603366822345e-28
213120,0.0,-7.712299935349043e-39,9927.051530792198,0.996758664079761,2.5675686544286985e-28
213180,0.0,-7.698274785220522e-39,9927.051530792198,0.996758664079761,2.5625339420350517e-28
213240,0.0,-7.684249635091999e-39,9927.051530792198,0.996758664079761,2.557499229641405e-28
213300,0.0,-7.670224484963476e-39,9927.051530792198,0.996758664079761,2.5524645172477583e-28
213360,0.0,-7.656199334834954e-39,9927.051530792198,0.996758664079761,2.547429804854112e-28
213420,0.0,-7.642174184706432e-39,9927.051530792198,0.996758664079761,2.542395092460465e-28
213480,0.0,-7.62814903457791e-39,9927.0515307922,0.996758664079761,2.5373603800668185e-28
213540,0.0,-7.614123884449387e-39,9927.0515307922,0.996758664079761,2.532325667673172e-28
213600,0.0,-7.600098734320864e-39,9927.0515307922,0.996758664079761,2.5272909552795246e-28
213660,0.0,-7.586073584192343e-39,9927.0515307922,0.996758664079761,2.5222562428858783e-28
213720,0.0,-7.57204843406382e-39,9927.0515307922,0.996758664079761,2.5172215304922316e-28
213780,0.0,-7.558023283935297e-39,9927.0515307922,0.996758664079761,2.512186818098585e-28
213840,0.0,-7.543998133806775e-39,9927.051530792201,0.996758664079761,2.507152105704938e-28
213900,0.0,-7.529972983678252e-39,9927.051530792201,0.9967586640797609,2.5021173933112914e-28
213960,0.0,-7.515947833549729e-39,9927.051530792201,0.9967586640797609,2.4970826809176446e-28
214020,0.0,-7.501922683421208e-39,9927.051530792201,0.9967586640797609,2.4920479685239984e-28
214080,0.0,-7.487897533292685e-39,9927.051530792201,0.9967586640797609,2.487013256130351e-28
214140,0.0,-7.473872383164162e-39,9927.051530792201,0.9967586640797609,2.4819785437367045e-28
214200,0.0,-7.45984723303564e-39,9927.051530792203,0.9967586640797609,2.476943831343058e-28
214260,0.0,-7.445822082907117e-39,9927.051530792203,0.9967586640797609,2.4719091189494114e-28
214320,0.0,-7.431796932778596e-39,9927.051530792203,0.9967586640797609,2.4668744065557647e-28
214380,0.0,-7.417771782650073e-39,9927.051530792203,0.9967586640797609,2.461839694162118e-28
214440,0.0,-7.40374663252155e-39,9927.051530792203,0.9967586640797609,2.4568049817684712e-28
214500,0.0,-7.389721482393028e-39,9927.051530792203,0.9967586640797609,2.451770269374825e-28
214560,0.0,-7.375696332264505e-39,9927.051530792205,0.9967586640797609,2.4467355569811778e-28
214620,0.0,-7.361671182135983e-39,9927.051530792205,0.9967586640797609,2.441700844587531e-28
214680,0.0,-7.347646032007461e-39,9927.051530792205,0.9967586640797609,2.4366661321938848e-28
214740,0.0,-7.333620881878937e-39,9927.051530792205,0.9967586640797609,2.4316314198002376e-28
214800,0.0,-7.319595731750414e-39,9927.051530792205,0.9967586640797609,2.426596707406591e-28
214860,0.0,-7.305570581621892e-39,9927.051530792205,0.9967586640797609,2.4215619950129446e-28
214920,0.0,-7.291545431493369e-39,9927.051530792207,0.9967586640797609,2.416527282619298e-28
214980,0.0,-7.277520281364846e-39,9927.051530792207,0.9967586640797609,2.4114925702256506e-28
215040,0.0,-7.263495131236325e-39,9927.051530792207,0.9967586640797609,2.4064578578320044e-28
215100,0.0,-7.249469981107802e-39,9927.051530792207,0.9967586640797609,2.4014231454383576e-28
215160,0.0,-7.23544483097928e-39,9927.051530792207,0.9967586640797609,2.3963884330447113e-28
215220,0.0,-7.221419680850757e-39,9927.051530792207,0.9967586640797609,2.391353720651064e-28
215280,0.0,-7.207394530722235e-39,9927.051530792209,0.9967586640797609,2.3863190082574174e-28
215340,0.0,-7.193369380593713e-39,9927.051530792209,0.9967586640797609,2.381284295863771e-28
215400,0.0,-7.17934423046519e-39,9927.051530792209,0.9967586640797609,2.3762495834701244e-28
215460,0.0,-7.165319080336667e-39,9927.051530792209,0.9967586640797609,2.371214871076477e-28
215520,0.0,-7.151293930208146e-39,9927.051530792209,0.9967586640797609,2.366180158682831e-28
215580,0.0,-7.137268780079623e-39,9927.051530792209,0.9967586640797609,2.361145446289184e-28
215640,0.0,-7.1232436299511e-39,9927.05153079221,0.9967586640797609,2.3561107338955375e-28
215700,0.0,-7.109218479822578e-39,9927.05153079221,0.9967586640797609,2.3510760215018907e-28
215760,0.0,-7.095193329694055e-39,9927.05153079221,0.9967586640797609,2.346041309108244e-28
215820,0.0,-7.081168179565532e-39,9927.05153079221,0.9967586640797609,2.3410065967145973e-28
215880,0.0,-7.067143029437011e-39,9927.05153079221,0.9967586640797609,2.335971884320951e-28
215940,0.0,-7.053117879308488e-39,9927.05153079221,0.9967586640797608,2.330937171927304e-28
216000,0.0,-7.039092729179966e-39,9927.051530792212,0.9967586640797608,2.3259024595336575e-28
216060,0.0,-7.025067579051443e-39,9927.051530792212,0.9967586640797608,2.320867747140011e-28
216120,0.0,-7.01104242892292e-39,9927.051530792212,0.9967586640797608,2.3158330347463636e-28
216180,0.0,-6.997017278794399e-39,9927.051530792212,0.9967586640797608,2.3107983223527173e-28
216240,0.0,-6.982992128665876e-39,9927.051530792212,0.9967586640797608,2.3057636099590706e-28
216300,0.0,-6.968966978537353e-39,9927.051530792212,0.9967586640797608,2.300728897565424e-28
216360,0.0,-6.954941828408831e-39,9927.051530792214,0.9967586640797608,2.295694185171777e-28
216420,0.0,-6.940916678280308e-39,9927.051530792214,0.9967586640797608,2.2906594727781304e-28
216480,0.0,-6.926891528151786e-39,9927.051530792214,0.9967586640797608,2.2856247603844837e-28
216540,0.0,-6.912866378023264e-39,9927.051530792214,0.9967586640797608,2.2805900479908374e-28
216600,0.0,-6.898841227894741e-39,9927.051530792214,0.9967586640797608,2.27555533559719e-28
216660,0.0,-6.88481607776622e-39,9927.051530792216,0.9967586640797608,2.270520623203544e-28
216720,0.0,-6.870790927637697e-39,9927.051530792216,0.9967586640797608,2.265485910809897e-28
216780,0.0,-6.856765777509174e-39,9927.051530792216,0.9967586640797608,2.2604511984162504e-28
216840,0.0,-6.842740627380652e-39,9927.051530792216,0.9967586640797608,2.2554164860226037e-28
216900,0.0,-6.828715477252129e-39,9927.051530792216,0.9967586640797608,2.250381773628957e-28
216960,0.0,-6.814690327123606e-39,9927.051530792216,0.9967586640797608,2.2453470612353102e-28
217020,0.0,-6.800665176995085e-39,9927.051530792218,0.9967586640797608,2.240312348841664e-28
217080,0.0,-6.786640026866562e-39,9927.051530792218,0.9967586640797608,2.235277636448017e-28
217140,0.0,-6.772614876738039e-39,9927.051530792218,0.9967586640797608,2.23024292405437e-28
217200,0.0,-6.758589726609517e-39,9927.051530792218,0.9967586640797608,2.2252082116607238e-28
217260,0.0,-6.744564576480994e-39,9927.051530792218,0.9967586640797608,2.220173499267077e-28
217320,0.0,-6.730539426352471e-39,9927.051530792218,0.9967586640797608,2.21513878687343e-28
217380,0.0,-6.71651427622395e-39,9927.05153079222,0.9967586640797608,2.2101040744797836e-28
217440,0.0,-6.702489126095427e-39,9927.05153079222,0.9967586640797608,2.205069362086137e-28
217500,0.0,-6.688463975966905e-39,9927.05153079222,0.9967586640797608,2.2000346496924905e-28
217560,0.0,-6.674438825838382e-39,9927.05153079222,0.9967586640797608,2.1949999372988434e-28
217620,0.0,-6.66041367570986e-39,9927.05153079222,0.9967586640797608,2.1899652249051966e-28
217680,0.0,-6.646388525581338e-39,9927.05153079222,0.9967586640797608,2.1849305125115503e-28
217740,0.0,-6.632363375452815e-39,9927.051530792221,0.9967586640797608,2.179895800117903e-28
217800,0.0,-6.618338225324292e-39,9927.051530792221,0.9967586640797608,2.1748610877242564e-28
217860,0.0,-6.60431307519577e-39,9927.051530792221,0.9967586640797608,2.16982637533061e-28
217920,0.0,-6.590287925067248e-39,9927.051530792221,0.9967586640797608,2.1647916629369634e-28
217980,0.0,-6.576262774938725e-39,9927.051530792221,0.9967586640797607,2.1597569505433162e-28
218040,0.0,-6.562237624810202e-39,9927.051530792221,0.9967586640797607,2.15472223814967e-28
218100,0.0,-6.548212474681679e-39,9927.051530792223,0.9967586640797607,2.149687525756023e-28
218160,0.0,-6.534187324553157e-39,9927.051530792223,0.9967586640797607,2.1446528133623765e-28
218220,0.0,-6.520162174424634e-39,9927.051530792223,0.9967586640797607,2.1396181009687298e-28
218280,0.0,-6.506137024296111e-39,9927.051530792223,0.9967586640797607,2.134583388575083e-28
218340,0.0,-6.49211187416759e-39,9927.051530792223,0.9967586640797607,2.1295486761814363e-28
218400,0.0,-6.478086724039067e-39,9927.051530792223,0.9967586640797607,2.12451396378779e-28
218460,0.0,-6.464061573910545e-39,9927.051530792225,0.9967586640797607,2.1194792513941433e-28
218520,0.0,-6.450036423782022e-39,9927.051530792225,0.9967586640797607,2.1144445390004965e-28
218580,0.0,-6.436011273653501e-39,9927.051530792225,0.9967586640797607,2.10940982660685e-28
218640,0.0,-6.421986123524978e-39,9927.051530792225,0.9967586640797607,2.104375114213203e-28
218700,0.0,-6.407960973396455e-39,9927.051530792225,0.9967586640797607,2.0993404018195563e-28
218760,0.0,-6.393935823267932e-39,9927.051530792225,0.9967586640797607,2.0943056894259096e-28
218820,0.0,-6.37991067313941e-39,9927.051530792227,0.9967586640797607,2.089270977032263e-28
218880,0.0,-6.365885523010888e-39,9927.051530792227,0.9967586640797607,2.0842362646386166e-28
218940,0.0,-6.351860372882365e-39,9927.051530792227,0.9967586640797607,2.0792015522449694e-28
219000,0.0,-6.337835222753843e-39,9927.051530792227,0.9967586640797607,2.0741668398513227e-28
219060,0.0,-6.32381007262532e-39,9927.051530792227,0.9967586640797607,2.0691321274576764e-28
219120,0.0,-6.309784922496797e-39,9927.051530792227,0.9967586640797607,2.064097415064029e-28
219180,0.0,-6.295759772368274e-39,9927.051530792229,0.9967586640797607,2.059062702670383e-28
219240,0.0,-6.281734622239753e-39,9927.051530792229,0.9967586640797607,2.054027990276736e-28
219300,0.0,-6.267709472111231e-39,9927.051530792229,0.9967586640797607,2.0489932778830895e-28
219360,0.0,-6.253684321982708e-39,9927.051530792229,0.9967586640797607,2.0439585654894427e-28
219420,0.0,-6.239659171854185e-39,9927.051530792229,0.9967586640797607,2.038923853095796e-28
219480,0.0,-6.225634021725662e-39,9927.051530792229,0.9967586640797607,2.0338891407021497e-28
219540,0.0,-6.21160887159714e-39,9927.05153079223,0.9967586640797607,2.0288544283085025e-28
219600,0.0,-6.197583721468618e-39,9927.05153079223,0.9967586640797607,2.0238197159148562e-28
219660,0.0,-6.183558571340096e-39,9927.05153079223,0.9967586640797607,2.0187850035212093e-28
219720,0.0,-6.169533421211573e-39,9927.05153079223,0.9967586640797607,2.0137502911275628e-28
219780,0.0,-6.15550827108305e-39,9927.05153079223,0.9967586640797607,2.0087155787339158e-28
219840,0.0,-6.141483120954528e-39,9927.05153079223,0.9967586640797607,2.0036808663402693e-28
219900,0.0,-6.127457970826006e-39,9927.051530792232,0.9967586640797607,1.9986461539466226e-28
219960,0.0,-6.113432820697483e-39,9927.051530792232,0.9967586640797607,1.9936114415529758e-28
220020,0.0,-6.099407670568962e-39,9927.051530792232,0.9967586640797605,1.988576729159329e-28
220080,0.0,-6.085382520440439e-39,9927.051530792232,0.9967586640797605,1.9835420167656826e-28
220140,0.0,-6.071357370311916e-39,9927.051530792232,0.9967586640797605,1.9785073043720359e-28
220200,0.0,-6.057332220183393e-39,9927.051530792232,0.9967586640797605,1.9734725919783891e-28
220260,0.0,-6.043307070054871e-39,9927.051530792234,0.9967586640797605,1.9684378795847424e-28
220320,0.0,-6.02928191992635e-39,9927.051530792234,0.9967586640797605,1.9634031671910957e-28
220380,0.0,-6.015256769797827e-39,9927.051530792234,0.9967586640797605,1.958368454797449e-28
220440,0.0,-6.001231619669304e-39,9927.051530792234,0.9967586640797605,1.9533337424038022e-28
220500,0.0,-5.987206469540781e-39,9927.051530792234,0.9967586640797605,1.9482990300101557e-28
220560,0.0,-5.973181319412258e-39,9927.051530792234,0.9967586640797605,1.943264317616509e-28
220620,0.0,-5.959156169283735e-39,9927.051530792236,0.9967586640797605,1.9382296052228622e-28
220680,0.0,-5.945131019155214e-39,9927.051530792236,0.9967586640797605,1.9331948928292155e-28
220740,0.0,-5.931105869026692e-39,9927.051530792236,0.9967586640797605,1.928160180435569e-28
220800,0.0,-5.917080718898169e-39,9927.051530792236,0.9967586640797605,1.923125468041922e-28
220860,0.0,-5.903055568769646e-39,9927.051530792236,0.9967586640797605,1.9180907556482755e-28
220920,0.0,-5.889030418641123e-39,9927.051530792238,0.9967586640797605,1.9130560432546288e-28
220980,0.0,-5.8750052685126016e-39,9927.051530792238,0.9967586640797605,1.9080213308609823e-28
221040,0.0,-5.860980118384079e-39,9927.051530792238,0.9967586640797605,1.9029866184673353e-28
221100,0.0,-5.8469549682555564e-39,9927.051530792238,0.9967586640797605,1.8979519060736888e-28
221160,0.0,-5.832929818127034e-39,9927.051530792238,0.9967586640797605,1.892917193680042e-28
221220,0.0,-5.818904667998511e-39,9927.051530792238,0.9967586640797605,1.8878824812863953e-28
221280,0.0,-5.804879517869989e-39,9927.05153079224,0.9967586640797605,1.8828477688927486e-28
221340,0.0,-5.790854367741467e-39,9927.05153079224,0.9967586640797605,1.877813056499102e-28
221400,0.0,-5.7768292176129445e-39,9927.05153079224,0.9967586640797605,1.8727783441054554e-28
221460,0.0,-5.7628040674844216e-39,9927.05153079224,0.9967586640797605,1.8677436317118086e-28
221520,0.0,-5.7487789173558994e-39,9927.05153079224,0.9967586640797605,1.862708919318162e-28
221580,0.0,-5.734753767227377e-39,9927.05153079224,0.9967586640797605,1.8576742069245154e-28
221640,0.0,-5.720728617098854e-39,9927.051530792241,0.9967586640797605,1.8526394945308684e-28
221700,0.0,-5.706703466970332e-39,9927.051530792241,0.9967586640797605,1.8476047821372217e-28
221760,0.0,-5.69267831684181e-39,9927.051530792241,0.9967586640797605,1.8425700697435752e-28
221820,0.0,-5.6786531667132875e-39,9927.051530792241,0.9967586640797605,1.8375353573499285e-28
221880,0.0,-5.6646280165847646e-39,9927.051530792241,0.9967586640797605,1.8325006449562817e-28
221940,0.0,-5.650602866456242e-39,9927.051530792241,0.9967586640797605,1.827465932562635e-28
222000,0.0,-5.63657771632772e-39,9927.051530792243,0.9967586640797605,1.8224312201689885e-28
222060,0.0,-5.622552566199198e-39,9927.051530792243,0.9967586640797604,1.8173965077753418e-28
222120,0.0,-5.608527416070675e-39,9927.051530792243,0.9967586640797604,1.812361795381695e-28
222180,0.0,-5.594502265942152e-39,9927.051530792243,0.9967586640797604,1.8073270829880483e-28
222240,0.0,-5.58047711581363e-39,9927.051530792243,0.9967586640797604,1.8022923705944018e-28
222300,0.0,-5.566451965685107e-39,9927.051530792243,0.9967586640797604,1.7972576582007548e-28
222360,0.0,-5.5524268155565846e-39,9927.051530792245,0.9967586640797604,1.7922229458071083e-28
222420,0.0,-5.538401665428062e-39,9927.051530792245,0.9967586640797604,1.7871882334134616e-28
222480,0.0,-5.52437651529954e-39,9927.051530792245,0.9967586640797604,1.782153521019815e-28
222540,0.0,-5.510351365171017e-39,9927.051530792245,0.9967586640797604,1.7771188086261681e-28
222600,0.0,-5.496326215042495e-39,9927.051530792245,0.9967586640797604,1.7720840962325216e-28
222660,0.0,-5.4823010649139727e-39,9927.051530792245,0.9967586640797604,1.7670493838388749e-28
222720,0.0,-5.46827591478545e-39,9927.051530792247,0.9967586640797604,1.7620146714452281e-28
222780,0.0,-5.4542507646569275e-39,9927.051530792247,0.9967586640797604,1.7569799590515814e-28
222840,0.0,-5.440225614528405e-39,9927.051530792247,0.9967586640797604,1.751945246657935e-28
222900,0.0,-5.426200464399883e-39,9927.051530792247,0.9967586640797604,1.7469105342642882e-28
222960,0.0,-5.41217531427136e-39,9927.051530792247,0.9967586640797604,1.7418758218706414e-28
223020,0.0,-5.398150164142838e-39,9927.051530792247,0.9967586640797604,1.7368411094769947e-28
223080,0.0,-5.3841250140143156e-39,9927.051530792249,0.9967586640797604,1.7318063970833482e-28
223140,0.0,-5.370099863885793e-39,9927.051530792249,0.9967586640797604,1.7267716846897012e-28
223200,0.0,-5.3560747137572704e-39,9927.051530792249,0.9967586640797604,1.7217369722960545e-28
223260,0.0,-5.342049563628748e-39,9927.051530792249,0.9967586640797604,1.716702259902408e-28
223320,0.0,-5.328024413500226e-39,9927.051530792249,0.9967586640797604,1.7116675475087613e-28
223380,0.0,-5.313999263371703e-39,9927.051530792249,0.9967586640797604,1.7066328351151145e-28
223440,0.0,-5.299974113243181e-39,9927.05153079225,0.9967586640797604,1.7015981227214678e-28
223500,0.0,-5.2859489631146585e-39,9927.05153079225,0.9967586640797604,1.6965634103278213e-28
223560,0.0,-5.2719238129861356e-39,9927.05153079225,0.9967586640797604,1.6915286979341743e-28
223620,0.0,-5.2578986628576134e-39,9927.05153079225,0.9967586640797604,1.6864939855405278e-28
223680,0.0,-5.243873512729091e-39,9927.05153079225,0.9967586640797604,1.681459273146881e-28
223740,0.0,-5.229848362600569e-39,9927.05153079225,0.9967586640797604,1.6764245607532346e-28
223800,0.0,-5.215823212472045e-39,9927.051530792252,0.9967586640797604,1.6713898483595876e-28
223860,0.0,-5.201798062343523e-39,9927.051530792252,0.9967586640797604,1.6663551359659411e-28
223920,0.0,-5.187772912215001e-39,9927.051530792252,0.9967586640797604,1.6613204235722944e-28
223980,0.0,-5.173747762086478e-39,9927.051530792252,0.9967586640797604,1.6562857111786476e-28
224040,0.0,-5.1597226119579556e-39,9927.051530792252,0.9967586640797604,1.651250998785001e-28
224100,0.0,-5.1456974618294334e-39,9927.051530792252,0.9967586640797603,1.6462162863913544e-28
224160,0.0,-5.131672311700911e-39,9927.051530792254,0.9967586640797603,1.6411815739977077e-28
224220,0.0,-5.117647161572388e-39,9927.051530792254,0.9967586640797603,1.636146861604061e-28
224280,0.0,-5.103622011443866e-39,9927.051530792254,0.9967586640797603,1.6311121492104142e-28
224340,0.0,-5.089596861315344e-39,9927.051530792254,0.9967586640797603,1.6260774368167677e-28
224400,0.0,-5.075571711186821e-39,9927.051530792254,0.9967586640797603,1.6210427244231207e-28
224460,0.0,-5.0615465610582986e-39,9927.051530792254,0.9967586640797603,1.616008012029474e-28
224520,0.0,-5.047521410929776e-39,9927.051530792256,0.9967586640797603,1.6109732996358275e-28
224580,0.0,-5.033496260801254e-39,9927.051530792256,0.9967586640797603,1.6059385872421808e-28
224640,0.0,-5.019471110672731e-39,9927.051530792256,0.9967586640797603,1.600903874848534e-28
224700,0.0,-5.005445960544209e-39,9927.051530792256,0.9967586640797603,1.5958691624548873e-28
224760,0.0,-4.9914208104156866e-39,9927.051530792256,0.9967586640797603,1.5908344500612408e-28
224820,0.0,-4.977395660287164e-39,9927.051530792256,0.9967586640797603,1.5857997376675938e-28
224880,0.0,-4.9633705101586415e-39,9927.051530792258,0.9967586640797603,1.5807650252739473e-28
224940,0.0,-4.949345360030119e-39,9927.051530792258,0.9967586640797603,1.5757303128803006e-28
225000,0.0,-4.935320209901597e-39,9927.051530792258,0.9967586640797603,1.570695600486654e-28
225060,0.0,-4.921295059773074e-39,9927.051530792258,0.9967586640797603,1.5656608880930071e-28
225120,0.0,-4.907269909644552e-39,9927.051530792258,0.9967586640797603,1.5606261756993606e-28
225180,0.0,-4.8932447595160296e-39,9927.051530792258,0.9967586640797603,1.5555914633057139e-28
225240,0.0,-4.8792196093875067e-39,9927.05153079226,0.9967586640797603,1.5505567509120672e-28
225300,0.0,-4.8651944592589844e-39,9927.05153079226,0.9967586640797603,1.5455220385184204e-28
225360,0.0,-4.851169309130462e-39,9927.05153079226,0.9967586640797603,1.540487326124774e-28
225420,0.0,-4.837144159001939e-39,9927.05153079226,0.9967586640797603,1.5354526137311272e-28
225480,0.0,-4.8231190088734164e-39,9927.05153079226,0.9967586640797603,1.5304179013374804e-28
225540,0.0,-4.809093858744894e-39,9927.051530792261,0.9967586640797603,1.5253831889438337e-28
225600,0.0,-4.795068708616372e-39,9927.051530792261,0.9967586640797603,1.5203484765501872e-28
225660,0.0,-4.7810435584878496e-39,9927.051530792261,0.9967586640797603,1.5153137641565405e-28
225720,0.0,-4.767018408359327e-39,9927.051530792261,0.9967586640797603,1.5102790517628937e-28
225780,0.0,-4.7529932582308044e-39,9927.051530792261,0.9967586640797603,1.505244339369247e-28
225840,0.0,-4.738968108102282e-39,9927.051530792261,0.9967586640797603,1.5002096269756005e-28
225900,0.0,-4.724942957973759e-39,9927.051530792263,0.9967586640797603,1.4951749145819535e-28
225960,0.0,-4.710917807845237e-39,9927.051530792263,0.9967586640797603,1.4901402021883068e-28
226020,0.0,-4.696892657716715e-39,9927.051530792263,0.9967586640797603,1.4851054897946603e-28
226080,0.0,-4.6828675075881925e-39,9927.051530792263,0.9967586640797603,1.4800707774010136e-28
226140,0.0,-4.6688423574596696e-39,9927.051530792263,0.9967586640797602,1.4750360650073668e-28
226200,0.0,-4.6548172073311474e-39,9927.051530792263,0.9967586640797602,1.47000135261372e-28
226260,0.0,-4.640792057202625e-39,9927.051530792265,0.9967586640797602,1.4649666402200736e-28
226320,0.0,-4.626766907074102e-39,9927.051530792265,0.9967586640797602,1.4599319278264266e-28
226380,0.0,-4.61274175694558e-39,9927.051530792265,0.9967586640797602,1.4548972154327801e-28
226440,0.0,-4.598716606817058e-39,9927.051530792265,0.9967586640797602,1.4498625030391334e-28
226500,0.0,-4.5846914566885355e-39,9927.051530792265,0.9967586640797602,1.4448277906454869e-28
226560,0.0,-4.5706663065600125e-39,9927.051530792265,0.9967586640797602,1.43979307825184e-28
226620,0.0,-4.55664115643149e-39,9927.051530792267,0.9967586640797602,1.4347583658581934e-28
226680,0.0,-4.542616006302968e-39,9927.051530792267,0.9967586640797602,1.4297236534645467e-28
226740,0.0,-4.528590856174445e-39,9927.051530792267,0.9967586640797602,1.4246889410709e-28
226800,0.0,-4.514565706045923e-39,9927.051530792267,0.9967586640797602,1.4196542286772532e-28
226860,0.0,-4.5005405559174006e-39,9927.051530792267,0.9967586640797602,1.4146195162836067e-28
226920,0.0,-4.4865154057888784e-39,9927.051530792267,0.9967586640797602,1.40958480388996e-28
226980,0.0,-4.4724902556603555e-39,9927.051530792269,0.9967586640797602,1.4045500914963132e-28
227040,0.0,-4.458465105531833e-39,9927.051530792269,0.9967586640797602,1.3995153791026665e-28
227100,0.0,-4.44443995540331e-39,9927.051530792269,0.9967586640797602,1.39448066670902e-28
227160,0.0,-4.4304148052747874e-39,9927.051530792269,0.9967586640797602,1.389445954315373e-28
227220,0.0,-4.416389655146265e-39,9927.051530792269,0.9967586640797602,1.3844112419217263e-28
227280,0.0,-4.402364505017743e-39,9927.051530792269,0.9967586640797602,1.3793765295280798e-28
227340,0.0,-4.3883393548892207e-39,9927.05153079227,0.9967586640797602,1.374341817134433e-28
227400,0.0,-4.374314204760698e-39,9927.05153079227,0.9967586640797602,1.3693071047407863e-28
227460,0.0,-4.3602890546321755e-39,9927.05153079227,0.9967586640797602,1.3642723923471396e-28
227520,0.0,-4.346263904503653e-39,9927.05153079227,0.9967586640797602,1.359237679953493e-28
227580,0.0,-4.3322387543751303e-39,9927.05153079227,0.9967586640797602,1.3542029675598461e-28
227640,0.0,-4.318213604246608e-39,9927.05153079227,0.9967586640797602,1.3491682551661996e-28
227700,0.0,-4.304188454118086e-39,9927.051530792272,0.9967586640797602,1.344133542772553e-28
227760,0.0,-4.2901633039895636e-39,9927.051530792272,0.9967586640797602,1.3390988303789064e-28
227820,0.0,-4.276138153861041e-39,9927.051530792272,0.9967586640797602,1.3340641179852594e-28
227880,0.0,-4.2621130037325184e-39,9927.051530792272,0.9967586640797602,1.329029405591613e-28
227940,0.0,-4.248087853603996e-39,9927.051530792272,0.9967586640797602,1.3239946931979662e-28
228000,0.0,-4.234062703475473e-39,9927.051530792272,0.9967586640797602,1.3189599808043195e-28
228060,0.0,-4.220037553346951e-39,9927.051530792274,0.9967586640797602,1.3139252684106727e-28
228120,0.0,-4.206012403218429e-39,9927.051530792274,0.9967586640797602,1.3088905560170262e-28
228180,0.0,-4.1919872530899065e-39,9927.051530792274,0.9967586640797601,1.3038558436233795e-28
228240,0.0,-4.1779621029613836e-39,9927.051530792274,0.9967586640797601,1.2988211312297327e-28
228300,0.0,-4.1639369528328614e-39,9927.051530792274,0.9967586640797601,1.293786418836086e-28
228360,0.0,-4.149911802704339e-39,9927.051530792274,0.9967586640797601,1.2887517064424395e-28
228420,0.0,-4.135886652575816e-39,9927.051530792276,0.9967586640797601,1.2837169940487926e-28
228480,0.0,-4.121861502447294e-39,9927.051530792276,0.9967586640797601,1.278682281655146e-28
228540,0.0,-4.107836352318772e-39,9927.051530792276,0.9967586640797601,1.2736475692614993e-28
228600,0.0,-4.0938112021902494e-39,9927.051530792276,0.9967586640797601,1.2686128568678528e-28
228660,0.0,-4.0797860520617265e-39,9927.051530792276,0.9967586640797601,1.2635781444742058e-28
228720,0.0,-4.0657609019332036e-39,9927.051530792276,0.9967586640797601,1.258543432080559e-28
228780,0.0,-4.0517357518046814e-39,9927.051530792278,0.9967586640797601,1.2535087196869126e-28
228840,0.0,-4.0377106016761585e-39,9927.051530792278,0.9967586640797601,1.2484740072932656e-28
228900,0.0,-4.023685451547636e-39,9927.051530792278,0.9967586640797601,1.2434392948996191e-28
228960,0.0,-4.009660301419114e-39,9927.051530792278,0.9967586640797601,1.2384045825059724e-28
229020,0.0,-3.995635151290592e-39,9927.051530792278,0.9967586640797601,1.233369870112326e-28
229080,0.0,-3.981610001162069e-39,9927.051530792278,0.9967586640797601,1.228335157718679e-28
229140,0.0,-3.9675848510335466e-39,9927.05153079228,0.9967586640797601,1.2233004453250324e-28
229200,0.0,-3.953559700905024e-39,9927.05153079228,0.9967586640797601,1.2182657329313857e-28
229260,0.0,-3.939534550776502e-39,9927.05153079228,0.9967586640797601,1.2132310205377392e-28
229320,0.0,-3.925509400647979e-39,9927.05153079228,0.9967586640797601,1.2081963081440922e-28
229380,0.0,-3.911484250519457e-39,9927.05153079228,0.9967586640797601,1.2031615957504457e-28
229440,0.0,-3.8974591003909346e-39,9927.05153079228,0.9967586640797601,1.198126883356799e-28
229500,0.0,-3.883433950262412e-39,9927.051530792281,0.9967586640797601,1.1930921709631523e-28
229560,0.0,-3.8694088001338895e-39,9927.051530792281,0.9967586640797601,1.1880574585695055e-28
229620,0.0,-3.855383650005367e-39,9927.051530792281,0.9967586640797601,1.183022746175859e-28
229680,0.0,-3.841358499876845e-39,9927.051530792281,0.9967586640797601,1.1779880337822123e-28
229740,0.0,-3.827333349748322e-39,9927.051530792281,0.9967586640797601,1.1729533213885655e-28
229800,0.0,-3.8133081996198e-39,9927.051530792283,0.9967586640797601,1.1679186089949188e-28
229860,0.0,-3.7992830494912776e-39,9927.051530792283,0.9967586640797601,1.1628838966012723e-28
229920,0.0,-3.7852578993627547e-39,9927.051530792283,0.9967586640797601,1.1578491842076253e-28
229980,0.0,-3.7712327492342324e-39,9927.051530792283,0.9967586640797601,1.1528144718139786e-28
230040,0.0,-3.75720759910571e-39,9927.051530792283,0.9967586640797601,1.147779759420332e-28
230100,0.0,-3.743182448977188e-39,9927.051530792283,0.9967586640797601,1.1427450470266854e-28
230160,0.0,-3.729157298848665e-39,9927.051530792285,0.9967586640797601,1.1377103346330386e-28
230220,0.0,-3.715132148720143e-39,9927.051530792285,0.99675866407976,1.132675622239392e-28
230280,0.0,-3.7011069985916205e-39,9927.051530792285,0.99675866407976,1.1276409098457454e-28
230340,0.0,-3.6870818484630976e-39,9927.051530792285,0.99675866407976,1.1226061974520984e-28
230400,0.0,-3.673056698334575e-39,9927.051530792285,0.99675866407976,1.117571485058452e-28
230460,0.0,-3.6590315482060524e-39,9927.051530792285,0.99675866407976,1.1125367726648052e-28
230520,0.0,-3.64500639807753e-39,9927.051530792287,0.99675866407976,1.1075020602711587e-28
230580,0.0,-3.630981247949007e-39,9927.051530792287,0.99675866407976,1.1024673478775117e-28
230640,0.0,-3.616956097820485e-39,9927.051530792287,0.99675866407976,1.0974326354838652e-28
230700,0.0,-3.602930947691963e-39,9927.051530792287,0.99675866407976,1.0923979230902185e-28
230760,0.0,-3.58890579756344e-39,9927.051530792287,0.99675866407976,1.0873632106965718e-28
230820,0.0,-3.5748806474349176e-39,9927.051530792287,0.99675866407976,1.082328498302925e-28
230880,0.0,-3.5608554973063954e-39,9927.051530792289,0.99675866407976,1.0772937859092785e-28
230940,0.0,-3.5468303471778725e-39,9927.051530792289,0.99675866407976,1.0722590735156318e-28
231000,0.0,-3.532805197049351e-39,9927.051530792289,0.99675866407976,1.067224361121985e-28
231060,0.0,-3.518780046920828e-39,9927.051530792289,0.99675866407976,1.0621896487283383e-28
231120,0.0,-3.504754896792305e-39,9927.051530792289,0.99675866407976,1.0571549363346916e-28
231180,0.0,-3.4907297466637834e-39,9927.051530792289,0.99675866407976,1.052120223941045e-28
231240,0.0,-3.4767045965352605e-39,9927.05153079229,0.99675866407976,1.0470855115473983e-28
231300,0.0,-3.462679446406738e-39,9927.05153079229,0.99675866407976,1.0420507991537516e-28
231360,0.0,-3.448654296278216e-39,9927.05153079229,0.99675866407976,1.0370160867601049e-28
231420,0.0,-3.434629146149693e-39,9927.05153079229,0.99675866407976,1.0319813743664581e-28
231480,0.0,-3.420603996021171e-39,9927.05153079229,0.99675866407976,1.0269466619728116e-28
231540,0.0,-3.4065788458926486e-39,9927.05153079229,0.99675866407976,1.021911949579165e-28
231600,0.0,-3.392553695764126e-39,9927.051530792292,0.99675866407976,1.0168772371855182e-28
231660,0.0,-3.378528545635603e-39,9927.051530792292,0.99675866407976,1.0118425247918714e-28
231720,0.0,-3.364503395507081e-39,9927.051530792292,0.99675866407976,1.0068078123982248e-28
231780,0.0,-3.350478245378558e-39,9927.051530792292,0.99675866407976,1.0017731000045781e-28
231840,0.0,-3.336453095250036e-39,9927.051530792292,0.99675866407976,9.967383876109315e-29
231900,0.0,-3.322427945121514e-39,9927.051530792292,0.99675866407976,9.917036752172847e-29
231960,0.0,-3.308402794992991e-39,9927.051530792294,0.99675866407976,9.866689628236381e-29
232020,0.0,-3.2943776448644686e-39,9927.051530792294,0.99675866407976,9.816342504299914e-29
232080,0.0,-3.2803524947359464e-39,9927.051530792294,0.99675866407976,9.765995380363445e-29
232140,0.0,-3.2663273446074235e-39,9927.051530792294,0.99675866407976,9.715648256426979e-29
232200,0.0,-3.252302194478901e-39,9927.051530792294,0.99675866407976,9.665301132490512e-29
232260,0.0,-3.238277044350379e-39,9927.051530792294,0.9967586640797599,9.614954008554046e-29
232320,0.0,-3.224251894221856e-39,9927.051530792296,0.9967586640797599,9.564606884617578e-29
232380,0.0,-3.2102267440933345e-39,9927.051530792296,0.9967586640797599,9.514259760681112e-29
232440,0.0,-3.1962015939648116e-39,9927.051530792296,0.9967586640797599,9.463912636744645e-29
232500,0.0,-3.1821764438362887e-39,9927.051530792296,0.9967586640797599,9.413565512808177e-29
232560,0.0,-3.1681512937077664e-39,9927.051530792296,0.9967586640797599,9.363218388871711e-29
232620,0.0,-3.154126143579244e-39,9927.051530792296,0.9967586640797599,9.312871264935244e-29
232680,0.0,-3.140100993450721e-39,9927.051530792298,0.9967586640797599,9.262524140998778e-29
232740,0.0,-3.126075843322199e-39,9927.051530792298,0.9967586640797599,9.21217701706231e-29
232800,0.0,-3.112050693193677e-39,9927.051530792298,0.9967586640797599,9.161829893125844e-29
232860,0.0,-3.098025543065154e-39,9927.051530792298,0.9967586640797599,9.111482769189377e-29
232920,0.0,-3.0840003929366316e-39,9927.051530792298,0.9967586640797599,9.06113564525291e-29
232980,0.0,-3.0699752428081093e-39,9927.051530792298,0.9967586640797599,9.010788521316443e-29
233040,0.0,-3.0559500926795864e-39,9927.0515307923,0.9967586640797599,8.960441397379976e-29
233100,0.0,-3.041924942551065e-39,9927.0515307923,0.9967586640797599,8.91009427344351e-29
233160,0.0,-3.027899792422542e-39,9927.0515307923,0.9967586640797599,8.859747149507042e-29
233220,0.0,-3.01387464229402e-39,9927.0515307923,0.9967586640797599,8.809400025570576e-29
233280,0.0,-2.999849492165497e-39,9927.0515307923,0.9967586640797599,8.759052901634109e-29
233340,0.0,-2.9858243420369745e-39,9927.0515307923,0.9967586640797599,8.708705777697642e-29
233400,0.0,-2.9717991919084516e-39,9927.051530792301,0.9967586640797599,8.658358653761175e-29
233460,0.0,-2.9577740417799294e-39,9927.051530792301,0.9967586640797599,8.608011529824707e-29
233520,0.0,-2.943748891651407e-39,9927.051530792301,0.9967586640797599,8.557664405888241e-29
233580,0.0,-2.9297237415228845e-39,9927.051530792301,0.9967586640797599,8.507317281951773e-29
233640,0.0,-2.9156985913943623e-39,9927.051530792301,0.9967586640797599,8.456970158015307e-29
233700,0.0,-2.9016734412658397e-39,9927.051530792301,0.9967586640797599,8.40662303407884e-29
233760,0.0,-2.8876482911373174e-39,9927.051530792303,0.9967586640797599,8.356275910142374e-29
233820,0.0,-2.873623141008795e-39,9927.051530792303,0.9967586640797599,8.305928786205906e-29
233880,0.0,-2.8595979908802723e-39,9927.051530792303,0.9967586640797599,8.255581662269439e-29
233940,0.0,-2.84557284075175e-39,9927.051530792303,0.9967586640797599,8.205234538332973e-29
234000,0.0,-2.8315476906232275e-39,9927.051530792303,0.9967586640797599,8.154887414396505e-29
234060,0.0,-2.817522540494705e-39,9927.051530792305,0.9967586640797599,8.104540290460039e-29
234120,0.0,-2.8034973903661823e-39,9927.051530792305,0.9967586640797599,8.054193166523572e-29
234180,0.0,-2.78947224023766e-39,9927.051530792305,0.9967586640797599,8.003846042587106e-29
234240,0.0,-2.7754470901091375e-39,9927.051530792305,0.9967586640797599,7.953498918650638e-29
234300,0.0,-2.761421939980615e-39,9927.051530792305,0.9967586640797598,7.903151794714171e-29
234360,0.0,-2.7473967898520926e-39,9927.051530792305,0.9967586640797598,7.852804670777705e-29
234420,0.0,-2.73337163972357e-39,9927.051530792307,0.9967586640797598,7.802457546841237e-29
234480,0.0,-2.7193464895950478e-39,9927.051530792307,0.9967586640797598,7.752110422904771e-29
234540,0.0,-2.7053213394665252e-39,9927.051530792307,0.9967586640797598,7.701763298968304e-29
234600,0.0,-2.691296189338003e-39,9927.051530792307,0.9967586640797598,7.651416175031838e-29
234660,0.0,-2.6772710392094804e-39,9927.051530792307,0.9967586640797598,7.60106905109537e-29
234720,0.0,-2.6632458890809578e-39,9927.051530792307,0.9967586640797598,7.550721927158903e-29
234780,0.0,-2.6492207389524356e-39,9927.051530792309,0.9967586640797598,7.500374803222437e-29
234840,0.0,-2.635195588823913e-39,9927.051530792309,0.9967586640797598,7.450027679285968e-29
234900,0.0,-2.6211704386953904e-39,9927.051530792309,0.9967586640797598,7.399680555349502e-29
234960,0.0,-2.6071452885668678e-39,9927.051530792309,0.9967586640797598,7.349333431413035e-29
235020,0.0,-2.5931201384383456e-39,9927.051530792309,0.9967586640797598,7.298986307476569e-29
235080,0.0,-2.579094988309823e-39,9927.051530792309,0.9967586640797598,7.248639183540101e-29
235140,0.0,-2.5650698381813004e-39,9927.05153079231,0.9967586640797598,7.198292059603634e-29
235200,0.0,-2.5510446880527782e-39,9927.05153079231,0.9967586640797598,7.147944935667168e-29
235260,0.0,-2.5370195379242556e-39,9927.05153079231,0.9967586640797598,7.0975978117307e-29
235320,0.0,-2.5229943877957333e-39,9927.05153079231,0.9967586640797598,7.047250687794234e-29
235380,0.0,-2.5089692376672108e-39,9927.05153079231,0.9967586640797598,6.996903563857767e-29
235440,0.0,-2.4949440875386885e-39,9927.05153079231,0.9967586640797598,6.946556439921301e-29
235500,0.0,-2.480918937410166e-39,9927.051530792312,0.9967586640797598,6.896209315984833e-29
235560,0.0,-2.4668937872816437e-39,9927.051530792312,0.9967586640797598,6.845862192048367e-29
235620,0.0,-2.452868637153121e-39,9927.051530792312,0.9967586640797598,6.7955150681119e-29
235680,0.0,-2.4388434870245985e-39,9927.051530792312,0.9967586640797598,6.745167944175432e-29
235740,0.0,-2.424818336896076e-39,9927.051530792312,0.9967586640797598,6.694820820238966e-29
235800,0.0,-2.4107931867675534e-39,9927.051530792312,0.9967586640797598,6.644473696302499e-29
235860,0.0,-2.396768036639031e-39,9927.051530792314,0.9967586640797598,6.594126572366033e-29
235920,0.0,-2.3827428865105085e-39,9927.051530792314,0.9967586640797598,6.543779448429565e-29
235980,0.0,-2.3687177363819863e-39,9927.051530792314,0.9967586640797598,6.493432324493099e-29
236040,0.0,-2.3546925862534637e-39,9927.051530792314,0.9967586640797598,6.443085200556632e-29
236100,0.0,-2.340667436124941e-39,9927.051530792314,0.9967586640797598,6.392738076620165e-29
236160,0.0,-2.326642285996419e-39,9927.051530792314,0.9967586640797598,6.342390952683698e-29
236220,0.0,-2.3126171358678963e-39,9927.051530792316,0.9967586640797598,6.29204382874723e-29
236280,0.0,-2.298591985739374e-39,9927.051530792316,0.9967586640797598,6.241696704810764e-29
236340,0.0,-2.2845668356108515e-39,9927.051530792316,0.9967586640797597,6.191349580874296e-29
236400,0.0,-2.2705416854823292e-39,9927.051530792316,0.9967586640797597,6.14100245693783e-29
236460,0.0,-2.2565165353538066e-39,9927.051530792316,0.9967586640797597,6.090655333001363e-29
236520,0.0,-2.2424913852252837e-39,9927.051530792316,0.9967586640797597,6.040308209064895e-29
236580,0.0,-2.2284662350967615e-39,9927.051530792318,0.9967586640797597,5.989961085128429e-29
236640,0.0,-2.214441084968239e-39,9927.051530792318,0.9967586640797597,5.939613961191962e-29
236700,0.0,-2.2004159348397166e-39,9927.051530792318,0.9967586640797597,5.889266837255496e-29
236760,0.0,-2.186390784711194e-39,9927.051530792318,0.9967586640797597,5.838919713319028e-29
236820,0.0,-2.1723656345826718e-39,9927.051530792318,0.9967586640797597,5.788572589382562e-29
236880,0.0,-2.1583404844541492e-39,9927.051530792318,0.9967586640797597,5.738225465446095e-29
236940,0.0,-2.1443153343256266e-39,9927.05153079232,0.9967586640797597,5.687878341509628e-29
237000,0.0,-2.1302901841971044e-39,9927.05153079232,0.9967586640797597,5.637531217573161e-29
237060,0.0,-2.1162650340685818e-39,9927.05153079232,0.9967586640797597,5.587184093636694e-29
237120,0.0,-2.1022398839400596e-39,9927.05153079232,0.9967586640797597,5.536836969700228e-29
237180,0.0,-2.088214733811537e-39,9927.05153079232,0.9967586640797597,5.48648984576376e-29
237240,0.0,-2.0741895836830144e-39,9927.05153079232,0.9967586640797597,5.436142721827293e-29
237300,0.0,-2.060164433554492e-39,9927.051530792322,0.9967586640797597,5.385795597890827e-29
237360,0.0,-2.0461392834259696e-39,9927.051530792322,0.9967586640797597,5.33544847395436e-29
237420,0.0,-2.032114133297447e-39,9927.051530792322,0.9967586640797597,5.285101350017893e-29
237480,0.0,-2.0180889831689247e-39,9927.051530792322,0.9967586640797597,5.234754226081426e-29
237540,0.0,-2.0040638330404025e-39,9927.051530792322,0.9967586640797597,5.184407102144959e-29
237600,0.0,-1.9900386829118796e-39,9927.051530792322,0.9967586640797597,5.134059978208493e-29
237660,0.0,-1.9760135327833573e-39,9927.051530792323,0.9967586640797597,5.083712854272025e-29
237720,0.0,-1.9619883826548348e-39,9927.051530792323,0.9967586640797597,5.0333657303355584e-29
237780,0.0,-1.9479632325263122e-39,9927.051530792323,0.9967586640797597,4.9830186063990916e-29
237840,0.0,-1.93393808239779e-39,9927.051530792323,0.9967586640797597,4.932671482462625e-29
237900,0.0,-1.9199129322692677e-39,9927.051530792323,0.9967586640797597,4.882324358526158e-29
237960,0.0,-1.9058877821407448e-39,9927.051530792323,0.9967586640797597,4.831977234589691e-29
238020,0.0,-1.8918626320122225e-39,9927.051530792325,0.9967586640797597,4.781630110653224e-29
238080,0.0,-1.8778374818837e-39,9927.051530792325,0.9967586640797597,4.7312829867167567e-29
238140,0.0,-1.8638123317551774e-39,9927.051530792325,0.9967586640797597,4.68093586278029e-29
238200,0.0,-1.849787181626655e-39,9927.051530792325,0.9967586640797597,4.630588738843823e-29
238260,0.0,-1.835762031498133e-39,9927.051530792325,0.9967586640797597,4.5802416149073564e-29
238320,0.0,-1.8217368813696103e-39,9927.051530792327,0.9967586640797597,4.5298944909708896e-29
238380,0.0,-1.8077117312410877e-39,9927.051530792327,0.9967586640797595,4.479547367034423e-29
238440,0.0,-1.7936865811125654e-39,9927.051530792327,0.9967586640797595,4.429200243097956e-29
238500,0.0,-1.779661430984043e-39,9927.051530792327,0.9967586640797595,4.3788531191614893e-29
238560,0.0,-1.7656362808555203e-39,9927.051530792327,0.9967586640797595,4.328505995225022e-29
238620,0.0,-1.751611130726998e-39,9927.051530792327,0.9967586640797595,4.2781588712885546e-29
238680,0.0,-1.7375859805984755e-39,9927.051530792329,0.9967586640797595,4.227811747352088e-29
238740,0.0,-1.723560830469953e-39,9927.051530792329,0.9967586640797595,4.177464623415621e-29
238800,0.0,-1.7095356803414306e-39,9927.051530792329,0.9967586640797595,4.1271174994791543e-29
238860,0.0,-1.695510530212908e-39,9927.051530792329,0.9967586640797595,4.0767703755426876e-29
238920,0.0,-1.6814853800843855e-39,9927.051530792329,0.9967586640797595,4.026423251606221e-29
238980,0.0,-1.6674602299558632e-39,9927.051530792329,0.9967586640797595,3.9760761276697535e-29
239040,0.0,-1.6534350798273406e-39,9927.05153079233,0.9967586640797595,3.9257290037332867e-29
239100,0.0,-1.639409929698818e-39,9927.05153079233,0.9967586640797595,3.87538187979682e-29
239160,0.0,-1.6253847795702958e-39,9927.05153079233,0.9967586640797595,3.825034755860353e-29
239220,0.0,-1.6113596294417732e-39,9927.05153079233,0.9967586640797595,3.7746876319238864e-29
239280,0.0,-1.5973344793132506e-39,9927.05153079233,0.9967586640797595,3.7243405079874196e-29
239340,0.0,-1.5833093291847284e-39,9927.05153079233,0.9967586640797595,3.6739933840509523e-29
239400,0.0,-1.569284179056206e-39,9927.051530792332,0.9967586640797595,3.6236462601144855e-29
239460,0.0,-1.5552590289276832e-39,9927.051530792332,0.9967586640797595,3.573299136178018e-29
239520,0.0,-1.541233878799161e-39,9927.051530792332,0.9967586640797595,3.5229520122415514e-29
239580,0.0,-1.5272087286706387e-39,9927.051530792332,0.9967586640797595,3.4726048883050847e-29
239640,0.0,-1.5131835785421158e-39,9927.051530792332,0.9967586640797595,3.422257764368618e-29
239700,0.0,-1.4991584284135936e-39,9927.051530792332,0.9967586640797595,3.371910640432151e-29
239760,0.0,-1.4851332782850713e-39,9927.051530792334,0.9967586640797595,3.3215635164956843e-29
239820,0.0,-1.4711081281565487e-39,9927.051530792334,0.9967586640797595,3.2712163925592176e-29
239880,0.0,-1.4570829780280262e-39,9927.051530792334,0.9967586640797595,3.22086926862275e-29
239940,0.0,-1.4430578278995037e-39,9927.051530792334,0.9967586640797595,3.1705221446862835e-29
240000,0.0,-1.4290326777709813e-39,9927.051530792334,0.9967586640797595,3.120175020749816e-29
240060,0.0,-1.4150075276424587e-39,9927.051530792334,0.9967586640797595,3.0698278968133494e-29
240120,0.0,-1.4009823775139363e-39,9927.051530792336,0.9967586640797595,3.0194807728768826e-29
240180,0.0,-1.3869572273854139e-39,9927.051530792336,0.9967586640797595,2.969133648940416e-29
240240,0.0,-1.3729320772568915e-39,9927.051530792336,0.9967586640797595,2.918786525003949e-29
240300,0.0,-1.358906927128369e-39,9927.051530792336,0.9967586640797595,2.8684394010674823e-29
240360,0.0,-1.3448817769998465e-39,9927.051530792336,0.9967586640797595,2.818092277131015e-29
240420,0.0,-1.3308566268713241e-39,9927.051530792336,0.9967586640797594,2.767745153194548e-29
240480,0.0,-1.3168314767428017e-39,9927.051530792338,0.9967586640797594,2.7173980292580814e-29
240540,0.0,-1.3028063266142791e-39,9927.051530792338,0.9967586640797594,2.6670509053216147e-29
240600,0.0,-1.2887811764857567e-39,9927.051530792338,0.9967586640797594,2.6167037813851473e-29
240660,0.0,-1.2747560263572343e-39,9927.051530792338,0.9967586640797594,2.5663566574486806e-29
240720,0.0,-1.2607308762287117e-39,9927.051530792338,0.9967586640797594,2.5160095335122138e-29
240780,0.0,-1.2467057261001893e-39,9927.051530792338,0.9967586640797594,2.465662409575747e-29
240840,0.0,-1.2326805759716669e-39,9927.05153079234,0.9967586640797594,2.4153152856392803e-29
240900,0.0,-1.2186554258431443e-39,9927.05153079234,0.9967586640797594,2.364968161702813e-29
240960,0.0,-1.2046302757146219e-39,9927.05153079234,0.9967586640797594,2.3146210377663462e-29
241020,0.0,-1.1906051255860994e-39,9927.05153079234,0.9967586640797594,2.2642739138298794e-29
241080,0.0,-1.176579975457577e-39,9927.05153079234,0.9967586640797594,2.2139267898934126e-29
241140,0.0,-1.1625548253290546e-39,9927.05153079234,0.9967586640797594,2.1635796659569456e-29
241200,0.0,-1.148529675200532e-39,9927.051530792342,0.9967586640797594,2.1132325420204788e-29
241260,0.0,-1.1345045250720096e-39,9927.051530792342,0.9967586640797594,2.0628854180840118e-29
241320,0.0,-1.1204793749434872e-39,9927.051530792342,0.9967586640797594,2.012538294147545e-29
241380,0.0,-1.1064542248149646e-39,9927.051530792342,0.9967586640797594,1.962191170211078e-29
241440,0.0,-1.0924290746864422e-39,9927.051530792342,0.9967586640797594,1.9118440462746112e-29
241500,0.0,-1.0784039245579198e-39,9927.051530792342,0.9967586640797594,1.8614969223381444e-29
241560,0.0,-1.0643787744293972e-39,9927.051530792343,0.9967586640797594,1.811149798401677e-29
241620,0.0,-1.0503536243008748e-39,9927.051530792343,0.9967586640797594,1.7608026744652103e-29
241680,0.0,-1.0363284741723524e-39,9927.051530792343,0.9967586640797594,1.7104555505287435e-29
241740,0.0,-1.02230332404383e-39,9927.051530792343,0.9967586640797594,1.6601084265922768e-29
241800,0.0,-1.0082781739153074e-39,9927.051530792343,0.9967586640797594,1.6097613026558097e-29
241860,0.0,-9.94253023786785e-40,9927.051530792343,0.9967586640797594,1.559414178719343e-29
241920,0.0,-9.802278736582626e-40,9927.051530792345,0.9967586640797594,1.509067054782876e-29
241980,0.0,-9.662027235297401e-40,9927.051530792345,0.9967586640797594,1.458719930846409e-29
242040,0.0,-9.521775734012176e-40,9927.051530792345,0.9967586640797594,1.408372806909942e-29
242100,0.0,-9.381524232726951e-40,9927.051530792345,0.9967586640797594,1.3580256829734753e-29
242160,0.0,-9.241272731441727e-40,9927.051530792345,0.9967586640797594,1.3076785590370086e-29
242220,0.0,-9.101021230156502e-40,9927.051530792345,0.9967586640797594,1.2573314351005415e-29
242280,0.0,-8.960769728871277e-40,9927.051530792347,0.9967586640797594,1.2069843111640747e-29
242340,0.0,-8.820518227586053e-40,9927.051530792347,0.9967586640797594,1.1566371872276077e-29
242400,0.0,-8.680266726300827e-40,9927.051530792347,0.9967586640797594,1.1062900632911408e-29
242460,0.0,-8.540015225015603e-40,9927.051530792347,0.9967586640797593,1.055942939354674e-29
242520,0.0,-8.399763723730379e-40,9927.051530792347,0.9967586640797593,1.005595815418207e-29
242580,0.0,-8.259512222445155e-40,9927.051530792347,0.9967586640797593,9.552486914817402e-30
242640,0.0,-8.11926072115993e-40,9927.051530792349,0.9967586640797593,9.049015675452733e-30
242700,0.0,-7.979009219874705e-40,9927.051530792349,0.9967586640797593,8.545544436088064e-30
242760,0.0,-7.838757718589481e-40,9927.051530792349,0.9967586640797593,8.042073196723395e-30
242820,0.0,-7.698506217304257e-40,9927.051530792349,0.9967586640797593,7.538601957358726e-30
242880,0.0,-7.558254716019031e-40,9927.051530792349,0.9967586640797593,7.035130717994056e-30
242940,0.0,-7.418003214733807e-40,9927.05153079235,0.9967586640797593,6.531659478629389e-30
243000,0.0,-7.277751713448583e-40,9927.05153079235,0.9967586640797593,6.028188239264719e-30
243060,0.0,-7.137500212163358e-40,9927.05153079235,0.9967586640797593,5.5247169999000506e-30
243120,0.0,-6.997248710878133e-40,9927.05153079235,0.9967586640797593,5.0212457605353815e-30
243180,0.0,-6.8569972095929085e-40,9927.05153079235,0.9967586640797593,4.5177745211707124e-30
243240,0.0,-6.7167457083076835e-40,9927.05153079235,0.9967586640797593,4.014303281806043e-30
243300,0.0,-6.576494207022459e-40,9927.051530792352,0.9967586640797593,3.510832042441375e-30
243360,0.0,-6.4362427057372344e-40,9927.051530792352,0.9967586640797593,3.007360803076706e-30
243420,0.0,-6.29599120445201e-40,9927.051530792352,0.9967586640797593,2.5038895637120368e-30
243480,0.0,-6.18277803608396e-40,9927.05153079235,0.9967586640797593,2.09776687891409e-30
243540,0.0,-6.182321480299006e-40,9927.05153079235,0.9967586640797593,2.0976120208467383e-30
243600,0.0,-6.181864924514052e-40,9927.05153079235,0.9967586640797593,2.0974571627793863e-30
243660,0.0,-6.1814083687290975e-40,9927.05153079235,0.9967586640797593,2.0973023047120343e-30
243720,0.0,-6.180951812944143e-40,9927.05153079235,0.9967586640797593,2.0971474466446827e-30
243780,0.0,-6.180495257159189e-40,9927.05153079235,0.9967586640797593,2.096992588577331e-30
243840,0.0,-6.180038701374235e-40,9927.05153079235,0.9967586640797593,2.096837730509979e-30
243900,0.0,-6.179582145589281e-40,9927.05153079235,0.9967586640797593,2.096682872442627e-30
243960,0.0,-6.179125589804327e-40,9927.05153079235,0.9967586640797593,2.0965280143752755e-30
244020,0.0,-6.178669034019372e-40,9927.05153079235,0.9967586640797593,2.0963731563079236e-30
244080,0.0,-6.1782124782344185e-40,9927.05153079235,0.9967586640797593,2.096218298240572e-30
244140,0.0,-6.177755922449464e-40,9927.05153079235,0.9967586640797593,2.09606344017322e-30
244200,0.0,-6.177299366664509e-40,9927.05153079235,0.9967586640797593,2.095908582105868e-30
244260,0.0,-6.176842810879555e-40,9927.05153079235,0.9967586640797593,2.0957537240385164e-30
244320,0.0,-6.176386255094602e-40,9927.05153079235,0.9967586640797593,2.0955988659711648e-30
244380,0.0,-6.175929699309647e-40,9927.05153079235,0.9967586640797593,2.0954440079038128e-30
244440,0.0,-6.175473143524693e-40,9927.05153079235,0.9967586640797593,2.095289149836461e-30
244500,0.0,-6.175016587739738e-40,9927.05153079235,0.9967586640797593,2.095134291769109e-30
244560,0.0,-6.1745600319547845e-40,9927.05153079235,0.9967586640797593,2.0949794337017573e-30
244620,0.0,-6.17410347616983e-40,9927.05153079235,0.9967586640797593,2.0948245756344056e-30
244680,0.0,-6.1736469203848754e-40,9927.05153079235,0.9967586640797593,2.0946697175670537e-30
244740,0.0,-6.173190364599921e-40,9927.05153079235,0.9967586640797593,2.094514859499702e-30
244800,0.0,-6.172733808814968e-40,9927.05153079235,0.9967586640797593,2.09436000143235e-30
244860,0.0,-6.172277253030013e-40,9927.05153079235,0.9967586640797593,2.094205143364998e-30
244920,0.0,-6.171820697245059e-40,9927.05153079235,0.9967586640797593,2.0940502852976465e-30
244980,0.0,-6.171364141460105e-40,9927.05153079235,0.9967586640797593,2.093895427230295e-30
245040,0.0,-6.1709075856751506e-40,9927.05153079235,0.9967586640797593,2.093740569162943e-30
245100,0.0,-6.1704510298901964e-40,9927.05153079235,0.9967586640797593,2.093585711095591e-30
245160,0.0,-6.169994474105242e-40,9927.05153079235,0.9967586640797593,2.0934308530282393e-30
245220,0.0,-6.169537918320288e-40,9927.05153079235,0.9967586640797593,2.0932759949608874e-30
245280,0.0,-6.169081362535334e-40,9927.05153079235,0.9967586640797593,2.0931211368935358e-30
245340,0.0,-6.16862480675038e-40,9927.05153079235,0.9967586640797593,2.0929662788261838e-30
245400,0.0,-6.168168250965425e-40,9927.05153079235,0.9967586640797593,2.0928114207588318e-30
245460,0.0,-6.167711695180471e-40,9927.05153079235,0.9967586640797593,2.0926565626914802e-30
245520,0.0,-6.167255139395517e-40,9927.05153079235,0.9967586640797593,2.0925017046241282e-30
245580,0.0,-6.1667985836105625e-40,9927.05153079235,0.9967586640797593,2.0923468465567766e-30
245640,0.0,-6.166342027825608e-40,9927.05153079235,0.9967586640797593,2.0921919884894246e-30
245700,0.0,-6.165885472040654e-40,9927.05153079235,0.9967586640797593,2.0920371304220727e-30
245760,0.0,-6.1654289162557e-40,9927.05153079235,0.9967586640797593,2.091882272354721e-30
245820,0.0,-6.164972360470746e-40,9927.05153079235,0.9967586640797593,2.0917274142873694e-30
245880,0.0,-6.164515804685791e-40,9927.05153079235,0.9967586640797593,2.0915725562200175e-30
245940,0.0,-6.164059248900838e-40,9927.05153079235,0.9967586640797593,2.0914176981526655e-30
246000,0.0,-6.1636026931158835e-40,9927.05153079235,0.9967586640797593,2.091262840085314e-30
246060,0.0,-6.1631461373309285e-40,9927.05153079235,0.9967586640797593,2.091107982017962e-30
246120,0.0,-6.162689581545974e-40,9927.05153079235,0.9967586640797593,2.0909531239506103e-30
246180,0.0,-6.162233025761021e-40,9927.05153079235,0.9967586640797593,2.0907982658832583e-30
246240,0.0,-6.161776469976066e-40,9927.05153079235,0.9967586640797593,2.0906434078159064e-30
246300,0.0,-6.161319914191112e-40,9927.05153079235,0.9967586640797593,2.0904885497485548e-30
246360,0.0,-6.160863358406158e-40,9927.05153079235,0.9967586640797593,2.090333691681203e-30
246420,0.0,-6.160406802621204e-40,9927.05153079235,0.9967586640797593,2.090178833613851e-30
246480,0.0,-6.1599502468362495e-40,9927.05153079235,0.9967586640797593,2.0900239755464992e-30
246540,0.0,-6.1594936910512945e-40,9927.05153079235,0.9967586640797593,2.0898691174791472e-30
246600,0.0,-6.15903713526634e-40,9927.05153079235,0.9967586640797593,2.0897142594117956e-30
246660,0.0,-6.158580579481387e-40,9927.05153079235,0.9967586640797593,2.089559401344444e-30
246720,0.0,-6.158124023696432e-40,9927.05153079235,0.9967586640797593,2.089404543277092e-30
246780,0.0,-6.157667467911478e-40,9927.05153079235,0.9967586640797593,2.0892496852097404e-30
246840,0.0,-6.157210912126524e-40,9927.05153079235,0.9967586640797593,2.0890948271423884e-30
246900,0.0,-6.15675435634157e-40,9927.05153079235,0.9967586640797593,2.0889399690750365e-30
246960,0.0,-6.1562978005566155e-40,9927.05153079235,0.9967586640797593,2.088785111007685e-30
247020,0.0,-6.155841244771661e-40,9927.05153079235,0.9967586640797593,2.0886302529403332e-30
247080,0.0,-6.155384688986707e-40,9927.05153079235,0.9967586640797593,2.0884753948729813e-30
247140,0.0,-6.154928133201753e-40,9927.05153079235,0.9967586640797593,2.0883205368056293e-30
247200,0.0,-6.154471577416799e-40,9927.05153079235,0.9967586640797593,2.0881656787382777e-30
247260,0.0,-6.154015021631844e-40,9927.05153079235,0.9967586640797593,2.0880108206709257e-30
247320,0.0,-6.153558465846891e-40,9927.05153079235,0.9967586640797593,2.087855962603574e-30
247380,0.0,-6.1531019100619365e-40,9927.05153079235,0.9967586640797593,2.087701104536222e-30
247440,0.0,-6.1526453542769816e-40,9927.05153079235,0.9967586640797593,2.08754624646887e-30
247500,0.0,-6.1521887984920274e-40,9927.05153079235,0.9967586640797593,2.0873913884015186e-30
247560,0.0,-6.151732242707073e-40,9927.05153079235,0.9967586640797593,2.0872365303341666e-30
247620,0.0,-6.151275686922119e-40,9927.05153079235,0.9967586640797593,2.087081672266815e-30
247680,0.0,-6.150819131137165e-40,9927.05153079235,0.9967586640797593,2.086926814199463e-30
247740,0.0,-6.15036257535221e-40,9927.05153079235,0.9967586640797593,2.086771956132111e-30
247800,0.0,-6.149906019567257e-40,9927.05153079235,0.9967586640797593,2.0866170980647594e-30
247860,0.0,-6.1494494637823026e-40,9927.05153079235,0.9967586640797593,2.0864622399974078e-30
247920,0.0,-6.148992907997348e-40,9927.05153079235,0.9967586640797593,2.086307381930056e-30
247980,0.0,-6.1485363522123935e-40,9927.05153079235,0.9967586640797593,2.086152523862704e-30
248040,0.0,-6.14807979642744e-40,9927.05153079235,0.9967586640797593,2.0859976657953522e-30
248100,0.0,-6.147623240642485e-40,9927.05153079235,0.9967586640797593,2.0858428077280003e-30
248160,0.0,-6.147166684857531e-40,9927.05153079235,0.9967586640797593,2.0856879496606487e-30
248220,0.0,-6.146710129072577e-40,9927.05153079235,0.9967586640797593,2.0855330915932967e-30
248280,0.0,-6.146253573287623e-40,9927.05153079235,0.9967586640797593,2.0853782335259447e-30
248340,0.0,-6.145797017502669e-40,9927.05153079235,0.9967586640797593,2.085223375458593e-30
248400,0.0,-6.1453404617177145e-40,9927.05153079235,0.9967586640797593,2.0850685173912415e-30
248460,0.0,-6.14488390593276e-40,9927.05153079235,0.9967586640797593,2.0849136593238895e-30
248520,0.0,-6.144427350147806e-40,9927.05153079235,0.9967586640797593,2.0847588012565376e-30
248580,0.0,-6.143970794362851e-40,9927.05153079235,0.9967586640797593,2.0846039431891856e-30
248640,0.0,-6.143514238577897e-40,9927.05153079235,0.9967586640797593,2.084449085121834e-30
248700,0.0,-6.143057682792944e-40,9927.05153079235,0.9967586640797593,2.0842942270544824e-30
248760,0.0,-6.142601127007989e-40,9927.05153079235,0.9967586640797593,2.0841393689871304e-30
248820,0.0,-6.142144571223035e-40,9927.05153079235,0.9967586640797593,2.0839845109197788e-30
248880,0.0,-6.1416880154380805e-40,9927.05153079235,0.9967586640797593,2.0838296528524268e-30
248940,0.0,-6.141231459653126e-40,9927.05153079235,0.9967586640797593,2.083674794785075e-30
249000,0.0,-6.140774903868172e-40,9927.05153079235,0.9967586640797593,2.0835199367177232e-30
249060,0.0,-6.140318348083218e-40,9927.05153079235,0.9967586640797593,2.0833650786503716e-30
249120,0.0,-6.139861792298263e-40,9927.05153079235,0.9967586640797593,2.0832102205830196e-30
249180,0.0,-6.13940523651331e-40,9927.05153079235,0.9967586640797593,2.0830553625156677e-30
249240,0.0,-6.138948680728356e-40,9927.05153079235,0.9967586640797593,2.082900504448316e-30
249300,0.0,-6.138492124943401e-40,9927.05153079235,0.9967586640797593,2.082745646380964e-30
249360,0.0,-6.1380355691584465e-40,9927.05153079235,0.9967586640797593,2.0825907883136125e-30
249420,0.0,-6.137579013373493e-40,9927.05153079235,0.9967586640797593,2.0824359302462605e-30
249480,0.0,-6.137122457588538e-40,9927.05153079235,0.9967586640797593,2.0822810721789085e-30
249540,0.0,-6.136665901803584e-40,9927.05153079235,0.9967586640797593,2.082126214111557e-30
249600,0.0,-6.13620934601863e-40,9927.05153079235,0.9967586640797593,2.081971356044205e-30
249660,0.0,-6.135752790233676e-40,9927.05153079235,0.9967586640797593,2.0818164979768533e-30
249720,0.0,-6.135296234448722e-40,9927.05153079235,0.9967586640797593,2.0816616399095014e-30
249780,0.0,-6.134839678663767e-40,9927.05153079235,0.9967586640797593,2.0815067818421494e-30
249840,0.0,-6.134383122878813e-40,9927.05153079235,0.9967586640797593,2.0813519237747978e-30
249900,0.0,-6.133926567093859e-40,9927.05153079235,0.9967586640797593,2.081197065707446e-30
249960,0.0,-6.133470011308904e-40,9927.05153079235,0.9967586640797593,2.0810422076400942e-30
250020,0.0,-6.13301345552395e-40,9927.05153079235,0.9967586640797593,2.0808873495727422e-30
250080,0.0,-6.132556899738996e-40,9927.05153079235,0.9967586640797593,2.0807324915053906e-30
250140,0.0,-6.132100343954042e-40,9927.05153079235,0.9967586640797593,2.0805776334380386e-30
250200,0.0,-6.131643788169088e-40,9927.05153079235,0.9967586640797593,2.080422775370687e-30
250260,0.0,-6.1311872323841336e-40,9927.05153079235,0.9967586640797593,2.080267917303335e-30
250320,0.0,-6.1307306765991794e-40,9927.05153079235,0.9967586640797593,2.080113059235983e-30
250380,0.0,-6.130274120814225e-40,9927.05153079235,0.9967586640797593,2.0799582011686315e-30
250440,0.0,-6.129817565029271e-40,9927.05153079235,0.9967586640797593,2.07980334310128e-30
250500,0.0,-6.129361009244316e-40,9927.05153079235,0.9967586640797593,2.079648485033928e-30
250560,0.0,-6.128904453459363e-40,9927.05153079235,0.9967586640797593,2.079493626966576e-30
250620,0.0,-6.128447897674408e-40,9927.05153079235,0.9967586640797593,2.079338768899224e-30
250680,0.0,-6.127991341889454e-40,9927.05153079235,0.9967586640797593,2.0791839108318723e-30
250740,0.0,-6.1275347861045e-40,9927.05153079235,0.9967586640797593,2.0790290527645207e-30
250800,0.0,-6.1270782303195455e-40,9927.05153079235,0.9967586640797593,2.0788741946971687e-30
250860,0.0,-6.126621674534591e-40,9927.05153079235,0.9967586640797593,2.078719336629817e-30
250920,0.0,-6.126165118749637e-40,9927.05153079235,0.9967586640797593,2.078564478562465e-30
250980,0.0,-6.125708562964683e-40,9927.05153079235,0.9967586640797593,2.0784096204951132e-30
251040,0.0,-6.125252007179729e-40,9927.05153079235,0.9967586640797593,2.0782547624277616e-30
251100,0.0,-6.124795451394775e-40,9927.05153079235,0.9967586640797593,2.07809990436041e-30
251160,0.0,-6.12433889560982e-40,9927.05153079235,0.9967586640797593,2.077945046293058e-30
251220,0.0,-6.123882339824866e-40,9927.05153079235,0.9967586640797593,2.077790188225706e-30
251280,0.0,-6.123425784039912e-40,9927.05153079235,0.9967586640797593,2.0776353301583544e-30
251340,0.0,-6.122969228254957e-40,9927.05153079235,0.9967586640797593,2.0774804720910024e-30
251400,0.0,-6.122512672470003e-40,9927.05153079235,0.9967586640797593,2.0773256140236508e-30
251460,0.0,-6.122056116685049e-40,9927.05153079235,0.9967586640797593,2.077170755956299e-30
251520,0.0,-6.121599560900095e-40,9927.05153079235,0.9967586640797593,2.077015897888947e-30
251580,0.0,-6.121143005115141e-40,9927.05153079235,0.9967586640797593,2.0768610398215953e-30
251640,0.0,-6.120686449330186e-40,9927.05153079235,0.9967586640797593,2.0767061817542433e-30
251700,0.0,-6.1202298935452325e-40,9927.05153079235,0.9967586640797593,2.0765513236868917e-30
251760,0.0,-6.119773337760278e-40,9927.05153079235,0.9967586640797593,2.0763964656195397e-30
251820,0.0,-6.1193167819753234e-40,9927.05153079235,0.9967586640797593,2.0762416075521877e-30
251880,0.0,-6.118860226190369e-40,9927.05153079235,0.9967586640797593,2.076086749484836e-30
251940,0.0,-6.118403670405416e-40,9927.05153079235,0.9967586640797593,2.0759318914174845e-30
252000,0.0,-6.117947114620461e-40,9927.05153079235,0.9967586640797593,2.0757770333501325e-30
252060,0.0,-6.117490558835507e-40,9927.05153079235,0.9967586640797593,2.0756221752827806e-30
252120,0.0,-6.117034003050553e-40,9927.05153079235,0.9967586640797593,2.075467317215429e-30
252180,0.0,-6.1165774472655986e-40,9927.051530792352,0.9967586640797593,2.075312459148077e-30
252240,0.0,-6.1161208914806444e-40,9927.051530792352,0.9967586640797593,2.0751576010807254e-30
252300,0.0,-6.11566433569569e-40,9927.051530792352,0.9967586640797593,2.0750027430133734e-30
252360,0.0,-6.115207779910735e-40,9927.051530792352,0.9967586640797593,2.0748478849460214e-30
252420,0.0,-6.114751224125782e-40,9927.051530792352,0.9967586640797593,2.0746930268786698e-30
252480,0.0,-6.114294668340828e-40,9927.051530792352,0.9967586640797593,2.0745381688113182e-30
252540,0.0,-6.113838112555873e-40,9927.051530792352,0.9967586640797593,2.0743833107439662e-30
252600,0.0,-6.113381556770919e-40,9927.051530792352,0.9967586640797593,2.0742284526766143e-30
252660,0.0,-6.112925000985965e-40,9927.051530792352,0.9967586640797593,2.0740735946092623e-30
252720,0.0,-6.1124684452010105e-40,9927.051530792352,0.9967586640797593,2.0739187365419107e-30
252780,0.0,-6.112011889416056e-40,9927.051530792352,0.9967586640797593,2.073763878474559e-30
252840,0.0,-6.111555333631102e-40,9927.051530792352,0.9967586640797593,2.073609020407207e-30
252900,0.0,-6.111098777846148e-40,9927.051530792352,0.9967586640797593,2.0734541623398555e-30
252960,0.0,-6.110642222061194e-40,9927.051530792352,0.9967586640797593,2.0732993042725035e-30
253020,0.0,-6.110185666276239e-40,9927.051530792352,0.9967586640797593,2.0731444462051515e-30
253080,0.0,-6.109729110491286e-40,9927.051530792352,0.9967586640797593,2.0729895881378e-30
253140,0.0,-6.1092725547063315e-40,9927.051530792352,0.9967586640797593,2.0728347300704483e-30
253200,0.0,-6.1088159989213765e-40,9927.051530792352,0.9967586640797593,2.0726798720030963e-30
253260,0.0,-6.108359443136422e-40,9927.051530792352,0.9967586640797593,2.0725250139357444e-30
253320,0.0,-6.107902887351469e-40,9927.051530792352,0.9967586640797593,2.0723701558683928e-30
253380,0.0,-6.107446331566514e-40,9927.051530792352,0.9967586640797593,2.0722152978010408e-30
253440,0.0,-6.10698977578156e-40,9927.051530792352,0.9967586640797593,2.072060439733689e-30
253500,0.0,-6.106533219996606e-40,9927.051530792352,0.9967586640797593,2.0719055816663372e-30
253560,0.0,-6.106076664211652e-40,9927.051530792352,0.9967586640797593,2.0717507235989852e-30
253620,0.0,-6.1056201084266975e-40,9927.051530792352,0.9967586640797593,2.0715958655316336e-30
253680,0.0,-6.1051635526417425e-40,9927.051530792352,0.9967586640797593,2.0714410074642816e-30
253740,0.0,-6.104706996856788e-40,9927.051530792352,0.9967586640797593,2.07128614939693e-30
253800,0.0,-6.104250441071835e-40,9927.051530792352,0.9967586640797593,2.071131291329578e-30
253860,0.0,-6.10379388528688e-40,9927.051530792352,0.9967586640797593,2.070976433262226e-30
253920,0.0,-6.103337329501926e-40,9927.051530792352,0.9967586640797593,2.0708215751948745e-30
253980,0.0,-6.102880773716972e-40,9927.051530792352,0.9967586640797593,2.070666717127523e-30
254040,0.0,-6.102424217932018e-40,9927.051530792352,0.9967586640797593,2.070511859060171e-30
254100,0.0,-6.1019676621470635e-40,9927.051530792352,0.9967586640797593,2.070357000992819e-30
254160,0.0,-6.101511106362109e-40,9927.051530792352,0.9967586640797593,2.0702021429254673e-30
254220,0.0,-6.101054550577155e-40,9927.051530792352,0.9967586640797593,2.0700472848581153e-30
254280,0.0,-6.100597994792201e-40,9927.051530792352,0.9967586640797593,2.0698924267907637e-30
254340,0.0,-6.100141439007247e-40,9927.051530792352,0.9967586640797593,2.0697375687234118e-30
254400,0.0,-6.099684883222292e-40,9927.051530792352,0.9967586640797593,2.0695827106560598e-30
254460,0.0,-6.099228327437339e-40,9927.051530792352,0.9967586640797593,2.069427852588708e-30
254520,0.0,-6.0987717716523845e-40,9927.051530792352,0.9967586640797593,2.0692729945213566e-30
254580,0.0,-6.0983152158674296e-40,9927.051530792352,0.9967586640797593,2.0691181364540046e-30
254640,0.0,-6.0978586600824754e-40,9927.051530792352,0.9967586640797593,2.0689632783866526e-30
254700,0.0,-6.097402104297521e-40,9927.051530792352,0.9967586640797593,2.068808420319301e-30
254760,0.0,-6.096945548512567e-40,9927.051530792352,0.9967586640797593,2.068653562251949e-30
254820,0.0,-6.096488992727613e-40,9927.051530792352,0.9967586640797593,2.0684987041845974e-30
254880,0.0,-6.096032436942658e-40,9927.051530792352,0.9967586640797593,2.0683438461172454e-30
254940,0.0,-6.095575881157705e-40,9927.051530792352,0.9967586640797593,2.068188988049894e-30
255000,0.0,-6.0951193253727506e-40,9927.051530792352,0.9967586640797593,2.068034129982542e-30
255060,0.0,-6.094662769587796e-40,9927.051530792352,0.9967586640797593,2.06787927191519e-30
255120,0.0,-6.0942062138028415e-40,9927.051530792352,0.9967586640797593,2.0677244138478383e-30
255180,0.0,-6.093749658017888e-40,9927.051530792352,0.9967586640797593,2.0675695557804867e-30
255240,0.0,-6.093293102232933e-40,9927.051530792352,0.9967586640797593,2.0674146977131347e-30
255300,0.0,-6.092836546447979e-40,9927.051530792352,0.9967586640797593,2.0672598396457827e-30
255360,0.0,-6.092379990663025e-40,9927.051530792352,0.9967586640797593,2.067104981578431e-30
255420,0.0,-6.091923434878071e-40,9927.051530792352,0.9967586640797593,2.066950123511079e-30
255480,0.0,-6.091466879093117e-40,9927.051530792352,0.9967586640797593,2.0667952654437275e-30
255540,0.0,-6.0910103233081625e-40,9927.051530792352,0.9967586640797593,2.0666404073763756e-30
255600,0.0,-6.090553767523208e-40,9927.051530792352,0.9967586640797593,2.0664855493090236e-30
255660,0.0,-6.090097211738254e-40,9927.051530792352,0.9967586640797593,2.066330691241672e-30
255720,0.0,-6.0896406559533e-40,9927.051530792352,0.9967586640797593,2.0661758331743204e-30
255780,0.0,-6.089184100168345e-40,9927.051530792352,0.9967586640797593,2.0660209751069684e-30
255840,0.0,-6.088727544383391e-40,9927.051530792352,0.9967586640797593,2.0658661170396164e-30
255900,0.0,-6.088270988598437e-40,9927.051530792352,0.9967586640797593,2.0657112589722644e-30
255960,0.0,-6.087814432813483e-40,9927.051530792352,0.9967586640797593,2.065556400904913e-30
256020,0.0,-6.0873578770285285e-40,9927.051530792352,0.9967586640797593,2.0654015428375612e-30
256080,0.0,-6.086901321243574e-40,9927.051530792352,0.9967586640797593,2.0652466847702092e-30
256140,0.0,-6.08644476545862e-40,9927.051530792352,0.9967586640797593,2.0650918267028573e-30
256200,0.0,-6.085988209673666e-40,9927.051530792352,0.9967586640797593,2.0649369686355057e-30
256260,0.0,-6.085531653888711e-40,9927.051530792352,0.9967586640797593,2.0647821105681537e-30
256320,0.0,-6.085075098103758e-40,9927.051530792352,0.9967586640797593,2.064627252500802e-30
256380,0.0,-6.084618542318804e-40,9927.051530792352,0.9967586640797593,2.06447239443345e-30
256440,0.0,-6.084161986533849e-40,9927.051530792352,0.9967586640797593,2.064317536366098e-30
256500,0.0,-6.0837054307488945e-40,9927.051530792352,0.9967586640797593,2.0641626782987465e-30
256560,0.0,-6.083248874963941e-40,9927.051530792352,0.9967586640797593,2.064007820231395e-30
256620,0.0,-6.082792319178986e-40,9927.051530792352,0.9967586640797593,2.063852962164043e-30
256680,0.0,-6.082335763394032e-40,9927.051530792352,0.9967586640797593,2.063698104096691e-30
256740,0.0,-6.081879207609078e-40,9927.051530792352,0.9967586640797593,2.0635432460293394e-30
256800,0.0,-6.081422651824124e-40,9927.051530792352,0.9967586640797593,2.0633883879619874e-30
256860,0.0,-6.08096609603917e-40,9927.051530792352,0.9967586640797593,2.0632335298946358e-30
256920,0.0,-6.080509540254215e-40,9927.051530792352,0.9967586640797593,2.0630786718272838e-30
256980,0.0,-6.0800529844692606e-40,9927.051530792352,0.9967586640797593,2.0629238137599322e-30
257040,0.0,-6.079596428684307e-40,9927.051530792352,0.9967586640797593,2.0627689556925802e-30
257100,0.0,-6.079139872899352e-40,9927.051530792352,0.9967586640797593,2.0626140976252282e-30
257160,0.0,-6.078683317114398e-40,9927.051530792352,0.9967586640797593,2.0624592395578766e-30
257220,0.0,-6.078226761329444e-40,9927.051530792352,0.9967586640797593,2.062304381490525e-30
257280,0.0,-6.07777020554449e-40,9927.051530792352,0.9967586640797593,2.062149523423173e-30
257340,0.0,-6.077313649759536e-40,9927.051530792352,0.9967586640797593,2.061994665355821e-30
257400,0.0,-6.0768570939745816e-40,9927.051530792352,0.9967586640797593,2.0618398072884695e-30
257460,0.0,-6.0764005381896274e-40,9927.051530792352,0.9967586640797593,2.0616849492211175e-30
257520,0.0,-6.075943982404673e-40,9927.051530792352,0.9967586640797593,2.061530091153766e-30
257580,0.0,-6.075487426619719e-40,9927.051530792352,0.9967586640797593,2.061375233086414e-30
257640,0.0,-6.075030870834764e-40,9927.051530792352,0.9967586640797593,2.061220375019062e-30
257700,0.0,-6.074574315049811e-40,9927.051530792352,0.9967586640797593,2.0610655169517103e-30
257760,0.0,-6.074117759264857e-40,9927.051530792352,0.9967586640797593,2.0609106588843587e-30
257820,0.0,-6.073661203479902e-40,9927.051530792352,0.9967586640797593,2.0607558008170067e-30
257880,0.0,-6.073204647694948e-40,9927.051530792352,0.9967586640797593,2.0606009427496548e-30
257940,0.0,-6.0727480919099935e-40,9927.051530792352,0.9967586640797593,2.0604460846823028e-30
258000,0.0,-6.072291536125039e-40,9927.051530792352,0.9967586640797593,2.0602912266149512e-30
258060,0.0,-6.071834980340085e-40,9927.051530792352,0.9967586640797593,2.0601363685475996e-30
258120,0.0,-6.07137842455513e-40,9927.051530792352,0.9967586640797593,2.0599815104802476e-30
258180,0.0,-6.070921868770177e-40,9927.051530792352,0.9967586640797593,2.0598266524128956e-30
258240,0.0,-6.070465312985223e-40,9927.051530792352,0.9967586640797593,2.059671794345544e-30
258300,0.0,-6.070008757200268e-40,9927.051530792352,0.9967586640797593,2.059516936278192e-30
258360,0.0,-6.069552201415314e-40,9927.051530792352,0.9967586640797593,2.0593620782108404e-30
258420,0.0,-6.06909564563036e-40,9927.051530792352,0.9967586640797593,2.0592072201434885e-30
258480,0.0,-6.068639089845405e-40,9927.051530792352,0.9967586640797593,2.0590523620761365e-30
258540,0.0,-6.068182534060451e-40,9927.051530792352,0.9967586640797593,2.058897504008785e-30
258600,0.0,-6.067725978275497e-40,9927.051530792352,0.9967586640797593,2.0587426459414333e-30
258660,0.0,-6.067269422490543e-40,9927.051530792352,0.9967586640797593,2.0585877878740813e-30
258720,0.0,-6.066812866705589e-40,9927.051530792352,0.9967586640797593,2.0584329298067293e-30
258780,0.0,-6.066356310920635e-40,9927.051530792352,0.9967586640797593,2.0582780717393777e-30
258840,0.0,-6.0658997551356805e-40,9927.051530792352,0.9967586640797593,2.0581232136720257e-30
258900,0.0,-6.065443199350726e-40,9927.051530792352,0.9967586640797593,2.057968355604674e-30
258960,0.0,-6.0649866435657714e-40,9927.051530792352,0.9967586640797593,2.057813497537322e-30
259020,0.0,-6.064530087780817e-40,9927.051530792352,0.9967586640797593,2.0576586394699705e-30
259080,0.0,-6.064073531995864e-40,9927.051530792352,0.9967586640797593,2.0575037814026186e-30
259140,0.0,-6.063616976210909e-40,9927.051530792352,0.9967586640797593,2.0573489233352666e-30
259200,0.0,-6.063160420425955e-40,9927.051530792352,0.9967586640797593,2.057194065267915e-30
259260,0.0,-6.062703864641001e-40,9927.051530792352,0.9967586640797593,2.0570392072005634e-30
259320,0.0,-6.0622473088560466e-40,9927.051530792352,0.9967586640797593,2.0568843491332114e-30
259380,0.0,-6.0617907530710924e-40,9927.051530792352,0.9967586640797593,2.0567294910658594e-30
259440,0.0,-6.061334197286138e-40,9927.051530792352,0.9967586640797593,2.0565746329985078e-30
259500,0.0,-6.060877641501183e-40,9927.051530792352,0.9967586640797593,2.056419774931156e-30
259560,0.0,-6.06042108571623e-40,9927.051530792352,0.9967586640797593,2.0562649168638042e-30
259620,0.0,-6.059964529931276e-40,9927.051530792352,0.9967586640797593,2.0561100587964523e-30
259680,0.0,-6.059507974146321e-40,9927.051530792352,0.9967586640797593,2.0559552007291003e-30
259740,0.0,-6.059051418361367e-40,9927.051530792352,0.9967586640797593,2.0558003426617487e-30
259800,0.0,-6.0585948625764134e-40,9927.051530792352,0.9967586640797593,2.055645484594397e-30
259860,0.0,-6.0581383067914585e-40,9927.051530792352,0.9967586640797593,2.055490626527045e-30
259920,0.0,-6.057681751006504e-40,9927.051530792352,0.9967586640797593,2.055335768459693e-30
259980,0.0,-6.05722519522155e-40,9927.051530792352,0.9967586640797593,2.055180910392341e-30
260040,0.0,-6.056768639436596e-40,9927.051530792352,0.9967586640797593,2.0550260523249895e-30
260100,0.0,-6.056312083651642e-40,9927.051530792352,0.9967586640797593,2.054871194257638e-30
260160,0.0,-6.055855527866687e-40,9927.051530792352,0.9967586640797593,2.054716336190286e-30
260220,0.0,-6.055398972081733e-40,9927.051530792352,0.9967586640797593,2.054561478122934e-30
260280,0.0,-6.0549424162967795e-40,9927.051530792352,0.9967586640797593,2.0544066200555824e-30
260340,0.0,-6.0544858605118245e-40,9927.051530792352,0.9967586640797593,2.0542517619882304e-30
260400,0.0,-6.05402930472687e-40,9927.051530792352,0.9967586640797593,2.0540969039208788e-30
260460,0.0,-6.053572748941916e-40,9927.051530792352,0.9967586640797593,2.0539420458535268e-30
260520,0.0,-6.053116193156962e-40,9927.051530792352,0.9967586640797593,2.053787187786175e-30
260580,0.0,-6.052659637372008e-40,9927.051530792352,0.9967586640797593,2.0536323297188232e-30
260640,0.0,-6.052203081587054e-40,9927.051530792352,0.9967586640797593,2.0534774716514716e-30
260700,0.0,-6.0517465258021e-40,9927.051530792352,0.9967586640797593,2.0533226135841196e-30
260760,0.0,-6.0512899700171455e-40,9927.051530792352,0.9967586640797593,2.0531677555167677e-30
260820,0.0,-6.050833414232191e-40,9927.051530792352,0.9967586640797593,2.053012897449416e-30
260880,0.0,-6.050376858447236e-40,9927.051530792352,0.9967586640797593,2.052858039382064e-30
260940,0.0,-6.049920302662283e-40,9927.051530792352,0.9967586640797593,2.0527031813147125e-30
261000,0.0,-6.049463746877328e-40,9927.051530792352,0.9967586640797593,2.0525483232473605e-30
261060,0.0,-6.049007191092374e-40,9927.051530792352,0.9967586640797593,2.052393465180009e-30
261120,0.0,-6.04855063530742e-40,9927.051530792352,0.9967586640797593,2.052238607112657e-30
261180,0.0,-6.048094079522466e-40,9927.051530792352,0.9967586640797593,2.052083749045305e-30
261240,0.0,-6.0476375237375115e-40,9927.051530792352,0.9967586640797593,2.0519288909779533e-30
261300,0.0,-6.047180967952557e-40,9927.051530792352,0.9967586640797593,2.0517740329106017e-30
261360,0.0,-6.0467244121676024e-40,9927.051530792352,0.9967586640797593,2.0516191748432498e-30
261420,0.0,-6.046267856382649e-40,9927.051530792352,0.9967586640797593,2.0514643167758978e-30
261480,0.0,-6.045811300597695e-40,9927.051530792352,0.9967586640797593,2.051309458708546e-30
261540,0.0,-6.04535474481274e-40,9927.051530792352,0.9967586640797593,2.0511546006411942e-30
261600,0.0,-6.044898189027786e-40,9927.051530792352,0.9967586640797593,2.0509997425738426e-30
261660,0.0,-6.0444416332428325e-40,9927.051530792352,0.9967586640797593,2.0508448845064906e-30
261720,0.0,-6.0439850774578776e-40,9927.051530792352,0.9967586640797593,2.0506900264391386e-30
261780,0.0,-6.0435285216729234e-40,9927.051530792352,0.9967586640797593,2.050535168371787e-30
261840,0.0,-6.043071965887969e-40,9927.051530792352,0.9967586640797593,2.0503803103044354e-30
261900,0.0,-6.042615410103015e-40,9927.051530792352,0.9967586640797593,2.0502254522370834e-30
261960,0.0,-6.042158854318061e-40,9927.051530792352,0.9967586640797593,2.0500705941697315e-30
262020,0.0,-6.041702298533106e-40,9927.051530792352,0.9967586640797593,2.0499157361023795e-30
262080,0.0,-6.041245742748153e-40,9927.051530792352,0.9967586640797593,2.049760878035028e-30
262140,0.0,-6.0407891869631986e-40,9927.051530792352,0.9967586640797593,2.0496060199676763e-30
262200,0.0,-6.040332631178244e-40,9927.051530792352,0.9967586640797593,2.0494511619003243e-30
262260,0.0,-6.0398760753932895e-40,9927.051530792352,0.9967586640797593,2.0492963038329723e-30
262320,0.0,-6.039419519608336e-40,9927.051530792352,0.9967586640797593,2.0491414457656207e-30
262380,0.0,-6.038962963823381e-40,9927.051530792352,0.9967586640797593,2.0489865876982688e-30
262440,0.0,-6.038506408038427e-40,9927.051530792352,0.9967586640797593,2.048831729630917e-30
262500,0.0,-6.038049852253473e-40,9927.051530792352,0.9967586640797593,2.048676871563565e-30
262560,0.0,-6.037593296468519e-40,9927.051530792352,0.9967586640797593,2.0485220134962132e-30
262620,0.0,-6.037136740683565e-40,9927.051530792352,0.9967586640797593,2.0483671554288616e-30
262680,0.0,-6.0366801848986105e-40,9927.051530792352,0.9967586640797593,2.04821229736151e-30
262740,0.0,-6.0362236291136555e-40,9927.051530792352,0.9967586640797593,2.048057439294158e-30
262800,0.0,-6.035767073328702e-40,9927.051530792352,0.9967586640797593,2.047902581226806e-30
262860,0.0,-6.035310517543748e-40,9927.051530792352,0.9967586640797593,2.0477477231594544e-30
262920,0.0,-6.034853961758793e-40,9927.051530792352,0.9967586640797593,2.0475928650921024e-30
262980,0.0,-6.034397405973839e-40,9927.051530792352,0.9967586640797593,2.047438007024751e-30
263040,0.0,-6.033940850188885e-40,9927.051530792352,0.9967586640797593,2.047283148957399e-30
263100,0.0,-6.033484294403931e-40,9927.051530792352,0.9967586640797593,2.0471282908900472e-30
263160,0.0,-6.0330277386189765e-40,9927.051530792352,0.9967586640797593,2.0469734328226953e-30
263220,0.0,-6.032571182834022e-40,9927.051530792352,0.9967586640797593,2.0468185747553433e-30
263280,0.0,-6.032114627049068e-40,9927.051530792352,0.9967586640797593,2.0466637166879917e-30
263340,0.0,-6.031658071264114e-40,9927.051530792352,0.9967586640797593,2.04650885862064e-30
263400,0.0,-6.031201515479159e-40,9927.051530792352,0.9967586640797593,2.046354000553288e-30
263460,0.0,-6.030744959694206e-40,9927.051530792352,0.9967586640797593,2.046199142485936e-30
263520,0.0,-6.030288403909252e-40,9927.051530792352,0.9967586640797593,2.0460442844185845e-30
263580,0.0,-6.029831848124297e-40,9927.051530792352,0.9967586640797593,2.0458894263512326e-30
263640,0.0,-6.0293752923393425e-40,9927.051530792352,0.9967586640797593,2.045734568283881e-30
263700,0.0,-6.028918736554389e-40,9927.051530792352,0.9967586640797593,2.045579710216529e-30
263760,0.0,-6.028462180769434e-40,9927.051530792352,0.9967586640797593,2.045424852149177e-30
263820,0.0,-6.02800562498448e-40,9927.051530792352,0.9967586640797593,2.0452699940818254e-30
263880,0.0,-6.027549069199526e-40,9927.051530792352,0.9967586640797593,2.0451151360144738e-30
263940,0.0,-6.027092513414572e-40,9927.051530792352,0.9967586640797593,2.0449602779471218e-30
264000,0.0,-6.026635957629618e-40,9927.051530792352,0.9967586640797593,2.04480541987977e-30
264060,0.0,-6.026179401844663e-40,9927.051530792352,0.9967586640797593,2.044650561812418e-30
264120,0.0,-6.0257228460597086e-40,9927.051530792352,0.9967586640797593,2.0444957037450662e-30
264180,0.0,-6.025266290274755e-40,9927.051530792352,0.9967586640797593,2.0443408456777146e-30
264240,0.0,-6.0248097344898e-40,9927.051530792352,0.9967586640797593,2.0441859876103627e-30
264300,0.0,-6.024353178704846e-40,9927.051530792352,0.9967586640797593,2.0440311295430107e-30
264360,0.0,-6.023896622919892e-40,9927.051530792352,0.9967586640797593,2.043876271475659e-30
264420,0.0,-6.023440067134938e-40,9927.051530792352,0.9967586640797593,2.043721413408307e-30
264480,0.0,-6.022983511349984e-40,9927.051530792352,0.9967586640797593,2.0435665553409555e-30
264540,0.0,-6.0225269555650296e-40,9927.051530792352,0.9967586640797593,2.0434116972736035e-30
264600,0.0,-6.0220703997800754e-40,9927.051530792352,0.9967586640797593,2.0432568392062516e-30
264660,0.0,-6.021613843995121e-40,9927.051530792352,0.9967586640797593,2.0431019811389e-30
264720,0.0,-6.021157288210167e-40,9927.051530792352,0.9967586640797593,2.0429471230715483e-30
264780,0.0,-6.020700732425212e-40,9927.051530792352,0.9967586640797593,2.0427922650041964e-30
264840,0.0,-6.020244176640258e-40,9927.051530792352,0.9967586640797593,2.0426374069368444e-30
264900,0.0,-6.019787620855305e-40,9927.051530792352,0.9967586640797593,2.0424825488694928e-30
264960,0.0,-6.01933106507035e-40,9927.051530792352,0.9967586640797593,2.0423276908021408e-30
265020,0.0,-6.018874509285396e-40,9927.051530792352,0.9967586640797593,2.0421728327347892e-30
265080,0.0,-6.0184179535004415e-40,9927.051530792352,0.9967586640797593,2.0420179746674376e-30
265140,0.0,-6.017961397715487e-40,9927.051530792352,0.9967586640797593,2.0418631166000856e-30
265200,0.0,-6.017504841930533e-40,9927.051530792352,0.9967586640797593,2.0417082585327336e-30
265260,0.0,-6.017048286145578e-40,9927.051530792352,0.9967586640797593,2.0415534004653817e-30
265320,0.0,-6.016591730360625e-40,9927.051530792352,0.9967586640797593,2.04139854239803e-30
265380,0.0,-6.016135174575671e-40,9927.051530792352,0.9967586640797593,2.0412436843306784e-30
265440,0.0,-6.015678618790716e-40,9927.051530792352,0.9967586640797593,2.0410888262633265e-30
265500,0.0,-6.015222063005762e-40,9927.051530792352,0.9967586640797593,2.0409339681959745e-30
265560,0.0,-6.014765507220808e-40,9927.051530792352,0.9967586640797593,2.040779110128623e-30
265620,0.0,-6.014308951435853e-40,9927.051530792352,0.9967586640797593,2.040624252061271e-30
265680,0.0,-6.013852395650899e-40,9927.051530792352,0.9967586640797593,2.0404693939939193e-30
265740,0.0,-6.013395839865945e-40,9927.051530792352,0.9967586640797593,2.0403145359265673e-30
265800,0.0,-6.012939284080991e-40,9927.051530792352,0.9967586640797593,2.0401596778592154e-30
265860,0.0,-6.012482728296037e-40,9927.051530792352,0.9967586640797593,2.0400048197918637e-30
265920,0.0,-6.012026172511083e-40,9927.051530792352,0.9967586640797593,2.039849961724512e-30
265980,0.0,-6.011569616726128e-40,9927.051530792352,0.9967586640797593,2.03969510365716e-30
266040,0.0,-6.011113060941174e-40,9927.051530792352,0.9967586640797593,2.0395402455898082e-30
266100,0.0,-6.01065650515622e-40,9927.051530792352,0.9967586640797593,2.0393853875224566e-30
266160,0.0,-6.010199949371265e-40,9927.051530792352,0.9967586640797593,2.0392305294551046e-30
266220,0.0,-6.009743393586311e-40,9927.051530792352,0.9967586640797593,2.039075671387753e-30
266280,0.0,-6.009286837801357e-40,9927.051530792352,0.9967586640797593,2.038920813320401e-30
266340,0.0,-6.008830282016403e-40,9927.051530792352,0.9967586640797593,2.038765955253049e-30
266400,0.0,-6.008373726231449e-40,9927.051530792352,0.9967586640797593,2.0386110971856974e-30
266460,0.0,-6.0079171704464946e-40,9927.051530792352,0.9967586640797593,2.0384562391183455e-30
266520,0.0,-6.0074606146615404e-40,9927.051530792352,0.9967586640797593,2.038301381050994e-30
266580,0.0,-6.007004058876586e-40,9927.051530792352,0.9967586640797593,2.038146522983642e-30
266640,0.0,-6.006547503091631e-40,9927.051530792352,0.9967586640797593,2.03799166491629e-30
266700,0.0,-6.006090947306678e-40,9927.051530792352,0.9967586640797593,2.0378368068489383e-30
266760,0.0,-6.005634391521724e-40,9927.051530792352,0.9967586640797593,2.0376819487815867e-30
266820,0.0,-6.005177835736769e-40,9927.051530792352,0.9967586640797593,2.0375270907142347e-30
266880,0.0,-6.004721279951815e-40,9927.051530792352,0.9967586640797593,2.0373722326468827e-30
266940,0.0,-6.004264724166861e-40,9927.051530792352,0.9967586640797593,2.037217374579531e-30
267000,0.0,-6.0038081683819064e-40,9927.051530792352,0.9967586640797593,2.037062516512179e-30
267060,0.0,-6.003351612596952e-40,9927.051530792352,0.9967586640797593,2.0369076584448275e-30
267120,0.0,-6.002895056811998e-40,9927.051530792352,0.9967586640797593,2.036752800377476e-30
267180,0.0,-6.002438501027044e-40,9927.051530792352,0.9967586640797593,2.036597942310124e-30
267240,0.0,-6.00198194524209e-40,9927.051530792352,0.9967586640797593,2.036443084242772e-30
267300,0.0,-6.001525389457135e-40,9927.051530792352,0.9967586640797593,2.03628822617542e-30
267360,0.0,-6.001068833672181e-40,9927.051530792352,0.9967586640797593,2.0361333681080684e-30
267420,0.0,-6.0006122778872274e-40,9927.051530792352,0.9967586640797593,2.0359785100407168e-30
267480,0.0,-6.0001557221022725e-40,9927.051530792352,0.9967586640797593,2.0358236519733648e-30
267540,0.0,-5.999699166317318e-40,9927.051530792352,0.9967586640797593,2.035668793906013e-30
267600,0.0,-5.999242610532364e-40,9927.051530792352,0.9967586640797593,2.0355139358386612e-30
267660,0.0,-5.99878605474741e-40,9927.051530792352,0.9967586640797593,2.0353590777713093e-30
267720,0.0,-5.998329498962456e-40,9927.051530792352,0.9967586640797593,2.0352042197039576e-30
267780,0.0,-5.997872943177502e-40,9927.051530792352,0.9967586640797593,2.0350493616366057e-30
267840,0.0,-5.997416387392548e-40,9927.051530792352,0.9967586640797593,2.0348945035692537e-30
267900,0.0,-5.9969598316075935e-40,9927.051530792352,0.9967586640797593,2.034739645501902e-30
267960,0.0,-5.996503275822639e-40,9927.051530792352,0.9967586640797593,2.0345847874345505e-30
268020,0.0,-5.996046720037684e-40,9927.051530792352,0.9967586640797593,2.0344299293671985e-30
268080,0.0,-5.995590164252731e-40,9927.051530792352,0.9967586640797593,2.0342750712998465e-30
268140,0.0,-5.995133608467777e-40,9927.051530792352,0.9967586640797593,2.034120213232495e-30
268200,0.0,-5.994677052682822e-40,9927.051530792352,0.9967586640797593,2.033965355165143e-30
268260,0.0,-5.994220496897868e-40,9927.051530792352,0.9967586640797593,2.0338104970977913e-30
268320,0.0,-5.993763941112914e-40,9927.051530792352,0.9967586640797593,2.0336556390304394e-30
268380,0.0,-5.9933073853279595e-40,9927.051530792352,0.9967586640797593,2.0335007809630874e-30
268440,0.0,-5.992850829543005e-40,9927.051530792352,0.9967586640797593,2.0333459228957358e-30
268500,0.0,-5.9923942737580504e-40,9927.051530792352,0.9967586640797593,2.0331910648283838e-30
268560,0.0,-5.991937717973097e-40,9927.051530792352,0.9967586640797593,2.0330362067610322e-30
268620,0.0,-5.991481162188143e-40,9927.051530792352,0.9967586640797593,2.0328813486936802e-30
268680,0.0,-5.991024606403188e-40,9927.051530792352,0.9967586640797593,2.0327264906263283e-30
268740,0.0,-5.990568050618234e-40,9927.051530792352,0.9967586640797593,2.0325716325589766e-30
268800,0.0,-5.9901114948332805e-40,9927.051530792352,0.9967586640797593,2.032416774491625e-30
268860,0.0,-5.9896549390483256e-40,9927.051530792352,0.9967586640797593,2.032261916424273e-30
268920,0.0,-5.9891983832633714e-40,9927.051530792352,0.9967586640797593,2.032107058356921e-30
268980,0.0,-5.988741827478417e-40,9927.051530792352,0.9967586640797593,2.0319522002895695e-30
269040,0.0,-5.988285271693463e-40,9927.051530792352,0.9967586640797593,2.0317973422222175e-30
269100,0.0,-5.987828715908509e-40,9927.051530792352,0.9967586640797593,2.031642484154866e-30
269160,0.0,-5.987372160123555e-40,9927.051530792352,0.9967586640797593,2.0314876260875143e-30
269220,0.0,-5.986915604338601e-40,9927.051530792352,0.9967586640797593,2.0313327680201623e-30
269280,0.0,-5.9864590485536466e-40,9927.051530792352,0.9967586640797593,2.0311779099528103e-30
269340,0.0,-5.986002492768692e-40,9927.051530792352,0.9967586640797593,2.0310230518854584e-30
269400,0.0,-5.9855459369837375e-40,9927.051530792352,0.9967586640797593,2.0308681938181068e-30
269460,0.0,-5.985089381198783e-40,9927.051530792352,0.9967586640797593,2.030713335750755e-30
269520,0.0,-5.984632825413829e-40,9927.051530792352,0.9967586640797593,2.030558477683403e-30
269580,0.0,-5.984176269628875e-40,9927.051530792352,0.9967586640797593,2.0304036196160512e-30
269640,0.0,-5.983719713843921e-40,9927.051530792352,0.9967586640797593,2.0302487615486996e-30
269700,0.0,-5.983263158058967e-40,9927.051530792352,0.9967586640797593,2.0300939034813476e-30
269760,0.0,-5.982806602274013e-40,9927.051530792352,0.9967586640797593,2.029939045413996e-30
269820,0.0,-5.9823500464890585e-40,9927.051530792352,0.9967586640797593,2.029784187346644e-30
269880,0.0,-5.9818934907041035e-40,9927.051530792352,0.9967586640797593,2.029629329279292e-30
269940,0.0,-5.98143693491915e-40,9927.051530792352,0.9967586640797593,2.0294744712119404e-30
270000,0.0,-5.980980379134196e-40,9927.051530792352,0.9967586640797593,2.029319613144589e-30
270060,0.0,-5.980523823349241e-40,9927.051530792352,0.9967586640797593,2.029164755077237e-30
270120,0.0,-5.980067267564287e-40,9927.051530792352,0.9967586640797593,2.029009897009885e-30
270180,0.0,-5.979610711779334e-40,9927.051530792352,0.9967586640797593,2.0288550389425333e-30
270240,0.0,-5.979154155994379e-40,9927.051530792352,0.9967586640797593,2.0287001808751813e-30
270300,0.0,-5.9786976002094245e-40,9927.051530792352,0.9967586640797593,2.0285453228078297e-30
270360,0.0,-5.97824104442447e-40,9927.051530792352,0.9967586640797593,2.0283904647404777e-30
270420,0.0,-5.977784488639516e-40,9927.051530792352,0.9967586640797593,2.0282356066731258e-30
270480,0.0,-5.977327932854562e-40,9927.051530792352,0.9967586640797593,2.028080748605774e-30
270540,0.0,-5.976871377069607e-40,9927.051530792352,0.9967586640797593,2.027925890538422e-30
270600,0.0,-5.976414821284653e-40,9927.051530792352,0.9967586640797593,2.0277710324710706e-30
270660,0.0,-5.9759582654997e-40,9927.051530792352,0.9967586640797593,2.0276161744037186e-30
270720,0.0,-5.975501709714745e-40,9927.051530792352,0.9967586640797593,2.0274613163363666e-30
270780,0.0,-5.9750451539297905e-40,9927.051530792352,0.9967586640797593,2.027306458269015e-30
270840,0.0,-5.974588598144836e-40,9927.051530792352,0.9967586640797593,2.0271516002016634e-30
270900,0.0,-5.974132042359882e-40,9927.051530792352,0.9967586640797593,2.0269967421343114e-30
270960,0.0,-5.973675486574928e-40,9927.051530792352,0.9967586640797593,2.0268418840669594e-30
271020,0.0,-5.973218930789974e-40,9927.051530792352,0.9967586640797593,2.026687025999608e-30
271080,0.0,-5.97276237500502e-40,9927.051530792352,0.9967586640797593,2.026532167932256e-30
271140,0.0,-5.972305819220066e-40,9927.051530792352,0.9967586640797593,2.0263773098649042e-30
271200,0.0,-5.9718492634351115e-40,9927.051530792352,0.9967586640797593,2.0262224517975526e-30
271260,0.0,-5.9713927076501566e-40,9927.051530792352,0.9967586640797593,2.0260675937302007e-30
271320,0.0,-5.970936151865203e-40,9927.051530792352,0.9967586640797593,2.0259127356628487e-30
271380,0.0,-5.970479596080248e-40,9927.051530792352,0.9967586640797593,2.0257578775954967e-30
271440,0.0,-5.970023040295294e-40,9927.051530792352,0.9967586640797593,2.025603019528145e-30
271500,0.0,-5.96956648451034e-40,9927.051530792352,0.9967586640797593,2.0254481614607935e-30
271560,0.0,-5.969109928725386e-40,9927.051530792352,0.9967586640797593,2.0252933033934415e-30
271620,0.0,-5.968653372940432e-40,9927.051530792352,0.9967586640797593,2.0251384453260896e-30
271680,0.0,-5.9681968171554776e-40,9927.051530792352,0.9967586640797593,2.024983587258738e-30
271740,0.0,-5.967740261370523e-40,9927.051530792352,0.9967586640797593,2.024828729191386e-30
271800,0.0,-5.967283705585569e-40,9927.051530792352,0.9967586640797593,2.0246738711240344e-30
271860,0.0,-5.966827149800615e-40,9927.051530792352,0.9967586640797593,2.0245190130566824e-30
271920,0.0,-5.96637059401566e-40,9927.051530792352,0.9967586640797593,2.0243641549893304e-30
271980,0.0,-5.965914038230706e-40,9927.051530792352,0.9967586640797593,2.0242092969219788e-30
272040,0.0,-5.965457482445753e-40,9927.051530792352,0.9967586640797593,2.0240544388546272e-30
272100,0.0,-5.965000926660798e-40,9927.051530792352,0.9967586640797593,2.0238995807872752e-30
272160,0.0,-5.964544370875844e-40,9927.051530792352,0.9967586640797593,2.0237447227199232e-30
272220,0.0,-5.9640878150908895e-40,9927.051530792352,0.9967586640797593,2.0235898646525716e-30
272280,0.0,-5.963631259305935e-40,9927.051530792352,0.9967586640797593,2.0234350065852197e-30
272340,0.0,-5.963174703520981e-40,9927.051530792352,0.9967586640797593,2.023280148517868e-30
272400,0.0,-5.962718147736026e-40,9927.051530792352,0.9967586640797593,2.023125290450516e-30
272460,0.0,-5.962261591951073e-40,9927.051530792352,0.9967586640797593,2.022970432383164e-30
272520,0.0,-5.961805036166119e-40,9927.051530792352,0.9967586640797593,2.0228155743158125e-30
272580,0.0,-5.961348480381164e-40,9927.051530792352,0.9967586640797593,2.0226607162484605e-30
272640,0.0,-5.96089192459621e-40,9927.051530792352,0.9967586640797593,2.022505858181109e-30
272700,0.0,-5.960435368811256e-40,9927.051530792352,0.9967586640797593,2.022351000113757e-30
272760,0.0,-5.959978813026301e-40,9927.051530792352,0.9967586640797593,2.022196142046405e-30
272820,0.0,-5.959522257241347e-40,9927.051530792352,0.9967586640797593,2.0220412839790534e-30
272880,0.0,-5.959065701456393e-40,9927.051530792352,0.9967586640797593,2.0218864259117017e-30
272940,0.0,-5.958609145671439e-40,9927.051530792352,0.9967586640797593,2.0217315678443498e-30
273000,0.0,-5.958152589886485e-40,9927.051530792352,0.9967586640797593,2.0215767097769978e-30
273060,0.0,-5.957696034101531e-40,9927.051530792352,0.9967586640797593,2.0214218517096462e-30
273120,0.0,-5.957239478316576e-40,9927.051530792352,0.9967586640797593,2.0212669936422942e-30
273180,0.0,-5.956782922531622e-40,9927.051530792352,0.9967586640797593,2.0211121355749426e-30
273240,0.0,-5.956326366746668e-40,9927.051530792352,0.9967586640797593,2.020957277507591e-30
273300,0.0,-5.955869810961713e-40,9927.051530792352,0.9967586640797593,2.020802419440239e-30
273360,0.0,-5.955413255176759e-40,9927.051530792352,0.9967586640797593,2.020647561372887e-30
273420,0.0,-5.954956699391805e-40,9927.051530792352,0.9967586640797593,2.020492703305535e-30
273480,0.0,-5.954500143606851e-40,9927.051530792352,0.9967586640797593,2.0203378452381835e-30
273540,0.0,-5.954043587821897e-40,9927.051530792352,0.9967586640797593,2.020182987170832e-30
273600,0.0,-5.9535870320369425e-40,9927.051530792352,0.9967586640797593,2.02002812910348e-30
273660,0.0,-5.953130476251988e-40,9927.051530792352,0.9967586640797593,2.019873271036128e-30
273720,0.0,-5.952673920467034e-40,9927.051530792352,0.9967586640797593,2.0197184129687763e-30
273780,0.0,-5.952217364682079e-40,9927.051530792352,0.9967586640797593,2.0195635549014243e-30
273840,0.0,-5.951760808897126e-40,9927.051530792352,0.9967586640797593,2.0194086968340727e-30
273900,0.0,-5.951304253112172e-40,9927.051530792352,0.9967586640797593,2.0192538387667207e-30
273960,0.0,-5.950847697327217e-40,9927.051530792352,0.9967586640797593,2.0190989806993688e-30
274020,0.0,-5.950391141542263e-40,9927.051530792352,0.9967586640797593,2.018944122632017e-30
274080,0.0,-5.9499345857573086e-40,9927.051530792352,0.9967586640797593,2.0187892645646655e-30
274140,0.0,-5.9494780299723544e-40,9927.051530792352,0.9967586640797593,2.0186344064973136e-30
274200,0.0,-5.9490214741874e-40,9927.051530792352,0.9967586640797593,2.0184795484299616e-30
274260,0.0,-5.948564918402446e-40,9927.051530792352,0.9967586640797593,2.01832469036261e-30
274320,0.0,-5.948108362617492e-40,9927.051530792352,0.9967586640797593,2.018169832295258e-30
274380,0.0,-5.947651806832538e-40,9927.051530792352,0.9967586640797593,2.0180149742279064e-30
274440,0.0,-5.947195251047583e-40,9927.051530792352,0.9967586640797593,2.0178601161605544e-30
274500,0.0,-5.946738695262629e-40,9927.051530792352,0.9967586640797593,2.0177052580932025e-30
274560,0.0,-5.9462821394776754e-40,9927.051530792352,0.9967586640797593,2.017550400025851e-30
274620,0.0,-5.9458255836927205e-40,9927.051530792352,0.9967586640797593,2.017395541958499e-30
274680,0.0,-5.945369027907766e-40,9927.051530792352,0.9967586640797593,2.0172406838911473e-30
274740,0.0,-5.944912472122812e-40,9927.051530792352,0.9967586640797593,2.0170858258237953e-30
274800,0.0,-5.944455916337858e-40,9927.051530792352,0.9967586640797593,2.0169309677564433e-30
274860,0.0,-5.943999360552904e-40,9927.051530792352,0.9967586640797593,2.0167761096890917e-30
274920,0.0,-5.94354280476795e-40,9927.051530792352,0.9967586640797593,2.01662125162174e-30
274980,0.0,-5.943086248982995e-40,9927.051530792352,0.9967586640797593,2.016466393554388e-30
275040,0.0,-5.9426296931980415e-40,9927.051530792352,0.9967586640797593,2.016311535487036e-30
275100,0.0,-5.942173137413087e-40,9927.051530792352,0.9967586640797593,2.0161566774196845e-30
275160,0.0,-5.941716581628132e-40,9927.051530792352,0.9967586640797593,2.0160018193523326e-30
275220,0.0,-5.941260025843178e-40,9927.051530792352,0.9967586640797593,2.015846961284981e-30
275280,0.0,-5.940803470058225e-40,9927.051530792352,0.9967586640797593,2.0156921032176293e-30
275340,0.0,-5.94034691427327e-40,9927.051530792352,0.9967586640797593,2.0155372451502774e-30
275400,0.0,-5.939890358488316e-40,9927.051530792352,0.9967586640797593,2.0153823870829254e-30
275460,0.0,-5.939433802703362e-40,9927.051530792352,0.9967586640797593,2.0152275290155738e-30
275520,0.0,-5.9389772469184075e-40,9927.051530792352,0.9967586640797593,2.0150726709482218e-30
275580,0.0,-5.938520691133453e-40,9927.051530792352,0.9967586640797593,2.0149178128808702e-30
275640,0.0,-5.9380641353484984e-40,9927.051530792352,0.9967586640797593,2.0147629548135182e-30
275700,0.0,-5.937607579563545e-40,9927.051530792352,0.9967586640797593,2.0146080967461663e-30
275760,0.0,-5.937151023778591e-40,9927.051530792352,0.9967586640797593,2.0144532386788146e-30
275820,0.0,-5.936694467993636e-40,9927.051530792352,0.9967586640797593,2.0142983806114627e-30
275880,0.0,-5.936237912208682e-40,9927.051530792352,0.9967586640797593,2.014143522544111e-30
275940,0.0,-5.9357813564237285e-40,9927.051530792352,0.9967586640797593,2.013988664476759e-30
276000,0.0,-5.9353248006387736e-40,9927.051530792352,0.9967586640797593,2.013833806409407e-30
276060,0.0,-5.9348682448538194e-40,9927.051530792352,0.9967586640797593,2.0136789483420555e-30
276120,0.0,-5.934411689068865e-40,9927.051530792352,0.9967586640797593,2.013524090274704e-30
276180,0.0,-5.933955133283911e-40,9927.051530792352,0.9967586640797593,2.013369232207352e-30
276240,0.0,-5.933498577498957e-40,9927.051530792352,0.9967586640797593,2.01321437414e-30
276300,0.0,-5.933042021714003e-40,9927.051530792352,0.9967586640797593,2.0130595160726483e-30
276360,0.0,-5.932585465929048e-40,9927.051530792352,0.9967586640797593,2.0129046580052964e-30
276420,0.0,-5.9321289101440946e-40,9927.051530792352,0.9967586640797593,2.0127497999379448e-30
276480,0.0,-5.9316723543591404e-40,9927.051530792352,0.9967586640797593,2.0125949418705928e-30
276540,0.0,-5.9312157985741855e-40,9927.051530792352,0.9967586640797593,2.0124400838032408e-30
276600,0.0,-5.930759242789231e-40,9927.051530792352,0.9967586640797593,2.0122852257358892e-30
276660,0.0,-5.930302687004277e-40,9927.051530792352,0.9967586640797593,2.0121303676685372e-30
276720,0.0,-5.929846131219323e-40,9927.051530792352,0.9967586640797593,2.0119755096011856e-30
276780,0.0,-5.929389575434369e-40,9927.051530792352,0.9967586640797593,2.0118206515338336e-30
276840,0.0,-5.928933019649415e-40,9927.051530792352,0.9967586640797593,2.0116657934664817e-30
276900,0.0,-5.928476463864461e-40,9927.051530792352,0.9967586640797593,2.01151093539913e-30
276960,0.0,-5.9280199080795065e-40,9927.051530792352,0.9967586640797593,2.0113560773317784e-30
277020,0.0,-5.9275633522945515e-40,9927.051530792352,0.9967586640797593,2.0112012192644265e-30
277080,0.0,-5.927106796509598e-40,9927.051530792352,0.9967586640797593,2.0110463611970745e-30
277140,0.0,-5.926650240724644e-40,9927.051530792352,0.9967586640797593,2.010891503129723e-30
277200,0.0,-5.926193684939689e-40,9927.051530792352,0.9967586640797593,2.010736645062371e-30
277260,0.0,-5.925737129154735e-40,9927.051530792352,0.9967586640797593,2.0105817869950193e-30
277320,0.0,-5.925280573369782e-40,9927.051530792352,0.9967586640797593,2.0104269289276677e-30
277380,0.0,-5.924824017584827e-40,9927.051530792352,0.9967586640797593,2.0102720708603157e-30
277440,0.0,-5.9243674617998725e-40,9927.051530792352,0.9967586640797593,2.0101172127929638e-30
277500,0.0,-5.923910906014918e-40,9927.051530792352,0.9967586640797593,2.009962354725612e-30
277560,0.0,-5.923454350229964e-40,9927.051530792352,0.9967586640797593,2.00980749665826e-30
277620,0.0,-5.92299779444501e-40,9927.051530792352,0.9967586640797593,2.0096526385909086e-30
277680,0.0,-5.922541238660055e-40,9927.051530792352,0.9967586640797593,2.0094977805235566e-30
277740,0.0,-5.922084682875101e-40,9927.051530792352,0.9967586640797593,2.0093429224562046e-30
277800,0.0,-5.921628127090148e-40,9927.051530792352,0.9967586640797593,2.009188064388853e-30
277860,0.0,-5.921171571305193e-40,9927.051530792352,0.9967586640797593,2.009033206321501e-30
277920,0.0,-5.9207150155202385e-40,9927.051530792352,0.9967586640797593,2.0088783482541494e-30
277980,0.0,-5.920258459735284e-40,9927.051530792352,0.9967586640797593,2.0087234901867974e-30
278040,0.0,-5.91980190395033e-40,9927.051530792352,0.9967586640797593,2.0085686321194455e-30
278100,0.0,-5.919345348165376e-40,9927.051530792352,0.9967586640797593,2.008413774052094e-30
278160,0.0,-5.918888792380422e-40,9927.051530792352,0.9967586640797593,2.0082589159847422e-30
278220,0.0,-5.918432236595468e-40,9927.051530792352,0.9967586640797593,2.0081040579173903e-30
278280,0.0,-5.917975680810514e-40,9927.051530792352,0.9967586640797593,2.0079491998500383e-30
278340,0.0,-5.9175191250255595e-40,9927.051530792352,0.9967586640797593,2.0077943417826867e-30
278400,0.0,-5.9170625692406046e-40,9927.051530792352,0.9967586640797593,2.0076394837153347e-30
278460,0.0,-5.916606013455651e-40,9927.051530792352,0.9967586640797593,2.007484625647983e-30
278520,0.0,-5.916149457670697e-40,9927.051530792352,0.9967586640797593,2.007329767580631e-30
278580,0.0,-5.915692901885742e-40,9927.051530792352,0.9967586640797593,2.007174909513279e-30
278640,0.0,-5.915236346100788e-40,9927.051530792352,0.9967586640797593,2.0070200514459276e-30
278700,0.0,-5.914779790315834e-40,9927.051530792352,0.9967586640797593,2.0068651933785756e-30
278760,0.0,-5.91432323453088e-40,9927.051530792352,0.9967586640797593,2.006710335311224e-30
278820,0.0,-5.9138666787459256e-40,9927.051530792352,0.9967586640797593,2.006555477243872e-30
278880,0.0,-5.913410122960971e-40,9927.051530792352,0.9967586640797593,2.00640061917652e-30
278940,0.0,-5.912953567176017e-40,9927.051530792352,0.9967586640797593,2.0062457611091684e-30
279000,0.0,-5.912497011391063e-40,9927.051530792352,0.9967586640797593,2.0060909030418168e-30
279060,0.0,-5.912040455606108e-40,9927.051530792352,0.9967586640797593,2.005936044974465e-30
279120,0.0,-5.911583899821154e-40,9927.051530792352,0.9967586640797593,2.005781186907113e-30
279180,0.0,-5.911127344036201e-40,9927.051530792352,0.9967586640797593,2.0056263288397612e-30
279240,0.0,-5.910670788251246e-40,9927.051530792352,0.9967586640797593,2.0054714707724093e-30
279300,0.0,-5.910214232466292e-40,9927.051530792352,0.9967586640797593,2.0053166127050577e-30
279360,0.0,-5.9097576766813375e-40,9927.051530792352,0.9967586640797593,2.005161754637706e-30
279420,0.0,-5.909301120896383e-40,9927.051530792352,0.9967586640797593,2.005006896570354e-30
279480,0.0,-5.908844565111429e-40,9927.051530792352,0.9967586640797593,2.004852038503002e-30
279540,0.0,-5.908388009326475e-40,9927.051530792352,0.9967586640797593,2.0046971804356505e-30
279600,0.0,-5.90793145354152e-40,9927.051530792352,0.9967586640797593,2.0045423223682985e-30
279660,0.0,-5.907474897756567e-40,9927.051530792352,0.9967586640797593,2.004387464300947e-30
279720,0.0,-5.907018341971612e-40,9927.051530792352,0.9967586640797593,2.004232606233595e-30
279780,0.0,-5.906561786186658e-40,9927.051530792352,0.9967586640797593,2.004077748166243e-30
279840,0.0,-5.9061052304017035e-40,9927.051530792352,0.9967586640797593,2.0039228900988914e-30
279900,0.0,-5.905648674616749e-40,9927.051530792352,0.9967586640797593,2.0037680320315394e-30
279960,0.0,-5.905192118831795e-40,9927.051530792352,0.9967586640797593,2.0036131739641878e-30
280020,0.0,-5.904735563046841e-40,9927.051530792352,0.9967586640797593,2.0034583158968358e-30
280080,0.0,-5.904279007261887e-40,9927.051530792352,0.9967586640797593,2.003303457829484e-30
280140,0.0,-5.903822451476933e-40,9927.051530792352,0.9967586640797593,2.0031485997621322e-30
280200,0.0,-5.903365895691979e-40,9927.051530792352,0.9967586640797593,2.0029937416947806e-30
280260,0.0,-5.902909339907024e-40,9927.051530792352,0.9967586640797593,2.0028388836274286e-30
280320,0.0,-5.90245278412207e-40,9927.051530792352,0.9967586640797593,2.0026840255600767e-30
280380,0.0,-5.901996228337116e-40,9927.051530792352,0.9967586640797593,2.002529167492725e-30
280440,0.0,-5.901539672552161e-40,9927.051530792352,0.9967586640797593,2.002374309425373e-30
280500,0.0,-5.901083116767207e-40,9927.051530792352,0.9967586640797593,2.0022194513580215e-30
280560,0.0,-5.900626560982254e-40,9927.051530792352,0.9967586640797593,2.0020645932906695e-30
280620,0.0,-5.900170005197299e-40,9927.051530792352,0.9967586640797593,2.0019097352233175e-30
280680,0.0,-5.899713449412345e-40,9927.051530792352,0.9967586640797593,2.001754877155966e-30
280740,0.0,-5.89925689362739e-40,9927.051530792352,0.9967586640797593,2.001600019088614e-30
280800,0.0,-5.898800337842436e-40,9927.051530792352,0.9967586640797593,2.0014451610212623e-30
280860,0.0,-5.898343782057482e-40,9927.051530792352,0.9967586640797593,2.0012903029539104e-30
280920,0.0,-5.897887226272527e-40,9927.051530792352,0.9967586640797593,2.0011354448865584e-30
280980,0.0,-5.897430670487573e-40,9927.051530792352,0.9967586640797593,2.0009805868192068e-30
281040,0.0,-5.89697411470262e-40,9927.051530792352,0.9967586640797593,2.000825728751855e-30
281100,0.0,-5.896517558917665e-40,9927.051530792352,0.9967586640797593,2.0006708706845032e-30
281160,0.0,-5.896061003132711e-40,9927.051530792352,0.9967586640797593,2.0005160126171512e-30
281220,0.0,-5.8956044473477566e-40,9927.051530792352,0.9967586640797593,2.0003611545497996e-30
281280,0.0,-5.8951478915628024e-40,9927.051530792352,0.9967586640797593,2.0002062964824476e-30
281340,0.0,-5.894691335777848e-40,9927.051530792352,0.9967586640797593,2.000051438415096e-30
281400,0.0,-5.894234779992894e-40,9927.051530792352,0.9967586640797593,1.9998965803477444e-30
281460,0.0,-5.89377822420794e-40,9927.051530792352,0.9967586640797593,1.9997417222803924e-30
281520,0.0,-5.893321668422986e-40,9927.051530792352,0.9967586640797593,1.9995868642130405e-30
281580,0.0,-5.892865112638032e-40,9927.051530792352,0.9967586640797593,1.999432006145689e-30
281640,0.0,-5.892408556853077e-40,9927.051530792352,0.9967586640797593,1.999277148078337e-30
281700,0.0,-5.8919520010681234e-40,9927.051530792352,0.9967586640797593,1.9991222900109853e-30
281760,0.0,-5.8914954452831685e-40,9927.051530792352,0.9967586640797593,1.9989674319436333e-30
281820,0.0,-5.891038889498214e-40,9927.051530792352,0.9967586640797593,1.9988125738762813e-30
281880,0.0,-5.89058233371326e-40,9927.051530792352,0.9967586640797593,1.9986577158089297e-30
281940,0.0,-5.890125777928306e-40,9927.051530792352,0.9967586640797593,1.9985028577415777e-30
282000,0.0,-5.889669222143352e-40,9927.051530792352,0.9967586640797593,1.998347999674226e-30
282060,0.0,-5.889212666358398e-40,9927.051530792352,0.9967586640797593,1.998193141606874e-30
282120,0.0,-5.888756110573443e-40,9927.051530792352,0.9967586640797593,1.9980382835395222e-30
282180,0.0,-5.8882995547884895e-40,9927.051530792352,0.9967586640797593,1.9978834254721706e-30
282240,0.0,-5.887842999003535e-40,9927.051530792352,0.9967586640797593,1.997728567404819e-30
282300,0.0,-5.88738644321858e-40,9927.051530792352,0.9967586640797593,1.997573709337467e-30
282360,0.0,-5.886929887433626e-40,9927.051530792352,0.9967586640797593,1.997418851270115e-30
282420,0.0,-5.886473331648673e-40,9927.051530792352,0.9967586640797593,1.9972639932027634e-30
282480,0.0,-5.886016775863718e-40,9927.051530792352,0.9967586640797593,1.9971091351354114e-30
282540,0.0,-5.885560220078764e-40,9927.051530792352,0.9967586640797593,1.9969542770680598e-30
282600,0.0,-5.88510366429381e-40,9927.051530792352,0.9967586640797593,1.996799419000708e-30
282660,0.0,-5.8846471085088555e-40,9927.051530792352,0.9967586640797593,1.996644560933356e-30
282720,0.0,-5.884190552723901e-40,9927.051530792352,0.9967586640797593,1.9964897028660043e-30
282780,0.0,-5.8837339969389464e-40,9927.051530792352,0.9967586640797593,1.9963348447986523e-30
282840,0.0,-5.883277441153993e-40,9927.051530792352,0.9967586640797593,1.9961799867313007e-30
282900,0.0,-5.882820885369039e-40,9927.051530792352,0.9967586640797593,1.9960251286639487e-30
282960,0.0,-5.882364329584084e-40,9927.051530792352,0.9967586640797593,1.9958702705965967e-30
283020,0.0,-5.88190777379913e-40,9927.051530792352,0.9967586640797593,1.995715412529245e-30
283080,0.0,-5.881451218014176e-40,9927.051530792352,0.9967586640797593,1.9955605544618935e-30
283140,0.0,-5.8809946622292216e-40,9927.051530792352,0.9967586640797593,1.9954056963945415e-30
283200,0.0,-5.8805381064442674e-40,9927.051530792352,0.9967586640797593,1.9952508383271896e-30
283260,0.0,-5.880081550659313e-40,9927.051530792352,0.9967586640797593,1.995095980259838e-30
283320,0.0,-5.879624994874359e-40,9927.051530792352,0.9967586640797593,1.994941122192486e-30
283380,0.0,-5.879168439089405e-40,9927.051530792352,0.9967586640797593,1.9947862641251344e-30
283440,0.0,-5.878711883304451e-40,9927.051530792352,0.9967586640797593,1.9946314060577828e-30
283500,0.0,-5.878255327519496e-40,9927.051530792352,0.9967586640797593,1.9944765479904308e-30
283560,0.0,-5.8777987717345426e-40,9927.051530792352,0.9967586640797593,1.9943216899230788e-30
283620,0.0,-5.8773422159495884e-40,9927.051530792352,0.9967586640797593,1.9941668318557272e-30
283680,0.0,-5.8768856601646335e-40,9927.051530792352,0.9967586640797593,1.9940119737883752e-30
283740,0.0,-5.876429104379679e-40,9927.051530792352,0.9967586640797593,1.9938571157210236e-30
283800,0.0,-5.875972548594725e-40,9927.051530792352,0.9967586640797593,1.9937022576536716e-30
283860,0.0,-5.875515992809771e-40,9927.051530792352,0.9967586640797593,1.9935473995863197e-30
283920,0.0,-5.875059437024817e-40,9927.051530792352,0.9967586640797593,1.993392541518968e-30
283980,0.0,-5.874602881239863e-40,9927.051530792352,0.9967586640797593,1.993237683451616e-30
284040,0.0,-5.874146325454909e-40,9927.051530792352,0.9967586640797593,1.9930828253842645e-30
284100,0.0,-5.8736897696699545e-40,9927.051530792352,0.9967586640797593,1.9929279673169125e-30
284160,0.0,-5.8732332138849995e-40,9927.051530792352,0.9967586640797593,1.9927731092495605e-30
284220,0.0,-5.872776658100045e-40,9927.051530792352,0.9967586640797593,1.992618251182209e-30
284280,0.0,-5.872320102315092e-40,9927.051530792352,0.9967586640797593,1.9924633931148573e-30
284340,0.0,-5.871863546530137e-40,9927.051530792352,0.9967586640797593,1.9923085350475053e-30
284400,0.0,-5.871406990745183e-40,9927.051530792352,0.9967586640797593,1.9921536769801534e-30
284460,0.0,-5.870950434960229e-40,9927.051530792352,0.9967586640797593,1.9919988189128018e-30
284520,0.0,-5.870493879175275e-40,9927.051530792352,0.9967586640797593,1.9918439608454498e-30
284580,0.0,-5.8700373233903205e-40,9927.051530792352,0.9967586640797593,1.991689102778098e-30
284640,0.0,-5.869580767605366e-40,9927.051530792352,0.9967586640797593,1.9915342447107462e-30
284700,0.0,-5.869124211820412e-40,9927.051530792352,0.9967586640797593,1.9913793866433942e-30
284760,0.0,-5.868667656035458e-40,9927.051530792352,0.9967586640797593,1.9912245285760426e-30
284820,0.0,-5.868211100250503e-40,9927.051530792352,0.9967586640797593,1.9910696705086906e-30
284880,0.0,-5.867754544465549e-40,9927.051530792352,0.9967586640797593,1.990914812441339e-30
284940,0.0,-5.867297988680596e-40,9927.051530792352,0.9967586640797593,1.990759954373987e-30
285000,0.0,-5.866841432895641e-40,9927.051530792352,0.9967586640797593,1.990605096306635e-30
285060,0.0,-5.8663848771106865e-40,9927.051530792352,0.9967586640797593,1.9904502382392835e-30
285120,0.0,-5.865928321325732e-40,9927.051530792352,0.9967586640797593,1.990295380171932e-30
285180,0.0,-5.865471765540778e-40,9927.051530792352,0.9967586640797593,1.99014052210458e-30
285240,0.0,-5.865015209755824e-40,9927.051530792352,0.9967586640797593,1.989985664037228e-30
285300,0.0,-5.86455865397087e-40,9927.051530792352,0.9967586640797593,1.9898308059698763e-30
285360,0.0,-5.864102098185915e-40,9927.051530792352,0.9967586640797593,1.9896759479025243e-30
285420,0.0,-5.863645542400962e-40,9927.051530792352,0.9967586640797593,1.9895210898351727e-30
285480,0.0,-5.8631889866160075e-40,9927.051530792352,0.9967586640797593,1.989366231767821e-30
285540,0.0,-5.8627324308310526e-40,9927.051530792352,0.9967586640797593,1.989211373700469e-30
285600,0.0,-5.8622758750460984e-40,9927.051530792352,0.9967586640797593,1.989056515633117e-30
285660,0.0,-5.861819319261145e-40,9927.051530792352,0.9967586640797593,1.9889016575657656e-30
285720,0.0,-5.86136276347619e-40,9927.051530792352,0.9967586640797593,1.9887467994984136e-30
285780,0.0,-5.860906207691236e-40,9927.051530792352,0.9967586640797593,1.988591941431062e-30
285840,0.0,-5.860449651906282e-40,9927.051530792352,0.9967586640797593,1.98843708336371e-30
285900,0.0,-5.859993096121328e-40,9927.051530792352,0.9967586640797593,1.988282225296358e-30
285960,0.0,-5.8595365403363736e-40,9927.051530792352,0.9967586640797593,1.9881273672290064e-30
286020,0.0,-5.859079984551419e-40,9927.051530792352,0.9967586640797593,1.9879725091616544e-30
286080,0.0,-5.858623428766465e-40,9927.051530792352,0.9967586640797593,1.987817651094303e-30
286140,0.0,-5.858166872981511e-40,9927.051530792352,0.9967586640797593,1.987662793026951e-30
286200,0.0,-5.857710317196556e-40,9927.051530792352,0.9967586640797593,1.987507934959599e-30
286260,0.0,-5.857253761411602e-40,9927.051530792352,0.9967586640797593,1.9873530768922473e-30
286320,0.0,-5.856797205626649e-40,9927.051530792352,0.9967586640797593,1.9871982188248957e-30
286380,0.0,-5.856340649841694e-40,9927.051530792352,0.9967586640797593,1.9870433607575437e-30
286440,0.0,-5.85588409405674e-40,9927.051530792352,0.9967586640797593,1.9868885026901917e-30
286500,0.0,-5.8554275382717855e-40,9927.051530792352,0.9967586640797593,1.98673364462284e-30
286560,0.0,-5.854970982486831e-40,9927.051530792352,0.9967586640797593,1.986578786555488e-30
286620,0.0,-5.854514426701877e-40,9927.051530792352,0.9967586640797593,1.9864239284881365e-30
286680,0.0,-5.854057870916923e-40,9927.051530792352,0.9967586640797593,1.9862690704207846e-30
286740,0.0,-5.853601315131968e-40,9927.051530792352,0.9967586640797593,1.9861142123534326e-30
286800,0.0,-5.853144759347015e-40,9927.051530792352,0.9967586640797593,1.985959354286081e-30
286860,0.0,-5.852688203562061e-40,9927.051530792352,0.9967586640797593,1.9858044962187294e-30
286920,0.0,-5.852231647777106e-40,9927.051530792352,0.9967586640797593,1.9856496381513774e-30
286980,0.0,-5.8517750919921515e-40,9927.051530792352,0.9967586640797593,1.9854947800840254e-30
287040,0.0,-5.851318536207197e-40,9927.051530792352,0.9967586640797593,1.9853399220166734e-30
287100,0.0,-5.850861980422243e-40,9927.051530792352,0.9967586640797593,1.985185063949322e-30
287160,0.0,-5.850405424637289e-40,9927.051530792352,0.9967586640797593,1.9850302058819702e-30
287220,0.0,-5.849948868852335e-40,9927.051530792352,0.9967586640797593,1.9848753478146182e-30
287280,0.0,-5.849492313067381e-40,9927.051530792352,0.9967586640797593,1.9847204897472663e-30
287340,0.0,-5.849035757282427e-40,9927.051530792352,0.9967586640797593,1.9845656316799147e-30
287400,0.0,-5.848579201497472e-40,9927.051530792352,0.9967586640797593,1.9844107736125627e-30
287460,0.0,-5.848122645712518e-40,9927.051530792352,0.9967586640797593,1.984255915545211e-30
287520,0.0,-5.847666089927564e-40,9927.051530792352,0.9967586640797593,1.9841010574778595e-30
287580,0.0,-5.847209534142609e-40,9927.051530792352,0.9967586640797593,1.9839461994105075e-30
287640,0.0,-5.846752978357655e-40,9927.051530792352,0.9967586640797593,1.9837913413431555e-30
287700,0.0,-5.846296422572701e-40,9927.051530792352,0.9967586640797593,1.983636483275804e-30
287760,0.0,-5.845839866787747e-40,9927.051530792352,0.9967586640797593,1.983481625208452e-30
287820,0.0,-5.845383311002793e-40,9927.051530792352,0.9967586640797593,1.9833267671411003e-30
287880,0.0,-5.8449267552178385e-40,9927.051530792352,0.9967586640797593,1.9831719090737484e-30
287940,0.0,-5.844470199432884e-40,9927.051530792352,0.9967586640797593,1.9830170510063964e-30
288000,0.0,-5.84401364364793e-40,9927.051530792352,0.9967586640797593,1.9828621929390448e-30
288060,0.0,-5.843557087862975e-40,9927.051530792352,0.9967586640797593,1.9827073348716928e-30
288120,0.0,-5.843100532078021e-40,9927.051530792352,0.9967586640797593,1.9825524768043412e-30
288180,0.0,-5.842643976293068e-40,9927.051530792352,0.9967586640797593,1.9823976187369892e-30
288240,0.0,-5.842187420508113e-40,9927.051530792352,0.9967586640797593,1.9822427606696372e-30
288300,0.0,-5.841730864723159e-40,9927.051530792352,0.9967586640797593,1.9820879026022856e-30
288360,0.0,-5.8412743089382046e-40,9927.051530792352,0.9967586640797593,1.981933044534934e-30
288420,0.0,-5.8408177531532504e-40,9927.051530792352,0.9967586640797593,1.981778186467582e-30
288480,0.0,-5.840361197368296e-40,9927.051530792352,0.9967586640797593,1.98162332840023e-30
288540,0.0,-5.839904641583342e-40,9927.051530792352,0.9967586640797593,1.9814684703328785e-30
288600,0.0,-5.839448085798388e-40,9927.051530792352,0.9967586640797593,1.9813136122655265e-30
288660,0.0,-5.838991530013434e-40,9927.051530792352,0.9967586640797593,1.981158754198175e-30
288720,0.0,-5.83853497422848e-40,9927.051530792352,0.9967586640797593,1.981003896130823e-30
288780,0.0,-5.838078418443525e-40,9927.051530792352,0.9967586640797593,1.980849038063471e-30
288840,0.0,-5.837621862658571e-40,9927.051530792352,0.9967586640797593,1.9806941799961193e-30
288900,0.0,-5.837165306873617e-40,9927.051530792352,0.9967586640797593,1.9805393219287677e-30
288960,0.0,-5.836708751088662e-40,9927.051530792352,0.9967586640797593,1.9803844638614157e-30
289020,0.0,-5.836252195303708e-40,9927.051530792352,0.9967586640797593,1.9802296057940638e-30
289080,0.0,-5.835795639518754e-40,9927.051530792352,0.9967586640797593,1.9800747477267118e-30
289140,0.0,-5.8353390837338e-40,9927.051530792352,0.9967586640797593,1.9799198896593602e-30
289200,0.0,-5.834882527948846e-40,9927.051530792352,0.9967586640797593,1.9797650315920086e-30
289260,0.0,-5.834425972163891e-40,9927.051530792352,0.9967586640797593,1.9796101735246566e-30
289320,0.0,-5.8339694163789375e-40,9927.051530792352,0.9967586640797593,1.9794553154573046e-30
289380,0.0,-5.833512860593983e-40,9927.051530792352,0.9967586640797593,1.979300457389953e-30
289440,0.0,-5.833056304809028e-40,9927.051530792352,0.9967586640797593,1.979145599322601e-30
289500,0.0,-5.832599749024074e-40,9927.051530792352,0.9967586640797593,1.9789907412552494e-30
289560,0.0,-5.832143193239121e-40,9927.051530792352,0.9967586640797593,1.9788358831878978e-30
289620,0.0,-5.831686637454166e-40,9927.051530792352,0.9967586640797593,1.978681025120546e-30
289680,0.0,-5.831230081669212e-40,9927.051530792352,0.9967586640797593,1.978526167053194e-30
289740,0.0,-5.830773525884258e-40,9927.051530792352,0.9967586640797593,1.9783713089858423e-30
289800,0.0,-5.8303169700993035e-40,9927.051530792352,0.9967586640797593,1.9782164509184903e-30
289860,0.0,-5.829860414314349e-40,9927.051530792352,0.9967586640797593,1.9780615928511387e-30
289920,0.0,-5.829403858529395e-40,9927.051530792352,0.9967586640797593,1.9779067347837867e-30
289980,0.0,-5.82894730274444e-40,9927.051530792352,0.9967586640797593,1.9777518767164347e-30
290040,0.0,-5.828490746959487e-40,9927.051530792352,0.9967586640797593,1.977597018649083e-30
290100,0.0,-5.828034191174532e-40,9927.051530792352,0.9967586640797593,1.977442160581731e-30
290160,0.0,-5.827577635389578e-40,9927.051530792352,0.9967586640797593,1.9772873025143795e-30
290220,0.0,-5.827121079604624e-40,9927.051530792352,0.9967586640797593,1.9771324444470276e-30
290280,0.0,-5.8266645238196696e-40,9927.051530792352,0.9967586640797593,1.9769775863796756e-30
290340,0.0,-5.8262079680347154e-40,9927.051530792352,0.9967586640797593,1.976822728312324e-30
290400,0.0,-5.825751412249761e-40,9927.051530792352,0.9967586640797593,1.9766678702449724e-30
290460,0.0,-5.825294856464807e-40,9927.051530792352,0.9967586640797593,1.9765130121776204e-30
290520,0.0,-5.824838300679853e-40,9927.051530792352,0.9967586640797593,1.9763581541102684e-30
290580,0.0,-5.824381744894899e-40,9927.051530792352,0.9967586640797593,1.9762032960429168e-30
290640,0.0,-5.823925189109944e-40,9927.051530792352,0.9967586640797593,1.976048437975565e-30
290700,0.0,-5.8234686333249906e-40,9927.051530792352,0.9967586640797593,1.9758935799082132e-30
290760,0.0,-5.8230120775400364e-40,9927.051530792352,0.9967586640797593,1.9757387218408613e-30
290820,0.0,-5.8225555217550815e-40,9927.051530792352,0.9967586640797593,1.9755838637735093e-30
290880,0.0,-5.822098965970127e-40,9927.051530792352,0.9967586640797593,1.9754290057061577e-30
290940,0.0,-5.821642410185174e-40,9927.051530792352,0.9967586640797593,1.975274147638806e-30
291000,0.0,-5.821185854400219e-40,9927.051530792352,0.9967586640797593,1.975119289571454e-30
291060,0.0,-5.820729298615265e-40,9927.051530792352,0.9967586640797593,1.974964431504102e-30
291120,0.0,-5.82027274283031e-40,9927.051530792352,0.9967586640797593,1.97480957343675e-30
291180,0.0,-5.819816187045357e-40,9927.051530792352,0.9967586640797593,1.9746547153693985e-30
291240,0.0,-5.8193596312604024e-40,9927.051530792352,0.9967586640797593,1.974499857302047e-30
291300,0.0,-5.8189030754754475e-40,9927.051530792352,0.9967586640797593,1.974344999234695e-30
291360,0.0,-5.818446519690493e-40,9927.051530792352,0.9967586640797593,1.974190141167343e-30
291420,0.0,-5.81798996390554e-40,9927.051530792352,0.9967586640797593,1.9740352830999914e-30
291480,0.0,-5.817533408120585e-40,9927.051530792352,0.9967586640797593,1.9738804250326394e-30
291540,0.0,-5.817076852335631e-40,9927.051530792352,0.9967586640797593,1.9737255669652878e-30
291600,0.0,-5.816620296550677e-40,9927.051530792352,0.9967586640797593,1.973570708897936e-30
291660,0.0,-5.816163740765723e-40,9927.051530792352,0.9967586640797593,1.9734158508305842e-30
291720,0.0,-5.8157071849807685e-40,9927.051530792352,0.9967586640797593,1.9732609927632322e-30
291780,0.0,-5.815250629195814e-40,9927.051530792352,0.9967586640797593,1.9731061346958806e-30
291840,0.0,-5.81479407341086e-40,9927.051530792352,0.9967586640797593,1.9729512766285286e-30
291900,0.0,-5.814337517625906e-40,9927.051530792352,0.9967586640797593,1.972796418561177e-30
291960,0.0,-5.813880961840952e-40,9927.051530792352,0.9967586640797593,1.972641560493825e-30
292020,0.0,-5.813424406055997e-40,9927.051530792352,0.9967586640797593,1.972486702426473e-30
292080,0.0,-5.812967850271044e-40,9927.051530792352,0.9967586640797593,1.9723318443591215e-30
292140,0.0,-5.812511294486089e-40,9927.051530792352,0.9967586640797593,1.9721769862917695e-30
292200,0.0,-5.8120547387011345e-40,9927.051530792352,0.9967586640797593,1.972022128224418e-30
292260,0.0,-5.81159818291618e-40,9927.051530792352,0.9967586640797593,1.971867270157066e-30
292320,0.0,-5.811141627131226e-40,9927.051530792352,0.9967586640797593,1.971712412089714e-30
292380,0.0,-5.810685071346272e-40,9927.051530792352,0.9967586640797593,1.9715575540223623e-30
292440,0.0,-5.810228515561318e-40,9927.051530792352,0.9967586640797593,1.9714026959550107e-30
292500,0.0,-5.809771959776363e-40,9927.051530792352,0.9967586640797593,1.9712478378876588e-30
292560,0.0,-5.80931540399141e-40,9927.051530792352,0.9967586640797593,1.9710929798203068e-30
292620,0.0,-5.8088588482064555e-40,9927.051530792352,0.9967586640797593,1.970938121752955e-30
292680,0.0,-5.8084022924215006e-40,9927.051530792352,0.9967586640797593,1.9707832636856032e-30
292740,0.0,-5.8079457366365464e-40,9927.051530792352,0.9967586640797593,1.9706284056182516e-30
292800,0.0,-5.807489180851593e-40,9927.051530792352,0.9967586640797593,1.9704735475508996e-30
292860,0.0,-5.807032625066638e-40,9927.051530792352,0.9967586640797593,1.9703186894835476e-30
292920,0.0,-5.806576069281684e-40,9927.051530792352,0.9967586640797593,1.970163831416196e-30
292980,0.0,-5.80611951349673e-40,9927.051530792352,0.9967586640797593,1.9700089733488444e-30
293040,0.0,-5.805662957711776e-40,9927.051530792352,0.9967586640797593,1.9698541152814924e-30
293100,0.0,-5.8052064019268216e-40,9927.051530792352,0.9967586640797593,1.9696992572141405e-30
293160,0.0,-5.804749846141867e-40,9927.051530792352,0.9967586640797593,1.9695443991467885e-30
293220,0.0,-5.804293290356913e-40,9927.051530792352,0.9967586640797593,1.969389541079437e-30
293280,0.0,-5.803836734571959e-40,9927.051530792352,0.9967586640797593,1.9692346830120853e-30
293340,0.0,-5.803380178787004e-40,9927.051530792352,0.9967586640797593,1.9690798249447333e-30
293400,0.0,-5.80292362300205e-40,9927.051530792352,0.9967586640797593,1.9689249668773813e-30
293460,0.0,-5.802467067217096e-40,9927.051530792352,0.9967586640797593,1.9687701088100297e-30
293520,0.0,-5.802010511432142e-40,9927.051530792352,0.9967586640797593,1.9686152507426778e-30
293580,0.0,-5.801553955647188e-40,9927.051530792352,0.9967586640797593,1.968460392675326e-30
293640,0.0,-5.8010973998622335e-40,9927.051530792352,0.9967586640797593,1.9683055346079745e-30
293700,0.0,-5.800640844077279e-40,9927.051530792352,0.9967586640797593,1.9681506765406226e-30
293760,0.0,-5.800184288292325e-40,9927.051530792352,0.9967586640797593,1.9679958184732706e-30
293820,0.0,-5.799727732507371e-40,9927.051530792352,0.9967586640797593,1.967840960405919e-30
293880,0.0,-5.799271176722416e-40,9927.051530792352,0.9967586640797593,1.967686102338567e-30
293940,0.0,-5.798814620937463e-40,9927.051530792352,0.9967586640797593,1.9675312442712154e-30
294000,0.0,-5.798358065152509e-40,9927.051530792352,0.9967586640797593,1.9673763862038634e-30
294060,0.0,-5.797901509367554e-40,9927.051530792352,0.9967586640797593,1.9672215281365114e-30
294120,0.0,-5.7974449535825995e-40,9927.051530792352,0.9967586640797593,1.96706667006916e-30
294180,0.0,-5.796988397797645e-40,9927.051530792352,0.9967586640797593,1.966911812001808e-30
294240,0.0,-5.796531842012691e-40,9927.051530792352,0.9967586640797593,1.9667569539344562e-30
294300,0.0,-5.796075286227737e-40,9927.051530792352,0.9967586640797593,1.9666020958671043e-30
294360,0.0,-5.795618730442782e-40,9927.051530792352,0.9967586640797593,1.9664472377997523e-30
294420,0.0,-5.795162174657829e-40,9927.051530792352,0.9967586640797593,1.9662923797324007e-30
294480,0.0,-5.794705618872875e-40,9927.051530792352,0.9967586640797593,1.966137521665049e-30
294540,0.0,-5.79424906308792e-40,9927.051530792352,0.9967586640797593,1.965982663597697e-30
294600,0.0,-5.7937925073029655e-40,9927.051530792352,0.9967586640797593,1.965827805530345e-30
294660,0.0,-5.793335951518012e-40,9927.051530792352,0.9967586640797593,1.9656729474629935e-30
294720,0.0,-5.792879395733057e-40,9927.051530792352,0.9967586640797593,1.9655180893956416e-30
294780,0.0,-5.792422839948103e-40,9927.051530792352,0.9967586640797593,1.96536323132829e-30
294840,0.0,-5.791966284163149e-40,9927.051530792352,0.9967586640797593,1.965208373260938e-30
294900,0.0,-5.791509728378195e-40,9927.051530792352,0.9967586640797593,1.965053515193586e-30
294960,0.0,-5.791053172593241e-40,9927.051530792352,0.9967586640797593,1.9648986571262344e-30
295020,0.0,-5.7905966168082865e-40,9927.051530792352,0.9967586640797593,1.9647437990588828e-30
295080,0.0,-5.790140061023332e-40,9927.051530792352,0.9967586640797593,1.9645889409915308e-30
295140,0.0,-5.789683505238378e-40,9927.051530792352,0.9967586640797593,1.964434082924179e-30
295200,0.0,-5.789226949453423e-40,9927.051530792352,0.9967586640797593,1.964279224856827e-30
295260,0.0,-5.788770393668469e-40,9927.051530792352,0.9967586640797593,1.9641243667894752e-30
295320,0.0,-5.788313837883516e-40,9927.051530792352,0.9967586640797593,1.9639695087221236e-30
295380,0.0,-5.787857282098561e-40,9927.051530792352,0.9967586640797593,1.9638146506547717e-30
295440,0.0,-5.787400726313607e-40,9927.051530792352,0.9967586640797593,1.9636597925874197e-30
295500,0.0,-5.7869441705286526e-40,9927.051530792352,0.9967586640797593,1.963504934520068e-30
295560,0.0,-5.7864876147436984e-40,9927.051530792352,0.9967586640797593,1.963350076452716e-30
295620,0.0,-5.786031058958744e-40,9927.051530792352,0.9967586640797593,1.9631952183853645e-30
295680,0.0,-5.78557450317379e-40,9927.051530792352,0.9967586640797593,1.963040360318013e-30
295740,0.0,-5.785117947388835e-40,9927.051530792352,0.9967586640797593,1.962885502250661e-30
295800,0.0,-5.784661391603882e-40,9927.051530792352,0.9967586640797593,1.962730644183309e-30
295860,0.0,-5.784204835818928e-40,9927.051530792352,0.9967586640797593,1.9625757861159573e-30
295920,0.0,-5.783748280033973e-40,9927.051530792352,0.9967586640797593,1.9624209280486054e-30
295980,0.0,-5.783291724249019e-40,9927.051530792352,0.9967586640797593,1.9622660699812537e-30
296040,0.0,-5.782835168464065e-40,9927.051530792352,0.9967586640797593,1.9621112119139018e-30
296100,0.0,-5.78237861267911e-40,9927.051530792352,0.9967586640797593,1.9619563538465498e-30
296160,0.0,-5.781922056894156e-40,9927.051530792352,0.9967586640797593,1.9618014957791982e-30
296220,0.0,-5.781465501109202e-40,9927.051530792352,0.9967586640797593,1.9616466377118466e-30
296280,0.0,-5.781008945324248e-40,9927.051530792352,0.9967586640797593,1.9614917796444946e-30
296340,0.0,-5.780552389539294e-40,9927.051530792352,0.9967586640797593,1.9613369215771426e-30
296400,0.0,-5.780095833754339e-40,9927.051530792352,0.9967586640797593,1.9611820635097907e-30
296460,0.0,-5.7796392779693855e-40,9927.051530792352,0.9967586640797593,1.961027205442439e-30
296520,0.0,-5.779182722184431e-40,9927.051530792352,0.9967586640797593,1.9608723473750874e-30
296580,0.0,-5.778726166399476e-40,9927.051530792352,0.9967586640797593,1.9607174893077355e-30
296640,0.0,-5.778269610614522e-40,9927.051530792352,0.9967586640797593,1.9605626312403835e-30
296700,0.0,-5.777813054829569e-40,9927.051530792352,0.9967586640797593,1.960407773173032e-30
296760,0.0,-5.777356499044614e-40,9927.051530792352,0.9967586640797593,1.96025291510568e-30
296820,0.0,-5.77689994325966e-40,9927.051530792352,0.9967586640797593,1.9600980570383283e-30
296880,0.0,-5.776443387474706e-40,9927.051530792352,0.9967586640797593,1.9599431989709763e-30
296940,0.0,-5.7759868316897515e-40,9927.051530792352,0.9967586640797593,1.9597883409036244e-30
297000,0.0,-5.775530275904797e-40,9927.051530792352,0.9967586640797593,1.9596334828362727e-30
297060,0.0,-5.775073720119843e-40,9927.051530792352,0.9967586640797593,1.959478624768921e-30
297120,0.0,-5.774617164334888e-40,9927.051530792352,0.9967586640797593,1.959323766701569e-30
297180,0.0,-5.774160608549935e-40,9927.051530792352,0.9967586640797593,1.9591689086342172e-30
297240,0.0,-5.773704052764981e-40,9927.051530792352,0.9967586640797593,1.9590140505668656e-30
297300,0.0,-5.773247496980026e-40,9927.051530792352,0.9967586640797593,1.9588591924995136e-30
297360,0.0,-5.772790941195072e-40,9927.051530792352,0.9967586640797593,1.958704334432162e-30
297420,0.0,-5.7723343854101176e-40,9927.051530792352,0.9967586640797593,1.95854947636481e-30
297480,0.0,-5.7718778296251634e-40,9927.051530792352,0.9967586640797593,1.958394618297458e-30
297540,0.0,-5.771421273840209e-40,9927.051530792352,0.9967586640797593,1.9582397602301064e-30
297600,0.0,-5.770964718055255e-40,9927.051530792352,0.9967586640797593,1.9580849021627545e-30
297660,0.0,-5.770508162270301e-40,9927.051530792352,0.9967586640797593,1.957930044095403e-30
297720,0.0,-5.770051606485347e-40,9927.051530792352,0.9967586640797593,1.9577751860280512e-30
297780,0.0,-5.769595050700392e-40,9927.051530792352,0.9967586640797593,1.9576203279606993e-30
297840,0.0,-5.769138494915438e-40,9927.051530792352,0.9967586640797593,1.9574654698933473e-30
297900,0.0,-5.768681939130484e-40,9927.051530792352,0.9967586640797593,1.9573106118259957e-30
297960,0.0,-5.7682253833455294e-40,9927.051530792352,0.9967586640797593,1.9571557537586437e-30
298020,0.0,-5.767768827560575e-40,9927.051530792352,0.9967586640797593,1.957000895691292e-30
298080,0.0,-5.767312271775621e-40,9927.051530792352,0.9967586640797593,1.95684603762394e-30
298140,0.0,-5.766855715990667e-40,9927.051530792352,0.9967586640797593,1.956691179556588e-30
298200,0.0,-5.766399160205713e-40,9927.051530792352,0.9967586640797593,1.9565363214892365e-30
298260,0.0,-5.765942604420759e-40,9927.051530792352,0.9967586640797593,1.956381463421885e-30
298320,0.0,-5.7654860486358046e-40,9927.051530792352,0.9967586640797593,1.956226605354533e-30
298380,0.0,-5.7650294928508504e-40,9927.051530792352,0.9967586640797593,1.956071747287181e-30
298440,0.0,-5.7645729370658955e-40,9927.051530792352,0.9967586640797593,1.955916889219829e-30
298500,0.0,-5.764116381280941e-40,9927.051530792352,0.9967586640797593,1.9557620311524774e-30
298560,0.0,-5.763659825495988e-40,9927.051530792352,0.9967586640797593,1.9556071730851258e-30
298620,0.0,-5.763203269711033e-40,9927.051530792352,0.9967586640797593,1.9554523150177738e-30
298680,0.0,-5.762746713926079e-40,9927.051530792352,0.9967586640797593,1.955297456950422e-30
298740,0.0,-5.762290158141125e-40,9927.051530792352,0.9967586640797593,1.9551425988830702e-30
298800,0.0,-5.761833602356171e-40,9927.051530792352,0.9967586640797593,1.9549877408157183e-30
298860,0.0,-5.7613770465712165e-40,9927.051530792352,0.9967586640797593,1.9548328827483666e-30
298920,0.0,-5.760920490786262e-40,9927.051530792352,0.9967586640797593,1.9546780246810147e-30
298980,0.0,-5.760463935001307e-40,9927.051530792352,0.9967586640797593,1.9545231666136627e-30
299040,0.0,-5.760007379216354e-40,9927.051530792352,0.9967586640797593,1.954368308546311e-30
299100,0.0,-5.7595508234314e-40,9927.051530792352,0.9967586640797593,1.9542134504789595e-30
299160,0.0,-5.759094267646445e-40,9927.051530792352,0.9967586640797593,1.9540585924116075e-30
299220,0.0,-5.758637711861491e-40,9927.051530792352,0.9967586640797593,1.9539037343442555e-30
299280,0.0,-5.7581811560765375e-40,9927.051530792352,0.9967586640797593,1.953748876276904e-30
299340,0.0,-5.7577246002915825e-40,9927.051530792352,0.9967586640797593,1.953594018209552e-30
299400,0.0,-5.757268044506628e-40,9927.051530792352,0.9967586640797593,1.9534391601422003e-30
299460,0.0,-5.756811488721674e-40,9927.051530792352,0.9967586640797593,1.9532843020748484e-30
299520,0.0,-5.75635493293672e-40,9927.051530792352,0.9967586640797593,1.9531294440074964e-30
299580,0.0,-5.755898377151766e-40,9927.051530792352,0.9967586640797593,1.9529745859401448e-30
299640,0.0,-5.755441821366811e-40,9927.051530792352,0.9967586640797593,1.9528197278727928e-30
299700,0.0,-5.754985265581858e-40,9927.051530792352,0.9967586640797593,1.9526648698054412e-30
299760,0.0,-5.7545287097969035e-40,9927.051530792352,0.9967586640797593,1.9525100117380896e-30
299820,0.0,-5.7540721540119486e-40,9927.051530792352,0.9967586640797593,1.9523551536707376e-30
299880,0.0,-5.7536155982269944e-40,9927.051530792352,0.9967586640797593,1.9522002956033856e-30
299940,0.0,-5.753159042442041e-40,9927.051530792352,0.9967586640797593,1.952045437536034e-30
300000,0.0,-5.752702486657086e-40,9927.051530792352,0.9967586640797593,1.951890579468682e-30
300060,0.0,-5.752245930872132e-40,9927.051530792352,0.9967586640797593,1.9517357214013304e-30
300120,0.0,-5.751789375087178e-40,9927.051530792352,0.9967586640797593,1.9515808633339785e-30
300180,0.0,-5.751332819302224e-40,9927.051530792352,0.9967586640797593,1.9514260052666265e-30
300240,0.0,-5.7508762635172696e-40,9927.051530792352,0.9967586640797593,1.951271147199275e-30
300300,0.0,-5.7504197077323154e-40,9927.051530792352,0.9967586640797593,1.9511162891319233e-30
300360,0.0,-5.7499631519473605e-40,9927.051530792352,0.9967586640797593,1.9509614310645713e-30
300420,0.0,-5.749506596162407e-40,9927.051530792352,0.9967586640797593,1.9508065729972193e-30
300480,0.0,-5.749050040377452e-40,9927.051530792352,0.9967586640797593,1.9506517149298674e-30
300540,0.0,-5.748593484592498e-40,9927.051530792352,0.9967586640797593,1.9504968568625158e-30
300600,0.0,-5.748136928807544e-40,9927.051530792352,0.9967586640797593,1.950341998795164e-30
300660,0.0,-5.74768037302259e-40,9927.051530792352,0.9967586640797593,1.950187140727812e-30
300720,0.0,-5.747223817237636e-40,9927.051530792352,0.9967586640797593,1.9500322826604602e-30
300780,0.0,-5.7467672614526815e-40,9927.051530792352,0.9967586640797593,1.9498774245931086e-30
300840,0.0,-5.746310705667727e-40,9927.051530792352,0.9967586640797593,1.9497225665257566e-30
300900,0.0,-5.745854149882773e-40,9927.051530792352,0.9967586640797593,1.949567708458405e-30
300960,0.0,-5.745397594097819e-40,9927.051530792352,0.9967586640797593,1.949412850391053e-30
301020,0.0,-5.744941038312864e-40,9927.051530792352,0.9967586640797593,1.949257992323701e-30
301080,0.0,-5.744484482527911e-40,9927.051530792352,0.9967586640797593,1.9491031342563494e-30
301140,0.0,-5.744027926742957e-40,9927.051530792352,0.9967586640797593,1.948948276188998e-30
301200,0.0,-5.743571370958002e-40,9927.051530792352,0.9967586640797593,1.948793418121646e-30
301260,0.0,-5.7431148151730475e-40,9927.051530792352,0.9967586640797593,1.948638560054294e-30
301320,0.0,-5.742658259388094e-40,9927.051530792352,0.9967586640797593,1.9484837019869423e-30
301380,0.0,-5.742201703603139e-40,9927.051530792352,0.9967586640797593,1.9483288439195903e-30
301440,0.0,-5.741745147818185e-40,9927.051530792352,0.9967586640797593,1.9481739858522387e-30
301500,0.0,-5.74128859203323e-40,9927.051530792352,0.9967586640797593,1.9480191277848867e-30
301560,0.0,-5.740832036248277e-40,9927.051530792352,0.9967586640797593,1.9478642697175348e-30
301620,0.0,-5.740375480463323e-40,9927.051530792352,0.9967586640797593,1.947709411650183e-30
301680,0.0,-5.739918924678368e-40,9927.051530792352,0.9967586640797593,1.947554553582831e-30
301740,0.0,-5.7394623688934135e-40,9927.051530792352,0.9967586640797593,1.9473996955154796e-30
301800,0.0,-5.73900581310846e-40,9927.051530792352,0.9967586640797593,1.947244837448128e-30
301860,0.0,-5.738549257323505e-40,9927.051530792352,0.9967586640797593,1.947089979380776e-30
301920,0.0,-5.738092701538551e-40,9927.051530792352,0.9967586640797593,1.946935121313424e-30
301980,0.0,-5.737636145753597e-40,9927.051530792352,0.9967586640797593,1.9467802632460724e-30
302040,0.0,-5.737179589968643e-40,9927.051530792352,0.9967586640797593,1.9466254051787204e-30
302100,0.0,-5.736723034183689e-40,9927.051530792352,0.9967586640797593,1.9464705471113688e-30
302160,0.0,-5.7362664783987345e-40,9927.051530792352,0.9967586640797593,1.946315689044017e-30
302220,0.0,-5.73580992261378e-40,9927.051530792352,0.9967586640797593,1.946160830976665e-30
302280,0.0,-5.735353366828826e-40,9927.051530792352,0.9967586640797593,1.9460059729093132e-30
302340,0.0,-5.734896811043872e-40,9927.051530792352,0.9967586640797593,1.9458511148419616e-30
302400,0.0,-5.734440255258917e-40,9927.051530792352,0.9967586640797593,1.9456962567746097e-30
302460,0.0,-5.733983699473963e-40,9927.051530792352,0.9967586640797593,1.9455413987072577e-30
302520,0.0,-5.733527143689009e-40,9927.051530792352,0.9967586640797593,1.9453865406399057e-30
302580,0.0,-5.733070587904055e-40,9927.051530792352,0.9967586640797593,1.945231682572554e-30
302640,0.0,-5.7326140321191006e-40,9927.051530792352,0.9967586640797593,1.9450768245052025e-30
302700,0.0,-5.7321574763341464e-40,9927.051530792352,0.9967586640797593,1.9449219664378505e-30
302760,0.0,-5.731700920549192e-40,9927.051530792352,0.9967586640797593,1.9447671083704986e-30
302820,0.0,-5.731244364764238e-40,9927.051530792352,0.9967586640797593,1.944612250303147e-30
302880,0.0,-5.730787808979283e-40,9927.051530792352,0.9967586640797593,1.944457392235795e-30
302940,0.0,-5.73033125319433e-40,9927.051530792352,0.9967586640797593,1.9443025341684434e-30
303000,0.0,-5.729874697409376e-40,9927.051530792352,0.9967586640797593,1.9441476761010914e-30
303060,0.0,-5.729418141624421e-40,9927.051530792352,0.9967586640797593,1.9439928180337394e-30
303120,0.0,-5.728961585839467e-40,9927.051530792352,0.9967586640797593,1.9438379599663878e-30
303180,0.0,-5.728505030054513e-40,9927.051530792352,0.9967586640797593,1.9436831018990362e-30
303240,0.0,-5.728048474269558e-40,9927.051530792352,0.9967586640797593,1.9435282438316842e-30
303300,0.0,-5.727591918484604e-40,9927.051530792352,0.9967586640797593,1.9433733857643322e-30
303360,0.0,-5.72713536269965e-40,9927.051530792352,0.9967586640797593,1.9432185276969806e-30
303420,0.0,-5.726678806914696e-40,9927.051530792352,0.9967586640797593,1.9430636696296287e-30
303480,0.0,-5.726222251129742e-40,9927.051530792352,0.9967586640797593,1.942908811562277e-30
303540,0.0,-5.725765695344787e-40,9927.051530792352,0.9967586640797593,1.942753953494925e-30
303600,0.0,-5.725309139559833e-40,9927.051530792352,0.9967586640797593,1.9425990954275735e-30
303660,0.0,-5.724852583774879e-40,9927.051530792352,0.9967586640797593,1.9424442373602215e-30
303720,0.0,-5.724396027989924e-40,9927.051530792352,0.9967586640797593,1.9422893792928695e-30
303780,0.0,-5.72393947220497e-40,9927.051530792352,0.9967586640797593,1.942134521225518e-30
303840,0.0,-5.723482916420016e-40,9927.051530792352,0.9967586640797593,1.9419796631581663e-30
303900,0.0,-5.723026360635062e-40,9927.051530792352,0.9967586640797593,1.9418248050908143e-30
303960,0.0,-5.722569804850108e-40,9927.051530792352,0.9967586640797593,1.9416699470234624e-30
304020,0.0,-5.722113249065154e-40,9927.051530792352,0.9967586640797593,1.9415150889561107e-30
304080,0.0,-5.7216566932801995e-40,9927.051530792352,0.9967586640797593,1.9413602308887588e-30
304140,0.0,-5.721200137495245e-40,9927.051530792352,0.9967586640797593,1.941205372821407e-30
304200,0.0,-5.720743581710291e-40,9927.051530792352,0.9967586640797593,1.9410505147540552e-30
304260,0.0,-5.720287025925336e-40,9927.051530792352,0.9967586640797593,1.9408956566867032e-30
304320,0.0,-5.719830470140383e-40,9927.051530792352,0.9967586640797593,1.9407407986193516e-30
304380,0.0,-5.719373914355429e-40,9927.051530792352,0.9967586640797593,1.940585940552e-30
304440,0.0,-5.718917358570474e-40,9927.051530792352,0.9967586640797593,1.940431082484648e-30
304500,0.0,-5.71846080278552e-40,9927.051530792352,0.9967586640797593,1.940276224417296e-30
304560,0.0,-5.7180042470005655e-40,9927.051530792352,0.9967586640797593,1.940121366349944e-30
304620,0.0,-5.717547691215611e-40,9927.051530792352,0.9967586640797593,1.9399665082825925e-30
304680,0.0,-5.717091135430657e-40,9927.051530792352,0.9967586640797593,1.939811650215241e-30
304740,0.0,-5.716634579645702e-40,9927.051530792352,0.9967586640797593,1.939656792147889e-30
304800,0.0,-5.716178023860749e-40,9927.051530792352,0.9967586640797593,1.939501934080537e-30
304860,0.0,-5.715721468075795e-40,9927.051530792352,0.9967586640797593,1.9393470760131853e-30
304920,0.0,-5.71526491229084e-40,9927.051530792352,0.9967586640797593,1.9391922179458333e-30
304980,0.0,-5.714808356505886e-40,9927.051530792352,0.9967586640797593,1.9390373598784817e-30
305040,0.0,-5.714351800720932e-40,9927.051530792352,0.9967586640797593,1.9388825018111297e-30
305100,0.0,-5.7138952449359774e-40,9927.051530792352,0.9967586640797593,1.9387276437437778e-30
305160,0.0,-5.713438689151023e-40,9927.051530792352,0.9967586640797593,1.938572785676426e-30
305220,0.0,-5.712982133366069e-40,9927.051530792352,0.9967586640797593,1.9384179276090745e-30
305280,0.0,-5.712525577581115e-40,9927.051530792352,0.9967586640797593,1.9382630695417226e-30
305340,0.0,-5.712069021796161e-40,9927.051530792352,0.9967586640797593,1.9381082114743706e-30
305400,0.0,-5.711612466011207e-40,9927.051530792352,0.9967586640797593,1.937953353407019e-30
305460,0.0,-5.7111559102262526e-40,9927.051530792352,0.9967586640797593,1.937798495339667e-30
305520,0.0,-5.7106993544412984e-40,9927.051530792352,0.9967586640797593,1.9376436372723154e-30
305580,0.0,-5.7102427986563435e-40,9927.051530792352,0.9967586640797593,1.9374887792049634e-30
305640,0.0,-5.709786242871389e-40,9927.051530792352,0.9967586640797593,1.9373339211376118e-30
305700,0.0,-5.709329687086436e-40,9927.051530792352,0.9967586640797593,1.93717906307026e-30
305760,0.0,-5.708873131301481e-40,9927.051530792352,0.9967586640797593,1.937024205002908e-30
305820,0.0,-5.708416575516527e-40,9927.051530792352,0.9967586640797593,1.9368693469355563e-30
305880,0.0,-5.707960019731573e-40,9927.051530792352,0.9967586640797593,1.9367144888682046e-30
305940,0.0,-5.707503463946619e-40,9927.051530792352,0.9967586640797593,1.9365596308008527e-30
306000,0.0,-5.7070469081616645e-40,9927.051530792352,0.9967586640797593,1.9364047727335007e-30
306060,0.0,-5.70659035237671e-40,9927.051530792352,0.9967586640797593,1.936249914666149e-30
306120,0.0,-5.706133796591755e-40,9927.051530792352,0.9967586640797593,1.936095056598797e-30
306180,0.0,-5.705677240806802e-40,9927.051530792352,0.9967586640797593,1.9359401985314455e-30
306240,0.0,-5.705220685021848e-40,9927.051530792352,0.9967586640797593,1.9357853404640935e-30
306300,0.0,-5.704764129236893e-40,9927.051530792352,0.9967586640797593,1.9356304823967416e-30
306360,0.0,-5.704307573451939e-40,9927.051530792352,0.9967586640797593,1.93547562432939e-30
306420,0.0,-5.7038510176669855e-40,9927.051530792352,0.9967586640797593,1.9353207662620383e-30
306480,0.0,-5.7033944618820305e-40,9927.051530792352,0.9967586640797593,1.9351659081946864e-30
306540,0.0,-5.702937906097076e-40,9927.051530792352,0.9967586640797593,1.9350110501273344e-30
306600,0.0,-5.702481350312122e-40,9927.051530792352,0.9967586640797593,1.9348561920599828e-30
306660,0.0,-5.702024794527168e-40,9927.051530792352,0.9967586640797593,1.9347013339926308e-30
306720,0.0,-5.701568238742214e-40,9927.051530792352,0.9967586640797593,1.9345464759252792e-30
306780,0.0,-5.701111682957259e-40,9927.051530792352,0.9967586640797593,1.9343916178579272e-30
306840,0.0,-5.700655127172306e-40,9927.051530792352,0.9967586640797593,1.9342367597905753e-30
306900,0.0,-5.7001985713873515e-40,9927.051530792352,0.9967586640797593,1.9340819017232236e-30
306960,0.0,-5.6997420156023966e-40,9927.051530792352,0.9967586640797593,1.9339270436558717e-30
307020,0.0,-5.6992854598174424e-40,9927.051530792352,0.9967586640797593,1.93377218558852e-30
307080,0.0,-5.698828904032488e-40,9927.051530792352,0.9967586640797593,1.933617327521168e-30
307140,0.0,-5.698372348247534e-40,9927.051530792352,0.9967586640797593,1.933462469453816e-30
307200,0.0,-5.69791579246258e-40,9927.051530792352,0.9967586640797593,1.9333076113864645e-30
307260,0.0,-5.697459236677626e-40,9927.051530792352,0.9967586640797593,1.933152753319113e-30
307320,0.0,-5.697002680892672e-40,9927.051530792352,0.9967586640797593,1.932997895251761e-30
307380,0.0,-5.6965461251077176e-40,9927.051530792352,0.9967586640797593,1.932843037184409e-30
307440,0.0,-5.6960895693227634e-40,9927.051530792352,0.9967586640797593,1.9326881791170573e-30
307500,0.0,-5.6956330135378085e-40,9927.051530792352,0.9967586640797593,1.9325333210497054e-30
307560,0.0,-5.695176457752855e-40,9927.051530792352,0.9967586640797593,1.9323784629823538e-30
307620,0.0,-5.694719901967901e-40,9927.051530792352,0.9967586640797593,1.9322236049150018e-30
307680,0.0,-5.694263346182946e-40,9927.051530792352,0.9967586640797593,1.93206874684765e-30
307740,0.0,-5.693806790397992e-40,9927.051530792352,0.9967586640797593,1.9319138887802982e-30
307800,0.0,-5.693350234613038e-40,9927.051530792352,0.9967586640797593,1.9317590307129462e-30
307860,0.0,-5.692893678828084e-40,9927.051530792352,0.9967586640797593,1.9316041726455946e-30
307920,0.0,-5.6924371230431295e-40,9927.051530792352,0.9967586640797593,1.931449314578243e-30
307980,0.0,-5.691980567258175e-40,9927.051530792352,0.9967586640797593,1.931294456510891e-30
308040,0.0,-5.691524011473221e-40,9927.051530792352,0.9967586640797593,1.931139598443539e-30
308100,0.0,-5.691067455688267e-40,9927.051530792352,0.9967586640797593,1.9309847403761874e-30
308160,0.0,-5.690610899903312e-40,9927.051530792352,0.9967586640797593,1.9308298823088355e-30
308220,0.0,-5.690154344118358e-40,9927.051530792352,0.9967586640797593,1.930675024241484e-30
308280,0.0,-5.689697788333405e-40,9927.051530792352,0.9967586640797593,1.930520166174132e-30
308340,0.0,-5.68924123254845e-40,9927.051530792352,0.9967586640797593,1.93036530810678e-30
308400,0.0,-5.6887846767634955e-40,9927.051530792352,0.9967586640797593,1.9302104500394283e-30
308460,0.0,-5.688328120978541e-40,9927.051530792352,0.9967586640797593,1.9300555919720767e-30
308520,0.0,-5.687871565193587e-40,9927.051530792352,0.9967586640797593,1.9299007339047247e-30
308580,0.0,-5.687415009408633e-40,9927.051530792352,0.9967586640797593,1.9297458758373728e-30
308640,0.0,-5.686958453623679e-40,9927.051530792352,0.9967586640797593,1.929591017770021e-30
308700,0.0,-5.686501897838725e-40,9927.051530792352,0.9967586640797593,1.929436159702669e-30
308760,0.0,-5.686045342053771e-40,9927.051530792352,0.9967586640797593,1.9292813016353176e-30
308820,0.0,-5.685588786268816e-40,9927.051530792352,0.9967586640797593,1.9291264435679656e-30
308880,0.0,-5.6851322304838615e-40,9927.051530792352,0.9967586640797593,1.9289715855006136e-30
308940,0.0,-5.684675674698908e-40,9927.051530792352,0.9967586640797593,1.928816727433262e-30
309000,0.0,-5.684219118913953e-40,9927.051530792352,0.9967586640797593,1.92866186936591e-30
309060,0.0,-5.683762563128999e-40,9927.051530792352,0.9967586640797593,1.9285070112985584e-30
309120,0.0,-5.683306007344045e-40,9927.051530792352,0.9967586640797593,1.9283521532312064e-30
309180,0.0,-5.682849451559091e-40,9927.051530792352,0.9967586640797593,1.9281972951638545e-30
309240,0.0,-5.682392895774137e-40,9927.051530792352,0.9967586640797593,1.928042437096503e-30
309300,0.0,-5.6819363399891825e-40,9927.051530792352,0.9967586640797593,1.9278875790291512e-30
309360,0.0,-5.6814797842042276e-40,9927.051530792352,0.9967586640797593,1.9277327209617993e-30
309420,0.0,-5.681023228419274e-40,9927.051530792352,0.9967586640797593,1.9275778628944473e-30
309480,0.0,-5.68056667263432e-40,9927.051530792352,0.9967586640797593,1.9274230048270957e-30
309540,0.0,-5.680110116849365e-40,9927.051530792352,0.9967586640797593,1.9272681467597437e-30
309600,0.0,-5.679653561064411e-40,9927.051530792352,0.9967586640797593,1.927113288692392e-30
309660,0.0,-5.679197005279458e-40,9927.051530792352,0.9967586640797593,1.92695843062504e-30
309720,0.0,-5.678740449494503e-40,9927.051530792352,0.9967586640797593,1.9268035725576885e-30
309780,0.0,-5.6782838937095486e-40,9927.051530792352,0.9967586640797593,1.9266487144903366e-30
309840,0.0,-5.6778273379245944e-40,9927.051530792352,0.9967586640797593,1.9264938564229846e-30
309900,0.0,-5.67737078213964e-40,9927.051530792352,0.9967586640797593,1.926338998355633e-30
309960,0.0,-5.676914226354686e-40,9927.051530792352,0.9967586640797593,1.9261841402882814e-30
310020,0.0,-5.676457670569731e-40,9927.051530792352,0.9967586640797593,1.9260292822209294e-30
310080,0.0,-5.676001114784778e-40,9927.051530792352,0.9967586640797593,1.9258744241535774e-30
310140,0.0,-5.675544558999824e-40,9927.051530792352,0.9967586640797593,1.9257195660862258e-30
310200,0.0,-5.675088003214869e-40,9927.051530792352,0.9967586640797593,1.925564708018874e-30
310260,0.0,-5.674631447429915e-40,9927.051530792352,0.9967586640797593,1.9254098499515222e-30
310320,0.0,-5.674174891644961e-40,9927.051530792352,0.9967586640797593,1.9252549918841702e-30
310380,0.0,-5.673718335860006e-40,9927.051530792352,0.9967586640797593,1.9251001338168183e-30
310440,0.0,-5.673261780075052e-40,9927.051530792352,0.9967586640797593,1.9249452757494667e-30
310500,0.0,-5.672805224290098e-40,9927.051530792352,0.9967586640797593,1.924790417682115e-30
310560,0.0,-5.672348668505144e-40,9927.051530792352,0.9967586640797593,1.924635559614763e-30
310620,0.0,-5.67189211272019e-40,9927.051530792352,0.9967586640797593,1.924480701547411e-30
310680,0.0,-5.671435556935236e-40,9927.051530792352,0.9967586640797593,1.9243258434800595e-30
310740,0.0,-5.670979001150281e-40,9927.051530792352,0.9967586640797593,1.9241709854127075e-30
310800,0.0,-5.670522445365327e-40,9927.051530792352,0.9967586640797593,1.924016127345356e-30
310860,0.0,-5.670065889580372e-40,9927.051530792352,0.9967586640797593,1.923861269278004e-30
310920,0.0,-5.669609333795418e-40,9927.051530792352,0.9967586640797593,1.923706411210652e-30
310980,0.0,-5.669152778010464e-40,9927.051530792352,0.9967586640797593,1.9235515531433004e-30
311040,0.0,-5.66869622222551e-40,9927.051530792352,0.9967586640797593,1.9233966950759484e-30
311100,0.0,-5.668239666440556e-40,9927.051530792352,0.9967586640797593,1.9232418370085968e-30
311160,0.0,-5.667783110655602e-40,9927.051530792352,0.9967586640797593,1.9230869789412448e-30
311220,0.0,-5.6673265548706475e-40,9927.051530792352,0.9967586640797593,1.922932120873893e-30
311280,0.0,-5.666869999085693e-40,9927.051530792352,0.9967586640797593,1.9227772628065412e-30
311340,0.0,-5.666413443300739e-40,9927.051530792352,0.9967586640797593,1.9226224047391896e-30
311400,0.0,-5.665956887515784e-40,9927.051530792352,0.9967586640797593,1.9224675466718376e-30
311460,0.0,-5.665500331730831e-40,9927.051530792352,0.9967586640797593,1.9223126886044857e-30
311520,0.0,-5.665043775945877e-40,9927.051530792352,0.9967586640797593,1.922157830537134e-30
311580,0.0,-5.664587220160922e-40,9927.051530792352,0.9967586640797593,1.922002972469782e-30
311640,0.0,-5.664130664375968e-40,9927.051530792352,0.9967586640797593,1.9218481144024305e-30
311700,0.0,-5.6636741085910135e-40,9927.051530792352,0.9967586640797593,1.9216932563350785e-30
311760,0.0,-5.663217552806059e-40,9927.051530792352,0.9967586640797593,1.921538398267727e-30
311820,0.0,-5.662760997021105e-40,9927.051530792352,0.9967586640797593,1.921383540200375e-30
311880,0.0,-5.66230444123615e-40,9927.051530792352,0.9967586640797593,1.921228682133023e-30
311940,0.0,-5.661847885451197e-40,9927.051530792352,0.9967586640797593,1.9210738240656713e-30
312000,0.0,-5.661391329666243e-40,9927.051530792352,0.9967586640797593,1.9209189659983197e-30
312060,0.0,-5.660934773881288e-40,9927.051530792352,0.9967586640797593,1.9207641079309677e-30
312120,0.0,-5.660478218096334e-40,9927.051530792352,0.9967586640797593,1.9206092498636158e-30
312180,0.0,-5.66002166231138e-40,9927.051530792352,0.9967586640797593,1.920454391796264e-30
312240,0.0,-5.6595651065264254e-40,9927.051530792352,0.9967586640797593,1.9202995337289122e-30
312300,0.0,-5.659108550741471e-40,9927.051530792352,0.9967586640797593,1.9201446756615606e-30
312360,0.0,-5.658651994956517e-40,9927.051530792352,0.9967586640797593,1.9199898175942086e-30
312420,0.0,-5.658195439171563e-40,9927.051530792352,0.9967586640797593,1.9198349595268566e-30
312480,0.0,-5.657738883386609e-40,9927.051530792352,0.9967586640797593,1.919680101459505e-30
312540,0.0,-5.657282327601655e-40,9927.051530792352,0.9967586640797593,1.9195252433921534e-30
312600,0.0,-5.6568257718167e-40,9927.051530792352,0.9967586640797593,1.9193703853248014e-30
312660,0.0,-5.6563692160317464e-40,9927.051530792352,0.9967586640797593,1.9192155272574495e-30
312720,0.0,-5.655912660246792e-40,9927.051530792352,0.9967586640797593,1.919060669190098e-30
312780,0.0,-5.655456104461837e-40,9927.051530792352,0.9967586640797593,1.918905811122746e-30
312840,0.0,-5.654999548676883e-40,9927.051530792352,0.9967586640797593,1.9187509530553943e-30
312900,0.0,-5.654542992891929e-40,9927.051530792352,0.9967586640797593,1.9185960949880423e-30
312960,0.0,-5.654086437106975e-40,9927.051530792352,0.9967586640797593,1.9184412369206903e-30
313020,0.0,-5.653629881322021e-40,9927.051530792352,0.9967586640797593,1.9182863788533387e-30
313080,0.0,-5.653173325537067e-40,9927.051530792352,0.9967586640797593,1.9181315207859867e-30
313140,0.0,-5.6527167697521125e-40,9927.051530792352,0.9967586640797593,1.917976662718635e-30
313200,0.0,-5.652260213967158e-40,9927.051530792352,0.9967586640797593,1.917821804651283e-30
313260,0.0,-5.651803658182203e-40,9927.051530792352,0.9967586640797593,1.9176669465839312e-30
313320,0.0,-5.65134710239725e-40,9927.051530792352,0.9967586640797593,1.9175120885165796e-30
313380,0.0,-5.650890546612296e-40,9927.051530792352,0.9967586640797593,1.917357230449228e-30
313440,0.0,-5.650433990827341e-40,9927.051530792352,0.9967586640797593,1.917202372381876e-30
313500,0.0,-5.649977435042387e-40,9927.051530792352,0.9967586640797593,1.917047514314524e-30
313560,0.0,-5.6495208792574335e-40,9927.051530792352,0.9967586640797593,1.9168926562471724e-30
313620,0.0,-5.6490643234724785e-40,9927.051530792352,0.9967586640797593,1.9167377981798204e-30
313680,0.0,-5.648607767687524e-40,9927.051530792352,0.9967586640797593,1.9165829401124688e-30
313740,0.0,-5.64815121190257e-40,9927.051530792352,0.9967586640797593,1.916428082045117e-30
313800,0.0,-5.647694656117616e-40,9927.051530792352,0.9967586640797593,1.9162732239777652e-30
313860,0.0,-5.647238100332662e-40,9927.051530792352,0.9967586640797593,1.9161183659104133e-30
313920,0.0,-5.646781544547707e-40,9927.051530792352,0.9967586640797593,1.9159635078430613e-30
313980,0.0,-5.646324988762753e-40,9927.051530792352,0.9967586640797593,1.9158086497757097e-30
314040,0.0,-5.6458684329777995e-40,9927.051530792352,0.9967586640797593,1.915653791708358e-30
314100,0.0,-5.6454118771928446e-40,9927.051530792352,0.9967586640797593,1.915498933641006e-30
314160,0.0,-5.6449553214078904e-40,9927.051530792352,0.9967586640797593,1.915344075573654e-30
314220,0.0,-5.644498765622936e-40,9927.051530792352,0.9967586640797593,1.9151892175063025e-30
314280,0.0,-5.644042209837982e-40,9927.051530792352,0.9967586640797593,1.9150343594389505e-30
314340,0.0,-5.643585654053028e-40,9927.051530792352,0.9967586640797593,1.914879501371599e-30
314400,0.0,-5.643129098268074e-40,9927.051530792352,0.9967586640797593,1.914724643304247e-30
314460,0.0,-5.64267254248312e-40,9927.051530792352,0.9967586640797593,1.914569785236895e-30
314520,0.0,-5.6422159866981656e-40,9927.051530792352,0.9967586640797593,1.9144149271695434e-30
314580,0.0,-5.6417594309132114e-40,9927.051530792352,0.9967586640797593,1.9142600691021918e-30
314640,0.0,-5.6413028751282565e-40,9927.051530792352,0.9967586640797593,1.9141052110348398e-30
314700,0.0,-5.640846319343303e-40,9927.051530792352,0.9967586640797593,1.9139503529674878e-30
314760,0.0,-5.640389763558349e-40,9927.051530792352,0.9967586640797593,1.9137954949001362e-30
314820,0.0,-5.639933207773394e-40,9927.051530792352,0.9967586640797593,1.9136406368327842e-30
314880,0.0,-5.63947665198844e-40,9927.051530792352,0.9967586640797593,1.9134857787654326e-30
314940,0.0,-5.639020096203486e-40,9927.051530792352,0.9967586640797593,1.9133309206980806e-30
315000,0.0,-5.638563540418532e-40,9927.051530792352,0.9967586640797593,1.9131760626307287e-30
315060,0.0,-5.6381069846335775e-40,9927.051530792352,0.9967586640797593,1.913021204563377e-30
315120,0.0,-5.6376504288486225e-40,9927.051530792352,0.9967586640797593,1.912866346496025e-30
315180,0.0,-5.637193873063669e-40,9927.051530792352,0.9967586640797593,1.9127114884286735e-30
315240,0.0,-5.636737317278715e-40,9927.051530792352,0.9967586640797593,1.9125566303613215e-30
315300,0.0,-5.63628076149376e-40,9927.051530792352,0.9967586640797593,1.9124017722939695e-30
315360,0.0,-5.635824205708806e-40,9927.051530792352,0.9967586640797593,1.912246914226618e-30
315420,0.0,-5.635367649923853e-40,9927.051530792352,0.9967586640797593,1.9120920561592663e-30
315480,0.0,-5.634911094138898e-40,9927.051530792352,0.9967586640797593,1.9119371980919143e-30
315540,0.0,-5.6344545383539435e-40,9927.051530792352,0.9967586640797593,1.9117823400245624e-30
315600,0.0,-5.633997982568989e-40,9927.051530792352,0.9967586640797593,1.9116274819572108e-30
315660,0.0,-5.633541426784035e-40,9927.051530792352,0.9967586640797593,1.9114726238898588e-30
315720,0.0,-5.633084870999081e-40,9927.051530792352,0.9967586640797593,1.911317765822507e-30
315780,0.0,-5.632628315214127e-40,9927.051530792352,0.9967586640797593,1.9111629077551552e-30
315840,0.0,-5.632171759429173e-40,9927.051530792352,0.9967586640797593,1.9110080496878036e-30
315900,0.0,-5.631715203644219e-40,9927.051530792352,0.9967586640797593,1.9108531916204516e-30
315960,0.0,-5.631258647859264e-40,9927.051530792352,0.9967586640797593,1.9106983335530996e-30
316020,0.0,-5.6308020920743095e-40,9927.051530792352,0.9967586640797593,1.910543475485748e-30
316080,0.0,-5.630345536289356e-40,9927.051530792352,0.9967586640797593,1.9103886174183964e-30
316140,0.0,-5.629888980504401e-40,9927.051530792352,0.9967586640797593,1.9102337593510444e-30
316200,0.0,-5.629432424719447e-40,9927.051530792352,0.9967586640797593,1.9100789012836925e-30
316260,0.0,-5.628975868934493e-40,9927.051530792352,0.9967586640797593,1.909924043216341e-30
316320,0.0,-5.628519313149539e-40,9927.051530792352,0.9967586640797593,1.909769185148989e-30
316380,0.0,-5.628062757364585e-40,9927.051530792352,0.9967586640797593,1.9096143270816373e-30
316440,0.0,-5.6276062015796305e-40,9927.051530792352,0.9967586640797593,1.9094594690142853e-30
316500,0.0,-5.6271496457946756e-40,9927.051530792352,0.9967586640797593,1.9093046109469333e-30
316560,0.0,-5.626693090009722e-40,9927.051530792352,0.9967586640797593,1.9091497528795817e-30
316620,0.0,-5.626236534224768e-40,9927.051530792352,0.9967586640797593,1.90899489481223e-30
316680,0.0,-5.625779978439813e-40,9927.051530792352,0.9967586640797593,1.908840036744878e-30
316740,0.0,-5.625323422654859e-40,9927.051530792352,0.9967586640797593,1.908685178677526e-30
316800,0.0,-5.624866866869906e-40,9927.051530792352,0.9967586640797593,1.9085303206101746e-30
316860,0.0,-5.624410311084951e-40,9927.051530792352,0.9967586640797593,1.9083754625428226e-30
316920,0.0,-5.6239537552999966e-40,9927.051530792352,0.9967586640797593,1.908220604475471e-30
316980,0.0,-5.6234971995150424e-40,9927.051530792352,0.9967586640797593,1.908065746408119e-30
317040,0.0,-5.623040643730088e-40,9927.051530792352,0.9967586640797593,1.907910888340767e-30
317100,0.0,-5.622584087945134e-40,9927.051530792352,0.9967586640797593,1.9077560302734154e-30
317160,0.0,-5.622127532160179e-40,9927.051530792352,0.9967586640797593,1.9076011722060634e-30
317220,0.0,-5.621670976375225e-40,9927.051530792352,0.9967586640797593,1.907446314138712e-30
317280,0.0,-5.621214420590272e-40,9927.051530792352,0.9967586640797593,1.90729145607136e-30
317340,0.0,-5.620757864805317e-40,9927.051530792352,0.9967586640797593,1.907136598004008e-30
317400,0.0,-5.620301309020363e-40,9927.051530792352,0.9967586640797593,1.9069817399366563e-30
317460,0.0,-5.6198447532354085e-40,9927.051530792352,0.9967586640797593,1.9068268818693047e-30
317520,0.0,-5.619388197450454e-40,9927.051530792352,0.9967586640797593,1.9066720238019527e-30
317580,0.0,-5.6189316416655e-40,9927.051530792352,0.9967586640797593,1.9065171657346007e-30
317640,0.0,-5.618475085880546e-40,9927.051530792352,0.9967586640797593,1.906362307667249e-30
317700,0.0,-5.618018530095592e-40,9927.051530792352,0.9967586640797593,1.906207449599897e-30
317760,0.0,-5.617561974310638e-40,9927.051530792352,0.9967586640797593,1.9060525915325455e-30
317820,0.0,-5.617105418525684e-40,9927.051530792352,0.9967586640797593,1.9058977334651936e-30
317880,0.0,-5.616648862740729e-40,9927.051530792352,0.9967586640797593,1.905742875397842e-30
317940,0.0,-5.616192306955775e-40,9927.051530792352,0.9967586640797593,1.90558801733049e-30
318000,0.0,-5.615735751170821e-40,9927.051530792352,0.9967586640797593,1.9054331592631384e-30
318060,0.0,-5.615279195385866e-40,9927.051530792352,0.9967586640797593,1.9052783011957864e-30
318120,0.0,-5.614822639600912e-40,9927.051530792352,0.9967586640797593,1.9051234431284348e-30
318180,0.0,-5.614366083815958e-40,9927.051530792352,0.9967586640797593,1.9049685850610828e-30
318240,0.0,-5.613909528031004e-40,9927.051530792352,0.9967586640797593,1.904813726993731e-30
318300,0.0,-5.61345297224605e-40,9927.051530792352,0.9967586640797593,1.9046588689263792e-30
318360,0.0,-5.612996416461095e-40,9927.051530792352,0.9967586640797593,1.9045040108590272e-30
318420,0.0,-5.612539860676141e-40,9927.051530792352,0.9967586640797593,1.9043491527916756e-30
318480,0.0,-5.612083304891187e-40,9927.051530792352,0.9967586640797593,1.9041942947243237e-30
318540,0.0,-5.611626749106232e-40,9927.051530792352,0.9967586640797593,1.9040394366569717e-30
318600,0.0,-5.611170193321278e-40,9927.051530792352,0.9967586640797593,1.90388457858962e-30
318660,0.0,-5.610713637536325e-40,9927.051530792352,0.9967586640797593,1.9037297205222685e-30
318720,0.0,-5.61025708175137e-40,9927.051530792352,0.9967586640797593,1.9035748624549165e-30
318780,0.0,-5.609800525966416e-40,9927.051530792352,0.9967586640797593,1.9034200043875645e-30
318840,0.0,-5.6093439701814615e-40,9927.051530792352,0.9967586640797593,1.903265146320213e-30
318900,0.0,-5.608887414396507e-40,9927.051530792352,0.9967586640797593,1.903110288252861e-30
318960,0.0,-5.608430858611553e-40,9927.051530792352,0.9967586640797593,1.9029554301855093e-30
319020,0.0,-5.607974302826599e-40,9927.051530792352,0.9967586640797593,1.9028005721181574e-30
319080,0.0,-5.607517747041645e-40,9927.051530792352,0.9967586640797593,1.9026457140508054e-30
319140,0.0,-5.607061191256691e-40,9927.051530792352,0.9967586640797593,1.9024908559834538e-30
319200,0.0,-5.606604635471736e-40,9927.051530792352,0.9967586640797593,1.9023359979161018e-30
319260,0.0,-5.606148079686782e-40,9927.051530792352,0.9967586640797593,1.9021811398487502e-30
319320,0.0,-5.605691523901828e-40,9927.051530792352,0.9967586640797593,1.9020262817813982e-30
319380,0.0,-5.6052349681168734e-40,9927.051530792352,0.9967586640797593,1.9018714237140462e-30
319440,0.0,-5.604778412331919e-40,9927.051530792352,0.9967586640797593,1.9017165656466946e-30
319500,0.0,-5.604321856546965e-40,9927.051530792352,0.9967586640797593,1.901561707579343e-30
319560,0.0,-5.603865300762011e-40,9927.051530792352,0.9967586640797593,1.901406849511991e-30
319620,0.0,-5.603408744977057e-40,9927.051530792352,0.9967586640797593,1.901251991444639e-30
319680,0.0,-5.602952189192103e-40,9927.051530792352,0.9967586640797593,1.9010971333772875e-30
319740,0.0,-5.602495633407148e-40,9927.051530792352,0.9967586640797593,1.9009422753099355e-30
319800,0.0,-5.6020390776221944e-40,9927.051530792352,0.9967586640797593,1.900787417242584e-30
319860,0.0,-5.60158252183724e-40,9927.051530792352,0.9967586640797593,1.9006325591752323e-30
319920,0.0,-5.601125966052285e-40,9927.051530792352,0.9967586640797593,1.9004777011078803e-30
319980,0.0,-5.600669410267331e-40,9927.051530792352,0.9967586640797593,1.9003228430405283e-30
320040,0.0,-5.600212854482378e-40,9927.051530792352,0.9967586640797593,1.9001679849731767e-30
320100,0.0,-5.599756298697423e-40,9927.051530792352,0.9967586640797593,1.9000131269058247e-30
320160,0.0,-5.599299742912469e-40,9927.051530792352,0.9967586640797593,1.899858268838473e-30
320220,0.0,-5.598843187127515e-40,9927.051530792352,0.9967586640797593,1.899703410771121e-30
320280,0.0,-5.5983866313425605e-40,9927.051530792352,0.9967586640797593,1.8995485527037692e-30
320340,0.0,-5.597930075557606e-40,9927.051530792352,0.9967586640797593,1.8993936946364176e-30
320400,0.0,-5.597473519772651e-40,9927.051530792352,0.9967586640797593,1.8992388365690656e-30
320460,0.0,-5.597016963987698e-40,9927.051530792352,0.9967586640797593,1.899083978501714e-30
320520,0.0,-5.596560408202744e-40,9927.051530792352,0.9967586640797593,1.898929120434362e-30
320580,0.0,-5.596103852417789e-40,9927.051530792352,0.9967586640797593,1.89877426236701e-30
320640,0.0,-5.595647296632835e-40,9927.051530792352,0.9967586640797593,1.8986194042996584e-30
320700,0.0,-5.595190740847881e-40,9927.051530792352,0.9967586640797593,1.8984645462323068e-30
320760,0.0,-5.5947341850629265e-40,9927.051530792352,0.9967586640797593,1.898309688164955e-30
320820,0.0,-5.594277629277972e-40,9927.051530792352,0.9967586640797593,1.898154830097603e-30
320880,0.0,-5.593821073493018e-40,9927.051530792352,0.9967586640797593,1.8979999720302513e-30
320940,0.0,-5.593364517708064e-40,9927.051530792352,0.9967586640797593,1.8978451139628993e-30
321000,0.0,-5.59290796192311e-40,9927.051530792352,0.9967586640797593,1.8976902558955477e-30
321060,0.0,-5.592451406138156e-40,9927.051530792352,0.9967586640797593,1.8975353978281957e-30
321120,0.0,-5.591994850353201e-40,9927.051530792352,0.9967586640797593,1.8973805397608437e-30
321180,0.0,-5.5915382945682475e-40,9927.051530792352,0.9967586640797593,1.897225681693492e-30
321240,0.0,-5.5910817387832926e-40,9927.051530792352,0.9967586640797593,1.89707082362614e-30
321300,0.0,-5.5906251829983384e-40,9927.051530792352,0.9967586640797593,1.8969159655587885e-30
321360,0.0,-5.590168627213384e-40,9927.051530792352,0.9967586640797593,1.8967611074914366e-30
321420,0.0,-5.58971207142843e-40,9927.051530792352,0.9967586640797593,1.8966062494240846e-30
321480,0.0,-5.589255515643476e-40,9927.051530792352,0.9967586640797593,1.896451391356733e-30
321540,0.0,-5.588798959858522e-40,9927.051530792352,0.9967586640797593,1.8962965332893814e-30
321600,0.0,-5.588342404073568e-40,9927.051530792352,0.9967586640797593,1.8961416752220294e-30
321660,0.0,-5.5878858482886136e-40,9927.051530792352,0.9967586640797593,1.8959868171546774e-30
321720,0.0,-5.5874292925036594e-40,9927.051530792352,0.9967586640797593,1.8958319590873258e-30
321780,0.0,-5.5869727367187045e-40,9927.051530792352,0.9967586640797593,1.895677101019974e-30
321840,0.0,-5.58651618093375e-40,9927.051530792352,0.9967586640797593,1.8955222429526222e-30
321900,0.0,-5.586059625148797e-40,9927.051530792352,0.9967586640797593,1.8953673848852706e-30
321960,0.0,-5.585603069363842e-40,9927.051530792352,0.9967586640797593,1.8952125268179186e-30
322020,0.0,-5.585146513578888e-40,9927.051530792352,0.9967586640797593,1.8950576687505667e-30
322080,0.0,-5.584689957793934e-40,9927.051530792352,0.9967586640797593,1.894902810683215e-30
322140,0.0,-5.5842334020089796e-40,9927.051530792352,0.9967586640797593,1.894747952615863e-30
322200,0.0,-5.5837768462240254e-40,9927.051530792352,0.9967586640797593,1.8945930945485115e-30
322260,0.0,-5.5833202904390705e-40,9927.051530792352,0.9967586640797593,1.8944382364811595e-30
322320,0.0,-5.582863734654117e-40,9927.051530792352,0.9967586640797593,1.8942833784138075e-30
322380,0.0,-5.582407178869163e-40,9927.051530792352,0.9967586640797593,1.894128520346456e-30
322440,0.0,-5.581950623084208e-40,9927.051530792352,0.9967586640797593,1.893973662279104e-30
322500,0.0,-5.581494067299254e-40,9927.051530792352,0.9967586640797593,1.8938188042117523e-30
322560,0.0,-5.5810375115143006e-40,9927.051530792352,0.9967586640797593,1.8936639461444004e-30
322620,0.0,-5.580580955729346e-40,9927.051530792352,0.9967586640797593,1.8935090880770484e-30
322680,0.0,-5.5801243999443915e-40,9927.051530792352,0.9967586640797593,1.8933542300096968e-30
322740,0.0,-5.579667844159437e-40,9927.051530792352,0.9967586640797593,1.893199371942345e-30
322800,0.0,-5.579211288374483e-40,9927.051530792352,0.9967586640797593,1.8930445138749932e-30
322860,0.0,-5.578754732589529e-40,9927.051530792352,0.9967586640797593,1.8928896558076412e-30
322920,0.0,-5.578298176804575e-40,9927.051530792352,0.9967586640797593,1.8927347977402896e-30
322980,0.0,-5.57784162101962e-40,9927.051530792352,0.9967586640797593,1.8925799396729376e-30
323040,0.0,-5.577385065234667e-40,9927.051530792352,0.9967586640797593,1.892425081605586e-30
323100,0.0,-5.5769285094497125e-40,9927.051530792352,0.9967586640797593,1.892270223538234e-30
323160,0.0,-5.5764719536647575e-40,9927.051530792352,0.9967586640797593,1.892115365470882e-30
323220,0.0,-5.576015397879803e-40,9927.051530792352,0.9967586640797593,1.8919605074035305e-30
323280,0.0,-5.575558842094849e-40,9927.051530792352,0.9967586640797593,1.8918056493361785e-30
323340,0.0,-5.575102286309895e-40,9927.051530792352,0.9967586640797593,1.891650791268827e-30
323400,0.0,-5.574645730524941e-40,9927.051530792352,0.9967586640797593,1.891495933201475e-30
323460,0.0,-5.574189174739987e-40,9927.051530792352,0.9967586640797593,1.891341075134123e-30
323520,0.0,-5.573732618955033e-40,9927.051530792352,0.9967586640797593,1.8911862170667713e-30
323580,0.0,-5.5732760631700785e-40,9927.051530792352,0.9967586640797593,1.8910313589994197e-30
323640,0.0,-5.5728195073851236e-40,9927.051530792352,0.9967586640797593,1.8908765009320678e-30
323700,0.0,-5.57236295160017e-40,9927.051530792352,0.9967586640797593,1.8907216428647158e-30
323760,0.0,-5.571906395815216e-40,9927.051530792352,0.9967586640797593,1.890566784797364e-30
323820,0.0,-5.571449840030261e-40,9927.051530792352,0.9967586640797593,1.8904119267300122e-30
323880,0.0,-5.570993284245307e-40,9927.051530792352,0.9967586640797593,1.8902570686626606e-30
323940,0.0,-5.570536728460354e-40,9927.051530792352,0.9967586640797593,1.890102210595309e-30
324000,0.0,-5.570080172675399e-40,9927.051530792352,0.9967586640797593,1.889947352527957e-30
324060,0.0,-5.5696236168904446e-40,9927.051530792352,0.9967586640797593,1.889792494460605e-30
324120,0.0,-5.5691670611054904e-40,9927.051530792352,0.9967586640797593,1.8896376363932534e-30
324180,0.0,-5.568710505320536e-40,9927.051530792352,0.9967586640797593,1.8894827783259014e-30
324240,0.0,-5.568253949535582e-40,9927.051530792352,0.9967586640797593,1.88932792025855e-30
324300,0.0,-5.567797393750627e-40,9927.051530792352,0.9967586640797593,1.889173062191198e-30
324360,0.0,-5.567340837965673e-40,9927.051530792352,0.9967586640797593,1.889018204123846e-30
324420,0.0,-5.56688428218072e-40,9927.051530792352,0.9967586640797593,1.8888633460564943e-30
324480,0.0,-5.566427726395765e-40,9927.051530792352,0.9967586640797593,1.8887084879891423e-30
324540,0.0,-5.565971170610811e-40,9927.051530792352,0.9967586640797593,1.8885536299217907e-30
324600,0.0,-5.5655146148258565e-40,9927.051530792352,0.9967586640797593,1.8883987718544387e-30
324660,0.0,-5.565058059040902e-40,9927.051530792352,0.9967586640797593,1.8882439137870868e-30
324720,0.0,-5.564601503255948e-40,9927.051530792352,0.9967586640797593,1.888089055719735e-30
324780,0.0,-5.564144947470994e-40,9927.051530792352,0.9967586640797593,1.8879341976523835e-30
324840,0.0,-5.56368839168604e-40,9927.051530792352,0.9967586640797593,1.8877793395850316e-30
324900,0.0,-5.563231835901086e-40,9927.051530792352,0.9967586640797593,1.8876244815176796e-30
324960,0.0,-5.562775280116132e-40,9927.051530792352,0.9967586640797593,1.887469623450328e-30
325020,0.0,-5.562318724331177e-40,9927.051530792352,0.9967586640797593,1.887314765382976e-30
325080,0.0,-5.561862168546223e-40,9927.051530792352,0.9967586640797593,1.8871599073156244e-30
325140,0.0,-5.561405612761269e-40,9927.051530792352,0.9967586640797593,1.8870050492482724e-30
325200,0.0,-5.560949056976314e-40,9927.051530792352,0.9967586640797593,1.8868501911809204e-30
325260,0.0,-5.56049250119136e-40,9927.051530792352,0.9967586640797593,1.886695333113569e-30
325320,0.0,-5.560035945406406e-40,9927.051530792352,0.9967586640797593,1.886540475046217e-30
325380,0.0,-5.559579389621452e-40,9927.051530792352,0.9967586640797593,1.8863856169788652e-30
325440,0.0,-5.559122833836498e-40,9927.051530792352,0.9967586640797593,1.8862307589115133e-30
325500,0.0,-5.558666278051543e-40,9927.051530792352,0.9967586640797593,1.8860759008441613e-30
325560,0.0,-5.558209722266589e-40,9927.051530792352,0.9967586640797593,1.8859210427768097e-30
325620,0.0,-5.557753166481635e-40,9927.051530792352,0.9967586640797593,1.885766184709458e-30
325680,0.0,-5.55729661069668e-40,9927.051530792352,0.9967586640797593,1.885611326642106e-30
325740,0.0,-5.556840054911726e-40,9927.051530792352,0.9967586640797593,1.885456468574754e-30
325800,0.0,-5.556383499126773e-40,9927.051530792352,0.9967586640797593,1.8853016105074025e-30
325860,0.0,-5.555926943341818e-40,9927.051530792352,0.9967586640797593,1.8851467524400506e-30
325920,0.0,-5.555470387556864e-40,9927.051530792352,0.9967586640797593,1.884991894372699e-30
325980,0.0,-5.5550138317719095e-40,9927.051530792352,0.9967586640797593,1.8848370363053473e-30
326040,0.0,-5.554557275986955e-40,9927.051530792352,0.9967586640797593,1.8846821782379954e-30
326100,0.0,-5.554100720202001e-40,9927.051530792352,0.9967586640797593,1.8845273201706434e-30
326160,0.0,-5.553644164417047e-40,9927.051530792352,0.9967586640797593,1.8843724621032918e-30
326220,0.0,-5.553187608632093e-40,9927.051530792352,0.9967586640797593,1.8842176040359398e-30
326280,0.0,-5.552731052847139e-40,9927.051530792352,0.9967586640797593,1.8840627459685882e-30
326340,0.0,-5.552274497062184e-40,9927.051530792352,0.9967586640797593,1.8839078879012362e-30
326400,0.0,-5.55181794127723e-40,9927.051530792352,0.9967586640797593,1.8837530298338842e-30
326460,0.0,-5.5513613854922756e-40,9927.051530792352,0.9967586640797593,1.8835981717665326e-30
326520,0.0,-5.5509048297073214e-40,9927.051530792352,0.9967586640797593,1.8834433136991807e-30
326580,0.0,-5.550448273922367e-40,9927.051530792352,0.9967586640797593,1.883288455631829e-30
326640,0.0,-5.549991718137413e-40,9927.051530792352,0.9967586640797593,1.883133597564477e-30
326700,0.0,-5.549535162352459e-40,9927.051530792352,0.9967586640797593,1.882978739497125e-30
326760,0.0,-5.549078606567505e-40,9927.051530792352,0.9967586640797593,1.8828238814297735e-30
326820,0.0,-5.548622050782551e-40,9927.051530792352,0.9967586640797593,1.882669023362422e-30
326880,0.0,-5.548165494997596e-40,9927.051530792352,0.9967586640797593,1.88251416529507e-30
326940,0.0,-5.5477089392126424e-40,9927.051530792352,0.9967586640797593,1.882359307227718e-30
327000,0.0,-5.547252383427688e-40,9927.051530792352,0.9967586640797593,1.8822044491603663e-30
327060,0.0,-5.546795827642733e-40,9927.051530792352,0.9967586640797593,1.8820495910930144e-30
327120,0.0,-5.546339271857779e-40,9927.051530792352,0.9967586640797593,1.8818947330256627e-30
327180,0.0,-5.545882716072826e-40,9927.051530792352,0.9967586640797593,1.8817398749583108e-30
327240,0.0,-5.545426160287871e-40,9927.051530792352,0.9967586640797593,1.8815850168909588e-30
327300,0.0,-5.544969604502917e-40,9927.051530792352,0.9967586640797593,1.8814301588236072e-30
327360,0.0,-5.544513048717963e-40,9927.051530792352,0.9967586640797593,1.8812753007562556e-30
327420,0.0,-5.5440564929330085e-40,9927.051530792352,0.9967586640797593,1.8811204426889036e-30
327480,0.0,-5.543599937148054e-40,9927.051530792352,0.9967586640797593,1.8809655846215516e-30
327540,0.0,-5.543143381363099e-40,9927.051530792352,0.9967586640797593,1.8808107265541997e-30
327600,0.0,-5.542686825578145e-40,9927.051530792352,0.9967586640797593,1.880655868486848e-30
327660,0.0,-5.542230269793192e-40,9927.051530792352,0.9967586640797593,1.8805010104194964e-30
327720,0.0,-5.541773714008237e-40,9927.051530792352,0.9967586640797593,1.8803461523521445e-30
327780,0.0,-5.541317158223283e-40,9927.051530792352,0.9967586640797593,1.8801912942847925e-30
327840,0.0,-5.540860602438329e-40,9927.051530792352,0.9967586640797593,1.880036436217441e-30
327900,0.0,-5.5404040466533745e-40,9927.051530792352,0.9967586640797593,1.879881578150089e-30
327960,0.0,-5.53994749086842e-40,9927.051530792352,0.9967586640797593,1.8797267200827373e-30
328020,0.0,-5.539490935083466e-40,9927.051530792352,0.9967586640797593,1.8795718620153857e-30
328080,0.0,-5.539034379298512e-40,9927.051530792352,0.9967586640797593,1.8794170039480337e-30
328140,0.0,-5.538577823513558e-40,9927.051530792352,0.9967586640797593,1.8792621458806817e-30
328200,0.0,-5.538121267728604e-40,9927.051530792352,0.9967586640797593,1.87910728781333e-30
328260,0.0,-5.537664711943649e-40,9927.051530792352,0.9967586640797593,1.878952429745978e-30
328320,0.0,-5.5372081561586955e-40,9927.051530792352,0.9967586640797593,1.8787975716786265e-30
328380,0.0,-5.536751600373741e-40,9927.051530792352,0.9967586640797593,1.8786427136112746e-30
328440,0.0,-5.5362950445887864e-40,9927.051530792352,0.9967586640797593,1.8784878555439226e-30
328500,0.0,-5.535838488803832e-40,9927.051530792352,0.9967586640797593,1.878332997476571e-30
328560,0.0,-5.535381933018878e-40,9927.051530792352,0.9967586640797593,1.878178139409219e-30
328620,0.0,-5.534925377233924e-40,9927.051530792352,0.9967586640797593,1.8780232813418674e-30
328680,0.0,-5.53446882144897e-40,9927.051530792352,0.9967586640797593,1.8778684232745154e-30
328740,0.0,-5.534012265664015e-40,9927.051530792352,0.9967586640797593,1.8777135652071635e-30
328800,0.0,-5.5335557098790615e-40,9927.051530792352,0.9967586640797593,1.877558707139812e-30
328860,0.0,-5.533099154094107e-40,9927.051530792352,0.9967586640797593,1.8774038490724602e-30
328920,0.0,-5.5326425983091524e-40,9927.051530792352,0.9967586640797593,1.8772489910051083e-30
328980,0.0,-5.532186042524198e-40,9927.051530792352,0.9967586640797593,1.8770941329377563e-30
329040,0.0,-5.531729486739245e-40,9927.051530792352,0.9967586640797593,1.8769392748704047e-30
329100,0.0,-5.53127293095429e-40,9927.051530792352,0.9967586640797593,1.8767844168030527e-30
329160,0.0,-5.530816375169336e-40,9927.051530792352,0.9967586640797593,1.876629558735701e-30
329220,0.0,-5.530359819384382e-40,9927.051530792352,0.9967586640797593,1.876474700668349e-30
329280,0.0,-5.5299032635994276e-40,9927.051530792352,0.9967586640797593,1.876319842600997e-30
329340,0.0,-5.5294467078144734e-40,9927.051530792352,0.9967586640797593,1.8761649845336455e-30
329400,0.0,-5.528990152029519e-40,9927.051530792352,0.9967586640797593,1.876010126466294e-30
329460,0.0,-5.528533596244565e-40,9927.051530792352,0.9967586640797593,1.875855268398942e-30
329520,0.0,-5.528077040459611e-40,9927.051530792352,0.9967586640797593,1.87570041033159e-30
329580,0.0,-5.527620484674656e-40,9927.051530792352,0.9967586640797593,1.875545552264238e-30
329640,0.0,-5.527163928889702e-40,9927.051530792352,0.9967586640797593,1.8753906941968864e-30
329700,0.0,-5.5267073731047486e-40,9927.051530792352,0.9967586640797593,1.8752358361295348e-30
329760,0.0,-5.526250817319794e-40,9927.051530792352,0.9967586640797593,1.8750809780621828e-30
329820,0.0,-5.5257942615348395e-40,9927.051530792352,0.9967586640797593,1.874926119994831e-30
329880,0.0,-5.525337705749885e-40,9927.051530792352,0.9967586640797593,1.8747712619274792e-30
329940,0.0,-5.524881149964931e-40,9927.051530792352,0.9967586640797593,1.8746164038601273e-30
330000,0.0,-5.524424594179977e-40,9927.051530792352,0.9967586640797593,1.8744615457927756e-30
330060,0.0,-5.523968038395023e-40,9927.051530792352,0.9967586640797593,1.874306687725424e-30
330120,0.0,-5.523511482610068e-40,9927.051530792352,0.9967586640797593,1.874151829658072e-30
330180,0.0,-5.523054926825115e-40,9927.051530792352,0.9967586640797593,1.87399697159072e-30
330240,0.0,-5.5225983710401605e-40,9927.051530792352,0.9967586640797593,1.8738421135233685e-30
330300,0.0,-5.5221418152552055e-40,9927.051530792352,0.9967586640797593,1.8736872554560165e-30
330360,0.0,-5.521685259470251e-40,9927.051530792352,0.9967586640797593,1.873532397388665e-30
330420,0.0,-5.521228703685298e-40,9927.051530792352,0.9967586640797593,1.873377539321313e-30
330480,0.0,-5.520772147900343e-40,9927.051530792352,0.9967586640797593,1.873222681253961e-30
330540,0.0,-5.520315592115389e-40,9927.051530792352,0.9967586640797593,1.8730678231866093e-30
330600,0.0,-5.519859036330435e-40,9927.051530792352,0.9967586640797593,1.8729129651192574e-30
330660,0.0,-5.519402480545481e-40,9927.051530792352,0.9967586640797593,1.8727581070519058e-30
330720,0.0,-5.5189459247605265e-40,9927.051530792352,0.9967586640797593,1.8726032489845538e-30
330780,0.0,-5.5184893689755716e-40,9927.051530792352,0.9967586640797593,1.8724483909172018e-30
330840,0.0,-5.518032813190618e-40,9927.051530792352,0.9967586640797593,1.8722935328498502e-30
330900,0.0,-5.517576257405664e-40,9927.051530792352,0.9967586640797593,1.8721386747824986e-30
330960,0.0,-5.517119701620709e-40,9927.051530792352,0.9967586640797593,1.8719838167151466e-30
331020,0.0,-5.516663145835755e-40,9927.051530792352,0.9967586640797593,1.8718289586477946e-30
331080,0.0,-5.516206590050801e-40,9927.051530792352,0.9967586640797593,1.871674100580443e-30
331140,0.0,-5.515750034265847e-40,9927.051530792352,0.9967586640797593,1.871519242513091e-30
331200,0.0,-5.5152934784808926e-40,9927.051530792352,0.9967586640797593,1.8713643844457394e-30
331260,0.0,-5.5148369226959384e-40,9927.051530792352,0.9967586640797593,1.8712095263783875e-30
331320,0.0,-5.514380366910984e-40,9927.051530792352,0.9967586640797593,1.8710546683110355e-30
331380,0.0,-5.51392381112603e-40,9927.051530792352,0.9967586640797593,1.870899810243684e-30
331440,0.0,-5.513467255341076e-40,9927.051530792352,0.9967586640797593,1.8707449521763323e-30
331500,0.0,-5.513010699556121e-40,9927.051530792352,0.9967586640797593,1.8705900941089803e-30
331560,0.0,-5.512554143771168e-40,9927.051530792352,0.9967586640797593,1.8704352360416283e-30
331620,0.0,-5.512097587986213e-40,9927.051530792352,0.9967586640797593,1.8702803779742764e-30
331680,0.0,-5.511641032201259e-40,9927.051530792352,0.9967586640797593,1.8701255199069248e-30
331740,0.0,-5.5111844764163045e-40,9927.051530792352,0.9967586640797593,1.869970661839573e-30
331800,0.0,-5.51072792063135e-40,9927.051530792352,0.9967586640797593,1.869815803772221e-30
331860,0.0,-5.510271364846396e-40,9927.051530792352,0.9967586640797593,1.8696609457048692e-30
331920,0.0,-5.509814809061442e-40,9927.051530792352,0.9967586640797593,1.8695060876375176e-30
331980,0.0,-5.509358253276487e-40,9927.051530792352,0.9967586640797593,1.8693512295701656e-30
332040,0.0,-5.508901697491534e-40,9927.051530792352,0.9967586640797593,1.869196371502814e-30
332100,0.0,-5.50844514170658e-40,9927.051530792352,0.9967586640797593,1.8690415134354624e-30
332160,0.0,-5.507988585921625e-40,9927.051530792352,0.9967586640797593,1.8688866553681104e-30
332220,0.0,-5.5075320301366705e-40,9927.051530792352,0.9967586640797593,1.8687317973007584e-30
332280,0.0,-5.507075474351717e-40,9927.051530792352,0.9967586640797593,1.868576939233407e-30
332340,0.0,-5.506618918566762e-40,9927.051530792352,0.9967586640797593,1.868422081166055e-30
332400,0.0,-5.506162362781808e-40,9927.051530792352,0.9967586640797593,1.8682672230987032e-30
332460,0.0,-5.505705806996854e-40,9927.051530792352,0.9967586640797593,1.8681123650313513e-30
332520,0.0,-5.5052492512119e-40,9927.051530792352,0.9967586640797593,1.8679575069639993e-30
332580,0.0,-5.504792695426946e-40,9927.051530792352,0.9967586640797593,1.8678026488966477e-30
332640,0.0,-5.504336139641991e-40,9927.051530792352,0.9967586640797593,1.8676477908292957e-30
332700,0.0,-5.503879583857037e-40,9927.051530792352,0.9967586640797593,1.867492932761944e-30
332760,0.0,-5.503423028072083e-40,9927.051530792352,0.9967586640797593,1.867338074694592e-30
332820,0.0,-5.502966472287128e-40,9927.051530792352,0.9967586640797593,1.86718321662724e-30
332880,0.0,-5.502509916502174e-40,9927.051530792352,0.9967586640797593,1.8670283585598886e-30
332940,0.0,-5.502053360717221e-40,9927.051530792352,0.9967586640797593,1.866873500492537e-30
333000,0.0,-5.501596804932266e-40,9927.051530792352,0.9967586640797593,1.866718642425185e-30
333060,0.0,-5.501140249147312e-40,9927.051530792352,0.9967586640797593,1.866563784357833e-30
333120,0.0,-5.5006836933623575e-40,9927.051530792352,0.9967586640797593,1.8664089262904814e-30
333180,0.0,-5.500227137577403e-40,9927.051530792352,0.9967586640797593,1.8662540682231294e-30
333240,0.0,-5.499770581792449e-40,9927.051530792352,0.9967586640797593,1.8660992101557778e-30
333300,0.0,-5.499314026007495e-40,9927.051530792352,0.9967586640797593,1.865944352088426e-30
333360,0.0,-5.49885747022254e-40,9927.051530792352,0.9967586640797593,1.865789494021074e-30
333420,0.0,-5.498400914437587e-40,9927.051530792352,0.9967586640797593,1.8656346359537222e-30
333480,0.0,-5.497944358652633e-40,9927.051530792352,0.9967586640797593,1.8654797778863706e-30
333540,0.0,-5.497487802867678e-40,9927.051530792352,0.9967586640797593,1.8653249198190187e-30
333600,0.0,-5.4970312470827236e-40,9927.051530792352,0.9967586640797593,1.8651700617516667e-30
333660,0.0,-5.4965746912977694e-40,9927.051530792352,0.9967586640797593,1.8650152036843147e-30
333720,0.0,-5.496118135512815e-40,9927.051530792352,0.9967586640797593,1.864860345616963e-30
333780,0.0,-5.495661579727861e-40,9927.051530792352,0.9967586640797593,1.8647054875496115e-30
333840,0.0,-5.495205023942907e-40,9927.051530792352,0.9967586640797593,1.8645506294822595e-30
333900,0.0,-5.494748468157953e-40,9927.051530792352,0.9967586640797593,1.8643957714149076e-30
333960,0.0,-5.494291912372999e-40,9927.051530792352,0.9967586640797593,1.864240913347556e-30
334020,0.0,-5.493835356588044e-40,9927.051530792352,0.9967586640797593,1.864086055280204e-30
334080,0.0,-5.4933788008030904e-40,9927.051530792352,0.9967586640797593,1.8639311972128524e-30
334140,0.0,-5.492922245018136e-40,9927.051530792352,0.9967586640797593,1.8637763391455007e-30
334200,0.0,-5.492465689233181e-40,9927.051530792352,0.9967586640797593,1.8636214810781488e-30
334260,0.0,-5.492009133448227e-40,9927.051530792352,0.9967586640797593,1.8634666230107968e-30
334320,0.0,-5.491552577663274e-40,9927.051530792352,0.9967586640797593,1.8633117649434452e-30
334380,0.0,-5.491096021878319e-40,9927.051530792352,0.9967586640797593,1.8631569068760932e-30
334440,0.0,-5.490639466093365e-40,9927.051530792352,0.9967586640797593,1.8630020488087416e-30
334500,0.0,-5.490182910308411e-40,9927.051530792352,0.9967586640797593,1.8628471907413896e-30
334560,0.0,-5.4897263545234565e-40,9927.051530792352,0.9967586640797593,1.8626923326740377e-30
334620,0.0,-5.489269798738502e-40,9927.051530792352,0.9967586640797593,1.862537474606686e-30
334680,0.0,-5.488813242953547e-40,9927.051530792352,0.9967586640797593,1.862382616539334e-30
334740,0.0,-5.488356687168593e-40,9927.051530792352,0.9967586640797593,1.8622277584719825e-30
334800,0.0,-5.48790013138364e-40,9927.051530792352,0.9967586640797593,1.8620729004046305e-30
334860,0.0,-5.487443575598685e-40,9927.051530792352,0.9967586640797593,1.8619180423372785e-30
334920,0.0,-5.486987019813731e-40,9927.051530792352,0.9967586640797593,1.861763184269927e-30
334980,0.0,-5.486530464028777e-40,9927.051530792352,0.9967586640797593,1.8616083262025753e-30
335040,0.0,-5.4860739082438225e-40,9927.051530792352,0.9967586640797593,1.8614534681352233e-30
335100,0.0,-5.485617352458868e-40,9927.051530792352,0.9967586640797593,1.8612986100678714e-30
335160,0.0,-5.485160796673914e-40,9927.051530792352,0.9967586640797593,1.8611437520005197e-30
335220,0.0,-5.48470424088896e-40,9927.051530792352,0.9967586640797593,1.8609888939331678e-30
335280,0.0,-5.484247685104006e-40,9927.051530792352,0.9967586640797593,1.860834035865816e-30
335340,0.0,-5.483791129319052e-40,9927.051530792352,0.9967586640797593,1.8606791777984642e-30
335400,0.0,-5.483334573534097e-40,9927.051530792352,0.9967586640797593,1.8605243197311122e-30
335460,0.0,-5.482878017749143e-40,9927.051530792352,0.9967586640797593,1.8603694616637606e-30
335520,0.0,-5.482421461964189e-40,9927.051530792352,0.9967586640797593,1.860214603596409e-30
335580,0.0,-5.481964906179234e-40,9927.051530792352,0.9967586640797593,1.860059745529057e-30
335640,0.0,-5.48150835039428e-40,9927.051530792352,0.9967586640797593,1.859904887461705e-30
335700,0.0,-5.481051794609326e-40,9927.051530792352,0.9967586640797593,1.859750029394353e-30
335760,0.0,-5.480595238824372e-40,9927.051530792352,0.9967586640797593,1.8595951713270015e-30
335820,0.0,-5.480138683039418e-40,9927.051530792352,0.9967586640797593,1.85944031325965e-30
335880,0.0,-5.479682127254463e-40,9927.051530792352,0.9967586640797593,1.859285455192298e-30
335940,0.0,-5.4792255714695095e-40,9927.051530792352,0.9967586640797593,1.859130597124946e-30
336000,0.0,-5.478769015684555e-40,9927.051530792352,0.9967586640797593,1.8589757390575943e-30
336060,0.0,-5.4783124598996004e-40,9927.051530792352,0.9967586640797593,1.8588208809902423e-30
336120,0.0,-5.477855904114646e-40,9927.051530792352,0.9967586640797593,1.8586660229228907e-30
336180,0.0,-5.477399348329693e-40,9927.051530792352,0.9967586640797593,1.858511164855539e-30
336240,0.0,-5.476942792544738e-40,9927.051530792352,0.9967586640797593,1.858356306788187e-30
336300,0.0,-5.476486236759784e-40,9927.051530792352,0.9967586640797593,1.858201448720835e-30
336360,0.0,-5.47602968097483e-40,9927.051530792352,0.9967586640797593,1.8580465906534835e-30
336420,0.0,-5.4755731251898756e-40,9927.051530792352,0.9967586640797593,1.8578917325861316e-30
336480,0.0,-5.4751165694049214e-40,9927.051530792352,0.9967586640797593,1.85773687451878e-30
336540,0.0,-5.474660013619967e-40,9927.051530792352,0.9967586640797593,1.857582016451428e-30
336600,0.0,-5.474203457835012e-40,9927.051530792352,0.9967586640797593,1.857427158384076e-30
336660,0.0,-5.473746902050059e-40,9927.051530792352,0.9967586640797593,1.8572723003167244e-30
336720,0.0,-5.473290346265104e-40,9927.051530792352,0.9967586640797593,1.8571174422493724e-30
336780,0.0,-5.47283379048015e-40,9927.051530792352,0.9967586640797593,1.8569625841820208e-30
336840,0.0,-5.472377234695196e-40,9927.051530792352,0.9967586640797593,1.856807726114669e-30
336900,0.0,-5.471920678910242e-40,9927.051530792352,0.9967586640797593,1.856652868047317e-30
336960,0.0,-5.4714641231252875e-40,9927.051530792352,0.9967586640797593,1.8564980099799653e-30
337020,0.0,-5.471007567340333e-40,9927.051530792352,0.9967586640797593,1.8563431519126136e-30
337080,0.0,-5.470551011555379e-40,9927.051530792352,0.9967586640797593,1.8561882938452617e-30
337140,0.0,-5.470094455770425e-40,9927.051530792352,0.9967586640797593,1.8560334357779097e-30
337200,0.0,-5.469637899985471e-40,9927.051530792352,0.9967586640797593,1.855878577710558e-30
337260,0.0,-5.469181344200516e-40,9927.051530792352,0.9967586640797593,1.855723719643206e-30
337320,0.0,-5.468724788415563e-40,9927.051530792352,0.9967586640797593,1.8555688615758545e-30
337380,0.0,-5.4682682326306085e-40,9927.051530792352,0.9967586640797593,1.8554140035085025e-30
337440,0.0,-5.4678116768456535e-40,9927.051530792352,0.9967586640797593,1.8552591454411506e-30
337500,0.0,-5.467355121060699e-40,9927.051530792352,0.9967586640797593,1.855104287373799e-30
337560,0.0,-5.466898565275746e-40,9927.051530792352,0.9967586640797593,1.8549494293064473e-30
337620,0.0,-5.466442009490791e-40,9927.051530792352,0.9967586640797593,1.8547945712390954e-30
337680,0.0,-5.465985453705837e-40,9927.051530792352,0.9967586640797593,1.8546397131717434e-30
337740,0.0,-5.465528897920882e-40,9927.051530792352,0.9967586640797593,1.8544848551043914e-30
337800,0.0,-5.465072342135929e-40,9927.051530792352,0.9967586640797593,1.8543299970370398e-30
337860,0.0,-5.4646157863509745e-40,9927.051530792352,0.9967586640797593,1.8541751389696882e-30
337920,0.0,-5.4641592305660196e-40,9927.051530792352,0.9967586640797593,1.8540202809023362e-30
337980,0.0,-5.4637026747810654e-40,9927.051530792352,0.9967586640797593,1.8538654228349843e-30
338040,0.0,-5.463246118996112e-40,9927.051530792352,0.9967586640797593,1.8537105647676326e-30
338100,0.0,-5.462789563211157e-40,9927.051530792352,0.9967586640797593,1.8535557067002807e-30
338160,0.0,-5.462333007426203e-40,9927.051530792352,0.9967586640797593,1.853400848632929e-30
338220,0.0,-5.461876451641249e-40,9927.051530792352,0.9967586640797593,1.8532459905655774e-30
338280,0.0,-5.461419895856295e-40,9927.051530792352,0.9967586640797593,1.8530911324982255e-30
338340,0.0,-5.4609633400713406e-40,9927.051530792352,0.9967586640797593,1.8529362744308735e-30
338400,0.0,-5.4605067842863864e-40,9927.051530792352,0.9967586640797593,1.852781416363522e-30
338460,0.0,-5.460050228501432e-40,9927.051530792352,0.9967586640797593,1.85262655829617e-30
338520,0.0,-5.459593672716478e-40,9927.051530792352,0.9967586640797593,1.8524717002288183e-30
338580,0.0,-5.459137116931524e-40,9927.051530792352,0.9967586640797593,1.8523168421614663e-30
338640,0.0,-5.458680561146569e-40,9927.051530792352,0.9967586640797593,1.8521619840941144e-30
338700,0.0,-5.458224005361616e-40,9927.051530792352,0.9967586640797593,1.8520071260267628e-30
338760,0.0,-5.4577674495766616e-40,9927.051530792352,0.9967586640797593,1.851852267959411e-30
338820,0.0,-5.457310893791707e-40,9927.051530792352,0.9967586640797593,1.851697409892059e-30
338880,0.0,-5.4568543380067525e-40,9927.051530792352,0.9967586640797593,1.8515425518247072e-30
338940,0.0,-5.456397782221798e-40,9927.051530792352,0.9967586640797593,1.8513876937573552e-30
339000,0.0,-5.455941226436844e-40,9927.051530792352,0.9967586640797593,1.8512328356900036e-30
339060,0.0,-5.45548467065189e-40,9927.051530792352,0.9967586640797593,1.851077977622652e-30
339120,0.0,-5.455028114866935e-40,9927.051530792352,0.9967586640797593,1.8509231195553e-30
339180,0.0,-5.454571559081982e-40,9927.051530792352,0.9967586640797593,1.850768261487948e-30
339240,0.0,-5.454115003297028e-40,9927.051530792352,0.9967586640797593,1.8506134034205964e-30
339300,0.0,-5.453658447512073e-40,9927.051530792352,0.9967586640797593,1.8504585453532445e-30
339360,0.0,-5.4532018917271185e-40,9927.051530792352,0.9967586640797593,1.850303687285893e-30
339420,0.0,-5.452745335942165e-40,9927.051530792352,0.9967586640797593,1.850148829218541e-30
339480,0.0,-5.45228878015721e-40,9927.051530792352,0.9967586640797593,1.849993971151189e-30
339540,0.0,-5.451832224372256e-40,9927.051530792352,0.9967586640797593,1.8498391130838373e-30
339600,0.0,-5.451375668587302e-40,9927.051530792352,0.9967586640797593,1.8496842550164857e-30
339660,0.0,-5.450919112802348e-40,9927.051530792352,0.9967586640797593,1.8495293969491337e-30
339720,0.0,-5.450462557017394e-40,9927.051530792352,0.9967586640797593,1.8493745388817818e-30
339780,0.0,-5.4500060012324395e-40,9927.051530792352,0.9967586640797593,1.84921968081443e-30
339840,0.0,-5.449549445447485e-40,9927.051530792352,0.9967586640797593,1.849064822747078e-30
339900,0.0,-5.449092889662531e-40,9927.051530792352,0.9967586640797593,1.8489099646797266e-30
339960,0.0,-5.448636333877576e-40,9927.051530792352,0.9967586640797593,1.8487551066123746e-30
340020,0.0,-5.448179778092622e-40,9927.051530792352,0.9967586640797593,1.8486002485450226e-30
340080,0.0,-5.447723222307668e-40,9927.051530792352,0.9967586640797593,1.848445390477671e-30
340140,0.0,-5.447266666522714e-40,9927.051530792352,0.9967586640797593,1.848290532410319e-30
340200,0.0,-5.44681011073776e-40,9927.051530792352,0.9967586640797593,1.8481356743429674e-30
340260,0.0,-5.4463535549528055e-40,9927.051530792352,0.9967586640797593,1.8479808162756158e-30
340320,0.0,-5.445896999167851e-40,9927.051530792352,0.9967586640797593,1.847825958208264e-30
340380,0.0,-5.445440443382897e-40,9927.051530792352,0.9967586640797593,1.847671100140912e-30
340440,0.0,-5.444983887597943e-40,9927.051530792352,0.9967586640797593,1.8475162420735602e-30
340500,0.0,-5.444527331812988e-40,9927.051530792352,0.9967586640797593,1.8473613840062083e-30
340560,0.0,-5.444070776028035e-40,9927.051530792352,0.9967586640797593,1.8472065259388567e-30
340620,0.0,-5.443614220243081e-40,9927.051530792352,0.9967586640797593,1.8470516678715047e-30
340680,0.0,-5.443157664458126e-40,9927.051530792352,0.9967586640797593,1.8468968098041527e-30
340740,0.0,-5.4427011086731716e-40,9927.051530792352,0.9967586640797593,1.846741951736801e-30
340800,0.0,-5.442244552888218e-40,9927.051530792352,0.9967586640797593,1.8465870936694495e-30
340860,0.0,-5.441787997103263e-40,9927.051530792352,0.9967586640797593,1.8464322356020975e-30
340920,0.0,-5.441331441318309e-40,9927.051530792352,0.9967586640797593,1.8462773775347456e-30
340980,0.0,-5.440874885533355e-40,9927.051530792352,0.9967586640797593,1.8461225194673936e-30
341040,0.0,-5.440418329748401e-40,9927.051530792352,0.9967586640797593,1.845967661400042e-30
341100,0.0,-5.439961773963447e-40,9927.051530792352,0.9967586640797593,1.8458128033326904e-30
341160,0.0,-5.439505218178492e-40,9927.051530792352,0.9967586640797593,1.8456579452653384e-30
341220,0.0,-5.439048662393538e-40,9927.051530792352,0.9967586640797593,1.8455030871979864e-30
341280,0.0,-5.438592106608584e-40,9927.051530792352,0.9967586640797593,1.8453482291306348e-30
341340,0.0,-5.438135550823629e-40,9927.051530792352,0.9967586640797593,1.845193371063283e-30
341400,0.0,-5.437678995038675e-40,9927.051530792352,0.9967586640797593,1.8450385129959312e-30
341460,0.0,-5.437222439253721e-40,9927.051530792352,0.9967586640797593,1.8448836549285792e-30
341520,0.0,-5.436765883468767e-40,9927.051530792352,0.9967586640797593,1.8447287968612273e-30
341580,0.0,-5.436309327683813e-40,9927.051530792352,0.9967586640797593,1.8445739387938757e-30
341640,0.0,-5.435852771898859e-40,9927.051530792352,0.9967586640797593,1.844419080726524e-30
341700,0.0,-5.4353962161139045e-40,9927.051530792352,0.9967586640797593,1.844264222659172e-30
341760,0.0,-5.43493966032895e-40,9927.051530792352,0.9967586640797593,1.84410936459182e-30
341820,0.0,-5.434483104543996e-40,9927.051530792352,0.9967586640797593,1.8439545065244685e-30
341880,0.0,-5.434026548759041e-40,9927.051530792352,0.9967586640797593,1.8437996484571165e-30
341940,0.0,-5.433569992974088e-40,9927.051530792352,0.9967586640797593,1.843644790389765e-30
342000,0.0,-5.433113437189133e-40,9927.051530792352,0.9967586640797593,1.843489932322413e-30
342060,0.0,-5.432656881404179e-40,9927.051530792352,0.9967586640797593,1.843335074255061e-30
342120,0.0,-5.432200325619225e-40,9927.051530792352,0.9967586640797593,1.8431802161877094e-30
342180,0.0,-5.4317437698342705e-40,9927.051530792352,0.9967586640797593,1.8430253581203574e-30
342240,0.0,-5.431287214049316e-40,9927.051530792352,0.9967586640797593,1.8428705000530058e-30
342300,0.0,-5.430830658264362e-40,9927.051530792352,0.9967586640797593,1.842715641985654e-30
342360,0.0,-5.430374102479407e-40,9927.051530792352,0.9967586640797593,1.8425607839183022e-30
342420,0.0,-5.429917546694454e-40,9927.051530792352,0.9967586640797593,1.8424059258509502e-30
342480,0.0,-5.4294609909095e-40,9927.051530792352,0.9967586640797593,1.8422510677835986e-30
342540,0.0,-5.429004435124545e-40,9927.051530792352,0.9967586640797593,1.8420962097162466e-30
342600,0.0,-5.428547879339591e-40,9927.051530792352,0.9967586640797593,1.841941351648895e-30
342660,0.0,-5.428091323554637e-40,9927.051530792352,0.9967586640797593,1.841786493581543e-30
342720,0.0,-5.427634767769682e-40,9927.051530792352,0.9967586640797593,1.841631635514191e-30
342780,0.0,-5.427178211984728e-40,9927.051530792352,0.9967586640797593,1.8414767774468395e-30
342840,0.0,-5.426721656199774e-40,9927.051530792352,0.9967586640797593,1.841321919379488e-30
342900,0.0,-5.42626510041482e-40,9927.051530792352,0.9967586640797593,1.841167061312136e-30
342960,0.0,-5.425808544629866e-40,9927.051530792352,0.9967586640797593,1.841012203244784e-30
343020,0.0,-5.425351988844911e-40,9927.051530792352,0.9967586640797593,1.840857345177432e-30
343080,0.0,-5.4248954330599575e-40,9927.051530792352,0.9967586640797593,1.8407024871100803e-30
343140,0.0,-5.424438877275003e-40,9927.051530792352,0.9967586640797593,1.8405476290427287e-30
343200,0.0,-5.4239823214900484e-40,9927.051530792352,0.9967586640797593,1.8403927709753767e-30
343260,0.0,-5.423525765705094e-40,9927.051530792352,0.9967586640797593,1.8402379129080248e-30
343320,0.0,-5.423069209920141e-40,9927.051530792352,0.9967586640797593,1.840083054840673e-30
343380,0.0,-5.422612654135186e-40,9927.051530792352,0.9967586640797593,1.8399281967733212e-30
343440,0.0,-5.422156098350232e-40,9927.051530792352,0.9967586640797593,1.8397733387059696e-30
343500,0.0,-5.421699542565278e-40,9927.051530792352,0.9967586640797593,1.8396184806386176e-30
343560,0.0,-5.4212429867803236e-40,9927.051530792352,0.9967586640797593,1.8394636225712656e-30
343620,0.0,-5.4207864309953694e-40,9927.051530792352,0.9967586640797593,1.839308764503914e-30
343680,0.0,-5.420329875210415e-40,9927.051530792352,0.9967586640797593,1.8391539064365624e-30
343740,0.0,-5.41987331942546e-40,9927.051530792352,0.9967586640797593,1.8389990483692104e-30
343800,0.0,-5.419416763640507e-40,9927.051530792352,0.9967586640797593,1.8388441903018585e-30
343860,0.0,-5.418960207855553e-40,9927.051530792352,0.9967586640797593,1.838689332234507e-30
343920,0.0,-5.418503652070598e-40,9927.051530792352,0.9967586640797593,1.838534474167155e-30
343980,0.0,-5.418047096285644e-40,9927.051530792352,0.9967586640797593,1.8383796160998033e-30
344040,0.0,-5.41759054050069e-40,9927.051530792352,0.9967586640797593,1.8382247580324513e-30
344100,0.0,-5.4171339847157355e-40,9927.051530792352,0.9967586640797593,1.8380698999650993e-30
344160,0.0,-5.416677428930781e-40,9927.051530792352,0.9967586640797593,1.8379150418977477e-30
344220,0.0,-5.416220873145827e-40,9927.051530792352,0.9967586640797593,1.8377601838303957e-30
344280,0.0,-5.415764317360873e-40,9927.051530792352,0.9967586640797593,1.837605325763044e-30
344340,0.0,-5.415307761575919e-40,9927.051530792352,0.9967586640797593,1.8374504676956925e-30
344400,0.0,-5.414851205790964e-40,9927.051530792352,0.9967586640797593,1.8372956096283405e-30
344460,0.0,-5.414394650006011e-40,9927.051530792352,0.9967586640797593,1.8371407515609886e-30
344520,0.0,-5.4139380942210565e-40,9927.051530792352,0.9967586640797593,1.836985893493637e-30
344580,0.0,-5.4134815384361015e-40,9927.051530792352,0.9967586640797593,1.836831035426285e-30
344640,0.0,-5.413024982651147e-40,9927.051530792352,0.9967586640797593,1.8366761773589334e-30
344700,0.0,-5.412568426866193e-40,9927.051530792352,0.9967586640797593,1.8365213192915814e-30
344760,0.0,-5.412111871081239e-40,9927.051530792352,0.9967586640797593,1.8363664612242294e-30
344820,0.0,-5.411655315296285e-40,9927.051530792352,0.9967586640797593,1.8362116031568778e-30
344880,0.0,-5.411198759511331e-40,9927.051530792352,0.9967586640797593,1.8360567450895262e-30
344940,0.0,-5.410742203726377e-40,9927.051530792352,0.9967586640797593,1.8359018870221742e-30
345000,0.0,-5.4102856479414225e-40,9927.051530792352,0.9967586640797593,1.8357470289548223e-30
345060,0.0,-5.4098290921564676e-40,9927.051530792352,0.9967586640797593,1.8355921708874703e-30
345120,0.0,-5.4093725363715134e-40,9927.051530792352,0.9967586640797593,1.8354373128201187e-30
345180,0.0,-5.40891598058656e-40,9927.051530792352,0.9967586640797593,1.835282454752767e-30
345240,0.0,-5.408459424801605e-40,9927.051530792352,0.9967586640797593,1.835127596685415e-30
345300,0.0,-5.408002869016651e-40,9927.051530792352,0.9967586640797593,1.834972738618063e-30
345360,0.0,-5.407546313231697e-40,9927.051530792352,0.9967586640797593,1.8348178805507115e-30
345420,0.0,-5.407089757446743e-40,9927.051530792352,0.9967586640797593,1.8346630224833595e-30
345480,0.0,-5.4066332016617886e-40,9927.051530792352,0.9967586640797593,1.834508164416008e-30
345540,0.0,-5.4061766458768344e-40,9927.051530792352,0.9967586640797593,1.834353306348656e-30
345600,0.0,-5.40572009009188e-40,9927.051530792352,0.9967586640797593,1.834198448281304e-30
345660,0.0,-5.405263534306926e-40,9927.051530792352,0.9967586640797593,1.8340435902139524e-30
345720,0.0,-5.404806978521972e-40,9927.051530792352,0.9967586640797593,1.8338887321466008e-30
345780,0.0,-5.404350422737017e-40,9927.051530792352,0.9967586640797593,1.8337338740792488e-30
345840,0.0,-5.403893866952063e-40,9927.051530792352,0.9967586640797593,1.8335790160118968e-30
345900,0.0,-5.4034373111671096e-40,9927.051530792352,0.9967586640797593,1.8334241579445452e-30
345960,0.0,-5.402980755382155e-40,9927.051530792352,0.9967586640797593,1.8332692998771932e-30
346020,0.0,-5.4025241995972005e-40,9927.051530792352,0.9967586640797593,1.8331144418098416e-30
346080,0.0,-5.402067643812246e-40,9927.051530792352,0.9967586640797593,1.8329595837424896e-30
346140,0.0,-5.401611088027292e-40,9927.051530792352,0.9967586640797593,1.8328047256751377e-30
346200,0.0,-5.401154532242338e-40,9927.051530792352,0.9967586640797593,1.832649867607786e-30
346260,0.0,-5.400697976457383e-40,9927.051530792352,0.9967586640797593,1.832495009540434e-30
346320,0.0,-5.40024142067243e-40,9927.051530792352,0.9967586640797593,1.8323401514730825e-30
346380,0.0,-5.399784864887476e-40,9927.051530792352,0.9967586640797593,1.832185293405731e-30
346440,0.0,-5.399328309102521e-40,9927.051530792352,0.9967586640797593,1.832030435338379e-30
346500,0.0,-5.3988717533175665e-40,9927.051530792352,0.9967586640797593,1.831875577271027e-30
346560,0.0,-5.398415197532613e-40,9927.051530792352,0.9967586640797593,1.8317207192036753e-30
346620,0.0,-5.397958641747658e-40,9927.051530792352,0.9967586640797593,1.8315658611363233e-30
346680,0.0,-5.397502085962704e-40,9927.051530792352,0.9967586640797593,1.8314110030689717e-30
346740,0.0,-5.39704553017775e-40,9927.051530792352,0.9967586640797593,1.8312561450016198e-30
346800,0.0,-5.396588974392796e-40,9927.051530792352,0.9967586640797593,1.8311012869342678e-30
346860,0.0,-5.396132418607842e-40,9927.051530792352,0.9967586640797593,1.830946428866916e-30
346920,0.0,-5.3956758628228875e-40,9927.051530792352,0.9967586640797593,1.8307915707995646e-30
346980,0.0,-5.3952193070379325e-40,9927.051530792352,0.9967586640797593,1.8306367127322126e-30
347040,0.0,-5.394762751252979e-40,9927.051530792352,0.9967586640797593,1.8304818546648606e-30
347100,0.0,-5.394306195468024e-40,9927.051530792352,0.9967586640797593,1.8303269965975086e-30
347160,0.0,-5.39384963968307e-40,9927.051530792352,0.9967586640797593,1.830172138530157e-30
347220,0.0,-5.393393083898116e-40,9927.051530792352,0.9967586640797593,1.8300172804628054e-30
347280,0.0,-5.392936528113162e-40,9927.051530792352,0.9967586640797593,1.8298624223954534e-30
347340,0.0,-5.392479972328208e-40,9927.051530792352,0.9967586640797593,1.8297075643281015e-30
347400,0.0,-5.3920234165432535e-40,9927.051530792352,0.9967586640797593,1.82955270626075e-30
347460,0.0,-5.391566860758299e-40,9927.051530792352,0.9967586640797593,1.829397848193398e-30
347520,0.0,-5.391110304973345e-40,9927.051530792352,0.9967586640797593,1.8292429901260463e-30
347580,0.0,-5.390653749188391e-40,9927.051530792352,0.9967586640797593,1.8290881320586943e-30
347640,0.0,-5.390197193403436e-40,9927.051530792352,0.9967586640797593,1.8289332739913423e-30
347700,0.0,-5.389740637618483e-40,9927.051530792352,0.9967586640797593,1.8287784159239907e-30
347760,0.0,-5.389284081833529e-40,9927.051530792352,0.9967586640797593,1.828623557856639e-30
347820,0.0,-5.388827526048574e-40,9927.051530792352,0.9967586640797593,1.828468699789287e-30
347880,0.0,-5.3883709702636196e-40,9927.051530792352,0.9967586640797593,1.828313841721935e-30
347940,0.0,-5.387914414478666e-40,9927.051530792352,0.9967586640797593,1.8281589836545836e-30
348000,0.0,-5.387457858693711e-40,9927.051530792352,0.9967586640797593,1.8280041255872316e-30
348060,0.0,-5.387001302908757e-40,9927.051530792352,0.9967586640797593,1.82784926751988e-30
348120,0.0,-5.386544747123802e-40,9927.051530792352,0.9967586640797593,1.827694409452528e-30
348180,0.0,-5.386088191338849e-40,9927.051530792352,0.9967586640797593,1.827539551385176e-30
348240,0.0,-5.385631635553895e-40,9927.051530792352,0.9967586640797593,1.8273846933178244e-30
348300,0.0,-5.38517507976894e-40,9927.051530792352,0.9967586640797593,1.8272298352504724e-30
348360,0.0,-5.384718523983986e-40,9927.051530792352,0.9967586640797593,1.827074977183121e-30
348420,0.0,-5.384261968199032e-40,9927.051530792352,0.9967586640797593,1.8269201191157692e-30
348480,0.0,-5.383805412414077e-40,9927.051530792352,0.9967586640797593,1.8267652610484172e-30
348540,0.0,-5.383348856629123e-40,9927.051530792352,0.9967586640797593,1.8266104029810653e-30
348600,0.0,-5.382892300844169e-40,9927.051530792352,0.9967586640797593,1.8264555449137137e-30
348660,0.0,-5.382435745059215e-40,9927.051530792352,0.9967586640797593,1.8263006868463617e-30
348720,0.0,-5.381979189274261e-40,9927.051530792352,0.9967586640797593,1.82614582877901e-30
348780,0.0,-5.381522633489307e-40,9927.051530792352,0.9967586640797593,1.825990970711658e-30
348840,0.0,-5.3810660777043525e-40,9927.051530792352,0.9967586640797593,1.825836112644306e-30
348900,0.0,-5.380609521919398e-40,9927.051530792352,0.9967586640797593,1.8256812545769545e-30
348960,0.0,-5.380152966134444e-40,9927.051530792352,0.9967586640797593,1.825526396509603e-30
349020,0.0,-5.379696410349489e-40,9927.051530792352,0.9967586640797593,1.825371538442251e-30
349080,0.0,-5.379239854564536e-40,9927.051530792352,0.9967586640797593,1.825216680374899e-30
349140,0.0,-5.378783298779582e-40,9927.051530792352,0.9967586640797593,1.8250618223075474e-30
349200,0.0,-5.378326742994627e-40,9927.051530792352,0.9967586640797593,1.8249069642401954e-30
349260,0.0,-5.377870187209673e-40,9927.051530792352,0.9967586640797593,1.8247521061728438e-30
349320,0.0,-5.3774136314247185e-40,9927.051530792352,0.9967586640797593,1.8245972481054918e-30
349380,0.0,-5.376957075639764e-40,9927.051530792352,0.9967586640797593,1.82444239003814e-30
349440,0.0,-5.37650051985481e-40,9927.051530792352,0.9967586640797593,1.8242875319707882e-30
349500,0.0,-5.376043964069855e-40,9927.051530792352,0.9967586640797593,1.8241326739034362e-30
349560,0.0,-5.375587408284902e-40,9927.051530792352,0.9967586640797593,1.8239778158360846e-30
349620,0.0,-5.375130852499948e-40,9927.051530792352,0.9967586640797593,1.8238229577687327e-30
349680,0.0,-5.374674296714993e-40,9927.051530792352,0.9967586640797593,1.8236680997013807e-30
349740,0.0,-5.374217740930039e-40,9927.051530792352,0.9967586640797593,1.823513241634029e-30
349800,0.0,-5.373761185145085e-40,9927.051530792352,0.9967586640797593,1.8233583835666775e-30
349860,0.0,-5.37330462936013e-40,9927.051530792352,0.9967586640797593,1.8232035254993255e-30
349920,0.0,-5.372848073575176e-40,9927.051530792352,0.9967586640797593,1.8230486674319735e-30
349980,0.0,-5.372391517790222e-40,9927.051530792352,0.9967586640797593,1.822893809364622e-30
350040,0.0,-5.371934962005268e-40,9927.051530792352,0.9967586640797593,1.82273895129727e-30
350100,0.0,-5.371478406220314e-40,9927.051530792352,0.9967586640797593,1.8225840932299183e-30
350160,0.0,-5.37102185043536e-40,9927.051530792352,0.9967586640797593,1.8224292351625664e-30
350220,0.0,-5.370565294650405e-40,9927.051530792352,0.9967586640797593,1.8222743770952144e-30
350280,0.0,-5.370108738865451e-40,9927.051530792352,0.9967586640797593,1.8221195190278628e-30
350340,0.0,-5.3696521830804964e-40,9927.051530792352,0.9967586640797593,1.8219646609605108e-30
350400,0.0,-5.369195627295542e-40,9927.051530792352,0.9967586640797593,1.8218098028931592e-30
350460,0.0,-5.368739071510588e-40,9927.051530792352,0.9967586640797593,1.8216549448258076e-30
350520,0.0,-5.368282515725634e-40,9927.051530792352,0.9967586640797593,1.8215000867584556e-30
350580,0.0,-5.36782595994068e-40,9927.051530792352,0.9967586640797593,1.8213452286911036e-30
350640,0.0,-5.367369404155726e-40,9927.051530792352,0.9967586640797593,1.821190370623752e-30
350700,0.0,-5.3669128483707716e-40,9927.051530792352,0.9967586640797593,1.8210355125564e-30
350760,0.0,-5.3664562925858174e-40,9927.051530792352,0.9967586640797593,1.8208806544890484e-30
350820,0.0,-5.365999736800863e-40,9927.051530792352,0.9967586640797593,1.8207257964216965e-30
350880,0.0,-5.365543181015908e-40,9927.051530792352,0.9967586640797593,1.8205709383543445e-30
350940,0.0,-5.365086625230955e-40,9927.051530792352,0.9967586640797593,1.820416080286993e-30
351000,0.0,-5.364630069446001e-40,9927.051530792352,0.9967586640797593,1.8202612222196413e-30
351060,0.0,-5.364173513661046e-40,9927.051530792352,0.9967586640797593,1.8201063641522893e-30
351120,0.0,-5.363716957876092e-40,9927.051530792352,0.9967586640797593,1.8199515060849373e-30
351180,0.0,-5.3632604020911384e-40,9927.051530792352,0.9967586640797593,1.8197966480175857e-30
351240,0.0,-5.3628038463061835e-40,9927.051530792352,0.9967586640797593,1.8196417899502337e-30
351300,0.0,-5.362347290521229e-40,9927.051530792352,0.9967586640797593,1.819486931882882e-30
351360,0.0,-5.361890734736274e-40,9927.051530792352,0.9967586640797593,1.81933207381553e-30
351420,0.0,-5.361434178951321e-40,9927.051530792352,0.9967586640797593,1.8191772157481782e-30
351480,0.0,-5.360977623166367e-40,9927.051530792352,0.9967586640797593,1.8190223576808266e-30
351540,0.0,-5.360521067381412e-40,9927.051530792352,0.9967586640797593,1.8188674996134746e-30
351600,0.0,-5.360064511596458e-40,9927.051530792352,0.9967586640797593,1.818712641546123e-30
351660,0.0,-5.3596079558115045e-40,9927.051530792352,0.9967586640797593,1.818557783478771e-30
351720,0.0,-5.3591514000265495e-40,9927.051530792352,0.9967586640797593,1.818402925411419e-30
351780,0.0,-5.358694844241595e-40,9927.051530792352,0.9967586640797593,1.8182480673440674e-30
351840,0.0,-5.358238288456641e-40,9927.051530792352,0.9967586640797593,1.8180932092767158e-30
351900,0.0,-5.357781732671687e-40,9927.051530792352,0.9967586640797593,1.817938351209364e-30
351960,0.0,-5.357325176886733e-40,9927.051530792352,0.9967586640797593,1.817783493142012e-30
352020,0.0,-5.356868621101779e-40,9927.051530792352,0.9967586640797593,1.8176286350746603e-30
352080,0.0,-5.356412065316825e-40,9927.051530792352,0.9967586640797593,1.8174737770073083e-30
352140,0.0,-5.3559555095318705e-40,9927.051530792352,0.9967586640797593,1.8173189189399567e-30
352200,0.0,-5.355498953746916e-40,9927.051530792352,0.9967586640797593,1.8171640608726047e-30
352260,0.0,-5.3550423979619614e-40,9927.051530792352,0.9967586640797593,1.8170092028052527e-30
352320,0.0,-5.354585842177008e-40,9927.051530792352,0.9967586640797593,1.816854344737901e-30
352380,0.0,-5.354129286392053e-40,9927.051530792352,0.9967586640797593,1.816699486670549e-30
352440,0.0,-5.353672730607099e-40,9927.051530792352,0.9967586640797593,1.8165446286031975e-30
352500,0.0,-5.353216174822145e-40,9927.051530792352,0.9967586640797593,1.816389770535846e-30
352560,0.0,-5.352759619037191e-40,9927.051530792352,0.9967586640797593,1.816234912468494e-30
352620,0.0,-5.3523030632522366e-40,9927.051530792352,0.9967586640797593,1.816080054401142e-30
352680,0.0,-5.3518465074672824e-40,9927.051530792352,0.9967586640797593,1.8159251963337904e-30
352740,0.0,-5.3513899516823275e-40,9927.051530792352,0.9967586640797593,1.8157703382664384e-30
352800,0.0,-5.350933395897374e-40,9927.051530792352,0.9967586640797593,1.8156154801990868e-30
352860,0.0,-5.35047684011242e-40,9927.051530792352,0.9967586640797593,1.8154606221317348e-30
352920,0.0,-5.350020284327465e-40,9927.051530792352,0.9967586640797593,1.815305764064383e-30
352980,0.0,-5.349563728542511e-40,9927.051530792352,0.9967586640797593,1.8151509059970312e-30
353040,0.0,-5.3491071727575576e-40,9927.051530792352,0.9967586640797593,1.8149960479296796e-30
353100,0.0,-5.3486506169726026e-40,9927.051530792352,0.9967586640797593,1.8148411898623276e-30
353160,0.0,-5.3481940611876484e-40,9927.051530792352,0.9967586640797593,1.8146863317949757e-30
353220,0.0,-5.347737505402694e-40,9927.051530792352,0.9967586640797593,1.814531473727624e-30
353280,0.0,-5.34728094961774e-40,9927.051530792352,0.9967586640797593,1.814376615660272e-30
353340,0.0,-5.346824393832786e-40,9927.051530792352,0.9967586640797593,1.8142217575929205e-30
353400,0.0,-5.346367838047831e-40,9927.051530792352,0.9967586640797593,1.8140668995255685e-30
353460,0.0,-5.345911282262878e-40,9927.051530792352,0.9967586640797593,1.8139120414582165e-30
353520,0.0,-5.3454547264779236e-40,9927.051530792352,0.9967586640797593,1.813757183390865e-30
353580,0.0,-5.344998170692969e-40,9927.051530792352,0.9967586640797593,1.813602325323513e-30
353640,0.0,-5.3445416149080145e-40,9927.051530792352,0.9967586640797593,1.8134474672561613e-30
353700,0.0,-5.344085059123061e-40,9927.051530792352,0.9967586640797593,1.8132926091888094e-30
353760,0.0,-5.343628503338106e-40,9927.051530792352,0.9967586640797593,1.8131377511214574e-30
353820,0.0,-5.343171947553152e-40,9927.051530792352,0.9967586640797593,1.8129828930541058e-30
353880,0.0,-5.342715391768198e-40,9927.051530792352,0.9967586640797593,1.812828034986754e-30
353940,0.0,-5.342258835983244e-40,9927.051530792352,0.9967586640797593,1.8126731769194022e-30
354000,0.0,-5.34180228019829e-40,9927.051530792352,0.9967586640797593,1.8125183188520502e-30
354060,0.0,-5.3413457244133355e-40,9927.051530792352,0.9967586640797593,1.8123634607846986e-30
354120,0.0,-5.3408891686283805e-40,9927.051530792352,0.9967586640797593,1.8122086027173466e-30
354180,0.0,-5.340432612843427e-40,9927.051530792352,0.9967586640797593,1.812053744649995e-30
354240,0.0,-5.339976057058473e-40,9927.051530792352,0.9967586640797593,1.811898886582643e-30
354300,0.0,-5.339519501273518e-40,9927.051530792352,0.9967586640797593,1.811744028515291e-30
354360,0.0,-5.339062945488564e-40,9927.051530792352,0.9967586640797593,1.8115891704479395e-30
354420,0.0,-5.33860638970361e-40,9927.051530792352,0.9967586640797593,1.8114343123805875e-30
354480,0.0,-5.338149833918656e-40,9927.051530792352,0.9967586640797593,1.811279454313236e-30
354540,0.0,-5.3376932781337015e-40,9927.051530792352,0.9967586640797593,1.8111245962458843e-30
354600,0.0,-5.337236722348747e-40,9927.051530792352,0.9967586640797593,1.8109697381785323e-30
354660,0.0,-5.336780166563793e-40,9927.051530792352,0.9967586640797593,1.8108148801111803e-30
354720,0.0,-5.336323610778839e-40,9927.051530792352,0.9967586640797593,1.8106600220438287e-30
354780,0.0,-5.335867054993884e-40,9927.051530792352,0.9967586640797593,1.8105051639764768e-30
354840,0.0,-5.33541049920893e-40,9927.051530792352,0.9967586640797593,1.810350305909125e-30
354900,0.0,-5.334953943423977e-40,9927.051530792352,0.9967586640797593,1.810195447841773e-30
354960,0.0,-5.334497387639022e-40,9927.051530792352,0.9967586640797593,1.8100405897744212e-30
355020,0.0,-5.3340408318540676e-40,9927.051530792352,0.9967586640797593,1.8098857317070696e-30
355080,0.0,-5.3335842760691134e-40,9927.051530792352,0.9967586640797593,1.809730873639718e-30
355140,0.0,-5.333127720284159e-40,9927.051530792352,0.9967586640797593,1.809576015572366e-30
355200,0.0,-5.332671164499205e-40,9927.051530792352,0.9967586640797593,1.809421157505014e-30
355260,0.0,-5.332214608714251e-40,9927.051530792352,0.9967586640797593,1.8092662994376624e-30
355320,0.0,-5.331758052929297e-40,9927.051530792352,0.9967586640797593,1.8091114413703104e-30
355380,0.0,-5.331301497144343e-40,9927.051530792352,0.9967586640797593,1.808956583302959e-30
355440,0.0,-5.330844941359388e-40,9927.051530792352,0.9967586640797593,1.808801725235607e-30
355500,0.0,-5.330388385574434e-40,9927.051530792352,0.9967586640797593,1.808646867168255e-30
355560,0.0,-5.32993182978948e-40,9927.051530792352,0.9967586640797593,1.8084920091009033e-30
355620,0.0,-5.329475274004525e-40,9927.051530792352,0.9967586640797593,1.8083371510335513e-30
355680,0.0,-5.329018718219571e-40,9927.051530792352,0.9967586640797593,1.8081822929661997e-30
355740,0.0,-5.328562162434617e-40,9927.051530792352,0.9967586640797593,1.8080274348988477e-30
355800,0.0,-5.328105606649663e-40,9927.051530792352,0.9967586640797593,1.8078725768314958e-30
355860,0.0,-5.327649050864709e-40,9927.051530792352,0.9967586640797593,1.807717718764144e-30
355920,0.0,-5.327192495079755e-40,9927.051530792352,0.9967586640797593,1.8075628606967925e-30
355980,0.0,-5.3267359392948e-40,9927.051530792352,0.9967586640797593,1.8074080026294406e-30
356040,0.0,-5.326279383509846e-40,9927.051530792352,0.9967586640797593,1.8072531445620886e-30
356100,0.0,-5.325822827724892e-40,9927.051530792352,0.9967586640797593,1.807098286494737e-30
356160,0.0,-5.325366271939937e-40,9927.051530792352,0.9967586640797593,1.806943428427385e-30
356220,0.0,-5.324909716154983e-40,9927.051530792352,0.9967586640797593,1.8067885703600334e-30
356280,0.0,-5.32445316037003e-40,9927.051530792352,0.9967586640797593,1.8066337122926814e-30
356340,0.0,-5.323996604585075e-40,9927.051530792352,0.9967586640797593,1.8064788542253294e-30
356400,0.0,-5.323540048800121e-40,9927.051530792352,0.9967586640797593,1.806323996157978e-30
356460,0.0,-5.3230834930151665e-40,9927.051530792352,0.9967586640797593,1.806169138090626e-30
356520,0.0,-5.322626937230212e-40,9927.051530792352,0.9967586640797593,1.8060142800232742e-30
356580,0.0,-5.322170381445258e-40,9927.051530792352,0.9967586640797593,1.8058594219559226e-30
356640,0.0,-5.321713825660303e-40,9927.051530792352,0.9967586640797593,1.8057045638885707e-30
356700,0.0,-5.32125726987535e-40,9927.051530792352,0.9967586640797593,1.8055497058212187e-30
356760,0.0,-5.320800714090396e-40,9927.051530792352,0.9967586640797593,1.805394847753867e-30
356820,0.0,-5.320344158305441e-40,9927.051530792352,0.9967586640797593,1.805239989686515e-30
356880,0.0,-5.319887602520487e-40,9927.051530792352,0.9967586640797593,1.8050851316191635e-30
356940,0.0,-5.319431046735533e-40,9927.051530792352,0.9967586640797593,1.8049302735518115e-30
357000,0.0,-5.318974490950578e-40,9927.051530792352,0.9967586640797593,1.8047754154844596e-30
357060,0.0,-5.318517935165624e-40,9927.051530792352,0.9967586640797593,1.804620557417108e-30
357120,0.0,-5.31806137938067e-40,9927.051530792352,0.9967586640797593,1.8044656993497563e-30
357180,0.0,-5.317604823595716e-40,9927.051530792352,0.9967586640797593,1.8043108412824044e-30
357240,0.0,-5.317148267810762e-40,9927.051530792352,0.9967586640797593,1.8041559832150524e-30
357300,0.0,-5.316691712025808e-40,9927.051530792352,0.9967586640797593,1.8040011251477008e-30
357360,0.0,-5.316235156240853e-40,9927.051530792352,0.9967586640797593,1.8038462670803488e-30
357420,0.0,-5.315778600455899e-40,9927.051530792352,0.9967586640797593,1.8036914090129972e-30
357480,0.0,-5.3153220446709444e-40,9927.051530792352,0.9967586640797593,1.8035365509456452e-30
357540,0.0,-5.31486548888599e-40,9927.051530792352,0.9967586640797593,1.8033816928782932e-30
357600,0.0,-5.314408933101036e-40,9927.051530792352,0.9967586640797593,1.8032268348109416e-30
357660,0.0,-5.313952377316082e-40,9927.051530792352,0.9967586640797593,1.8030719767435897e-30
357720,0.0,-5.313495821531128e-40,9927.051530792352,0.9967586640797593,1.802917118676238e-30
357780,0.0,-5.313039265746174e-40,9927.051530792352,0.9967586640797593,1.802762260608886e-30
357840,0.0,-5.3125827099612196e-40,9927.051530792352,0.9967586640797593,1.802607402541534e-30
357900,0.0,-5.3121261541762654e-40,9927.051530792352,0.9967586640797593,1.8024525444741825e-30
357960,0.0,-5.311669598391311e-40,9927.051530792352,0.9967586640797593,1.802297686406831e-30
358020,0.0,-5.311213042606356e-40,9927.051530792352,0.9967586640797593,1.802142828339479e-30
358080,0.0,-5.310756486821403e-40,9927.051530792352,0.9967586640797593,1.801987970272127e-30
358140,0.0,-5.310299931036449e-40,9927.051530792352,0.9967586640797593,1.8018331122047753e-30
358200,0.0,-5.309843375251494e-40,9927.051530792352,0.9967586640797593,1.8016782541374234e-30
358260,0.0,-5.30938681946654e-40,9927.051530792352,0.9967586640797593,1.8015233960700717e-30
358320,0.0,-5.3089302636815864e-40,9927.051530792352,0.9967586640797593,1.8013685380027198e-30
358380,0.0,-5.3084737078966315e-40,9927.051530792352,0.9967586640797593,1.8012136799353678e-30
358440,0.0,-5.308017152111677e-40,9927.051530792352,0.9967586640797593,1.8010588218680162e-30
358500,0.0,-5.307560596326722e-40,9927.051530792352,0.9967586640797593,1.8009039638006642e-30
358560,0.0,-5.307104040541769e-40,9927.051530792352,0.9967586640797593,1.8007491057333126e-30
358620,0.0,-5.306647484756815e-40,9927.051530792352,0.9967586640797593,1.800594247665961e-30
358680,0.0,-5.30619092897186e-40,9927.051530792352,0.9967586640797593,1.800439389598609e-30
358740,0.0,-5.305734373186906e-40,9927.051530792352,0.9967586640797593,1.800284531531257e-30
358800,0.0,-5.3052778174019525e-40,9927.051530792352,0.9967586640797593,1.8001296734639054e-30
358860,0.0,-5.3048212616169975e-40,9927.051530792352,0.9967586640797593,1.7999748153965535e-30
358920,0.0,-5.304364705832043e-40,9927.051530792352,0.9967586640797593,1.799819957329202e-30
358980,0.0,-5.303908150047089e-40,9927.051530792352,0.9967586640797593,1.79966509926185e-30
359040,0.0,-5.303451594262135e-40,9927.051530792352,0.9967586640797593,1.799510241194498e-30
359100,0.0,-5.302995038477181e-40,9927.051530792352,0.9967586640797593,1.7993553831271463e-30
359160,0.0,-5.302538482692227e-40,9927.051530792352,0.9967586640797593,1.7992005250597947e-30
359220,0.0,-5.302081926907273e-40,9927.051530792352,0.9967586640797593,1.7990456669924427e-30
359280,0.0,-5.3016253711223185e-40,9927.051530792352,0.9967586640797593,1.7988908089250907e-30
359340,0.0,-5.301168815337364e-40,9927.051530792352,0.9967586640797593,1.798735950857739e-30
359400,0.0,-5.300712259552409e-40,9927.051530792352,0.9967586640797593,1.798581092790387e-30
359460,0.0,-5.300255703767455e-40,9927.051530792352,0.9967586640797593,1.7984262347230355e-30
359520,0.0,-5.299799147982502e-40,9927.051530792352,0.9967586640797593,1.7982713766556836e-30
359580,0.0,-5.299342592197547e-40,9927.051530792352,0.9967586640797593,1.7981165185883316e-30
359640,0.0,-5.298886036412593e-40,9927.051530792352,0.9967586640797593,1.79796166052098e-30
359700,0.0,-5.298429480627639e-40,9927.051530792352,0.9967586640797593,1.797806802453628e-30
359760,0.0,-5.2979729248426845e-40,9927.051530792352,0.9967586640797593,1.7976519443862764e-30
359820,0.0,-5.29751636905773e-40,9927.051530792352,0.9967586640797593,1.7974970863189244e-30
359880,0.0,-5.2970598132727754e-40,9927.051530792352,0.9967586640797593,1.7973422282515725e-30
359940,0.0,-5.296603257487822e-40,9927.051530792352,0.9967586640797593,1.797187370184221e-30
360000,0.0,-5.296146701702868e-40,9927.051530792352,0.9967586640797593,1.7970325121168692e-30
360060,0.0,-5.295690145917913e-40,9927.051530792352,0.9967586640797593,1.7968776540495173e-30
360120,0.0,-5.295233590132959e-40,9927.051530792352,0.9967586640797593,1.7967227959821653e-30
360180,0.0,-5.2947770343480055e-40,9927.051530792352,0.9967586640797593,1.7965679379148137e-30
360240,0.0,-5.2943204785630506e-40,9927.051530792352,0.9967586640797593,1.7964130798474617e-30
360300,0.0,-5.2938639227780964e-40,9927.051530792352,0.9967586640797593,1.79625822178011e-30
360360,0.0,-5.293407366993142e-40,9927.051530792352,0.9967586640797593,1.796103363712758e-30
360420,0.0,-5.292950811208188e-40,9927.051530792352,0.9967586640797593,1.795948505645406e-30
360480,0.0,-5.292494255423234e-40,9927.051530792352,0.9967586640797593,1.7957936475780545e-30
360540,0.0,-5.29203769963828e-40,9927.051530792352,0.9967586640797593,1.795638789510703e-30
360600,0.0,-5.291581143853325e-40,9927.051530792352,0.9967586640797593,1.795483931443351e-30
360660,0.0,-5.2911245880683716e-40,9927.051530792352,0.9967586640797593,1.7953290733759993e-30
360720,0.0,-5.290668032283417e-40,9927.051530792352,0.9967586640797593,1.7951742153086474e-30
360780,0.0,-5.2902114764984625e-40,9927.051530792352,0.9967586640797593,1.7950193572412954e-30
360840,0.0,-5.289754920713508e-40,9927.051530792352,0.9967586640797593,1.7948644991739438e-30
360900,0.0,-5.289298364928554e-40,9927.051530792352,0.9967586640797593,1.7947096411065918e-30
360960,0.0,-5.2888418091436e-40,9927.051530792352,0.9967586640797593,1.7945547830392402e-30
361020,0.0,-5.288385253358646e-40,9927.051530792352,0.9967586640797593,1.7943999249718882e-30
361080,0.0,-5.287928697573692e-40,9927.051530792352,0.9967586640797593,1.7942450669045363e-30
361140,0.0,-5.287472141788738e-40,9927.051530792352,0.9967586640797593,1.7940902088371846e-30
361200,0.0,-5.2870155860037835e-40,9927.051530792352,0.9967586640797593,1.793935350769833e-30
361260,0.0,-5.2865590302188285e-40,9927.051530792352,0.9967586640797593,1.793780492702481e-30
361320,0.0,-5.286102474433875e-40,9927.051530792352,0.9967586640797593,1.793625634635129e-30
361380,0.0,-5.285645918648921e-40,9927.051530792352,0.9967586640797593,1.7934707765677775e-30
361440,0.0,-5.285189362863966e-40,9927.051530792352,0.9967586640797593,1.7933159185004255e-30
361500,0.0,-5.284732807079012e-40,9927.051530792352,0.9967586640797593,1.793161060433074e-30
361560,0.0,-5.284276251294059e-40,9927.051530792352,0.9967586640797593,1.793006202365722e-30
361620,0.0,-5.283819695509104e-40,9927.051530792352,0.9967586640797593,1.79285134429837e-30
361680,0.0,-5.2833631397241495e-40,9927.051530792352,0.9967586640797593,1.7926964862310183e-30
361740,0.0,-5.2829065839391946e-40,9927.051530792352,0.9967586640797593,1.7925416281636664e-30
361800,0.0,-5.282450028154241e-40,9927.051530792352,0.9967586640797593,1.7923867700963148e-30
361860,0.0,-5.281993472369287e-40,9927.051530792352,0.9967586640797593,1.7922319120289628e-30
361920,0.0,-5.281536916584332e-40,9927.051530792352,0.9967586640797593,1.7920770539616108e-30
361980,0.0,-5.281080360799378e-40,9927.051530792352,0.9967586640797593,1.7919221958942592e-30
362040,0.0,-5.280623805014425e-40,9927.051530792352,0.9967586640797593,1.7917673378269076e-30
362100,0.0,-5.28016724922947e-40,9927.051530792352,0.9967586640797593,1.7916124797595556e-30
362160,0.0,-5.2797106934445156e-40,9927.051530792352,0.9967586640797593,1.7914576216922036e-30
362220,0.0,-5.2792541376595614e-40,9927.051530792352,0.9967586640797593,1.791302763624852e-30
362280,0.0,-5.278797581874607e-40,9927.051530792352,0.9967586640797593,1.7911479055575e-30
362340,0.0,-5.278341026089653e-40,9927.051530792352,0.9967586640797593,1.7909930474901484e-30
362400,0.0,-5.277884470304699e-40,9927.051530792352,0.9967586640797593,1.7908381894227965e-30
362460,0.0,-5.277427914519745e-40,9927.051530792352,0.9967586640797593,1.7906833313554445e-30
362520,0.0,-5.276971358734791e-40,9927.051530792352,0.9967586640797593,1.790528473288093e-30
362580,0.0,-5.2765148029498366e-40,9927.051530792352,0.9967586640797593,1.7903736152207413e-30
362640,0.0,-5.276058247164882e-40,9927.051530792352,0.9967586640797593,1.7902187571533893e-30
362700,0.0,-5.275601691379928e-40,9927.051530792352,0.9967586640797593,1.7900638990860377e-30
362760,0.0,-5.275145135594973e-40,9927.051530792352,0.9967586640797593,1.7899090410186857e-30
362820,0.0,-5.274688579810019e-40,9927.051530792352,0.9967586640797593,1.7897541829513338e-30
362880,0.0,-5.274232024025065e-40,9927.051530792352,0.9967586640797593,1.789599324883982e-30
362940,0.0,-5.273775468240111e-40,9927.051530792352,0.9967586640797593,1.78944446681663e-30
363000,0.0,-5.273318912455157e-40,9927.051530792352,0.9967586640797593,1.7892896087492786e-30
363060,0.0,-5.272862356670203e-40,9927.051530792352,0.9967586640797593,1.7891347506819266e-30
363120,0.0,-5.272405800885248e-40,9927.051530792352,0.9967586640797593,1.7889798926145746e-30
363180,0.0,-5.271949245100294e-40,9927.051530792352,0.9967586640797593,1.788825034547223e-30
363240,0.0,-5.27149268931534e-40,9927.051530792352,0.9967586640797593,1.7886701764798714e-30
363300,0.0,-5.271036133530385e-40,9927.051530792352,0.9967586640797593,1.7885153184125194e-30
363360,0.0,-5.270579577745431e-40,9927.051530792352,0.9967586640797593,1.7883604603451674e-30
363420,0.0,-5.270123021960478e-40,9927.051530792352,0.9967586640797593,1.788205602277816e-30
363480,0.0,-5.269666466175523e-40,9927.051530792352,0.9967586640797593,1.788050744210464e-30
363540,0.0,-5.269209910390569e-40,9927.051530792352,0.9967586640797593,1.7878958861431122e-30
363600,0.0,-5.2687533546056145e-40,9927.051530792352,0.9967586640797593,1.7877410280757603e-30
363660,0.0,-5.26829679882066e-40,9927.051530792352,0.9967586640797593,1.7875861700084083e-30
363720,0.0,-5.267840243035706e-40,9927.051530792352,0.9967586640797593,1.7874313119410567e-30
363780,0.0,-5.267383687250751e-40,9927.051530792352,0.9967586640797593,1.7872764538737047e-30
363840,0.0,-5.266927131465798e-40,9927.051530792352,0.9967586640797593,1.787121595806353e-30
363900,0.0,-5.266470575680844e-40,9927.051530792352,0.9967586640797593,1.786966737739001e-30
363960,0.0,-5.266014019895889e-40,9927.051530792352,0.9967586640797593,1.786811879671649e-30
364020,0.0,-5.265557464110935e-40,9927.051530792352,0.9967586640797593,1.7866570216042976e-30
364080,0.0,-5.2651009083259805e-40,9927.051530792352,0.9967586640797593,1.786502163536946e-30
364140,0.0,-5.264644352541026e-40,9927.051530792352,0.9967586640797593,1.786347305469594e-30
364200,0.0,-5.264187796756072e-40,9927.051530792352,0.9967586640797593,1.786192447402242e-30
364260,0.0,-5.263731240971118e-40,9927.051530792352,0.9967586640797593,1.7860375893348904e-30
364320,0.0,-5.263274685186164e-40,9927.051530792352,0.9967586640797593,1.7858827312675384e-30
364380,0.0,-5.26281812940121e-40,9927.051530792352,0.9967586640797593,1.7857278732001868e-30
364440,0.0,-5.262361573616256e-40,9927.051530792352,0.9967586640797593,1.785573015132835e-30
364500,0.0,-5.261905017831301e-40,9927.051530792352,0.9967586640797593,1.785418157065483e-30
364560,0.0,-5.261448462046347e-40,9927.051530792352,0.9967586640797593,1.7852632989981312e-30
364620,0.0,-5.260991906261393e-40,9927.051530792352,0.9967586640797593,1.7851084409307796e-30
364680,0.0,-5.260535350476438e-40,9927.051530792352,0.9967586640797593,1.7849535828634277e-30
364740,0.0,-5.260078794691484e-40,9927.051530792352,0.9967586640797593,1.784798724796076e-30
364800,0.0,-5.25962223890653e-40,9927.051530792352,0.9967586640797593,1.784643866728724e-30
364860,0.0,-5.259165683121576e-40,9927.051530792352,0.9967586640797593,1.784489008661372e-30
364920,0.0,-5.258709127336622e-40,9927.051530792352,0.9967586640797593,1.7843341505940205e-30
364980,0.0,-5.258252571551667e-40,9927.051530792352,0.9967586640797593,1.7841792925266685e-30
365040,0.0,-5.2577960157667134e-40,9927.051530792352,0.9967586640797593,1.784024434459317e-30
365100,0.0,-5.257339459981759e-40,9927.051530792352,0.9967586640797593,1.783869576391965e-30
365160,0.0,-5.256882904196804e-40,9927.051530792352,0.9967586640797593,1.783714718324613e-30
365220,0.0,-5.25642634841185e-40,9927.051530792352,0.9967586640797593,1.7835598602572614e-30
365280,0.0,-5.255969792626897e-40,9927.051530792352,0.9967586640797593,1.7834050021899097e-30
365340,0.0,-5.255513236841942e-40,9927.051530792352,0.9967586640797593,1.7832501441225578e-30
365400,0.0,-5.255056681056988e-40,9927.051530792352,0.9967586640797593,1.7830952860552058e-30
365460,0.0,-5.254600125272034e-40,9927.051530792352,0.9967586640797593,1.7829404279878542e-30
365520,0.0,-5.2541435694870795e-40,9927.051530792352,0.9967586640797593,1.7827855699205022e-30
365580,0.0,-5.253687013702125e-40,9927.051530792352,0.9967586640797593,1.7826307118531506e-30
365640,0.0,-5.253230457917171e-40,9927.051530792352,0.9967586640797593,1.7824758537857986e-30
365700,0.0,-5.252773902132217e-40,9927.051530792352,0.9967586640797593,1.7823209957184467e-30
365760,0.0,-5.252317346347263e-40,9927.051530792352,0.9967586640797593,1.782166137651095e-30
365820,0.0,-5.251860790562308e-40,9927.051530792352,0.9967586640797593,1.782011279583743e-30
365880,0.0,-5.251404234777354e-40,9927.051530792352,0.9967586640797593,1.7818564215163915e-30
365940,0.0,-5.2509476789924005e-40,9927.051530792352,0.9967586640797593,1.7817015634490395e-30
366000,0.0,-5.2504911232074455e-40,9927.051530792352,0.9967586640797593,1.7815467053816875e-30
366060,0.0,-5.250034567422491e-40,9927.051530792352,0.9967586640797593,1.781391847314336e-30
366120,0.0,-5.249578011637537e-40,9927.051530792352,0.9967586640797593,1.7812369892469843e-30
366180,0.0,-5.249121455852583e-40,9927.051530792352,0.9967586640797593,1.7810821311796323e-30
366240,0.0,-5.248664900067629e-40,9927.051530792352,0.9967586640797593,1.7809272731122804e-30
366300,0.0,-5.248208344282675e-40,9927.051530792352,0.9967586640797593,1.7807724150449287e-30
366360,0.0,-5.24775178849772e-40,9927.051530792352,0.9967586640797593,1.7806175569775768e-30
366420,0.0,-5.2472952327127665e-40,9927.051530792352,0.9967586640797593,1.780462698910225e-30
366480,0.0,-5.246838676927812e-40,9927.051530792352,0.9967586640797593,1.7803078408428732e-30
366540,0.0,-5.246382121142857e-40,9927.051530792352,0.9967586640797593,1.7801529827755212e-30
366600,0.0,-5.245925565357903e-40,9927.051530792352,0.9967586640797593,1.7799981247081696e-30
366660,0.0,-5.24546900957295e-40,9927.051530792352,0.9967586640797593,1.779843266640818e-30
366720,0.0,-5.245012453787995e-40,9927.051530792352,0.9967586640797593,1.779688408573466e-30
366780,0.0,-5.244555898003041e-40,9927.051530792352,0.9967586640797593,1.7795335505061144e-30
366840,0.0,-5.244099342218087e-40,9927.051530792352,0.9967586640797593,1.7793786924387624e-30
366900,0.0,-5.2436427864331325e-40,9927.051530792352,0.9967586640797593,1.7792238343714105e-30
366960,0.0,-5.243186230648178e-40,9927.051530792352,0.9967586640797593,1.779068976304059e-30
367020,0.0,-5.2427296748632234e-40,9927.051530792352,0.9967586640797593,1.778914118236707e-30
367080,0.0,-5.24227311907827e-40,9927.051530792352,0.9967586640797593,1.7787592601693553e-30
367140,0.0,-5.241816563293316e-40,9927.051530792352,0.9967586640797593,1.7786044021020033e-30
367200,0.0,-5.241360007508361e-40,9927.051530792352,0.9967586640797593,1.7784495440346513e-30
367260,0.0,-5.240903451723407e-40,9927.051530792352,0.9967586640797593,1.7782946859672997e-30
367320,0.0,-5.2404468959384535e-40,9927.051530792352,0.9967586640797593,1.778139827899948e-30
367380,0.0,-5.2399903401534986e-40,9927.051530792352,0.9967586640797593,1.777984969832596e-30
367440,0.0,-5.2395337843685444e-40,9927.051530792352,0.9967586640797593,1.777830111765244e-30
367500,0.0,-5.23907722858359e-40,9927.051530792352,0.9967586640797593,1.7776752536978925e-30
367560,0.0,-5.238620672798636e-40,9927.051530792352,0.9967586640797593,1.7775203956305406e-30
367620,0.0,-5.238164117013682e-40,9927.051530792352,0.9967586640797593,1.777365537563189e-30
367680,0.0,-5.237707561228728e-40,9927.051530792352,0.9967586640797593,1.777210679495837e-30
367740,0.0,-5.237251005443773e-40,9927.051530792352,0.9967586640797593,1.777055821428485e-30
367800,0.0,-5.2367944496588196e-40,9927.051530792352,0.9967586640797593,1.7769009633611334e-30
367860,0.0,-5.236337893873865e-40,9927.051530792352,0.9967586640797593,1.7767461052937814e-30
367920,0.0,-5.2358813380889105e-40,9927.051530792352,0.9967586640797593,1.7765912472264298e-30
367980,0.0,-5.235424782303956e-40,9927.051530792352,0.9967586640797593,1.776436389159078e-30
368040,0.0,-5.234968226519002e-40,9927.051530792352,0.9967586640797593,1.776281531091726e-30
368100,0.0,-5.234511670734048e-40,9927.051530792352,0.9967586640797593,1.7761266730243743e-30
368160,0.0,-5.234055114949094e-40,9927.051530792352,0.9967586640797593,1.7759718149570226e-30
368220,0.0,-5.23359855916414e-40,9927.051530792352,0.9967586640797593,1.7758169568896707e-30
368280,0.0,-5.233142003379186e-40,9927.051530792352,0.9967586640797593,1.7756620988223187e-30
368340,0.0,-5.2326854475942315e-40,9927.051530792352,0.9967586640797593,1.775507240754967e-30
368400,0.0,-5.2322288918092765e-40,9927.051530792352,0.9967586640797593,1.775352382687615e-30
368460,0.0,-5.231772336024323e-40,9927.051530792352,0.9967586640797593,1.7751975246202635e-30
368520,0.0,-5.231315780239369e-40,9927.051530792352,0.9967586640797593,1.7750426665529115e-30
368580,0.0,-5.230859224454414e-40,9927.051530792352,0.9967586640797593,1.7748878084855596e-30
368640,0.0,-5.23040266866946e-40,9927.051530792352,0.9967586640797593,1.774732950418208e-30
368700,0.0,-5.229946112884506e-40,9927.051530792352,0.9967586640797593,1.7745780923508563e-30
368760,0.0,-5.229489557099552e-40,9927.051530792352,0.9967586640797593,1.7744232342835044e-30
368820,0.0,-5.2290330013145975e-40,9927.051530792352,0.9967586640797593,1.7742683762161528e-30
368880,0.0,-5.2285764455296426e-40,9927.051530792352,0.9967586640797593,1.7741135181488008e-30
368940,0.0,-5.228119889744689e-40,9927.051530792352,0.9967586640797593,1.7739586600814488e-30
369000,0.0,-5.227663333959735e-40,9927.051530792352,0.9967586640797593,1.7738038020140972e-30
369060,0.0,-5.22720677817478e-40,9927.051530792352,0.9967586640797593,1.7736489439467452e-30
369120,0.0,-5.226750222389826e-40,9927.051530792352,0.9967586640797593,1.7734940858793936e-30
369180,0.0,-5.226293666604873e-40,9927.051530792352,0.9967586640797593,1.7733392278120416e-30
369240,0.0,-5.225837110819918e-40,9927.051530792352,0.9967586640797593,1.7731843697446897e-30
369300,0.0,-5.2253805550349636e-40,9927.051530792352,0.9967586640797593,1.773029511677338e-30
369360,0.0,-5.2249239992500094e-40,9927.051530792352,0.9967586640797593,1.7728746536099864e-30
369420,0.0,-5.224467443465055e-40,9927.051530792352,0.9967586640797593,1.7727197955426345e-30
369480,0.0,-5.224010887680101e-40,9927.051530792352,0.9967586640797593,1.7725649374752825e-30
369540,0.0,-5.223554331895147e-40,9927.051530792352,0.9967586640797593,1.772410079407931e-30
369600,0.0,-5.223097776110192e-40,9927.051530792352,0.9967586640797593,1.772255221340579e-30
369660,0.0,-5.222641220325239e-40,9927.051530792352,0.9967586640797593,1.7721003632732273e-30
369720,0.0,-5.2221846645402846e-40,9927.051530792352,0.9967586640797593,1.7719455052058753e-30
369780,0.0,-5.22172810875533e-40,9927.051530792352,0.9967586640797593,1.7717906471385234e-30
369840,0.0,-5.2212715529703755e-40,9927.051530792352,0.9967586640797593,1.7716357890711718e-30
369900,0.0,-5.220814997185422e-40,9927.051530792352,0.9967586640797593,1.77148093100382e-30
369960,0.0,-5.220358441400467e-40,9927.051530792352,0.9967586640797593,1.771326072936468e-30
370020,0.0,-5.219901885615513e-40,9927.051530792352,0.9967586640797593,1.7711712148691162e-30
370080,0.0,-5.219445329830559e-40,9927.051530792352,0.9967586640797593,1.7710163568017642e-30
370140,0.0,-5.218988774045605e-40,9927.051530792352,0.9967586640797593,1.7708614987344126e-30
370200,0.0,-5.218532218260651e-40,9927.051530792352,0.9967586640797593,1.770706640667061e-30
370260,0.0,-5.218075662475696e-40,9927.051530792352,0.9967586640797593,1.770551782599709e-30
370320,0.0,-5.217619106690742e-40,9927.051530792352,0.9967586640797593,1.770396924532357e-30
370380,0.0,-5.217162550905788e-40,9927.051530792352,0.9967586640797593,1.7702420664650054e-30
370440,0.0,-5.216705995120833e-40,9927.051530792352,0.9967586640797593,1.7700872083976535e-30
370500,0.0,-5.216249439335879e-40,9927.051530792352,0.9967586640797593,1.769932350330302e-30
370560,0.0,-5.215792883550926e-40,9927.051530792352,0.9967586640797593,1.76977749226295e-30
370620,0.0,-5.215336327765971e-40,9927.051530792352,0.9967586640797593,1.769622634195598e-30
370680,0.0,-5.214879771981017e-40,9927.051530792352,0.9967586640797593,1.7694677761282463e-30
370740,0.0,-5.2144232161960625e-40,9927.051530792352,0.9967586640797593,1.7693129180608947e-30
370800,0.0,-5.213966660411108e-40,9927.051530792352,0.9967586640797593,1.7691580599935427e-30
370860,0.0,-5.213510104626154e-40,9927.051530792352,0.9967586640797593,1.769003201926191e-30
370920,0.0,-5.2130535488412e-40,9927.051530792352,0.9967586640797593,1.768848343858839e-30
370980,0.0,-5.212596993056245e-40,9927.051530792352,0.9967586640797593,1.768693485791487e-30
371040,0.0,-5.212140437271292e-40,9927.051530792352,0.9967586640797593,1.7685386277241356e-30
371100,0.0,-5.211683881486337e-40,9927.051530792352,0.9967586640797593,1.7683837696567836e-30
371160,0.0,-5.211227325701383e-40,9927.051530792352,0.9967586640797593,1.768228911589432e-30
371220,0.0,-5.2107707699164285e-40,9927.051530792352,0.9967586640797593,1.76807405352208e-30
371280,0.0,-5.210314214131474e-40,9927.051530792352,0.9967586640797593,1.767919195454728e-30
371340,0.0,-5.20985765834652e-40,9927.051530792352,0.9967586640797593,1.7677643373873764e-30
371400,0.0,-5.209401102561566e-40,9927.051530792352,0.9967586640797593,1.7676094793200248e-30
371460,0.0,-5.208944546776612e-40,9927.051530792352,0.9967586640797593,1.767454621252673e-30
371520,0.0,-5.208487990991658e-40,9927.051530792352,0.9967586640797593,1.767299763185321e-30
371580,0.0,-5.208031435206704e-40,9927.051530792352,0.9967586640797593,1.7671449051179692e-30
371640,0.0,-5.207574879421749e-40,9927.051530792352,0.9967586640797593,1.7669900470506173e-30
371700,0.0,-5.207118323636795e-40,9927.051530792352,0.9967586640797593,1.7668351889832657e-30
371760,0.0,-5.206661767851841e-40,9927.051530792352,0.9967586640797593,1.7666803309159137e-30
371820,0.0,-5.206205212066886e-40,9927.051530792352,0.9967586640797593,1.7665254728485617e-30
371880,0.0,-5.205748656281932e-40,9927.051530792352,0.9967586640797593,1.76637061478121e-30
371940,0.0,-5.205292100496979e-40,9927.051530792352,0.9967586640797593,1.7662157567138585e-30
372000,0.0,-5.204835544712024e-40,9927.051530792352,0.9967586640797593,1.7660608986465065e-30
372060,0.0,-5.20437898892707e-40,9927.051530792352,0.9967586640797593,1.7659060405791546e-30
372120,0.0,-5.203922433142115e-40,9927.051530792352,0.9967586640797593,1.7657511825118026e-30
372180,0.0,-5.2034658773571614e-40,9927.051530792352,0.9967586640797593,1.765596324444451e-30
372240,0.0,-5.203009321572207e-40,9927.051530792352,0.9967586640797593,1.7654414663770994e-30
372300,0.0,-5.202552765787252e-40,9927.051530792352,0.9967586640797593,1.7652866083097474e-30
372360,0.0,-5.202096210002298e-40,9927.051530792352,0.9967586640797593,1.7651317502423954e-30
372420,0.0,-5.201639654217345e-40,9927.051530792352,0.9967586640797593,1.7649768921750438e-30
372480,0.0,-5.20118309843239e-40,9927.051530792352,0.9967586640797593,1.764822034107692e-30
372540,0.0,-5.200726542647436e-40,9927.051530792352,0.9967586640797593,1.7646671760403402e-30
372600,0.0,-5.200269986862482e-40,9927.051530792352,0.9967586640797593,1.7645123179729882e-30
372660,0.0,-5.1998134310775275e-40,9927.051530792352,0.9967586640797593,1.7643574599056363e-30
372720,0.0,-5.199356875292573e-40,9927.051530792352,0.9967586640797593,1.7642026018382847e-30
372780,0.0,-5.198900319507619e-40,9927.051530792352,0.9967586640797593,1.764047743770933e-30
372840,0.0,-5.198443763722665e-40,9927.051530792352,0.9967586640797593,1.763892885703581e-30
372900,0.0,-5.197987207937711e-40,9927.051530792352,0.9967586640797593,1.7637380276362295e-30
372960,0.0,-5.197530652152757e-40,9927.051530792352,0.9967586640797593,1.7635831695688775e-30
373020,0.0,-5.197074096367802e-40,9927.051530792352,0.9967586640797593,1.7634283115015255e-30
373080,0.0,-5.196617540582848e-40,9927.051530792352,0.9967586640797593,1.763273453434174e-30
373140,0.0,-5.1961609847978935e-40,9927.051530792352,0.9967586640797593,1.763118595366822e-30
373200,0.0,-5.195704429012939e-40,9927.051530792352,0.9967586640797593,1.7629637372994703e-30
373260,0.0,-5.195247873227985e-40,9927.051530792352,0.9967586640797593,1.7628088792321184e-30
373320,0.0,-5.194791317443031e-40,9927.051530792352,0.9967586640797593,1.7626540211647664e-30
373380,0.0,-5.194334761658077e-40,9927.051530792352,0.9967586640797593,1.7624991630974148e-30
373440,0.0,-5.193878205873123e-40,9927.051530792352,0.9967586640797593,1.762344305030063e-30
373500,0.0,-5.193421650088168e-40,9927.051530792352,0.9967586640797593,1.7621894469627112e-30
373560,0.0,-5.1929650943032145e-40,9927.051530792352,0.9967586640797593,1.7620345888953592e-30
373620,0.0,-5.19250853851826e-40,9927.051530792352,0.9967586640797593,1.7618797308280076e-30
373680,0.0,-5.192051982733305e-40,9927.051530792352,0.9967586640797593,1.7617248727606556e-30
373740,0.0,-5.191595426948351e-40,9927.051530792352,0.9967586640797593,1.761570014693304e-30
373800,0.0,-5.191138871163398e-40,9927.051530792352,0.9967586640797593,1.761415156625952e-30
373860,0.0,-5.190682315378443e-40,9927.051530792352,0.9967586640797593,1.7612602985586e-30
373920,0.0,-5.190225759593489e-40,9927.051530792352,0.9967586640797593,1.7611054404912485e-30
373980,0.0,-5.189769203808535e-40,9927.051530792352,0.9967586640797593,1.760950582423897e-30
374040,0.0,-5.1893126480235805e-40,9927.051530792352,0.9967586640797593,1.760795724356545e-30
374100,0.0,-5.188856092238626e-40,9927.051530792352,0.9967586640797593,1.760640866289193e-30
374160,0.0,-5.1883995364536714e-40,9927.051530792352,0.9967586640797593,1.760486008221841e-30
374220,0.0,-5.187942980668717e-40,9927.051530792352,0.9967586640797593,1.7603311501544893e-30
374280,0.0,-5.187486424883764e-40,9927.051530792352,0.9967586640797593,1.7601762920871377e-30
374340,0.0,-5.187029869098809e-40,9927.051530792352,0.9967586640797593,1.7600214340197857e-30
374400,0.0,-5.186573313313855e-40,9927.051530792352,0.9967586640797593,1.7598665759524338e-30
374460,0.0,-5.186116757528901e-40,9927.051530792352,0.9967586640797593,1.759711717885082e-30
374520,0.0,-5.1856602017439466e-40,9927.051530792352,0.9967586640797593,1.7595568598177302e-30
374580,0.0,-5.1852036459589924e-40,9927.051530792352,0.9967586640797593,1.7594020017503786e-30
374640,0.0,-5.184747090174038e-40,9927.051530792352,0.9967586640797593,1.7592471436830266e-30
374700,0.0,-5.184290534389084e-40,9927.051530792352,0.9967586640797593,1.759092285615675e-30
374760,0.0,-5.18383397860413e-40,9927.051530792352,0.9967586640797593,1.758937427548323e-30
374820,0.0,-5.183377422819176e-40,9927.051530792352,0.9967586640797593,1.7587825694809714e-30
374880,0.0,-5.182920867034221e-40,9927.051530792352,0.9967586640797593,1.7586277114136194e-30
374940,0.0,-5.1824643112492676e-40,9927.051530792352,0.9967586640797593,1.7584728533462678e-30
375000,0.0,-5.1820077554643134e-40,9927.051530792352,0.9967586640797593,1.758317995278916e-30
375060,0.0,-5.1815511996793585e-40,9927.051530792352,0.9967586640797593,1.758163137211564e-30
375120,0.0,-5.181094643894404e-40,9927.051530792352,0.9967586640797593,1.7580082791442123e-30
375180,0.0,-5.18063808810945e-40,9927.051530792352,0.9967586640797593,1.7578534210768603e-30
375240,0.0,-5.180181532324496e-40,9927.051530792352,0.9967586640797593,1.7576985630095087e-30
375300,0.0,-5.179724976539542e-40,9927.051530792352,0.9967586640797593,1.7575437049421567e-30
375360,0.0,-5.179268420754587e-40,9927.051530792352,0.9967586640797593,1.7573888468748047e-30
375420,0.0,-5.178811864969634e-40,9927.051530792352,0.9967586640797593,1.757233988807453e-30
375480,0.0,-5.1783553091846795e-40,9927.051530792352,0.9967586640797593,1.7570791307401015e-30
375540,0.0,-5.1778987533997245e-40,9927.051530792352,0.9967586640797593,1.7569242726727495e-30
375600,0.0,-5.17744219761477e-40,9927.051530792352,0.9967586640797593,1.7567694146053976e-30
375660,0.0,-5.176985641829817e-40,9927.051530792352,0.9967586640797593,1.756614556538046e-30
375720,0.0,-5.176529086044862e-40,9927.051530792352,0.9967586640797593,1.756459698470694e-30
375780,0.0,-5.176072530259908e-40,9927.051530792352,0.9967586640797593,1.7563048404033424e-30
375840,0.0,-5.175615974474954e-40,9927.051530792352,0.9967586640797593,1.7561499823359904e-30
375900,0.0,-5.17515941869e-40,9927.051530792354,0.9967586640797593,1.7559951242686384e-30
375960,0.0,-5.1747028629050455e-40,9927.051530792354,0.9967586640797593,1.7558402662012868e-30
376020,0.0,-5.174246307120091e-40,9927.051530792354,0.9967586640797593,1.7556854081339352e-30
376080,0.0,-5.173789751335137e-40,9927.051530792354,0.9967586640797593,1.7555305500665832e-30
376140,0.0,-5.173333195550183e-40,9927.051530792354,0.9967586640797593,1.7553756919992313e-30
376200,0.0,-5.172876639765228e-40,9927.051530792354,0.9967586640797593,1.7552208339318793e-30
376260,0.0,-5.172420083980274e-40,9927.051530792354,0.9967586640797593,1.7550659758645277e-30
376320,0.0,-5.171963528195321e-40,9927.051530792354,0.9967586640797593,1.754911117797176e-30
376380,0.0,-5.171506972410366e-40,9927.051530792354,0.9967586640797593,1.754756259729824e-30
376440,0.0,-5.1710504166254116e-40,9927.051530792354,0.9967586640797593,1.754601401662472e-30
376500,0.0,-5.1705938608404574e-40,9927.051530792354,0.9967586640797593,1.7544465435951205e-30
376560,0.0,-5.170137305055503e-40,9927.051530792354,0.9967586640797593,1.7542916855277685e-30
376620,0.0,-5.169680749270549e-40,9927.051530792354,0.9967586640797593,1.754136827460417e-30
376680,0.0,-5.169224193485595e-40,9927.051530792354,0.9967586640797593,1.753981969393065e-30
376740,0.0,-5.16876763770064e-40,9927.051530792354,0.9967586640797593,1.7538271113257133e-30
376800,0.0,-5.168311081915687e-40,9927.051530792354,0.9967586640797593,1.7536722532583614e-30
376860,0.0,-5.1678545261307326e-40,9927.051530792354,0.9967586640797593,1.7535173951910098e-30
376920,0.0,-5.167397970345778e-40,9927.051530792354,0.9967586640797593,1.7533625371236578e-30
376980,0.0,-5.1669414145608235e-40,9927.051530792354,0.9967586640797593,1.753207679056306e-30
377040,0.0,-5.16648485877587e-40,9927.051530792354,0.9967586640797593,1.7530528209889542e-30
377100,0.0,-5.166028302990915e-40,9927.051530792354,0.9967586640797593,1.7528979629216022e-30
377160,0.0,-5.165571747205961e-40,9927.051530792354,0.9967586640797593,1.7527431048542506e-30
377220,0.0,-5.165115191421007e-40,9927.051530792354,0.9967586640797593,1.7525882467868986e-30
377280,0.0,-5.164658635636053e-40,9927.051530792354,0.9967586640797593,1.752433388719547e-30
377340,0.0,-5.164202079851099e-40,9927.051530792354,0.9967586640797593,1.752278530652195e-30
377400,0.0,-5.163745524066144e-40,9927.051530792354,0.9967586640797593,1.752123672584843e-30
377460,0.0,-5.16328896828119e-40,9927.051530792354,0.9967586640797593,1.7519688145174915e-30
377520,0.0,-5.162832412496236e-40,9927.051530792354,0.9967586640797593,1.75181395645014e-30
377580,0.0,-5.162375856711281e-40,9927.051530792354,0.9967586640797593,1.751659098382788e-30
377640,0.0,-5.161919300926327e-40,9927.051530792354,0.9967586640797593,1.751504240315436e-30
377700,0.0,-5.161462745141373e-40,9927.051530792354,0.9967586640797593,1.7513493822480843e-30
377760,0.0,-5.161006189356419e-40,9927.051530792354,0.9967586640797593,1.7511945241807323e-30
377820,0.0,-5.160549633571465e-40,9927.051530792354,0.9967586640797593,1.7510396661133807e-30
377880,0.0,-5.1600930777865105e-40,9927.051530792354,0.9967586640797593,1.7508848080460288e-30
377940,0.0,-5.159636522001556e-40,9927.051530792354,0.9967586640797593,1.7507299499786768e-30
378000,0.0,-5.159179966216602e-40,9927.051530792354,0.9967586640797593,1.750575091911325e-30
378060,0.0,-5.158723410431648e-40,9927.051530792354,0.9967586640797593,1.7504202338439736e-30
378120,0.0,-5.158266854646693e-40,9927.051530792354,0.9967586640797593,1.7502653757766216e-30
378180,0.0,-5.15781029886174e-40,9927.051530792354,0.9967586640797593,1.7501105177092696e-30
378240,0.0,-5.157353743076785e-40,9927.051530792354,0.9967586640797593,1.7499556596419176e-30
378300,0.0,-5.156897187291831e-40,9927.051530792354,0.9967586640797593,1.749800801574566e-30
378360,0.0,-5.1564406315068765e-40,9927.051530792354,0.9967586640797593,1.7496459435072144e-30
378420,0.0,-5.155984075721922e-40,9927.051530792354,0.9967586640797593,1.7494910854398624e-30
378480,0.0,-5.155527519936968e-40,9927.051530792354,0.9967586640797593,1.7493362273725105e-30
378540,0.0,-5.155070964152014e-40,9927.051530792354,0.9967586640797593,1.749181369305159e-30
378600,0.0,-5.15461440836706e-40,9927.051530792354,0.9967586640797593,1.749026511237807e-30
378660,0.0,-5.154157852582106e-40,9927.051530792354,0.9967586640797593,1.7488716531704553e-30
378720,0.0,-5.153701296797152e-40,9927.051530792354,0.9967586640797593,1.7487167951031033e-30
378780,0.0,-5.153244741012197e-40,9927.051530792354,0.9967586640797593,1.7485619370357517e-30
378840,0.0,-5.1527881852272426e-40,9927.051530792354,0.9967586640797593,1.7484070789683997e-30
378900,0.0,-5.152331629442289e-40,9927.051530792354,0.9967586640797593,1.748252220901048e-30
378960,0.0,-5.151875073657334e-40,9927.051530792354,0.9967586640797593,1.748097362833696e-30
379020,0.0,-5.15141851787238e-40,9927.051530792354,0.9967586640797593,1.7479425047663445e-30
379080,0.0,-5.150961962087426e-40,9927.051530792354,0.9967586640797593,1.7477876466989926e-30
379140,0.0,-5.150505406302472e-40,9927.051530792354,0.9967586640797593,1.7476327886316406e-30
379200,0.0,-5.150048850517518e-40,9927.051530792354,0.9967586640797593,1.747477930564289e-30
379260,0.0,-5.149592294732563e-40,9927.051530792354,0.9967586640797593,1.747323072496937e-30
379320,0.0,-5.1491357389476094e-40,9927.051530792354,0.9967586640797593,1.7471682144295854e-30
379380,0.0,-5.148679183162655e-40,9927.051530792354,0.9967586640797593,1.7470133563622334e-30
379440,0.0,-5.1482226273777e-40,9927.051530792354,0.9967586640797593,1.7468584982948814e-30
379500,0.0,-5.147766071592746e-40,9927.051530792354,0.9967586640797593,1.74670364022753e-30
379560,0.0,-5.147309515807793e-40,9927.051530792354,0.9967586640797593,1.7465487821601782e-30
379620,0.0,-5.146852960022838e-40,9927.051530792354,0.9967586640797593,1.7463939240928262e-30
379680,0.0,-5.146396404237884e-40,9927.051530792354,0.9967586640797593,1.7462390660254743e-30
379740,0.0,-5.14593984845293e-40,9927.051530792354,0.9967586640797593,1.7460842079581227e-30
379800,0.0,-5.1454832926679755e-40,9927.051530792354,0.9967586640797593,1.7459293498907707e-30
379860,0.0,-5.145026736883021e-40,9927.051530792354,0.9967586640797593,1.745774491823419e-30
379920,0.0,-5.144570181098067e-40,9927.051530792354,0.9967586640797593,1.745619633756067e-30
379980,0.0,-5.144113625313112e-40,9927.051530792354,0.9967586640797593,1.745464775688715e-30
380040,0.0,-5.143657069528159e-40,9927.051530792354,0.9967586640797593,1.7453099176213635e-30
380100,0.0,-5.143200513743205e-40,9927.051530792354,0.9967586640797593,1.745155059554012e-30
380160,0.0,-5.14274395795825e-40,9927.051530792354,0.9967586640797593,1.74500020148666e-30
380220,0.0,-5.142287402173296e-40,9927.051530792354,0.9967586640797593,1.744845343419308e-30
380280,0.0,-5.141830846388342e-40,9927.051530792354,0.9967586640797593,1.7446904853519564e-30
380340,0.0,-5.141374290603387e-40,9927.051530792354,0.9967586640797593,1.7445356272846044e-30
380400,0.0,-5.140917734818433e-40,9927.051530792354,0.9967586640797593,1.7443807692172528e-30
380460,0.0,-5.140461179033479e-40,9927.051530792354,0.9967586640797593,1.7442259111499008e-30
380520,0.0,-5.140004623248525e-40,9927.051530792354,0.9967586640797593,1.744071053082549e-30
380580,0.0,-5.139548067463571e-40,9927.051530792354,0.9967586640797593,1.7439161950151972e-30
380640,0.0,-5.139091511678616e-40,9927.051530792354,0.9967586640797593,1.7437613369478452e-30
380700,0.0,-5.1386349558936625e-40,9927.051530792354,0.9967586640797593,1.7436064788804936e-30
380760,0.0,-5.138178400108708e-40,9927.051530792354,0.9967586640797593,1.7434516208131417e-30
380820,0.0,-5.137721844323753e-40,9927.051530792354,0.9967586640797593,1.74329676274579e-30
380880,0.0,-5.137265288538799e-40,9927.051530792354,0.9967586640797593,1.743141904678438e-30
380940,0.0,-5.136808732753846e-40,9927.051530792354,0.9967586640797593,1.7429870466110865e-30
381000,0.0,-5.136352176968891e-40,9927.051530792354,0.9967586640797593,1.7428321885437345e-30
381060,0.0,-5.135895621183937e-40,9927.051530792354,0.9967586640797593,1.742677330476383e-30
381120,0.0,-5.135439065398983e-40,9927.051530792354,0.9967586640797593,1.742522472409031e-30
381180,0.0,-5.1349825096140285e-40,9927.051530792354,0.9967586640797593,1.742367614341679e-30
381240,0.0,-5.134525953829074e-40,9927.051530792354,0.9967586640797593,1.7422127562743273e-30
381300,0.0,-5.13406939804412e-40,9927.051530792354,0.9967586640797593,1.7420578982069757e-30
381360,0.0,-5.133612842259165e-40,9927.051530792354,0.9967586640797593,1.7419030401396237e-30
381420,0.0,-5.133156286474212e-40,9927.051530792354,0.9967586640797593,1.7417481820722718e-30
381480,0.0,-5.132699730689257e-40,9927.051530792354,0.9967586640797593,1.7415933240049198e-30
381540,0.0,-5.132243174904303e-40,9927.051530792354,0.9967586640797593,1.7414384659375682e-30
381600,0.0,-5.131786619119349e-40,9927.051530792354,0.9967586640797593,1.7412836078702166e-30
381660,0.0,-5.1313300633343946e-40,9927.051530792354,0.9967586640797593,1.7411287498028646e-30
381720,0.0,-5.1308735075494404e-40,9927.051530792354,0.9967586640797593,1.7409738917355126e-30
381780,0.0,-5.130416951764486e-40,9927.051530792354,0.9967586640797593,1.740819033668161e-30
381840,0.0,-5.129960395979532e-40,9927.051530792354,0.9967586640797593,1.740664175600809e-30
381900,0.0,-5.129503840194578e-40,9927.051530792354,0.9967586640797593,1.7405093175334574e-30
381960,0.0,-5.129047284409624e-40,9927.051530792354,0.9967586640797593,1.7403544594661055e-30
382020,0.0,-5.128590728624669e-40,9927.051530792354,0.9967586640797593,1.7401996013987535e-30
382080,0.0,-5.1281341728397156e-40,9927.051530792354,0.9967586640797593,1.740044743331402e-30
382140,0.0,-5.1276776170547614e-40,9927.051530792354,0.9967586640797593,1.7398898852640503e-30
382200,0.0,-5.1272210612698065e-40,9927.051530792354,0.9967586640797593,1.7397350271966983e-30
382260,0.0,-5.126764505484852e-40,9927.051530792354,0.9967586640797593,1.7395801691293463e-30
382320,0.0,-5.126307949699898e-40,9927.051530792354,0.9967586640797593,1.7394253110619947e-30
382380,0.0,-5.125851393914944e-40,9927.051530792354,0.9967586640797593,1.7392704529946427e-30
382440,0.0,-5.12539483812999e-40,9927.051530792354,0.9967586640797593,1.739115594927291e-30
382500,0.0,-5.124938282345035e-40,9927.051530792354,0.9967586640797593,1.738960736859939e-30
382560,0.0,-5.124481726560082e-40,9927.051530792354,0.9967586640797593,1.7388058787925872e-30
382620,0.0,-5.1240251707751275e-40,9927.051530792354,0.9967586640797593,1.7386510207252356e-30
382680,0.0,-5.1235686149901725e-40,9927.051530792354,0.9967586640797593,1.7384961626578836e-30
382740,0.0,-5.123112059205218e-40,9927.051530792354,0.9967586640797593,1.738341304590532e-30
382800,0.0,-5.122655503420265e-40,9927.051530792354,0.9967586640797593,1.73818644652318e-30
382860,0.0,-5.12219894763531e-40,9927.051530792354,0.9967586640797593,1.7380315884558284e-30
382920,0.0,-5.121742391850356e-40,9927.051530792354,0.9967586640797593,1.7378767303884764e-30
382980,0.0,-5.121285836065402e-40,9927.051530792354,0.9967586640797593,1.7377218723211248e-30
383040,0.0,-5.120829280280448e-40,9927.051530792354,0.9967586640797593,1.737567014253773e-30
383100,0.0,-5.1203727244954935e-40,9927.051530792354,0.9967586640797593,1.7374121561864212e-30
383160,0.0,-5.119916168710539e-40,9927.051530792354,0.9967586640797593,1.7372572981190693e-30
383220,0.0,-5.119459612925585e-40,9927.051530792354,0.9967586640797593,1.7371024400517173e-30
383280,0.0,-5.119003057140631e-40,9927.051530792354,0.9967586640797593,1.7369475819843657e-30
383340,0.0,-5.118546501355677e-40,9927.051530792354,0.9967586640797593,1.736792723917014e-30
383400,0.0,-5.118089945570722e-40,9927.051530792354,0.9967586640797593,1.736637865849662e-30
383460,0.0,-5.117633389785768e-40,9927.051530792354,0.9967586640797593,1.73648300778231e-30
383520,0.0,-5.117176834000814e-40,9927.051530792354,0.9967586640797593,1.736328149714958e-30
383580,0.0,-5.1167202782158596e-40,9927.051530792354,0.9967586640797593,1.7361732916476065e-30
383640,0.0,-5.1162637224309054e-40,9927.051530792354,0.9967586640797593,1.736018433580255e-30
383700,0.0,-5.115807166645951e-40,9927.051530792354,0.9967586640797593,1.735863575512903e-30
383760,0.0,-5.115350610860997e-40,9927.051530792354,0.9967586640797593,1.735708717445551e-30
383820,0.0,-5.114894055076043e-40,9927.051530792354,0.9967586640797593,1.7355538593781994e-30
383880,0.0,-5.114437499291088e-40,9927.051530792354,0.9967586640797593,1.7353990013108474e-30
383940,0.0,-5.113980943506135e-40,9927.051530792354,0.9967586640797593,1.7352441432434958e-30
384000,0.0,-5.1135243877211805e-40,9927.051530792354,0.9967586640797593,1.7350892851761438e-30
384060,0.0,-5.1130678319362256e-40,9927.051530792354,0.9967586640797593,1.734934427108792e-30
384120,0.0,-5.1126112761512714e-40,9927.051530792354,0.9967586640797593,1.7347795690414402e-30
384180,0.0,-5.112154720366318e-40,9927.051530792354,0.9967586640797593,1.7346247109740886e-30
384240,0.0,-5.111698164581363e-40,9927.051530792354,0.9967586640797593,1.7344698529067366e-30
384300,0.0,-5.111241608796409e-40,9927.051530792354,0.9967586640797593,1.7343149948393847e-30
384360,0.0,-5.110785053011455e-40,9927.051530792354,0.9967586640797593,1.734160136772033e-30
384420,0.0,-5.110328497226501e-40,9927.051530792354,0.9967586640797593,1.734005278704681e-30
384480,0.0,-5.1098719414415466e-40,9927.051530792354,0.9967586640797593,1.7338504206373295e-30
384540,0.0,-5.109415385656592e-40,9927.051530792354,0.9967586640797593,1.7336955625699775e-30
384600,0.0,-5.1089588298716375e-40,9927.051530792354,0.9967586640797593,1.7335407045026255e-30
384660,0.0,-5.108502274086684e-40,9927.051530792354,0.9967586640797593,1.733385846435274e-30
384720,0.0,-5.108045718301729e-40,9927.051530792354,0.9967586640797593,1.733230988367922e-30
384780,0.0,-5.107589162516775e-40,9927.051530792354,0.9967586640797593,1.7330761303005703e-30
384840,0.0,-5.107132606731821e-40,9927.051530792354,0.9967586640797593,1.7329212722332184e-30
384900,0.0,-5.106676050946867e-40,9927.051530792354,0.9967586640797593,1.7327664141658668e-30
384960,0.0,-5.106219495161913e-40,9927.051530792354,0.9967586640797593,1.7326115560985148e-30
385020,0.0,-5.1057629393769585e-40,9927.051530792354,0.9967586640797593,1.732456698031163e-30
385080,0.0,-5.105306383592004e-40,9927.051530792354,0.9967586640797593,1.7323018399638112e-30
385140,0.0,-5.10484982780705e-40,9927.051530792354,0.9967586640797593,1.7321469818964596e-30
385200,0.0,-5.104393272022096e-40,9927.051530792354,0.9967586640797593,1.7319921238291076e-30
385260,0.0,-5.103936716237141e-40,9927.051530792354,0.9967586640797593,1.7318372657617556e-30
385320,0.0,-5.103480160452188e-40,9927.051530792354,0.9967586640797593,1.731682407694404e-30
385380,0.0,-5.103023604667234e-40,9927.051530792354,0.9967586640797593,1.7315275496270524e-30
385440,0.0,-5.102567048882279e-40,9927.051530792354,0.9967586640797593,1.7313726915597004e-30
385500,0.0,-5.1021104930973245e-40,9927.051530792354,0.9967586640797593,1.7312178334923485e-30
385560,0.0,-5.10165393731237e-40,9927.051530792354,0.9967586640797593,1.7310629754249965e-30
385620,0.0,-5.101197381527416e-40,9927.051530792354,0.9967586640797593,1.730908117357645e-30
385680,0.0,-5.100740825742462e-40,9927.051530792354,0.9967586640797593,1.7307532592902933e-30
385740,0.0,-5.100284269957507e-40,9927.051530792354,0.9967586640797593,1.7305984012229413e-30
385800,0.0,-5.099827714172554e-40,9927.051530792354,0.9967586640797593,1.7304435431555893e-30
385860,0.0,-5.0993711583876e-40,9927.051530792354,0.9967586640797593,1.7302886850882377e-30
385920,0.0,-5.098914602602645e-40,9927.051530792354,0.9967586640797593,1.7301338270208858e-30
385980,0.0,-5.0984580468176906e-40,9927.051530792354,0.9967586640797593,1.729978968953534e-30
386040,0.0,-5.098001491032737e-40,9927.051530792354,0.9967586640797593,1.729824110886182e-30
386100,0.0,-5.097544935247782e-40,9927.051530792354,0.9967586640797593,1.7296692528188302e-30
386160,0.0,-5.097088379462828e-40,9927.051530792354,0.9967586640797593,1.7295143947514786e-30
386220,0.0,-5.096631823677874e-40,9927.051530792354,0.9967586640797593,1.729359536684127e-30
386280,0.0,-5.09617526789292e-40,9927.051530792354,0.9967586640797593,1.729204678616775e-30
386340,0.0,-5.095718712107966e-40,9927.051530792354,0.9967586640797593,1.729049820549423e-30
386400,0.0,-5.0952621563230116e-40,9927.051530792354,0.9967586640797593,1.7288949624820714e-30
386460,0.0,-5.0948056005380574e-40,9927.051530792354,0.9967586640797593,1.7287401044147194e-30
386520,0.0,-5.094349044753103e-40,9927.051530792354,0.9967586640797593,1.728585246347368e-30
386580,0.0,-5.093892488968148e-40,9927.051530792354,0.9967586640797593,1.728430388280016e-30
386640,0.0,-5.093435933183194e-40,9927.051530792354,0.9967586640797593,1.728275530212664e-30
386700,0.0,-5.092979377398241e-40,9927.051530792354,0.9967586640797593,1.7281206721453123e-30
386760,0.0,-5.092522821613286e-40,9927.051530792354,0.9967586640797593,1.7279658140779603e-30
386820,0.0,-5.092066265828332e-40,9927.051530792354,0.9967586640797593,1.7278109560106087e-30
386880,0.0,-5.091609710043378e-40,9927.051530792354,0.9967586640797593,1.7276560979432567e-30
386940,0.0,-5.0911531542584235e-40,9927.051530792354,0.9967586640797593,1.727501239875905e-30
387000,0.0,-5.090696598473469e-40,9927.051530792354,0.9967586640797593,1.727346381808553e-30
387060,0.0,-5.090240042688515e-40,9927.051530792354,0.9967586640797593,1.7271915237412015e-30
387120,0.0,-5.08978348690356e-40,9927.051530792354,0.9967586640797593,1.7270366656738496e-30
387180,0.0,-5.089326931118607e-40,9927.051530792354,0.9967586640797593,1.726881807606498e-30
387240,0.0,-5.088870375333653e-40,9927.051530792354,0.9967586640797593,1.726726949539146e-30
387300,0.0,-5.088413819548698e-40,9927.051530792354,0.9967586640797593,1.726572091471794e-30
387360,0.0,-5.087957263763744e-40,9927.051530792354,0.9967586640797593,1.7264172334044424e-30
387420,0.0,-5.08750070797879e-40,9927.051530792354,0.9967586640797593,1.7262623753370908e-30
387480,0.0,-5.087044152193835e-40,9927.051530792354,0.9967586640797593,1.7261075172697388e-30
387540,0.0,-5.086587596408881e-40,9927.051530792354,0.9967586640797593,1.725952659202387e-30
387600,0.0,-5.086131040623927e-40,9927.051530792354,0.9967586640797593,1.725797801135035e-30
387660,0.0,-5.085674484838973e-40,9927.051530792354,0.9967586640797593,1.7256429430676832e-30
387720,0.0,-5.085217929054019e-40,9927.051530792354,0.9967586640797593,1.7254880850003316e-30
387780,0.0,-5.084761373269064e-40,9927.051530792354,0.9967586640797593,1.7253332269329797e-30
387840,0.0,-5.08430481748411e-40,9927.051530792354,0.9967586640797593,1.7251783688656277e-30
387900,0.0,-5.083848261699156e-40,9927.051530792354,0.9967586640797593,1.725023510798276e-30
387960,0.0,-5.083391705914201e-40,9927.051530792354,0.9967586640797593,1.724868652730924e-30
388020,0.0,-5.082935150129247e-40,9927.051530792354,0.9967586640797593,1.7247137946635725e-30
388080,0.0,-5.082478594344293e-40,9927.051530792354,0.9967586640797593,1.7245589365962205e-30
388140,0.0,-5.082022038559339e-40,9927.051530792354,0.9967586640797593,1.7244040785288686e-30
388200,0.0,-5.081565482774385e-40,9927.051530792354,0.9967586640797593,1.724249220461517e-30
388260,0.0,-5.081108926989431e-40,9927.051530792354,0.9967586640797593,1.7240943623941653e-30
388320,0.0,-5.0806523712044765e-40,9927.051530792354,0.9967586640797593,1.7239395043268134e-30
388380,0.0,-5.080195815419522e-40,9927.051530792354,0.9967586640797593,1.7237846462594614e-30
388440,0.0,-5.079739259634568e-40,9927.051530792354,0.9967586640797593,1.7236297881921098e-30
388500,0.0,-5.079282703849613e-40,9927.051530792354,0.9967586640797593,1.7234749301247578e-30
388560,0.0,-5.07882614806466e-40,9927.051530792354,0.9967586640797593,1.7233200720574062e-30
388620,0.0,-5.078369592279705e-40,9927.051530792354,0.9967586640797593,1.7231652139900542e-30
388680,0.0,-5.077913036494751e-40,9927.051530792354,0.9967586640797593,1.7230103559227022e-30
388740,0.0,-5.077456480709797e-40,9927.051530792354,0.9967586640797593,1.7228554978553506e-30
388800,0.0,-5.0769999249248426e-40,9927.051530792354,0.9967586640797593,1.7227006397879987e-30
388860,0.0,-5.0765433691398884e-40,9927.051530792354,0.9967586640797593,1.722545781720647e-30
388920,0.0,-5.076086813354934e-40,9927.051530792354,0.9967586640797593,1.722390923653295e-30
388980,0.0,-5.075630257569979e-40,9927.051530792354,0.9967586640797593,1.7222360655859435e-30
389040,0.0,-5.075173701785026e-40,9927.051530792354,0.9967586640797593,1.7220812075185915e-30
389100,0.0,-5.074717146000072e-40,9927.051530792354,0.9967586640797593,1.72192634945124e-30
389160,0.0,-5.074260590215117e-40,9927.051530792354,0.9967586640797593,1.721771491383888e-30
389220,0.0,-5.073804034430163e-40,9927.051530792354,0.9967586640797593,1.7216166333165363e-30
389280,0.0,-5.0733474786452094e-40,9927.051530792354,0.9967586640797593,1.7214617752491843e-30
389340,0.0,-5.0728909228602545e-40,9927.051530792354,0.9967586640797593,1.7213069171818324e-30
389400,0.0,-5.0724343670753e-40,9927.051530792354,0.9967586640797593,1.7211520591144807e-30
389460,0.0,-5.071977811290346e-40,9927.051530792354,0.9967586640797593,1.720997201047129e-30
389520,0.0,-5.071521255505392e-40,9927.051530792354,0.9967586640797593,1.720842342979777e-30
389580,0.0,-5.071064699720438e-40,9927.051530792354,0.9967586640797593,1.7206874849124252e-30
389640,0.0,-5.070608143935483e-40,9927.051530792354,0.9967586640797593,1.7205326268450732e-30
389700,0.0,-5.07015158815053e-40,9927.051530792354,0.9967586640797593,1.7203777687777216e-30
389760,0.0,-5.0696950323655755e-40,9927.051530792354,0.9967586640797593,1.72022291071037e-30
389820,0.0,-5.0692384765806205e-40,9927.051530792354,0.9967586640797593,1.720068052643018e-30
389880,0.0,-5.068781920795666e-40,9927.051530792354,0.9967586640797593,1.719913194575666e-30
389940,0.0,-5.068325365010713e-40,9927.051530792354,0.9967586640797593,1.7197583365083144e-30
390000,0.0,-5.067868809225758e-40,9927.051530792354,0.9967586640797593,1.7196034784409625e-30
390060,0.0,-5.067412253440804e-40,9927.051530792354,0.9967586640797593,1.719448620373611e-30
390120,0.0,-5.06695569765585e-40,9927.051530792354,0.9967586640797593,1.719293762306259e-30
390180,0.0,-5.066499141870896e-40,9927.051530792354,0.9967586640797593,1.719138904238907e-30
390240,0.0,-5.0660425860859415e-40,9927.051530792354,0.9967586640797593,1.7189840461715553e-30
390300,0.0,-5.065586030300987e-40,9927.051530792354,0.9967586640797593,1.7188291881042037e-30
390360,0.0,-5.065129474516032e-40,9927.051530792354,0.9967586640797593,1.7186743300368517e-30
390420,0.0,-5.064672918731079e-40,9927.051530792354,0.9967586640797593,1.7185194719694997e-30
390480,0.0,-5.064216362946125e-40,9927.051530792354,0.9967586640797593,1.718364613902148e-30
390540,0.0,-5.06375980716117e-40,9927.051530792354,0.9967586640797593,1.718209755834796e-30
390600,0.0,-5.063303251376216e-40,9927.051530792354,0.9967586640797593,1.7180548977674445e-30
390660,0.0,-5.0628466955912625e-40,9927.051530792354,0.9967586640797593,1.7179000397000926e-30
390720,0.0,-5.0623901398063075e-40,9927.051530792354,0.9967586640797593,1.7177451816327406e-30
390780,0.0,-5.061933584021353e-40,9927.051530792354,0.9967586640797593,1.717590323565389e-30
390840,0.0,-5.061477028236399e-40,9927.051530792354,0.9967586640797593,1.717435465498037e-30
390900,0.0,-5.061020472451445e-40,9927.051530792354,0.9967586640797593,1.7172806074306854e-30
390960,0.0,-5.060563916666491e-40,9927.051530792354,0.9967586640797593,1.7171257493633338e-30
391020,0.0,-5.060107360881536e-40,9927.051530792354,0.9967586640797593,1.7169708912959818e-30
391080,0.0,-5.059650805096583e-40,9927.051530792354,0.9967586640797593,1.71681603322863e-30
391140,0.0,-5.0591942493116285e-40,9927.051530792354,0.9967586640797593,1.7166611751612782e-30
391200,0.0,-5.0587376935266736e-40,9927.051530792354,0.9967586640797593,1.7165063170939263e-30
391260,0.0,-5.0582811377417194e-40,9927.051530792354,0.9967586640797593,1.7163514590265746e-30
391320,0.0,-5.057824581956766e-40,9927.051530792354,0.9967586640797593,1.7161966009592227e-30
391380,0.0,-5.057368026171811e-40,9927.051530792354,0.9967586640797593,1.7160417428918707e-30
391440,0.0,-5.056911470386857e-40,9927.051530792354,0.9967586640797593,1.715886884824519e-30
391500,0.0,-5.056454914601903e-40,9927.051530792354,0.9967586640797593,1.7157320267571675e-30
391560,0.0,-5.055998358816949e-40,9927.051530792354,0.9967586640797593,1.7155771686898155e-30
391620,0.0,-5.0555418030319946e-40,9927.051530792354,0.9967586640797593,1.7154223106224635e-30
391680,0.0,-5.0550852472470404e-40,9927.051530792354,0.9967586640797593,1.715267452555112e-30
391740,0.0,-5.0546286914620855e-40,9927.051530792354,0.9967586640797593,1.71511259448776e-30
391800,0.0,-5.054172135677132e-40,9927.051530792354,0.9967586640797593,1.7149577364204083e-30
391860,0.0,-5.053715579892177e-40,9927.051530792354,0.9967586640797593,1.7148028783530564e-30
391920,0.0,-5.053259024107223e-40,9927.051530792354,0.9967586640797593,1.7146480202857044e-30
391980,0.0,-5.052802468322269e-40,9927.051530792354,0.9967586640797593,1.7144931622183528e-30
392040,0.0,-5.052345912537315e-40,9927.051530792354,0.9967586640797593,1.7143383041510008e-30
392100,0.0,-5.051889356752361e-40,9927.051530792354,0.9967586640797593,1.7141834460836492e-30
392160,0.0,-5.0514328009674065e-40,9927.051530792354,0.9967586640797593,1.7140285880162972e-30
392220,0.0,-5.050976245182452e-40,9927.051530792354,0.9967586640797593,1.7138737299489453e-30
392280,0.0,-5.050519689397498e-40,9927.051530792354,0.9967586640797593,1.7137188718815936e-30
392340,0.0,-5.050063133612544e-40,9927.051530792354,0.9967586640797593,1.713564013814242e-30
392400,0.0,-5.049606577827589e-40,9927.051530792354,0.9967586640797593,1.71340915574689e-30
392460,0.0,-5.049150022042635e-40,9927.051530792354,0.9967586640797593,1.713254297679538e-30
392520,0.0,-5.048693466257682e-40,9927.051530792354,0.9967586640797593,1.7130994396121865e-30
392580,0.0,-5.048236910472727e-40,9927.051530792354,0.9967586640797593,1.7129445815448345e-30
392640,0.0,-5.0477803546877725e-40,9927.051530792354,0.9967586640797593,1.712789723477483e-30
392700,0.0,-5.047323798902818e-40,9927.051530792354,0.9967586640797593,1.712634865410131e-30
392760,0.0,-5.046867243117864e-40,9927.051530792354,0.9967586640797593,1.712480007342779e-30
392820,0.0,-5.04641068733291e-40,9927.051530792354,0.9967586640797593,1.7123251492754273e-30
392880,0.0,-5.045954131547955e-40,9927.051530792354,0.9967586640797593,1.7121702912080754e-30
392940,0.0,-5.045497575763002e-40,9927.051530792354,0.9967586640797593,1.7120154331407238e-30
393000,0.0,-5.045041019978048e-40,9927.051530792354,0.9967586640797593,1.711860575073372e-30
393060,0.0,-5.044584464193093e-40,9927.051530792354,0.9967586640797593,1.71170571700602e-30
393120,0.0,-5.0441279084081386e-40,9927.051530792354,0.9967586640797593,1.7115508589386682e-30
393180,0.0,-5.043671352623185e-40,9927.051530792354,0.9967586640797593,1.7113960008713166e-30
393240,0.0,-5.04321479683823e-40,9927.051530792354,0.9967586640797593,1.7112411428039646e-30
393300,0.0,-5.042758241053276e-40,9927.051530792354,0.9967586640797593,1.711086284736613e-30
393360,0.0,-5.042301685268322e-40,9927.051530792354,0.9967586640797593,1.710931426669261e-30
393420,0.0,-5.041845129483368e-40,9927.051530792354,0.9967586640797593,1.710776568601909e-30
393480,0.0,-5.041388573698414e-40,9927.051530792354,0.9967586640797593,1.7106217105345574e-30
393540,0.0,-5.0409320179134596e-40,9927.051530792354,0.9967586640797593,1.710466852467206e-30
393600,0.0,-5.040475462128505e-40,9927.051530792354,0.9967586640797593,1.710311994399854e-30
393660,0.0,-5.040018906343551e-40,9927.051530792354,0.9967586640797593,1.710157136332502e-30
393720,0.0,-5.039562350558597e-40,9927.051530792354,0.9967586640797593,1.7100022782651503e-30
393780,0.0,-5.039105794773642e-40,9927.051530792354,0.9967586640797593,1.7098474201977983e-30
393840,0.0,-5.038649238988688e-40,9927.051530792354,0.9967586640797593,1.7096925621304467e-30
393900,0.0,-5.038192683203734e-40,9927.051530792354,0.9967586640797593,1.7095377040630947e-30
393960,0.0,-5.03773612741878e-40,9927.051530792354,0.9967586640797593,1.7093828459957428e-30
394020,0.0,-5.037279571633826e-40,9927.051530792354,0.9967586640797593,1.709227987928391e-30
394080,0.0,-5.0368230158488715e-40,9927.051530792354,0.9967586640797593,1.709073129861039e-30
394140,0.0,-5.036366460063917e-40,9927.051530792354,0.9967586640797593,1.7089182717936876e-30
394200,0.0,-5.035909904278963e-40,9927.051530792354,0.9967586640797593,1.7087634137263356e-30
394260,0.0,-5.035453348494008e-40,9927.051530792354,0.9967586640797593,1.7086085556589836e-30
394320,0.0,-5.034996792709055e-40,9927.051530792354,0.9967586640797593,1.708453697591632e-30
394380,0.0,-5.034540236924101e-40,9927.051530792354,0.9967586640797593,1.7082988395242804e-30
394440,0.0,-5.034083681139146e-40,9927.051530792354,0.9967586640797593,1.7081439814569284e-30
394500,0.0,-5.033627125354192e-40,9927.051530792354,0.9967586640797593,1.7079891233895764e-30
394560,0.0,-5.033170569569238e-40,9927.051530792354,0.9967586640797593,1.707834265322225e-30
394620,0.0,-5.032714013784283e-40,9927.051530792354,0.9967586640797593,1.707679407254873e-30
394680,0.0,-5.032257457999329e-40,9927.051530792354,0.9967586640797593,1.7075245491875212e-30
394740,0.0,-5.031800902214375e-40,9927.051530792354,0.9967586640797593,1.7073696911201693e-30
394800,0.0,-5.031344346429421e-40,9927.051530792354,0.9967586640797593,1.7072148330528173e-30
394860,0.0,-5.030887790644467e-40,9927.051530792354,0.9967586640797593,1.7070599749854657e-30
394920,0.0,-5.030431234859512e-40,9927.051530792354,0.9967586640797593,1.7069051169181137e-30
394980,0.0,-5.029974679074558e-40,9927.051530792354,0.9967586640797593,1.706750258850762e-30
395040,0.0,-5.029518123289604e-40,9927.051530792354,0.9967586640797593,1.7065954007834105e-30
395100,0.0,-5.029061567504649e-40,9927.051530792354,0.9967586640797593,1.7064405427160585e-30
395160,0.0,-5.028605011719695e-40,9927.051530792354,0.9967586640797593,1.7062856846487066e-30
395220,0.0,-5.028148455934741e-40,9927.051530792354,0.9967586640797593,1.706130826581355e-30
395280,0.0,-5.027691900149787e-40,9927.051530792354,0.9967586640797593,1.705975968514003e-30
395340,0.0,-5.027235344364833e-40,9927.051530792354,0.9967586640797593,1.7058211104466514e-30
395400,0.0,-5.026778788579879e-40,9927.051530792354,0.9967586640797593,1.7056662523792994e-30
395460,0.0,-5.0263222327949245e-40,9927.051530792354,0.9967586640797593,1.7055113943119474e-30
395520,0.0,-5.02586567700997e-40,9927.051530792354,0.9967586640797593,1.7053565362445958e-30
395580,0.0,-5.025409121225016e-40,9927.051530792354,0.9967586640797593,1.7052016781772442e-30
395640,0.0,-5.024952565440061e-40,9927.051530792354,0.9967586640797593,1.7050468201098922e-30
395700,0.0,-5.024496009655108e-40,9927.051530792354,0.9967586640797593,1.7048919620425402e-30
395760,0.0,-5.024039453870154e-40,9927.051530792354,0.9967586640797593,1.7047371039751886e-30
395820,0.0,-5.023582898085199e-40,9927.051530792354,0.9967586640797593,1.7045822459078367e-30
395880,0.0,-5.023126342300245e-40,9927.051530792354,0.9967586640797593,1.704427387840485e-30
395940,0.0,-5.0226697865152906e-40,9927.051530792354,0.9967586640797593,1.704272529773133e-30
396000,0.0,-5.0222132307303364e-40,9927.051530792354,0.9967586640797593,1.704117671705781e-30
396060,0.0,-5.021756674945382e-40,9927.051530792354,0.9967586640797593,1.7039628136384295e-30
396120,0.0,-5.021300119160427e-40,9927.051530792354,0.9967586640797593,1.7038079555710775e-30
396180,0.0,-5.020843563375474e-40,9927.051530792354,0.9967586640797593,1.703653097503726e-30
396240,0.0,-5.02038700759052e-40,9927.051530792354,0.9967586640797593,1.703498239436374e-30
396300,0.0,-5.019930451805565e-40,9927.051530792354,0.9967586640797593,1.703343381369022e-30
396360,0.0,-5.019473896020611e-40,9927.051530792354,0.9967586640797593,1.7031885233016704e-30
396420,0.0,-5.0190173402356574e-40,9927.051530792354,0.9967586640797593,1.7030336652343187e-30
396480,0.0,-5.0185607844507025e-40,9927.051530792354,0.9967586640797593,1.7028788071669668e-30
396540,0.0,-5.018104228665748e-40,9927.051530792354,0.9967586640797593,1.7027239490996148e-30
396600,0.0,-5.017647672880794e-40,9927.051530792354,0.9967586640797593,1.7025690910322632e-30
396660,0.0,-5.01719111709584e-40,9927.051530792354,0.9967586640797593,1.7024142329649112e-30
396720,0.0,-5.016734561310886e-40,9927.051530792354,0.9967586640797593,1.7022593748975596e-30
396780,0.0,-5.016278005525932e-40,9927.051530792354,0.9967586640797593,1.7021045168302076e-30
396840,0.0,-5.015821449740978e-40,9927.051530792354,0.9967586640797593,1.7019496587628557e-30
396900,0.0,-5.0153648939560235e-40,9927.051530792354,0.9967586640797593,1.701794800695504e-30
396960,0.0,-5.0149083381710685e-40,9927.051530792354,0.9967586640797593,1.701639942628152e-30
397020,0.0,-5.014451782386114e-40,9927.051530792354,0.9967586640797593,1.7014850845608005e-30
397080,0.0,-5.01399522660116e-40,9927.051530792354,0.9967586640797593,1.701330226493449e-30
397140,0.0,-5.013538670816206e-40,9927.051530792354,0.9967586640797593,1.701175368426097e-30
397200,0.0,-5.013082115031252e-40,9927.051530792354,0.9967586640797593,1.701020510358745e-30
397260,0.0,-5.012625559246298e-40,9927.051530792354,0.9967586640797593,1.7008656522913933e-30
397320,0.0,-5.012169003461344e-40,9927.051530792354,0.9967586640797593,1.7007107942240413e-30
397380,0.0,-5.0117124476763895e-40,9927.051530792354,0.9967586640797593,1.7005559361566897e-30
397440,0.0,-5.011255891891435e-40,9927.051530792354,0.9967586640797593,1.7004010780893377e-30
397500,0.0,-5.01079933610648e-40,9927.051530792354,0.9967586640797593,1.7002462200219858e-30
397560,0.0,-5.010342780321527e-40,9927.051530792354,0.9967586640797593,1.700091361954634e-30
397620,0.0,-5.009886224536573e-40,9927.051530792354,0.9967586640797593,1.6999365038872825e-30
397680,0.0,-5.009429668751618e-40,9927.051530792354,0.9967586640797593,1.6997816458199306e-30
397740,0.0,-5.008973112966664e-40,9927.051530792354,0.9967586640797593,1.6996267877525786e-30
397800,0.0,-5.0085165571817105e-40,9927.051530792354,0.9967586640797593,1.699471929685227e-30
397860,0.0,-5.0080600013967555e-40,9927.051530792354,0.9967586640797593,1.699317071617875e-30
397920,0.0,-5.007603445611801e-40,9927.051530792354,0.9967586640797593,1.6991622135505234e-30
397980,0.0,-5.007146889826847e-40,9927.051530792354,0.9967586640797593,1.6990073554831714e-30
398040,0.0,-5.006690334041893e-40,9927.051530792354,0.9967586640797593,1.6988524974158195e-30
398100,0.0,-5.006233778256939e-40,9927.051530792354,0.9967586640797593,1.698697639348468e-30
398160,0.0,-5.005777222471984e-40,9927.051530792354,0.9967586640797593,1.698542781281116e-30
398220,0.0,-5.00532066668703e-40,9927.051530792354,0.9967586640797593,1.6983879232137643e-30
398280,0.0,-5.0048641109020765e-40,9927.051530792354,0.9967586640797593,1.6982330651464123e-30
398340,0.0,-5.0044075551171216e-40,9927.051530792354,0.9967586640797593,1.6980782070790603e-30
398400,0.0,-5.0039509993321674e-40,9927.051530792354,0.9967586640797593,1.6979233490117087e-30
398460,0.0,-5.003494443547213e-40,9927.051530792354,0.9967586640797593,1.697768490944357e-30
398520,0.0,-5.003037887762259e-40,9927.051530792354,0.9967586640797593,1.697613632877005e-30
398580,0.0,-5.002581331977305e-40,9927.051530792354,0.9967586640797593,1.697458774809653e-30
398640,0.0,-5.002124776192351e-40,9927.051530792354,0.9967586640797593,1.6973039167423015e-30
398700,0.0,-5.001668220407397e-40,9927.051530792354,0.9967586640797593,1.6971490586749496e-30
398760,0.0,-5.0012116646224426e-40,9927.051530792354,0.9967586640797593,1.696994200607598e-30
398820,0.0,-5.0007551088374884e-40,9927.051530792354,0.9967586640797593,1.696839342540246e-30
398880,0.0,-5.0002985530525335e-40,9927.051530792354,0.9967586640797593,1.696684484472894e-30
398940,0.0,-4.99984199726758e-40,9927.051530792354,0.9967586640797593,1.6965296264055424e-30
399000,0.0,-4.999385441482625e-40,9927.051530792354,0.9967586640797593,1.6963747683381904e-30
399060,0.0,-4.998928885697671e-40,9927.051530792354,0.9967586640797593,1.6962199102708388e-30
399120,0.0,-4.998472329912717e-40,9927.051530792354,0.9967586640797593,1.6960650522034872e-30
399180,0.0,-4.998015774127763e-40,9927.051530792354,0.9967586640797593,1.6959101941361352e-30
399240,0.0,-4.997559218342809e-40,9927.051530792354,0.9967586640797593,1.6957553360687833e-30
399300,0.0,-4.9971026625578545e-40,9927.051530792354,0.9967586640797593,1.6956004780014316e-30
399360,0.0,-4.9966461067728995e-40,9927.051530792354,0.9967586640797593,1.6954456199340797e-30
399420,0.0,-4.996189550987946e-40,9927.051530792354,0.9967586640797593,1.695290761866728e-30
399480,0.0,-4.995732995202992e-40,9927.051530792354,0.9967586640797593,1.695135903799376e-30
399540,0.0,-4.995276439418037e-40,9927.051530792354,0.9967586640797593,1.694981045732024e-30
399600,0.0,-4.994819883633083e-40,9927.051530792354,0.9967586640797593,1.6948261876646725e-30
399660,0.0,-4.99436332784813e-40,9927.051530792354,0.9967586640797593,1.694671329597321e-30
399720,0.0,-4.993906772063175e-40,9927.051530792354,0.9967586640797593,1.694516471529969e-30
399780,0.0,-4.9934502162782205e-40,9927.051530792354,0.9967586640797593,1.694361613462617e-30
399840,0.0,-4.992993660493266e-40,9927.051530792354,0.9967586640797593,1.6942067553952653e-30
399900,0.0,-4.992537104708312e-40,9927.051530792354,0.9967586640797593,1.6940518973279134e-30
399960,0.0,-4.992080548923358e-40,9927.051530792354,0.9967586640797593,1.6938970392605618e-30
400020,0.0,-4.991623993138403e-40,9927.051530792354,0.9967586640797593,1.6937421811932098e-30
400080,0.0,-4.99116743735345e-40,9927.051530792354,0.9967586640797593,1.6935873231258578e-30
400140,0.0,-4.990710881568496e-40,9927.051530792354,0.9967586640797593,1.6934324650585062e-30
400200,0.0,-4.990254325783541e-40,9927.051530792354,0.9967586640797593,1.6932776069911542e-30
400260,0.0,-4.9897977699985866e-40,9927.051530792354,0.9967586640797593,1.6931227489238026e-30
400320,0.0,-4.989341214213633e-40,9927.051530792354,0.9967586640797593,1.6929678908564506e-30
400380,0.0,-4.988884658428678e-40,9927.051530792354,0.9967586640797593,1.6928130327890987e-30
400440,0.0,-4.988428102643724e-40,9927.051530792354,0.9967586640797593,1.692658174721747e-30
400500,0.0,-4.98797154685877e-40,9927.051530792354,0.9967586640797593,1.6925033166543954e-30
400560,0.0,-4.987514991073816e-40,9927.051530792354,0.9967586640797593,1.6923484585870435e-30
400620,0.0,-4.987058435288862e-40,9927.051530792354,0.9967586640797593,1.6921936005196915e-30
400680,0.0,-4.9866018795039076e-40,9927.051530792354,0.9967586640797593,1.69203874245234e-30
400740,0.0,-4.986145323718953e-40,9927.051530792354,0.9967586640797593,1.691883884384988e-30
400800,0.0,-4.985688767933999e-40,9927.051530792354,0.9967586640797593,1.6917290263176363e-30
400860,0.0,-4.985232212149045e-40,9927.051530792354,0.9967586640797593,1.6915741682502843e-30
400920,0.0,-4.98477565636409e-40,9927.051530792354,0.9967586640797593,1.6914193101829324e-30
400980,0.0,-4.984319100579136e-40,9927.051530792354,0.9967586640797593,1.6912644521155808e-30
401040,0.0,-4.983862544794183e-40,9927.051530792354,0.9967586640797593,1.691109594048229e-30
401100,0.0,-4.983405989009228e-40,9927.051530792354,0.9967586640797593,1.690954735980877e-30
401160,0.0,-4.982949433224274e-40,9927.051530792354,0.9967586640797593,1.6907998779135256e-30
401220,0.0,-4.9824928774393195e-40,9927.051530792354,0.9967586640797593,1.6906450198461736e-30
401280,0.0,-4.982036321654365e-40,9927.051530792354,0.9967586640797593,1.6904901617788216e-30
401340,0.0,-4.981579765869411e-40,9927.051530792354,0.9967586640797593,1.69033530371147e-30
401400,0.0,-4.981123210084456e-40,9927.051530792354,0.9967586640797593,1.690180445644118e-30
401460,0.0,-4.980666654299503e-40,9927.051530792354,0.9967586640797593,1.6900255875767664e-30
401520,0.0,-4.980210098514549e-40,9927.051530792354,0.9967586640797593,1.6898707295094144e-30
401580,0.0,-4.979753542729594e-40,9927.051530792354,0.9967586640797593,1.6897158714420625e-30
401640,0.0,-4.97929698694464e-40,9927.051530792354,0.9967586640797593,1.689561013374711e-30
401700,0.0,-4.9788404311596855e-40,9927.051530792354,0.9967586640797593,1.6894061553073592e-30
401760,0.0,-4.978383875374731e-40,9927.051530792354,0.9967586640797593,1.6892512972400073e-30
401820,0.0,-4.977927319589777e-40,9927.051530792354,0.9967586640797593,1.6890964391726553e-30
401880,0.0,-4.977470763804823e-40,9927.051530792354,0.9967586640797593,1.6889415811053037e-30
401940,0.0,-4.977014208019869e-40,9927.051530792354,0.9967586640797593,1.6887867230379517e-30
402000,0.0,-4.976557652234915e-40,9927.051530792354,0.9967586640797593,1.6886318649706e-30
402060,0.0,-4.976101096449961e-40,9927.051530792354,0.9967586640797593,1.688477006903248e-30
402120,0.0,-4.975644540665006e-40,9927.051530792354,0.9967586640797593,1.688322148835896e-30
402180,0.0,-4.975187984880052e-40,9927.051530792354,0.9967586640797593,1.6881672907685446e-30
402240,0.0,-4.974731429095097e-40,9927.051530792354,0.9967586640797593,1.6880124327011926e-30
402300,0.0,-4.974274873310143e-40,9927.051530792354,0.9967586640797593,1.687857574633841e-30
402360,0.0,-4.973818317525189e-40,9927.051530792354,0.9967586640797593,1.687702716566489e-30
402420,0.0,-4.973361761740235e-40,9927.051530792354,0.9967586640797593,1.687547858499137e-30
402480,0.0,-4.972905205955281e-40,9927.051530792354,0.9967586640797593,1.6873930004317854e-30
402540,0.0,-4.972448650170327e-40,9927.051530792354,0.9967586640797593,1.6872381423644338e-30
402600,0.0,-4.971992094385372e-40,9927.051530792354,0.9967586640797593,1.687083284297082e-30
402660,0.0,-4.971535538600418e-40,9927.051530792354,0.9967586640797593,1.68692842622973e-30
402720,0.0,-4.971078982815464e-40,9927.051530792354,0.9967586640797593,1.6867735681623782e-30
402780,0.0,-4.970622427030509e-40,9927.051530792354,0.9967586640797593,1.6866187100950263e-30
402840,0.0,-4.970165871245555e-40,9927.051530792354,0.9967586640797593,1.6864638520276747e-30
402900,0.0,-4.969709315460602e-40,9927.051530792354,0.9967586640797593,1.6863089939603227e-30
402960,0.0,-4.969252759675647e-40,9927.051530792354,0.9967586640797593,1.6861541358929707e-30
403020,0.0,-4.968796203890693e-40,9927.051530792354,0.9967586640797593,1.685999277825619e-30
403080,0.0,-4.9683396481057386e-40,9927.051530792354,0.9967586640797593,1.6858444197582675e-30
403140,0.0,-4.9678830923207844e-40,9927.051530792354,0.9967586640797593,1.6856895616909155e-30
403200,0.0,-4.96742653653583e-40,9927.051530792354,0.9967586640797593,1.685534703623564e-30
403260,0.0,-4.966969980750875e-40,9927.051530792354,0.9967586640797593,1.685379845556212e-30
403320,0.0,-4.966513424965922e-40,9927.051530792354,0.9967586640797593,1.68522498748886e-30
403380,0.0,-4.966056869180968e-40,9927.051530792354,0.9967586640797593,1.6850701294215084e-30
403440,0.0,-4.965600313396013e-40,9927.051530792354,0.9967586640797593,1.6849152713541564e-30
403500,0.0,-4.965143757611059e-40,9927.051530792354,0.9967586640797593,1.6847604132868048e-30
403560,0.0,-4.9646872018261054e-40,9927.051530792354,0.9967586640797593,1.6846055552194528e-30
403620,0.0,-4.9642306460411505e-40,9927.051530792354,0.9967586640797593,1.684450697152101e-30
403680,0.0,-4.963774090256196e-40,9927.051530792354,0.9967586640797593,1.6842958390847492e-30
403740,0.0,-4.963317534471242e-40,9927.051530792354,0.9967586640797593,1.6841409810173976e-30
403800,0.0,-4.962860978686288e-40,9927.051530792354,0.9967586640797593,1.6839861229500456e-30
403860,0.0,-4.962404422901334e-40,9927.051530792354,0.9967586640797593,1.6838312648826937e-30
403920,0.0,-4.96194786711638e-40,9927.051530792354,0.9967586640797593,1.683676406815342e-30
403980,0.0,-4.961491311331425e-40,9927.051530792354,0.9967586640797593,1.68352154874799e-30
404040,0.0,-4.9610347555464715e-40,9927.051530792354,0.9967586640797593,1.6833666906806385e-30
404100,0.0,-4.960578199761517e-40,9927.051530792354,0.9967586640797593,1.6832118326132865e-30
404160,0.0,-4.960121643976562e-40,9927.051530792354,0.9967586640797593,1.6830569745459345e-30
404220,0.0,-4.959665088191608e-40,9927.051530792354,0.9967586640797593,1.682902116478583e-30
404280,0.0,-4.959208532406654e-40,9927.051530792354,0.9967586640797593,1.682747258411231e-30
404340,0.0,-4.9587519766217e-40,9927.051530792354,0.9967586640797593,1.6825924003438793e-30
404400,0.0,-4.958295420836746e-40,9927.051530792354,0.9967586640797593,1.6824375422765274e-30
404460,0.0,-4.957838865051792e-40,9927.051530792354,0.9967586640797593,1.6822826842091754e-30
404520,0.0,-4.9573823092668375e-40,9927.051530792354,0.9967586640797593,1.6821278261418238e-30
404580,0.0,-4.956925753481883e-40,9927.051530792354,0.9967586640797593,1.681972968074472e-30
404640,0.0,-4.956469197696928e-40,9927.051530792354,0.9967586640797593,1.6818181100071202e-30
404700,0.0,-4.956012641911975e-40,9927.051530792354,0.9967586640797593,1.6816632519397682e-30
404760,0.0,-4.955556086127021e-40,9927.051530792354,0.9967586640797593,1.6815083938724166e-30
404820,0.0,-4.955099530342066e-40,9927.051530792354,0.9967586640797593,1.6813535358050646e-30
404880,0.0,-4.954642974557112e-40,9927.051530792354,0.9967586640797593,1.681198677737713e-30
404940,0.0,-4.9541864187721585e-40,9927.051530792354,0.9967586640797593,1.681043819670361e-30
405000,0.0,-4.9537298629872035e-40,9927.051530792354,0.9967586640797593,1.680888961603009e-30
405060,0.0,-4.953273307202249e-40,9927.051530792354,0.9967586640797593,1.6807341035356575e-30
405120,0.0,-4.952816751417295e-40,9927.051530792354,0.9967586640797593,1.680579245468306e-30
405180,0.0,-4.952360195632341e-40,9927.051530792354,0.9967586640797593,1.680424387400954e-30
405240,0.0,-4.951903639847387e-40,9927.051530792354,0.9967586640797593,1.6802695293336023e-30
405300,0.0,-4.951447084062432e-40,9927.051530792354,0.9967586640797593,1.6801146712662503e-30
405360,0.0,-4.950990528277478e-40,9927.051530792354,0.9967586640797593,1.6799598131988983e-30
405420,0.0,-4.9505339724925245e-40,9927.051530792354,0.9967586640797593,1.6798049551315467e-30
405480,0.0,-4.9500774167075696e-40,9927.051530792354,0.9967586640797593,1.6796500970641947e-30
405540,0.0,-4.9496208609226154e-40,9927.051530792354,0.9967586640797593,1.679495238996843e-30
405600,0.0,-4.949164305137661e-40,9927.051530792354,0.9967586640797593,1.679340380929491e-30
405660,0.0,-4.948707749352707e-40,9927.051530792354,0.9967586640797593,1.6791855228621392e-30
405720,0.0,-4.948251193567753e-40,9927.051530792354,0.9967586640797593,1.6790306647947876e-30
405780,0.0,-4.947794637782799e-40,9927.051530792354,0.9967586640797593,1.678875806727436e-30
405840,0.0,-4.947338081997845e-40,9927.051530792354,0.9967586640797593,1.678720948660084e-30
405900,0.0,-4.9468815262128906e-40,9927.051530792354,0.9967586640797593,1.678566090592732e-30
405960,0.0,-4.9464249704279364e-40,9927.051530792354,0.9967586640797593,1.6784112325253804e-30
406020,0.0,-4.9459684146429815e-40,9927.051530792354,0.9967586640797593,1.6782563744580284e-30
406080,0.0,-4.945511858858028e-40,9927.051530792354,0.9967586640797593,1.6781015163906768e-30
406140,0.0,-4.945055303073074e-40,9927.051530792354,0.9967586640797593,1.677946658323325e-30
406200,0.0,-4.944598747288119e-40,9927.051530792354,0.9967586640797593,1.677791800255973e-30
406260,0.0,-4.944142191503165e-40,9927.051530792354,0.9967586640797593,1.6776369421886213e-30
406320,0.0,-4.943685635718211e-40,9927.051530792354,0.9967586640797593,1.6774820841212693e-30
406380,0.0,-4.943229079933257e-40,9927.051530792354,0.9967586640797593,1.6773272260539177e-30
406440,0.0,-4.9427725241483025e-40,9927.051530792354,0.9967586640797593,1.6771723679865657e-30
406500,0.0,-4.9423159683633475e-40,9927.051530792354,0.9967586640797593,1.6770175099192137e-30
406560,0.0,-4.941859412578394e-40,9927.051530792354,0.9967586640797593,1.676862651851862e-30
406620,0.0,-4.94140285679344e-40,9927.051530792354,0.9967586640797593,1.6767077937845105e-30
406680,0.0,-4.940946301008485e-40,9927.051530792354,0.9967586640797593,1.6765529357171585e-30
406740,0.0,-4.940489745223531e-40,9927.051530792354,0.9967586640797593,1.6763980776498066e-30
406800,0.0,-4.940033189438578e-40,9927.051530792354,0.9967586640797593,1.676243219582455e-30
406860,0.0,-4.939576633653623e-40,9927.051530792354,0.9967586640797593,1.676088361515103e-30
406920,0.0,-4.9391200778686685e-40,9927.051530792354,0.9967586640797593,1.6759335034477514e-30
406980,0.0,-4.938663522083714e-40,9927.051530792354,0.9967586640797593,1.6757786453803994e-30
407040,0.0,-4.93820696629876e-40,9927.051530792354,0.9967586640797593,1.6756237873130474e-30
407100,0.0,-4.937750410513806e-40,9927.051530792354,0.9967586640797593,1.6754689292456958e-30
407160,0.0,-4.937293854728852e-40,9927.051530792354,0.9967586640797593,1.6753140711783442e-30
407220,0.0,-4.936837298943897e-40,9927.051530792354,0.9967586640797593,1.6751592131109922e-30
407280,0.0,-4.936380743158944e-40,9927.051530792354,0.9967586640797593,1.6750043550436406e-30
407340,0.0,-4.935924187373989e-40,9927.051530792354,0.9967586640797593,1.6748494969762886e-30
407400,0.0,-4.9354676315890346e-40,9927.051530792354,0.9967586640797593,1.6746946389089367e-30
407460,0.0,-4.9350110758040804e-40,9927.051530792354,0.9967586640797593,1.674539780841585e-30
407520,0.0,-4.934554520019126e-40,9927.051530792354,0.9967586640797593,1.674384922774233e-30
407580,0.0,-4.934097964234172e-40,9927.051530792354,0.9967586640797593,1.6742300647068815e-30
407640,0.0,-4.933641408449218e-40,9927.051530792354,0.9967586640797593,1.6740752066395295e-30
407700,0.0,-4.933184852664264e-40,9927.051530792354,0.9967586640797593,1.6739203485721775e-30
407760,0.0,-4.93272829687931e-40,9927.051530792354,0.9967586640797593,1.673765490504826e-30
407820,0.0,-4.9322717410943556e-40,9927.051530792354,0.9967586640797593,1.6736106324374743e-30
407880,0.0,-4.931815185309401e-40,9927.051530792354,0.9967586640797593,1.6734557743701223e-30
407940,0.0,-4.931358629524447e-40,9927.051530792354,0.9967586640797593,1.6733009163027704e-30
408000,0.0,-4.930902073739493e-40,9927.051530792354,0.9967586640797593,1.6731460582354188e-30
408060,0.0,-4.930445517954538e-40,9927.051530792354,0.9967586640797593,1.6729912001680668e-30
408120,0.0,-4.929988962169584e-40,9927.051530792354,0.9967586640797593,1.672836342100715e-30
408180,0.0,-4.929532406384631e-40,9927.051530792354,0.9967586640797593,1.6726814840333632e-30
408240,0.0,-4.929075850599676e-40,9927.051530792354,0.9967586640797593,1.6725266259660112e-30
408300,0.0,-4.9286192948147216e-40,9927.051530792354,0.9967586640797593,1.6723717678986596e-30
408360,0.0,-4.928162739029767e-40,9927.051530792354,0.9967586640797593,1.6722169098313076e-30
408420,0.0,-4.927706183244813e-40,9927.051530792354,0.9967586640797593,1.672062051763956e-30
408480,0.0,-4.927249627459859e-40,9927.051530792354,0.9967586640797593,1.671907193696604e-30
408540,0.0,-4.926793071674904e-40,9927.051530792354,0.9967586640797593,1.671752335629252e-30
408600,0.0,-4.92633651588995e-40,9927.051530792354,0.9967586640797593,1.6715974775619005e-30
408660,0.0,-4.925879960104997e-40,9927.051530792354,0.9967586640797593,1.671442619494549e-30
408720,0.0,-4.925423404320042e-40,9927.051530792354,0.9967586640797593,1.671287761427197e-30
408780,0.0,-4.924966848535088e-40,9927.051530792354,0.9967586640797593,1.671132903359845e-30
408840,0.0,-4.9245102927501335e-40,9927.051530792354,0.9967586640797593,1.6709780452924933e-30
408900,0.0,-4.924053736965179e-40,9927.051530792354,0.9967586640797593,1.6708231872251413e-30
408960,0.0,-4.923597181180225e-40,9927.051530792354,0.9967586640797593,1.6706683291577897e-30
409020,0.0,-4.923140625395271e-40,9927.051530792354,0.9967586640797593,1.6705134710904378e-30
409080,0.0,-4.922684069610317e-40,9927.051530792354,0.9967586640797593,1.6703586130230858e-30
409140,0.0,-4.922227513825363e-40,9927.051530792354,0.9967586640797593,1.670203754955734e-30
409200,0.0,-4.921770958040409e-40,9927.051530792354,0.9967586640797593,1.6700488968883826e-30
409260,0.0,-4.921314402255454e-40,9927.051530792354,0.9967586640797593,1.6698940388210306e-30
409320,0.0,-4.9208578464705e-40,9927.051530792354,0.9967586640797593,1.669739180753679e-30
409380,0.0,-4.920401290685545e-40,9927.051530792354,0.9967586640797593,1.669584322686327e-30
409440,0.0,-4.919944734900591e-40,9927.051530792354,0.9967586640797593,1.669429464618975e-30
409500,0.0,-4.919488179115637e-40,9927.051530792354,0.9967586640797593,1.6692746065516234e-30
409560,0.0,-4.919031623330683e-40,9927.051530792354,0.9967586640797593,1.6691197484842714e-30
409620,0.0,-4.918575067545729e-40,9927.051530792354,0.9967586640797593,1.66896489041692e-30
409680,0.0,-4.918118511760775e-40,9927.051530792354,0.9967586640797593,1.668810032349568e-30
409740,0.0,-4.91766195597582e-40,9927.051530792354,0.9967586640797593,1.668655174282216e-30
409800,0.0,-4.917205400190866e-40,9927.051530792354,0.9967586640797593,1.6685003162148643e-30
409860,0.0,-4.916748844405912e-40,9927.051530792354,0.9967586640797593,1.6683454581475127e-30
409920,0.0,-4.916292288620957e-40,9927.051530792354,0.9967586640797593,1.6681906000801607e-30
409980,0.0,-4.915835732836003e-40,9927.051530792354,0.9967586640797593,1.6680357420128087e-30
410040,0.0,-4.91537917705105e-40,9927.051530792354,0.9967586640797593,1.667880883945457e-30
410100,0.0,-4.914922621266095e-40,9927.051530792354,0.9967586640797593,1.667726025878105e-30
410160,0.0,-4.914466065481141e-40,9927.051530792354,0.9967586640797593,1.6675711678107535e-30
410220,0.0,-4.9140095096961866e-40,9927.051530792354,0.9967586640797593,1.6674163097434016e-30
410280,0.0,-4.9135529539112324e-40,9927.051530792354,0.9967586640797593,1.6672614516760496e-30
410340,0.0,-4.913096398126278e-40,9927.051530792354,0.9967586640797593,1.667106593608698e-30
410400,0.0,-4.912639842341323e-40,9927.051530792354,0.9967586640797593,1.666951735541346e-30
410460,0.0,-4.91218328655637e-40,9927.051530792354,0.9967586640797593,1.6667968774739944e-30
410520,0.0,-4.911726730771416e-40,9927.051530792354,0.9967586640797593,1.6666420194066424e-30
410580,0.0,-4.911270174986461e-40,9927.051530792354,0.9967586640797593,1.6664871613392904e-30
410640,0.0,-4.910813619201507e-40,9927.051530792354,0.9967586640797593,1.666332303271939e-30
410700,0.0,-4.910357063416553e-40,9927.051530792354,0.9967586640797593,1.6661774452045872e-30
410760,0.0,-4.9099005076315985e-40,9927.051530792354,0.9967586640797593,1.6660225871372352e-30
410820,0.0,-4.909443951846644e-40,9927.051530792354,0.9967586640797593,1.6658677290698833e-30
410880,0.0,-4.90898739606169e-40,9927.051530792354,0.9967586640797593,1.6657128710025317e-30
410940,0.0,-4.908530840276736e-40,9927.051530792354,0.9967586640797593,1.6655580129351797e-30
411000,0.0,-4.908074284491782e-40,9927.051530792354,0.9967586640797593,1.665403154867828e-30
411060,0.0,-4.907617728706828e-40,9927.051530792354,0.9967586640797593,1.665248296800476e-30
411120,0.0,-4.907161172921873e-40,9927.051530792354,0.9967586640797593,1.665093438733124e-30
411180,0.0,-4.9067046171369195e-40,9927.051530792354,0.9967586640797593,1.6649385806657725e-30
411240,0.0,-4.906248061351965e-40,9927.051530792354,0.9967586640797593,1.664783722598421e-30
411300,0.0,-4.90579150556701e-40,9927.051530792354,0.9967586640797593,1.664628864531069e-30
411360,0.0,-4.905334949782056e-40,9927.051530792354,0.9967586640797593,1.6644740064637173e-30
411420,0.0,-4.904878393997103e-40,9927.051530792354,0.9967586640797593,1.6643191483963654e-30
411480,0.0,-4.904421838212148e-40,9927.051530792354,0.9967586640797593,1.6641642903290134e-30
411540,0.0,-4.903965282427194e-40,9927.051530792354,0.9967586640797593,1.6640094322616618e-30
411600,0.0,-4.90350872664224e-40,9927.051530792354,0.9967586640797593,1.6638545741943098e-30
411660,0.0,-4.9030521708572855e-40,9927.051530792354,0.9967586640797593,1.6636997161269582e-30
411720,0.0,-4.902595615072331e-40,9927.051530792354,0.9967586640797593,1.6635448580596062e-30
411780,0.0,-4.902139059287376e-40,9927.051530792354,0.9967586640797593,1.6633899999922542e-30
411840,0.0,-4.901682503502422e-40,9927.051530792354,0.9967586640797593,1.6632351419249026e-30
411900,0.0,-4.901225947717469e-40,9927.051530792354,0.9967586640797593,1.663080283857551e-30
411960,0.0,-4.900769391932514e-40,9927.051530792354,0.9967586640797593,1.662925425790199e-30
412020,0.0,-4.90031283614756e-40,9927.051530792354,0.9967586640797593,1.662770567722847e-30
412080,0.0,-4.899856280362606e-40,9927.051530792354,0.9967586640797593,1.6626157096554955e-30
412140,0.0,-4.8993997245776515e-40,9927.051530792354,0.9967586640797593,1.6624608515881435e-30
412200,0.0,-4.898943168792697e-40,9927.051530792354,0.9967586640797593,1.662305993520792e-30
412260,0.0,-4.898486613007743e-40,9927.051530792354,0.9967586640797593,1.66215113545344e-30
412320,0.0,-4.898030057222789e-40,9927.051530792354,0.9967586640797593,1.661996277386088e-30
412380,0.0,-4.897573501437835e-40,9927.051530792354,0.9967586640797593,1.6618414193187363e-30
412440,0.0,-4.897116945652881e-40,9927.051530792354,0.9967586640797593,1.6616865612513847e-30
412500,0.0,-4.896660389867926e-40,9927.051530792354,0.9967586640797593,1.6615317031840327e-30
412560,0.0,-4.8962038340829725e-40,9927.051530792354,0.9967586640797593,1.6613768451166808e-30
412620,0.0,-4.8957472782980176e-40,9927.051530792354,0.9967586640797593,1.6612219870493288e-30
412680,0.0,-4.8952907225130634e-40,9927.051530792354,0.9967586640797593,1.6610671289819772e-30
412740,0.0,-4.894834166728109e-40,9927.051530792354,0.9967586640797593,1.6609122709146256e-30
412800,0.0,-4.894377610943155e-40,9927.051530792354,0.9967586640797593,1.6607574128472736e-30
412860,0.0,-4.893921055158201e-40,9927.051530792354,0.9967586640797593,1.6606025547799216e-30
412920,0.0,-4.893464499373247e-40,9927.051530792354,0.9967586640797593,1.66044769671257e-30
412980,0.0,-4.893007943588292e-40,9927.051530792354,0.9967586640797593,1.660292838645218e-30
413040,0.0,-4.8925513878033386e-40,9927.051530792354,0.9967586640797593,1.6601379805778664e-30
413100,0.0,-4.8920948320183844e-40,9927.051530792354,0.9967586640797593,1.6599831225105145e-30
413160,0.0,-4.8916382762334295e-40,9927.051530792354,0.9967586640797593,1.6598282644431625e-30
413220,0.0,-4.891181720448475e-40,9927.051530792354,0.9967586640797593,1.659673406375811e-30
413280,0.0,-4.890725164663522e-40,9927.051530792354,0.9967586640797593,1.6595185483084593e-30
413340,0.0,-4.890268608878567e-40,9927.051530792354,0.9967586640797593,1.6593636902411073e-30
413400,0.0,-4.889812053093613e-40,9927.051530792354,0.9967586640797593,1.6592088321737557e-30
413460,0.0,-4.889355497308659e-40,9927.051530792354,0.9967586640797593,1.6590539741064037e-30
413520,0.0,-4.888898941523705e-40,9927.051530792354,0.9967586640797593,1.6588991160390517e-30
413580,0.0,-4.8884423857387505e-40,9927.051530792354,0.9967586640797593,1.6587442579717e-30
413640,0.0,-4.8879858299537955e-40,9927.051530792354,0.9967586640797593,1.658589399904348e-30
413700,0.0,-4.887529274168842e-40,9927.051530792354,0.9967586640797593,1.6584345418369965e-30
413760,0.0,-4.887072718383888e-40,9927.051530792354,0.9967586640797593,1.6582796837696446e-30
413820,0.0,-4.886616162598933e-40,9927.051530792354,0.9967586640797593,1.6581248257022926e-30
413880,0.0,-4.886159606813979e-40,9927.051530792354,0.9967586640797593,1.657969967634941e-30
413940,0.0,-4.885703051029026e-40,9927.051530792354,0.9967586640797593,1.6578151095675894e-30
414000,0.0,-4.885246495244071e-40,9927.051530792354,0.9967586640797593,1.6576602515002374e-30
414060,0.0,-4.8847899394591165e-40,9927.051530792354,0.9967586640797593,1.6575053934328854e-30
414120,0.0,-4.884333383674162e-40,9927.051530792354,0.9967586640797593,1.6573505353655338e-30
414180,0.0,-4.883876827889208e-40,9927.051530792354,0.9967586640797593,1.657195677298182e-30
414240,0.0,-4.883420272104254e-40,9927.051530792354,0.9967586640797593,1.6570408192308302e-30
414300,0.0,-4.8829637163193e-40,9927.051530792354,0.9967586640797593,1.6568859611634783e-30
414360,0.0,-4.882507160534345e-40,9927.051530792354,0.9967586640797593,1.6567311030961263e-30
414420,0.0,-4.882050604749392e-40,9927.051530792354,0.9967586640797593,1.6565762450287747e-30
414480,0.0,-4.8815940489644375e-40,9927.051530792354,0.9967586640797593,1.656421386961423e-30
414540,0.0,-4.8811374931794826e-40,9927.051530792354,0.9967586640797593,1.656266528894071e-30
414600,0.0,-4.880680937394528e-40,9927.051530792354,0.9967586640797593,1.656111670826719e-30
414660,0.0,-4.880224381609574e-40,9927.051530792354,0.9967586640797593,1.655956812759367e-30
414720,0.0,-4.87976782582462e-40,9927.051530792354,0.9967586640797593,1.6558019546920155e-30
414780,0.0,-4.879311270039666e-40,9927.051530792354,0.9967586640797593,1.655647096624664e-30
414840,0.0,-4.878854714254712e-40,9927.051530792354,0.9967586640797593,1.655492238557312e-30
414900,0.0,-4.878398158469758e-40,9927.051530792354,0.9967586640797593,1.65533738048996e-30
414960,0.0,-4.8779416026848035e-40,9927.051530792354,0.9967586640797593,1.6551825224226084e-30
415020,0.0,-4.8774850468998486e-40,9927.051530792354,0.9967586640797593,1.6550276643552564e-30
415080,0.0,-4.877028491114895e-40,9927.051530792354,0.9967586640797593,1.6548728062879048e-30
415140,0.0,-4.876571935329941e-40,9927.051530792354,0.9967586640797593,1.6547179482205528e-30
415200,0.0,-4.876115379544986e-40,9927.051530792354,0.9967586640797593,1.654563090153201e-30
415260,0.0,-4.875658823760032e-40,9927.051530792354,0.9967586640797593,1.6544082320858492e-30
415320,0.0,-4.875202267975078e-40,9927.051530792354,0.9967586640797593,1.6542533740184976e-30
415380,0.0,-4.874745712190124e-40,9927.051530792354,0.9967586640797593,1.6540985159511456e-30
415440,0.0,-4.8742891564051696e-40,9927.051530792354,0.9967586640797593,1.653943657883794e-30
415500,0.0,-4.8738326006202154e-40,9927.051530792354,0.9967586640797593,1.653788799816442e-30
415560,0.0,-4.873376044835261e-40,9927.051530792354,0.9967586640797593,1.65363394174909e-30
415620,0.0,-4.872919489050307e-40,9927.051530792354,0.9967586640797593,1.6534790836817385e-30
415680,0.0,-4.872462933265352e-40,9927.051530792354,0.9967586640797593,1.6533242256143865e-30
415740,0.0,-4.872006377480398e-40,9927.051530792354,0.9967586640797593,1.653169367547035e-30
415800,0.0,-4.871549821695445e-40,9927.051530792354,0.9967586640797593,1.653014509479683e-30
415860,0.0,-4.87109326591049e-40,9927.051530792354,0.9967586640797593,1.652859651412331e-30
415920,0.0,-4.870636710125536e-40,9927.051530792354,0.9967586640797593,1.6527047933449793e-30
415980,0.0,-4.8701801543405815e-40,9927.051530792354,0.9967586640797593,1.6525499352776277e-30
416040,0.0,-4.869723598555627e-40,9927.051530792354,0.9967586640797593,1.6523950772102758e-30
416100,0.0,-4.869267042770673e-40,9927.051530792354,0.9967586640797593,1.6522402191429238e-30
416160,0.0,-4.868810486985719e-40,9927.051530792354,0.9967586640797593,1.652085361075572e-30
416220,0.0,-4.868353931200765e-40,9927.051530792354,0.9967586640797593,1.6519305030082202e-30
416280,0.0,-4.867897375415811e-40,9927.051530792354,0.9967586640797593,1.6517756449408686e-30
416340,0.0,-4.867440819630857e-40,9927.051530792354,0.9967586640797593,1.6516207868735166e-30
416400,0.0,-4.866984263845902e-40,9927.051530792354,0.9967586640797593,1.6514659288061646e-30
416460,0.0,-4.8665277080609475e-40,9927.051530792354,0.9967586640797593,1.651311070738813e-30
416520,0.0,-4.866071152275994e-40,9927.051530792354,0.9967586640797593,1.6511562126714614e-30
416580,0.0,-4.865614596491039e-40,9927.051530792354,0.9967586640797593,1.6510013546041094e-30
416640,0.0,-4.865158040706085e-40,9927.051530792354,0.9967586640797593,1.6508464965367575e-30
416700,0.0,-4.864701484921131e-40,9927.051530792354,0.9967586640797593,1.6506916384694055e-30
416760,0.0,-4.864244929136177e-40,9927.051530792354,0.9967586640797593,1.650536780402054e-30
416820,0.0,-4.863788373351223e-40,9927.051530792354,0.9967586640797593,1.6503819223347023e-30
416880,0.0,-4.863331817566268e-40,9927.051530792354,0.9967586640797593,1.6502270642673503e-30
416940,0.0,-4.862875261781314e-40,9927.051530792354,0.9967586640797593,1.6500722061999983e-30
417000,0.0,-4.86241870599636e-40,9927.051530792354,0.9967586640797593,1.6499173481326467e-30
417060,0.0,-4.861962150211405e-40,9927.051530792354,0.9967586640797593,1.6497624900652948e-30
417120,0.0,-4.861505594426451e-40,9927.051530792354,0.9967586640797593,1.649607631997943e-30
417180,0.0,-4.861049038641498e-40,9927.051530792354,0.9967586640797593,1.649452773930591e-30
417240,0.0,-4.860592482856543e-40,9927.051530792354,0.9967586640797593,1.6492979158632392e-30
417300,0.0,-4.860135927071589e-40,9927.051530792354,0.9967586640797593,1.6491430577958876e-30
417360,0.0,-4.8596793712866346e-40,9927.051530792354,0.9967586640797593,1.648988199728536e-30
417420,0.0,-4.8592228155016804e-40,9927.051530792354,0.9967586640797593,1.648833341661184e-30
417480,0.0,-4.858766259716726e-40,9927.051530792354,0.9967586640797593,1.6486784835938324e-30
417540,0.0,-4.858309703931772e-40,9927.051530792354,0.9967586640797593,1.6485236255264804e-30
417600,0.0,-4.857853148146817e-40,9927.051530792354,0.9967586640797593,1.6483687674591284e-30
417660,0.0,-4.857396592361864e-40,9927.051530792354,0.9967586640797593,1.648213909391777e-30
417720,0.0,-4.856940036576909e-40,9927.051530792354,0.9967586640797593,1.648059051324425e-30
417780,0.0,-4.856483480791955e-40,9927.051530792354,0.9967586640797593,1.6479041932570732e-30
417840,0.0,-4.856026925007001e-40,9927.051530792354,0.9967586640797593,1.6477493351897213e-30
417900,0.0,-4.8555703692220465e-40,9927.051530792354,0.9967586640797593,1.6475944771223693e-30
417960,0.0,-4.855113813437092e-40,9927.051530792354,0.9967586640797593,1.6474396190550177e-30
418020,0.0,-4.854657257652138e-40,9927.051530792354,0.9967586640797593,1.647284760987666e-30
418080,0.0,-4.854200701867184e-40,9927.051530792354,0.9967586640797593,1.647129902920314e-30
418140,0.0,-4.85374414608223e-40,9927.051530792354,0.9967586640797593,1.646975044852962e-30
418200,0.0,-4.853287590297276e-40,9927.051530792354,0.9967586640797593,1.6468201867856105e-30
418260,0.0,-4.852831034512321e-40,9927.051530792354,0.9967586640797593,1.6466653287182586e-30
418320,0.0,-4.8523744787273675e-40,9927.051530792354,0.9967586640797593,1.646510470650907e-30
418380,0.0,-4.851917922942413e-40,9927.051530792354,0.9967586640797593,1.646355612583555e-30
418440,0.0,-4.851461367157458e-40,9927.051530792354,0.9967586640797593,1.646200754516203e-30
418500,0.0,-4.851004811372504e-40,9927.051530792354,0.9967586640797593,1.6460458964488514e-30
418560,0.0,-4.850548255587551e-40,9927.051530792354,0.9967586640797593,1.6458910383814998e-30
418620,0.0,-4.850091699802596e-40,9927.051530792354,0.9967586640797593,1.6457361803141478e-30
418680,0.0,-4.849635144017642e-40,9927.051530792354,0.9967586640797593,1.645581322246796e-30
418740,0.0,-4.849178588232687e-40,9927.051530792354,0.9967586640797593,1.645426464179444e-30
418800,0.0,-4.8487220324477335e-40,9927.051530792354,0.9967586640797593,1.6452716061120922e-30
418860,0.0,-4.848265476662779e-40,9927.051530792354,0.9967586640797593,1.6451167480447406e-30
418920,0.0,-4.847808920877824e-40,9927.051530792354,0.9967586640797593,1.6449618899773887e-30
418980,0.0,-4.84735236509287e-40,9927.051530792354,0.9967586640797593,1.6448070319100367e-30
419040,0.0,-4.846895809307917e-40,9927.051530792354,0.9967586640797593,1.644652173842685e-30
419100,0.0,-4.846439253522962e-40,9927.051530792354,0.9967586640797593,1.644497315775333e-30
419160,0.0,-4.845982697738008e-40,9927.051530792354,0.9967586640797593,1.6443424577079815e-30
419220,0.0,-4.845526141953054e-40,9927.051530792354,0.9967586640797593,1.6441875996406295e-30
419280,0.0,-4.8450695861680995e-40,9927.051530792354,0.9967586640797593,1.6440327415732776e-30
419340,0.0,-4.844613030383145e-40,9927.051530792354,0.9967586640797593,1.643877883505926e-30
419400,0.0,-4.844156474598191e-40,9927.051530792354,0.9967586640797593,1.6437230254385743e-30
419460,0.0,-4.843699918813237e-40,9927.051530792354,0.9967586640797593,1.6435681673712224e-30
419520,0.0,-4.843243363028283e-40,9927.051530792354,0.9967586640797593,1.6434133093038707e-30
419580,0.0,-4.842786807243329e-40,9927.051530792354,0.9967586640797593,1.6432584512365188e-30
419640,0.0,-4.842330251458374e-40,9927.051530792354,0.9967586640797593,1.6431035931691668e-30
419700,0.0,-4.8418736956734205e-40,9927.051530792354,0.9967586640797593,1.6429487351018152e-30
419760,0.0,-4.8414171398884656e-40,9927.051530792354,0.9967586640797593,1.6427938770344632e-30
419820,0.0,-4.8409605841035114e-40,9927.051530792354,0.9967586640797593,1.6426390189671116e-30
419880,0.0,-4.840504028318557e-40,9927.051530792354,0.9967586640797593,1.6424841608997596e-30
419940,0.0,-4.840047472533603e-40,9927.051530792354,0.9967586640797593,1.6423293028324077e-30
420000,0.0,-4.839590916748649e-40,9927.051530792354,0.9967586640797593,1.642174444765056e-30
420060,0.0,-4.839134360963695e-40,9927.051530792354,0.9967586640797593,1.6420195866977044e-30
420120,0.0,-4.83867780517874e-40,9927.051530792354,0.9967586640797593,1.6418647286303525e-30
420180,0.0,-4.8382212493937866e-40,9927.051530792354,0.9967586640797593,1.6417098705630005e-30
420240,0.0,-4.8377646936088324e-40,9927.051530792354,0.9967586640797593,1.641555012495649e-30
420300,0.0,-4.8373081378238775e-40,9927.051530792354,0.9967586640797593,1.641400154428297e-30
420360,0.0,-4.836851582038923e-40,9927.051530792354,0.9967586640797593,1.6412452963609453e-30
420420,0.0,-4.83639502625397e-40,9927.051530792354,0.9967586640797593,1.6410904382935933e-30
420480,0.0,-4.835938470469015e-40,9927.051530792354,0.9967586640797593,1.6409355802262414e-30
420540,0.0,-4.835481914684061e-40,9927.051530792354,0.9967586640797593,1.6407807221588897e-30
420600,0.0,-4.835025358899107e-40,9927.051530792354,0.9967586640797593,1.640625864091538e-30
420660,0.0,-4.834568803114153e-40,9927.051530792354,0.9967586640797593,1.640471006024186e-30
420720,0.0,-4.8341122473291985e-40,9927.051530792354,0.9967586640797593,1.6403161479568342e-30
420780,0.0,-4.8336556915442435e-40,9927.051530792354,0.9967586640797593,1.6401612898894822e-30
420840,0.0,-4.83319913575929e-40,9927.051530792354,0.9967586640797593,1.6400064318221306e-30
420900,0.0,-4.832742579974336e-40,9927.051530792354,0.9967586640797593,1.639851573754779e-30
420960,0.0,-4.832286024189381e-40,9927.051530792354,0.9967586640797593,1.639696715687427e-30
421020,0.0,-4.831829468404427e-40,9927.051530792354,0.9967586640797593,1.639541857620075e-30
421080,0.0,-4.831372912619473e-40,9927.051530792354,0.9967586640797593,1.6393869995527234e-30
421140,0.0,-4.830916356834519e-40,9927.051530792354,0.9967586640797593,1.6392321414853715e-30
421200,0.0,-4.8304598010495645e-40,9927.051530792354,0.9967586640797593,1.63907728341802e-30
421260,0.0,-4.83000324526461e-40,9927.051530792354,0.9967586640797593,1.638922425350668e-30
421320,0.0,-4.829546689479656e-40,9927.051530792354,0.9967586640797593,1.638767567283316e-30
421380,0.0,-4.829090133694702e-40,9927.051530792354,0.9967586640797593,1.6386127092159643e-30
421440,0.0,-4.828633577909748e-40,9927.051530792354,0.9967586640797593,1.6384578511486127e-30
421500,0.0,-4.828177022124793e-40,9927.051530792354,0.9967586640797593,1.6383029930812607e-30
421560,0.0,-4.82772046633984e-40,9927.051530792354,0.9967586640797593,1.638148135013909e-30
421620,0.0,-4.8272639105548855e-40,9927.051530792354,0.9967586640797593,1.637993276946557e-30
421680,0.0,-4.8268073547699305e-40,9927.051530792354,0.9967586640797593,1.637838418879205e-30
421740,0.0,-4.826350798984976e-40,9927.051530792354,0.9967586640797593,1.6376835608118535e-30
421800,0.0,-4.825894243200023e-40,9927.051530792354,0.9967586640797593,1.637528702744502e-30
421860,0.0,-4.825437687415068e-40,9927.051530792354,0.9967586640797593,1.63737384467715e-30
421920,0.0,-4.824981131630114e-40,9927.051530792354,0.9967586640797593,1.637218986609798e-30
421980,0.0,-4.824524575845159e-40,9927.051530792354,0.9967586640797593,1.637064128542446e-30
422040,0.0,-4.824068020060206e-40,9927.051530792354,0.9967586640797593,1.6369092704750944e-30
422100,0.0,-4.8236114642752515e-40,9927.051530792354,0.9967586640797593,1.6367544124077428e-30
422160,0.0,-4.8231549084902966e-40,9927.051530792354,0.9967586640797593,1.6365995543403908e-30
422220,0.0,-4.8226983527053424e-40,9927.051530792354,0.9967586640797593,1.636444696273039e-30
422280,0.0,-4.822241796920389e-40,9927.051530792354,0.9967586640797593,1.6362898382056872e-30
422340,0.0,-4.821785241135434e-40,9927.051530792354,0.9967586640797593,1.6361349801383353e-30
422400,0.0,-4.82132868535048e-40,9927.051530792354,0.9967586640797593,1.6359801220709836e-30
422460,0.0,-4.820872129565526e-40,9927.051530792354,0.9967586640797593,1.6358252640036317e-30
422520,0.0,-4.820415573780572e-40,9927.051530792354,0.9967586640797593,1.6356704059362797e-30
422580,0.0,-4.8199590179956176e-40,9927.051530792354,0.9967586640797593,1.635515547868928e-30
422640,0.0,-4.8195024622106634e-40,9927.051530792354,0.9967586640797593,1.6353606898015765e-30
422700,0.0,-4.819045906425709e-40,9927.051530792354,0.9967586640797593,1.6352058317342245e-30
422760,0.0,-4.818589350640755e-40,9927.051530792354,0.9967586640797593,1.6350509736668725e-30
422820,0.0,-4.818132794855801e-40,9927.051530792354,0.9967586640797593,1.634896115599521e-30
422880,0.0,-4.817676239070846e-40,9927.051530792354,0.9967586640797593,1.634741257532169e-30
422940,0.0,-4.817219683285893e-40,9927.051530792354,0.9967586640797593,1.6345863994648173e-30
423000,0.0,-4.816763127500938e-40,9927.051530792354,0.9967586640797593,1.6344315413974654e-30
423060,0.0,-4.816306571715984e-40,9927.051530792354,0.9967586640797593,1.6342766833301134e-30
423120,0.0,-4.8158500159310295e-40,9927.051530792354,0.9967586640797593,1.6341218252627618e-30
423180,0.0,-4.815393460146075e-40,9927.051530792354,0.9967586640797593,1.6339669671954098e-30
423240,0.0,-4.814936904361121e-40,9927.051530792354,0.9967586640797593,1.6338121091280582e-30
423300,0.0,-4.814480348576167e-40,9927.051530792354,0.9967586640797593,1.6336572510607062e-30
423360,0.0,-4.814023792791212e-40,9927.051530792354,0.9967586640797593,1.6335023929933543e-30
423420,0.0,-4.813567237006259e-40,9927.051530792354,0.9967586640797593,1.6333475349260026e-30
423480,0.0,-4.813110681221305e-40,9927.051530792354,0.9967586640797593,1.633192676858651e-30
423540,0.0,-4.81265412543635e-40,9927.051530792354,0.9967586640797593,1.633037818791299e-30
423600,0.0,-4.8121975696513955e-40,9927.051530792354,0.9967586640797593,1.6328829607239474e-30
423660,0.0,-4.811741013866442e-40,9927.051530792354,0.9967586640797593,1.6327281026565955e-30
423720,0.0,-4.811284458081487e-40,9927.051530792354,0.9967586640797593,1.6325732445892435e-30
423780,0.0,-4.810827902296533e-40,9927.051530792354,0.9967586640797593,1.632418386521892e-30
423840,0.0,-4.810371346511579e-40,9927.051530792354,0.9967586640797593,1.6322635284545403e-30
423900,0.0,-4.809914790726625e-40,9927.051530792354,0.9967586640797593,1.6321086703871883e-30
423960,0.0,-4.809458234941671e-40,9927.051530792354,0.9967586640797593,1.6319538123198363e-30
424020,0.0,-4.809001679156716e-40,9927.051530792354,0.9967586640797593,1.6317989542524844e-30
424080,0.0,-4.808545123371762e-40,9927.051530792354,0.9967586640797593,1.6316440961851328e-30
424140,0.0,-4.808088567586808e-40,9927.051530792354,0.9967586640797593,1.631489238117781e-30
424200,0.0,-4.807632011801853e-40,9927.051530792354,0.9967586640797593,1.631334380050429e-30
424260,0.0,-4.807175456016899e-40,9927.051530792354,0.9967586640797593,1.6311795219830772e-30
424320,0.0,-4.806718900231946e-40,9927.051530792354,0.9967586640797593,1.6310246639157256e-30
424380,0.0,-4.806262344446991e-40,9927.051530792354,0.9967586640797593,1.6308698058483736e-30
424440,0.0,-4.805805788662037e-40,9927.051530792354,0.9967586640797593,1.630714947781022e-30
424500,0.0,-4.8053492328770826e-40,9927.051530792354,0.9967586640797593,1.63056008971367e-30
424560,0.0,-4.8048926770921284e-40,9927.051530792354,0.9967586640797593,1.630405231646318e-30
424620,0.0,-4.804436121307174e-40,9927.051530792354,0.9967586640797593,1.6302503735789664e-30
424680,0.0,-4.80397956552222e-40,9927.051530792354,0.9967586640797593,1.630095515511615e-30
424740,0.0,-4.803523009737265e-40,9927.051530792354,0.9967586640797593,1.629940657444263e-30
424800,0.0,-4.803066453952312e-40,9927.051530792354,0.9967586640797593,1.629785799376911e-30
424860,0.0,-4.802609898167358e-40,9927.051530792354,0.9967586640797593,1.6296309413095593e-30
424920,0.0,-4.802153342382403e-40,9927.051530792354,0.9967586640797593,1.6294760832422073e-30
424980,0.0,-4.801696786597449e-40,9927.051530792354,0.9967586640797593,1.6293212251748557e-30
425040,0.0,-4.8012402308124945e-40,9927.051530792354,0.9967586640797593,1.6291663671075037e-30
425100,0.0,-4.80078367502754e-40,9927.051530792354,0.9967586640797593,1.6290115090401518e-30
425160,0.0,-4.800327119242586e-40,9927.051530792354,0.9967586640797593,1.6288566509728e-30
425220,0.0,-4.799870563457632e-40,9927.051530792354,0.9967586640797593,1.628701792905448e-30
425280,0.0,-4.799414007672678e-40,9927.051530792354,0.9967586640797593,1.6285469348380966e-30
425340,0.0,-4.798957451887724e-40,9927.051530792354,0.9967586640797593,1.6283920767707446e-30
425400,0.0,-4.798500896102769e-40,9927.051530792354,0.9967586640797593,1.6282372187033926e-30
425460,0.0,-4.798044340317815e-40,9927.051530792354,0.9967586640797593,1.628082360636041e-30
425520,0.0,-4.797587784532861e-40,9927.051530792354,0.9967586640797593,1.6279275025686894e-30
425580,0.0,-4.797131228747906e-40,9927.051530792354,0.9967586640797593,1.6277726445013374e-30
425640,0.0,-4.796674672962952e-40,9927.051530792354,0.9967586640797593,1.6276177864339858e-30
425700,0.0,-4.796218117177998e-40,9927.051530792354,0.9967586640797593,1.627462928366634e-30
425760,0.0,-4.795761561393044e-40,9927.051530792354,0.9967586640797593,1.627308070299282e-30
425820,0.0,-4.79530500560809e-40,9927.051530792354,0.9967586640797593,1.6271532122319302e-30
425880,0.0,-4.794848449823136e-40,9927.051530792354,0.9967586640797593,1.6269983541645786e-30
425940,0.0,-4.7943918940381815e-40,9927.051530792354,0.9967586640797593,1.6268434960972267e-30
426000,0.0,-4.793935338253227e-40,9927.051530792354,0.9967586640797593,1.6266886380298747e-30
426060,0.0,-4.793478782468272e-40,9927.051530792354,0.9967586640797593,1.6265337799625227e-30
426120,0.0,-4.793022226683318e-40,9927.051530792354,0.9967586640797593,1.626378921895171e-30
426180,0.0,-4.792565670898365e-40,9927.051530792354,0.9967586640797593,1.6262240638278195e-30
426240,0.0,-4.79210911511341e-40,9927.051530792354,0.9967586640797593,1.6260692057604675e-30
426300,0.0,-4.791652559328456e-40,9927.051530792354,0.9967586640797593,1.6259143476931156e-30
426360,0.0,-4.791196003543502e-40,9927.051530792354,0.9967586640797593,1.625759489625764e-30
426420,0.0,-4.7907394477585475e-40,9927.051530792354,0.9967586640797593,1.625604631558412e-30
426480,0.0,-4.790282891973593e-40,9927.051530792354,0.9967586640797593,1.6254497734910604e-30
426540,0.0,-4.789826336188639e-40,9927.051530792354,0.9967586640797593,1.6252949154237084e-30
426600,0.0,-4.789369780403684e-40,9927.051530792354,0.9967586640797593,1.6251400573563564e-30
426660,0.0,-4.788913224618731e-40,9927.051530792354,0.9967586640797593,1.6249851992890048e-30
426720,0.0,-4.788456668833777e-40,9927.051530792354,0.9967586640797593,1.6248303412216532e-30
426780,0.0,-4.788000113048822e-40,9927.051530792354,0.9967586640797593,1.6246754831543012e-30
426840,0.0,-4.787543557263868e-40,9927.051530792354,0.9967586640797593,1.6245206250869492e-30
426900,0.0,-4.787087001478914e-40,9927.051530792354,0.9967586640797593,1.6243657670195976e-30
426960,0.0,-4.7866304456939594e-40,9927.051530792354,0.9967586640797593,1.6242109089522457e-30
427020,0.0,-4.786173889909005e-40,9927.051530792354,0.9967586640797593,1.624056050884894e-30
427080,0.0,-4.785717334124051e-40,9927.051530792354,0.9967586640797593,1.623901192817542e-30
427140,0.0,-4.785260778339097e-40,9927.051530792354,0.9967586640797593,1.62374633475019e-30
427200,0.0,-4.784804222554143e-40,9927.051530792354,0.9967586640797593,1.6235914766828385e-30
427260,0.0,-4.784347666769188e-40,9927.051530792354,0.9967586640797593,1.6234366186154865e-30
427320,0.0,-4.7838911109842346e-40,9927.051530792354,0.9967586640797593,1.623281760548135e-30
427380,0.0,-4.7834345551992804e-40,9927.051530792354,0.9967586640797593,1.623126902480783e-30
427440,0.0,-4.7829779994143255e-40,9927.051530792354,0.9967586640797593,1.622972044413431e-30
427500,0.0,-4.782521443629371e-40,9927.051530792354,0.9967586640797593,1.6228171863460794e-30
427560,0.0,-4.782064887844418e-40,9927.051530792354,0.9967586640797593,1.6226623282787277e-30
427620,0.0,-4.781608332059463e-40,9927.051530792354,0.9967586640797593,1.6225074702113758e-30
427680,0.0,-4.781151776274509e-40,9927.051530792354,0.9967586640797593,1.622352612144024e-30
427740,0.0,-4.780695220489555e-40,9927.051530792354,0.9967586640797593,1.6221977540766722e-30
427800,0.0,-4.780238664704601e-40,9927.051530792354,0.9967586640797593,1.6220428960093202e-30
427860,0.0,-4.7797821089196465e-40,9927.051530792354,0.9967586640797593,1.6218880379419686e-30
427920,0.0,-4.779325553134692e-40,9927.051530792354,0.9967586640797593,1.621733179874617e-30
427980,0.0,-4.778868997349737e-40,9927.051530792354,0.9967586640797593,1.621578321807265e-30
428040,0.0,-4.778412441564784e-40,9927.051530792354,0.9967586640797593,1.621423463739913e-30
428100,0.0,-4.777955885779829e-40,9927.051530792354,0.9967586640797593,1.621268605672561e-30
428160,0.0,-4.777499329994875e-40,9927.051530792354,0.9967586640797593,1.6211137476052095e-30
428220,0.0,-4.777042774209921e-40,9927.051530792354,0.9967586640797593,1.620958889537858e-30
428280,0.0,-4.776586218424967e-40,9927.051530792354,0.9967586640797593,1.620804031470506e-30
428340,0.0,-4.7761296626400125e-40,9927.051530792354,0.9967586640797593,1.620649173403154e-30
428400,0.0,-4.775673106855058e-40,9927.051530792354,0.9967586640797593,1.6204943153358023e-30
428460,0.0,-4.775216551070104e-40,9927.051530792354,0.9967586640797593,1.6203394572684503e-30
428520,0.0,-4.77475999528515e-40,9927.051530792354,0.9967586640797593,1.6201845992010987e-30
428580,0.0,-4.774303439500196e-40,9927.051530792354,0.9967586640797593,1.6200297411337467e-30
428640,0.0,-4.773846883715241e-40,9927.051530792354,0.9967586640797593,1.6198748830663948e-30
428700,0.0,-4.773390327930288e-40,9927.051530792354,0.9967586640797593,1.619720024999043e-30
428760,0.0,-4.7729337721453335e-40,9927.051530792354,0.9967586640797593,1.6195651669316915e-30
428820,0.0,-4.7724772163603785e-40,9927.051530792354,0.9967586640797593,1.6194103088643396e-30
428880,0.0,-4.772020660575424e-40,9927.051530792354,0.9967586640797593,1.6192554507969876e-30
428940,0.0,-4.771564104790471e-40,9927.051530792354,0.9967586640797593,1.619100592729636e-30
429000,0.0,-4.771107549005516e-40,9927.051530792354,0.9967586640797593,1.618945734662284e-30
429060,0.0,-4.770650993220562e-40,9927.051530792354,0.9967586640797593,1.6187908765949324e-30
429120,0.0,-4.770194437435607e-40,9927.051530792354,0.9967586640797593,1.6186360185275804e-30
429180,0.0,-4.769737881650654e-40,9927.051530792354,0.9967586640797593,1.6184811604602285e-30
429240,0.0,-4.7692813258656995e-40,9927.051530792354,0.9967586640797593,1.618326302392877e-30
429300,0.0,-4.7688247700807446e-40,9927.051530792354,0.9967586640797593,1.618171444325525e-30
429360,0.0,-4.7683682142957904e-40,9927.051530792354,0.9967586640797593,1.6180165862581733e-30
429420,0.0,-4.767911658510837e-40,9927.051530792354,0.9967586640797593,1.6178617281908213e-30
429480,0.0,-4.767455102725882e-40,9927.051530792354,0.9967586640797593,1.6177068701234693e-30
429540,0.0,-4.766998546940928e-40,9927.051530792354,0.9967586640797593,1.6175520120561177e-30
429600,0.0,-4.766541991155974e-40,9927.051530792354,0.9967586640797593,1.617397153988766e-30
429660,0.0,-4.76608543537102e-40,9927.051530792354,0.9967586640797593,1.617242295921414e-30
429720,0.0,-4.7656288795860656e-40,9927.051530792354,0.9967586640797593,1.6170874378540625e-30
429780,0.0,-4.7651723238011114e-40,9927.051530792354,0.9967586640797593,1.6169325797867105e-30
429840,0.0,-4.764715768016157e-40,9927.051530792354,0.9967586640797593,1.6167777217193586e-30
429900,0.0,-4.764259212231203e-40,9927.051530792354,0.9967586640797593,1.616622863652007e-30
429960,0.0,-4.763802656446249e-40,9927.051530792354,0.9967586640797593,1.6164680055846553e-30
430020,0.0,-4.763346100661294e-40,9927.051530792354,0.9967586640797593,1.6163131475173034e-30
430080,0.0,-4.76288954487634e-40,9927.051530792354,0.9967586640797593,1.6161582894499514e-30
430140,0.0,-4.762432989091386e-40,9927.051530792354,0.9967586640797593,1.6160034313825994e-30
430200,0.0,-4.761976433306432e-40,9927.051530792354,0.9967586640797593,1.6158485733152478e-30
430260,0.0,-4.7615198775214775e-40,9927.051530792354,0.9967586640797593,1.6156937152478962e-30
430320,0.0,-4.761063321736523e-40,9927.051530792354,0.9967586640797593,1.6155388571805442e-30
430380,0.0,-4.760606765951569e-40,9927.051530792354,0.9967586640797593,1.6153839991131923e-30
430440,0.0,-4.760150210166615e-40,9927.051530792354,0.9967586640797593,1.6152291410458406e-30
430500,0.0,-4.75969365438166e-40,9927.051530792354,0.9967586640797593,1.6150742829784887e-30
430560,0.0,-4.759237098596707e-40,9927.051530792354,0.9967586640797593,1.614919424911137e-30
430620,0.0,-4.758780542811753e-40,9927.051530792354,0.9967586640797593,1.614764566843785e-30
430680,0.0,-4.758323987026798e-40,9927.051530792354,0.9967586640797593,1.614609708776433e-30
430740,0.0,-4.7578674312418435e-40,9927.051530792354,0.9967586640797593,1.6144548507090815e-30
430800,0.0,-4.75741087545689e-40,9927.051530792354,0.9967586640797593,1.61429999264173e-30
430860,0.0,-4.756954319671935e-40,9927.051530792354,0.9967586640797593,1.614145134574378e-30
430920,0.0,-4.756497763886981e-40,9927.051530792354,0.9967586640797593,1.613990276507026e-30
430980,0.0,-4.756041208102027e-40,9927.051530792354,0.9967586640797593,1.6138354184396743e-30
431040,0.0,-4.755584652317073e-40,9927.051530792354,0.9967586640797593,1.6136805603723224e-30
431100,0.0,-4.755128096532119e-40,9927.051530792354,0.9967586640797593,1.6135257023049708e-30
431160,0.0,-4.754671540747164e-40,9927.051530792354,0.9967586640797593,1.6133708442376188e-30
431220,0.0,-4.7542149849622096e-40,9927.051530792354,0.9967586640797593,1.6132159861702668e-30
431280,0.0,-4.753758429177256e-40,9927.051530792354,0.9967586640797593,1.6130611281029152e-30
431340,0.0,-4.753301873392301e-40,9927.051530792354,0.9967586640797593,1.6129062700355632e-30
431400,0.0,-4.752845317607347e-40,9927.051530792354,0.9967586640797593,1.6127514119682116e-30
431460,0.0,-4.752388761822393e-40,9927.051530792354,0.9967586640797593,1.6125965539008596e-30
431520,0.0,-4.751932206037439e-40,9927.051530792354,0.9967586640797593,1.6124416958335077e-30
431580,0.0,-4.751475650252485e-40,9927.051530792354,0.9967586640797593,1.612286837766156e-30
431640,0.0,-4.7510190944675306e-40,9927.051530792354,0.9967586640797593,1.6121319796988044e-30
431700,0.0,-4.7505625386825764e-40,9927.051530792354,0.9967586640797593,1.6119771216314525e-30
431760,0.0,-4.750105982897622e-40,9927.051530792354,0.9967586640797593,1.611822263564101e-30
431820,0.0,-4.749649427112668e-40,9927.051530792354,0.9967586640797593,1.611667405496749e-30
431880,0.0,-4.749192871327713e-40,9927.051530792354,0.9967586640797593,1.611512547429397e-30
431940,0.0,-4.74873631554276e-40,9927.051530792354,0.9967586640797593,1.6113576893620453e-30
432000,0.0,-4.748279759757806e-40,9927.051530792354,0.9967586640797593,1.6112028312946937e-30
432060,0.0,-4.747823203972851e-40,9927.051530792354,0.9967586640797593,1.6110479732273417e-30
432120,0.0,-4.747366648187897e-40,9927.051530792354,0.9967586640797593,1.6108931151599898e-30
432180,0.0,-4.746910092402943e-40,9927.051530792354,0.9967586640797593,1.610738257092638e-30
432240,0.0,-4.746453536617988e-40,9927.051530792354,0.9967586640797593,1.610583399025286e-30
432300,0.0,-4.745996980833034e-40,9927.051530792354,0.9967586640797593,1.6104285409579346e-30
432360,0.0,-4.745540425048079e-40,9927.051530792354,0.9967586640797593,1.6102736828905826e-30
432420,0.0,-4.745083869263126e-40,9927.051530792354,0.9967586640797593,1.6101188248232306e-30
432480,0.0,-4.744627313478172e-40,9927.051530792354,0.9967586640797593,1.609963966755879e-30
432540,0.0,-4.744170757693217e-40,9927.051530792354,0.9967586640797593,1.609809108688527e-30
432600,0.0,-4.743714201908263e-40,9927.051530792354,0.9967586640797593,1.6096542506211754e-30
432660,0.0,-4.743257646123309e-40,9927.051530792354,0.9967586640797593,1.6094993925538234e-30
432720,0.0,-4.742801090338354e-40,9927.051530792354,0.9967586640797593,1.6093445344864715e-30
432780,0.0,-4.7423445345534e-40,9927.051530792354,0.9967586640797593,1.60918967641912e-30
432840,0.0,-4.741887978768446e-40,9927.051530792354,0.9967586640797593,1.6090348183517682e-30
432900,0.0,-4.741431422983492e-40,9927.051530792354,0.9967586640797593,1.6088799602844163e-30
432960,0.0,-4.740974867198538e-40,9927.051530792354,0.9967586640797593,1.6087251022170643e-30
433020,0.0,-4.740518311413584e-40,9927.051530792354,0.9967586640797593,1.6085702441497127e-30
433080,0.0,-4.7400617556286295e-40,9927.051530792354,0.9967586640797593,1.6084153860823607e-30
433140,0.0,-4.739605199843675e-40,9927.051530792354,0.9967586640797593,1.608260528015009e-30
433200,0.0,-4.739148644058721e-40,9927.051530792354,0.9967586640797593,1.608105669947657e-30
433260,0.0,-4.738692088273766e-40,9927.051530792354,0.9967586640797593,1.607950811880305e-30
433320,0.0,-4.738235532488813e-40,9927.051530792354,0.9967586640797593,1.6077959538129536e-30
433380,0.0,-4.737778976703858e-40,9927.051530792354,0.9967586640797593,1.6076410957456016e-30
433440,0.0,-4.737322420918904e-40,9927.051530792354,0.9967586640797593,1.60748623767825e-30
433500,0.0,-4.73686586513395e-40,9927.051530792354,0.9967586640797593,1.607331379610898e-30
433560,0.0,-4.7364093093489955e-40,9927.051530792354,0.9967586640797593,1.607176521543546e-30
433620,0.0,-4.735952753564041e-40,9927.051530792354,0.9967586640797593,1.6070216634761944e-30
433680,0.0,-4.735496197779087e-40,9927.051530792354,0.9967586640797593,1.6068668054088428e-30
433740,0.0,-4.735039641994132e-40,9927.051530792354,0.9967586640797593,1.606711947341491e-30
433800,0.0,-4.734583086209179e-40,9927.051530792354,0.9967586640797593,1.6065570892741392e-30
433860,0.0,-4.734126530424225e-40,9927.051530792354,0.9967586640797593,1.6064022312067872e-30
433920,0.0,-4.73366997463927e-40,9927.051530792354,0.9967586640797593,1.6062473731394353e-30
433980,0.0,-4.733213418854316e-40,9927.051530792354,0.9967586640797593,1.6060925150720837e-30
434040,0.0,-4.732756863069362e-40,9927.051530792354,0.9967586640797593,1.605937657004732e-30
434100,0.0,-4.7323003072844074e-40,9927.051530792354,0.9967586640797593,1.60578279893738e-30
434160,0.0,-4.731843751499453e-40,9927.051530792354,0.9967586640797593,1.605627940870028e-30
434220,0.0,-4.731387195714499e-40,9927.051530792354,0.9967586640797593,1.6054730828026765e-30
434280,0.0,-4.730930639929545e-40,9927.051530792354,0.9967586640797593,1.6053182247353245e-30
434340,0.0,-4.730474084144591e-40,9927.051530792354,0.9967586640797593,1.605163366667973e-30
434400,0.0,-4.730017528359636e-40,9927.051530792354,0.9967586640797593,1.605008508600621e-30
434460,0.0,-4.7295609725746826e-40,9927.051530792354,0.9967586640797593,1.604853650533269e-30
434520,0.0,-4.7291044167897284e-40,9927.051530792354,0.9967586640797593,1.6046987924659174e-30
434580,0.0,-4.7286478610047735e-40,9927.051530792354,0.9967586640797593,1.6045439343985654e-30
434640,0.0,-4.728191305219819e-40,9927.051530792354,0.9967586640797593,1.6043890763312138e-30
434700,0.0,-4.727734749434865e-40,9927.051530792354,0.9967586640797593,1.6042342182638618e-30
434760,0.0,-4.727278193649911e-40,9927.051530792354,0.9967586640797593,1.60407936019651e-30
434820,0.0,-4.726821637864957e-40,9927.051530792354,0.9967586640797593,1.6039245021291582e-30
434880,0.0,-4.726365082080003e-40,9927.051530792354,0.9967586640797593,1.6037696440618066e-30
434940,0.0,-4.725908526295049e-40,9927.051530792354,0.9967586640797593,1.6036147859944546e-30
435000,0.0,-4.7254519705100945e-40,9927.051530792354,0.9967586640797593,1.6034599279271027e-30
435060,0.0,-4.72499541472514e-40,9927.051530792354,0.9967586640797593,1.603305069859751e-30
435120,0.0,-4.724538858940185e-40,9927.051530792354,0.9967586640797593,1.603150211792399e-30
435180,0.0,-4.724082303155232e-40,9927.051530792354,0.9967586640797593,1.6029953537250475e-30
435240,0.0,-4.723625747370278e-40,9927.051530792354,0.9967586640797593,1.6028404956576955e-30
435300,0.0,-4.723169191585323e-40,9927.051530792354,0.9967586640797593,1.6026856375903435e-30
435360,0.0,-4.722712635800369e-40,9927.051530792354,0.9967586640797593,1.602530779522992e-30
435420,0.0,-4.722256080015415e-40,9927.051530792354,0.9967586640797593,1.60237592145564e-30
435480,0.0,-4.7217995242304605e-40,9927.051530792354,0.9967586640797593,1.6022210633882883e-30
435540,0.0,-4.721342968445506e-40,9927.051530792354,0.9967586640797593,1.6020662053209364e-30
435600,0.0,-4.720886412660552e-40,9927.051530792354,0.9967586640797593,1.6019113472535844e-30
435660,0.0,-4.720429856875598e-40,9927.051530792354,0.9967586640797593,1.6017564891862328e-30
435720,0.0,-4.719973301090644e-40,9927.051530792354,0.9967586640797593,1.601601631118881e-30
435780,0.0,-4.719516745305689e-40,9927.051530792354,0.9967586640797593,1.6014467730515292e-30
435840,0.0,-4.719060189520735e-40,9927.051530792354,0.9967586640797593,1.6012919149841776e-30
435900,0.0,-4.7186036337357815e-40,9927.051530792354,0.9967586640797593,1.6011370569168256e-30
435960,0.0,-4.7181470779508265e-40,9927.051530792354,0.9967586640797593,1.6009821988494736e-30
436020,0.0,-4.717690522165872e-40,9927.051530792354,0.9967586640797593,1.600827340782122e-30
436080,0.0,-4.717233966380918e-40,9927.051530792354,0.9967586640797593,1.6006724827147704e-30
436140,0.0,-4.716777410595964e-40,9927.051530792354,0.9967586640797593,1.6005176246474184e-30
436200,0.0,-4.71632085481101e-40,9927.051530792354,0.9967586640797593,1.6003627665800665e-30
436260,0.0,-4.715864299026056e-40,9927.051530792354,0.9967586640797593,1.600207908512715e-30
436320,0.0,-4.715407743241102e-40,9927.051530792354,0.9967586640797593,1.600053050445363e-30
436380,0.0,-4.7149511874561475e-40,9927.051530792354,0.9967586640797593,1.5998981923780113e-30
436440,0.0,-4.7144946316711926e-40,9927.051530792354,0.9967586640797593,1.5997433343106593e-30
436500,0.0,-4.7140380758862384e-40,9927.051530792354,0.9967586640797593,1.5995884762433073e-30
436560,0.0,-4.713581520101285e-40,9927.051530792354,0.9967586640797593,1.5994336181759557e-30
436620,0.0,-4.71312496431633e-40,9927.051530792354,0.9967586640797593,1.5992787601086037e-30
436680,0.0,-4.712668408531376e-40,9927.051530792354,0.9967586640797593,1.599123902041252e-30
436740,0.0,-4.712211852746422e-40,9927.051530792354,0.9967586640797593,1.5989690439739e-30
436800,0.0,-4.711755296961468e-40,9927.051530792354,0.9967586640797593,1.5988141859065482e-30
436860,0.0,-4.7112987411765136e-40,9927.051530792354,0.9967586640797593,1.5986593278391966e-30
436920,0.0,-4.7108421853915594e-40,9927.051530792354,0.9967586640797593,1.598504469771845e-30
436980,0.0,-4.7103856296066045e-40,9927.051530792354,0.9967586640797593,1.598349611704493e-30
437040,0.0,-4.709929073821651e-40,9927.051530792354,0.9967586640797593,1.598194753637141e-30
437100,0.0,-4.709472518036697e-40,9927.051530792354,0.9967586640797593,1.5980398955697894e-30
437160,0.0,-4.709015962251742e-40,9927.051530792354,0.9967586640797593,1.5978850375024374e-30
437220,0.0,-4.708559406466788e-40,9927.051530792354,0.9967586640797593,1.5977301794350858e-30
437280,0.0,-4.7081028506818346e-40,9927.051530792354,0.9967586640797593,1.597575321367734e-30
437340,0.0,-4.70764629489688e-40,9927.051530792354,0.9967586640797593,1.597420463300382e-30
437400,0.0,-4.7071897391119255e-40,9927.051530792354,0.9967586640797593,1.5972656052330303e-30
437460,0.0,-4.706733183326971e-40,9927.051530792354,0.9967586640797593,1.5971107471656783e-30
437520,0.0,-4.706276627542017e-40,9927.051530792354,0.9967586640797593,1.5969558890983267e-30
437580,0.0,-4.705820071757063e-40,9927.051530792354,0.9967586640797593,1.5968010310309747e-30
437640,0.0,-4.705363515972108e-40,9927.051530792354,0.9967586640797593,1.5966461729636227e-30
437700,0.0,-4.704906960187155e-40,9927.051530792354,0.9967586640797593,1.596491314896271e-30
437760,0.0,-4.704450404402201e-40,9927.051530792354,0.9967586640797593,1.5963364568289195e-30
437820,0.0,-4.703993848617246e-40,9927.051530792354,0.9967586640797593,1.5961815987615675e-30
437880,0.0,-4.7035372928322915e-40,9927.051530792354,0.9967586640797593,1.596026740694216e-30
437940,0.0,-4.703080737047338e-40,9927.051530792354,0.9967586640797593,1.595871882626864e-30
438000,0.0,-4.702624181262383e-40,9927.051530792354,0.9967586640797593,1.595717024559512e-30
438060,0.0,-4.702167625477429e-40,9927.051530792354,0.9967586640797593,1.5955621664921604e-30
438120,0.0,-4.701711069692475e-40,9927.051530792354,0.9967586640797593,1.5954073084248088e-30
438180,0.0,-4.701254513907521e-40,9927.051530792354,0.9967586640797593,1.5952524503574568e-30
438240,0.0,-4.700797958122567e-40,9927.051530792354,0.9967586640797593,1.5950975922901048e-30
438300,0.0,-4.7003414023376125e-40,9927.051530792354,0.9967586640797593,1.5949427342227532e-30
438360,0.0,-4.6998848465526576e-40,9927.051530792354,0.9967586640797593,1.5947878761554012e-30
438420,0.0,-4.699428290767704e-40,9927.051530792354,0.9967586640797593,1.5946330180880496e-30
438480,0.0,-4.698971734982749e-40,9927.051530792354,0.9967586640797593,1.5944781600206976e-30
438540,0.0,-4.698515179197795e-40,9927.051530792354,0.9967586640797593,1.5943233019533457e-30
438600,0.0,-4.698058623412841e-40,9927.051530792354,0.9967586640797593,1.594168443885994e-30
438660,0.0,-4.697602067627887e-40,9927.051530792354,0.9967586640797593,1.594013585818642e-30
438720,0.0,-4.697145511842933e-40,9927.051530792354,0.9967586640797593,1.5938587277512905e-30
438780,0.0,-4.6966889560579786e-40,9927.051530792354,0.9967586640797593,1.5937038696839385e-30
438840,0.0,-4.6962324002730244e-40,9927.051530792354,0.9967586640797593,1.5935490116165865e-30
438900,0.0,-4.69577584448807e-40,9927.051530792354,0.9967586640797593,1.593394153549235e-30
438960,0.0,-4.695319288703116e-40,9927.051530792354,0.9967586640797593,1.5932392954818833e-30
439020,0.0,-4.694862732918161e-40,9927.051530792354,0.9967586640797593,1.5930844374145313e-30
439080,0.0,-4.694406177133208e-40,9927.051530792354,0.9967586640797593,1.5929295793471794e-30
439140,0.0,-4.693949621348254e-40,9927.051530792354,0.9967586640797593,1.5927747212798278e-30
439200,0.0,-4.693493065563299e-40,9927.051530792354,0.9967586640797593,1.5926198632124758e-30
439260,0.0,-4.6930365097783446e-40,9927.051530792354,0.9967586640797593,1.592465005145124e-30
439320,0.0,-4.6925799539933904e-40,9927.051530792354,0.9967586640797593,1.5923101470777722e-30
439380,0.0,-4.692123398208436e-40,9927.051530792354,0.9967586640797593,1.5921552890104202e-30
439440,0.0,-4.691666842423482e-40,9927.051530792354,0.9967586640797593,1.5920004309430686e-30
439500,0.0,-4.691210286638527e-40,9927.051530792354,0.9967586640797593,1.5918455728757166e-30
439560,0.0,-4.690753730853574e-40,9927.051530792354,0.9967586640797593,1.591690714808365e-30
439620,0.0,-4.69029717506862e-40,9927.051530792354,0.9967586640797593,1.591535856741013e-30
439680,0.0,-4.689840619283665e-40,9927.051530792354,0.9967586640797593,1.591380998673661e-30
439740,0.0,-4.689384063498711e-40,9927.051530792354,0.9967586640797593,1.5912261406063095e-30
439800,0.0,-4.688927507713757e-40,9927.051530792354,0.9967586640797593,1.591071282538958e-30
439860,0.0,-4.688470951928802e-40,9927.051530792354,0.9967586640797593,1.590916424471606e-30
439920,0.0,-4.688014396143848e-40,9927.051530792354,0.9967586640797593,1.5907615664042543e-30
439980,0.0,-4.687557840358894e-40,9927.051530792354,0.9967586640797593,1.5906067083369023e-30
440040,0.0,-4.68710128457394e-40,9927.051530792354,0.9967586640797593,1.5904518502695503e-30
440100,0.0,-4.686644728788986e-40,9927.051530792354,0.9967586640797593,1.5902969922021987e-30
440160,0.0,-4.686188173004032e-40,9927.051530792354,0.9967586640797593,1.590142134134847e-30
440220,0.0,-4.685731617219077e-40,9927.051530792354,0.9967586640797593,1.589987276067495e-30
440280,0.0,-4.685275061434123e-40,9927.051530792354,0.9967586640797593,1.589832418000143e-30
440340,0.0,-4.684818505649169e-40,9927.051530792354,0.9967586640797593,1.5896775599327916e-30
440400,0.0,-4.684361949864214e-40,9927.051530792354,0.9967586640797593,1.5895227018654396e-30
440460,0.0,-4.68390539407926e-40,9927.051530792354,0.9967586640797593,1.589367843798088e-30
440520,0.0,-4.683448838294306e-40,9927.051530792354,0.9967586640797593,1.589212985730736e-30
440580,0.0,-4.682992282509352e-40,9927.051530792354,0.9967586640797593,1.589058127663384e-30
440640,0.0,-4.682535726724398e-40,9927.051530792354,0.9967586640797593,1.5889032695960324e-30
440700,0.0,-4.6820791709394435e-40,9927.051530792354,0.9967586640797593,1.5887484115286804e-30
440760,0.0,-4.681622615154489e-40,9927.051530792354,0.9967586640797593,1.588593553461329e-30
440820,0.0,-4.681166059369535e-40,9927.051530792354,0.9967586640797593,1.588438695393977e-30
440880,0.0,-4.68070950358458e-40,9927.051530792354,0.9967586640797593,1.588283837326625e-30
440940,0.0,-4.680252947799627e-40,9927.051530792354,0.9967586640797593,1.5881289792592733e-30
441000,0.0,-4.679796392014673e-40,9927.051530792354,0.9967586640797593,1.5879741211919217e-30
441060,0.0,-4.679339836229718e-40,9927.051530792354,0.9967586640797593,1.5878192631245697e-30
441120,0.0,-4.678883280444764e-40,9927.051530792354,0.9967586640797593,1.5876644050572177e-30
441180,0.0,-4.67842672465981e-40,9927.051530792354,0.9967586640797593,1.587509546989866e-30
441240,0.0,-4.6779701688748554e-40,9927.051530792354,0.9967586640797593,1.587354688922514e-30
441300,0.0,-4.677513613089901e-40,9927.051530792354,0.9967586640797593,1.5871998308551625e-30
441360,0.0,-4.677057057304947e-40,9927.051530792354,0.9967586640797593,1.5870449727878106e-30
441420,0.0,-4.676600501519993e-40,9927.051530792354,0.9967586640797593,1.5868901147204586e-30
441480,0.0,-4.676143945735039e-40,9927.051530792354,0.9967586640797593,1.586735256653107e-30
441540,0.0,-4.675687389950084e-40,9927.051530792354,0.9967586640797593,1.586580398585755e-30
441600,0.0,-4.67523083416513e-40,9927.051530792354,0.9967586640797593,1.5864255405184034e-30
441660,0.0,-4.6747742783801764e-40,9927.051530792354,0.9967586640797593,1.5862706824510514e-30
441720,0.0,-4.6743177225952215e-40,9927.051530792354,0.9967586640797593,1.5861158243836994e-30
441780,0.0,-4.673861166810267e-40,9927.051530792354,0.9967586640797593,1.585960966316348e-30
441840,0.0,-4.673404611025313e-40,9927.051530792354,0.9967586640797593,1.5858061082489962e-30
441900,0.0,-4.672948055240359e-40,9927.051530792354,0.9967586640797593,1.5856512501816442e-30
441960,0.0,-4.672491499455405e-40,9927.051530792354,0.9967586640797593,1.5854963921142926e-30
442020,0.0,-4.672034943670451e-40,9927.051530792354,0.9967586640797593,1.5853415340469407e-30
442080,0.0,-4.671578387885497e-40,9927.051530792354,0.9967586640797593,1.5851866759795887e-30
442140,0.0,-4.6711218321005425e-40,9927.051530792354,0.9967586640797593,1.585031817912237e-30
442200,0.0,-4.670665276315588e-40,9927.051530792354,0.9967586640797593,1.5848769598448855e-30
442260,0.0,-4.670208720530633e-40,9927.051530792354,0.9967586640797593,1.5847221017775335e-30
442320,0.0,-4.66975216474568e-40,9927.051530792354,0.9967586640797593,1.5845672437101815e-30
442380,0.0,-4.669295608960726e-40,9927.051530792354,0.9967586640797593,1.58441238564283e-30
442440,0.0,-4.668839053175771e-40,9927.051530792354,0.9967586640797594,1.584257527575478e-30
442500,0.0,-4.668382497390817e-40,9927.051530792354,0.9967586640797594,1.5841026695081263e-30
442560,0.0,-4.6679259416058635e-40,9927.051530792354,0.9967586640797594,1.5839478114407744e-30
442620,0.0,-4.6674693858209085e-40,9927.051530792354,0.9967586640797594,1.5837929533734224e-30
442680,0.0,-4.667012830035954e-40,9927.051530792354,0.9967586640797594,1.5836380953060708e-30
442740,0.0,-4.666556274250999e-40,9927.051530792354,0.9967586640797594,1.5834832372387188e-30
442800,0.0,-4.666099718466046e-40,9927.051530792354,0.9967586640797594,1.5833283791713672e-30
442860,0.0,-4.665643162681092e-40,9927.051530792354,0.9967586640797594,1.5831735211040152e-30
442920,0.0,-4.665186606896137e-40,9927.051530792354,0.9967586640797594,1.5830186630366632e-30
442980,0.0,-4.664730051111183e-40,9927.051530792354,0.9967586640797594,1.5828638049693116e-30
443040,0.0,-4.6642734953262295e-40,9927.051530792354,0.9967586640797594,1.58270894690196e-30
443100,0.0,-4.6638169395412745e-40,9927.051530792354,0.9967586640797594,1.582554088834608e-30
443160,0.0,-4.66336038375632e-40,9927.051530792354,0.9967586640797594,1.582399230767256e-30
443220,0.0,-4.662903827971366e-40,9927.051530792354,0.9967586640797594,1.5822443726999045e-30
443280,0.0,-4.662447272186412e-40,9927.051530792354,0.9967586640797594,1.5820895146325525e-30
443340,0.0,-4.661990716401458e-40,9927.051530792354,0.9967586640797594,1.581934656565201e-30
443400,0.0,-4.661534160616504e-40,9927.051530792354,0.9967586640797594,1.581779798497849e-30
443460,0.0,-4.66107760483155e-40,9927.051530792354,0.9967586640797594,1.581624940430497e-30
443520,0.0,-4.6606210490465955e-40,9927.051530792354,0.9967586640797594,1.5814700823631453e-30
443580,0.0,-4.660164493261641e-40,9927.051530792354,0.9967586640797594,1.5813152242957937e-30
443640,0.0,-4.6597079374766864e-40,9927.051530792354,0.9967586640797594,1.5811603662284417e-30
443700,0.0,-4.659251381691733e-40,9927.051530792354,0.9967586640797594,1.5810055081610898e-30
443760,0.0,-4.658794825906778e-40,9927.051530792354,0.9967586640797594,1.5808506500937378e-30
443820,0.0,-4.658338270121824e-40,9927.051530792354,0.9967586640797594,1.5806957920263862e-30
443880,0.0,-4.65788171433687e-40,9927.051530792354,0.9967586640797594,1.5805409339590346e-30
443940,0.0,-4.657425158551916e-40,9927.051530792354,0.9967586640797594,1.5803860758916826e-30
444000,0.0,-4.6569686027669616e-40,9927.051530792354,0.9967586640797594,1.580231217824331e-30
444060,0.0,-4.6565120469820074e-40,9927.051530792354,0.9967586640797594,1.580076359756979e-30
444120,0.0,-4.6560554911970525e-40,9927.051530792354,0.9967586640797594,1.579921501689627e-30
444180,0.0,-4.655598935412099e-40,9927.051530792354,0.9967586640797594,1.5797666436222754e-30
444240,0.0,-4.655142379627145e-40,9927.051530792354,0.9967586640797594,1.5796117855549238e-30
444300,0.0,-4.65468582384219e-40,9927.051530792354,0.9967586640797594,1.579456927487572e-30
444360,0.0,-4.654229268057236e-40,9927.051530792354,0.9967586640797594,1.57930206942022e-30
444420,0.0,-4.6537727122722826e-40,9927.051530792354,0.9967586640797594,1.5791472113528683e-30
444480,0.0,-4.653316156487328e-40,9927.051530792354,0.9967586640797594,1.5789923532855163e-30
444540,0.0,-4.6528596007023735e-40,9927.051530792354,0.9967586640797594,1.5788374952181647e-30
444600,0.0,-4.652403044917419e-40,9927.051530792354,0.9967586640797594,1.5786826371508127e-30
444660,0.0,-4.651946489132465e-40,9927.051530792354,0.9967586640797594,1.5785277790834607e-30
444720,0.0,-4.651489933347511e-40,9927.051530792354,0.9967586640797594,1.578372921016109e-30
444780,0.0,-4.651033377562556e-40,9927.051530792354,0.9967586640797594,1.578218062948757e-30
444840,0.0,-4.650576821777602e-40,9927.051530792354,0.9967586640797594,1.5780632048814052e-30
444900,0.0,-4.650120265992649e-40,9927.051530792354,0.9967586640797594,1.577908346814054e-30
444960,0.0,-4.649663710207694e-40,9927.051530792354,0.9967586640797594,1.577753488746702e-30
445020,0.0,-4.6492071544227395e-40,9927.051530792354,0.9967586640797594,1.57759863067935e-30
445080,0.0,-4.648750598637785e-40,9927.051530792354,0.9967586640797594,1.5774437726119982e-30
445140,0.0,-4.648294042852831e-40,9927.051530792354,0.9967586640797594,1.5772889145446462e-30
445200,0.0,-4.647837487067877e-40,9927.051530792354,0.9967586640797594,1.5771340564772946e-30
445260,0.0,-4.647380931282923e-40,9927.051530792354,0.9967586640797594,1.5769791984099428e-30
445320,0.0,-4.646924375497969e-40,9927.051530792354,0.9967586640797594,1.5768243403425908e-30
445380,0.0,-4.646467819713015e-40,9927.051530792354,0.9967586640797594,1.5766694822752392e-30
445440,0.0,-4.6460112639280605e-40,9927.051530792354,0.9967586640797594,1.5765146242078874e-30
445500,0.0,-4.6455547081431056e-40,9927.051530792354,0.9967586640797594,1.5763597661405355e-30
445560,0.0,-4.645098152358152e-40,9927.051530792354,0.9967586640797594,1.5762049080731837e-30
445620,0.0,-4.644641596573198e-40,9927.051530792354,0.9967586640797594,1.576050050005832e-30
445680,0.0,-4.644185040788243e-40,9927.051530792354,0.9967586640797594,1.5758951919384801e-30
445740,0.0,-4.643728485003289e-40,9927.051530792354,0.9967586640797594,1.5757403338711283e-30
445800,0.0,-4.643271929218335e-40,9927.051530792354,0.9967586640797594,1.5755854758037763e-30
445860,0.0,-4.642815373433381e-40,9927.051530792354,0.9967586640797594,1.5754306177364245e-30
445920,0.0,-4.6423588176484265e-40,9927.051530792354,0.9967586640797594,1.575275759669073e-30
445980,0.0,-4.6419022618634716e-40,9927.051530792354,0.9967586640797594,1.575120901601721e-30
446040,0.0,-4.641445706078518e-40,9927.051530792354,0.9967586640797594,1.5749660435343692e-30
446100,0.0,-4.640989150293564e-40,9927.051530792354,0.9967586640797594,1.5748111854670174e-30
446160,0.0,-4.640532594508609e-40,9927.051530792354,0.9967586640797594,1.5746563273996654e-30
446220,0.0,-4.640076038723655e-40,9927.051530792354,0.9967586640797594,1.5745014693323138e-30
446280,0.0,-4.639619482938702e-40,9927.051530792354,0.9967586640797594,1.574346611264962e-30
446340,0.0,-4.639162927153747e-40,9927.051530792354,0.9967586640797594,1.57419175319761e-30
446400,0.0,-4.6387063713687926e-40,9927.051530792354,0.9967586640797594,1.5740368951302584e-30
446460,0.0,-4.6382498155838384e-40,9927.051530792354,0.9967586640797594,1.5738820370629066e-30
446520,0.0,-4.637793259798884e-40,9927.051530792354,0.9967586640797594,1.5737271789955546e-30
446580,0.0,-4.63733670401393e-40,9927.051530792354,0.9967586640797594,1.5735723209282029e-30
446640,0.0,-4.636880148228976e-40,9927.051530792354,0.9967586640797594,1.5734174628608512e-30
446700,0.0,-4.636423592444022e-40,9927.051530792354,0.9967586640797594,1.5732626047934993e-30
446760,0.0,-4.635967036659068e-40,9927.051530792354,0.9967586640797594,1.5731077467261475e-30
446820,0.0,-4.635510480874113e-40,9927.051530792354,0.9967586640797594,1.5729528886587955e-30
446880,0.0,-4.635053925089159e-40,9927.051530792354,0.9967586640797594,1.5727980305914437e-30
446940,0.0,-4.634597369304205e-40,9927.051530792354,0.9967586640797594,1.5726431725240921e-30
447000,0.0,-4.63414081351925e-40,9927.051530792354,0.9967586640797594,1.5724883144567401e-30
447060,0.0,-4.633684257734296e-40,9927.051530792354,0.9967586640797594,1.5723334563893883e-30
447120,0.0,-4.633227701949342e-40,9927.051530792354,0.9967586640797594,1.5721785983220365e-30
447180,0.0,-4.632771146164388e-40,9927.051530792354,0.9967586640797594,1.5720237402546846e-30
447240,0.0,-4.632314590379434e-40,9927.051530792354,0.9967586640797594,1.571868882187333e-30
447300,0.0,-4.63185803459448e-40,9927.051530792354,0.9967586640797594,1.5717140241199812e-30
447360,0.0,-4.631401478809525e-40,9927.051530792354,0.9967586640797594,1.5715591660526292e-30
447420,0.0,-4.630944923024571e-40,9927.051530792354,0.9967586640797594,1.5714043079852776e-30
447480,0.0,-4.630488367239617e-40,9927.051530792354,0.9967586640797594,1.5712494499179258e-30
447540,0.0,-4.630031811454662e-40,9927.051530792354,0.9967586640797594,1.5710945918505738e-30
447600,0.0,-4.629575255669708e-40,9927.051530792354,0.9967586640797594,1.570939733783222e-30
447660,0.0,-4.629118699884755e-40,9927.051530792354,0.9967586640797594,1.5707848757158704e-30
447720,0.0,-4.6286621440998e-40,9927.051530792354,0.9967586640797594,1.5706300176485184e-30
447780,0.0,-4.628205588314846e-40,9927.051530792354,0.9967586640797594,1.5704751595811667e-30
447840,0.0,-4.6277490325298915e-40,9927.051530792354,0.9967586640797594,1.5703203015138147e-30
447900,0.0,-4.627292476744937e-40,9927.051530792354,0.9967586640797594,1.5701654434464629e-30
447960,0.0,-4.626835920959983e-40,9927.051530792354,0.9967586640797594,1.5700105853791113e-30
448020,0.0,-4.626379365175028e-40,9927.051530792354,0.9967586640797594,1.5698557273117593e-30
448080,0.0,-4.625922809390075e-40,9927.051530792354,0.9967586640797594,1.5697008692444075e-30
448140,0.0,-4.625466253605121e-40,9927.051530792354,0.9967586640797594,1.5695460111770557e-30
448200,0.0,-4.625009697820166e-40,9927.051530792354,0.9967586640797594,1.5693911531097038e-30
448260,0.0,-4.624553142035212e-40,9927.051530792354,0.9967586640797594,1.5692362950423521e-30
448320,0.0,-4.6240965862502576e-40,9927.051530792354,0.9967586640797594,1.5690814369750003e-30
448380,0.0,-4.6236400304653034e-40,9927.051530792354,0.9967586640797594,1.5689265789076484e-30
448440,0.0,-4.623183474680349e-40,9927.051530792354,0.9967586640797594,1.5687717208402968e-30
448500,0.0,-4.622726918895395e-40,9927.051530792354,0.9967586640797594,1.568616862772945e-30
448560,0.0,-4.622270363110441e-40,9927.051530792354,0.9967586640797594,1.568462004705593e-30
448620,0.0,-4.621813807325487e-40,9927.051530792354,0.9967586640797594,1.5683071466382412e-30
448680,0.0,-4.621357251540533e-40,9927.051530792354,0.9967586640797594,1.5681522885708896e-30
448740,0.0,-4.620900695755578e-40,9927.051530792354,0.9967586640797594,1.5679974305035376e-30
448800,0.0,-4.6204441399706244e-40,9927.051530792354,0.9967586640797594,1.5678425724361858e-30
448860,0.0,-4.6199875841856695e-40,9927.051530792354,0.9967586640797594,1.5676877143688339e-30
448920,0.0,-4.619531028400715e-40,9927.051530792354,0.9967586640797594,1.567532856301482e-30
448980,0.0,-4.619074472615761e-40,9927.051530792354,0.9967586640797594,1.5673779982341305e-30
449040,0.0,-4.618617916830807e-40,9927.051530792354,0.9967586640797594,1.5672231401667785e-30
449100,0.0,-4.618161361045853e-40,9927.051530792354,0.9967586640797594,1.5670682820994267e-30
449160,0.0,-4.617704805260899e-40,9927.051530792354,0.9967586640797594,1.5669134240320749e-30
449220,0.0,-4.617248249475945e-40,9927.051530792354,0.9967586640797594,1.566758565964723e-30
449280,0.0,-4.6167916936909905e-40,9927.051530792354,0.9967586640797594,1.5666037078973713e-30
449340,0.0,-4.616335137906036e-40,9927.051530792354,0.9967586640797594,1.5664488498300195e-30
449400,0.0,-4.615878582121081e-40,9927.051530792354,0.9967586640797594,1.5662939917626676e-30
449460,0.0,-4.615422026336127e-40,9927.051530792354,0.9967586640797594,1.566139133695316e-30
449520,0.0,-4.614965470551174e-40,9927.051530792354,0.9967586640797594,1.5659842756279641e-30
449580,0.0,-4.614508914766219e-40,9927.051530792354,0.9967586640797594,1.5658294175606122e-30
449640,0.0,-4.614052358981265e-40,9927.051530792354,0.9967586640797594,1.5656745594932604e-30
449700,0.0,-4.613595803196311e-40,9927.051530792354,0.9967586640797594,1.5655197014259088e-30
449760,0.0,-4.6131392474113565e-40,9927.051530792354,0.9967586640797594,1.5653648433585568e-30
449820,0.0,-4.612682691626402e-40,9927.051530792354,0.9967586640797594,1.565209985291205e-30
449880,0.0,-4.612226135841447e-40,9927.051530792354,0.9967586640797594,1.565055127223853e-30
449940,0.0,-4.611769580056494e-40,9927.051530792354,0.9967586640797594,1.5649002691565012e-30
450000,0.0,-4.61131302427154e-40,9927.051530792354,0.9967586640797594,1.5647454110891496e-30
450060,0.0,-4.610856468486585e-40,9927.051530792354,0.9967586640797594,1.5645905530217977e-30
450120,0.0,-4.610399912701631e-40,9927.051530792354,0.9967586640797594,1.5644356949544459e-30
450180,0.0,-4.6099433569166775e-40,9927.051530792354,0.9967586640797594,1.564280836887094e-30
450240,0.0,-4.6094868011317225e-40,9927.051530792354,0.9967586640797594,1.5641259788197421e-30
450300,0.0,-4.609030245346768e-40,9927.051530792354,0.9967586640797594,1.5639711207523905e-30
450360,0.0,-4.608573689561814e-40,9927.051530792354,0.9967586640797594,1.5638162626850387e-30
450420,0.0,-4.60811713377686e-40,9927.051530792354,0.9967586640797594,1.5636614046176867e-30
450480,0.0,-4.607660577991906e-40,9927.051530792354,0.9967586640797594,1.5635065465503351e-30
450540,0.0,-4.607204022206952e-40,9927.051530792354,0.9967586640797594,1.5633516884829833e-30
450600,0.0,-4.606747466421997e-40,9927.051530792354,0.9967586640797594,1.5631968304156314e-30
450660,0.0,-4.6062909106370435e-40,9927.051530792354,0.9967586640797594,1.5630419723482796e-30
450720,0.0,-4.605834354852089e-40,9927.051530792354,0.9967586640797594,1.562887114280928e-30
450780,0.0,-4.6053777990671344e-40,9927.051530792354,0.9967586640797594,1.562732256213576e-30
450840,0.0,-4.60492124328218e-40,9927.051530792354,0.9967586640797594,1.5625773981462242e-30
450900,0.0,-4.604464687497226e-40,9927.051530792354,0.9967586640797594,1.5624225400788722e-30
450960,0.0,-4.604008131712272e-40,9927.051530792354,0.9967586640797594,1.5622676820115204e-30
451020,0.0,-4.603551575927318e-40,9927.051530792354,0.9967586640797594,1.5621128239441688e-30
451080,0.0,-4.603095020142364e-40,9927.051530792354,0.9967586640797594,1.5619579658768168e-30
451140,0.0,-4.6026384643574096e-40,9927.051530792354,0.9967586640797594,1.561803107809465e-30
451200,0.0,-4.6021819085724554e-40,9927.051530792354,0.9967586640797594,1.5616482497421133e-30
451260,0.0,-4.6017253527875005e-40,9927.051530792354,0.9967586640797594,1.5614933916747613e-30
451320,0.0,-4.601268797002547e-40,9927.051530792354,0.9967586640797594,1.5613385336074097e-30
451380,0.0,-4.600812241217593e-40,9927.051530792354,0.9967586640797594,1.5611836755400579e-30
451440,0.0,-4.600355685432638e-40,9927.051530792354,0.9967586640797594,1.5610288174727059e-30
451500,0.0,-4.599899129647684e-40,9927.051530792354,0.9967586640797594,1.5608739594053543e-30
451560,0.0,-4.5994425738627306e-40,9927.051530792354,0.9967586640797594,1.5607191013380025e-30
451620,0.0,-4.598986018077776e-40,9927.051530792354,0.9967586640797594,1.5605642432706505e-30
451680,0.0,-4.5985294622928215e-40,9927.051530792354,0.9967586640797594,1.5604093852032987e-30
451740,0.0,-4.598072906507867e-40,9927.051530792354,0.9967586640797594,1.5602545271359471e-30
451800,0.0,-4.597616350722913e-40,9927.051530792354,0.9967586640797594,1.5600996690685952e-30
451860,0.0,-4.597159794937959e-40,9927.051530792354,0.9967586640797594,1.5599448110012434e-30
451920,0.0,-4.596703239153004e-40,9927.051530792354,0.9967586640797594,1.5597899529338914e-30
451980,0.0,-4.59624668336805e-40,9927.051530792354,0.9967586640797594,1.5596350948665396e-30
452040,0.0,-4.595790127583097e-40,9927.051530792354,0.9967586640797594,1.559480236799188e-30
452100,0.0,-4.595333571798142e-40,9927.051530792354,0.9967586640797594,1.559325378731836e-30
452160,0.0,-4.5948770160131875e-40,9927.051530792354,0.9967586640797594,1.5591705206644842e-30
452220,0.0,-4.594420460228233e-40,9927.051530792354,0.9967586640797594,1.5590156625971324e-30
452280,0.0,-4.593963904443279e-40,9927.051530792354,0.9967586640797594,1.5588608045297805e-30
452340,0.0,-4.593507348658325e-40,9927.051530792354,0.9967586640797594,1.5587059464624288e-30
452400,0.0,-4.593050792873371e-40,9927.051530792354,0.9967586640797594,1.558551088395077e-30
452460,0.0,-4.592594237088417e-40,9927.051530792354,0.9967586640797594,1.558396230327725e-30
452520,0.0,-4.592137681303463e-40,9927.051530792354,0.9967586640797594,1.5582413722603735e-30
452580,0.0,-4.5916811255185085e-40,9927.051530792354,0.9967586640797594,1.5580865141930217e-30
452640,0.0,-4.5912245697335535e-40,9927.051530792354,0.9967586640797594,1.5579316561256697e-30
452700,0.0,-4.5907680139486e-40,9927.051530792354,0.9967586640797594,1.557776798058318e-30
452760,0.0,-4.590311458163646e-40,9927.051530792354,0.9967586640797594,1.5576219399909663e-30
452820,0.0,-4.589854902378691e-40,9927.051530792354,0.9967586640797594,1.5574670819236143e-30
452880,0.0,-4.589398346593737e-40,9927.051530792354,0.9967586640797594,1.5573122238562625e-30
452940,0.0,-4.588941790808783e-40,9927.051530792354,0.9967586640797594,1.5571573657889107e-30
453000,0.0,-4.588485235023829e-40,9927.051530792354,0.9967586640797594,1.5570025077215588e-30
453060,0.0,-4.5880286792388745e-40,9927.051530792354,0.9967586640797594,1.5568476496542072e-30
453120,0.0,-4.5875721234539196e-40,9927.051530792354,0.9967586640797594,1.5566927915868552e-30
453180,0.0,-4.587115567668966e-40,9927.051530792354,0.9967586640797594,1.5565379335195034e-30
453240,0.0,-4.586659011884012e-40,9927.051530792354,0.9967586640797594,1.5563830754521516e-30
453300,0.0,-4.586202456099057e-40,9927.051530792354,0.9967586640797594,1.5562282173847996e-30
453360,0.0,-4.585745900314103e-40,9927.051530792354,0.9967586640797594,1.556073359317448e-30
453420,0.0,-4.58528934452915e-40,9927.051530792354,0.9967586640797594,1.5559185012500962e-30
453480,0.0,-4.584832788744195e-40,9927.051530792354,0.9967586640797594,1.5557636431827443e-30
453540,0.0,-4.5843762329592406e-40,9927.051530792354,0.9967586640797594,1.5556087851153926e-30
453600,0.0,-4.5839196771742864e-40,9927.051530792354,0.9967586640797594,1.5554539270480409e-30
453660,0.0,-4.583463121389332e-40,9927.051530792354,0.9967586640797594,1.5552990689806889e-30
453720,0.0,-4.583006565604378e-40,9927.051530792354,0.9967586640797594,1.5551442109133371e-30
453780,0.0,-4.582550009819424e-40,9927.051530792354,0.9967586640797594,1.5549893528459855e-30
453840,0.0,-4.58209345403447e-40,9927.051530792354,0.9967586640797594,1.5548344947786335e-30
453900,0.0,-4.581636898249516e-40,9927.051530792354,0.9967586640797594,1.5546796367112817e-30
453960,0.0,-4.5811803424645616e-40,9927.051530792354,0.9967586640797594,1.55452477864393e-30
454020,0.0,-4.580723786679607e-40,9927.051530792354,0.9967586640797594,1.554369920576578e-30
454080,0.0,-4.5802672308946525e-40,9927.051530792354,0.9967586640797594,1.5542150625092263e-30
454140,0.0,-4.579810675109698e-40,9927.051530792354,0.9967586640797594,1.5540602044418744e-30
454200,0.0,-4.579354119324744e-40,9927.051530792354,0.9967586640797594,1.5539053463745226e-30
454260,0.0,-4.57889756353979e-40,9927.051530792354,0.9967586640797594,1.5537504883071708e-30
454320,0.0,-4.578441007754836e-40,9927.051530792354,0.9967586640797594,1.5535956302398188e-30
454380,0.0,-4.577984451969882e-40,9927.051530792354,0.9967586640797594,1.5534407721724672e-30
454440,0.0,-4.577527896184928e-40,9927.051530792354,0.9967586640797594,1.5532859141051154e-30
454500,0.0,-4.577071340399973e-40,9927.051530792354,0.9967586640797594,1.5531310560377634e-30
454560,0.0,-4.576614784615019e-40,9927.051530792354,0.9967586640797594,1.5529761979704118e-30
454620,0.0,-4.576158228830065e-40,9927.051530792354,0.9967586640797594,1.55282133990306e-30
454680,0.0,-4.57570167304511e-40,9927.051530792354,0.9967586640797594,1.552666481835708e-30
454740,0.0,-4.575245117260156e-40,9927.051530792354,0.9967586640797594,1.5525116237683563e-30
454800,0.0,-4.574788561475203e-40,9927.051530792354,0.9967586640797594,1.5523567657010047e-30
454860,0.0,-4.574332005690248e-40,9927.051530792354,0.9967586640797594,1.5522019076336527e-30
454920,0.0,-4.573875449905294e-40,9927.051530792354,0.9967586640797594,1.5520470495663009e-30
454980,0.0,-4.5734188941203395e-40,9927.051530792354,0.9967586640797594,1.5518921914989491e-30
455040,0.0,-4.572962338335385e-40,9927.051530792354,0.9967586640797594,1.5517373334315971e-30
455100,0.0,-4.572505782550431e-40,9927.051530792354,0.9967586640797594,1.5515824753642455e-30
455160,0.0,-4.572049226765476e-40,9927.051530792354,0.9967586640797594,1.5514276172968935e-30
455220,0.0,-4.571592670980522e-40,9927.051530792354,0.9967586640797594,1.5512727592295418e-30
455280,0.0,-4.571136115195569e-40,9927.051530792354,0.9967586640797594,1.55111790116219e-30
455340,0.0,-4.570679559410614e-40,9927.051530792354,0.9967586640797594,1.550963043094838e-30
455400,0.0,-4.57022300362566e-40,9927.051530792354,0.9967586640797594,1.5508081850274864e-30
455460,0.0,-4.5697664478407056e-40,9927.051530792354,0.9967586640797594,1.5506533269601346e-30
455520,0.0,-4.5693098920557514e-40,9927.051530792354,0.9967586640797594,1.5504984688927826e-30
455580,0.0,-4.568853336270797e-40,9927.051530792354,0.9967586640797594,1.550343610825431e-30
455640,0.0,-4.568396780485843e-40,9927.051530792354,0.9967586640797594,1.5501887527580792e-30
455700,0.0,-4.567940224700889e-40,9927.051530792354,0.9967586640797594,1.5500338946907272e-30
455760,0.0,-4.567483668915935e-40,9927.051530792354,0.9967586640797594,1.5498790366233754e-30
455820,0.0,-4.567027113130981e-40,9927.051530792354,0.9967586640797594,1.5497241785560238e-30
455880,0.0,-4.566570557346026e-40,9927.051530792354,0.9967586640797594,1.5495693204886719e-30
455940,0.0,-4.5661140015610724e-40,9927.051530792354,0.9967586640797594,1.54941446242132e-30
456000,0.0,-4.565657445776118e-40,9927.051530792354,0.9967586640797594,1.5492596043539683e-30
456060,0.0,-4.565200889991163e-40,9927.051530792354,0.9967586640797594,1.5491047462866163e-30
456120,0.0,-4.564744334206209e-40,9927.051530792354,0.9967586640797594,1.5489498882192647e-30
456180,0.0,-4.564287778421255e-40,9927.051530792354,0.9967586640797594,1.5487950301519127e-30
456240,0.0,-4.563831222636301e-40,9927.051530792354,0.9967586640797594,1.548640172084561e-30
456300,0.0,-4.563374666851347e-40,9927.051530792354,0.9967586640797594,1.5484853140172091e-30
456360,0.0,-4.562918111066392e-40,9927.051530792354,0.9967586640797594,1.5483304559498572e-30
456420,0.0,-4.5624615552814385e-40,9927.051530792354,0.9967586640797594,1.5481755978825056e-30
456480,0.0,-4.562004999496484e-40,9927.051530792354,0.9967586640797594,1.5480207398151538e-30
456540,0.0,-4.561548443711529e-40,9927.051530792354,0.9967586640797594,1.5478658817478018e-30
456600,0.0,-4.561091887926575e-40,9927.051530792354,0.9967586640797594,1.5477110236804502e-30
456660,0.0,-4.560635332141622e-40,9927.051530792354,0.9967586640797594,1.5475561656130984e-30
456720,0.0,-4.560178776356667e-40,9927.051530792354,0.9967586640797594,1.5474013075457464e-30
456780,0.0,-4.559722220571713e-40,9927.051530792354,0.9967586640797594,1.5472464494783946e-30
456840,0.0,-4.559265664786759e-40,9927.051530792354,0.9967586640797594,1.547091591411043e-30
456900,0.0,-4.5588091090018045e-40,9927.051530792354,0.9967586640797594,1.546936733343691e-30
456960,0.0,-4.55835255321685e-40,9927.051530792354,0.9967586640797594,1.5467818752763392e-30
457020,0.0,-4.557895997431896e-40,9927.051530792354,0.9967586640797594,1.5466270172089875e-30
457080,0.0,-4.557439441646942e-40,9927.051530792354,0.9967586640797594,1.5464721591416355e-30
457140,0.0,-4.556982885861988e-40,9927.051530792354,0.9967586640797594,1.5463173010742839e-30
457200,0.0,-4.556526330077033e-40,9927.051530792354,0.9967586640797594,1.5461624430069319e-30
457260,0.0,-4.556069774292079e-40,9927.051530792354,0.9967586640797594,1.5460075849395801e-30
457320,0.0,-4.5556132185071255e-40,9927.051530792354,0.9967586640797594,1.5458527268722283e-30
457380,0.0,-4.5551566627221705e-40,9927.051530792354,0.9967586640797594,1.5456978688048763e-30
457440,0.0,-4.554700106937216e-40,9927.051530792354,0.9967586640797594,1.5455430107375247e-30
457500,0.0,-4.554243551152262e-40,9927.051530792354,0.9967586640797594,1.545388152670173e-30
457560,0.0,-4.553786995367308e-40,9927.051530792354,0.9967586640797594,1.545233294602821e-30
457620,0.0,-4.553330439582354e-40,9927.051530792354,0.9967586640797594,1.5450784365354694e-30
457680,0.0,-4.5528738837974e-40,9927.051530792354,0.9967586640797594,1.5449235784681176e-30
457740,0.0,-4.552417328012445e-40,9927.051530792354,0.9967586640797594,1.5447687204007656e-30
457800,0.0,-4.5519607722274915e-40,9927.051530792354,0.9967586640797594,1.5446138623334138e-30
457860,0.0,-4.551504216442537e-40,9927.051530792354,0.9967586640797594,1.5444590042660622e-30
457920,0.0,-4.5510476606575824e-40,9927.051530792354,0.9967586640797594,1.5443041461987102e-30
457980,0.0,-4.550591104872628e-40,9927.051530792354,0.9967586640797594,1.5441492881313584e-30
458040,0.0,-4.550134549087675e-40,9927.051530792354,0.9967586640797594,1.5439944300640066e-30
458100,0.0,-4.54967799330272e-40,9927.051530792354,0.9967586640797594,1.5438395719966547e-30
458160,0.0,-4.549221437517766e-40,9927.051530792354,0.9967586640797594,1.543684713929303e-30
458220,0.0,-4.548764881732812e-40,9927.051530792354,0.9967586640797594,1.543529855861951e-30
458280,0.0,-4.5483083259478576e-40,9927.051530792354,0.9967586640797594,1.5433749977945993e-30
458340,0.0,-4.5478517701629034e-40,9927.051530792354,0.9967586640797594,1.5432201397272475e-30
458400,0.0,-4.5473952143779485e-40,9927.051530792354,0.9967586640797594,1.5430652816598955e-30
458460,0.0,-4.546938658592995e-40,9927.051530792354,0.9967586640797594,1.5429104235925439e-30
458520,0.0,-4.546482102808041e-40,9927.051530792354,0.9967586640797594,1.5427555655251921e-30
458580,0.0,-4.546025547023086e-40,9927.051530792354,0.9967586640797594,1.5426007074578401e-30
458640,0.0,-4.545568991238132e-40,9927.051530792354,0.9967586640797594,1.5424458493904885e-30
458700,0.0,-4.545112435453178e-40,9927.051530792354,0.9967586640797594,1.5422909913231367e-30
458760,0.0,-4.544655879668224e-40,9927.051530792354,0.9967586640797594,1.5421361332557848e-30
458820,0.0,-4.5441993238832695e-40,9927.051530792354,0.9967586640797594,1.541981275188433e-30
458880,0.0,-4.543742768098315e-40,9927.051530792354,0.9967586640797594,1.5418264171210814e-30
458940,0.0,-4.543286212313361e-40,9927.051530792354,0.9967586640797594,1.5416715590537294e-30
459000,0.0,-4.542829656528407e-40,9927.051530792354,0.9967586640797594,1.5415167009863776e-30
459060,0.0,-4.542373100743453e-40,9927.051530792354,0.9967586640797594,1.5413618429190258e-30
459120,0.0,-4.541916544958498e-40,9927.051530792354,0.9967586640797594,1.5412069848516738e-30
459180,0.0,-4.541459989173545e-40,9927.051530792354,0.9967586640797594,1.5410521267843222e-30
459240,0.0,-4.54100343338859e-40,9927.051530792354,0.9967586640797594,1.5408972687169703e-30
459300,0.0,-4.5405468776036355e-40,9927.051530792354,0.9967586640797594,1.5407424106496185e-30
459360,0.0,-4.540090321818681e-40,9927.051530792354,0.9967586640797594,1.5405875525822667e-30
459420,0.0,-4.539633766033727e-40,9927.051530792354,0.9967586640797594,1.5404326945149147e-30
459480,0.0,-4.539177210248773e-40,9927.051530792354,0.9967586640797594,1.540277836447563e-30
459540,0.0,-4.538720654463819e-40,9927.051530792354,0.9967586640797594,1.5401229783802113e-30
459600,0.0,-4.538264098678864e-40,9927.051530792354,0.9967586640797594,1.5399681203128593e-30
459660,0.0,-4.537807542893911e-40,9927.051530792354,0.9967586640797594,1.5398132622455077e-30
459720,0.0,-4.5373509871089565e-40,9927.051530792354,0.9967586640797594,1.539658404178156e-30
459780,0.0,-4.5368944313240015e-40,9927.051530792354,0.9967586640797594,1.539503546110804e-30
459840,0.0,-4.536437875539047e-40,9927.051530792354,0.9967586640797594,1.5393486880434522e-30
459900,0.0,-4.535981319754094e-40,9927.051530792354,0.9967586640797594,1.5391938299761005e-30
459960,0.0,-4.535524763969139e-40,9927.051530792354,0.9967586640797594,1.5390389719087486e-30
460020,0.0,-4.535068208184185e-40,9927.051530792354,0.9967586640797594,1.5388841138413968e-30
460080,0.0,-4.534611652399231e-40,9927.051530792354,0.9967586640797594,1.538729255774045e-30
460140,0.0,-4.534155096614277e-40,9927.051530792354,0.9967586640797594,1.538574397706693e-30
460200,0.0,-4.5336985408293225e-40,9927.051530792354,0.9967586640797594,1.5384195396393414e-30
460260,0.0,-4.5332419850443676e-40,9927.051530792354,0.9967586640797594,1.5382646815719894e-30
460320,0.0,-4.532785429259414e-40,9927.051530792354,0.9967586640797594,1.5381098235046376e-30
460380,0.0,-4.53232887347446e-40,9927.051530792354,0.9967586640797594,1.5379549654372858e-30
460440,0.0,-4.531872317689505e-40,9927.051530792354,0.9967586640797594,1.5378001073699339e-30
460500,0.0,-4.531415761904551e-40,9927.051530792354,0.9967586640797594,1.5376452493025823e-30
460560,0.0,-4.530959206119598e-40,9927.051530792354,0.9967586640797594,1.5374903912352305e-30
460620,0.0,-4.530502650334643e-40,9927.051530792354,0.9967586640797594,1.5373355331678785e-30
460680,0.0,-4.5300460945496886e-40,9927.051530792354,0.9967586640797594,1.5371806751005269e-30
460740,0.0,-4.5295895387647344e-40,9927.051530792354,0.9967586640797594,1.5370258170331751e-30
460800,0.0,-4.52913298297978e-40,9927.051530792354,0.9967586640797594,1.5368709589658231e-30
460860,0.0,-4.528676427194826e-40,9927.051530792354,0.9967586640797594,1.5367161008984713e-30
460920,0.0,-4.528219871409872e-40,9927.051530792354,0.9967586640797594,1.5365612428311197e-30
460980,0.0,-4.527763315624917e-40,9927.051530792354,0.9967586640797594,1.5364063847637677e-30
461040,0.0,-4.527306759839964e-40,9927.051530792354,0.9967586640797594,1.536251526696416e-30
461100,0.0,-4.5268502040550096e-40,9927.051530792354,0.9967586640797594,1.5360966686290642e-30
461160,0.0,-4.526393648270055e-40,9927.051530792354,0.9967586640797594,1.5359418105617122e-30
461220,0.0,-4.5259370924851005e-40,9927.051530792354,0.9967586640797594,1.5357869524943606e-30
461280,0.0,-4.525480536700146e-40,9927.051530792354,0.9967586640797594,1.5356320944270086e-30
461340,0.0,-4.525023980915192e-40,9927.051530792354,0.9967586640797594,1.5354772363596568e-30
461400,0.0,-4.524567425130238e-40,9927.051530792354,0.9967586640797594,1.535322378292305e-30
461460,0.0,-4.524110869345284e-40,9927.051530792354,0.9967586640797594,1.535167520224953e-30
461520,0.0,-4.52365431356033e-40,9927.051530792354,0.9967586640797594,1.5350126621576014e-30
461580,0.0,-4.523197757775376e-40,9927.051530792354,0.9967586640797594,1.5348578040902496e-30
461640,0.0,-4.522741201990421e-40,9927.051530792354,0.9967586640797594,1.5347029460228977e-30
461700,0.0,-4.522284646205467e-40,9927.051530792354,0.9967586640797594,1.534548087955546e-30
461760,0.0,-4.521828090420513e-40,9927.051530792354,0.9967586640797594,1.5343932298881943e-30
461820,0.0,-4.521371534635558e-40,9927.051530792354,0.9967586640797594,1.5342383718208423e-30
461880,0.0,-4.520914978850604e-40,9927.051530792354,0.9967586640797594,1.5340835137534905e-30
461940,0.0,-4.520458423065651e-40,9927.051530792354,0.9967586640797594,1.5339286556861389e-30
462000,0.0,-4.520001867280696e-40,9927.051530792354,0.9967586640797594,1.533773797618787e-30
462060,0.0,-4.519545311495742e-40,9927.051530792354,0.9967586640797594,1.5336189395514351e-30
462120,0.0,-4.5190887557107875e-40,9927.051530792354,0.9967586640797594,1.5334640814840833e-30
462180,0.0,-4.518632199925833e-40,9927.051530792354,0.9967586640797594,1.5333092234167314e-30
462240,0.0,-4.518175644140879e-40,9927.051530792354,0.9967586640797594,1.5331543653493798e-30
462300,0.0,-4.517719088355924e-40,9927.051530792354,0.9967586640797594,1.5329995072820278e-30
462360,0.0,-4.51726253257097e-40,9927.051530792354,0.9967586640797594,1.532844649214676e-30
462420,0.0,-4.516805976786017e-40,9927.051530792354,0.9967586640797594,1.5326897911473242e-30
462480,0.0,-4.516349421001062e-40,9927.051530792354,0.9967586640797594,1.5325349330799722e-30
462540,0.0,-4.515892865216108e-40,9927.051530792354,0.9967586640797594,1.5323800750126206e-30
462600,0.0,-4.5154363094311536e-40,9927.051530792354,0.9967586640797594,1.5322252169452688e-30
462660,0.0,-4.5149797536461994e-40,9927.051530792354,0.9967586640797594,1.5320703588779169e-30
462720,0.0,-4.514523197861245e-40,9927.051530792354,0.9967586640797594,1.5319155008105652e-30
462780,0.0,-4.514066642076291e-40,9927.051530792354,0.9967586640797594,1.5317606427432134e-30
462840,0.0,-4.513610086291337e-40,9927.051530792354,0.9967586640797594,1.5316057846758615e-30
462900,0.0,-4.513153530506383e-40,9927.051530792354,0.9967586640797594,1.5314509266085097e-30
462960,0.0,-4.512696974721429e-40,9927.051530792354,0.9967586640797594,1.531296068541158e-30
463020,0.0,-4.512240418936474e-40,9927.051530792354,0.9967586640797594,1.5311412104738061e-30
463080,0.0,-4.51178386315152e-40,9927.051530792354,0.9967586640797594,1.5309863524064543e-30
463140,0.0,-4.511327307366566e-40,9927.051530792354,0.9967586640797594,1.5308314943391025e-30
463200,0.0,-4.510870751581611e-40,9927.051530792354,0.9967586640797594,1.5306766362717505e-30
463260,0.0,-4.510414195796657e-40,9927.051530792354,0.9967586640797594,1.530521778204399e-30
463320,0.0,-4.509957640011703e-40,9927.051530792354,0.9967586640797594,1.5303669201370471e-30
463380,0.0,-4.509501084226749e-40,9927.051530792354,0.9967586640797594,1.5302120620696952e-30
463440,0.0,-4.509044528441795e-40,9927.051530792354,0.9967586640797594,1.5300572040023434e-30
463500,0.0,-4.50858797265684e-40,9927.051530792354,0.9967586640797594,1.5299023459349914e-30
463560,0.0,-4.5081314168718864e-40,9927.051530792354,0.9967586640797594,1.5297474878676398e-30
463620,0.0,-4.507674861086932e-40,9927.051530792354,0.9967586640797594,1.529592629800288e-30
463680,0.0,-4.507218305301977e-40,9927.051530792354,0.9967586640797594,1.529437771732936e-30
463740,0.0,-4.506761749517023e-40,9927.051530792354,0.9967586640797594,1.5292829136655844e-30
463800,0.0,-4.50630519373207e-40,9927.051530792354,0.9967586640797594,1.5291280555982326e-30
463860,0.0,-4.505848637947115e-40,9927.051530792354,0.9967586640797594,1.5289731975308807e-30
463920,0.0,-4.505392082162161e-40,9927.051530792354,0.9967586640797594,1.5288183394635289e-30
463980,0.0,-4.504935526377207e-40,9927.051530792354,0.9967586640797594,1.5286634813961772e-30
464040,0.0,-4.5044789705922525e-40,9927.051530792354,0.9967586640797594,1.5285086233288253e-30
464100,0.0,-4.504022414807298e-40,9927.051530792354,0.9967586640797594,1.5283537652614735e-30
464160,0.0,-4.503565859022344e-40,9927.051530792354,0.9967586640797594,1.5281989071941217e-30
464220,0.0,-4.503109303237389e-40,9927.051530792354,0.9967586640797594,1.5280440491267697e-30
464280,0.0,-4.502652747452436e-40,9927.051530792354,0.9967586640797594,1.5278891910594181e-30
464340,0.0,-4.502196191667482e-40,9927.051530792354,0.9967586640797594,1.5277343329920663e-30
464400,0.0,-4.501739635882527e-40,9927.051530792354,0.9967586640797594,1.5275794749247143e-30
464460,0.0,-4.501283080097573e-40,9927.051530792354,0.9967586640797594,1.5274246168573626e-30
464520,0.0,-4.5008265243126185e-40,9927.051530792354,0.9967586640797594,1.5272697587900106e-30
464580,0.0,-4.500369968527664e-40,9927.051530792354,0.9967586640797594,1.527114900722659e-30
464640,0.0,-4.49991341274271e-40,9927.051530792354,0.9967586640797594,1.5269600426553072e-30
464700,0.0,-4.499456856957756e-40,9927.051530792354,0.9967586640797594,1.5268051845879552e-30
464760,0.0,-4.499000301172802e-40,9927.051530792354,0.9967586640797594,1.5266503265206036e-30
464820,0.0,-4.498543745387848e-40,9927.051530792354,0.9967586640797594,1.5264954684532518e-30
464880,0.0,-4.498087189602893e-40,9927.051530792354,0.9967586640797594,1.5263406103858998e-30
464940,0.0,-4.4976306338179395e-40,9927.051530792354,0.9967586640797594,1.526185752318548e-30
465000,0.0,-4.497174078032985e-40,9927.051530792354,0.9967586640797594,1.5260308942511964e-30
465060,0.0,-4.4967175222480304e-40,9927.051530792354,0.9967586640797594,1.5258760361838445e-30
465120,0.0,-4.496260966463076e-40,9927.051530792354,0.9967586640797594,1.5257211781164927e-30
465180,0.0,-4.495804410678123e-40,9927.051530792354,0.9967586640797594,1.5255663200491409e-30
465240,0.0,-4.495347854893168e-40,9927.051530792354,0.9967586640797594,1.5254114619817889e-30
465300,0.0,-4.494891299108214e-40,9927.051530792354,0.9967586640797594,1.5252566039144373e-30
465360,0.0,-4.49443474332326e-40,9927.051530792354,0.9967586640797594,1.5251017458470855e-30
465420,0.0,-4.4939781875383056e-40,9927.051530792354,0.9967586640797594,1.5249468877797335e-30
465480,0.0,-4.4935216317533514e-40,9927.051530792354,0.9967586640797594,1.5247920297123817e-30
465540,0.0,-4.4930650759683965e-40,9927.051530792354,0.9967586640797594,1.5246371716450298e-30
465600,0.0,-4.492608520183442e-40,9927.051530792354,0.9967586640797594,1.5244823135776781e-30
465660,0.0,-4.492151964398489e-40,9927.051530792354,0.9967586640797594,1.5243274555103264e-30
465720,0.0,-4.491695408613534e-40,9927.051530792354,0.9967586640797594,1.5241725974429744e-30
465780,0.0,-4.49123885282858e-40,9927.051530792354,0.9967586640797594,1.5240177393756228e-30
465840,0.0,-4.490782297043626e-40,9927.051530792354,0.9967586640797594,1.523862881308271e-30
465900,0.0,-4.490325741258672e-40,9927.051530792354,0.9967586640797594,1.523708023240919e-30
465960,0.0,-4.4898691854737175e-40,9927.051530792354,0.9967586640797594,1.5235531651735672e-30
466020,0.0,-4.489412629688763e-40,9927.051530792354,0.9967586640797594,1.5233983071062156e-30
466080,0.0,-4.488956073903809e-40,9927.051530792354,0.9967586640797594,1.5232434490388636e-30
466140,0.0,-4.488499518118855e-40,9927.051530792354,0.9967586640797594,1.5230885909715118e-30
466200,0.0,-4.488042962333901e-40,9927.051530792354,0.9967586640797594,1.52293373290416e-30
466260,0.0,-4.487586406548946e-40,9927.051530792354,0.9967586640797594,1.522778874836808e-30
466320,0.0,-4.487129850763993e-40,9927.051530792354,0.9967586640797594,1.5226240167694565e-30
466380,0.0,-4.4866732949790385e-40,9927.051530792354,0.9967586640797594,1.5224691587021047e-30
466440,0.0,-4.4862167391940835e-40,9927.051530792354,0.9967586640797594,1.5223143006347527e-30
466500,0.0,-4.485760183409129e-40,9927.051530792354,0.9967586640797594,1.5221594425674009e-30
466560,0.0,-4.485303627624175e-40,9927.051530792354,0.9967586640797594,1.522004584500049e-30
466620,0.0,-4.484847071839221e-40,9927.051530792354,0.9967586640797594,1.5218497264326973e-30
466680,0.0,-4.484390516054267e-40,9927.051530792354,0.9967586640797594,1.5216948683653455e-30
466740,0.0,-4.483933960269312e-40,9927.051530792354,0.9967586640797594,1.5215400102979936e-30
466800,0.0,-4.483477404484359e-40,9927.051530792354,0.9967586640797594,1.521385152230642e-30
466860,0.0,-4.4830208486994045e-40,9927.051530792354,0.9967586640797594,1.5212302941632902e-30
466920,0.0,-4.4825642929144495e-40,9927.051530792354,0.9967586640797594,1.5210754360959382e-30
466980,0.0,-4.482107737129495e-40,9927.051530792354,0.9967586640797594,1.5209205780285864e-30
467040,0.0,-4.481651181344542e-40,9927.051530792354,0.9967586640797594,1.5207657199612348e-30
467100,0.0,-4.481194625559587e-40,9927.051530792354,0.9967586640797594,1.5206108618938828e-30
467160,0.0,-4.480738069774633e-40,9927.051530792354,0.9967586640797594,1.520456003826531e-30
467220,0.0,-4.480281513989679e-40,9927.051530792354,0.9967586640797594,1.5203011457591792e-30
467280,0.0,-4.479824958204725e-40,9927.051530792354,0.9967586640797594,1.5201462876918273e-30
467340,0.0,-4.4793684024197705e-40,9927.051530792354,0.9967586640797594,1.5199914296244756e-30
467400,0.0,-4.478911846634816e-40,9927.051530792354,0.9967586640797594,1.5198365715571238e-30
467460,0.0,-4.478455290849862e-40,9927.051530792354,0.9967586640797594,1.5196817134897719e-30
467520,0.0,-4.477998735064908e-40,9927.051530792354,0.9967586640797594,1.51952685542242e-30
467580,0.0,-4.477542179279953e-40,9927.051530792354,0.9967586640797594,1.5193719973550681e-30
467640,0.0,-4.477085623494999e-40,9927.051530792354,0.9967586640797594,1.5192171392877165e-30
467700,0.0,-4.476629067710045e-40,9927.051530792354,0.9967586640797594,1.5190622812203647e-30
467760,0.0,-4.476172511925091e-40,9927.051530792354,0.9967586640797594,1.5189074231530127e-30
467820,0.0,-4.4757159561401366e-40,9927.051530792354,0.9967586640797594,1.5187525650856611e-30
467880,0.0,-4.4752594003551824e-40,9927.051530792354,0.9967586640797594,1.5185977070183093e-30
467940,0.0,-4.474802844570228e-40,9927.051530792354,0.9967586640797594,1.5184428489509574e-30
468000,0.0,-4.474346288785274e-40,9927.051530792354,0.9967586640797594,1.5182879908836056e-30
468060,0.0,-4.47388973300032e-40,9927.051530792354,0.9967586640797594,1.518133132816254e-30
468120,0.0,-4.473433177215365e-40,9927.051530792354,0.9967586640797594,1.517978274748902e-30
468180,0.0,-4.472976621430412e-40,9927.051530792354,0.9967586640797594,1.5178234166815502e-30
468240,0.0,-4.4725200656454576e-40,9927.051530792354,0.9967586640797594,1.5176685586141984e-30
468300,0.0,-4.472063509860503e-40,9927.051530792354,0.9967586640797594,1.5175137005468464e-30
468360,0.0,-4.4716069540755485e-40,9927.051530792354,0.9967586640797594,1.5173588424794948e-30
468420,0.0,-4.471150398290595e-40,9927.051530792354,0.9967586640797594,1.517203984412143e-30
468480,0.0,-4.47069384250564e-40,9927.051530792354,0.9967586640797594,1.517049126344791e-30
468540,0.0,-4.470237286720686e-40,9927.051530792354,0.9967586640797594,1.5168942682774393e-30
468600,0.0,-4.469780730935732e-40,9927.051530792354,0.9967586640797594,1.5167394102100873e-30
468660,0.0,-4.469324175150778e-40,9927.051530792354,0.9967586640797594,1.5165845521427357e-30
468720,0.0,-4.468867619365824e-40,9927.051530792354,0.9967586640797594,1.5164296940753839e-30
468780,0.0,-4.468411063580869e-40,9927.051530792354,0.9967586640797594,1.516274836008032e-30
468840,0.0,-4.4679545077959145e-40,9927.051530792354,0.9967586640797594,1.5161199779406803e-30
468900,0.0,-4.467497952010961e-40,9927.051530792354,0.9967586640797594,1.5159651198733285e-30
468960,0.0,-4.467041396226006e-40,9927.051530792354,0.9967586640797594,1.5158102618059765e-30
469020,0.0,-4.466584840441052e-40,9927.051530792354,0.9967586640797594,1.5156554037386247e-30
469080,0.0,-4.466128284656098e-40,9927.051530792354,0.9967586640797594,1.5155005456712731e-30
469140,0.0,-4.465671728871144e-40,9927.051530792354,0.9967586640797594,1.5153456876039212e-30
469200,0.0,-4.46521517308619e-40,9927.051530792354,0.9967586640797594,1.5151908295365694e-30
469260,0.0,-4.4647586173012355e-40,9927.051530792354,0.9967586640797594,1.5150359714692176e-30
469320,0.0,-4.464302061516281e-40,9927.051530792354,0.9967586640797594,1.5148811134018656e-30
469380,0.0,-4.463845505731327e-40,9927.051530792354,0.9967586640797594,1.514726255334514e-30
469440,0.0,-4.463388949946373e-40,9927.051530792354,0.9967586640797594,1.5145713972671622e-30
469500,0.0,-4.462932394161418e-40,9927.051530792354,0.9967586640797594,1.5144165391998102e-30
469560,0.0,-4.462475838376465e-40,9927.051530792354,0.9967586640797594,1.5142616811324584e-30
469620,0.0,-4.46201928259151e-40,9927.051530792354,0.9967586640797594,1.5141068230651065e-30
469680,0.0,-4.461562726806556e-40,9927.051530792354,0.9967586640797594,1.5139519649977549e-30
469740,0.0,-4.4611061710216016e-40,9927.051530792354,0.9967586640797594,1.513797106930403e-30
469800,0.0,-4.4606496152366474e-40,9927.051530792354,0.9967586640797594,1.5136422488630511e-30
469860,0.0,-4.460193059451693e-40,9927.051530792354,0.9967586640797594,1.5134873907956995e-30
469920,0.0,-4.459736503666739e-40,9927.051530792354,0.9967586640797594,1.5133325327283477e-30
469980,0.0,-4.459279947881784e-40,9927.051530792354,0.9967586640797594,1.5131776746609957e-30
470040,0.0,-4.458823392096831e-40,9927.051530792354,0.9967586640797594,1.513022816593644e-30
470100,0.0,-4.458366836311877e-40,9927.051530792354,0.9967586640797594,1.5128679585262923e-30
470160,0.0,-4.457910280526922e-40,9927.051530792354,0.9967586640797594,1.5127131004589403e-30
470220,0.0,-4.4574537247419676e-40,9927.051530792354,0.9967586640797594,1.5125582423915885e-30
470280,0.0,-4.456997168957014e-40,9927.051530792354,0.9967586640797594,1.5124033843242368e-30
470340,0.0,-4.456540613172059e-40,9927.051530792354,0.9967586640797594,1.5122485262568848e-30
470400,0.0,-4.456084057387105e-40,9927.051530792354,0.9967586640797594,1.5120936681895332e-30
470460,0.0,-4.455627501602151e-40,9927.051530792354,0.9967586640797594,1.5119388101221814e-30
470520,0.0,-4.455170945817197e-40,9927.051530792354,0.9967586640797594,1.5117839520548294e-30
470580,0.0,-4.454714390032243e-40,9927.051530792354,0.9967586640797594,1.5116290939874776e-30
470640,0.0,-4.454257834247288e-40,9927.051530792354,0.9967586640797594,1.5114742359201256e-30
470700,0.0,-4.4538012784623344e-40,9927.051530792354,0.9967586640797594,1.511319377852774e-30
470760,0.0,-4.45334472267738e-40,9927.051530792354,0.9967586640797594,1.5111645197854222e-30
470820,0.0,-4.452888166892425e-40,9927.051530792354,0.9967586640797594,1.5110096617180703e-30
470880,0.0,-4.452431611107471e-40,9927.051530792354,0.9967586640797594,1.5108548036507187e-30
470940,0.0,-4.451975055322518e-40,9927.051530792354,0.9967586640797594,1.5106999455833669e-30
471000,0.0,-4.451518499537563e-40,9927.051530792354,0.9967586640797594,1.5105450875160149e-30
471060,0.0,-4.451061943752609e-40,9927.051530792354,0.9967586640797594,1.5103902294486631e-30
471120,0.0,-4.450605387967655e-40,9927.051530792354,0.9967586640797594,1.5102353713813115e-30
471180,0.0,-4.4501488321827005e-40,9927.051530792354,0.9967586640797594,1.5100805133139595e-30
471240,0.0,-4.449692276397746e-40,9927.051530792354,0.9967586640797594,1.5099256552466077e-30
471300,0.0,-4.449235720612792e-40,9927.051530792354,0.9967586640797594,1.509770797179256e-30
471360,0.0,-4.448779164827837e-40,9927.051530792354,0.9967586640797594,1.509615939111904e-30
471420,0.0,-4.448322609042884e-40,9927.051530792354,0.9967586640797594,1.5094610810445523e-30
471480,0.0,-4.44786605325793e-40,9927.051530792354,0.9967586640797594,1.5093062229772006e-30
471540,0.0,-4.447409497472975e-40,9927.051530792354,0.9967586640797594,1.5091513649098486e-30
471600,0.0,-4.446952941688021e-40,9927.051530792354,0.9967586640797594,1.5089965068424968e-30
471660,0.0,-4.4464963859030665e-40,9927.051530792354,0.9967586640797594,1.5088416487751448e-30
471720,0.0,-4.446039830118112e-40,9927.051530792354,0.9967586640797594,1.5086867907077932e-30
471780,0.0,-4.445583274333158e-40,9927.051530792354,0.9967586640797594,1.5085319326404414e-30
471840,0.0,-4.445126718548204e-40,9927.051530792354,0.9967586640797594,1.5083770745730894e-30
471900,0.0,-4.44467016276325e-40,9927.051530792354,0.9967586640797594,1.5082222165057378e-30
471960,0.0,-4.444213606978296e-40,9927.051530792354,0.9967586640797594,1.508067358438386e-30
472020,0.0,-4.443757051193341e-40,9927.051530792354,0.9967586640797594,1.507912500371034e-30
472080,0.0,-4.4433004954083875e-40,9927.051530792354,0.9967586640797594,1.5077576423036823e-30
472140,0.0,-4.442843939623433e-40,9927.051530792354,0.9967586640797594,1.5076027842363307e-30
472200,0.0,-4.4423873838384784e-40,9927.051530792354,0.9967586640797594,1.5074479261689787e-30
472260,0.0,-4.441930828053524e-40,9927.051530792354,0.9967586640797594,1.5072930681016269e-30
472320,0.0,-4.44147427226857e-40,9927.051530792354,0.9967586640797594,1.5071382100342751e-30
472380,0.0,-4.441017716483616e-40,9927.051530792354,0.9967586640797594,1.5069833519669231e-30
472440,0.0,-4.440561160698662e-40,9927.051530792354,0.9967586640797594,1.5068284938995715e-30
472500,0.0,-4.440104604913708e-40,9927.051530792354,0.9967586640797594,1.5066736358322197e-30
472560,0.0,-4.4396480491287536e-40,9927.051530792354,0.9967586640797594,1.5065187777648678e-30
472620,0.0,-4.4391914933437994e-40,9927.051530792354,0.9967586640797594,1.506363919697516e-30
472680,0.0,-4.4387349375588445e-40,9927.051530792354,0.9967586640797594,1.506209061630164e-30
472740,0.0,-4.43827838177389e-40,9927.051530792354,0.9967586640797594,1.5060542035628124e-30
472800,0.0,-4.437821825988937e-40,9927.051530792354,0.9967586640797594,1.5058993454954606e-30
472860,0.0,-4.437365270203982e-40,9927.051530792354,0.9967586640797594,1.5057444874281086e-30
472920,0.0,-4.436908714419028e-40,9927.051530792354,0.9967586640797594,1.505589629360757e-30
472980,0.0,-4.436452158634074e-40,9927.051530792354,0.9967586640797594,1.5054347712934052e-30
473040,0.0,-4.43599560284912e-40,9927.051530792354,0.9967586640797594,1.5052799132260532e-30
473100,0.0,-4.4355390470641655e-40,9927.051530792354,0.9967586640797594,1.5051250551587015e-30
473160,0.0,-4.435082491279211e-40,9927.051530792354,0.9967586640797594,1.5049701970913498e-30
473220,0.0,-4.434625935494257e-40,9927.051530792354,0.9967586640797594,1.5048153390239979e-30
473280,0.0,-4.434169379709303e-40,9927.051530792354,0.9967586640797594,1.504660480956646e-30
473340,0.0,-4.433712823924349e-40,9927.051530792354,0.9967586640797594,1.5045056228892943e-30
473400,0.0,-4.433256268139394e-40,9927.051530792354,0.9967586640797594,1.5043507648219423e-30
473460,0.0,-4.43279971235444e-40,9927.051530792354,0.9967586640797594,1.5041959067545907e-30
473520,0.0,-4.4323431565694865e-40,9927.051530792354,0.9967586640797594,1.5040410486872389e-30
473580,0.0,-4.4318866007845315e-40,9927.051530792354,0.9967586640797594,1.503886190619887e-30
473640,0.0,-4.431430044999577e-40,9927.051530792354,0.9967586640797594,1.5037313325525351e-30
473700,0.0,-4.430973489214623e-40,9927.051530792354,0.9967586640797594,1.5035764744851835e-30
473760,0.0,-4.430516933429669e-40,9927.051530792354,0.9967586640797594,1.5034216164178316e-30
473820,0.0,-4.430060377644715e-40,9927.051530792354,0.9967586640797594,1.5032667583504798e-30
473880,0.0,-4.42960382185976e-40,9927.051530792354,0.9967586640797594,1.5031119002831278e-30
473940,0.0,-4.429147266074807e-40,9927.051530792354,0.9967586640797594,1.5029570422157762e-30
474000,0.0,-4.4286907102898525e-40,9927.051530792354,0.9967586640797594,1.5028021841484244e-30
474060,0.0,-4.4282341545048975e-40,9927.051530792354,0.9967586640797594,1.5026473260810724e-30
474120,0.0,-4.427777598719943e-40,9927.051530792354,0.9967586640797594,1.5024924680137206e-30
474180,0.0,-4.42732104293499e-40,9927.051530792354,0.9967586640797594,1.502337609946369e-30
474240,0.0,-4.426864487150035e-40,9927.051530792354,0.9967586640797594,1.502182751879017e-30
474300,0.0,-4.426407931365081e-40,9927.051530792354,0.9967586640797594,1.5020278938116653e-30
474360,0.0,-4.425951375580127e-40,9927.051530792354,0.9967586640797594,1.5018730357443135e-30
474420,0.0,-4.425494819795173e-40,9927.051530792354,0.9967586640797594,1.5017181776769615e-30
474480,0.0,-4.4250382640102185e-40,9927.051530792354,0.9967586640797594,1.5015633196096099e-30
474540,0.0,-4.424581708225264e-40,9927.051530792354,0.9967586640797594,1.501408461542258e-30
474600,0.0,-4.4241251524403094e-40,9927.051530792354,0.9967586640797594,1.5012536034749061e-30
474660,0.0,-4.423668596655356e-40,9927.051530792354,0.9967586640797594,1.5010987454075543e-30
474720,0.0,-4.423212040870402e-40,9927.051530792354,0.9967586640797594,1.5009438873402027e-30
474780,0.0,-4.422755485085447e-40,9927.051530792354,0.9967586640797594,1.5007890292728507e-30
474840,0.0,-4.422298929300493e-40,9927.051530792354,0.9967586640797594,1.500634171205499e-30
474900,0.0,-4.421842373515539e-40,9927.051530792354,0.9967586640797594,1.500479313138147e-30
474960,0.0,-4.4213858177305846e-40,9927.051530792354,0.9967586640797594,1.5003244550707954e-30
475020,0.0,-4.4209292619456304e-40,9927.051530792354,0.9967586640797594,1.5001695970034436e-30
475080,0.0,-4.420472706160676e-40,9927.051530792354,0.9967586640797594,1.5000147389360916e-30
475140,0.0,-4.420016150375722e-40,9927.051530792354,0.9967586640797594,1.4998598808687398e-30
475200,0.0,-4.419559594590768e-40,9927.051530792354,0.9967586640797594,1.4997050228013882e-30
475260,0.0,-4.419103038805813e-40,9927.051530792354,0.9967586640797594,1.4995501647340362e-30
475320,0.0,-4.41864648302086e-40,9927.051530792354,0.9967586640797594,1.4993953066666844e-30
475380,0.0,-4.4181899272359056e-40,9927.051530792354,0.9967586640797594,1.4992404485993326e-30
475440,0.0,-4.417733371450951e-40,9927.051530792354,0.9967586640797594,1.4990855905319807e-30
475500,0.0,-4.4172768156659965e-40,9927.051530792354,0.9967586640797594,1.498930732464629e-30
475560,0.0,-4.416820259881043e-40,9927.051530792354,0.9967586640797594,1.4987758743972773e-30
475620,0.0,-4.416363704096088e-40,9927.051530792354,0.9967586640797594,1.4986210163299253e-30
475680,0.0,-4.415907148311134e-40,9927.051530792354,0.9967586640797594,1.4984661582625735e-30
475740,0.0,-4.41545059252618e-40,9927.051530792354,0.9967586640797594,1.4983113001952219e-30
475800,0.0,-4.414994036741226e-40,9927.051530792354,0.9967586640797594,1.49815644212787e-30
475860,0.0,-4.414537480956272e-40,9927.051530792354,0.9967586640797594,1.4980015840605181e-30
475920,0.0,-4.414080925171317e-40,9927.051530792354,0.9967586640797594,1.4978467259931662e-30
475980,0.0,-4.4136243693863625e-40,9927.051530792354,0.9967586640797594,1.4976918679258145e-30
476040,0.0,-4.413167813601409e-40,9927.051530792354,0.9967586640797594,1.4975370098584627e-30
476100,0.0,-4.412711257816454e-40,9927.051530792354,0.9967586640797594,1.4973821517911108e-30
476160,0.0,-4.4122547020315e-40,9927.051530792354,0.9967586640797594,1.497227293723759e-30
476220,0.0,-4.411798146246546e-40,9927.051530792354,0.9967586640797594,1.4970724356564074e-30
476280,0.0,-4.411341590461592e-40,9927.051530792354,0.9967586640797594,1.4969175775890554e-30
476340,0.0,-4.410885034676638e-40,9927.051530792354,0.9967586640797594,1.4967627195217036e-30
476400,0.0,-4.4104284788916835e-40,9927.051530792354,0.9967586640797594,1.4966078614543518e-30
476460,0.0,-4.409971923106729e-40,9927.051530792354,0.9967586640797594,1.4964530033869998e-30
476520,0.0,-4.409515367321775e-40,9927.051530792354,0.9967586640797594,1.4962981453196482e-30
476580,0.0,-4.409058811536821e-40,9927.051530792354,0.9967586640797594,1.4961432872522964e-30
476640,0.0,-4.408602255751866e-40,9927.051530792354,0.9967586640797594,1.4959884291849445e-30
476700,0.0,-4.408145699966913e-40,9927.051530792354,0.9967586640797594,1.4958335711175927e-30
476760,0.0,-4.407689144181959e-40,9927.051530792354,0.9967586640797594,1.495678713050241e-30
476820,0.0,-4.407232588397004e-40,9927.051530792354,0.9967586640797594,1.4955238549828891e-30
476880,0.0,-4.4067760326120495e-40,9927.051530792354,0.9967586640797594,1.4953689969155373e-30
476940,0.0,-4.406319476827095e-40,9927.051530792354,0.9967586640797594,1.4952141388481853e-30
477000,0.0,-4.405862921042141e-40,9927.051530792354,0.9967586640797594,1.4950592807808337e-30
477060,0.0,-4.405406365257187e-40,9927.051530792354,0.9967586640797594,1.494904422713482e-30
477120,0.0,-4.404949809472232e-40,9927.051530792354,0.9967586640797594,1.49474956464613e-30
477180,0.0,-4.404493253687279e-40,9927.051530792354,0.9967586640797594,1.4945947065787782e-30
477240,0.0,-4.404036697902325e-40,9927.051530792354,0.9967586640797594,1.4944398485114265e-30
477300,0.0,-4.40358014211737e-40,9927.051530792354,0.9967586640797594,1.4942849904440746e-30
477360,0.0,-4.4031235863324156e-40,9927.051530792354,0.9967586640797594,1.4941301323767228e-30
477420,0.0,-4.402667030547462e-40,9927.051530792354,0.9967586640797594,1.493975274309371e-30
477480,0.0,-4.402210474762507e-40,9927.051530792354,0.9967586640797594,1.493820416242019e-30
477540,0.0,-4.401753918977553e-40,9927.051530792354,0.9967586640797594,1.4936655581746674e-30
477600,0.0,-4.401297363192599e-40,9927.051530792354,0.9967586640797594,1.4935107001073156e-30
477660,0.0,-4.400840807407645e-40,9927.051530792354,0.9967586640797594,1.4933558420399636e-30
477720,0.0,-4.400384251622691e-40,9927.051530792354,0.9967586640797594,1.4932009839726119e-30
477780,0.0,-4.3999276958377366e-40,9927.051530792354,0.9967586640797594,1.4930461259052602e-30
477840,0.0,-4.399471140052782e-40,9927.051530792354,0.9967586640797594,1.4928912678379083e-30
477900,0.0,-4.399014584267828e-40,9927.051530792354,0.9967586640797594,1.4927364097705565e-30
477960,0.0,-4.398558028482873e-40,9927.051530792354,0.9967586640797594,1.4925815517032045e-30
478020,0.0,-4.398101472697919e-40,9927.051530792354,0.9967586640797594,1.4924266936358529e-30
478080,0.0,-4.397644916912965e-40,9927.051530792354,0.9967586640797594,1.4922718355685011e-30
478140,0.0,-4.397188361128011e-40,9927.051530792354,0.9967586640797594,1.4921169775011491e-30
478200,0.0,-4.396731805343057e-40,9927.051530792354,0.9967586640797594,1.4919621194337973e-30
478260,0.0,-4.396275249558103e-40,9927.051530792354,0.9967586640797594,1.4918072613664457e-30
478320,0.0,-4.3958186937731485e-40,9927.051530792354,0.9967586640797594,1.4916524032990938e-30
478380,0.0,-4.395362137988194e-40,9927.051530792354,0.9967586640797594,1.491497545231742e-30
478440,0.0,-4.39490558220324e-40,9927.051530792354,0.9967586640797594,1.4913426871643902e-30
478500,0.0,-4.394449026418285e-40,9927.051530792354,0.9967586640797594,1.4911878290970382e-30
478560,0.0,-4.393992470633332e-40,9927.051530792354,0.9967586640797594,1.4910329710296866e-30
478620,0.0,-4.393535914848378e-40,9927.051530792354,0.9967586640797594,1.4908781129623348e-30
478680,0.0,-4.393079359063423e-40,9927.051530792354,0.9967586640797594,1.4907232548949828e-30
478740,0.0,-4.392622803278469e-40,9927.051530792354,0.9967586640797594,1.490568396827631e-30
478800,0.0,-4.392166247493515e-40,9927.051530792354,0.9967586640797594,1.4904135387602794e-30
478860,0.0,-4.39170969170856e-40,9927.051530792354,0.9967586640797594,1.4902586806929274e-30
478920,0.0,-4.391253135923606e-40,9927.051530792354,0.9967586640797594,1.4901038226255757e-30
478980,0.0,-4.390796580138651e-40,9927.051530792354,0.9967586640797594,1.4899489645582237e-30
479040,0.0,-4.390340024353698e-40,9927.051530792354,0.9967586640797594,1.489794106490872e-30
479100,0.0,-4.389883468568744e-40,9927.051530792354,0.9967586640797594,1.4896392484235203e-30
479160,0.0,-4.389426912783789e-40,9927.051530792354,0.9967586640797594,1.4894843903561683e-30
479220,0.0,-4.388970356998835e-40,9927.051530792354,0.9967586640797594,1.4893295322888165e-30
479280,0.0,-4.388513801213881e-40,9927.051530792354,0.9967586640797594,1.4891746742214649e-30
479340,0.0,-4.3880572454289264e-40,9927.051530792354,0.9967586640797594,1.489019816154113e-30
479400,0.0,-4.387600689643972e-40,9927.051530792354,0.9967586640797594,1.4888649580867611e-30
479460,0.0,-4.387144133859018e-40,9927.051530792354,0.9967586640797594,1.4887101000194093e-30
479520,0.0,-4.386687578074064e-40,9927.051530792354,0.9967586640797594,1.4885552419520574e-30
479580,0.0,-4.38623102228911e-40,9927.051530792354,0.9967586640797594,1.4884003838847058e-30
479640,0.0,-4.385774466504156e-40,9927.051530792354,0.9967586640797594,1.488245525817354e-30
479700,0.0,-4.3853179107192016e-40,9927.051530792354,0.9967586640797594,1.488090667750002e-30
479760,0.0,-4.3848613549342474e-40,9927.051530792354,0.9967586640797594,1.4879358096826502e-30
479820,0.0,-4.384404799149293e-40,9927.051530792354,0.9967586640797594,1.4877809516152986e-30
479880,0.0,-4.383948243364338e-40,9927.051530792354,0.9967586640797594,1.4876260935479466e-30
479940,0.0,-4.383491687579385e-40,9927.051530792354,0.9967586640797594,1.4874712354805948e-30
480000,0.0,-4.38303513179443e-40,9927.051530792354,0.9967586640797594,1.4873163774132429e-30
480060,0.0,-4.382578576009476e-40,9927.051530792354,0.9967586640797594,1.4871615193458912e-30
480120,0.0,-4.382122020224522e-40,9927.051530792354,0.9967586640797594,1.4870066612785395e-30
480180,0.0,-4.381665464439568e-40,9927.051530792354,0.9967586640797594,1.4868518032111875e-30
480240,0.0,-4.3812089086546135e-40,9927.051530792354,0.9967586640797594,1.4866969451438357e-30
480300,0.0,-4.380752352869659e-40,9927.051530792354,0.9967586640797594,1.486542087076484e-30
480360,0.0,-4.380295797084704e-40,9927.051530792354,0.9967586640797594,1.4863872290091321e-30
480420,0.0,-4.379839241299751e-40,9927.051530792354,0.9967586640797594,1.4862323709417803e-30
480480,0.0,-4.379382685514797e-40,9927.051530792354,0.9967586640797594,1.4860775128744285e-30
480540,0.0,-4.378926129729842e-40,9927.051530792354,0.9967586640797594,1.4859226548070766e-30
480600,0.0,-4.378469573944888e-40,9927.051530792354,0.9967586640797594,1.485767796739725e-30
480660,0.0,-4.3780130181599345e-40,9927.051530792354,0.9967586640797594,1.4856129386723731e-30
480720,0.0,-4.3775564623749795e-40,9927.051530792354,0.9967586640797594,1.4854580806050212e-30
480780,0.0,-4.377099906590025e-40,9927.051530792354,0.9967586640797594,1.4853032225376694e-30
480840,0.0,-4.376643350805071e-40,9927.051530792354,0.9967586640797594,1.4851483644703178e-30
480900,0.0,-4.376186795020117e-40,9927.051530792354,0.9967586640797594,1.4849935064029658e-30
480960,0.0,-4.375730239235163e-40,9927.051530792354,0.9967586640797594,1.484838648335614e-30
481020,0.0,-4.375273683450208e-40,9927.051530792354,0.9967586640797594,1.484683790268262e-30
481080,0.0,-4.374817127665255e-40,9927.051530792354,0.9967586640797594,1.4845289322009104e-30
481140,0.0,-4.3743605718803005e-40,9927.051530792354,0.9967586640797594,1.4843740741335586e-30
481200,0.0,-4.3739040160953455e-40,9927.051530792354,0.9967586640797594,1.4842192160662067e-30
481260,0.0,-4.373447460310391e-40,9927.051530792354,0.9967586640797594,1.4840643579988549e-30
481320,0.0,-4.372990904525438e-40,9927.051530792354,0.9967586640797594,1.4839094999315033e-30
481380,0.0,-4.372534348740483e-40,9927.051530792354,0.9967586640797594,1.4837546418641513e-30
481440,0.0,-4.372077792955529e-40,9927.051530792354,0.9967586640797594,1.4835997837967995e-30
481500,0.0,-4.371621237170575e-40,9927.051530792354,0.9967586640797594,1.4834449257294477e-30
481560,0.0,-4.371164681385621e-40,9927.051530792354,0.9967586640797594,1.4832900676620957e-30
481620,0.0,-4.3707081256006665e-40,9927.051530792354,0.9967586640797594,1.4831352095947441e-30
481680,0.0,-4.370251569815712e-40,9927.051530792354,0.9967586640797594,1.4829803515273923e-30
481740,0.0,-4.3697950140307574e-40,9927.051530792354,0.9967586640797594,1.4828254934600404e-30
481800,0.0,-4.369338458245804e-40,9927.051530792354,0.9967586640797594,1.4826706353926886e-30
481860,0.0,-4.36888190246085e-40,9927.051530792354,0.9967586640797594,1.482515777325337e-30
481920,0.0,-4.368425346675895e-40,9927.051530792354,0.9967586640797594,1.482360919257985e-30
481980,0.0,-4.367968790890941e-40,9927.051530792354,0.9967586640797594,1.4822060611906332e-30
482040,0.0,-4.367512235105987e-40,9927.051530792354,0.9967586640797594,1.4820512031232812e-30
482100,0.0,-4.3670556793210326e-40,9927.051530792354,0.9967586640797594,1.4818963450559296e-30
482160,0.0,-4.3665991235360784e-40,9927.051530792354,0.9967586640797594,1.4817414869885778e-30
482220,0.0,-4.366142567751124e-40,9927.051530792354,0.9967586640797594,1.4815866289212258e-30
482280,0.0,-4.36568601196617e-40,9927.051530792354,0.9967586640797594,1.481431770853874e-30
482340,0.0,-4.365229456181216e-40,9927.051530792354,0.9967586640797594,1.4812769127865224e-30
482400,0.0,-4.364772900396261e-40,9927.051530792354,0.9967586640797594,1.4811220547191705e-30
482460,0.0,-4.364316344611307e-40,9927.051530792354,0.9967586640797594,1.4809671966518187e-30
482520,0.0,-4.3638597888263536e-40,9927.051530792354,0.9967586640797594,1.4808123385844669e-30
482580,0.0,-4.363403233041399e-40,9927.051530792354,0.9967586640797594,1.4806574805171149e-30
482640,0.0,-4.3629466772564445e-40,9927.051530792354,0.9967586640797594,1.4805026224497633e-30
482700,0.0,-4.36249012147149e-40,9927.051530792354,0.9967586640797594,1.4803477643824115e-30
482760,0.0,-4.362033565686536e-40,9927.051530792354,0.9967586640797594,1.4801929063150595e-30
482820,0.0,-4.361577009901582e-40,9927.051530792354,0.9967586640797594,1.4800380482477077e-30
482880,0.0,-4.361120454116628e-40,9927.051530792354,0.9967586640797594,1.4798831901803561e-30
482940,0.0,-4.360663898331674e-40,9927.051530792354,0.9967586640797594,1.4797283321130042e-30
483000,0.0,-4.36020734254672e-40,9927.051530792354,0.9967586640797594,1.4795734740456524e-30
483060,0.0,-4.359750786761765e-40,9927.051530792354,0.9967586640797594,1.4794186159783004e-30
483120,0.0,-4.3592942309768105e-40,9927.051530792354,0.9967586640797594,1.4792637579109488e-30
483180,0.0,-4.358837675191857e-40,9927.051530792354,0.9967586640797594,1.479108899843597e-30
483240,0.0,-4.358381119406902e-40,9927.051530792354,0.9967586640797594,1.478954041776245e-30
483300,0.0,-4.357924563621948e-40,9927.051530792354,0.9967586640797594,1.4787991837088932e-30
483360,0.0,-4.357468007836994e-40,9927.051530792354,0.9967586640797594,1.4786443256415416e-30
483420,0.0,-4.35701145205204e-40,9927.051530792354,0.9967586640797594,1.4784894675741896e-30
483480,0.0,-4.356554896267086e-40,9927.051530792354,0.9967586640797594,1.4783346095068378e-30
483540,0.0,-4.3560983404821315e-40,9927.051530792354,0.9967586640797594,1.478179751439486e-30
483600,0.0,-4.3556417846971765e-40,9927.051530792354,0.9967586640797594,1.478024893372134e-30
483660,0.0,-4.355185228912223e-40,9927.051530792354,0.9967586640797594,1.4778700353047825e-30
483720,0.0,-4.354728673127269e-40,9927.051530792354,0.9967586640797594,1.4777151772374307e-30
483780,0.0,-4.354272117342314e-40,9927.051530792354,0.9967586640797594,1.4775603191700787e-30
483840,0.0,-4.35381556155736e-40,9927.051530792354,0.9967586640797594,1.477405461102727e-30
483900,0.0,-4.353359005772407e-40,9927.051530792354,0.9967586640797594,1.4772506030353753e-30
483960,0.0,-4.352902449987452e-40,9927.051530792354,0.9967586640797594,1.4770957449680233e-30
484020,0.0,-4.3524458942024975e-40,9927.051530792354,0.9967586640797594,1.4769408869006715e-30
484080,0.0,-4.351989338417543e-40,9927.051530792354,0.9967586640797594,1.47678602883332e-30
484140,0.0,-4.351532782632589e-40,9927.051530792354,0.9967586640797594,1.476631170765968e-30
484200,0.0,-4.351076226847635e-40,9927.051530792354,0.9967586640797594,1.4764763126986162e-30
484260,0.0,-4.35061967106268e-40,9927.051530792354,0.9967586640797594,1.4763214546312642e-30
484320,0.0,-4.350163115277727e-40,9927.051530792354,0.9967586640797594,1.4761665965639124e-30
484380,0.0,-4.349706559492773e-40,9927.051530792354,0.9967586640797594,1.4760117384965608e-30
484440,0.0,-4.349250003707818e-40,9927.051530792354,0.9967586640797594,1.4758568804292088e-30
484500,0.0,-4.3487934479228636e-40,9927.051530792354,0.9967586640797594,1.475702022361857e-30
484560,0.0,-4.34833689213791e-40,9927.051530792354,0.9967586640797594,1.4755471642945052e-30
484620,0.0,-4.347880336352955e-40,9927.051530792354,0.9967586640797594,1.4753923062271533e-30
484680,0.0,-4.347423780568001e-40,9927.051530792354,0.9967586640797594,1.4752374481598016e-30
484740,0.0,-4.346967224783047e-40,9927.051530792354,0.9967586640797594,1.4750825900924499e-30
484800,0.0,-4.346510668998093e-40,9927.051530792354,0.9967586640797594,1.4749277320250979e-30
484860,0.0,-4.346054113213139e-40,9927.051530792354,0.9967586640797594,1.4747728739577461e-30
484920,0.0,-4.3455975574281846e-40,9927.051530792354,0.9967586640797594,1.4746180158903945e-30
484980,0.0,-4.34514100164323e-40,9927.051530792354,0.9967586640797594,1.4744631578230425e-30
485040,0.0,-4.344684445858276e-40,9927.051530792354,0.9967586640797594,1.4743082997556907e-30
485100,0.0,-4.344227890073322e-40,9927.051530792354,0.9967586640797594,1.4741534416883391e-30
485160,0.0,-4.343771334288367e-40,9927.051530792354,0.9967586640797594,1.4739985836209871e-30
485220,0.0,-4.343314778503413e-40,9927.051530792354,0.9967586640797594,1.4738437255536353e-30
485280,0.0,-4.342858222718459e-40,9927.051530792354,0.9967586640797594,1.4736888674862834e-30
485340,0.0,-4.342401666933505e-40,9927.051530792354,0.9967586640797594,1.4735340094189316e-30
485400,0.0,-4.341945111148551e-40,9927.051530792354,0.9967586640797594,1.47337915135158e-30
485460,0.0,-4.3414885553635965e-40,9927.051530792354,0.9967586640797594,1.473224293284228e-30
485520,0.0,-4.341031999578642e-40,9927.051530792354,0.9967586640797594,1.4730694352168762e-30
485580,0.0,-4.340575443793688e-40,9927.051530792354,0.9967586640797594,1.4729145771495244e-30
485640,0.0,-4.340118888008733e-40,9927.051530792354,0.9967586640797594,1.4727597190821724e-30
485700,0.0,-4.33966233222378e-40,9927.051530792354,0.9967586640797594,1.4726048610148208e-30
485760,0.0,-4.339205776438826e-40,9927.051530792354,0.9967586640797594,1.472450002947469e-30
485820,0.0,-4.338749220653871e-40,9927.051530792354,0.9967586640797594,1.472295144880117e-30
485880,0.0,-4.338292664868917e-40,9927.051530792354,0.9967586640797594,1.4721402868127653e-30
485940,0.0,-4.337836109083963e-40,9927.051530792354,0.9967586640797594,1.4719854287454137e-30
486000,0.0,-4.337379553299008e-40,9927.051530792354,0.9967586640797594,1.4718305706780617e-30
486060,0.0,-4.336922997514054e-40,9927.051530792354,0.9967586640797594,1.4716757126107099e-30
486120,0.0,-4.3364664417291e-40,9927.051530792354,0.9967586640797594,1.4715208545433583e-30
486180,0.0,-4.336009885944146e-40,9927.051530792354,0.9967586640797594,1.4713659964760063e-30
486240,0.0,-4.335553330159192e-40,9927.051530792354,0.9967586640797594,1.4712111384086545e-30
486300,0.0,-4.335096774374237e-40,9927.051530792354,0.9967586640797594,1.4710562803413025e-30
486360,0.0,-4.334640218589283e-40,9927.051530792354,0.9967586640797594,1.4709014222739508e-30
486420,0.0,-4.334183662804329e-40,9927.051530792354,0.9967586640797594,1.4707465642065991e-30
486480,0.0,-4.3337271070193744e-40,9927.051530792354,0.9967586640797594,1.4705917061392472e-30
486540,0.0,-4.33327055123442e-40,9927.051530792354,0.9967586640797594,1.4704368480718954e-30
486600,0.0,-4.332813995449466e-40,9927.051530792354,0.9967586640797594,1.4702819900045436e-30
486660,0.0,-4.332357439664512e-40,9927.051530792354,0.9967586640797594,1.4701271319371916e-30
486720,0.0,-4.331900883879558e-40,9927.051530792354,0.9967586640797594,1.46997227386984e-30
486780,0.0,-4.331444328094604e-40,9927.051530792354,0.9967586640797594,1.4698174158024882e-30
486840,0.0,-4.3309877723096496e-40,9927.051530792354,0.9967586640797594,1.4696625577351362e-30
486900,0.0,-4.3305312165246954e-40,9927.051530792354,0.9967586640797594,1.4695076996677844e-30
486960,0.0,-4.330074660739741e-40,9927.051530792354,0.9967586640797594,1.4693528416004328e-30
487020,0.0,-4.329618104954786e-40,9927.051530792354,0.9967586640797594,1.4691979835330809e-30
487080,0.0,-4.329161549169832e-40,9927.051530792354,0.9967586640797594,1.469043125465729e-30
487140,0.0,-4.328704993384879e-40,9927.051530792354,0.9967586640797594,1.4688882673983775e-30
487200,0.0,-4.328248437599924e-40,9927.051530792354,0.9967586640797594,1.4687334093310255e-30
487260,0.0,-4.32779188181497e-40,9927.051530792354,0.9967586640797594,1.4685785512636737e-30
487320,0.0,-4.327335326030016e-40,9927.051530792354,0.9967586640797594,1.4684236931963217e-30
487380,0.0,-4.3268787702450615e-40,9927.051530792354,0.9967586640797594,1.46826883512897e-30
487440,0.0,-4.326422214460107e-40,9927.051530792354,0.9967586640797594,1.4681139770616183e-30
487500,0.0,-4.325965658675152e-40,9927.051530792354,0.9967586640797594,1.4679591189942663e-30
487560,0.0,-4.325509102890199e-40,9927.051530792354,0.9967586640797594,1.4678042609269146e-30
487620,0.0,-4.325052547105245e-40,9927.051530792354,0.9967586640797594,1.4676494028595628e-30
487680,0.0,-4.32459599132029e-40,9927.051530792354,0.9967586640797594,1.4674945447922108e-30
487740,0.0,-4.324139435535336e-40,9927.051530792354,0.9967586640797594,1.4673396867248592e-30
487800,0.0,-4.3236828797503824e-40,9927.051530792354,0.9967586640797594,1.4671848286575074e-30
487860,0.0,-4.3232263239654275e-40,9927.051530792354,0.9967586640797594,1.4670299705901554e-30
487920,0.0,-4.322769768180473e-40,9927.051530792354,0.9967586640797594,1.4668751125228036e-30
487980,0.0,-4.322313212395519e-40,9927.051530792354,0.9967586640797594,1.466720254455452e-30
488040,0.0,-4.321856656610565e-40,9927.051530792354,0.9967586640797594,1.4665653963881e-30
488100,0.0,-4.321400100825611e-40,9927.051530792354,0.9967586640797594,1.4664105383207482e-30
488160,0.0,-4.320943545040657e-40,9927.051530792354,0.9967586640797594,1.4662556802533966e-30
488220,0.0,-4.320486989255702e-40,9927.051530792354,0.9967586640797594,1.4661008221860447e-30
488280,0.0,-4.3200304334707485e-40,9927.051530792354,0.9967586640797594,1.4659459641186929e-30
488340,0.0,-4.3195738776857935e-40,9927.051530792354,0.9967586640797594,1.4657911060513409e-30
488400,0.0,-4.319117321900839e-40,9927.051530792354,0.9967586640797594,1.4656362479839891e-30
488460,0.0,-4.318660766115885e-40,9927.051530792354,0.9967586640797594,1.4654813899166375e-30
488520,0.0,-4.318204210330931e-40,9927.051530792354,0.9967586640797594,1.4653265318492855e-30
488580,0.0,-4.317747654545977e-40,9927.051530792354,0.9967586640797594,1.4651716737819337e-30
488640,0.0,-4.317291098761023e-40,9927.051530792354,0.9967586640797594,1.465016815714582e-30
488700,0.0,-4.316834542976069e-40,9927.051530792354,0.9967586640797594,1.46486195764723e-30
488760,0.0,-4.3163779871911145e-40,9927.051530792354,0.9967586640797594,1.4647070995798784e-30
488820,0.0,-4.31592143140616e-40,9927.051530792354,0.9967586640797594,1.4645522415125266e-30
488880,0.0,-4.3154648756212054e-40,9927.051530792354,0.9967586640797594,1.4643973834451746e-30
488940,0.0,-4.315008319836252e-40,9927.051530792354,0.9967586640797594,1.4642425253778228e-30
489000,0.0,-4.314551764051298e-40,9927.051530792354,0.9967586640797594,1.4640876673104712e-30
489060,0.0,-4.314095208266343e-40,9927.051530792354,0.9967586640797594,1.4639328092431192e-30
489120,0.0,-4.313638652481389e-40,9927.051530792354,0.9967586640797594,1.4637779511757674e-30
489180,0.0,-4.3131820966964355e-40,9927.051530792354,0.9967586640797594,1.4636230931084158e-30
489240,0.0,-4.3127255409114806e-40,9927.051530792354,0.9967586640797594,1.4634682350410638e-30
489300,0.0,-4.3122689851265264e-40,9927.051530792354,0.9967586640797594,1.463313376973712e-30
489360,0.0,-4.3118124293415715e-40,9927.051530792354,0.9967586640797594,1.46315851890636e-30
489420,0.0,-4.311355873556618e-40,9927.051530792354,0.9967586640797594,1.4630036608390083e-30
489480,0.0,-4.310899317771664e-40,9927.051530792354,0.9967586640797594,1.4628488027716567e-30
489540,0.0,-4.310442761986709e-40,9927.051530792354,0.9967586640797594,1.4626939447043047e-30
489600,0.0,-4.309986206201755e-40,9927.051530792354,0.9967586640797594,1.4625390866369529e-30
489660,0.0,-4.3095296504168016e-40,9927.051530792354,0.9967586640797594,1.4623842285696011e-30
489720,0.0,-4.309073094631847e-40,9927.051530792354,0.9967586640797594,1.4622293705022491e-30
489780,0.0,-4.3086165388468925e-40,9927.051530792354,0.9967586640797594,1.4620745124348975e-30
489840,0.0,-4.308159983061938e-40,9927.051530792354,0.9967586640797594,1.4619196543675457e-30
489900,0.0,-4.307703427276984e-40,9927.051530792354,0.9967586640797594,1.4617647963001938e-30
489960,0.0,-4.30724687149203e-40,9927.051530792354,0.9967586640797594,1.461609938232842e-30
490020,0.0,-4.306790315707076e-40,9927.051530792354,0.9967586640797594,1.4614550801654904e-30
490080,0.0,-4.306333759922122e-40,9927.051530792354,0.9967586640797594,1.4613002220981384e-30
490140,0.0,-4.305877204137168e-40,9927.051530792354,0.9967586640797594,1.4611453640307866e-30
490200,0.0,-4.3054206483522135e-40,9927.051530792354,0.9967586640797594,1.460990505963435e-30
490260,0.0,-4.3049640925672585e-40,9927.051530792354,0.9967586640797594,1.460835647896083e-30
490320,0.0,-4.304507536782305e-40,9927.051530792354,0.9967586640797594,1.4606807898287312e-30
490380,0.0,-4.30405098099735e-40,9927.051530792354,0.9967586640797594,1.4605259317613793e-30
490440,0.0,-4.303594425212396e-40,9927.051530792354,0.9967586640797594,1.4603710736940275e-30
490500,0.0,-4.303137869427442e-40,9927.051530792354,0.9967586640797594,1.4602162156266758e-30
490560,0.0,-4.302681313642488e-40,9927.051530792354,0.9967586640797594,1.4600613575593239e-30
490620,0.0,-4.302224757857534e-40,9927.051530792354,0.9967586640797594,1.459906499491972e-30
490680,0.0,-4.3017682020725795e-40,9927.051530792354,0.9967586640797594,1.4597516414246203e-30
490740,0.0,-4.3013116462876245e-40,9927.051530792354,0.9967586640797594,1.4595967833572683e-30
490800,0.0,-4.300855090502671e-40,9927.051530792354,0.9967586640797594,1.4594419252899167e-30
490860,0.0,-4.300398534717717e-40,9927.051530792354,0.9967586640797594,1.459287067222565e-30
490920,0.0,-4.299941978932762e-40,9927.051530792354,0.9967586640797594,1.459132209155213e-30
490980,0.0,-4.299485423147808e-40,9927.051530792354,0.9967586640797594,1.4589773510878612e-30
491040,0.0,-4.299028867362855e-40,9927.051530792354,0.9967586640797594,1.4588224930205095e-30
491100,0.0,-4.2985723115779e-40,9927.051530792354,0.9967586640797594,1.4586676349531576e-30
491160,0.0,-4.2981157557929455e-40,9927.051530792354,0.9967586640797594,1.4585127768858058e-30
491220,0.0,-4.297659200007991e-40,9927.051530792354,0.9967586640797594,1.4583579188184542e-30
491280,0.0,-4.297202644223037e-40,9927.051530792354,0.9967586640797594,1.4582030607511022e-30
491340,0.0,-4.296746088438083e-40,9927.051530792354,0.9967586640797594,1.4580482026837504e-30
491400,0.0,-4.296289532653128e-40,9927.051530792354,0.9967586640797594,1.4578933446163984e-30
491460,0.0,-4.295832976868175e-40,9927.051530792354,0.9967586640797594,1.4577384865490466e-30
491520,0.0,-4.295376421083221e-40,9927.051530792354,0.9967586640797594,1.457583628481695e-30
491580,0.0,-4.294919865298266e-40,9927.051530792354,0.9967586640797594,1.457428770414343e-30
491640,0.0,-4.2944633095133116e-40,9927.051530792354,0.9967586640797594,1.4572739123469913e-30
491700,0.0,-4.2940067537283574e-40,9927.051530792354,0.9967586640797594,1.4571190542796395e-30
491760,0.0,-4.293550197943403e-40,9927.051530792354,0.9967586640797594,1.4569641962122875e-30
491820,0.0,-4.293093642158449e-40,9927.051530792354,0.9967586640797594,1.4568093381449359e-30
491880,0.0,-4.292637086373495e-40,9927.051530792354,0.9967586640797594,1.4566544800775841e-30
491940,0.0,-4.292180530588541e-40,9927.051530792354,0.9967586640797594,1.4564996220102321e-30
492000,0.0,-4.291723974803587e-40,9927.051530792354,0.9967586640797594,1.4563447639428803e-30
492060,0.0,-4.2912674190186326e-40,9927.051530792354,0.9967586640797594,1.4561899058755287e-30
492120,0.0,-4.290810863233678e-40,9927.051530792354,0.9967586640797594,1.4560350478081767e-30
492180,0.0,-4.290354307448724e-40,9927.051530792354,0.9967586640797594,1.455880189740825e-30
492240,0.0,-4.28989775166377e-40,9927.051530792354,0.9967586640797594,1.4557253316734733e-30
492300,0.0,-4.289441195878815e-40,9927.051530792354,0.9967586640797594,1.4555704736061214e-30
492360,0.0,-4.288984640093861e-40,9927.051530792354,0.9967586640797594,1.4554156155387696e-30
492420,0.0,-4.288528084308907e-40,9927.051530792354,0.9967586640797594,1.4552607574714176e-30
492480,0.0,-4.288071528523953e-40,9927.051530792354,0.9967586640797594,1.4551058994040658e-30
492540,0.0,-4.287614972738999e-40,9927.051530792354,0.9967586640797594,1.4549510413367142e-30
492600,0.0,-4.287158416954044e-40,9927.051530792354,0.9967586640797594,1.4547961832693622e-30
492660,0.0,-4.28670186116909e-40,9927.051530792354,0.9967586640797594,1.4546413252020104e-30
492720,0.0,-4.286245305384136e-40,9927.051530792354,0.9967586640797594,1.4544864671346586e-30
492780,0.0,-4.285788749599181e-40,9927.051530792354,0.9967586640797594,1.4543316090673067e-30
492840,0.0,-4.285332193814227e-40,9927.051530792354,0.9967586640797594,1.454176750999955e-30
492900,0.0,-4.284875638029274e-40,9927.051530792354,0.9967586640797594,1.4540218929326033e-30
492960,0.0,-4.284419082244319e-40,9927.051530792354,0.9967586640797594,1.4538670348652513e-30
493020,0.0,-4.283962526459365e-40,9927.051530792354,0.9967586640797594,1.4537121767978995e-30
493080,0.0,-4.2835059706744105e-40,9927.051530792354,0.9967586640797594,1.4535573187305479e-30
493140,0.0,-4.283049414889456e-40,9927.051530792354,0.9967586640797594,1.453402460663196e-30
493200,0.0,-4.282592859104502e-40,9927.051530792354,0.9967586640797594,1.4532476025958441e-30
493260,0.0,-4.282136303319548e-40,9927.051530792354,0.9967586640797594,1.4530927445284925e-30
493320,0.0,-4.281679747534594e-40,9927.051530792354,0.9967586640797594,1.4529378864611405e-30
493380,0.0,-4.28122319174964e-40,9927.051530792354,0.9967586640797594,1.4527830283937888e-30
493440,0.0,-4.280766635964685e-40,9927.051530792354,0.9967586640797594,1.4526281703264368e-30
493500,0.0,-4.280310080179731e-40,9927.051530792354,0.9967586640797594,1.452473312259085e-30
493560,0.0,-4.279853524394777e-40,9927.051530792354,0.9967586640797594,1.4523184541917334e-30
493620,0.0,-4.2793969686098224e-40,9927.051530792354,0.9967586640797594,1.4521635961243814e-30
493680,0.0,-4.278940412824868e-40,9927.051530792354,0.9967586640797594,1.4520087380570296e-30
493740,0.0,-4.278483857039914e-40,9927.051530792354,0.9967586640797594,1.4518538799896778e-30
493800,0.0,-4.27802730125496e-40,9927.051530792354,0.9967586640797594,1.4516990219223259e-30
493860,0.0,-4.277570745470006e-40,9927.051530792354,0.9967586640797594,1.4515441638549742e-30
493920,0.0,-4.277114189685052e-40,9927.051530792354,0.9967586640797594,1.4513893057876224e-30
493980,0.0,-4.276657633900097e-40,9927.051530792354,0.9967586640797594,1.4512344477202705e-30
494040,0.0,-4.2762010781151434e-40,9927.051530792354,0.9967586640797594,1.4510795896529187e-30
494100,0.0,-4.275744522330189e-40,9927.051530792354,0.9967586640797594,1.450924731585567e-30
494160,0.0,-4.275287966545234e-40,9927.051530792354,0.9967586640797594,1.4507698735182151e-30
494220,0.0,-4.27483141076028e-40,9927.051530792354,0.9967586640797594,1.4506150154508633e-30
494280,0.0,-4.274374854975327e-40,9927.051530792354,0.9967586640797594,1.4504601573835117e-30
494340,0.0,-4.273918299190372e-40,9927.051530792354,0.9967586640797594,1.4503052993161597e-30
494400,0.0,-4.273461743405418e-40,9927.051530792354,0.9967586640797594,1.450150441248808e-30
494460,0.0,-4.2730051876204636e-40,9927.051530792354,0.9967586640797594,1.449995583181456e-30
494520,0.0,-4.2725486318355094e-40,9927.051530792354,0.9967586640797594,1.4498407251141042e-30
494580,0.0,-4.272092076050555e-40,9927.051530792354,0.9967586640797594,1.4496858670467526e-30
494640,0.0,-4.2716355202656e-40,9927.051530792354,0.9967586640797594,1.4495310089794006e-30
494700,0.0,-4.271178964480647e-40,9927.051530792354,0.9967586640797594,1.4493761509120488e-30
494760,0.0,-4.270722408695693e-40,9927.051530792354,0.9967586640797594,1.449221292844697e-30
494820,0.0,-4.270265852910738e-40,9927.051530792354,0.9967586640797594,1.449066434777345e-30
494880,0.0,-4.269809297125784e-40,9927.051530792354,0.9967586640797594,1.4489115767099934e-30
494940,0.0,-4.2693527413408304e-40,9927.051530792354,0.9967586640797594,1.4487567186426416e-30
495000,0.0,-4.2688961855558755e-40,9927.051530792354,0.9967586640797594,1.4486018605752897e-30
495060,0.0,-4.268439629770921e-40,9927.051530792354,0.9967586640797594,1.4484470025079379e-30
495120,0.0,-4.267983073985967e-40,9927.051530792354,0.9967586640797594,1.4482921444405862e-30
495180,0.0,-4.267526518201013e-40,9927.051530792354,0.9967586640797594,1.4481372863732343e-30
495240,0.0,-4.267069962416059e-40,9927.051530792354,0.9967586640797594,1.4479824283058825e-30
495300,0.0,-4.266613406631105e-40,9927.051530792354,0.9967586640797594,1.4478275702385309e-30
495360,0.0,-4.26615685084615e-40,9927.051530792354,0.9967586640797594,1.4476727121711789e-30
495420,0.0,-4.2657002950611965e-40,9927.051530792354,0.9967586640797594,1.4475178541038271e-30
495480,0.0,-4.265243739276242e-40,9927.051530792354,0.9967586640797594,1.4473629960364753e-30
495540,0.0,-4.264787183491287e-40,9927.051530792354,0.9967586640797594,1.4472081379691233e-30
495600,0.0,-4.264330627706333e-40,9927.051530792354,0.9967586640797594,1.4470532799017717e-30
495660,0.0,-4.263874071921379e-40,9927.051530792354,0.9967586640797594,1.4468984218344198e-30
495720,0.0,-4.263417516136425e-40,9927.051530792354,0.9967586640797594,1.446743563767068e-30
495780,0.0,-4.262960960351471e-40,9927.051530792354,0.9967586640797594,1.4465887056997162e-30
495840,0.0,-4.262504404566517e-40,9927.051530792354,0.9967586640797594,1.4464338476323642e-30
495900,0.0,-4.2620478487815625e-40,9927.051530792354,0.9967586640797594,1.4462789895650126e-30
495960,0.0,-4.261591292996608e-40,9927.051530792354,0.9967586640797594,1.4461241314976608e-30
496020,0.0,-4.2611347372116534e-40,9927.051530792354,0.9967586640797594,1.4459692734303088e-30
496080,0.0,-4.2606781814267e-40,9927.051530792354,0.9967586640797594,1.445814415362957e-30
496140,0.0,-4.260221625641746e-40,9927.051530792354,0.9967586640797594,1.4456595572956054e-30
496200,0.0,-4.259765069856791e-40,9927.051530792354,0.9967586640797594,1.4455046992282535e-30
496260,0.0,-4.259308514071837e-40,9927.051530792354,0.9967586640797594,1.4453498411609017e-30
496320,0.0,-4.258851958286883e-40,9927.051530792354,0.9967586640797594,1.44519498309355e-30
496380,0.0,-4.2583954025019286e-40,9927.051530792354,0.9967586640797594,1.445040125026198e-30
496440,0.0,-4.2579388467169744e-40,9927.051530792354,0.9967586640797594,1.4448852669588463e-30
496500,0.0,-4.25748229093202e-40,9927.051530792354,0.9967586640797594,1.4447304088914945e-30
496560,0.0,-4.257025735147066e-40,9927.051530792354,0.9967586640797594,1.4445755508241425e-30
496620,0.0,-4.256569179362112e-40,9927.051530792354,0.9967586640797594,1.4444206927567909e-30
496680,0.0,-4.256112623577157e-40,9927.051530792354,0.9967586640797594,1.444265834689439e-30
496740,0.0,-4.255656067792203e-40,9927.051530792354,0.9967586640797594,1.4441109766220871e-30
496800,0.0,-4.2551995120072496e-40,9927.051530792354,0.9967586640797594,1.4439561185547354e-30
496860,0.0,-4.254742956222295e-40,9927.051530792354,0.9967586640797594,1.4438012604873834e-30
496920,0.0,-4.2542864004373405e-40,9927.051530792354,0.9967586640797594,1.4436464024200318e-30
496980,0.0,-4.253829844652386e-40,9927.051530792354,0.9967586640797594,1.44349154435268e-30
497040,0.0,-4.253373288867432e-40,9927.051530792354,0.9967586640797594,1.443336686285328e-30
497100,0.0,-4.252916733082478e-40,9927.051530792354,0.9967586640797594,1.4431818282179764e-30
497160,0.0,-4.252460177297524e-40,9927.051530792354,0.9967586640797594,1.4430269701506246e-30
497220,0.0,-4.252003621512569e-40,9927.051530792354,0.9967586640797594,1.4428721120832726e-30
497280,0.0,-4.251547065727616e-40,9927.051530792354,0.9967586640797594,1.4427172540159208e-30
497340,0.0,-4.2510905099426615e-40,9927.051530792354,0.9967586640797594,1.4425623959485692e-30
497400,0.0,-4.2506339541577065e-40,9927.051530792354,0.9967586640797594,1.4424075378812173e-30
497460,0.0,-4.250177398372752e-40,9927.051530792354,0.9967586640797594,1.4422526798138655e-30
497520,0.0,-4.249720842587799e-40,9927.051530792354,0.9967586640797594,1.4420978217465137e-30
497580,0.0,-4.249264286802844e-40,9927.051530792354,0.9967586640797594,1.4419429636791617e-30
497640,0.0,-4.24880773101789e-40,9927.051530792354,0.9967586640797594,1.44178810561181e-30
497700,0.0,-4.248351175232936e-40,9927.051530792354,0.9967586640797594,1.4416332475444581e-30
497760,0.0,-4.247894619447982e-40,9927.051530792354,0.9967586640797594,1.4414783894771063e-30
497820,0.0,-4.2474380636630275e-40,9927.051530792354,0.9967586640797594,1.4413235314097545e-30
497880,0.0,-4.2469815078780725e-40,9927.051530792354,0.9967586640797594,1.4411686733424026e-30
497940,0.0,-4.246524952093119e-40,9927.051530792354,0.9967586640797594,1.441013815275051e-30
498000,0.0,-4.246068396308165e-40,9927.051530792354,0.9967586640797594,1.4408589572076992e-30
498060,0.0,-4.24561184052321e-40,9927.051530792354,0.9967586640797594,1.4407040991403472e-30
498120,0.0,-4.245155284738256e-40,9927.051530792354,0.9967586640797594,1.4405492410729956e-30
498180,0.0,-4.244698728953303e-40,9927.051530792354,0.9967586640797594,1.4403943830056438e-30
498240,0.0,-4.244242173168348e-40,9927.051530792354,0.9967586640797594,1.4402395249382918e-30
498300,0.0,-4.2437856173833935e-40,9927.051530792354,0.9967586640797594,1.44008466687094e-30
498360,0.0,-4.243329061598439e-40,9927.051530792354,0.9967586640797594,1.4399298088035884e-30
498420,0.0,-4.242872505813485e-40,9927.051530792354,0.9967586640797594,1.4397749507362364e-30
498480,0.0,-4.242415950028531e-40,9927.051530792354,0.9967586640797594,1.4396200926688846e-30
498540,0.0,-4.241959394243577e-40,9927.051530792354,0.9967586640797594,1.4394652346015328e-30
498600,0.0,-4.241502838458622e-40,9927.051530792354,0.9967586640797594,1.4393103765341809e-30
498660,0.0,-4.241046282673669e-40,9927.051530792354,0.9967586640797594,1.4391555184668293e-30
498720,0.0,-4.240589726888714e-40,9927.051530792354,0.9967586640797594,1.4390006603994773e-30
498780,0.0,-4.2401331711037596e-40,9927.051530792354,0.9967586640797594,1.4388458023321255e-30
498840,0.0,-4.2396766153188054e-40,9927.051530792354,0.9967586640797594,1.4386909442647737e-30
498900,0.0,-4.239220059533851e-40,9927.051530792354,0.9967586640797594,1.4385360861974217e-30
498960,0.0,-4.238763503748897e-40,9927.051530792354,0.9967586640797594,1.4383812281300701e-30
499020,0.0,-4.238306947963943e-40,9927.051530792354,0.9967586640797594,1.4382263700627183e-30
499080,0.0,-4.237850392178989e-40,9927.051530792354,0.9967586640797594,1.4380715119953664e-30
499140,0.0,-4.237393836394035e-40,9927.051530792354,0.9967586640797594,1.4379166539280147e-30
499200,0.0,-4.2369372806090806e-40,9927.051530792354,0.9967586640797594,1.437761795860663e-30
499260,0.0,-4.236480724824126e-40,9927.051530792354,0.9967586640797594,1.437606937793311e-30
499320,0.0,-4.236024169039172e-40,9927.051530792354,0.9967586640797594,1.4374520797259592e-30
499380,0.0,-4.235567613254218e-40,9927.051530792354,0.9967586640797594,1.4372972216586076e-30
499440,0.0,-4.235111057469263e-40,9927.051530792354,0.9967586640797594,1.4371423635912556e-30
499500,0.0,-4.234654501684309e-40,9927.051530792354,0.9967586640797594,1.4369875055239038e-30
499560,0.0,-4.234197945899356e-40,9927.051530792356,0.9967586640797594,1.436832647456552e-30
499620,0.0,-4.233741390114401e-40,9927.051530792356,0.9967586640797594,1.4366777893892e-30
499680,0.0,-4.233284834329447e-40,9927.051530792356,0.9967586640797594,1.4365229313218484e-30
499740,0.0,-4.232828278544492e-40,9927.051530792356,0.9967586640797594,1.4363680732544965e-30
499800,0.0,-4.232371722759538e-40,9927.051530792356,0.9967586640797594,1.4362132151871447e-30
499860,0.0,-4.231915166974584e-40,9927.051530792356,0.9967586640797594,1.4360583571197929e-30
499920,0.0,-4.231458611189629e-40,9927.051530792356,0.9967586640797594,1.435903499052441e-30
499980,0.0,-4.231002055404675e-40,9927.051530792356,0.9967586640797594,1.4357486409850893e-30
500040,0.0,-4.230545499619722e-40,9927.051530792356,0.9967586640797594,1.4355937829177375e-30
500100,0.0,-4.230088943834767e-40,9927.051530792356,0.9967586640797594,1.4354389248503855e-30
500160,0.0,-4.229632388049813e-40,9927.051530792356,0.9967586640797594,1.435284066783034e-30
500220,0.0,-4.2291758322648585e-40,9927.051530792356,0.9967586640797594,1.4351292087156821e-30
500280,0.0,-4.228719276479904e-40,9927.051530792356,0.9967586640797594,1.4349743506483302e-30
500340,0.0,-4.22826272069495e-40,9927.051530792356,0.9967586640797594,1.4348194925809784e-30
500400,0.0,-4.227806164909996e-40,9927.051530792356,0.9967586640797594,1.4346646345136268e-30
500460,0.0,-4.227349609125042e-40,9927.051530792356,0.9967586640797594,1.4345097764462748e-30
500520,0.0,-4.226893053340088e-40,9927.051530792356,0.9967586640797594,1.434354918378923e-30
500580,0.0,-4.226436497555134e-40,9927.051530792356,0.9967586640797594,1.4342000603115712e-30
500640,0.0,-4.225979941770179e-40,9927.051530792356,0.9967586640797594,1.4340452022442192e-30
500700,0.0,-4.2255233859852246e-40,9927.051530792356,0.9967586640797594,1.4338903441768676e-30
500760,0.0,-4.22506683020027e-40,9927.051530792356,0.9967586640797594,1.4337354861095156e-30
500820,0.0,-4.224610274415316e-40,9927.051530792356,0.9967586640797594,1.4335806280421639e-30
500880,0.0,-4.224153718630362e-40,9927.051530792356,0.9967586640797594,1.433425769974812e-30
500940,0.0,-4.223697162845408e-40,9927.051530792356,0.9967586640797594,1.4332709119074601e-30
501000,0.0,-4.223240607060454e-40,9927.051530792356,0.9967586640797594,1.4331160538401085e-30
501060,0.0,-4.2227840512755e-40,9927.051530792356,0.9967586640797594,1.4329611957727567e-30
501120,0.0,-4.222327495490545e-40,9927.051530792356,0.9967586640797594,1.4328063377054047e-30
501180,0.0,-4.221870939705591e-40,9927.051530792356,0.9967586640797594,1.4326514796380531e-30
501240,0.0,-4.221414383920637e-40,9927.051530792356,0.9967586640797594,1.4324966215707013e-30
501300,0.0,-4.220957828135682e-40,9927.051530792356,0.9967586640797594,1.4323417635033493e-30
501360,0.0,-4.220501272350728e-40,9927.051530792356,0.9967586640797594,1.4321869054359975e-30
501420,0.0,-4.220044716565775e-40,9927.051530792356,0.9967586640797594,1.432032047368646e-30
501480,0.0,-4.21958816078082e-40,9927.051530792356,0.9967586640797594,1.431877189301294e-30
501540,0.0,-4.219131604995866e-40,9927.051530792356,0.9967586640797594,1.4317223312339422e-30
501600,0.0,-4.2186750492109116e-40,9927.051530792356,0.9967586640797594,1.4315674731665904e-30
501660,0.0,-4.2182184934259574e-40,9927.051530792356,0.9967586640797594,1.4314126150992384e-30
501720,0.0,-4.217761937641003e-40,9927.051530792356,0.9967586640797594,1.4312577570318868e-30
501780,0.0,-4.217305381856048e-40,9927.051530792356,0.9967586640797594,1.4311028989645348e-30
501840,0.0,-4.216848826071094e-40,9927.051530792356,0.9967586640797594,1.430948040897183e-30
501900,0.0,-4.216392270286141e-40,9927.051530792356,0.9967586640797594,1.4307931828298312e-30
501960,0.0,-4.215935714501186e-40,9927.051530792356,0.9967586640797594,1.4306383247624793e-30
502020,0.0,-4.215479158716232e-40,9927.051530792356,0.9967586640797594,1.4304834666951277e-30
502080,0.0,-4.215022602931278e-40,9927.051530792356,0.9967586640797594,1.4303286086277759e-30
502140,0.0,-4.2145660471463235e-40,9927.051530792356,0.9967586640797594,1.4301737505604239e-30
502200,0.0,-4.214109491361369e-40,9927.051530792356,0.9967586640797594,1.4300188924930723e-30
502260,0.0,-4.213652935576415e-40,9927.051530792356,0.9967586640797594,1.4298640344257205e-30
502320,0.0,-4.213196379791461e-40,9927.051530792356,0.9967586640797594,1.4297091763583685e-30
502380,0.0,-4.212739824006507e-40,9927.051530792356,0.9967586640797594,1.4295543182910167e-30
502440,0.0,-4.212283268221553e-40,9927.051530792356,0.9967586640797594,1.4293994602236651e-30
502500,0.0,-4.211826712436598e-40,9927.051530792356,0.9967586640797594,1.4292446021563131e-30
502560,0.0,-4.2113701566516445e-40,9927.051530792356,0.9967586640797594,1.4290897440889613e-30
502620,0.0,-4.21091360086669e-40,9927.051530792356,0.9967586640797594,1.4289348860216096e-30
502680,0.0,-4.210457045081735e-40,9927.051530792356,0.9967586640797594,1.4287800279542576e-30
502740,0.0,-4.210000489296781e-40,9927.051530792356,0.9967586640797594,1.428625169886906e-30
502800,0.0,-4.209543933511827e-40,9927.051530792356,0.9967586640797594,1.428470311819554e-30
502860,0.0,-4.209087377726873e-40,9927.051530792356,0.9967586640797594,1.4283154537522022e-30
502920,0.0,-4.208630821941919e-40,9927.051530792356,0.9967586640797594,1.4281605956848504e-30
502980,0.0,-4.208174266156964e-40,9927.051530792356,0.9967586640797594,1.4280057376174984e-30
503040,0.0,-4.2077177103720105e-40,9927.051530792356,0.9967586640797594,1.4278508795501468e-30
503100,0.0,-4.207261154587056e-40,9927.051530792356,0.9967586640797594,1.427696021482795e-30
503160,0.0,-4.2068045988021014e-40,9927.051530792356,0.9967586640797594,1.427541163415443e-30
503220,0.0,-4.206348043017147e-40,9927.051530792356,0.9967586640797594,1.4273863053480915e-30
503280,0.0,-4.205891487232194e-40,9927.051530792356,0.9967586640797594,1.4272314472807397e-30
503340,0.0,-4.205434931447239e-40,9927.051530792356,0.9967586640797594,1.4270765892133877e-30
503400,0.0,-4.204978375662285e-40,9927.051530792356,0.9967586640797594,1.4269217311460359e-30
503460,0.0,-4.204521819877331e-40,9927.051530792356,0.9967586640797594,1.4267668730786843e-30
503520,0.0,-4.2040652640923766e-40,9927.051530792356,0.9967586640797594,1.4266120150113323e-30
503580,0.0,-4.2036087083074224e-40,9927.051530792356,0.9967586640797594,1.4264571569439805e-30
503640,0.0,-4.203152152522468e-40,9927.051530792356,0.9967586640797594,1.4263022988766287e-30
503700,0.0,-4.202695596737514e-40,9927.051530792356,0.9967586640797594,1.4261474408092768e-30
503760,0.0,-4.20223904095256e-40,9927.051530792356,0.9967586640797594,1.4259925827419251e-30
503820,0.0,-4.201782485167605e-40,9927.051530792356,0.9967586640797594,1.4258377246745732e-30
503880,0.0,-4.201325929382651e-40,9927.051530792356,0.9967586640797594,1.4256828666072214e-30
503940,0.0,-4.2008693735976976e-40,9927.051530792356,0.9967586640797594,1.4255280085398696e-30
504000,0.0,-4.200412817812743e-40,9927.051530792356,0.9967586640797594,1.4253731504725176e-30
504060,0.0,-4.1999562620277885e-40,9927.051530792356,0.9967586640797594,1.425218292405166e-30
504120,0.0,-4.199499706242834e-40,9927.051530792356,0.9967586640797594,1.4250634343378142e-30
504180,0.0,-4.19904315045788e-40,9927.051530792356,0.9967586640797594,1.4249085762704622e-30
504240,0.0,-4.198586594672926e-40,9927.051530792356,0.9967586640797594,1.4247537182031106e-30
504300,0.0,-4.198130038887972e-40,9927.051530792356,0.9967586640797594,1.4245988601357588e-30
504360,0.0,-4.197673483103017e-40,9927.051530792356,0.9967586640797594,1.4244440020684069e-30
504420,0.0,-4.197216927318064e-40,9927.051530792356,0.9967586640797594,1.424289144001055e-30
504480,0.0,-4.1967603715331095e-40,9927.051530792356,0.9967586640797594,1.4241342859337035e-30
504540,0.0,-4.1963038157481545e-40,9927.051530792356,0.9967586640797594,1.4239794278663515e-30
504600,0.0,-4.1958472599632e-40,9927.051530792356,0.9967586640797594,1.4238245697989997e-30
504660,0.0,-4.195390704178247e-40,9927.051530792356,0.9967586640797594,1.4236697117316479e-30
504720,0.0,-4.194934148393292e-40,9927.051530792356,0.9967586640797594,1.423514853664296e-30
504780,0.0,-4.194477592608338e-40,9927.051530792356,0.9967586640797594,1.4233599955969443e-30
504840,0.0,-4.194021036823384e-40,9927.051530792356,0.9967586640797594,1.4232051375295924e-30
504900,0.0,-4.19356448103843e-40,9927.051530792356,0.9967586640797594,1.4230502794622406e-30
504960,0.0,-4.1931079252534755e-40,9927.051530792356,0.9967586640797594,1.4228954213948888e-30
505020,0.0,-4.1926513694685205e-40,9927.051530792356,0.9967586640797594,1.4227405633275368e-30
505080,0.0,-4.192194813683567e-40,9927.051530792356,0.9967586640797594,1.4225857052601852e-30
505140,0.0,-4.191738257898613e-40,9927.051530792356,0.9967586640797594,1.4224308471928334e-30
505200,0.0,-4.191281702113658e-40,9927.051530792356,0.9967586640797594,1.4222759891254814e-30
505260,0.0,-4.190825146328704e-40,9927.051530792356,0.9967586640797594,1.4221211310581298e-30
505320,0.0,-4.19036859054375e-40,9927.051530792356,0.9967586640797594,1.421966272990778e-30
505380,0.0,-4.189912034758796e-40,9927.051530792356,0.9967586640797594,1.421811414923426e-30
505440,0.0,-4.1894554789738415e-40,9927.051530792356,0.9967586640797594,1.4216565568560743e-30
505500,0.0,-4.188998923188887e-40,9927.051530792356,0.9967586640797594,1.4215016987887226e-30
505560,0.0,-4.188542367403933e-40,9927.051530792356,0.9967586640797594,1.4213468407213707e-30
505620,0.0,-4.188085811618979e-40,9927.051530792356,0.9967586640797594,1.4211919826540189e-30
505680,0.0,-4.187629255834025e-40,9927.051530792356,0.9967586640797594,1.421037124586667e-30
505740,0.0,-4.18717270004907e-40,9927.051530792356,0.9967586640797594,1.4208822665193151e-30
505800,0.0,-4.186716144264117e-40,9927.051530792356,0.9967586640797594,1.4207274084519635e-30
505860,0.0,-4.1862595884791625e-40,9927.051530792356,0.9967586640797594,1.4205725503846117e-30
505920,0.0,-4.1858030326942076e-40,9927.051530792356,0.9967586640797594,1.4204176923172597e-30
505980,0.0,-4.1853464769092534e-40,9927.051530792356,0.9967586640797594,1.420262834249908e-30
506040,0.0,-4.184889921124299e-40,9927.051530792356,0.9967586640797594,1.420107976182556e-30
506100,0.0,-4.184433365339345e-40,9927.051530792356,0.9967586640797594,1.4199531181152044e-30
506160,0.0,-4.183976809554391e-40,9927.051530792356,0.9967586640797594,1.4197982600478526e-30
506220,0.0,-4.183520253769437e-40,9927.051530792356,0.9967586640797594,1.4196434019805006e-30
506280,0.0,-4.183063697984483e-40,9927.051530792356,0.9967586640797594,1.419488543913149e-30
506340,0.0,-4.1826071421995286e-40,9927.051530792356,0.9967586640797594,1.4193336858457972e-30
506400,0.0,-4.182150586414574e-40,9927.051530792356,0.9967586640797594,1.4191788277784452e-30
506460,0.0,-4.1816940306296195e-40,9927.051530792356,0.9967586640797594,1.4190239697110934e-30
506520,0.0,-4.181237474844666e-40,9927.051530792356,0.9967586640797594,1.4188691116437418e-30
506580,0.0,-4.180780919059711e-40,9927.051530792356,0.9967586640797594,1.4187142535763898e-30
506640,0.0,-4.180324363274757e-40,9927.051530792356,0.9967586640797594,1.418559395509038e-30
506700,0.0,-4.179867807489803e-40,9927.051530792356,0.9967586640797594,1.4184045374416863e-30
506760,0.0,-4.179411251704849e-40,9927.051530792356,0.9967586640797594,1.4182496793743343e-30
506820,0.0,-4.178954695919895e-40,9927.051530792356,0.9967586640797594,1.4180948213069827e-30
506880,0.0,-4.1784981401349405e-40,9927.051530792356,0.9967586640797594,1.4179399632396309e-30
506940,0.0,-4.178041584349986e-40,9927.051530792356,0.9967586640797594,1.417785105172279e-30
507000,0.0,-4.177585028565032e-40,9927.051530792356,0.9967586640797594,1.4176302471049271e-30
507060,0.0,-4.177128472780077e-40,9927.051530792356,0.9967586640797594,1.4174753890375752e-30
507120,0.0,-4.176671916995123e-40,9927.051530792356,0.9967586640797594,1.4173205309702235e-30
507180,0.0,-4.17621536121017e-40,9927.051530792356,0.9967586640797594,1.4171656729028717e-30
507240,0.0,-4.175758805425215e-40,9927.051530792356,0.9967586640797594,1.4170108148355198e-30
507300,0.0,-4.175302249640261e-40,9927.051530792356,0.9967586640797594,1.4168559567681682e-30
507360,0.0,-4.1748456938553065e-40,9927.051530792356,0.9967586640797594,1.4167010987008164e-30
507420,0.0,-4.174389138070352e-40,9927.051530792356,0.9967586640797594,1.4165462406334644e-30
507480,0.0,-4.173932582285398e-40,9927.051530792356,0.9967586640797594,1.4163913825661126e-30
507540,0.0,-4.173476026500444e-40,9927.051530792356,0.9967586640797594,1.416236524498761e-30
507600,0.0,-4.173019470715489e-40,9927.051530792356,0.9967586640797594,1.416081666431409e-30
507660,0.0,-4.172562914930536e-40,9927.051530792356,0.9967586640797594,1.4159268083640572e-30
507720,0.0,-4.172106359145582e-40,9927.051530792356,0.9967586640797594,1.4157719502967054e-30
507780,0.0,-4.171649803360627e-40,9927.051530792356,0.9967586640797594,1.4156170922293535e-30
507840,0.0,-4.1711932475756725e-40,9927.051530792356,0.9967586640797594,1.4154622341620019e-30
507900,0.0,-4.170736691790719e-40,9927.051530792356,0.9967586640797594,1.41530737609465e-30
507960,0.0,-4.170280136005764e-40,9927.051530792356,0.9967586640797594,1.4151525180272981e-30
508020,0.0,-4.16982358022081e-40,9927.051530792356,0.9967586640797594,1.4149976599599463e-30
508080,0.0,-4.169367024435856e-40,9927.051530792356,0.9967586640797594,1.4148428018925943e-30
508140,0.0,-4.168910468650902e-40,9927.051530792356,0.9967586640797594,1.4146879438252427e-30
508200,0.0,-4.168453912865948e-40,9927.051530792356,0.9967586640797594,1.414533085757891e-30
508260,0.0,-4.167997357080993e-40,9927.051530792356,0.9967586640797594,1.414378227690539e-30
508320,0.0,-4.167540801296039e-40,9927.051530792356,0.9967586640797594,1.4142233696231873e-30
508380,0.0,-4.167084245511085e-40,9927.051530792356,0.9967586640797594,1.4140685115558355e-30
508440,0.0,-4.16662768972613e-40,9927.051530792356,0.9967586640797594,1.4139136534884836e-30
508500,0.0,-4.166171133941176e-40,9927.051530792356,0.9967586640797594,1.4137587954211318e-30
508560,0.0,-4.165714578156223e-40,9927.051530792356,0.9967586640797594,1.4136039373537802e-30
508620,0.0,-4.165258022371268e-40,9927.051530792356,0.9967586640797594,1.4134490792864282e-30
508680,0.0,-4.164801466586314e-40,9927.051530792356,0.9967586640797594,1.4132942212190764e-30
508740,0.0,-4.1643449108013596e-40,9927.051530792356,0.9967586640797594,1.4131393631517246e-30
508800,0.0,-4.1638883550164054e-40,9927.051530792356,0.9967586640797594,1.4129845050843726e-30
508860,0.0,-4.163431799231451e-40,9927.051530792356,0.9967586640797594,1.412829647017021e-30
508920,0.0,-4.162975243446497e-40,9927.051530792356,0.9967586640797594,1.4126747889496692e-30
508980,0.0,-4.162518687661542e-40,9927.051530792356,0.9967586640797594,1.4125199308823173e-30
509040,0.0,-4.162062131876589e-40,9927.051530792356,0.9967586640797594,1.4123650728149655e-30
509100,0.0,-4.161605576091634e-40,9927.051530792356,0.9967586640797594,1.4122102147476135e-30
509160,0.0,-4.16114902030668e-40,9927.051530792356,0.9967586640797594,1.4120553566802619e-30
509220,0.0,-4.160692464521726e-40,9927.051530792356,0.9967586640797594,1.4119004986129101e-30
509280,0.0,-4.1602359087367715e-40,9927.051530792356,0.9967586640797594,1.4117456405455581e-30
509340,0.0,-4.159779352951817e-40,9927.051530792356,0.9967586640797594,1.4115907824782065e-30
509400,0.0,-4.159322797166863e-40,9927.051530792356,0.9967586640797594,1.4114359244108547e-30
509460,0.0,-4.158866241381909e-40,9927.051530792356,0.9967586640797594,1.4112810663435028e-30
509520,0.0,-4.158409685596955e-40,9927.051530792356,0.9967586640797594,1.411126208276151e-30
509580,0.0,-4.157953129812001e-40,9927.051530792356,0.9967586640797594,1.4109713502087993e-30
509640,0.0,-4.157496574027046e-40,9927.051530792356,0.9967586640797594,1.4108164921414474e-30
509700,0.0,-4.1570400182420925e-40,9927.051530792356,0.9967586640797594,1.4106616340740956e-30
509760,0.0,-4.156583462457138e-40,9927.051530792356,0.9967586640797594,1.4105067760067438e-30
509820,0.0,-4.156126906672183e-40,9927.051530792356,0.9967586640797594,1.4103519179393918e-30
509880,0.0,-4.155670350887229e-40,9927.051530792356,0.9967586640797594,1.4101970598720402e-30
509940,0.0,-4.155213795102275e-40,9927.051530792356,0.9967586640797594,1.4100422018046884e-30
510000,0.0,-4.154757239317321e-40,9927.051530792356,0.9967586640797594,1.4098873437373364e-30
510060,0.0,-4.154300683532367e-40,9927.051530792356,0.9967586640797594,1.4097324856699847e-30
510120,0.0,-4.153844127747412e-40,9927.051530792356,0.9967586640797594,1.4095776276026327e-30
510180,0.0,-4.1533875719624585e-40,9927.051530792356,0.9967586640797594,1.409422769535281e-30
510240,0.0,-4.152931016177504e-40,9927.051530792356,0.9967586640797594,1.4092679114679293e-30
510300,0.0,-4.1524744603925494e-40,9927.051530792356,0.9967586640797594,1.4091130534005773e-30
510360,0.0,-4.152017904607595e-40,9927.051530792356,0.9967586640797594,1.4089581953332257e-30
510420,0.0,-4.151561348822642e-40,9927.051530792356,0.9967586640797594,1.4088033372658739e-30
510480,0.0,-4.151104793037687e-40,9927.051530792356,0.9967586640797594,1.408648479198522e-30
510540,0.0,-4.150648237252733e-40,9927.051530792356,0.9967586640797594,1.4084936211311701e-30
510600,0.0,-4.150191681467779e-40,9927.051530792356,0.9967586640797594,1.4083387630638185e-30
510660,0.0,-4.1497351256828246e-40,9927.051530792356,0.9967586640797594,1.4081839049964666e-30
510720,0.0,-4.1492785698978704e-40,9927.051530792356,0.9967586640797594,1.4080290469291148e-30
510780,0.0,-4.148822014112916e-40,9927.051530792356,0.9967586640797594,1.407874188861763e-30
510840,0.0,-4.148365458327962e-40,9927.051530792356,0.9967586640797594,1.407719330794411e-30
510900,0.0,-4.147908902543008e-40,9927.051530792356,0.9967586640797594,1.4075644727270594e-30
510960,0.0,-4.147452346758054e-40,9927.051530792356,0.9967586640797594,1.4074096146597076e-30
511020,0.0,-4.146995790973099e-40,9927.051530792356,0.9967586640797594,1.4072547565923556e-30
511080,0.0,-4.146539235188145e-40,9927.051530792356,0.9967586640797594,1.4070998985250038e-30
511140,0.0,-4.146082679403191e-40,9927.051530792356,0.9967586640797594,1.4069450404576519e-30
511200,0.0,-4.1456261236182365e-40,9927.051530792356,0.9967586640797594,1.4067901823903002e-30
511260,0.0,-4.145169567833282e-40,9927.051530792356,0.9967586640797594,1.4066353243229485e-30
511320,0.0,-4.144713012048328e-40,9927.051530792356,0.9967586640797594,1.4064804662555965e-30
511380,0.0,-4.144256456263374e-40,9927.051530792356,0.9967586640797594,1.4063256081882449e-30
511440,0.0,-4.14379990047842e-40,9927.051530792356,0.9967586640797594,1.406170750120893e-30
511500,0.0,-4.143343344693465e-40,9927.051530792356,0.9967586640797594,1.4060158920535411e-30
511560,0.0,-4.142886788908512e-40,9927.051530792356,0.9967586640797594,1.4058610339861893e-30
511620,0.0,-4.1424302331235575e-40,9927.051530792356,0.9967586640797594,1.4057061759188377e-30
511680,0.0,-4.1419736773386025e-40,9927.051530792356,0.9967586640797594,1.4055513178514857e-30
511740,0.0,-4.141517121553648e-40,9927.051530792356,0.9967586640797594,1.405396459784134e-30
511800,0.0,-4.141060565768695e-40,9927.051530792356,0.9967586640797594,1.4052416017167821e-30
511860,0.0,-4.14060400998374e-40,9927.051530792356,0.9967586640797594,1.4050867436494302e-30
511920,0.0,-4.140147454198786e-40,9927.051530792356,0.9967586640797594,1.4049318855820786e-30
511980,0.0,-4.139690898413832e-40,9927.051530792356,0.9967586640797594,1.4047770275147268e-30
512040,0.0,-4.139234342628878e-40,9927.051530792356,0.9967586640797594,1.4046221694473748e-30
512100,0.0,-4.1387777868439235e-40,9927.051530792356,0.9967586640797594,1.404467311380023e-30
512160,0.0,-4.1383212310589685e-40,9927.051530792356,0.9967586640797594,1.404312453312671e-30
512220,0.0,-4.137864675274014e-40,9927.051530792356,0.9967586640797594,1.4041575952453194e-30
512280,0.0,-4.137408119489061e-40,9927.051530792356,0.9967586640797594,1.4040027371779676e-30
512340,0.0,-4.136951563704106e-40,9927.051530792356,0.9967586640797594,1.4038478791106157e-30
512400,0.0,-4.136495007919152e-40,9927.051530792356,0.9967586640797594,1.403693021043264e-30
512460,0.0,-4.136038452134198e-40,9927.051530792356,0.9967586640797594,1.4035381629759123e-30
512520,0.0,-4.135581896349244e-40,9927.051530792356,0.9967586640797594,1.4033833049085603e-30
512580,0.0,-4.1351253405642895e-40,9927.051530792356,0.9967586640797594,1.4032284468412085e-30
512640,0.0,-4.134668784779335e-40,9927.051530792356,0.9967586640797594,1.4030735887738569e-30
512700,0.0,-4.134212228994381e-40,9927.051530792356,0.9967586640797594,1.4029187307065049e-30
512760,0.0,-4.133755673209427e-40,9927.051530792356,0.9967586640797594,1.4027638726391531e-30
512820,0.0,-4.133299117424473e-40,9927.051530792356,0.9967586640797594,1.4026090145718013e-30
512880,0.0,-4.132842561639518e-40,9927.051530792356,0.9967586640797594,1.4024541565044494e-30
512940,0.0,-4.132386005854565e-40,9927.051530792356,0.9967586640797594,1.4022992984370977e-30
513000,0.0,-4.1319294500696105e-40,9927.051530792356,0.9967586640797594,1.402144440369746e-30
513060,0.0,-4.1314728942846556e-40,9927.051530792356,0.9967586640797594,1.401989582302394e-30
513120,0.0,-4.1310163384997014e-40,9927.051530792356,0.9967586640797594,1.4018347242350422e-30
513180,0.0,-4.130559782714747e-40,9927.051530792356,0.9967586640797594,1.4016798661676902e-30
513240,0.0,-4.130103226929793e-40,9927.051530792356,0.9967586640797594,1.4015250081003386e-30
513300,0.0,-4.129646671144839e-40,9927.051530792356,0.9967586640797594,1.4013701500329868e-30
513360,0.0,-4.129190115359884e-40,9927.051530792356,0.9967586640797594,1.4012152919656348e-30
513420,0.0,-4.128733559574931e-40,9927.051530792356,0.9967586640797594,1.4010604338982832e-30
513480,0.0,-4.1282770037899766e-40,9927.051530792356,0.9967586640797594,1.4009055758309314e-30
513540,0.0,-4.127820448005022e-40,9927.051530792356,0.9967586640797594,1.4007507177635795e-30
513600,0.0,-4.1273638922200675e-40,9927.051530792356,0.9967586640797594,1.4005958596962277e-30
513660,0.0,-4.126907336435114e-40,9927.051530792356,0.9967586640797594,1.400441001628876e-30
513720,0.0,-4.126450780650159e-40,9927.051530792356,0.9967586640797594,1.400286143561524e-30
513780,0.0,-4.125994224865205e-40,9927.051530792356,0.9967586640797594,1.4001312854941723e-30
513840,0.0,-4.125537669080251e-40,9927.051530792356,0.9967586640797594,1.3999764274268205e-30
513900,0.0,-4.125081113295297e-40,9927.051530792356,0.9967586640797594,1.3998215693594685e-30
513960,0.0,-4.124624557510343e-40,9927.051530792356,0.9967586640797594,1.399666711292117e-30
514020,0.0,-4.1241680017253885e-40,9927.051530792356,0.9967586640797594,1.3995118532247651e-30
514080,0.0,-4.123711445940434e-40,9927.051530792356,0.9967586640797594,1.3993569951574132e-30
514140,0.0,-4.12325489015548e-40,9927.051530792356,0.9967586640797594,1.3992021370900614e-30
514200,0.0,-4.122798334370525e-40,9927.051530792356,0.9967586640797594,1.3990472790227094e-30
514260,0.0,-4.122341778585571e-40,9927.051530792356,0.9967586640797594,1.3988924209553578e-30
514320,0.0,-4.121885222800618e-40,9927.051530792356,0.9967586640797594,1.398737562888006e-30
514380,0.0,-4.121428667015663e-40,9927.051530792356,0.9967586640797594,1.398582704820654e-30
514440,0.0,-4.120972111230709e-40,9927.051530792356,0.9967586640797594,1.3984278467533024e-30
514500,0.0,-4.1205155554457545e-40,9927.051530792356,0.9967586640797594,1.3982729886859506e-30
514560,0.0,-4.1200589996608e-40,9927.051530792356,0.9967586640797594,1.3981181306185986e-30
514620,0.0,-4.119602443875846e-40,9927.051530792356,0.9967586640797594,1.3979632725512468e-30
514680,0.0,-4.119145888090892e-40,9927.051530792356,0.9967586640797594,1.3978084144838952e-30
514740,0.0,-4.118689332305937e-40,9927.051530792356,0.9967586640797594,1.3976535564165433e-30
514800,0.0,-4.118232776520984e-40,9927.051530792356,0.9967586640797594,1.3974986983491915e-30
514860,0.0,-4.11777622073603e-40,9927.051530792356,0.9967586640797594,1.3973438402818397e-30
514920,0.0,-4.117319664951075e-40,9927.051530792356,0.9967586640797594,1.3971889822144877e-30
514980,0.0,-4.1168631091661205e-40,9927.051530792356,0.9967586640797594,1.3970341241471361e-30
515040,0.0,-4.116406553381167e-40,9927.051530792356,0.9967586640797594,1.3968792660797843e-30
515100,0.0,-4.115949997596212e-40,9927.051530792356,0.9967586640797594,1.3967244080124323e-30
515160,0.0,-4.115493441811258e-40,9927.051530792356,0.9967586640797594,1.3965695499450805e-30
515220,0.0,-4.115036886026304e-40,9927.051530792356,0.9967586640797594,1.3964146918777286e-30
515280,0.0,-4.11458033024135e-40,9927.051530792356,0.9967586640797594,1.396259833810377e-30
515340,0.0,-4.114123774456396e-40,9927.051530792356,0.9967586640797594,1.3961049757430252e-30
515400,0.0,-4.113667218671441e-40,9927.051530792356,0.9967586640797594,1.3959501176756732e-30
515460,0.0,-4.1132106628864866e-40,9927.051530792356,0.9967586640797594,1.3957952596083216e-30
515520,0.0,-4.112754107101533e-40,9927.051530792356,0.9967586640797594,1.3956404015409698e-30
515580,0.0,-4.112297551316578e-40,9927.051530792356,0.9967586640797594,1.3954855434736178e-30
515640,0.0,-4.111840995531624e-40,9927.051530792356,0.9967586640797594,1.395330685406266e-30
515700,0.0,-4.11138443974667e-40,9927.051530792356,0.9967586640797594,1.3951758273389144e-30
515760,0.0,-4.110927883961716e-40,9927.051530792356,0.9967586640797594,1.3950209692715624e-30
515820,0.0,-4.110471328176762e-40,9927.051530792356,0.9967586640797594,1.3948661112042106e-30
515880,0.0,-4.1100147723918076e-40,9927.051530792356,0.9967586640797594,1.3947112531368589e-30
515940,0.0,-4.1095582166068534e-40,9927.051530792356,0.9967586640797594,1.3945563950695069e-30
516000,0.0,-4.109101660821899e-40,9927.051530792356,0.9967586640797594,1.3944015370021553e-30
516060,0.0,-4.108645105036945e-40,9927.051530792356,0.9967586640797594,1.3942466789348035e-30
516120,0.0,-4.10818854925199e-40,9927.051530792356,0.9967586640797594,1.3940918208674515e-30
516180,0.0,-4.107731993467037e-40,9927.051530792356,0.9967586640797594,1.3939369628000997e-30
516240,0.0,-4.107275437682083e-40,9927.051530792356,0.9967586640797594,1.3937821047327481e-30
516300,0.0,-4.106818881897128e-40,9927.051530792356,0.9967586640797594,1.3936272466653961e-30
516360,0.0,-4.106362326112174e-40,9927.051530792356,0.9967586640797594,1.3934723885980443e-30
516420,0.0,-4.1059057703272195e-40,9927.051530792356,0.9967586640797594,1.3933175305306924e-30
516480,0.0,-4.105449214542265e-40,9927.051530792356,0.9967586640797594,1.3931626724633408e-30
516540,0.0,-4.104992658757311e-40,9927.051530792356,0.9967586640797594,1.393007814395989e-30
516600,0.0,-4.104536102972356e-40,9927.051530792356,0.9967586640797594,1.392852956328637e-30
516660,0.0,-4.104079547187403e-40,9927.051530792356,0.9967586640797594,1.3926980982612852e-30
516720,0.0,-4.103622991402449e-40,9927.051530792356,0.9967586640797594,1.3925432401939336e-30
516780,0.0,-4.103166435617494e-40,9927.051530792356,0.9967586640797594,1.3923883821265816e-30
516840,0.0,-4.10270987983254e-40,9927.051530792356,0.9967586640797594,1.3922335240592298e-30
516900,0.0,-4.102253324047586e-40,9927.051530792356,0.9967586640797594,1.392078665991878e-30
516960,0.0,-4.101796768262631e-40,9927.051530792356,0.9967586640797594,1.391923807924526e-30
517020,0.0,-4.101340212477677e-40,9927.051530792356,0.9967586640797594,1.3917689498571744e-30
517080,0.0,-4.100883656692723e-40,9927.051530792356,0.9967586640797594,1.3916140917898227e-30
517140,0.0,-4.100427100907769e-40,9927.051530792356,0.9967586640797594,1.3914592337224707e-30
517200,0.0,-4.099970545122815e-40,9927.051530792356,0.9967586640797594,1.3913043756551189e-30
517260,0.0,-4.099513989337861e-40,9927.051530792356,0.9967586640797594,1.3911495175877673e-30
517320,0.0,-4.0990574335529065e-40,9927.051530792356,0.9967586640797594,1.3909946595204153e-30
517380,0.0,-4.098600877767952e-40,9927.051530792356,0.9967586640797594,1.3908398014530635e-30
517440,0.0,-4.0981443219829974e-40,9927.051530792356,0.9967586640797594,1.3906849433857115e-30
517500,0.0,-4.097687766198043e-40,9927.051530792356,0.9967586640797594,1.39053008531836e-30
517560,0.0,-4.09723121041309e-40,9927.051530792356,0.9967586640797594,1.3903752272510081e-30
517620,0.0,-4.096774654628135e-40,9927.051530792356,0.9967586640797594,1.3902203691836562e-30
517680,0.0,-4.096318098843181e-40,9927.051530792356,0.9967586640797594,1.3900655111163044e-30
517740,0.0,-4.095861543058227e-40,9927.051530792356,0.9967586640797594,1.3899106530489528e-30
517800,0.0,-4.0954049872732726e-40,9927.051530792356,0.9967586640797594,1.3897557949816008e-30
517860,0.0,-4.0949484314883184e-40,9927.051530792356,0.9967586640797594,1.389600936914249e-30
517920,0.0,-4.094491875703364e-40,9927.051530792356,0.9967586640797594,1.3894460788468972e-30
517980,0.0,-4.094035319918409e-40,9927.051530792356,0.9967586640797594,1.3892912207795452e-30
518040,0.0,-4.093578764133456e-40,9927.051530792356,0.9967586640797594,1.3891363627121936e-30
518100,0.0,-4.093122208348502e-40,9927.051530792356,0.9967586640797594,1.3889815046448418e-30
518160,0.0,-4.092665652563547e-40,9927.051530792356,0.9967586640797594,1.3888266465774899e-30
518220,0.0,-4.092209096778593e-40,9927.051530792356,0.9967586640797594,1.388671788510138e-30
518280,0.0,-4.0917525409936394e-40,9927.051530792356,0.9967586640797594,1.3885169304427865e-30
518340,0.0,-4.0912959852086845e-40,9927.051530792356,0.9967586640797594,1.3883620723754345e-30
518400,0.0,-4.09083942942373e-40,9927.051530792356,0.9967586640797594,1.3882072143080827e-30
518460,0.0,-4.090382873638776e-40,9927.051530792356,0.9967586640797594,1.3880523562407307e-30
518520,0.0,-4.089926317853822e-40,9927.051530792356,0.9967586640797594,1.3878974981733791e-30
518580,0.0,-4.089469762068868e-40,9927.051530792356,0.9967586640797594,1.3877426401060273e-30
518640,0.0,-4.089013206283913e-40,9927.051530792356,0.9967586640797594,1.3875877820386753e-30
518700,0.0,-4.0885566504989596e-40,9927.051530792356,0.9967586640797594,1.3874329239713236e-30
518760,0.0,-4.0881000947140054e-40,9927.051530792356,0.9967586640797594,1.387278065903972e-30
518820,0.0,-4.0876435389290505e-40,9927.051530792356,0.9967586640797594,1.38712320783662e-30
518880,0.0,-4.087186983144096e-40,9927.051530792356,0.9967586640797594,1.3869683497692682e-30
518940,0.0,-4.086730427359143e-40,9927.051530792356,0.9967586640797594,1.3868134917019164e-30
519000,0.0,-4.086273871574188e-40,9927.051530792356,0.9967586640797594,1.3866586336345644e-30
519060,0.0,-4.085817315789234e-40,9927.051530792356,0.9967586640797594,1.3865037755672128e-30
519120,0.0,-4.08536076000428e-40,9927.051530792356,0.9967586640797594,1.386348917499861e-30
519180,0.0,-4.084904204219326e-40,9927.051530792356,0.9967586640797594,1.386194059432509e-30
519240,0.0,-4.0844476484343715e-40,9927.051530792356,0.9967586640797594,1.3860392013651572e-30
519300,0.0,-4.083991092649417e-40,9927.051530792356,0.9967586640797594,1.3858843432978056e-30
519360,0.0,-4.083534536864462e-40,9927.051530792356,0.9967586640797594,1.3857294852304537e-30
519420,0.0,-4.083077981079509e-40,9927.051530792356,0.9967586640797594,1.3855746271631019e-30
519480,0.0,-4.082621425294554e-40,9927.051530792356,0.9967586640797594,1.3854197690957499e-30
519540,0.0,-4.0821648695096e-40,9927.051530792356,0.9967586640797594,1.3852649110283983e-30
519600,0.0,-4.081708313724646e-40,9927.051530792356,0.9967586640797594,1.3851100529610465e-30
519660,0.0,-4.081251757939692e-40,9927.051530792356,0.9967586640797594,1.3849551948936945e-30
519720,0.0,-4.0807952021547375e-40,9927.051530792356,0.9967586640797594,1.3848003368263427e-30
519780,0.0,-4.080338646369783e-40,9927.051530792356,0.9967586640797594,1.3846454787589911e-30
519840,0.0,-4.079882090584829e-40,9927.051530792356,0.9967586640797594,1.3844906206916391e-30
519900,0.0,-4.079425534799875e-40,9927.051530792356,0.9967586640797594,1.3843357626242874e-30
519960,0.0,-4.078968979014921e-40,9927.051530792356,0.9967586640797594,1.3841809045569356e-30
520020,0.0,-4.078512423229966e-40,9927.051530792356,0.9967586640797594,1.3840260464895836e-30
520080,0.0,-4.078055867445012e-40,9927.051530792356,0.9967586640797594,1.383871188422232e-30
520140,0.0,-4.0775993116600585e-40,9927.051530792356,0.9967586640797594,1.3837163303548802e-30
520200,0.0,-4.0771427558751036e-40,9927.051530792356,0.9967586640797594,1.3835614722875282e-30
520260,0.0,-4.0766862000901494e-40,9927.051530792356,0.9967586640797594,1.3834066142201764e-30
520320,0.0,-4.076229644305195e-40,9927.051530792356,0.9967586640797594,1.3832517561528248e-30
520380,0.0,-4.075773088520241e-40,9927.051530792356,0.9967586640797594,1.3830968980854728e-30
520440,0.0,-4.075316532735287e-40,9927.051530792356,0.9967586640797594,1.382942040018121e-30
520500,0.0,-4.074859976950332e-40,9927.051530792356,0.9967586640797594,1.382787181950769e-30
520560,0.0,-4.074403421165379e-40,9927.051530792356,0.9967586640797594,1.3826323238834175e-30
520620,0.0,-4.0739468653804246e-40,9927.051530792356,0.9967586640797594,1.3824774658160657e-30
520680,0.0,-4.07349030959547e-40,9927.051530792356,0.9967586640797594,1.3823226077487137e-30
520740,0.0,-4.0730337538105155e-40,9927.051530792356,0.9967586640797594,1.3821677496813619e-30
520800,0.0,-4.072577198025562e-40,9927.051530792356,0.9967586640797594,1.3820128916140103e-30
520860,0.0,-4.072120642240607e-40,9927.051530792356,0.9967586640797594,1.3818580335466583e-30
520920,0.0,-4.071664086455653e-40,9927.051530792356,0.9967586640797594,1.3817031754793065e-30
520980,0.0,-4.071207530670699e-40,9927.051530792356,0.9967586640797594,1.3815483174119547e-30
521040,0.0,-4.070750974885745e-40,9927.051530792356,0.9967586640797594,1.3813934593446028e-30
521100,0.0,-4.070294419100791e-40,9927.051530792356,0.9967586640797594,1.3812386012772512e-30
521160,0.0,-4.0698378633158365e-40,9927.051530792356,0.9967586640797594,1.3810837432098994e-30
521220,0.0,-4.0693813075308815e-40,9927.051530792356,0.9967586640797594,1.3809288851425474e-30
521280,0.0,-4.068924751745928e-40,9927.051530792356,0.9967586640797594,1.3807740270751956e-30
521340,0.0,-4.068468195960974e-40,9927.051530792356,0.9967586640797594,1.380619169007844e-30
521400,0.0,-4.068011640176019e-40,9927.051530792356,0.9967586640797594,1.380464310940492e-30
521460,0.0,-4.067555084391065e-40,9927.051530792356,0.9967586640797594,1.3803094528731402e-30
521520,0.0,-4.067098528606111e-40,9927.051530792356,0.9967586640797594,1.3801545948057883e-30
521580,0.0,-4.066641972821157e-40,9927.051530792356,0.9967586640797594,1.3799997367384366e-30
521640,0.0,-4.0661854170362025e-40,9927.051530792356,0.9967586640797594,1.3798448786710848e-30
521700,0.0,-4.065728861251248e-40,9927.051530792356,0.9967586640797594,1.3796900206037329e-30
521760,0.0,-4.065272305466294e-40,9927.051530792356,0.9967586640797594,1.379535162536381e-30
521820,0.0,-4.06481574968134e-40,9927.051530792356,0.9967586640797594,1.3793803044690295e-30
521880,0.0,-4.064359193896385e-40,9927.051530792356,0.9967586640797594,1.3792254464016775e-30
521940,0.0,-4.063902638111432e-40,9927.051530792356,0.9967586640797594,1.3790705883343257e-30
522000,0.0,-4.063446082326478e-40,9927.051530792356,0.9967586640797594,1.378915730266974e-30
522060,0.0,-4.062989526541523e-40,9927.051530792356,0.9967586640797594,1.378760872199622e-30
522120,0.0,-4.0625329707565685e-40,9927.051530792356,0.9967586640797594,1.3786060141322703e-30
522180,0.0,-4.062076414971615e-40,9927.051530792356,0.9967586640797594,1.3784511560649185e-30
522240,0.0,-4.06161985918666e-40,9927.051530792356,0.9967586640797594,1.3782962979975666e-30
522300,0.0,-4.061163303401706e-40,9927.051530792356,0.9967586640797594,1.3781414399302148e-30
522360,0.0,-4.060706747616752e-40,9927.051530792356,0.9967586640797594,1.3779865818628632e-30
522420,0.0,-4.060250191831798e-40,9927.051530792356,0.9967586640797594,1.3778317237955112e-30
522480,0.0,-4.059793636046844e-40,9927.051530792356,0.9967586640797594,1.3776768657281594e-30
522540,0.0,-4.059337080261889e-40,9927.051530792356,0.9967586640797594,1.3775220076608074e-30
522600,0.0,-4.0588805244769346e-40,9927.051530792356,0.9967586640797594,1.3773671495934558e-30
522660,0.0,-4.058423968691981e-40,9927.051530792356,0.9967586640797594,1.377212291526104e-30
522720,0.0,-4.057967412907026e-40,9927.051530792356,0.9967586640797594,1.377057433458752e-30
522780,0.0,-4.057510857122072e-40,9927.051530792356,0.9967586640797594,1.3769025753914003e-30
522840,0.0,-4.057054301337118e-40,9927.051530792356,0.9967586640797594,1.3767477173240486e-30
522900,0.0,-4.056597745552164e-40,9927.051530792356,0.9967586640797594,1.3765928592566967e-30
522960,0.0,-4.05614118976721e-40,9927.051530792356,0.9967586640797594,1.3764380011893449e-30
523020,0.0,-4.0556846339822556e-40,9927.051530792356,0.9967586640797594,1.3762831431219931e-30
523080,0.0,-4.0552280781973014e-40,9927.051530792356,0.9967586640797594,1.3761282850546411e-30
523140,0.0,-4.054771522412347e-40,9927.051530792356,0.9967586640797594,1.3759734269872895e-30
523200,0.0,-4.054314966627393e-40,9927.051530792356,0.9967586640797594,1.3758185689199377e-30
523260,0.0,-4.053858410842438e-40,9927.051530792356,0.9967586640797594,1.3756637108525857e-30
523320,0.0,-4.053401855057485e-40,9927.051530792356,0.9967586640797594,1.375508852785234e-30
523380,0.0,-4.052945299272531e-40,9927.051530792356,0.9967586640797594,1.3753539947178823e-30
523440,0.0,-4.052488743487576e-40,9927.051530792356,0.9967586640797594,1.3751991366505304e-30
523500,0.0,-4.052032187702622e-40,9927.051530792356,0.9967586640797594,1.3750442785831786e-30
523560,0.0,-4.0515756319176675e-40,9927.051530792356,0.9967586640797594,1.3748894205158266e-30
523620,0.0,-4.051119076132713e-40,9927.051530792356,0.9967586640797594,1.374734562448475e-30
523680,0.0,-4.050662520347759e-40,9927.051530792356,0.9967586640797594,1.3745797043811232e-30
523740,0.0,-4.050205964562804e-40,9927.051530792356,0.9967586640797594,1.3744248463137712e-30
523800,0.0,-4.049749408777851e-40,9927.051530792356,0.9967586640797594,1.3742699882464194e-30
523860,0.0,-4.049292852992897e-40,9927.051530792356,0.9967586640797594,1.3741151301790678e-30
523920,0.0,-4.048836297207942e-40,9927.051530792356,0.9967586640797594,1.3739602721117159e-30
523980,0.0,-4.048379741422988e-40,9927.051530792356,0.9967586640797594,1.373805414044364e-30
524040,0.0,-4.047923185638034e-40,9927.051530792356,0.9967586640797594,1.3736505559770123e-30
524100,0.0,-4.047466629853079e-40,9927.051530792356,0.9967586640797594,1.3734956979096603e-30
524160,0.0,-4.047010074068125e-40,9927.051530792356,0.9967586640797594,1.3733408398423087e-30
524220,0.0,-4.046553518283171e-40,9927.051530792356,0.9967586640797594,1.3731859817749569e-30
524280,0.0,-4.046096962498217e-40,9927.051530792356,0.9967586640797594,1.373031123707605e-30
524340,0.0,-4.045640406713263e-40,9927.051530792356,0.9967586640797594,1.3728762656402531e-30
524400,0.0,-4.045183850928309e-40,9927.051530792356,0.9967586640797594,1.3727214075729015e-30
524460,0.0,-4.0447272951433545e-40,9927.051530792356,0.9967586640797594,1.3725665495055495e-30
524520,0.0,-4.0442707393584e-40,9927.051530792356,0.9967586640797594,1.3724116914381978e-30
524580,0.0,-4.0438141835734454e-40,9927.051530792356,0.9967586640797594,1.3722568333708458e-30
524640,0.0,-4.043357627788491e-40,9927.051530792356,0.9967586640797594,1.3721019753034942e-30
524700,0.0,-4.042901072003537e-40,9927.051530792356,0.9967586640797594,1.3719471172361424e-30
524760,0.0,-4.042444516218583e-40,9927.051530792356,0.9967586640797594,1.3717922591687904e-30
524820,0.0,-4.041987960433629e-40,9927.051530792356,0.9967586640797594,1.3716374011014386e-30
524880,0.0,-4.041531404648675e-40,9927.051530792356,0.9967586640797594,1.371482543034087e-30
524940,0.0,-4.0410748488637206e-40,9927.051530792356,0.9967586640797594,1.371327684966735e-30
525000,0.0,-4.0406182930787664e-40,9927.051530792356,0.9967586640797594,1.3711728268993832e-30
525060,0.0,-4.040161737293812e-40,9927.051530792356,0.9967586640797594,1.3710179688320314e-30
525120,0.0,-4.039705181508857e-40,9927.051530792356,0.9967586640797594,1.3708631107646795e-30
525180,0.0,-4.039248625723904e-40,9927.051530792356,0.9967586640797594,1.3707082526973279e-30
525240,0.0,-4.03879206993895e-40,9927.051530792356,0.9967586640797594,1.370553394629976e-30
525300,0.0,-4.038335514153995e-40,9927.051530792356,0.9967586640797594,1.3703985365626241e-30
525360,0.0,-4.037878958369041e-40,9927.051530792356,0.9967586640797594,1.3702436784952723e-30
525420,0.0,-4.037422402584087e-40,9927.051530792356,0.9967586640797594,1.3700888204279207e-30
525480,0.0,-4.0369658467991324e-40,9927.051530792356,0.9967586640797594,1.3699339623605687e-30
525540,0.0,-4.036509291014178e-40,9927.051530792356,0.9967586640797594,1.369779104293217e-30
525600,0.0,-4.036052735229224e-40,9927.051530792356,0.9967586640797594,1.369624246225865e-30
525660,0.0,-4.03559617944427e-40,9927.051530792356,0.9967586640797594,1.3694693881585133e-30
525720,0.0,-4.035139623659316e-40,9927.051530792356,0.9967586640797594,1.3693145300911616e-30
525780,0.0,-4.034683067874361e-40,9927.051530792356,0.9967586640797594,1.3691596720238096e-30
525840,0.0,-4.034226512089407e-40,9927.051530792356,0.9967586640797594,1.3690048139564578e-30
525900,0.0,-4.0337699563044534e-40,9927.051530792356,0.9967586640797594,1.3688499558891062e-30
525960,0.0,-4.0333134005194985e-40,9927.051530792356,0.9967586640797594,1.3686950978217542e-30
526020,0.0,-4.032856844734544e-40,9927.051530792356,0.9967586640797594,1.3685402397544024e-30
526080,0.0,-4.03240028894959e-40,9927.051530792356,0.9967586640797594,1.3683853816870506e-30
526140,0.0,-4.031943733164636e-40,9927.051530792356,0.9967586640797594,1.3682305236196987e-30
526200,0.0,-4.031487177379682e-40,9927.051530792356,0.9967586640797594,1.368075665552347e-30
526260,0.0,-4.031030621594728e-40,9927.051530792356,0.9967586640797594,1.3679208074849952e-30
526320,0.0,-4.030574065809774e-40,9927.051530792356,0.9967586640797594,1.3677659494176433e-30
526380,0.0,-4.0301175100248195e-40,9927.051530792356,0.9967586640797594,1.3676110913502915e-30
526440,0.0,-4.029660954239865e-40,9927.051530792356,0.9967586640797594,1.3674562332829399e-30
526500,0.0,-4.02920439845491e-40,9927.051530792356,0.9967586640797594,1.3673013752155879e-30
526560,0.0,-4.028747842669957e-40,9927.051530792356,0.9967586640797594,1.3671465171482361e-30
526620,0.0,-4.028291286885003e-40,9927.051530792356,0.9967586640797594,1.3669916590808845e-30
526680,0.0,-4.027834731100048e-40,9927.051530792356,0.9967586640797594,1.3668368010135325e-30
526740,0.0,-4.027378175315094e-40,9927.051530792356,0.9967586640797594,1.3666819429461807e-30
526800,0.0,-4.02692161953014e-40,9927.051530792356,0.9967586640797594,1.3665270848788288e-30
526860,0.0,-4.0264650637451855e-40,9927.051530792356,0.9967586640797594,1.366372226811477e-30
526920,0.0,-4.026008507960231e-40,9927.051530792356,0.9967586640797594,1.3662173687441254e-30
526980,0.0,-4.0255519521752764e-40,9927.051530792356,0.9967586640797594,1.3660625106767734e-30
527040,0.0,-4.025095396390323e-40,9927.051530792356,0.9967586640797594,1.3659076526094216e-30
527100,0.0,-4.024638840605369e-40,9927.051530792356,0.9967586640797594,1.3657527945420698e-30
527160,0.0,-4.024182284820414e-40,9927.051530792356,0.9967586640797594,1.3655979364747178e-30
527220,0.0,-4.02372572903546e-40,9927.051530792356,0.9967586640797594,1.3654430784073662e-30
527280,0.0,-4.0232691732505065e-40,9927.051530792356,0.9967586640797594,1.3652882203400144e-30
527340,0.0,-4.0228126174655516e-40,9927.051530792356,0.9967586640797594,1.3651333622726625e-30
527400,0.0,-4.0223560616805974e-40,9927.051530792356,0.9967586640797594,1.3649785042053107e-30
527460,0.0,-4.021899505895643e-40,9927.051530792356,0.9967586640797594,1.364823646137959e-30
527520,0.0,-4.021442950110689e-40,9927.051530792356,0.9967586640797594,1.364668788070607e-30
527580,0.0,-4.020986394325735e-40,9927.051530792356,0.9967586640797594,1.3645139300032553e-30
527640,0.0,-4.020529838540781e-40,9927.051530792356,0.9967586640797594,1.3643590719359037e-30
527700,0.0,-4.020073282755827e-40,9927.051530792356,0.9967586640797594,1.3642042138685517e-30
527760,0.0,-4.0196167269708726e-40,9927.051530792356,0.9967586640797594,1.3640493558011999e-30
527820,0.0,-4.019160171185918e-40,9927.051530792356,0.9967586640797594,1.363894497733848e-30
527880,0.0,-4.0187036154009635e-40,9927.051530792356,0.9967586640797594,1.3637396396664961e-30
527940,0.0,-4.01824705961601e-40,9927.051530792356,0.9967586640797594,1.3635847815991445e-30
528000,0.0,-4.017790503831055e-40,9927.051530792356,0.9967586640797594,1.3634299235317926e-30
528060,0.0,-4.017333948046101e-40,9927.051530792356,0.9967586640797594,1.3632750654644408e-30
528120,0.0,-4.016877392261147e-40,9927.051530792356,0.9967586640797594,1.363120207397089e-30
528180,0.0,-4.016420836476193e-40,9927.051530792356,0.9967586640797594,1.362965349329737e-30
528240,0.0,-4.015964280691239e-40,9927.051530792356,0.9967586640797594,1.3628104912623854e-30
528300,0.0,-4.0155077249062845e-40,9927.051530792356,0.9967586640797594,1.3626556331950336e-30
528360,0.0,-4.0150511691213295e-40,9927.051530792356,0.9967586640797594,1.3625007751276816e-30
528420,0.0,-4.014594613336376e-40,9927.051530792356,0.9967586640797594,1.3623459170603298e-30
528480,0.0,-4.014138057551422e-40,9927.051530792356,0.9967586640797594,1.3621910589929782e-30
528540,0.0,-4.013681501766467e-40,9927.051530792356,0.9967586640797594,1.3620362009256263e-30
528600,0.0,-4.013224945981513e-40,9927.051530792356,0.9967586640797594,1.3618813428582745e-30
528660,0.0,-4.01276839019656e-40,9927.051530792356,0.9967586640797594,1.3617264847909228e-30
528720,0.0,-4.012311834411605e-40,9927.051530792356,0.9967586640797594,1.3615716267235709e-30
528780,0.0,-4.0118552786266505e-40,9927.051530792356,0.9967586640797594,1.361416768656219e-30
528840,0.0,-4.011398722841696e-40,9927.051530792356,0.9967586640797594,1.3612619105888671e-30
528900,0.0,-4.010942167056742e-40,9927.051530792356,0.9967586640797594,1.3611070525215153e-30
528960,0.0,-4.010485611271788e-40,9927.051530792356,0.9967586640797594,1.3609521944541637e-30
529020,0.0,-4.010029055486833e-40,9927.051530792356,0.9967586640797594,1.3607973363868117e-30
529080,0.0,-4.00957249970188e-40,9927.051530792356,0.9967586640797594,1.36064247831946e-30
529140,0.0,-4.009115943916926e-40,9927.051530792356,0.9967586640797594,1.3604876202521082e-30
529200,0.0,-4.008659388131971e-40,9927.051530792356,0.9967586640797594,1.3603327621847562e-30
529260,0.0,-4.0082028323470165e-40,9927.051530792356,0.9967586640797594,1.3601779041174046e-30
529320,0.0,-4.007746276562062e-40,9927.051530792356,0.9967586640797594,1.3600230460500528e-30
529380,0.0,-4.007289720777108e-40,9927.051530792356,0.9967586640797594,1.3598681879827008e-30
529440,0.0,-4.006833164992154e-40,9927.051530792356,0.9967586640797594,1.359713329915349e-30
529500,0.0,-4.0063766092072e-40,9927.051530792356,0.9967586640797594,1.3595584718479974e-30
529560,0.0,-4.005920053422246e-40,9927.051530792356,0.9967586640797594,1.3594036137806454e-30
529620,0.0,-4.005463497637292e-40,9927.051530792356,0.9967586640797594,1.3592487557132936e-30
529680,0.0,-4.0050069418523375e-40,9927.051530792356,0.9967586640797594,1.359093897645942e-30
529740,0.0,-4.0045503860673826e-40,9927.051530792356,0.9967586640797594,1.35893903957859e-30
529800,0.0,-4.004093830282429e-40,9927.051530792356,0.9967586640797594,1.3587841815112383e-30
529860,0.0,-4.003637274497474e-40,9927.051530792356,0.9967586640797594,1.3586293234438863e-30
529920,0.0,-4.00318071871252e-40,9927.051530792356,0.9967586640797594,1.3584744653765345e-30
529980,0.0,-4.002724162927566e-40,9927.051530792356,0.9967586640797594,1.3583196073091829e-30
530040,0.0,-4.002267607142612e-40,9927.051530792356,0.9967586640797594,1.358164749241831e-30
530100,0.0,-4.001811051357658e-40,9927.051530792356,0.9967586640797594,1.3580098911744791e-30
530160,0.0,-4.0013544955727036e-40,9927.051530792356,0.9967586640797594,1.3578550331071273e-30
530220,0.0,-4.000897939787749e-40,9927.051530792356,0.9967586640797594,1.3577001750397754e-30
530280,0.0,-4.000441384002795e-40,9927.051530792356,0.9967586640797594,1.3575453169724237e-30
530340,0.0,-3.999984828217841e-40,9927.051530792356,0.9967586640797594,1.357390458905072e-30
530400,0.0,-3.999528272432886e-40,9927.051530792356,0.9967586640797594,1.35723560083772e-30
530460,0.0,-3.999071716647932e-40,9927.051530792356,0.9967586640797594,1.3570807427703682e-30
530520,0.0,-3.998615160862979e-40,9927.051530792356,0.9967586640797594,1.3569258847030166e-30
530580,0.0,-3.998158605078024e-40,9927.051530792356,0.9967586640797594,1.3567710266356646e-30
530640,0.0,-3.99770204929307e-40,9927.051530792356,0.9967586640797594,1.3566161685683128e-30
530700,0.0,-3.9972454935081155e-40,9927.051530792356,0.9967586640797594,1.3564613105009612e-30
530760,0.0,-3.996788937723161e-40,9927.051530792356,0.9967586640797594,1.3563064524336092e-30
530820,0.0,-3.996332381938207e-40,9927.051530792356,0.9967586640797594,1.3561515943662574e-30
530880,0.0,-3.995875826153252e-40,9927.051530792356,0.9967586640797594,1.3559967362989055e-30
530940,0.0,-3.995419270368299e-40,9927.051530792356,0.9967586640797594,1.3558418782315537e-30
531000,0.0,-3.994962714583345e-40,9927.051530792356,0.9967586640797594,1.355687020164202e-30
531060,0.0,-3.99450615879839e-40,9927.051530792356,0.9967586640797594,1.3555321620968501e-30
531120,0.0,-3.994049603013436e-40,9927.051530792356,0.9967586640797594,1.3553773040294983e-30
531180,0.0,-3.993593047228482e-40,9927.051530792356,0.9967586640797594,1.3552224459621465e-30
531240,0.0,-3.993136491443527e-40,9927.051530792356,0.9967586640797594,1.3550675878947945e-30
531300,0.0,-3.992679935658573e-40,9927.051530792356,0.9967586640797594,1.354912729827443e-30
531360,0.0,-3.992223379873619e-40,9927.051530792356,0.9967586640797594,1.3547578717600911e-30
531420,0.0,-3.991766824088665e-40,9927.051530792356,0.9967586640797594,1.3546030136927392e-30
531480,0.0,-3.991310268303711e-40,9927.051530792356,0.9967586640797594,1.3544481556253874e-30
531540,0.0,-3.990853712518757e-40,9927.051530792356,0.9967586640797594,1.3542932975580358e-30
531600,0.0,-3.990397156733802e-40,9927.051530792356,0.9967586640797594,1.3541384394906838e-30
531660,0.0,-3.989940600948848e-40,9927.051530792356,0.9967586640797594,1.353983581423332e-30
531720,0.0,-3.989484045163894e-40,9927.051530792356,0.9967586640797594,1.3538287233559804e-30
531780,0.0,-3.989027489378939e-40,9927.051530792356,0.9967586640797594,1.3536738652886284e-30
531840,0.0,-3.988570933593985e-40,9927.051530792356,0.9967586640797594,1.3535190072212766e-30
531900,0.0,-3.988114377809031e-40,9927.051530792356,0.9967586640797594,1.3533641491539246e-30
531960,0.0,-3.987657822024077e-40,9927.051530792356,0.9967586640797594,1.3532092910865729e-30
532020,0.0,-3.987201266239123e-40,9927.051530792356,0.9967586640797594,1.3530544330192212e-30
532080,0.0,-3.9867447104541685e-40,9927.051530792356,0.9967586640797594,1.3528995749518693e-30
532140,0.0,-3.986288154669214e-40,9927.051530792356,0.9967586640797594,1.3527447168845175e-30
532200,0.0,-3.98583159888426e-40,9927.051530792356,0.9967586640797594,1.3525898588171657e-30
532260,0.0,-3.985375043099305e-40,9927.051530792356,0.9967586640797594,1.3524350007498137e-30
532320,0.0,-3.984918487314352e-40,9927.051530792356,0.9967586640797594,1.3522801426824621e-30
532380,0.0,-3.984461931529398e-40,9927.051530792356,0.9967586640797594,1.3521252846151103e-30
532440,0.0,-3.984005375744443e-40,9927.051530792356,0.9967586640797594,1.3519704265477583e-30
532500,0.0,-3.983548819959489e-40,9927.051530792356,0.9967586640797594,1.3518155684804065e-30
532560,0.0,-3.983092264174535e-40,9927.051530792356,0.9967586640797594,1.351660710413055e-30
532620,0.0,-3.9826357083895804e-40,9927.051530792356,0.9967586640797594,1.351505852345703e-30
532680,0.0,-3.982179152604626e-40,9927.051530792356,0.9967586640797594,1.3513509942783512e-30
532740,0.0,-3.981722596819672e-40,9927.051530792356,0.9967586640797594,1.3511961362109996e-30
532800,0.0,-3.981266041034718e-40,9927.051530792356,0.9967586640797594,1.3510412781436476e-30
532860,0.0,-3.980809485249764e-40,9927.051530792356,0.9967586640797594,1.3508864200762958e-30
532920,0.0,-3.980352929464809e-40,9927.051530792356,0.9967586640797594,1.3507315620089438e-30
532980,0.0,-3.979896373679855e-40,9927.051530792356,0.9967586640797594,1.350576703941592e-30
533040,0.0,-3.9794398178949014e-40,9927.051530792356,0.9967586640797594,1.3504218458742404e-30
533100,0.0,-3.9789832621099465e-40,9927.051530792356,0.9967586640797594,1.3502669878068884e-30
533160,0.0,-3.978526706324992e-40,9927.051530792356,0.9967586640797594,1.3501121297395367e-30
533220,0.0,-3.978070150540038e-40,9927.051530792356,0.9967586640797594,1.3499572716721849e-30
533280,0.0,-3.977613594755084e-40,9927.051530792356,0.9967586640797594,1.3498024136048329e-30
533340,0.0,-3.97715703897013e-40,9927.051530792356,0.9967586640797594,1.3496475555374813e-30
533400,0.0,-3.976700483185176e-40,9927.051530792356,0.9967586640797594,1.3494926974701295e-30
533460,0.0,-3.976243927400222e-40,9927.051530792356,0.9967586640797594,1.3493378394027775e-30
533520,0.0,-3.9757873716152675e-40,9927.051530792356,0.9967586640797594,1.3491829813354257e-30
533580,0.0,-3.975330815830313e-40,9927.051530792356,0.9967586640797594,1.3490281232680741e-30
533640,0.0,-3.974874260045358e-40,9927.051530792356,0.9967586640797594,1.3488732652007221e-30
533700,0.0,-3.974417704260405e-40,9927.051530792356,0.9967586640797594,1.3487184071333703e-30
533760,0.0,-3.973961148475451e-40,9927.051530792356,0.9967586640797594,1.3485635490660187e-30
533820,0.0,-3.973504592690496e-40,9927.051530792356,0.9967586640797594,1.3484086909986668e-30
533880,0.0,-3.973048036905542e-40,9927.051530792356,0.9967586640797594,1.348253832931315e-30
533940,0.0,-3.972591481120588e-40,9927.051530792356,0.9967586640797594,1.348098974863963e-30
534000,0.0,-3.9721349253356335e-40,9927.051530792356,0.9967586640797594,1.3479441167966112e-30
534060,0.0,-3.971678369550679e-40,9927.051530792356,0.9967586640797594,1.3477892587292596e-30
534120,0.0,-3.9712218137657244e-40,9927.051530792356,0.9967586640797594,1.3476344006619076e-30
534180,0.0,-3.970765257980771e-40,9927.051530792356,0.9967586640797594,1.3474795425945558e-30
534240,0.0,-3.970308702195817e-40,9927.051530792356,0.9967586640797594,1.347324684527204e-30
534300,0.0,-3.969852146410862e-40,9927.051530792356,0.9967586640797594,1.347169826459852e-30
534360,0.0,-3.969395590625908e-40,9927.051530792356,0.9967586640797594,1.3470149683925005e-30
534420,0.0,-3.9689390348409545e-40,9927.051530792356,0.9967586640797594,1.3468601103251487e-30
534480,0.0,-3.9684824790559996e-40,9927.051530792356,0.9967586640797594,1.3467052522577967e-30
534540,0.0,-3.9680259232710454e-40,9927.051530792356,0.9967586640797594,1.3465503941904449e-30
534600,0.0,-3.967569367486091e-40,9927.051530792356,0.9967586640797594,1.3463955361230933e-30
534660,0.0,-3.967112811701137e-40,9927.051530792356,0.9967586640797594,1.3462406780557413e-30
534720,0.0,-3.966656255916183e-40,9927.051530792356,0.9967586640797594,1.3460858199883895e-30
534780,0.0,-3.966199700131229e-40,9927.051530792356,0.9967586640797594,1.3459309619210379e-30
534840,0.0,-3.965743144346274e-40,9927.051530792356,0.9967586640797594,1.345776103853686e-30
534900,0.0,-3.9652865885613206e-40,9927.051530792356,0.9967586640797594,1.3456212457863341e-30
534960,0.0,-3.964830032776366e-40,9927.051530792356,0.9967586640797594,1.3454663877189822e-30
535020,0.0,-3.9643734769914115e-40,9927.051530792356,0.9967586640797594,1.3453115296516304e-30
535080,0.0,-3.963916921206457e-40,9927.051530792356,0.9967586640797594,1.3451566715842788e-30
535140,0.0,-3.963460365421503e-40,9927.051530792356,0.9967586640797594,1.3450018135169268e-30
535200,0.0,-3.963003809636549e-40,9927.051530792356,0.9967586640797594,1.344846955449575e-30
535260,0.0,-3.962547253851595e-40,9927.051530792356,0.9967586640797594,1.3446920973822232e-30
535320,0.0,-3.962090698066641e-40,9927.051530792356,0.9967586640797594,1.3445372393148712e-30
535380,0.0,-3.961634142281687e-40,9927.051530792356,0.9967586640797594,1.3443823812475196e-30
535440,0.0,-3.9611775864967325e-40,9927.051530792356,0.9967586640797594,1.3442275231801678e-30
535500,0.0,-3.9607210307117775e-40,9927.051530792356,0.9967586640797594,1.3440726651128159e-30
535560,0.0,-3.960264474926824e-40,9927.051530792356,0.9967586640797594,1.343917807045464e-30
535620,0.0,-3.95980791914187e-40,9927.051530792356,0.9967586640797594,1.3437629489781125e-30
535680,0.0,-3.959351363356915e-40,9927.051530792356,0.9967586640797594,1.3436080909107605e-30
535740,0.0,-3.958894807571961e-40,9927.051530792356,0.9967586640797594,1.3434532328434087e-30
535800,0.0,-3.958438251787008e-40,9927.051530792356,0.9967586640797594,1.343298374776057e-30
535860,0.0,-3.957981696002053e-40,9927.051530792356,0.9967586640797594,1.3431435167087051e-30
535920,0.0,-3.9575251402170985e-40,9927.051530792356,0.9967586640797594,1.3429886586413533e-30
535980,0.0,-3.9570685844321435e-40,9927.051530792356,0.9967586640797594,1.3428338005740014e-30
536040,0.0,-3.95661202864719e-40,9927.051530792356,0.9967586640797594,1.3426789425066496e-30
536100,0.0,-3.956155472862236e-40,9927.051530792356,0.9967586640797594,1.342524084439298e-30
536160,0.0,-3.955698917077281e-40,9927.051530792356,0.9967586640797594,1.342369226371946e-30
536220,0.0,-3.955242361292327e-40,9927.051530792356,0.9967586640797594,1.3422143683045942e-30
536280,0.0,-3.954785805507374e-40,9927.051530792356,0.9967586640797594,1.3420595102372424e-30
536340,0.0,-3.954329249722419e-40,9927.051530792356,0.9967586640797594,1.3419046521698904e-30
536400,0.0,-3.9538726939374645e-40,9927.051530792356,0.9967586640797594,1.3417497941025388e-30
536460,0.0,-3.95341613815251e-40,9927.051530792356,0.9967586640797594,1.341594936035187e-30
536520,0.0,-3.952959582367556e-40,9927.051530792356,0.9967586640797594,1.341440077967835e-30
536580,0.0,-3.952503026582602e-40,9927.051530792356,0.9967586640797594,1.3412852199004833e-30
536640,0.0,-3.952046470797648e-40,9927.051530792356,0.9967586640797594,1.3411303618331316e-30
536700,0.0,-3.951589915012694e-40,9927.051530792356,0.9967586640797594,1.3409755037657797e-30
536760,0.0,-3.95113335922774e-40,9927.051530792356,0.9967586640797594,1.3408206456984279e-30
536820,0.0,-3.9506768034427855e-40,9927.051530792356,0.9967586640797594,1.3406657876310763e-30
536880,0.0,-3.9502202476578306e-40,9927.051530792356,0.9967586640797594,1.3405109295637243e-30
536940,0.0,-3.949763691872877e-40,9927.051530792356,0.9967586640797594,1.3403560714963725e-30
537000,0.0,-3.949307136087923e-40,9927.051530792356,0.9967586640797594,1.3402012134290207e-30
537060,0.0,-3.948850580302968e-40,9927.051530792356,0.9967586640797594,1.3400463553616687e-30
537120,0.0,-3.948394024518014e-40,9927.051530792356,0.9967586640797594,1.3398914972943171e-30
537180,0.0,-3.94793746873306e-40,9927.051530792356,0.9967586640797594,1.3397366392269652e-30
537240,0.0,-3.947480912948106e-40,9927.051530792356,0.9967586640797594,1.3395817811596134e-30
537300,0.0,-3.9470243571631516e-40,9927.051530792356,0.9967586640797594,1.3394269230922616e-30
537360,0.0,-3.946567801378197e-40,9927.051530792356,0.9967586640797594,1.3392720650249096e-30
537420,0.0,-3.946111245593243e-40,9927.051530792356,0.9967586640797594,1.339117206957558e-30
537480,0.0,-3.945654689808289e-40,9927.051530792356,0.9967586640797594,1.3389623488902062e-30
537540,0.0,-3.945198134023334e-40,9927.051530792356,0.9967586640797594,1.3388074908228542e-30
537600,0.0,-3.94474157823838e-40,9927.051530792356,0.9967586640797594,1.3386526327555024e-30
537660,0.0,-3.944285022453427e-40,9927.051530792356,0.9967586640797594,1.3384977746881508e-30
537720,0.0,-3.943828466668472e-40,9927.051530792356,0.9967586640797594,1.3383429166207988e-30
537780,0.0,-3.943371910883518e-40,9927.051530792356,0.9967586640797594,1.338188058553447e-30
537840,0.0,-3.9429153550985635e-40,9927.051530792356,0.9967586640797594,1.3380332004860954e-30
537900,0.0,-3.942458799313609e-40,9927.051530792356,0.9967586640797594,1.3378783424187435e-30
537960,0.0,-3.942002243528655e-40,9927.051530792356,0.9967586640797594,1.3377234843513917e-30
538020,0.0,-3.941545687743701e-40,9927.051530792356,0.9967586640797594,1.3375686262840399e-30
538080,0.0,-3.941089131958747e-40,9927.051530792356,0.9967586640797594,1.337413768216688e-30
538140,0.0,-3.940632576173793e-40,9927.051530792356,0.9967586640797594,1.3372589101493363e-30
538200,0.0,-3.940176020388838e-40,9927.051530792356,0.9967586640797594,1.3371040520819843e-30
538260,0.0,-3.939719464603884e-40,9927.051530792356,0.9967586640797594,1.3369491940146325e-30
538320,0.0,-3.9392629088189295e-40,9927.051530792356,0.9967586640797594,1.3367943359472807e-30
538380,0.0,-3.938806353033975e-40,9927.051530792356,0.9967586640797594,1.3366394778799288e-30
538440,0.0,-3.938349797249021e-40,9927.051530792356,0.9967586640797594,1.3364846198125772e-30
538500,0.0,-3.937893241464067e-40,9927.051530792356,0.9967586640797594,1.3363297617452254e-30
538560,0.0,-3.937436685679113e-40,9927.051530792356,0.9967586640797594,1.3361749036778734e-30
538620,0.0,-3.936980129894159e-40,9927.051530792356,0.9967586640797594,1.3360200456105216e-30
538680,0.0,-3.936523574109205e-40,9927.051530792356,0.9967586640797594,1.33586518754317e-30
538740,0.0,-3.93606701832425e-40,9927.051530792356,0.9967586640797594,1.335710329475818e-30
538800,0.0,-3.935610462539296e-40,9927.051530792356,0.9967586640797594,1.3355554714084662e-30
538860,0.0,-3.935153906754342e-40,9927.051530792356,0.9967586640797594,1.3354006133411146e-30
538920,0.0,-3.934697350969387e-40,9927.051530792356,0.9967586640797594,1.3352457552737626e-30
538980,0.0,-3.934240795184433e-40,9927.051530792356,0.9967586640797594,1.3350908972064109e-30
539040,0.0,-3.93378423939948e-40,9927.051530792356,0.9967586640797594,1.334936039139059e-30
539100,0.0,-3.933327683614525e-40,9927.051530792356,0.9967586640797594,1.3347811810717071e-30
539160,0.0,-3.932871127829571e-40,9927.051530792356,0.9967586640797594,1.3346263230043555e-30
539220,0.0,-3.9324145720446165e-40,9927.051530792356,0.9967586640797594,1.3344714649370035e-30
539280,0.0,-3.931958016259662e-40,9927.051530792356,0.9967586640797594,1.3343166068696517e-30
539340,0.0,-3.931501460474708e-40,9927.051530792356,0.9967586640797594,1.3341617488023e-30
539400,0.0,-3.931044904689753e-40,9927.051530792356,0.9967586640797594,1.334006890734948e-30
539460,0.0,-3.930588348904799e-40,9927.051530792356,0.9967586640797594,1.3338520326675963e-30
539520,0.0,-3.930131793119846e-40,9927.051530792356,0.9967586640797594,1.3336971746002445e-30
539580,0.0,-3.929675237334891e-40,9927.051530792356,0.9967586640797594,1.3335423165328926e-30
539640,0.0,-3.929218681549937e-40,9927.051530792356,0.9967586640797594,1.3333874584655408e-30
539700,0.0,-3.9287621257649826e-40,9927.051530792356,0.9967586640797594,1.3332326003981892e-30
539760,0.0,-3.9283055699800284e-40,9927.051530792356,0.9967586640797594,1.3330777423308372e-30
539820,0.0,-3.927849014195074e-40,9927.051530792356,0.9967586640797594,1.3329228842634854e-30
539880,0.0,-3.92739245841012e-40,9927.051530792356,0.9967586640797594,1.3327680261961338e-30
539940,0.0,-3.926935902625166e-40,9927.051530792356,0.9967586640797594,1.3326131681287818e-30
540000,0.0,-3.926479346840212e-40,9927.051530792356,0.9967586640797594,1.33245831006143e-30
540060,0.0,-3.926022791055258e-40,9927.051530792356,0.9967586640797594,1.3323034519940782e-30
540120,0.0,-3.925566235270303e-40,9927.051530792356,0.9967586640797594,1.3321485939267263e-30
540180,0.0,-3.9251096794853494e-40,9927.051530792356,0.9967586640797594,1.3319937358593747e-30
540240,0.0,-3.9246531237003945e-40,9927.051530792356,0.9967586640797594,1.3318388777920227e-30
540300,0.0,-3.92419656791544e-40,9927.051530792356,0.9967586640797594,1.3316840197246709e-30
540360,0.0,-3.923740012130486e-40,9927.051530792356,0.9967586640797594,1.3315291616573191e-30
540420,0.0,-3.923283456345532e-40,9927.051530792356,0.9967586640797594,1.3313743035899671e-30
540480,0.0,-3.922826900560578e-40,9927.051530792356,0.9967586640797594,1.3312194455226155e-30
540540,0.0,-3.922370344775624e-40,9927.051530792356,0.9967586640797594,1.3310645874552637e-30
540600,0.0,-3.921913788990669e-40,9927.051530792356,0.9967586640797594,1.3309097293879118e-30
540660,0.0,-3.9214572332057155e-40,9927.051530792356,0.9967586640797594,1.33075487132056e-30
540720,0.0,-3.921000677420761e-40,9927.051530792356,0.9967586640797594,1.3306000132532083e-30
540780,0.0,-3.920544121635806e-40,9927.051530792356,0.9967586640797594,1.3304451551858564e-30
540840,0.0,-3.920087565850852e-40,9927.051530792356,0.9967586640797594,1.3302902971185046e-30
540900,0.0,-3.919631010065899e-40,9927.051530792356,0.9967586640797594,1.330135439051153e-30
540960,0.0,-3.919174454280944e-40,9927.051530792356,0.9967586640797594,1.329980580983801e-30
541020,0.0,-3.91871789849599e-40,9927.051530792356,0.9967586640797594,1.3298257229164492e-30
541080,0.0,-3.918261342711036e-40,9927.051530792356,0.9967586640797594,1.3296708648490974e-30
541140,0.0,-3.9178047869260815e-40,9927.051530792356,0.9967586640797594,1.3295160067817454e-30
541200,0.0,-3.917348231141127e-40,9927.051530792356,0.9967586640797594,1.3293611487143938e-30
541260,0.0,-3.9168916753561724e-40,9927.051530792356,0.9967586640797594,1.3292062906470419e-30
541320,0.0,-3.916435119571219e-40,9927.051530792356,0.9967586640797594,1.32905143257969e-30
541380,0.0,-3.915978563786265e-40,9927.051530792356,0.9967586640797594,1.3288965745123383e-30
541440,0.0,-3.91552200800131e-40,9927.051530792356,0.9967586640797594,1.3287417164449863e-30
541500,0.0,-3.915065452216356e-40,9927.051530792356,0.9967586640797594,1.3285868583776347e-30
541560,0.0,-3.9146088964314025e-40,9927.051530792356,0.9967586640797594,1.3284320003102829e-30
541620,0.0,-3.9141523406464476e-40,9927.051530792356,0.9967586640797594,1.328277142242931e-30
541680,0.0,-3.9136957848614934e-40,9927.051530792356,0.9967586640797594,1.3281222841755791e-30
541740,0.0,-3.913239229076539e-40,9927.051530792356,0.9967586640797594,1.3279674261082275e-30
541800,0.0,-3.912782673291585e-40,9927.051530792356,0.9967586640797594,1.3278125680408756e-30
541860,0.0,-3.912326117506631e-40,9927.051530792356,0.9967586640797594,1.3276577099735238e-30
541920,0.0,-3.911869561721677e-40,9927.051530792356,0.9967586640797594,1.3275028519061721e-30
541980,0.0,-3.911413005936722e-40,9927.051530792356,0.9967586640797594,1.3273479938388202e-30
542040,0.0,-3.9109564501517686e-40,9927.051530792356,0.9967586640797594,1.3271931357714684e-30
542100,0.0,-3.9104998943668144e-40,9927.051530792356,0.9967586640797594,1.3270382777041166e-30
542160,0.0,-3.9100433385818595e-40,9927.051530792356,0.9967586640797594,1.3268834196367646e-30
542220,0.0,-3.909586782796905e-40,9927.051530792356,0.9967586640797594,1.326728561569413e-30
542280,0.0,-3.909130227011951e-40,9927.051530792356,0.9967586640797594,1.326573703502061e-30
542340,0.0,-3.908673671226997e-40,9927.051530792356,0.9967586640797594,1.3264188454347092e-30
542400,0.0,-3.908217115442043e-40,9927.051530792356,0.9967586640797594,1.3262639873673575e-30
542460,0.0,-3.907760559657089e-40,9927.051530792356,0.9967586640797594,1.3261091293000055e-30
542520,0.0,-3.907304003872135e-40,9927.051530792356,0.9967586640797594,1.3259542712326539e-30
542580,0.0,-3.9068474480871805e-40,9927.051530792356,0.9967586640797594,1.325799413165302e-30
542640,0.0,-3.9063908923022255e-40,9927.051530792356,0.9967586640797594,1.3256445550979501e-30
542700,0.0,-3.905934336517272e-40,9927.051530792356,0.9967586640797594,1.3254896970305983e-30
542760,0.0,-3.905477780732318e-40,9927.051530792356,0.9967586640797594,1.3253348389632467e-30
542820,0.0,-3.905021224947363e-40,9927.051530792356,0.9967586640797594,1.3251799808958947e-30
542880,0.0,-3.904564669162409e-40,9927.051530792356,0.9967586640797594,1.325025122828543e-30
542940,0.0,-3.904108113377455e-40,9927.051530792356,0.9967586640797594,1.3248702647611913e-30
543000,0.0,-3.903651557592501e-40,9927.051530792356,0.9967586640797594,1.3247154066938394e-30
543060,0.0,-3.9031950018075465e-40,9927.051530792356,0.9967586640797594,1.3245605486264876e-30
543120,0.0,-3.902738446022592e-40,9927.051530792356,0.9967586640797594,1.3244056905591358e-30
543180,0.0,-3.902281890237638e-40,9927.051530792356,0.9967586640797594,1.3242508324917838e-30
543240,0.0,-3.901825334452684e-40,9927.051530792356,0.9967586640797594,1.3240959744244322e-30
543300,0.0,-3.901368778667729e-40,9927.051530792356,0.9967586640797594,1.3239411163570802e-30
543360,0.0,-3.900912222882775e-40,9927.051530792356,0.9967586640797594,1.3237862582897284e-30
543420,0.0,-3.900455667097822e-40,9927.051530792356,0.9967586640797594,1.3236314002223766e-30
543480,0.0,-3.899999111312867e-40,9927.051530792356,0.9967586640797594,1.3234765421550247e-30
543540,0.0,-3.8995425555279125e-40,9927.051530792356,0.9967586640797594,1.323321684087673e-30
543600,0.0,-3.899085999742958e-40,9927.051530792356,0.9967586640797594,1.3231668260203213e-30
543660,0.0,-3.898629443958004e-40,9927.051530792356,0.9967586640797594,1.3230119679529693e-30
543720,0.0,-3.89817288817305e-40,9927.051530792356,0.9967586640797594,1.3228571098856175e-30
543780,0.0,-3.897716332388096e-40,9927.051530792356,0.9967586640797594,1.3227022518182659e-30
543840,0.0,-3.897259776603142e-40,9927.051530792356,0.9967586640797594,1.3225473937509139e-30
543900,0.0,-3.896803220818188e-40,9927.051530792356,0.9967586640797594,1.3223925356835621e-30
543960,0.0,-3.8963466650332335e-40,9927.051530792356,0.9967586640797594,1.3222376776162105e-30
544020,0.0,-3.8958901092482786e-40,9927.051530792356,0.9967586640797594,1.3220828195488585e-30
544080,0.0,-3.8954335534633244e-40,9927.051530792356,0.9967586640797594,1.3219279614815067e-30
544140,0.0,-3.894976997678371e-40,9927.051530792356,0.9967586640797594,1.321773103414155e-30
544200,0.0,-3.894520441893416e-40,9927.051530792356,0.9967586640797594,1.321618245346803e-30
544260,0.0,-3.894063886108462e-40,9927.051530792356,0.9967586640797594,1.3214633872794514e-30
544320,0.0,-3.893607330323508e-40,9927.051530792356,0.9967586640797594,1.3213085292120994e-30
544380,0.0,-3.893150774538554e-40,9927.051530792356,0.9967586640797594,1.3211536711447476e-30
544440,0.0,-3.8926942187535996e-40,9927.051530792356,0.9967586640797594,1.3209988130773958e-30
544500,0.0,-3.892237662968645e-40,9927.051530792356,0.9967586640797594,1.3208439550100438e-30
544560,0.0,-3.891781107183691e-40,9927.051530792356,0.9967586640797594,1.3206890969426922e-30
544620,0.0,-3.891324551398737e-40,9927.051530792356,0.9967586640797594,1.3205342388753404e-30
544680,0.0,-3.890867995613782e-40,9927.051530792356,0.9967586640797594,1.3203793808079885e-30
544740,0.0,-3.890411439828828e-40,9927.051530792356,0.9967586640797594,1.3202245227406367e-30
544800,0.0,-3.889954884043875e-40,9927.051530792356,0.9967586640797594,1.320069664673285e-30
544860,0.0,-3.88949832825892e-40,9927.051530792356,0.9967586640797594,1.319914806605933e-30
544920,0.0,-3.889041772473966e-40,9927.051530792356,0.9967586640797594,1.3197599485385813e-30
544980,0.0,-3.8885852166890115e-40,9927.051530792356,0.9967586640797594,1.3196050904712297e-30
545040,0.0,-3.888128660904057e-40,9927.051530792356,0.9967586640797594,1.3194502324038777e-30
545100,0.0,-3.887672105119103e-40,9927.051530792356,0.9967586640797594,1.319295374336526e-30
545160,0.0,-3.887215549334149e-40,9927.051530792356,0.9967586640797594,1.3191405162691741e-30
545220,0.0,-3.886758993549194e-40,9927.051530792356,0.9967586640797594,1.3189856582018222e-30
545280,0.0,-3.886302437764241e-40,9927.051530792356,0.9967586640797594,1.3188308001344705e-30
545340,0.0,-3.885845881979286e-40,9927.051530792356,0.9967586640797594,1.3186759420671186e-30
545400,0.0,-3.885389326194332e-40,9927.051530792356,0.9967586640797594,1.3185210839997668e-30
545460,0.0,-3.8849327704093775e-40,9927.051530792356,0.9967586640797594,1.318366225932415e-30
545520,0.0,-3.884476214624423e-40,9927.051530792356,0.9967586640797594,1.318211367865063e-30
545580,0.0,-3.884019658839469e-40,9927.051530792356,0.9967586640797594,1.3180565097977114e-30
545640,0.0,-3.883563103054515e-40,9927.051530792356,0.9967586640797594,1.3179016517303596e-30
545700,0.0,-3.883106547269561e-40,9927.051530792356,0.9967586640797594,1.3177467936630076e-30
545760,0.0,-3.882649991484607e-40,9927.051530792356,0.9967586640797594,1.3175919355956558e-30
545820,0.0,-3.882193435699653e-40,9927.051530792356,0.9967586640797594,1.3174370775283042e-30
545880,0.0,-3.881736879914698e-40,9927.051530792356,0.9967586640797594,1.3172822194609523e-30
545940,0.0,-3.881280324129744e-40,9927.051530792356,0.9967586640797594,1.3171273613936005e-30
546000,0.0,-3.88082376834479e-40,9927.051530792356,0.9967586640797594,1.3169725033262489e-30
546060,0.0,-3.880367212559835e-40,9927.051530792356,0.9967586640797594,1.3168176452588969e-30
546120,0.0,-3.879910656774881e-40,9927.051530792356,0.9967586640797594,1.3166627871915451e-30
546180,0.0,-3.879454100989928e-40,9927.051530792356,0.9967586640797594,1.3165079291241933e-30
546240,0.0,-3.878997545204973e-40,9927.051530792356,0.9967586640797594,1.3163530710568413e-30
546300,0.0,-3.878540989420019e-40,9927.051530792356,0.9967586640797594,1.3161982129894897e-30
546360,0.0,-3.878084433635064e-40,9927.051530792356,0.9967586640797594,1.3160433549221377e-30
546420,0.0,-3.87762787785011e-40,9927.051530792356,0.9967586640797594,1.315888496854786e-30
546480,0.0,-3.877171322065156e-40,9927.051530792356,0.9967586640797594,1.3157336387874342e-30
546540,0.0,-3.876714766280201e-40,9927.051530792356,0.9967586640797594,1.3155787807200822e-30
546600,0.0,-3.876258210495247e-40,9927.051530792356,0.9967586640797594,1.3154239226527306e-30
546660,0.0,-3.875801654710294e-40,9927.051530792356,0.9967586640797594,1.3152690645853788e-30
546720,0.0,-3.875345098925339e-40,9927.051530792356,0.9967586640797594,1.3151142065180268e-30
546780,0.0,-3.874888543140385e-40,9927.051530792356,0.9967586640797594,1.314959348450675e-30
546840,0.0,-3.8744319873554306e-40,9927.051530792356,0.9967586640797594,1.3148044903833234e-30
546900,0.0,-3.8739754315704764e-40,9927.051530792356,0.9967586640797594,1.3146496323159714e-30
546960,0.0,-3.873518875785522e-40,9927.051530792356,0.9967586640797594,1.3144947742486196e-30
547020,0.0,-3.873062320000568e-40,9927.051530792356,0.9967586640797594,1.314339916181268e-30
547080,0.0,-3.872605764215614e-40,9927.051530792356,0.9967586640797594,1.314185058113916e-30
547140,0.0,-3.87214920843066e-40,9927.051530792356,0.9967586640797594,1.3140302000465643e-30
547200,0.0,-3.871692652645706e-40,9927.051530792356,0.9967586640797594,1.3138753419792125e-30
547260,0.0,-3.871236096860751e-40,9927.051530792356,0.9967586640797594,1.3137204839118605e-30
547320,0.0,-3.8707795410757974e-40,9927.051530792356,0.9967586640797594,1.3135656258445089e-30
547380,0.0,-3.870322985290843e-40,9927.051530792356,0.9967586640797594,1.3134107677771571e-30
547440,0.0,-3.869866429505888e-40,9927.051530792356,0.9967586640797594,1.3132559097098051e-30
547500,0.0,-3.869409873720934e-40,9927.051530792356,0.9967586640797594,1.3131010516424533e-30
547560,0.0,-3.86895331793598e-40,9927.051530792356,0.9967586640797594,1.3129461935751014e-30
547620,0.0,-3.868496762151026e-40,9927.051530792356,0.9967586640797594,1.3127913355077498e-30
547680,0.0,-3.868040206366072e-40,9927.051530792356,0.9967586640797594,1.312636477440398e-30
547740,0.0,-3.867583650581117e-40,9927.051530792356,0.9967586640797594,1.312481619373046e-30
547800,0.0,-3.8671270947961635e-40,9927.051530792356,0.9967586640797594,1.3123267613056942e-30
547860,0.0,-3.866670539011209e-40,9927.051530792356,0.9967586640797594,1.3121719032383426e-30
547920,0.0,-3.866213983226254e-40,9927.051530792356,0.9967586640797594,1.3120170451709906e-30
547980,0.0,-3.8657574274413e-40,9927.051530792356,0.9967586640797594,1.3118621871036388e-30
548040,0.0,-3.865300871656347e-40,9927.051530792356,0.9967586640797594,1.3117073290362872e-30
548100,0.0,-3.864844315871392e-40,9927.051530792356,0.9967586640797594,1.3115524709689352e-30
548160,0.0,-3.864387760086438e-40,9927.051530792356,0.9967586640797594,1.3113976129015834e-30
548220,0.0,-3.863931204301484e-40,9927.051530792356,0.9967586640797594,1.3112427548342317e-30
548280,0.0,-3.8634746485165295e-40,9927.051530792356,0.9967586640797594,1.3110878967668797e-30
548340,0.0,-3.863018092731575e-40,9927.051530792356,0.9967586640797594,1.310933038699528e-30
548400,0.0,-3.862561536946621e-40,9927.051530792356,0.9967586640797594,1.3107781806321763e-30
548460,0.0,-3.862104981161667e-40,9927.051530792356,0.9967586640797594,1.3106233225648243e-30
548520,0.0,-3.861648425376713e-40,9927.051530792356,0.9967586640797594,1.3104684644974725e-30
548580,0.0,-3.861191869591758e-40,9927.051530792356,0.9967586640797594,1.3103136064301205e-30
548640,0.0,-3.860735313806804e-40,9927.051530792356,0.9967586640797594,1.310158748362769e-30
548700,0.0,-3.86027875802185e-40,9927.051530792356,0.9967586640797594,1.3100038902954171e-30
548760,0.0,-3.8598222022368956e-40,9927.051530792356,0.9967586640797594,1.3098490322280652e-30
548820,0.0,-3.8593656464519414e-40,9927.051530792356,0.9967586640797594,1.3096941741607134e-30
548880,0.0,-3.858909090666987e-40,9927.051530792356,0.9967586640797594,1.3095393160933618e-30
548940,0.0,-3.858452534882033e-40,9927.051530792356,0.9967586640797594,1.3093844580260098e-30
549000,0.0,-3.857995979097079e-40,9927.051530792356,0.9967586640797594,1.309229599958658e-30
549060,0.0,-3.857539423312125e-40,9927.051530792356,0.9967586640797594,1.3090747418913064e-30
549120,0.0,-3.85708286752717e-40,9927.051530792356,0.9967586640797594,1.3089198838239544e-30
549180,0.0,-3.8566263117422166e-40,9927.051530792356,0.9967586640797594,1.3087650257566026e-30
549240,0.0,-3.8561697559572624e-40,9927.051530792356,0.9967586640797594,1.3086101676892508e-30
549300,0.0,-3.8557132001723075e-40,9927.051530792356,0.9967586640797594,1.3084553096218989e-30
549360,0.0,-3.855256644387353e-40,9927.051530792356,0.9967586640797594,1.3083004515545472e-30
549420,0.0,-3.8548000886024e-40,9927.051530792356,0.9967586640797594,1.3081455934871955e-30
549480,0.0,-3.854343532817445e-40,9927.051530792356,0.9967586640797594,1.3079907354198435e-30
549540,0.0,-3.853886977032491e-40,9927.051530792356,0.9967586640797594,1.3078358773524917e-30
549600,0.0,-3.853430421247536e-40,9927.051530792356,0.9967586640797594,1.3076810192851397e-30
549660,0.0,-3.8529738654625826e-40,9927.051530792356,0.9967586640797594,1.3075261612177881e-30
549720,0.0,-3.8525173096776284e-40,9927.051530792356,0.9967586640797594,1.3073713031504363e-30
549780,0.0,-3.8520607538926735e-40,9927.051530792356,0.9967586640797594,1.3072164450830843e-30
549840,0.0,-3.851604198107719e-40,9927.051530792356,0.9967586640797594,1.3070615870157326e-30
549900,0.0,-3.851147642322766e-40,9927.051530792356,0.9967586640797594,1.306906728948381e-30
549960,0.0,-3.850691086537811e-40,9927.051530792356,0.9967586640797594,1.306751870881029e-30
550020,0.0,-3.850234530752857e-40,9927.051530792356,0.9967586640797594,1.3065970128136772e-30
550080,0.0,-3.849777974967903e-40,9927.051530792356,0.9967586640797594,1.3064421547463256e-30
550140,0.0,-3.849321419182949e-40,9927.051530792356,0.9967586640797594,1.3062872966789736e-30
550200,0.0,-3.8488648633979945e-40,9927.051530792356,0.9967586640797594,1.3061324386116218e-30
550260,0.0,-3.84840830761304e-40,9927.051530792356,0.9967586640797594,1.30597758054427e-30
550320,0.0,-3.847951751828086e-40,9927.051530792356,0.9967586640797594,1.305822722476918e-30
550380,0.0,-3.847495196043132e-40,9927.051530792356,0.9967586640797594,1.3056678644095664e-30
550440,0.0,-3.847038640258178e-40,9927.051530792356,0.9967586640797594,1.3055130063422146e-30
550500,0.0,-3.846582084473223e-40,9927.051530792356,0.9967586640797594,1.3053581482748627e-30
550560,0.0,-3.84612552868827e-40,9927.051530792356,0.9967586640797594,1.3052032902075109e-30
550620,0.0,-3.845668972903315e-40,9927.051530792356,0.9967586640797594,1.3050484321401589e-30
550680,0.0,-3.8452124171183605e-40,9927.051530792356,0.9967586640797594,1.3048935740728073e-30
550740,0.0,-3.844755861333406e-40,9927.051530792356,0.9967586640797594,1.3047387160054555e-30
550800,0.0,-3.844299305548452e-40,9927.051530792356,0.9967586640797594,1.3045838579381035e-30
550860,0.0,-3.843842749763498e-40,9927.051530792356,0.9967586640797594,1.3044289998707517e-30
550920,0.0,-3.843386193978544e-40,9927.051530792356,0.9967586640797594,1.3042741418034001e-30
550980,0.0,-3.842929638193589e-40,9927.051530792356,0.9967586640797594,1.3041192837360481e-30
551040,0.0,-3.842473082408636e-40,9927.051530792356,0.9967586640797594,1.3039644256686964e-30
551100,0.0,-3.8420165266236815e-40,9927.051530792356,0.9967586640797594,1.3038095676013447e-30
551160,0.0,-3.8415599708387266e-40,9927.051530792356,0.9967586640797594,1.3036547095339928e-30
551220,0.0,-3.8411034150537724e-40,9927.051530792356,0.9967586640797594,1.303499851466641e-30
551280,0.0,-3.840646859268819e-40,9927.051530792356,0.9967586640797594,1.3033449933992892e-30
551340,0.0,-3.840190303483864e-40,9927.051530792356,0.9967586640797594,1.3031901353319372e-30
551400,0.0,-3.83973374769891e-40,9927.051530792356,0.9967586640797594,1.3030352772645856e-30
551460,0.0,-3.839277191913956e-40,9927.051530792356,0.9967586640797594,1.3028804191972338e-30
551520,0.0,-3.838820636129002e-40,9927.051530792356,0.9967586640797594,1.3027255611298818e-30
551580,0.0,-3.8383640803440476e-40,9927.051530792356,0.9967586640797594,1.30257070306253e-30
551640,0.0,-3.837907524559093e-40,9927.051530792356,0.9967586640797594,1.302415844995178e-30
551700,0.0,-3.837450968774139e-40,9927.051530792356,0.9967586640797594,1.3022609869278265e-30
551760,0.0,-3.836994412989185e-40,9927.051530792356,0.9967586640797594,1.3021061288604747e-30
551820,0.0,-3.83653785720423e-40,9927.051530792356,0.9967586640797594,1.3019512707931227e-30
551880,0.0,-3.836081301419276e-40,9927.051530792356,0.9967586640797594,1.3017964127257709e-30
551940,0.0,-3.835624745634323e-40,9927.051530792356,0.9967586640797594,1.3016415546584193e-30
552000,0.0,-3.835168189849368e-40,9927.051530792356,0.9967586640797594,1.3014866965910673e-30
552060,0.0,-3.834711634064414e-40,9927.051530792356,0.9967586640797594,1.3013318385237155e-30
552120,0.0,-3.8342550782794595e-40,9927.051530792356,0.9967586640797594,1.301176980456364e-30
552180,0.0,-3.833798522494505e-40,9927.051530792356,0.9967586640797594,1.301022122389012e-30
552240,0.0,-3.833341966709551e-40,9927.051530792356,0.9967586640797594,1.3008672643216602e-30
552300,0.0,-3.832885410924597e-40,9927.051530792356,0.9967586640797594,1.3007124062543084e-30
552360,0.0,-3.832428855139642e-40,9927.051530792356,0.9967586640797594,1.3005575481869564e-30
552420,0.0,-3.831972299354689e-40,9927.051530792356,0.9967586640797594,1.3004026901196048e-30
552480,0.0,-3.831515743569735e-40,9927.051530792356,0.9967586640797594,1.300247832052253e-30
552540,0.0,-3.83105918778478e-40,9927.051530792356,0.9967586640797594,1.300092973984901e-30
552600,0.0,-3.8306026319998255e-40,9927.051530792356,0.9967586640797594,1.2999381159175492e-30
552660,0.0,-3.830146076214871e-40,9927.051530792356,0.9967586640797594,1.2997832578501973e-30
552720,0.0,-3.829689520429917e-40,9927.051530792356,0.9967586640797594,1.2996283997828456e-30
552780,0.0,-3.829232964644963e-40,9927.051530792356,0.9967586640797594,1.2994735417154938e-30
552840,0.0,-3.828776408860009e-40,9927.051530792356,0.9967586640797594,1.2993186836481419e-30
552900,0.0,-3.828319853075055e-40,9927.051530792356,0.9967586640797594,1.29916382558079e-30
552960,0.0,-3.827863297290101e-40,9927.051530792356,0.9967586640797594,1.2990089675134385e-30
553020,0.0,-3.827406741505146e-40,9927.051530792356,0.9967586640797594,1.2988541094460865e-30
553080,0.0,-3.8269501857201915e-40,9927.051530792356,0.9967586640797594,1.2986992513787347e-30
553140,0.0,-3.826493629935238e-40,9927.051530792356,0.9967586640797594,1.2985443933113831e-30
553200,0.0,-3.826037074150283e-40,9927.051530792356,0.9967586640797594,1.2983895352440311e-30
553260,0.0,-3.825580518365329e-40,9927.051530792356,0.9967586640797594,1.2982346771766793e-30
553320,0.0,-3.825123962580375e-40,9927.051530792356,0.9967586640797594,1.2980798191093275e-30
553380,0.0,-3.824667406795421e-40,9927.051530792356,0.9967586640797594,1.2979249610419756e-30
553440,0.0,-3.824210851010467e-40,9927.051530792356,0.9967586640797594,1.297770102974624e-30
553500,0.0,-3.8237542952255125e-40,9927.051530792356,0.9967586640797594,1.2976152449072722e-30
553560,0.0,-3.823297739440558e-40,9927.051530792356,0.9967586640797594,1.2974603868399202e-30
553620,0.0,-3.822841183655604e-40,9927.051530792356,0.9967586640797594,1.2973055287725684e-30
553680,0.0,-3.822384627870649e-40,9927.051530792356,0.9967586640797594,1.2971506707052164e-30
553740,0.0,-3.821928072085695e-40,9927.051530792356,0.9967586640797594,1.2969958126378648e-30
553800,0.0,-3.821471516300742e-40,9927.051530792356,0.9967586640797594,1.296840954570513e-30
553860,0.0,-3.821014960515787e-40,9927.051530792356,0.9967586640797594,1.296686096503161e-30
553920,0.0,-3.820558404730833e-40,9927.051530792356,0.9967586640797594,1.2965312384358093e-30
553980,0.0,-3.8201018489458786e-40,9927.051530792356,0.9967586640797594,1.2963763803684576e-30
554040,0.0,-3.8196452931609244e-40,9927.051530792356,0.9967586640797594,1.2962215223011057e-30
554100,0.0,-3.81918873737597e-40,9927.051530792356,0.9967586640797594,1.2960666642337539e-30
554160,0.0,-3.818732181591016e-40,9927.051530792356,0.9967586640797594,1.2959118061664023e-30
554220,0.0,-3.818275625806061e-40,9927.051530792356,0.9967586640797594,1.2957569480990503e-30
554280,0.0,-3.817819070021108e-40,9927.051530792356,0.9967586640797594,1.2956020900316985e-30
554340,0.0,-3.817362514236154e-40,9927.051530792356,0.9967586640797594,1.2954472319643467e-30
554400,0.0,-3.816905958451199e-40,9927.051530792356,0.9967586640797594,1.2952923738969947e-30
554460,0.0,-3.816449402666245e-40,9927.051530792356,0.9967586640797594,1.2951375158296431e-30
554520,0.0,-3.815992846881291e-40,9927.051530792356,0.9967586640797594,1.2949826577622913e-30
554580,0.0,-3.815536291096336e-40,9927.051530792356,0.9967586640797594,1.2948277996949394e-30
554640,0.0,-3.815079735311382e-40,9927.051530792356,0.9967586640797594,1.2946729416275876e-30
554700,0.0,-3.814623179526428e-40,9927.051530792356,0.9967586640797594,1.2945180835602356e-30
554760,0.0,-3.814166623741474e-40,9927.051530792356,0.9967586640797594,1.294363225492884e-30
554820,0.0,-3.81371006795652e-40,9927.051530792356,0.9967586640797594,1.2942083674255322e-30
554880,0.0,-3.813253512171565e-40,9927.051530792356,0.9967586640797594,1.2940535093581802e-30
554940,0.0,-3.8127969563866115e-40,9927.051530792356,0.9967586640797594,1.2938986512908284e-30
555000,0.0,-3.812340400601657e-40,9927.051530792356,0.9967586640797594,1.2937437932234768e-30
555060,0.0,-3.811883844816702e-40,9927.051530792356,0.9967586640797594,1.2935889351561249e-30
555120,0.0,-3.811427289031748e-40,9927.051530792356,0.9967586640797594,1.293434077088773e-30
555180,0.0,-3.810970733246795e-40,9927.051530792356,0.9967586640797594,1.2932792190214214e-30
555240,0.0,-3.81051417746184e-40,9927.051530792356,0.9967586640797594,1.2931243609540695e-30
555300,0.0,-3.810057621676886e-40,9927.051530792356,0.9967586640797594,1.2929695028867177e-30
555360,0.0,-3.809601065891932e-40,9927.051530792356,0.9967586640797594,1.2928146448193659e-30
555420,0.0,-3.8091445101069775e-40,9927.051530792356,0.9967586640797594,1.292659786752014e-30
555480,0.0,-3.808687954322023e-40,9927.051530792356,0.9967586640797594,1.2925049286846623e-30
555540,0.0,-3.808231398537069e-40,9927.051530792356,0.9967586640797594,1.2923500706173105e-30
555600,0.0,-3.807774842752114e-40,9927.051530792356,0.9967586640797594,1.2921952125499585e-30
555660,0.0,-3.807318286967161e-40,9927.051530792356,0.9967586640797594,1.2920403544826068e-30
555720,0.0,-3.806861731182206e-40,9927.051530792356,0.9967586640797594,1.2918854964152548e-30
555780,0.0,-3.806405175397252e-40,9927.051530792356,0.9967586640797594,1.2917306383479032e-30
555840,0.0,-3.805948619612298e-40,9927.051530792356,0.9967586640797594,1.2915757802805514e-30
555900,0.0,-3.8054920638273436e-40,9927.051530792356,0.9967586640797594,1.2914209222131994e-30
555960,0.0,-3.805035508042389e-40,9927.051530792356,0.9967586640797594,1.2912660641458476e-30
556020,0.0,-3.804578952257435e-40,9927.051530792356,0.9967586640797594,1.291111206078496e-30
556080,0.0,-3.804122396472481e-40,9927.051530792356,0.9967586640797594,1.290956348011144e-30
556140,0.0,-3.803665840687527e-40,9927.051530792356,0.9967586640797594,1.2908014899437922e-30
556200,0.0,-3.803209284902573e-40,9927.051530792356,0.9967586640797594,1.2906466318764406e-30
556260,0.0,-3.802752729117618e-40,9927.051530792356,0.9967586640797594,1.2904917738090887e-30
556320,0.0,-3.8022961733326645e-40,9927.051530792356,0.9967586640797594,1.2903369157417369e-30
556380,0.0,-3.80183961754771e-40,9927.051530792356,0.9967586640797594,1.290182057674385e-30
556440,0.0,-3.8013830617627554e-40,9927.051530792356,0.9967586640797594,1.2900271996070331e-30
556500,0.0,-3.800926505977801e-40,9927.051530792356,0.9967586640797594,1.2898723415396815e-30
556560,0.0,-3.800469950192848e-40,9927.051530792356,0.9967586640797594,1.2897174834723297e-30
556620,0.0,-3.800013394407893e-40,9927.051530792356,0.9967586640797594,1.2895626254049777e-30
556680,0.0,-3.799556838622939e-40,9927.051530792356,0.9967586640797594,1.289407767337626e-30
556740,0.0,-3.799100282837984e-40,9927.051530792356,0.9967586640797594,1.289252909270274e-30
556800,0.0,-3.7986437270530306e-40,9927.051530792356,0.9967586640797594,1.2890980512029223e-30
556860,0.0,-3.7981871712680764e-40,9927.051530792356,0.9967586640797594,1.2889431931355706e-30
556920,0.0,-3.7977306154831215e-40,9927.051530792356,0.9967586640797594,1.2887883350682186e-30
556980,0.0,-3.797274059698167e-40,9927.051530792356,0.9967586640797594,1.2886334770008668e-30
557040,0.0,-3.796817503913214e-40,9927.051530792356,0.9967586640797594,1.2884786189335152e-30
557100,0.0,-3.796360948128259e-40,9927.051530792356,0.9967586640797594,1.2883237608661632e-30
557160,0.0,-3.795904392343305e-40,9927.051530792356,0.9967586640797594,1.2881689027988114e-30
557220,0.0,-3.795447836558351e-40,9927.051530792356,0.9967586640797594,1.2880140447314598e-30
557280,0.0,-3.794991280773397e-40,9927.051530792356,0.9967586640797594,1.2878591866641078e-30
557340,0.0,-3.7945347249884425e-40,9927.051530792356,0.9967586640797594,1.287704328596756e-30
557400,0.0,-3.794078169203488e-40,9927.051530792356,0.9967586640797594,1.2875494705294042e-30
557460,0.0,-3.793621613418534e-40,9927.051530792356,0.9967586640797594,1.2873946124620523e-30
557520,0.0,-3.79316505763358e-40,9927.051530792356,0.9967586640797594,1.2872397543947007e-30
557580,0.0,-3.792708501848626e-40,9927.051530792356,0.9967586640797594,1.2870848963273489e-30
557640,0.0,-3.792251946063671e-40,9927.051530792356,0.9967586640797594,1.2869300382599969e-30
557700,0.0,-3.791795390278717e-40,9927.051530792356,0.9967586640797594,1.2867751801926451e-30
557760,0.0,-3.7913388344937635e-40,9927.051530792356,0.9967586640797594,1.2866203221252935e-30
557820,0.0,-3.7908822787088085e-40,9927.051530792356,0.9967586640797594,1.2864654640579415e-30
557880,0.0,-3.790425722923854e-40,9927.051530792356,0.9967586640797594,1.2863106059905897e-30
557940,0.0,-3.7899691671389e-40,9927.051530792356,0.9967586640797594,1.2861557479232378e-30
558000,0.0,-3.789512611353946e-40,9927.051530792356,0.9967586640797594,1.286000889855886e-30
558060,0.0,-3.789056055568992e-40,9927.051530792356,0.9967586640797594,1.2858460317885344e-30
558120,0.0,-3.788599499784037e-40,9927.051530792356,0.9967586640797594,1.2856911737211824e-30
558180,0.0,-3.788142943999084e-40,9927.051530792356,0.9967586640797594,1.2855363156538306e-30
558240,0.0,-3.7876863882141295e-40,9927.051530792356,0.9967586640797594,1.285381457586479e-30
558300,0.0,-3.7872298324291746e-40,9927.051530792356,0.9967586640797594,1.285226599519127e-30
558360,0.0,-3.7867732766442204e-40,9927.051530792356,0.9967586640797594,1.2850717414517752e-30
558420,0.0,-3.786316720859267e-40,9927.051530792356,0.9967586640797594,1.2849168833844234e-30
558480,0.0,-3.785860165074312e-40,9927.051530792356,0.9967586640797594,1.2847620253170715e-30
558540,0.0,-3.785403609289358e-40,9927.051530792356,0.9967586640797594,1.2846071672497198e-30
558600,0.0,-3.784947053504404e-40,9927.051530792356,0.9967586640797594,1.284452309182368e-30
558660,0.0,-3.78449049771945e-40,9927.051530792356,0.9967586640797594,1.284297451115016e-30
558720,0.0,-3.7840339419344956e-40,9927.051530792356,0.9967586640797594,1.2841425930476643e-30
558780,0.0,-3.7835773861495414e-40,9927.051530792356,0.9967586640797594,1.2839877349803127e-30
558840,0.0,-3.7831208303645865e-40,9927.051530792356,0.9967586640797594,1.2838328769129607e-30
558900,0.0,-3.782664274579633e-40,9927.051530792356,0.9967586640797594,1.2836780188456089e-30
558960,0.0,-3.782207718794678e-40,9927.051530792356,0.9967586640797594,1.283523160778257e-30
559020,0.0,-3.781751163009724e-40,9927.051530792356,0.9967586640797594,1.2833683027109051e-30
559080,0.0,-3.78129460722477e-40,9927.051530792356,0.9967586640797594,1.2832134446435535e-30
559140,0.0,-3.780838051439816e-40,9927.051530792356,0.9967586640797594,1.2830585865762016e-30
559200,0.0,-3.780381495654862e-40,9927.051530792356,0.9967586640797594,1.2829037285088498e-30
559260,0.0,-3.7799249398699075e-40,9927.051530792356,0.9967586640797594,1.2827488704414982e-30
559320,0.0,-3.779468384084953e-40,9927.051530792356,0.9967586640797594,1.2825940123741462e-30
559380,0.0,-3.779011828299999e-40,9927.051530792356,0.9967586640797594,1.2824391543067944e-30
559440,0.0,-3.778555272515045e-40,9927.051530792356,0.9967586640797594,1.2822842962394426e-30
559500,0.0,-3.77809871673009e-40,9927.051530792356,0.9967586640797594,1.2821294381720906e-30
559560,0.0,-3.777642160945137e-40,9927.051530792356,0.9967586640797594,1.281974580104739e-30
559620,0.0,-3.777185605160183e-40,9927.051530792356,0.9967586640797594,1.2818197220373872e-30
559680,0.0,-3.776729049375228e-40,9927.051530792356,0.9967586640797594,1.2816648639700353e-30
559740,0.0,-3.7762724935902735e-40,9927.051530792356,0.9967586640797594,1.2815100059026835e-30
559800,0.0,-3.77581593780532e-40,9927.051530792356,0.9967586640797594,1.2813551478353318e-30
559860,0.0,-3.775359382020365e-40,9927.051530792356,0.9967586640797594,1.2812002897679799e-30
559920,0.0,-3.774902826235411e-40,9927.051530792356,0.9967586640797594,1.281045431700628e-30
559980,0.0,-3.774446270450456e-40,9927.051530792356,0.9967586640797594,1.2808905736332761e-30
560040,0.0,-3.773989714665503e-40,9927.051530792356,0.9967586640797594,1.2807357155659243e-30
560100,0.0,-3.773533158880549e-40,9927.051530792356,0.9967586640797594,1.2805808574985727e-30
560160,0.0,-3.773076603095594e-40,9927.051530792356,0.9967586640797594,1.2804259994312207e-30
560220,0.0,-3.7726200473106395e-40,9927.051530792356,0.9967586640797594,1.280271141363869e-30
560280,0.0,-3.772163491525686e-40,9927.051530792356,0.9967586640797594,1.2801162832965173e-30
560340,0.0,-3.771706935740731e-40,9927.051530792356,0.9967586640797594,1.2799614252291654e-30
560400,0.0,-3.771250379955777e-40,9927.051530792356,0.9967586640797594,1.2798065671618136e-30
560460,0.0,-3.770793824170823e-40,9927.051530792356,0.9967586640797594,1.2796517090944618e-30
560520,0.0,-3.770337268385869e-40,9927.051530792356,0.9967586640797594,1.2794968510271098e-30
560580,0.0,-3.769880712600915e-40,9927.051530792356,0.9967586640797594,1.2793419929597582e-30
560640,0.0,-3.7694241568159605e-40,9927.051530792356,0.9967586640797594,1.2791871348924064e-30
560700,0.0,-3.768967601031006e-40,9927.051530792356,0.9967586640797594,1.2790322768250544e-30
560760,0.0,-3.768511045246052e-40,9927.051530792356,0.9967586640797594,1.2788774187577026e-30
560820,0.0,-3.768054489461098e-40,9927.051530792356,0.9967586640797594,1.278722560690351e-30
560880,0.0,-3.767597933676143e-40,9927.051530792356,0.9967586640797594,1.278567702622999e-30
560940,0.0,-3.76714137789119e-40,9927.051530792356,0.9967586640797594,1.2784128445556473e-30
561000,0.0,-3.766684822106235e-40,9927.051530792356,0.9967586640797594,1.2782579864882953e-30
561060,0.0,-3.766228266321281e-40,9927.051530792356,0.9967586640797594,1.2781031284209435e-30
561120,0.0,-3.7657717105363266e-40,9927.051530792356,0.9967586640797594,1.2779482703535919e-30
561180,0.0,-3.7653151547513724e-40,9927.051530792356,0.9967586640797594,1.27779341228624e-30
561240,0.0,-3.764858598966418e-40,9927.051530792356,0.9967586640797594,1.2776385542188881e-30
561300,0.0,-3.764402043181464e-40,9927.051530792356,0.9967586640797594,1.2774836961515365e-30
561360,0.0,-3.763945487396509e-40,9927.051530792356,0.9967586640797594,1.2773288380841845e-30
561420,0.0,-3.763488931611556e-40,9927.051530792356,0.9967586640797594,1.2771739800168327e-30
561480,0.0,-3.763032375826602e-40,9927.051530792356,0.9967586640797594,1.277019121949481e-30
561540,0.0,-3.762575820041647e-40,9927.051530792356,0.9967586640797594,1.276864263882129e-30
561600,0.0,-3.762119264256693e-40,9927.051530792356,0.9967586640797594,1.2767094058147774e-30
561660,0.0,-3.761662708471739e-40,9927.051530792356,0.9967586640797594,1.2765545477474256e-30
561720,0.0,-3.761206152686784e-40,9927.051530792356,0.9967586640797594,1.2763996896800736e-30
561780,0.0,-3.76074959690183e-40,9927.051530792356,0.9967586640797594,1.2762448316127218e-30
561840,0.0,-3.760293041116876e-40,9927.051530792356,0.9967586640797594,1.2760899735453702e-30
561900,0.0,-3.759836485331922e-40,9927.051530792356,0.9967586640797594,1.2759351154780182e-30
561960,0.0,-3.759379929546968e-40,9927.051530792356,0.9967586640797594,1.2757802574106664e-30
562020,0.0,-3.758923373762013e-40,9927.051530792356,0.9967586640797594,1.2756253993433145e-30
562080,0.0,-3.7584668179770595e-40,9927.051530792356,0.9967586640797594,1.2754705412759627e-30
562140,0.0,-3.758010262192105e-40,9927.051530792356,0.9967586640797594,1.275315683208611e-30
562200,0.0,-3.75755370640715e-40,9927.051530792356,0.9967586640797594,1.2751608251412591e-30
562260,0.0,-3.757097150622196e-40,9927.051530792356,0.9967586640797594,1.2750059670739073e-30
562320,0.0,-3.756640594837242e-40,9927.051530792356,0.9967586640797594,1.2748511090065557e-30
562380,0.0,-3.756184039052288e-40,9927.051530792356,0.9967586640797594,1.2746962509392037e-30
562440,0.0,-3.755727483267334e-40,9927.051530792356,0.9967586640797594,1.274541392871852e-30
562500,0.0,-3.75527092748238e-40,9927.051530792356,0.9967586640797594,1.2743865348045001e-30
562560,0.0,-3.7548143716974255e-40,9927.051530792356,0.9967586640797594,1.2742316767371482e-30
562620,0.0,-3.754357815912471e-40,9927.051530792356,0.9967586640797594,1.2740768186697965e-30
562680,0.0,-3.753901260127517e-40,9927.051530792356,0.9967586640797594,1.2739219606024448e-30
562740,0.0,-3.753444704342562e-40,9927.051530792356,0.9967586640797594,1.2737671025350928e-30
562800,0.0,-3.752988148557609e-40,9927.051530792356,0.9967586640797594,1.273612244467741e-30
562860,0.0,-3.752531592772655e-40,9927.051530792356,0.9967586640797594,1.2734573864003894e-30
562920,0.0,-3.7520750369877e-40,9927.051530792356,0.9967586640797594,1.2733025283330374e-30
562980,0.0,-3.751618481202746e-40,9927.051530792356,0.9967586640797594,1.2731476702656856e-30
563040,0.0,-3.7511619254177915e-40,9927.051530792356,0.9967586640797594,1.2729928121983336e-30
563100,0.0,-3.750705369632837e-40,9927.051530792356,0.9967586640797594,1.2728379541309819e-30
563160,0.0,-3.750248813847883e-40,9927.051530792356,0.9967586640797594,1.2726830960636302e-30
563220,0.0,-3.749792258062929e-40,9927.051530792356,0.9967586640797594,1.2725282379962783e-30
563280,0.0,-3.749335702277975e-40,9927.051530792356,0.9967586640797594,1.2723733799289265e-30
563340,0.0,-3.748879146493021e-40,9927.051530792356,0.9967586640797594,1.2722185218615749e-30
563400,0.0,-3.748422590708066e-40,9927.051530792356,0.9967586640797594,1.2720636637942229e-30
563460,0.0,-3.747966034923112e-40,9927.051530792356,0.9967586640797594,1.2719088057268711e-30
563520,0.0,-3.747509479138158e-40,9927.051530792356,0.9967586640797594,1.2717539476595193e-30
563580,0.0,-3.7470529233532034e-40,9927.051530792356,0.9967586640797594,1.2715990895921673e-30
563640,0.0,-3.746596367568249e-40,9927.051530792356,0.9967586640797594,1.2714442315248157e-30
563700,0.0,-3.746139811783295e-40,9927.051530792356,0.9967586640797594,1.271289373457464e-30
563760,0.0,-3.745683255998341e-40,9927.051530792356,0.9967586640797594,1.271134515390112e-30
563820,0.0,-3.745226700213387e-40,9927.051530792356,0.9967586640797594,1.2709796573227602e-30
563880,0.0,-3.744770144428433e-40,9927.051530792356,0.9967586640797594,1.2708247992554086e-30
563940,0.0,-3.7443135886434786e-40,9927.051530792356,0.9967586640797594,1.2706699411880566e-30
564000,0.0,-3.7438570328585244e-40,9927.051530792356,0.9967586640797594,1.2705150831207048e-30
564060,0.0,-3.7434004770735695e-40,9927.051530792356,0.9967586640797594,1.2703602250533528e-30
564120,0.0,-3.742943921288615e-40,9927.051530792356,0.9967586640797594,1.270205366986001e-30
564180,0.0,-3.742487365503662e-40,9927.051530792356,0.9967586640797594,1.2700505089186494e-30
564240,0.0,-3.742030809718707e-40,9927.051530792356,0.9967586640797594,1.2698956508512974e-30
564300,0.0,-3.741574253933753e-40,9927.051530792356,0.9967586640797594,1.2697407927839457e-30
564360,0.0,-3.741117698148799e-40,9927.051530792356,0.9967586640797594,1.269585934716594e-30
564420,0.0,-3.740661142363845e-40,9927.051530792356,0.9967586640797594,1.269431076649242e-30
564480,0.0,-3.7402045865788905e-40,9927.051530792356,0.9967586640797594,1.2692762185818903e-30
564540,0.0,-3.739748030793936e-40,9927.051530792356,0.9967586640797594,1.2691213605145385e-30
564600,0.0,-3.739291475008981e-40,9927.051530792356,0.9967586640797594,1.2689665024471865e-30
564660,0.0,-3.738834919224028e-40,9927.051530792356,0.9967586640797594,1.2688116443798349e-30
564720,0.0,-3.738378363439074e-40,9927.051530792356,0.9967586640797594,1.2686567863124831e-30
564780,0.0,-3.737921807654119e-40,9927.051530792356,0.9967586640797594,1.2685019282451311e-30
564840,0.0,-3.737465251869165e-40,9927.051530792356,0.9967586640797594,1.2683470701777793e-30
564900,0.0,-3.7370086960842115e-40,9927.051530792356,0.9967586640797594,1.2681922121104277e-30
564960,0.0,-3.7365521402992565e-40,9927.051530792356,0.9967586640797594,1.2680373540430758e-30
565020,0.0,-3.736095584514302e-40,9927.051530792356,0.9967586640797594,1.267882495975724e-30
565080,0.0,-3.735639028729348e-40,9927.051530792356,0.9967586640797594,1.267727637908372e-30
565140,0.0,-3.735182472944394e-40,9927.051530792356,0.9967586640797594,1.2675727798410202e-30
565200,0.0,-3.73472591715944e-40,9927.051530792356,0.9967586640797594,1.2674179217736686e-30
565260,0.0,-3.734269361374485e-40,9927.051530792356,0.9967586640797594,1.2672630637063166e-30
565320,0.0,-3.733812805589532e-40,9927.051530792356,0.9967586640797594,1.2671082056389648e-30
565380,0.0,-3.7333562498045775e-40,9927.051530792356,0.9967586640797594,1.2669533475716132e-30
565440,0.0,-3.7328996940196226e-40,9927.051530792356,0.9967586640797594,1.2667984895042612e-30
565500,0.0,-3.7324431382346684e-40,9927.051530792356,0.9967586640797594,1.2666436314369095e-30
565560,0.0,-3.731986582449715e-40,9927.051530792356,0.9967586640797594,1.2664887733695577e-30
565620,0.0,-3.73153002666476e-40,9927.051530792356,0.9967586640797594,1.2663339153022057e-30
565680,0.0,-3.731073470879806e-40,9927.051530792356,0.9967586640797594,1.266179057234854e-30
565740,0.0,-3.730616915094852e-40,9927.051530792356,0.9967586640797594,1.2660241991675023e-30
565800,0.0,-3.730160359309898e-40,9927.051530792356,0.9967586640797594,1.2658693411001503e-30
565860,0.0,-3.7297038035249436e-40,9927.051530792356,0.9967586640797594,1.2657144830327985e-30
565920,0.0,-3.7292472477399894e-40,9927.051530792356,0.9967586640797594,1.2655596249654469e-30
565980,0.0,-3.7287906919550345e-40,9927.051530792356,0.9967586640797594,1.265404766898095e-30
566040,0.0,-3.728334136170081e-40,9927.051530792356,0.9967586640797594,1.2652499088307431e-30
566100,0.0,-3.727877580385126e-40,9927.051530792356,0.9967586640797594,1.2650950507633912e-30
566160,0.0,-3.727421024600172e-40,9927.051530792356,0.9967586640797594,1.2649401926960394e-30
566220,0.0,-3.726964468815218e-40,9927.051530792356,0.9967586640797594,1.2647853346286878e-30
566280,0.0,-3.726507913030264e-40,9927.051530792356,0.9967586640797594,1.2646304765613358e-30
566340,0.0,-3.72605135724531e-40,9927.051530792356,0.9967586640797594,1.264475618493984e-30
566400,0.0,-3.7255948014603555e-40,9927.051530792356,0.9967586640797594,1.2643207604266324e-30
566460,0.0,-3.725138245675401e-40,9927.051530792356,0.9967586640797594,1.2641659023592804e-30
566520,0.0,-3.724681689890447e-40,9927.051530792356,0.9967586640797594,1.2640110442919286e-30
566580,0.0,-3.724225134105493e-40,9927.051530792356,0.9967586640797594,1.2638561862245768e-30
566640,0.0,-3.723768578320538e-40,9927.051530792356,0.9967586640797594,1.2637013281572249e-30
566700,0.0,-3.723312022535585e-40,9927.051530792356,0.9967586640797594,1.2635464700898733e-30
566760,0.0,-3.722855466750631e-40,9927.051530792356,0.9967586640797594,1.2633916120225215e-30
566820,0.0,-3.722398910965676e-40,9927.051530792356,0.9967586640797594,1.2632367539551695e-30
566880,0.0,-3.7219423551807215e-40,9927.051530792356,0.9967586640797594,1.2630818958878177e-30
566940,0.0,-3.721485799395767e-40,9927.051530792356,0.9967586640797594,1.262927037820466e-30
567000,0.0,-3.721029243610813e-40,9927.051530792356,0.9967586640797594,1.2627721797531141e-30
567060,0.0,-3.720572687825859e-40,9927.051530792356,0.9967586640797594,1.2626173216857623e-30
567120,0.0,-3.720116132040904e-40,9927.051530792356,0.9967586640797594,1.2624624636184104e-30
567180,0.0,-3.719659576255951e-40,9927.051530792356,0.9967586640797594,1.2623076055510586e-30
567240,0.0,-3.719203020470997e-40,9927.051530792356,0.9967586640797594,1.262152747483707e-30
567300,0.0,-3.718746464686042e-40,9927.051530792356,0.9967586640797594,1.261997889416355e-30
567360,0.0,-3.7182899089010875e-40,9927.051530792356,0.9967586640797594,1.2618430313490032e-30
567420,0.0,-3.717833353116134e-40,9927.051530792356,0.9967586640797594,1.2616881732816516e-30
567480,0.0,-3.717376797331179e-40,9927.051530792356,0.9967586640797594,1.2615333152142996e-30
567540,0.0,-3.716920241546225e-40,9927.051530792356,0.9967586640797594,1.2613784571469478e-30
567600,0.0,-3.716463685761271e-40,9927.051530792356,0.9967586640797594,1.261223599079596e-30
567660,0.0,-3.716007129976317e-40,9927.051530792356,0.9967586640797594,1.261068741012244e-30
567720,0.0,-3.715550574191363e-40,9927.051530792356,0.9967586640797594,1.2609138829448924e-30
567780,0.0,-3.7150940184064085e-40,9927.051530792356,0.9967586640797594,1.2607590248775406e-30
567840,0.0,-3.7146374626214536e-40,9927.051530792356,0.9967586640797594,1.2606041668101887e-30
567900,0.0,-3.7141809068365e-40,9927.051530792356,0.9967586640797594,1.2604493087428369e-30
567960,0.0,-3.713724351051546e-40,9927.051530792356,0.9967586640797594,1.2602944506754853e-30
568020,0.0,-3.713267795266591e-40,9927.051530792356,0.9967586640797594,1.2601395926081333e-30
568080,0.0,-3.712811239481637e-40,9927.051530792356,0.9967586640797594,1.2599847345407815e-30
568140,0.0,-3.712354683696684e-40,9927.051530792356,0.9967586640797594,1.2598298764734297e-30
568200,0.0,-3.711898127911729e-40,9927.051530792356,0.9967586640797594,1.259675018406078e-30
568260,0.0,-3.7114415721267746e-40,9927.051530792356,0.9967586640797594,1.2595201603387261e-30
568320,0.0,-3.7109850163418204e-40,9927.051530792356,0.9967586640797594,1.2593653022713742e-30
568380,0.0,-3.710528460556866e-40,9927.051530792356,0.9967586640797594,1.2592104442040224e-30
568440,0.0,-3.710071904771912e-40,9927.051530792356,0.9967586640797594,1.2590555861366707e-30
568500,0.0,-3.709615348986957e-40,9927.051530792356,0.9967586640797594,1.2589007280693188e-30
568560,0.0,-3.709158793202004e-40,9927.051530792356,0.9967586640797594,1.258745870001967e-30
568620,0.0,-3.70870223741705e-40,9927.051530792356,0.9967586640797594,1.2585910119346152e-30
568680,0.0,-3.708245681632095e-40,9927.051530792356,0.9967586640797594,1.2584361538672632e-30
568740,0.0,-3.707789125847141e-40,9927.051530792356,0.9967586640797594,1.2582812957999116e-30
568800,0.0,-3.707332570062187e-40,9927.051530792356,0.9967586640797594,1.2581264377325598e-30
568860,0.0,-3.706876014277232e-40,9927.051530792356,0.9967586640797594,1.2579715796652078e-30
568920,0.0,-3.706419458492278e-40,9927.051530792356,0.9967586640797594,1.257816721597856e-30
568980,0.0,-3.705962902707324e-40,9927.051530792356,0.9967586640797594,1.2576618635305044e-30
569040,0.0,-3.70550634692237e-40,9927.051530792356,0.9967586640797594,1.2575070054631525e-30
569100,0.0,-3.705049791137416e-40,9927.051530792356,0.9967586640797594,1.2573521473958007e-30
569160,0.0,-3.704593235352462e-40,9927.051530792356,0.9967586640797594,1.2571972893284489e-30
569220,0.0,-3.704136679567507e-40,9927.051530792356,0.9967586640797594,1.2570424312610971e-30
569280,0.0,-3.703680123782553e-40,9927.051530792356,0.9967586640797594,1.2568875731937453e-30
569340,0.0,-3.703223567997598e-40,9927.051530792356,0.9967586640797594,1.2567327151263933e-30
569400,0.0,-3.702767012212644e-40,9927.051530792356,0.9967586640797594,1.2565778570590415e-30
569460,0.0,-3.70231045642769e-40,9927.051530792356,0.9967586640797594,1.25642299899169e-30
569520,0.0,-3.701853900642736e-40,9927.051530792356,0.9967586640797594,1.256268140924338e-30
569580,0.0,-3.701397344857782e-40,9927.051530792356,0.9967586640797594,1.2561132828569862e-30
569640,0.0,-3.700940789072828e-40,9927.051530792356,0.9967586640797594,1.2559584247896344e-30
569700,0.0,-3.7004842332878735e-40,9927.051530792356,0.9967586640797594,1.2558035667222824e-30
569760,0.0,-3.700027677502919e-40,9927.051530792356,0.9967586640797594,1.2556487086549308e-30
569820,0.0,-3.699571121717965e-40,9927.051530792356,0.9967586640797594,1.255493850587579e-30
569880,0.0,-3.69911456593301e-40,9927.051530792356,0.9967586640797594,1.255338992520227e-30
569940,0.0,-3.698658010148057e-40,9927.051530792356,0.9967586640797594,1.2551841344528752e-30
570000,0.0,-3.698201454363103e-40,9927.051530792356,0.9967586640797594,1.2550292763855236e-30
570060,0.0,-3.697744898578148e-40,9927.051530792356,0.9967586640797594,1.2548744183181716e-30
570120,0.0,-3.697288342793194e-40,9927.051530792356,0.9967586640797594,1.2547195602508199e-30
570180,0.0,-3.69683178700824e-40,9927.051530792356,0.9967586640797594,1.254564702183468e-30
570240,0.0,-3.696375231223285e-40,9927.051530792356,0.9967586640797594,1.2544098441161163e-30
570300,0.0,-3.695918675438331e-40,9927.051530792356,0.9967586640797594,1.2542549860487645e-30
570360,0.0,-3.695462119653376e-40,9927.051530792356,0.9967586640797594,1.2541001279814125e-30
570420,0.0,-3.695005563868423e-40,9927.051530792356,0.9967586640797594,1.2539452699140607e-30
570480,0.0,-3.694549008083469e-40,9927.051530792356,0.9967586640797594,1.2537904118467091e-30
570540,0.0,-3.694092452298514e-40,9927.051530792356,0.9967586640797594,1.2536355537793571e-30
570600,0.0,-3.69363589651356e-40,9927.051530792356,0.9967586640797594,1.2534806957120053e-30
570660,0.0,-3.693179340728606e-40,9927.051530792356,0.9967586640797594,1.2533258376446535e-30
570720,0.0,-3.6927227849436514e-40,9927.051530792356,0.9967586640797594,1.2531709795773016e-30
570780,0.0,-3.692266229158697e-40,9927.051530792356,0.9967586640797594,1.25301612150995e-30
570840,0.0,-3.691809673373743e-40,9927.051530792356,0.9967586640797594,1.2528612634425982e-30
570900,0.0,-3.691353117588789e-40,9927.051530792356,0.9967586640797594,1.2527064053752462e-30
570960,0.0,-3.690896561803835e-40,9927.051530792356,0.9967586640797594,1.2525515473078944e-30
571020,0.0,-3.690440006018881e-40,9927.051530792356,0.9967586640797594,1.2523966892405428e-30
571080,0.0,-3.6899834502339266e-40,9927.051530792356,0.9967586640797594,1.2522418311731908e-30
571140,0.0,-3.6895268944489724e-40,9927.051530792356,0.9967586640797594,1.252086973105839e-30
571200,0.0,-3.689070338664018e-40,9927.051530792356,0.9967586640797594,1.2519321150384872e-30
571260,0.0,-3.688613782879063e-40,9927.051530792356,0.9967586640797594,1.2517772569711354e-30
571320,0.0,-3.68815722709411e-40,9927.051530792356,0.9967586640797594,1.2516223989037837e-30
571380,0.0,-3.687700671309155e-40,9927.051530792356,0.9967586640797594,1.2514675408364317e-30
571440,0.0,-3.687244115524201e-40,9927.051530792356,0.9967586640797594,1.2513126827690799e-30
571500,0.0,-3.686787559739247e-40,9927.051530792356,0.9967586640797594,1.2511578247017283e-30
571560,0.0,-3.686331003954293e-40,9927.051530792356,0.9967586640797594,1.2510029666343763e-30
571620,0.0,-3.6858744481693385e-40,9927.051530792356,0.9967586640797594,1.2508481085670245e-30
571680,0.0,-3.685417892384384e-40,9927.051530792356,0.9967586640797594,1.2506932504996727e-30
571740,0.0,-3.684961336599429e-40,9927.051530792356,0.9967586640797594,1.2505383924323208e-30
571800,0.0,-3.684504780814476e-40,9927.051530792356,0.9967586640797594,1.2503835343649691e-30
571860,0.0,-3.684048225029522e-40,9927.051530792356,0.9967586640797594,1.2502286762976173e-30
571920,0.0,-3.683591669244567e-40,9927.051530792356,0.9967586640797594,1.2500738182302654e-30
571980,0.0,-3.683135113459613e-40,9927.051530792356,0.9967586640797594,1.2499189601629136e-30
572040,0.0,-3.6826785576746595e-40,9927.051530792356,0.9967586640797594,1.249764102095562e-30
572100,0.0,-3.6822220018897045e-40,9927.051530792356,0.9967586640797594,1.24960924402821e-30
572160,0.0,-3.68176544610475e-40,9927.051530792356,0.9967586640797594,1.2494543859608582e-30
572220,0.0,-3.681308890319796e-40,9927.051530792356,0.9967586640797594,1.2492995278935064e-30
572280,0.0,-3.680852334534842e-40,9927.051530792356,0.9967586640797594,1.2491446698261546e-30
572340,0.0,-3.680395778749888e-40,9927.051530792356,0.9967586640797594,1.2489898117588028e-30
572400,0.0,-3.679939222964933e-40,9927.051530792356,0.9967586640797594,1.2488349536914509e-30
572460,0.0,-3.679482667179979e-40,9927.051530792356,0.9967586640797594,1.248680095624099e-30
572520,0.0,-3.6790261113950255e-40,9927.051530792356,0.9967586640797594,1.2485252375567475e-30
572580,0.0,-3.6785695556100706e-40,9927.051530792356,0.9967586640797594,1.2483703794893955e-30
572640,0.0,-3.6781129998251164e-40,9927.051530792356,0.9967586640797594,1.2482155214220437e-30
572700,0.0,-3.677656444040162e-40,9927.051530792356,0.9967586640797594,1.2480606633546919e-30
572760,0.0,-3.677199888255208e-40,9927.051530792356,0.9967586640797594,1.24790580528734e-30
572820,0.0,-3.676743332470254e-40,9927.051530792356,0.9967586640797594,1.2477509472199883e-30
572880,0.0,-3.6762867766853e-40,9927.051530792356,0.9967586640797594,1.2475960891526365e-30
572940,0.0,-3.675830220900346e-40,9927.051530792356,0.9967586640797594,1.2474412310852846e-30
573000,0.0,-3.6753736651153916e-40,9927.051530792356,0.9967586640797594,1.2472863730179328e-30
573060,0.0,-3.6749171093304374e-40,9927.051530792356,0.9967586640797594,1.2471315149505811e-30
573120,0.0,-3.6744605535454825e-40,9927.051530792356,0.9967586640797594,1.2469766568832292e-30
573180,0.0,-3.674003997760529e-40,9927.051530792356,0.9967586640797594,1.2468217988158774e-30
573240,0.0,-3.673547441975575e-40,9927.051530792356,0.9967586640797594,1.2466669407485256e-30
573300,0.0,-3.67309088619062e-40,9927.051530792356,0.9967586640797594,1.2465120826811738e-30
573360,0.0,-3.6726343304056663e-40,9927.051530792356,0.9967586640797594,1.246357224613822e-30
573420,0.0,-3.6721777746207113e-40,9927.051530792356,0.9967586640797594,1.24620236654647e-30
573480,0.0,-3.6717212188357576e-40,9927.051530792356,0.9967586640797594,1.2460475084791182e-30
573540,0.0,-3.6712646630508035e-40,9927.051530792356,0.9967586640797594,1.2458926504117666e-30
573600,0.0,-3.670808107265849e-40,9927.051530792356,0.9967586640797594,1.2457377923444147e-30
573660,0.0,-3.6703515514808948e-40,9927.051530792356,0.9967586640797594,1.2455829342770629e-30
573720,0.0,-3.669894995695941e-40,9927.051530792356,0.9967586640797594,1.245428076209711e-30
573780,0.0,-3.6694384399109865e-40,9927.051530792356,0.9967586640797594,1.2452732181423591e-30
573840,0.0,-3.6689818841260323e-40,9927.051530792356,0.9967586640797594,1.2451183600750075e-30
573900,0.0,-3.668525328341078e-40,9927.051530792356,0.9967586640797594,1.2449635020076557e-30
573960,0.0,-3.6680687725561236e-40,9927.051530792356,0.9967586640797594,1.2448086439403037e-30
574020,0.0,-3.6676122167711695e-40,9927.051530792356,0.9967586640797594,1.244653785872952e-30
574080,0.0,-3.6671556609862158e-40,9927.051530792356,0.9967586640797594,1.2444989278056003e-30
574140,0.0,-3.6666991052012612e-40,9927.051530792356,0.9967586640797594,1.2443440697382484e-30
574200,0.0,-3.666242549416307e-40,9927.051530792356,0.9967586640797594,1.2441892116708966e-30
574260,0.0,-3.665785993631353e-40,9927.051530792356,0.9967586640797594,1.2440343536035448e-30
574320,0.0,-3.6653294378463984e-40,9927.051530792356,0.9967586640797594,1.243879495536193e-30
574380,0.0,-3.6648728820614446e-40,9927.051530792356,0.9967586640797594,1.2437246374688412e-30
574440,0.0,-3.6644163262764897e-40,9927.051530792356,0.9967586640797594,1.2435697794014892e-30
574500,0.0,-3.663959770491536e-40,9927.051530792356,0.9967586640797594,1.2434149213341374e-30
574560,0.0,-3.6635032147065818e-40,9927.051530792356,0.9967586640797594,1.2432600632667858e-30
574620,0.0,-3.6630466589216272e-40,9927.051530792356,0.9967586640797594,1.2431052051994338e-30
574680,0.0,-3.662590103136673e-40,9927.051530792356,0.9967586640797594,1.242950347132082e-30
574740,0.0,-3.6621335473517194e-40,9927.051530792356,0.9967586640797594,1.2427954890647303e-30
574800,0.0,-3.6616769915667644e-40,9927.051530792356,0.9967586640797594,1.2426406309973783e-30
574860,0.0,-3.6612204357818107e-40,9927.051530792356,0.9967586640797594,1.2424857729300267e-30
574920,0.0,-3.6607638799968565e-40,9927.051530792356,0.9967586640797594,1.2423309148626749e-30
574980,0.0,-3.660307324211902e-40,9927.051530792356,0.9967586640797594,1.2421760567953229e-30
575040,0.0,-3.659850768426948e-40,9927.051530792356,0.9967586640797594,1.2420211987279711e-30
575100,0.0,-3.659394212641994e-40,9927.051530792356,0.9967586640797594,1.2418663406606195e-30
575160,0.0,-3.658937656857039e-40,9927.051530792356,0.9967586640797594,1.2417114825932675e-30
575220,0.0,-3.6584811010720854e-40,9927.051530792356,0.9967586640797594,1.2415566245259157e-30
575280,0.0,-3.6580245452871313e-40,9927.051530792356,0.9967586640797594,1.241401766458564e-30
575340,0.0,-3.6575679895021767e-40,9927.051530792356,0.9967586640797594,1.2412469083912122e-30
575400,0.0,-3.6571114337172226e-40,9927.051530792356,0.9967586640797594,1.2410920503238604e-30
575460,0.0,-3.656654877932268e-40,9927.051530792356,0.9967586640797594,1.2409371922565084e-30
575520,0.0,-3.6561983221473143e-40,9927.051530792356,0.9967586640797594,1.2407823341891566e-30
575580,0.0,-3.65574176636236e-40,9927.051530792356,0.9967586640797594,1.240627476121805e-30
575640,0.0,-3.6552852105774056e-40,9927.051530792356,0.9967586640797594,1.240472618054453e-30
575700,0.0,-3.6548286547924514e-40,9927.051530792356,0.9967586640797594,1.2403177599871012e-30
575760,0.0,-3.6543720990074973e-40,9927.051530792356,0.9967586640797594,1.2401629019197494e-30
575820,0.0,-3.6539155432225427e-40,9927.051530792356,0.9967586640797594,1.2400080438523975e-30
575880,0.0,-3.653458987437589e-40,9927.051530792356,0.9967586640797594,1.2398531857850458e-30
575940,0.0,-3.653002431652635e-40,9927.051530792356,0.9967586640797594,1.239698327717694e-30
576000,0.0,-3.6525458758676803e-40,9927.051530792356,0.9967586640797594,1.239543469650342e-30
576060,0.0,-3.652089320082726e-40,9927.051530792356,0.9967586640797594,1.2393886115829903e-30
576120,0.0,-3.6516327642977724e-40,9927.051530792356,0.9967586640797594,1.2392337535156387e-30
576180,0.0,-3.6511762085128175e-40,9927.051530792356,0.9967586640797594,1.2390788954482867e-30
576240,0.0,-3.6507196527278637e-40,9927.051530792356,0.9967586640797594,1.238924037380935e-30
576300,0.0,-3.6502630969429096e-40,9927.051530792356,0.9967586640797594,1.2387691793135831e-30
576360,0.0,-3.649806541157955e-40,9927.051530792356,0.9967586640797594,1.2386143212462313e-30
576420,0.0,-3.649349985373001e-40,9927.051530792356,0.9967586640797594,1.2384594631788795e-30
576480,0.0,-3.6488934295880464e-40,9927.051530792356,0.9967586640797594,1.2383046051115276e-30
576540,0.0,-3.6484368738030922e-40,9927.051530792356,0.9967586640797594,1.2381497470441758e-30
576600,0.0,-3.6479803180181385e-40,9927.051530792356,0.9967586640797594,1.2379948889768242e-30
576660,0.0,-3.6475237622331835e-40,9927.051530792356,0.9967586640797594,1.2378400309094722e-30
576720,0.0,-3.6470672064482298e-40,9927.051530792356,0.9967586640797594,1.2376851728421204e-30
576780,0.0,-3.6466106506632756e-40,9927.051530792356,0.9967586640797594,1.2375303147747686e-30
576840,0.0,-3.646154094878321e-40,9927.051530792356,0.9967586640797594,1.2373754567074166e-30
576900,0.0,-3.645697539093367e-40,9927.051530792356,0.9967586640797594,1.237220598640065e-30
576960,0.0,-3.6452409833084132e-40,9927.051530792356,0.9967586640797594,1.2370657405727132e-30
577020,0.0,-3.6447844275234587e-40,9927.051530792356,0.9967586640797594,1.2369108825053613e-30
577080,0.0,-3.6443278717385045e-40,9927.051530792356,0.9967586640797594,1.2367560244380095e-30
577140,0.0,-3.6438713159535504e-40,9927.051530792356,0.9967586640797594,1.2366011663706579e-30
577200,0.0,-3.643414760168596e-40,9927.051530792356,0.9967586640797594,1.2364463083033059e-30
577260,0.0,-3.642958204383642e-40,9927.051530792356,0.9967586640797594,1.2362914502359541e-30
577320,0.0,-3.642501648598688e-40,9927.051530792356,0.9967586640797594,1.2361365921686023e-30
577380,0.0,-3.6420450928137334e-40,9927.051530792356,0.9967586640797594,1.2359817341012505e-30
577440,0.0,-3.6415885370287793e-40,9927.051530792356,0.9967586640797594,1.2358268760338987e-30
577500,0.0,-3.6411319812438247e-40,9927.051530792356,0.9967586640797594,1.2356720179665467e-30
577560,0.0,-3.6406754254588706e-40,9927.051530792356,0.9967586640797594,1.235517159899195e-30
577620,0.0,-3.640218869673917e-40,9927.051530792356,0.9967586640797594,1.2353623018318433e-30
577680,0.0,-3.639762313888962e-40,9927.051530792356,0.9967586640797594,1.2352074437644914e-30
577740,0.0,-3.639305758104008e-40,9927.051530792356,0.9967586640797594,1.2350525856971396e-30
577800,0.0,-3.638849202319054e-40,9927.051530792356,0.9967586640797594,1.2348977276297878e-30
577860,0.0,-3.6383926465340994e-40,9927.051530792356,0.9967586640797594,1.2347428695624358e-30
577920,0.0,-3.6379360907491453e-40,9927.051530792356,0.9967586640797594,1.2345880114950842e-30
577980,0.0,-3.6374795349641916e-40,9927.051530792356,0.9967586640797594,1.2344331534277324e-30
578040,0.0,-3.6370229791792366e-40,9927.051530792356,0.9967586640797594,1.2342782953603804e-30
578100,0.0,-3.636566423394283e-40,9927.051530792356,0.9967586640797594,1.2341234372930286e-30
578160,0.0,-3.6361098676093287e-40,9927.051530792356,0.9967586640797594,1.233968579225677e-30
578220,0.0,-3.635653311824374e-40,9927.051530792356,0.9967586640797594,1.233813721158325e-30
578280,0.0,-3.63519675603942e-40,9927.051530792356,0.9967586640797594,1.2336588630909733e-30
578340,0.0,-3.6347402002544663e-40,9927.051530792356,0.9967586640797594,1.2335040050236215e-30
578400,0.0,-3.6342836444695113e-40,9927.051530792356,0.9967586640797594,1.2333491469562697e-30
578460,0.0,-3.6338270886845576e-40,9927.051530792356,0.9967586640797594,1.2331942888889179e-30
578520,0.0,-3.6333705328996035e-40,9927.051530792356,0.9967586640797594,1.2330394308215661e-30
578580,0.0,-3.632913977114649e-40,9927.051530792356,0.9967586640797594,1.2328845727542141e-30
578640,0.0,-3.6324574213296948e-40,9927.051530792356,0.9967586640797594,1.2327297146868625e-30
578700,0.0,-3.6320008655447402e-40,9927.051530792356,0.9967586640797594,1.2325748566195105e-30
578760,0.0,-3.6315443097597865e-40,9927.051530792356,0.9967586640797594,1.2324199985521588e-30
578820,0.0,-3.6310877539748323e-40,9927.051530792356,0.9967586640797594,1.232265140484807e-30
578880,0.0,-3.6306311981898778e-40,9927.051530792356,0.9967586640797594,1.232110282417455e-30
578940,0.0,-3.6301746424049236e-40,9927.051530792356,0.9967586640797594,1.2319554243501034e-30
579000,0.0,-3.62971808661997e-40,9927.051530792356,0.9967586640797594,1.2318005662827516e-30
579060,0.0,-3.629261530835015e-40,9927.051530792356,0.9967586640797594,1.2316457082153996e-30
579120,0.0,-3.6288049750500612e-40,9927.051530792356,0.9967586640797594,1.2314908501480478e-30
579180,0.0,-3.628348419265107e-40,9927.051530792356,0.9967586640797594,1.2313359920806962e-30
579240,0.0,-3.6278918634801525e-40,9927.051530792356,0.9967586640797594,1.2311811340133442e-30
579300,0.0,-3.6274353076951984e-40,9927.051530792356,0.9967586640797594,1.2310262759459924e-30
579360,0.0,-3.6269787519102446e-40,9927.051530792356,0.9967586640797594,1.2308714178786407e-30
579420,0.0,-3.6265221961252897e-40,9927.051530792356,0.9967586640797594,1.2307165598112889e-30
579480,0.0,-3.626065640340336e-40,9927.051530792356,0.9967586640797594,1.230561701743937e-30
579540,0.0,-3.625609084555382e-40,9927.051530792356,0.9967586640797594,1.2304068436765853e-30
579600,0.0,-3.6251525287704272e-40,9927.051530792356,0.9967586640797594,1.2302519856092333e-30
579660,0.0,-3.624695972985473e-40,9927.051530792356,0.9967586640797594,1.2300971275418817e-30
579720,0.0,-3.6242394172005186e-40,9927.051530792356,0.9967586640797594,1.2299422694745297e-30
579780,0.0,-3.6237828614155644e-40,9927.051530792356,0.9967586640797594,1.229787411407178e-30
579840,0.0,-3.6233263056306107e-40,9927.051530792356,0.9967586640797594,1.2296325533398261e-30
579900,0.0,-3.622869749845656e-40,9927.051530792356,0.9967586640797594,1.2294776952724742e-30
579960,0.0,-3.622413194060702e-40,9927.051530792356,0.9967586640797594,1.2293228372051226e-30
580020,0.0,-3.621956638275748e-40,9927.051530792356,0.9967586640797594,1.2291679791377708e-30
580080,0.0,-3.6215000824907933e-40,9927.051530792356,0.9967586640797594,1.2290131210704188e-30
580140,0.0,-3.621043526705839e-40,9927.051530792356,0.9967586640797594,1.228858263003067e-30
580200,0.0,-3.6205869709208854e-40,9927.051530792356,0.9967586640797594,1.2287034049357154e-30
580260,0.0,-3.620130415135931e-40,9927.051530792356,0.9967586640797594,1.2285485468683634e-30
580320,0.0,-3.6196738593509767e-40,9927.051530792356,0.9967586640797594,1.2283936888010116e-30
580380,0.0,-3.6192173035660226e-40,9927.051530792356,0.9967586640797594,1.2282388307336598e-30
580440,0.0,-3.618760747781068e-40,9927.051530792356,0.9967586640797594,1.228083972666308e-30
580500,0.0,-3.6183041919961143e-40,9927.051530792356,0.9967586640797594,1.2279291145989562e-30
580560,0.0,-3.61784763621116e-40,9927.051530792356,0.9967586640797594,1.2277742565316045e-30
580620,0.0,-3.6173910804262056e-40,9927.051530792356,0.9967586640797594,1.2276193984642525e-30
580680,0.0,-3.6169345246412514e-40,9927.051530792356,0.9967586640797594,1.2274645403969009e-30
580740,0.0,-3.616477968856297e-40,9927.051530792356,0.9967586640797594,1.2273096823295489e-30
580800,0.0,-3.6160214130713428e-40,9927.051530792356,0.9967586640797594,1.2271548242621971e-30
580860,0.0,-3.615564857286389e-40,9927.051530792356,0.9967586640797594,1.2269999661948453e-30
580920,0.0,-3.615108301501434e-40,9927.051530792356,0.9967586640797594,1.2268451081274933e-30
580980,0.0,-3.6146517457164803e-40,9927.051530792356,0.9967586640797594,1.2266902500601417e-30
581040,0.0,-3.614195189931526e-40,9927.051530792356,0.9967586640797594,1.22653539199279e-30
581100,0.0,-3.6137386341465716e-40,9927.051530792356,0.9967586640797594,1.226380533925438e-30
581160,0.0,-3.6132820783616175e-40,9927.051530792356,0.9967586640797594,1.2262256758580862e-30
581220,0.0,-3.6128255225766638e-40,9927.051530792356,0.9967586640797594,1.2260708177907346e-30
581280,0.0,-3.6123689667917088e-40,9927.051530792356,0.9967586640797594,1.2259159597233826e-30
581340,0.0,-3.611912411006755e-40,9927.051530792356,0.9967586640797594,1.2257611016560308e-30
581400,0.0,-3.611455855221801e-40,9927.051530792356,0.9967586640797594,1.225606243588679e-30
581460,0.0,-3.6109992994368464e-40,9927.051530792356,0.9967586640797594,1.2254513855213272e-30
581520,0.0,-3.6105427436518922e-40,9927.051530792356,0.9967586640797594,1.2252965274539754e-30
581580,0.0,-3.6100861878669385e-40,9927.051530792356,0.9967586640797594,1.2251416693866236e-30
581640,0.0,-3.609629632081984e-40,9927.051530792356,0.9967586640797594,1.2249868113192717e-30
581700,0.0,-3.6091730762970298e-40,9927.051530792356,0.9967586640797594,1.22483195325192e-30
581760,0.0,-3.6087165205120752e-40,9927.051530792356,0.9967586640797594,1.224677095184568e-30
581820,0.0,-3.608259964727121e-40,9927.051530792356,0.9967586640797594,1.2245222371172163e-30
581880,0.0,-3.6078034089421674e-40,9927.051530792356,0.9967586640797594,1.2243673790498645e-30
581940,0.0,-3.6073468531572124e-40,9927.051530792356,0.9967586640797594,1.2242125209825125e-30
582000,0.0,-3.6068902973722587e-40,9927.051530792356,0.9967586640797594,1.2240576629151609e-30
582060,0.0,-3.6064337415873045e-40,9927.051530792356,0.9967586640797594,1.2239028048478091e-30
582120,0.0,-3.60597718580235e-40,9927.051530792356,0.9967586640797594,1.2237479467804571e-30
582180,0.0,-3.605520630017396e-40,9927.051530792356,0.9967586640797594,1.2235930887131054e-30
582240,0.0,-3.605064074232442e-40,9927.051530792356,0.9967586640797594,1.2234382306457537e-30
582300,0.0,-3.604607518447487e-40,9927.051530792356,0.9967586640797594,1.2232833725784018e-30
582360,0.0,-3.6041509626625334e-40,9927.051530792356,0.9967586640797594,1.22312851451105e-30
582420,0.0,-3.6036944068775793e-40,9927.051530792356,0.9967586640797594,1.2229736564436982e-30
582480,0.0,-3.6032378510926247e-40,9927.051530792356,0.9967586640797594,1.2228187983763464e-30
582540,0.0,-3.6027812953076706e-40,9927.051530792356,0.9967586640797594,1.2226639403089946e-30
582600,0.0,-3.602324739522717e-40,9927.051530792356,0.9967586640797594,1.2225090822416428e-30
582660,0.0,-3.601868183737762e-40,9927.051530792356,0.9967586640797594,1.2223542241742908e-30
582720,0.0,-3.601411627952808e-40,9927.051530792356,0.9967586640797594,1.2221993661069392e-30
582780,0.0,-3.6009550721678536e-40,9927.051530792356,0.9967586640797594,1.2220445080395873e-30
582840,0.0,-3.6004985163828994e-40,9927.051530792356,0.9967586640797594,1.2218896499722355e-30
582900,0.0,-3.6000419605979453e-40,9927.051530792356,0.9967586640797594,1.2217347919048837e-30
582960,0.0,-3.5995854048129907e-40,9927.051530792356,0.9967586640797594,1.2215799338375317e-30
583020,0.0,-3.5991288490280366e-40,9927.051530792356,0.9967586640797594,1.22142507577018e-30
583080,0.0,-3.598672293243083e-40,9927.051530792356,0.9967586640797594,1.2212702177028283e-30
583140,0.0,-3.5982157374581283e-40,9927.051530792356,0.9967586640797594,1.2211153596354763e-30
583200,0.0,-3.597759181673174e-40,9927.051530792356,0.9967586640797594,1.2209605015681245e-30
583260,0.0,-3.59730262588822e-40,9927.051530792356,0.9967586640797594,1.220805643500773e-30
583320,0.0,-3.5968460701032655e-40,9927.051530792356,0.9967586640797594,1.220650785433421e-30
583380,0.0,-3.5963895143183117e-40,9927.051530792356,0.9967586640797594,1.2204959273660692e-30
583440,0.0,-3.5959329585333576e-40,9927.051530792356,0.9967586640797594,1.2203410692987174e-30
583500,0.0,-3.595476402748403e-40,9927.051530792356,0.9967586640797594,1.2201862112313656e-30
583560,0.0,-3.595019846963449e-40,9927.051530792356,0.9967586640797594,1.2200313531640138e-30
583620,0.0,-3.594563291178495e-40,9927.051530792356,0.9967586640797594,1.219876495096662e-30
583680,0.0,-3.5941067353935402e-40,9927.051530792356,0.9967586640797594,1.21972163702931e-30
583740,0.0,-3.5936501796085865e-40,9927.051530792356,0.9967586640797594,1.2195667789619584e-30
583800,0.0,-3.5931936238236315e-40,9927.051530792356,0.9967586640797594,1.2194119208946064e-30
583860,0.0,-3.5927370680386778e-40,9927.051530792356,0.9967586640797594,1.2192570628272546e-30
583920,0.0,-3.5922805122537236e-40,9927.051530792356,0.9967586640797594,1.2191022047599028e-30
583980,0.0,-3.591823956468769e-40,9927.051530792356,0.9967586640797594,1.2189473466925509e-30
584040,0.0,-3.591367400683815e-40,9927.051530792356,0.9967586640797594,1.2187924886251993e-30
584100,0.0,-3.5909108448988612e-40,9927.051530792356,0.9967586640797594,1.2186376305578475e-30
584160,0.0,-3.5904542891139063e-40,9927.051530792356,0.9967586640797594,1.2184827724904955e-30
584220,0.0,-3.5899977333289525e-40,9927.051530792356,0.9967586640797594,1.2183279144231437e-30
584280,0.0,-3.5895411775439984e-40,9927.051530792356,0.9967586640797594,1.2181730563557921e-30
584340,0.0,-3.589084621759044e-40,9927.051530792356,0.9967586640797594,1.2180181982884401e-30
584400,0.0,-3.5886280659740897e-40,9927.051530792356,0.9967586640797594,1.2178633402210883e-30
584460,0.0,-3.588171510189136e-40,9927.051530792356,0.9967586640797594,1.2177084821537367e-30
584520,0.0,-3.5877149544041814e-40,9927.051530792356,0.9967586640797594,1.2175536240863847e-30
584580,0.0,-3.5872583986192273e-40,9927.051530792356,0.9967586640797594,1.217398766019033e-30
584640,0.0,-3.586801842834273e-40,9927.051530792356,0.9967586640797594,1.2172439079516812e-30
584700,0.0,-3.5863452870493186e-40,9927.051530792356,0.9967586640797594,1.2170890498843292e-30
584760,0.0,-3.5858887312643644e-40,9927.051530792356,0.9967586640797594,1.2169341918169776e-30
584820,0.0,-3.58543217547941e-40,9927.051530792356,0.9967586640797594,1.2167793337496256e-30
584880,0.0,-3.584975619694456e-40,9927.051530792356,0.9967586640797594,1.2166244756822738e-30
584940,0.0,-3.584519063909502e-40,9927.051530792356,0.9967586640797594,1.216469617614922e-30
585000,0.0,-3.5840625081245474e-40,9927.051530792356,0.9967586640797594,1.21631475954757e-30
585060,0.0,-3.5836059523395933e-40,9927.051530792356,0.9967586640797594,1.2161599014802184e-30
585120,0.0,-3.5831493965546396e-40,9927.051530792356,0.9967586640797594,1.2160050434128666e-30
585180,0.0,-3.5826928407696846e-40,9927.051530792356,0.9967586640797594,1.2158501853455147e-30
585240,0.0,-3.582236284984731e-40,9927.051530792356,0.9967586640797594,1.2156953272781629e-30
585300,0.0,-3.5817797291997767e-40,9927.051530792356,0.9967586640797594,1.2155404692108113e-30
585360,0.0,-3.581323173414822e-40,9927.051530792356,0.9967586640797594,1.2153856111434593e-30
585420,0.0,-3.580866617629868e-40,9927.051530792356,0.9967586640797594,1.2152307530761075e-30
585480,0.0,-3.5804100618449143e-40,9927.051530792356,0.9967586640797594,1.2150758950087559e-30
585540,0.0,-3.5799535060599593e-40,9927.051530792356,0.9967586640797594,1.214921036941404e-30
585600,0.0,-3.5794969502750056e-40,9927.051530792356,0.9967586640797594,1.2147661788740521e-30
585660,0.0,-3.5790403944900515e-40,9927.051530792356,0.9967586640797594,1.2146113208067003e-30
585720,0.0,-3.578583838705097e-40,9927.051530792356,0.9967586640797594,1.2144564627393484e-30
585780,0.0,-3.5781272829201428e-40,9927.051530792356,0.9967586640797594,1.2143016046719968e-30
585840,0.0,-3.5776707271351882e-40,9927.051530792356,0.9967586640797594,1.2141467466046448e-30
585900,0.0,-3.577214171350234e-40,9927.051530792356,0.9967586640797594,1.213991888537293e-30
585960,0.0,-3.5767576155652803e-40,9927.051530792356,0.9967586640797594,1.2138370304699412e-30
586020,0.0,-3.5763010597803258e-40,9927.051530792356,0.9967586640797594,1.2136821724025892e-30
586080,0.0,-3.5758445039953716e-40,9927.051530792356,0.9967586640797594,1.2135273143352376e-30
586140,0.0,-3.5753879482104175e-40,9927.051530792356,0.9967586640797594,1.2133724562678858e-30
586200,0.0,-3.574931392425463e-40,9927.051530792356,0.9967586640797594,1.2132175982005339e-30
586260,0.0,-3.5744748366405092e-40,9927.051530792356,0.9967586640797594,1.213062740133182e-30
586320,0.0,-3.574018280855555e-40,9927.051530792356,0.9967586640797594,1.2129078820658304e-30
586380,0.0,-3.5735617250706005e-40,9927.051530792356,0.9967586640797594,1.2127530239984785e-30
586440,0.0,-3.5731051692856464e-40,9927.051530792356,0.9967586640797594,1.2125981659311267e-30
586500,0.0,-3.5726486135006922e-40,9927.051530792356,0.9967586640797594,1.212443307863775e-30
586560,0.0,-3.5721920577157377e-40,9927.051530792356,0.9967586640797594,1.2122884497964231e-30
586620,0.0,-3.571735501930784e-40,9927.051530792356,0.9967586640797594,1.2121335917290713e-30
586680,0.0,-3.5712789461458298e-40,9927.051530792356,0.9967586640797594,1.2119787336617195e-30
586740,0.0,-3.5708223903608752e-40,9927.051530792356,0.9967586640797594,1.2118238755943675e-30
586800,0.0,-3.570365834575921e-40,9927.051530792356,0.9967586640797594,1.211669017527016e-30
586860,0.0,-3.5699092787909665e-40,9927.051530792356,0.9967586640797594,1.211514159459664e-30
586920,0.0,-3.5694527230060124e-40,9927.051530792356,0.9967586640797594,1.2113593013923122e-30
586980,0.0,-3.5689961672210587e-40,9927.051530792356,0.9967586640797594,1.2112044433249604e-30
587040,0.0,-3.5685396114361037e-40,9927.051530792356,0.9967586640797594,1.2110495852576084e-30
587100,0.0,-3.56808305565115e-40,9927.051530792356,0.9967586640797594,1.2108947271902568e-30
587160,0.0,-3.567626499866196e-40,9927.051530792356,0.9967586640797594,1.210739869122905e-30
587220,0.0,-3.5671699440812413e-40,9927.051530792356,0.9967586640797594,1.210585011055553e-30
587280,0.0,-3.566713388296287e-40,9927.051530792356,0.9967586640797594,1.2104301529882012e-30
587340,0.0,-3.5662568325113334e-40,9927.051530792356,0.9967586640797594,1.2102752949208496e-30
587400,0.0,-3.565800276726379e-40,9927.051530792356,0.9967586640797594,1.2101204368534977e-30
587460,0.0,-3.5653437209414247e-40,9927.051530792356,0.9967586640797594,1.2099655787861459e-30
587520,0.0,-3.5648871651564706e-40,9927.051530792356,0.9967586640797594,1.2098107207187942e-30
587580,0.0,-3.564430609371516e-40,9927.051530792356,0.9967586640797594,1.2096558626514423e-30
587640,0.0,-3.563974053586562e-40,9927.051530792356,0.9967586640797594,1.2095010045840905e-30
587700,0.0,-3.563517497801608e-40,9927.051530792356,0.9967586640797594,1.2093461465167387e-30
587760,0.0,-3.5630609420166536e-40,9927.051530792356,0.9967586640797594,1.2091912884493867e-30
587820,0.0,-3.5626043862316994e-40,9927.051530792356,0.9967586640797594,1.2090364303820351e-30
587880,0.0,-3.562147830446745e-40,9927.051530792356,0.9967586640797594,1.2088815723146831e-30
587940,0.0,-3.5616912746617908e-40,9927.051530792356,0.9967586640797594,1.2087267142473313e-30
588000,0.0,-3.561234718876837e-40,9927.051530792356,0.9967586640797594,1.2085718561799796e-30
588060,0.0,-3.560778163091882e-40,9927.051530792356,0.9967586640797594,1.2084169981126276e-30
588120,0.0,-3.5603216073069283e-40,9927.051530792356,0.9967586640797594,1.208262140045276e-30
588180,0.0,-3.559865051521974e-40,9927.051530792356,0.9967586640797594,1.2081072819779242e-30
588240,0.0,-3.5594084957370196e-40,9927.051530792356,0.9967586640797594,1.2079524239105722e-30
588300,0.0,-3.5589519399520655e-40,9927.051530792356,0.9967586640797594,1.2077975658432204e-30
588360,0.0,-3.5584953841671117e-40,9927.051530792356,0.9967586640797594,1.2076427077758688e-30
588420,0.0,-3.5580388283821568e-40,9927.051530792356,0.9967586640797594,1.2074878497085168e-30
588480,0.0,-3.557582272597203e-40,9927.051530792356,0.9967586640797594,1.207332991641165e-30
588540,0.0,-3.557125716812249e-40,9927.051530792356,0.9967586640797594,1.2071781335738134e-30
588600,0.0,-3.5566691610272944e-40,9927.051530792356,0.9967586640797594,1.2070232755064615e-30
588660,0.0,-3.5562126052423402e-40,9927.051530792356,0.9967586640797594,1.2068684174391097e-30
588720,0.0,-3.5557560494573865e-40,9927.051530792356,0.9967586640797594,1.2067135593717579e-30
588780,0.0,-3.5552994936724315e-40,9927.051530792356,0.9967586640797594,1.2065587013044059e-30
588840,0.0,-3.5548429378874778e-40,9927.051530792356,0.9967586640797594,1.2064038432370543e-30
588900,0.0,-3.5543863821025236e-40,9927.051530792356,0.9967586640797594,1.2062489851697025e-30
588960,0.0,-3.553929826317569e-40,9927.051530792356,0.9967586640797594,1.2060941271023505e-30
589020,0.0,-3.553473270532615e-40,9927.051530792356,0.9967586640797594,1.2059392690349987e-30
589080,0.0,-3.5530167147476604e-40,9927.051530792356,0.9967586640797594,1.2057844109676468e-30
589140,0.0,-3.5525601589627067e-40,9927.051530792356,0.9967586640797594,1.2056295529002951e-30
589200,0.0,-3.5521036031777525e-40,9927.051530792356,0.9967586640797594,1.2054746948329434e-30
589260,0.0,-3.551647047392798e-40,9927.051530792356,0.9967586640797594,1.2053198367655914e-30
589320,0.0,-3.551190491607844e-40,9927.051530792356,0.9967586640797594,1.2051649786982396e-30
589380,0.0,-3.5507339358228897e-40,9927.051530792356,0.9967586640797594,1.205010120630888e-30
589440,0.0,-3.550277380037935e-40,9927.051530792356,0.9967586640797594,1.204855262563536e-30
589500,0.0,-3.5498208242529814e-40,9927.051530792356,0.9967586640797594,1.2047004044961842e-30
589560,0.0,-3.5493642684680273e-40,9927.051530792356,0.9967586640797594,1.2045455464288326e-30
589620,0.0,-3.5489077126830727e-40,9927.051530792356,0.9967586640797594,1.2043906883614806e-30
589680,0.0,-3.5484511568981186e-40,9927.051530792356,0.9967586640797594,1.2042358302941288e-30
589740,0.0,-3.547994601113165e-40,9927.051530792356,0.9967586640797594,1.204080972226777e-30
589800,0.0,-3.54753804532821e-40,9927.051530792356,0.9967586640797594,1.203926114159425e-30
589860,0.0,-3.547081489543256e-40,9927.051530792356,0.9967586640797594,1.2037712560920735e-30
589920,0.0,-3.546624933758302e-40,9927.051530792356,0.9967586640797594,1.2036163980247217e-30
589980,0.0,-3.5461683779733474e-40,9927.051530792356,0.9967586640797594,1.2034615399573697e-30
590040,0.0,-3.5457118221883933e-40,9927.051530792356,0.9967586640797594,1.2033066818900179e-30
590100,0.0,-3.5452552664034387e-40,9927.051530792356,0.9967586640797594,1.203151823822666e-30
590160,0.0,-3.5447987106184846e-40,9927.051530792356,0.9967586640797594,1.2029969657553143e-30
590220,0.0,-3.544342154833531e-40,9927.051530792356,0.9967586640797594,1.2028421076879625e-30
590280,0.0,-3.5438855990485763e-40,9927.051530792356,0.9967586640797594,1.2026872496206106e-30
590340,0.0,-3.543429043263622e-40,9927.051530792356,0.9967586640797594,1.2025323915532588e-30
590400,0.0,-3.542972487478668e-40,9927.051530792356,0.9967586640797594,1.2023775334859072e-30
590460,0.0,-3.5425159316937135e-40,9927.051530792356,0.9967586640797594,1.2022226754185552e-30
590520,0.0,-3.5420593759087593e-40,9927.051530792356,0.9967586640797594,1.2020678173512034e-30
590580,0.0,-3.5416028201238056e-40,9927.051530792356,0.9967586640797594,1.2019129592838518e-30
590640,0.0,-3.541146264338851e-40,9927.051530792356,0.9967586640797594,1.2017581012164998e-30
590700,0.0,-3.540689708553897e-40,9927.051530792356,0.9967586640797594,1.201603243149148e-30
590760,0.0,-3.5402331527689428e-40,9927.051530792356,0.9967586640797594,1.2014483850817962e-30
590820,0.0,-3.5397765969839882e-40,9927.051530792356,0.9967586640797594,1.2012935270144443e-30
590880,0.0,-3.5393200411990345e-40,9927.051530792356,0.9967586640797594,1.2011386689470926e-30
590940,0.0,-3.5388634854140803e-40,9927.051530792356,0.9967586640797594,1.2009838108797408e-30
591000,0.0,-3.5384069296291258e-40,9927.051530792356,0.9967586640797594,1.2008289528123889e-30
591060,0.0,-3.5379503738441716e-40,9927.051530792356,0.9967586640797594,1.200674094745037e-30
591120,0.0,-3.537493818059217e-40,9927.051530792356,0.9967586640797594,1.2005192366776851e-30
591180,0.0,-3.537037262274263e-40,9927.051530792356,0.9967586640797594,1.2003643786103335e-30
591240,0.0,-3.5365807064893092e-40,9927.051530792356,0.9967586640797594,1.2002095205429817e-30
591300,0.0,-3.5361241507043542e-40,9927.051530792356,0.9967586640797594,1.2000546624756297e-30
591360,0.0,-3.5356675949194005e-40,9927.051530792356,0.9967586640797594,1.199899804408278e-30
591420,0.0,-3.5352110391344464e-40,9927.051530792356,0.9967586640797594,1.1997449463409263e-30
591480,0.0,-3.534754483349492e-40,9927.051530792356,0.9967586640797594,1.1995900882735744e-30
591540,0.0,-3.5342979275645377e-40,9927.051530792356,0.9967586640797594,1.1994352302062226e-30
591600,0.0,-3.533841371779584e-40,9927.051530792356,0.9967586640797594,1.199280372138871e-30
591660,0.0,-3.533384815994629e-40,9927.051530792356,0.9967586640797594,1.199125514071519e-30
591720,0.0,-3.5329282602096752e-40,9927.051530792356,0.9967586640797594,1.1989706560041672e-30
591780,0.0,-3.532471704424721e-40,9927.051530792356,0.9967586640797594,1.1988157979368154e-30
591840,0.0,-3.5320151486397666e-40,9927.051530792356,0.9967586640797594,1.1986609398694634e-30
591900,0.0,-3.5315585928548124e-40,9927.051530792356,0.9967586640797594,1.1985060818021118e-30
591960,0.0,-3.5311020370698587e-40,9927.051530792356,0.9967586640797594,1.19835122373476e-30
592020,0.0,-3.530645481284904e-40,9927.051530792356,0.9967586640797594,1.198196365667408e-30
592080,0.0,-3.53018892549995e-40,9927.051530792356,0.9967586640797594,1.1980415076000563e-30
592140,0.0,-3.5297323697149954e-40,9927.051530792356,0.9967586640797594,1.1978866495327043e-30
592200,0.0,-3.5292758139300413e-40,9927.051530792356,0.9967586640797594,1.1977317914653527e-30
592260,0.0,-3.528819258145087e-40,9927.051530792356,0.9967586640797594,1.1975769333980009e-30
592320,0.0,-3.5283627023601326e-40,9927.051530792356,0.9967586640797594,1.197422075330649e-30
592380,0.0,-3.527906146575179e-40,9927.051530792356,0.9967586640797594,1.1972672172632971e-30
592440,0.0,-3.5274495907902247e-40,9927.051530792356,0.9967586640797594,1.1971123591959455e-30
592500,0.0,-3.52699303500527e-40,9927.051530792356,0.9967586640797594,1.1969575011285935e-30
592560,0.0,-3.526536479220316e-40,9927.051530792356,0.9967586640797594,1.1968026430612417e-30
592620,0.0,-3.5260799234353623e-40,9927.051530792356,0.9967586640797594,1.1966477849938901e-30
592680,0.0,-3.5256233676504073e-40,9927.051530792356,0.9967586640797594,1.1964929269265382e-30
592740,0.0,-3.5251668118654536e-40,9927.051530792356,0.9967586640797594,1.1963380688591864e-30
592800,0.0,-3.5247102560804994e-40,9927.051530792356,0.9967586640797594,1.1961832107918346e-30
592860,0.0,-3.524253700295545e-40,9927.051530792356,0.9967586640797594,1.1960283527244826e-30
592920,0.0,-3.5237971445105908e-40,9927.051530792356,0.9967586640797594,1.195873494657131e-30
592980,0.0,-3.523340588725637e-40,9927.051530792356,0.9967586640797594,1.1957186365897792e-30
593040,0.0,-3.522884032940682e-40,9927.051530792356,0.9967586640797594,1.1955637785224272e-30
593100,0.0,-3.5224274771557283e-40,9927.051530792356,0.9967586640797594,1.1954089204550754e-30
593160,0.0,-3.5219709213707734e-40,9927.051530792356,0.9967586640797594,1.1952540623877235e-30
593220,0.0,-3.5215143655858196e-40,9927.051530792356,0.9967586640797594,1.1950992043203719e-30
593280,0.0,-3.5210578098008655e-40,9927.051530792356,0.9967586640797594,1.19494434625302e-30
593340,0.0,-3.520601254015911e-40,9927.051530792356,0.9967586640797594,1.1947894881856681e-30
593400,0.0,-3.5201446982309568e-40,9927.051530792356,0.9967586640797594,1.1946346301183163e-30
593460,0.0,-3.519688142446003e-40,9927.051530792356,0.9967586640797594,1.1944797720509647e-30
593520,0.0,-3.5192315866610485e-40,9927.051530792356,0.9967586640797594,1.1943249139836127e-30
593580,0.0,-3.5187750308760944e-40,9927.051530792356,0.9967586640797594,1.194170055916261e-30
593640,0.0,-3.5183184750911402e-40,9927.051530792356,0.9967586640797594,1.1940151978489093e-30
593700,0.0,-3.5178619193061857e-40,9927.051530792356,0.9967586640797594,1.1938603397815573e-30
593760,0.0,-3.517405363521232e-40,9927.051530792356,0.9967586640797594,1.1937054817142055e-30
593820,0.0,-3.5169488077362778e-40,9927.051530792356,0.9967586640797594,1.1935506236468538e-30
593880,0.0,-3.5164922519513232e-40,9927.051530792356,0.9967586640797594,1.1933957655795018e-30
593940,0.0,-3.516035696166369e-40,9927.051530792356,0.9967586640797594,1.1932409075121502e-30
594000,0.0,-3.515579140381415e-40,9927.051530792356,0.9967586640797594,1.1930860494447984e-30
594060,0.0,-3.5151225845964604e-40,9927.051530792356,0.9967586640797594,1.1929311913774464e-30
594120,0.0,-3.5146660288115067e-40,9927.051530792356,0.9967586640797594,1.1927763333100946e-30
594180,0.0,-3.5142094730265517e-40,9927.051530792356,0.9967586640797594,1.1926214752427426e-30
594240,0.0,-3.513752917241598e-40,9927.051530792356,0.9967586640797594,1.192466617175391e-30
594300,0.0,-3.513296361456644e-40,9927.051530792356,0.9967586640797594,1.1923117591080392e-30
594360,0.0,-3.5128398056716893e-40,9927.051530792356,0.9967586640797594,1.1921569010406873e-30
594420,0.0,-3.512383249886735e-40,9927.051530792356,0.9967586640797594,1.1920020429733355e-30
594480,0.0,-3.5119266941017814e-40,9927.051530792356,0.9967586640797594,1.1918471849059839e-30
594540,0.0,-3.5114701383168264e-40,9927.051530792356,0.9967586640797594,1.1916923268386319e-30
594600,0.0,-3.5110135825318727e-40,9927.051530792356,0.9967586640797594,1.1915374687712801e-30
594660,0.0,-3.5105570267469186e-40,9927.051530792356,0.9967586640797594,1.1913826107039285e-30
594720,0.0,-3.510100470961964e-40,9927.051530792356,0.9967586640797594,1.1912277526365765e-30
594780,0.0,-3.50964391517701e-40,9927.051530792356,0.9967586640797594,1.1910728945692247e-30
594840,0.0,-3.509187359392056e-40,9927.051530792356,0.9967586640797594,1.190918036501873e-30
594900,0.0,-3.508730803607101e-40,9927.051530792356,0.9967586640797594,1.190763178434521e-30
594960,0.0,-3.5082742478221474e-40,9927.051530792356,0.9967586640797594,1.1906083203671693e-30
595020,0.0,-3.5078176920371933e-40,9927.051530792356,0.9967586640797594,1.1904534622998176e-30
595080,0.0,-3.5073611362522387e-40,9927.051530792356,0.9967586640797594,1.1902986042324656e-30
595140,0.0,-3.5069045804672846e-40,9927.051530792356,0.9967586640797594,1.1901437461651138e-30
595200,0.0,-3.50644802468233e-40,9927.051530792356,0.9967586640797594,1.1899888880977618e-30
595260,0.0,-3.5059914688973763e-40,9927.051530792356,0.9967586640797594,1.1898340300304102e-30
595320,0.0,-3.505534913112422e-40,9927.051530792356,0.9967586640797594,1.1896791719630584e-30
595380,0.0,-3.5050783573274676e-40,9927.051530792356,0.9967586640797594,1.1895243138957064e-30
595440,0.0,-3.5046218015425135e-40,9927.051530792356,0.9967586640797594,1.1893694558283547e-30
595500,0.0,-3.5041652457575597e-40,9927.051530792356,0.9967586640797594,1.189214597761003e-30
595560,0.0,-3.5037086899726048e-40,9927.051530792356,0.9967586640797594,1.189059739693651e-30
595620,0.0,-3.503252134187651e-40,9927.051530792356,0.9967586640797594,1.1889048816262993e-30
595680,0.0,-3.502795578402697e-40,9927.051530792356,0.9967586640797594,1.1887500235589477e-30
595740,0.0,-3.5023390226177424e-40,9927.051530792356,0.9967586640797594,1.1885951654915957e-30
595800,0.0,-3.5018824668327882e-40,9927.051530792356,0.9967586640797594,1.1884403074242439e-30
595860,0.0,-3.5014259110478345e-40,9927.051530792356,0.9967586640797594,1.1882854493568921e-30
595920,0.0,-3.5009693552628795e-40,9927.051530792356,0.9967586640797594,1.1881305912895401e-30
595980,0.0,-3.5005127994779258e-40,9927.051530792356,0.9967586640797594,1.1879757332221885e-30
596040,0.0,-3.5000562436929716e-40,9927.051530792356,0.9967586640797594,1.1878208751548367e-30
596100,0.0,-3.499599687908017e-40,9927.051530792356,0.9967586640797594,1.1876660170874848e-30
596160,0.0,-3.499143132123063e-40,9927.051530792356,0.9967586640797594,1.187511159020133e-30
596220,0.0,-3.4986865763381084e-40,9927.051530792356,0.9967586640797594,1.187356300952781e-30
596280,0.0,-3.4982300205531543e-40,9927.051530792356,0.9967586640797594,1.1872014428854294e-30
596340,0.0,-3.4977734647682005e-40,9927.051530792356,0.9967586640797594,1.1870465848180776e-30
596400,0.0,-3.497316908983246e-40,9927.051530792356,0.9967586640797594,1.1868917267507256e-30
596460,0.0,-3.496860353198292e-40,9927.051530792356,0.9967586640797594,1.1867368686833738e-30
596520,0.0,-3.4964037974133377e-40,9927.051530792356,0.9967586640797594,1.1865820106160222e-30
596580,0.0,-3.495947241628383e-40,9927.051530792356,0.9967586640797594,1.1864271525486702e-30
596640,0.0,-3.4954906858434294e-40,9927.051530792356,0.9967586640797594,1.1862722944813185e-30
596700,0.0,-3.4950341300584753e-40,9927.051530792356,0.9967586640797594,1.1861174364139668e-30
596760,0.0,-3.4945775742735207e-40,9927.051530792356,0.9967586640797594,1.1859625783466149e-30
596820,0.0,-3.4941210184885666e-40,9927.051530792356,0.9967586640797594,1.185807720279263e-30
596880,0.0,-3.4936644627036124e-40,9927.051530792356,0.9967586640797594,1.1856528622119113e-30
596940,0.0,-3.493207906918658e-40,9927.051530792356,0.9967586640797594,1.1854980041445593e-30
597000,0.0,-3.492751351133704e-40,9927.051530792356,0.9967586640797594,1.1853431460772077e-30
597060,0.0,-3.49229479534875e-40,9927.051530792356,0.9967586640797594,1.1851882880098559e-30
597120,0.0,-3.4918382395637954e-40,9927.051530792356,0.9967586640797594,1.185033429942504e-30
597180,0.0,-3.4913816837788413e-40,9927.051530792356,0.9967586640797594,1.1848785718751521e-30
597240,0.0,-3.4909251279938867e-40,9927.051530792356,0.9967586640797594,1.1847237138078002e-30
597300,0.0,-3.4904685722089326e-40,9927.051530792356,0.9967586640797594,1.1845688557404486e-30
597360,0.0,-3.490012016423979e-40,9927.051530792356,0.9967586640797594,1.1844139976730968e-30
597420,0.0,-3.489555460639024e-40,9927.051530792356,0.9967586640797594,1.1842591396057448e-30
597480,0.0,-3.48909890485407e-40,9927.051530792356,0.9967586640797594,1.184104281538393e-30
597540,0.0,-3.488642349069116e-40,9927.051530792356,0.9967586640797594,1.1839494234710414e-30
597600,0.0,-3.4881857932841615e-40,9927.051530792356,0.9967586640797594,1.1837945654036894e-30
597660,0.0,-3.4877292374992073e-40,9927.051530792356,0.9967586640797594,1.1836397073363376e-30
597720,0.0,-3.4872726817142536e-40,9927.051530792356,0.9967586640797594,1.183484849268986e-30
597780,0.0,-3.4868161259292986e-40,9927.051530792356,0.9967586640797594,1.183329991201634e-30
597840,0.0,-3.486359570144345e-40,9927.051530792356,0.9967586640797594,1.1831751331342823e-30
597900,0.0,-3.4859030143593908e-40,9927.051530792356,0.9967586640797594,1.1830202750669305e-30
597960,0.0,-3.4854464585744362e-40,9927.051530792356,0.9967586640797594,1.1828654169995785e-30
598020,0.0,-3.484989902789482e-40,9927.051530792356,0.9967586640797594,1.1827105589322269e-30
598080,0.0,-3.4845333470045283e-40,9927.051530792356,0.9967586640797594,1.182555700864875e-30
598140,0.0,-3.4840767912195738e-40,9927.051530792356,0.9967586640797594,1.1824008427975231e-30
598200,0.0,-3.4836202354346196e-40,9927.051530792356,0.9967586640797594,1.1822459847301713e-30
598260,0.0,-3.483163679649665e-40,9927.051530792356,0.9967586640797594,1.1820911266628194e-30
598320,0.0,-3.482707123864711e-40,9927.051530792356,0.9967586640797594,1.1819362685954677e-30
598380,0.0,-3.4822505680797572e-40,9927.051530792356,0.9967586640797594,1.181781410528116e-30
598440,0.0,-3.4817940122948022e-40,9927.051530792356,0.9967586640797594,1.181626552460764e-30
598500,0.0,-3.4813374565098485e-40,9927.051530792356,0.9967586640797594,1.1814716943934122e-30
598560,0.0,-3.4808809007248944e-40,9927.051530792356,0.9967586640797594,1.1813168363260606e-30
598620,0.0,-3.48042434493994e-40,9927.051530792356,0.9967586640797594,1.1811619782587086e-30
598680,0.0,-3.4799677891549857e-40,9927.051530792356,0.9967586640797594,1.1810071201913568e-30
598740,0.0,-3.479511233370032e-40,9927.051530792356,0.9967586640797594,1.1808522621240052e-30
598800,0.0,-3.479054677585077e-40,9927.051530792356,0.9967586640797594,1.1806974040566532e-30
598860,0.0,-3.4785981218001232e-40,9927.051530792356,0.9967586640797594,1.1805425459893014e-30
598920,0.0,-3.478141566015169e-40,9927.051530792356,0.9967586640797594,1.1803876879219496e-30
598980,0.0,-3.4776850102302146e-40,9927.051530792356,0.9967586640797594,1.1802328298545977e-30
599040,0.0,-3.4772284544452604e-40,9927.051530792356,0.9967586640797594,1.180077971787246e-30
599100,0.0,-3.4767718986603067e-40,9927.051530792356,0.9967586640797594,1.1799231137198943e-30
599160,0.0,-3.4763153428753517e-40,9927.051530792356,0.9967586640797594,1.1797682556525423e-30
599220,0.0,-3.475858787090398e-40,9927.051530792356,0.9967586640797594,1.1796133975851905e-30
599280,0.0,-3.475402231305444e-40,9927.051530792356,0.9967586640797594,1.1794585395178389e-30
599340,0.0,-3.4749456755204893e-40,9927.051530792356,0.9967586640797594,1.179303681450487e-30
599400,0.0,-3.474489119735535e-40,9927.051530792356,0.9967586640797594,1.1791488233831351e-30
599460,0.0,-3.4740325639505806e-40,9927.051530792356,0.9967586640797594,1.1789939653157832e-30
599520,0.0,-3.4735760081656264e-40,9927.051530792356,0.9967586640797594,1.1788391072484314e-30
599580,0.0,-3.4731194523806727e-40,9927.051530792356,0.9967586640797594,1.1786842491810797e-30
599640,0.0,-3.472662896595718e-40,9927.051530792356,0.9967586640797594,1.1785293911137278e-30
599700,0.0,-3.472206340810764e-40,9927.051530792356,0.9967586640797594,1.178374533046376e-30
599760,0.0,-3.47174978502581e-40,9927.051530792356,0.9967586640797594,1.1782196749790244e-30
599820,0.0,-3.4712932292408553e-40,9927.051530792356,0.9967586640797594,1.1780648169116724e-30
599880,0.0,-3.4708366734559016e-40,9927.051530792356,0.9967586640797594,1.1779099588443206e-30
599940,0.0,-3.4703801176709474e-40,9927.051530792356,0.9967586640797594,1.1777551007769688e-30
600000,0.0,-3.469923561885993e-40,9927.051530792356,0.9967586640797594,1.1776002427096168e-30
600060,0.0,-3.4694670061010388e-40,9927.051530792356,0.9967586640797594,1.1774453846422652e-30
600120,0.0,-3.469010450316085e-40,9927.051530792356,0.9967586640797594,1.1772905265749134e-30
600180,0.0,-3.46855389453113e-40,9927.051530792356,0.9967586640797594,1.1771356685075615e-30
600240,0.0,-3.4680973387461763e-40,9927.051530792356,0.9967586640797594,1.1769808104402097e-30
600300,0.0,-3.467640782961222e-40,9927.051530792356,0.9967586640797594,1.176825952372858e-30
600360,0.0,-3.4671842271762676e-40,9927.051530792356,0.9967586640797594,1.1766710943055061e-30
600420,0.0,-3.4667276713913135e-40,9927.051530792356,0.9967586640797594,1.1765162362381543e-30
600480,0.0,-3.466271115606359e-40,9927.051530792356,0.9967586640797594,1.1763613781708023e-30
600540,0.0,-3.4658145598214048e-40,9927.051530792356,0.9967586640797594,1.1762065201034505e-30
600600,0.0,-3.465358004036451e-40,9927.051530792356,0.9967586640797594,1.176051662036099e-30
600660,0.0,-3.464901448251496e-40,9927.051530792356,0.9967586640797594,1.175896803968747e-30
600720,0.0,-3.4644448924665424e-40,9927.051530792356,0.9967586640797594,1.1757419459013952e-30
600780,0.0,-3.4639883366815882e-40,9927.051530792356,0.9967586640797594,1.1755870878340435e-30
600840,0.0,-3.4635317808966337e-40,9927.051530792356,0.9967586640797594,1.1754322297666916e-30
600900,0.0,-3.4630752251116795e-40,9927.051530792356,0.9967586640797594,1.1752773716993398e-30
600960,0.0,-3.4626186693267258e-40,9927.051530792356,0.9967586640797594,1.175122513631988e-30
601020,0.0,-3.4621621135417712e-40,9927.051530792356,0.9967586640797594,1.174967655564636e-30
601080,0.0,-3.461705557756817e-40,9927.051530792356,0.9967586640797594,1.1748127974972844e-30
601140,0.0,-3.461249001971863e-40,9927.051530792356,0.9967586640797594,1.1746579394299326e-30
601200,0.0,-3.4607924461869084e-40,9927.051530792356,0.9967586640797594,1.1745030813625806e-30
601260,0.0,-3.4603358904019543e-40,9927.051530792356,0.9967586640797594,1.1743482232952289e-30
601320,0.0,-3.4598793346170005e-40,9927.051530792356,0.9967586640797594,1.1741933652278772e-30
601380,0.0,-3.459422778832046e-40,9927.051530792356,0.9967586640797594,1.1740385071605253e-30
601440,0.0,-3.458966223047092e-40,9927.051530792356,0.9967586640797594,1.1738836490931735e-30
601500,0.0,-3.4585096672621373e-40,9927.051530792356,0.9967586640797594,1.1737287910258215e-30
601560,0.0,-3.458053111477183e-40,9927.051530792356,0.9967586640797594,1.1735739329584697e-30
601620,0.0,-3.4575965556922294e-40,9927.051530792356,0.9967586640797594,1.1734190748911181e-30
601680,0.0,-3.4571399999072744e-40,9927.051530792356,0.9967586640797594,1.1732642168237661e-30
601740,0.0,-3.4566834441223207e-40,9927.051530792356,0.9967586640797594,1.1731093587564143e-30
601800,0.0,-3.4562268883373666e-40,9927.051530792356,0.9967586640797594,1.1729545006890627e-30
601860,0.0,-3.455770332552412e-40,9927.051530792356,0.9967586640797594,1.1727996426217108e-30
601920,0.0,-3.455313776767458e-40,9927.051530792356,0.9967586640797594,1.172644784554359e-30
601980,0.0,-3.454857220982504e-40,9927.051530792356,0.9967586640797594,1.1724899264870072e-30
602040,0.0,-3.454400665197549e-40,9927.051530792356,0.9967586640797594,1.1723350684196552e-30
602100,0.0,-3.4539441094125954e-40,9927.051530792356,0.9967586640797594,1.1721802103523036e-30
602160,0.0,-3.4534875536276413e-40,9927.051530792356,0.9967586640797594,1.1720253522849518e-30
602220,0.0,-3.4530309978426867e-40,9927.051530792356,0.9967586640797594,1.1718704942175998e-30
602280,0.0,-3.4525744420577326e-40,9927.051530792356,0.9967586640797594,1.171715636150248e-30
602340,0.0,-3.452117886272779e-40,9927.051530792356,0.9967586640797594,1.1715607780828964e-30
602400,0.0,-3.451661330487824e-40,9927.051530792356,0.9967586640797594,1.1714059200155444e-30
602460,0.0,-3.45120477470287e-40,9927.051530792356,0.9967586640797594,1.1712510619481927e-30
602520,0.0,-3.4507482189179156e-40,9927.051530792356,0.9967586640797594,1.1710962038808407e-30
602580,0.0,-3.4502916631329615e-40,9927.051530792356,0.9967586640797594,1.1709413458134889e-30
602640,0.0,-3.4498351073480073e-40,9927.051530792356,0.9967586640797594,1.1707864877461373e-30
602700,0.0,-3.4493785515630528e-40,9927.051530792356,0.9967586640797594,1.1706316296787853e-30
602760,0.0,-3.448921995778099e-40,9927.051530792356,0.9967586640797594,1.1704767716114335e-30
602820,0.0,-3.448465439993145e-40,9927.051530792356,0.9967586640797594,1.1703219135440819e-30
602880,0.0,-3.4480088842081904e-40,9927.051530792356,0.9967586640797594,1.17016705547673e-30
602940,0.0,-3.4475523284232362e-40,9927.051530792356,0.9967586640797594,1.1700121974093781e-30
603000,0.0,-3.4470957726382825e-40,9927.051530792356,0.9967586640797594,1.1698573393420263e-30
603060,0.0,-3.4466392168533275e-40,9927.051530792356,0.9967586640797594,1.1697024812746744e-30
603120,0.0,-3.4461826610683738e-40,9927.051530792356,0.9967586640797594,1.1695476232073228e-30
603180,0.0,-3.4457261052834196e-40,9927.051530792356,0.9967586640797594,1.169392765139971e-30
603240,0.0,-3.445269549498465e-40,9927.051530792356,0.9967586640797594,1.169237907072619e-30
603300,0.0,-3.444812993713511e-40,9927.051530792356,0.9967586640797594,1.1690830490052672e-30
603360,0.0,-3.4443564379285572e-40,9927.051530792356,0.9967586640797594,1.1689281909379156e-30
603420,0.0,-3.4438998821436023e-40,9927.051530792356,0.9967586640797594,1.1687733328705636e-30
603480,0.0,-3.4434433263586485e-40,9927.051530792356,0.9967586640797594,1.1686184748032118e-30
603540,0.0,-3.4429867705736936e-40,9927.051530792356,0.9967586640797594,1.1684636167358599e-30
603600,0.0,-3.44253021478874e-40,9927.051530792356,0.9967586640797594,1.168308758668508e-30
603660,0.0,-3.4420736590037857e-40,9927.051530792356,0.9967586640797594,1.1681539006011565e-30
603720,0.0,-3.441617103218831e-40,9927.051530792356,0.9967586640797594,1.1679990425338045e-30
603780,0.0,-3.441160547433877e-40,9927.051530792356,0.9967586640797594,1.1678441844664527e-30
603840,0.0,-3.4407039916489232e-40,9927.051530792356,0.9967586640797594,1.167689326399101e-30
603900,0.0,-3.4402474358639687e-40,9927.051530792356,0.9967586640797594,1.1675344683317491e-30
603960,0.0,-3.4397908800790146e-40,9927.051530792356,0.9967586640797594,1.1673796102643973e-30
604020,0.0,-3.4393343242940604e-40,9927.051530792356,0.9967586640797594,1.1672247521970455e-30
604080,0.0,-3.438877768509106e-40,9927.051530792356,0.9967586640797594,1.1670698941296936e-30
604140,0.0,-3.4384212127241517e-40,9927.051530792356,0.9967586640797594,1.166915036062342e-30
604200,0.0,-3.437964656939198e-40,9927.051530792356,0.9967586640797594,1.1667601779949901e-30
604260,0.0,-3.4375081011542434e-40,9927.051530792356,0.9967586640797594,1.1666053199276382e-30
604320,0.0,-3.4370515453692893e-40,9927.051530792356,0.9967586640797594,1.1664504618602864e-30
604380,0.0,-3.436594989584335e-40,9927.051530792356,0.9967586640797594,1.1662956037929348e-30
604440,0.0,-3.4361384337993806e-40,9927.051530792356,0.9967586640797594,1.1661407457255828e-30
604500,0.0,-3.435681878014427e-40,9927.051530792356,0.9967586640797594,1.165985887658231e-30
604560,0.0,-3.435225322229472e-40,9927.051530792356,0.9967586640797594,1.165831029590879e-30
604620,0.0,-3.434768766444518e-40,9927.051530792356,0.9967586640797594,1.1656761715235272e-30
604680,0.0,-3.434312210659564e-40,9927.051530792356,0.9967586640797594,1.1655213134561756e-30
604740,0.0,-3.4338556548746095e-40,9927.051530792356,0.9967586640797594,1.1653664553888237e-30
604800,0.0,-3.4333990990896553e-40,9927.051530792356,0.9967586640797594,1.1652115973214719e-30
604860,0.0,-3.4329425433047016e-40,9927.051530792356,0.9967586640797594,1.1650567392541203e-30
604920,0.0,-3.4324859875197466e-40,9927.051530792356,0.9967586640797594,1.1649018811867683e-30
604980,0.0,-3.432029431734793e-40,9927.051530792356,0.9967586640797594,1.1647470231194165e-30
605040,0.0,-3.4315728759498388e-40,9927.051530792356,0.9967586640797594,1.1645921650520647e-30
605100,0.0,-3.431116320164884e-40,9927.051530792356,0.9967586640797594,1.1644373069847127e-30
605160,0.0,-3.43065976437993e-40,9927.051530792356,0.9967586640797594,1.1642824489173611e-30
605220,0.0,-3.4302032085949763e-40,9927.051530792356,0.9967586640797594,1.1641275908500093e-30
605280,0.0,-3.4297466528100214e-40,9927.051530792356,0.9967586640797594,1.1639727327826574e-30
605340,0.0,-3.4292900970250676e-40,9927.051530792356,0.9967586640797594,1.1638178747153056e-30
605400,0.0,-3.4288335412401135e-40,9927.051530792356,0.9967586640797594,1.163663016647954e-30
605460,0.0,-3.428376985455159e-40,9927.051530792356,0.9967586640797594,1.163508158580602e-30
605520,0.0,-3.4279204296702048e-40,9927.051530792356,0.9967586640797594,1.1633533005132502e-30
605580,0.0,-3.4274638738852502e-40,9927.051530792356,0.9967586640797594,1.1631984424458982e-30
605640,0.0,-3.4270073181002965e-40,9927.051530792356,0.9967586640797594,1.1630435843785464e-30
605700,0.0,-3.4265507623153424e-40,9927.051530792356,0.9967586640797594,1.1628887263111948e-30
605760,0.0,-3.426094206530388e-40,9927.051530792356,0.9967586640797594,1.1627338682438428e-30
605820,0.0,-3.4256376507454337e-40,9927.051530792356,0.9967586640797594,1.162579010176491e-30
605880,0.0,-3.4251810949604795e-40,9927.051530792356,0.9967586640797594,1.1624241521091394e-30
605940,0.0,-3.424724539175525e-40,9927.051530792356,0.9967586640797594,1.1622692940417875e-30
606000,0.0,-3.4242679833905712e-40,9927.051530792356,0.9967586640797594,1.1621144359744357e-30
606060,0.0,-3.423811427605617e-40,9927.051530792356,0.9967586640797594,1.1619595779070839e-30
606120,0.0,-3.4233548718206625e-40,9927.051530792356,0.9967586640797594,1.1618047198397319e-30
606180,0.0,-3.4228983160357084e-40,9927.051530792356,0.9967586640797594,1.1616498617723803e-30
606240,0.0,-3.4224417602507547e-40,9927.051530792356,0.9967586640797594,1.1614950037050285e-30
606300,0.0,-3.4219852044657997e-40,9927.051530792356,0.9967586640797594,1.1613401456376765e-30
606360,0.0,-3.421528648680846e-40,9927.051530792356,0.9967586640797594,1.1611852875703247e-30
606420,0.0,-3.421072092895892e-40,9927.051530792356,0.9967586640797594,1.1610304295029731e-30
606480,0.0,-3.4206155371109373e-40,9927.051530792356,0.9967586640797594,1.1608755714356212e-30
606540,0.0,-3.420158981325983e-40,9927.051530792356,0.9967586640797594,1.1607207133682694e-30
606600,0.0,-3.4197024255410286e-40,9927.051530792356,0.9967586640797594,1.1605658553009174e-30
606660,0.0,-3.4192458697560744e-40,9927.051530792356,0.9967586640797594,1.1604109972335656e-30
606720,0.0,-3.4187893139711207e-40,9927.051530792356,0.9967586640797594,1.160256139166214e-30
606780,0.0,-3.418332758186166e-40,9927.051530792356,0.9967586640797594,1.160101281098862e-30
606840,0.0,-3.417876202401212e-40,9927.051530792356,0.9967586640797594,1.1599464230315102e-30
606900,0.0,-3.417419646616258e-40,9927.051530792356,0.9967586640797594,1.1597915649641586e-30
606960,0.0,-3.4169630908313033e-40,9927.051530792356,0.9967586640797594,1.1596367068968066e-30
607020,0.0,-3.416506535046349e-40,9927.051530792356,0.9967586640797594,1.1594818488294548e-30
607080,0.0,-3.4160499792613954e-40,9927.051530792356,0.9967586640797594,1.159326990762103e-30
607140,0.0,-3.415593423476441e-40,9927.051530792356,0.9967586640797594,1.159172132694751e-30
607200,0.0,-3.4151368676914867e-40,9927.051530792356,0.9967586640797594,1.1590172746273995e-30
607260,0.0,-3.4146803119065326e-40,9927.051530792356,0.9967586640797594,1.1588624165600477e-30
607320,0.0,-3.414223756121578e-40,9927.051530792356,0.9967586640797594,1.1587075584926957e-30
607380,0.0,-3.4137672003366243e-40,9927.051530792356,0.9967586640797594,1.158552700425344e-30
607440,0.0,-3.41331064455167e-40,9927.051530792356,0.9967586640797594,1.1583978423579923e-30
607500,0.0,-3.4128540887667156e-40,9927.051530792356,0.9967586640797594,1.1582429842906403e-30
607560,0.0,-3.4123975329817615e-40,9927.051530792356,0.9967586640797594,1.1580881262232885e-30
607620,0.0,-3.411940977196807e-40,9927.051530792356,0.9967586640797594,1.1579332681559366e-30
607680,0.0,-3.4114844214118528e-40,9927.051530792356,0.9967586640797594,1.1577784100885848e-30
607740,0.0,-3.411027865626899e-40,9927.051530792356,0.9967586640797594,1.1576235520212332e-30
607800,0.0,-3.410571309841944e-40,9927.051530792356,0.9967586640797594,1.1574686939538812e-30
607860,0.0,-3.4101147540569904e-40,9927.051530792356,0.9967586640797594,1.1573138358865294e-30
607920,0.0,-3.4096581982720362e-40,9927.051530792356,0.9967586640797594,1.1571589778191778e-30
607980,0.0,-3.4092016424870817e-40,9927.051530792356,0.9967586640797594,1.1570041197518258e-30
608040,0.0,-3.4087450867021275e-40,9927.051530792356,0.9967586640797594,1.156849261684474e-30
608100,0.0,-3.4082885309171738e-40,9927.051530792356,0.9967586640797594,1.1566944036171222e-30
608160,0.0,-3.407831975132219e-40,9927.051530792356,0.9967586640797594,1.1565395455497703e-30
608220,0.0,-3.407375419347265e-40,9927.051530792356,0.9967586640797594,1.1563846874824186e-30
608280,0.0,-3.406918863562311e-40,9927.051530792356,0.9967586640797594,1.1562298294150669e-30
608340,0.0,-3.4064623077773564e-40,9927.051530792356,0.9967586640797594,1.1560749713477149e-30
608400,0.0,-3.4060057519924023e-40,9927.051530792356,0.9967586640797594,1.1559201132803631e-30
608460,0.0,-3.4055491962074485e-40,9927.051530792356,0.9967586640797594,1.1557652552130115e-30
608520,0.0,-3.405092640422494e-40,9927.051530792356,0.9967586640797594,1.1556103971456595e-30
608580,0.0,-3.40463608463754e-40,9927.051530792356,0.9967586640797594,1.1554555390783077e-30
608640,0.0,-3.4041795288525853e-40,9927.051530792356,0.9967586640797594,1.1553006810109557e-30
608700,0.0,-3.403722973067631e-40,9927.051530792356,0.9967586640797594,1.155145822943604e-30
608760,0.0,-3.403266417282677e-40,9927.051530792356,0.9967586640797594,1.1549909648762523e-30
608820,0.0,-3.4028098614977224e-40,9927.051530792356,0.9967586640797594,1.1548361068089004e-30
608880,0.0,-3.4023533057127687e-40,9927.051530792356,0.9967586640797594,1.1546812487415486e-30
608940,0.0,-3.4018967499278146e-40,9927.051530792356,0.9967586640797594,1.154526390674197e-30
609000,0.0,-3.40144019414286e-40,9927.051530792356,0.9967586640797594,1.154371532606845e-30
609060,0.0,-3.400983638357906e-40,9927.051530792356,0.9967586640797594,1.1542166745394932e-30
609120,0.0,-3.400527082572952e-40,9927.051530792356,0.9967586640797594,1.1540618164721414e-30
609180,0.0,-3.400070526787997e-40,9927.051530792356,0.9967586640797594,1.1539069584047894e-30
609240,0.0,-3.3996139710030434e-40,9927.051530792356,0.9967586640797594,1.1537521003374378e-30
609300,0.0,-3.3991574152180893e-40,9927.051530792356,0.9967586640797594,1.153597242270086e-30
609360,0.0,-3.3987008594331347e-40,9927.051530792356,0.9967586640797594,1.153442384202734e-30
609420,0.0,-3.3982443036481806e-40,9927.051530792356,0.9967586640797594,1.1532875261353823e-30
609480,0.0,-3.397787747863227e-40,9927.051530792356,0.9967586640797594,1.1531326680680307e-30
609540,0.0,-3.397331192078272e-40,9927.051530792356,0.9967586640797594,1.1529778100006787e-30
609600,0.0,-3.396874636293318e-40,9927.051530792356,0.9967586640797594,1.1528229519333269e-30
609660,0.0,-3.396418080508364e-40,9927.051530792356,0.9967586640797594,1.1526680938659751e-30
609720,0.0,-3.3959615247234095e-40,9927.051530792356,0.9967586640797594,1.1525132357986231e-30
609780,0.0,-3.3955049689384553e-40,9927.051530792356,0.9967586640797594,1.1523583777312715e-30
609840,0.0,-3.3950484131535008e-40,9927.051530792356,0.9967586640797594,1.1522035196639195e-30
609900,0.0,-3.3945918573685466e-40,9927.051530792356,0.9967586640797594,1.1520486615965678e-30
609960,0.0,-3.394135301583593e-40,9927.051530792356,0.9967586640797594,1.1518938035292161e-30
610020,0.0,-3.3936787457986384e-40,9927.051530792356,0.9967586640797594,1.1517389454618642e-30
610080,0.0,-3.3932221900136842e-40,9927.051530792356,0.9967586640797594,1.1515840873945124e-30
610140,0.0,-3.39276563422873e-40,9927.051530792356,0.9967586640797594,1.1514292293271606e-30
610200,0.0,-3.3923090784437755e-40,9927.051530792356,0.9967586640797594,1.1512743712598086e-30
610260,0.0,-3.3918525226588218e-40,9927.051530792356,0.9967586640797594,1.151119513192457e-30
610320,0.0,-3.3913959668738676e-40,9927.051530792356,0.9967586640797594,1.1509646551251052e-30
610380,0.0,-3.390939411088913e-40,9927.051530792356,0.9967586640797594,1.1508097970577532e-30
610440,0.0,-3.390482855303959e-40,9927.051530792356,0.9967586640797594,1.1506549389904014e-30
610500,0.0,-3.390026299519005e-40,9927.051530792356,0.9967586640797594,1.1505000809230498e-30
610560,0.0,-3.3895697437340502e-40,9927.051530792356,0.9967586640797594,1.1503452228556979e-30
610620,0.0,-3.3891131879490965e-40,9927.051530792356,0.9967586640797594,1.150190364788346e-30
610680,0.0,-3.3886566321641424e-40,9927.051530792356,0.9967586640797594,1.1500355067209943e-30
610740,0.0,-3.388200076379188e-40,9927.051530792356,0.9967586640797594,1.1498806486536423e-30
610800,0.0,-3.3877435205942337e-40,9927.051530792356,0.9967586640797594,1.1497257905862907e-30
610860,0.0,-3.387286964809279e-40,9927.051530792356,0.9967586640797594,1.1495709325189387e-30
610920,0.0,-3.386830409024325e-40,9927.051530792356,0.9967586640797594,1.149416074451587e-30
610980,0.0,-3.3863738532393712e-40,9927.051530792356,0.9967586640797594,1.1492612163842353e-30
611040,0.0,-3.3859172974544163e-40,9927.051530792356,0.9967586640797594,1.1491063583168833e-30
611100,0.0,-3.3854607416694626e-40,9927.051530792356,0.9967586640797594,1.1489515002495316e-30
611160,0.0,-3.3850041858845084e-40,9927.051530792356,0.9967586640797594,1.1487966421821798e-30
611220,0.0,-3.384547630099554e-40,9927.051530792356,0.9967586640797594,1.1486417841148278e-30
611280,0.0,-3.3840910743145997e-40,9927.051530792356,0.9967586640797594,1.1484869260474762e-30
611340,0.0,-3.383634518529646e-40,9927.051530792356,0.9967586640797594,1.1483320679801244e-30
611400,0.0,-3.3831779627446914e-40,9927.051530792356,0.9967586640797594,1.1481772099127724e-30
611460,0.0,-3.3827214069597373e-40,9927.051530792356,0.9967586640797594,1.1480223518454206e-30
611520,0.0,-3.382264851174783e-40,9927.051530792356,0.9967586640797594,1.147867493778069e-30
611580,0.0,-3.3818082953898286e-40,9927.051530792356,0.9967586640797594,1.147712635710717e-30
611640,0.0,-3.3813517396048744e-40,9927.051530792356,0.9967586640797594,1.1475577776433652e-30
611700,0.0,-3.3808951838199207e-40,9927.051530792356,0.9967586640797594,1.1474029195760135e-30
611760,0.0,-3.380438628034966e-40,9927.051530792356,0.9967586640797594,1.1472480615086615e-30
611820,0.0,-3.379982072250012e-40,9927.051530792356,0.9967586640797594,1.1470932034413099e-30
611880,0.0,-3.3795255164650575e-40,9927.051530792356,0.9967586640797594,1.1469383453739579e-30
611940,0.0,-3.3790689606801033e-40,9927.051530792356,0.9967586640797594,1.1467834873066061e-30
612000,0.0,-3.3786124048951496e-40,9927.051530792356,0.9967586640797594,1.1466286292392545e-30
612060,0.0,-3.3781558491101946e-40,9927.051530792356,0.9967586640797594,1.1464737711719025e-30
612120,0.0,-3.377699293325241e-40,9927.051530792356,0.9967586640797594,1.1463189131045507e-30
612180,0.0,-3.3772427375402868e-40,9927.051530792356,0.9967586640797594,1.146164055037199e-30
612240,0.0,-3.376786181755332e-40,9927.051530792356,0.9967586640797594,1.146009196969847e-30
612300,0.0,-3.376329625970378e-40,9927.051530792356,0.9967586640797594,1.1458543389024954e-30
612360,0.0,-3.3758730701854243e-40,9927.051530792356,0.9967586640797594,1.1456994808351436e-30
612420,0.0,-3.3754165144004694e-40,9927.051530792356,0.9967586640797594,1.1455446227677916e-30
612480,0.0,-3.3749599586155156e-40,9927.051530792356,0.9967586640797594,1.1453897647004398e-30
612540,0.0,-3.3745034028305615e-40,9927.051530792356,0.9967586640797594,1.1452349066330882e-30
612600,0.0,-3.374046847045607e-40,9927.051530792356,0.9967586640797594,1.1450800485657362e-30
612660,0.0,-3.3735902912606528e-40,9927.051530792356,0.9967586640797594,1.1449251904983844e-30
612720,0.0,-3.373133735475699e-40,9927.051530792356,0.9967586640797594,1.1447703324310326e-30
612780,0.0,-3.372677179690744e-40,9927.051530792356,0.9967586640797594,1.1446154743636807e-30
612840,0.0,-3.3722206239057904e-40,9927.051530792356,0.9967586640797594,1.144460616296329e-30
612900,0.0,-3.371764068120836e-40,9927.051530792356,0.9967586640797594,1.144305758228977e-30
612960,0.0,-3.3713075123358817e-40,9927.051530792356,0.9967586640797594,1.1441509001616253e-30
613020,0.0,-3.3708509565509275e-40,9927.051530792356,0.9967586640797594,1.1439960420942737e-30
613080,0.0,-3.370394400765973e-40,9927.051530792356,0.9967586640797594,1.1438411840269217e-30
613140,0.0,-3.3699378449810192e-40,9927.051530792356,0.9967586640797594,1.1436863259595699e-30
613200,0.0,-3.369481289196065e-40,9927.051530792356,0.9967586640797594,1.1435314678922181e-30
613260,0.0,-3.3690247334111105e-40,9927.051530792356,0.9967586640797594,1.1433766098248661e-30
613320,0.0,-3.3685681776261564e-40,9927.051530792356,0.9967586640797594,1.1432217517575145e-30
613380,0.0,-3.3681116218412023e-40,9927.051530792356,0.9967586640797594,1.1430668936901627e-30
613440,0.0,-3.3676550660562477e-40,9927.051530792356,0.9967586640797594,1.1429120356228108e-30
613500,0.0,-3.367198510271294e-40,9927.051530792356,0.9967586640797594,1.142757177555459e-30
613560,0.0,-3.36674195448634e-40,9927.051530792356,0.9967586640797594,1.1426023194881074e-30
613620,0.0,-3.3662853987013853e-40,9927.051530792356,0.9967586640797594,1.1424474614207554e-30
613680,0.0,-3.365828842916431e-40,9927.051530792356,0.9967586640797594,1.1422926033534036e-30
613740,0.0,-3.3653722871314774e-40,9927.051530792356,0.9967586640797594,1.1421377452860518e-30
613800,0.0,-3.3649157313465224e-40,9927.051530792356,0.9967586640797594,1.1419828872186998e-30
613860,0.0,-3.3644591755615687e-40,9927.051530792356,0.9967586640797594,1.1418280291513482e-30
613920,0.0,-3.3640026197766137e-40,9927.051530792356,0.9967586640797594,1.1416731710839963e-30
613980,0.0,-3.36354606399166e-40,9927.051530792356,0.9967586640797594,1.1415183130166445e-30
614040,0.0,-3.363089508206706e-40,9927.051530792356,0.9967586640797594,1.1413634549492928e-30
614100,0.0,-3.3626329524217513e-40,9927.051530792356,0.9967586640797594,1.1412085968819409e-30
614160,0.0,-3.362176396636797e-40,9927.051530792356,0.9967586640797594,1.141053738814589e-30
614220,0.0,-3.3617198408518434e-40,9927.051530792356,0.9967586640797594,1.1408988807472373e-30
614280,0.0,-3.3612632850668885e-40,9927.051530792356,0.9967586640797594,1.1407440226798853e-30
614340,0.0,-3.3608067292819347e-40,9927.051530792356,0.9967586640797594,1.1405891646125337e-30
614400,0.0,-3.3603501734969806e-40,9927.051530792356,0.9967586640797594,1.140434306545182e-30
614460,0.0,-3.359893617712026e-40,9927.051530792356,0.9967586640797594,1.14027944847783e-30
614520,0.0,-3.359437061927072e-40,9927.051530792356,0.9967586640797594,1.1401245904104782e-30
614580,0.0,-3.358980506142118e-40,9927.051530792356,0.9967586640797594,1.1399697323431265e-30
614640,0.0,-3.3585239503571636e-40,9927.051530792356,0.9967586640797594,1.1398148742757746e-30
614700,0.0,-3.3580673945722095e-40,9927.051530792356,0.9967586640797594,1.1396600162084228e-30
614760,0.0,-3.3576108387872553e-40,9927.051530792356,0.9967586640797594,1.139505158141071e-30
614820,0.0,-3.3571542830023008e-40,9927.051530792356,0.9967586640797594,1.139350300073719e-30
614880,0.0,-3.356697727217347e-40,9927.051530792356,0.9967586640797594,1.1391954420063674e-30
614940,0.0,-3.356241171432392e-40,9927.051530792356,0.9967586640797594,1.1390405839390154e-30
615000,0.0,-3.3557846156474384e-40,9927.051530792356,0.9967586640797594,1.1388857258716636e-30
615060,0.0,-3.3553280598624842e-40,9927.051530792356,0.9967586640797594,1.138730867804312e-30
615120,0.0,-3.3548715040775297e-40,9927.051530792356,0.9967586640797594,1.13857600973696e-30
615180,0.0,-3.3544149482925755e-40,9927.051530792356,0.9967586640797594,1.1384211516696083e-30
615240,0.0,-3.3539583925076218e-40,9927.051530792356,0.9967586640797594,1.1382662936022565e-30
615300,0.0,-3.353501836722667e-40,9927.051530792356,0.9967586640797594,1.1381114355349045e-30
615360,0.0,-3.353045280937713e-40,9927.051530792356,0.9967586640797594,1.1379565774675529e-30
615420,0.0,-3.352588725152759e-40,9927.051530792356,0.9967586640797594,1.1378017194002011e-30
615480,0.0,-3.3521321693678044e-40,9927.051530792356,0.9967586640797594,1.1376468613328491e-30
615540,0.0,-3.3516756135828503e-40,9927.051530792356,0.9967586640797594,1.1374920032654973e-30
615600,0.0,-3.3512190577978965e-40,9927.051530792356,0.9967586640797594,1.1373371451981457e-30
615660,0.0,-3.3507625020129416e-40,9927.051530792356,0.9967586640797594,1.1371822871307937e-30
615720,0.0,-3.350305946227988e-40,9927.051530792356,0.9967586640797594,1.137027429063442e-30
615780,0.0,-3.3498493904430337e-40,9927.051530792356,0.9967586640797594,1.1368725709960902e-30
615840,0.0,-3.349392834658079e-40,9927.051530792356,0.9967586640797594,1.1367177129287382e-30
615900,0.0,-3.348936278873125e-40,9927.051530792356,0.9967586640797594,1.1365628548613866e-30
615960,0.0,-3.3484797230881704e-40,9927.051530792356,0.9967586640797594,1.1364079967940346e-30
616020,0.0,-3.3480231673032163e-40,9927.051530792356,0.9967586640797594,1.1362531387266828e-30
616080,0.0,-3.3475666115182626e-40,9927.051530792356,0.9967586640797594,1.1360982806593312e-30
616140,0.0,-3.347110055733308e-40,9927.051530792356,0.9967586640797594,1.1359434225919792e-30
616200,0.0,-3.346653499948354e-40,9927.051530792356,0.9967586640797594,1.1357885645246274e-30
616260,0.0,-3.3461969441633997e-40,9927.051530792356,0.9967586640797594,1.1356337064572756e-30
616320,0.0,-3.345740388378445e-40,9927.051530792356,0.9967586640797594,1.1354788483899237e-30
616380,0.0,-3.3452838325934914e-40,9927.051530792356,0.9967586640797594,1.135323990322572e-30
616440,0.0,-3.3448272768085373e-40,9927.051530792356,0.9967586640797594,1.1351691322552203e-30
616500,0.0,-3.3443707210235827e-40,9927.051530792356,0.9967586640797594,1.1350142741878683e-30
616560,0.0,-3.3439141652386286e-40,9927.051530792356,0.9967586640797594,1.1348594161205165e-30
616620,0.0,-3.343457609453675e-40,9927.051530792356,0.9967586640797594,1.1347045580531649e-30
616680,0.0,-3.34300105366872e-40,9927.051530792356,0.9967586640797594,1.134549699985813e-30
616740,0.0,-3.342544497883766e-40,9927.051530792356,0.9967586640797594,1.1343948419184611e-30
616800,0.0,-3.342087942098812e-40,9927.051530792356,0.9967586640797594,1.1342399838511093e-30
616860,0.0,-3.3416313863138575e-40,9927.051530792356,0.9967586640797594,1.1340851257837574e-30
616920,0.0,-3.3411748305289033e-40,9927.051530792356,0.9967586640797594,1.1339302677164058e-30
616980,0.0,-3.3407182747439488e-40,9927.051530792356,0.9967586640797594,1.1337754096490538e-30
617040,0.0,-3.3402617189589946e-40,9927.051530792356,0.9967586640797594,1.133620551581702e-30
617100,0.0,-3.339805163174041e-40,9927.051530792356,0.9967586640797594,1.1334656935143504e-30
617160,0.0,-3.339348607389086e-40,9927.051530792356,0.9967586640797594,1.1333108354469984e-30
617220,0.0,-3.3388920516041322e-40,9927.051530792356,0.9967586640797594,1.1331559773796466e-30
617280,0.0,-3.338435495819178e-40,9927.051530792356,0.9967586640797594,1.1330011193122948e-30
617340,0.0,-3.3379789400342235e-40,9927.051530792356,0.9967586640797594,1.1328462612449429e-30
617400,0.0,-3.3375223842492694e-40,9927.051530792356,0.9967586640797594,1.1326914031775912e-30
617460,0.0,-3.3370658284643156e-40,9927.051530792356,0.9967586640797594,1.1325365451102394e-30
617520,0.0,-3.336609272679361e-40,9927.051530792356,0.9967586640797594,1.1323816870428875e-30
617580,0.0,-3.336152716894407e-40,9927.051530792356,0.9967586640797594,1.1322268289755357e-30
617640,0.0,-3.3356961611094528e-40,9927.051530792356,0.9967586640797594,1.132071970908184e-30
617700,0.0,-3.3352396053244982e-40,9927.051530792356,0.9967586640797594,1.1319171128408321e-30
617760,0.0,-3.334783049539544e-40,9927.051530792356,0.9967586640797594,1.1317622547734803e-30
617820,0.0,-3.3343264937545904e-40,9927.051530792356,0.9967586640797594,1.1316073967061285e-30
617880,0.0,-3.333869937969636e-40,9927.051530792356,0.9967586640797594,1.1314525386387765e-30
617940,0.0,-3.3334133821846817e-40,9927.051530792356,0.9967586640797594,1.131297680571425e-30
618000,0.0,-3.332956826399727e-40,9927.051530792356,0.9967586640797594,1.131142822504073e-30
618060,0.0,-3.332500270614773e-40,9927.051530792356,0.9967586640797594,1.1309879644367212e-30
618120,0.0,-3.3320437148298192e-40,9927.051530792356,0.9967586640797594,1.1308331063693696e-30
618180,0.0,-3.3315871590448643e-40,9927.051530792356,0.9967586640797594,1.1306782483020176e-30
618240,0.0,-3.3311306032599105e-40,9927.051530792356,0.9967586640797594,1.1305233902346658e-30
618300,0.0,-3.3306740474749564e-40,9927.051530792356,0.9967586640797594,1.130368532167314e-30
618360,0.0,-3.330217491690002e-40,9927.051530792356,0.9967586640797594,1.130213674099962e-30
618420,0.0,-3.3297609359050477e-40,9927.051530792356,0.9967586640797594,1.1300588160326104e-30
618480,0.0,-3.329304380120094e-40,9927.051530792356,0.9967586640797594,1.1299039579652586e-30
618540,0.0,-3.328847824335139e-40,9927.051530792356,0.9967586640797594,1.1297490998979067e-30
618600,0.0,-3.3283912685501853e-40,9927.051530792356,0.9967586640797594,1.1295942418305549e-30
618660,0.0,-3.327934712765231e-40,9927.051530792356,0.9967586640797594,1.1294393837632032e-30
618720,0.0,-3.3274781569802766e-40,9927.051530792356,0.9967586640797594,1.1292845256958513e-30
618780,0.0,-3.3270216011953224e-40,9927.051530792356,0.9967586640797594,1.1291296676284995e-30
618840,0.0,-3.3265650454103687e-40,9927.051530792356,0.9967586640797594,1.1289748095611477e-30
618900,0.0,-3.3261084896254137e-40,9927.051530792356,0.9967586640797594,1.1288199514937957e-30
618960,0.0,-3.32565193384046e-40,9927.051530792356,0.9967586640797594,1.1286650934264441e-30
619020,0.0,-3.3251953780555055e-40,9927.051530792356,0.9967586640797594,1.1285102353590921e-30
619080,0.0,-3.3247388222705513e-40,9927.051530792356,0.9967586640797594,1.1283553772917403e-30
619140,0.0,-3.324282266485597e-40,9927.051530792356,0.9967586640797594,1.1282005192243887e-30
619200,0.0,-3.3238257107006426e-40,9927.051530792356,0.9967586640797594,1.1280456611570368e-30
619260,0.0,-3.323369154915689e-40,9927.051530792356,0.9967586640797594,1.127890803089685e-30
619320,0.0,-3.3229125991307347e-40,9927.051530792356,0.9967586640797594,1.1277359450223332e-30
619380,0.0,-3.32245604334578e-40,9927.051530792356,0.9967586640797594,1.1275810869549812e-30
619440,0.0,-3.321999487560826e-40,9927.051530792356,0.9967586640797594,1.1274262288876296e-30
619500,0.0,-3.3215429317758723e-40,9927.051530792356,0.9967586640797594,1.1272713708202778e-30
619560,0.0,-3.3210863759909174e-40,9927.051530792356,0.9967586640797594,1.1271165127529258e-30
619620,0.0,-3.3206298202059636e-40,9927.051530792356,0.9967586640797594,1.126961654685574e-30
619680,0.0,-3.3201732644210095e-40,9927.051530792356,0.9967586640797594,1.1268067966182224e-30
619740,0.0,-3.319716708636055e-40,9927.051530792356,0.9967586640797594,1.1266519385508705e-30
619800,0.0,-3.3192601528511008e-40,9927.051530792356,0.9967586640797594,1.1264970804835187e-30
619860,0.0,-3.318803597066147e-40,9927.051530792356,0.9967586640797594,1.1263422224161669e-30
619920,0.0,-3.318347041281192e-40,9927.051530792356,0.9967586640797594,1.1261873643488149e-30
619980,0.0,-3.3178904854962384e-40,9927.051530792356,0.9967586640797594,1.1260325062814633e-30
620040,0.0,-3.3174339297112842e-40,9927.051530792356,0.9967586640797594,1.1258776482141115e-30
620100,0.0,-3.3169773739263297e-40,9927.051530792356,0.9967586640797594,1.1257227901467595e-30
620160,0.0,-3.3165208181413755e-40,9927.051530792356,0.9967586640797594,1.1255679320794079e-30
620220,0.0,-3.316064262356421e-40,9927.051530792356,0.9967586640797594,1.125413074012056e-30
620280,0.0,-3.315607706571467e-40,9927.051530792356,0.9967586640797594,1.1252582159447041e-30
620340,0.0,-3.315151150786513e-40,9927.051530792356,0.9967586640797594,1.1251033578773524e-30
620400,0.0,-3.3146945950015585e-40,9927.051530792356,0.9967586640797594,1.1249484998100004e-30
620460,0.0,-3.3142380392166044e-40,9927.051530792356,0.9967586640797594,1.1247936417426488e-30
620520,0.0,-3.3137814834316503e-40,9927.051530792356,0.9967586640797594,1.124638783675297e-30
620580,0.0,-3.3133249276466957e-40,9927.051530792356,0.9967586640797594,1.124483925607945e-30
620640,0.0,-3.3128683718617416e-40,9927.051530792356,0.9967586640797594,1.1243290675405932e-30
620700,0.0,-3.312411816076788e-40,9927.051530792356,0.9967586640797594,1.1241742094732416e-30
620760,0.0,-3.3119552602918333e-40,9927.051530792356,0.9967586640797594,1.1240193514058896e-30
620820,0.0,-3.311498704506879e-40,9927.051530792356,0.9967586640797594,1.1238644933385378e-30
620880,0.0,-3.311042148721925e-40,9927.051530792356,0.9967586640797594,1.123709635271186e-30
620940,0.0,-3.3105855929369704e-40,9927.051530792356,0.9967586640797594,1.123554777203834e-30
621000,0.0,-3.3101290371520167e-40,9927.051530792356,0.9967586640797594,1.1233999191364825e-30
621060,0.0,-3.3096724813670626e-40,9927.051530792356,0.9967586640797594,1.1232450610691307e-30
621120,0.0,-3.309215925582108e-40,9927.051530792356,0.9967586640797594,1.1230902030017787e-30
621180,0.0,-3.308759369797154e-40,9927.051530792356,0.9967586640797594,1.122935344934427e-30
621240,0.0,-3.3083028140121993e-40,9927.051530792356,0.9967586640797594,1.1227804868670751e-30
621300,0.0,-3.307846258227245e-40,9927.051530792356,0.9967586640797594,1.1226256287997233e-30
621360,0.0,-3.3073897024422914e-40,9927.051530792356,0.9967586640797594,1.1224707707323715e-30
621420,0.0,-3.3069331466573365e-40,9927.051530792356,0.9967586640797594,1.1223159126650196e-30
621480,0.0,-3.3064765908723827e-40,9927.051530792356,0.9967586640797594,1.122161054597668e-30
621540,0.0,-3.3060200350874286e-40,9927.051530792356,0.9967586640797594,1.1220061965303162e-30
621600,0.0,-3.305563479302474e-40,9927.051530792356,0.9967586640797594,1.1218513384629642e-30
621660,0.0,-3.30510692351752e-40,9927.051530792356,0.9967586640797594,1.1216964803956124e-30
621720,0.0,-3.304650367732566e-40,9927.051530792356,0.9967586640797594,1.1215416223282608e-30
621780,0.0,-3.3041938119476112e-40,9927.051530792356,0.9967586640797594,1.1213867642609088e-30
621840,0.0,-3.3037372561626575e-40,9927.051530792356,0.9967586640797594,1.121231906193557e-30
621900,0.0,-3.3032807003777033e-40,9927.051530792356,0.9967586640797594,1.1210770481262052e-30
621960,0.0,-3.3028241445927488e-40,9927.051530792356,0.9967586640797594,1.1209221900588533e-30
622020,0.0,-3.3023675888077946e-40,9927.051530792356,0.9967586640797594,1.1207673319915016e-30
622080,0.0,-3.301911033022841e-40,9927.051530792356,0.9967586640797594,1.1206124739241498e-30
622140,0.0,-3.3014544772378864e-40,9927.051530792356,0.9967586640797594,1.1204576158567979e-30
622200,0.0,-3.3009979214529322e-40,9927.051530792356,0.9967586640797594,1.1203027577894463e-30
622260,0.0,-3.3005413656679777e-40,9927.051530792356,0.9967586640797594,1.1201478997220943e-30
622320,0.0,-3.3000848098830235e-40,9927.051530792356,0.9967586640797594,1.1199930416547425e-30
622380,0.0,-3.2996282540980694e-40,9927.051530792356,0.9967586640797594,1.1198381835873907e-30
622440,0.0,-3.299171698313115e-40,9927.051530792356,0.9967586640797594,1.1196833255200387e-30
622500,0.0,-3.298715142528161e-40,9927.051530792356,0.9967586640797594,1.1195284674526871e-30
622560,0.0,-3.298258586743207e-40,9927.051530792356,0.9967586640797594,1.1193736093853353e-30
622620,0.0,-3.2978020309582524e-40,9927.051530792356,0.9967586640797594,1.1192187513179834e-30
622680,0.0,-3.2973454751732982e-40,9927.051530792356,0.9967586640797594,1.1190638932506316e-30
622740,0.0,-3.2968889193883445e-40,9927.051530792356,0.9967586640797594,1.11890903518328e-30
622800,0.0,-3.2964323636033896e-40,9927.051530792356,0.9967586640797594,1.118754177115928e-30
622860,0.0,-3.295975807818436e-40,9927.051530792356,0.9967586640797594,1.1185993190485762e-30
622920,0.0,-3.2955192520334817e-40,9927.051530792356,0.9967586640797594,1.1184444609812244e-30
622980,0.0,-3.295062696248527e-40,9927.051530792356,0.9967586640797594,1.1182896029138724e-30
623040,0.0,-3.294606140463573e-40,9927.051530792356,0.9967586640797594,1.1181347448465208e-30
623100,0.0,-3.2941495846786192e-40,9927.051530792356,0.9967586640797594,1.117979886779169e-30
623160,0.0,-3.2936930288936643e-40,9927.051530792356,0.9967586640797594,1.117825028711817e-30
623220,0.0,-3.2932364731087106e-40,9927.051530792358,0.9967586640797594,1.1176701706444654e-30
623280,0.0,-3.292779917323756e-40,9927.051530792358,0.9967586640797594,1.1175153125771135e-30
623340,0.0,-3.292323361538802e-40,9927.051530792358,0.9967586640797594,1.1173604545097617e-30
623400,0.0,-3.2918668057538477e-40,9927.051530792358,0.9967586640797594,1.1172055964424099e-30
623460,0.0,-3.291410249968893e-40,9927.051530792358,0.9967586640797594,1.117050738375058e-30
623520,0.0,-3.290953694183939e-40,9927.051530792358,0.9967586640797594,1.1168958803077063e-30
623580,0.0,-3.2904971383989853e-40,9927.051530792358,0.9967586640797594,1.1167410222403545e-30
623640,0.0,-3.2900405826140307e-40,9927.051530792358,0.9967586640797594,1.1165861641730025e-30
623700,0.0,-3.2895840268290766e-40,9927.051530792358,0.9967586640797594,1.1164313061056507e-30
623760,0.0,-3.2891274710441224e-40,9927.051530792358,0.9967586640797594,1.1162764480382991e-30
623820,0.0,-3.288670915259168e-40,9927.051530792358,0.9967586640797594,1.1161215899709472e-30
623880,0.0,-3.288214359474214e-40,9927.051530792358,0.9967586640797594,1.1159667319035954e-30
623940,0.0,-3.28775780368926e-40,9927.051530792358,0.9967586640797594,1.1158118738362436e-30
624000,0.0,-3.2873012479043055e-40,9927.051530792358,0.9967586640797594,1.1156570157688916e-30
624060,0.0,-3.2868446921193513e-40,9927.051530792358,0.9967586640797594,1.11550215770154e-30
624120,0.0,-3.286388136334397e-40,9927.051530792358,0.9967586640797594,1.1153472996341882e-30
624180,0.0,-3.2859315805494426e-40,9927.051530792358,0.9967586640797594,1.1151924415668362e-30
624240,0.0,-3.285475024764489e-40,9927.051530792358,0.9967586640797594,1.1150375834994846e-30
624300,0.0,-3.285018468979534e-40,9927.051530792358,0.9967586640797594,1.1148827254321326e-30
624360,0.0,-3.28456191319458e-40,9927.051530792358,0.9967586640797594,1.1147278673647809e-30
624420,0.0,-3.284105357409626e-40,9927.051530792358,0.9967586640797594,1.114573009297429e-30
624480,0.0,-3.2836488016246715e-40,9927.051530792358,0.9967586640797594,1.1144181512300771e-30
624540,0.0,-3.2831922458397174e-40,9927.051530792358,0.9967586640797594,1.1142632931627255e-30
624600,0.0,-3.2827356900547636e-40,9927.051530792358,0.9967586640797594,1.1141084350953737e-30
624660,0.0,-3.2822791342698087e-40,9927.051530792358,0.9967586640797594,1.1139535770280217e-30
624720,0.0,-3.281822578484855e-40,9927.051530792358,0.9967586640797594,1.11379871896067e-30
624780,0.0,-3.2813660226999008e-40,9927.051530792358,0.9967586640797594,1.1136438608933183e-30
624840,0.0,-3.2809094669149462e-40,9927.051530792358,0.9967586640797594,1.1134890028259663e-30
624900,0.0,-3.280452911129992e-40,9927.051530792358,0.9967586640797594,1.1133341447586145e-30
624960,0.0,-3.2799963553450384e-40,9927.051530792358,0.9967586640797594,1.1131792866912628e-30
625020,0.0,-3.279539799560084e-40,9927.051530792358,0.9967586640797594,1.1130244286239108e-30
625080,0.0,-3.2790832437751297e-40,9927.051530792358,0.9967586640797594,1.1128695705565592e-30
625140,0.0,-3.2786266879901755e-40,9927.051530792358,0.9967586640797594,1.1127147124892074e-30
625200,0.0,-3.278170132205221e-40,9927.051530792358,0.9967586640797594,1.1125598544218554e-30
625260,0.0,-3.277713576420267e-40,9927.051530792358,0.9967586640797594,1.1124049963545038e-30
625320,0.0,-3.2772570206353123e-40,9927.051530792358,0.9967586640797594,1.1122501382871518e-30
625380,0.0,-3.2768004648503585e-40,9927.051530792358,0.9967586640797594,1.1120952802198e-30
625440,0.0,-3.2763439090654044e-40,9927.051530792358,0.9967586640797594,1.1119404221524482e-30
625500,0.0,-3.27588735328045e-40,9927.051530792358,0.9967586640797594,1.1117855640850963e-30
625560,0.0,-3.2754307974954957e-40,9927.051530792358,0.9967586640797594,1.1116307060177447e-30
625620,0.0,-3.274974241710542e-40,9927.051530792358,0.9967586640797594,1.1114758479503929e-30
625680,0.0,-3.274517685925587e-40,9927.051530792358,0.9967586640797594,1.1113209898830409e-30
625740,0.0,-3.2740611301406333e-40,9927.051530792358,0.9967586640797594,1.1111661318156891e-30
625800,0.0,-3.273604574355679e-40,9927.051530792358,0.9967586640797594,1.1110112737483375e-30
625860,0.0,-3.2731480185707246e-40,9927.051530792358,0.9967586640797594,1.1108564156809855e-30
625920,0.0,-3.2726914627857704e-40,9927.051530792358,0.9967586640797594,1.1107015576136337e-30
625980,0.0,-3.2722349070008167e-40,9927.051530792358,0.9967586640797594,1.110546699546282e-30
626040,0.0,-3.2717783512158617e-40,9927.051530792358,0.9967586640797594,1.11039184147893e-30
626100,0.0,-3.271321795430908e-40,9927.051530792358,0.9967586640797594,1.1102369834115783e-30
626160,0.0,-3.270865239645954e-40,9927.051530792358,0.9967586640797594,1.1100821253442266e-30
626220,0.0,-3.2704086838609993e-40,9927.051530792358,0.9967586640797594,1.1099272672768746e-30
626280,0.0,-3.269952128076045e-40,9927.051530792358,0.9967586640797594,1.109772409209523e-30
626340,0.0,-3.2694955722910906e-40,9927.051530792358,0.9967586640797594,1.109617551142171e-30
626400,0.0,-3.2690390165061365e-40,9927.051530792358,0.9967586640797594,1.1094626930748192e-30
626460,0.0,-3.2685824607211827e-40,9927.051530792358,0.9967586640797594,1.1093078350074674e-30
626520,0.0,-3.268125904936228e-40,9927.051530792358,0.9967586640797594,1.1091529769401154e-30
626580,0.0,-3.267669349151274e-40,9927.051530792358,0.9967586640797594,1.1089981188727638e-30
626640,0.0,-3.26721279336632e-40,9927.051530792358,0.9967586640797594,1.108843260805412e-30
626700,0.0,-3.2667562375813654e-40,9927.051530792358,0.9967586640797594,1.10868840273806e-30
626760,0.0,-3.2662996817964116e-40,9927.051530792358,0.9967586640797594,1.1085335446707083e-30
626820,0.0,-3.2658431260114575e-40,9927.051530792358,0.9967586640797594,1.1083786866033567e-30
626880,0.0,-3.265386570226503e-40,9927.051530792358,0.9967586640797594,1.1082238285360047e-30
626940,0.0,-3.2649300144415488e-40,9927.051530792358,0.9967586640797594,1.1080689704686529e-30
627000,0.0,-3.2644734586565946e-40,9927.051530792358,0.9967586640797594,1.1079141124013011e-30
627060,0.0,-3.26401690287164e-40,9927.051530792358,0.9967586640797594,1.1077592543339491e-30
627120,0.0,-3.2635603470866864e-40,9927.051530792358,0.9967586640797594,1.1076043962665975e-30
627180,0.0,-3.2631037913017322e-40,9927.051530792358,0.9967586640797594,1.1074495381992457e-30
627240,0.0,-3.2626472355167777e-40,9927.051530792358,0.9967586640797594,1.1072946801318938e-30
627300,0.0,-3.2621906797318235e-40,9927.051530792358,0.9967586640797594,1.1071398220645421e-30
627360,0.0,-3.261734123946869e-40,9927.051530792358,0.9967586640797594,1.1069849639971902e-30
627420,0.0,-3.261277568161915e-40,9927.051530792358,0.9967586640797594,1.1068301059298384e-30
627480,0.0,-3.260821012376961e-40,9927.051530792358,0.9967586640797594,1.1066752478624866e-30
627540,0.0,-3.260364456592006e-40,9927.051530792358,0.9967586640797594,1.1065203897951346e-30
627600,0.0,-3.2599079008070524e-40,9927.051530792358,0.9967586640797594,1.106365531727783e-30
627660,0.0,-3.2594513450220983e-40,9927.051530792358,0.9967586640797594,1.1062106736604312e-30
627720,0.0,-3.2589947892371437e-40,9927.051530792358,0.9967586640797594,1.1060558155930792e-30
627780,0.0,-3.2585382334521896e-40,9927.051530792358,0.9967586640797594,1.1059009575257275e-30
627840,0.0,-3.258081677667236e-40,9927.051530792358,0.9967586640797594,1.1057460994583758e-30
627900,0.0,-3.2576251218822813e-40,9927.051530792358,0.9967586640797594,1.1055912413910239e-30
627960,0.0,-3.257168566097327e-40,9927.051530792358,0.9967586640797594,1.105436383323672e-30
628020,0.0,-3.256712010312373e-40,9927.051530792358,0.9967586640797594,1.1052815252563203e-30
628080,0.0,-3.2562554545274184e-40,9927.051530792358,0.9967586640797594,1.1051266671889683e-30
628140,0.0,-3.2557988987424643e-40,9927.051530792358,0.9967586640797594,1.1049718091216167e-30
628200,0.0,-3.2553423429575106e-40,9927.051530792358,0.9967586640797594,1.1048169510542649e-30
628260,0.0,-3.254885787172556e-40,9927.051530792358,0.9967586640797594,1.104662092986913e-30
628320,0.0,-3.254429231387602e-40,9927.051530792358,0.9967586640797594,1.1045072349195613e-30
628380,0.0,-3.2539726756026473e-40,9927.051530792358,0.9967586640797594,1.1043523768522094e-30
628440,0.0,-3.253516119817693e-40,9927.051530792358,0.9967586640797594,1.1041975187848576e-30
628500,0.0,-3.2530595640327394e-40,9927.051530792358,0.9967586640797594,1.1040426607175058e-30
628560,0.0,-3.2526030082477845e-40,9927.051530792358,0.9967586640797594,1.1038878026501538e-30
628620,0.0,-3.2521464524628307e-40,9927.051530792358,0.9967586640797594,1.1037329445828022e-30
628680,0.0,-3.2516898966778766e-40,9927.051530792358,0.9967586640797594,1.1035780865154504e-30
628740,0.0,-3.251233340892922e-40,9927.051530792358,0.9967586640797594,1.1034232284480984e-30
628800,0.0,-3.250776785107968e-40,9927.051530792358,0.9967586640797594,1.1032683703807466e-30
628860,0.0,-3.250320229323014e-40,9927.051530792358,0.9967586640797594,1.103113512313395e-30
628920,0.0,-3.2498636735380592e-40,9927.051530792358,0.9967586640797594,1.102958654246043e-30
628980,0.0,-3.2494071177531055e-40,9927.051530792358,0.9967586640797594,1.1028037961786913e-30
629040,0.0,-3.2489505619681513e-40,9927.051530792358,0.9967586640797594,1.1026489381113395e-30
629100,0.0,-3.2484940061831968e-40,9927.051530792358,0.9967586640797594,1.1024940800439875e-30
629160,0.0,-3.2480374503982426e-40,9927.051530792358,0.9967586640797594,1.1023392219766359e-30
629220,0.0,-3.247580894613289e-40,9927.051530792358,0.9967586640797594,1.102184363909284e-30
629280,0.0,-3.247124338828334e-40,9927.051530792358,0.9967586640797594,1.1020295058419321e-30
629340,0.0,-3.2466677830433802e-40,9927.051530792358,0.9967586640797594,1.1018746477745805e-30
629400,0.0,-3.2462112272584257e-40,9927.051530792358,0.9967586640797594,1.1017197897072285e-30
629460,0.0,-3.2457546714734715e-40,9927.051530792358,0.9967586640797594,1.1015649316398767e-30
629520,0.0,-3.2452981156885174e-40,9927.051530792358,0.9967586640797594,1.101410073572525e-30
629580,0.0,-3.244841559903563e-40,9927.051530792358,0.9967586640797594,1.101255215505173e-30
629640,0.0,-3.244385004118609e-40,9927.051530792358,0.9967586640797594,1.1011003574378214e-30
629700,0.0,-3.243928448333655e-40,9927.051530792358,0.9967586640797594,1.1009454993704696e-30
629760,0.0,-3.2434718925487004e-40,9927.051530792358,0.9967586640797594,1.1007906413031176e-30
629820,0.0,-3.2430153367637462e-40,9927.051530792358,0.9967586640797594,1.1006357832357658e-30
629880,0.0,-3.242558780978792e-40,9927.051530792358,0.9967586640797594,1.1004809251684142e-30
629940,0.0,-3.2421022251938375e-40,9927.051530792358,0.9967586640797594,1.1003260671010622e-30
630000,0.0,-3.241645669408884e-40,9927.051530792358,0.9967586640797594,1.1001712090337104e-30
630060,0.0,-3.2411891136239297e-40,9927.051530792358,0.9967586640797594,1.1000163509663586e-30
630120,0.0,-3.240732557838975e-40,9927.051530792358,0.9967586640797594,1.0998614928990067e-30
630180,0.0,-3.240276002054021e-40,9927.051530792358,0.9967586640797594,1.099706634831655e-30
630240,0.0,-3.2398194462690672e-40,9927.051530792358,0.9967586640797594,1.0995517767643033e-30
630300,0.0,-3.2393628904841123e-40,9927.051530792358,0.9967586640797594,1.0993969186969513e-30
630360,0.0,-3.2389063346991585e-40,9927.051530792358,0.9967586640797594,1.0992420606295997e-30
630420,0.0,-3.2384497789142044e-40,9927.051530792358,0.9967586640797594,1.0990872025622479e-30
630480,0.0,-3.23799322312925e-40,9927.051530792358,0.9967586640797594,1.098932344494896e-30
630540,0.0,-3.2375366673442957e-40,9927.051530792358,0.9967586640797594,1.0987774864275441e-30
630600,0.0,-3.237080111559341e-40,9927.051530792358,0.9967586640797594,1.0986226283601922e-30
630660,0.0,-3.236623555774387e-40,9927.051530792358,0.9967586640797594,1.0984677702928405e-30
630720,0.0,-3.2361669999894333e-40,9927.051530792358,0.9967586640797594,1.0983129122254887e-30
630780,0.0,-3.2357104442044783e-40,9927.051530792358,0.9967586640797594,1.0981580541581368e-30
630840,0.0,-3.2352538884195246e-40,9927.051530792358,0.9967586640797594,1.098003196090785e-30
630900,0.0,-3.2347973326345704e-40,9927.051530792358,0.9967586640797594,1.0978483380234334e-30
630960,0.0,-3.234340776849616e-40,9927.051530792358,0.9967586640797594,1.0976934799560814e-30
631020,0.0,-3.2338842210646618e-40,9927.051530792358,0.9967586640797594,1.0975386218887296e-30
631080,0.0,-3.233427665279708e-40,9927.051530792358,0.9967586640797594,1.0973837638213778e-30
631140,0.0,-3.2329711094947535e-40,9927.051530792358,0.9967586640797594,1.0972289057540258e-30
631200,0.0,-3.2325145537097993e-40,9927.051530792358,0.9967586640797594,1.0970740476866742e-30
631260,0.0,-3.232057997924845e-40,9927.051530792358,0.9967586640797594,1.0969191896193224e-30
631320,0.0,-3.2316014421398906e-40,9927.051530792358,0.9967586640797594,1.0967643315519705e-30
631380,0.0,-3.231144886354937e-40,9927.051530792358,0.9967586640797594,1.0966094734846189e-30
631440,0.0,-3.2306883305699827e-40,9927.051530792358,0.9967586640797594,1.096454615417267e-30
631500,0.0,-3.230231774785028e-40,9927.051530792358,0.9967586640797594,1.0962997573499151e-30
631560,0.0,-3.229775219000074e-40,9927.051530792358,0.9967586640797594,1.0961448992825633e-30
631620,0.0,-3.2293186632151195e-40,9927.051530792358,0.9967586640797594,1.0959900412152113e-30
631680,0.0,-3.2288621074301654e-40,9927.051530792358,0.9967586640797594,1.0958351831478597e-30
631740,0.0,-3.2284055516452116e-40,9927.051530792358,0.9967586640797594,1.095680325080508e-30
631800,0.0,-3.2279489958602567e-40,9927.051530792358,0.9967586640797594,1.095525467013156e-30
631860,0.0,-3.227492440075303e-40,9927.051530792358,0.9967586640797594,1.0953706089458042e-30
631920,0.0,-3.2270358842903488e-40,9927.051530792358,0.9967586640797594,1.0952157508784525e-30
631980,0.0,-3.2265793285053942e-40,9927.051530792358,0.9967586640797594,1.0950608928111006e-30
632040,0.0,-3.22612277272044e-40,9927.051530792358,0.9967586640797594,1.0949060347437488e-30
632100,0.0,-3.2256662169354864e-40,9927.051530792358,0.9967586640797594,1.094751176676397e-30
632160,0.0,-3.2252096611505314e-40,9927.051530792358,0.9967586640797594,1.094596318609045e-30
632220,0.0,-3.2247531053655777e-40,9927.051530792358,0.9967586640797594,1.0944414605416934e-30
632280,0.0,-3.2242965495806235e-40,9927.051530792358,0.9967586640797594,1.0942866024743416e-30
632340,0.0,-3.223839993795669e-40,9927.051530792358,0.9967586640797594,1.0941317444069896e-30
632400,0.0,-3.223383438010715e-40,9927.051530792358,0.9967586640797594,1.093976886339638e-30
632460,0.0,-3.222926882225761e-40,9927.051530792358,0.9967586640797594,1.0938220282722862e-30
632520,0.0,-3.222470326440806e-40,9927.051530792358,0.9967586640797594,1.0936671702049343e-30
632580,0.0,-3.2220137706558524e-40,9927.051530792358,0.9967586640797594,1.0935123121375825e-30
632640,0.0,-3.221557214870898e-40,9927.051530792358,0.9967586640797594,1.0933574540702305e-30
632700,0.0,-3.2211006590859437e-40,9927.051530792358,0.9967586640797594,1.0932025960028789e-30
632760,0.0,-3.2206441033009896e-40,9927.051530792358,0.9967586640797594,1.0930477379355271e-30
632820,0.0,-3.220187547516035e-40,9927.051530792358,0.9967586640797594,1.0928928798681751e-30
632880,0.0,-3.2197309917310813e-40,9927.051530792358,0.9967586640797594,1.0927380218008233e-30
632940,0.0,-3.219274435946127e-40,9927.051530792358,0.9967586640797594,1.0925831637334717e-30
633000,0.0,-3.2188178801611726e-40,9927.051530792358,0.9967586640797594,1.0924283056661198e-30
633060,0.0,-3.2183613243762184e-40,9927.051530792358,0.9967586640797594,1.092273447598768e-30
633120,0.0,-3.2179047685912647e-40,9927.051530792358,0.9967586640797594,1.0921185895314162e-30
633180,0.0,-3.2174482128063097e-40,9927.051530792358,0.9967586640797594,1.0919637314640642e-30
633240,0.0,-3.216991657021356e-40,9927.051530792358,0.9967586640797594,1.0918088733967126e-30
633300,0.0,-3.216535101236402e-40,9927.051530792358,0.9967586640797594,1.0916540153293608e-30
633360,0.0,-3.2160785454514473e-40,9927.051530792358,0.9967586640797594,1.0914991572620088e-30
633420,0.0,-3.215621989666493e-40,9927.051530792358,0.9967586640797594,1.0913442991946572e-30
633480,0.0,-3.2151654338815394e-40,9927.051530792358,0.9967586640797594,1.0911894411273054e-30
633540,0.0,-3.2147088780965845e-40,9927.051530792358,0.9967586640797594,1.0910345830599534e-30
633600,0.0,-3.2142523223116307e-40,9927.051530792358,0.9967586640797594,1.0908797249926017e-30
633660,0.0,-3.2137957665266758e-40,9927.051530792358,0.9967586640797594,1.0907248669252497e-30
633720,0.0,-3.213339210741722e-40,9927.051530792358,0.9967586640797594,1.090570008857898e-30
633780,0.0,-3.212882654956768e-40,9927.051530792358,0.9967586640797594,1.0904151507905463e-30
633840,0.0,-3.2124260991718134e-40,9927.051530792358,0.9967586640797594,1.0902602927231943e-30
633900,0.0,-3.2119695433868592e-40,9927.051530792358,0.9967586640797594,1.0901054346558425e-30
633960,0.0,-3.2115129876019055e-40,9927.051530792358,0.9967586640797594,1.0899505765884909e-30
634020,0.0,-3.211056431816951e-40,9927.051530792358,0.9967586640797594,1.089795718521139e-30
634080,0.0,-3.2105998760319968e-40,9927.051530792358,0.9967586640797594,1.0896408604537871e-30
634140,0.0,-3.2101433202470426e-40,9927.051530792358,0.9967586640797594,1.0894860023864353e-30
634200,0.0,-3.209686764462088e-40,9927.051530792358,0.9967586640797594,1.0893311443190834e-30
634260,0.0,-3.2092302086771344e-40,9927.051530792358,0.9967586640797594,1.0891762862517318e-30
634320,0.0,-3.2087736528921802e-40,9927.051530792358,0.9967586640797594,1.08902142818438e-30
634380,0.0,-3.2083170971072257e-40,9927.051530792358,0.9967586640797594,1.088866570117028e-30
634440,0.0,-3.2078605413222715e-40,9927.051530792358,0.9967586640797594,1.0887117120496764e-30
634500,0.0,-3.2074039855373174e-40,9927.051530792358,0.9967586640797594,1.0885568539823246e-30
634560,0.0,-3.206947429752363e-40,9927.051530792358,0.9967586640797594,1.0884019959149726e-30
634620,0.0,-3.206490873967409e-40,9927.051530792358,0.9967586640797594,1.0882471378476208e-30
634680,0.0,-3.206034318182454e-40,9927.051530792358,0.9967586640797594,1.0880922797802689e-30
634740,0.0,-3.2055777623975004e-40,9927.051530792358,0.9967586640797594,1.0879374217129172e-30
634800,0.0,-3.2051212066125462e-40,9927.051530792358,0.9967586640797594,1.0877825636455655e-30
634860,0.0,-3.2046646508275917e-40,9927.051530792358,0.9967586640797594,1.0876277055782135e-30
634920,0.0,-3.2042080950426376e-40,9927.051530792358,0.9967586640797594,1.0874728475108617e-30
634980,0.0,-3.203751539257684e-40,9927.051530792358,0.9967586640797594,1.08731798944351e-30
635040,0.0,-3.203294983472729e-40,9927.051530792358,0.9967586640797594,1.0871631313761581e-30
635100,0.0,-3.202838427687775e-40,9927.051530792358,0.9967586640797594,1.0870082733088063e-30
635160,0.0,-3.202381871902821e-40,9927.051530792358,0.9967586640797594,1.0868534152414545e-30
635220,0.0,-3.2019253161178664e-40,9927.051530792358,0.9967586640797594,1.0866985571741026e-30
635280,0.0,-3.2014687603329123e-40,9927.051530792358,0.9967586640797594,1.086543699106751e-30
635340,0.0,-3.2010122045479586e-40,9927.051530792358,0.9967586640797594,1.0863888410393991e-30
635400,0.0,-3.2005556487630036e-40,9927.051530792358,0.9967586640797594,1.0862339829720472e-30
635460,0.0,-3.20009909297805e-40,9927.051530792358,0.9967586640797594,1.0860791249046956e-30
635520,0.0,-3.1996425371930957e-40,9927.051530792358,0.9967586640797594,1.0859242668373438e-30
635580,0.0,-3.199185981408141e-40,9927.051530792358,0.9967586640797594,1.0857694087699918e-30
635640,0.0,-3.198729425623187e-40,9927.051530792358,0.9967586640797594,1.08561455070264e-30
635700,0.0,-3.1982728698382325e-40,9927.051530792358,0.9967586640797594,1.085459692635288e-30
635760,0.0,-3.1978163140532787e-40,9927.051530792358,0.9967586640797594,1.0853048345679364e-30
635820,0.0,-3.1973597582683246e-40,9927.051530792358,0.9967586640797594,1.0851499765005846e-30
635880,0.0,-3.19690320248337e-40,9927.051530792358,0.9967586640797594,1.0849951184332327e-30
635940,0.0,-3.196446646698416e-40,9927.051530792358,0.9967586640797594,1.0848402603658809e-30
636000,0.0,-3.195990090913462e-40,9927.051530792358,0.9967586640797594,1.0846854022985293e-30
636060,0.0,-3.195533535128507e-40,9927.051530792358,0.9967586640797594,1.0845305442311773e-30
636120,0.0,-3.1950769793435535e-40,9927.051530792358,0.9967586640797594,1.0843756861638255e-30
636180,0.0,-3.1946204235585993e-40,9927.051530792358,0.9967586640797594,1.0842208280964737e-30
636240,0.0,-3.1941638677736448e-40,9927.051530792358,0.9967586640797594,1.0840659700291217e-30
636300,0.0,-3.1937073119886906e-40,9927.051530792358,0.9967586640797594,1.0839111119617701e-30
636360,0.0,-3.193250756203737e-40,9927.051530792358,0.9967586640797594,1.0837562538944183e-30
636420,0.0,-3.192794200418782e-40,9927.051530792358,0.9967586640797594,1.0836013958270664e-30
636480,0.0,-3.192337644633828e-40,9927.051530792358,0.9967586640797594,1.0834465377597147e-30
636540,0.0,-3.191881088848874e-40,9927.051530792358,0.9967586640797594,1.083291679692363e-30
636600,0.0,-3.1914245330639195e-40,9927.051530792358,0.9967586640797594,1.083136821625011e-30
636660,0.0,-3.1909679772789654e-40,9927.051530792358,0.9967586640797594,1.0829819635576592e-30
636720,0.0,-3.190511421494011e-40,9927.051530792358,0.9967586640797594,1.0828271054903072e-30
636780,0.0,-3.1900548657090567e-40,9927.051530792358,0.9967586640797594,1.0826722474229556e-30
636840,0.0,-3.189598309924103e-40,9927.051530792358,0.9967586640797594,1.0825173893556038e-30
636900,0.0,-3.1891417541391484e-40,9927.051530792358,0.9967586640797594,1.0823625312882518e-30
636960,0.0,-3.1886851983541942e-40,9927.051530792358,0.9967586640797594,1.0822076732209e-30
637020,0.0,-3.18822864256924e-40,9927.051530792358,0.9967586640797594,1.0820528151535484e-30
637080,0.0,-3.1877720867842855e-40,9927.051530792358,0.9967586640797594,1.0818979570861965e-30
637140,0.0,-3.1873155309993314e-40,9927.051530792358,0.9967586640797594,1.0817430990188447e-30
637200,0.0,-3.1868589752143777e-40,9927.051530792358,0.9967586640797594,1.0815882409514929e-30
637260,0.0,-3.186402419429423e-40,9927.051530792358,0.9967586640797594,1.0814333828841409e-30
637320,0.0,-3.185945863644469e-40,9927.051530792358,0.9967586640797594,1.0812785248167893e-30
637380,0.0,-3.185489307859515e-40,9927.051530792358,0.9967586640797594,1.0811236667494375e-30
637440,0.0,-3.1850327520745603e-40,9927.051530792358,0.9967586640797594,1.0809688086820855e-30
637500,0.0,-3.1845761962896065e-40,9927.051530792358,0.9967586640797594,1.080813950614734e-30
637560,0.0,-3.1841196405046524e-40,9927.051530792358,0.9967586640797594,1.0806590925473821e-30
637620,0.0,-3.183663084719698e-40,9927.051530792358,0.9967586640797594,1.0805042344800302e-30
637680,0.0,-3.1832065289347437e-40,9927.051530792358,0.9967586640797594,1.0803493764126784e-30
637740,0.0,-3.182749973149789e-40,9927.051530792358,0.9967586640797594,1.0801945183453264e-30
637800,0.0,-3.182293417364835e-40,9927.051530792358,0.9967586640797594,1.0800396602779748e-30
637860,0.0,-3.1818368615798813e-40,9927.051530792358,0.9967586640797594,1.079884802210623e-30
637920,0.0,-3.1813803057949263e-40,9927.051530792358,0.9967586640797594,1.079729944143271e-30
637980,0.0,-3.1809237500099726e-40,9927.051530792358,0.9967586640797594,1.0795750860759192e-30
638040,0.0,-3.1804671942250184e-40,9927.051530792358,0.9967586640797594,1.0794202280085676e-30
638100,0.0,-3.180010638440064e-40,9927.051530792358,0.9967586640797594,1.0792653699412156e-30
638160,0.0,-3.1795540826551097e-40,9927.051530792358,0.9967586640797594,1.0791105118738638e-30
638220,0.0,-3.179097526870156e-40,9927.051530792358,0.9967586640797594,1.078955653806512e-30
638280,0.0,-3.178640971085201e-40,9927.051530792358,0.9967586640797594,1.07880079573916e-30
638340,0.0,-3.1781844153002473e-40,9927.051530792358,0.9967586640797594,1.0786459376718085e-30
638400,0.0,-3.177727859515293e-40,9927.051530792358,0.9967586640797594,1.0784910796044567e-30
638460,0.0,-3.1772713037303386e-40,9927.051530792358,0.9967586640797594,1.0783362215371047e-30
638520,0.0,-3.1768147479453845e-40,9927.051530792358,0.9967586640797594,1.0781813634697531e-30
638580,0.0,-3.1763581921604307e-40,9927.051530792358,0.9967586640797594,1.0780265054024013e-30
638640,0.0,-3.175901636375476e-40,9927.051530792358,0.9967586640797594,1.0778716473350493e-30
638700,0.0,-3.175445080590522e-40,9927.051530792358,0.9967586640797594,1.0777167892676975e-30
638760,0.0,-3.1749885248055675e-40,9927.051530792358,0.9967586640797594,1.0775619312003456e-30
638820,0.0,-3.1745319690206134e-40,9927.051530792358,0.9967586640797594,1.077407073132994e-30
638880,0.0,-3.1740754132356592e-40,9927.051530792358,0.9967586640797594,1.0772522150656422e-30
638940,0.0,-3.1736188574507047e-40,9927.051530792358,0.9967586640797594,1.0770973569982902e-30
639000,0.0,-3.173162301665751e-40,9927.051530792358,0.9967586640797594,1.0769424989309384e-30
639060,0.0,-3.1727057458807968e-40,9927.051530792358,0.9967586640797594,1.0767876408635868e-30
639120,0.0,-3.1722491900958422e-40,9927.051530792358,0.9967586640797594,1.0766327827962348e-30
639180,0.0,-3.171792634310888e-40,9927.051530792358,0.9967586640797594,1.076477924728883e-30
639240,0.0,-3.1713360785259344e-40,9927.051530792358,0.9967586640797594,1.0763230666615312e-30
639300,0.0,-3.1708795227409794e-40,9927.051530792358,0.9967586640797594,1.0761682085941794e-30
639360,0.0,-3.1704229669560257e-40,9927.051530792358,0.9967586640797594,1.0760133505268276e-30
639420,0.0,-3.1699664111710715e-40,9927.051530792358,0.9967586640797594,1.0758584924594759e-30
639480,0.0,-3.169509855386117e-40,9927.051530792358,0.9967586640797594,1.0757036343921239e-30
639540,0.0,-3.169053299601163e-40,9927.051530792358,0.9967586640797594,1.0755487763247723e-30
639600,0.0,-3.168596743816209e-40,9927.051530792358,0.9967586640797594,1.0753939182574205e-30
639660,0.0,-3.168140188031254e-40,9927.051530792358,0.9967586640797594,1.0752390601900685e-30
639720,0.0,-3.1676836322463004e-40,9927.051530792358,0.9967586640797594,1.0750842021227167e-30
639780,0.0,-3.167227076461346e-40,9927.051530792358,0.9967586640797594,1.0749293440553647e-30
639840,0.0,-3.1667705206763917e-40,9927.051530792358,0.9967586640797594,1.0747744859880131e-30
639900,0.0,-3.1663139648914376e-40,9927.051530792358,0.9967586640797594,1.0746196279206613e-30
639960,0.0,-3.165857409106483e-40,9927.051530792358,0.9967586640797594,1.0744647698533094e-30
640020,0.0,-3.165400853321529e-40,9927.051530792358,0.9967586640797594,1.0743099117859576e-30
640080,0.0,-3.164944297536575e-40,9927.051530792358,0.9967586640797594,1.074155053718606e-30
640140,0.0,-3.1644877417516206e-40,9927.051530792358,0.9967586640797594,1.074000195651254e-30
640200,0.0,-3.1640311859666664e-40,9927.051530792358,0.9967586640797594,1.0738453375839022e-30
640260,0.0,-3.1635746301817123e-40,9927.051530792358,0.9967586640797594,1.0736904795165504e-30
640320,0.0,-3.1631180743967577e-40,9927.051530792358,0.9967586640797594,1.0735356214491986e-30
640380,0.0,-3.162661518611804e-40,9927.051530792358,0.9967586640797594,1.0733807633818468e-30
640440,0.0,-3.16220496282685e-40,9927.051530792358,0.9967586640797594,1.073225905314495e-30
640500,0.0,-3.1617484070418953e-40,9927.051530792358,0.9967586640797594,1.073071047247143e-30
640560,0.0,-3.161291851256941e-40,9927.051530792358,0.9967586640797594,1.0729161891797914e-30
640620,0.0,-3.1608352954719874e-40,9927.051530792358,0.9967586640797594,1.0727613311124397e-30
640680,0.0,-3.1603787396870325e-40,9927.051530792358,0.9967586640797594,1.0726064730450877e-30
640740,0.0,-3.1599221839020787e-40,9927.051530792358,0.9967586640797594,1.0724516149777359e-30
640800,0.0,-3.1594656281171246e-40,9927.051530792358,0.9967586640797594,1.0722967569103843e-30
640860,0.0,-3.15900907233217e-40,9927.051530792358,0.9967586640797594,1.0721418988430323e-30
640920,0.0,-3.158552516547216e-40,9927.051530792358,0.9967586640797594,1.0719870407756805e-30
640980,0.0,-3.1580959607622613e-40,9927.051530792358,0.9967586640797594,1.0718321827083285e-30
641040,0.0,-3.1576394049773072e-40,9927.051530792358,0.9967586640797594,1.0716773246409768e-30
641100,0.0,-3.1571828491923535e-40,9927.051530792358,0.9967586640797594,1.0715224665736251e-30
641160,0.0,-3.1567262934073985e-40,9927.051530792358,0.9967586640797594,1.0713676085062732e-30
641220,0.0,-3.1562697376224448e-40,9927.051530792358,0.9967586640797594,1.0712127504389214e-30
641280,0.0,-3.1558131818374906e-40,9927.051530792358,0.9967586640797594,1.0710578923715696e-30
641340,0.0,-3.155356626052536e-40,9927.051530792358,0.9967586640797594,1.0709030343042178e-30
641400,0.0,-3.154900070267582e-40,9927.051530792358,0.9967586640797594,1.070748176236866e-30
641460,0.0,-3.1544435144826282e-40,9927.051530792358,0.9967586640797594,1.0705933181695142e-30
641520,0.0,-3.1539869586976737e-40,9927.051530792358,0.9967586640797594,1.0704384601021622e-30
641580,0.0,-3.1535304029127195e-40,9927.051530792358,0.9967586640797594,1.0702836020348106e-30
641640,0.0,-3.1530738471277654e-40,9927.051530792358,0.9967586640797594,1.0701287439674588e-30
641700,0.0,-3.152617291342811e-40,9927.051530792358,0.9967586640797594,1.0699738859001069e-30
641760,0.0,-3.1521607355578567e-40,9927.051530792358,0.9967586640797594,1.069819027832755e-30
641820,0.0,-3.151704179772903e-40,9927.051530792358,0.9967586640797594,1.0696641697654035e-30
641880,0.0,-3.1512476239879484e-40,9927.051530792358,0.9967586640797594,1.0695093116980515e-30
641940,0.0,-3.1507910682029942e-40,9927.051530792358,0.9967586640797594,1.0693544536306997e-30
642000,0.0,-3.1503345124180397e-40,9927.051530792358,0.9967586640797594,1.0691995955633477e-30
642060,0.0,-3.1498779566330856e-40,9927.051530792358,0.9967586640797594,1.069044737495996e-30
642120,0.0,-3.149421400848132e-40,9927.051530792358,0.9967586640797594,1.0688898794286443e-30
642180,0.0,-3.148964845063177e-40,9927.051530792358,0.9967586640797594,1.0687350213612923e-30
642240,0.0,-3.148508289278223e-40,9927.051530792358,0.9967586640797594,1.0685801632939406e-30
642300,0.0,-3.148051733493269e-40,9927.051530792358,0.9967586640797594,1.0684253052265888e-30
642360,0.0,-3.1475951777083144e-40,9927.051530792358,0.9967586640797594,1.068270447159237e-30
642420,0.0,-3.1471386219233603e-40,9927.051530792358,0.9967586640797594,1.0681155890918852e-30
642480,0.0,-3.1466820661384065e-40,9927.051530792358,0.9967586640797594,1.0679607310245334e-30
642540,0.0,-3.1462255103534516e-40,9927.051530792358,0.9967586640797594,1.0678058729571814e-30
642600,0.0,-3.145768954568498e-40,9927.051530792358,0.9967586640797594,1.0676510148898298e-30
642660,0.0,-3.1453123987835437e-40,9927.051530792358,0.9967586640797594,1.067496156822478e-30
642720,0.0,-3.144855842998589e-40,9927.051530792358,0.9967586640797594,1.067341298755126e-30
642780,0.0,-3.144399287213635e-40,9927.051530792358,0.9967586640797594,1.0671864406877742e-30
642840,0.0,-3.1439427314286813e-40,9927.051530792358,0.9967586640797594,1.0670315826204226e-30
642900,0.0,-3.1434861756437263e-40,9927.051530792358,0.9967586640797594,1.0668767245530707e-30
642960,0.0,-3.1430296198587726e-40,9927.051530792358,0.9967586640797594,1.0667218664857189e-30
643020,0.0,-3.142573064073818e-40,9927.051530792358,0.9967586640797594,1.0665670084183669e-30
643080,0.0,-3.142116508288864e-40,9927.051530792358,0.9967586640797594,1.0664121503510151e-30
643140,0.0,-3.1416599525039098e-40,9927.051530792358,0.9967586640797594,1.0662572922836635e-30
643200,0.0,-3.141203396718955e-40,9927.051530792358,0.9967586640797594,1.0661024342163115e-30
643260,0.0,-3.1407468409340015e-40,9927.051530792358,0.9967586640797594,1.0659475761489597e-30
643320,0.0,-3.1402902851490473e-40,9927.051530792358,0.9967586640797594,1.065792718081608e-30
643380,0.0,-3.1398337293640928e-40,9927.051530792358,0.9967586640797594,1.0656378600142561e-30
643440,0.0,-3.1393771735791386e-40,9927.051530792358,0.9967586640797594,1.0654830019469044e-30
643500,0.0,-3.1389206177941845e-40,9927.051530792358,0.9967586640797594,1.0653281438795526e-30
643560,0.0,-3.13846406200923e-40,9927.051530792358,0.9967586640797594,1.0651732858122006e-30
643620,0.0,-3.138007506224276e-40,9927.051530792358,0.9967586640797594,1.065018427744849e-30
643680,0.0,-3.137550950439322e-40,9927.051530792358,0.9967586640797594,1.0648635696774972e-30
643740,0.0,-3.1370943946543675e-40,9927.051530792358,0.9967586640797594,1.0647087116101452e-30
643800,0.0,-3.1366378388694134e-40,9927.051530792358,0.9967586640797594,1.0645538535427934e-30
643860,0.0,-3.1361812830844596e-40,9927.051530792358,0.9967586640797594,1.0643989954754418e-30
643920,0.0,-3.1357247272995047e-40,9927.051530792358,0.9967586640797594,1.0642441374080898e-30
643980,0.0,-3.135268171514551e-40,9927.051530792358,0.9967586640797594,1.064089279340738e-30
644040,0.0,-3.134811615729596e-40,9927.051530792358,0.9967586640797594,1.063934421273386e-30
644100,0.0,-3.1343550599446422e-40,9927.051530792358,0.9967586640797594,1.0637795632060343e-30
644160,0.0,-3.133898504159688e-40,9927.051530792358,0.9967586640797594,1.0636247051386827e-30
644220,0.0,-3.1334419483747335e-40,9927.051530792358,0.9967586640797594,1.0634698470713307e-30
644280,0.0,-3.1329853925897794e-40,9927.051530792358,0.9967586640797594,1.0633149890039789e-30
644340,0.0,-3.1325288368048257e-40,9927.051530792358,0.9967586640797594,1.0631601309366271e-30
644400,0.0,-3.132072281019871e-40,9927.051530792358,0.9967586640797594,1.0630052728692753e-30
644460,0.0,-3.131615725234917e-40,9927.051530792358,0.9967586640797594,1.0628504148019235e-30
644520,0.0,-3.131159169449963e-40,9927.051530792358,0.9967586640797594,1.0626955567345717e-30
644580,0.0,-3.1307026136650083e-40,9927.051530792358,0.9967586640797594,1.0625406986672198e-30
644640,0.0,-3.130246057880054e-40,9927.051530792358,0.9967586640797594,1.0623858405998682e-30
644700,0.0,-3.1297895020951004e-40,9927.051530792358,0.9967586640797594,1.0622309825325164e-30
644760,0.0,-3.129332946310146e-40,9927.051530792358,0.9967586640797594,1.0620761244651644e-30
644820,0.0,-3.1288763905251917e-40,9927.051530792358,0.9967586640797594,1.0619212663978126e-30
644880,0.0,-3.1284198347402376e-40,9927.051530792358,0.9967586640797594,1.061766408330461e-30
644940,0.0,-3.127963278955283e-40,9927.051530792358,0.9967586640797594,1.061611550263109e-30
645000,0.0,-3.1275067231703293e-40,9927.051530792358,0.9967586640797594,1.0614566921957572e-30
645060,0.0,-3.1270501673853743e-40,9927.051530792358,0.9967586640797594,1.0613018341284053e-30
645120,0.0,-3.1265936116004206e-40,9927.051530792358,0.9967586640797594,1.0611469760610535e-30
645180,0.0,-3.1261370558154664e-40,9927.051530792358,0.9967586640797594,1.0609921179937018e-30
645240,0.0,-3.125680500030512e-40,9927.051530792358,0.9967586640797594,1.0608372599263499e-30
645300,0.0,-3.1252239442455577e-40,9927.051530792358,0.9967586640797594,1.060682401858998e-30
645360,0.0,-3.124767388460604e-40,9927.051530792358,0.9967586640797594,1.0605275437916463e-30
645420,0.0,-3.124310832675649e-40,9927.051530792358,0.9967586640797594,1.0603726857242945e-30
645480,0.0,-3.1238542768906953e-40,9927.051530792358,0.9967586640797594,1.0602178276569427e-30
645540,0.0,-3.123397721105741e-40,9927.051530792358,0.9967586640797594,1.060062969589591e-30
645600,0.0,-3.1229411653207866e-40,9927.051530792358,0.9967586640797594,1.059908111522239e-30
645660,0.0,-3.1224846095358325e-40,9927.051530792358,0.9967586640797594,1.0597532534548873e-30
645720,0.0,-3.1220280537508787e-40,9927.051530792358,0.9967586640797594,1.0595983953875355e-30
645780,0.0,-3.1215714979659238e-40,9927.051530792358,0.9967586640797594,1.0594435373201836e-30
645840,0.0,-3.12111494218097e-40,9927.051530792358,0.9967586640797594,1.0592886792528318e-30
645900,0.0,-3.120658386396016e-40,9927.051530792358,0.9967586640797594,1.0591338211854802e-30
645960,0.0,-3.1202018306110614e-40,9927.051530792358,0.9967586640797594,1.0589789631181282e-30
646020,0.0,-3.1197452748261072e-40,9927.051530792358,0.9967586640797594,1.0588241050507764e-30
646080,0.0,-3.1192887190411527e-40,9927.051530792358,0.9967586640797594,1.0586692469834244e-30
646140,0.0,-3.118832163256199e-40,9927.051530792358,0.9967586640797594,1.0585143889160726e-30
646200,0.0,-3.1183756074712448e-40,9927.051530792358,0.9967586640797594,1.058359530848721e-30
646260,0.0,-3.1179190516862902e-40,9927.051530792358,0.9967586640797594,1.058204672781369e-30
646320,0.0,-3.117462495901336e-40,9927.051530792358,0.9967586640797594,1.0580498147140173e-30
646380,0.0,-3.117005940116382e-40,9927.051530792358,0.9967586640797594,1.0578949566466655e-30
646440,0.0,-3.1165493843314274e-40,9927.051530792358,0.9967586640797594,1.0577400985793137e-30
646500,0.0,-3.1160928285464737e-40,9927.051530792358,0.9967586640797594,1.0575852405119619e-30
646560,0.0,-3.1156362727615195e-40,9927.051530792358,0.9967586640797594,1.0574303824446101e-30
646620,0.0,-3.115179716976565e-40,9927.051530792358,0.9967586640797594,1.0572755243772581e-30
646680,0.0,-3.114723161191611e-40,9927.051530792358,0.9967586640797594,1.0571206663099065e-30
646740,0.0,-3.114266605406657e-40,9927.051530792358,0.9967586640797594,1.0569658082425547e-30
646800,0.0,-3.113810049621702e-40,9927.051530792358,0.9967586640797594,1.0568109501752027e-30
646860,0.0,-3.1133534938367484e-40,9927.051530792358,0.9967586640797594,1.056656092107851e-30
646920,0.0,-3.1128969380517942e-40,9927.051530792358,0.9967586640797594,1.0565012340404993e-30
646980,0.0,-3.1124403822668397e-40,9927.051530792358,0.9967586640797594,1.0563463759731474e-30
647040,0.0,-3.1119838264818856e-40,9927.051530792358,0.9967586640797594,1.0561915179057956e-30
647100,0.0,-3.111527270696931e-40,9927.051530792358,0.9967586640797594,1.0560366598384436e-30
647160,0.0,-3.111070714911977e-40,9927.051530792358,0.9967586640797594,1.0558818017710918e-30
647220,0.0,-3.110614159127023e-40,9927.051530792358,0.9967586640797594,1.0557269437037402e-30
647280,0.0,-3.110157603342068e-40,9927.051530792358,0.9967586640797594,1.0555720856363882e-30
647340,0.0,-3.1097010475571144e-40,9927.051530792358,0.9967586640797594,1.0554172275690364e-30
647400,0.0,-3.1092444917721603e-40,9927.051530792358,0.9967586640797594,1.0552623695016846e-30
647460,0.0,-3.1087879359872057e-40,9927.051530792358,0.9967586640797594,1.0551075114343329e-30
647520,0.0,-3.1083313802022516e-40,9927.051530792358,0.9967586640797594,1.054952653366981e-30
647580,0.0,-3.107874824417298e-40,9927.051530792358,0.9967586640797594,1.0547977952996293e-30
647640,0.0,-3.1074182686323433e-40,9927.051530792358,0.9967586640797594,1.0546429372322773e-30
647700,0.0,-3.106961712847389e-40,9927.051530792358,0.9967586640797594,1.0544880791649257e-30
647760,0.0,-3.106505157062435e-40,9927.051530792358,0.9967586640797594,1.0543332210975739e-30
647820,0.0,-3.1060486012774805e-40,9927.051530792358,0.9967586640797594,1.054178363030222e-30
647880,0.0,-3.1055920454925267e-40,9927.051530792358,0.9967586640797594,1.0540235049628701e-30
647940,0.0,-3.1051354897075726e-40,9927.051530792358,0.9967586640797594,1.0538686468955185e-30
648000,0.0,-3.104678933922618e-40,9927.051530792358,0.9967586640797594,1.0537137888281665e-30
648060,0.0,-3.104222378137664e-40,9927.051530792358,0.9967586640797594,1.0535589307608148e-30
648120,0.0,-3.1037658223527093e-40,9927.051530792358,0.9967586640797594,1.0534040726934628e-30
648180,0.0,-3.103309266567755e-40,9927.051530792358,0.9967586640797594,1.053249214626111e-30
648240,0.0,-3.1028527107828015e-40,9927.051530792358,0.9967586640797594,1.0530943565587594e-30
648300,0.0,-3.1023961549978465e-40,9927.051530792358,0.9967586640797594,1.0529394984914074e-30
648360,0.0,-3.1019395992128928e-40,9927.051530792358,0.9967586640797594,1.0527846404240556e-30
648420,0.0,-3.1014830434279386e-40,9927.051530792358,0.9967586640797594,1.0526297823567038e-30
648480,0.0,-3.101026487642984e-40,9927.051530792358,0.9967586640797594,1.052474924289352e-30
648540,0.0,-3.10056993185803e-40,9927.051530792358,0.9967586640797594,1.0523200662220002e-30
648600,0.0,-3.100113376073076e-40,9927.051530792358,0.9967586640797594,1.0521652081546484e-30
648660,0.0,-3.0996568202881212e-40,9927.051530792358,0.9967586640797594,1.0520103500872965e-30
648720,0.0,-3.0992002645031675e-40,9927.051530792358,0.9967586640797594,1.0518554920199449e-30
648780,0.0,-3.0987437087182134e-40,9927.051530792358,0.9967586640797594,1.051700633952593e-30
648840,0.0,-3.098287152933259e-40,9927.051530792358,0.9967586640797594,1.0515457758852411e-30
648900,0.0,-3.0978305971483047e-40,9927.051530792358,0.9967586640797594,1.0513909178178893e-30
648960,0.0,-3.097374041363351e-40,9927.051530792358,0.9967586640797594,1.0512360597505377e-30
649020,0.0,-3.0969174855783964e-40,9927.051530792358,0.9967586640797594,1.0510812016831857e-30
649080,0.0,-3.0964609297934422e-40,9927.051530792358,0.9967586640797594,1.050926343615834e-30
649140,0.0,-3.0960043740084877e-40,9927.051530792358,0.9967586640797594,1.050771485548482e-30
649200,0.0,-3.0955478182235335e-40,9927.051530792358,0.9967586640797594,1.0506166274811302e-30
649260,0.0,-3.0950912624385794e-40,9927.051530792358,0.9967586640797594,1.0504617694137786e-30
649320,0.0,-3.094634706653625e-40,9927.051530792358,0.9967586640797594,1.0503069113464266e-30
649380,0.0,-3.094178150868671e-40,9927.051530792358,0.9967586640797594,1.0501520532790748e-30
649440,0.0,-3.093721595083717e-40,9927.051530792358,0.9967586640797594,1.049997195211723e-30
649500,0.0,-3.0932650392987624e-40,9927.051530792358,0.9967586640797594,1.0498423371443712e-30
649560,0.0,-3.0928084835138083e-40,9927.051530792358,0.9967586640797594,1.0496874790770194e-30
649620,0.0,-3.0923519277288545e-40,9927.051530792358,0.9967586640797594,1.0495326210096676e-30
649680,0.0,-3.0918953719438996e-40,9927.051530792358,0.9967586640797594,1.0493777629423157e-30
649740,0.0,-3.091438816158946e-40,9927.051530792358,0.9967586640797594,1.049222904874964e-30
649800,0.0,-3.0909822603739913e-40,9927.051530792358,0.9967586640797594,1.049068046807612e-30
649860,0.0,-3.0905257045890376e-40,9927.051530792358,0.9967586640797594,1.0489131887402605e-30
649920,0.0,-3.090069148804083e-40,9927.051530792358,0.9967586640797594,1.0487583306729085e-30
649980,0.0,-3.089612593019129e-40,9927.051530792358,0.9967586640797594,1.0486034726055567e-30
650040,0.0,-3.0891560372341743e-40,9927.051530792358,0.9967586640797594,1.0484486145382049e-30
650100,0.0,-3.0886994814492206e-40,9927.051530792358,0.9967586640797594,1.0482937564708531e-30
650160,0.0,-3.088242925664266e-40,9927.051530792358,0.9967586640797594,1.0481388984035013e-30
650220,0.0,-3.087786369879312e-40,9927.051530792358,0.9967586640797594,1.0479840403361493e-30
650280,0.0,-3.0873298140943577e-40,9927.051530792358,0.9967586640797594,1.0478291822687977e-30
650340,0.0,-3.0868732583094036e-40,9927.051530792358,0.9967586640797594,1.0476743242014458e-30
650400,0.0,-3.086416702524449e-40,9927.051530792358,0.9967586640797594,1.047519466134094e-30
650460,0.0,-3.085960146739495e-40,9927.051530792358,0.9967586640797594,1.0473646080667422e-30
650520,0.0,-3.0855035909545408e-40,9927.051530792358,0.9967586640797594,1.0472097499993904e-30
650580,0.0,-3.0850470351695866e-40,9927.051530792358,0.9967586640797594,1.0470548919320386e-30
650640,0.0,-3.0845904793846325e-40,9927.051530792358,0.9967586640797594,1.0469000338646868e-30
650700,0.0,-3.0841339235996783e-40,9927.051530792358,0.9967586640797594,1.046745175797335e-30
650760,0.0,-3.083677367814724e-40,9927.051530792358,0.9967586640797594,1.0465903177299832e-30
650820,0.0,-3.0832208120297696e-40,9927.051530792358,0.9967586640797594,1.0464354596626312e-30
650880,0.0,-3.0827642562448155e-40,9927.051530792358,0.9967586640797594,1.0462806015952796e-30
650940,0.0,-3.0823077004598614e-40,9927.051530792358,0.9967586640797594,1.0461257435279277e-30
651000,0.0,-3.0818511446749072e-40,9927.051530792358,0.9967586640797594,1.0459708854605759e-30
651060,0.0,-3.0813945888899527e-40,9927.051530792358,0.9967586640797594,1.045816027393224e-30
651120,0.0,-3.080938033104999e-40,9927.051530792358,0.9967586640797594,1.0456611693258723e-30
651180,0.0,-3.0804814773200444e-40,9927.051530792358,0.9967586640797594,1.0455063112585205e-30
651240,0.0,-3.0800249215350902e-40,9927.051530792358,0.9967586640797594,1.0453514531911685e-30
651300,0.0,-3.079568365750136e-40,9927.051530792358,0.9967586640797594,1.0451965951238169e-30
651360,0.0,-3.079111809965182e-40,9927.051530792358,0.9967586640797594,1.045041737056465e-30
651420,0.0,-3.0786552541802274e-40,9927.051530792358,0.9967586640797594,1.0448868789891131e-30
651480,0.0,-3.0781986983952733e-40,9927.051530792358,0.9967586640797594,1.0447320209217614e-30
651540,0.0,-3.077742142610319e-40,9927.051530792358,0.9967586640797594,1.0445771628544096e-30
651600,0.0,-3.077285586825365e-40,9927.051530792358,0.9967586640797594,1.0444223047870578e-30
651660,0.0,-3.0768290310404104e-40,9927.051530792358,0.9967586640797594,1.044267446719706e-30
651720,0.0,-3.0763724752554567e-40,9927.051530792358,0.9967586640797594,1.0441125886523542e-30
651780,0.0,-3.075915919470502e-40,9927.051530792358,0.9967586640797594,1.0439577305850024e-30
651840,0.0,-3.075459363685548e-40,9927.051530792358,0.9967586640797594,1.0438028725176504e-30
651900,0.0,-3.075002807900594e-40,9927.051530792358,0.9967586640797594,1.0436480144502988e-30
651960,0.0,-3.0745462521156397e-40,9927.051530792358,0.9967586640797594,1.0434931563829468e-30
652020,0.0,-3.074089696330685e-40,9927.051530792358,0.9967586640797594,1.043338298315595e-30
652080,0.0,-3.073633140545731e-40,9927.051530792358,0.9967586640797594,1.0431834402482433e-30
652140,0.0,-3.073176584760777e-40,9927.051530792358,0.9967586640797594,1.0430285821808915e-30
652200,0.0,-3.0727200289758227e-40,9927.051530792358,0.9967586640797594,1.0428737241135397e-30
652260,0.0,-3.0722634731908686e-40,9927.051530792358,0.9967586640797594,1.0427188660461877e-30
652320,0.0,-3.0718069174059144e-40,9927.051530792358,0.9967586640797594,1.042564007978836e-30
652380,0.0,-3.0713503616209603e-40,9927.051530792358,0.9967586640797594,1.0424091499114841e-30
652440,0.0,-3.0708938058360057e-40,9927.051530792358,0.9967586640797594,1.0422542918441323e-30
652500,0.0,-3.0704372500510516e-40,9927.051530792358,0.9967586640797594,1.0420994337767805e-30
652560,0.0,-3.0699806942660975e-40,9927.051530792358,0.9967586640797594,1.0419445757094287e-30
652620,0.0,-3.0695241384811433e-40,9927.051530792358,0.9967586640797594,1.041789717642077e-30
652680,0.0,-3.0690675826961888e-40,9927.051530792358,0.9967586640797594,1.0416348595747252e-30
652740,0.0,-3.068611026911235e-40,9927.051530792358,0.9967586640797594,1.0414800015073734e-30
652800,0.0,-3.0681544711262805e-40,9927.051530792358,0.9967586640797594,1.0413251434400216e-30
652860,0.0,-3.0676979153413263e-40,9927.051530792358,0.9967586640797594,1.0411702853726696e-30
652920,0.0,-3.067241359556372e-40,9927.051530792358,0.9967586640797594,1.041015427305318e-30
652980,0.0,-3.066784803771418e-40,9927.051530792358,0.9967586640797594,1.040860569237966e-30
653040,0.0,-3.0663282479864635e-40,9927.051530792358,0.9967586640797594,1.0407057111706142e-30
653100,0.0,-3.0658716922015094e-40,9927.051530792358,0.9967586640797594,1.0405508531032624e-30
653160,0.0,-3.0654151364165552e-40,9927.051530792358,0.9967586640797594,1.0403959950359106e-30
653220,0.0,-3.064958580631601e-40,9927.051530792358,0.9967586640797594,1.0402411369685588e-30
653280,0.0,-3.0645020248466465e-40,9927.051530792358,0.9967586640797594,1.0400862789012069e-30
653340,0.0,-3.0640454690616928e-40,9927.051530792358,0.9967586640797594,1.0399314208338553e-30
653400,0.0,-3.0635889132767382e-40,9927.051530792358,0.9967586640797594,1.0397765627665033e-30
653460,0.0,-3.063132357491784e-40,9927.051530792358,0.9967586640797594,1.0396217046991515e-30
653520,0.0,-3.06267580170683e-40,9927.051530792358,0.9967586640797594,1.0394668466317997e-30
653580,0.0,-3.062219245921876e-40,9927.051530792358,0.9967586640797594,1.039311988564448e-30
653640,0.0,-3.0617626901369212e-40,9927.051530792358,0.9967586640797594,1.0391571304970961e-30
653700,0.0,-3.061306134351967e-40,9927.051530792358,0.9967586640797594,1.0390022724297443e-30
653760,0.0,-3.060849578567013e-40,9927.051530792358,0.9967586640797594,1.0388474143623925e-30
653820,0.0,-3.060393022782059e-40,9927.051530792358,0.9967586640797594,1.0386925562950407e-30
653880,0.0,-3.0599364669971047e-40,9927.051530792358,0.9967586640797594,1.0385376982276888e-30
653940,0.0,-3.0594799112121505e-40,9927.051530792358,0.9967586640797594,1.0383828401603372e-30
654000,0.0,-3.0590233554271964e-40,9927.051530792358,0.9967586640797594,1.0382279820929852e-30
654060,0.0,-3.058566799642242e-40,9927.051530792358,0.9967586640797594,1.0380731240256334e-30
654120,0.0,-3.0581102438572877e-40,9927.051530792358,0.9967586640797594,1.0379182659582816e-30
654180,0.0,-3.0576536880723336e-40,9927.051530792358,0.9967586640797594,1.0377634078909298e-30
654240,0.0,-3.0571971322873794e-40,9927.051530792358,0.9967586640797594,1.037608549823578e-30
654300,0.0,-3.056740576502425e-40,9927.051530792358,0.9967586640797594,1.037453691756226e-30
654360,0.0,-3.056284020717471e-40,9927.051530792358,0.9967586640797594,1.0372988336888744e-30
654420,0.0,-3.0558274649325166e-40,9927.051530792358,0.9967586640797594,1.0371439756215225e-30
654480,0.0,-3.0553709091475624e-40,9927.051530792358,0.9967586640797594,1.0369891175541707e-30
654540,0.0,-3.0549143533626083e-40,9927.051530792358,0.9967586640797594,1.0368342594868189e-30
654600,0.0,-3.054457797577654e-40,9927.051530792358,0.9967586640797594,1.0366794014194671e-30
654660,0.0,-3.0540012417926996e-40,9927.051530792358,0.9967586640797594,1.0365245433521153e-30
654720,0.0,-3.0535446860077454e-40,9927.051530792358,0.9967586640797594,1.0363696852847635e-30
654780,0.0,-3.0530881302227913e-40,9927.051530792358,0.9967586640797594,1.0362148272174117e-30
654840,0.0,-3.052631574437837e-40,9927.051530792358,0.9967586640797594,1.03605996915006e-30
654900,0.0,-3.0521750186528826e-40,9927.051530792358,0.9967586640797594,1.035905111082708e-30
654960,0.0,-3.051718462867929e-40,9927.051530792358,0.9967586640797594,1.0357502530153563e-30
655020,0.0,-3.0512619070829743e-40,9927.051530792358,0.9967586640797594,1.0355953949480044e-30
655080,0.0,-3.05080535129802e-40,9927.051530792358,0.9967586640797594,1.0354405368806526e-30
655140,0.0,-3.050348795513066e-40,9927.051530792358,0.9967586640797594,1.0352856788133008e-30
655200,0.0,-3.049892239728112e-40,9927.051530792358,0.9967586640797594,1.035130820745949e-30
655260,0.0,-3.0494356839431578e-40,9927.051530792358,0.9967586640797594,1.0349759626785972e-30
655320,0.0,-3.048979128158203e-40,9927.051530792358,0.9967586640797594,1.0348211046112452e-30
655380,0.0,-3.0485225723732495e-40,9927.051530792358,0.9967586640797594,1.0346662465438936e-30
655440,0.0,-3.048066016588295e-40,9927.051530792358,0.9967586640797594,1.0345113884765416e-30
655500,0.0,-3.0476094608033408e-40,9927.051530792358,0.9967586640797594,1.0343565304091899e-30
655560,0.0,-3.0471529050183866e-40,9927.051530792358,0.9967586640797594,1.0342016723418382e-30
655620,0.0,-3.0466963492334325e-40,9927.051530792358,0.9967586640797594,1.0340468142744863e-30
655680,0.0,-3.046239793448478e-40,9927.051530792358,0.9967586640797594,1.0338919562071345e-30
655740,0.0,-3.0457832376635238e-40,9927.051530792358,0.9967586640797594,1.0337370981397827e-30
655800,0.0,-3.0453266818785696e-40,9927.051530792358,0.9967586640797594,1.0335822400724309e-30
655860,0.0,-3.0448701260936155e-40,9927.051530792358,0.9967586640797594,1.0334273820050791e-30
655920,0.0,-3.044413570308661e-40,9927.051530792358,0.9967586640797594,1.0332725239377271e-30
655980,0.0,-3.0439570145237072e-40,9927.051530792358,0.9967586640797594,1.0331176658703755e-30
656040,0.0,-3.0435004587387527e-40,9927.051530792358,0.9967586640797594,1.0329628078030235e-30
656100,0.0,-3.0430439029537985e-40,9927.051530792358,0.9967586640797594,1.0328079497356718e-30
656160,0.0,-3.042587347168844e-40,9927.051530792358,0.9967586640797594,1.03265309166832e-30
656220,0.0,-3.0421307913838902e-40,9927.051530792358,0.9967586640797594,1.0324982336009682e-30
656280,0.0,-3.0416742355989357e-40,9927.051530792358,0.9967586640797594,1.0323433755336164e-30
656340,0.0,-3.0412176798139815e-40,9927.051530792358,0.9967586640797594,1.0321885174662644e-30
656400,0.0,-3.0407611240290274e-40,9927.051530792358,0.9967586640797594,1.0320336593989128e-30
656460,0.0,-3.0403045682440733e-40,9927.051530792358,0.9967586640797594,1.0318788013315608e-30
656520,0.0,-3.0398480124591187e-40,9927.051530792358,0.9967586640797594,1.031723943264209e-30
656580,0.0,-3.039391456674165e-40,9927.051530792358,0.9967586640797594,1.0315690851968574e-30
656640,0.0,-3.0389349008892104e-40,9927.051530792358,0.9967586640797594,1.0314142271295054e-30
656700,0.0,-3.0384783451042563e-40,9927.051530792358,0.9967586640797594,1.0312593690621537e-30
656760,0.0,-3.038021789319302e-40,9927.051530792358,0.9967586640797594,1.0311045109948019e-30
656820,0.0,-3.037565233534348e-40,9927.051530792358,0.9967586640797594,1.03094965292745e-30
656880,0.0,-3.037108677749394e-40,9927.051530792358,0.9967586640797594,1.0307947948600983e-30
656940,0.0,-3.0366521219644393e-40,9927.051530792358,0.9967586640797594,1.0306399367927463e-30
657000,0.0,-3.0361955661794856e-40,9927.051530792358,0.9967586640797594,1.0304850787253947e-30
657060,0.0,-3.035739010394531e-40,9927.051530792358,0.9967586640797594,1.0303302206580427e-30
657120,0.0,-3.035282454609577e-40,9927.051530792358,0.9967586640797594,1.030175362590691e-30
657180,0.0,-3.0348258988246223e-40,9927.051530792358,0.9967586640797594,1.0300205045233391e-30
657240,0.0,-3.0343693430396686e-40,9927.051530792358,0.9967586640797594,1.0298656464559873e-30
657300,0.0,-3.033912787254714e-40,9927.051530792358,0.9967586640797594,1.0297107883886356e-30
657360,0.0,-3.03345623146976e-40,9927.051530792358,0.9967586640797594,1.0295559303212836e-30
657420,0.0,-3.0329996756848057e-40,9927.051530792358,0.9967586640797594,1.029401072253932e-30
657480,0.0,-3.0325431198998516e-40,9927.051530792358,0.9967586640797594,1.02924621418658e-30
657540,0.0,-3.032086564114897e-40,9927.051530792358,0.9967586640797594,1.0290913561192282e-30
657600,0.0,-3.0316300083299433e-40,9927.051530792358,0.9967586640797594,1.0289364980518766e-30
657660,0.0,-3.0311734525449888e-40,9927.051530792358,0.9967586640797594,1.0287816399845246e-30
657720,0.0,-3.0307168967600346e-40,9927.051530792358,0.9967586640797594,1.0286267819171728e-30
657780,0.0,-3.03026034097508e-40,9927.051530792358,0.9967586640797594,1.028471923849821e-30
657840,0.0,-3.0298037851901263e-40,9927.051530792358,0.9967586640797594,1.0283170657824692e-30
657900,0.0,-3.0293472294051718e-40,9927.051530792358,0.9967586640797594,1.0281622077151175e-30
657960,0.0,-3.0288906736202176e-40,9927.051530792358,0.9967586640797594,1.0280073496477655e-30
658020,0.0,-3.0284341178352635e-40,9927.051530792358,0.9967586640797594,1.0278524915804139e-30
658080,0.0,-3.0279775620503094e-40,9927.051530792358,0.9967586640797594,1.0276976335130619e-30
658140,0.0,-3.0275210062653552e-40,9927.051530792358,0.9967586640797594,1.0275427754457101e-30
658200,0.0,-3.0270644504804007e-40,9927.051530792358,0.9967586640797594,1.0273879173783583e-30
658260,0.0,-3.0266078946954465e-40,9927.051530792358,0.9967586640797594,1.0272330593110065e-30
658320,0.0,-3.0261513389104924e-40,9927.051530792358,0.9967586640797594,1.0270782012436547e-30
658380,0.0,-3.0256947831255382e-40,9927.051530792358,0.9967586640797594,1.0269233431763028e-30
658440,0.0,-3.025238227340584e-40,9927.051530792358,0.9967586640797594,1.0267684851089511e-30
658500,0.0,-3.02478167155563e-40,9927.051530792358,0.9967586640797594,1.0266136270415992e-30
658560,0.0,-3.0243251157706754e-40,9927.051530792358,0.9967586640797594,1.0264587689742474e-30
658620,0.0,-3.0238685599857217e-40,9927.051530792358,0.9967586640797594,1.0263039109068958e-30
658680,0.0,-3.023412004200767e-40,9927.051530792358,0.9967586640797594,1.0261490528395438e-30
658740,0.0,-3.022955448415813e-40,9927.051530792358,0.9967586640797594,1.025994194772192e-30
658800,0.0,-3.0224988926308584e-40,9927.051530792358,0.9967586640797594,1.0258393367048402e-30
658860,0.0,-3.0220423368459047e-40,9927.051530792358,0.9967586640797594,1.0256844786374884e-30
658920,0.0,-3.02158578106095e-40,9927.051530792358,0.9967586640797594,1.0255296205701366e-30
658980,0.0,-3.021129225275996e-40,9927.051530792358,0.9967586640797594,1.0253747625027847e-30
659040,0.0,-3.020672669491042e-40,9927.051530792358,0.9967586640797594,1.025219904435433e-30
659100,0.0,-3.0202161137060877e-40,9927.051530792358,0.9967586640797594,1.025065046368081e-30
659160,0.0,-3.019759557921133e-40,9927.051530792358,0.9967586640797594,1.0249101883007293e-30
659220,0.0,-3.0193030021361794e-40,9927.051530792358,0.9967586640797594,1.0247553302333775e-30
659280,0.0,-3.018846446351225e-40,9927.051530792358,0.9967586640797594,1.0246004721660257e-30
659340,0.0,-3.0183898905662707e-40,9927.051530792358,0.9967586640797594,1.0244456140986739e-30
659400,0.0,-3.017933334781316e-40,9927.051530792358,0.9967586640797594,1.024290756031322e-30
659460,0.0,-3.0174767789963624e-40,9927.051530792358,0.9967586640797594,1.0241358979639703e-30
659520,0.0,-3.017020223211408e-40,9927.051530792358,0.9967586640797594,1.0239810398966184e-30
659580,0.0,-3.0165636674264537e-40,9927.051530792358,0.9967586640797594,1.0238261818292666e-30
659640,0.0,-3.0161071116414996e-40,9927.051530792358,0.9967586640797594,1.023671323761915e-30
659700,0.0,-3.0156505558565455e-40,9927.051530792358,0.9967586640797594,1.023516465694563e-30
659760,0.0,-3.0151940000715913e-40,9927.051530792358,0.9967586640797594,1.0233616076272112e-30
659820,0.0,-3.0147374442866368e-40,9927.051530792358,0.9967586640797594,1.0232067495598594e-30
659880,0.0,-3.014280888501683e-40,9927.051530792358,0.9967586640797594,1.0230518914925076e-30
659940,0.0,-3.0138243327167285e-40,9927.051530792358,0.9967586640797594,1.0228970334251558e-30
660000,0.0,-3.0133677769317743e-40,9927.051530792358,0.9967586640797594,1.0227421753578038e-30
660060,0.0,-3.01291122114682e-40,9927.051530792358,0.9967586640797594,1.0225873172904522e-30
660120,0.0,-3.012454665361866e-40,9927.051530792358,0.9967586640797594,1.0224324592231003e-30
660180,0.0,-3.0119981095769115e-40,9927.051530792358,0.9967586640797594,1.0222776011557485e-30
660240,0.0,-3.0115415537919578e-40,9927.051530792358,0.9967586640797594,1.0221227430883967e-30
660300,0.0,-3.011084998007003e-40,9927.051530792358,0.9967586640797594,1.0219678850210449e-30
660360,0.0,-3.010628442222049e-40,9927.051530792358,0.9967586640797594,1.021813026953693e-30
660420,0.0,-3.0101718864370945e-40,9927.051530792358,0.9967586640797594,1.0216581688863411e-30
660480,0.0,-3.0097153306521408e-40,9927.051530792358,0.9967586640797594,1.0215033108189895e-30
660540,0.0,-3.0092587748671862e-40,9927.051530792358,0.9967586640797594,1.0213484527516375e-30
660600,0.0,-3.008802219082232e-40,9927.051530792358,0.9967586640797594,1.0211935946842857e-30
660660,0.0,-3.008345663297278e-40,9927.051530792358,0.9967586640797594,1.0210387366169341e-30
660720,0.0,-3.0078891075123238e-40,9927.051530792358,0.9967586640797594,1.0208838785495822e-30
660780,0.0,-3.0074325517273692e-40,9927.051530792358,0.9967586640797594,1.0207290204822304e-30
660840,0.0,-3.006975995942415e-40,9927.051530792358,0.9967586640797594,1.0205741624148786e-30
660900,0.0,-3.006519440157461e-40,9927.051530792358,0.9967586640797594,1.0204193043475268e-30
660960,0.0,-3.006062884372507e-40,9927.051530792358,0.9967586640797594,1.020264446280175e-30
661020,0.0,-3.0056063285875523e-40,9927.051530792358,0.9967586640797594,1.020109588212823e-30
661080,0.0,-3.0051497728025985e-40,9927.051530792358,0.9967586640797594,1.0199547301454714e-30
661140,0.0,-3.004693217017644e-40,9927.051530792358,0.9967586640797594,1.0197998720781194e-30
661200,0.0,-3.00423666123269e-40,9927.051530792358,0.9967586640797594,1.0196450140107676e-30
661260,0.0,-3.0037801054477357e-40,9927.051530792358,0.9967586640797594,1.0194901559434158e-30
661320,0.0,-3.0033235496627815e-40,9927.051530792358,0.9967586640797594,1.019335297876064e-30
661380,0.0,-3.0028669938778274e-40,9927.051530792358,0.9967586640797594,1.0191804398087123e-30
661440,0.0,-3.002410438092873e-40,9927.051530792358,0.9967586640797594,1.0190255817413603e-30
661500,0.0,-3.001953882307919e-40,9927.051530792358,0.9967586640797594,1.0188707236740087e-30
661560,0.0,-3.0014973265229646e-40,9927.051530792358,0.9967586640797594,1.0187158656066567e-30
661620,0.0,-3.0010407707380104e-40,9927.051530792358,0.9967586640797594,1.018561007539305e-30
661680,0.0,-3.0005842149530563e-40,9927.051530792358,0.9967586640797594,1.0184061494719533e-30
661740,0.0,-3.000127659168102e-40,9927.051530792358,0.9967586640797594,1.0182512914046013e-30
661800,0.0,-2.9996711033831476e-40,9927.051530792358,0.9967586640797594,1.0180964333372495e-30
661860,0.0,-2.9992145475981934e-40,9927.051530792358,0.9967586640797594,1.0179415752698977e-30
661920,0.0,-2.9987579918132393e-40,9927.051530792358,0.9967586640797594,1.017786717202546e-30
661980,0.0,-2.998301436028285e-40,9927.051530792358,0.9967586640797594,1.0176318591351942e-30
662040,0.0,-2.9978448802433306e-40,9927.051530792358,0.9967586640797594,1.0174770010678422e-30
662100,0.0,-2.997388324458377e-40,9927.051530792358,0.9967586640797594,1.0173221430004906e-30
662160,0.0,-2.9969317686734223e-40,9927.051530792358,0.9967586640797594,1.0171672849331386e-30
662220,0.0,-2.996475212888468e-40,9927.051530792358,0.9967586640797594,1.0170124268657868e-30
662280,0.0,-2.996018657103514e-40,9927.051530792358,0.9967586640797594,1.016857568798435e-30
662340,0.0,-2.99556210131856e-40,9927.051530792358,0.9967586640797594,1.0167027107310832e-30
662400,0.0,-2.9951055455336053e-40,9927.051530792358,0.9967586640797594,1.0165478526637314e-30
662460,0.0,-2.994648989748651e-40,9927.051530792358,0.9967586640797594,1.0163929945963795e-30
662520,0.0,-2.994192433963697e-40,9927.051530792358,0.9967586640797594,1.0162381365290279e-30
662580,0.0,-2.993735878178743e-40,9927.051530792358,0.9967586640797594,1.0160832784616759e-30
662640,0.0,-2.9932793223937888e-40,9927.051530792358,0.9967586640797594,1.0159284203943241e-30
662700,0.0,-2.9928227666088346e-40,9927.051530792358,0.9967586640797594,1.0157735623269725e-30
662760,0.0,-2.99236621082388e-40,9927.051530792358,0.9967586640797594,1.0156187042596205e-30
662820,0.0,-2.991909655038926e-40,9927.051530792358,0.9967586640797594,1.0154638461922687e-30
662880,0.0,-2.9914530992539718e-40,9927.051530792358,0.9967586640797594,1.015308988124917e-30
662940,0.0,-2.9909965434690176e-40,9927.051530792358,0.9967586640797594,1.0151541300575651e-30
663000,0.0,-2.9905399876840635e-40,9927.051530792358,0.9967586640797594,1.0149992719902133e-30
663060,0.0,-2.990083431899109e-40,9927.051530792358,0.9967586640797594,1.0148444139228614e-30
663120,0.0,-2.9896268761141552e-40,9927.051530792358,0.9967586640797594,1.0146895558555098e-30
663180,0.0,-2.9891703203292007e-40,9927.051530792358,0.9967586640797594,1.0145346977881578e-30
663240,0.0,-2.9887137645442465e-40,9927.051530792358,0.9967586640797594,1.014379839720806e-30
663300,0.0,-2.9882572087592924e-40,9927.051530792358,0.9967586640797594,1.0142249816534542e-30
663360,0.0,-2.9878006529743382e-40,9927.051530792358,0.9967586640797594,1.0140701235861024e-30
663420,0.0,-2.9873440971893837e-40,9927.051530792358,0.9967586640797594,1.0139152655187506e-30
663480,0.0,-2.9868875414044295e-40,9927.051530792358,0.9967586640797594,1.0137604074513986e-30
663540,0.0,-2.9864309856194754e-40,9927.051530792358,0.9967586640797594,1.013605549384047e-30
663600,0.0,-2.9859744298345213e-40,9927.051530792358,0.9967586640797594,1.013450691316695e-30
663660,0.0,-2.9855178740495667e-40,9927.051530792358,0.9967586640797594,1.0132958332493433e-30
663720,0.0,-2.985061318264613e-40,9927.051530792358,0.9967586640797594,1.0131409751819917e-30
663780,0.0,-2.9846047624796584e-40,9927.051530792358,0.9967586640797594,1.0129861171146397e-30
663840,0.0,-2.9841482066947043e-40,9927.051530792358,0.9967586640797594,1.0128312590472879e-30
663900,0.0,-2.9836916509097497e-40,9927.051530792358,0.9967586640797594,1.0126764009799361e-30
663960,0.0,-2.983235095124796e-40,9927.051530792358,0.9967586640797594,1.0125215429125843e-30
664020,0.0,-2.9827785393398414e-40,9927.051530792358,0.9967586640797594,1.0123666848452325e-30
664080,0.0,-2.9823219835548873e-40,9927.051530792358,0.9967586640797594,1.0122118267778805e-30
664140,0.0,-2.981865427769933e-40,9927.051530792358,0.9967586640797594,1.012056968710529e-30
664200,0.0,-2.981408871984979e-40,9927.051530792358,0.9967586640797594,1.011902110643177e-30
664260,0.0,-2.980952316200025e-40,9927.051530792358,0.9967586640797594,1.0117472525758252e-30
664320,0.0,-2.9804957604150707e-40,9927.051530792358,0.9967586640797594,1.0115923945084734e-30
664380,0.0,-2.9800392046301166e-40,9927.051530792358,0.9967586640797594,1.0114375364411216e-30
664440,0.0,-2.979582648845162e-40,9927.051530792358,0.9967586640797594,1.0112826783737698e-30
664500,0.0,-2.979126093060208e-40,9927.051530792358,0.9967586640797594,1.0111278203064178e-30
664560,0.0,-2.9786695372752537e-40,9927.051530792358,0.9967586640797594,1.0109729622390662e-30
664620,0.0,-2.9782129814902996e-40,9927.051530792358,0.9967586640797594,1.0108181041717142e-30
664680,0.0,-2.977756425705345e-40,9927.051530792358,0.9967586640797594,1.0106632461043624e-30
664740,0.0,-2.9772998699203913e-40,9927.051530792358,0.9967586640797594,1.0105083880370108e-30
664800,0.0,-2.9768433141354368e-40,9927.051530792358,0.9967586640797594,1.0103535299696589e-30
664860,0.0,-2.9763867583504826e-40,9927.051530792358,0.9967586640797594,1.010198671902307e-30
664920,0.0,-2.9759302025655285e-40,9927.051530792358,0.9967586640797594,1.0100438138349553e-30
664980,0.0,-2.9754736467805743e-40,9927.051530792358,0.9967586640797594,1.0098889557676035e-30
665040,0.0,-2.9750170909956198e-40,9927.051530792358,0.9967586640797594,1.0097340977002517e-30
665100,0.0,-2.9745605352106656e-40,9927.051530792358,0.9967586640797594,1.0095792396328997e-30
665160,0.0,-2.9741039794257115e-40,9927.051530792358,0.9967586640797594,1.0094243815655481e-30
665220,0.0,-2.9736474236407574e-40,9927.051530792358,0.9967586640797594,1.0092695234981961e-30
665280,0.0,-2.973190867855803e-40,9927.051530792358,0.9967586640797594,1.0091146654308443e-30
665340,0.0,-2.972734312070849e-40,9927.051530792358,0.9967586640797594,1.0089598073634926e-30
665400,0.0,-2.9722777562858945e-40,9927.051530792358,0.9967586640797594,1.0088049492961408e-30
665460,0.0,-2.9718212005009404e-40,9927.051530792358,0.9967586640797594,1.008650091228789e-30
665520,0.0,-2.9713646447159862e-40,9927.051530792358,0.9967586640797594,1.008495233161437e-30
665580,0.0,-2.970908088931032e-40,9927.051530792358,0.9967586640797594,1.0083403750940854e-30
665640,0.0,-2.9704515331460775e-40,9927.051530792358,0.9967586640797594,1.0081855170267334e-30
665700,0.0,-2.9699949773611234e-40,9927.051530792358,0.9967586640797594,1.0080306589593816e-30
665760,0.0,-2.9695384215761692e-40,9927.051530792358,0.9967586640797594,1.00787580089203e-30
665820,0.0,-2.969081865791215e-40,9927.051530792358,0.9967586640797594,1.007720942824678e-30
665880,0.0,-2.968625310006261e-40,9927.051530792358,0.9967586640797594,1.0075660847573262e-30
665940,0.0,-2.968168754221307e-40,9927.051530792358,0.9967586640797594,1.0074112266899745e-30
666000,0.0,-2.9677121984363527e-40,9927.051530792358,0.9967586640797594,1.0072563686226227e-30
666060,0.0,-2.967255642651398e-40,9927.051530792358,0.9967586640797594,1.0071015105552709e-30
666120,0.0,-2.966799086866444e-40,9927.051530792358,0.9967586640797594,1.0069466524879189e-30
666180,0.0,-2.96634253108149e-40,9927.051530792358,0.9967586640797594,1.0067917944205673e-30
666240,0.0,-2.9658859752965357e-40,9927.051530792358,0.9967586640797594,1.0066369363532153e-30
666300,0.0,-2.965429419511581e-40,9927.051530792358,0.9967586640797594,1.0064820782858635e-30
666360,0.0,-2.9649728637266274e-40,9927.051530792358,0.9967586640797594,1.0063272202185117e-30
666420,0.0,-2.964516307941673e-40,9927.051530792358,0.9967586640797594,1.00617236215116e-30
666480,0.0,-2.9640597521567187e-40,9927.051530792358,0.9967586640797594,1.0060175040838081e-30
666540,0.0,-2.963603196371764e-40,9927.051530792358,0.9967586640797594,1.0058626460164562e-30
666600,0.0,-2.9631466405868104e-40,9927.051530792358,0.9967586640797594,1.0057077879491046e-30
666660,0.0,-2.962690084801856e-40,9927.051530792358,0.9967586640797594,1.0055529298817526e-30
666720,0.0,-2.9622335290169017e-40,9927.051530792358,0.9967586640797594,1.0053980718144008e-30
666780,0.0,-2.9617769732319476e-40,9927.051530792358,0.9967586640797594,1.0052432137470492e-30
666840,0.0,-2.9613204174469934e-40,9927.051530792358,0.9967586640797594,1.0050883556796972e-30
666900,0.0,-2.960863861662039e-40,9927.051530792358,0.9967586640797594,1.0049334976123454e-30
666960,0.0,-2.960407305877085e-40,9927.051530792358,0.9967586640797594,1.0047786395449936e-30
667020,0.0,-2.9599507500921306e-40,9927.051530792358,0.9967586640797594,1.0046237814776418e-30
667080,0.0,-2.9594941943071765e-40,9927.051530792358,0.9967586640797594,1.00446892341029e-30
667140,0.0,-2.9590376385222223e-40,9927.051530792358,0.9967586640797594,1.004314065342938e-30
667200,0.0,-2.958581082737268e-40,9927.051530792358,0.9967586640797594,1.0041592072755865e-30
667260,0.0,-2.958124526952314e-40,9927.051530792358,0.9967586640797594,1.0040043492082345e-30
667320,0.0,-2.9576679711673595e-40,9927.051530792358,0.9967586640797594,1.0038494911408827e-30
667380,0.0,-2.9572114153824053e-40,9927.051530792358,0.9967586640797594,1.0036946330735309e-30
667440,0.0,-2.956754859597451e-40,9927.051530792358,0.9967586640797594,1.0035397750061791e-30
667500,0.0,-2.956298303812497e-40,9927.051530792358,0.9967586640797594,1.0033849169388273e-30
667560,0.0,-2.9558417480275425e-40,9927.051530792358,0.9967586640797594,1.0032300588714754e-30
667620,0.0,-2.9553851922425888e-40,9927.051530792358,0.9967586640797594,1.0030752008041237e-30
667680,0.0,-2.9549286364576342e-40,9927.051530792358,0.9967586640797594,1.0029203427367718e-30
667740,0.0,-2.95447208067268e-40,9927.051530792358,0.9967586640797594,1.00276548466942e-30
667800,0.0,-2.954015524887726e-40,9927.051530792358,0.9967586640797594,1.0026106266020684e-30
667860,0.0,-2.9535589691027718e-40,9927.051530792358,0.9967586640797594,1.0024557685347164e-30
667920,0.0,-2.9531024133178172e-40,9927.051530792358,0.9967586640797594,1.0023009104673646e-30
667980,0.0,-2.9526458575328635e-40,9927.051530792358,0.9967586640797594,1.0021460524000128e-30
668040,0.0,-2.952189301747909e-40,9927.051530792358,0.9967586640797594,1.001991194332661e-30
668100,0.0,-2.951732745962955e-40,9927.051530792358,0.9967586640797594,1.0018363362653092e-30
668160,0.0,-2.9512761901780003e-40,9927.051530792358,0.9967586640797594,1.0016814781979573e-30
668220,0.0,-2.9508196343930465e-40,9927.051530792358,0.9967586640797594,1.0015266201306056e-30
668280,0.0,-2.950363078608092e-40,9927.051530792358,0.9967586640797594,1.0013717620632537e-30
668340,0.0,-2.949906522823138e-40,9927.051530792358,0.9967586640797594,1.0012169039959019e-30
668400,0.0,-2.9494499670381837e-40,9927.051530792358,0.9967586640797594,1.00106204592855e-30
668460,0.0,-2.9489934112532295e-40,9927.051530792358,0.9967586640797594,1.0009071878611983e-30
668520,0.0,-2.948536855468275e-40,9927.051530792358,0.9967586640797594,1.0007523297938465e-30
668580,0.0,-2.948080299683321e-40,9927.051530792358,0.9967586640797594,1.0005974717264945e-30
668640,0.0,-2.9476237438983667e-40,9927.051530792358,0.9967586640797594,1.000442613659143e-30
668700,0.0,-2.9471671881134126e-40,9927.051530792358,0.9967586640797594,1.000287755591791e-30
668760,0.0,-2.9467106323284584e-40,9927.051530792358,0.9967586640797594,1.0001328975244392e-30
668820,0.0,-2.9462540765435043e-40,9927.051530792358,0.9967586640797594,9.999780394570875e-31
668880,0.0,-2.94579752075855e-40,9927.051530792358,0.9967586640797594,9.998231813897356e-31
668940,0.0,-2.9453409649735956e-40,9927.051530792358,0.9967586640797594,9.996683233223838e-31
669000,0.0,-2.944884409188642e-40,9927.051530792358,0.9967586640797594,9.99513465255032e-31
669060,0.0,-2.9444278534036873e-40,9927.051530792358,0.9967586640797594,9.993586071876802e-31
669120,0.0,-2.943971297618733e-40,9927.051530792358,0.9967586640797594,9.992037491203284e-31
669180,0.0,-2.9435147418337786e-40,9927.051530792358,0.9967586640797594,9.990488910529764e-31
669240,0.0,-2.943058186048825e-40,9927.051530792358,0.9967586640797594,9.988940329856248e-31
669300,0.0,-2.9426016302638703e-40,9927.051530792358,0.9967586640797594,9.987391749182728e-31
669360,0.0,-2.942145074478916e-40,9927.051530792358,0.9967586640797594,9.98584316850921e-31
669420,0.0,-2.941688518693962e-40,9927.051530792358,0.9967586640797594,9.984294587835693e-31
669480,0.0,-2.941231962909008e-40,9927.051530792358,0.9967586640797594,9.982746007162175e-31
669540,0.0,-2.9407754071240533e-40,9927.051530792358,0.9967586640797594,9.981197426488657e-31
669600,0.0,-2.9403188513390996e-40,9927.051530792358,0.9967586640797594,9.979648845815139e-31
669660,0.0,-2.939862295554145e-40,9927.051530792358,0.9967586640797594,9.978100265141621e-31
669720,0.0,-2.939405739769191e-40,9927.051530792358,0.9967586640797594,9.976551684468101e-31
669780,0.0,-2.9389491839842364e-40,9927.051530792358,0.9967586640797594,9.975003103794583e-31
669840,0.0,-2.9384926281992826e-40,9927.051530792358,0.9967586640797594,9.973454523121067e-31
669900,0.0,-2.938036072414328e-40,9927.051530792358,0.9967586640797594,9.971905942447547e-31
669960,0.0,-2.937579516629374e-40,9927.051530792358,0.9967586640797594,9.97035736177403e-31
670020,0.0,-2.9371229608444198e-40,9927.051530792358,0.9967586640797594,9.968808781100512e-31
670080,0.0,-2.9366664050594656e-40,9927.051530792358,0.9967586640797594,9.967260200426994e-31
670140,0.0,-2.936209849274511e-40,9927.051530792358,0.9967586640797594,9.965711619753476e-31
670200,0.0,-2.935753293489557e-40,9927.051530792358,0.9967586640797594,9.964163039079956e-31
670260,0.0,-2.935296737704603e-40,9927.051530792358,0.9967586640797594,9.96261445840644e-31
670320,0.0,-2.9348401819196487e-40,9927.051530792358,0.9967586640797594,9.96106587773292e-31
670380,0.0,-2.9343836261346945e-40,9927.051530792358,0.9967586640797594,9.959517297059402e-31
670440,0.0,-2.9339270703497404e-40,9927.051530792358,0.9967586640797594,9.957968716385884e-31
670500,0.0,-2.9334705145647862e-40,9927.051530792358,0.9967586640797594,9.956420135712366e-31
670560,0.0,-2.9330139587798317e-40,9927.051530792358,0.9967586640797594,9.954871555038849e-31
670620,0.0,-2.932557402994878e-40,9927.051530792358,0.9967586640797594,9.95332297436533e-31
670680,0.0,-2.9321008472099234e-40,9927.051530792358,0.9967586640797594,9.951774393691813e-31
670740,0.0,-2.9316442914249693e-40,9927.051530792358,0.9967586640797594,9.950225813018293e-31
670800,0.0,-2.9311877356400147e-40,9927.051530792358,0.9967586640797594,9.948677232344775e-31
670860,0.0,-2.930731179855061e-40,9927.051530792358,0.9967586640797594,9.947128651671259e-31
670920,0.0,-2.9302746240701064e-40,9927.051530792358,0.9967586640797594,9.94558007099774e-31
670980,0.0,-2.9298180682851523e-40,9927.051530792358,0.9967586640797594,9.944031490324221e-31
671040,0.0,-2.929361512500198e-40,9927.051530792358,0.9967586640797594,9.942482909650703e-31
671100,0.0,-2.928904956715244e-40,9927.051530792358,0.9967586640797594,9.940934328977185e-31
671160,0.0,-2.9284484009302894e-40,9927.051530792358,0.9967586640797594,9.939385748303668e-31
671220,0.0,-2.9279918451453353e-40,9927.051530792358,0.9967586640797594,9.937837167630148e-31
671280,0.0,-2.927535289360381e-40,9927.051530792358,0.9967586640797594,9.936288586956632e-31
671340,0.0,-2.927078733575427e-40,9927.051530792358,0.9967586640797594,9.934740006283112e-31
671400,0.0,-2.9266221777904725e-40,9927.051530792358,0.9967586640797594,9.933191425609594e-31
671460,0.0,-2.9261656220055187e-40,9927.051530792358,0.9967586640797594,9.931642844936076e-31
671520,0.0,-2.925709066220564e-40,9927.051530792358,0.9967586640797594,9.930094264262558e-31
671580,0.0,-2.92525251043561e-40,9927.051530792358,0.9967586640797594,9.92854568358904e-31
671640,0.0,-2.924795954650656e-40,9927.051530792358,0.9967586640797594,9.926997102915522e-31
671700,0.0,-2.9243393988657017e-40,9927.051530792358,0.9967586640797594,9.925448522242004e-31
671760,0.0,-2.9238828430807476e-40,9927.051530792358,0.9967586640797594,9.923899941568485e-31
671820,0.0,-2.923426287295793e-40,9927.051530792358,0.9967586640797594,9.922351360894967e-31
671880,0.0,-2.9229697315108393e-40,9927.051530792358,0.9967586640797594,9.92080278022145e-31
671940,0.0,-2.9225131757258848e-40,9927.051530792358,0.9967586640797594,9.919254199547931e-31
672000,0.0,-2.9220566199409306e-40,9927.051530792358,0.9967586640797594,9.917705618874413e-31
672060,0.0,-2.9216000641559765e-40,9927.051530792358,0.9967586640797594,9.916157038200895e-31
672120,0.0,-2.9211435083710223e-40,9927.051530792358,0.9967586640797594,9.914608457527377e-31
672180,0.0,-2.9206869525860678e-40,9927.051530792358,0.9967586640797594,9.91305987685386e-31
672240,0.0,-2.9202303968011136e-40,9927.051530792358,0.9967586640797594,9.91151129618034e-31
672300,0.0,-2.9197738410161595e-40,9927.051530792358,0.9967586640797594,9.909962715506823e-31
672360,0.0,-2.9193172852312053e-40,9927.051530792358,0.9967586640797594,9.908414134833304e-31
672420,0.0,-2.918860729446251e-40,9927.051530792358,0.9967586640797594,9.906865554159786e-31
672480,0.0,-2.918404173661297e-40,9927.051530792358,0.9967586640797594,9.905316973486268e-31
672540,0.0,-2.9179476178763425e-40,9927.051530792358,0.9967586640797594,9.90376839281275e-31
672600,0.0,-2.9174910620913884e-40,9927.051530792358,0.9967586640797594,9.902219812139232e-31
672660,0.0,-2.9170345063064342e-40,9927.051530792358,0.9967586640797594,9.900671231465714e-31
672720,0.0,-2.91657795052148e-40,9927.051530792358,0.9967586640797594,9.899122650792196e-31
672780,0.0,-2.9161213947365255e-40,9927.051530792358,0.9967586640797594,9.897574070118677e-31
672840,0.0,-2.9156648389515714e-40,9927.051530792358,0.9967586640797594,9.896025489445159e-31
672900,0.0,-2.9152082831666172e-40,9927.051530792358,0.9967586640797594,9.894476908771642e-31
672960,0.0,-2.914751727381663e-40,9927.051530792358,0.9967586640797594,9.892928328098123e-31
673020,0.0,-2.9142951715967085e-40,9927.051530792358,0.9967586640797594,9.891379747424605e-31
673080,0.0,-2.913838615811755e-40,9927.051530792358,0.9967586640797594,9.889831166751087e-31
673140,0.0,-2.9133820600268003e-40,9927.051530792358,0.9967586640797594,9.888282586077569e-31
673200,0.0,-2.912925504241846e-40,9927.051530792358,0.9967586640797594,9.886734005404051e-31
673260,0.0,-2.912468948456892e-40,9927.051530792358,0.9967586640797594,9.885185424730531e-31
673320,0.0,-2.912012392671938e-40,9927.051530792358,0.9967586640797594,9.883636844057015e-31
673380,0.0,-2.9115558368869837e-40,9927.051530792358,0.9967586640797594,9.882088263383496e-31
673440,0.0,-2.911099281102029e-40,9927.051530792358,0.9967586640797594,9.880539682709978e-31
673500,0.0,-2.9106427253170754e-40,9927.051530792358,0.9967586640797594,9.87899110203646e-31
673560,0.0,-2.910186169532121e-40,9927.051530792358,0.9967586640797594,9.877442521362942e-31
673620,0.0,-2.9097296137471667e-40,9927.051530792358,0.9967586640797594,9.875893940689424e-31
673680,0.0,-2.9092730579622126e-40,9927.051530792358,0.9967586640797594,9.874345360015906e-31
673740,0.0,-2.9088165021772584e-40,9927.051530792358,0.9967586640797594,9.872796779342388e-31
673800,0.0,-2.908359946392304e-40,9927.051530792358,0.9967586640797594,9.871248198668868e-31
673860,0.0,-2.9079033906073497e-40,9927.051530792358,0.9967586640797594,9.86969961799535e-31
673920,0.0,-2.9074468348223956e-40,9927.051530792358,0.9967586640797594,9.868151037321834e-31
673980,0.0,-2.9069902790374414e-40,9927.051530792358,0.9967586640797594,9.866602456648315e-31
674040,0.0,-2.906533723252487e-40,9927.051530792358,0.9967586640797594,9.865053875974797e-31
674100,0.0,-2.906077167467533e-40,9927.051530792358,0.9967586640797594,9.863505295301279e-31
674160,0.0,-2.9056206116825786e-40,9927.051530792358,0.9967586640797594,9.86195671462776e-31
674220,0.0,-2.9051640558976245e-40,9927.051530792358,0.9967586640797594,9.860408133954243e-31
674280,0.0,-2.90470750011267e-40,9927.051530792358,0.9967586640797594,9.858859553280723e-31
674340,0.0,-2.904250944327716e-40,9927.051530792358,0.9967586640797594,9.857310972607207e-31
674400,0.0,-2.9037943885427616e-40,9927.051530792358,0.9967586640797594,9.855762391933687e-31
674460,0.0,-2.9033378327578075e-40,9927.051530792358,0.9967586640797594,9.85421381126017e-31
674520,0.0,-2.9028812769728533e-40,9927.051530792358,0.9967586640797594,9.852665230586651e-31
674580,0.0,-2.902424721187899e-40,9927.051530792358,0.9967586640797594,9.851116649913134e-31
674640,0.0,-2.901968165402945e-40,9927.051530792358,0.9967586640797594,9.849568069239616e-31
674700,0.0,-2.901511609617991e-40,9927.051530792358,0.9967586640797594,9.848019488566098e-31
674760,0.0,-2.9010550538330364e-40,9927.051530792358,0.9967586640797594,9.84647090789258e-31
674820,0.0,-2.9005984980480822e-40,9927.051530792358,0.9967586640797594,9.84492232721906e-31
674880,0.0,-2.900141942263128e-40,9927.051530792358,0.9967586640797594,9.843373746545542e-31
674940,0.0,-2.899685386478174e-40,9927.051530792358,0.9967586640797594,9.841825165872026e-31
675000,0.0,-2.8992288306932198e-40,9927.051530792358,0.9967586640797594,9.840276585198506e-31
675060,0.0,-2.8987722749082652e-40,9927.051530792358,0.9967586640797594,9.838728004524988e-31
675120,0.0,-2.8983157191233115e-40,9927.051530792358,0.9967586640797594,9.83717942385147e-31
675180,0.0,-2.897859163338357e-40,9927.051530792358,0.9967586640797594,9.835630843177953e-31
675240,0.0,-2.897402607553403e-40,9927.051530792358,0.9967586640797594,9.834082262504435e-31
675300,0.0,-2.8969460517684487e-40,9927.051530792358,0.9967586640797594,9.832533681830917e-31
675360,0.0,-2.8964894959834945e-40,9927.051530792358,0.9967586640797594,9.830985101157399e-31
675420,0.0,-2.89603294019854e-40,9927.051530792358,0.9967586640797594,9.829436520483879e-31
675480,0.0,-2.895576384413586e-40,9927.051530792358,0.9967586640797594,9.827887939810361e-31
675540,0.0,-2.8951198286286317e-40,9927.051530792358,0.9967586640797594,9.826339359136843e-31
675600,0.0,-2.8946632728436775e-40,9927.051530792358,0.9967586640797594,9.824790778463325e-31
675660,0.0,-2.894206717058723e-40,9927.051530792358,0.9967586640797594,9.823242197789807e-31
675720,0.0,-2.8937501612737693e-40,9927.051530792358,0.9967586640797594,9.82169361711629e-31
675780,0.0,-2.8932936054888147e-40,9927.051530792358,0.9967586640797594,9.820145036442772e-31
675840,0.0,-2.8928370497038606e-40,9927.051530792358,0.9967586640797594,9.818596455769252e-31
675900,0.0,-2.892380493918906e-40,9927.051530792358,0.9967586640797594,9.817047875095734e-31
675960,0.0,-2.8919239381339523e-40,9927.051530792358,0.9967586640797594,9.815499294422218e-31
676020,0.0,-2.8914673823489977e-40,9927.051530792358,0.9967586640797594,9.813950713748698e-31
676080,0.0,-2.8910108265640436e-40,9927.051530792358,0.9967586640797594,9.81240213307518e-31
676140,0.0,-2.8905542707790894e-40,9927.051530792358,0.9967586640797594,9.810853552401662e-31
676200,0.0,-2.8900977149941353e-40,9927.051530792358,0.9967586640797594,9.809304971728144e-31
676260,0.0,-2.889641159209181e-40,9927.051530792358,0.9967586640797594,9.807756391054626e-31
676320,0.0,-2.889184603424227e-40,9927.051530792358,0.9967586640797594,9.806207810381108e-31
676380,0.0,-2.888728047639273e-40,9927.051530792358,0.9967586640797594,9.80465922970759e-31
676440,0.0,-2.8882714918543183e-40,9927.051530792358,0.9967586640797594,9.80311064903407e-31
676500,0.0,-2.887814936069364e-40,9927.051530792358,0.9967586640797594,9.801562068360553e-31
676560,0.0,-2.88735838028441e-40,9927.051530792358,0.9967586640797594,9.800013487687035e-31
676620,0.0,-2.886901824499456e-40,9927.051530792358,0.9967586640797594,9.798464907013517e-31
676680,0.0,-2.8864452687145013e-40,9927.051530792358,0.9967586640797594,9.79691632634e-31
676740,0.0,-2.8859887129295476e-40,9927.051530792358,0.9967586640797594,9.795367745666481e-31
676800,0.0,-2.885532157144593e-40,9927.051530792358,0.9967586640797594,9.793819164992963e-31
676860,0.0,-2.885075601359639e-40,9927.051530792358,0.9967586640797594,9.792270584319444e-31
676920,0.0,-2.8846190455746844e-40,9927.051530792358,0.9967586640797594,9.790722003645926e-31
676980,0.0,-2.8841624897897306e-40,9927.051530792358,0.9967586640797594,9.78917342297241e-31
677040,0.0,-2.883705934004776e-40,9927.051530792358,0.9967586640797594,9.78762484229889e-31
677100,0.0,-2.883249378219822e-40,9927.051530792358,0.9967586640797594,9.786076261625372e-31
677160,0.0,-2.8827928224348678e-40,9927.051530792358,0.9967586640797594,9.784527680951854e-31
677220,0.0,-2.8823362666499136e-40,9927.051530792358,0.9967586640797594,9.782979100278336e-31
677280,0.0,-2.881879710864959e-40,9927.051530792358,0.9967586640797594,9.781430519604818e-31
677340,0.0,-2.8814231550800054e-40,9927.051530792358,0.9967586640797594,9.7798819389313e-31
677400,0.0,-2.880966599295051e-40,9927.051530792358,0.9967586640797594,9.778333358257782e-31
677460,0.0,-2.8805100435100967e-40,9927.051530792358,0.9967586640797594,9.776784777584263e-31
677520,0.0,-2.880053487725142e-40,9927.051530792358,0.9967586640797594,9.775236196910745e-31
677580,0.0,-2.8795969319401884e-40,9927.051530792358,0.9967586640797594,9.773687616237227e-31
677640,0.0,-2.879140376155234e-40,9927.051530792358,0.9967586640797594,9.772139035563709e-31
677700,0.0,-2.8786838203702797e-40,9927.051530792358,0.9967586640797594,9.770590454890191e-31
677760,0.0,-2.8782272645853255e-40,9927.051530792358,0.9967586640797594,9.769041874216673e-31
677820,0.0,-2.8777707088003714e-40,9927.051530792358,0.9967586640797594,9.767493293543155e-31
677880,0.0,-2.8773141530154172e-40,9927.051530792358,0.9967586640797594,9.765944712869635e-31
677940,0.0,-2.8768575972304627e-40,9927.051530792358,0.9967586640797594,9.764396132196117e-31
678000,0.0,-2.876401041445509e-40,9927.051530792358,0.9967586640797594,9.762847551522601e-31
678060,0.0,-2.8759444856605544e-40,9927.051530792358,0.9967586640797594,9.761298970849082e-31
678120,0.0,-2.8754879298756003e-40,9927.051530792358,0.9967586640797594,9.759750390175564e-31
678180,0.0,-2.875031374090646e-40,9927.051530792358,0.9967586640797594,9.758201809502046e-31
678240,0.0,-2.874574818305692e-40,9927.051530792358,0.9967586640797594,9.756653228828528e-31
678300,0.0,-2.8741182625207374e-40,9927.051530792358,0.9967586640797594,9.75510464815501e-31
678360,0.0,-2.8736617067357837e-40,9927.051530792358,0.9967586640797594,9.753556067481492e-31
678420,0.0,-2.873205150950829e-40,9927.051530792358,0.9967586640797594,9.752007486807974e-31
678480,0.0,-2.872748595165875e-40,9927.051530792358,0.9967586640797594,9.750458906134454e-31
678540,0.0,-2.8722920393809204e-40,9927.051530792358,0.9967586640797594,9.748910325460936e-31
678600,0.0,-2.8718354835959667e-40,9927.051530792358,0.9967586640797594,9.747361744787419e-31
678660,0.0,-2.871378927811012e-40,9927.051530792358,0.9967586640797594,9.7458131641139e-31
678720,0.0,-2.870922372026058e-40,9927.051530792358,0.9967586640797594,9.744264583440383e-31
678780,0.0,-2.870465816241104e-40,9927.051530792358,0.9967586640797594,9.742716002766865e-31
678840,0.0,-2.8700092604561497e-40,9927.051530792358,0.9967586640797594,9.741167422093347e-31
678900,0.0,-2.869552704671195e-40,9927.051530792358,0.9967586640797594,9.739618841419827e-31
678960,0.0,-2.869096148886241e-40,9927.051530792358,0.9967586640797594,9.73807026074631e-31
679020,0.0,-2.868639593101287e-40,9927.051530792358,0.9967586640797594,9.736521680072793e-31
679080,0.0,-2.8681830373163328e-40,9927.051530792358,0.9967586640797594,9.734973099399273e-31
679140,0.0,-2.8677264815313786e-40,9927.051530792358,0.9967586640797594,9.733424518725755e-31
679200,0.0,-2.8672699257464245e-40,9927.051530792358,0.9967586640797594,9.731875938052238e-31
679260,0.0,-2.8668133699614703e-40,9927.051530792358,0.9967586640797594,9.73032735737872e-31
679320,0.0,-2.8663568141765158e-40,9927.051530792358,0.9967586640797594,9.728778776705202e-31
679380,0.0,-2.8659002583915616e-40,9927.051530792358,0.9967586640797594,9.727230196031684e-31
679440,0.0,-2.8654437026066075e-40,9927.051530792358,0.9967586640797594,9.725681615358166e-31
679500,0.0,-2.8649871468216533e-40,9927.051530792358,0.9967586640797594,9.724133034684646e-31
679560,0.0,-2.8645305910366988e-40,9927.051530792358,0.9967586640797594,9.722584454011128e-31
679620,0.0,-2.864074035251745e-40,9927.051530792358,0.9967586640797594,9.72103587333761e-31
679680,0.0,-2.8636174794667905e-40,9927.051530792358,0.9967586640797594,9.719487292664092e-31
679740,0.0,-2.8631609236818364e-40,9927.051530792358,0.9967586640797594,9.717938711990574e-31
679800,0.0,-2.8627043678968822e-40,9927.051530792358,0.9967586640797594,9.716390131317057e-31
679860,0.0,-2.862247812111928e-40,9927.051530792358,0.9967586640797594,9.714841550643539e-31
679920,0.0,-2.8617912563269735e-40,9927.051530792358,0.9967586640797594,9.713292969970019e-31
679980,0.0,-2.8613347005420198e-40,9927.051530792358,0.9967586640797594,9.711744389296503e-31
680040,0.0,-2.8608781447570652e-40,9927.051530792358,0.9967586640797594,9.710195808622985e-31
680100,0.0,-2.860421588972111e-40,9927.051530792358,0.9967586640797594,9.708647227949465e-31
680160,0.0,-2.8599650331871565e-40,9927.051530792358,0.9967586640797594,9.707098647275947e-31
680220,0.0,-2.859508477402203e-40,9927.051530792358,0.9967586640797594,9.70555006660243e-31
680280,0.0,-2.8590519216172483e-40,9927.051530792358,0.9967586640797594,9.704001485928911e-31
680340,0.0,-2.858595365832294e-40,9927.051530792358,0.9967586640797594,9.702452905255393e-31
680400,0.0,-2.85813881004734e-40,9927.051530792358,0.9967586640797594,9.700904324581876e-31
680460,0.0,-2.857682254262386e-40,9927.051530792358,0.9967586640797594,9.699355743908358e-31
680520,0.0,-2.8572256984774313e-40,9927.051530792358,0.9967586640797594,9.697807163234838e-31
680580,0.0,-2.856769142692477e-40,9927.051530792358,0.9967586640797594,9.69625858256132e-31
680640,0.0,-2.856312586907523e-40,9927.051530792358,0.9967586640797594,9.694710001887802e-31
680700,0.0,-2.855856031122569e-40,9927.051530792358,0.9967586640797594,9.693161421214284e-31
680760,0.0,-2.8553994753376147e-40,9927.051530792358,0.9967586640797594,9.691612840540766e-31
680820,0.0,-2.8549429195526606e-40,9927.051530792358,0.9967586640797594,9.690064259867248e-31
680880,0.0,-2.8544863637677064e-40,9927.051530792358,0.9967586640797594,9.68851567919373e-31
680940,0.0,-2.854029807982752e-40,9927.051530792358,0.9967586640797594,9.68696709852021e-31
681000,0.0,-2.853573252197798e-40,9927.051530792358,0.9967586640797594,9.685418517846695e-31
681060,0.0,-2.8531166964128436e-40,9927.051530792358,0.9967586640797594,9.683869937173177e-31
681120,0.0,-2.8526601406278894e-40,9927.051530792358,0.9967586640797594,9.682321356499657e-31
681180,0.0,-2.852203584842935e-40,9927.051530792358,0.9967586640797594,9.680772775826139e-31
681240,0.0,-2.851747029057981e-40,9927.051530792358,0.9967586640797594,9.679224195152621e-31
681300,0.0,-2.8512904732730266e-40,9927.051530792358,0.9967586640797594,9.677675614479103e-31
681360,0.0,-2.8508339174880725e-40,9927.051530792358,0.9967586640797594,9.676127033805585e-31
681420,0.0,-2.8503773617031183e-40,9927.051530792358,0.9967586640797594,9.674578453132067e-31
681480,0.0,-2.849920805918164e-40,9927.051530792358,0.9967586640797594,9.67302987245855e-31
681540,0.0,-2.8494642501332096e-40,9927.051530792358,0.9967586640797594,9.67148129178503e-31
681600,0.0,-2.8490076943482555e-40,9927.051530792358,0.9967586640797594,9.669932711111512e-31
681660,0.0,-2.8485511385633013e-40,9927.051530792358,0.9967586640797594,9.668384130437994e-31
681720,0.0,-2.848094582778347e-40,9927.051530792358,0.9967586640797594,9.666835549764476e-31
681780,0.0,-2.8476380269933926e-40,9927.051530792358,0.9967586640797594,9.665286969090958e-31
681840,0.0,-2.847181471208439e-40,9927.051530792358,0.9967586640797594,9.66373838841744e-31
681900,0.0,-2.8467249154234844e-40,9927.051530792358,0.9967586640797594,9.662189807743922e-31
681960,0.0,-2.8462683596385302e-40,9927.051530792358,0.9967586640797594,9.660641227070402e-31
682020,0.0,-2.845811803853576e-40,9927.051530792358,0.9967586640797594,9.659092646396886e-31
682080,0.0,-2.845355248068622e-40,9927.051530792358,0.9967586640797594,9.657544065723368e-31
682140,0.0,-2.8448986922836674e-40,9927.051530792358,0.9967586640797594,9.655995485049849e-31
682200,0.0,-2.8444421364987132e-40,9927.051530792358,0.9967586640797594,9.65444690437633e-31
682260,0.0,-2.843985580713759e-40,9927.051530792358,0.9967586640797594,9.652898323702813e-31
682320,0.0,-2.843529024928805e-40,9927.051530792358,0.9967586640797594,9.651349743029295e-31
682380,0.0,-2.843072469143851e-40,9927.051530792358,0.9967586640797594,9.649801162355777e-31
682440,0.0,-2.8426159133588967e-40,9927.051530792358,0.9967586640797594,9.648252581682259e-31
682500,0.0,-2.8421593575739425e-40,9927.051530792358,0.9967586640797594,9.646704001008741e-31
682560,0.0,-2.841702801788988e-40,9927.051530792358,0.9967586640797594,9.645155420335221e-31
682620,0.0,-2.841246246004034e-40,9927.051530792358,0.9967586640797594,9.643606839661704e-31
682680,0.0,-2.8407896902190797e-40,9927.051530792358,0.9967586640797594,9.642058258988186e-31
682740,0.0,-2.8403331344341255e-40,9927.051530792358,0.9967586640797594,9.640509678314668e-31
682800,0.0,-2.839876578649171e-40,9927.051530792358,0.9967586640797594,9.63896109764115e-31
682860,0.0,-2.8394200228642173e-40,9927.051530792358,0.9967586640797594,9.637412516967632e-31
682920,0.0,-2.8389634670792627e-40,9927.051530792358,0.9967586640797594,9.635863936294114e-31
682980,0.0,-2.8385069112943086e-40,9927.051530792358,0.9967586640797594,9.634315355620596e-31
683040,0.0,-2.8380503555093544e-40,9927.051530792358,0.9967586640797594,9.632766774947078e-31
683100,0.0,-2.8375937997244003e-40,9927.051530792358,0.9967586640797594,9.63121819427356e-31
683160,0.0,-2.8371372439394457e-40,9927.051530792358,0.9967586640797594,9.62966961360004e-31
683220,0.0,-2.8366806881544916e-40,9927.051530792358,0.9967586640797594,9.628121032926523e-31
683280,0.0,-2.8362241323695374e-40,9927.051530792358,0.9967586640797594,9.626572452253005e-31
683340,0.0,-2.8357675765845833e-40,9927.051530792358,0.9967586640797594,9.625023871579487e-31
683400,0.0,-2.8353110207996287e-40,9927.051530792358,0.9967586640797594,9.623475290905969e-31
683460,0.0,-2.834854465014675e-40,9927.051530792358,0.9967586640797594,9.62192671023245e-31
683520,0.0,-2.8343979092297205e-40,9927.051530792358,0.9967586640797594,9.620378129558933e-31
683580,0.0,-2.8339413534447663e-40,9927.051530792358,0.9967586640797594,9.618829548885413e-31
683640,0.0,-2.833484797659812e-40,9927.051530792358,0.9967586640797594,9.617280968211895e-31
683700,0.0,-2.833028241874858e-40,9927.051530792358,0.9967586640797594,9.615732387538377e-31
683760,0.0,-2.832571686089904e-40,9927.051530792358,0.9967586640797594,9.61418380686486e-31
683820,0.0,-2.8321151303049493e-40,9927.051530792358,0.9967586640797594,9.612635226191342e-31
683880,0.0,-2.831658574519995e-40,9927.051530792358,0.9967586640797594,9.611086645517824e-31
683940,0.0,-2.831202018735041e-40,9927.051530792358,0.9967586640797594,9.609538064844306e-31
684000,0.0,-2.830745462950087e-40,9927.051530792358,0.9967586640797594,9.607989484170788e-31
684060,0.0,-2.8302889071651328e-40,9927.051530792358,0.9967586640797594,9.60644090349727e-31
684120,0.0,-2.8298323513801786e-40,9927.051530792358,0.9967586640797594,9.604892322823752e-31
684180,0.0,-2.829375795595224e-40,9927.051530792358,0.9967586640797594,9.603343742150232e-31
684240,0.0,-2.82891923981027e-40,9927.051530792358,0.9967586640797594,9.601795161476714e-31
684300,0.0,-2.8284626840253158e-40,9927.051530792358,0.9967586640797594,9.600246580803196e-31
684360,0.0,-2.8280061282403616e-40,9927.051530792358,0.9967586640797594,9.598698000129678e-31
684420,0.0,-2.827549572455407e-40,9927.051530792358,0.9967586640797594,9.59714941945616e-31
684480,0.0,-2.8270930166704533e-40,9927.051530792358,0.9967586640797594,9.595600838782643e-31
684540,0.0,-2.826636460885499e-40,9927.051530792358,0.9967586640797594,9.594052258109125e-31
684600,0.0,-2.8261799051005447e-40,9927.051530792358,0.9967586640797594,9.592503677435605e-31
684660,0.0,-2.82572334931559e-40,9927.051530792358,0.9967586640797594,9.590955096762087e-31
684720,0.0,-2.8252667935306364e-40,9927.051530792358,0.9967586640797594,9.58940651608857e-31
684780,0.0,-2.824810237745682e-40,9927.051530792358,0.9967586640797594,9.587857935415051e-31
684840,0.0,-2.8243536819607277e-40,9927.051530792358,0.9967586640797594,9.586309354741533e-31
684900,0.0,-2.8238971261757735e-40,9927.051530792358,0.9967586640797594,9.584760774068015e-31
684960,0.0,-2.8234405703908194e-40,9927.051530792358,0.9967586640797594,9.583212193394497e-31
685020,0.0,-2.822984014605865e-40,9927.051530792358,0.9967586640797594,9.58166361272098e-31
685080,0.0,-2.822527458820911e-40,9927.051530792358,0.9967586640797594,9.580115032047462e-31
685140,0.0,-2.8220709030359566e-40,9927.051530792358,0.9967586640797594,9.578566451373944e-31
685200,0.0,-2.8216143472510024e-40,9927.051530792358,0.9967586640797594,9.577017870700424e-31
685260,0.0,-2.8211577914660483e-40,9927.051530792358,0.9967586640797594,9.575469290026906e-31
685320,0.0,-2.820701235681094e-40,9927.051530792358,0.9967586640797594,9.573920709353388e-31
685380,0.0,-2.82024467989614e-40,9927.051530792358,0.9967586640797594,9.57237212867987e-31
685440,0.0,-2.8197881241111854e-40,9927.051530792358,0.9967586640797594,9.570823548006352e-31
685500,0.0,-2.8193315683262317e-40,9927.051530792358,0.9967586640797594,9.569274967332834e-31
685560,0.0,-2.818875012541277e-40,9927.051530792358,0.9967586640797594,9.567726386659316e-31
685620,0.0,-2.818418456756323e-40,9927.051530792358,0.9967586640797594,9.566177805985797e-31
685680,0.0,-2.817961900971369e-40,9927.051530792358,0.9967586640797594,9.56462922531228e-31
685740,0.0,-2.8175053451864147e-40,9927.051530792358,0.9967586640797594,9.563080644638761e-31
685800,0.0,-2.81704878940146e-40,9927.051530792358,0.9967586640797594,9.561532063965243e-31
685860,0.0,-2.816592233616506e-40,9927.051530792358,0.9967586640797594,9.559983483291725e-31
685920,0.0,-2.816135677831552e-40,9927.051530792358,0.9967586640797594,9.558434902618207e-31
685980,0.0,-2.8156791220465977e-40,9927.051530792358,0.9967586640797594,9.55688632194469e-31
686040,0.0,-2.815222566261643e-40,9927.051530792358,0.9967586640797594,9.555337741271171e-31
686100,0.0,-2.8147660104766894e-40,9927.051530792358,0.9967586640797594,9.553789160597653e-31
686160,0.0,-2.814309454691735e-40,9927.051530792358,0.9967586640797594,9.552240579924135e-31
686220,0.0,-2.8138528989067808e-40,9927.051530792358,0.9967586640797594,9.550691999250616e-31
686280,0.0,-2.813396343121826e-40,9927.051530792358,0.9967586640797594,9.549143418577098e-31
686340,0.0,-2.8129397873368725e-40,9927.051530792358,0.9967586640797594,9.54759483790358e-31
686400,0.0,-2.812483231551918e-40,9927.051530792358,0.9967586640797594,9.546046257230062e-31
686460,0.0,-2.8120266757669638e-40,9927.051530792358,0.9967586640797594,9.544497676556544e-31
686520,0.0,-2.8115701199820096e-40,9927.051530792358,0.9967586640797594,9.542949095883026e-31
686580,0.0,-2.8111135641970555e-40,9927.051530792358,0.9967586640797594,9.541400515209508e-31
686640,0.0,-2.8106570084121013e-40,9927.051530792358,0.9967586640797594,9.539851934535989e-31
686700,0.0,-2.810200452627147e-40,9927.051530792358,0.9967586640797594,9.538303353862472e-31
686760,0.0,-2.8097438968421926e-40,9927.051530792358,0.9967586640797594,9.536754773188953e-31
686820,0.0,-2.8092873410572385e-40,9927.051530792358,0.9967586640797594,9.535206192515435e-31
686880,0.0,-2.8088307852722844e-40,9927.051530792358,0.9967586640797594,9.533657611841917e-31
686940,0.0,-2.8083742294873302e-40,9927.051530792358,0.9967586640797594,9.532109031168399e-31
687000,0.0,-2.807917673702376e-40,9927.051530792358,0.9967586640797594,9.530560450494881e-31
687060,0.0,-2.8074611179174215e-40,9927.051530792358,0.9967586640797594,9.529011869821363e-31
687120,0.0,-2.8070045621324678e-40,9927.051530792358,0.9967586640797594,9.527463289147845e-31
687180,0.0,-2.8065480063475132e-40,9927.051530792358,0.9967586640797594,9.525914708474327e-31
687240,0.0,-2.806091450562559e-40,9927.051530792358,0.9967586640797594,9.524366127800808e-31
687300,0.0,-2.8056348947776045e-40,9927.051530792358,0.9967586640797594,9.52281754712729e-31
687360,0.0,-2.805178338992651e-40,9927.051530792358,0.9967586640797594,9.521268966453772e-31
687420,0.0,-2.8047217832076963e-40,9927.051530792358,0.9967586640797594,9.519720385780254e-31
687480,0.0,-2.804265227422742e-40,9927.051530792358,0.9967586640797594,9.518171805106736e-31
687540,0.0,-2.803808671637788e-40,9927.051530792358,0.9967586640797594,9.516623224433218e-31
687600,0.0,-2.803352115852834e-40,9927.051530792358,0.9967586640797594,9.5150746437597e-31
687660,0.0,-2.8028955600678793e-40,9927.051530792358,0.9967586640797594,9.51352606308618e-31
687720,0.0,-2.8024390042829255e-40,9927.051530792358,0.9967586640797594,9.511977482412664e-31
687780,0.0,-2.801982448497971e-40,9927.051530792358,0.9967586640797594,9.510428901739144e-31
687840,0.0,-2.801525892713017e-40,9927.051530792358,0.9967586640797594,9.508880321065627e-31
687900,0.0,-2.8010693369280623e-40,9927.051530792358,0.9967586640797594,9.507331740392109e-31
687960,0.0,-2.8006127811431086e-40,9927.051530792358,0.9967586640797594,9.50578315971859e-31
688020,0.0,-2.800156225358154e-40,9927.051530792358,0.9967586640797594,9.504234579045073e-31
688080,0.0,-2.7996996695732e-40,9927.051530792358,0.9967586640797594,9.502685998371555e-31
688140,0.0,-2.7992431137882457e-40,9927.051530792358,0.9967586640797594,9.501137417698037e-31
688200,0.0,-2.7987865580032916e-40,9927.051530792358,0.9967586640797594,9.499588837024519e-31
688260,0.0,-2.7983300022183374e-40,9927.051530792358,0.9967586640797594,9.498040256351e-31
688320,0.0,-2.797873446433383e-40,9927.051530792358,0.9967586640797594,9.496491675677481e-31
688380,0.0,-2.797416890648429e-40,9927.051530792358,0.9967586640797594,9.494943095003963e-31
688440,0.0,-2.7969603348634746e-40,9927.051530792358,0.9967586640797594,9.493394514330446e-31
688500,0.0,-2.7965037790785205e-40,9927.051530792358,0.9967586640797594,9.491845933656928e-31
688560,0.0,-2.7960472232935663e-40,9927.051530792358,0.9967586640797594,9.49029735298341e-31
688620,0.0,-2.795590667508612e-40,9927.051530792358,0.9967586640797594,9.488748772309892e-31
688680,0.0,-2.7951341117236576e-40,9927.051530792358,0.9967586640797594,9.487200191636372e-31
688740,0.0,-2.794677555938704e-40,9927.051530792358,0.9967586640797594,9.485651610962856e-31
688800,0.0,-2.7942210001537493e-40,9927.051530792358,0.9967586640797594,9.484103030289336e-31
688860,0.0,-2.793764444368795e-40,9927.051530792358,0.9967586640797594,9.482554449615818e-31
688920,0.0,-2.7933078885838406e-40,9927.051530792358,0.9967586640797594,9.4810058689423e-31
688980,0.0,-2.792851332798887e-40,9927.051530792358,0.9967586640797594,9.479457288268782e-31
689040,0.0,-2.7923947770139324e-40,9927.051530792358,0.9967586640797594,9.477908707595265e-31
689100,0.0,-2.7919382212289782e-40,9927.051530792358,0.9967586640797594,9.476360126921747e-31
689160,0.0,-2.791481665444024e-40,9927.051530792358,0.9967586640797594,9.474811546248229e-31
689220,0.0,-2.79102510965907e-40,9927.051530792358,0.9967586640797594,9.47326296557471e-31
689280,0.0,-2.7905685538741154e-40,9927.051530792358,0.9967586640797594,9.471714384901191e-31
689340,0.0,-2.7901119980891612e-40,9927.051530792358,0.9967586640797594,9.470165804227673e-31
689400,0.0,-2.789655442304207e-40,9927.051530792358,0.9967586640797594,9.468617223554155e-31
689460,0.0,-2.789198886519253e-40,9927.051530792358,0.9967586640797594,9.467068642880637e-31
689520,0.0,-2.7887423307342984e-40,9927.051530792358,0.9967586640797594,9.46552006220712e-31
689580,0.0,-2.7882857749493447e-40,9927.051530792358,0.9967586640797594,9.463971481533601e-31
689640,0.0,-2.78782921916439e-40,9927.051530792358,0.9967586640797594,9.462422900860084e-31
689700,0.0,-2.787372663379436e-40,9927.051530792358,0.9967586640797594,9.460874320186564e-31
689760,0.0,-2.786916107594482e-40,9927.051530792358,0.9967586640797594,9.459325739513048e-31
689820,0.0,-2.7864595518095277e-40,9927.051530792358,0.9967586640797594,9.457777158839528e-31
689880,0.0,-2.7860029960245735e-40,9927.051530792358,0.9967586640797594,9.45622857816601e-31
689940,0.0,-2.785546440239619e-40,9927.051530792358,0.9967586640797594,9.454679997492492e-31
690000,0.0,-2.7850898844546652e-40,9927.051530792358,0.9967586640797594,9.453131416818974e-31
690060,0.0,-2.7846333286697107e-40,9927.051530792358,0.9967586640797594,9.451582836145456e-31
690120,0.0,-2.7841767728847566e-40,9927.051530792358,0.9967586640797594,9.450034255471938e-31
690180,0.0,-2.7837202170998024e-40,9927.051530792358,0.9967586640797594,9.44848567479842e-31
690240,0.0,-2.7832636613148483e-40,9927.051530792358,0.9967586640797594,9.446937094124903e-31
690300,0.0,-2.7828071055298937e-40,9927.051530792358,0.9967586640797594,9.445388513451383e-31
690360,0.0,-2.7823505497449396e-40,9927.051530792358,0.9967586640797594,9.443839932777865e-31
690420,0.0,-2.7818939939599854e-40,9927.051530792358,0.9967586640797594,9.442291352104347e-31
690480,0.0,-2.7814374381750313e-40,9927.051530792358,0.9967586640797594,9.440742771430829e-31
690540,0.0,-2.7809808823900767e-40,9927.051530792358,0.9967586640797594,9.439194190757311e-31
690600,0.0,-2.780524326605123e-40,9927.051530792358,0.9967586640797594,9.437645610083793e-31
690660,0.0,-2.7800677708201685e-40,9927.051530792358,0.9967586640797594,9.436097029410275e-31
690720,0.0,-2.7796112150352143e-40,9927.051530792358,0.9967586640797594,9.434548448736756e-31
690780,0.0,-2.77915465925026e-40,9927.051530792358,0.9967586640797594,9.43299986806324e-31
690840,0.0,-2.778698103465306e-40,9927.051530792358,0.9967586640797594,9.43145128738972e-31
690900,0.0,-2.7782415476803515e-40,9927.051530792358,0.9967586640797594,9.429902706716202e-31
690960,0.0,-2.7777849918953973e-40,9927.051530792358,0.9967586640797594,9.428354126042684e-31
691020,0.0,-2.777328436110443e-40,9927.051530792358,0.9967586640797594,9.426805545369166e-31
691080,0.0,-2.776871880325489e-40,9927.051530792358,0.9967586640797594,9.425256964695648e-31
691140,0.0,-2.776415324540535e-40,9927.051530792358,0.9967586640797594,9.42370838402213e-31
691200,0.0,-2.7759587687555808e-40,9927.051530792358,0.9967586640797594,9.422159803348612e-31
691260,0.0,-2.775502212970626e-40,9927.051530792358,0.9967586640797594,9.420611222675094e-31
691320,0.0,-2.775045657185672e-40,9927.051530792358,0.9967586640797594,9.419062642001575e-31
691380,0.0,-2.774589101400718e-40,9927.051530792358,0.9967586640797594,9.417514061328058e-31
691440,0.0,-2.7741325456157638e-40,9927.051530792358,0.9967586640797594,9.415965480654539e-31
691500,0.0,-2.7736759898308096e-40,9927.051530792358,0.9967586640797594,9.41441689998102e-31
691560,0.0,-2.773219434045855e-40,9927.051530792358,0.9967586640797594,9.412868319307503e-31
691620,0.0,-2.7727628782609013e-40,9927.051530792358,0.9967586640797594,9.411319738633985e-31
691680,0.0,-2.7723063224759468e-40,9927.051530792358,0.9967586640797594,9.409771157960467e-31
691740,0.0,-2.7718497666909927e-40,9927.051530792358,0.9967586640797594,9.408222577286947e-31
691800,0.0,-2.7713932109060385e-40,9927.051530792358,0.9967586640797594,9.406673996613431e-31
691860,0.0,-2.7709366551210844e-40,9927.051530792358,0.9967586640797594,9.405125415939912e-31
691920,0.0,-2.77048009933613e-40,9927.051530792358,0.9967586640797594,9.403576835266394e-31
691980,0.0,-2.7700235435511757e-40,9927.051530792358,0.9967586640797594,9.402028254592876e-31
692040,0.0,-2.7695669877662215e-40,9927.051530792358,0.9967586640797594,9.400479673919358e-31
692100,0.0,-2.7691104319812674e-40,9927.051530792358,0.9967586640797594,9.39893109324584e-31
692160,0.0,-2.768653876196313e-40,9927.051530792358,0.9967586640797594,9.397382512572322e-31
692220,0.0,-2.768197320411359e-40,9927.051530792358,0.9967586640797594,9.395833931898804e-31
692280,0.0,-2.7677407646264045e-40,9927.051530792358,0.9967586640797594,9.394285351225286e-31
692340,0.0,-2.7672842088414504e-40,9927.051530792358,0.9967586640797594,9.392736770551766e-31
692400,0.0,-2.7668276530564963e-40,9927.051530792358,0.9967586640797594,9.39118818987825e-31
692460,0.0,-2.766371097271542e-40,9927.051530792358,0.9967586640797594,9.38963960920473e-31
692520,0.0,-2.7659145414865876e-40,9927.051530792358,0.9967586640797594,9.388091028531213e-31
692580,0.0,-2.7654579857016334e-40,9927.051530792358,0.9967586640797594,9.386542447857695e-31
692640,0.0,-2.7650014299166793e-40,9927.051530792358,0.9967586640797594,9.384993867184177e-31
692700,0.0,-2.764544874131725e-40,9927.051530792358,0.9967586640797594,9.383445286510659e-31
692760,0.0,-2.764088318346771e-40,9927.051530792358,0.9967586640797594,9.38189670583714e-31
692820,0.0,-2.763631762561817e-40,9927.051530792358,0.9967586640797594,9.380348125163623e-31
692880,0.0,-2.7631752067768627e-40,9927.051530792358,0.9967586640797594,9.378799544490103e-31
692940,0.0,-2.762718650991908e-40,9927.051530792358,0.9967586640797594,9.377250963816585e-31
693000,0.0,-2.762262095206954e-40,9927.051530792358,0.9967586640797594,9.375702383143067e-31
693060,0.0,-2.761805539422e-40,9927.051530792358,0.9967586640797594,9.37415380246955e-31
693120,0.0,-2.7613489836370457e-40,9927.051530792358,0.9967586640797594,9.372605221796032e-31
693180,0.0,-2.760892427852091e-40,9927.051530792358,0.9967586640797594,9.371056641122514e-31
693240,0.0,-2.7604358720671374e-40,9927.051530792358,0.9967586640797594,9.369508060448996e-31
693300,0.0,-2.759979316282183e-40,9927.051530792358,0.9967586640797594,9.367959479775478e-31
693360,0.0,-2.7595227604972287e-40,9927.051530792358,0.9967586640797594,9.366410899101958e-31
693420,0.0,-2.7590662047122746e-40,9927.051530792358,0.9967586640797594,9.364862318428442e-31
693480,0.0,-2.7586096489273205e-40,9927.051530792358,0.9967586640797594,9.363313737754922e-31
693540,0.0,-2.758153093142366e-40,9927.051530792358,0.9967586640797594,9.361765157081404e-31
693600,0.0,-2.7576965373574118e-40,9927.051530792358,0.9967586640797594,9.360216576407886e-31
693660,0.0,-2.7572399815724576e-40,9927.051530792358,0.9967586640797594,9.358667995734369e-31
693720,0.0,-2.7567834257875035e-40,9927.051530792358,0.9967586640797594,9.35711941506085e-31
693780,0.0,-2.756326870002549e-40,9927.051530792358,0.9967586640797594,9.355570834387331e-31
693840,0.0,-2.755870314217595e-40,9927.051530792358,0.9967586640797594,9.354022253713815e-31
693900,0.0,-2.7554137584326406e-40,9927.051530792358,0.9967586640797594,9.352473673040295e-31
693960,0.0,-2.7549572026476865e-40,9927.051530792358,0.9967586640797594,9.350925092366777e-31
694020,0.0,-2.7545006468627324e-40,9927.051530792358,0.9967586640797594,9.34937651169326e-31
694080,0.0,-2.7540440910777782e-40,9927.051530792358,0.9967586640797594,9.347827931019741e-31
694140,0.0,-2.7535875352928237e-40,9927.051530792358,0.9967586640797594,9.346279350346223e-31
694200,0.0,-2.7531309795078695e-40,9927.051530792358,0.9967586640797594,9.344730769672705e-31
694260,0.0,-2.7526744237229154e-40,9927.051530792358,0.9967586640797594,9.343182188999188e-31
694320,0.0,-2.7522178679379612e-40,9927.051530792358,0.9967586640797594,9.34163360832567e-31
694380,0.0,-2.751761312153007e-40,9927.051530792358,0.9967586640797594,9.34008502765215e-31
694440,0.0,-2.751304756368053e-40,9927.051530792358,0.9967586640797594,9.338536446978634e-31
694500,0.0,-2.750848200583099e-40,9927.051530792358,0.9967586640797594,9.336987866305114e-31
694560,0.0,-2.7503916447981443e-40,9927.051530792358,0.9967586640797594,9.335439285631596e-31
694620,0.0,-2.74993508901319e-40,9927.051530792358,0.9967586640797594,9.333890704958078e-31
694680,0.0,-2.749478533228236e-40,9927.051530792358,0.9967586640797594,9.33234212428456e-31
694740,0.0,-2.749021977443282e-40,9927.051530792358,0.9967586640797594,9.330793543611042e-31
694800,0.0,-2.7485654216583273e-40,9927.051530792358,0.9967586640797594,9.329244962937523e-31
694860,0.0,-2.7481088658733735e-40,9927.051530792358,0.9967586640797594,9.327696382264007e-31
694920,0.0,-2.747652310088419e-40,9927.051530792358,0.9967586640797594,9.326147801590487e-31
694980,0.0,-2.747195754303465e-40,9927.051530792358,0.9967586640797594,9.324599220916969e-31
695040,0.0,-2.7467391985185103e-40,9927.051530792358,0.9967586640797594,9.323050640243451e-31
695100,0.0,-2.7462826427335566e-40,9927.051530792358,0.9967586640797594,9.321502059569933e-31
695160,0.0,-2.745826086948602e-40,9927.051530792358,0.9967586640797594,9.319953478896415e-31
695220,0.0,-2.745369531163648e-40,9927.051530792358,0.9967586640797594,9.318404898222897e-31
695280,0.0,-2.7449129753786937e-40,9927.051530792358,0.9967586640797594,9.31685631754938e-31
695340,0.0,-2.7444564195937396e-40,9927.051530792358,0.9967586640797594,9.315307736875861e-31
695400,0.0,-2.743999863808785e-40,9927.051530792358,0.9967586640797594,9.313759156202342e-31
695460,0.0,-2.7435433080238313e-40,9927.051530792358,0.9967586640797594,9.312210575528826e-31
695520,0.0,-2.7430867522388767e-40,9927.051530792358,0.9967586640797594,9.310661994855306e-31
695580,0.0,-2.7426301964539226e-40,9927.051530792358,0.9967586640797594,9.309113414181788e-31
695640,0.0,-2.7421736406689685e-40,9927.051530792358,0.9967586640797594,9.30756483350827e-31
695700,0.0,-2.7417170848840143e-40,9927.051530792358,0.9967586640797594,9.306016252834752e-31
695760,0.0,-2.74126052909906e-40,9927.051530792358,0.9967586640797594,9.304467672161234e-31
695820,0.0,-2.7408039733141056e-40,9927.051530792358,0.9967586640797594,9.302919091487714e-31
695880,0.0,-2.7403474175291515e-40,9927.051530792358,0.9967586640797594,9.301370510814198e-31
695940,0.0,-2.7398908617441973e-40,9927.051530792358,0.9967586640797594,9.299821930140679e-31
696000,0.0,-2.739434305959243e-40,9927.051530792358,0.9967586640797594,9.29827334946716e-31
696060,0.0,-2.738977750174289e-40,9927.051530792358,0.9967586640797594,9.296724768793643e-31
696120,0.0,-2.738521194389335e-40,9927.051530792358,0.9967586640797594,9.295176188120125e-31
696180,0.0,-2.7380646386043804e-40,9927.051530792358,0.9967586640797594,9.293627607446607e-31
696240,0.0,-2.7376080828194262e-40,9927.051530792358,0.9967586640797594,9.292079026773089e-31
696300,0.0,-2.737151527034472e-40,9927.051530792358,0.9967586640797594,9.290530446099571e-31
696360,0.0,-2.736694971249518e-40,9927.051530792358,0.9967586640797594,9.288981865426053e-31
696420,0.0,-2.7362384154645634e-40,9927.051530792358,0.9967586640797594,9.287433284752533e-31
696480,0.0,-2.7357818596796096e-40,9927.051530792358,0.9967586640797594,9.285884704079017e-31
696540,0.0,-2.735325303894655e-40,9927.051530792358,0.9967586640797594,9.284336123405498e-31
696600,0.0,-2.734868748109701e-40,9927.051530792358,0.9967586640797594,9.28278754273198e-31
696660,0.0,-2.7344121923247464e-40,9927.051530792358,0.9967586640797594,9.281238962058462e-31
696720,0.0,-2.7339556365397927e-40,9927.051530792358,0.9967586640797594,9.279690381384944e-31
696780,0.0,-2.733499080754838e-40,9927.051530792358,0.9967586640797594,9.278141800711426e-31
696840,0.0,-2.733042524969884e-40,9927.051530792358,0.9967586640797594,9.276593220037906e-31
696900,0.0,-2.73258596918493e-40,9927.051530792358,0.9967586640797594,9.27504463936439e-31
696960,0.0,-2.7321294133999757e-40,9927.051530792358,0.9967586640797594,9.27349605869087e-31
697020,0.0,-2.731672857615021e-40,9927.051530792358,0.9967586640797594,9.271947478017352e-31
697080,0.0,-2.7312163018300674e-40,9927.051530792358,0.9967586640797594,9.270398897343835e-31
697140,0.0,-2.730759746045113e-40,9927.051530792358,0.9967586640797594,9.268850316670317e-31
697200,0.0,-2.7303031902601587e-40,9927.051530792358,0.9967586640797594,9.267301735996799e-31
697260,0.0,-2.7298466344752046e-40,9927.051530792358,0.9967586640797594,9.26575315532328e-31
697320,0.0,-2.7293900786902504e-40,9927.051530792358,0.9967586640797594,9.264204574649763e-31
697380,0.0,-2.7289335229052963e-40,9927.051530792358,0.9967586640797594,9.262655993976245e-31
697440,0.0,-2.7284769671203417e-40,9927.051530792358,0.9967586640797594,9.261107413302725e-31
697500,0.0,-2.728020411335388e-40,9927.051530792358,0.9967586640797594,9.259558832629209e-31
697560,0.0,-2.7275638555504334e-40,9927.051530792358,0.9967586640797594,9.25801025195569e-31
697620,0.0,-2.7271072997654793e-40,9927.051530792358,0.9967586640797594,9.256461671282171e-31
697680,0.0,-2.7266507439805247e-40,9927.051530792358,0.9967586640797594,9.254913090608654e-31
697740,0.0,-2.726194188195571e-40,9927.051530792358,0.9967586640797594,9.253364509935136e-31
697800,0.0,-2.7257376324106164e-40,9927.051530792358,0.9967586640797594,9.251815929261618e-31
697860,0.0,-2.7252810766256623e-40,9927.051530792358,0.9967586640797594,9.250267348588098e-31
697920,0.0,-2.724824520840708e-40,9927.051530792358,0.9967586640797594,9.248718767914582e-31
697980,0.0,-2.724367965055754e-40,9927.051530792358,0.9967586640797594,9.247170187241062e-31
698040,0.0,-2.7239114092707995e-40,9927.051530792358,0.9967586640797594,9.245621606567544e-31
698100,0.0,-2.7234548534858457e-40,9927.051530792358,0.9967586640797594,9.244073025894026e-31
698160,0.0,-2.722998297700891e-40,9927.051530792358,0.9967586640797594,9.242524445220508e-31
698220,0.0,-2.722541741915937e-40,9927.051530792358,0.9967586640797594,9.24097586454699e-31
698280,0.0,-2.7220851861309825e-40,9927.051530792358,0.9967586640797594,9.239427283873473e-31
698340,0.0,-2.7216286303460288e-40,9927.051530792358,0.9967586640797594,9.237878703199955e-31
698400,0.0,-2.721172074561074e-40,9927.051530792358,0.9967586640797594,9.236330122526437e-31
698460,0.0,-2.72071551877612e-40,9927.051530792358,0.9967586640797594,9.234781541852917e-31
698520,0.0,-2.720258962991166e-40,9927.051530792358,0.9967586640797594,9.2332329611794e-31
698580,0.0,-2.7198024072062118e-40,9927.051530792358,0.9967586640797594,9.231684380505881e-31
698640,0.0,-2.7193458514212572e-40,9927.051530792358,0.9967586640797594,9.230135799832363e-31
698700,0.0,-2.718889295636303e-40,9927.051530792358,0.9967586640797594,9.228587219158845e-31
698760,0.0,-2.718432739851349e-40,9927.051530792358,0.9967586640797594,9.227038638485327e-31
698820,0.0,-2.7179761840663948e-40,9927.051530792358,0.9967586640797594,9.22549005781181e-31
698880,0.0,-2.7175196282814406e-40,9927.051530792358,0.9967586640797594,9.22394147713829e-31
698940,0.0,-2.7170630724964865e-40,9927.051530792358,0.9967586640797594,9.222392896464774e-31
699000,0.0,-2.7166065167115324e-40,9927.051530792358,0.9967586640797594,9.220844315791254e-31
699060,0.0,-2.716149960926578e-40,9927.051530792358,0.9967586640797594,9.219295735117736e-31
699120,0.0,-2.715693405141624e-40,9927.051530792358,0.9967586640797594,9.217747154444218e-31
699180,0.0,-2.7152368493566695e-40,9927.051530792358,0.9967586640797594,9.2161985737707e-31
699240,0.0,-2.7147802935717154e-40,9927.051530792358,0.9967586640797594,9.214649993097182e-31
699300,0.0,-2.714323737786761e-40,9927.051530792358,0.9967586640797594,9.213101412423664e-31
699360,0.0,-2.713867182001807e-40,9927.051530792358,0.9967586640797594,9.211552831750146e-31
699420,0.0,-2.7134106262168525e-40,9927.051530792358,0.9967586640797594,9.210004251076628e-31
699480,0.0,-2.7129540704318984e-40,9927.051530792358,0.9967586640797594,9.208455670403109e-31
699540,0.0,-2.7124975146469443e-40,9927.051530792358,0.9967586640797594,9.206907089729593e-31
699600,0.0,-2.71204095886199e-40,9927.051530792358,0.9967586640797594,9.205358509056073e-31
699660,0.0,-2.7115844030770356e-40,9927.051530792358,0.9967586640797594,9.203809928382555e-31
699720,0.0,-2.7111278472920814e-40,9927.051530792358,0.9967586640797594,9.202261347709037e-31
699780,0.0,-2.7106712915071273e-40,9927.051530792358,0.9967586640797594,9.20071276703552e-31
699840,0.0,-2.710214735722173e-40,9927.051530792358,0.9967586640797594,9.199164186362001e-31
699900,0.0,-2.7097581799372186e-40,9927.051530792358,0.9967586640797594,9.197615605688482e-31
699960,0.0,-2.709301624152265e-40,9927.051530792358,0.9967586640797594,9.196067025014965e-31
700020,0.0,-2.7088450683673103e-40,9927.051530792358,0.9967586640797594,9.194518444341446e-31
700080,0.0,-2.708388512582356e-40,9927.051530792358,0.9967586640797594,9.192969863667928e-31
700140,0.0,-2.707931956797402e-40,9927.051530792358,0.9967586640797594,9.19142128299441e-31
700200,0.0,-2.707475401012448e-40,9927.051530792358,0.9967586640797594,9.189872702320892e-31
700260,0.0,-2.7070188452274937e-40,9927.051530792358,0.9967586640797594,9.188324121647374e-31
700320,0.0,-2.706562289442539e-40,9927.051530792358,0.9967586640797594,9.186775540973856e-31
700380,0.0,-2.7061057336575854e-40,9927.051530792358,0.9967586640797594,9.185226960300338e-31
700440,0.0,-2.705649177872631e-40,9927.051530792358,0.9967586640797594,9.18367837962682e-31
700500,0.0,-2.7051926220876767e-40,9927.051530792358,0.9967586640797594,9.1821297989533e-31
700560,0.0,-2.7047360663027226e-40,9927.051530792358,0.9967586640797594,9.180581218279784e-31
700620,0.0,-2.7042795105177685e-40,9927.051530792358,0.9967586640797594,9.179032637606265e-31
700680,0.0,-2.703822954732814e-40,9927.051530792358,0.9967586640797594,9.177484056932747e-31
700740,0.0,-2.7033663989478598e-40,9927.051530792358,0.9967586640797594,9.175935476259229e-31
700800,0.0,-2.7029098431629056e-40,9927.051530792358,0.9967586640797594,9.174386895585711e-31
700860,0.0,-2.7024532873779515e-40,9927.051530792358,0.9967586640797594,9.172838314912193e-31
700920,0.0,-2.701996731592997e-40,9927.051530792358,0.9967586640797594,9.171289734238673e-31
700980,0.0,-2.701540175808043e-40,9927.051530792358,0.9967586640797594,9.169741153565157e-31
701040,0.0,-2.7010836200230886e-40,9927.051530792358,0.9967586640797594,9.168192572891637e-31
701100,0.0,-2.7006270642381345e-40,9927.051530792358,0.9967586640797594,9.16664399221812e-31
701160,0.0,-2.7001705084531804e-40,9927.051530792358,0.9967586640797594,9.165095411544602e-31
701220,0.0,-2.6997139526682262e-40,9927.051530792358,0.9967586640797594,9.163546830871084e-31
701280,0.0,-2.6992573968832717e-40,9927.051530792358,0.9967586640797594,9.161998250197566e-31
701340,0.0,-2.6988008410983175e-40,9927.051530792358,0.9967586640797594,9.160449669524048e-31
701400,0.0,-2.6983442853133634e-40,9927.051530792358,0.9967586640797594,9.15890108885053e-31
701460,0.0,-2.6978877295284092e-40,9927.051530792358,0.9967586640797594,9.157352508177012e-31
701520,0.0,-2.6974311737434547e-40,9927.051530792358,0.9967586640797594,9.155803927503492e-31
701580,0.0,-2.696974617958501e-40,9927.051530792358,0.9967586640797594,9.154255346829976e-31
701640,0.0,-2.6965180621735464e-40,9927.051530792358,0.9967586640797594,9.152706766156456e-31
701700,0.0,-2.6960615063885923e-40,9927.051530792358,0.9967586640797594,9.151158185482939e-31
701760,0.0,-2.695604950603638e-40,9927.051530792358,0.9967586640797594,9.14960960480942e-31
701820,0.0,-2.695148394818684e-40,9927.051530792358,0.9967586640797594,9.148061024135903e-31
701880,0.0,-2.69469183903373e-40,9927.051530792358,0.9967586640797594,9.146512443462385e-31
701940,0.0,-2.6942352832487753e-40,9927.051530792358,0.9967586640797594,9.144963862788865e-31
702000,0.0,-2.6937787274638215e-40,9927.051530792358,0.9967586640797594,9.143415282115349e-31
702060,0.0,-2.693322171678867e-40,9927.051530792358,0.9967586640797594,9.14186670144183e-31
702120,0.0,-2.692865615893913e-40,9927.051530792358,0.9967586640797594,9.140318120768311e-31
702180,0.0,-2.6924090601089587e-40,9927.051530792358,0.9967586640797594,9.138769540094793e-31
702240,0.0,-2.6919525043240046e-40,9927.051530792358,0.9967586640797594,9.137220959421275e-31
702300,0.0,-2.69149594853905e-40,9927.051530792358,0.9967586640797594,9.135672378747758e-31
702360,0.0,-2.691039392754096e-40,9927.051530792358,0.9967586640797594,9.13412379807424e-31
702420,0.0,-2.6905828369691417e-40,9927.051530792358,0.9967586640797594,9.132575217400722e-31
702480,0.0,-2.6901262811841876e-40,9927.051530792358,0.9967586640797594,9.131026636727204e-31
702540,0.0,-2.689669725399233e-40,9927.051530792358,0.9967586640797594,9.129478056053684e-31
702600,0.0,-2.6892131696142793e-40,9927.051530792358,0.9967586640797594,9.127929475380168e-31
702660,0.0,-2.6887566138293247e-40,9927.051530792358,0.9967586640797594,9.126380894706648e-31
702720,0.0,-2.6883000580443706e-40,9927.051530792358,0.9967586640797594,9.12483231403313e-31
702780,0.0,-2.6878435022594165e-40,9927.051530792358,0.9967586640797594,9.123283733359612e-31
702840,0.0,-2.6873869464744623e-40,9927.051530792358,0.9967586640797594,9.121735152686094e-31
702900,0.0,-2.6869303906895078e-40,9927.051530792358,0.9967586640797594,9.120186572012577e-31
702960,0.0,-2.6864738349045536e-40,9927.051530792358,0.9967586640797594,9.118637991339057e-31
703020,0.0,-2.6860172791195995e-40,9927.051530792358,0.9967586640797594,9.11708941066554e-31
703080,0.0,-2.6855607233346453e-40,9927.051530792358,0.9967586640797594,9.115540829992021e-31
703140,0.0,-2.685104167549691e-40,9927.051530792358,0.9967586640797594,9.113992249318503e-31
703200,0.0,-2.684647611764737e-40,9927.051530792358,0.9967586640797594,9.112443668644985e-31
703260,0.0,-2.6841910559797825e-40,9927.051530792358,0.9967586640797594,9.110895087971467e-31
703320,0.0,-2.6837345001948283e-40,9927.051530792358,0.9967586640797594,9.10934650729795e-31
703380,0.0,-2.683277944409874e-40,9927.051530792358,0.9967586640797594,9.107797926624431e-31
703440,0.0,-2.68282138862492e-40,9927.051530792358,0.9967586640797594,9.106249345950913e-31
703500,0.0,-2.682364832839966e-40,9927.051530792358,0.9967586640797594,9.104700765277396e-31
703560,0.0,-2.6819082770550114e-40,9927.051530792358,0.9967586640797594,9.103152184603876e-31
703620,0.0,-2.6814517212700576e-40,9927.051530792358,0.9967586640797594,9.10160360393036e-31
703680,0.0,-2.680995165485103e-40,9927.051530792358,0.9967586640797594,9.10005502325684e-31
703740,0.0,-2.680538609700149e-40,9927.051530792358,0.9967586640797594,9.098506442583322e-31
703800,0.0,-2.6800820539151948e-40,9927.051530792358,0.9967586640797594,9.096957861909804e-31
703860,0.0,-2.6796254981302407e-40,9927.051530792358,0.9967586640797594,9.095409281236286e-31
703920,0.0,-2.679168942345286e-40,9927.051530792358,0.9967586640797594,9.093860700562768e-31
703980,0.0,-2.678712386560332e-40,9927.051530792358,0.9967586640797594,9.092312119889249e-31
704040,0.0,-2.678255830775378e-40,9927.051530792358,0.9967586640797594,9.090763539215732e-31
704100,0.0,-2.6777992749904237e-40,9927.051530792358,0.9967586640797594,9.089214958542213e-31
704160,0.0,-2.677342719205469e-40,9927.051530792358,0.9967586640797594,9.087666377868695e-31
704220,0.0,-2.6768861634205154e-40,9927.051530792358,0.9967586640797594,9.086117797195177e-31
704280,0.0,-2.676429607635561e-40,9927.051530792358,0.9967586640797594,9.084569216521659e-31
704340,0.0,-2.6759730518506067e-40,9927.051530792358,0.9967586640797594,9.083020635848141e-31
704400,0.0,-2.675516496065652e-40,9927.051530792358,0.9967586640797594,9.081472055174623e-31
704460,0.0,-2.6750599402806984e-40,9927.051530792358,0.9967586640797594,9.079923474501105e-31
704520,0.0,-2.674603384495744e-40,9927.051530792358,0.9967586640797594,9.078374893827587e-31
704580,0.0,-2.6741468287107897e-40,9927.051530792358,0.9967586640797594,9.076826313154068e-31
704640,0.0,-2.6736902729258356e-40,9927.051530792358,0.9967586640797594,9.075277732480551e-31
704700,0.0,-2.6732337171408814e-40,9927.051530792358,0.9967586640797594,9.073729151807032e-31
704760,0.0,-2.6727771613559273e-40,9927.051530792358,0.9967586640797594,9.072180571133514e-31
704820,0.0,-2.672320605570973e-40,9927.051530792358,0.9967586640797594,9.070631990459996e-31
704880,0.0,-2.671864049786019e-40,9927.051530792358,0.9967586640797594,9.069083409786478e-31
704940,0.0,-2.6714074940010644e-40,9927.051530792358,0.9967586640797594,9.06753482911296e-31
705000,0.0,-2.6709509382161103e-40,9927.051530792358,0.9967586640797594,9.06598624843944e-31
705060,0.0,-2.670494382431156e-40,9927.051530792358,0.9967586640797594,9.064437667765924e-31
705120,0.0,-2.670037826646202e-40,9927.051530792358,0.9967586640797594,9.062889087092405e-31
705180,0.0,-2.6695812708612475e-40,9927.051530792358,0.9967586640797594,9.061340506418887e-31
705240,0.0,-2.6691247150762937e-40,9927.051530792358,0.9967586640797594,9.059791925745369e-31
705300,0.0,-2.668668159291339e-40,9927.051530792358,0.9967586640797594,9.05824334507185e-31
705360,0.0,-2.668211603506385e-40,9927.051530792358,0.9967586640797594,9.056694764398333e-31
705420,0.0,-2.6677550477214305e-40,9927.051530792358,0.9967586640797594,9.055146183724815e-31
705480,0.0,-2.6672984919364767e-40,9927.051530792358,0.9967586640797594,9.053597603051297e-31
705540,0.0,-2.666841936151522e-40,9927.051530792358,0.9967586640797594,9.052049022377779e-31
705600,0.0,-2.666385380366568e-40,9927.051530792358,0.9967586640797594,9.05050044170426e-31
705660,0.0,-2.665928824581614e-40,9927.051530792358,0.9967586640797594,9.048951861030743e-31
705720,0.0,-2.6654722687966598e-40,9927.051530792358,0.9967586640797594,9.047403280357224e-31
705780,0.0,-2.6650157130117052e-40,9927.051530792358,0.9967586640797594,9.045854699683706e-31
705840,0.0,-2.6645591572267515e-40,9927.051530792358,0.9967586640797594,9.044306119010188e-31
705900,0.0,-2.664102601441797e-40,9927.051530792358,0.9967586640797594,9.04275753833667e-31
705960,0.0,-2.6636460456568428e-40,9927.051530792358,0.9967586640797594,9.041208957663152e-31
706020,0.0,-2.6631894898718882e-40,9927.051530792358,0.9967586640797594,9.039660376989632e-31
706080,0.0,-2.6627329340869345e-40,9927.051530792358,0.9967586640797594,9.038111796316116e-31
706140,0.0,-2.66227637830198e-40,9927.051530792358,0.9967586640797594,9.036563215642596e-31
706200,0.0,-2.661819822517026e-40,9927.051530792358,0.9967586640797594,9.035014634969078e-31
706260,0.0,-2.6613632667320717e-40,9927.051530792358,0.9967586640797594,9.03346605429556e-31
706320,0.0,-2.6609067109471175e-40,9927.051530792358,0.9967586640797594,9.031917473622043e-31
706380,0.0,-2.6604501551621634e-40,9927.051530792358,0.9967586640797594,9.030368892948525e-31
706440,0.0,-2.6599935993772092e-40,9927.051530792358,0.9967586640797594,9.028820312275007e-31
706500,0.0,-2.659537043592255e-40,9927.051530792358,0.9967586640797594,9.027271731601489e-31
706560,0.0,-2.6590804878073005e-40,9927.051530792358,0.9967586640797594,9.02572315092797e-31
706620,0.0,-2.6586239320223464e-40,9927.051530792358,0.9967586640797594,9.024174570254451e-31
706680,0.0,-2.6581673762373923e-40,9927.051530792358,0.9967586640797594,9.022625989580935e-31
706740,0.0,-2.657710820452438e-40,9927.051530792358,0.9967586640797594,9.021077408907415e-31
706800,0.0,-2.6572542646674836e-40,9927.051530792358,0.9967586640797594,9.019528828233897e-31
706860,0.0,-2.65679770888253e-40,9927.051530792358,0.9967586640797594,9.01798024756038e-31
706920,0.0,-2.6563411530975753e-40,9927.051530792358,0.9967586640797594,9.016431666886862e-31
706980,0.0,-2.655884597312621e-40,9927.051530792358,0.9967586640797594,9.014883086213344e-31
707040,0.0,-2.6554280415276666e-40,9927.051530792358,0.9967586640797594,9.013334505539824e-31
707100,0.0,-2.654971485742713e-40,9927.051530792358,0.9967586640797594,9.011785924866308e-31
707160,0.0,-2.6545149299577583e-40,9927.051530792358,0.9967586640797594,9.010237344192788e-31
707220,0.0,-2.654058374172804e-40,9927.051530792358,0.9967586640797594,9.00868876351927e-31
707280,0.0,-2.65360181838785e-40,9927.051530792358,0.9967586640797594,9.007140182845752e-31
707340,0.0,-2.653145262602896e-40,9927.051530792358,0.9967586640797594,9.005591602172234e-31
707400,0.0,-2.6526887068179413e-40,9927.051530792358,0.9967586640797594,9.004043021498716e-31
707460,0.0,-2.6522321510329876e-40,9927.051530792358,0.9967586640797594,9.002494440825198e-31
707520,0.0,-2.651775595248033e-40,9927.051530792358,0.9967586640797594,9.00094586015168e-31
707580,0.0,-2.651319039463079e-40,9927.051530792358,0.9967586640797594,8.999397279478163e-31
707640,0.0,-2.6508624836781247e-40,9927.051530792358,0.9967586640797594,8.997848698804643e-31
707700,0.0,-2.6504059278931706e-40,9927.051530792358,0.9967586640797594,8.996300118131127e-31
707760,0.0,-2.649949372108216e-40,9927.051530792358,0.9967586640797594,8.994751537457607e-31
707820,0.0,-2.649492816323262e-40,9927.051530792358,0.9967586640797594,8.99320295678409e-31
707880,0.0,-2.6490362605383078e-40,9927.051530792358,0.9967586640797594,8.991654376110571e-31
707940,0.0,-2.6485797047533536e-40,9927.051530792358,0.9967586640797594,8.990105795437053e-31
708000,0.0,-2.6481231489683995e-40,9927.051530792358,0.9967586640797594,8.988557214763535e-31
708060,0.0,-2.647666593183445e-40,9927.051530792358,0.9967586640797594,8.987008634090016e-31
708120,0.0,-2.647210037398491e-40,9927.051530792358,0.9967586640797594,8.9854600534165e-31
708180,0.0,-2.6467534816135366e-40,9927.051530792358,0.9967586640797594,8.98391147274298e-31
708240,0.0,-2.6462969258285825e-40,9927.051530792358,0.9967586640797594,8.982362892069462e-31
708300,0.0,-2.6458403700436284e-40,9927.051530792358,0.9967586640797594,8.980814311395944e-31
708360,0.0,-2.6453838142586742e-40,9927.051530792358,0.9967586640797594,8.979265730722426e-31
708420,0.0,-2.6449272584737197e-40,9927.051530792358,0.9967586640797594,8.977717150048908e-31
708480,0.0,-2.644470702688766e-40,9927.051530792358,0.9967586640797594,8.97616856937539e-31
708540,0.0,-2.6440141469038114e-40,9927.051530792358,0.9967586640797594,8.974619988701872e-31
708600,0.0,-2.6435575911188572e-40,9927.051530792358,0.9967586640797594,8.973071408028354e-31
708660,0.0,-2.6431010353339027e-40,9927.051530792358,0.9967586640797594,8.971522827354835e-31
708720,0.0,-2.642644479548949e-40,9927.051530792358,0.9967586640797594,8.969974246681319e-31
708780,0.0,-2.6421879237639944e-40,9927.051530792358,0.9967586640797594,8.968425666007799e-31
708840,0.0,-2.6417313679790402e-40,9927.051530792358,0.9967586640797594,8.966877085334281e-31
708900,0.0,-2.641274812194086e-40,9927.051530792358,0.9967586640797594,8.965328504660763e-31
708960,0.0,-2.640818256409132e-40,9927.051530792358,0.9967586640797594,8.963779923987245e-31
709020,0.0,-2.6403617006241774e-40,9927.051530792358,0.9967586640797594,8.962231343313727e-31
709080,0.0,-2.6399051448392233e-40,9927.051530792358,0.9967586640797594,8.960682762640207e-31
709140,0.0,-2.639448589054269e-40,9927.051530792358,0.9967586640797594,8.959134181966691e-31
709200,0.0,-2.638992033269315e-40,9927.051530792358,0.9967586640797594,8.957585601293172e-31
709260,0.0,-2.638535477484361e-40,9927.051530792358,0.9967586640797594,8.956037020619654e-31
709320,0.0,-2.6380789216994067e-40,9927.051530792358,0.9967586640797594,8.954488439946136e-31
709380,0.0,-2.6376223659144526e-40,9927.051530792358,0.9967586640797594,8.952939859272618e-31
709440,0.0,-2.637165810129498e-40,9927.051530792358,0.9967586640797594,8.9513912785991e-31
709500,0.0,-2.6367092543445443e-40,9927.051530792358,0.9967586640797594,8.949842697925582e-31
709560,0.0,-2.6362526985595897e-40,9927.051530792358,0.9967586640797594,8.948294117252064e-31
709620,0.0,-2.6357961427746356e-40,9927.051530792358,0.9967586640797594,8.946745536578546e-31
709680,0.0,-2.635339586989681e-40,9927.051530792358,0.9967586640797594,8.945196955905026e-31
709740,0.0,-2.6348830312047273e-40,9927.051530792358,0.9967586640797594,8.94364837523151e-31
709800,0.0,-2.6344264754197727e-40,9927.051530792358,0.9967586640797594,8.94209979455799e-31
709860,0.0,-2.6339699196348186e-40,9927.051530792358,0.9967586640797594,8.940551213884473e-31
709920,0.0,-2.6335133638498644e-40,9927.051530792358,0.9967586640797594,8.939002633210955e-31
709980,0.0,-2.6330568080649103e-40,9927.051530792358,0.9967586640797594,8.937454052537437e-31
710040,0.0,-2.6326002522799558e-40,9927.051530792358,0.9967586640797594,8.935905471863919e-31
710100,0.0,-2.6321436964950016e-40,9927.051530792358,0.9967586640797594,8.9343568911904e-31
710160,0.0,-2.6316871407100475e-40,9927.051530792358,0.9967586640797594,8.932808310516883e-31
710220,0.0,-2.6312305849250933e-40,9927.051530792358,0.9967586640797594,8.931259729843363e-31
710280,0.0,-2.6307740291401388e-40,9927.051530792358,0.9967586640797594,8.929711149169845e-31
710340,0.0,-2.630317473355185e-40,9927.051530792358,0.9967586640797594,8.928162568496328e-31
710400,0.0,-2.6298609175702305e-40,9927.051530792358,0.9967586640797594,8.92661398782281e-31
710460,0.0,-2.6294043617852763e-40,9927.051530792358,0.9967586640797594,8.925065407149292e-31
710520,0.0,-2.628947806000322e-40,9927.051530792358,0.9967586640797594,8.923516826475774e-31
710580,0.0,-2.628491250215368e-40,9927.051530792358,0.9967586640797594,8.921968245802256e-31
710640,0.0,-2.6280346944304135e-40,9927.051530792358,0.9967586640797594,8.920419665128738e-31
710700,0.0,-2.6275781386454594e-40,9927.051530792358,0.9967586640797594,8.918871084455218e-31
710760,0.0,-2.6271215828605052e-40,9927.051530792358,0.9967586640797594,8.917322503781702e-31
710820,0.0,-2.626665027075551e-40,9927.051530792358,0.9967586640797594,8.915773923108182e-31
710880,0.0,-2.626208471290597e-40,9927.051530792358,0.9967586640797594,8.914225342434664e-31
710940,0.0,-2.6257519155056428e-40,9927.051530792358,0.9967586640797594,8.912676761761147e-31
711000,0.0,-2.6252953597206886e-40,9927.051530792358,0.9967586640797594,8.911128181087629e-31
711060,0.0,-2.624838803935734e-40,9927.051530792358,0.9967586640797594,8.90957960041411e-31
711120,0.0,-2.62438224815078e-40,9927.051530792358,0.9967586640797594,8.908031019740591e-31
711180,0.0,-2.623925692365826e-40,9927.051530792358,0.9967586640797594,8.906482439067075e-31
711240,0.0,-2.6234691365808717e-40,9927.051530792358,0.9967586640797594,8.904933858393555e-31
711300,0.0,-2.623012580795917e-40,9927.051530792358,0.9967586640797594,8.903385277720037e-31
711360,0.0,-2.6225560250109634e-40,9927.051530792358,0.9967586640797594,8.90183669704652e-31
711420,0.0,-2.622099469226009e-40,9927.051530792358,0.9967586640797594,8.900288116373001e-31
711480,0.0,-2.6216429134410547e-40,9927.051530792358,0.9967586640797594,8.898739535699483e-31
711540,0.0,-2.6211863576561005e-40,9927.051530792358,0.9967586640797594,8.897190955025966e-31
711600,0.0,-2.6207298018711464e-40,9927.051530792358,0.9967586640797594,8.895642374352448e-31
711660,0.0,-2.620273246086192e-40,9927.051530792358,0.9967586640797594,8.89409379367893e-31
711720,0.0,-2.6198166903012377e-40,9927.051530792358,0.9967586640797594,8.89254521300541e-31
711780,0.0,-2.6193601345162836e-40,9927.051530792358,0.9967586640797594,8.890996632331894e-31
711840,0.0,-2.6189035787313294e-40,9927.051530792358,0.9967586640797594,8.889448051658374e-31
711900,0.0,-2.618447022946375e-40,9927.051530792358,0.9967586640797594,8.887899470984856e-31
711960,0.0,-2.617990467161421e-40,9927.051530792358,0.9967586640797594,8.886350890311338e-31
712020,0.0,-2.6175339113764666e-40,9927.051530792358,0.9967586640797594,8.88480230963782e-31
712080,0.0,-2.6170773555915124e-40,9927.051530792358,0.9967586640797594,8.883253728964302e-31
712140,0.0,-2.6166207998065583e-40,9927.051530792358,0.9967586640797594,8.881705148290785e-31
712200,0.0,-2.616164244021604e-40,9927.051530792358,0.9967586640797594,8.880156567617267e-31
712260,0.0,-2.61570768823665e-40,9927.051530792358,0.9967586640797594,8.878607986943747e-31
712320,0.0,-2.6152511324516955e-40,9927.051530792358,0.9967586640797594,8.877059406270229e-31
712380,0.0,-2.6147945766667413e-40,9927.051530792358,0.9967586640797594,8.875510825596711e-31
712440,0.0,-2.614338020881787e-40,9927.051530792358,0.9967586640797594,8.873962244923193e-31
712500,0.0,-2.613881465096833e-40,9927.051530792358,0.9967586640797594,8.872413664249675e-31
712560,0.0,-2.613424909311879e-40,9927.051530792358,0.9967586640797594,8.870865083576157e-31
712620,0.0,-2.6129683535269247e-40,9927.051530792358,0.9967586640797594,8.86931650290264e-31
712680,0.0,-2.61251179774197e-40,9927.051530792358,0.9967586640797594,8.867767922229121e-31
712740,0.0,-2.612055241957016e-40,9927.051530792358,0.9967586640797594,8.866219341555602e-31
712800,0.0,-2.611598686172062e-40,9927.051530792358,0.9967586640797594,8.864670760882086e-31
712860,0.0,-2.6111421303871078e-40,9927.051530792358,0.9967586640797594,8.863122180208566e-31
712920,0.0,-2.6106855746021532e-40,9927.051530792358,0.9967586640797594,8.861573599535048e-31
712980,0.0,-2.6102290188171995e-40,9927.051530792358,0.9967586640797594,8.86002501886153e-31
713040,0.0,-2.609772463032245e-40,9927.051530792358,0.9967586640797594,8.858476438188012e-31
713100,0.0,-2.6093159072472908e-40,9927.051530792358,0.9967586640797594,8.856927857514494e-31
713160,0.0,-2.6088593514623366e-40,9927.051530792358,0.9967586640797594,8.855379276840976e-31
713220,0.0,-2.6084027956773825e-40,9927.051530792358,0.9967586640797594,8.853830696167458e-31
713280,0.0,-2.607946239892428e-40,9927.051530792358,0.9967586640797594,8.852282115493939e-31
713340,0.0,-2.607489684107474e-40,9927.051530792358,0.9967586640797594,8.85073353482042e-31
713400,0.0,-2.6070331283225197e-40,9927.051530792358,0.9967586640797594,8.849184954146903e-31
713460,0.0,-2.6065765725375655e-40,9927.051530792358,0.9967586640797594,8.847636373473385e-31
713520,0.0,-2.606120016752611e-40,9927.051530792358,0.9967586640797594,8.846087792799867e-31
713580,0.0,-2.6056634609676572e-40,9927.051530792358,0.9967586640797594,8.844539212126349e-31
713640,0.0,-2.6052069051827027e-40,9927.051530792358,0.9967586640797594,8.842990631452831e-31
713700,0.0,-2.6047503493977485e-40,9927.051530792358,0.9967586640797594,8.841442050779313e-31
713760,0.0,-2.6042937936127944e-40,9927.051530792358,0.9967586640797594,8.839893470105794e-31
713820,0.0,-2.6038372378278403e-40,9927.051530792358,0.9967586640797594,8.838344889432277e-31
713880,0.0,-2.603380682042886e-40,9927.051530792358,0.9967586640797594,8.836796308758758e-31
713940,0.0,-2.6029241262579316e-40,9927.051530792358,0.9967586640797594,8.83524772808524e-31
714000,0.0,-2.602467570472978e-40,9927.051530792358,0.9967586640797594,8.833699147411722e-31
714060,0.0,-2.6020110146880233e-40,9927.051530792358,0.9967586640797594,8.832150566738204e-31
714120,0.0,-2.601554458903069e-40,9927.051530792358,0.9967586640797594,8.830601986064686e-31
714180,0.0,-2.601097903118115e-40,9927.051530792358,0.9967586640797594,8.829053405391168e-31
714240,0.0,-2.600641347333161e-40,9927.051530792358,0.9967586640797594,8.82750482471765e-31
714300,0.0,-2.6001847915482063e-40,9927.051530792358,0.9967586640797594,8.82595624404413e-31
714360,0.0,-2.599728235763252e-40,9927.051530792358,0.9967586640797594,8.824407663370613e-31
714420,0.0,-2.599271679978298e-40,9927.051530792358,0.9967586640797594,8.822859082697095e-31
714480,0.0,-2.598815124193344e-40,9927.051530792358,0.9967586640797594,8.821310502023577e-31
714540,0.0,-2.5983585684083893e-40,9927.051530792358,0.9967586640797594,8.819761921350059e-31
714600,0.0,-2.5979020126234356e-40,9927.051530792358,0.9967586640797594,8.81821334067654e-31
714660,0.0,-2.597445456838481e-40,9927.051530792358,0.9967586640797594,8.816664760003023e-31
714720,0.0,-2.596988901053527e-40,9927.051530792358,0.9967586640797594,8.815116179329505e-31
714780,0.0,-2.5965323452685723e-40,9927.051530792358,0.9967586640797594,8.813567598655985e-31
714840,0.0,-2.5960757894836186e-40,9927.051530792358,0.9967586640797594,8.81201901798247e-31
714900,0.0,-2.595619233698664e-40,9927.051530792358,0.9967586640797594,8.81047043730895e-31
714960,0.0,-2.59516267791371e-40,9927.051530792358,0.9967586640797594,8.808921856635432e-31
715020,0.0,-2.5947061221287558e-40,9927.051530792358,0.9967586640797594,8.807373275961914e-31
715080,0.0,-2.5942495663438016e-40,9927.051530792358,0.9967586640797594,8.805824695288396e-31
715140,0.0,-2.593793010558847e-40,9927.051530792358,0.9967586640797594,8.804276114614878e-31
715200,0.0,-2.5933364547738933e-40,9927.051530792358,0.9967586640797594,8.80272753394136e-31
715260,0.0,-2.5928798989889388e-40,9927.051530792358,0.9967586640797594,8.801178953267842e-31
715320,0.0,-2.5924233432039846e-40,9927.051530792358,0.9967586640797594,8.799630372594322e-31
715380,0.0,-2.5919667874190305e-40,9927.051530792358,0.9967586640797594,8.798081791920804e-31
715440,0.0,-2.5915102316340763e-40,9927.051530792358,0.9967586640797594,8.796533211247286e-31
715500,0.0,-2.5910536758491222e-40,9927.051530792358,0.9967586640797594,8.794984630573768e-31
715560,0.0,-2.5905971200641677e-40,9927.051530792358,0.9967586640797594,8.79343604990025e-31
715620,0.0,-2.590140564279214e-40,9927.051530792358,0.9967586640797594,8.791887469226733e-31
715680,0.0,-2.5896840084942594e-40,9927.051530792358,0.9967586640797594,8.790338888553215e-31
715740,0.0,-2.5892274527093052e-40,9927.051530792358,0.9967586640797594,8.788790307879697e-31
715800,0.0,-2.5887708969243507e-40,9927.051530792358,0.9967586640797594,8.787241727206177e-31
715860,0.0,-2.588314341139397e-40,9927.051530792358,0.9967586640797594,8.785693146532661e-31
715920,0.0,-2.5878577853544424e-40,9927.051530792358,0.9967586640797594,8.784144565859141e-31
715980,0.0,-2.5874012295694882e-40,9927.051530792358,0.9967586640797594,8.782595985185623e-31
716040,0.0,-2.586944673784534e-40,9927.051530792358,0.9967586640797594,8.781047404512105e-31
716100,0.0,-2.58648811799958e-40,9927.051530792358,0.9967586640797594,8.779498823838587e-31
716160,0.0,-2.5860315622146254e-40,9927.051530792358,0.9967586640797594,8.77795024316507e-31
716220,0.0,-2.5855750064296717e-40,9927.051530792358,0.9967586640797594,8.776401662491552e-31
716280,0.0,-2.585118450644717e-40,9927.051530792358,0.9967586640797594,8.774853081818034e-31
716340,0.0,-2.584661894859763e-40,9927.051530792358,0.9967586640797594,8.773304501144514e-31
716400,0.0,-2.5842053390748084e-40,9927.051530792358,0.9967586640797594,8.771755920470996e-31
716460,0.0,-2.5837487832898547e-40,9927.051530792358,0.9967586640797594,8.770207339797478e-31
716520,0.0,-2.5832922275049e-40,9927.051530792358,0.9967586640797594,8.76865875912396e-31
716580,0.0,-2.582835671719946e-40,9927.051530792358,0.9967586640797594,8.767110178450442e-31
716640,0.0,-2.582379115934992e-40,9927.051530792358,0.9967586640797594,8.765561597776924e-31
716700,0.0,-2.5819225601500377e-40,9927.051530792358,0.9967586640797594,8.764013017103406e-31
716760,0.0,-2.5814660043650836e-40,9927.051530792358,0.9967586640797594,8.762464436429889e-31
716820,0.0,-2.5810094485801294e-40,9927.051530792358,0.9967586640797594,8.76091585575637e-31
716880,0.0,-2.5805528927951753e-40,9927.051530792358,0.9967586640797594,8.759367275082853e-31
716940,0.0,-2.5800963370102207e-40,9927.051530792358,0.9967586640797594,8.757818694409333e-31
717000,0.0,-2.5796397812252666e-40,9927.051530792358,0.9967586640797594,8.756270113735815e-31
717060,0.0,-2.5791832254403124e-40,9927.051530792358,0.9967586640797594,8.754721533062297e-31
717120,0.0,-2.5787266696553583e-40,9927.051530792358,0.9967586640797594,8.75317295238878e-31
717180,0.0,-2.5782701138704037e-40,9927.051530792358,0.9967586640797594,8.751624371715261e-31
717240,0.0,-2.57781355808545e-40,9927.051530792358,0.9967586640797594,8.750075791041743e-31
717300,0.0,-2.5773570023004955e-40,9927.051530792358,0.9967586640797594,8.748527210368225e-31
717360,0.0,-2.5769004465155413e-40,9927.051530792358,0.9967586640797594,8.746978629694706e-31
717420,0.0,-2.5764438907305868e-40,9927.051530792358,0.9967586640797594,8.745430049021188e-31
717480,0.0,-2.575987334945633e-40,9927.051530792358,0.9967586640797594,8.74388146834767e-31
717540,0.0,-2.5755307791606785e-40,9927.051530792358,0.9967586640797594,8.742332887674152e-31
717600,0.0,-2.5750742233757243e-40,9927.051530792358,0.9967586640797594,8.740784307000634e-31
717660,0.0,-2.57461766759077e-40,9927.051530792358,0.9967586640797594,8.739235726327116e-31
717720,0.0,-2.574161111805816e-40,9927.051530792358,0.9967586640797594,8.737687145653598e-31
717780,0.0,-2.5737045560208615e-40,9927.051530792358,0.9967586640797594,8.73613856498008e-31
717840,0.0,-2.5732480002359078e-40,9927.051530792358,0.9967586640797594,8.734589984306562e-31
717900,0.0,-2.5727914444509532e-40,9927.051530792358,0.9967586640797594,8.733041403633044e-31
717960,0.0,-2.572334888665999e-40,9927.051530792358,0.9967586640797594,8.731492822959525e-31
718020,0.0,-2.5718783328810445e-40,9927.051530792358,0.9967586640797594,8.729944242286007e-31
718080,0.0,-2.5714217770960908e-40,9927.051530792358,0.9967586640797594,8.728395661612489e-31
718140,0.0,-2.5709652213111362e-40,9927.051530792358,0.9967586640797594,8.726847080938971e-31
718200,0.0,-2.570508665526182e-40,9927.051530792358,0.9967586640797594,8.725298500265453e-31
718260,0.0,-2.570052109741228e-40,9927.051530792358,0.9967586640797594,8.723749919591935e-31
718320,0.0,-2.569595553956274e-40,9927.051530792358,0.9967586640797594,8.722201338918417e-31
718380,0.0,-2.5691389981713197e-40,9927.051530792358,0.9967586640797594,8.720652758244898e-31
718440,0.0,-2.568682442386365e-40,9927.051530792358,0.9967586640797594,8.71910417757138e-31
718500,0.0,-2.5682258866014114e-40,9927.051530792358,0.9967586640797594,8.717555596897862e-31
718560,0.0,-2.567769330816457e-40,9927.051530792358,0.9967586640797594,8.716007016224344e-31
718620,0.0,-2.5673127750315027e-40,9927.051530792358,0.9967586640797594,8.714458435550826e-31
718680,0.0,-2.5668562192465485e-40,9927.051530792358,0.9967586640797594,8.712909854877308e-31
718740,0.0,-2.5663996634615944e-40,9927.051530792358,0.9967586640797594,8.71136127420379e-31
718800,0.0,-2.56594310767664e-40,9927.051530792358,0.9967586640797594,8.709812693530272e-31
718860,0.0,-2.565486551891686e-40,9927.051530792358,0.9967586640797594,8.708264112856754e-31
718920,0.0,-2.5650299961067316e-40,9927.051530792358,0.9967586640797594,8.706715532183236e-31
718980,0.0,-2.5645734403217774e-40,9927.051530792358,0.9967586640797594,8.705166951509717e-31
719040,0.0,-2.564116884536823e-40,9927.051530792358,0.9967586640797594,8.703618370836199e-31
719100,0.0,-2.563660328751869e-40,9927.051530792358,0.9967586640797594,8.70206979016268e-31
719160,0.0,-2.5632037729669146e-40,9927.051530792358,0.9967586640797594,8.700521209489163e-31
719220,0.0,-2.5627472171819604e-40,9927.051530792358,0.9967586640797594,8.698972628815645e-31
719280,0.0,-2.5622906613970063e-40,9927.051530792358,0.9967586640797594,8.697424048142127e-31
719340,0.0,-2.561834105612052e-40,9927.051530792358,0.9967586640797594,8.695875467468609e-31
719400,0.0,-2.5613775498270976e-40,9927.051530792358,0.9967586640797594,8.69432688679509e-31
719460,0.0,-2.5609209940421435e-40,9927.051530792358,0.9967586640797594,8.692778306121571e-31
719520,0.0,-2.5604644382571893e-40,9927.051530792358,0.9967586640797594,8.691229725448053e-31
719580,0.0,-2.560007882472235e-40,9927.051530792358,0.9967586640797594,8.689681144774536e-31
719640,0.0,-2.559551326687281e-40,9927.051530792358,0.9967586640797594,8.688132564101018e-31
719700,0.0,-2.559094770902327e-40,9927.051530792358,0.9967586640797594,8.6865839834275e-31
719760,0.0,-2.5586382151173723e-40,9927.051530792358,0.9967586640797594,8.685035402753982e-31
719820,0.0,-2.558181659332418e-40,9927.051530792358,0.9967586640797594,8.683486822080464e-31
719880,0.0,-2.557725103547464e-40,9927.051530792358,0.9967586640797594,8.681938241406946e-31
719940,0.0,-2.55726854776251e-40,9927.051530792358,0.9967586640797594,8.680389660733428e-31
720000,0.0,-2.5568119919775558e-40,9927.051530792358,0.9967586640797594,8.678841080059908e-31
720060,0.0,-2.5563554361926012e-40,9927.051530792358,0.9967586640797594,8.67729249938639e-31
720120,0.0,-2.5558988804076475e-40,9927.051530792358,0.9967586640797594,8.675743918712872e-31
720180,0.0,-2.555442324622693e-40,9927.051530792358,0.9967586640797594,8.674195338039355e-31
720240,0.0,-2.5549857688377388e-40,9927.051530792358,0.9967586640797594,8.672646757365837e-31
720300,0.0,-2.5545292130527846e-40,9927.051530792358,0.9967586640797594,8.671098176692319e-31
720360,0.0,-2.5540726572678305e-40,9927.051530792358,0.9967586640797594,8.6695495960188e-31
720420,0.0,-2.553616101482876e-40,9927.051530792358,0.9967586640797594,8.668001015345281e-31
720480,0.0,-2.553159545697922e-40,9927.051530792358,0.9967586640797594,8.666452434671763e-31
720540,0.0,-2.5527029899129677e-40,9927.051530792358,0.9967586640797594,8.664903853998245e-31
720600,0.0,-2.5522464341280135e-40,9927.051530792358,0.9967586640797594,8.663355273324727e-31
720660,0.0,-2.551789878343059e-40,9927.051530792358,0.9967586640797594,8.66180669265121e-31
720720,0.0,-2.5513333225581052e-40,9927.051530792358,0.9967586640797594,8.660258111977691e-31
720780,0.0,-2.5508767667731507e-40,9927.051530792358,0.9967586640797594,8.658709531304174e-31
720840,0.0,-2.5504202109881965e-40,9927.051530792358,0.9967586640797594,8.657160950630656e-31
720900,0.0,-2.5499636552032424e-40,9927.051530792358,0.9967586640797594,8.655612369957138e-31
720960,0.0,-2.5495070994182882e-40,9927.051530792358,0.9967586640797594,8.65406378928362e-31
721020,0.0,-2.5490505436333337e-40,9927.051530792358,0.9967586640797594,8.6525152086101e-31
721080,0.0,-2.5485939878483796e-40,9927.051530792358,0.9967586640797594,8.650966627936582e-31
721140,0.0,-2.5481374320634254e-40,9927.051530792358,0.9967586640797594,8.649418047263064e-31
721200,0.0,-2.5476808762784713e-40,9927.051530792358,0.9967586640797594,8.647869466589546e-31
721260,0.0,-2.547224320493517e-40,9927.051530792358,0.9967586640797594,8.646320885916028e-31
721320,0.0,-2.546767764708563e-40,9927.051530792358,0.9967586640797594,8.64477230524251e-31
721380,0.0,-2.546311208923609e-40,9927.051530792358,0.9967586640797594,8.643223724568993e-31
721440,0.0,-2.5458546531386543e-40,9927.051530792358,0.9967586640797594,8.641675143895473e-31
721500,0.0,-2.5453980973537e-40,9927.051530792358,0.9967586640797594,8.640126563221955e-31
721560,0.0,-2.544941541568746e-40,9927.051530792358,0.9967586640797594,8.638577982548437e-31
721620,0.0,-2.544484985783792e-40,9927.051530792358,0.9967586640797594,8.637029401874919e-31
721680,0.0,-2.5440284299988373e-40,9927.051530792358,0.9967586640797594,8.635480821201401e-31
721740,0.0,-2.5435718742138836e-40,9927.051530792358,0.9967586640797594,8.633932240527883e-31
721800,0.0,-2.543115318428929e-40,9927.051530792358,0.9967586640797594,8.632383659854365e-31
721860,0.0,-2.542658762643975e-40,9927.051530792358,0.9967586640797594,8.630835079180847e-31
721920,0.0,-2.5422022068590207e-40,9927.051530792358,0.9967586640797594,8.62928649850733e-31
721980,0.0,-2.5417456510740666e-40,9927.051530792358,0.9967586640797594,8.627737917833812e-31
722040,0.0,-2.541289095289112e-40,9927.051530792358,0.9967586640797594,8.626189337160292e-31
722100,0.0,-2.540832539504158e-40,9927.051530792358,0.9967586640797594,8.624640756486774e-31
722160,0.0,-2.5403759837192038e-40,9927.051530792358,0.9967586640797594,8.623092175813256e-31
722220,0.0,-2.5399194279342496e-40,9927.051530792358,0.9967586640797594,8.621543595139738e-31
722280,0.0,-2.539462872149295e-40,9927.051530792358,0.9967586640797594,8.61999501446622e-31
722340,0.0,-2.5390063163643413e-40,9927.051530792358,0.9967586640797594,8.618446433792702e-31
722400,0.0,-2.5385497605793868e-40,9927.051530792358,0.9967586640797594,8.616897853119184e-31
722460,0.0,-2.5380932047944326e-40,9927.051530792358,0.9967586640797594,8.615349272445665e-31
722520,0.0,-2.5376366490094785e-40,9927.051530792358,0.9967586640797594,8.613800691772148e-31
722580,0.0,-2.5371800932245243e-40,9927.051530792358,0.9967586640797594,8.612252111098629e-31
722640,0.0,-2.5367235374395698e-40,9927.051530792358,0.9967586640797594,8.61070353042511e-31
722700,0.0,-2.5362669816546156e-40,9927.051530792358,0.9967586640797594,8.609154949751593e-31
722760,0.0,-2.5358104258696615e-40,9927.051530792358,0.9967586640797594,8.607606369078075e-31
722820,0.0,-2.5353538700847074e-40,9927.051530792358,0.9967586640797594,8.606057788404557e-31
722880,0.0,-2.5348973142997532e-40,9927.051530792358,0.9967586640797594,8.60450920773104e-31
722940,0.0,-2.534440758514799e-40,9927.051530792358,0.9967586640797594,8.602960627057521e-31
723000,0.0,-2.533984202729845e-40,9927.051530792358,0.9967586640797594,8.601412046384003e-31
723060,0.0,-2.5335276469448904e-40,9927.051530792358,0.9967586640797594,8.599863465710484e-31
723120,0.0,-2.5330710911599362e-40,9927.051530792358,0.9967586640797594,8.598314885036966e-31
723180,0.0,-2.532614535374982e-40,9927.051530792358,0.9967586640797594,8.596766304363448e-31
723240,0.0,-2.532157979590028e-40,9927.051530792358,0.9967586640797594,8.59521772368993e-31
723300,0.0,-2.5317014238050734e-40,9927.051530792358,0.9967586640797594,8.593669143016412e-31
723360,0.0,-2.5312448680201197e-40,9927.051530792358,0.9967586640797594,8.592120562342894e-31
723420,0.0,-2.530788312235165e-40,9927.051530792358,0.9967586640797594,8.590571981669376e-31
723480,0.0,-2.530331756450211e-40,9927.051530792358,0.9967586640797594,8.589023400995856e-31
723540,0.0,-2.529875200665257e-40,9927.051530792358,0.9967586640797594,8.58747482032234e-31
723600,0.0,-2.5294186448803027e-40,9927.051530792358,0.9967586640797594,8.58592623964882e-31
723660,0.0,-2.528962089095348e-40,9927.051530792358,0.9967586640797594,8.584377658975303e-31
723720,0.0,-2.528505533310394e-40,9927.051530792358,0.9967586640797594,8.582829078301785e-31
723780,0.0,-2.52804897752544e-40,9927.051530792358,0.9967586640797594,8.581280497628267e-31
723840,0.0,-2.5275924217404857e-40,9927.051530792358,0.9967586640797594,8.579731916954749e-31
723900,0.0,-2.527135865955531e-40,9927.051530792358,0.9967586640797594,8.578183336281231e-31
723960,0.0,-2.5266793101705774e-40,9927.051530792358,0.9967586640797594,8.576634755607713e-31
724020,0.0,-2.526222754385623e-40,9927.051530792358,0.9967586640797594,8.575086174934195e-31
724080,0.0,-2.5257661986006687e-40,9927.051530792358,0.9967586640797594,8.573537594260675e-31
724140,0.0,-2.5253096428157146e-40,9927.051530792358,0.9967586640797594,8.571989013587157e-31
724200,0.0,-2.5248530870307604e-40,9927.051530792358,0.9967586640797594,8.57044043291364e-31
724260,0.0,-2.5243965312458063e-40,9927.051530792358,0.9967586640797594,8.568891852240122e-31
724320,0.0,-2.5239399754608517e-40,9927.051530792358,0.9967586640797594,8.567343271566604e-31
724380,0.0,-2.5234834196758976e-40,9927.051530792358,0.9967586640797594,8.565794690893086e-31
724440,0.0,-2.5230268638909435e-40,9927.051530792358,0.9967586640797594,8.564246110219568e-31
724500,0.0,-2.5225703081059893e-40,9927.051530792358,0.9967586640797594,8.562697529546048e-31
724560,0.0,-2.522113752321035e-40,9927.051530792358,0.9967586640797594,8.561148948872532e-31
724620,0.0,-2.521657196536081e-40,9927.051530792358,0.9967586640797594,8.559600368199012e-31
724680,0.0,-2.5212006407511265e-40,9927.051530792358,0.9967586640797594,8.558051787525494e-31
724740,0.0,-2.5207440849661723e-40,9927.051530792358,0.9967586640797594,8.556503206851976e-31
724800,0.0,-2.520287529181218e-40,9927.051530792358,0.9967586640797594,8.554954626178459e-31
724860,0.0,-2.519830973396264e-40,9927.051530792358,0.9967586640797594,8.55340604550494e-31
724920,0.0,-2.5193744176113095e-40,9927.051530792358,0.9967586640797594,8.551857464831423e-31
724980,0.0,-2.5189178618263558e-40,9927.051530792358,0.9967586640797594,8.550308884157905e-31
725040,0.0,-2.5184613060414012e-40,9927.051530792358,0.9967586640797594,8.548760303484387e-31
725100,0.0,-2.518004750256447e-40,9927.051530792358,0.9967586640797594,8.547211722810867e-31
725160,0.0,-2.5175481944714925e-40,9927.051530792358,0.9967586640797594,8.54566314213735e-31
725220,0.0,-2.5170916386865388e-40,9927.051530792358,0.9967586640797594,8.544114561463831e-31
725280,0.0,-2.5166350829015842e-40,9927.051530792358,0.9967586640797594,8.542565980790313e-31
725340,0.0,-2.51617852711663e-40,9927.051530792358,0.9967586640797594,8.541017400116795e-31
725400,0.0,-2.515721971331676e-40,9927.051530792358,0.9967586640797594,8.539468819443278e-31
725460,0.0,-2.515265415546722e-40,9927.051530792358,0.9967586640797594,8.53792023876976e-31
725520,0.0,-2.5148088597617673e-40,9927.051530792358,0.9967586640797594,8.53637165809624e-31
725580,0.0,-2.5143523039768135e-40,9927.051530792358,0.9967586640797594,8.534823077422724e-31
725640,0.0,-2.513895748191859e-40,9927.051530792358,0.9967586640797594,8.533274496749204e-31
725700,0.0,-2.513439192406905e-40,9927.051530792358,0.9967586640797594,8.531725916075686e-31
725760,0.0,-2.5129826366219507e-40,9927.051530792358,0.9967586640797594,8.530177335402168e-31
725820,0.0,-2.5125260808369965e-40,9927.051530792358,0.9967586640797594,8.52862875472865e-31
725880,0.0,-2.5120695250520424e-40,9927.051530792358,0.9967586640797594,8.527080174055132e-31
725940,0.0,-2.511612969267088e-40,9927.051530792358,0.9967586640797594,8.525531593381614e-31
726000,0.0,-2.511156413482134e-40,9927.051530792358,0.9967586640797594,8.523983012708097e-31
726060,0.0,-2.5106998576971796e-40,9927.051530792358,0.9967586640797594,8.522434432034579e-31
726120,0.0,-2.5102433019122254e-40,9927.051530792358,0.9967586640797594,8.520885851361059e-31
726180,0.0,-2.509786746127271e-40,9927.051530792358,0.9967586640797594,8.519337270687541e-31
726240,0.0,-2.509330190342317e-40,9927.051530792358,0.9967586640797594,8.517788690014023e-31
726300,0.0,-2.5088736345573626e-40,9927.051530792358,0.9967586640797594,8.516240109340505e-31
726360,0.0,-2.5084170787724084e-40,9927.051530792358,0.9967586640797594,8.514691528666987e-31
726420,0.0,-2.5079605229874543e-40,9927.051530792358,0.9967586640797594,8.51314294799347e-31
726480,0.0,-2.5075039672025e-40,9927.051530792358,0.9967586640797594,8.511594367319951e-31
726540,0.0,-2.5070474114175456e-40,9927.051530792358,0.9967586640797594,8.510045786646432e-31
726600,0.0,-2.506590855632592e-40,9927.051530792358,0.9967586640797594,8.508497205972916e-31
726660,0.0,-2.5061342998476373e-40,9927.051530792358,0.9967586640797594,8.506948625299398e-31
726720,0.0,-2.505677744062683e-40,9927.051530792358,0.9967586640797594,8.505400044625878e-31
726780,0.0,-2.5052211882777286e-40,9927.051530792358,0.9967586640797594,8.50385146395236e-31
726840,0.0,-2.504764632492775e-40,9927.051530792358,0.9967586640797594,8.502302883278842e-31
726900,0.0,-2.5043080767078203e-40,9927.051530792358,0.9967586640797594,8.500754302605324e-31
726960,0.0,-2.503851520922866e-40,9927.051530792358,0.9967586640797594,8.499205721931806e-31
727020,0.0,-2.503394965137912e-40,9927.051530792358,0.9967586640797594,8.497657141258288e-31
727080,0.0,-2.502938409352958e-40,9927.051530792358,0.9967586640797594,8.49610856058477e-31
727140,0.0,-2.5024818535680033e-40,9927.051530792358,0.9967586640797594,8.49455997991125e-31
727200,0.0,-2.5020252977830496e-40,9927.051530792358,0.9967586640797594,8.493011399237735e-31
727260,0.0,-2.501568741998095e-40,9927.051530792358,0.9967586640797594,8.491462818564215e-31
727320,0.0,-2.501112186213141e-40,9927.051530792358,0.9967586640797594,8.489914237890697e-31
727380,0.0,-2.5006556304281868e-40,9927.051530792358,0.9967586640797594,8.488365657217179e-31
727440,0.0,-2.5001990746432326e-40,9927.051530792358,0.9967586640797594,8.486817076543661e-31
727500,0.0,-2.4997425188582785e-40,9927.051530792358,0.9967586640797594,8.485268495870143e-31
727560,0.0,-2.499285963073324e-40,9927.051530792358,0.9967586640797594,8.483719915196623e-31
727620,0.0,-2.4988294072883702e-40,9927.051530792358,0.9967586640797594,8.482171334523107e-31
727680,0.0,-2.4983728515034157e-40,9927.051530792358,0.9967586640797594,8.48062275384959e-31
727740,0.0,-2.4979162957184615e-40,9927.051530792358,0.9967586640797594,8.47907417317607e-31
727800,0.0,-2.497459739933507e-40,9927.051530792358,0.9967586640797594,8.477525592502552e-31
727860,0.0,-2.4970031841485532e-40,9927.051530792358,0.9967586640797594,8.475977011829034e-31
727920,0.0,-2.4965466283635987e-40,9927.051530792358,0.9967586640797594,8.474428431155516e-31
727980,0.0,-2.4960900725786445e-40,9927.051530792358,0.9967586640797594,8.472879850481998e-31
728040,0.0,-2.4956335167936904e-40,9927.051530792358,0.9967586640797594,8.47133126980848e-31
728100,0.0,-2.4951769610087362e-40,9927.051530792358,0.9967586640797594,8.469782689134962e-31
728160,0.0,-2.4947204052237817e-40,9927.051530792358,0.9967586640797594,8.468234108461442e-31
728220,0.0,-2.494263849438828e-40,9927.051530792358,0.9967586640797594,8.466685527787926e-31
728280,0.0,-2.4938072936538734e-40,9927.051530792358,0.9967586640797594,8.465136947114407e-31
728340,0.0,-2.4933507378689193e-40,9927.051530792358,0.9967586640797594,8.463588366440889e-31
728400,0.0,-2.4928941820839647e-40,9927.051530792358,0.9967586640797594,8.46203978576737e-31
728460,0.0,-2.492437626299011e-40,9927.051530792358,0.9967586640797594,8.460491205093853e-31
728520,0.0,-2.4919810705140564e-40,9927.051530792358,0.9967586640797594,8.458942624420335e-31
728580,0.0,-2.4915245147291023e-40,9927.051530792358,0.9967586640797594,8.457394043746815e-31
728640,0.0,-2.491067958944148e-40,9927.051530792358,0.9967586640797594,8.455845463073299e-31
728700,0.0,-2.490611403159194e-40,9927.051530792358,0.9967586640797594,8.454296882399781e-31
728760,0.0,-2.49015484737424e-40,9927.051530792358,0.9967586640797594,8.452748301726261e-31
728820,0.0,-2.4896982915892853e-40,9927.051530792358,0.9967586640797594,8.451199721052744e-31
728880,0.0,-2.489241735804331e-40,9927.051530792358,0.9967586640797594,8.449651140379226e-31
728940,0.0,-2.488785180019377e-40,9927.051530792358,0.9967586640797594,8.448102559705708e-31
729000,0.0,-2.488328624234423e-40,9927.051530792358,0.9967586640797594,8.44655397903219e-31
729060,0.0,-2.4878720684494687e-40,9927.051530792358,0.9967586640797594,8.445005398358672e-31
729120,0.0,-2.4874155126645146e-40,9927.051530792358,0.9967586640797594,8.443456817685154e-31
729180,0.0,-2.48695895687956e-40,9927.051530792358,0.9967586640797594,8.441908237011634e-31
729240,0.0,-2.4865024010946063e-40,9927.051530792358,0.9967586640797594,8.440359656338118e-31
729300,0.0,-2.4860458453096518e-40,9927.051530792358,0.9967586640797594,8.438811075664598e-31
729360,0.0,-2.4855892895246976e-40,9927.051530792358,0.9967586640797594,8.43726249499108e-31
729420,0.0,-2.485132733739743e-40,9927.051530792358,0.9967586640797594,8.435713914317563e-31
729480,0.0,-2.4846761779547893e-40,9927.051530792358,0.9967586640797594,8.434165333644045e-31
729540,0.0,-2.4842196221698348e-40,9927.051530792358,0.9967586640797594,8.432616752970527e-31
729600,0.0,-2.4837630663848806e-40,9927.051530792358,0.9967586640797594,8.431068172297007e-31
729660,0.0,-2.4833065105999265e-40,9927.051530792358,0.9967586640797594,8.42951959162349e-31
729720,0.0,-2.4828499548149723e-40,9927.051530792358,0.9967586640797594,8.427971010949973e-31
729780,0.0,-2.4823933990300178e-40,9927.051530792358,0.9967586640797594,8.426422430276453e-31
729840,0.0,-2.4819368432450636e-40,9927.051530792358,0.9967586640797594,8.424873849602935e-31
729900,0.0,-2.4814802874601095e-40,9927.051530792358,0.9967586640797594,8.423325268929417e-31
729960,0.0,-2.4810237316751554e-40,9927.051530792358,0.9967586640797594,8.4217766882559e-31
730020,0.0,-2.480567175890201e-40,9927.051530792358,0.9967586640797594,8.420228107582382e-31
730080,0.0,-2.480110620105247e-40,9927.051530792358,0.9967586640797594,8.418679526908864e-31
730140,0.0,-2.4796540643202925e-40,9927.051530792358,0.9967586640797594,8.417130946235346e-31
730200,0.0,-2.4791975085353384e-40,9927.051530792358,0.9967586640797594,8.415582365561826e-31
730260,0.0,-2.4787409527503842e-40,9927.051530792358,0.9967586640797594,8.41403378488831e-31
730320,0.0,-2.47828439696543e-40,9927.051530792358,0.9967586640797594,8.41248520421479e-31
730380,0.0,-2.477827841180476e-40,9927.051530792358,0.9967586640797594,8.410936623541272e-31
730440,0.0,-2.4773712853955214e-40,9927.051530792358,0.9967586640797594,8.409388042867754e-31
730500,0.0,-2.4769147296105677e-40,9927.051530792358,0.9967586640797594,8.407839462194236e-31
730560,0.0,-2.476458173825613e-40,9927.051530792358,0.9967586640797594,8.406290881520718e-31
730620,0.0,-2.476001618040659e-40,9927.051530792358,0.9967586640797594,8.404742300847199e-31
730680,0.0,-2.475545062255705e-40,9927.051530792358,0.9967586640797594,8.403193720173683e-31
730740,0.0,-2.4750885064707507e-40,9927.051530792358,0.9967586640797594,8.401645139500165e-31
730800,0.0,-2.474631950685796e-40,9927.051530792358,0.9967586640797594,8.400096558826645e-31
730860,0.0,-2.474175394900842e-40,9927.051530792358,0.9967586640797594,8.398547978153127e-31
730920,0.0,-2.473718839115888e-40,9927.051530792358,0.9967586640797594,8.39699939747961e-31
730980,0.0,-2.4732622833309337e-40,9927.051530792358,0.9967586640797594,8.395450816806091e-31
731040,0.0,-2.472805727545979e-40,9927.051530792358,0.9967586640797594,8.393902236132573e-31
731100,0.0,-2.4723491717610254e-40,9927.051530792358,0.9967586640797594,8.392353655459055e-31
731160,0.0,-2.471892615976071e-40,9927.051530792358,0.9967586640797594,8.390805074785537e-31
731220,0.0,-2.4714360601911167e-40,9927.051530792358,0.9967586640797594,8.389256494112018e-31
731280,0.0,-2.4709795044061626e-40,9927.051530792358,0.9967586640797594,8.387707913438502e-31
731340,0.0,-2.4705229486212084e-40,9927.051530792358,0.9967586640797594,8.386159332764982e-31
731400,0.0,-2.470066392836254e-40,9927.051530792358,0.9967586640797594,8.384610752091464e-31
731460,0.0,-2.4696098370512997e-40,9927.051530792358,0.9967586640797594,8.383062171417946e-31
731520,0.0,-2.4691532812663456e-40,9927.051530792358,0.9967586640797594,8.381513590744428e-31
731580,0.0,-2.4686967254813915e-40,9927.051530792358,0.9967586640797594,8.37996501007091e-31
731640,0.0,-2.4682401696964373e-40,9927.051530792358,0.9967586640797594,8.37841642939739e-31
731700,0.0,-2.467783613911483e-40,9927.051530792358,0.9967586640797594,8.376867848723874e-31
731760,0.0,-2.4673270581265286e-40,9927.051530792358,0.9967586640797594,8.375319268050356e-31
731820,0.0,-2.4668705023415745e-40,9927.051530792358,0.9967586640797594,8.373770687376837e-31
731880,0.0,-2.4664139465566203e-40,9927.051530792358,0.9967586640797594,8.372222106703319e-31
731940,0.0,-2.465957390771666e-40,9927.051530792358,0.9967586640797594,8.370673526029801e-31
732000,0.0,-2.465500834986712e-40,9927.051530792358,0.9967586640797594,8.369124945356283e-31
732060,0.0,-2.4650442792017575e-40,9927.051530792358,0.9967586640797594,8.367576364682765e-31
732120,0.0,-2.4645877234168038e-40,9927.051530792358,0.9967586640797594,8.366027784009247e-31
732180,0.0,-2.4641311676318492e-40,9927.051530792358,0.9967586640797594,8.36447920333573e-31
732240,0.0,-2.463674611846895e-40,9927.051530792358,0.9967586640797594,8.36293062266221e-31
732300,0.0,-2.463218056061941e-40,9927.051530792358,0.9967586640797594,8.361382041988693e-31
732360,0.0,-2.4627615002769868e-40,9927.051530792358,0.9967586640797594,8.359833461315174e-31
732420,0.0,-2.4623049444920322e-40,9927.051530792358,0.9967586640797594,8.358284880641656e-31
732480,0.0,-2.461848388707078e-40,9927.051530792358,0.9967586640797594,8.356736299968138e-31
732540,0.0,-2.461391832922124e-40,9927.051530792358,0.9967586640797594,8.35518771929462e-31
732600,0.0,-2.46093527713717e-40,9927.051530792358,0.9967586640797594,8.353639138621102e-31
732660,0.0,-2.4604787213522152e-40,9927.051530792358,0.9967586640797594,8.352090557947582e-31
732720,0.0,-2.4600221655672615e-40,9927.051530792358,0.9967586640797594,8.350541977274066e-31
732780,0.0,-2.459565609782307e-40,9927.051530792358,0.9967586640797594,8.348993396600548e-31
732840,0.0,-2.459109053997353e-40,9927.051530792358,0.9967586640797594,8.347444815927029e-31
732900,0.0,-2.4586524982123987e-40,9927.051530792358,0.9967586640797594,8.345896235253512e-31
732960,0.0,-2.4581959424274445e-40,9927.051530792358,0.9967586640797594,8.344347654579993e-31
733020,0.0,-2.45773938664249e-40,9927.051530792358,0.9967586640797594,8.342799073906475e-31
733080,0.0,-2.457282830857536e-40,9927.051530792358,0.9967586640797594,8.341250493232957e-31
733140,0.0,-2.4568262750725817e-40,9927.051530792358,0.9967586640797594,8.339701912559439e-31
733200,0.0,-2.4563697192876276e-40,9927.051530792358,0.9967586640797594,8.338153331885921e-31
733260,0.0,-2.4559131635026734e-40,9927.051530792358,0.9967586640797594,8.336604751212401e-31
733320,0.0,-2.4554566077177193e-40,9927.051530792358,0.9967586640797594,8.335056170538885e-31
733380,0.0,-2.455000051932765e-40,9927.051530792358,0.9967586640797594,8.333507589865365e-31
733440,0.0,-2.4545434961478106e-40,9927.051530792358,0.9967586640797594,8.331959009191848e-31
733500,0.0,-2.4540869403628564e-40,9927.051530792358,0.9967586640797594,8.33041042851833e-31
733560,0.0,-2.4536303845779023e-40,9927.051530792358,0.9967586640797594,8.328861847844812e-31
733620,0.0,-2.453173828792948e-40,9927.051530792358,0.9967586640797594,8.327313267171294e-31
733680,0.0,-2.4527172730079936e-40,9927.051530792358,0.9967586640797594,8.325764686497774e-31
733740,0.0,-2.45226071722304e-40,9927.051530792358,0.9967586640797594,8.324216105824258e-31
733800,0.0,-2.4518041614380853e-40,9927.051530792358,0.9967586640797594,8.32266752515074e-31
733860,0.0,-2.451347605653131e-40,9927.051530792358,0.9967586640797594,8.32111894447722e-31
733920,0.0,-2.450891049868177e-40,9927.051530792358,0.9967586640797594,8.319570363803704e-31
733980,0.0,-2.450434494083223e-40,9927.051530792358,0.9967586640797594,8.318021783130184e-31
734040,0.0,-2.4499779382982683e-40,9927.051530792358,0.9967586640797594,8.316473202456667e-31
734100,0.0,-2.449521382513314e-40,9927.051530792358,0.9967586640797594,8.314924621783149e-31
734160,0.0,-2.44906482672836e-40,9927.051530792358,0.9967586640797594,8.31337604110963e-31
734220,0.0,-2.448608270943406e-40,9927.051530792358,0.9967586640797594,8.311827460436113e-31
734280,0.0,-2.4481517151584513e-40,9927.051530792358,0.9967586640797594,8.310278879762593e-31
734340,0.0,-2.4476951593734976e-40,9927.051530792358,0.9967586640797594,8.308730299089077e-31
734400,0.0,-2.447238603588543e-40,9927.051530792358,0.9967586640797594,8.307181718415557e-31
734460,0.0,-2.446782047803589e-40,9927.051530792358,0.9967586640797594,8.30563313774204e-31
734520,0.0,-2.4463254920186344e-40,9927.051530792358,0.9967586640797594,8.304084557068521e-31
734580,0.0,-2.4458689362336806e-40,9927.051530792358,0.9967586640797594,8.302535976395003e-31
734640,0.0,-2.445412380448726e-40,9927.051530792358,0.9967586640797594,8.300987395721486e-31
734700,0.0,-2.444955824663772e-40,9927.051530792358,0.9967586640797594,8.299438815047966e-31
734760,0.0,-2.4444992688788178e-40,9927.051530792358,0.9967586640797594,8.29789023437445e-31
734820,0.0,-2.4440427130938637e-40,9927.051530792358,0.9967586640797594,8.296341653700932e-31
734880,0.0,-2.4435861573089095e-40,9927.051530792358,0.9967586640797594,8.294793073027412e-31
734940,0.0,-2.4431296015239554e-40,9927.051530792358,0.9967586640797594,8.293244492353896e-31
735000,0.0,-2.4426730457390012e-40,9927.051530792358,0.9967586640797594,8.291695911680376e-31
735060,0.0,-2.4422164899540467e-40,9927.051530792358,0.9967586640797594,8.290147331006858e-31
735120,0.0,-2.4417599341690925e-40,9927.051530792358,0.9967586640797594,8.28859875033334e-31
735180,0.0,-2.4413033783841384e-40,9927.051530792358,0.9967586640797594,8.287050169659822e-31
735240,0.0,-2.4408468225991842e-40,9927.051530792358,0.9967586640797594,8.285501588986305e-31
735300,0.0,-2.4403902668142297e-40,9927.051530792358,0.9967586640797594,8.283953008312785e-31
735360,0.0,-2.439933711029276e-40,9927.051530792358,0.9967586640797594,8.282404427639269e-31
735420,0.0,-2.4394771552443214e-40,9927.051530792358,0.9967586640797594,8.280855846965749e-31
735480,0.0,-2.4390205994593673e-40,9927.051530792358,0.9967586640797594,8.279307266292231e-31
735540,0.0,-2.4385640436744127e-40,9927.051530792358,0.9967586640797594,8.277758685618713e-31
735600,0.0,-2.438107487889459e-40,9927.051530792358,0.9967586640797594,8.276210104945195e-31
735660,0.0,-2.4376509321045044e-40,9927.051530792358,0.9967586640797594,8.274661524271677e-31
735720,0.0,-2.4371943763195503e-40,9927.051530792358,0.9967586640797594,8.273112943598158e-31
735780,0.0,-2.436737820534596e-40,9927.051530792358,0.9967586640797594,8.271564362924641e-31
735840,0.0,-2.436281264749642e-40,9927.051530792358,0.9967586640797594,8.270015782251124e-31
735900,0.0,-2.4358247089646874e-40,9927.051530792358,0.9967586640797594,8.268467201577604e-31
735960,0.0,-2.4353681531797337e-40,9927.051530792358,0.9967586640797594,8.266918620904088e-31
736020,0.0,-2.434911597394779e-40,9927.051530792358,0.9967586640797594,8.265370040230568e-31
736080,0.0,-2.434455041609825e-40,9927.051530792358,0.9967586640797594,8.26382145955705e-31
736140,0.0,-2.433998485824871e-40,9927.051530792358,0.9967586640797594,8.262272878883532e-31
736200,0.0,-2.4335419300399167e-40,9927.051530792358,0.9967586640797594,8.260724298210014e-31
736260,0.0,-2.433085374254962e-40,9927.051530792358,0.9967586640797594,8.259175717536496e-31
736320,0.0,-2.432628818470008e-40,9927.051530792358,0.9967586640797594,8.257627136862977e-31
736380,0.0,-2.432172262685054e-40,9927.051530792358,0.9967586640797594,8.25607855618946e-31
736440,0.0,-2.4317157069000997e-40,9927.051530792358,0.9967586640797594,8.25452997551594e-31
736500,0.0,-2.4312591511151456e-40,9927.051530792358,0.9967586640797594,8.252981394842423e-31
736560,0.0,-2.430802595330191e-40,9927.051530792358,0.9967586640797594,8.251432814168905e-31
736620,0.0,-2.4303460395452373e-40,9927.051530792358,0.9967586640797594,8.249884233495387e-31
736680,0.0,-2.4298894837602828e-40,9927.051530792358,0.9967586640797594,8.248335652821869e-31
736740,0.0,-2.4294329279753286e-40,9927.051530792358,0.9967586640797594,8.24678707214835e-31
736800,0.0,-2.4289763721903745e-40,9927.051530792358,0.9967586640797594,8.245238491474833e-31
736860,0.0,-2.4285198164054203e-40,9927.051530792358,0.9967586640797594,8.243689910801315e-31
736920,0.0,-2.4280632606204658e-40,9927.051530792358,0.9967586640797594,8.242141330127796e-31
736980,0.0,-2.427606704835512e-40,9927.051530792358,0.9967586640797594,8.24059274945428e-31
737040,0.0,-2.4271501490505575e-40,9927.051530792358,0.9967586640797594,8.23904416878076e-31
737100,0.0,-2.4266935932656034e-40,9927.051530792358,0.9967586640797594,8.237495588107242e-31
737160,0.0,-2.426237037480649e-40,9927.051530792358,0.9967586640797594,8.235947007433724e-31
737220,0.0,-2.425780481695695e-40,9927.051530792358,0.9967586640797594,8.234398426760206e-31
737280,0.0,-2.4253239259107405e-40,9927.051530792358,0.9967586640797594,8.232849846086688e-31
737340,0.0,-2.4248673701257864e-40,9927.051530792358,0.9967586640797594,8.231301265413168e-31
737400,0.0,-2.4244108143408322e-40,9927.051530792358,0.9967586640797594,8.229752684739652e-31
737460,0.0,-2.423954258555878e-40,9927.051530792358,0.9967586640797594,8.228204104066133e-31
737520,0.0,-2.4234977027709235e-40,9927.051530792358,0.9967586640797594,8.226655523392615e-31
737580,0.0,-2.42304114698597e-40,9927.051530792358,0.9967586640797594,8.225106942719097e-31
737640,0.0,-2.4225845912010153e-40,9927.051530792358,0.9967586640797594,8.223558362045579e-31
737700,0.0,-2.422128035416061e-40,9927.051530792358,0.9967586640797594,8.22200978137206e-31
737760,0.0,-2.421671479631107e-40,9927.051530792358,0.9967586640797594,8.220461200698541e-31
737820,0.0,-2.421214923846153e-40,9927.051530792358,0.9967586640797594,8.218912620025025e-31
737880,0.0,-2.4207583680611987e-40,9927.051530792358,0.9967586640797594,8.217364039351507e-31
737940,0.0,-2.420301812276244e-40,9927.051530792358,0.9967586640797594,8.215815458677987e-31
738000,0.0,-2.4198452564912904e-40,9927.051530792358,0.9967586640797594,8.214266878004471e-31
738060,0.0,-2.419388700706336e-40,9927.051530792358,0.9967586640797594,8.212718297330952e-31
738120,0.0,-2.4189321449213817e-40,9927.051530792358,0.9967586640797594,8.211169716657434e-31
738180,0.0,-2.418475589136427e-40,9927.051530792358,0.9967586640797594,8.209621135983916e-31
738240,0.0,-2.4180190333514734e-40,9927.051530792358,0.9967586640797594,8.208072555310398e-31
738300,0.0,-2.417562477566519e-40,9927.051530792358,0.9967586640797594,8.20652397463688e-31
738360,0.0,-2.4171059217815647e-40,9927.051530792358,0.9967586640797594,8.20497539396336e-31
738420,0.0,-2.4166493659966106e-40,9927.051530792358,0.9967586640797594,8.203426813289844e-31
738480,0.0,-2.4161928102116564e-40,9927.051530792358,0.9967586640797594,8.201878232616324e-31
738540,0.0,-2.415736254426702e-40,9927.051530792358,0.9967586640797594,8.200329651942806e-31
738600,0.0,-2.415279698641748e-40,9927.051530792358,0.9967586640797594,8.198781071269288e-31
738660,0.0,-2.4148231428567936e-40,9927.051530792358,0.9967586640797594,8.19723249059577e-31
738720,0.0,-2.4143665870718395e-40,9927.051530792358,0.9967586640797594,8.195683909922253e-31
738780,0.0,-2.413910031286885e-40,9927.051530792358,0.9967586640797594,8.194135329248733e-31
738840,0.0,-2.413453475501931e-40,9927.051530792358,0.9967586640797594,8.192586748575217e-31
738900,0.0,-2.4129969197169766e-40,9927.051530792358,0.9967586640797594,8.191038167901699e-31
738960,0.0,-2.4125403639320225e-40,9927.051530792358,0.9967586640797594,8.18948958722818e-31
739020,0.0,-2.4120838081470683e-40,9927.051530792358,0.9967586640797594,8.187941006554663e-31
739080,0.0,-2.411627252362114e-40,9927.051530792358,0.9967586640797594,8.186392425881143e-31
739140,0.0,-2.4111706965771596e-40,9927.051530792358,0.9967586640797594,8.184843845207625e-31
739200,0.0,-2.4107141407922055e-40,9927.051530792358,0.9967586640797594,8.183295264534107e-31
739260,0.0,-2.4102575850072513e-40,9927.051530792358,0.9967586640797594,8.18174668386059e-31
739320,0.0,-2.4098010292222972e-40,9927.051530792358,0.9967586640797594,8.180198103187072e-31
739380,0.0,-2.409344473437343e-40,9927.051530792358,0.9967586640797594,8.178649522513552e-31
739440,0.0,-2.408887917652389e-40,9927.051530792358,0.9967586640797594,8.177100941840036e-31
739500,0.0,-2.4084313618674348e-40,9927.051530792358,0.9967586640797594,8.175552361166516e-31
739560,0.0,-2.4079748060824802e-40,9927.051530792358,0.9967586640797594,8.174003780492998e-31
739620,0.0,-2.4075182502975265e-40,9927.051530792358,0.9967586640797594,8.17245519981948e-31
739680,0.0,-2.407061694512572e-40,9927.051530792358,0.9967586640797594,8.170906619145962e-31
739740,0.0,-2.406605138727618e-40,9927.051530792358,0.9967586640797594,8.169358038472444e-31
739800,0.0,-2.4061485829426632e-40,9927.051530792358,0.9967586640797594,8.167809457798925e-31
739860,0.0,-2.4056920271577095e-40,9927.051530792358,0.9967586640797594,8.166260877125409e-31
739920,0.0,-2.405235471372755e-40,9927.051530792358,0.9967586640797594,8.16471229645189e-31
739980,0.0,-2.404778915587801e-40,9927.051530792358,0.9967586640797594,8.163163715778371e-31
740040,0.0,-2.4043223598028467e-40,9927.051530792358,0.9967586640797594,8.161615135104855e-31
740100,0.0,-2.4038658040178925e-40,9927.051530792358,0.9967586640797594,8.160066554431335e-31
740160,0.0,-2.403409248232938e-40,9927.051530792358,0.9967586640797594,8.158517973757817e-31
740220,0.0,-2.402952692447984e-40,9927.051530792358,0.9967586640797594,8.1569693930843e-31
740280,0.0,-2.4024961366630297e-40,9927.051530792358,0.9967586640797594,8.155420812410781e-31
740340,0.0,-2.4020395808780756e-40,9927.051530792358,0.9967586640797594,8.153872231737263e-31
740400,0.0,-2.401583025093121e-40,9927.051530792358,0.9967586640797594,8.152323651063744e-31
740460,0.0,-2.4011264693081673e-40,9927.051530792358,0.9967586640797594,8.150775070390228e-31
740520,0.0,-2.4006699135232127e-40,9927.051530792358,0.9967586640797594,8.149226489716708e-31
740580,0.0,-2.4002133577382586e-40,9927.051530792358,0.9967586640797594,8.14767790904319e-31
740640,0.0,-2.3997568019533044e-40,9927.051530792358,0.9967586640797594,8.146129328369672e-31
740700,0.0,-2.3993002461683503e-40,9927.051530792358,0.9967586640797594,8.144580747696154e-31
740760,0.0,-2.398843690383396e-40,9927.051530792358,0.9967586640797594,8.143032167022636e-31
740820,0.0,-2.3983871345984416e-40,9927.051530792358,0.9967586640797594,8.141483586349116e-31
740880,0.0,-2.3979305788134874e-40,9927.051530792358,0.9967586640797594,8.1399350056756e-31
740940,0.0,-2.3974740230285333e-40,9927.051530792358,0.9967586640797594,8.138386425002082e-31
741000,0.0,-2.397017467243579e-40,9927.051530792358,0.9967586640797594,8.136837844328563e-31
741060,0.0,-2.396560911458625e-40,9927.051530792358,0.9967586640797594,8.135289263655047e-31
741120,0.0,-2.396104355673671e-40,9927.051530792358,0.9967586640797594,8.133740682981527e-31
741180,0.0,-2.3956477998887163e-40,9927.051530792358,0.9967586640797594,8.132192102308009e-31
741240,0.0,-2.395191244103762e-40,9927.051530792358,0.9967586640797594,8.130643521634491e-31
741300,0.0,-2.394734688318808e-40,9927.051530792358,0.9967586640797594,8.129094940960973e-31
741360,0.0,-2.394278132533854e-40,9927.051530792358,0.9967586640797594,8.127546360287455e-31
741420,0.0,-2.3938215767488993e-40,9927.051530792358,0.9967586640797594,8.125997779613935e-31
741480,0.0,-2.3933650209639456e-40,9927.051530792358,0.9967586640797594,8.12444919894042e-31
741540,0.0,-2.392908465178991e-40,9927.051530792358,0.9967586640797594,8.1229006182669e-31
741600,0.0,-2.392451909394037e-40,9927.051530792358,0.9967586640797594,8.121352037593382e-31
741660,0.0,-2.3919953536090828e-40,9927.051530792358,0.9967586640797594,8.119803456919864e-31
741720,0.0,-2.3915387978241286e-40,9927.051530792358,0.9967586640797594,8.118254876246346e-31
741780,0.0,-2.391082242039174e-40,9927.051530792358,0.9967586640797594,8.116706295572828e-31
741840,0.0,-2.39062568625422e-40,9927.051530792358,0.9967586640797594,8.115157714899308e-31
741900,0.0,-2.3901691304692658e-40,9927.051530792358,0.9967586640797594,8.113609134225792e-31
741960,0.0,-2.3897125746843116e-40,9927.051530792358,0.9967586640797594,8.112060553552274e-31
742020,0.0,-2.389256018899357e-40,9927.051530792358,0.9967586640797594,8.110511972878754e-31
742080,0.0,-2.3887994631144034e-40,9927.051530792358,0.9967586640797594,8.108963392205238e-31
742140,0.0,-2.388342907329449e-40,9927.051530792358,0.9967586640797594,8.107414811531719e-31
742200,0.0,-2.3878863515444947e-40,9927.051530792358,0.9967586640797594,8.1058662308582e-31
742260,0.0,-2.3874297957595405e-40,9927.051530792358,0.9967586640797594,8.104317650184683e-31
742320,0.0,-2.3869732399745864e-40,9927.051530792358,0.9967586640797594,8.102769069511165e-31
742380,0.0,-2.3865166841896322e-40,9927.051530792358,0.9967586640797594,8.101220488837647e-31
742440,0.0,-2.3860601284046777e-40,9927.051530792358,0.9967586640797594,8.099671908164127e-31
742500,0.0,-2.385603572619724e-40,9927.051530792358,0.9967586640797594,8.098123327490611e-31
742560,0.0,-2.3851470168347694e-40,9927.051530792358,0.9967586640797594,8.096574746817091e-31
742620,0.0,-2.3846904610498153e-40,9927.051530792358,0.9967586640797594,8.095026166143573e-31
742680,0.0,-2.384233905264861e-40,9927.051530792358,0.9967586640797594,8.093477585470056e-31
742740,0.0,-2.383777349479907e-40,9927.051530792358,0.9967586640797594,8.091929004796538e-31
742800,0.0,-2.3833207936949524e-40,9927.051530792358,0.9967586640797594,8.09038042412302e-31
742860,0.0,-2.3828642379099983e-40,9927.051530792358,0.9967586640797594,8.0888318434495e-31
742920,0.0,-2.382407682125044e-40,9927.051530792358,0.9967586640797594,8.087283262775984e-31
742980,0.0,-2.38195112634009e-40,9927.051530792358,0.9967586640797594,8.085734682102466e-31
743040,0.0,-2.3814945705551354e-40,9927.051530792358,0.9967586640797594,8.084186101428946e-31
743100,0.0,-2.3810380147701817e-40,9927.051530792358,0.9967586640797594,8.08263752075543e-31
743160,0.0,-2.380581458985227e-40,9927.051530792358,0.9967586640797594,8.08108894008191e-31
743220,0.0,-2.380124903200273e-40,9927.051530792358,0.9967586640797594,8.079540359408392e-31
743280,0.0,-2.379668347415319e-40,9927.051530792358,0.9967586640797594,8.077991778734875e-31
743340,0.0,-2.3792117916303647e-40,9927.051530792358,0.9967586640797594,8.076443198061357e-31
743400,0.0,-2.37875523584541e-40,9927.051530792358,0.9967586640797594,8.074894617387839e-31
743460,0.0,-2.378298680060456e-40,9927.051530792358,0.9967586640797594,8.073346036714319e-31
743520,0.0,-2.377842124275502e-40,9927.051530792358,0.9967586640797594,8.071797456040803e-31
743580,0.0,-2.3773855684905477e-40,9927.051530792358,0.9967586640797594,8.070248875367283e-31
743640,0.0,-2.376929012705593e-40,9927.051530792358,0.9967586640797594,8.068700294693765e-31
743700,0.0,-2.3764724569206395e-40,9927.051530792358,0.9967586640797594,8.067151714020247e-31
743760,0.0,-2.376015901135685e-40,9927.051530792358,0.9967586640797594,8.06560313334673e-31
743820,0.0,-2.3755593453507308e-40,9927.051530792358,0.9967586640797594,8.064054552673211e-31
743880,0.0,-2.3751027895657766e-40,9927.051530792358,0.9967586640797594,8.062505971999692e-31
743940,0.0,-2.3746462337808225e-40,9927.051530792358,0.9967586640797594,8.060957391326176e-31
744000,0.0,-2.3741896779958683e-40,9927.051530792358,0.9967586640797594,8.059408810652658e-31
744060,0.0,-2.3737331222109138e-40,9927.051530792358,0.9967586640797594,8.057860229979138e-31
744120,0.0,-2.37327656642596e-40,9927.051530792358,0.9967586640797594,8.056311649305622e-31
744180,0.0,-2.3728200106410055e-40,9927.051530792358,0.9967586640797594,8.054763068632102e-31
744240,0.0,-2.3723634548560514e-40,9927.051530792358,0.9967586640797594,8.053214487958584e-31
744300,0.0,-2.3719068990710972e-40,9927.051530792358,0.9967586640797594,8.051665907285066e-31
744360,0.0,-2.371450343286143e-40,9927.051530792358,0.9967586640797594,8.050117326611548e-31
744420,0.0,-2.3709937875011885e-40,9927.051530792358,0.9967586640797594,8.04856874593803e-31
744480,0.0,-2.3705372317162344e-40,9927.051530792358,0.9967586640797594,8.04702016526451e-31
744540,0.0,-2.3700806759312802e-40,9927.051530792358,0.9967586640797594,8.045471584590995e-31
744600,0.0,-2.369624120146326e-40,9927.051530792358,0.9967586640797594,8.043923003917475e-31
744660,0.0,-2.3691675643613715e-40,9927.051530792358,0.9967586640797594,8.042374423243957e-31
744720,0.0,-2.368711008576418e-40,9927.051530792358,0.9967586640797594,8.040825842570439e-31
744780,0.0,-2.3682544527914632e-40,9927.051530792358,0.9967586640797594,8.039277261896921e-31
744840,0.0,-2.367797897006509e-40,9927.051530792358,0.9967586640797594,8.037728681223403e-31
744900,0.0,-2.3673413412215546e-40,9927.051530792358,0.9967586640797594,8.036180100549884e-31
744960,0.0,-2.366884785436601e-40,9927.051530792358,0.9967586640797594,8.034631519876367e-31
745020,0.0,-2.3664282296516463e-40,9927.051530792358,0.9967586640797594,8.03308293920285e-31
745080,0.0,-2.365971673866692e-40,9927.051530792358,0.9967586640797594,8.03153435852933e-31
745140,0.0,-2.365515118081738e-40,9927.051530792358,0.9967586640797594,8.029985777855814e-31
745200,0.0,-2.365058562296784e-40,9927.051530792358,0.9967586640797594,8.028437197182294e-31
745260,0.0,-2.3646020065118297e-40,9927.051530792358,0.9967586640797594,8.026888616508776e-31
745320,0.0,-2.3641454507268756e-40,9927.051530792358,0.9967586640797594,8.025340035835258e-31
745380,0.0,-2.363688894941921e-40,9927.051530792358,0.9967586640797594,8.02379145516174e-31
745440,0.0,-2.363232339156967e-40,9927.051530792358,0.9967586640797594,8.022242874488222e-31
745500,0.0,-2.3627757833720127e-40,9927.051530792358,0.9967586640797594,8.020694293814703e-31
745560,0.0,-2.3623192275870586e-40,9927.051530792358,0.9967586640797594,8.019145713141186e-31
745620,0.0,-2.3618626718021044e-40,9927.051530792358,0.9967586640797594,8.017597132467667e-31
745680,0.0,-2.36140611601715e-40,9927.051530792358,0.9967586640797594,8.016048551794149e-31
745740,0.0,-2.360949560232196e-40,9927.051530792358,0.9967586640797594,8.01449997112063e-31
745800,0.0,-2.3604930044472416e-40,9927.051530792358,0.9967586640797594,8.012951390447113e-31
745860,0.0,-2.3600364486622875e-40,9927.051530792358,0.9967586640797594,8.011402809773595e-31
745920,0.0,-2.359579892877333e-40,9927.051530792358,0.9967586640797594,8.009854229100075e-31
745980,0.0,-2.359123337092379e-40,9927.051530792358,0.9967586640797594,8.00830564842656e-31
746040,0.0,-2.3586667813074246e-40,9927.051530792358,0.9967586640797594,8.006757067753041e-31
746100,0.0,-2.3582102255224705e-40,9927.051530792358,0.9967586640797594,8.005208487079522e-31
746160,0.0,-2.3577536697375163e-40,9927.051530792358,0.9967586640797594,8.003659906406005e-31
746220,0.0,-2.357297113952562e-40,9927.051530792358,0.9967586640797594,8.002111325732486e-31
746280,0.0,-2.3568405581676076e-40,9927.051530792358,0.9967586640797594,8.000562745058968e-31
746340,0.0,-2.356384002382654e-40,9927.051530792358,0.9967586640797594,7.99901416438545e-31
746400,0.0,-2.3559274465976993e-40,9927.051530792358,0.9967586640797594,7.997465583711932e-31
746460,0.0,-2.355470890812745e-40,9927.051530792358,0.9967586640797594,7.995917003038414e-31
746520,0.0,-2.3550143350277907e-40,9927.051530792358,0.9967586640797594,7.994368422364894e-31
746580,0.0,-2.354557779242837e-40,9927.051530792358,0.9967586640797594,7.992819841691378e-31
746640,0.0,-2.3541012234578824e-40,9927.051530792358,0.9967586640797594,7.991271261017858e-31
746700,0.0,-2.3536446676729282e-40,9927.051530792358,0.9967586640797594,7.98972268034434e-31
746760,0.0,-2.353188111887974e-40,9927.051530792358,0.9967586640797594,7.988174099670823e-31
746820,0.0,-2.35273155610302e-40,9927.051530792358,0.9967586640797594,7.986625518997305e-31
746880,0.0,-2.3522750003180658e-40,9927.05153079236,0.9967586640797594,7.985076938323787e-31
746940,0.0,-2.3518184445331112e-40,9927.05153079236,0.9967586640797594,7.983528357650267e-31
747000,0.0,-2.3513618887481575e-40,9927.05153079236,0.9967586640797594,7.981979776976751e-31
747060,0.0,-2.350905332963203e-40,9927.05153079236,0.9967586640797594,7.980431196303233e-31
747120,0.0,-2.350448777178249e-40,9927.05153079236,0.9967586640797594,7.978882615629713e-31
747180,0.0,-2.3499922213932947e-40,9927.05153079236,0.9967586640797594,7.977334034956197e-31
747240,0.0,-2.3495356656083405e-40,9927.05153079236,0.9967586640797594,7.975785454282677e-31
747300,0.0,-2.349079109823386e-40,9927.05153079236,0.9967586640797594,7.97423687360916e-31
747360,0.0,-2.3486225540384322e-40,9927.05153079236,0.9967586640797594,7.972688292935642e-31
747420,0.0,-2.3481659982534777e-40,9927.05153079236,0.9967586640797594,7.971139712262124e-31
747480,0.0,-2.3477094424685235e-40,9927.05153079236,0.9967586640797594,7.969591131588606e-31
747540,0.0,-2.347252886683569e-40,9927.05153079236,0.9967586640797594,7.968042550915086e-31
747600,0.0,-2.3467963308986153e-40,9927.05153079236,0.9967586640797594,7.96649397024157e-31
747660,0.0,-2.3463397751136607e-40,9927.05153079236,0.9967586640797594,7.96494538956805e-31
747720,0.0,-2.3458832193287066e-40,9927.05153079236,0.9967586640797594,7.963396808894532e-31
747780,0.0,-2.3454266635437524e-40,9927.05153079236,0.9967586640797594,7.961848228221014e-31
747840,0.0,-2.3449701077587983e-40,9927.05153079236,0.9967586640797594,7.960299647547496e-31
747900,0.0,-2.3445135519738437e-40,9927.05153079236,0.9967586640797594,7.958751066873979e-31
747960,0.0,-2.34405699618889e-40,9927.05153079236,0.9967586640797594,7.95720248620046e-31
748020,0.0,-2.3436004404039354e-40,9927.05153079236,0.9967586640797594,7.955653905526943e-31
748080,0.0,-2.3431438846189813e-40,9927.05153079236,0.9967586640797594,7.954105324853425e-31
748140,0.0,-2.342687328834027e-40,9927.05153079236,0.9967586640797594,7.952556744179905e-31
748200,0.0,-2.342230773049073e-40,9927.05153079236,0.9967586640797594,7.951008163506389e-31
748260,0.0,-2.3417742172641185e-40,9927.05153079236,0.9967586640797594,7.94945958283287e-31
748320,0.0,-2.3413176614791643e-40,9927.05153079236,0.9967586640797594,7.947911002159351e-31
748380,0.0,-2.34086110569421e-40,9927.05153079236,0.9967586640797594,7.946362421485833e-31
748440,0.0,-2.340404549909256e-40,9927.05153079236,0.9967586640797594,7.944813840812315e-31
748500,0.0,-2.339947994124302e-40,9927.05153079236,0.9967586640797594,7.943265260138798e-31
748560,0.0,-2.3394914383393473e-40,9927.05153079236,0.9967586640797594,7.941716679465278e-31
748620,0.0,-2.3390348825543936e-40,9927.05153079236,0.9967586640797594,7.940168098791762e-31
748680,0.0,-2.338578326769439e-40,9927.05153079236,0.9967586640797594,7.938619518118242e-31
748740,0.0,-2.338121770984485e-40,9927.05153079236,0.9967586640797594,7.937070937444724e-31
748800,0.0,-2.3376652151995308e-40,9927.05153079236,0.9967586640797594,7.935522356771206e-31
748860,0.0,-2.3372086594145766e-40,9927.05153079236,0.9967586640797594,7.933973776097688e-31
748920,0.0,-2.336752103629622e-40,9927.05153079236,0.9967586640797594,7.93242519542417e-31
748980,0.0,-2.3362955478446683e-40,9927.05153079236,0.9967586640797594,7.930876614750652e-31
749040,0.0,-2.3358389920597138e-40,9927.05153079236,0.9967586640797594,7.929328034077134e-31
749100,0.0,-2.3353824362747596e-40,9927.05153079236,0.9967586640797594,7.927779453403617e-31
749160,0.0,-2.334925880489805e-40,9927.05153079236,0.9967586640797594,7.926230872730097e-31
749220,0.0,-2.3344693247048514e-40,9927.05153079236,0.9967586640797594,7.92468229205658e-31
749280,0.0,-2.334012768919897e-40,9927.05153079236,0.9967586640797594,7.923133711383061e-31
749340,0.0,-2.3335562131349427e-40,9927.05153079236,0.9967586640797594,7.921585130709543e-31
749400,0.0,-2.3330996573499885e-40,9927.05153079236,0.9967586640797594,7.920036550036025e-31
749460,0.0,-2.3326431015650344e-40,9927.05153079236,0.9967586640797594,7.918487969362507e-31
749520,0.0,-2.33218654578008e-40,9927.05153079236,0.9967586640797594,7.91693938868899e-31
749580,0.0,-2.3317299899951257e-40,9927.05153079236,0.9967586640797594,7.91539080801547e-31
749640,0.0,-2.3312734342101715e-40,9927.05153079236,0.9967586640797594,7.913842227341953e-31
749700,0.0,-2.3308168784252174e-40,9927.05153079236,0.9967586640797594,7.912293646668434e-31
749760,0.0,-2.3303603226402633e-40,9927.05153079236,0.9967586640797594,7.910745065994916e-31
749820,0.0,-2.329903766855309e-40,9927.05153079236,0.9967586640797594,7.909196485321398e-31
749880,0.0,-2.329447211070355e-40,9927.05153079236,0.9967586640797594,7.90764790464788e-31
749940,0.0,-2.3289906552854004e-40,9927.05153079236,0.9967586640797594,7.906099323974362e-31
750000,0.0,-2.3285340995004463e-40,9927.05153079236,0.9967586640797594,7.904550743300844e-31
750060,0.0,-2.328077543715492e-40,9927.05153079236,0.9967586640797594,7.903002162627326e-31
750120,0.0,-2.327620987930538e-40,9927.05153079236,0.9967586640797594,7.901453581953808e-31
750180,0.0,-2.3271644321455834e-40,9927.05153079236,0.9967586640797594,7.899905001280289e-31
750240,0.0,-2.3267078763606297e-40,9927.05153079236,0.9967586640797594,7.898356420606772e-31
750300,0.0,-2.326251320575675e-40,9927.05153079236,0.9967586640797594,7.896807839933253e-31
750360,0.0,-2.325794764790721e-40,9927.05153079236,0.9967586640797594,7.895259259259735e-31
750420,0.0,-2.325338209005767e-40,9927.05153079236,0.9967586640797594,7.893710678586217e-31
750480,0.0,-2.3248816532208127e-40,9927.05153079236,0.9967586640797594,7.892162097912699e-31
750540,0.0,-2.324425097435858e-40,9927.05153079236,0.9967586640797594,7.890613517239181e-31
750600,0.0,-2.323968541650904e-40,9927.05153079236,0.9967586640797594,7.889064936565661e-31
750660,0.0,-2.32351198586595e-40,9927.05153079236,0.9967586640797594,7.887516355892144e-31
750720,0.0,-2.3230554300809957e-40,9927.05153079236,0.9967586640797594,7.885967775218626e-31
750780,0.0,-2.322598874296041e-40,9927.05153079236,0.9967586640797594,7.884419194545108e-31
750840,0.0,-2.3221423185110875e-40,9927.05153079236,0.9967586640797594,7.882870613871591e-31
750900,0.0,-2.321685762726133e-40,9927.05153079236,0.9967586640797594,7.881322033198072e-31
750960,0.0,-2.3212292069411788e-40,9927.05153079236,0.9967586640797594,7.879773452524554e-31
751020,0.0,-2.3207726511562246e-40,9927.05153079236,0.9967586640797594,7.878224871851036e-31
751080,0.0,-2.3203160953712705e-40,9927.05153079236,0.9967586640797594,7.876676291177518e-31
751140,0.0,-2.319859539586316e-40,9927.05153079236,0.9967586640797594,7.875127710503999e-31
751200,0.0,-2.3194029838013618e-40,9927.05153079236,0.9967586640797594,7.87357912983048e-31
751260,0.0,-2.3189464280164076e-40,9927.05153079236,0.9967586640797594,7.872030549156963e-31
751320,0.0,-2.3184898722314535e-40,9927.05153079236,0.9967586640797594,7.870481968483445e-31
751380,0.0,-2.3180333164464994e-40,9927.05153079236,0.9967586640797594,7.868933387809927e-31
751440,0.0,-2.3175767606615452e-40,9927.05153079236,0.9967586640797594,7.86738480713641e-31
751500,0.0,-2.317120204876591e-40,9927.05153079236,0.9967586640797594,7.865836226462891e-31
751560,0.0,-2.3166636490916365e-40,9927.05153079236,0.9967586640797594,7.864287645789372e-31
751620,0.0,-2.3162070933066824e-40,9927.05153079236,0.9967586640797594,7.862739065115854e-31
751680,0.0,-2.3157505375217282e-40,9927.05153079236,0.9967586640797594,7.861190484442336e-31
751740,0.0,-2.315293981736774e-40,9927.05153079236,0.9967586640797594,7.859641903768818e-31
751800,0.0,-2.3148374259518195e-40,9927.05153079236,0.9967586640797594,7.858093323095299e-31
751860,0.0,-2.314380870166866e-40,9927.05153079236,0.9967586640797594,7.856544742421782e-31
751920,0.0,-2.3139243143819112e-40,9927.05153079236,0.9967586640797594,7.8549961617482636e-31
751980,0.0,-2.313467758596957e-40,9927.05153079236,0.9967586640797594,7.853447581074746e-31
752040,0.0,-2.313011202812003e-40,9927.05153079236,0.9967586640797594,7.851899000401228e-31
752100,0.0,-2.312554647027049e-40,9927.05153079236,0.9967586640797594,7.85035041972771e-31
752160,0.0,-2.3120980912420943e-40,9927.05153079236,0.9967586640797594,7.848801839054191e-31
752220,0.0,-2.31164153545714e-40,9927.05153079236,0.9967586640797594,7.847253258380672e-31
752280,0.0,-2.311184979672186e-40,9927.05153079236,0.9967586640797594,7.845704677707155e-31
752340,0.0,-2.310728423887232e-40,9927.05153079236,0.9967586640797594,7.844156097033637e-31
752400,0.0,-2.3102718681022773e-40,9927.05153079236,0.9967586640797594,7.842607516360118e-31
752460,0.0,-2.3098153123173236e-40,9927.05153079236,0.9967586640797594,7.841058935686601e-31
752520,0.0,-2.309358756532369e-40,9927.05153079236,0.9967586640797594,7.8395103550130826e-31
752580,0.0,-2.308902200747415e-40,9927.05153079236,0.9967586640797594,7.837961774339564e-31
752640,0.0,-2.3084456449624607e-40,9927.05153079236,0.9967586640797594,7.836413193666046e-31
752700,0.0,-2.3079890891775066e-40,9927.05153079236,0.9967586640797594,7.834864612992528e-31
752760,0.0,-2.307532533392552e-40,9927.05153079236,0.9967586640797594,7.83331603231901e-31
752820,0.0,-2.307075977607598e-40,9927.05153079236,0.9967586640797594,7.831767451645491e-31
752880,0.0,-2.3066194218226437e-40,9927.05153079236,0.9967586640797594,7.830218870971974e-31
752940,0.0,-2.3061628660376896e-40,9927.05153079236,0.9967586640797594,7.828670290298455e-31
753000,0.0,-2.3057063102527354e-40,9927.05153079236,0.9967586640797594,7.827121709624937e-31
753060,0.0,-2.3052497544677813e-40,9927.05153079236,0.9967586640797594,7.8255731289514195e-31
753120,0.0,-2.304793198682827e-40,9927.05153079236,0.9967586640797594,7.8240245482779015e-31
753180,0.0,-2.3043366428978726e-40,9927.05153079236,0.9967586640797594,7.822475967604383e-31
753240,0.0,-2.3038800871129185e-40,9927.05153079236,0.9967586640797594,7.820927386930864e-31
753300,0.0,-2.3034235313279643e-40,9927.05153079236,0.9967586640797594,7.819378806257347e-31
753360,0.0,-2.30296697554301e-40,9927.05153079236,0.9967586640797594,7.817830225583829e-31
753420,0.0,-2.3025104197580556e-40,9927.05153079236,0.9967586640797594,7.81628164491031e-31
753480,0.0,-2.302053863973102e-40,9927.05153079236,0.9967586640797594,7.814733064236793e-31
753540,0.0,-2.3015973081881473e-40,9927.05153079236,0.9967586640797594,7.813184483563274e-31
753600,0.0,-2.301140752403193e-40,9927.05153079236,0.9967586640797594,7.8116359028897555e-31
753660,0.0,-2.300684196618239e-40,9927.05153079236,0.9967586640797594,7.8100873222162385e-31
753720,0.0,-2.300227640833285e-40,9927.05153079236,0.9967586640797594,7.80853874154272e-31
753780,0.0,-2.2997710850483304e-40,9927.05153079236,0.9967586640797594,7.806990160869202e-31
753840,0.0,-2.2993145292633762e-40,9927.05153079236,0.9967586640797594,7.805441580195683e-31
753900,0.0,-2.298857973478422e-40,9927.05153079236,0.9967586640797594,7.803892999522166e-31
753960,0.0,-2.298401417693468e-40,9927.05153079236,0.9967586640797594,7.802344418848647e-31
754020,0.0,-2.2979448619085134e-40,9927.05153079236,0.9967586640797594,7.800795838175129e-31
754080,0.0,-2.2974883061235596e-40,9927.05153079236,0.9967586640797594,7.799247257501611e-31
754140,0.0,-2.297031750338605e-40,9927.05153079236,0.9967586640797594,7.797698676828093e-31
754200,0.0,-2.296575194553651e-40,9927.05153079236,0.9967586640797594,7.7961500961545745e-31
754260,0.0,-2.296118638768697e-40,9927.05153079236,0.9967586640797594,7.794601515481056e-31
754320,0.0,-2.2956620829837427e-40,9927.05153079236,0.9967586640797594,7.793052934807539e-31
754380,0.0,-2.2952055271987885e-40,9927.05153079236,0.9967586640797594,7.791504354134021e-31
754440,0.0,-2.294748971413834e-40,9927.05153079236,0.9967586640797594,7.789955773460502e-31
754500,0.0,-2.2942924156288802e-40,9927.05153079236,0.9967586640797594,7.788407192786985e-31
754560,0.0,-2.2938358598439257e-40,9927.05153079236,0.9967586640797594,7.786858612113466e-31
754620,0.0,-2.2933793040589715e-40,9927.05153079236,0.9967586640797594,7.785310031439947e-31
754680,0.0,-2.2929227482740174e-40,9927.05153079236,0.9967586640797594,7.78376145076643e-31
754740,0.0,-2.2924661924890633e-40,9927.05153079236,0.9967586640797594,7.7822128700929114e-31
754800,0.0,-2.2920096367041087e-40,9927.05153079236,0.9967586640797594,7.7806642894193935e-31
754860,0.0,-2.2915530809191546e-40,9927.05153079236,0.9967586640797594,7.779115708745875e-31
754920,0.0,-2.2910965251342004e-40,9927.05153079236,0.9967586640797594,7.777567128072358e-31
754980,0.0,-2.2906399693492463e-40,9927.05153079236,0.9967586640797594,7.776018547398839e-31
755040,0.0,-2.2901834135642917e-40,9927.05153079236,0.9967586640797594,7.774469966725321e-31
755100,0.0,-2.289726857779338e-40,9927.05153079236,0.9967586640797594,7.772921386051803e-31
755160,0.0,-2.2892703019943834e-40,9927.05153079236,0.9967586640797594,7.771372805378285e-31
755220,0.0,-2.2888137462094293e-40,9927.05153079236,0.9967586640797594,7.769824224704766e-31
755280,0.0,-2.2883571904244747e-40,9927.05153079236,0.9967586640797594,7.7682756440312475e-31
755340,0.0,-2.287900634639521e-40,9927.05153079236,0.9967586640797594,7.76672706335773e-31
755400,0.0,-2.2874440788545665e-40,9927.05153079236,0.9967586640797594,7.7651784826842125e-31
755460,0.0,-2.2869875230696123e-40,9927.05153079236,0.9967586640797594,7.763629902010694e-31
755520,0.0,-2.286530967284658e-40,9927.05153079236,0.9967586640797594,7.762081321337177e-31
755580,0.0,-2.286074411499704e-40,9927.05153079236,0.9967586640797594,7.760532740663658e-31
755640,0.0,-2.2856178557147495e-40,9927.05153079236,0.9967586640797594,7.758984159990139e-31
755700,0.0,-2.2851612999297957e-40,9927.05153079236,0.9967586640797594,7.757435579316622e-31
755760,0.0,-2.284704744144841e-40,9927.05153079236,0.9967586640797594,7.755886998643103e-31
755820,0.0,-2.284248188359887e-40,9927.05153079236,0.9967586640797594,7.754338417969585e-31
755880,0.0,-2.283791632574933e-40,9927.05153079236,0.9967586640797594,7.7527898372960665e-31
755940,0.0,-2.2833350767899788e-40,9927.05153079236,0.9967586640797594,7.751241256622549e-31
756000,0.0,-2.2828785210050246e-40,9927.05153079236,0.9967586640797594,7.749692675949031e-31
756060,0.0,-2.28242196522007e-40,9927.05153079236,0.9967586640797594,7.748144095275513e-31
756120,0.0,-2.2819654094351163e-40,9927.05153079236,0.9967586640797594,7.746595514601995e-31
756180,0.0,-2.2815088536501618e-40,9927.05153079236,0.9967586640797594,7.745046933928477e-31
756240,0.0,-2.2810522978652076e-40,9927.05153079236,0.9967586640797594,7.743498353254958e-31
756300,0.0,-2.280595742080253e-40,9927.05153079236,0.9967586640797594,7.741949772581439e-31
756360,0.0,-2.2801391862952994e-40,9927.05153079236,0.9967586640797594,7.740401191907922e-31
756420,0.0,-2.279682630510345e-40,9927.05153079236,0.9967586640797594,7.738852611234404e-31
756480,0.0,-2.2792260747253907e-40,9927.05153079236,0.9967586640797594,7.7373040305608855e-31
756540,0.0,-2.2787695189404365e-40,9927.05153079236,0.9967586640797594,7.735755449887368e-31
756600,0.0,-2.2783129631554824e-40,9927.05153079236,0.9967586640797594,7.73420686921385e-31
756660,0.0,-2.277856407370528e-40,9927.05153079236,0.9967586640797594,7.732658288540331e-31
756720,0.0,-2.277399851585574e-40,9927.05153079236,0.9967586640797594,7.731109707866814e-31
756780,0.0,-2.2769432958006195e-40,9927.05153079236,0.9967586640797594,7.729561127193295e-31
756840,0.0,-2.2764867400156654e-40,9927.05153079236,0.9967586640797594,7.728012546519777e-31
756900,0.0,-2.276030184230711e-40,9927.05153079236,0.9967586640797594,7.726463965846258e-31
756960,0.0,-2.275573628445757e-40,9927.05153079236,0.9967586640797594,7.724915385172741e-31
757020,0.0,-2.2751170726608026e-40,9927.05153079236,0.9967586640797594,7.723366804499222e-31
757080,0.0,-2.2746605168758484e-40,9927.05153079236,0.9967586640797594,7.7218182238257045e-31
757140,0.0,-2.2742039610908943e-40,9927.05153079236,0.9967586640797594,7.7202696431521866e-31
757200,0.0,-2.27374740530594e-40,9927.05153079236,0.9967586640797594,7.718721062478669e-31
757260,0.0,-2.273290849520986e-40,9927.05153079236,0.9967586640797594,7.71717248180515e-31
757320,0.0,-2.2728342937360314e-40,9927.05153079236,0.9967586640797594,7.715623901131631e-31
757380,0.0,-2.2723777379510773e-40,9927.05153079236,0.9967586640797594,7.714075320458114e-31
757440,0.0,-2.271921182166123e-40,9927.05153079236,0.9967586640797594,7.712526739784596e-31
757500,0.0,-2.271464626381169e-40,9927.05153079236,0.9967586640797594,7.710978159111077e-31
757560,0.0,-2.271008070596215e-40,9927.05153079236,0.9967586640797594,7.70942957843756e-31
757620,0.0,-2.2705515148112607e-40,9927.05153079236,0.9967586640797594,7.707880997764041e-31
757680,0.0,-2.270094959026306e-40,9927.05153079236,0.9967586640797594,7.706332417090523e-31
757740,0.0,-2.2696384032413524e-40,9927.05153079236,0.9967586640797594,7.7047838364170055e-31
757800,0.0,-2.269181847456398e-40,9927.05153079236,0.9967586640797594,7.703235255743487e-31
757860,0.0,-2.2687252916714437e-40,9927.05153079236,0.9967586640797594,7.701686675069969e-31
757920,0.0,-2.268268735886489e-40,9927.05153079236,0.9967586640797594,7.70013809439645e-31
757980,0.0,-2.2678121801015355e-40,9927.05153079236,0.9967586640797594,7.698589513722933e-31
758040,0.0,-2.267355624316581e-40,9927.05153079236,0.9967586640797594,7.697040933049414e-31
758100,0.0,-2.2668990685316268e-40,9927.05153079236,0.9967586640797594,7.695492352375896e-31
758160,0.0,-2.2664425127466726e-40,9927.05153079236,0.9967586640797594,7.693943771702378e-31
758220,0.0,-2.2659859569617185e-40,9927.05153079236,0.9967586640797594,7.69239519102886e-31
758280,0.0,-2.265529401176764e-40,9927.05153079236,0.9967586640797594,7.690846610355342e-31
758340,0.0,-2.26507284539181e-40,9927.05153079236,0.9967586640797594,7.6892980296818245e-31
758400,0.0,-2.2646162896068556e-40,9927.05153079236,0.9967586640797594,7.687749449008306e-31
758460,0.0,-2.2641597338219015e-40,9927.05153079236,0.9967586640797594,7.686200868334788e-31
758520,0.0,-2.263703178036947e-40,9927.05153079236,0.9967586640797594,7.684652287661269e-31
758580,0.0,-2.263246622251993e-40,9927.05153079236,0.9967586640797594,7.683103706987752e-31
758640,0.0,-2.2627900664670387e-40,9927.05153079236,0.9967586640797594,7.681555126314233e-31
758700,0.0,-2.2623335106820845e-40,9927.05153079236,0.9967586640797594,7.680006545640714e-31
758760,0.0,-2.2618769548971304e-40,9927.05153079236,0.9967586640797594,7.678457964967197e-31
758820,0.0,-2.2614203991121762e-40,9927.05153079236,0.9967586640797594,7.6769093842936785e-31
758880,0.0,-2.260963843327222e-40,9927.05153079236,0.9967586640797594,7.675360803620161e-31
758940,0.0,-2.2605072875422675e-40,9927.05153079236,0.9967586640797594,7.673812222946642e-31
759000,0.0,-2.2600507317573138e-40,9927.05153079236,0.9967586640797594,7.672263642273125e-31
759060,0.0,-2.2595941759723592e-40,9927.05153079236,0.9967586640797594,7.670715061599606e-31
759120,0.0,-2.259137620187405e-40,9927.05153079236,0.9967586640797594,7.669166480926088e-31
759180,0.0,-2.258681064402451e-40,9927.05153079236,0.9967586640797594,7.66761790025257e-31
759240,0.0,-2.258224508617497e-40,9927.05153079236,0.9967586640797594,7.666069319579052e-31
759300,0.0,-2.2577679528325423e-40,9927.05153079236,0.9967586640797594,7.664520738905533e-31
759360,0.0,-2.2573113970475885e-40,9927.05153079236,0.9967586640797594,7.662972158232016e-31
759420,0.0,-2.256854841262634e-40,9927.05153079236,0.9967586640797594,7.6614235775584975e-31
759480,0.0,-2.25639828547768e-40,9927.05153079236,0.9967586640797594,7.65987499688498e-31
759540,0.0,-2.2559417296927253e-40,9927.05153079236,0.9967586640797594,7.658326416211461e-31
759600,0.0,-2.2554851739077715e-40,9927.05153079236,0.9967586640797594,7.656777835537944e-31
759660,0.0,-2.255028618122817e-40,9927.05153079236,0.9967586640797594,7.655229254864425e-31
759720,0.0,-2.254572062337863e-40,9927.05153079236,0.9967586640797594,7.653680674190906e-31
759780,0.0,-2.2541155065529087e-40,9927.05153079236,0.9967586640797594,7.652132093517389e-31
759840,0.0,-2.2536589507679546e-40,9927.05153079236,0.9967586640797594,7.65058351284387e-31
759900,0.0,-2.253202394983e-40,9927.05153079236,0.9967586640797594,7.649034932170352e-31
759960,0.0,-2.252745839198046e-40,9927.05153079236,0.9967586640797594,7.6474863514968336e-31
760020,0.0,-2.2522892834130917e-40,9927.05153079236,0.9967586640797594,7.6459377708233165e-31
760080,0.0,-2.2518327276281376e-40,9927.05153079236,0.9967586640797594,7.644389190149798e-31
760140,0.0,-2.251376171843183e-40,9927.05153079236,0.9967586640797594,7.64284060947628e-31
760200,0.0,-2.2509196160582293e-40,9927.05153079236,0.9967586640797594,7.641292028802762e-31
760260,0.0,-2.2504630602732747e-40,9927.05153079236,0.9967586640797594,7.639743448129244e-31
760320,0.0,-2.2500065044883206e-40,9927.05153079236,0.9967586640797594,7.638194867455725e-31
760380,0.0,-2.2495499487033665e-40,9927.05153079236,0.9967586640797594,7.636646286782208e-31
760440,0.0,-2.2490933929184123e-40,9927.05153079236,0.9967586640797594,7.635097706108689e-31
760500,0.0,-2.248636837133458e-40,9927.05153079236,0.9967586640797594,7.633549125435171e-31
760560,0.0,-2.2481802813485036e-40,9927.05153079236,0.9967586640797594,7.6320005447616526e-31
760620,0.0,-2.24772372556355e-40,9927.05153079236,0.9967586640797594,7.6304519640881355e-31
760680,0.0,-2.2472671697785953e-40,9927.05153079236,0.9967586640797594,7.628903383414617e-31
760740,0.0,-2.246810613993641e-40,9927.05153079236,0.9967586640797594,7.627354802741098e-31
760800,0.0,-2.246354058208687e-40,9927.05153079236,0.9967586640797594,7.625806222067581e-31
760860,0.0,-2.245897502423733e-40,9927.05153079236,0.9967586640797594,7.624257641394062e-31
760920,0.0,-2.2454409466387784e-40,9927.05153079236,0.9967586640797594,7.622709060720544e-31
760980,0.0,-2.2449843908538242e-40,9927.05153079236,0.9967586640797594,7.621160480047025e-31
761040,0.0,-2.24452783506887e-40,9927.05153079236,0.9967586640797594,7.619611899373508e-31
761100,0.0,-2.244071279283916e-40,9927.05153079236,0.9967586640797594,7.6180633186999895e-31
761160,0.0,-2.2436147234989614e-40,9927.05153079236,0.9967586640797594,7.6165147380264716e-31
761220,0.0,-2.2431581677140076e-40,9927.05153079236,0.9967586640797594,7.614966157352954e-31
761280,0.0,-2.242701611929053e-40,9927.05153079236,0.9967586640797594,7.613417576679436e-31
761340,0.0,-2.242245056144099e-40,9927.05153079236,0.9967586640797594,7.611868996005917e-31
761400,0.0,-2.241788500359145e-40,9927.05153079236,0.9967586640797594,7.6103204153324e-31
761460,0.0,-2.2413319445741907e-40,9927.05153079236,0.9967586640797594,7.608771834658881e-31
761520,0.0,-2.240875388789236e-40,9927.05153079236,0.9967586640797594,7.607223253985363e-31
761580,0.0,-2.240418833004282e-40,9927.05153079236,0.9967586640797594,7.605674673311844e-31
761640,0.0,-2.239962277219328e-40,9927.05153079236,0.9967586640797594,7.604126092638327e-31
761700,0.0,-2.2395057214343737e-40,9927.05153079236,0.9967586640797594,7.6025775119648085e-31
761760,0.0,-2.2390491656494195e-40,9927.05153079236,0.9967586640797594,7.60102893129129e-31
761820,0.0,-2.2385926098644654e-40,9927.05153079236,0.9967586640797594,7.599480350617773e-31
761880,0.0,-2.2381360540795113e-40,9927.05153079236,0.9967586640797594,7.597931769944254e-31
761940,0.0,-2.2376794982945567e-40,9927.05153079236,0.9967586640797594,7.596383189270736e-31
762000,0.0,-2.2372229425096026e-40,9927.05153079236,0.9967586640797594,7.594834608597217e-31
762060,0.0,-2.2367663867246484e-40,9927.05153079236,0.9967586640797594,7.5932860279237e-31
762120,0.0,-2.2363098309396943e-40,9927.05153079236,0.9967586640797594,7.591737447250181e-31
762180,0.0,-2.2358532751547397e-40,9927.05153079236,0.9967586640797594,7.590188866576663e-31
762240,0.0,-2.235396719369786e-40,9927.05153079236,0.9967586640797594,7.588640285903145e-31
762300,0.0,-2.2349401635848314e-40,9927.05153079236,0.9967586640797594,7.5870917052296275e-31
762360,0.0,-2.2344836077998773e-40,9927.05153079236,0.9967586640797594,7.585543124556109e-31
762420,0.0,-2.234027052014923e-40,9927.05153079236,0.9967586640797594,7.583994543882592e-31
762480,0.0,-2.233570496229969e-40,9927.05153079236,0.9967586640797594,7.582445963209073e-31
762540,0.0,-2.2331139404450145e-40,9927.05153079236,0.9967586640797594,7.580897382535555e-31
762600,0.0,-2.2326573846600603e-40,9927.05153079236,0.9967586640797594,7.579348801862036e-31
762660,0.0,-2.232200828875106e-40,9927.05153079236,0.9967586640797594,7.577800221188519e-31
762720,0.0,-2.231744273090152e-40,9927.05153079236,0.9967586640797594,7.576251640515e-31
762780,0.0,-2.2312877173051975e-40,9927.05153079236,0.9967586640797594,7.5747030598414814e-31
762840,0.0,-2.2308311615202437e-40,9927.05153079236,0.9967586640797594,7.573154479167964e-31
762900,0.0,-2.230374605735289e-40,9927.05153079236,0.9967586640797594,7.571605898494446e-31
762960,0.0,-2.229918049950335e-40,9927.05153079236,0.9967586640797594,7.570057317820928e-31
763020,0.0,-2.2294614941653805e-40,9927.05153079236,0.9967586640797594,7.568508737147409e-31
763080,0.0,-2.2290049383804268e-40,9927.05153079236,0.9967586640797594,7.566960156473892e-31
763140,0.0,-2.2285483825954722e-40,9927.05153079236,0.9967586640797594,7.565411575800373e-31
763200,0.0,-2.228091826810518e-40,9927.05153079236,0.9967586640797594,7.563862995126855e-31
763260,0.0,-2.227635271025564e-40,9927.05153079236,0.9967586640797594,7.562314414453337e-31
763320,0.0,-2.2271787152406098e-40,9927.05153079236,0.9967586640797594,7.560765833779819e-31
763380,0.0,-2.2267221594556556e-40,9927.05153079236,0.9967586640797594,7.5592172531063004e-31
763440,0.0,-2.2262656036707015e-40,9927.05153079236,0.9967586640797594,7.557668672432783e-31
763500,0.0,-2.2258090478857474e-40,9927.05153079236,0.9967586640797594,7.556120091759265e-31
763560,0.0,-2.225352492100793e-40,9927.05153079236,0.9967586640797594,7.554571511085747e-31
763620,0.0,-2.2248959363158387e-40,9927.05153079236,0.9967586640797594,7.553022930412228e-31
763680,0.0,-2.2244393805308845e-40,9927.05153079236,0.9967586640797594,7.551474349738711e-31
763740,0.0,-2.2239828247459304e-40,9927.05153079236,0.9967586640797594,7.549925769065192e-31
763800,0.0,-2.223526268960976e-40,9927.05153079236,0.9967586640797594,7.548377188391673e-31
763860,0.0,-2.223069713176022e-40,9927.05153079236,0.9967586640797594,7.546828607718156e-31
763920,0.0,-2.2226131573910675e-40,9927.05153079236,0.9967586640797594,7.545280027044637e-31
763980,0.0,-2.2221566016061134e-40,9927.05153079236,0.9967586640797594,7.5437314463711194e-31
764040,0.0,-2.2217000458211592e-40,9927.05153079236,0.9967586640797594,7.542182865697602e-31
764100,0.0,-2.221243490036205e-40,9927.05153079236,0.9967586640797594,7.540634285024084e-31
764160,0.0,-2.2207869342512506e-40,9927.05153079236,0.9967586640797594,7.539085704350565e-31
764220,0.0,-2.2203303784662964e-40,9927.05153079236,0.9967586640797594,7.537537123677047e-31
764280,0.0,-2.2198738226813423e-40,9927.05153079236,0.9967586640797594,7.535988543003529e-31
764340,0.0,-2.219417266896388e-40,9927.05153079236,0.9967586640797594,7.534439962330011e-31
764400,0.0,-2.2189607111114336e-40,9927.05153079236,0.9967586640797594,7.532891381656492e-31
764460,0.0,-2.21850415532648e-40,9927.05153079236,0.9967586640797594,7.531342800982975e-31
764520,0.0,-2.2180475995415253e-40,9927.05153079236,0.9967586640797594,7.529794220309456e-31
764580,0.0,-2.217591043756571e-40,9927.05153079236,0.9967586640797594,7.528245639635938e-31
764640,0.0,-2.217134487971617e-40,9927.05153079236,0.9967586640797594,7.52669705896242e-31
764700,0.0,-2.216677932186663e-40,9927.05153079236,0.9967586640797594,7.525148478288903e-31
764760,0.0,-2.2162213764017083e-40,9927.05153079236,0.9967586640797594,7.523599897615384e-31
764820,0.0,-2.215764820616754e-40,9927.05153079236,0.9967586640797594,7.522051316941865e-31
764880,0.0,-2.2153082648318e-40,9927.05153079236,0.9967586640797594,7.520502736268348e-31
764940,0.0,-2.214851709046846e-40,9927.05153079236,0.9967586640797594,7.518954155594829e-31
765000,0.0,-2.2143951532618917e-40,9927.05153079236,0.9967586640797594,7.517405574921311e-31
765060,0.0,-2.2139385974769376e-40,9927.05153079236,0.9967586640797594,7.515856994247794e-31
765120,0.0,-2.2134820416919834e-40,9927.05153079236,0.9967586640797594,7.514308413574275e-31
765180,0.0,-2.213025485907029e-40,9927.05153079236,0.9967586640797594,7.5127598329007566e-31
765240,0.0,-2.2125689301220748e-40,9927.05153079236,0.9967586640797594,7.511211252227239e-31
765300,0.0,-2.2121123743371206e-40,9927.05153079236,0.9967586640797594,7.509662671553721e-31
765360,0.0,-2.2116558185521665e-40,9927.05153079236,0.9967586640797594,7.508114090880203e-31
765420,0.0,-2.211199262767212e-40,9927.05153079236,0.9967586640797594,7.506565510206684e-31
765480,0.0,-2.210742706982258e-40,9927.05153079236,0.9967586640797594,7.505016929533167e-31
765540,0.0,-2.2102861511973036e-40,9927.05153079236,0.9967586640797594,7.503468348859648e-31
765600,0.0,-2.2098295954123495e-40,9927.05153079236,0.9967586640797594,7.50191976818613e-31
765660,0.0,-2.209373039627395e-40,9927.05153079236,0.9967586640797594,7.500371187512611e-31
765720,0.0,-2.208916483842441e-40,9927.05153079236,0.9967586640797594,7.498822606839094e-31
765780,0.0,-2.2084599280574866e-40,9927.05153079236,0.9967586640797594,7.4972740261655756e-31
765840,0.0,-2.2080033722725325e-40,9927.05153079236,0.9967586640797594,7.495725445492057e-31
765900,0.0,-2.2075468164875784e-40,9927.05153079236,0.9967586640797594,7.49417686481854e-31
765960,0.0,-2.2070902607026242e-40,9927.05153079236,0.9967586640797594,7.492628284145021e-31
766020,0.0,-2.2066337049176697e-40,9927.05153079236,0.9967586640797594,7.491079703471503e-31
766080,0.0,-2.206177149132716e-40,9927.05153079236,0.9967586640797594,7.489531122797986e-31
766140,0.0,-2.2057205933477614e-40,9927.05153079236,0.9967586640797594,7.487982542124467e-31
766200,0.0,-2.2052640375628072e-40,9927.05153079236,0.9967586640797594,7.486433961450948e-31
766260,0.0,-2.204807481777853e-40,9927.05153079236,0.9967586640797594,7.48488538077743e-31
766320,0.0,-2.204350925992899e-40,9927.05153079236,0.9967586640797594,7.4833368001039125e-31
766380,0.0,-2.203894370207945e-40,9927.05153079236,0.9967586640797594,7.4817882194303946e-31
766440,0.0,-2.2034378144229903e-40,9927.05153079236,0.9967586640797594,7.480239638756876e-31
766500,0.0,-2.202981258638036e-40,9927.05153079236,0.9967586640797594,7.478691058083359e-31
766560,0.0,-2.202524702853082e-40,9927.05153079236,0.9967586640797594,7.47714247740984e-31
766620,0.0,-2.202068147068128e-40,9927.05153079236,0.9967586640797594,7.475593896736322e-31
766680,0.0,-2.2016115912831733e-40,9927.05153079236,0.9967586640797594,7.474045316062803e-31
766740,0.0,-2.2011550354982195e-40,9927.05153079236,0.9967586640797594,7.472496735389286e-31
766800,0.0,-2.200698479713265e-40,9927.05153079236,0.9967586640797594,7.470948154715767e-31
766860,0.0,-2.200241923928311e-40,9927.05153079236,0.9967586640797594,7.4693995740422485e-31
766920,0.0,-2.1997853681433567e-40,9927.05153079236,0.9967586640797594,7.4678509933687315e-31
766980,0.0,-2.1993288123584026e-40,9927.05153079236,0.9967586640797594,7.466302412695213e-31
767040,0.0,-2.198872256573448e-40,9927.05153079236,0.9967586640797594,7.464753832021695e-31
767100,0.0,-2.1984157007884943e-40,9927.05153079236,0.9967586640797594,7.463205251348178e-31
767160,0.0,-2.1979591450035397e-40,9927.05153079236,0.9967586640797594,7.461656670674659e-31
767220,0.0,-2.1975025892185856e-40,9927.05153079236,0.9967586640797594,7.46010809000114e-31
767280,0.0,-2.197046033433631e-40,9927.05153079236,0.9967586640797594,7.458559509327622e-31
767340,0.0,-2.1965894776486773e-40,9927.05153079236,0.9967586640797594,7.457010928654104e-31
767400,0.0,-2.1961329218637227e-40,9927.05153079236,0.9967586640797594,7.455462347980586e-31
767460,0.0,-2.1956763660787686e-40,9927.05153079236,0.9967586640797594,7.4539137673070675e-31
767520,0.0,-2.1952198102938145e-40,9927.05153079236,0.9967586640797594,7.4523651866335505e-31
767580,0.0,-2.1947632545088603e-40,9927.05153079236,0.9967586640797594,7.450816605960032e-31
767640,0.0,-2.1943066987239058e-40,9927.05153079236,0.9967586640797594,7.449268025286514e-31
767700,0.0,-2.1938501429389516e-40,9927.05153079236,0.9967586640797594,7.447719444612995e-31
767760,0.0,-2.1933935871539975e-40,9927.05153079236,0.9967586640797594,7.446170863939478e-31
767820,0.0,-2.1929370313690433e-40,9927.05153079236,0.9967586640797594,7.444622283265959e-31
767880,0.0,-2.192480475584089e-40,9927.05153079236,0.9967586640797594,7.44307370259244e-31
767940,0.0,-2.192023919799135e-40,9927.05153079236,0.9967586640797594,7.441525121918923e-31
768000,0.0,-2.191567364014181e-40,9927.05153079236,0.9967586640797594,7.4399765412454044e-31
768060,0.0,-2.1911108082292264e-40,9927.05153079236,0.9967586640797594,7.4384279605718865e-31
768120,0.0,-2.1906542524442726e-40,9927.05153079236,0.9967586640797594,7.4368793798983695e-31
768180,0.0,-2.190197696659318e-40,9927.05153079236,0.9967586640797594,7.435330799224851e-31
768240,0.0,-2.189741140874364e-40,9927.05153079236,0.9967586640797594,7.433782218551332e-31
768300,0.0,-2.1892845850894094e-40,9927.05153079236,0.9967586640797594,7.432233637877814e-31
768360,0.0,-2.1888280293044556e-40,9927.05153079236,0.9967586640797594,7.430685057204296e-31
768420,0.0,-2.188371473519501e-40,9927.05153079236,0.9967586640797594,7.429136476530778e-31
768480,0.0,-2.187914917734547e-40,9927.05153079236,0.9967586640797594,7.427587895857259e-31
768540,0.0,-2.187458361949593e-40,9927.05153079236,0.9967586640797594,7.426039315183742e-31
768600,0.0,-2.1870018061646387e-40,9927.05153079236,0.9967586640797594,7.4244907345102234e-31
768660,0.0,-2.186545250379684e-40,9927.05153079236,0.9967586640797594,7.4229421538367055e-31
768720,0.0,-2.18608869459473e-40,9927.05153079236,0.9967586640797594,7.421393573163187e-31
768780,0.0,-2.185632138809776e-40,9927.05153079236,0.9967586640797594,7.41984499248967e-31
768840,0.0,-2.1851755830248217e-40,9927.05153079236,0.9967586640797594,7.418296411816151e-31
768900,0.0,-2.184719027239867e-40,9927.05153079236,0.9967586640797594,7.416747831142632e-31
768960,0.0,-2.1842624714549134e-40,9927.05153079236,0.9967586640797594,7.415199250469115e-31
769020,0.0,-2.183805915669959e-40,9927.05153079236,0.9967586640797594,7.413650669795596e-31
769080,0.0,-2.1833493598850047e-40,9927.05153079236,0.9967586640797594,7.412102089122078e-31
769140,0.0,-2.1828928041000506e-40,9927.05153079236,0.9967586640797594,7.410553508448561e-31
769200,0.0,-2.1824362483150964e-40,9927.05153079236,0.9967586640797594,7.409004927775042e-31
769260,0.0,-2.1819796925301423e-40,9927.05153079236,0.9967586640797594,7.407456347101524e-31
769320,0.0,-2.1815231367451877e-40,9927.05153079236,0.9967586640797594,7.405907766428006e-31
769380,0.0,-2.1810665809602336e-40,9927.05153079236,0.9967586640797594,7.404359185754488e-31
769440,0.0,-2.1806100251752794e-40,9927.05153079236,0.9967586640797594,7.40281060508097e-31
769500,0.0,-2.1801534693903253e-40,9927.05153079236,0.9967586640797594,7.401262024407451e-31
769560,0.0,-2.179696913605371e-40,9927.05153079236,0.9967586640797594,7.399713443733934e-31
769620,0.0,-2.179240357820417e-40,9927.05153079236,0.9967586640797594,7.398164863060415e-31
769680,0.0,-2.1787838020354625e-40,9927.05153079236,0.9967586640797594,7.396616282386897e-31
769740,0.0,-2.1783272462505087e-40,9927.05153079236,0.9967586640797594,7.395067701713379e-31
769800,0.0,-2.177870690465554e-40,9927.05153079236,0.9967586640797594,7.393519121039861e-31
769860,0.0,-2.1774141346806e-40,9927.05153079236,0.9967586640797594,7.391970540366343e-31
769920,0.0,-2.1769575788956455e-40,9927.05153079236,0.9967586640797594,7.390421959692824e-31
769980,0.0,-2.1765010231106917e-40,9927.05153079236,0.9967586640797594,7.388873379019307e-31
770040,0.0,-2.176044467325737e-40,9927.05153079236,0.9967586640797594,7.387324798345788e-31
770100,0.0,-2.175587911540783e-40,9927.05153079236,0.9967586640797594,7.38577621767227e-31
770160,0.0,-2.175131355755829e-40,9927.05153079236,0.9967586640797594,7.384227636998753e-31
770220,0.0,-2.1746747999708748e-40,9927.05153079236,0.9967586640797594,7.382679056325234e-31
770280,0.0,-2.1742182441859202e-40,9927.05153079236,0.9967586640797594,7.381130475651715e-31
770340,0.0,-2.173761688400966e-40,9927.05153079236,0.9967586640797594,7.3795818949781975e-31
770400,0.0,-2.173305132616012e-40,9927.05153079236,0.9967586640797594,7.3780333143046796e-31
770460,0.0,-2.1728485768310578e-40,9927.05153079236,0.9967586640797594,7.376484733631162e-31
770520,0.0,-2.1723920210461032e-40,9927.05153079236,0.9967586640797594,7.374936152957643e-31
770580,0.0,-2.1719354652611495e-40,9927.05153079236,0.9967586640797594,7.373387572284126e-31
770640,0.0,-2.171478909476195e-40,9927.05153079236,0.9967586640797594,7.371838991610607e-31
770700,0.0,-2.171022353691241e-40,9927.05153079236,0.9967586640797594,7.370290410937089e-31
770760,0.0,-2.1705657979062867e-40,9927.05153079236,0.9967586640797594,7.368741830263571e-31
770820,0.0,-2.1701092421213325e-40,9927.05153079236,0.9967586640797594,7.367193249590053e-31
770880,0.0,-2.1696526863363784e-40,9927.05153079236,0.9967586640797594,7.365644668916534e-31
770940,0.0,-2.169196130551424e-40,9927.05153079236,0.9967586640797594,7.364096088243016e-31
771000,0.0,-2.16873957476647e-40,9927.05153079236,0.9967586640797594,7.3625475075694986e-31
771060,0.0,-2.1682830189815155e-40,9927.05153079236,0.9967586640797594,7.36099892689598e-31
771120,0.0,-2.1678264631965614e-40,9927.05153079236,0.9967586640797594,7.359450346222462e-31
771180,0.0,-2.1673699074116072e-40,9927.05153079236,0.9967586640797594,7.357901765548945e-31
771240,0.0,-2.166913351626653e-40,9927.05153079236,0.9967586640797594,7.356353184875426e-31
771300,0.0,-2.1664567958416985e-40,9927.05153079236,0.9967586640797594,7.354804604201907e-31
771360,0.0,-2.1660002400567444e-40,9927.05153079236,0.9967586640797594,7.353256023528389e-31
771420,0.0,-2.1655436842717903e-40,9927.05153079236,0.9967586640797594,7.351707442854871e-31
771480,0.0,-2.165087128486836e-40,9927.05153079236,0.9967586640797594,7.350158862181353e-31
771540,0.0,-2.1646305727018816e-40,9927.05153079236,0.9967586640797594,7.348610281507835e-31
771600,0.0,-2.164174016916928e-40,9927.05153079236,0.9967586640797594,7.3470617008343175e-31
771660,0.0,-2.1637174611319733e-40,9927.05153079236,0.9967586640797594,7.345513120160799e-31
771720,0.0,-2.163260905347019e-40,9927.05153079236,0.9967586640797594,7.343964539487281e-31
771780,0.0,-2.162804349562065e-40,9927.05153079236,0.9967586640797594,7.342415958813763e-31
771840,0.0,-2.162347793777111e-40,9927.05153079236,0.9967586640797594,7.340867378140245e-31
771900,0.0,-2.1618912379921563e-40,9927.05153079236,0.9967586640797594,7.339318797466726e-31
771960,0.0,-2.161434682207202e-40,9927.05153079236,0.9967586640797594,7.337770216793207e-31
772020,0.0,-2.160978126422248e-40,9927.05153079236,0.9967586640797594,7.33622163611969e-31
772080,0.0,-2.160521570637294e-40,9927.05153079236,0.9967586640797594,7.3346730554461715e-31
772140,0.0,-2.1600650148523393e-40,9927.05153079236,0.9967586640797594,7.333124474772654e-31
772200,0.0,-2.1596084590673856e-40,9927.05153079236,0.9967586640797594,7.3315758940991365e-31
772260,0.0,-2.159151903282431e-40,9927.05153079236,0.9967586640797594,7.330027313425618e-31
772320,0.0,-2.158695347497477e-40,9927.05153079236,0.9967586640797594,7.328478732752099e-31
772380,0.0,-2.1582387917125228e-40,9927.05153079236,0.9967586640797594,7.326930152078581e-31
772440,0.0,-2.1577822359275686e-40,9927.05153079236,0.9967586640797594,7.325381571405063e-31
772500,0.0,-2.1573256801426145e-40,9927.05153079236,0.9967586640797594,7.323832990731545e-31
772560,0.0,-2.15686912435766e-40,9927.05153079236,0.9967586640797594,7.322284410058026e-31
772620,0.0,-2.156412568572706e-40,9927.05153079236,0.9967586640797594,7.320735829384509e-31
772680,0.0,-2.1559560127877516e-40,9927.05153079236,0.9967586640797594,7.3191872487109905e-31
772740,0.0,-2.1554994570027975e-40,9927.05153079236,0.9967586640797594,7.317638668037473e-31
772800,0.0,-2.1550429012178433e-40,9927.05153079236,0.9967586640797594,7.316090087363955e-31
772860,0.0,-2.154586345432889e-40,9927.05153079236,0.9967586640797594,7.314541506690437e-31
772920,0.0,-2.1541297896479346e-40,9927.05153079236,0.9967586640797594,7.312992926016918e-31
772980,0.0,-2.1536732338629805e-40,9927.05153079236,0.9967586640797594,7.311444345343399e-31
773040,0.0,-2.1532166780780264e-40,9927.05153079236,0.9967586640797594,7.309895764669882e-31
773100,0.0,-2.1527601222930722e-40,9927.05153079236,0.9967586640797594,7.308347183996363e-31
773160,0.0,-2.1523035665081177e-40,9927.05153079236,0.9967586640797594,7.306798603322845e-31
773220,0.0,-2.151847010723164e-40,9927.05153079236,0.9967586640797594,7.305250022649328e-31
773280,0.0,-2.1513904549382094e-40,9927.05153079236,0.9967586640797594,7.3037014419758095e-31
773340,0.0,-2.1509338991532552e-40,9927.05153079236,0.9967586640797594,7.302152861302291e-31
773400,0.0,-2.1504773433683007e-40,9927.05153079236,0.9967586640797594,7.300604280628773e-31
773460,0.0,-2.150020787583347e-40,9927.05153079236,0.9967586640797594,7.299055699955255e-31
773520,0.0,-2.1495642317983924e-40,9927.05153079236,0.9967586640797594,7.297507119281737e-31
773580,0.0,-2.1491076760134383e-40,9927.05153079236,0.9967586640797594,7.295958538608218e-31
773640,0.0,-2.148651120228484e-40,9927.05153079236,0.9967586640797594,7.294409957934701e-31
773700,0.0,-2.14819456444353e-40,9927.05153079236,0.9967586640797594,7.292861377261182e-31
773760,0.0,-2.147738008658576e-40,9927.05153079236,0.9967586640797594,7.291312796587664e-31
773820,0.0,-2.1472814528736217e-40,9927.05153079236,0.9967586640797594,7.289764215914146e-31
773880,0.0,-2.146824897088667e-40,9927.05153079236,0.9967586640797594,7.2882156352406285e-31
773940,0.0,-2.146368341303713e-40,9927.05153079236,0.9967586640797594,7.28666705456711e-31
774000,0.0,-2.145911785518759e-40,9927.05153079236,0.9967586640797594,7.285118473893591e-31
774060,0.0,-2.1454552297338047e-40,9927.05153079236,0.9967586640797594,7.283569893220074e-31
774120,0.0,-2.1449986739488506e-40,9927.05153079236,0.9967586640797594,7.282021312546555e-31
774180,0.0,-2.144542118163896e-40,9927.05153079236,0.9967586640797594,7.280472731873037e-31
774240,0.0,-2.1440855623789423e-40,9927.05153079236,0.9967586640797594,7.27892415119952e-31
774300,0.0,-2.1436290065939877e-40,9927.05153079236,0.9967586640797594,7.277375570526001e-31
774360,0.0,-2.1431724508090336e-40,9927.05153079236,0.9967586640797594,7.2758269898524825e-31
774420,0.0,-2.1427158950240794e-40,9927.05153079236,0.9967586640797594,7.274278409178965e-31
774480,0.0,-2.1422593392391253e-40,9927.05153079236,0.9967586640797594,7.272729828505447e-31
774540,0.0,-2.1418027834541707e-40,9927.05153079236,0.9967586640797594,7.271181247831929e-31
774600,0.0,-2.1413462276692166e-40,9927.05153079236,0.9967586640797594,7.26963266715841e-31
774660,0.0,-2.1408896718842625e-40,9927.05153079236,0.9967586640797594,7.268084086484893e-31
774720,0.0,-2.1404331160993083e-40,9927.05153079236,0.9967586640797594,7.266535505811374e-31
774780,0.0,-2.1399765603143538e-40,9927.05153079236,0.9967586640797594,7.264986925137856e-31
774840,0.0,-2.1395200045294e-40,9927.05153079236,0.9967586640797594,7.263438344464338e-31
774900,0.0,-2.1390634487444455e-40,9927.05153079236,0.9967586640797594,7.26188976379082e-31
774960,0.0,-2.1386068929594913e-40,9927.05153079236,0.9967586640797594,7.2603411831173015e-31
775020,0.0,-2.1381503371745368e-40,9927.05153079236,0.9967586640797594,7.258792602443783e-31
775080,0.0,-2.137693781389583e-40,9927.05153079236,0.9967586640797594,7.257244021770266e-31
775140,0.0,-2.1372372256046285e-40,9927.05153079236,0.9967586640797594,7.255695441096747e-31
775200,0.0,-2.1367806698196744e-40,9927.05153079236,0.9967586640797594,7.254146860423229e-31
775260,0.0,-2.1363241140347202e-40,9927.05153079236,0.9967586640797594,7.252598279749712e-31
775320,0.0,-2.135867558249766e-40,9927.05153079236,0.9967586640797594,7.251049699076193e-31
775380,0.0,-2.135411002464812e-40,9927.05153079236,0.9967586640797594,7.249501118402674e-31
775440,0.0,-2.1349544466798578e-40,9927.05153079236,0.9967586640797594,7.247952537729157e-31
775500,0.0,-2.1344978908949036e-40,9927.05153079236,0.9967586640797594,7.246403957055638e-31
775560,0.0,-2.134041335109949e-40,9927.05153079236,0.9967586640797594,7.2448553763821205e-31
775620,0.0,-2.133584779324995e-40,9927.05153079236,0.9967586640797594,7.243306795708602e-31
775680,0.0,-2.133128223540041e-40,9927.05153079236,0.9967586640797594,7.241758215035085e-31
775740,0.0,-2.1326716677550867e-40,9927.05153079236,0.9967586640797594,7.240209634361566e-31
775800,0.0,-2.132215111970132e-40,9927.05153079236,0.9967586640797594,7.238661053688048e-31
775860,0.0,-2.1317585561851784e-40,9927.05153079236,0.9967586640797594,7.23711247301453e-31
775920,0.0,-2.131302000400224e-40,9927.05153079236,0.9967586640797594,7.235563892341012e-31
775980,0.0,-2.1308454446152697e-40,9927.05153079236,0.9967586640797594,7.234015311667493e-31
776040,0.0,-2.130388888830315e-40,9927.05153079236,0.9967586640797594,7.2324667309939744e-31
776100,0.0,-2.1299323330453614e-40,9927.05153079236,0.9967586640797594,7.230918150320457e-31
776160,0.0,-2.129475777260407e-40,9927.05153079236,0.9967586640797594,7.229369569646939e-31
776220,0.0,-2.1290192214754527e-40,9927.05153079236,0.9967586640797594,7.227820988973421e-31
776280,0.0,-2.1285626656904986e-40,9927.05153079236,0.9967586640797594,7.226272408299904e-31
776340,0.0,-2.1281061099055444e-40,9927.05153079236,0.9967586640797594,7.224723827626385e-31
776400,0.0,-2.12764955412059e-40,9927.05153079236,0.9967586640797594,7.223175246952866e-31
776460,0.0,-2.127192998335636e-40,9927.05153079236,0.9967586640797594,7.221626666279349e-31
776520,0.0,-2.1267364425506816e-40,9927.05153079236,0.9967586640797594,7.22007808560583e-31
776580,0.0,-2.1262798867657274e-40,9927.05153079236,0.9967586640797594,7.218529504932312e-31
776640,0.0,-2.1258233309807733e-40,9927.05153079236,0.9967586640797594,7.2169809242587934e-31
776700,0.0,-2.125366775195819e-40,9927.05153079236,0.9967586640797594,7.215432343585276e-31
776760,0.0,-2.1249102194108646e-40,9927.05153079236,0.9967586640797594,7.213883762911758e-31
776820,0.0,-2.1244536636259104e-40,9927.05153079236,0.9967586640797594,7.21233518223824e-31
776880,0.0,-2.1239971078409563e-40,9927.05153079236,0.9967586640797594,7.210786601564722e-31
776940,0.0,-2.123540552056002e-40,9927.05153079236,0.9967586640797594,7.209238020891204e-31
777000,0.0,-2.123083996271048e-40,9927.05153079236,0.9967586640797594,7.207689440217685e-31
777060,0.0,-2.1226274404860935e-40,9927.05153079236,0.9967586640797594,7.206140859544166e-31
777120,0.0,-2.1221708847011397e-40,9927.05153079236,0.9967586640797594,7.204592278870649e-31
777180,0.0,-2.121714328916185e-40,9927.05153079236,0.9967586640797594,7.20304369819713e-31
777240,0.0,-2.121257773131231e-40,9927.05153079236,0.9967586640797594,7.2014951175236124e-31
777300,0.0,-2.120801217346277e-40,9927.05153079236,0.9967586640797594,7.199946536850095e-31
777360,0.0,-2.1203446615613228e-40,9927.05153079236,0.9967586640797594,7.198397956176577e-31
777420,0.0,-2.119888105776368e-40,9927.05153079236,0.9967586640797594,7.196849375503058e-31
777480,0.0,-2.1194315499914145e-40,9927.05153079236,0.9967586640797594,7.195300794829541e-31
777540,0.0,-2.11897499420646e-40,9927.05153079236,0.9967586640797594,7.193752214156022e-31
777600,0.0,-2.1185184384215058e-40,9927.05153079236,0.9967586640797594,7.192203633482504e-31
777660,0.0,-2.1180618826365512e-40,9927.05153079236,0.9967586640797594,7.190655052808985e-31
777720,0.0,-2.1176053268515975e-40,9927.05153079236,0.9967586640797594,7.189106472135468e-31
777780,0.0,-2.117148771066643e-40,9927.05153079236,0.9967586640797594,7.187557891461949e-31
777840,0.0,-2.1166922152816888e-40,9927.05153079236,0.9967586640797594,7.1860093107884314e-31
777900,0.0,-2.1162356594967347e-40,9927.05153079236,0.9967586640797594,7.1844607301149135e-31
777960,0.0,-2.1157791037117805e-40,9927.05153079236,0.9967586640797594,7.182912149441396e-31
778020,0.0,-2.115322547926826e-40,9927.05153079236,0.9967586640797594,7.181363568767877e-31
778080,0.0,-2.114865992141872e-40,9927.05153079236,0.9967586640797594,7.179814988094358e-31
778140,0.0,-2.1144094363569177e-40,9927.05153079236,0.9967586640797594,7.178266407420841e-31
778200,0.0,-2.1139528805719635e-40,9927.05153079236,0.9967586640797594,7.176717826747322e-31
778260,0.0,-2.1134963247870094e-40,9927.05153079236,0.9967586640797594,7.175169246073804e-31
778320,0.0,-2.1130397690020552e-40,9927.05153079236,0.9967586640797594,7.173620665400287e-31
778380,0.0,-2.112583213217101e-40,9927.05153079236,0.9967586640797594,7.172072084726768e-31
778440,0.0,-2.1121266574321465e-40,9927.05153079236,0.9967586640797594,7.1705235040532496e-31
778500,0.0,-2.1116701016471924e-40,9927.05153079236,0.9967586640797594,7.1689749233797325e-31
778560,0.0,-2.1112135458622383e-40,9927.05153079236,0.9967586640797594,7.167426342706214e-31
778620,0.0,-2.110756990077284e-40,9927.05153079236,0.9967586640797594,7.165877762032696e-31
778680,0.0,-2.1103004342923296e-40,9927.05153079236,0.9967586640797594,7.164329181359177e-31
778740,0.0,-2.109843878507376e-40,9927.05153079236,0.9967586640797594,7.16278060068566e-31
778800,0.0,-2.1093873227224213e-40,9927.05153079236,0.9967586640797594,7.161232020012141e-31
778860,0.0,-2.108930766937467e-40,9927.05153079236,0.9967586640797594,7.159683439338623e-31
778920,0.0,-2.108474211152513e-40,9927.05153079236,0.9967586640797594,7.158134858665105e-31
778980,0.0,-2.108017655367559e-40,9927.05153079236,0.9967586640797594,7.156586277991587e-31
779040,0.0,-2.1075610995826043e-40,9927.05153079236,0.9967586640797594,7.1550376973180686e-31
779100,0.0,-2.10710454379765e-40,9927.05153079236,0.9967586640797594,7.15348911664455e-31
779160,0.0,-2.106647988012696e-40,9927.05153079236,0.9967586640797594,7.151940535971033e-31
779220,0.0,-2.106191432227742e-40,9927.05153079236,0.9967586640797594,7.150391955297514e-31
779280,0.0,-2.1057348764427873e-40,9927.05153079236,0.9967586640797594,7.148843374623996e-31
779340,0.0,-2.1052783206578336e-40,9927.05153079236,0.9967586640797594,7.147294793950479e-31
779400,0.0,-2.104821764872879e-40,9927.05153079236,0.9967586640797594,7.14574621327696e-31
779460,0.0,-2.104365209087925e-40,9927.05153079236,0.9967586640797594,7.144197632603441e-31
779520,0.0,-2.1039086533029707e-40,9927.05153079236,0.9967586640797594,7.142649051929924e-31
779580,0.0,-2.1034520975180166e-40,9927.05153079236,0.9967586640797594,7.1411004712564055e-31
779640,0.0,-2.102995541733062e-40,9927.05153079236,0.9967586640797594,7.1395518905828876e-31
779700,0.0,-2.102538985948108e-40,9927.05153079236,0.9967586640797594,7.138003309909369e-31
779760,0.0,-2.1020824301631538e-40,9927.05153079236,0.9967586640797594,7.136454729235852e-31
779820,0.0,-2.1016258743781996e-40,9927.05153079236,0.9967586640797594,7.134906148562333e-31
779880,0.0,-2.1011693185932455e-40,9927.05153079236,0.9967586640797594,7.133357567888815e-31
779940,0.0,-2.1007127628082913e-40,9927.05153079236,0.9967586640797594,7.131808987215297e-31
780000,0.0,-2.100256207023337e-40,9927.05153079236,0.9967586640797594,7.130260406541779e-31
780060,0.0,-2.0997996512383826e-40,9927.05153079236,0.9967586640797594,7.12871182586826e-31
780120,0.0,-2.099343095453429e-40,9927.05153079236,0.9967586640797594,7.127163245194743e-31
780180,0.0,-2.0988865396684744e-40,9927.05153079236,0.9967586640797594,7.1256146645212245e-31
780240,0.0,-2.0984299838835202e-40,9927.05153079236,0.9967586640797594,7.1240660838477066e-31
780300,0.0,-2.0979734280985657e-40,9927.05153079236,0.9967586640797594,7.122517503174188e-31
780360,0.0,-2.097516872313612e-40,9927.05153079236,0.9967586640797594,7.120968922500671e-31
780420,0.0,-2.0970603165286574e-40,9927.05153079236,0.9967586640797594,7.119420341827152e-31
780480,0.0,-2.0966037607437032e-40,9927.05153079236,0.9967586640797594,7.117871761153633e-31
780540,0.0,-2.096147204958749e-40,9927.05153079236,0.9967586640797594,7.116323180480116e-31
780600,0.0,-2.095690649173795e-40,9927.05153079236,0.9967586640797594,7.114774599806597e-31
780660,0.0,-2.0952340933888404e-40,9927.05153079236,0.9967586640797594,7.113226019133079e-31
780720,0.0,-2.0947775376038863e-40,9927.05153079236,0.9967586640797594,7.1116774384595605e-31
780780,0.0,-2.094320981818932e-40,9927.05153079236,0.9967586640797594,7.1101288577860435e-31
780840,0.0,-2.093864426033978e-40,9927.05153079236,0.9967586640797594,7.108580277112525e-31
780900,0.0,-2.0934078702490234e-40,9927.05153079236,0.9967586640797594,7.107031696439007e-31
780960,0.0,-2.0929513144640697e-40,9927.05153079236,0.9967586640797594,7.105483115765489e-31
781020,0.0,-2.092494758679115e-40,9927.05153079236,0.9967586640797594,7.103934535091971e-31
781080,0.0,-2.092038202894161e-40,9927.05153079236,0.9967586640797594,7.102385954418452e-31
781140,0.0,-2.091581647109207e-40,9927.05153079236,0.9967586640797594,7.100837373744935e-31
781200,0.0,-2.0911250913242527e-40,9927.05153079236,0.9967586640797594,7.099288793071416e-31
781260,0.0,-2.090668535539298e-40,9927.05153079236,0.9967586640797594,7.097740212397898e-31
781320,0.0,-2.090211979754344e-40,9927.05153079236,0.9967586640797594,7.0961916317243795e-31
781380,0.0,-2.08975542396939e-40,9927.05153079236,0.9967586640797594,7.0946430510508625e-31
781440,0.0,-2.0892988681844357e-40,9927.05153079236,0.9967586640797594,7.093094470377344e-31
781500,0.0,-2.0888423123994816e-40,9927.05153079236,0.9967586640797594,7.091545889703825e-31
781560,0.0,-2.0883857566145274e-40,9927.05153079236,0.9967586640797594,7.089997309030308e-31
781620,0.0,-2.0879292008295733e-40,9927.05153079236,0.9967586640797594,7.088448728356789e-31
781680,0.0,-2.0874726450446187e-40,9927.05153079236,0.9967586640797594,7.086900147683271e-31
781740,0.0,-2.0870160892596646e-40,9927.05153079236,0.9967586640797594,7.085351567009752e-31
781800,0.0,-2.0865595334747105e-40,9927.05153079236,0.9967586640797594,7.083802986336235e-31
781860,0.0,-2.0861029776897563e-40,9927.05153079236,0.9967586640797594,7.0822544056627164e-31
781920,0.0,-2.0856464219048018e-40,9927.05153079236,0.9967586640797594,7.0807058249891985e-31
781980,0.0,-2.085189866119848e-40,9927.05153079236,0.9967586640797594,7.079157244315681e-31
782040,0.0,-2.0847333103348935e-40,9927.05153079236,0.9967586640797594,7.077608663642163e-31
782100,0.0,-2.0842767545499393e-40,9927.05153079236,0.9967586640797594,7.076060082968644e-31
782160,0.0,-2.083820198764985e-40,9927.05153079236,0.9967586640797594,7.074511502295127e-31
782220,0.0,-2.083363642980031e-40,9927.05153079236,0.9967586640797594,7.072962921621608e-31
782280,0.0,-2.0829070871950765e-40,9927.05153079236,0.9967586640797594,7.07141434094809e-31
782340,0.0,-2.0824505314101223e-40,9927.05153079236,0.9967586640797594,7.069865760274571e-31
782400,0.0,-2.0819939756251682e-40,9927.05153079236,0.9967586640797594,7.068317179601054e-31
782460,0.0,-2.081537419840214e-40,9927.05153079236,0.9967586640797594,7.0667685989275354e-31
782520,0.0,-2.0810808640552595e-40,9927.05153079236,0.9967586640797594,7.065220018254017e-31
782580,0.0,-2.0806243082703058e-40,9927.05153079236,0.9967586640797594,7.0636714375805e-31
782640,0.0,-2.0801677524853512e-40,9927.05153079236,0.9967586640797594,7.062122856906981e-31
782700,0.0,-2.079711196700397e-40,9927.05153079236,0.9967586640797594,7.060574276233463e-31
782760,0.0,-2.079254640915443e-40,9927.05153079236,0.9967586640797594,7.059025695559944e-31
782820,0.0,-2.078798085130489e-40,9927.05153079236,0.9967586640797594,7.057477114886427e-31
782880,0.0,-2.0783415293455347e-40,9927.05153079236,0.9967586640797594,7.055928534212908e-31
782940,0.0,-2.07788497356058e-40,9927.05153079236,0.9967586640797594,7.05437995353939e-31
783000,0.0,-2.0774284177756264e-40,9927.05153079236,0.9967586640797594,7.052831372865872e-31
783060,0.0,-2.076971861990672e-40,9927.05153079236,0.9967586640797594,7.051282792192354e-31
783120,0.0,-2.0765153062057177e-40,9927.05153079236,0.9967586640797594,7.049734211518836e-31
783180,0.0,-2.0760587504207635e-40,9927.05153079236,0.9967586640797594,7.048185630845319e-31
783240,0.0,-2.0756021946358094e-40,9927.05153079236,0.9967586640797594,7.0466370501718e-31
783300,0.0,-2.075145638850855e-40,9927.05153079236,0.9967586640797594,7.045088469498282e-31
783360,0.0,-2.0746890830659007e-40,9927.05153079236,0.9967586640797594,7.043539888824763e-31
783420,0.0,-2.0742325272809466e-40,9927.05153079236,0.9967586640797594,7.041991308151246e-31
783480,0.0,-2.0737759714959924e-40,9927.05153079236,0.9967586640797594,7.040442727477727e-31
783540,0.0,-2.073319415711038e-40,9927.05153079236,0.9967586640797594,7.038894146804208e-31
783600,0.0,-2.072862859926084e-40,9927.05153079236,0.9967586640797594,7.037345566130691e-31
783660,0.0,-2.0724063041411296e-40,9927.05153079236,0.9967586640797594,7.0357969854571726e-31
783720,0.0,-2.0719497483561754e-40,9927.05153079236,0.9967586640797594,7.034248404783655e-31
783780,0.0,-2.071493192571221e-40,9927.05153079236,0.9967586640797594,7.032699824110136e-31
783840,0.0,-2.071036636786267e-40,9927.05153079236,0.9967586640797594,7.031151243436619e-31
783900,0.0,-2.0705800810013126e-40,9927.05153079236,0.9967586640797594,7.0296026627631e-31
783960,0.0,-2.0701235252163584e-40,9927.05153079236,0.9967586640797594,7.028054082089582e-31
784020,0.0,-2.0696669694314043e-40,9927.05153079236,0.9967586640797594,7.026505501416064e-31
784080,0.0,-2.06921041364645e-40,9927.05153079236,0.9967586640797594,7.024956920742546e-31
784140,0.0,-2.0687538578614956e-40,9927.05153079236,0.9967586640797594,7.023408340069027e-31
784200,0.0,-2.068297302076542e-40,9927.05153079236,0.9967586640797594,7.02185975939551e-31
784260,0.0,-2.0678407462915873e-40,9927.05153079236,0.9967586640797594,7.0203111787219916e-31
784320,0.0,-2.067384190506633e-40,9927.05153079236,0.9967586640797594,7.018762598048474e-31
784380,0.0,-2.066927634721679e-40,9927.05153079236,0.9967586640797594,7.017214017374955e-31
784440,0.0,-2.066471078936725e-40,9927.05153079236,0.9967586640797594,7.015665436701438e-31
784500,0.0,-2.0660145231517708e-40,9927.05153079236,0.9967586640797594,7.014116856027919e-31
784560,0.0,-2.065557967366816e-40,9927.05153079236,0.9967586640797594,7.0125682753544e-31
784620,0.0,-2.0651014115818625e-40,9927.05153079236,0.9967586640797594,7.011019694680883e-31
784680,0.0,-2.064644855796908e-40,9927.05153079236,0.9967586640797594,7.009471114007364e-31
784740,0.0,-2.0641883000119538e-40,9927.05153079236,0.9967586640797594,7.007922533333846e-31
784800,0.0,-2.0637317442269996e-40,9927.05153079236,0.9967586640797594,7.0063739526603285e-31
784860,0.0,-2.0632751884420455e-40,9927.05153079236,0.9967586640797594,7.0048253719868106e-31
784920,0.0,-2.062818632657091e-40,9927.05153079236,0.9967586640797594,7.003276791313292e-31
784980,0.0,-2.0623620768721368e-40,9927.05153079236,0.9967586640797594,7.001728210639774e-31
785040,0.0,-2.0619055210871826e-40,9927.05153079236,0.9967586640797594,7.000179629966256e-31
785100,0.0,-2.0614489653022285e-40,9927.05153079236,0.9967586640797594,6.998631049292738e-31
785160,0.0,-2.060992409517274e-40,9927.05153079236,0.9967586640797594,6.997082468619219e-31
785220,0.0,-2.0605358537323202e-40,9927.05153079236,0.9967586640797594,6.995533887945702e-31
785280,0.0,-2.0600792979473657e-40,9927.05153079236,0.9967586640797594,6.993985307272183e-31
785340,0.0,-2.0596227421624115e-40,9927.05153079236,0.9967586640797594,6.992436726598665e-31
785400,0.0,-2.059166186377457e-40,9927.05153079236,0.9967586640797594,6.990888145925147e-31
785460,0.0,-2.0587096305925032e-40,9927.05153079236,0.9967586640797594,6.9893395652516295e-31
785520,0.0,-2.0582530748075487e-40,9927.05153079236,0.9967586640797594,6.987790984578111e-31
785580,0.0,-2.0577965190225945e-40,9927.05153079236,0.9967586640797594,6.986242403904592e-31
785640,0.0,-2.0573399632376404e-40,9927.05153079236,0.9967586640797594,6.984693823231075e-31
785700,0.0,-2.0568834074526863e-40,9927.05153079236,0.9967586640797594,6.983145242557556e-31
785760,0.0,-2.056426851667732e-40,9927.05153079236,0.9967586640797594,6.981596661884038e-31
785820,0.0,-2.055970295882778e-40,9927.05153079236,0.9967586640797594,6.98004808121052e-31
785880,0.0,-2.0555137400978234e-40,9927.05153079236,0.9967586640797594,6.978499500537002e-31
785940,0.0,-2.0550571843128693e-40,9927.05153079236,0.9967586640797594,6.9769509198634835e-31
786000,0.0,-2.054600628527915e-40,9927.05153079236,0.9967586640797594,6.975402339189966e-31
786060,0.0,-2.054144072742961e-40,9927.05153079236,0.9967586640797594,6.973853758516448e-31
786120,0.0,-2.053687516958007e-40,9927.05153079236,0.9967586640797594,6.97230517784293e-31
786180,0.0,-2.0532309611730523e-40,9927.05153079236,0.9967586640797594,6.970756597169411e-31
786240,0.0,-2.0527744053880986e-40,9927.05153079236,0.9967586640797594,6.969208016495894e-31
786300,0.0,-2.052317849603144e-40,9927.05153079236,0.9967586640797594,6.967659435822375e-31
786360,0.0,-2.05186129381819e-40,9927.05153079236,0.9967586640797594,6.966110855148857e-31
786420,0.0,-2.0514047380332353e-40,9927.05153079236,0.9967586640797594,6.964562274475338e-31
786480,0.0,-2.0509481822482816e-40,9927.05153079236,0.9967586640797594,6.963013693801821e-31
786540,0.0,-2.050491626463327e-40,9927.05153079236,0.9967586640797594,6.9614651131283025e-31
786600,0.0,-2.050035070678373e-40,9927.05153079236,0.9967586640797594,6.959916532454784e-31
786660,0.0,-2.0495785148934187e-40,9927.05153079236,0.9967586640797594,6.958367951781267e-31
786720,0.0,-2.0491219591084646e-40,9927.05153079236,0.9967586640797594,6.956819371107748e-31
786780,0.0,-2.04866540332351e-40,9927.05153079236,0.9967586640797594,6.95527079043423e-31
786840,0.0,-2.0482088475385563e-40,9927.05153079236,0.9967586640797594,6.953722209760712e-31
786900,0.0,-2.0477522917536018e-40,9927.05153079236,0.9967586640797594,6.952173629087194e-31
786960,0.0,-2.0472957359686476e-40,9927.05153079236,0.9967586640797594,6.950625048413675e-31
787020,0.0,-2.046839180183693e-40,9927.05153079236,0.9967586640797594,6.949076467740157e-31
787080,0.0,-2.0463826243987393e-40,9927.05153079236,0.9967586640797594,6.9475278870666394e-31
787140,0.0,-2.0459260686137848e-40,9927.05153079236,0.9967586640797594,6.9459793063931215e-31
787200,0.0,-2.0454695128288306e-40,9927.05153079236,0.9967586640797594,6.944430725719603e-31
787260,0.0,-2.0450129570438765e-40,9927.05153079236,0.9967586640797594,6.942882145046086e-31
787320,0.0,-2.0445564012589224e-40,9927.05153079236,0.9967586640797594,6.941333564372567e-31
787380,0.0,-2.0440998454739682e-40,9927.05153079236,0.9967586640797594,6.939784983699049e-31
787440,0.0,-2.0436432896890137e-40,9927.05153079236,0.9967586640797594,6.93823640302553e-31
787500,0.0,-2.04318673390406e-40,9927.05153079236,0.9967586640797594,6.936687822352013e-31
787560,0.0,-2.0427301781191054e-40,9927.05153079236,0.9967586640797594,6.935139241678494e-31
787620,0.0,-2.0422736223341512e-40,9927.05153079236,0.9967586640797594,6.9335906610049755e-31
787680,0.0,-2.041817066549197e-40,9927.05153079236,0.9967586640797594,6.932042080331458e-31
787740,0.0,-2.041360510764243e-40,9927.05153079236,0.9967586640797594,6.93049349965794e-31
787800,0.0,-2.0409039549792884e-40,9927.05153079236,0.9967586640797594,6.928944918984422e-31
787860,0.0,-2.0404473991943347e-40,9927.05153079236,0.9967586640797594,6.927396338310905e-31
787920,0.0,-2.03999084340938e-40,9927.05153079236,0.9967586640797594,6.925847757637386e-31
787980,0.0,-2.039534287624426e-40,9927.05153079236,0.9967586640797594,6.924299176963867e-31
788040,0.0,-2.0390777318394714e-40,9927.05153079236,0.9967586640797594,6.922750596290349e-31
788100,0.0,-2.0386211760545177e-40,9927.05153079236,0.9967586640797594,6.921202015616831e-31
788160,0.0,-2.038164620269563e-40,9927.05153079236,0.9967586640797594,6.919653434943313e-31
788220,0.0,-2.037708064484609e-40,9927.05153079236,0.9967586640797594,6.9181048542697945e-31
788280,0.0,-2.037251508699655e-40,9927.05153079236,0.9967586640797594,6.916556273596277e-31
788340,0.0,-2.0367949529147007e-40,9927.05153079236,0.9967586640797594,6.915007692922759e-31
788400,0.0,-2.036338397129746e-40,9927.05153079236,0.9967586640797594,6.913459112249241e-31
788460,0.0,-2.035881841344792e-40,9927.05153079236,0.9967586640797594,6.911910531575722e-31
788520,0.0,-2.035425285559838e-40,9927.05153079236,0.9967586640797594,6.910361950902205e-31
788580,0.0,-2.0349687297748837e-40,9927.05153079236,0.9967586640797594,6.908813370228686e-31
788640,0.0,-2.034512173989929e-40,9927.05153079236,0.9967586640797594,6.907264789555167e-31
788700,0.0,-2.0340556182049754e-40,9927.05153079236,0.9967586640797594,6.90571620888165e-31
788760,0.0,-2.033599062420021e-40,9927.05153079236,0.9967586640797594,6.904167628208131e-31
788820,0.0,-2.0331425066350667e-40,9927.05153079236,0.9967586640797594,6.9026190475346135e-31
788880,0.0,-2.0326859508501126e-40,9927.05153079236,0.9967586640797594,6.901070466861096e-31
788940,0.0,-2.0322293950651585e-40,9927.05153079236,0.9967586640797594,6.899521886187578e-31
789000,0.0,-2.0317728392802043e-40,9927.05153079236,0.9967586640797594,6.897973305514059e-31
789060,0.0,-2.0313162834952498e-40,9927.05153079236,0.9967586640797594,6.896424724840541e-31
789120,0.0,-2.030859727710296e-40,9927.05153079236,0.9967586640797594,6.894876144167023e-31
789180,0.0,-2.0304031719253415e-40,9927.05153079236,0.9967586640797594,6.893327563493505e-31
789240,0.0,-2.0299466161403873e-40,9927.05153079236,0.9967586640797594,6.891778982819986e-31
789300,0.0,-2.029490060355433e-40,9927.05153079236,0.9967586640797594,6.890230402146469e-31
789360,0.0,-2.029033504570479e-40,9927.05153079236,0.9967586640797594,6.88868182147295e-31
789420,0.0,-2.0285769487855245e-40,9927.05153079236,0.9967586640797594,6.8871332407994325e-31
789480,0.0,-2.0281203930005703e-40,9927.05153079236,0.9967586640797594,6.885584660125914e-31
789540,0.0,-2.027663837215616e-40,9927.05153079236,0.9967586640797594,6.884036079452397e-31
789600,0.0,-2.027207281430662e-40,9927.05153079236,0.9967586640797594,6.882487498778878e-31
789660,0.0,-2.0267507256457075e-40,9927.05153079236,0.9967586640797594,6.880938918105359e-31
789720,0.0,-2.0262941698607538e-40,9927.05153079236,0.9967586640797594,6.879390337431842e-31
789780,0.0,-2.0258376140757992e-40,9927.05153079236,0.9967586640797594,6.877841756758323e-31
789840,0.0,-2.025381058290845e-40,9927.05153079236,0.9967586640797594,6.876293176084805e-31
789900,0.0,-2.024924502505891e-40,9927.05153079236,0.9967586640797594,6.874744595411288e-31
789960,0.0,-2.0244679467209368e-40,9927.05153079236,0.9967586640797594,6.873196014737769e-31
790020,0.0,-2.0240113909359822e-40,9927.05153079236,0.9967586640797594,6.871647434064251e-31
790080,0.0,-2.023554835151028e-40,9927.05153079236,0.9967586640797594,6.870098853390733e-31
790140,0.0,-2.023098279366074e-40,9927.05153079236,0.9967586640797594,6.868550272717215e-31
790200,0.0,-2.02264172358112e-40,9927.05153079236,0.9967586640797594,6.867001692043697e-31
790260,0.0,-2.0221851677961657e-40,9927.05153079236,0.9967586640797594,6.865453111370178e-31
790320,0.0,-2.0217286120112115e-40,9927.05153079236,0.9967586640797594,6.863904530696661e-31
790380,0.0,-2.021272056226257e-40,9927.05153079236,0.9967586640797594,6.862355950023142e-31
790440,0.0,-2.020815500441303e-40,9927.05153079236,0.9967586640797594,6.860807369349624e-31
790500,0.0,-2.0203589446563487e-40,9927.05153079236,0.9967586640797594,6.859258788676106e-31
790560,0.0,-2.0199023888713945e-40,9927.05153079236,0.9967586640797594,6.857710208002588e-31
790620,0.0,-2.0194458330864404e-40,9927.05153079236,0.9967586640797594,6.85616162732907e-31
790680,0.0,-2.018989277301486e-40,9927.05153079236,0.9967586640797594,6.854613046655551e-31
790740,0.0,-2.018532721516532e-40,9927.05153079236,0.9967586640797594,6.853064465982034e-31
790800,0.0,-2.0180761657315776e-40,9927.05153079236,0.9967586640797594,6.851515885308515e-31
790860,0.0,-2.0176196099466234e-40,9927.05153079236,0.9967586640797594,6.849967304634997e-31
790920,0.0,-2.0171630541616693e-40,9927.05153079236,0.9967586640797594,6.84841872396148e-31
790980,0.0,-2.016706498376715e-40,9927.05153079236,0.9967586640797594,6.846870143287961e-31
791040,0.0,-2.0162499425917606e-40,9927.05153079236,0.9967586640797594,6.845321562614442e-31
791100,0.0,-2.0157933868068064e-40,9927.05153079236,0.9967586640797594,6.8437729819409244e-31
791160,0.0,-2.0153368310218523e-40,9927.05153079236,0.9967586640797594,6.8422244012674065e-31
791220,0.0,-2.014880275236898e-40,9927.05153079236,0.9967586640797594,6.840675820593889e-31
791280,0.0,-2.0144237194519436e-40,9927.05153079236,0.9967586640797594,6.83912723992037e-31
791340,0.0,-2.01396716366699e-40,9927.05153079236,0.9967586640797594,6.837578659246853e-31
791400,0.0,-2.0135106078820353e-40,9927.05153079236,0.9967586640797594,6.836030078573334e-31
791460,0.0,-2.013054052097081e-40,9927.05153079236,0.9967586640797594,6.834481497899816e-31
791520,0.0,-2.012597496312127e-40,9927.05153079236,0.9967586640797594,6.832932917226298e-31
791580,0.0,-2.012140940527173e-40,9927.05153079236,0.9967586640797594,6.83138433655278e-31
791640,0.0,-2.0116843847422183e-40,9927.05153079236,0.9967586640797594,6.829835755879261e-31
791700,0.0,-2.011227828957264e-40,9927.05153079236,0.9967586640797594,6.828287175205743e-31
791760,0.0,-2.01077127317231e-40,9927.05153079236,0.9967586640797594,6.8267385945322255e-31
791820,0.0,-2.010314717387356e-40,9927.05153079236,0.9967586640797594,6.825190013858707e-31
791880,0.0,-2.0098581616024018e-40,9927.05153079236,0.9967586640797594,6.823641433185189e-31
791940,0.0,-2.0094016058174476e-40,9927.05153079236,0.9967586640797594,6.822092852511672e-31
792000,0.0,-2.0089450500324935e-40,9927.05153079236,0.9967586640797594,6.820544271838153e-31
792060,0.0,-2.008488494247539e-40,9927.05153079236,0.9967586640797594,6.818995691164634e-31
792120,0.0,-2.0080319384625848e-40,9927.05153079236,0.9967586640797594,6.817447110491116e-31
792180,0.0,-2.0075753826776306e-40,9927.05153079236,0.9967586640797594,6.815898529817598e-31
792240,0.0,-2.0071188268926765e-40,9927.05153079236,0.9967586640797594,6.81434994914408e-31
792300,0.0,-2.006662271107722e-40,9927.05153079236,0.9967586640797594,6.8128013684705616e-31
792360,0.0,-2.0062057153227682e-40,9927.05153079236,0.9967586640797594,6.8112527877970445e-31
792420,0.0,-2.0057491595378137e-40,9927.05153079236,0.9967586640797594,6.809704207123526e-31
792480,0.0,-2.0052926037528595e-40,9927.05153079236,0.9967586640797594,6.808155626450008e-31
792540,0.0,-2.0048360479679054e-40,9927.05153079236,0.9967586640797594,6.80660704577649e-31
792600,0.0,-2.0043794921829512e-40,9927.05153079236,0.9967586640797594,6.805058465102972e-31
792660,0.0,-2.0039229363979967e-40,9927.05153079236,0.9967586640797594,6.803509884429453e-31
792720,0.0,-2.0034663806130425e-40,9927.05153079236,0.9967586640797594,6.801961303755934e-31
792780,0.0,-2.0030098248280884e-40,9927.05153079236,0.9967586640797594,6.800412723082417e-31
792840,0.0,-2.0025532690431343e-40,9927.05153079236,0.9967586640797594,6.7988641424088985e-31
792900,0.0,-2.0020967132581797e-40,9927.05153079236,0.9967586640797594,6.7973155617353806e-31
792960,0.0,-2.001640157473226e-40,9927.05153079236,0.9967586640797594,6.7957669810618635e-31
793020,0.0,-2.0011836016882714e-40,9927.05153079236,0.9967586640797594,6.794218400388345e-31
793080,0.0,-2.0007270459033173e-40,9927.05153079236,0.9967586640797594,6.792669819714826e-31
793140,0.0,-2.000270490118363e-40,9927.05153079236,0.9967586640797594,6.791121239041308e-31
793200,0.0,-1.999813934333409e-40,9927.05153079236,0.9967586640797594,6.78957265836779e-31
793260,0.0,-1.9993573785484544e-40,9927.05153079236,0.9967586640797594,6.788024077694272e-31
793320,0.0,-1.9989008227635003e-40,9927.05153079236,0.9967586640797594,6.786475497020753e-31
793380,0.0,-1.998444266978546e-40,9927.05153079236,0.9967586640797594,6.784926916347236e-31
793440,0.0,-1.997987711193592e-40,9927.05153079236,0.9967586640797594,6.7833783356737175e-31
793500,0.0,-1.997531155408638e-40,9927.05153079236,0.9967586640797594,6.7818297550001996e-31
793560,0.0,-1.9970745996236837e-40,9927.05153079236,0.9967586640797594,6.780281174326682e-31
793620,0.0,-1.9966180438387296e-40,9927.05153079236,0.9967586640797594,6.778732593653164e-31
793680,0.0,-1.996161488053775e-40,9927.05153079236,0.9967586640797594,6.777184012979645e-31
793740,0.0,-1.995704932268821e-40,9927.05153079236,0.9967586640797594,6.775635432306126e-31
793800,0.0,-1.9952483764838667e-40,9927.05153079236,0.9967586640797594,6.774086851632609e-31
793860,0.0,-1.9947918206989126e-40,9927.05153079236,0.9967586640797594,6.77253827095909e-31
793920,0.0,-1.994335264913958e-40,9927.05153079236,0.9967586640797594,6.770989690285572e-31
793980,0.0,-1.9938787091290043e-40,9927.05153079236,0.9967586640797594,6.769441109612055e-31
794040,0.0,-1.9934221533440498e-40,9927.05153079236,0.9967586640797594,6.7678925289385365e-31
794100,0.0,-1.9929655975590956e-40,9927.05153079236,0.9967586640797594,6.766343948265018e-31
794160,0.0,-1.992509041774141e-40,9927.05153079236,0.9967586640797594,6.7647953675915e-31
794220,0.0,-1.9920524859891873e-40,9927.05153079236,0.9967586640797594,6.763246786917982e-31
794280,0.0,-1.9915959302042328e-40,9927.05153079236,0.9967586640797594,6.761698206244464e-31
794340,0.0,-1.9911393744192786e-40,9927.05153079236,0.9967586640797594,6.760149625570945e-31
794400,0.0,-1.9906828186343245e-40,9927.05153079236,0.9967586640797594,6.758601044897428e-31
794460,0.0,-1.9902262628493704e-40,9927.05153079236,0.9967586640797594,6.757052464223909e-31
794520,0.0,-1.989769707064416e-40,9927.05153079236,0.9967586640797594,6.755503883550391e-31
794580,0.0,-1.989313151279462e-40,9927.05153079236,0.9967586640797594,6.753955302876873e-31
794640,0.0,-1.9888565954945075e-40,9927.05153079236,0.9967586640797594,6.7524067222033555e-31
794700,0.0,-1.9884000397095534e-40,9927.05153079236,0.9967586640797594,6.750858141529837e-31
794760,0.0,-1.9879434839245992e-40,9927.05153079236,0.9967586640797594,6.749309560856318e-31
794820,0.0,-1.987486928139645e-40,9927.05153079236,0.9967586640797594,6.747760980182801e-31
794880,0.0,-1.987030372354691e-40,9927.05153079236,0.9967586640797594,6.746212399509282e-31
794940,0.0,-1.9865738165697364e-40,9927.05153079236,0.9967586640797594,6.744663818835764e-31
795000,0.0,-1.9861172607847822e-40,9927.05153079236,0.9967586640797594,6.743115238162247e-31
795060,0.0,-1.985660704999828e-40,9927.05153079236,0.9967586640797594,6.741566657488728e-31
795120,0.0,-1.985204149214874e-40,9927.05153079236,0.9967586640797594,6.7400180768152094e-31
795180,0.0,-1.98474759342992e-40,9927.05153079236,0.9967586640797594,6.738469496141692e-31
795240,0.0,-1.9842910376449657e-40,9927.05153079236,0.9967586640797594,6.736920915468174e-31
795300,0.0,-1.983834481860011e-40,9927.05153079236,0.9967586640797594,6.735372334794656e-31
795360,0.0,-1.983377926075057e-40,9927.05153079236,0.9967586640797594,6.733823754121137e-31
795420,0.0,-1.982921370290103e-40,9927.05153079236,0.9967586640797594,6.73227517344762e-31
795480,0.0,-1.9824648145051487e-40,9927.05153079236,0.9967586640797594,6.730726592774101e-31
795540,0.0,-1.982008258720194e-40,9927.05153079236,0.9967586640797594,6.729178012100583e-31
795600,0.0,-1.9815517029352404e-40,9927.05153079236,0.9967586640797594,6.727629431427065e-31
795660,0.0,-1.981095147150286e-40,9927.05153079236,0.9967586640797594,6.726080850753547e-31
795720,0.0,-1.9806385913653317e-40,9927.05153079236,0.9967586640797594,6.7245322700800284e-31
795780,0.0,-1.980182035580377e-40,9927.05153079236,0.9967586640797594,6.72298368940651e-31
795840,0.0,-1.9797254797954234e-40,9927.05153079236,0.9967586640797594,6.721435108732993e-31
795900,0.0,-1.979268924010469e-40,9927.05153079236,0.9967586640797594,6.719886528059474e-31
795960,0.0,-1.9788123682255147e-40,9927.05153079236,0.9967586640797594,6.718337947385956e-31
796020,0.0,-1.9783558124405606e-40,9927.05153079236,0.9967586640797594,6.716789366712439e-31
796080,0.0,-1.9778992566556064e-40,9927.05153079236,0.9967586640797594,6.71524078603892e-31
796140,0.0,-1.977442700870652e-40,9927.05153079236,0.9967586640797594,6.713692205365401e-31
796200,0.0,-1.976986145085698e-40,9927.05153079236,0.9967586640797594,6.712143624691884e-31
796260,0.0,-1.9765295893007436e-40,9927.05153079236,0.9967586640797594,6.710595044018365e-31
796320,0.0,-1.9760730335157895e-40,9927.05153079236,0.9967586640797594,6.7090464633448474e-31
796380,0.0,-1.9756164777308353e-40,9927.05153079236,0.9967586640797594,6.707497882671329e-31
796440,0.0,-1.975159921945881e-40,9927.05153079236,0.9967586640797594,6.705949301997812e-31
796500,0.0,-1.974703366160927e-40,9927.05153079236,0.9967586640797594,6.704400721324293e-31
796560,0.0,-1.9742468103759725e-40,9927.05153079236,0.9967586640797594,6.702852140650775e-31
796620,0.0,-1.9737902545910188e-40,9927.05153079236,0.9967586640797594,6.701303559977257e-31
796680,0.0,-1.973333698806064e-40,9927.05153079236,0.9967586640797594,6.699754979303739e-31
796740,0.0,-1.97287714302111e-40,9927.05153079236,0.9967586640797594,6.69820639863022e-31
796800,0.0,-1.9724205872361555e-40,9927.05153079236,0.9967586640797594,6.696657817956701e-31
796860,0.0,-1.9719640314512018e-40,9927.05153079236,0.9967586640797594,6.695109237283184e-31
796920,0.0,-1.9715074756662472e-40,9927.05153079236,0.9967586640797594,6.6935606566096656e-31
796980,0.0,-1.971050919881293e-40,9927.05153079236,0.9967586640797594,6.692012075936148e-31
797040,0.0,-1.970594364096339e-40,9927.05153079236,0.9967586640797594,6.690463495262631e-31
797100,0.0,-1.9701378083113848e-40,9927.05153079236,0.9967586640797594,6.688914914589112e-31
797160,0.0,-1.9696812525264302e-40,9927.05153079236,0.9967586640797594,6.687366333915593e-31
797220,0.0,-1.9692246967414765e-40,9927.05153079236,0.9967586640797594,6.685817753242076e-31
797280,0.0,-1.968768140956522e-40,9927.05153079236,0.9967586640797594,6.684269172568557e-31
797340,0.0,-1.968311585171568e-40,9927.05153079236,0.9967586640797594,6.682720591895039e-31
797400,0.0,-1.9678550293866133e-40,9927.05153079236,0.9967586640797594,6.68117201122152e-31
797460,0.0,-1.9673984736016595e-40,9927.05153079236,0.9967586640797594,6.679623430548003e-31
797520,0.0,-1.966941917816705e-40,9927.05153079236,0.9967586640797594,6.6780748498744846e-31
797580,0.0,-1.966485362031751e-40,9927.05153079236,0.9967586640797594,6.676526269200967e-31
797640,0.0,-1.9660288062467967e-40,9927.05153079236,0.9967586640797594,6.674977688527449e-31
797700,0.0,-1.9655722504618425e-40,9927.05153079236,0.9967586640797594,6.673429107853931e-31
797760,0.0,-1.965115694676888e-40,9927.05153079236,0.9967586640797594,6.671880527180412e-31
797820,0.0,-1.964659138891934e-40,9927.05153079236,0.9967586640797594,6.670331946506893e-31
797880,0.0,-1.9642025831069797e-40,9927.05153079236,0.9967586640797594,6.668783365833376e-31
797940,0.0,-1.9637460273220256e-40,9927.05153079236,0.9967586640797594,6.667234785159857e-31
798000,0.0,-1.9632894715370714e-40,9927.05153079236,0.9967586640797594,6.665686204486339e-31
798060,0.0,-1.9628329157521173e-40,9927.05153079236,0.9967586640797594,6.664137623812822e-31
798120,0.0,-1.962376359967163e-40,9927.05153079236,0.9967586640797594,6.6625890431393036e-31
798180,0.0,-1.9619198041822086e-40,9927.05153079236,0.9967586640797594,6.661040462465785e-31
798240,0.0,-1.961463248397255e-40,9927.05153079236,0.9967586640797594,6.659491881792268e-31
798300,0.0,-1.9610066926123003e-40,9927.05153079236,0.9967586640797594,6.657943301118749e-31
798360,0.0,-1.960550136827346e-40,9927.05153079236,0.9967586640797594,6.656394720445231e-31
798420,0.0,-1.9600935810423916e-40,9927.05153079236,0.9967586640797594,6.654846139771712e-31
798480,0.0,-1.959637025257438e-40,9927.05153079236,0.9967586640797594,6.653297559098195e-31
798540,0.0,-1.9591804694724833e-40,9927.05153079236,0.9967586640797594,6.651748978424676e-31
798600,0.0,-1.958723913687529e-40,9927.05153079236,0.9967586640797594,6.650200397751158e-31
798660,0.0,-1.958267357902575e-40,9927.05153079236,0.9967586640797594,6.6486518170776405e-31
798720,0.0,-1.957810802117621e-40,9927.05153079236,0.9967586640797594,6.6471032364041226e-31
798780,0.0,-1.9573542463326663e-40,9927.05153079236,0.9967586640797594,6.645554655730604e-31
798840,0.0,-1.956897690547712e-40,9927.05153079236,0.9967586640797594,6.644006075057085e-31
798900,0.0,-1.956441134762758e-40,9927.05153079236,0.9967586640797594,6.642457494383568e-31
798960,0.0,-1.955984578977804e-40,9927.05153079236,0.9967586640797594,6.640908913710049e-31
799020,0.0,-1.9555280231928494e-40,9927.05153079236,0.9967586640797594,6.639360333036531e-31
799080,0.0,-1.9550714674078956e-40,9927.05153079236,0.9967586640797594,6.637811752363014e-31
799140,0.0,-1.954614911622941e-40,9927.05153079236,0.9967586640797594,6.636263171689495e-31
799200,0.0,-1.954158355837987e-40,9927.05153079236,0.9967586640797594,6.6347145910159765e-31
799260,0.0,-1.9537018000530328e-40,9927.05153079236,0.9967586640797594,6.6331660103424595e-31
799320,0.0,-1.9532452442680786e-40,9927.05153079236,0.9967586640797594,6.631617429668941e-31
799380,0.0,-1.9527886884831245e-40,9927.05153079236,0.9967586640797594,6.630068848995423e-31
799440,0.0,-1.95233213269817e-40,9927.05153079236,0.9967586640797594,6.628520268321904e-31
799500,0.0,-1.9518755769132162e-40,9927.05153079236,0.9967586640797594,6.626971687648387e-31
799560,0.0,-1.9514190211282617e-40,9927.05153079236,0.9967586640797594,6.625423106974868e-31
799620,0.0,-1.9509624653433075e-40,9927.05153079236,0.9967586640797594,6.62387452630135e-31
799680,0.0,-1.9505059095583534e-40,9927.05153079236,0.9967586640797594,6.622325945627832e-31
799740,0.0,-1.9500493537733992e-40,9927.05153079236,0.9967586640797594,6.620777364954314e-31
799800,0.0,-1.9495927979884447e-40,9927.05153079236,0.9967586640797594,6.6192287842807955e-31
799860,0.0,-1.9491362422034905e-40,9927.05153079236,0.9967586640797594,6.617680203607277e-31
799920,0.0,-1.9486796864185364e-40,9927.05153079236,0.9967586640797594,6.61613162293376e-31
799980,0.0,-1.9482231306335823e-40,9927.05153079236,0.9967586640797594,6.614583042260241e-31
800040,0.0,-1.9477665748486277e-40,9927.05153079236,0.9967586640797594,6.613034461586723e-31
800100,0.0,-1.947310019063674e-40,9927.05153079236,0.9967586640797594,6.611485880913206e-31
800160,0.0,-1.9468534632787194e-40,9927.05153079236,0.9967586640797594,6.609937300239687e-31
800220,0.0,-1.9463969074937653e-40,9927.05153079236,0.9967586640797594,6.608388719566168e-31
800280,0.0,-1.945940351708811e-40,9927.05153079236,0.9967586640797594,6.606840138892651e-31
800340,0.0,-1.945483795923857e-40,9927.05153079236,0.9967586640797594,6.6052915582191324e-31
800400,0.0,-1.9450272401389024e-40,9927.05153079236,0.9967586640797594,6.6037429775456145e-31
800460,0.0,-1.9445706843539483e-40,9927.05153079236,0.9967586640797594,6.602194396872096e-31
800520,0.0,-1.944114128568994e-40,9927.05153079236,0.9967586640797594,6.600645816198579e-31
800580,0.0,-1.94365757278404e-40,9927.05153079236,0.9967586640797594,6.59909723552506e-31
800640,0.0,-1.9432010169990855e-40,9927.05153079236,0.9967586640797594,6.597548654851542e-31
800700,0.0,-1.9427444612141317e-40,9927.05153079236,0.9967586640797594,6.596000074178024e-31
800760,0.0,-1.942287905429177e-40,9927.05153079236,0.9967586640797594,6.594451493504506e-31
800820,0.0,-1.941831349644223e-40,9927.05153079236,0.9967586640797594,6.592902912830987e-31
800880,0.0,-1.941374793859269e-40,9927.05153079236,0.9967586640797594,6.59135433215747e-31
800940,0.0,-1.9409182380743147e-40,9927.05153079236,0.9967586640797594,6.5898057514839514e-31
801000,0.0,-1.9404616822893606e-40,9927.05153079236,0.9967586640797594,6.588257170810433e-31
801060,0.0,-1.940005126504406e-40,9927.05153079236,0.9967586640797594,6.586708590136915e-31
801120,0.0,-1.9395485707194523e-40,9927.05153079236,0.9967586640797594,6.585160009463398e-31
801180,0.0,-1.9390920149344978e-40,9927.05153079236,0.9967586640797594,6.583611428789879e-31
801240,0.0,-1.9386354591495436e-40,9927.05153079236,0.9967586640797594,6.58206284811636e-31
801300,0.0,-1.9381789033645895e-40,9927.05153079236,0.9967586640797594,6.580514267442843e-31
801360,0.0,-1.9377223475796353e-40,9927.05153079236,0.9967586640797594,6.578965686769324e-31
801420,0.0,-1.9372657917946808e-40,9927.05153079236,0.9967586640797594,6.577417106095806e-31
801480,0.0,-1.9368092360097266e-40,9927.05153079236,0.9967586640797594,6.5758685254222875e-31
801540,0.0,-1.9363526802247725e-40,9927.05153079236,0.9967586640797594,6.57431994474877e-31
801600,0.0,-1.9358961244398183e-40,9927.05153079236,0.9967586640797594,6.572771364075252e-31
801660,0.0,-1.9354395686548638e-40,9927.05153079236,0.9967586640797594,6.571222783401734e-31
801720,0.0,-1.93498301286991e-40,9927.05153079236,0.9967586640797594,6.569674202728216e-31
801780,0.0,-1.9345264570849555e-40,9927.05153079236,0.9967586640797594,6.568125622054698e-31
801840,0.0,-1.9340699013000014e-40,9927.05153079236,0.9967586640797594,6.566577041381179e-31
801900,0.0,-1.9336133455150472e-40,9927.05153079236,0.9967586640797594,6.565028460707662e-31
801960,0.0,-1.933156789730093e-40,9927.05153079236,0.9967586640797594,6.563479880034143e-31
802020,0.0,-1.9327002339451385e-40,9927.05153079236,0.9967586640797594,6.561931299360624e-31
802080,0.0,-1.9322436781601844e-40,9927.05153079236,0.9967586640797594,6.5603827186871065e-31
802140,0.0,-1.9317871223752302e-40,9927.05153079236,0.9967586640797594,6.558834138013589e-31
802200,0.0,-1.931330566590276e-40,9927.05153079236,0.9967586640797594,6.557285557340071e-31
802260,0.0,-1.930874010805322e-40,9927.05153079236,0.9967586640797594,6.555736976666552e-31
802320,0.0,-1.930417455020368e-40,9927.05153079236,0.9967586640797594,6.554188395993035e-31
802380,0.0,-1.9299608992354133e-40,9927.05153079236,0.9967586640797594,6.552639815319516e-31
802440,0.0,-1.929504343450459e-40,9927.05153079236,0.9967586640797594,6.551091234645998e-31
802500,0.0,-1.929047787665505e-40,9927.05153079236,0.9967586640797594,6.549542653972479e-31
802560,0.0,-1.928591231880551e-40,9927.05153079236,0.9967586640797594,6.547994073298962e-31
802620,0.0,-1.9281346760955967e-40,9927.05153079236,0.9967586640797594,6.546445492625443e-31
802680,0.0,-1.927678120310642e-40,9927.05153079236,0.9967586640797594,6.5448969119519255e-31
802740,0.0,-1.9272215645256884e-40,9927.05153079236,0.9967586640797594,6.5433483312784076e-31
802800,0.0,-1.926765008740734e-40,9927.05153079236,0.9967586640797594,6.54179975060489e-31
802860,0.0,-1.9263084529557797e-40,9927.05153079236,0.9967586640797594,6.540251169931371e-31
802920,0.0,-1.9258518971708256e-40,9927.05153079236,0.9967586640797594,6.538702589257854e-31
802980,0.0,-1.9253953413858714e-40,9927.05153079236,0.9967586640797594,6.537154008584335e-31
803040,0.0,-1.924938785600917e-40,9927.05153079236,0.9967586640797594,6.535605427910816e-31
803100,0.0,-1.9244822298159627e-40,9927.05153079236,0.9967586640797594,6.534056847237298e-31
803160,0.0,-1.9240256740310086e-40,9927.05153079236,0.9967586640797594,6.532508266563781e-31
803220,0.0,-1.9235691182460544e-40,9927.05153079236,0.9967586640797594,6.530959685890262e-31
803280,0.0,-1.9231125624611e-40,9927.05153079236,0.9967586640797594,6.529411105216744e-31
803340,0.0,-1.922656006676146e-40,9927.05153079236,0.9967586640797594,6.5278625245432266e-31
803400,0.0,-1.9221994508911916e-40,9927.05153079236,0.9967586640797594,6.526313943869708e-31
803460,0.0,-1.9217428951062375e-40,9927.05153079236,0.9967586640797594,6.52476536319619e-31
803520,0.0,-1.921286339321283e-40,9927.05153079236,0.9967586640797594,6.523216782522671e-31
803580,0.0,-1.920829783536329e-40,9927.05153079236,0.9967586640797594,6.521668201849154e-31
803640,0.0,-1.9203732277513746e-40,9927.05153079236,0.9967586640797594,6.520119621175635e-31
803700,0.0,-1.9199166719664205e-40,9927.05153079236,0.9967586640797594,6.518571040502117e-31
803760,0.0,-1.9194601161814663e-40,9927.05153079236,0.9967586640797594,6.517022459828599e-31
803820,0.0,-1.919003560396512e-40,9927.05153079236,0.9967586640797594,6.515473879155081e-31
803880,0.0,-1.918547004611558e-40,9927.05153079236,0.9967586640797594,6.513925298481563e-31
803940,0.0,-1.918090448826604e-40,9927.05153079236,0.9967586640797594,6.5123767178080455e-31
804000,0.0,-1.9176338930416498e-40,9927.05153079236,0.9967586640797594,6.510828137134527e-31
804060,0.0,-1.9171773372566952e-40,9927.05153079236,0.9967586640797594,6.509279556461008e-31
804120,0.0,-1.916720781471741e-40,9927.05153079236,0.9967586640797594,6.50773097578749e-31
804180,0.0,-1.916264225686787e-40,9927.05153079236,0.9967586640797594,6.506182395113973e-31
804240,0.0,-1.9158076699018328e-40,9927.05153079236,0.9967586640797594,6.504633814440454e-31
804300,0.0,-1.9153511141168782e-40,9927.05153079236,0.9967586640797594,6.503085233766935e-31
804360,0.0,-1.9148945583319245e-40,9927.05153079236,0.9967586640797594,6.501536653093418e-31
804420,0.0,-1.91443800254697e-40,9927.05153079236,0.9967586640797594,6.4999880724198995e-31
804480,0.0,-1.913981446762016e-40,9927.05153079236,0.9967586640797594,6.498439491746382e-31
804540,0.0,-1.9135248909770613e-40,9927.05153079236,0.9967586640797594,6.496890911072863e-31
804600,0.0,-1.9130683351921075e-40,9927.05153079236,0.9967586640797594,6.495342330399346e-31
804660,0.0,-1.912611779407153e-40,9927.05153079236,0.9967586640797594,6.493793749725827e-31
804720,0.0,-1.912155223622199e-40,9927.05153079236,0.9967586640797594,6.492245169052309e-31
804780,0.0,-1.9116986678372447e-40,9927.05153079236,0.9967586640797594,6.490696588378791e-31
804840,0.0,-1.9112421120522905e-40,9927.05153079236,0.9967586640797594,6.489148007705273e-31
804900,0.0,-1.910785556267336e-40,9927.05153079236,0.9967586640797594,6.487599427031754e-31
804960,0.0,-1.9103290004823823e-40,9927.05153079236,0.9967586640797594,6.486050846358237e-31
805020,0.0,-1.9098724446974277e-40,9927.05153079236,0.9967586640797594,6.4845022656847185e-31
805080,0.0,-1.9094158889124736e-40,9927.05153079236,0.9967586640797594,6.4829536850112e-31
805140,0.0,-1.908959333127519e-40,9927.05153079236,0.9967586640797594,6.481405104337682e-31
805200,0.0,-1.9085027773425653e-40,9927.05153079236,0.9967586640797594,6.479856523664165e-31
805260,0.0,-1.9080462215576107e-40,9927.05153079236,0.9967586640797594,6.478307942990646e-31
805320,0.0,-1.9075896657726566e-40,9927.05153079236,0.9967586640797594,6.476759362317127e-31
805380,0.0,-1.9071331099877024e-40,9927.05153079236,0.9967586640797594,6.47521078164361e-31
805440,0.0,-1.9066765542027483e-40,9927.05153079236,0.9967586640797594,6.473662200970091e-31
805500,0.0,-1.906219998417794e-40,9927.05153079236,0.9967586640797594,6.472113620296573e-31
805560,0.0,-1.90576344263284e-40,9927.05153079236,0.9967586640797594,6.4705650396230554e-31
805620,0.0,-1.905306886847886e-40,9927.05153079236,0.9967586640797594,6.4690164589495375e-31
805680,0.0,-1.9048503310629313e-40,9927.05153079236,0.9967586640797594,6.467467878276019e-31
805740,0.0,-1.904393775277977e-40,9927.05153079236,0.9967586640797594,6.465919297602501e-31
805800,0.0,-1.903937219493023e-40,9927.05153079236,0.9967586640797594,6.464370716928983e-31
805860,0.0,-1.903480663708069e-40,9927.05153079236,0.9967586640797594,6.462822136255465e-31
805920,0.0,-1.9030241079231143e-40,9927.05153079236,0.9967586640797594,6.461273555581946e-31
805980,0.0,-1.9025675521381606e-40,9927.05153079236,0.9967586640797594,6.459724974908429e-31
806040,0.0,-1.902110996353206e-40,9927.05153079236,0.9967586640797594,6.45817639423491e-31
806100,0.0,-1.901654440568252e-40,9927.05153079236,0.9967586640797594,6.4566278135613915e-31
806160,0.0,-1.9011978847832974e-40,9927.05153079236,0.9967586640797594,6.4550792328878736e-31
806220,0.0,-1.9007413289983436e-40,9927.05153079236,0.9967586640797594,6.4535306522143565e-31
806280,0.0,-1.900284773213389e-40,9927.05153079236,0.9967586640797594,6.451982071540838e-31
806340,0.0,-1.899828217428435e-40,9927.05153079236,0.9967586640797594,6.450433490867319e-31
806400,0.0,-1.8993716616434808e-40,9927.05153079236,0.9967586640797594,6.448884910193802e-31
806460,0.0,-1.8989151058585266e-40,9927.05153079236,0.9967586640797594,6.447336329520283e-31
806520,0.0,-1.898458550073572e-40,9927.05153079236,0.9967586640797594,6.445787748846765e-31
806580,0.0,-1.8980019942886184e-40,9927.05153079236,0.9967586640797594,6.444239168173247e-31
806640,0.0,-1.897545438503664e-40,9927.05153079236,0.9967586640797594,6.442690587499729e-31
806700,0.0,-1.8970888827187097e-40,9927.05153079236,0.9967586640797594,6.4411420068262105e-31
806760,0.0,-1.8966323269337555e-40,9927.05153079236,0.9967586640797594,6.4395934261526926e-31
806820,0.0,-1.8961757711488014e-40,9927.05153079236,0.9967586640797594,6.438044845479175e-31
806880,0.0,-1.8957192153638472e-40,9927.05153079236,0.9967586640797594,6.436496264805657e-31
806940,0.0,-1.8952626595788927e-40,9927.05153079236,0.9967586640797594,6.434947684132138e-31
807000,0.0,-1.8948061037939385e-40,9927.05153079236,0.9967586640797594,6.433399103458621e-31
807060,0.0,-1.8943495480089844e-40,9927.05153079236,0.9967586640797594,6.431850522785102e-31
807120,0.0,-1.8938929922240302e-40,9927.05153079236,0.9967586640797594,6.430301942111583e-31
807180,0.0,-1.8934364364390757e-40,9927.05153079236,0.9967586640797594,6.428753361438065e-31
807240,0.0,-1.892979880654122e-40,9927.05153079236,0.9967586640797594,6.427204780764548e-31
807300,0.0,-1.8925233248691674e-40,9927.05153079236,0.9967586640797594,6.4256562000910295e-31
807360,0.0,-1.8920667690842133e-40,9927.05153079236,0.9967586640797594,6.424107619417511e-31
807420,0.0,-1.891610213299259e-40,9927.05153079236,0.9967586640797594,6.422559038743994e-31
807480,0.0,-1.891153657514305e-40,9927.05153079236,0.9967586640797594,6.421010458070475e-31
807540,0.0,-1.8906971017293504e-40,9927.05153079236,0.9967586640797594,6.419461877396957e-31
807600,0.0,-1.8902405459443967e-40,9927.05153079236,0.9967586640797594,6.417913296723439e-31
807660,0.0,-1.889783990159442e-40,9927.05153079236,0.9967586640797594,6.416364716049921e-31
807720,0.0,-1.889327434374488e-40,9927.05153079236,0.9967586640797594,6.414816135376402e-31
807780,0.0,-1.8888708785895334e-40,9927.05153079236,0.9967586640797594,6.413267554702884e-31
807840,0.0,-1.8884143228045797e-40,9927.05153079236,0.9967586640797594,6.411718974029366e-31
807900,0.0,-1.887957767019625e-40,9927.05153079236,0.9967586640797594,6.4101703933558485e-31
807960,0.0,-1.887501211234671e-40,9927.05153079236,0.9967586640797594,6.40862181268233e-31
808020,0.0,-1.887044655449717e-40,9927.05153079236,0.9967586640797594,6.407073232008813e-31
808080,0.0,-1.8865880996647627e-40,9927.05153079236,0.9967586640797594,6.405524651335294e-31
808140,0.0,-1.886131543879808e-40,9927.05153079236,0.9967586640797594,6.403976070661775e-31
808200,0.0,-1.885674988094854e-40,9927.05153079236,0.9967586640797594,6.402427489988257e-31
808260,0.0,-1.8852184323099e-40,9927.05153079236,0.9967586640797594,6.40087890931474e-31
808320,0.0,-1.8847618765249458e-40,9927.05153079236,0.9967586640797594,6.399330328641221e-31
808380,0.0,-1.8843053207399916e-40,9927.05153079236,0.9967586640797594,6.3977817479677024e-31
808440,0.0,-1.8838487649550375e-40,9927.05153079236,0.9967586640797594,6.396233167294185e-31
808500,0.0,-1.8833922091700833e-40,9927.05153079236,0.9967586640797594,6.394684586620667e-31
808560,0.0,-1.8829356533851288e-40,9927.05153079236,0.9967586640797594,6.393136005947149e-31
808620,0.0,-1.882479097600175e-40,9927.05153079236,0.9967586640797594,6.391587425273631e-31
808680,0.0,-1.8820225418152205e-40,9927.05153079236,0.9967586640797594,6.390038844600113e-31
808740,0.0,-1.8815659860302663e-40,9927.05153079236,0.9967586640797594,6.388490263926594e-31
808800,0.0,-1.8811094302453118e-40,9927.05153079236,0.9967586640797594,6.386941683253076e-31
808860,0.0,-1.880652874460358e-40,9927.05153079236,0.9967586640797594,6.385393102579558e-31
808920,0.0,-1.8801963186754035e-40,9927.05153079236,0.9967586640797594,6.38384452190604e-31
808980,0.0,-1.8797397628904494e-40,9927.05153079236,0.9967586640797594,6.3822959412325214e-31
809040,0.0,-1.8792832071054952e-40,9927.05153079236,0.9967586640797594,6.380747360559004e-31
809100,0.0,-1.878826651320541e-40,9927.05153079236,0.9967586640797594,6.379198779885486e-31
809160,0.0,-1.8783700955355865e-40,9927.05153079236,0.9967586640797594,6.377650199211967e-31
809220,0.0,-1.8779135397506324e-40,9927.05153079236,0.9967586640797594,6.376101618538449e-31
809280,0.0,-1.8774569839656782e-40,9927.05153079236,0.9967586640797594,6.374553037864932e-31
809340,0.0,-1.877000428180724e-40,9927.05153079236,0.9967586640797594,6.373004457191413e-31
809400,0.0,-1.8765438723957695e-40,9927.05153079236,0.9967586640797594,6.371455876517894e-31
809460,0.0,-1.876087316610816e-40,9927.05153079236,0.9967586640797594,6.369907295844377e-31
809520,0.0,-1.8756307608258613e-40,9927.05153079236,0.9967586640797594,6.368358715170858e-31
809580,0.0,-1.875174205040907e-40,9927.05153079236,0.9967586640797594,6.3668101344973404e-31
809640,0.0,-1.874717649255953e-40,9927.05153079236,0.9967586640797594,6.3652615538238225e-31
809700,0.0,-1.874261093470999e-40,9927.05153079236,0.9967586640797594,6.363712973150305e-31
809760,0.0,-1.8738045376860443e-40,9927.05153079236,0.9967586640797594,6.362164392476786e-31
809820,0.0,-1.87334798190109e-40,9927.05153079236,0.9967586640797594,6.360615811803268e-31
809880,0.0,-1.872891426116136e-40,9927.05153079236,0.9967586640797594,6.35906723112975e-31
809940,0.0,-1.872434870331182e-40,9927.05153079236,0.9967586640797594,6.357518650456232e-31
810000,0.0,-1.8719783145462277e-40,9927.05153079236,0.9967586640797594,6.355970069782713e-31
810060,0.0,-1.8715217587612736e-40,9927.05153079236,0.9967586640797594,6.354421489109196e-31
810120,0.0,-1.8710652029763194e-40,9927.05153079236,0.9967586640797594,6.352872908435677e-31
810180,0.0,-1.870608647191365e-40,9927.05153079236,0.9967586640797594,6.351324327762159e-31
810240,0.0,-1.8701520914064107e-40,9927.05153079236,0.9967586640797594,6.349775747088641e-31
810300,0.0,-1.8696955356214566e-40,9927.05153079236,0.9967586640797594,6.348227166415124e-31
810360,0.0,-1.8692389798365024e-40,9927.05153079236,0.9967586640797594,6.346678585741605e-31
810420,0.0,-1.868782424051548e-40,9927.05153079236,0.9967586640797594,6.345130005068086e-31
810480,0.0,-1.868325868266594e-40,9927.05153079236,0.9967586640797594,6.343581424394569e-31
810540,0.0,-1.8678693124816396e-40,9927.05153079236,0.9967586640797594,6.34203284372105e-31
810600,0.0,-1.8674127566966855e-40,9927.05153079236,0.9967586640797594,6.340484263047532e-31
810660,0.0,-1.8669562009117313e-40,9927.05153079236,0.9967586640797594,6.338935682374014e-31
810720,0.0,-1.866499645126777e-40,9927.05153079236,0.9967586640797594,6.337387101700496e-31
810780,0.0,-1.8660430893418226e-40,9927.05153079236,0.9967586640797594,6.3358385210269776e-31
810840,0.0,-1.8655865335568685e-40,9927.05153079236,0.9967586640797594,6.33428994035346e-31
810900,0.0,-1.8651299777719143e-40,9927.05153079236,0.9967586640797594,6.332741359679942e-31
810960,0.0,-1.86467342198696e-40,9927.05153079236,0.9967586640797594,6.331192779006424e-31
811020,0.0,-1.8642168662020056e-40,9927.05153079236,0.9967586640797594,6.329644198332905e-31
811080,0.0,-1.863760310417052e-40,9927.05153079236,0.9967586640797594,6.328095617659388e-31
811140,0.0,-1.8633037546320974e-40,9927.05153079236,0.9967586640797594,6.326547036985869e-31
811200,0.0,-1.8628471988471432e-40,9927.05153079236,0.9967586640797594,6.32499845631235e-31
811260,0.0,-1.862390643062189e-40,9927.05153079236,0.9967586640797594,6.323449875638833e-31
811320,0.0,-1.861934087277235e-40,9927.05153079236,0.9967586640797594,6.321901294965315e-31
811380,0.0,-1.8614775314922808e-40,9927.05153079236,0.9967586640797594,6.3203527142917966e-31
811440,0.0,-1.8610209757073262e-40,9927.05153079236,0.9967586640797594,6.318804133618278e-31
811500,0.0,-1.860564419922372e-40,9927.05153079236,0.9967586640797594,6.317255552944761e-31
811560,0.0,-1.860107864137418e-40,9927.05153079236,0.9967586640797594,6.315706972271242e-31
811620,0.0,-1.859651308352464e-40,9927.05153079236,0.9967586640797594,6.314158391597724e-31
811680,0.0,-1.8591947525675097e-40,9927.05153079236,0.9967586640797594,6.312609810924206e-31
811740,0.0,-1.8587381967825555e-40,9927.05153079236,0.9967586640797594,6.311061230250688e-31
811800,0.0,-1.858281640997601e-40,9927.05153079236,0.9967586640797594,6.309512649577169e-31
811860,0.0,-1.857825085212647e-40,9927.05153079236,0.9967586640797594,6.307964068903651e-31
811920,0.0,-1.8573685294276927e-40,9927.05153079236,0.9967586640797594,6.3064154882301335e-31
811980,0.0,-1.8569119736427385e-40,9927.05153079236,0.9967586640797594,6.3048669075566156e-31
812040,0.0,-1.856455417857784e-40,9927.05153079236,0.9967586640797594,6.303318326883097e-31
812100,0.0,-1.8559988620728303e-40,9927.05153079236,0.9967586640797594,6.30176974620958e-31
812160,0.0,-1.8555423062878757e-40,9927.05153079236,0.9967586640797594,6.300221165536061e-31
812220,0.0,-1.8550857505029216e-40,9927.05153079236,0.9967586640797594,6.298672584862542e-31
812280,0.0,-1.8546291947179674e-40,9927.05153079236,0.9967586640797594,6.297124004189025e-31
812340,0.0,-1.8541726389330133e-40,9927.05153079236,0.9967586640797594,6.295575423515507e-31
812400,0.0,-1.8537160831480587e-40,9927.05153079236,0.9967586640797594,6.294026842841988e-31
812460,0.0,-1.8532595273631046e-40,9927.05153079236,0.9967586640797594,6.2924782621684695e-31
812520,0.0,-1.8528029715781504e-40,9927.05153079236,0.9967586640797594,6.2909296814949525e-31
812580,0.0,-1.8523464157931963e-40,9927.05153079236,0.9967586640797594,6.289381100821434e-31
812640,0.0,-1.8518898600082417e-40,9927.05153079236,0.9967586640797594,6.287832520147916e-31
812700,0.0,-1.851433304223288e-40,9927.05153079236,0.9967586640797594,6.286283939474398e-31
812760,0.0,-1.8509767484383335e-40,9927.05153079236,0.9967586640797594,6.28473535880088e-31
812820,0.0,-1.8505201926533793e-40,9927.05153079236,0.9967586640797594,6.283186778127361e-31
812880,0.0,-1.850063636868425e-40,9927.05153079236,0.9967586640797594,6.281638197453843e-31
812940,0.0,-1.849607081083471e-40,9927.05153079236,0.9967586640797594,6.280089616780325e-31
813000,0.0,-1.849150525298517e-40,9927.05153079236,0.9967586640797594,6.278541036106807e-31
813060,0.0,-1.8486939695135623e-40,9927.05153079236,0.9967586640797594,6.2769924554332885e-31
813120,0.0,-1.8482374137286086e-40,9927.05153079236,0.9967586640797594,6.2754438747597715e-31
813180,0.0,-1.847780857943654e-40,9927.05153079236,0.9967586640797594,6.273895294086253e-31
813240,0.0,-1.8473243021587e-40,9927.05153079236,0.9967586640797594,6.272346713412734e-31
813300,0.0,-1.8468677463737458e-40,9927.05153079236,0.9967586640797594,6.270798132739217e-31
813360,0.0,-1.8464111905887916e-40,9927.05153079236,0.9967586640797594,6.269249552065699e-31
813420,0.0,-1.845954634803837e-40,9927.05153079236,0.9967586640797594,6.26770097139218e-31
813480,0.0,-1.845498079018883e-40,9927.05153079236,0.9967586640797594,6.266152390718661e-31
813540,0.0,-1.8450415232339288e-40,9927.05153079236,0.9967586640797594,6.264603810045144e-31
813600,0.0,-1.8445849674489746e-40,9927.05153079236,0.9967586640797594,6.2630552293716254e-31
813660,0.0,-1.84412841166402e-40,9927.05153079236,0.9967586640797594,6.2615066486981075e-31
813720,0.0,-1.8436718558790663e-40,9927.05153079236,0.9967586640797594,6.25995806802459e-31
813780,0.0,-1.843215300094112e-40,9927.05153079236,0.9967586640797594,6.258409487351072e-31
813840,0.0,-1.8427587443091577e-40,9927.05153079236,0.9967586640797594,6.256860906677553e-31
813900,0.0,-1.842302188524203e-40,9927.05153079236,0.9967586640797594,6.255312326004035e-31
813960,0.0,-1.8418456327392494e-40,9927.05153079236,0.9967586640797594,6.253763745330517e-31
814020,0.0,-1.841389076954295e-40,9927.05153079236,0.9967586640797594,6.252215164656999e-31
814080,0.0,-1.8409325211693407e-40,9927.05153079236,0.9967586640797594,6.25066658398348e-31
814140,0.0,-1.8404759653843865e-40,9927.05153079236,0.9967586640797594,6.249118003309963e-31
814200,0.0,-1.8400194095994324e-40,9927.05153079236,0.9967586640797594,6.2475694226364444e-31
814260,0.0,-1.8395628538144782e-40,9927.05153079236,0.9967586640797594,6.246020841962926e-31
814320,0.0,-1.839106298029524e-40,9927.05153079236,0.9967586640797594,6.244472261289409e-31
814380,0.0,-1.8386497422445695e-40,9927.05153079236,0.9967586640797594,6.242923680615891e-31
814440,0.0,-1.8381931864596154e-40,9927.05153079236,0.9967586640797594,6.241375099942372e-31
814500,0.0,-1.8377366306746613e-40,9927.05153079236,0.9967586640797594,6.239826519268853e-31
814560,0.0,-1.837280074889707e-40,9927.05153079236,0.9967586640797594,6.238277938595336e-31
814620,0.0,-1.836823519104753e-40,9927.05153079236,0.9967586640797594,6.236729357921817e-31
814680,0.0,-1.8363669633197984e-40,9927.05153079236,0.9967586640797594,6.235180777248299e-31
814740,0.0,-1.8359104075348445e-40,9927.05153079236,0.9967586640797594,6.233632196574781e-31
814800,0.0,-1.8354538517498901e-40,9927.05153079236,0.9967586640797594,6.2320836159012634e-31
814860,0.0,-1.8349972959649358e-40,9927.05153079236,0.9967586640797594,6.230535035227745e-31
814920,0.0,-1.8345407401799816e-40,9927.05153079236,0.9967586640797594,6.228986454554227e-31
814980,0.0,-1.8340841843950275e-40,9927.05153079236,0.9967586640797594,6.227437873880709e-31
815040,0.0,-1.8336276286100732e-40,9927.05153079236,0.9967586640797594,6.225889293207191e-31
815100,0.0,-1.833171072825119e-40,9927.05153079236,0.9967586640797594,6.224340712533672e-31
815160,0.0,-1.8327145170401649e-40,9927.05153079236,0.9967586640797594,6.222792131860155e-31
815220,0.0,-1.8322579612552107e-40,9927.05153079236,0.9967586640797594,6.221243551186636e-31
815280,0.0,-1.8318014054702564e-40,9927.05153079236,0.9967586640797594,6.219694970513117e-31
815340,0.0,-1.8313448496853024e-40,9927.05153079236,0.9967586640797594,6.2181463898396e-31
815400,0.0,-1.830888293900348e-40,9927.05153079236,0.9967586640797594,6.216597809166082e-31
815460,0.0,-1.8304317381153937e-40,9927.05153079236,0.9967586640797594,6.215049228492564e-31
815520,0.0,-1.8299751823304394e-40,9927.05153079236,0.9967586640797594,6.213500647819045e-31
815580,0.0,-1.8295186265454855e-40,9927.05153079236,0.9967586640797594,6.211952067145528e-31
815640,0.0,-1.8290620707605311e-40,9927.05153079236,0.9967586640797594,6.210403486472009e-31
815700,0.0,-1.8286055149755768e-40,9927.05153079236,0.9967586640797594,6.208854905798491e-31
815760,0.0,-1.8281489591906228e-40,9927.05153079236,0.9967586640797594,6.207306325124973e-31
815820,0.0,-1.8276924034056685e-40,9927.05153079236,0.9967586640797594,6.205757744451455e-31
815880,0.0,-1.8272358476207141e-40,9927.05153079236,0.9967586640797594,6.204209163777936e-31
815940,0.0,-1.8267792918357602e-40,9927.05153079236,0.9967586640797594,6.202660583104419e-31
816000,0.0,-1.8263227360508059e-40,9927.05153079236,0.9967586640797594,6.2011120024309006e-31
816060,0.0,-1.8258661802658515e-40,9927.05153079236,0.9967586640797594,6.199563421757383e-31
816120,0.0,-1.8254096244808972e-40,9927.05153079236,0.9967586640797594,6.198014841083864e-31
816180,0.0,-1.8249530686959432e-40,9927.05153079236,0.9967586640797594,6.196466260410347e-31
816240,0.0,-1.8244965129109889e-40,9927.05153079236,0.9967586640797594,6.194917679736828e-31
816300,0.0,-1.8240399571260345e-40,9927.05153079236,0.9967586640797594,6.19336909906331e-31
816360,0.0,-1.8235834013410806e-40,9927.05153079236,0.9967586640797594,6.191820518389792e-31
816420,0.0,-1.8231268455561262e-40,9927.05153079236,0.9967586640797594,6.190271937716274e-31
816480,0.0,-1.8226702897711719e-40,9927.05153079236,0.9967586640797594,6.188723357042755e-31
816540,0.0,-1.8222137339862177e-40,9927.05153079236,0.9967586640797594,6.187174776369237e-31
816600,0.0,-1.8217571782012636e-40,9927.05153079236,0.9967586640797594,6.1856261956957196e-31
816660,0.0,-1.8213006224163095e-40,9927.05153079236,0.9967586640797594,6.184077615022201e-31
816720,0.0,-1.8208440666313551e-40,9927.05153079236,0.9967586640797594,6.182529034348683e-31
816780,0.0,-1.820387510846401e-40,9927.05153079236,0.9967586640797594,6.180980453675165e-31
816840,0.0,-1.8199309550614468e-40,9927.05153079236,0.9967586640797594,6.179431873001647e-31
816900,0.0,-1.8194743992764925e-40,9927.05153079236,0.9967586640797594,6.177883292328128e-31
816960,0.0,-1.8190178434915385e-40,9927.05153079236,0.9967586640797594,6.176334711654611e-31
817020,0.0,-1.8185612877065842e-40,9927.05153079236,0.9967586640797594,6.174786130981092e-31
817080,0.0,-1.8181047319216298e-40,9927.05153079236,0.9967586640797594,6.173237550307574e-31
817140,0.0,-1.8176481761366755e-40,9927.05153079236,0.9967586640797594,6.171688969634056e-31
817200,0.0,-1.8171916203517216e-40,9927.05153079236,0.9967586640797594,6.1701403889605386e-31
817260,0.0,-1.8167350645667672e-40,9927.05153079236,0.9967586640797594,6.16859180828702e-31
817320,0.0,-1.8162785087818129e-40,9927.05153079236,0.9967586640797594,6.167043227613502e-31
817380,0.0,-1.815821952996859e-40,9927.05153079236,0.9967586640797594,6.165494646939984e-31
817440,0.0,-1.8153653972119046e-40,9927.05153079236,0.9967586640797594,6.163946066266466e-31
817500,0.0,-1.8149088414269502e-40,9927.05153079236,0.9967586640797594,6.162397485592947e-31
817560,0.0,-1.8144522856419959e-40,9927.05153079236,0.9967586640797594,6.160848904919428e-31
817620,0.0,-1.813995729857042e-40,9927.05153079236,0.9967586640797594,6.159300324245911e-31
817680,0.0,-1.8135391740720876e-40,9927.05153079236,0.9967586640797594,6.1577517435723925e-31
817740,0.0,-1.8130826182871333e-40,9927.05153079236,0.9967586640797594,6.156203162898875e-31
817800,0.0,-1.8126260625021793e-40,9927.05153079236,0.9967586640797594,6.154654582225357e-31
817860,0.0,-1.812169506717225e-40,9927.05153079236,0.9967586640797594,6.153106001551839e-31
817920,0.0,-1.8117129509322706e-40,9927.05153079236,0.9967586640797594,6.15155742087832e-31
817980,0.0,-1.8112563951473167e-40,9927.05153079236,0.9967586640797594,6.150008840204803e-31
818040,0.0,-1.8107998393623623e-40,9927.05153079236,0.9967586640797594,6.148460259531284e-31
818100,0.0,-1.8103432835774082e-40,9927.05153079236,0.9967586640797594,6.146911678857766e-31
818160,0.0,-1.8098867277924538e-40,9927.05153079236,0.9967586640797594,6.145363098184247e-31
818220,0.0,-1.8094301720074997e-40,9927.05153079236,0.9967586640797594,6.14381451751073e-31
818280,0.0,-1.8089736162225456e-40,9927.05153079236,0.9967586640797594,6.1422659368372115e-31
818340,0.0,-1.8085170604375912e-40,9927.05153079236,0.9967586640797594,6.140717356163694e-31
818400,0.0,-1.8080605046526373e-40,9927.05153079236,0.9967586640797594,6.139168775490176e-31
818460,0.0,-1.807603948867683e-40,9927.05153079236,0.9967586640797594,6.137620194816658e-31
818520,0.0,-1.8071473930827286e-40,9927.05153079236,0.9967586640797594,6.136071614143139e-31
818580,0.0,-1.8066908372977742e-40,9927.05153079236,0.9967586640797594,6.13452303346962e-31
818640,0.0,-1.8062342815128203e-40,9927.05153079236,0.9967586640797594,6.132974452796103e-31
818700,0.0,-1.805777725727866e-40,9927.05153079236,0.9967586640797594,6.131425872122584e-31
818760,0.0,-1.8053211699429116e-40,9927.05153079236,0.9967586640797594,6.129877291449066e-31
818820,0.0,-1.8048646141579577e-40,9927.05153079236,0.9967586640797594,6.1283287107755484e-31
818880,0.0,-1.8044080583730033e-40,9927.05153079236,0.9967586640797594,6.1267801301020305e-31
818940,0.0,-1.803951502588049e-40,9927.05153079236,0.9967586640797594,6.125231549428512e-31
819000,0.0,-1.803494946803095e-40,9927.05153079236,0.9967586640797594,6.123682968754995e-31
819060,0.0,-1.8030383910181407e-40,9927.05153079236,0.9967586640797594,6.122134388081476e-31
819120,0.0,-1.8025818352331863e-40,9927.05153079236,0.9967586640797594,6.120585807407958e-31
819180,0.0,-1.802125279448232e-40,9927.05153079236,0.9967586640797594,6.119037226734439e-31
819240,0.0,-1.801668723663278e-40,9927.05153079236,0.9967586640797594,6.117488646060922e-31
819300,0.0,-1.8012121678783237e-40,9927.05153079236,0.9967586640797594,6.115940065387403e-31
819360,0.0,-1.8007556120933693e-40,9927.05153079236,0.9967586640797594,6.114391484713885e-31
819420,0.0,-1.8002990563084154e-40,9927.05153079236,0.9967586640797594,6.112842904040367e-31
819480,0.0,-1.799842500523461e-40,9927.05153079236,0.9967586640797594,6.1112943233668495e-31
819540,0.0,-1.799385944738507e-40,9927.05153079236,0.9967586640797594,6.109745742693331e-31
819600,0.0,-1.7989293889535526e-40,9927.05153079236,0.9967586640797594,6.108197162019812e-31
819660,0.0,-1.7984728331685984e-40,9927.05153079236,0.9967586640797594,6.106648581346295e-31
819720,0.0,-1.7980162773836443e-40,9927.05153079236,0.9967586640797594,6.105100000672776e-31
819780,0.0,-1.79755972159869e-40,9927.05153079236,0.9967586640797594,6.103551419999258e-31
819840,0.0,-1.797103165813736e-40,9927.05153079236,0.9967586640797594,6.10200283932574e-31
819900,0.0,-1.7966466100287817e-40,9927.05153079236,0.9967586640797594,6.100454258652222e-31
819960,0.0,-1.7961900542438273e-40,9927.05153079236,0.9967586640797594,6.0989056779787035e-31
820020,0.0,-1.7957334984588734e-40,9927.05153079236,0.9967586640797594,6.097357097305186e-31
820080,0.0,-1.795276942673919e-40,9927.05153079236,0.9967586640797594,6.095808516631668e-31
820140,0.0,-1.7948203868889647e-40,9927.05153079236,0.9967586640797594,6.09425993595815e-31
820200,0.0,-1.7943638311040103e-40,9927.05153079236,0.9967586640797594,6.092711355284631e-31
820260,0.0,-1.7939072753190564e-40,9927.05153079236,0.9967586640797594,6.091162774611114e-31
820320,0.0,-1.793450719534102e-40,9927.05153079236,0.9967586640797594,6.089614193937595e-31
820380,0.0,-1.7929941637491477e-40,9927.05153079236,0.9967586640797594,6.088065613264077e-31
820440,0.0,-1.7925376079641938e-40,9927.05153079236,0.9967586640797594,6.086517032590559e-31
820500,0.0,-1.7920810521792394e-40,9927.05153079236,0.9967586640797594,6.084968451917041e-31
820560,0.0,-1.791624496394285e-40,9927.05153079236,0.9967586640797594,6.0834198712435225e-31
820620,0.0,-1.7911679406093307e-40,9927.05153079236,0.9967586640797594,6.081871290570004e-31
820680,0.0,-1.7907113848243768e-40,9927.05153079236,0.9967586640797594,6.080322709896487e-31
820740,0.0,-1.7902548290394224e-40,9927.05153079236,0.9967586640797594,6.078774129222968e-31
820800,0.0,-1.789798273254468e-40,9927.05153079236,0.9967586640797594,6.07722554854945e-31
820860,0.0,-1.7893417174695141e-40,9927.05153079236,0.9967586640797594,6.075676967875932e-31
820920,0.0,-1.7888851616845598e-40,9927.05153079236,0.9967586640797594,6.074128387202414e-31
820980,0.0,-1.7884286058996054e-40,9927.05153079236,0.9967586640797594,6.072579806528895e-31
821040,0.0,-1.7879720501146515e-40,9927.05153079236,0.9967586640797594,6.071031225855378e-31
821100,0.0,-1.7875154943296972e-40,9927.05153079236,0.9967586640797594,6.069482645181859e-31
821160,0.0,-1.787058938544743e-40,9927.05153079236,0.9967586640797594,6.0679340645083415e-31
821220,0.0,-1.7866023827597887e-40,9927.05153079236,0.9967586640797594,6.066385483834823e-31
821280,0.0,-1.7861458269748347e-40,9927.05153079236,0.9967586640797594,6.064836903161306e-31
821340,0.0,-1.7856892711898804e-40,9927.05153079236,0.9967586640797594,6.063288322487787e-31
821400,0.0,-1.785232715404926e-40,9927.05153079236,0.9967586640797594,6.061739741814269e-31
821460,0.0,-1.784776159619972e-40,9927.05153079236,0.9967586640797594,6.060191161140751e-31
821520,0.0,-1.7843196038350178e-40,9927.05153079236,0.9967586640797594,6.058642580467233e-31
821580,0.0,-1.7838630480500634e-40,9927.05153079236,0.9967586640797594,6.057093999793714e-31
821640,0.0,-1.7834064922651095e-40,9927.05153079236,0.9967586640797594,6.055545419120197e-31
821700,0.0,-1.7829499364801551e-40,9927.05153079236,0.9967586640797594,6.053996838446678e-31
821760,0.0,-1.7824933806952008e-40,9927.05153079236,0.9967586640797594,6.05244825777316e-31
821820,0.0,-1.7820368249102464e-40,9927.05153079236,0.9967586640797594,6.050899677099642e-31
821880,0.0,-1.7815802691252925e-40,9927.05153079236,0.9967586640797594,6.049351096426124e-31
821940,0.0,-1.7811237133403381e-40,9927.05153079236,0.9967586640797594,6.047802515752606e-31
822000,0.0,-1.7806671575553838e-40,9927.05153079236,0.9967586640797594,6.046253935079087e-31
822060,0.0,-1.7802106017704299e-40,9927.05153079236,0.9967586640797594,6.04470535440557e-31
822120,0.0,-1.7797540459854755e-40,9927.05153079236,0.9967586640797594,6.043156773732051e-31
822180,0.0,-1.7792974902005212e-40,9927.05153079236,0.9967586640797594,6.041608193058533e-31
822240,0.0,-1.7788409344155668e-40,9927.05153079236,0.9967586640797594,6.0400596123850144e-31
822300,0.0,-1.7783843786306129e-40,9927.05153079236,0.9967586640797594,6.038511031711497e-31
822360,0.0,-1.7779278228456585e-40,9927.05153079236,0.9967586640797594,6.036962451037979e-31
822420,0.0,-1.7774712670607042e-40,9927.05153079236,0.9967586640797594,6.035413870364461e-31
822480,0.0,-1.7770147112757502e-40,9927.05153079236,0.9967586640797594,6.033865289690943e-31
822540,0.0,-1.7765581554907959e-40,9927.05153079236,0.9967586640797594,6.032316709017425e-31
822600,0.0,-1.7761015997058417e-40,9927.05153079236,0.9967586640797594,6.030768128343906e-31
822660,0.0,-1.7756450439208876e-40,9927.05153079236,0.9967586640797594,6.029219547670389e-31
822720,0.0,-1.7751884881359335e-40,9927.05153079236,0.9967586640797594,6.02767096699687e-31
822780,0.0,-1.7747319323509791e-40,9927.05153079236,0.9967586640797594,6.026122386323351e-31
822840,0.0,-1.7742753765660248e-40,9927.05153079236,0.9967586640797594,6.0245738056498334e-31
822900,0.0,-1.7738188207810708e-40,9927.05153079236,0.9967586640797594,6.0230252249763155e-31
822960,0.0,-1.7733622649961165e-40,9927.05153079236,0.9967586640797594,6.021476644302798e-31
823020,0.0,-1.7729057092111621e-40,9927.05153079236,0.9967586640797594,6.019928063629279e-31
823080,0.0,-1.7724491534262082e-40,9927.05153079236,0.9967586640797594,6.018379482955762e-31
823140,0.0,-1.7719925976412538e-40,9927.05153079236,0.9967586640797594,6.016830902282243e-31
823200,0.0,-1.7715360418562995e-40,9927.05153079236,0.9967586640797594,6.015282321608725e-31
823260,0.0,-1.7710794860713452e-40,9927.05153079236,0.9967586640797594,6.013733740935206e-31
823320,0.0,-1.7706229302863912e-40,9927.05153079236,0.9967586640797594,6.012185160261689e-31
823380,0.0,-1.7701663745014369e-40,9927.05153079236,0.9967586640797594,6.01063657958817e-31
823440,0.0,-1.7697098187164825e-40,9927.05153079236,0.9967586640797594,6.0090879989146524e-31
823500,0.0,-1.7692532629315286e-40,9927.05153079236,0.9967586640797594,6.0075394182411345e-31
823560,0.0,-1.7687967071465742e-40,9927.05153079236,0.9967586640797594,6.005990837567617e-31
823620,0.0,-1.7683401513616199e-40,9927.05153079236,0.9967586640797594,6.004442256894098e-31
823680,0.0,-1.767883595576666e-40,9927.05153079236,0.9967586640797594,6.002893676220581e-31
823740,0.0,-1.7674270397917116e-40,9927.05153079236,0.9967586640797594,6.001345095547062e-31
823800,0.0,-1.7669704840067573e-40,9927.05153079236,0.9967586640797594,5.999796514873543e-31
823860,0.0,-1.766513928221803e-40,9927.05153079236,0.9967586640797594,5.998247934200025e-31
823920,0.0,-1.766057372436849e-40,9927.05153079236,0.9967586640797594,5.996699353526508e-31
823980,0.0,-1.7656008166518946e-40,9927.05153079236,0.9967586640797594,5.995150772852989e-31
824040,0.0,-1.7651442608669405e-40,9927.05153079236,0.9967586640797594,5.9936021921794706e-31
824100,0.0,-1.7646877050819863e-40,9927.05153079236,0.9967586640797594,5.9920536115059535e-31
824160,0.0,-1.764231149297032e-40,9927.05153079236,0.9967586640797594,5.990505030832435e-31
824220,0.0,-1.7637745935120778e-40,9927.05153079236,0.9967586640797594,5.988956450158917e-31
824280,0.0,-1.7633180377271235e-40,9927.05153079236,0.9967586640797594,5.987407869485398e-31
824340,0.0,-1.7628614819421696e-40,9927.05153079236,0.9967586640797594,5.985859288811881e-31
824400,0.0,-1.7624049261572152e-40,9927.05153079236,0.9967586640797594,5.984310708138362e-31
824460,0.0,-1.7619483703722609e-40,9927.05153079236,0.9967586640797594,5.982762127464844e-31
824520,0.0,-1.761491814587307e-40,9927.05153079236,0.9967586640797594,5.981213546791326e-31
824580,0.0,-1.7610352588023526e-40,9927.05153079236,0.9967586640797594,5.979664966117808e-31
824640,0.0,-1.7605787030173982e-40,9927.05153079236,0.9967586640797594,5.9781163854442896e-31
824700,0.0,-1.7601221472324443e-40,9927.05153079236,0.9967586640797594,5.9765678047707725e-31
824760,0.0,-1.75966559144749e-40,9927.05153079236,0.9967586640797594,5.975019224097254e-31
824820,0.0,-1.7592090356625356e-40,9927.05153079236,0.9967586640797594,5.973470643423735e-31
824880,0.0,-1.7587524798775812e-40,9927.05153079236,0.9967586640797594,5.971922062750217e-31
824940,0.0,-1.7582959240926273e-40,9927.05153079236,0.9967586640797594,5.9703734820767e-31
825000,0.0,-1.757839368307673e-40,9927.05153079236,0.9967586640797594,5.968824901403181e-31
825060,0.0,-1.7573828125227186e-40,9927.05153079236,0.9967586640797594,5.967276320729662e-31
825120,0.0,-1.7569262567377647e-40,9927.05153079236,0.9967586640797594,5.965727740056145e-31
825180,0.0,-1.7564697009528103e-40,9927.05153079236,0.9967586640797594,5.9641791593826265e-31
825240,0.0,-1.756013145167856e-40,9927.05153079236,0.9967586640797594,5.9626305787091086e-31
825300,0.0,-1.7555565893829016e-40,9927.05153079236,0.9967586640797594,5.96108199803559e-31
825360,0.0,-1.7551000335979477e-40,9927.05153079236,0.9967586640797594,5.959533417362073e-31
825420,0.0,-1.7546434778129933e-40,9927.05153079236,0.9967586640797594,5.957984836688554e-31
825480,0.0,-1.7541869220280392e-40,9927.05153079236,0.9967586640797594,5.956436256015036e-31
825540,0.0,-1.753730366243085e-40,9927.05153079236,0.9967586640797594,5.954887675341518e-31
825600,0.0,-1.7532738104581307e-40,9927.05153079236,0.9967586640797594,5.953339094668e-31
825660,0.0,-1.7528172546731766e-40,9927.05153079236,0.9967586640797594,5.951790513994481e-31
825720,0.0,-1.7523606988882224e-40,9927.05153079236,0.9967586640797594,5.950241933320964e-31
825780,0.0,-1.7519041431032683e-40,9927.05153079236,0.9967586640797594,5.9486933526474455e-31
825840,0.0,-1.751447587318314e-40,9927.05153079236,0.9967586640797594,5.947144771973927e-31
825900,0.0,-1.7509910315333596e-40,9927.05153079236,0.9967586640797594,5.945596191300409e-31
825960,0.0,-1.7505344757484057e-40,9927.05153079236,0.9967586640797594,5.944047610626892e-31
826020,0.0,-1.7500779199634513e-40,9927.05153079236,0.9967586640797594,5.942499029953373e-31
826080,0.0,-1.749621364178497e-40,9927.05153079236,0.9967586640797594,5.940950449279854e-31
826140,0.0,-1.749164808393543e-40,9927.05153079236,0.9967586640797594,5.939401868606337e-31
826200,0.0,-1.7487082526085887e-40,9927.05153079236,0.9967586640797594,5.937853287932818e-31
826260,0.0,-1.7482516968236343e-40,9927.05153079236,0.9967586640797594,5.9363047072593e-31
826320,0.0,-1.7477951410386804e-40,9927.05153079236,0.9967586640797594,5.934756126585782e-31
826380,0.0,-1.747338585253726e-40,9927.05153079236,0.9967586640797594,5.9332075459122645e-31
826440,0.0,-1.7468820294687717e-40,9927.05153079236,0.9967586640797594,5.931658965238746e-31
826500,0.0,-1.7464254736838173e-40,9927.05153079236,0.9967586640797594,5.930110384565228e-31
826560,0.0,-1.7459689178988634e-40,9927.05153079236,0.9967586640797594,5.92856180389171e-31
826620,0.0,-1.745512362113909e-40,9927.05153079236,0.9967586640797594,5.927013223218192e-31
826680,0.0,-1.7450558063289547e-40,9927.05153079236,0.9967586640797594,5.925464642544673e-31
826740,0.0,-1.7445992505440008e-40,9927.05153079236,0.9967586640797594,5.923916061871156e-31
826800,0.0,-1.7441426947590464e-40,9927.05153079236,0.9967586640797594,5.922367481197637e-31
826860,0.0,-1.743686138974092e-40,9927.05153079236,0.9967586640797594,5.9208189005241184e-31
826920,0.0,-1.743229583189138e-40,9927.05153079236,0.9967586640797594,5.9192703198506005e-31
826980,0.0,-1.7427730274041838e-40,9927.05153079236,0.9967586640797594,5.9177217391770835e-31
827040,0.0,-1.7423164716192294e-40,9927.05153079236,0.9967586640797594,5.916173158503565e-31
827100,0.0,-1.7418599158342753e-40,9927.05153079236,0.9967586640797594,5.914624577830046e-31
827160,0.0,-1.7414033600493212e-40,9927.05153079236,0.9967586640797594,5.913075997156529e-31
827220,0.0,-1.740946804264367e-40,9927.05153079236,0.9967586640797594,5.91152741648301e-31
827280,0.0,-1.7404902484794127e-40,9927.05153079236,0.9967586640797594,5.909978835809492e-31
827340,0.0,-1.7400336926944585e-40,9927.05153079236,0.9967586640797594,5.908430255135974e-31
827400,0.0,-1.7395771369095044e-40,9927.05153079236,0.9967586640797594,5.906881674462456e-31
827460,0.0,-1.73912058112455e-40,9927.05153079236,0.9967586640797594,5.9053330937889374e-31
827520,0.0,-1.7386640253395957e-40,9927.05153079236,0.9967586640797594,5.9037845131154195e-31
827580,0.0,-1.7382074695546418e-40,9927.05153079236,0.9967586640797594,5.902235932441902e-31
827640,0.0,-1.7377509137696874e-40,9927.05153079236,0.9967586640797594,5.900687351768384e-31
827700,0.0,-1.737294357984733e-40,9927.05153079236,0.9967586640797594,5.899138771094865e-31
827760,0.0,-1.7368378021997791e-40,9927.05153079236,0.9967586640797594,5.897590190421348e-31
827820,0.0,-1.7363812464148248e-40,9927.05153079236,0.9967586640797594,5.896041609747829e-31
827880,0.0,-1.7359246906298704e-40,9927.05153079236,0.9967586640797594,5.89449302907431e-31
827940,0.0,-1.735468134844916e-40,9927.05153079236,0.9967586640797594,5.892944448400792e-31
828000,0.0,-1.7350115790599621e-40,9927.05153079236,0.9967586640797594,5.891395867727275e-31
828060,0.0,-1.7345550232750078e-40,9927.05153079236,0.9967586640797594,5.8898472870537564e-31
828120,0.0,-1.7340984674900534e-40,9927.05153079236,0.9967586640797594,5.888298706380238e-31
828180,0.0,-1.7336419117050995e-40,9927.05153079236,0.9967586640797594,5.886750125706721e-31
828240,0.0,-1.7331853559201452e-40,9927.05153079236,0.9967586640797594,5.885201545033202e-31
828300,0.0,-1.7327288001351908e-40,9927.05153079236,0.9967586640797594,5.883652964359684e-31
828360,0.0,-1.7322722443502369e-40,9927.05153079236,0.9967586640797594,5.882104383686166e-31
828420,0.0,-1.7318156885652825e-40,9927.05153079236,0.9967586640797594,5.880555803012648e-31
828480,0.0,-1.7313591327803282e-40,9927.05153079236,0.9967586640797594,5.879007222339129e-31
828540,0.0,-1.730902576995374e-40,9927.05153079236,0.9967586640797594,5.877458641665611e-31
828600,0.0,-1.7304460212104199e-40,9927.05153079236,0.9967586640797594,5.875910060992093e-31
828660,0.0,-1.7299894654254657e-40,9927.05153079236,0.9967586640797594,5.874361480318575e-31
828720,0.0,-1.7295329096405114e-40,9927.05153079236,0.9967586640797594,5.872812899645057e-31
828780,0.0,-1.7290763538555573e-40,9927.05153079236,0.9967586640797594,5.87126431897154e-31
828840,0.0,-1.7286197980706031e-40,9927.05153079236,0.9967586640797594,5.869715738298021e-31
828900,0.0,-1.7281632422856488e-40,9927.05153079236,0.9967586640797594,5.868167157624502e-31
828960,0.0,-1.7277066865006944e-40,9927.05153079236,0.9967586640797594,5.866618576950984e-31
829020,0.0,-1.7272501307157405e-40,9927.05153079236,0.9967586640797594,5.865069996277467e-31
829080,0.0,-1.7267935749307861e-40,9927.05153079236,0.9967586640797594,5.863521415603948e-31
829140,0.0,-1.7263370191458318e-40,9927.05153079236,0.9967586640797594,5.861972834930429e-31
829200,0.0,-1.7258804633608778e-40,9927.05153079236,0.9967586640797594,5.860424254256912e-31
829260,0.0,-1.7254239075759235e-40,9927.05153079236,0.9967586640797594,5.8588756735833936e-31
829320,0.0,-1.7249673517909692e-40,9927.05153079236,0.9967586640797594,5.857327092909876e-31
829380,0.0,-1.7245107960060152e-40,9927.05153079236,0.9967586640797594,5.855778512236358e-31
829440,0.0,-1.7240542402210609e-40,9927.05153079236,0.9967586640797594,5.85422993156284e-31
829500,0.0,-1.7235976844361065e-40,9927.05153079236,0.9967586640797594,5.852681350889321e-31
829560,0.0,-1.7231411286511522e-40,9927.05153079236,0.9967586640797594,5.851132770215803e-31
829620,0.0,-1.7226845728661982e-40,9927.05153079236,0.9967586640797594,5.849584189542285e-31
829680,0.0,-1.7222280170812439e-40,9927.05153079236,0.9967586640797594,5.848035608868767e-31
829740,0.0,-1.7217714612962895e-40,9927.05153079236,0.9967586640797594,5.846487028195248e-31
829800,0.0,-1.7213149055113356e-40,9927.05153079236,0.9967586640797594,5.844938447521731e-31
829860,0.0,-1.7208583497263813e-40,9927.05153079236,0.9967586640797594,5.8433898668482126e-31
829920,0.0,-1.720401793941427e-40,9927.05153079236,0.9967586640797594,5.841841286174694e-31
829980,0.0,-1.7199452381564728e-40,9927.05153079236,0.9967586640797594,5.840292705501176e-31
830040,0.0,-1.7194886823715186e-40,9927.05153079236,0.9967586640797594,5.838744124827659e-31
830100,0.0,-1.7190321265865645e-40,9927.05153079236,0.9967586640797594,5.83719554415414e-31
830160,0.0,-1.7185755708016101e-40,9927.05153079236,0.9967586640797594,5.835646963480621e-31
830220,0.0,-1.718119015016656e-40,9927.05153079236,0.9967586640797594,5.834098382807104e-31
830280,0.0,-1.7176624592317018e-40,9927.05153079236,0.9967586640797594,5.832549802133585e-31
830340,0.0,-1.7172059034467475e-40,9927.05153079236,0.9967586640797594,5.831001221460067e-31
830400,0.0,-1.7167493476617936e-40,9927.05153079236,0.9967586640797594,5.8294526407865495e-31
830460,0.0,-1.7162927918768392e-40,9927.05153079236,0.9967586640797594,5.8279040601130316e-31
830520,0.0,-1.7158362360918849e-40,9927.05153079236,0.9967586640797594,5.826355479439513e-31
830580,0.0,-1.7153796803069305e-40,9927.05153079236,0.9967586640797594,5.824806898765995e-31
830640,0.0,-1.7149231245219766e-40,9927.05153079236,0.9967586640797594,5.823258318092477e-31
830700,0.0,-1.7144665687370222e-40,9927.05153079236,0.9967586640797594,5.821709737418959e-31
830760,0.0,-1.7140100129520679e-40,9927.05153079236,0.9967586640797594,5.82016115674544e-31
830820,0.0,-1.713553457167114e-40,9927.05153079236,0.9967586640797594,5.818612576071923e-31
830880,0.0,-1.7130969013821596e-40,9927.05153079236,0.9967586640797594,5.817063995398404e-31
830940,0.0,-1.7126403455972052e-40,9927.05153079236,0.9967586640797594,5.8155154147248855e-31
831000,0.0,-1.712183789812251e-40,9927.05153079236,0.9967586640797594,5.813966834051368e-31
831060,0.0,-1.711727234027297e-40,9927.05153079236,0.9967586640797594,5.8124182533778505e-31
831120,0.0,-1.7112706782423426e-40,9927.05153079236,0.9967586640797594,5.810869672704332e-31
831180,0.0,-1.7108141224573883e-40,9927.05153079236,0.9967586640797594,5.809321092030813e-31
831240,0.0,-1.7103575666724343e-40,9927.05153079236,0.9967586640797594,5.807772511357296e-31
831300,0.0,-1.70990101088748e-40,9927.05153079236,0.9967586640797594,5.806223930683777e-31
831360,0.0,-1.7094444551025256e-40,9927.05153079236,0.9967586640797594,5.804675350010259e-31
831420,0.0,-1.7089878993175717e-40,9927.05153079236,0.9967586640797594,5.803126769336741e-31
831480,0.0,-1.7085313435326173e-40,9927.05153079236,0.9967586640797594,5.801578188663223e-31
831540,0.0,-1.708074787747663e-40,9927.05153079236,0.9967586640797594,5.8000296079897045e-31
831600,0.0,-1.7076182319627089e-40,9927.05153079236,0.9967586640797594,5.798481027316187e-31
831660,0.0,-1.7071616761777547e-40,9927.05153079236,0.9967586640797594,5.796932446642669e-31
831720,0.0,-1.7067051203928006e-40,9927.05153079236,0.9967586640797594,5.795383865969151e-31
831780,0.0,-1.7062485646078462e-40,9927.05153079236,0.9967586640797594,5.793835285295632e-31
831840,0.0,-1.7057920088228923e-40,9927.05153079236,0.9967586640797594,5.792286704622115e-31
831900,0.0,-1.705335453037938e-40,9927.05153079236,0.9967586640797594,5.790738123948596e-31
831960,0.0,-1.7048788972529836e-40,9927.05153079236,0.9967586640797594,5.789189543275077e-31
832020,0.0,-1.7044223414680297e-40,9927.05153079236,0.9967586640797594,5.78764096260156e-31
832080,0.0,-1.7039657856830753e-40,9927.05153079236,0.9967586640797594,5.786092381928042e-31
832140,0.0,-1.703509229898121e-40,9927.05153079236,0.9967586640797594,5.7845438012545235e-31
832200,0.0,-1.7030526741131666e-40,9927.05153079236,0.9967586640797594,5.782995220581005e-31
832260,0.0,-1.7025961183282127e-40,9927.05153079236,0.9967586640797594,5.781446639907488e-31
832320,0.0,-1.7021395625432583e-40,9927.05153079236,0.9967586640797594,5.779898059233969e-31
832380,0.0,-1.701683006758304e-40,9927.05153079236,0.9967586640797594,5.778349478560451e-31
832440,0.0,-1.70122645097335e-40,9927.05153079236,0.9967586640797594,5.776800897886933e-31
832500,0.0,-1.7007698951883957e-40,9927.05153079236,0.9967586640797594,5.775252317213415e-31
832560,0.0,-1.7003133394034413e-40,9927.05153079236,0.9967586640797594,5.773703736539896e-31
832620,0.0,-1.699856783618487e-40,9927.05153079236,0.9967586640797594,5.772155155866378e-31
832680,0.0,-1.699400227833533e-40,9927.05153079236,0.9967586640797594,5.7706065751928604e-31
832740,0.0,-1.6989436720485787e-40,9927.05153079236,0.9967586640797594,5.7690579945193425e-31
832800,0.0,-1.6984871162636244e-40,9927.05153079236,0.9967586640797594,5.767509413845824e-31
832860,0.0,-1.6980305604786704e-40,9927.05153079236,0.9967586640797594,5.765960833172307e-31
832920,0.0,-1.697574004693716e-40,9927.05153079236,0.9967586640797594,5.764412252498788e-31
832980,0.0,-1.6971174489087617e-40,9927.05153079236,0.9967586640797594,5.762863671825269e-31
833040,0.0,-1.6966608931238078e-40,9927.05153079236,0.9967586640797594,5.761315091151752e-31
833100,0.0,-1.6962043373388534e-40,9927.05153079236,0.9967586640797594,5.759766510478234e-31
833160,0.0,-1.6957477815538993e-40,9927.05153079236,0.9967586640797594,5.758217929804715e-31
833220,0.0,-1.695291225768945e-40,9927.05153079236,0.9967586640797594,5.7566693491311965e-31
833280,0.0,-1.6948346699839908e-40,9927.05153079236,0.9967586640797594,5.755120768457679e-31
833340,0.0,-1.6943781141990367e-40,9927.05153079236,0.9967586640797594,5.753572187784161e-31
833400,0.0,-1.6939215584140823e-40,9927.05153079236,0.9967586640797594,5.752023607110643e-31
833460,0.0,-1.6934650026291284e-40,9927.05153079236,0.9967586640797594,5.750475026437125e-31
833520,0.0,-1.693008446844174e-40,9927.05153079236,0.9967586640797594,5.748926445763607e-31
833580,0.0,-1.6925518910592197e-40,9927.05153079236,0.9967586640797594,5.747377865090088e-31
833640,0.0,-1.6920953352742653e-40,9927.05153079236,0.9967586640797594,5.74582928441657e-31
833700,0.0,-1.6916387794893114e-40,9927.05153079236,0.9967586640797594,5.744280703743052e-31
833760,0.0,-1.691182223704357e-40,9927.05153079236,0.9967586640797594,5.742732123069534e-31
833820,0.0,-1.6907256679194027e-40,9927.05153079236,0.9967586640797594,5.7411835423960155e-31
833880,0.0,-1.6902691121344488e-40,9927.05153079236,0.9967586640797594,5.739634961722498e-31
833940,0.0,-1.6898125563494944e-40,9927.05153079236,0.9967586640797594,5.73808638104898e-31
834000,0.0,-1.68935600056454e-40,9927.05153079236,0.9967586640797594,5.736537800375461e-31
834060,0.0,-1.6888994447795861e-40,9927.05153079236,0.9967586640797594,5.734989219701944e-31
834120,0.0,-1.6884428889946318e-40,9927.05153079236,0.9967586640797594,5.733440639028426e-31
834180,0.0,-1.6879863332096774e-40,9927.05153079236,0.9967586640797594,5.731892058354907e-31
834240,0.0,-1.687529777424723e-40,9927.05153079236,0.9967586640797594,5.730343477681388e-31
834300,0.0,-1.6870732216397692e-40,9927.05153079236,0.9967586640797594,5.728794897007871e-31
834360,0.0,-1.6866166658548148e-40,9927.05153079236,0.9967586640797594,5.727246316334352e-31
834420,0.0,-1.6861601100698605e-40,9927.05153079236,0.9967586640797594,5.7256977356608345e-31
834480,0.0,-1.6857035542849065e-40,9927.05153079236,0.9967586640797594,5.7241491549873166e-31
834540,0.0,-1.6852469984999522e-40,9927.05153079236,0.9967586640797594,5.722600574313799e-31
834600,0.0,-1.684790442714998e-40,9927.05153079236,0.9967586640797594,5.72105199364028e-31
834660,0.0,-1.6843338869300437e-40,9927.05153079236,0.9967586640797594,5.719503412966762e-31
834720,0.0,-1.6838773311450895e-40,9927.05153079236,0.9967586640797594,5.717954832293244e-31
834780,0.0,-1.6834207753601354e-40,9927.05153079236,0.9967586640797594,5.716406251619726e-31
834840,0.0,-1.682964219575181e-40,9927.05153079236,0.9967586640797594,5.714857670946207e-31
834900,0.0,-1.6825076637902271e-40,9927.05153079236,0.9967586640797594,5.71330909027269e-31
834960,0.0,-1.6820511080052728e-40,9927.05153079236,0.9967586640797594,5.711760509599171e-31
835020,0.0,-1.6815945522203184e-40,9927.05153079236,0.9967586640797594,5.710211928925653e-31
835080,0.0,-1.6811379964353645e-40,9927.05153079236,0.9967586640797594,5.7086633482521356e-31
835140,0.0,-1.6806814406504101e-40,9927.05153079236,0.9967586640797594,5.707114767578618e-31
835200,0.0,-1.6802248848654558e-40,9927.05153079236,0.9967586640797594,5.705566186905099e-31
835260,0.0,-1.6797683290805014e-40,9927.05153079236,0.9967586640797594,5.70401760623158e-31
835320,0.0,-1.6793117732955475e-40,9927.05153079236,0.9967586640797594,5.702469025558063e-31
835380,0.0,-1.6788552175105932e-40,9927.05153079236,0.9967586640797594,5.700920444884544e-31
835440,0.0,-1.6783986617256388e-40,9927.05153079236,0.9967586640797594,5.699371864211026e-31
835500,0.0,-1.6779421059406849e-40,9927.05153079236,0.9967586640797594,5.697823283537508e-31
835560,0.0,-1.6774855501557305e-40,9927.05153079236,0.9967586640797594,5.69627470286399e-31
835620,0.0,-1.6770289943707762e-40,9927.05153079236,0.9967586640797594,5.694726122190472e-31
835680,0.0,-1.6765724385858218e-40,9927.05153079236,0.9967586640797594,5.693177541516954e-31
835740,0.0,-1.6761158828008679e-40,9927.05153079236,0.9967586640797594,5.691628960843436e-31
835800,0.0,-1.6756593270159135e-40,9927.05153079236,0.9967586640797594,5.690080380169918e-31
835860,0.0,-1.6752027712309592e-40,9927.05153079236,0.9967586640797594,5.688531799496399e-31
835920,0.0,-1.6747462154460053e-40,9927.05153079236,0.9967586640797594,5.686983218822882e-31
835980,0.0,-1.674289659661051e-40,9927.05153079236,0.9967586640797594,5.685434638149363e-31
836040,0.0,-1.6738331038760968e-40,9927.05153079236,0.9967586640797594,5.683886057475844e-31
836100,0.0,-1.6733765480911426e-40,9927.05153079236,0.9967586640797594,5.682337476802327e-31
836160,0.0,-1.6729199923061883e-40,9927.05153079236,0.9967586640797594,5.680788896128809e-31
836220,0.0,-1.6724634365212341e-40,9927.05153079236,0.9967586640797594,5.679240315455291e-31
836280,0.0,-1.6720068807362798e-40,9927.05153079236,0.9967586640797594,5.677691734781772e-31
836340,0.0,-1.6715503249513258e-40,9927.05153079236,0.9967586640797594,5.676143154108255e-31
836400,0.0,-1.6710937691663715e-40,9927.05153079236,0.9967586640797594,5.674594573434736e-31
836460,0.0,-1.6706372133814171e-40,9927.05153079236,0.9967586640797594,5.673045992761218e-31
836520,0.0,-1.6701806575964632e-40,9927.05153079236,0.9967586640797594,5.6714974120877e-31
836580,0.0,-1.6697241018115089e-40,9927.05153079236,0.9967586640797594,5.669948831414182e-31
836640,0.0,-1.6692675460265545e-40,9927.05153079236,0.9967586640797594,5.668400250740663e-31
836700,0.0,-1.6688109902416006e-40,9927.05153079236,0.9967586640797594,5.666851670067146e-31
836760,0.0,-1.6683544344566462e-40,9927.05153079236,0.9967586640797594,5.6653030893936275e-31
836820,0.0,-1.6678978786716919e-40,9927.05153079236,0.9967586640797594,5.66375450872011e-31
836880,0.0,-1.6674413228867375e-40,9927.05153079236,0.9967586640797594,5.662205928046591e-31
836940,0.0,-1.6669847671017836e-40,9927.05153079236,0.9967586640797594,5.660657347373074e-31
837000,0.0,-1.6665282113168292e-40,9927.05153079236,0.9967586640797594,5.659108766699555e-31
837060,0.0,-1.666071655531875e-40,9927.05153079236,0.9967586640797594,5.657560186026036e-31
837120,0.0,-1.665615099746921e-40,9927.05153079236,0.9967586640797594,5.656011605352519e-31
837180,0.0,-1.6651585439619666e-40,9927.05153079236,0.9967586640797594,5.654463024679001e-31
837240,0.0,-1.6647019881770123e-40,9927.05153079236,0.9967586640797594,5.652914444005482e-31
837300,0.0,-1.664245432392058e-40,9927.05153079236,0.9967586640797594,5.651365863331964e-31
837360,0.0,-1.663788876607104e-40,9927.05153079236,0.9967586640797594,5.6498172826584465e-31
837420,0.0,-1.6633323208221496e-40,9927.05153079236,0.9967586640797594,5.648268701984928e-31
837480,0.0,-1.6628757650371953e-40,9927.05153079236,0.9967586640797594,5.64672012131141e-31
837540,0.0,-1.6624192092522413e-40,9927.05153079236,0.9967586640797594,5.645171540637892e-31
837600,0.0,-1.661962653467287e-40,9927.05153079236,0.9967586640797594,5.643622959964374e-31
837660,0.0,-1.6615060976823329e-40,9927.05153079236,0.9967586640797594,5.642074379290855e-31
837720,0.0,-1.6610495418973787e-40,9927.05153079236,0.9967586640797594,5.640525798617338e-31
837780,0.0,-1.6605929861124246e-40,9927.05153079236,0.9967586640797594,5.638977217943819e-31
837840,0.0,-1.6601364303274702e-40,9927.05153079236,0.9967586640797594,5.637428637270301e-31
837900,0.0,-1.6596798745425159e-40,9927.05153079236,0.9967586640797594,5.6358800565967826e-31
837960,0.0,-1.659223318757562e-40,9927.05153079236,0.9967586640797594,5.6343314759232655e-31
838020,0.0,-1.6587667629726076e-40,9927.05153079236,0.9967586640797594,5.632782895249747e-31
838080,0.0,-1.6583102071876532e-40,9927.05153079236,0.9967586640797594,5.631234314576228e-31
838140,0.0,-1.6578536514026993e-40,9927.05153079236,0.9967586640797594,5.629685733902711e-31
838200,0.0,-1.657397095617745e-40,9927.05153079236,0.9967586640797594,5.628137153229193e-31
838260,0.0,-1.6569405398327906e-40,9927.05153079236,0.9967586640797594,5.626588572555674e-31
838320,0.0,-1.6564839840478363e-40,9927.05153079236,0.9967586640797594,5.625039991882155e-31
838380,0.0,-1.6560274282628823e-40,9927.05153079236,0.9967586640797594,5.623491411208638e-31
838440,0.0,-1.655570872477928e-40,9927.05153079236,0.9967586640797594,5.6219428305351195e-31
838500,0.0,-1.6551143166929736e-40,9927.05153079236,0.9967586640797594,5.6203942498616016e-31
838560,0.0,-1.6546577609080197e-40,9927.05153079236,0.9967586640797594,5.618845669188084e-31
838620,0.0,-1.6542012051230653e-40,9927.05153079236,0.9967586640797594,5.617297088514566e-31
838680,0.0,-1.653744649338111e-40,9927.05153079236,0.9967586640797594,5.615748507841047e-31
838740,0.0,-1.653288093553157e-40,9927.05153079236,0.9967586640797594,5.61419992716753e-31
838800,0.0,-1.6528315377682027e-40,9927.05153079236,0.9967586640797594,5.612651346494011e-31
838860,0.0,-1.6523749819832484e-40,9927.05153079236,0.9967586640797594,5.611102765820493e-31
838920,0.0,-1.651918426198294e-40,9927.05153079236,0.9967586640797594,5.609554185146974e-31
838980,0.0,-1.65146187041334e-40,9927.05153079236,0.9967586640797594,5.608005604473457e-31
839040,0.0,-1.6510053146283857e-40,9927.05153079236,0.9967586640797594,5.6064570237999385e-31
839100,0.0,-1.6505487588434316e-40,9927.05153079236,0.9967586640797594,5.60490844312642e-31
839160,0.0,-1.6500922030584774e-40,9927.05153079236,0.9967586640797594,5.603359862452903e-31
839220,0.0,-1.6496356472735233e-40,9927.05153079236,0.9967586640797594,5.601811281779385e-31
839280,0.0,-1.649179091488569e-40,9927.05153079236,0.9967586640797594,5.600262701105866e-31
839340,0.0,-1.6487225357036146e-40,9927.05153079236,0.9967586640797594,5.598714120432347e-31
839400,0.0,-1.6482659799186607e-40,9927.05153079236,0.9967586640797594,5.59716553975883e-31
839460,0.0,-1.6478094241337063e-40,9927.05153079236,0.9967586640797594,5.595616959085311e-31
839520,0.0,-1.647352868348752e-40,9927.05153079236,0.9967586640797594,5.594068378411793e-31
839580,0.0,-1.646896312563798e-40,9927.05153079236,0.9967586640797594,5.592519797738275e-31
839640,0.0,-1.6464397567788437e-40,9927.05153079236,0.9967586640797594,5.5909712170647575e-31
839700,0.0,-1.6459832009938893e-40,9927.05153079236,0.9967586640797594,5.589422636391239e-31
839760,0.0,-1.6455266452089354e-40,9927.05153079236,0.9967586640797594,5.587874055717722e-31
839820,0.0,-1.645070089423981e-40,9927.05153079236,0.9967586640797594,5.586325475044203e-31
839880,0.0,-1.6446135336390267e-40,9927.05153079236,0.9967586640797594,5.584776894370685e-31
839940,0.0,-1.6441569778540724e-40,9927.05153079236,0.9967586640797594,5.583228313697166e-31
840000,0.0,-1.6437004220691184e-40,9927.05153079236,0.9967586640797594,5.581679733023649e-31
840060,0.0,-1.643243866284164e-40,9927.05153079236,0.9967586640797594,5.58013115235013e-31
840120,0.0,-1.6427873104992097e-40,9927.05153079236,0.9967586640797594,5.5785825716766114e-31
840180,0.0,-1.6423307547142558e-40,9927.05153079236,0.9967586640797594,5.577033991003094e-31
840240,0.0,-1.6418741989293014e-40,9927.05153079236,0.9967586640797594,5.5754854103295765e-31
840300,0.0,-1.641417643144347e-40,9927.05153079236,0.9967586640797594,5.573936829656058e-31
840360,0.0,-1.6409610873593927e-40,9927.05153079236,0.9967586640797594,5.572388248982539e-31
840420,0.0,-1.6405045315744388e-40,9927.05153079236,0.9967586640797594,5.570839668309022e-31
840480,0.0,-1.6400479757894845e-40,9927.05153079236,0.9967586640797594,5.569291087635503e-31
840540,0.0,-1.6395914200045303e-40,9927.05153079236,0.9967586640797594,5.567742506961985e-31
840600,0.0,-1.6391348642195762e-40,9927.05153079236,0.9967586640797594,5.566193926288467e-31
840660,0.0,-1.6386783084346218e-40,9927.05153079236,0.9967586640797594,5.564645345614949e-31
840720,0.0,-1.6382217526496677e-40,9927.05153079236,0.9967586640797594,5.5630967649414304e-31
840780,0.0,-1.6377651968647135e-40,9927.05153079236,0.9967586640797594,5.561548184267913e-31
840840,0.0,-1.6373086410797594e-40,9927.05153079236,0.9967586640797594,5.559999603594395e-31
840900,0.0,-1.636852085294805e-40,9927.05153079236,0.9967586640797594,5.558451022920877e-31
840960,0.0,-1.6363955295098507e-40,9927.05153079236,0.9967586640797594,5.556902442247358e-31
841020,0.0,-1.6359389737248968e-40,9927.05153079236,0.9967586640797594,5.555353861573841e-31
841080,0.0,-1.6354824179399424e-40,9927.05153079236,0.9967586640797594,5.553805280900322e-31
841140,0.0,-1.635025862154988e-40,9927.05153079236,0.9967586640797594,5.552256700226803e-31
841200,0.0,-1.6345693063700341e-40,9927.05153079236,0.9967586640797594,5.550708119553286e-31
841260,0.0,-1.6341127505850798e-40,9927.05153079236,0.9967586640797594,5.549159538879768e-31
841320,0.0,-1.6336561948001254e-40,9927.05153079236,0.9967586640797594,5.5476109582062494e-31
841380,0.0,-1.633199639015171e-40,9927.05153079236,0.9967586640797594,5.546062377532731e-31
841440,0.0,-1.6327430832302172e-40,9927.05153079236,0.9967586640797594,5.544513796859214e-31
841500,0.0,-1.6322865274452628e-40,9927.05153079236,0.9967586640797594,5.542965216185695e-31
841560,0.0,-1.6318299716603085e-40,9927.05153079236,0.9967586640797594,5.541416635512177e-31
841620,0.0,-1.6313734158753545e-40,9927.05153079236,0.9967586640797594,5.539868054838659e-31
841680,0.0,-1.6309168600904002e-40,9927.05153079236,0.9967586640797594,5.538319474165141e-31
841740,0.0,-1.6304603043054458e-40,9927.05153079236,0.9967586640797594,5.536770893491622e-31
841800,0.0,-1.6300037485204919e-40,9927.05153079236,0.9967586640797594,5.535222312818105e-31
841860,0.0,-1.6295471927355375e-40,9927.05153079236,0.9967586640797594,5.533673732144586e-31
841920,0.0,-1.6290906369505832e-40,9927.05153079236,0.9967586640797594,5.5321251514710684e-31
841980,0.0,-1.628634081165629e-40,9927.05153079236,0.9967586640797594,5.53057657079755e-31
842040,0.0,-1.628177525380675e-40,9927.05153079236,0.9967586640797594,5.529027990124033e-31
842100,0.0,-1.6277209695957206e-40,9927.05153079236,0.9967586640797594,5.527479409450514e-31
842160,0.0,-1.6272644138107664e-40,9927.05153079236,0.9967586640797594,5.525930828776995e-31
842220,0.0,-1.6268078580258123e-40,9927.05153079236,0.9967586640797594,5.524382248103478e-31
842280,0.0,-1.6263513022408581e-40,9927.05153079236,0.9967586640797594,5.52283366742996e-31
842340,0.0,-1.6258947464559038e-40,9927.05153079236,0.9967586640797594,5.521285086756441e-31
842400,0.0,-1.6254381906709498e-40,9927.05153079236,0.9967586640797594,5.519736506082924e-31
842460,0.0,-1.6249816348859955e-40,9927.05153079236,0.9967586640797594,5.518187925409405e-31
842520,0.0,-1.6245250791010411e-40,9927.05153079236,0.9967586640797594,5.5166393447358866e-31
842580,0.0,-1.6240685233160868e-40,9927.05153079236,0.9967586640797594,5.515090764062369e-31
842640,0.0,-1.6236119675311329e-40,9927.05153079236,0.9967586640797594,5.513542183388851e-31
842700,0.0,-1.6231554117461785e-40,9927.05153079236,0.9967586640797594,5.511993602715333e-31
842760,0.0,-1.6226988559612242e-40,9927.05153079236,0.9967586640797594,5.510445022041814e-31
842820,0.0,-1.6222423001762702e-40,9927.05153079236,0.9967586640797594,5.508896441368297e-31
842880,0.0,-1.6217857443913159e-40,9927.05153079236,0.9967586640797594,5.507347860694778e-31
842940,0.0,-1.6213291886063615e-40,9927.05153079236,0.9967586640797594,5.50579928002126e-31
843000,0.0,-1.6208726328214072e-40,9927.05153079236,0.9967586640797594,5.504250699347741e-31
843060,0.0,-1.6204160770364532e-40,9927.05153079236,0.9967586640797594,5.502702118674224e-31
843120,0.0,-1.619959521251499e-40,9927.05153079236,0.9967586640797594,5.5011535380007056e-31
843180,0.0,-1.6195029654665446e-40,9927.05153079236,0.9967586640797594,5.499604957327187e-31
843240,0.0,-1.6190464096815906e-40,9927.05153079236,0.9967586640797594,5.49805637665367e-31
843300,0.0,-1.6185898538966363e-40,9927.05153079236,0.9967586640797594,5.496507795980152e-31
843360,0.0,-1.618133298111682e-40,9927.05153079236,0.9967586640797594,5.494959215306633e-31
843420,0.0,-1.617676742326728e-40,9927.05153079236,0.9967586640797594,5.493410634633116e-31
843480,0.0,-1.6172201865417736e-40,9927.05153079236,0.9967586640797594,5.491862053959597e-31
843540,0.0,-1.6167636307568193e-40,9927.05153079236,0.9967586640797594,5.490313473286078e-31
843600,0.0,-1.6163070749718651e-40,9927.05153079236,0.9967586640797594,5.48876489261256e-31
843660,0.0,-1.615850519186911e-40,9927.05153079236,0.9967586640797594,5.4872163119390425e-31
843720,0.0,-1.6153939634019569e-40,9927.05153079236,0.9967586640797594,5.4856677312655246e-31
843780,0.0,-1.6149374076170025e-40,9927.05153079236,0.9967586640797594,5.484119150592006e-31
843840,0.0,-1.6144808518320484e-40,9927.05153079236,0.9967586640797594,5.482570569918489e-31
843900,0.0,-1.6140242960470942e-40,9927.05153079236,0.9967586640797594,5.48102198924497e-31
843960,0.0,-1.6135677402621399e-40,9927.05153079236,0.9967586640797594,5.479473408571452e-31
844020,0.0,-1.6131111844771855e-40,9927.05153079236,0.9967586640797594,5.477924827897933e-31
844080,0.0,-1.6126546286922316e-40,9927.05153079236,0.9967586640797594,5.476376247224416e-31
844140,0.0,-1.6121980729072772e-40,9927.05153079236,0.9967586640797594,5.474827666550897e-31
844200,0.0,-1.611741517122323e-40,9927.05153079236,0.9967586640797594,5.4732790858773785e-31
844260,0.0,-1.611284961337369e-40,9927.05153079236,0.9967586640797594,5.4717305052038615e-31
844320,0.0,-1.6108284055524146e-40,9927.05153079236,0.9967586640797594,5.4701819245303436e-31
844380,0.0,-1.6103718497674603e-40,9927.05153079236,0.9967586640797594,5.468633343856825e-31
844440,0.0,-1.6099152939825063e-40,9927.05153079236,0.9967586640797594,5.467084763183308e-31
844500,0.0,-1.609458738197552e-40,9927.05153079236,0.9967586640797594,5.465536182509789e-31
844560,0.0,-1.6090021824125976e-40,9927.05153079236,0.9967586640797594,5.46398760183627e-31
844620,0.0,-1.6085456266276433e-40,9927.05153079236,0.9967586640797594,5.462439021162752e-31
844680,0.0,-1.6080890708426893e-40,9927.05153079236,0.9967586640797594,5.460890440489234e-31
844740,0.0,-1.607632515057735e-40,9927.05153079236,0.9967586640797594,5.459341859815716e-31
844800,0.0,-1.6071759592727807e-40,9927.05153079236,0.9967586640797594,5.4577932791421975e-31
844860,0.0,-1.6067194034878267e-40,9927.05153079236,0.9967586640797594,5.4562446984686805e-31
844920,0.0,-1.6062628477028724e-40,9927.05153079236,0.9967586640797594,5.454696117795162e-31
844980,0.0,-1.605806291917918e-40,9927.05153079236,0.9967586640797594,5.453147537121644e-31
845040,0.0,-1.6053497361329639e-40,9927.05153079236,0.9967586640797594,5.451598956448125e-31
845100,0.0,-1.6048931803480097e-40,9927.05153079236,0.9967586640797594,5.450050375774608e-31
845160,0.0,-1.6044366245630556e-40,9927.05153079236,0.9967586640797594,5.448501795101089e-31
845220,0.0,-1.6039800687781012e-40,9927.05153079236,0.9967586640797594,5.44695321442757e-31
845280,0.0,-1.603523512993147e-40,9927.05153079236,0.9967586640797594,5.445404633754053e-31
845340,0.0,-1.603066957208193e-40,9927.05153079236,0.9967586640797594,5.443856053080535e-31
845400,0.0,-1.6026104014232386e-40,9927.05153079236,0.9967586640797594,5.4423074724070165e-31
845460,0.0,-1.6021538456382847e-40,9927.05153079236,0.9967586640797594,5.4407588917334995e-31
845520,0.0,-1.6016972898533303e-40,9927.05153079236,0.9967586640797594,5.439210311059981e-31
845580,0.0,-1.601240734068376e-40,9927.05153079236,0.9967586640797594,5.437661730386462e-31
845640,0.0,-1.6007841782834216e-40,9927.05153079236,0.9967586640797594,5.436113149712944e-31
845700,0.0,-1.6003276224984677e-40,9927.05153079236,0.9967586640797594,5.434564569039426e-31
845760,0.0,-1.5998710667135133e-40,9927.05153079236,0.9967586640797594,5.433015988365908e-31
845820,0.0,-1.599414510928559e-40,9927.05153079236,0.9967586640797594,5.431467407692389e-31
845880,0.0,-1.598957955143605e-40,9927.05153079236,0.9967586640797594,5.429918827018872e-31
845940,0.0,-1.5985013993586507e-40,9927.05153079236,0.9967586640797594,5.4283702463453534e-31
846000,0.0,-1.5980448435736964e-40,9927.05153079236,0.9967586640797594,5.4268216656718355e-31
846060,0.0,-1.597588287788742e-40,9927.05153079236,0.9967586640797594,5.425273084998317e-31
846120,0.0,-1.597131732003788e-40,9927.05153079236,0.9967586640797594,5.4237245043248e-31
846180,0.0,-1.5966751762188337e-40,9927.05153079236,0.9967586640797594,5.422175923651281e-31
846240,0.0,-1.5962186204338794e-40,9927.05153079236,0.9967586640797594,5.420627342977762e-31
846300,0.0,-1.5957620646489254e-40,9927.05153079236,0.9967586640797594,5.419078762304245e-31
846360,0.0,-1.595305508863971e-40,9927.05153079236,0.9967586640797594,5.417530181630727e-31
846420,0.0,-1.5948489530790167e-40,9927.05153079236,0.9967586640797594,5.415981600957208e-31
846480,0.0,-1.5943923972940628e-40,9927.05153079236,0.9967586640797594,5.414433020283691e-31
846540,0.0,-1.5939358415091085e-40,9927.05153079236,0.9967586640797594,5.4128844396101724e-31
846600,0.0,-1.5934792857241543e-40,9927.05153079236,0.9967586640797594,5.411335858936654e-31
846660,0.0,-1.5930227299392e-40,9927.05153079236,0.9967586640797594,5.409787278263136e-31
846720,0.0,-1.5925661741542458e-40,9927.05153079236,0.9967586640797594,5.408238697589618e-31
846780,0.0,-1.5921096183692917e-40,9927.05153079236,0.9967586640797594,5.4066901169161e-31
846840,0.0,-1.5916530625843373e-40,9927.05153079236,0.9967586640797594,5.405141536242581e-31
846900,0.0,-1.5911965067993834e-40,9927.05153079236,0.9967586640797594,5.403592955569064e-31
846960,0.0,-1.590739951014429e-40,9927.05153079236,0.9967586640797594,5.402044374895545e-31
847020,0.0,-1.5902833952294747e-40,9927.05153079236,0.9967586640797594,5.400495794222027e-31
847080,0.0,-1.5898268394445204e-40,9927.05153079236,0.9967586640797594,5.3989472135485085e-31
847140,0.0,-1.5893702836595664e-40,9927.05153079236,0.9967586640797594,5.397398632874991e-31
847200,0.0,-1.588913727874612e-40,9927.05153079236,0.9967586640797594,5.395850052201473e-31
847260,0.0,-1.5884571720896577e-40,9927.05153079236,0.9967586640797594,5.394301471527954e-31
847320,0.0,-1.5880006163047038e-40,9927.05153079236,0.9967586640797594,5.392752890854437e-31
847380,0.0,-1.5875440605197494e-40,9927.05153079236,0.9967586640797594,5.391204310180919e-31
847440,0.0,-1.587087504734795e-40,9927.05153079236,0.9967586640797594,5.3896557295074e-31
847500,0.0,-1.5866309489498412e-40,9927.05153079236,0.9967586640797594,5.388107148833883e-31
847560,0.0,-1.5861743931648868e-40,9927.05153079236,0.9967586640797594,5.386558568160364e-31
847620,0.0,-1.5857178373799325e-40,9927.05153079236,0.9967586640797594,5.385009987486845e-31
847680,0.0,-1.5852612815949781e-40,9927.05153079236,0.9967586640797594,5.3834614068133275e-31
847740,0.0,-1.5848047258100242e-40,9927.05153079236,0.9967586640797594,5.3819128261398096e-31
847800,0.0,-1.5843481700250698e-40,9927.05153079236,0.9967586640797594,5.380364245466292e-31
847860,0.0,-1.5838916142401155e-40,9927.05153079236,0.9967586640797594,5.378815664792773e-31
847920,0.0,-1.5834350584551615e-40,9927.05153079236,0.9967586640797594,5.377267084119256e-31
847980,0.0,-1.5829785026702072e-40,9927.05153079236,0.9967586640797594,5.375718503445737e-31
848040,0.0,-1.5825219468852528e-40,9927.05153079236,0.9967586640797594,5.374169922772219e-31
848100,0.0,-1.582065391100299e-40,9927.05153079236,0.9967586640797594,5.372621342098701e-31
848160,0.0,-1.5816088353153446e-40,9927.05153079236,0.9967586640797594,5.371072761425183e-31
848220,0.0,-1.5811522795303904e-40,9927.05153079236,0.9967586640797594,5.369524180751664e-31
848280,0.0,-1.580695723745436e-40,9927.05153079236,0.9967586640797594,5.367975600078146e-31
848340,0.0,-1.5802391679604821e-40,9927.05153079236,0.9967586640797594,5.3664270194046286e-31
848400,0.0,-1.5797826121755278e-40,9927.05153079236,0.9967586640797594,5.364878438731111e-31
848460,0.0,-1.5793260563905734e-40,9927.05153079236,0.9967586640797594,5.363329858057592e-31
848520,0.0,-1.5788695006056195e-40,9927.05153079236,0.9967586640797594,5.361781277384075e-31
848580,0.0,-1.5784129448206651e-40,9927.05153079236,0.9967586640797594,5.360232696710556e-31
848640,0.0,-1.5779563890357108e-40,9927.05153079236,0.9967586640797594,5.358684116037037e-31
848700,0.0,-1.5774998332507565e-40,9927.05153079236,0.9967586640797594,5.357135535363519e-31
848760,0.0,-1.5770432774658025e-40,9927.05153079236,0.9967586640797594,5.355586954690001e-31
848820,0.0,-1.5765867216808482e-40,9927.05153079236,0.9967586640797594,5.354038374016483e-31
848880,0.0,-1.5761301658958938e-40,9927.05153079236,0.9967586640797594,5.352489793342965e-31
848940,0.0,-1.5756736101109399e-40,9927.05153079236,0.9967586640797594,5.3509412126694476e-31
849000,0.0,-1.5752170543259855e-40,9927.05153079236,0.9967586640797594,5.349392631995929e-31
849060,0.0,-1.5747604985410312e-40,9927.05153079236,0.9967586640797594,5.347844051322411e-31
849120,0.0,-1.5743039427560773e-40,9927.05153079236,0.9967586640797594,5.346295470648893e-31
849180,0.0,-1.573847386971123e-40,9927.05153079236,0.9967586640797594,5.344746889975375e-31
849240,0.0,-1.5733908311861686e-40,9927.05153079236,0.9967586640797594,5.343198309301856e-31
849300,0.0,-1.5729342754012142e-40,9927.05153079236,0.9967586640797594,5.341649728628337e-31
849360,0.0,-1.5724777196162603e-40,9927.05153079236,0.9967586640797594,5.34010114795482e-31
849420,0.0,-1.572021163831306e-40,9927.05153079236,0.9967586640797594,5.338552567281302e-31
849480,0.0,-1.5715646080463516e-40,9927.05153079236,0.9967586640797594,5.337003986607784e-31
849540,0.0,-1.5711080522613976e-40,9927.05153079236,0.9967586640797594,5.3354554059342665e-31
849600,0.0,-1.5706514964764433e-40,9927.05153079236,0.9967586640797594,5.333906825260748e-31
849660,0.0,-1.5701949406914891e-40,9927.05153079236,0.9967586640797594,5.332358244587229e-31
849720,0.0,-1.5697383849065348e-40,9927.05153079236,0.9967586640797594,5.330809663913711e-31
849780,0.0,-1.5692818291215809e-40,9927.05153079236,0.9967586640797594,5.329261083240193e-31
849840,0.0,-1.5688252733366265e-40,9927.05153079236,0.9967586640797594,5.327712502566675e-31
849900,0.0,-1.5683687175516722e-40,9927.05153079236,0.9967586640797594,5.326163921893156e-31
849960,0.0,-1.5679121617667182e-40,9927.05153079236,0.9967586640797594,5.324615341219639e-31
850020,0.0,-1.5674556059817639e-40,9927.05153079236,0.9967586640797594,5.3230667605461205e-31
850080,0.0,-1.5669990501968095e-40,9927.05153079236,0.9967586640797594,5.321518179872603e-31
850140,0.0,-1.5665424944118556e-40,9927.05153079236,0.9967586640797594,5.319969599199085e-31
850200,0.0,-1.5660859386269012e-40,9927.05153079236,0.9967586640797594,5.318421018525567e-31
850260,0.0,-1.565629382841947e-40,9927.05153079236,0.9967586640797594,5.316872437852048e-31
850320,0.0,-1.5651728270569926e-40,9927.05153079236,0.9967586640797594,5.315323857178529e-31
850380,0.0,-1.5647162712720386e-40,9927.05153079236,0.9967586640797594,5.313775276505012e-31
850440,0.0,-1.5642597154870843e-40,9927.05153079236,0.9967586640797594,5.312226695831494e-31
850500,0.0,-1.56380315970213e-40,9927.05153079236,0.9967586640797594,5.310678115157975e-31
850560,0.0,-1.563346603917176e-40,9927.05153079236,0.9967586640797594,5.309129534484458e-31
850620,0.0,-1.5628900481322216e-40,9927.05153079236,0.9967586640797594,5.3075809538109395e-31
850680,0.0,-1.5624334923472673e-40,9927.05153079236,0.9967586640797594,5.306032373137421e-31
850740,0.0,-1.561976936562313e-40,9927.05153079236,0.9967586640797594,5.304483792463903e-31
850800,0.0,-1.561520380777359e-40,9927.05153079236,0.9967586640797594,5.302935211790385e-31
850860,0.0,-1.5610638249924047e-40,9927.05153079236,0.9967586640797594,5.301386631116867e-31
850920,0.0,-1.5606072692074503e-40,9927.05153079236,0.9967586640797594,5.299838050443348e-31
850980,0.0,-1.5601507134224964e-40,9927.05153079236,0.9967586640797594,5.298289469769831e-31
851040,0.0,-1.559694157637542e-40,9927.05153079236,0.9967586640797594,5.296740889096312e-31
851100,0.0,-1.5592376018525879e-40,9927.05153079236,0.9967586640797594,5.295192308422794e-31
851160,0.0,-1.5587810460676337e-40,9927.05153079236,0.9967586640797594,5.2936437277492764e-31
851220,0.0,-1.5583244902826794e-40,9927.05153079236,0.9967586640797594,5.2920951470757585e-31
851280,0.0,-1.5578679344977252e-40,9927.05153079236,0.9967586640797594,5.29054656640224e-31
851340,0.0,-1.5574113787127709e-40,9927.05153079236,0.9967586640797594,5.288997985728722e-31
851400,0.0,-1.556954822927817e-40,9927.05153079236,0.9967586640797594,5.287449405055204e-31
851460,0.0,-1.5564982671428626e-40,9927.05153079236,0.9967586640797594,5.285900824381686e-31
851520,0.0,-1.5560417113579083e-40,9927.05153079236,0.9967586640797594,5.284352243708167e-31
851580,0.0,-1.5555851555729543e-40,9927.05153079236,0.9967586640797594,5.28280366303465e-31
851640,0.0,-1.555128599788e-40,9927.05153079236,0.9967586640797594,5.281255082361131e-31
851700,0.0,-1.5546720440030456e-40,9927.05153079236,0.9967586640797594,5.2797065016876125e-31
851760,0.0,-1.5542154882180913e-40,9927.05153079236,0.9967586640797594,5.2781579210140946e-31
851820,0.0,-1.5537589324331373e-40,9927.05153079236,0.9967586640797594,5.276609340340577e-31
851880,0.0,-1.553302376648183e-40,9927.05153079236,0.9967586640797594,5.275060759667059e-31
851940,0.0,-1.5528458208632286e-40,9927.05153079236,0.9967586640797594,5.27351217899354e-31
852000,0.0,-1.5523892650782747e-40,9927.05153079236,0.9967586640797594,5.271963598320023e-31
852060,0.0,-1.5519327092933204e-40,9927.05153079236,0.9967586640797594,5.270415017646504e-31
852120,0.0,-1.551476153508366e-40,9927.05153079236,0.9967586640797594,5.268866436972986e-31
852180,0.0,-1.551019597723412e-40,9927.05153079236,0.9967586640797594,5.267317856299468e-31
852240,0.0,-1.5505630419384577e-40,9927.05153079236,0.9967586640797594,5.26576927562595e-31
852300,0.0,-1.5501064861535034e-40,9927.05153079236,0.9967586640797594,5.2642206949524315e-31
852360,0.0,-1.549649930368549e-40,9927.05153079236,0.9967586640797594,5.2626721142789136e-31
852420,0.0,-1.549193374583595e-40,9927.05153079236,0.9967586640797594,5.261123533605396e-31
852480,0.0,-1.5487368187986407e-40,9927.05153079236,0.9967586640797594,5.259574952931878e-31
852540,0.0,-1.5482802630136866e-40,9927.05153079236,0.9967586640797594,5.258026372258359e-31
852600,0.0,-1.5478237072287325e-40,9927.05153079236,0.9967586640797594,5.256477791584842e-31
852660,0.0,-1.5473671514437781e-40,9927.05153079236,0.9967586640797594,5.254929210911323e-31
852720,0.0,-1.546910595658824e-40,9927.05153079236,0.9967586640797594,5.253380630237804e-31
852780,0.0,-1.5464540398738698e-40,9927.05153079236,0.9967586640797594,5.251832049564287e-31
852840,0.0,-1.5459974840889157e-40,9927.05153079236,0.9967586640797594,5.250283468890768e-31
852900,0.0,-1.5455409283039613e-40,9927.05153079236,0.9967586640797594,5.2487348882172505e-31
852960,0.0,-1.5450843725190072e-40,9927.05153079236,0.9967586640797594,5.2471863075437326e-31
853020,0.0,-1.5446278167340528e-40,9927.05153079236,0.9967586640797594,5.245637726870214e-31
853080,0.0,-1.5441712609490987e-40,9927.05153079236,0.9967586640797594,5.244089146196696e-31
853140,0.0,-1.5437147051641446e-40,9927.05153079236,0.9967586640797594,5.242540565523178e-31
853200,0.0,-1.5432581493791902e-40,9927.05153079236,0.9967586640797594,5.24099198484966e-31
853260,0.0,-1.542801593594236e-40,9927.05153079236,0.9967586640797594,5.239443404176142e-31
853320,0.0,-1.5423450378092817e-40,9927.05153079236,0.9967586640797594,5.237894823502623e-31
853380,0.0,-1.5418884820243276e-40,9927.05153079236,0.9967586640797594,5.236346242829105e-31
853440,0.0,-1.5414319262393732e-40,9927.05153079236,0.9967586640797594,5.234797662155587e-31
853500,0.0,-1.540975370454419e-40,9927.05153079236,0.9967586640797594,5.2332490814820695e-31
853560,0.0,-1.540518814669465e-40,9927.05153079236,0.9967586640797594,5.2317005008085516e-31
853620,0.0,-1.5400622588845106e-40,9927.05153079236,0.9967586640797594,5.230151920135033e-31
853680,0.0,-1.5396057030995565e-40,9927.05153079236,0.9967586640797594,5.228603339461515e-31
853740,0.0,-1.5391491473146021e-40,9927.05153079236,0.9967586640797594,5.227054758787996e-31
853800,0.0,-1.538692591529648e-40,9927.05153079236,0.9967586640797594,5.225506178114478e-31
853860,0.0,-1.5382360357446938e-40,9927.05153079236,0.9967586640797594,5.22395759744096e-31
853920,0.0,-1.5377794799597395e-40,9927.05153079236,0.9967586640797594,5.222409016767442e-31
853980,0.0,-1.5373229241747853e-40,9927.05153079236,0.9967586640797594,5.220860436093924e-31
854040,0.0,-1.536866368389831e-40,9927.05153079236,0.9967586640797594,5.2193118554204055e-31
854100,0.0,-1.5364098126048768e-40,9927.05153079236,0.9967586640797594,5.217763274746888e-31
854160,0.0,-1.5359532568199227e-40,9927.05153079236,0.9967586640797594,5.21621469407337e-31
854220,0.0,-1.5354967010349686e-40,9927.05153079236,0.9967586640797594,5.214666113399852e-31
854280,0.0,-1.5350401452500144e-40,9927.05153079236,0.9967586640797594,5.213117532726334e-31
854340,0.0,-1.53458358946506e-40,9927.05153079236,0.9967586640797594,5.211568952052815e-31
854400,0.0,-1.534127033680106e-40,9927.05153079236,0.9967586640797594,5.210020371379297e-31
854460,0.0,-1.5336704778951518e-40,9927.05153079236,0.9967586640797594,5.208471790705779e-31
854520,0.0,-1.5332139221101974e-40,9927.05153079236,0.9967586640797594,5.206923210032261e-31
854580,0.0,-1.5327573663252433e-40,9927.05153079236,0.9967586640797594,5.205374629358743e-31
854640,0.0,-1.532300810540289e-40,9927.05153079236,0.9967586640797594,5.2038260486852245e-31
854700,0.0,-1.5318442547553348e-40,9927.05153079236,0.9967586640797594,5.202277468011707e-31
854760,0.0,-1.5313876989703805e-40,9927.05153079236,0.9967586640797594,5.200728887338188e-31
854820,0.0,-1.5309311431854263e-40,9927.05153079236,0.9967586640797594,5.19918030666467e-31
854880,0.0,-1.5304745874004722e-40,9927.05153079236,0.9967586640797594,5.197631725991152e-31
854940,0.0,-1.5300180316155178e-40,9927.05153079236,0.9967586640797594,5.196083145317634e-31
855000,0.0,-1.5295614758305637e-40,9927.05153079236,0.9967586640797594,5.194534564644116e-31
855060,0.0,-1.5291049200456093e-40,9927.05153079236,0.9967586640797594,5.192985983970597e-31
855120,0.0,-1.5286483642606552e-40,9927.05153079236,0.9967586640797594,5.191437403297079e-31
855180,0.0,-1.528191808475701e-40,9927.05153079236,0.9967586640797594,5.1898888226235614e-31
855240,0.0,-1.5277352526907467e-40,9927.05153079236,0.9967586640797594,5.1883402419500435e-31
855300,0.0,-1.5272786969057926e-40,9927.05153079236,0.9967586640797594,5.186791661276526e-31
855360,0.0,-1.5268221411208382e-40,9927.05153079236,0.9967586640797594,5.185243080603007e-31
855420,0.0,-1.526365585335884e-40,9927.05153079236,0.9967586640797594,5.183694499929489e-31
855480,0.0,-1.52590902955093e-40,9927.05153079236,0.9967586640797594,5.182145919255971e-31
855540,0.0,-1.5254524737659756e-40,9927.05153079236,0.9967586640797594,5.180597338582453e-31
855600,0.0,-1.5249959179810214e-40,9927.05153079236,0.9967586640797594,5.179048757908935e-31
855660,0.0,-1.5245393621960673e-40,9927.05153079236,0.9967586640797594,5.177500177235416e-31
855720,0.0,-1.5240828064111131e-40,9927.05153079236,0.9967586640797594,5.175951596561898e-31
855780,0.0,-1.5236262506261588e-40,9927.05153079236,0.9967586640797594,5.17440301588838e-31
855840,0.0,-1.5231696948412047e-40,9927.05153079236,0.9967586640797594,5.172854435214862e-31
855900,0.0,-1.5227131390562505e-40,9927.05153079236,0.9967586640797594,5.171305854541344e-31
855960,0.0,-1.5222565832712962e-40,9927.05153079236,0.9967586640797594,5.169757273867826e-31
856020,0.0,-1.521800027486342e-40,9927.05153079236,0.9967586640797594,5.168208693194308e-31
856080,0.0,-1.5213434717013877e-40,9927.05153079236,0.9967586640797594,5.166660112520789e-31
856140,0.0,-1.5208869159164335e-40,9927.05153079236,0.9967586640797594,5.165111531847271e-31
856200,0.0,-1.5204303601314794e-40,9927.05153079236,0.9967586640797594,5.163562951173753e-31
856260,0.0,-1.519973804346525e-40,9927.05153079236,0.9967586640797594,5.162014370500235e-31
856320,0.0,-1.519517248561571e-40,9927.05153079236,0.9967586640797594,5.160465789826717e-31
856380,0.0,-1.5190606927766166e-40,9927.05153079236,0.9967586640797594,5.1589172091531986e-31
856440,0.0,-1.5186041369916624e-40,9927.05153079236,0.9967586640797594,5.157368628479681e-31
856500,0.0,-1.5181475812067083e-40,9927.05153079236,0.9967586640797594,5.155820047806163e-31
856560,0.0,-1.517691025421754e-40,9927.05153079236,0.9967586640797594,5.154271467132645e-31
856620,0.0,-1.5172344696367998e-40,9927.05153079236,0.9967586640797594,5.152722886459127e-31
856680,0.0,-1.5167779138518454e-40,9927.05153079236,0.9967586640797594,5.151174305785608e-31
856740,0.0,-1.5163213580668913e-40,9927.05153079236,0.9967586640797594,5.14962572511209e-31
856800,0.0,-1.5158648022819371e-40,9927.05153079236,0.9967586640797594,5.148077144438572e-31
856860,0.0,-1.5154082464969828e-40,9927.05153079236,0.9967586640797594,5.146528563765053e-31
856920,0.0,-1.5149516907120287e-40,9927.05153079236,0.9967586640797594,5.1449799830915355e-31
856980,0.0,-1.5144951349270743e-40,9927.05153079236,0.9967586640797594,5.1434314024180176e-31
857040,0.0,-1.5140385791421202e-40,9927.05153079236,0.9967586640797594,5.1418828217445e-31
857100,0.0,-1.513582023357166e-40,9927.05153079236,0.9967586640797594,5.140334241070981e-31
857160,0.0,-1.5131254675722119e-40,9927.05153079236,0.9967586640797594,5.138785660397463e-31
857220,0.0,-1.5126689117872575e-40,9927.05153079236,0.9967586640797594,5.137237079723945e-31
857280,0.0,-1.5122123560023034e-40,9927.05153079236,0.9967586640797594,5.135688499050427e-31
857340,0.0,-1.5117558002173492e-40,9927.05153079236,0.9967586640797594,5.134139918376909e-31
857400,0.0,-1.5112992444323949e-40,9927.05153079236,0.9967586640797594,5.13259133770339e-31
857460,0.0,-1.5108426886474408e-40,9927.05153079236,0.9967586640797594,5.131042757029872e-31
857520,0.0,-1.5103861328624866e-40,9927.05153079236,0.9967586640797594,5.1294941763563545e-31
857580,0.0,-1.5099295770775323e-40,9927.05153079236,0.9967586640797594,5.1279455956828366e-31
857640,0.0,-1.5094730212925781e-40,9927.05153079236,0.9967586640797594,5.126397015009319e-31
857700,0.0,-1.5090164655076238e-40,9927.05153079236,0.9967586640797594,5.1248484343358e-31
857760,0.0,-1.5085599097226696e-40,9927.05153079236,0.9967586640797594,5.123299853662282e-31
857820,0.0,-1.5081033539377155e-40,9927.05153079236,0.9967586640797594,5.121751272988764e-31
857880,0.0,-1.5076467981527611e-40,9927.05153079236,0.9967586640797594,5.120202692315245e-31
857940,0.0,-1.507190242367807e-40,9927.05153079236,0.9967586640797594,5.118654111641727e-31
858000,0.0,-1.5067336865828526e-40,9927.05153079236,0.9967586640797594,5.117105530968209e-31
858060,0.0,-1.5062771307978985e-40,9927.05153079236,0.9967586640797594,5.115556950294691e-31
858120,0.0,-1.5058205750129442e-40,9927.05153079236,0.9967586640797594,5.114008369621173e-31
858180,0.0,-1.50536401922799e-40,9927.05153079236,0.9967586640797594,5.112459788947655e-31
858240,0.0,-1.5049074634430359e-40,9927.05153079236,0.9967586640797594,5.110911208274137e-31
858300,0.0,-1.5044509076580815e-40,9927.05153079236,0.9967586640797594,5.109362627600619e-31
858360,0.0,-1.5039943518731274e-40,9927.05153079236,0.9967586640797594,5.107814046927101e-31
858420,0.0,-1.503537796088173e-40,9927.05153079236,0.9967586640797594,5.106265466253582e-31
858480,0.0,-1.5030812403032189e-40,9927.05153079236,0.9967586640797594,5.104716885580064e-31
858540,0.0,-1.5026246845182647e-40,9927.05153079236,0.9967586640797594,5.103168304906546e-31
858600,0.0,-1.5021681287333104e-40,9927.05153079236,0.9967586640797594,5.101619724233028e-31
858660,0.0,-1.5017115729483563e-40,9927.05153079236,0.9967586640797594,5.10007114355951e-31
858720,0.0,-1.5012550171634021e-40,9927.05153079236,0.9967586640797594,5.098522562885992e-31
858780,0.0,-1.500798461378448e-40,9927.05153079236,0.9967586640797594,5.096973982212474e-31
858840,0.0,-1.5003419055934938e-40,9927.05153079236,0.9967586640797594,5.095425401538956e-31
858900,0.0,-1.4998853498085395e-40,9927.05153079236,0.9967586640797594,5.093876820865437e-31
858960,0.0,-1.4994287940235853e-40,9927.05153079236,0.9967586640797594,5.09232824019192e-31
859020,0.0,-1.498972238238631e-40,9927.05153079236,0.9967586640797594,5.090779659518401e-31
859080,0.0,-1.4985156824536768e-40,9927.05153079236,0.9967586640797594,5.089231078844883e-31
859140,0.0,-1.4980591266687227e-40,9927.05153079236,0.9967586640797594,5.087682498171365e-31
859200,0.0,-1.4976025708837684e-40,9927.05153079236,0.9967586640797594,5.0861339174978464e-31
859260,0.0,-1.4971460150988142e-40,9927.05153079236,0.9967586640797594,5.0845853368243285e-31
859320,0.0,-1.4966894593138599e-40,9927.05153079236,0.9967586640797594,5.083036756150811e-31
859380,0.0,-1.4962329035289057e-40,9927.05153079236,0.9967586640797594,5.081488175477293e-31
859440,0.0,-1.4957763477439514e-40,9927.05153079236,0.9967586640797594,5.079939594803774e-31
859500,0.0,-1.4953197919589972e-40,9927.05153079236,0.9967586640797594,5.078391014130256e-31
859560,0.0,-1.494863236174043e-40,9927.05153079236,0.9967586640797594,5.076842433456738e-31
859620,0.0,-1.4944066803890887e-40,9927.05153079236,0.9967586640797594,5.07529385278322e-31
859680,0.0,-1.4939501246041346e-40,9927.05153079236,0.9967586640797594,5.073745272109702e-31
859740,0.0,-1.4934935688191803e-40,9927.05153079236,0.9967586640797594,5.072196691436183e-31
859800,0.0,-1.4930370130342261e-40,9927.05153079236,0.9967586640797594,5.0706481107626654e-31
859860,0.0,-1.492580457249272e-40,9927.05153079236,0.9967586640797594,5.0690995300891475e-31
859920,0.0,-1.4921239014643176e-40,9927.05153079236,0.9967586640797594,5.067550949415629e-31
859980,0.0,-1.4916673456793635e-40,9927.05153079236,0.9967586640797594,5.066002368742112e-31
860040,0.0,-1.4912107898944091e-40,9927.05153079236,0.9967586640797594,5.064453788068593e-31
860100,0.0,-1.490754234109455e-40,9927.05153079236,0.9967586640797594,5.062905207395075e-31
860160,0.0,-1.4902976783245008e-40,9927.05153079236,0.9967586640797594,5.061356626721557e-31
860220,0.0,-1.4898411225395467e-40,9927.05153079236,0.9967586640797594,5.059808046048038e-31
860280,0.0,-1.4893845667545926e-40,9927.05153079236,0.9967586640797594,5.05825946537452e-31
860340,0.0,-1.4889280109696382e-40,9927.05153079236,0.9967586640797594,5.056710884701002e-31
860400,0.0,-1.488471455184684e-40,9927.05153079236,0.9967586640797594,5.0551623040274844e-31
860460,0.0,-1.4880148993997297e-40,9927.05153079236,0.9967586640797594,5.053613723353966e-31
860520,0.0,-1.4875583436147756e-40,9927.05153079236,0.9967586640797594,5.052065142680448e-31
860580,0.0,-1.4871017878298214e-40,9927.05153079236,0.9967586640797594,5.05051656200693e-31
860640,0.0,-1.486645232044867e-40,9927.05153079236,0.9967586640797594,5.048967981333412e-31
860700,0.0,-1.486188676259913e-40,9927.05153079236,0.9967586640797594,5.047419400659894e-31
860760,0.0,-1.4857321204749586e-40,9927.05153079236,0.9967586640797594,5.045870819986375e-31
860820,0.0,-1.4852755646900045e-40,9927.05153079236,0.9967586640797594,5.044322239312857e-31
860880,0.0,-1.4848190089050503e-40,9927.05153079236,0.9967586640797594,5.042773658639339e-31
860940,0.0,-1.484362453120096e-40,9927.05153079236,0.9967586640797594,5.0412250779658205e-31
861000,0.0,-1.4839058973351418e-40,9927.05153079236,0.9967586640797594,5.039676497292303e-31
861060,0.0,-1.4834493415501875e-40,9927.05153079236,0.9967586640797594,5.038127916618785e-31
861120,0.0,-1.4829927857652333e-40,9927.05153079236,0.9967586640797594,5.036579335945267e-31
861180,0.0,-1.4825362299802792e-40,9927.05153079236,0.9967586640797594,5.035030755271749e-31
861240,0.0,-1.4820796741953248e-40,9927.05153079236,0.9967586640797594,5.03348217459823e-31
861300,0.0,-1.4816231184103707e-40,9927.05153079236,0.9967586640797594,5.031933593924712e-31
861360,0.0,-1.4811665626254164e-40,9927.05153079236,0.9967586640797594,5.030385013251194e-31
861420,0.0,-1.4807100068404622e-40,9927.05153079236,0.9967586640797594,5.028836432577676e-31
861480,0.0,-1.480253451055508e-40,9927.05153079236,0.9967586640797594,5.027287851904158e-31
861540,0.0,-1.4797968952705537e-40,9927.05153079236,0.9967586640797594,5.0257392712306395e-31
861600,0.0,-1.4793403394855996e-40,9927.05153079236,0.9967586640797594,5.0241906905571216e-31
861660,0.0,-1.4788837837006454e-40,9927.05153079236,0.9967586640797594,5.022642109883604e-31
861720,0.0,-1.4784272279156913e-40,9927.05153079236,0.9967586640797594,5.021093529210086e-31
861780,0.0,-1.477970672130737e-40,9927.05153079236,0.9967586640797594,5.019544948536567e-31
861840,0.0,-1.4775141163457828e-40,9927.05153079236,0.9967586640797594,5.017996367863049e-31
861900,0.0,-1.4770575605608287e-40,9927.05153079236,0.9967586640797594,5.016447787189531e-31
861960,0.0,-1.4766010047758743e-40,9927.05153079236,0.9967586640797594,5.014899206516012e-31
862020,0.0,-1.4761444489909202e-40,9927.05153079236,0.9967586640797594,5.013350625842495e-31
862080,0.0,-1.4756878932059658e-40,9927.05153079236,0.9967586640797594,5.011802045168976e-31
862140,0.0,-1.4752313374210117e-40,9927.05153079236,0.9967586640797594,5.0102534644954585e-31
862200,0.0,-1.4747747816360575e-40,9927.05153079236,0.9967586640797594,5.0087048838219406e-31
862260,0.0,-1.4743182258511032e-40,9927.05153079236,0.9967586640797594,5.007156303148422e-31
862320,0.0,-1.473861670066149e-40,9927.05153079236,0.9967586640797594,5.005607722474904e-31
862380,0.0,-1.4734051142811947e-40,9927.05153079236,0.9967586640797594,5.004059141801386e-31
862440,0.0,-1.4729485584962406e-40,9927.05153079236,0.9967586640797594,5.002510561127868e-31
862500,0.0,-1.4724920027112864e-40,9927.05153079236,0.9967586640797594,5.00096198045435e-31
862560,0.0,-1.472035446926332e-40,9927.05153079236,0.9967586640797594,4.999413399780831e-31
862620,0.0,-1.471578891141378e-40,9927.05153079236,0.9967586640797594,4.997864819107313e-31
862680,0.0,-1.4711223353564236e-40,9927.05153079236,0.9967586640797594,4.996316238433795e-31
862740,0.0,-1.4706657795714694e-40,9927.05153079236,0.9967586640797594,4.9947676577602775e-31
862800,0.0,-1.470209223786515e-40,9927.05153079236,0.9967586640797594,4.993219077086759e-31
862860,0.0,-1.469752668001561e-40,9927.05153079236,0.9967586640797594,4.991670496413241e-31
862920,0.0,-1.4692961122166068e-40,9927.05153079236,0.9967586640797594,4.990121915739723e-31
862980,0.0,-1.4688395564316524e-40,9927.05153079236,0.9967586640797594,4.988573335066204e-31
863040,0.0,-1.4683830006466983e-40,9927.05153079236,0.9967586640797594,4.987024754392687e-31
863100,0.0,-1.4679264448617442e-40,9927.05153079236,0.9967586640797594,4.985476173719168e-31
863160,0.0,-1.4674698890767898e-40,9927.05153079236,0.9967586640797594,4.98392759304565e-31
863220,0.0,-1.4670133332918357e-40,9927.05153079236,0.9967586640797594,4.982379012372132e-31
863280,0.0,-1.4665567775068815e-40,9927.05153079236,0.9967586640797594,4.9808304316986135e-31
863340,0.0,-1.4661002217219274e-40,9927.05153079236,0.9967586640797594,4.979281851025096e-31
863400,0.0,-1.465643665936973e-40,9927.05153079236,0.9967586640797594,4.977733270351578e-31
863460,0.0,-1.4651871101520189e-40,9927.05153079236,0.9967586640797594,4.97618468967806e-31
863520,0.0,-1.4647305543670648e-40,9927.05153079236,0.9967586640797594,4.974636109004542e-31
863580,0.0,-1.4642739985821104e-40,9927.05153079236,0.9967586640797594,4.973087528331023e-31
863640,0.0,-1.4638174427971563e-40,9927.05153079236,0.9967586640797594,4.971538947657505e-31
863700,0.0,-1.463360887012202e-40,9927.05153079236,0.9967586640797594,4.969990366983987e-31
863760,0.0,-1.4629043312272478e-40,9927.05153079236,0.9967586640797594,4.968441786310469e-31
863820,0.0,-1.4624477754422934e-40,9927.05153079236,0.9967586640797594,4.9668932056369504e-31
863880,0.0,-1.4619912196573393e-40,9927.05153079236,0.9967586640797594,4.9653446249634325e-31
863940,0.0,-1.4615346638723851e-40,9927.05153079236,0.9967586640797594,4.963796044289915e-31
864000,0.0,-1.4610781080874308e-40,9927.05153079236,0.9967586640797594,4.962247463616396e-31
864060,0.0,-1.4606215523024766e-40,9927.05153079236,0.9967586640797594,4.960698882942879e-31
864120,0.0,-1.4601649965175223e-40,9927.05153079236,0.9967586640797594,4.95915030226936e-31
864180,0.0,-1.4597084407325682e-40,9927.05153079236,0.9967586640797594,4.957601721595842e-31
864240,0.0,-1.459251884947614e-40,9927.05153079236,0.9967586640797594,4.956053140922324e-31
864300,0.0,-1.4587953291626597e-40,9927.05153079236,0.9967586640797594,4.954504560248805e-31
864360,0.0,-1.4583387733777055e-40,9927.05153079236,0.9967586640797594,4.952955979575287e-31
864420,0.0,-1.4578822175927512e-40,9927.05153079236,0.9967586640797594,4.9514073989017694e-31
864480,0.0,-1.457425661807797e-40,9927.05153079236,0.9967586640797594,4.9498588182282515e-31
864540,0.0,-1.4569691060228429e-40,9927.05153079236,0.9967586640797594,4.948310237554734e-31
864600,0.0,-1.4565125502378885e-40,9927.05153079236,0.9967586640797594,4.946761656881215e-31
864660,0.0,-1.4560559944529344e-40,9927.05153079236,0.9967586640797594,4.945213076207697e-31
864720,0.0,-1.4555994386679803e-40,9927.05153079236,0.9967586640797594,4.943664495534179e-31
864780,0.0,-1.4551428828830261e-40,9927.05153079236,0.9967586640797594,4.942115914860661e-31
864840,0.0,-1.454686327098072e-40,9927.05153079236,0.9967586640797594,4.940567334187143e-31
864900,0.0,-1.4542297713131176e-40,9927.05153079236,0.9967586640797594,4.939018753513624e-31
864960,0.0,-1.4537732155281635e-40,9927.05153079236,0.9967586640797594,4.937470172840106e-31
865020,0.0,-1.4533166597432091e-40,9927.05153079236,0.9967586640797594,4.935921592166588e-31
865080,0.0,-1.452860103958255e-40,9927.05153079236,0.9967586640797594,4.9343730114930705e-31
865140,0.0,-1.4524035481733006e-40,9927.05153079236,0.9967586640797594,4.932824430819552e-31
865200,0.0,-1.4519469923883465e-40,9927.05153079236,0.9967586640797594,4.931275850146034e-31
865260,0.0,-1.4514904366033924e-40,9927.05153079236,0.9967586640797594,4.929727269472516e-31
865320,0.0,-1.451033880818438e-40,9927.05153079236,0.9967586640797594,4.928178688798997e-31
865380,0.0,-1.4505773250334839e-40,9927.05153079236,0.9967586640797594,4.926630108125479e-31
865440,0.0,-1.4501207692485295e-40,9927.05153079236,0.9967586640797594,4.925081527451961e-31
865500,0.0,-1.4496642134635754e-40,9927.05153079236,0.9967586640797594,4.923532946778443e-31
865560,0.0,-1.4492076576786212e-40,9927.05153079236,0.9967586640797594,4.921984366104925e-31
865620,0.0,-1.4487511018936669e-40,9927.05153079236,0.9967586640797594,4.9204357854314066e-31
865680,0.0,-1.4482945461087127e-40,9927.05153079236,0.9967586640797594,4.918887204757889e-31
865740,0.0,-1.4478379903237584e-40,9927.05153079236,0.9967586640797594,4.917338624084371e-31
865800,0.0,-1.4473814345388043e-40,9927.05153079236,0.9967586640797594,4.915790043410853e-31
865860,0.0,-1.4469248787538501e-40,9927.05153079236,0.9967586640797594,4.914241462737335e-31
865920,0.0,-1.4464683229688958e-40,9927.05153079236,0.9967586640797594,4.912692882063816e-31
865980,0.0,-1.4460117671839416e-40,9927.05153079236,0.9967586640797594,4.911144301390298e-31
866040,0.0,-1.4455552113989873e-40,9927.05153079236,0.9967586640797594,4.909595720716779e-31
866100,0.0,-1.4450986556140331e-40,9927.05153079236,0.9967586640797594,4.908047140043262e-31
866160,0.0,-1.444642099829079e-40,9927.05153079236,0.9967586640797594,4.9064985593697435e-31
866220,0.0,-1.4441855440441248e-40,9927.05153079236,0.9967586640797594,4.9049499786962256e-31
866280,0.0,-1.4437289882591707e-40,9927.05153079236,0.9967586640797594,4.903401398022708e-31
866340,0.0,-1.4432724324742164e-40,9927.05153079236,0.9967586640797594,4.901852817349189e-31
866400,0.0,-1.4428158766892622e-40,9927.05153079236,0.9967586640797594,4.900304236675671e-31
866460,0.0,-1.4423593209043079e-40,9927.05153079236,0.9967586640797594,4.898755656002153e-31
866520,0.0,-1.4419027651193537e-40,9927.05153079236,0.9967586640797594,4.897207075328635e-31
866580,0.0,-1.4414462093343996e-40,9927.05153079236,0.9967586640797594,4.895658494655117e-31
866640,0.0,-1.4409896535494452e-40,9927.05153079236,0.9967586640797594,4.894109913981598e-31
866700,0.0,-1.440533097764491e-40,9927.05153079236,0.9967586640797594,4.89256133330808e-31
866760,0.0,-1.4400765419795367e-40,9927.05153079236,0.9967586640797594,4.8910127526345625e-31
866820,0.0,-1.4396199861945826e-40,9927.05153079236,0.9967586640797594,4.8894641719610446e-31
866880,0.0,-1.4391634304096285e-40,9927.05153079236,0.9967586640797594,4.887915591287527e-31
866940,0.0,-1.4387068746246741e-40,9927.05153079236,0.9967586640797594,4.886367010614008e-31
867000,0.0,-1.43825031883972e-40,9927.05153079236,0.9967586640797594,4.88481842994049e-31
867060,0.0,-1.4377937630547656e-40,9927.05153079236,0.9967586640797594,4.883269849266971e-31
867120,0.0,-1.4373372072698115e-40,9927.05153079236,0.9967586640797594,4.881721268593454e-31
867180,0.0,-1.4368806514848573e-40,9927.05153079236,0.9967586640797594,4.880172687919936e-31
867240,0.0,-1.436424095699903e-40,9927.05153079236,0.9967586640797594,4.878624107246417e-31
867300,0.0,-1.4359675399149488e-40,9927.05153079236,0.9967586640797594,4.877075526572899e-31
867360,0.0,-1.4355109841299945e-40,9927.05153079236,0.9967586640797594,4.875526945899381e-31
867420,0.0,-1.4350544283450404e-40,9927.05153079236,0.9967586640797594,4.873978365225863e-31
867480,0.0,-1.434597872560086e-40,9927.05153079236,0.9967586640797594,4.872429784552345e-31
867540,0.0,-1.4341413167751319e-40,9927.05153079236,0.9967586640797594,4.870881203878827e-31
867600,0.0,-1.4336847609901777e-40,9927.05153079236,0.9967586640797594,4.869332623205309e-31
867660,0.0,-1.4332282052052236e-40,9927.05153079236,0.9967586640797594,4.86778404253179e-31
867720,0.0,-1.4327716494202694e-40,9927.05153079236,0.9967586640797594,4.866235461858272e-31
867780,0.0,-1.432315093635315e-40,9927.05153079236,0.9967586640797594,4.864686881184754e-31
867840,0.0,-1.431858537850361e-40,9927.05153079236,0.9967586640797594,4.863138300511236e-31
867900,0.0,-1.4314019820654068e-40,9927.05153079236,0.9967586640797594,4.861589719837718e-31
867960,0.0,-1.4309454262804525e-40,9927.05153079236,0.9967586640797594,4.8600411391642e-31
868020,0.0,-1.4304888704954983e-40,9927.05153079236,0.9967586640797594,4.858492558490682e-31
868080,0.0,-1.430032314710544e-40,9927.05153079236,0.9967586640797594,4.856943977817163e-31
868140,0.0,-1.4295757589255898e-40,9927.05153079236,0.9967586640797594,4.855395397143646e-31
868200,0.0,-1.4291192031406357e-40,9927.05153079236,0.9967586640797594,4.853846816470128e-31
868260,0.0,-1.4286626473556813e-40,9927.05153079236,0.9967586640797594,4.852298235796609e-31
868320,0.0,-1.4282060915707272e-40,9927.05153079236,0.9967586640797594,4.850749655123091e-31
868380,0.0,-1.4277495357857728e-40,9927.05153079236,0.9967586640797594,4.849201074449572e-31
868440,0.0,-1.4272929800008187e-40,9927.05153079236,0.9967586640797594,4.8476524937760544e-31
868500,0.0,-1.4268364242158643e-40,9927.05153079236,0.9967586640797594,4.8461039131025365e-31
868560,0.0,-1.4263798684309102e-40,9927.05153079236,0.9967586640797594,4.844555332429019e-31
868620,0.0,-1.425923312645956e-40,9927.05153079236,0.9967586640797594,4.843006751755501e-31
868680,0.0,-1.4254667568610017e-40,9927.05153079236,0.9967586640797594,4.841458171081982e-31
868740,0.0,-1.4250102010760476e-40,9927.05153079236,0.9967586640797594,4.839909590408464e-31
868800,0.0,-1.4245536452910932e-40,9927.05153079236,0.9967586640797594,4.838361009734946e-31
868860,0.0,-1.424097089506139e-40,9927.05153079236,0.9967586640797594,4.836812429061428e-31
868920,0.0,-1.423640533721185e-40,9927.05153079236,0.9967586640797594,4.83526384838791e-31
868980,0.0,-1.4231839779362306e-40,9927.05153079236,0.9967586640797594,4.833715267714391e-31
869040,0.0,-1.4227274221512764e-40,9927.05153079236,0.9967586640797594,4.8321666870408734e-31
869100,0.0,-1.4222708663663223e-40,9927.05153079236,0.9967586640797594,4.830618106367355e-31
869160,0.0,-1.421814310581368e-40,9927.05153079236,0.9967586640797594,4.829069525693838e-31
869220,0.0,-1.4213577547964138e-40,9927.05153079236,0.9967586640797594,4.82752094502032e-31
869280,0.0,-1.4209011990114597e-40,9927.05153079236,0.9967586640797594,4.825972364346801e-31
869340,0.0,-1.4204446432265055e-40,9927.05153079236,0.9967586640797594,4.824423783673283e-31
869400,0.0,-1.4199880874415512e-40,9927.05153079236,0.9967586640797594,4.822875202999764e-31
869460,0.0,-1.419531531656597e-40,9927.05153079236,0.9967586640797594,4.821326622326246e-31
869520,0.0,-1.4190749758716429e-40,9927.05153079236,0.9967586640797594,4.819778041652728e-31
869580,0.0,-1.4186184200866885e-40,9927.05153079236,0.9967586640797594,4.81822946097921e-31
869640,0.0,-1.4181618643017344e-40,9927.05153079236,0.9967586640797594,4.8166808803056924e-31
869700,0.0,-1.41770530851678e-40,9927.05153079236,0.9967586640797594,4.815132299632174e-31
869760,0.0,-1.417248752731826e-40,9927.05153079236,0.9967586640797594,4.813583718958656e-31
869820,0.0,-1.4167921969468716e-40,9927.05153079236,0.9967586640797594,4.812035138285138e-31
869880,0.0,-1.4163356411619174e-40,9927.05153079236,0.9967586640797594,4.81048655761162e-31
869940,0.0,-1.4158790853769633e-40,9927.05153079236,0.9967586640797594,4.808937976938102e-31
870000,0.0,-1.415422529592009e-40,9927.05153079236,0.9967586640797594,4.807389396264583e-31
870060,0.0,-1.4149659738070548e-40,9927.05153079236,0.9967586640797594,4.805840815591065e-31
870120,0.0,-1.4145094180221004e-40,9927.05153079236,0.9967586640797594,4.804292234917546e-31
870180,0.0,-1.4140528622371463e-40,9927.05153079236,0.9967586640797594,4.802743654244029e-31
870240,0.0,-1.4135963064521922e-40,9927.05153079236,0.9967586640797594,4.801195073570511e-31
870300,0.0,-1.4131397506672378e-40,9927.05153079236,0.9967586640797594,4.799646492896993e-31
870360,0.0,-1.4126831948822837e-40,9927.05153079236,0.9967586640797594,4.798097912223475e-31
870420,0.0,-1.4122266390973293e-40,9927.05153079236,0.9967586640797594,4.796549331549956e-31
870480,0.0,-1.4117700833123752e-40,9927.05153079236,0.9967586640797594,4.795000750876438e-31
870540,0.0,-1.411313527527421e-40,9927.051530792362,0.9967586640797594,4.79345217020292e-31
870600,0.0,-1.4108569717424667e-40,9927.051530792362,0.9967586640797594,4.791903589529402e-31
870660,0.0,-1.4104004159575125e-40,9927.051530792362,0.9967586640797594,4.790355008855884e-31
870720,0.0,-1.4099438601725584e-40,9927.051530792362,0.9967586640797594,4.788806428182365e-31
870780,0.0,-1.4094873043876043e-40,9927.051530792362,0.9967586640797594,4.7872578475088475e-31
870840,0.0,-1.40903074860265e-40,9927.051530792362,0.9967586640797594,4.7857092668353296e-31
870900,0.0,-1.4085741928176958e-40,9927.051530792362,0.9967586640797594,4.784160686161812e-31
870960,0.0,-1.4081176370327416e-40,9927.051530792362,0.9967586640797594,4.782612105488294e-31
871020,0.0,-1.4076610812477873e-40,9927.051530792362,0.9967586640797594,4.781063524814775e-31
871080,0.0,-1.4072045254628331e-40,9927.051530792362,0.9967586640797594,4.779514944141257e-31
871140,0.0,-1.4067479696778788e-40,9927.051530792362,0.9967586640797594,4.777966363467738e-31
871200,0.0,-1.4062914138929246e-40,9927.051530792362,0.9967586640797594,4.776417782794221e-31
871260,0.0,-1.4058348581079705e-40,9927.051530792362,0.9967586640797594,4.774869202120703e-31
871320,0.0,-1.4053783023230162e-40,9927.051530792362,0.9967586640797594,4.773320621447184e-31
871380,0.0,-1.404921746538062e-40,9927.051530792362,0.9967586640797594,4.7717720407736665e-31
871440,0.0,-1.4044651907531077e-40,9927.051530792362,0.9967586640797594,4.770223460100148e-31
871500,0.0,-1.4040086349681535e-40,9927.051530792362,0.9967586640797594,4.76867487942663e-31
871560,0.0,-1.4035520791831994e-40,9927.051530792362,0.9967586640797594,4.767126298753112e-31
871620,0.0,-1.403095523398245e-40,9927.051530792362,0.9967586640797594,4.765577718079594e-31
871680,0.0,-1.4026389676132909e-40,9927.051530792362,0.9967586640797594,4.764029137406076e-31
871740,0.0,-1.4021824118283365e-40,9927.051530792362,0.9967586640797594,4.762480556732557e-31
871800,0.0,-1.4017258560433824e-40,9927.051530792362,0.9967586640797594,4.760931976059039e-31
871860,0.0,-1.401269300258428e-40,9927.051530792362,0.9967586640797594,4.759383395385521e-31
871920,0.0,-1.400812744473474e-40,9927.051530792362,0.9967586640797594,4.757834814712003e-31
871980,0.0,-1.4003561886885198e-40,9927.051530792362,0.9967586640797594,4.7562862340384855e-31
872040,0.0,-1.3998996329035654e-40,9927.051530792362,0.9967586640797594,4.754737653364967e-31
872100,0.0,-1.3994430771186113e-40,9927.051530792362,0.9967586640797594,4.753189072691449e-31
872160,0.0,-1.3989865213336571e-40,9927.051530792362,0.9967586640797594,4.75164049201793e-31
872220,0.0,-1.398529965548703e-40,9927.051530792362,0.9967586640797594,4.750091911344413e-31
872280,0.0,-1.3980734097637488e-40,9927.051530792362,0.9967586640797594,4.748543330670895e-31
872340,0.0,-1.3976168539787945e-40,9927.051530792362,0.9967586640797594,4.746994749997376e-31
872400,0.0,-1.3971602981938404e-40,9927.051530792362,0.9967586640797594,4.745446169323858e-31
872460,0.0,-1.396703742408886e-40,9927.051530792362,0.9967586640797594,4.7438975886503394e-31
872520,0.0,-1.3962471866239319e-40,9927.051530792362,0.9967586640797594,4.7423490079768215e-31
872580,0.0,-1.3957906308389777e-40,9927.051530792362,0.9967586640797594,4.740800427303304e-31
872640,0.0,-1.3953340750540234e-40,9927.051530792362,0.9967586640797594,4.739251846629786e-31
872700,0.0,-1.3948775192690692e-40,9927.051530792362,0.9967586640797594,4.737703265956268e-31
872760,0.0,-1.3944209634841149e-40,9927.051530792362,0.9967586640797594,4.736154685282749e-31
872820,0.0,-1.3939644076991607e-40,9927.051530792362,0.9967586640797594,4.734606104609231e-31
872880,0.0,-1.3935078519142066e-40,9927.051530792362,0.9967586640797594,4.733057523935713e-31
872940,0.0,-1.3930512961292523e-40,9927.051530792362,0.9967586640797594,4.731508943262195e-31
873000,0.0,-1.3925947403442981e-40,9927.051530792362,0.9967586640797594,4.729960362588677e-31
873060,0.0,-1.3921381845593438e-40,9927.051530792362,0.9967586640797594,4.7284117819151584e-31
873120,0.0,-1.3916816287743896e-40,9927.051530792362,0.9967586640797594,4.7268632012416405e-31
873180,0.0,-1.3912250729894353e-40,9927.051530792362,0.9967586640797594,4.725314620568123e-31
873240,0.0,-1.3907685172044811e-40,9927.051530792362,0.9967586640797594,4.723766039894605e-31
873300,0.0,-1.390311961419527e-40,9927.051530792362,0.9967586640797594,4.722217459221087e-31
873360,0.0,-1.3898554056345726e-40,9927.051530792362,0.9967586640797594,4.720668878547568e-31
873420,0.0,-1.3893988498496185e-40,9927.051530792362,0.9967586640797594,4.71912029787405e-31
873480,0.0,-1.3889422940646641e-40,9927.051530792362,0.9967586640797594,4.717571717200531e-31
873540,0.0,-1.38848573827971e-40,9927.051530792362,0.9967586640797594,4.716023136527013e-31
873600,0.0,-1.3880291824947559e-40,9927.051530792362,0.9967586640797594,4.714474555853495e-31
873660,0.0,-1.3875726267098017e-40,9927.051530792362,0.9967586640797594,4.7129259751799774e-31
873720,0.0,-1.3871160709248474e-40,9927.051530792362,0.9967586640797594,4.7113773945064595e-31
873780,0.0,-1.3866595151398932e-40,9927.051530792362,0.9967586640797594,4.709828813832941e-31
873840,0.0,-1.386202959354939e-40,9927.051530792362,0.9967586640797594,4.708280233159423e-31
873900,0.0,-1.385746403569985e-40,9927.051530792362,0.9967586640797594,4.706731652485905e-31
873960,0.0,-1.3852898477850306e-40,9927.051530792362,0.9967586640797594,4.705183071812387e-31
874020,0.0,-1.3848332920000765e-40,9927.051530792362,0.9967586640797594,4.703634491138869e-31
874080,0.0,-1.3843767362151221e-40,9927.051530792362,0.9967586640797594,4.70208591046535e-31
874140,0.0,-1.383920180430168e-40,9927.051530792362,0.9967586640797594,4.700537329791832e-31
874200,0.0,-1.3834636246452136e-40,9927.051530792362,0.9967586640797594,4.698988749118314e-31
874260,0.0,-1.3830070688602595e-40,9927.051530792362,0.9967586640797594,4.6974401684447964e-31
874320,0.0,-1.3825505130753053e-40,9927.051530792362,0.9967586640797594,4.6958915877712785e-31
874380,0.0,-1.382093957290351e-40,9927.051530792362,0.9967586640797594,4.69434300709776e-31
874440,0.0,-1.3816374015053968e-40,9927.051530792362,0.9967586640797594,4.692794426424242e-31
874500,0.0,-1.3811808457204425e-40,9927.051530792362,0.9967586640797594,4.691245845750723e-31
874560,0.0,-1.3807242899354883e-40,9927.051530792362,0.9967586640797594,4.689697265077205e-31
874620,0.0,-1.3802677341505342e-40,9927.051530792362,0.9967586640797594,4.688148684403687e-31
874680,0.0,-1.3798111783655799e-40,9927.051530792362,0.9967586640797594,4.686600103730169e-31
874740,0.0,-1.3793546225806257e-40,9927.051530792362,0.9967586640797594,4.685051523056651e-31
874800,0.0,-1.3788980667956714e-40,9927.051530792362,0.9967586640797594,4.6835029423831325e-31
874860,0.0,-1.3784415110107172e-40,9927.051530792362,0.9967586640797594,4.6819543617096146e-31
874920,0.0,-1.377984955225763e-40,9927.051530792362,0.9967586640797594,4.680405781036097e-31
874980,0.0,-1.3775283994408087e-40,9927.051530792362,0.9967586640797594,4.678857200362579e-31
875040,0.0,-1.3770718436558546e-40,9927.051530792362,0.9967586640797594,4.677308619689061e-31
875100,0.0,-1.3766152878709002e-40,9927.051530792362,0.9967586640797594,4.675760039015542e-31
875160,0.0,-1.3761587320859461e-40,9927.051530792362,0.9967586640797594,4.674211458342024e-31
875220,0.0,-1.375702176300992e-40,9927.051530792362,0.9967586640797594,4.672662877668506e-31
875280,0.0,-1.3752456205160378e-40,9927.051530792362,0.9967586640797594,4.671114296994988e-31
875340,0.0,-1.3747890647310837e-40,9927.051530792362,0.9967586640797594,4.66956571632147e-31
875400,0.0,-1.3743325089461293e-40,9927.051530792362,0.9967586640797594,4.6680171356479515e-31
875460,0.0,-1.3738759531611752e-40,9927.051530792362,0.9967586640797594,4.6664685549744336e-31
875520,0.0,-1.3734193973762208e-40,9927.051530792362,0.9967586640797594,4.664919974300915e-31
875580,0.0,-1.3729628415912667e-40,9927.051530792362,0.9967586640797594,4.663371393627397e-31
875640,0.0,-1.3725062858063125e-40,9927.051530792362,0.9967586640797594,4.661822812953879e-31
875700,0.0,-1.3720497300213582e-40,9927.051530792362,0.9967586640797594,4.660274232280361e-31
875760,0.0,-1.371593174236404e-40,9927.051530792362,0.9967586640797594,4.658725651606843e-31
875820,0.0,-1.3711366184514497e-40,9927.051530792362,0.9967586640797594,4.657177070933324e-31
875880,0.0,-1.3706800626664956e-40,9927.051530792362,0.9967586640797594,4.655628490259806e-31
875940,0.0,-1.3702235068815414e-40,9927.051530792362,0.9967586640797594,4.654079909586288e-31
876000,0.0,-1.369766951096587e-40,9927.051530792362,0.9967586640797594,4.6525313289127705e-31
876060,0.0,-1.369310395311633e-40,9927.051530792362,0.9967586640797594,4.6509827482392526e-31
876120,0.0,-1.3688538395266786e-40,9927.051530792362,0.9967586640797594,4.649434167565734e-31
876180,0.0,-1.3683972837417244e-40,9927.051530792362,0.9967586640797594,4.647885586892216e-31
876240,0.0,-1.3679407279567703e-40,9927.051530792362,0.9967586640797594,4.646337006218698e-31
876300,0.0,-1.367484172171816e-40,9927.051530792362,0.9967586640797594,4.64478842554518e-31
876360,0.0,-1.3670276163868618e-40,9927.051530792362,0.9967586640797594,4.643239844871662e-31
876420,0.0,-1.3665710606019075e-40,9927.051530792362,0.9967586640797594,4.641691264198143e-31
876480,0.0,-1.3661145048169533e-40,9927.051530792362,0.9967586640797594,4.640142683524625e-31
876540,0.0,-1.365657949031999e-40,9927.051530792362,0.9967586640797594,4.6385941028511065e-31
876600,0.0,-1.3652013932470448e-40,9927.051530792362,0.9967586640797594,4.637045522177589e-31
876660,0.0,-1.3647448374620907e-40,9927.051530792362,0.9967586640797594,4.635496941504071e-31
876720,0.0,-1.3642882816771365e-40,9927.051530792362,0.9967586640797594,4.633948360830553e-31
876780,0.0,-1.3638317258921824e-40,9927.051530792362,0.9967586640797594,4.632399780157035e-31
876840,0.0,-1.363375170107228e-40,9927.051530792362,0.9967586640797594,4.630851199483516e-31
876900,0.0,-1.362918614322274e-40,9927.051530792362,0.9967586640797594,4.629302618809998e-31
876960,0.0,-1.3624620585373198e-40,9927.051530792362,0.9967586640797594,4.62775403813648e-31
877020,0.0,-1.3620055027523654e-40,9927.051530792362,0.9967586640797594,4.626205457462962e-31
877080,0.0,-1.3615489469674113e-40,9927.051530792362,0.9967586640797594,4.624656876789444e-31
877140,0.0,-1.361092391182457e-40,9927.051530792362,0.9967586640797594,4.6231082961159255e-31
877200,0.0,-1.3606358353975028e-40,9927.051530792362,0.9967586640797594,4.621559715442408e-31
877260,0.0,-1.3601792796125486e-40,9927.051530792362,0.9967586640797594,4.62001113476889e-31
877320,0.0,-1.3597227238275943e-40,9927.051530792362,0.9967586640797594,4.618462554095372e-31
877380,0.0,-1.3592661680426402e-40,9927.051530792362,0.9967586640797594,4.616913973421854e-31
877440,0.0,-1.3588096122576858e-40,9927.051530792362,0.9967586640797594,4.615365392748335e-31
877500,0.0,-1.3583530564727317e-40,9927.051530792362,0.9967586640797594,4.613816812074817e-31
877560,0.0,-1.3578965006877775e-40,9927.051530792362,0.9967586640797594,4.612268231401299e-31
877620,0.0,-1.3574399449028232e-40,9927.051530792362,0.9967586640797594,4.61071965072778e-31
877680,0.0,-1.356983389117869e-40,9927.051530792362,0.9967586640797594,4.6091710700542624e-31
877740,0.0,-1.3565268333329147e-40,9927.051530792362,0.9967586640797594,4.6076224893807445e-31
877800,0.0,-1.3560702775479605e-40,9927.051530792362,0.9967586640797594,4.606073908707227e-31
877860,0.0,-1.3556137217630062e-40,9927.051530792362,0.9967586640797594,4.604525328033708e-31
877920,0.0,-1.355157165978052e-40,9927.051530792362,0.9967586640797594,4.60297674736019e-31
877980,0.0,-1.354700610193098e-40,9927.051530792362,0.9967586640797594,4.601428166686672e-31
878040,0.0,-1.3542440544081436e-40,9927.051530792362,0.9967586640797594,4.599879586013154e-31
878100,0.0,-1.3537874986231894e-40,9927.051530792362,0.9967586640797594,4.598331005339636e-31
878160,0.0,-1.3533309428382353e-40,9927.051530792362,0.9967586640797594,4.596782424666117e-31
878220,0.0,-1.3528743870532811e-40,9927.051530792362,0.9967586640797594,4.595233843992599e-31
878280,0.0,-1.3524178312683268e-40,9927.051530792362,0.9967586640797594,4.5936852633190814e-31
878340,0.0,-1.3519612754833726e-40,9927.051530792362,0.9967586640797594,4.5921366826455635e-31
878400,0.0,-1.3515047196984185e-40,9927.051530792362,0.9967586640797594,4.590588101972046e-31
878460,0.0,-1.3510481639134642e-40,9927.051530792362,0.9967586640797594,4.589039521298527e-31
878520,0.0,-1.35059160812851e-40,9927.051530792362,0.9967586640797594,4.587490940625009e-31
878580,0.0,-1.3501350523435559e-40,9927.051530792362,0.9967586640797594,4.585942359951491e-31
878640,0.0,-1.3496784965586015e-40,9927.051530792362,0.9967586640797594,4.584393779277972e-31
878700,0.0,-1.3492219407736474e-40,9927.051530792362,0.9967586640797594,4.582845198604454e-31
878760,0.0,-1.348765384988693e-40,9927.051530792362,0.9967586640797594,4.581296617930936e-31
878820,0.0,-1.3483088292037389e-40,9927.051530792362,0.9967586640797594,4.579748037257418e-31
878880,0.0,-1.3478522734187845e-40,9927.051530792362,0.9967586640797594,4.5781994565839e-31
878940,0.0,-1.3473957176338304e-40,9927.051530792362,0.9967586640797594,4.576650875910382e-31
879000,0.0,-1.3469391618488763e-40,9927.051530792362,0.9967586640797594,4.575102295236864e-31
879060,0.0,-1.346482606063922e-40,9927.051530792362,0.9967586640797594,4.573553714563346e-31
879120,0.0,-1.3460260502789678e-40,9927.051530792362,0.9967586640797594,4.572005133889828e-31
879180,0.0,-1.3455694944940134e-40,9927.051530792362,0.9967586640797594,4.570456553216309e-31
879240,0.0,-1.3451129387090593e-40,9927.051530792362,0.9967586640797594,4.568907972542791e-31
879300,0.0,-1.3446563829241051e-40,9927.051530792362,0.9967586640797594,4.567359391869273e-31
879360,0.0,-1.3441998271391508e-40,9927.051530792362,0.9967586640797594,4.565810811195755e-31
879420,0.0,-1.3437432713541966e-40,9927.051530792362,0.9967586640797594,4.564262230522237e-31
879480,0.0,-1.3432867155692423e-40,9927.051530792362,0.9967586640797594,4.5627136498487186e-31
879540,0.0,-1.3428301597842881e-40,9927.051530792362,0.9967586640797594,4.561165069175201e-31
879600,0.0,-1.342373603999334e-40,9927.051530792362,0.9967586640797594,4.559616488501683e-31
879660,0.0,-1.3419170482143799e-40,9927.051530792362,0.9967586640797594,4.558067907828164e-31
879720,0.0,-1.3414604924294255e-40,9927.051530792362,0.9967586640797594,4.556519327154646e-31
879780,0.0,-1.3410039366444714e-40,9927.051530792362,0.9967586640797594,4.554970746481128e-31
879840,0.0,-1.3405473808595172e-40,9927.051530792362,0.9967586640797594,4.55342216580761e-31
879900,0.0,-1.340090825074563e-40,9927.051530792362,0.9967586640797594,4.551873585134092e-31
879960,0.0,-1.3396342692896087e-40,9927.051530792362,0.9967586640797594,4.550325004460573e-31
880020,0.0,-1.3391777135046546e-40,9927.051530792362,0.9967586640797594,4.5487764237870555e-31
880080,0.0,-1.3387211577197002e-40,9927.051530792362,0.9967586640797594,4.5472278431135376e-31
880140,0.0,-1.3382646019347461e-40,9927.051530792362,0.9967586640797594,4.54567926244002e-31
880200,0.0,-1.3378080461497918e-40,9927.051530792362,0.9967586640797594,4.544130681766501e-31
880260,0.0,-1.3373514903648376e-40,9927.051530792362,0.9967586640797594,4.542582101092983e-31
880320,0.0,-1.3368949345798835e-40,9927.051530792362,0.9967586640797594,4.541033520419465e-31
880380,0.0,-1.3364383787949291e-40,9927.051530792362,0.9967586640797594,4.539484939745947e-31
880440,0.0,-1.335981823009975e-40,9927.051530792362,0.9967586640797594,4.537936359072429e-31
880500,0.0,-1.3355252672250206e-40,9927.051530792362,0.9967586640797594,4.53638777839891e-31
880560,0.0,-1.3350687114400665e-40,9927.051530792362,0.9967586640797594,4.534839197725392e-31
880620,0.0,-1.3346121556551123e-40,9927.051530792362,0.9967586640797594,4.5332906170518745e-31
880680,0.0,-1.334155599870158e-40,9927.051530792362,0.9967586640797594,4.531742036378356e-31
880740,0.0,-1.3336990440852039e-40,9927.051530792362,0.9967586640797594,4.530193455704838e-31
880800,0.0,-1.3332424883002495e-40,9927.051530792362,0.9967586640797594,4.52864487503132e-31
880860,0.0,-1.3327859325152954e-40,9927.051530792362,0.9967586640797594,4.527096294357802e-31
880920,0.0,-1.3323293767303412e-40,9927.051530792362,0.9967586640797594,4.525547713684284e-31
880980,0.0,-1.3318728209453869e-40,9927.051530792362,0.9967586640797594,4.523999133010765e-31
881040,0.0,-1.3314162651604327e-40,9927.051530792362,0.9967586640797594,4.522450552337247e-31
881100,0.0,-1.3309597093754784e-40,9927.051530792362,0.9967586640797594,4.520901971663729e-31
881160,0.0,-1.3305031535905242e-40,9927.051530792362,0.9967586640797594,4.519353390990211e-31
881220,0.0,-1.3300465978055701e-40,9927.051530792362,0.9967586640797594,4.517804810316693e-31
881280,0.0,-1.329590042020616e-40,9927.051530792362,0.9967586640797594,4.516256229643175e-31
881340,0.0,-1.3291334862356618e-40,9927.051530792362,0.9967586640797594,4.514707648969657e-31
881400,0.0,-1.3286769304507075e-40,9927.051530792362,0.9967586640797594,4.513159068296139e-31
881460,0.0,-1.3282203746657533e-40,9927.051530792362,0.9967586640797594,4.511610487622621e-31
881520,0.0,-1.327763818880799e-40,9927.051530792362,0.9967586640797594,4.510061906949102e-31
881580,0.0,-1.3273072630958448e-40,9927.051530792362,0.9967586640797594,4.508513326275584e-31
881640,0.0,-1.3268507073108907e-40,9927.051530792362,0.9967586640797594,4.506964745602066e-31
881700,0.0,-1.3263941515259363e-40,9927.051530792362,0.9967586640797594,4.5054161649285474e-31
881760,0.0,-1.3259375957409822e-40,9927.051530792362,0.9967586640797594,4.5038675842550295e-31
881820,0.0,-1.3254810399560279e-40,9927.051530792362,0.9967586640797594,4.502319003581512e-31
881880,0.0,-1.3250244841710737e-40,9927.051530792362,0.9967586640797594,4.500770422907994e-31
881940,0.0,-1.3245679283861196e-40,9927.051530792362,0.9967586640797594,4.499221842234476e-31
882000,0.0,-1.3241113726011652e-40,9927.051530792362,0.9967586640797594,4.497673261560957e-31
882060,0.0,-1.323654816816211e-40,9927.051530792362,0.9967586640797594,4.496124680887439e-31
882120,0.0,-1.3231982610312567e-40,9927.051530792362,0.9967586640797594,4.494576100213921e-31
882180,0.0,-1.3227417052463026e-40,9927.051530792362,0.9967586640797594,4.493027519540403e-31
882240,0.0,-1.3222851494613482e-40,9927.051530792362,0.9967586640797594,4.491478938866884e-31
882300,0.0,-1.321828593676394e-40,9927.051530792362,0.9967586640797594,4.4899303581933664e-31
882360,0.0,-1.32137203789144e-40,9927.051530792362,0.9967586640797594,4.4883817775198485e-31
882420,0.0,-1.3209154821064856e-40,9927.051530792362,0.9967586640797594,4.486833196846331e-31
882480,0.0,-1.3204589263215315e-40,9927.051530792362,0.9967586640797594,4.485284616172813e-31
882540,0.0,-1.3200023705365771e-40,9927.051530792362,0.9967586640797594,4.483736035499294e-31
882600,0.0,-1.319545814751623e-40,9927.051530792362,0.9967586640797594,4.482187454825776e-31
882660,0.0,-1.3190892589666688e-40,9927.051530792362,0.9967586640797594,4.480638874152258e-31
882720,0.0,-1.3186327031817147e-40,9927.051530792362,0.9967586640797594,4.479090293478739e-31
882780,0.0,-1.3181761473967605e-40,9927.051530792362,0.9967586640797594,4.477541712805221e-31
882840,0.0,-1.3177195916118062e-40,9927.051530792362,0.9967586640797594,4.475993132131703e-31
882900,0.0,-1.317263035826852e-40,9927.051530792362,0.9967586640797594,4.4744445514581854e-31
882960,0.0,-1.316806480041898e-40,9927.051530792362,0.9967586640797594,4.4728959707846675e-31
883020,0.0,-1.3163499242569436e-40,9927.051530792362,0.9967586640797594,4.471347390111149e-31
883080,0.0,-1.3158933684719894e-40,9927.051530792362,0.9967586640797594,4.469798809437631e-31
883140,0.0,-1.315436812687035e-40,9927.051530792362,0.9967586640797594,4.468250228764113e-31
883200,0.0,-1.314980256902081e-40,9927.051530792362,0.9967586640797594,4.466701648090595e-31
883260,0.0,-1.3145237011171268e-40,9927.051530792362,0.9967586640797594,4.465153067417077e-31
883320,0.0,-1.3140671453321724e-40,9927.051530792362,0.9967586640797594,4.463604486743558e-31
883380,0.0,-1.3136105895472183e-40,9927.051530792362,0.9967586640797594,4.46205590607004e-31
883440,0.0,-1.313154033762264e-40,9927.051530792362,0.9967586640797594,4.460507325396522e-31
883500,0.0,-1.3126974779773098e-40,9927.051530792362,0.9967586640797594,4.4589587447230044e-31
883560,0.0,-1.3122409221923555e-40,9927.051530792362,0.9967586640797594,4.457410164049486e-31
883620,0.0,-1.3117843664074013e-40,9927.051530792362,0.9967586640797594,4.455861583375968e-31
883680,0.0,-1.3113278106224472e-40,9927.051530792362,0.9967586640797594,4.45431300270245e-31
883740,0.0,-1.3108712548374928e-40,9927.051530792362,0.9967586640797594,4.452764422028931e-31
883800,0.0,-1.3104146990525387e-40,9927.051530792362,0.9967586640797594,4.451215841355413e-31
883860,0.0,-1.3099581432675843e-40,9927.051530792362,0.9967586640797594,4.449667260681895e-31
883920,0.0,-1.3095015874826302e-40,9927.051530792362,0.9967586640797594,4.448118680008377e-31
883980,0.0,-1.309045031697676e-40,9927.051530792362,0.9967586640797594,4.446570099334859e-31
884040,0.0,-1.3085884759127217e-40,9927.051530792362,0.9967586640797594,4.4450215186613405e-31
884100,0.0,-1.3081319201277676e-40,9927.051530792362,0.9967586640797594,4.4434729379878226e-31
884160,0.0,-1.3076753643428134e-40,9927.051530792362,0.9967586640797594,4.441924357314305e-31
884220,0.0,-1.3072188085578593e-40,9927.051530792362,0.9967586640797594,4.440375776640787e-31
884280,0.0,-1.306762252772905e-40,9927.051530792362,0.9967586640797594,4.438827195967269e-31
884340,0.0,-1.3063056969879508e-40,9927.051530792362,0.9967586640797594,4.43727861529375e-31
884400,0.0,-1.3058491412029966e-40,9927.051530792362,0.9967586640797594,4.435730034620232e-31
884460,0.0,-1.3053925854180423e-40,9927.051530792362,0.9967586640797594,4.434181453946714e-31
884520,0.0,-1.3049360296330882e-40,9927.051530792362,0.9967586640797594,4.432632873273196e-31
884580,0.0,-1.3044794738481338e-40,9927.051530792362,0.9967586640797594,4.431084292599677e-31
884640,0.0,-1.3040229180631797e-40,9927.051530792362,0.9967586640797594,4.4295357119261595e-31
884700,0.0,-1.3035663622782255e-40,9927.051530792362,0.9967586640797594,4.4279871312526416e-31
884760,0.0,-1.3031098064932712e-40,9927.051530792362,0.9967586640797594,4.426438550579123e-31
884820,0.0,-1.302653250708317e-40,9927.051530792362,0.9967586640797594,4.424889969905605e-31
884880,0.0,-1.3021966949233627e-40,9927.051530792362,0.9967586640797594,4.423341389232087e-31
884940,0.0,-1.3017401391384085e-40,9927.051530792362,0.9967586640797594,4.421792808558569e-31
885000,0.0,-1.3012835833534544e-40,9927.051530792362,0.9967586640797594,4.420244227885051e-31
885060,0.0,-1.3008270275685e-40,9927.051530792362,0.9967586640797594,4.418695647211532e-31
885120,0.0,-1.300370471783546e-40,9927.051530792362,0.9967586640797594,4.417147066538014e-31
885180,0.0,-1.2999139159985916e-40,9927.051530792362,0.9967586640797594,4.415598485864496e-31
885240,0.0,-1.2994573602136374e-40,9927.051530792362,0.9967586640797594,4.4140499051909785e-31
885300,0.0,-1.2990008044286833e-40,9927.051530792362,0.9967586640797594,4.4125013245174606e-31
885360,0.0,-1.298544248643729e-40,9927.051530792362,0.9967586640797594,4.410952743843942e-31
885420,0.0,-1.2980876928587748e-40,9927.051530792362,0.9967586640797594,4.409404163170424e-31
885480,0.0,-1.2976311370738204e-40,9927.051530792362,0.9967586640797594,4.407855582496906e-31
885540,0.0,-1.2971745812888663e-40,9927.051530792362,0.9967586640797594,4.406307001823388e-31
885600,0.0,-1.2967180255039121e-40,9927.051530792362,0.9967586640797594,4.40475842114987e-31
885660,0.0,-1.2962614697189578e-40,9927.051530792362,0.9967586640797594,4.403209840476351e-31
885720,0.0,-1.2958049139340037e-40,9927.051530792362,0.9967586640797594,4.401661259802833e-31
885780,0.0,-1.2953483581490495e-40,9927.051530792362,0.9967586640797594,4.4001126791293145e-31
885840,0.0,-1.2948918023640954e-40,9927.051530792362,0.9967586640797594,4.398564098455797e-31
885900,0.0,-1.294435246579141e-40,9927.051530792362,0.9967586640797594,4.397015517782279e-31
885960,0.0,-1.2939786907941869e-40,9927.051530792362,0.9967586640797594,4.395466937108761e-31
886020,0.0,-1.2935221350092327e-40,9927.051530792362,0.9967586640797594,4.393918356435243e-31
886080,0.0,-1.2930655792242784e-40,9927.051530792362,0.9967586640797594,4.392369775761724e-31
886140,0.0,-1.2926090234393242e-40,9927.051530792362,0.9967586640797594,4.390821195088206e-31
886200,0.0,-1.29215246765437e-40,9927.051530792362,0.9967586640797594,4.389272614414688e-31
886260,0.0,-1.2916959118694158e-40,9927.051530792362,0.9967586640797594,4.38772403374117e-31
886320,0.0,-1.2912393560844616e-40,9927.051530792362,0.9967586640797594,4.386175453067652e-31
886380,0.0,-1.2907828002995073e-40,9927.051530792362,0.9967586640797594,4.3846268723941335e-31
886440,0.0,-1.2903262445145531e-40,9927.051530792362,0.9967586640797594,4.383078291720616e-31
886500,0.0,-1.2898696887295988e-40,9927.051530792362,0.9967586640797594,4.381529711047098e-31
886560,0.0,-1.2894131329446446e-40,9927.051530792362,0.9967586640797594,4.37998113037358e-31
886620,0.0,-1.2889565771596905e-40,9927.051530792362,0.9967586640797594,4.378432549700062e-31
886680,0.0,-1.2885000213747361e-40,9927.051530792362,0.9967586640797594,4.376883969026543e-31
886740,0.0,-1.288043465589782e-40,9927.051530792362,0.9967586640797594,4.375335388353025e-31
886800,0.0,-1.2875869098048277e-40,9927.051530792362,0.9967586640797594,4.373786807679506e-31
886860,0.0,-1.2871303540198735e-40,9927.051530792362,0.9967586640797594,4.372238227005988e-31
886920,0.0,-1.2866737982349192e-40,9927.051530792362,0.9967586640797594,4.3706896463324704e-31
886980,0.0,-1.286217242449965e-40,9927.051530792362,0.9967586640797594,4.3691410656589525e-31
887040,0.0,-1.2857606866650109e-40,9927.051530792362,0.9967586640797594,4.367592484985435e-31
887100,0.0,-1.2853041308800565e-40,9927.051530792362,0.9967586640797594,4.366043904311916e-31
887160,0.0,-1.2848475750951024e-40,9927.051530792362,0.9967586640797594,4.364495323638398e-31
887220,0.0,-1.2843910193101482e-40,9927.051530792362,0.9967586640797594,4.36294674296488e-31
887280,0.0,-1.2839344635251941e-40,9927.051530792362,0.9967586640797594,4.361398162291362e-31
887340,0.0,-1.28347790774024e-40,9927.051530792362,0.9967586640797594,4.359849581617844e-31
887400,0.0,-1.2830213519552856e-40,9927.051530792362,0.9967586640797594,4.358301000944325e-31
887460,0.0,-1.2825647961703315e-40,9927.051530792362,0.9967586640797594,4.356752420270807e-31
887520,0.0,-1.2821082403853771e-40,9927.051530792362,0.9967586640797594,4.3552038395972894e-31
887580,0.0,-1.281651684600423e-40,9927.051530792362,0.9967586640797594,4.3536552589237715e-31
887640,0.0,-1.2811951288154688e-40,9927.051530792362,0.9967586640797594,4.352106678250254e-31
887700,0.0,-1.2807385730305145e-40,9927.051530792362,0.9967586640797594,4.350558097576735e-31
887760,0.0,-1.2802820172455603e-40,9927.051530792362,0.9967586640797594,4.349009516903217e-31
887820,0.0,-1.279825461460606e-40,9927.051530792362,0.9967586640797594,4.347460936229698e-31
887880,0.0,-1.2793689056756519e-40,9927.051530792362,0.9967586640797594,4.34591235555618e-31
887940,0.0,-1.2789123498906977e-40,9927.051530792362,0.9967586640797594,4.344363774882663e-31
888000,0.0,-1.2784557941057434e-40,9927.051530792362,0.9967586640797594,4.342815194209144e-31
888060,0.0,-1.2779992383207892e-40,9927.051530792362,0.9967586640797594,4.341266613535626e-31
888120,0.0,-1.2775426825358349e-40,9927.051530792362,0.9967586640797594,4.339718032862108e-31
888180,0.0,-1.2770861267508807e-40,9927.051530792362,0.9967586640797594,4.33816945218859e-31
888240,0.0,-1.2766295709659264e-40,9927.051530792362,0.9967586640797594,4.336620871515072e-31
888300,0.0,-1.2761730151809722e-40,9927.051530792362,0.9967586640797594,4.335072290841554e-31
888360,0.0,-1.275716459396018e-40,9927.051530792362,0.9967586640797594,4.333523710168036e-31
888420,0.0,-1.2752599036110638e-40,9927.051530792362,0.9967586640797594,4.331975129494517e-31
888480,0.0,-1.2748033478261096e-40,9927.051530792362,0.9967586640797594,4.330426548820999e-31
888540,0.0,-1.2743467920411553e-40,9927.051530792362,0.9967586640797594,4.328877968147481e-31
888600,0.0,-1.2738902362562011e-40,9927.051530792362,0.9967586640797594,4.327329387473963e-31
888660,0.0,-1.273433680471247e-40,9927.051530792362,0.9967586640797594,4.325780806800445e-31
888720,0.0,-1.2729771246862928e-40,9927.051530792362,0.9967586640797594,4.3242322261269266e-31
888780,0.0,-1.2725205689013387e-40,9927.051530792362,0.9967586640797594,4.322683645453409e-31
888840,0.0,-1.2720640131163843e-40,9927.051530792362,0.9967586640797594,4.32113506477989e-31
888900,0.0,-1.2716074573314302e-40,9927.051530792362,0.9967586640797594,4.319586484106372e-31
888960,0.0,-1.271150901546476e-40,9927.051530792362,0.9967586640797594,4.318037903432855e-31
889020,0.0,-1.2706943457615217e-40,9927.051530792362,0.9967586640797594,4.316489322759336e-31
889080,0.0,-1.2702377899765676e-40,9927.051530792362,0.9967586640797594,4.314940742085818e-31
889140,0.0,-1.2697812341916132e-40,9927.051530792362,0.9967586640797594,4.313392161412299e-31
889200,0.0,-1.269324678406659e-40,9927.051530792362,0.9967586640797594,4.311843580738781e-31
889260,0.0,-1.2688681226217047e-40,9927.051530792362,0.9967586640797594,4.3102950000652635e-31
889320,0.0,-1.2684115668367506e-40,9927.051530792362,0.9967586640797594,4.3087464193917456e-31
889380,0.0,-1.2679550110517964e-40,9927.051530792362,0.9967586640797594,4.307197838718228e-31
889440,0.0,-1.267498455266842e-40,9927.051530792362,0.9967586640797594,4.305649258044709e-31
889500,0.0,-1.267041899481888e-40,9927.051530792362,0.9967586640797594,4.304100677371191e-31
889560,0.0,-1.2665853436969336e-40,9927.051530792362,0.9967586640797594,4.302552096697673e-31
889620,0.0,-1.2661287879119795e-40,9927.051530792362,0.9967586640797594,4.301003516024155e-31
889680,0.0,-1.2656722321270253e-40,9927.051530792362,0.9967586640797594,4.299454935350637e-31
889740,0.0,-1.265215676342071e-40,9927.051530792362,0.9967586640797594,4.297906354677118e-31
889800,0.0,-1.2647591205571168e-40,9927.051530792362,0.9967586640797594,4.2963577740036e-31
889860,0.0,-1.2643025647721625e-40,9927.051530792362,0.9967586640797594,4.294809193330082e-31
889920,0.0,-1.2638460089872083e-40,9927.051530792362,0.9967586640797594,4.293260612656564e-31
889980,0.0,-1.2633894532022542e-40,9927.051530792362,0.9967586640797594,4.291712031983047e-31
890040,0.0,-1.2629328974172998e-40,9927.051530792362,0.9967586640797594,4.290163451309528e-31
890100,0.0,-1.2624763416323457e-40,9927.051530792362,0.9967586640797594,4.28861487063601e-31
890160,0.0,-1.2620197858473916e-40,9927.051530792362,0.9967586640797594,4.287066289962491e-31
890220,0.0,-1.2615632300624374e-40,9927.051530792362,0.9967586640797594,4.285517709288973e-31
890280,0.0,-1.261106674277483e-40,9927.051530792362,0.9967586640797594,4.283969128615455e-31
890340,0.0,-1.260650118492529e-40,9927.051530792362,0.9967586640797594,4.282420547941937e-31
890400,0.0,-1.2601935627075748e-40,9927.051530792362,0.9967586640797594,4.280871967268419e-31
890460,0.0,-1.2597370069226204e-40,9927.051530792362,0.9967586640797594,4.279323386594901e-31
890520,0.0,-1.2592804511376663e-40,9927.051530792362,0.9967586640797594,4.277774805921383e-31
890580,0.0,-1.258823895352712e-40,9927.051530792362,0.9967586640797594,4.276226225247865e-31
890640,0.0,-1.2583673395677578e-40,9927.051530792362,0.9967586640797594,4.274677644574347e-31
890700,0.0,-1.2579107837828037e-40,9927.051530792362,0.9967586640797594,4.273129063900829e-31
890760,0.0,-1.2574542279978493e-40,9927.051530792362,0.9967586640797594,4.27158048322731e-31
890820,0.0,-1.2569976722128952e-40,9927.051530792362,0.9967586640797594,4.270031902553792e-31
890880,0.0,-1.2565411164279408e-40,9927.051530792362,0.9967586640797594,4.268483321880273e-31
890940,0.0,-1.2560845606429867e-40,9927.051530792362,0.9967586640797594,4.2669347412067554e-31
891000,0.0,-1.2556280048580325e-40,9927.051530792362,0.9967586640797594,4.265386160533238e-31
891060,0.0,-1.2551714490730782e-40,9927.051530792362,0.9967586640797594,4.26383757985972e-31
891120,0.0,-1.254714893288124e-40,9927.051530792362,0.9967586640797594,4.262288999186202e-31
891180,0.0,-1.2542583375031697e-40,9927.051530792362,0.9967586640797594,4.260740418512683e-31
891240,0.0,-1.2538017817182156e-40,9927.051530792362,0.9967586640797594,4.259191837839165e-31
891300,0.0,-1.2533452259332614e-40,9927.051530792362,0.9967586640797594,4.257643257165647e-31
891360,0.0,-1.252888670148307e-40,9927.051530792362,0.9967586640797594,4.256094676492129e-31
891420,0.0,-1.252432114363353e-40,9927.051530792362,0.9967586640797594,4.254546095818611e-31
891480,0.0,-1.2519755585783986e-40,9927.051530792362,0.9967586640797594,4.252997515145092e-31
891540,0.0,-1.2515190027934444e-40,9927.051530792362,0.9967586640797594,4.2514489344715744e-31
891600,0.0,-1.2510624470084903e-40,9927.051530792362,0.9967586640797594,4.2499003537980565e-31
891660,0.0,-1.250605891223536e-40,9927.051530792362,0.9967586640797594,4.248351773124539e-31
891720,0.0,-1.2501493354385818e-40,9927.051530792362,0.9967586640797594,4.246803192451021e-31
891780,0.0,-1.2496927796536277e-40,9927.051530792362,0.9967586640797594,4.245254611777502e-31
891840,0.0,-1.2492362238686735e-40,9927.051530792362,0.9967586640797594,4.243706031103984e-31
891900,0.0,-1.2487796680837192e-40,9927.051530792362,0.9967586640797594,4.242157450430465e-31
891960,0.0,-1.248323112298765e-40,9927.051530792362,0.9967586640797594,4.240608869756947e-31
892020,0.0,-1.2478665565138109e-40,9927.051530792362,0.9967586640797594,4.23906028908343e-31
892080,0.0,-1.2474100007288565e-40,9927.051530792362,0.9967586640797594,4.237511708409911e-31
892140,0.0,-1.2469534449439024e-40,9927.051530792362,0.9967586640797594,4.2359631277363934e-31
892200,0.0,-1.246496889158948e-40,9927.051530792362,0.9967586640797594,4.234414547062875e-31
892260,0.0,-1.246040333373994e-40,9927.051530792362,0.9967586640797594,4.232865966389357e-31
892320,0.0,-1.2455837775890398e-40,9927.051530792362,0.9967586640797594,4.231317385715839e-31
892380,0.0,-1.2451272218040854e-40,9927.051530792362,0.9967586640797594,4.229768805042321e-31
892440,0.0,-1.2446706660191313e-40,9927.051530792362,0.9967586640797594,4.228220224368803e-31
892500,0.0,-1.244214110234177e-40,9927.051530792362,0.9967586640797594,4.226671643695284e-31
892560,0.0,-1.2437575544492228e-40,9927.051530792362,0.9967586640797594,4.225123063021766e-31
892620,0.0,-1.2433009986642684e-40,9927.051530792362,0.9967586640797594,4.223574482348248e-31
892680,0.0,-1.2428444428793143e-40,9927.051530792362,0.9967586640797594,4.22202590167473e-31
892740,0.0,-1.2423878870943601e-40,9927.051530792362,0.9967586640797594,4.2204773210012124e-31
892800,0.0,-1.2419313313094058e-40,9927.051530792362,0.9967586640797594,4.218928740327694e-31
892860,0.0,-1.2414747755244517e-40,9927.051530792362,0.9967586640797594,4.217380159654176e-31
892920,0.0,-1.2410182197394973e-40,9927.051530792362,0.9967586640797594,4.215831578980657e-31
892980,0.0,-1.2405616639545432e-40,9927.051530792362,0.9967586640797594,4.214282998307139e-31
893040,0.0,-1.240105108169589e-40,9927.051530792362,0.9967586640797594,4.212734417633622e-31
893100,0.0,-1.2396485523846347e-40,9927.051530792362,0.9967586640797594,4.211185836960103e-31
893160,0.0,-1.2391919965996805e-40,9927.051530792362,0.9967586640797594,4.209637256286585e-31
893220,0.0,-1.2387354408147264e-40,9927.051530792362,0.9967586640797594,4.208088675613066e-31
893280,0.0,-1.2382788850297722e-40,9927.051530792362,0.9967586640797594,4.2065400949395485e-31
893340,0.0,-1.2378223292448181e-40,9927.051530792362,0.9967586640797594,4.2049915142660306e-31
893400,0.0,-1.2373657734598638e-40,9927.051530792362,0.9967586640797594,4.203442933592513e-31
893460,0.0,-1.2369092176749096e-40,9927.051530792362,0.9967586640797594,4.201894352918995e-31
893520,0.0,-1.2364526618899553e-40,9927.051530792362,0.9967586640797594,4.200345772245476e-31
893580,0.0,-1.2359961061050011e-40,9927.051530792362,0.9967586640797594,4.198797191571958e-31
893640,0.0,-1.235539550320047e-40,9927.051530792362,0.9967586640797594,4.19724861089844e-31
893700,0.0,-1.2350829945350926e-40,9927.051530792362,0.9967586640797594,4.195700030224922e-31
893760,0.0,-1.2346264387501385e-40,9927.051530792362,0.9967586640797594,4.194151449551404e-31
893820,0.0,-1.2341698829651841e-40,9927.051530792362,0.9967586640797594,4.192602868877885e-31
893880,0.0,-1.23371332718023e-40,9927.051530792362,0.9967586640797594,4.1910542882043675e-31
893940,0.0,-1.2332567713952757e-40,9927.051530792362,0.9967586640797594,4.189505707530849e-31
894000,0.0,-1.2328002156103215e-40,9927.051530792362,0.9967586640797594,4.187957126857331e-31
894060,0.0,-1.2323436598253674e-40,9927.051530792362,0.9967586640797594,4.186408546183814e-31
894120,0.0,-1.231887104040413e-40,9927.051530792362,0.9967586640797594,4.184859965510295e-31
894180,0.0,-1.2314305482554589e-40,9927.051530792362,0.9967586640797594,4.183311384836777e-31
894240,0.0,-1.2309739924705045e-40,9927.051530792362,0.9967586640797594,4.181762804163258e-31
894300,0.0,-1.2305174366855504e-40,9927.051530792362,0.9967586640797594,4.18021422348974e-31
894360,0.0,-1.2300608809005962e-40,9927.051530792362,0.9967586640797594,4.178665642816222e-31
894420,0.0,-1.2296043251156419e-40,9927.051530792362,0.9967586640797594,4.177117062142704e-31
894480,0.0,-1.2291477693306878e-40,9927.051530792362,0.9967586640797594,4.1755684814691865e-31
894540,0.0,-1.2286912135457334e-40,9927.051530792362,0.9967586640797594,4.174019900795668e-31
894600,0.0,-1.2282346577607793e-40,9927.051530792362,0.9967586640797594,4.17247132012215e-31
894660,0.0,-1.2277781019758251e-40,9927.051530792362,0.9967586640797594,4.170922739448632e-31
894720,0.0,-1.227321546190871e-40,9927.051530792362,0.9967586640797594,4.169374158775114e-31
894780,0.0,-1.2268649904059168e-40,9927.051530792362,0.9967586640797594,4.167825578101596e-31
894840,0.0,-1.2264084346209625e-40,9927.051530792362,0.9967586640797594,4.166276997428077e-31
894900,0.0,-1.2259518788360083e-40,9927.051530792362,0.9967586640797594,4.164728416754559e-31
894960,0.0,-1.225495323051054e-40,9927.051530792362,0.9967586640797594,4.1631798360810405e-31
895020,0.0,-1.2250387672660999e-40,9927.051530792362,0.9967586640797594,4.161631255407523e-31
895080,0.0,-1.2245822114811457e-40,9927.051530792362,0.9967586640797594,4.1600826747340055e-31
895140,0.0,-1.2241256556961914e-40,9927.051530792362,0.9967586640797594,4.158534094060487e-31
895200,0.0,-1.2236690999112372e-40,9927.051530792362,0.9967586640797594,4.156985513386969e-31
895260,0.0,-1.2232125441262829e-40,9927.051530792362,0.9967586640797594,4.15543693271345e-31
895320,0.0,-1.2227559883413287e-40,9927.051530792362,0.9967586640797594,4.153888352039932e-31
895380,0.0,-1.2222994325563746e-40,9927.051530792362,0.9967586640797594,4.152339771366414e-31
895440,0.0,-1.2218428767714202e-40,9927.051530792362,0.9967586640797594,4.150791190692896e-31
895500,0.0,-1.221386320986466e-40,9927.051530792362,0.9967586640797594,4.149242610019378e-31
895560,0.0,-1.2209297652015117e-40,9927.051530792362,0.9967586640797594,4.1476940293458594e-31
895620,0.0,-1.2204732094165576e-40,9927.051530792362,0.9967586640797594,4.1461454486723415e-31
895680,0.0,-1.2200166536316035e-40,9927.051530792362,0.9967586640797594,4.144596867998824e-31
895740,0.0,-1.2195600978466491e-40,9927.051530792362,0.9967586640797594,4.143048287325306e-31
895800,0.0,-1.219103542061695e-40,9927.051530792362,0.9967586640797594,4.141499706651788e-31
895860,0.0,-1.2186469862767406e-40,9927.051530792362,0.9967586640797594,4.139951125978269e-31
895920,0.0,-1.2181904304917865e-40,9927.051530792362,0.9967586640797594,4.138402545304751e-31
895980,0.0,-1.2177338747068323e-40,9927.051530792362,0.9967586640797594,4.136853964631233e-31
896040,0.0,-1.217277318921878e-40,9927.051530792362,0.9967586640797594,4.135305383957715e-31
896100,0.0,-1.2168207631369238e-40,9927.051530792362,0.9967586640797594,4.133756803284197e-31
896160,0.0,-1.2163642073519697e-40,9927.051530792362,0.9967586640797594,4.1322082226106784e-31
896220,0.0,-1.2159076515670154e-40,9927.051530792362,0.9967586640797594,4.1306596419371605e-31
896280,0.0,-1.2154510957820612e-40,9927.051530792362,0.9967586640797594,4.129111061263642e-31
896340,0.0,-1.214994539997107e-40,9927.051530792362,0.9967586640797594,4.127562480590124e-31
896400,0.0,-1.214537984212153e-40,9927.051530792362,0.9967586640797594,4.126013899916606e-31
896460,0.0,-1.2140814284271986e-40,9927.051530792362,0.9967586640797594,4.124465319243088e-31
896520,0.0,-1.2136248726422444e-40,9927.051530792362,0.9967586640797594,4.12291673856957e-31
896580,0.0,-1.21316831685729e-40,9927.051530792362,0.9967586640797594,4.121368157896051e-31
896640,0.0,-1.212711761072336e-40,9927.051530792362,0.9967586640797594,4.119819577222533e-31
896700,0.0,-1.2122552052873818e-40,9927.051530792362,0.9967586640797594,4.118270996549015e-31
896760,0.0,-1.2117986495024275e-40,9927.051530792362,0.9967586640797594,4.1167224158754974e-31
896820,0.0,-1.2113420937174733e-40,9927.051530792362,0.9967586640797594,4.1151738352019795e-31
896880,0.0,-1.210885537932519e-40,9927.051530792362,0.9967586640797594,4.113625254528461e-31
896940,0.0,-1.2104289821475648e-40,9927.051530792362,0.9967586640797594,4.112076673854943e-31
897000,0.0,-1.2099724263626107e-40,9927.051530792362,0.9967586640797594,4.110528093181425e-31
897060,0.0,-1.2095158705776563e-40,9927.051530792362,0.9967586640797594,4.108979512507907e-31
897120,0.0,-1.2090593147927022e-40,9927.051530792362,0.9967586640797594,4.107430931834389e-31
897180,0.0,-1.2086027590077478e-40,9927.051530792362,0.9967586640797594,4.10588235116087e-31
897240,0.0,-1.2081462032227937e-40,9927.051530792362,0.9967586640797594,4.104333770487352e-31
897300,0.0,-1.2076896474378394e-40,9927.051530792362,0.9967586640797594,4.1027851898138335e-31
897360,0.0,-1.2072330916528852e-40,9927.051530792362,0.9967586640797594,4.101236609140316e-31
897420,0.0,-1.206776535867931e-40,9927.051530792362,0.9967586640797594,4.099688028466798e-31
897480,0.0,-1.2063199800829767e-40,9927.051530792362,0.9967586640797594,4.09813944779328e-31
897540,0.0,-1.2058634242980226e-40,9927.051530792362,0.9967586640797594,4.096590867119762e-31
897600,0.0,-1.2054068685130682e-40,9927.051530792362,0.9967586640797594,4.095042286446243e-31
897660,0.0,-1.204950312728114e-40,9927.051530792362,0.9967586640797594,4.093493705772725e-31
897720,0.0,-1.20449375694316e-40,9927.051530792362,0.9967586640797594,4.091945125099207e-31
897780,0.0,-1.2040372011582058e-40,9927.051530792362,0.9967586640797594,4.090396544425689e-31
897840,0.0,-1.2035806453732517e-40,9927.051530792362,0.9967586640797594,4.088847963752171e-31
897900,0.0,-1.2031240895882973e-40,9927.051530792362,0.9967586640797594,4.0872993830786525e-31
897960,0.0,-1.2026675338033432e-40,9927.051530792362,0.9967586640797594,4.0857508024051346e-31
898020,0.0,-1.202210978018389e-40,9927.051530792362,0.9967586640797594,4.084202221731617e-31
898080,0.0,-1.2017544222334347e-40,9927.051530792362,0.9967586640797594,4.082653641058099e-31
898140,0.0,-1.2012978664484805e-40,9927.051530792362,0.9967586640797594,4.081105060384581e-31
898200,0.0,-1.2008413106635262e-40,9927.051530792362,0.9967586640797594,4.079556479711062e-31
898260,0.0,-1.200384754878572e-40,9927.051530792362,0.9967586640797594,4.078007899037544e-31
898320,0.0,-1.199928199093618e-40,9927.051530792362,0.9967586640797594,4.076459318364026e-31
898380,0.0,-1.1994716433086636e-40,9927.051530792362,0.9967586640797594,4.074910737690507e-31
898440,0.0,-1.1990150875237094e-40,9927.051530792362,0.9967586640797594,4.073362157016989e-31
898500,0.0,-1.198558531738755e-40,9927.051530792362,0.9967586640797594,4.0718135763434715e-31
898560,0.0,-1.198101975953801e-40,9927.051530792362,0.9967586640797594,4.0702649956699536e-31
898620,0.0,-1.1976454201688466e-40,9927.051530792362,0.9967586640797594,4.068716414996435e-31
898680,0.0,-1.1971888643838924e-40,9927.051530792362,0.9967586640797594,4.067167834322917e-31
898740,0.0,-1.1967323085989383e-40,9927.051530792362,0.9967586640797594,4.065619253649399e-31
898800,0.0,-1.196275752813984e-40,9927.051530792362,0.9967586640797594,4.064070672975881e-31
898860,0.0,-1.1958191970290298e-40,9927.051530792362,0.9967586640797594,4.062522092302363e-31
898920,0.0,-1.1953626412440755e-40,9927.051530792362,0.9967586640797594,4.060973511628844e-31
898980,0.0,-1.1949060854591213e-40,9927.051530792362,0.9967586640797594,4.059424930955326e-31
899040,0.0,-1.1944495296741672e-40,9927.051530792362,0.9967586640797594,4.057876350281808e-31
899100,0.0,-1.1939929738892128e-40,9927.051530792362,0.9967586640797594,4.0563277696082905e-31
899160,0.0,-1.1935364181042587e-40,9927.051530792362,0.9967586640797594,4.0547791889347726e-31
899220,0.0,-1.1930798623193045e-40,9927.051530792362,0.9967586640797594,4.053230608261254e-31
899280,0.0,-1.1926233065343504e-40,9927.051530792362,0.9967586640797594,4.051682027587736e-31
899340,0.0,-1.1921667507493962e-40,9927.051530792362,0.9967586640797594,4.050133446914218e-31
899400,0.0,-1.191710194964442e-40,9927.051530792362,0.9967586640797594,4.048584866240699e-31
899460,0.0,-1.1912536391794878e-40,9927.051530792362,0.9967586640797594,4.047036285567181e-31
899520,0.0,-1.1907970833945334e-40,9927.051530792362,0.9967586640797594,4.045487704893663e-31
899580,0.0,-1.1903405276095793e-40,9927.051530792362,0.9967586640797594,4.043939124220145e-31
899640,0.0,-1.189883971824625e-40,9927.051530792362,0.9967586640797594,4.0423905435466265e-31
899700,0.0,-1.1894274160396708e-40,9927.051530792362,0.9967586640797594,4.040841962873109e-31
899760,0.0,-1.1889708602547166e-40,9927.051530792362,0.9967586640797594,4.039293382199591e-31
899820,0.0,-1.1885143044697623e-40,9927.051530792362,0.9967586640797594,4.037744801526073e-31
899880,0.0,-1.1880577486848081e-40,9927.051530792362,0.9967586640797594,4.036196220852555e-31
899940,0.0,-1.1876011928998538e-40,9927.051530792362,0.9967586640797594,4.034647640179036e-31
900000,0.0,-1.1871446371148997e-40,9927.051530792362,0.9967586640797594,4.033099059505518e-31
900060,0.0,-1.1866880813299455e-40,9927.051530792362,0.9967586640797594,4.031550478832e-31
900120,0.0,-1.1862315255449912e-40,9927.051530792362,0.9967586640797594,4.030001898158482e-31
900180,0.0,-1.185774969760037e-40,9927.051530792362,0.9967586640797594,4.028453317484964e-31
900240,0.0,-1.1853184139750827e-40,9927.051530792362,0.9967586640797594,4.0269047368114455e-31
900300,0.0,-1.1848618581901285e-40,9927.051530792362,0.9967586640797594,4.025356156137928e-31
900360,0.0,-1.1844053024051744e-40,9927.051530792362,0.9967586640797594,4.02380757546441e-31
900420,0.0,-1.18394874662022e-40,9927.051530792362,0.9967586640797594,4.022258994790891e-31
900480,0.0,-1.1834921908352659e-40,9927.051530792362,0.9967586640797594,4.020710414117373e-31
900540,0.0,-1.1830356350503115e-40,9927.051530792362,0.9967586640797594,4.019161833443855e-31
900600,0.0,-1.1825790792653574e-40,9927.051530792362,0.9967586640797594,4.017613252770337e-31
900660,0.0,-1.1821225234804033e-40,9927.051530792362,0.9967586640797594,4.016064672096819e-31
900720,0.0,-1.1816659676954491e-40,9927.051530792362,0.9967586640797594,4.0145160914233e-31
900780,0.0,-1.1812094119104948e-40,9927.051530792362,0.9967586640797594,4.0129675107497824e-31
900840,0.0,-1.1807528561255406e-40,9927.051530792362,0.9967586640797594,4.0114189300762645e-31
900900,0.0,-1.1802963003405865e-40,9927.051530792362,0.9967586640797594,4.009870349402747e-31
900960,0.0,-1.1798397445556321e-40,9927.051530792362,0.9967586640797594,4.008321768729228e-31
901020,0.0,-1.179383188770678e-40,9927.051530792362,0.9967586640797594,4.00677318805571e-31
901080,0.0,-1.1789266329857239e-40,9927.051530792362,0.9967586640797594,4.005224607382192e-31
901140,0.0,-1.1784700772007695e-40,9927.051530792362,0.9967586640797594,4.003676026708674e-31
901200,0.0,-1.1780135214158154e-40,9927.051530792362,0.9967586640797594,4.002127446035156e-31
901260,0.0,-1.177556965630861e-40,9927.051530792362,0.9967586640797594,4.000578865361637e-31
901320,0.0,-1.1771004098459069e-40,9927.051530792362,0.9967586640797594,3.999030284688119e-31
901380,0.0,-1.1766438540609527e-40,9927.051530792362,0.9967586640797594,3.9974817040146014e-31
901440,0.0,-1.1761872982759984e-40,9927.051530792362,0.9967586640797594,3.995933123341083e-31
901500,0.0,-1.1757307424910442e-40,9927.051530792362,0.9967586640797594,3.994384542667565e-31
901560,0.0,-1.1752741867060899e-40,9927.051530792362,0.9967586640797594,3.992835961994047e-31
901620,0.0,-1.1748176309211357e-40,9927.051530792362,0.9967586640797594,3.991287381320529e-31
901680,0.0,-1.1743610751361816e-40,9927.051530792362,0.9967586640797594,3.989738800647011e-31
901740,0.0,-1.1739045193512273e-40,9927.051530792362,0.9967586640797594,3.988190219973492e-31
901800,0.0,-1.1734479635662731e-40,9927.051530792362,0.9967586640797594,3.986641639299974e-31
901860,0.0,-1.1729914077813188e-40,9927.051530792362,0.9967586640797594,3.985093058626456e-31
901920,0.0,-1.1725348519963646e-40,9927.051530792362,0.9967586640797594,3.983544477952938e-31
901980,0.0,-1.1720782962114103e-40,9927.051530792362,0.9967586640797594,3.98199589727942e-31
902040,0.0,-1.1716217404264561e-40,9927.051530792362,0.9967586640797594,3.980447316605902e-31
902100,0.0,-1.171165184641502e-40,9927.051530792362,0.9967586640797594,3.978898735932384e-31
902160,0.0,-1.1707086288565478e-40,9927.051530792362,0.9967586640797594,3.977350155258866e-31
902220,0.0,-1.1702520730715935e-40,9927.051530792362,0.9967586640797594,3.975801574585348e-31
902280,0.0,-1.1697955172866394e-40,9927.051530792362,0.9967586640797594,3.974252993911829e-31
902340,0.0,-1.1693389615016852e-40,9927.051530792362,0.9967586640797594,3.972704413238311e-31
902400,0.0,-1.168882405716731e-40,9927.051530792362,0.9967586640797594,3.971155832564793e-31
902460,0.0,-1.1684258499317767e-40,9927.051530792362,0.9967586640797594,3.969607251891274e-31
902520,0.0,-1.1679692941468226e-40,9927.051530792362,0.9967586640797594,3.9680586712177565e-31
902580,0.0,-1.1675127383618682e-40,9927.051530792362,0.9967586640797594,3.9665100905442386e-31
902640,0.0,-1.167056182576914e-40,9927.051530792362,0.9967586640797594,3.964961509870721e-31
902700,0.0,-1.16659962679196e-40,9927.051530792362,0.9967586640797594,3.963412929197203e-31
902760,0.0,-1.1661430710070056e-40,9927.051530792362,0.9967586640797594,3.961864348523684e-31
902820,0.0,-1.1656865152220515e-40,9927.051530792362,0.9967586640797594,3.960315767850166e-31
902880,0.0,-1.1652299594370971e-40,9927.051530792362,0.9967586640797594,3.958767187176648e-31
902940,0.0,-1.164773403652143e-40,9927.051530792362,0.9967586640797594,3.95721860650313e-31
903000,0.0,-1.1643168478671886e-40,9927.051530792362,0.9967586640797594,3.955670025829611e-31
903060,0.0,-1.1638602920822345e-40,9927.051530792362,0.9967586640797594,3.954121445156093e-31
903120,0.0,-1.1634037362972803e-40,9927.051530792362,0.9967586640797594,3.9525728644825755e-31
903180,0.0,-1.162947180512326e-40,9927.051530792362,0.9967586640797594,3.9510242838090576e-31
903240,0.0,-1.1624906247273718e-40,9927.051530792362,0.9967586640797594,3.94947570313554e-31
903300,0.0,-1.1620340689424175e-40,9927.051530792362,0.9967586640797594,3.947927122462021e-31
903360,0.0,-1.1615775131574634e-40,9927.051530792362,0.9967586640797594,3.946378541788503e-31
903420,0.0,-1.1611209573725092e-40,9927.051530792362,0.9967586640797594,3.944829961114985e-31
903480,0.0,-1.1606644015875549e-40,9927.051530792362,0.9967586640797594,3.9432813804414666e-31
903540,0.0,-1.1602078458026007e-40,9927.051530792362,0.9967586640797594,3.9417327997679487e-31
903600,0.0,-1.1597512900176464e-40,9927.051530792362,0.9967586640797594,3.9401842190944303e-31
903660,0.0,-1.1592947342326922e-40,9927.051530792362,0.9967586640797594,3.9386356384209124e-31
903720,0.0,-1.158838178447738e-40,9927.051530792362,0.9967586640797594,3.9370870577473945e-31
903780,0.0,-1.158381622662784e-40,9927.051530792362,0.9967586640797594,3.935538477073876e-31
903840,0.0,-1.1579250668778298e-40,9927.051530792362,0.9967586640797594,3.933989896400358e-31
903900,0.0,-1.1574685110928755e-40,9927.051530792362,0.9967586640797594,3.9324413157268394e-31
903960,0.0,-1.1570119553079213e-40,9927.051530792362,0.9967586640797594,3.9308927350533215e-31
904020,0.0,-1.1565553995229672e-40,9927.051530792362,0.9967586640797594,3.9293441543798035e-31
904080,0.0,-1.1560988437380128e-40,9927.051530792362,0.9967586640797594,3.927795573706285e-31
904140,0.0,-1.1556422879530587e-40,9927.051530792362,0.9967586640797594,3.9262469930327673e-31
904200,0.0,-1.1551857321681043e-40,9927.051530792362,0.9967586640797594,3.924698412359249e-31
904260,0.0,-1.1547291763831502e-40,9927.051530792362,0.9967586640797594,3.923149831685731e-31
904320,0.0,-1.1542726205981958e-40,9927.051530792362,0.9967586640797594,3.9216012510122126e-31
904380,0.0,-1.1538160648132417e-40,9927.051530792362,0.9967586640797594,3.9200526703386947e-31
904440,0.0,-1.1533595090282876e-40,9927.051530792362,0.9967586640797594,3.9185040896651767e-31
904500,0.0,-1.1529029532433332e-40,9927.051530792362,0.9967586640797594,3.9169555089916584e-31
904560,0.0,-1.152446397458379e-40,9927.051530792362,0.9967586640797594,3.9154069283181405e-31
904620,0.0,-1.1519898416734247e-40,9927.051530792362,0.9967586640797594,3.913858347644622e-31
904680,0.0,-1.1515332858884706e-40,9927.051530792362,0.9967586640797594,3.912309766971104e-31
904740,0.0,-1.1510767301035164e-40,9927.051530792362,0.9967586640797594,3.9107611862975862e-31
904800,0.0,-1.150620174318562e-40,9927.051530792362,0.9967586640797594,3.909212605624068e-31
904860,0.0,-1.150163618533608e-40,9927.051530792362,0.9967586640797594,3.90766402495055e-31
904920,0.0,-1.1497070627486536e-40,9927.051530792362,0.9967586640797594,3.906115444277031e-31
904980,0.0,-1.1492505069636995e-40,9927.051530792362,0.9967586640797594,3.9045668636035132e-31
905040,0.0,-1.1487939511787453e-40,9927.051530792362,0.9967586640797594,3.9030182829299953e-31
905100,0.0,-1.148337395393791e-40,9927.051530792362,0.9967586640797594,3.901469702256477e-31
905160,0.0,-1.1478808396088368e-40,9927.051530792362,0.9967586640797594,3.899921121582959e-31
905220,0.0,-1.1474242838238827e-40,9927.051530792362,0.9967586640797594,3.8983725409094407e-31
905280,0.0,-1.1469677280389285e-40,9927.051530792362,0.9967586640797594,3.8968239602359227e-31
905340,0.0,-1.1465111722539742e-40,9927.051530792362,0.9967586640797594,3.8952753795624044e-31
905400,0.0,-1.14605461646902e-40,9927.051530792362,0.9967586640797594,3.8937267988888864e-31
905460,0.0,-1.145598060684066e-40,9927.051530792362,0.9967586640797594,3.8921782182153685e-31
905520,0.0,-1.1451415048991116e-40,9927.051530792362,0.9967586640797594,3.89062963754185e-31
905580,0.0,-1.1446849491141574e-40,9927.051530792362,0.9967586640797594,3.8890810568683322e-31
905640,0.0,-1.144228393329203e-40,9927.051530792362,0.9967586640797594,3.887532476194814e-31
905700,0.0,-1.143771837544249e-40,9927.051530792362,0.9967586640797594,3.885983895521296e-31
905760,0.0,-1.1433152817592948e-40,9927.051530792362,0.9967586640797594,3.884435314847778e-31
905820,0.0,-1.1428587259743404e-40,9927.051530792362,0.9967586640797594,3.8828867341742597e-31
905880,0.0,-1.1424021701893863e-40,9927.051530792362,0.9967586640797594,3.8813381535007417e-31
905940,0.0,-1.141945614404432e-40,9927.051530792362,0.9967586640797594,3.879789572827223e-31
906000,0.0,-1.1414890586194778e-40,9927.051530792362,0.9967586640797594,3.878240992153705e-31
906060,0.0,-1.1410325028345237e-40,9927.051530792362,0.9967586640797594,3.876692411480187e-31
906120,0.0,-1.1405759470495693e-40,9927.051530792362,0.9967586640797594,3.8751438308066687e-31
906180,0.0,-1.1401193912646152e-40,9927.051530792362,0.9967586640797594,3.873595250133151e-31
906240,0.0,-1.1396628354796608e-40,9927.051530792362,0.9967586640797594,3.8720466694596324e-31
906300,0.0,-1.1392062796947067e-40,9927.051530792362,0.9967586640797594,3.8704980887861145e-31
906360,0.0,-1.1387497239097525e-40,9927.051530792362,0.9967586640797594,3.8689495081125966e-31
906420,0.0,-1.1382931681247982e-40,9927.051530792362,0.9967586640797594,3.867400927439078e-31
906480,0.0,-1.137836612339844e-40,9927.051530792362,0.9967586640797594,3.8658523467655603e-31
906540,0.0,-1.1373800565548897e-40,9927.051530792362,0.9967586640797594,3.864303766092042e-31
906600,0.0,-1.1369235007699355e-40,9927.051530792362,0.9967586640797594,3.862755185418524e-31
906660,0.0,-1.1364669449849814e-40,9927.051530792362,0.9967586640797594,3.8612066047450056e-31
906720,0.0,-1.1360103892000273e-40,9927.051530792362,0.9967586640797594,3.8596580240714877e-31
906780,0.0,-1.135553833415073e-40,9927.051530792362,0.9967586640797594,3.85810944339797e-31
906840,0.0,-1.1350972776301188e-40,9927.051530792362,0.9967586640797594,3.8565608627244514e-31
906900,0.0,-1.1346407218451646e-40,9927.051530792362,0.9967586640797594,3.8550122820509335e-31
906960,0.0,-1.1341841660602103e-40,9927.051530792362,0.9967586640797594,3.8534637013774147e-31
907020,0.0,-1.1337276102752561e-40,9927.051530792362,0.9967586640797594,3.8519151207038968e-31
907080,0.0,-1.133271054490302e-40,9927.051530792362,0.9967586640797594,3.850366540030379e-31
907140,0.0,-1.1328144987053476e-40,9927.051530792362,0.9967586640797594,3.8488179593568605e-31
907200,0.0,-1.1323579429203935e-40,9927.051530792362,0.9967586640797594,3.8472693786833426e-31
907260,0.0,-1.1319013871354392e-40,9927.051530792362,0.9967586640797594,3.845720798009824e-31
907320,0.0,-1.131444831350485e-40,9927.051530792362,0.9967586640797594,3.8441722173363063e-31
907380,0.0,-1.1309882755655309e-40,9927.051530792362,0.9967586640797594,3.8426236366627883e-31
907440,0.0,-1.1305317197805765e-40,9927.051530792362,0.9967586640797594,3.84107505598927e-31
907500,0.0,-1.1300751639956224e-40,9927.051530792362,0.9967586640797594,3.839526475315752e-31
907560,0.0,-1.129618608210668e-40,9927.051530792362,0.9967586640797594,3.8379778946422337e-31
907620,0.0,-1.1291620524257139e-40,9927.051530792362,0.9967586640797594,3.8364293139687158e-31
907680,0.0,-1.1287054966407595e-40,9927.051530792362,0.9967586640797594,3.8348807332951974e-31
907740,0.0,-1.1282489408558054e-40,9927.051530792362,0.9967586640797594,3.8333321526216795e-31
907800,0.0,-1.1277923850708513e-40,9927.051530792362,0.9967586640797594,3.8317835719481616e-31
907860,0.0,-1.127335829285897e-40,9927.051530792362,0.9967586640797594,3.830234991274643e-31
907920,0.0,-1.1268792735009428e-40,9927.051530792362,0.9967586640797594,3.8286864106011253e-31
907980,0.0,-1.1264227177159884e-40,9927.051530792362,0.9967586640797594,3.8271378299276065e-31
908040,0.0,-1.1259661619310343e-40,9927.051530792362,0.9967586640797594,3.8255892492540885e-31
908100,0.0,-1.1255096061460801e-40,9927.051530792362,0.9967586640797594,3.824040668580571e-31
908160,0.0,-1.1250530503611258e-40,9927.051530792362,0.9967586640797594,3.8224920879070523e-31
908220,0.0,-1.1245964945761716e-40,9927.051530792362,0.9967586640797594,3.8209435072335343e-31
908280,0.0,-1.1241399387912175e-40,9927.051530792362,0.9967586640797594,3.819394926560016e-31
908340,0.0,-1.1236833830062634e-40,9927.051530792362,0.9967586640797594,3.817846345886498e-31
908400,0.0,-1.1232268272213092e-40,9927.051530792362,0.9967586640797594,3.81629776521298e-31
908460,0.0,-1.1227702714363549e-40,9927.051530792362,0.9967586640797594,3.8147491845394618e-31
908520,0.0,-1.1223137156514007e-40,9927.051530792362,0.9967586640797594,3.813200603865944e-31
908580,0.0,-1.1218571598664464e-40,9927.051530792362,0.9967586640797594,3.8116520231924255e-31
908640,0.0,-1.1214006040814922e-40,9927.051530792362,0.9967586640797594,3.8101034425189075e-31
908700,0.0,-1.120944048296538e-40,9927.051530792362,0.9967586640797594,3.8085548618453896e-31
908760,0.0,-1.1204874925115837e-40,9927.051530792362,0.9967586640797594,3.8070062811718713e-31
908820,0.0,-1.1200309367266296e-40,9927.051530792362,0.9967586640797594,3.8054577004983533e-31
908880,0.0,-1.1195743809416753e-40,9927.051530792362,0.9967586640797594,3.803909119824835e-31
908940,0.0,-1.1191178251567211e-40,9927.051530792362,0.9967586640797594,3.802360539151317e-31
909000,0.0,-1.1186612693717668e-40,9927.051530792362,0.9967586640797594,3.8008119584777982e-31
909060,0.0,-1.1182047135868126e-40,9927.051530792362,0.9967586640797594,3.7992633778042803e-31
909120,0.0,-1.1177481578018585e-40,9927.051530792362,0.9967586640797594,3.797714797130763e-31
909180,0.0,-1.1172916020169041e-40,9927.051530792362,0.9967586640797594,3.796166216457244e-31
909240,0.0,-1.11683504623195e-40,9927.051530792362,0.9967586640797594,3.794617635783726e-31
909300,0.0,-1.1163784904469956e-40,9927.051530792362,0.9967586640797594,3.7930690551102077e-31
909360,0.0,-1.1159219346620415e-40,9927.051530792362,0.9967586640797594,3.79152047443669e-31
909420,0.0,-1.1154653788770874e-40,9927.051530792362,0.9967586640797594,3.789971893763172e-31
909480,0.0,-1.115008823092133e-40,9927.051530792362,0.9967586640797594,3.7884233130896535e-31
909540,0.0,-1.1145522673071789e-40,9927.051530792362,0.9967586640797594,3.7868747324161356e-31
909600,0.0,-1.1140957115222245e-40,9927.051530792362,0.9967586640797594,3.7853261517426172e-31
909660,0.0,-1.1136391557372704e-40,9927.051530792362,0.9967586640797594,3.7837775710690993e-31
909720,0.0,-1.1131825999523162e-40,9927.051530792362,0.9967586640797594,3.7822289903955814e-31
909780,0.0,-1.112726044167362e-40,9927.051530792362,0.9967586640797594,3.780680409722063e-31
909840,0.0,-1.112269488382408e-40,9927.051530792362,0.9967586640797594,3.779131829048545e-31
909900,0.0,-1.1118129325974536e-40,9927.051530792362,0.9967586640797594,3.7775832483750267e-31
909960,0.0,-1.1113563768124995e-40,9927.051530792362,0.9967586640797594,3.776034667701509e-31
910020,0.0,-1.1108998210275451e-40,9927.051530792362,0.9967586640797594,3.77448608702799e-31
910080,0.0,-1.110443265242591e-40,9927.051530792362,0.9967586640797594,3.772937506354472e-31
910140,0.0,-1.1099867094576368e-40,9927.051530792362,0.9967586640797594,3.7713889256809546e-31
910200,0.0,-1.1095301536726825e-40,9927.051530792362,0.9967586640797594,3.769840345007436e-31
910260,0.0,-1.1090735978877283e-40,9927.051530792362,0.9967586640797594,3.768291764333918e-31
910320,0.0,-1.108617042102774e-40,9927.051530792362,0.9967586640797594,3.7667431836603995e-31
910380,0.0,-1.1081604863178198e-40,9927.051530792362,0.9967586640797594,3.7651946029868816e-31
910440,0.0,-1.1077039305328657e-40,9927.051530792362,0.9967586640797594,3.7636460223133637e-31
910500,0.0,-1.1072473747479114e-40,9927.051530792362,0.9967586640797594,3.7620974416398453e-31
910560,0.0,-1.1067908189629572e-40,9927.051530792362,0.9967586640797594,3.7605488609663274e-31
910620,0.0,-1.1063342631780029e-40,9927.051530792362,0.9967586640797594,3.759000280292809e-31
910680,0.0,-1.1058777073930487e-40,9927.051530792362,0.9967586640797594,3.757451699619291e-31
910740,0.0,-1.1054211516080946e-40,9927.051530792362,0.9967586640797594,3.755903118945773e-31
910800,0.0,-1.1049645958231402e-40,9927.051530792362,0.9967586640797594,3.754354538272255e-31
910860,0.0,-1.104508040038186e-40,9927.051530792362,0.9967586640797594,3.752805957598737e-31
910920,0.0,-1.1040514842532317e-40,9927.051530792362,0.9967586640797594,3.7512573769252185e-31
910980,0.0,-1.1035949284682776e-40,9927.051530792362,0.9967586640797594,3.7497087962517006e-31
911040,0.0,-1.1031383726833232e-40,9927.051530792362,0.9967586640797594,3.7481602155781818e-31
911100,0.0,-1.1026818168983691e-40,9927.051530792362,0.9967586640797594,3.746611634904664e-31
911160,0.0,-1.102225261113415e-40,9927.051530792362,0.9967586640797594,3.7450630542311464e-31
911220,0.0,-1.1017687053284608e-40,9927.051530792362,0.9967586640797594,3.7435144735576276e-31
911280,0.0,-1.1013121495435067e-40,9927.051530792362,0.9967586640797594,3.7419658928841096e-31
911340,0.0,-1.1008555937585523e-40,9927.051530792362,0.9967586640797594,3.7404173122105913e-31
911400,0.0,-1.1003990379735982e-40,9927.051530792362,0.9967586640797594,3.7388687315370733e-31
911460,0.0,-1.099942482188644e-40,9927.051530792362,0.9967586640797594,3.7373201508635554e-31
911520,0.0,-1.0994859264036897e-40,9927.051530792362,0.9967586640797594,3.735771570190037e-31
911580,0.0,-1.0990293706187356e-40,9927.051530792362,0.9967586640797594,3.734222989516519e-31
911640,0.0,-1.0985728148337812e-40,9927.051530792362,0.9967586640797594,3.7326744088430008e-31
911700,0.0,-1.098116259048827e-40,9927.051530792362,0.9967586640797594,3.731125828169483e-31
911760,0.0,-1.097659703263873e-40,9927.051530792362,0.9967586640797594,3.729577247495965e-31
911820,0.0,-1.0972031474789186e-40,9927.051530792362,0.9967586640797594,3.7280286668224466e-31
911880,0.0,-1.0967465916939644e-40,9927.051530792362,0.9967586640797594,3.7264800861489286e-31
911940,0.0,-1.09629003590901e-40,9927.051530792362,0.9967586640797594,3.7249315054754103e-31
912000,0.0,-1.095833480124056e-40,9927.051530792362,0.9967586640797594,3.7233829248018923e-31
912060,0.0,-1.0953769243391018e-40,9927.051530792362,0.9967586640797594,3.7218343441283744e-31
912120,0.0,-1.0949203685541474e-40,9927.051530792362,0.9967586640797594,3.7202857634548556e-31
912180,0.0,-1.0944638127691933e-40,9927.051530792362,0.9967586640797594,3.718737182781338e-31
912240,0.0,-1.094007256984239e-40,9927.051530792362,0.9967586640797594,3.7171886021078193e-31
912300,0.0,-1.0935507011992848e-40,9927.051530792362,0.9967586640797594,3.7156400214343014e-31
912360,0.0,-1.0930941454143305e-40,9927.051530792362,0.9967586640797594,3.714091440760783e-31
912420,0.0,-1.0926375896293763e-40,9927.051530792362,0.9967586640797594,3.712542860087265e-31
912480,0.0,-1.0921810338444222e-40,9927.051530792362,0.9967586640797594,3.710994279413747e-31
912540,0.0,-1.0917244780594678e-40,9927.051530792362,0.9967586640797594,3.709445698740229e-31
912600,0.0,-1.0912679222745137e-40,9927.051530792362,0.9967586640797594,3.707897118066711e-31
912660,0.0,-1.0908113664895595e-40,9927.051530792362,0.9967586640797594,3.7063485373931925e-31
912720,0.0,-1.0903548107046054e-40,9927.051530792362,0.9967586640797594,3.7047999567196746e-31
912780,0.0,-1.089898254919651e-40,9927.051530792362,0.9967586640797594,3.7032513760461567e-31
912840,0.0,-1.089441699134697e-40,9927.051530792362,0.9967586640797594,3.7017027953726383e-31
912900,0.0,-1.0889851433497428e-40,9927.051530792362,0.9967586640797594,3.7001542146991204e-31
912960,0.0,-1.0885285875647884e-40,9927.051530792362,0.9967586640797594,3.698605634025602e-31
913020,0.0,-1.0880720317798343e-40,9927.051530792362,0.9967586640797594,3.697057053352084e-31
913080,0.0,-1.0876154759948801e-40,9927.051530792362,0.9967586640797594,3.695508472678566e-31
913140,0.0,-1.0871589202099258e-40,9927.051530792362,0.9967586640797594,3.6939598920050474e-31
913200,0.0,-1.0867023644249716e-40,9927.051530792362,0.9967586640797594,3.69241131133153e-31
913260,0.0,-1.0862458086400173e-40,9927.051530792362,0.9967586640797594,3.690862730658011e-31
913320,0.0,-1.0857892528550632e-40,9927.051530792362,0.9967586640797594,3.689314149984493e-31
913380,0.0,-1.0853326970701088e-40,9927.051530792362,0.9967586640797594,3.687765569310975e-31
913440,0.0,-1.0848761412851547e-40,9927.051530792362,0.9967586640797594,3.686216988637457e-31
913500,0.0,-1.0844195855002005e-40,9927.051530792362,0.9967586640797594,3.684668407963939e-31
913560,0.0,-1.0839630297152462e-40,9927.051530792362,0.9967586640797594,3.6831198272904206e-31
913620,0.0,-1.083506473930292e-40,9927.051530792362,0.9967586640797594,3.6815712466169027e-31
913680,0.0,-1.0830499181453377e-40,9927.051530792362,0.9967586640797594,3.6800226659433843e-31
913740,0.0,-1.0825933623603835e-40,9927.051530792362,0.9967586640797594,3.6784740852698664e-31
913800,0.0,-1.0821368065754294e-40,9927.051530792362,0.9967586640797594,3.6769255045963485e-31
913860,0.0,-1.081680250790475e-40,9927.051530792362,0.9967586640797594,3.67537692392283e-31
913920,0.0,-1.081223695005521e-40,9927.051530792362,0.9967586640797594,3.673828343249312e-31
913980,0.0,-1.0807671392205666e-40,9927.051530792362,0.9967586640797594,3.672279762575794e-31
914040,0.0,-1.0803105834356124e-40,9927.051530792362,0.9967586640797594,3.670731181902276e-31
914100,0.0,-1.0798540276506583e-40,9927.051530792362,0.9967586640797594,3.669182601228758e-31
914160,0.0,-1.079397471865704e-40,9927.051530792362,0.9967586640797594,3.667634020555239e-31
914220,0.0,-1.0789409160807498e-40,9927.051530792362,0.9967586640797594,3.6660854398817217e-31
914280,0.0,-1.0784843602957956e-40,9927.051530792362,0.9967586640797594,3.664536859208203e-31
914340,0.0,-1.0780278045108415e-40,9927.051530792362,0.9967586640797594,3.662988278534685e-31
914400,0.0,-1.0775712487258874e-40,9927.051530792362,0.9967586640797594,3.661439697861167e-31
914460,0.0,-1.077114692940933e-40,9927.051530792362,0.9967586640797594,3.6598911171876487e-31
914520,0.0,-1.0766581371559789e-40,9927.051530792362,0.9967586640797594,3.6583425365141307e-31
914580,0.0,-1.0762015813710245e-40,9927.051530792362,0.9967586640797594,3.6567939558406124e-31
914640,0.0,-1.0757450255860704e-40,9927.051530792362,0.9967586640797594,3.6552453751670944e-31
914700,0.0,-1.075288469801116e-40,9927.051530792362,0.9967586640797594,3.653696794493576e-31
914760,0.0,-1.0748319140161619e-40,9927.051530792362,0.9967586640797594,3.652148213820058e-31
914820,0.0,-1.0743753582312077e-40,9927.051530792362,0.9967586640797594,3.6505996331465402e-31
914880,0.0,-1.0739188024462534e-40,9927.051530792362,0.9967586640797594,3.649051052473022e-31
914940,0.0,-1.0734622466612993e-40,9927.051530792362,0.9967586640797594,3.647502471799504e-31
915000,0.0,-1.073005690876345e-40,9927.051530792362,0.9967586640797594,3.6459538911259856e-31
915060,0.0,-1.0725491350913908e-40,9927.051530792362,0.9967586640797594,3.6444053104524677e-31
915120,0.0,-1.0720925793064366e-40,9927.051530792362,0.9967586640797594,3.6428567297789497e-31
915180,0.0,-1.0716360235214823e-40,9927.051530792362,0.9967586640797594,3.641308149105431e-31
915240,0.0,-1.0711794677365281e-40,9927.051530792362,0.9967586640797594,3.6397595684319134e-31
915300,0.0,-1.0707229119515738e-40,9927.051530792362,0.9967586640797594,3.6382109877583946e-31
915360,0.0,-1.0702663561666196e-40,9927.051530792362,0.9967586640797594,3.6366624070848767e-31
915420,0.0,-1.0698098003816655e-40,9927.051530792362,0.9967586640797594,3.635113826411359e-31
915480,0.0,-1.0693532445967112e-40,9927.051530792362,0.9967586640797594,3.6335652457378404e-31
915540,0.0,-1.068896688811757e-40,9927.051530792362,0.9967586640797594,3.6320166650643225e-31
915600,0.0,-1.0684401330268027e-40,9927.051530792362,0.9967586640797594,3.630468084390804e-31
915660,0.0,-1.0679835772418485e-40,9927.051530792362,0.9967586640797594,3.628919503717286e-31
915720,0.0,-1.0675270214568944e-40,9927.051530792362,0.9967586640797594,3.627370923043768e-31
915780,0.0,-1.0670704656719402e-40,9927.051530792362,0.9967586640797594,3.62582234237025e-31
915840,0.0,-1.066613909886986e-40,9927.051530792362,0.9967586640797594,3.624273761696732e-31
915900,0.0,-1.0661573541020317e-40,9927.051530792362,0.9967586640797594,3.6227251810232136e-31
915960,0.0,-1.0657007983170776e-40,9927.051530792362,0.9967586640797594,3.6211766003496957e-31
916020,0.0,-1.0652442425321233e-40,9927.051530792362,0.9967586640797594,3.6196280196761773e-31
916080,0.0,-1.0647876867471691e-40,9927.051530792362,0.9967586640797594,3.6180794390026594e-31
916140,0.0,-1.064331130962215e-40,9927.051530792362,0.9967586640797594,3.6165308583291415e-31
916200,0.0,-1.0638745751772606e-40,9927.051530792362,0.9967586640797594,3.6149822776556227e-31
916260,0.0,-1.0634180193923065e-40,9927.051530792362,0.9967586640797594,3.613433696982105e-31
916320,0.0,-1.0629614636073521e-40,9927.051530792362,0.9967586640797594,3.6118851163085864e-31
916380,0.0,-1.062504907822398e-40,9927.051530792362,0.9967586640797594,3.6103365356350685e-31
916440,0.0,-1.0620483520374438e-40,9927.051530792362,0.9967586640797594,3.6087879549615506e-31
916500,0.0,-1.0615917962524895e-40,9927.051530792362,0.9967586640797594,3.607239374288032e-31
916560,0.0,-1.0611352404675354e-40,9927.051530792362,0.9967586640797594,3.6056907936145143e-31
916620,0.0,-1.060678684682581e-40,9927.051530792362,0.9967586640797594,3.604142212940996e-31
916680,0.0,-1.0602221288976269e-40,9927.051530792362,0.9967586640797594,3.602593632267478e-31
916740,0.0,-1.0597655731126727e-40,9927.051530792362,0.9967586640797594,3.60104505159396e-31
916800,0.0,-1.0593090173277184e-40,9927.051530792362,0.9967586640797594,3.5994964709204417e-31
916860,0.0,-1.0588524615427642e-40,9927.051530792362,0.9967586640797594,3.5979478902469238e-31
916920,0.0,-1.0583959057578099e-40,9927.051530792362,0.9967586640797594,3.5963993095734054e-31
916980,0.0,-1.0579393499728557e-40,9927.051530792362,0.9967586640797594,3.5948507288998875e-31
917040,0.0,-1.0574827941879014e-40,9927.051530792362,0.9967586640797594,3.593302148226369e-31
917100,0.0,-1.0570262384029472e-40,9927.051530792362,0.9967586640797594,3.591753567552851e-31
917160,0.0,-1.0565696826179931e-40,9927.051530792362,0.9967586640797594,3.5902049868793333e-31
917220,0.0,-1.056113126833039e-40,9927.051530792362,0.9967586640797594,3.5886564062058145e-31
917280,0.0,-1.0556565710480848e-40,9927.051530792362,0.9967586640797594,3.587107825532297e-31
917340,0.0,-1.0552000152631305e-40,9927.051530792362,0.9967586640797594,3.585559244858778e-31
917400,0.0,-1.0547434594781763e-40,9927.051530792362,0.9967586640797594,3.5840106641852603e-31
917460,0.0,-1.0542869036932222e-40,9927.051530792362,0.9967586640797594,3.5824620835117423e-31
917520,0.0,-1.0538303479082678e-40,9927.051530792362,0.9967586640797594,3.580913502838224e-31
917580,0.0,-1.0533737921233137e-40,9927.051530792362,0.9967586640797594,3.579364922164706e-31
917640,0.0,-1.0529172363383593e-40,9927.051530792362,0.9967586640797594,3.5778163414911877e-31
917700,0.0,-1.0524606805534052e-40,9927.051530792362,0.9967586640797594,3.5762677608176698e-31
917760,0.0,-1.052004124768451e-40,9927.051530792362,0.9967586640797594,3.574719180144152e-31
917820,0.0,-1.0515475689834967e-40,9927.051530792362,0.9967586640797594,3.5731705994706335e-31
917880,0.0,-1.0510910131985426e-40,9927.051530792362,0.9967586640797594,3.5716220187971155e-31
917940,0.0,-1.0506344574135882e-40,9927.051530792362,0.9967586640797594,3.570073438123597e-31
918000,0.0,-1.050177901628634e-40,9927.051530792362,0.9967586640797594,3.5685248574500793e-31
918060,0.0,-1.0497213458436797e-40,9927.051530792362,0.9967586640797594,3.566976276776561e-31
918120,0.0,-1.0492647900587256e-40,9927.051530792362,0.9967586640797594,3.565427696103043e-31
918180,0.0,-1.0488082342737714e-40,9927.051530792362,0.9967586640797594,3.563879115429525e-31
918240,0.0,-1.0483516784888171e-40,9927.051530792362,0.9967586640797594,3.5623305347560062e-31
918300,0.0,-1.047895122703863e-40,9927.051530792362,0.9967586640797594,3.5607819540824887e-31
918360,0.0,-1.0474385669189086e-40,9927.051530792362,0.9967586640797594,3.55923337340897e-31
918420,0.0,-1.0469820111339545e-40,9927.051530792362,0.9967586640797594,3.557684792735452e-31
918480,0.0,-1.0465254553490003e-40,9927.051530792362,0.9967586640797594,3.556136212061934e-31
918540,0.0,-1.046068899564046e-40,9927.051530792362,0.9967586640797594,3.5545876313884157e-31
918600,0.0,-1.0456123437790918e-40,9927.051530792362,0.9967586640797594,3.553039050714898e-31
918660,0.0,-1.0451557879941377e-40,9927.051530792362,0.9967586640797594,3.5514904700413794e-31
918720,0.0,-1.0446992322091833e-40,9927.051530792362,0.9967586640797594,3.5499418893678615e-31
918780,0.0,-1.0442426764242292e-40,9927.051530792362,0.9967586640797594,3.5483933086943436e-31
918840,0.0,-1.043786120639275e-40,9927.051530792362,0.9967586640797594,3.5468447280208252e-31
918900,0.0,-1.043329564854321e-40,9927.051530792362,0.9967586640797594,3.5452961473473073e-31
918960,0.0,-1.0428730090693666e-40,9927.051530792362,0.9967586640797594,3.543747566673789e-31
919020,0.0,-1.0424164532844124e-40,9927.051530792362,0.9967586640797594,3.542198986000271e-31
919080,0.0,-1.0419598974994583e-40,9927.051530792362,0.9967586640797594,3.540650405326753e-31
919140,0.0,-1.041503341714504e-40,9927.051530792362,0.9967586640797594,3.5391018246532347e-31
919200,0.0,-1.0410467859295498e-40,9927.051530792362,0.9967586640797594,3.537553243979717e-31
919260,0.0,-1.0405902301445954e-40,9927.051530792362,0.9967586640797594,3.536004663306198e-31
919320,0.0,-1.0401336743596413e-40,9927.051530792362,0.9967586640797594,3.5344560826326805e-31
919380,0.0,-1.039677118574687e-40,9927.051530792362,0.9967586640797594,3.5329075019591617e-31
919440,0.0,-1.0392205627897328e-40,9927.051530792362,0.9967586640797594,3.531358921285644e-31
919500,0.0,-1.0387640070047787e-40,9927.051530792362,0.9967586640797594,3.529810340612126e-31
919560,0.0,-1.0383074512198243e-40,9927.051530792362,0.9967586640797594,3.5282617599386075e-31
919620,0.0,-1.0378508954348702e-40,9927.051530792362,0.9967586640797594,3.5267131792650896e-31
919680,0.0,-1.0373943396499158e-40,9927.051530792362,0.9967586640797594,3.525164598591571e-31
919740,0.0,-1.0369377838649617e-40,9927.051530792362,0.9967586640797594,3.5236160179180533e-31
919800,0.0,-1.0364812280800075e-40,9927.051530792362,0.9967586640797594,3.5220674372445354e-31
919860,0.0,-1.0360246722950532e-40,9927.051530792362,0.9967586640797594,3.520518856571017e-31
919920,0.0,-1.035568116510099e-40,9927.051530792362,0.9967586640797594,3.518970275897499e-31
919980,0.0,-1.0351115607251447e-40,9927.051530792362,0.9967586640797594,3.5174216952239807e-31
920040,0.0,-1.0346550049401906e-40,9927.051530792362,0.9967586640797594,3.515873114550463e-31
920100,0.0,-1.0341984491552364e-40,9927.051530792362,0.9967586640797594,3.514324533876945e-31
920160,0.0,-1.033741893370282e-40,9927.051530792362,0.9967586640797594,3.5127759532034265e-31
920220,0.0,-1.033285337585328e-40,9927.051530792362,0.9967586640797594,3.5112273725299086e-31
920280,0.0,-1.0328287818003738e-40,9927.051530792362,0.9967586640797594,3.5096787918563898e-31
920340,0.0,-1.0323722260154196e-40,9927.051530792362,0.9967586640797594,3.5081302111828723e-31
920400,0.0,-1.0319156702304653e-40,9927.051530792362,0.9967586640797594,3.5065816305093535e-31
920460,0.0,-1.0314591144455112e-40,9927.051530792362,0.9967586640797594,3.5050330498358356e-31
920520,0.0,-1.031002558660557e-40,9927.051530792362,0.9967586640797594,3.5034844691623176e-31
920580,0.0,-1.0305460028756027e-40,9927.051530792362,0.9967586640797594,3.5019358884887993e-31
920640,0.0,-1.0300894470906485e-40,9927.051530792362,0.9967586640797594,3.5003873078152813e-31
920700,0.0,-1.0296328913056942e-40,9927.051530792362,0.9967586640797594,3.498838727141763e-31
920760,0.0,-1.02917633552074e-40,9927.051530792362,0.9967586640797594,3.497290146468245e-31
920820,0.0,-1.0287197797357859e-40,9927.051530792362,0.9967586640797594,3.495741565794727e-31
920880,0.0,-1.0282632239508315e-40,9927.051530792362,0.9967586640797594,3.4941929851212088e-31
920940,0.0,-1.0278066681658774e-40,9927.051530792362,0.9967586640797594,3.492644404447691e-31
921000,0.0,-1.027350112380923e-40,9927.051530792362,0.9967586640797594,3.4910958237741725e-31
921060,0.0,-1.026893556595969e-40,9927.051530792362,0.9967586640797594,3.4895472431006546e-31
921120,0.0,-1.0264370008110148e-40,9927.051530792362,0.9967586640797594,3.4879986624271366e-31
921180,0.0,-1.0259804450260604e-40,9927.051530792362,0.9967586640797594,3.4864500817536183e-31
921240,0.0,-1.0255238892411063e-40,9927.051530792362,0.9967586640797594,3.4849015010801003e-31
921300,0.0,-1.025067333456152e-40,9927.051530792362,0.9967586640797594,3.483352920406582e-31
921360,0.0,-1.0246107776711978e-40,9927.051530792362,0.9967586640797594,3.481804339733064e-31
921420,0.0,-1.0241542218862434e-40,9927.051530792362,0.9967586640797594,3.4802557590595453e-31
921480,0.0,-1.0236976661012893e-40,9927.051530792362,0.9967586640797594,3.4787071783860273e-31
921540,0.0,-1.0232411103163352e-40,9927.051530792362,0.9967586640797594,3.4771585977125094e-31
921600,0.0,-1.0227845545313808e-40,9927.051530792362,0.9967586640797594,3.475610017038991e-31
921660,0.0,-1.0223279987464267e-40,9927.051530792362,0.9967586640797594,3.474061436365473e-31
921720,0.0,-1.0218714429614725e-40,9927.051530792362,0.9967586640797594,3.4725128556919548e-31
921780,0.0,-1.0214148871765184e-40,9927.051530792362,0.9967586640797594,3.470964275018437e-31
921840,0.0,-1.0209583313915642e-40,9927.051530792362,0.9967586640797594,3.469415694344919e-31
921900,0.0,-1.0205017756066099e-40,9927.051530792362,0.9967586640797594,3.4678671136714005e-31
921960,0.0,-1.0200452198216557e-40,9927.051530792362,0.9967586640797594,3.4663185329978826e-31
922020,0.0,-1.0195886640367014e-40,9927.051530792362,0.9967586640797594,3.4647699523243643e-31
922080,0.0,-1.0191321082517473e-40,9927.051530792362,0.9967586640797594,3.4632213716508463e-31
922140,0.0,-1.0186755524667931e-40,9927.051530792362,0.9967586640797594,3.4616727909773284e-31
922200,0.0,-1.0182189966818388e-40,9927.051530792362,0.9967586640797594,3.46012421030381e-31
922260,0.0,-1.0177624408968846e-40,9927.051530792362,0.9967586640797594,3.458575629630292e-31
922320,0.0,-1.0173058851119303e-40,9927.051530792362,0.9967586640797594,3.4570270489567738e-31
922380,0.0,-1.0168493293269761e-40,9927.051530792362,0.9967586640797594,3.455478468283256e-31
922440,0.0,-1.016392773542022e-40,9927.051530792362,0.9967586640797594,3.453929887609738e-31
922500,0.0,-1.0159362177570676e-40,9927.051530792362,0.9967586640797594,3.452381306936219e-31
922560,0.0,-1.0154796619721135e-40,9927.051530792362,0.9967586640797594,3.450832726262701e-31
922620,0.0,-1.0150231061871591e-40,9927.051530792362,0.9967586640797594,3.449284145589183e-31
922680,0.0,-1.014566550402205e-40,9927.051530792362,0.9967586640797594,3.447735564915665e-31
922740,0.0,-1.0141099946172507e-40,9927.051530792362,0.9967586640797594,3.4461869842421465e-31
922800,0.0,-1.0136534388322965e-40,9927.051530792362,0.9967586640797594,3.4446384035686286e-31
922860,0.0,-1.0131968830473424e-40,9927.051530792362,0.9967586640797594,3.4430898228951107e-31
922920,0.0,-1.012740327262388e-40,9927.051530792362,0.9967586640797594,3.4415412422215923e-31
922980,0.0,-1.0122837714774339e-40,9927.051530792362,0.9967586640797594,3.4399926615480744e-31
923040,0.0,-1.0118272156924795e-40,9927.051530792362,0.9967586640797594,3.438444080874556e-31
923100,0.0,-1.0113706599075254e-40,9927.051530792362,0.9967586640797594,3.436895500201038e-31
923160,0.0,-1.0109141041225712e-40,9927.051530792362,0.9967586640797594,3.43534691952752e-31
923220,0.0,-1.0104575483376171e-40,9927.051530792362,0.9967586640797594,3.433798338854002e-31
923280,0.0,-1.0100009925526628e-40,9927.051530792362,0.9967586640797594,3.432249758180484e-31
923340,0.0,-1.0095444367677086e-40,9927.051530792362,0.9967586640797594,3.4307011775069655e-31
923400,0.0,-1.0090878809827545e-40,9927.051530792362,0.9967586640797594,3.4291525968334476e-31
923460,0.0,-1.0086313251978003e-40,9927.051530792362,0.9967586640797594,3.4276040161599297e-31
923520,0.0,-1.008174769412846e-40,9927.051530792362,0.9967586640797594,3.426055435486411e-31
923580,0.0,-1.0077182136278918e-40,9927.051530792362,0.9967586640797594,3.424506854812893e-31
923640,0.0,-1.0072616578429375e-40,9927.051530792362,0.9967586640797594,3.4229582741393746e-31
923700,0.0,-1.0068051020579833e-40,9927.051530792362,0.9967586640797594,3.4214096934658567e-31
923760,0.0,-1.006348546273029e-40,9927.051530792362,0.9967586640797594,3.4198611127923383e-31
923820,0.0,-1.0058919904880749e-40,9927.051530792362,0.9967586640797594,3.4183125321188204e-31
923880,0.0,-1.0054354347031207e-40,9927.051530792362,0.9967586640797594,3.4167639514453024e-31
923940,0.0,-1.0049788789181664e-40,9927.051530792362,0.9967586640797594,3.415215370771784e-31
924000,0.0,-1.0045223231332122e-40,9927.051530792362,0.9967586640797594,3.413666790098266e-31
924060,0.0,-1.0040657673482579e-40,9927.051530792362,0.9967586640797594,3.412118209424748e-31
924120,0.0,-1.0036092115633037e-40,9927.051530792362,0.9967586640797594,3.41056962875123e-31
924180,0.0,-1.0031526557783496e-40,9927.051530792362,0.9967586640797594,3.409021048077712e-31
924240,0.0,-1.0026960999933952e-40,9927.051530792362,0.9967586640797594,3.4074724674041936e-31
924300,0.0,-1.0022395442084411e-40,9927.051530792362,0.9967586640797594,3.4059238867306757e-31
924360,0.0,-1.0017829884234868e-40,9927.051530792362,0.9967586640797594,3.4043753060571573e-31
924420,0.0,-1.0013264326385326e-40,9927.051530792362,0.9967586640797594,3.4028267253836394e-31
924480,0.0,-1.0008698768535785e-40,9927.051530792362,0.9967586640797594,3.4012781447101214e-31
924540,0.0,-1.0004133210686241e-40,9927.051530792362,0.9967586640797594,3.3997295640366026e-31
924600,0.0,-9.9995676528367e-41,9927.051530792362,0.9967586640797594,3.3981809833630847e-31
924660,0.0,-9.995002094987158e-41,9927.051530792362,0.9967586640797594,3.3966324026895664e-31
924720,0.0,-9.990436537137615e-41,9927.051530792362,0.9967586640797594,3.3950838220160484e-31
924780,0.0,-9.985870979288073e-41,9927.051530792362,0.9967586640797594,3.3935352413425305e-31
924840,0.0,-9.981305421438532e-41,9927.051530792362,0.9967586640797594,3.391986660669012e-31
924900,0.0,-9.97673986358899e-41,9927.051530792362,0.9967586640797594,3.390438079995494e-31
924960,0.0,-9.972174305739447e-41,9927.051530792362,0.9967586640797594,3.388889499321976e-31
925020,0.0,-9.967608747889906e-41,9927.051530792362,0.9967586640797594,3.387340918648458e-31
925080,0.0,-9.963043190040362e-41,9927.051530792362,0.9967586640797594,3.3857923379749396e-31
925140,0.0,-9.95847763219082e-41,9927.051530792362,0.9967586640797594,3.3842437573014216e-31
925200,0.0,-9.95391207434128e-41,9927.051530792362,0.9967586640797594,3.3826951766279037e-31
925260,0.0,-9.949346516491736e-41,9927.051530792362,0.9967586640797594,3.3811465959543853e-31
925320,0.0,-9.944780958642194e-41,9927.051530792362,0.9967586640797594,3.3795980152808674e-31
925380,0.0,-9.94021540079265e-41,9927.051530792362,0.9967586640797594,3.378049434607349e-31
925440,0.0,-9.93564984294311e-41,9927.051530792362,0.9967586640797594,3.376500853933831e-31
925500,0.0,-9.931084285093568e-41,9927.051530792362,0.9967586640797594,3.374952273260313e-31
925560,0.0,-9.926518727244025e-41,9927.051530792362,0.9967586640797594,3.3734036925867944e-31
925620,0.0,-9.921953169394483e-41,9927.051530792362,0.9967586640797594,3.371855111913277e-31
925680,0.0,-9.91738761154494e-41,9927.051530792362,0.9967586640797594,3.370306531239758e-31
925740,0.0,-9.912822053695398e-41,9927.051530792362,0.9967586640797594,3.36875795056624e-31
925800,0.0,-9.908256495845857e-41,9927.051530792362,0.9967586640797594,3.3672093698927223e-31
925860,0.0,-9.903690937996313e-41,9927.051530792362,0.9967586640797594,3.365660789219204e-31
925920,0.0,-9.899125380146772e-41,9927.051530792362,0.9967586640797594,3.364112208545686e-31
925980,0.0,-9.894559822297229e-41,9927.051530792362,0.9967586640797594,3.3625636278721676e-31
926040,0.0,-9.889994264447687e-41,9927.051530792362,0.9967586640797594,3.3610150471986497e-31
926100,0.0,-9.885428706598144e-41,9927.051530792362,0.9967586640797594,3.3594664665251313e-31
926160,0.0,-9.880863148748602e-41,9927.051530792362,0.9967586640797594,3.3579178858516134e-31
926220,0.0,-9.87629759089906e-41,9927.051530792362,0.9967586640797594,3.3563693051780955e-31
926280,0.0,-9.87173203304952e-41,9927.051530792362,0.9967586640797594,3.354820724504577e-31
926340,0.0,-9.867166475199978e-41,9927.051530792362,0.9967586640797594,3.353272143831059e-31
926400,0.0,-9.862600917350434e-41,9927.051530792362,0.9967586640797594,3.351723563157541e-31
926460,0.0,-9.858035359500893e-41,9927.051530792362,0.9967586640797594,3.350174982484023e-31
926520,0.0,-9.853469801651352e-41,9927.051530792362,0.9967586640797594,3.348626401810505e-31
926580,0.0,-9.848904243801808e-41,9927.051530792362,0.9967586640797594,3.347077821136986e-31
926640,0.0,-9.844338685952267e-41,9927.051530792362,0.9967586640797594,3.3455292404634687e-31
926700,0.0,-9.839773128102723e-41,9927.051530792362,0.9967586640797594,3.34398065978995e-31
926760,0.0,-9.835207570253182e-41,9927.051530792362,0.9967586640797594,3.342432079116432e-31
926820,0.0,-9.83064201240364e-41,9927.051530792362,0.9967586640797594,3.340883498442914e-31
926880,0.0,-9.826076454554097e-41,9927.051530792362,0.9967586640797594,3.3393349177693957e-31
926940,0.0,-9.821510896704555e-41,9927.051530792362,0.9967586640797594,3.3377863370958778e-31
927000,0.0,-9.816945338855012e-41,9927.051530792362,0.9967586640797594,3.3362377564223594e-31
927060,0.0,-9.81237978100547e-41,9927.051530792362,0.9967586640797594,3.3346891757488415e-31
927120,0.0,-9.80781422315593e-41,9927.051530792362,0.9967586640797594,3.3331405950753235e-31
927180,0.0,-9.803248665306386e-41,9927.051530792362,0.9967586640797594,3.331592014401805e-31
927240,0.0,-9.798683107456844e-41,9927.051530792362,0.9967586640797594,3.3300434337282873e-31
927300,0.0,-9.7941175496073e-41,9927.051530792362,0.9967586640797594,3.328494853054769e-31
927360,0.0,-9.78955199175776e-41,9927.051530792362,0.9967586640797594,3.326946272381251e-31
927420,0.0,-9.784986433908216e-41,9927.051530792362,0.9967586640797594,3.3253976917077326e-31
927480,0.0,-9.780420876058674e-41,9927.051530792362,0.9967586640797594,3.3238491110342147e-31
927540,0.0,-9.775855318209133e-41,9927.051530792362,0.9967586640797594,3.3223005303606967e-31
927600,0.0,-9.77128976035959e-41,9927.051530792362,0.9967586640797594,3.320751949687178e-31
927660,0.0,-9.766724202510048e-41,9927.051530792362,0.9967586640797594,3.3192033690136605e-31
927720,0.0,-9.762158644660507e-41,9927.051530792362,0.9967586640797594,3.3176547883401417e-31
927780,0.0,-9.757593086810965e-41,9927.051530792362,0.9967586640797594,3.3161062076666237e-31
927840,0.0,-9.753027528961424e-41,9927.051530792362,0.9967586640797594,3.314557626993106e-31
927900,0.0,-9.74846197111188e-41,9927.051530792362,0.9967586640797594,3.3130090463195874e-31
927960,0.0,-9.743896413262339e-41,9927.051530792362,0.9967586640797594,3.3114604656460695e-31
928020,0.0,-9.739330855412795e-41,9927.051530792362,0.9967586640797594,3.309911884972551e-31
928080,0.0,-9.734765297563254e-41,9927.051530792362,0.9967586640797594,3.3083633042990332e-31
928140,0.0,-9.730199739713713e-41,9927.051530792362,0.9967586640797594,3.3068147236255153e-31
928200,0.0,-9.72563418186417e-41,9927.051530792362,0.9967586640797594,3.305266142951997e-31
928260,0.0,-9.721068624014628e-41,9927.051530792362,0.9967586640797594,3.303717562278479e-31
928320,0.0,-9.716503066165084e-41,9927.051530792362,0.9967586640797594,3.3021689816049607e-31
928380,0.0,-9.711937508315543e-41,9927.051530792362,0.9967586640797594,3.3006204009314427e-31
928440,0.0,-9.707371950466e-41,9927.051530792362,0.9967586640797594,3.2990718202579244e-31
928500,0.0,-9.702806392616458e-41,9927.051530792362,0.9967586640797594,3.2975232395844064e-31
928560,0.0,-9.698240834766916e-41,9927.051530792362,0.9967586640797594,3.2959746589108885e-31
928620,0.0,-9.693675276917373e-41,9927.051530792362,0.9967586640797594,3.2944260782373697e-31
928680,0.0,-9.689109719067831e-41,9927.051530792362,0.9967586640797594,3.2928774975638522e-31
928740,0.0,-9.684544161218288e-41,9927.051530792362,0.9967586640797594,3.2913289168903334e-31
928800,0.0,-9.679978603368747e-41,9927.051530792362,0.9967586640797594,3.2897803362168155e-31
928860,0.0,-9.675413045519205e-41,9927.051530792362,0.9967586640797594,3.2882317555432976e-31
928920,0.0,-9.670847487669662e-41,9927.051530792362,0.9967586640797594,3.286683174869779e-31
928980,0.0,-9.66628192982012e-41,9927.051530792362,0.9967586640797594,3.2851345941962613e-31
929040,0.0,-9.661716371970577e-41,9927.051530792362,0.9967586640797594,3.283586013522743e-31
929100,0.0,-9.657150814121035e-41,9927.051530792362,0.9967586640797594,3.282037432849225e-31
929160,0.0,-9.652585256271494e-41,9927.051530792362,0.9967586640797594,3.280488852175707e-31
929220,0.0,-9.648019698421952e-41,9927.051530792362,0.9967586640797594,3.2789402715021887e-31
929280,0.0,-9.64345414057241e-41,9927.051530792362,0.9967586640797594,3.277391690828671e-31
929340,0.0,-9.638888582722868e-41,9927.051530792362,0.9967586640797594,3.2758431101551524e-31
929400,0.0,-9.634323024873326e-41,9927.051530792362,0.9967586640797594,3.2742945294816345e-31
929460,0.0,-9.629757467023785e-41,9927.051530792362,0.9967586640797594,3.2727459488081166e-31
929520,0.0,-9.625191909174241e-41,9927.051530792362,0.9967586640797594,3.271197368134598e-31
929580,0.0,-9.6206263513247e-41,9927.051530792362,0.9967586640797594,3.2696487874610803e-31
929640,0.0,-9.616060793475156e-41,9927.051530792362,0.9967586640797594,3.2681002067875615e-31
929700,0.0,-9.611495235625615e-41,9927.051530792362,0.9967586640797594,3.266551626114044e-31
929760,0.0,-9.606929677776071e-41,9927.051530792362,0.9967586640797594,3.265003045440525e-31
929820,0.0,-9.60236411992653e-41,9927.051530792362,0.9967586640797594,3.2634544647670073e-31
929880,0.0,-9.597798562076989e-41,9927.051530792362,0.9967586640797594,3.2619058840934893e-31
929940,0.0,-9.593233004227445e-41,9927.051530792362,0.9967586640797594,3.260357303419971e-31
930000,0.0,-9.588667446377904e-41,9927.051530792362,0.9967586640797594,3.258808722746453e-31
930060,0.0,-9.58410188852836e-41,9927.051530792362,0.9967586640797594,3.2572601420729347e-31
930120,0.0,-9.579536330678819e-41,9927.051530792362,0.9967586640797594,3.2557115613994168e-31
930180,0.0,-9.574970772829277e-41,9927.051530792362,0.9967586640797594,3.254162980725899e-31
930240,0.0,-9.570405214979734e-41,9927.051530792362,0.9967586640797594,3.2526144000523805e-31
930300,0.0,-9.565839657130192e-41,9927.051530792362,0.9967586640797594,3.2510658193788626e-31
930360,0.0,-9.56127409928065e-41,9927.051530792362,0.9967586640797594,3.249517238705344e-31
930420,0.0,-9.556708541431108e-41,9927.051530792362,0.9967586640797594,3.2479686580318263e-31
930480,0.0,-9.552142983581566e-41,9927.051530792362,0.9967586640797594,3.2464200773583083e-31
930540,0.0,-9.547577425732023e-41,9927.051530792362,0.9967586640797594,3.24487149668479e-31
930600,0.0,-9.543011867882481e-41,9927.051530792362,0.9967586640797594,3.243322916011272e-31
930660,0.0,-9.538446310032938e-41,9927.051530792362,0.9967586640797594,3.2417743353377533e-31
930720,0.0,-9.533880752183396e-41,9927.051530792362,0.9967586640797594,3.2402257546642358e-31
930780,0.0,-9.529315194333855e-41,9927.051530792362,0.9967586640797594,3.238677173990717e-31
930840,0.0,-9.524749636484313e-41,9927.051530792362,0.9967586640797594,3.237128593317199e-31
930900,0.0,-9.520184078634772e-41,9927.051530792362,0.9967586640797594,3.235580012643681e-31
930960,0.0,-9.515618520785229e-41,9927.051530792362,0.9967586640797594,3.2340314319701628e-31
931020,0.0,-9.511052962935687e-41,9927.051530792362,0.9967586640797594,3.232482851296645e-31
931080,0.0,-9.506487405086144e-41,9927.051530792362,0.9967586640797594,3.2309342706231265e-31
931140,0.0,-9.501921847236602e-41,9927.051530792362,0.9967586640797594,3.2293856899496085e-31
931200,0.0,-9.49735628938706e-41,9927.051530792362,0.9967586640797594,3.2278371092760906e-31
931260,0.0,-9.492790731537517e-41,9927.051530792362,0.9967586640797594,3.2262885286025723e-31
931320,0.0,-9.488225173687976e-41,9927.051530792362,0.9967586640797594,3.2247399479290543e-31
931380,0.0,-9.483659615838432e-41,9927.051530792362,0.9967586640797594,3.223191367255536e-31
931440,0.0,-9.47909405798889e-41,9927.051530792362,0.9967586640797594,3.221642786582018e-31
931500,0.0,-9.47452850013935e-41,9927.051530792362,0.9967586640797594,3.2200942059085e-31
931560,0.0,-9.469962942289806e-41,9927.051530792362,0.9967586640797594,3.2185456252349818e-31
931620,0.0,-9.465397384440265e-41,9927.051530792362,0.9967586640797594,3.216997044561464e-31
931680,0.0,-9.460831826590721e-41,9927.051530792362,0.9967586640797594,3.215448463887945e-31
931740,0.0,-9.45626626874118e-41,9927.051530792362,0.9967586640797594,3.2138998832144275e-31
931800,0.0,-9.451700710891636e-41,9927.051530792362,0.9967586640797594,3.2123513025409087e-31
931860,0.0,-9.447135153042095e-41,9927.051530792362,0.9967586640797594,3.210802721867391e-31
931920,0.0,-9.442569595192553e-41,9927.051530792362,0.9967586640797594,3.209254141193873e-31
931980,0.0,-9.43800403734301e-41,9927.051530792362,0.9967586640797594,3.2077055605203545e-31
932040,0.0,-9.433438479493469e-41,9927.051530792362,0.9967586640797594,3.2061569798468366e-31
932100,0.0,-9.428872921643925e-41,9927.051530792362,0.9967586640797594,3.2046083991733182e-31
932160,0.0,-9.424307363794384e-41,9927.051530792362,0.9967586640797594,3.2030598184998003e-31
932220,0.0,-9.419741805944842e-41,9927.051530792362,0.9967586640797594,3.2015112378262824e-31
932280,0.0,-9.4151762480953e-41,9927.051530792362,0.9967586640797594,3.199962657152764e-31
932340,0.0,-9.41061069024576e-41,9927.051530792362,0.9967586640797594,3.198414076479246e-31
932400,0.0,-9.406045132396216e-41,9927.051530792362,0.9967586640797594,3.1968654958057277e-31
932460,0.0,-9.401479574546674e-41,9927.051530792362,0.9967586640797594,3.19531691513221e-31
932520,0.0,-9.396914016697133e-41,9927.051530792362,0.9967586640797594,3.193768334458692e-31
932580,0.0,-9.39234845884759e-41,9927.051530792362,0.9967586640797594,3.1922197537851735e-31
932640,0.0,-9.387782900998048e-41,9927.051530792362,0.9967586640797594,3.1906711731116556e-31
932700,0.0,-9.383217343148505e-41,9927.051530792362,0.9967586640797594,3.189122592438137e-31
932760,0.0,-9.378651785298963e-41,9927.051530792362,0.9967586640797594,3.1875740117646193e-31
932820,0.0,-9.374086227449422e-41,9927.051530792362,0.9967586640797594,3.1860254310911014e-31
932880,0.0,-9.369520669599878e-41,9927.051530792362,0.9967586640797594,3.1844768504175826e-31
932940,0.0,-9.364955111750337e-41,9927.051530792362,0.9967586640797594,3.1829282697440647e-31
933000,0.0,-9.360389553900793e-41,9927.051530792362,0.9967586640797594,3.1813796890705463e-31
933060,0.0,-9.355823996051252e-41,9927.051530792362,0.9967586640797594,3.1798311083970284e-31
933120,0.0,-9.351258438201708e-41,9927.051530792362,0.9967586640797594,3.17828252772351e-31
933180,0.0,-9.346692880352167e-41,9927.051530792362,0.9967586640797594,3.176733947049992e-31
933240,0.0,-9.342127322502626e-41,9927.051530792362,0.9967586640797594,3.175185366376474e-31
933300,0.0,-9.337561764653082e-41,9927.051530792362,0.9967586640797594,3.173636785702956e-31
933360,0.0,-9.33299620680354e-41,9927.051530792362,0.9967586640797594,3.172088205029438e-31
933420,0.0,-9.328430648953997e-41,9927.051530792362,0.9967586640797594,3.1705396243559195e-31
933480,0.0,-9.323865091104456e-41,9927.051530792362,0.9967586640797594,3.1689910436824016e-31
933540,0.0,-9.319299533254914e-41,9927.051530792362,0.9967586640797594,3.1674424630088837e-31
933600,0.0,-9.31473397540537e-41,9927.051530792362,0.9967586640797594,3.1658938823353653e-31
933660,0.0,-9.31016841755583e-41,9927.051530792362,0.9967586640797594,3.1643453016618474e-31
933720,0.0,-9.305602859706288e-41,9927.051530792362,0.9967586640797594,3.1627967209883286e-31
933780,0.0,-9.301037301856747e-41,9927.051530792362,0.9967586640797594,3.161248140314811e-31
933840,0.0,-9.296471744007203e-41,9927.051530792362,0.9967586640797594,3.159699559641293e-31
933900,0.0,-9.291906186157662e-41,9927.051530792362,0.9967586640797594,3.1581509789677744e-31
933960,0.0,-9.28734062830812e-41,9927.051530792362,0.9967586640797594,3.1566023982942564e-31
934020,0.0,-9.282775070458577e-41,9927.051530792362,0.9967586640797594,3.155053817620738e-31
934080,0.0,-9.278209512609035e-41,9927.051530792362,0.9967586640797594,3.15350523694722e-31
934140,0.0,-9.273643954759492e-41,9927.051530792362,0.9967586640797594,3.1519566562737018e-31
934200,0.0,-9.26907839690995e-41,9927.051530792362,0.9967586640797594,3.150408075600184e-31
934260,0.0,-9.26451283906041e-41,9927.051530792362,0.9967586640797594,3.148859494926666e-31
934320,0.0,-9.259947281210866e-41,9927.051530792362,0.9967586640797594,3.1473109142531476e-31
934380,0.0,-9.255381723361324e-41,9927.051530792362,0.9967586640797594,3.1457623335796296e-31
934440,0.0,-9.25081616551178e-41,9927.051530792362,0.9967586640797594,3.1442137529061113e-31
934500,0.0,-9.24625060766224e-41,9927.051530792362,0.9967586640797594,3.1426651722325933e-31
934560,0.0,-9.241685049812698e-41,9927.051530792362,0.9967586640797594,3.1411165915590754e-31
934620,0.0,-9.237119491963154e-41,9927.051530792362,0.9967586640797594,3.139568010885557e-31
934680,0.0,-9.232553934113613e-41,9927.051530792362,0.9967586640797594,3.138019430212039e-31
934740,0.0,-9.22798837626407e-41,9927.051530792362,0.9967586640797594,3.1364708495385203e-31
934800,0.0,-9.223422818414528e-41,9927.051530792362,0.9967586640797594,3.134922268865003e-31
934860,0.0,-9.218857260564987e-41,9927.051530792362,0.9967586640797594,3.133373688191485e-31
934920,0.0,-9.214291702715443e-41,9927.051530792362,0.9967586640797594,3.131825107517966e-31
934980,0.0,-9.209726144865902e-41,9927.051530792362,0.9967586640797594,3.130276526844448e-31
935040,0.0,-9.205160587016358e-41,9927.051530792362,0.9967586640797594,3.12872794617093e-31
935100,0.0,-9.200595029166817e-41,9927.051530792362,0.9967586640797594,3.127179365497412e-31
935160,0.0,-9.196029471317275e-41,9927.051530792362,0.9967586640797594,3.125630784823894e-31
935220,0.0,-9.191463913467734e-41,9927.051530792362,0.9967586640797594,3.1240822041503756e-31
935280,0.0,-9.18689835561819e-41,9927.051530792362,0.9967586640797594,3.1225336234768577e-31
935340,0.0,-9.182332797768648e-41,9927.051530792362,0.9967586640797594,3.1209850428033393e-31
935400,0.0,-9.177767239919107e-41,9927.051530792362,0.9967586640797594,3.1194364621298214e-31
935460,0.0,-9.173201682069563e-41,9927.051530792362,0.9967586640797594,3.117887881456303e-31
935520,0.0,-9.168636124220022e-41,9927.051530792362,0.9967586640797594,3.116339300782785e-31
935580,0.0,-9.16407056637048e-41,9927.051530792362,0.9967586640797594,3.114790720109267e-31
935640,0.0,-9.159505008520938e-41,9927.051530792362,0.9967586640797594,3.113242139435749e-31
935700,0.0,-9.154939450671396e-41,9927.051530792362,0.9967586640797594,3.111693558762231e-31
935760,0.0,-9.150373892821853e-41,9927.051530792362,0.9967586640797594,3.110144978088712e-31
935820,0.0,-9.145808334972311e-41,9927.051530792362,0.9967586640797594,3.1085963974151946e-31
935880,0.0,-9.14124277712277e-41,9927.051530792362,0.9967586640797594,3.1070478167416767e-31
935940,0.0,-9.136677219273227e-41,9927.051530792362,0.9967586640797594,3.105499236068158e-31
936000,0.0,-9.132111661423685e-41,9927.051530792362,0.9967586640797594,3.10395065539464e-31
936060,0.0,-9.127546103574142e-41,9927.051530792362,0.9967586640797594,3.1024020747211216e-31
936120,0.0,-9.1229805457246e-41,9927.051530792362,0.9967586640797594,3.1008534940476037e-31
936180,0.0,-9.118414987875059e-41,9927.051530792362,0.9967586640797594,3.0993049133740858e-31
936240,0.0,-9.113849430025515e-41,9927.051530792362,0.9967586640797594,3.0977563327005674e-31
936300,0.0,-9.109283872175974e-41,9927.051530792362,0.9967586640797594,3.0962077520270495e-31
936360,0.0,-9.104718314326431e-41,9927.051530792362,0.9967586640797594,3.094659171353531e-31
936420,0.0,-9.10015275647689e-41,9927.051530792362,0.9967586640797594,3.093110590680013e-31
936480,0.0,-9.095587198627347e-41,9927.051530792362,0.9967586640797594,3.091562010006495e-31
936540,0.0,-9.091021640777805e-41,9927.051530792362,0.9967586640797594,3.090013429332977e-31
936600,0.0,-9.086456082928264e-41,9927.051530792362,0.9967586640797594,3.088464848659459e-31
936660,0.0,-9.08189052507872e-41,9927.051530792362,0.9967586640797594,3.0869162679859406e-31
936720,0.0,-9.077324967229179e-41,9927.051530792362,0.9967586640797594,3.0853676873124227e-31
936780,0.0,-9.072759409379635e-41,9927.051530792362,0.9967586640797594,3.083819106638904e-31
936840,0.0,-9.068193851530094e-41,9927.051530792362,0.9967586640797594,3.0822705259653864e-31
936900,0.0,-9.063628293680552e-41,9927.051530792362,0.9967586640797594,3.0807219452918685e-31
936960,0.0,-9.059062735831009e-41,9927.051530792362,0.9967586640797594,3.0791733646183497e-31
937020,0.0,-9.054497177981468e-41,9927.051530792362,0.9967586640797594,3.0776247839448317e-31
937080,0.0,-9.049931620131925e-41,9927.051530792362,0.9967586640797594,3.0760762032713134e-31
937140,0.0,-9.045366062282384e-41,9927.051530792362,0.9967586640797594,3.0745276225977954e-31
937200,0.0,-9.040800504432841e-41,9927.051530792362,0.9967586640797594,3.0729790419242775e-31
937260,0.0,-9.036234946583299e-41,9927.051530792362,0.9967586640797594,3.071430461250759e-31
937320,0.0,-9.031669388733757e-41,9927.051530792362,0.9967586640797594,3.0698818805772412e-31
937380,0.0,-9.027103830884214e-41,9927.051530792362,0.9967586640797594,3.068333299903723e-31
937440,0.0,-9.022538273034672e-41,9927.051530792362,0.9967586640797594,3.066784719230205e-31
937500,0.0,-9.017972715185131e-41,9927.051530792362,0.9967586640797594,3.065236138556687e-31
937560,0.0,-9.013407157335588e-41,9927.051530792362,0.9967586640797594,3.0636875578831687e-31
937620,0.0,-9.008841599486046e-41,9927.051530792362,0.9967586640797594,3.0621389772096507e-31
937680,0.0,-9.004276041636503e-41,9927.051530792362,0.9967586640797594,3.0605903965361324e-31
937740,0.0,-8.999710483786961e-41,9927.051530792362,0.9967586640797594,3.0590418158626144e-31
937800,0.0,-8.995144925937419e-41,9927.051530792362,0.9967586640797594,3.0574932351890956e-31
937860,0.0,-8.990579368087876e-41,9927.051530792362,0.9967586640797594,3.055944654515578e-31
937920,0.0,-8.986013810238335e-41,9927.051530792362,0.9967586640797594,3.0543960738420602e-31
937980,0.0,-8.981448252388792e-41,9927.051530792362,0.9967586640797594,3.0528474931685414e-31
938040,0.0,-8.976882694539251e-41,9927.051530792362,0.9967586640797594,3.0512989124950235e-31
938100,0.0,-8.972317136689708e-41,9927.051530792362,0.9967586640797594,3.049750331821505e-31
938160,0.0,-8.967751578840166e-41,9927.051530792362,0.9967586640797594,3.048201751147987e-31
938220,0.0,-8.963186020990625e-41,9927.051530792362,0.9967586640797594,3.0466531704744693e-31
938280,0.0,-8.958620463141081e-41,9927.051530792362,0.9967586640797594,3.045104589800951e-31
938340,0.0,-8.95405490529154e-41,9927.051530792362,0.9967586640797594,3.043556009127433e-31
938400,0.0,-8.949489347441996e-41,9927.051530792362,0.9967586640797594,3.0420074284539146e-31
938460,0.0,-8.944923789592455e-41,9927.051530792362,0.9967586640797594,3.0404588477803967e-31
938520,0.0,-8.940358231742913e-41,9927.051530792362,0.9967586640797594,3.038910267106879e-31
938580,0.0,-8.93579267389337e-41,9927.051530792362,0.9967586640797594,3.0373616864333604e-31
938640,0.0,-8.931227116043829e-41,9927.051530792362,0.9967586640797594,3.0358131057598425e-31
938700,0.0,-8.926661558194286e-41,9927.051530792362,0.9967586640797594,3.034264525086324e-31
938760,0.0,-8.922096000344745e-41,9927.051530792362,0.9967586640797594,3.032715944412806e-31
938820,0.0,-8.917530442495201e-41,9927.051530792362,0.9967586640797594,3.0311673637392874e-31
938880,0.0,-8.91296488464566e-41,9927.051530792362,0.9967586640797594,3.02961878306577e-31
938940,0.0,-8.908399326796118e-41,9927.051530792362,0.9967586640797594,3.028070202392252e-31
939000,0.0,-8.903833768946575e-41,9927.051530792362,0.9967586640797594,3.026521621718733e-31
939060,0.0,-8.899268211097033e-41,9927.051530792362,0.9967586640797594,3.0249730410452153e-31
939120,0.0,-8.89470265324749e-41,9927.051530792362,0.9967586640797594,3.023424460371697e-31
939180,0.0,-8.890137095397948e-41,9927.051530792362,0.9967586640797594,3.021875879698179e-31
939240,0.0,-8.885571537548407e-41,9927.051530792362,0.9967586640797594,3.020327299024661e-31
939300,0.0,-8.881005979698864e-41,9927.051530792362,0.9967586640797594,3.0187787183511427e-31
939360,0.0,-8.876440421849322e-41,9927.051530792362,0.9967586640797594,3.0172301376776248e-31
939420,0.0,-8.87187486399978e-41,9927.051530792362,0.9967586640797594,3.0156815570041064e-31
939480,0.0,-8.867309306150238e-41,9927.051530792362,0.9967586640797594,3.0141329763305885e-31
939540,0.0,-8.862743748300697e-41,9927.051530792362,0.9967586640797594,3.0125843956570706e-31
939600,0.0,-8.858178190451153e-41,9927.051530792362,0.9967586640797594,3.011035814983552e-31
939660,0.0,-8.853612632601612e-41,9927.051530792362,0.9967586640797594,3.0094872343100343e-31
939720,0.0,-8.849047074752068e-41,9927.051530792362,0.9967586640797594,3.007938653636516e-31
939780,0.0,-8.844481516902527e-41,9927.051530792362,0.9967586640797594,3.006390072962998e-31
939840,0.0,-8.839915959052986e-41,9927.051530792362,0.9967586640797594,3.00484149228948e-31
939900,0.0,-8.835350401203442e-41,9927.051530792362,0.9967586640797594,3.0032929116159617e-31
939960,0.0,-8.830784843353901e-41,9927.051530792362,0.9967586640797594,3.0017443309424438e-31
940020,0.0,-8.826219285504357e-41,9927.051530792362,0.9967586640797594,3.000195750268925e-31
940080,0.0,-8.821653727654816e-41,9927.051530792362,0.9967586640797594,2.998647169595407e-31
940140,0.0,-8.817088169805273e-41,9927.051530792362,0.9967586640797594,2.9970985889218887e-31
940200,0.0,-8.812522611955732e-41,9927.051530792362,0.9967586640797594,2.9955500082483708e-31
940260,0.0,-8.80795705410619e-41,9927.051530792362,0.9967586640797594,2.994001427574853e-31
940320,0.0,-8.803391496256647e-41,9927.051530792362,0.9967586640797594,2.9924528469013345e-31
940380,0.0,-8.798825938407106e-41,9927.051530792362,0.9967586640797594,2.9909042662278165e-31
940440,0.0,-8.794260380557562e-41,9927.051530792362,0.9967586640797594,2.989355685554298e-31
940500,0.0,-8.789694822708021e-41,9927.051530792362,0.9967586640797594,2.9878071048807803e-31
940560,0.0,-8.785129264858479e-41,9927.051530792362,0.9967586640797594,2.9862585242072623e-31
940620,0.0,-8.780563707008936e-41,9927.051530792362,0.9967586640797594,2.984709943533744e-31
940680,0.0,-8.775998149159394e-41,9927.051530792362,0.9967586640797594,2.983161362860226e-31
940740,0.0,-8.771432591309851e-41,9927.051530792362,0.9967586640797594,2.9816127821867077e-31
940800,0.0,-8.766867033460309e-41,9927.051530792362,0.9967586640797594,2.9800642015131898e-31
940860,0.0,-8.762301475610768e-41,9927.051530792362,0.9967586640797594,2.978515620839672e-31
940920,0.0,-8.757735917761226e-41,9927.051530792362,0.9967586640797594,2.9769670401661535e-31
940980,0.0,-8.753170359911684e-41,9927.051530792362,0.9967586640797594,2.9754184594926355e-31
941040,0.0,-8.748604802062141e-41,9927.051530792362,0.9967586640797594,2.9738698788191167e-31
941100,0.0,-8.744039244212599e-41,9927.051530792362,0.9967586640797594,2.972321298145599e-31
941160,0.0,-8.739473686363056e-41,9927.051530792362,0.9967586640797594,2.9707727174720804e-31
941220,0.0,-8.734908128513514e-41,9927.051530792362,0.9967586640797594,2.9692241367985625e-31
941280,0.0,-8.730342570663973e-41,9927.051530792362,0.9967586640797594,2.9676755561250446e-31
941340,0.0,-8.725777012814429e-41,9927.051530792362,0.9967586640797594,2.9661269754515262e-31
941400,0.0,-8.721211454964888e-41,9927.051530792362,0.9967586640797594,2.9645783947780083e-31
941460,0.0,-8.716645897115345e-41,9927.051530792362,0.9967586640797594,2.96302981410449e-31
941520,0.0,-8.712080339265803e-41,9927.051530792362,0.9967586640797594,2.961481233430972e-31
941580,0.0,-8.707514781416262e-41,9927.051530792362,0.9967586640797594,2.959932652757454e-31
941640,0.0,-8.702949223566719e-41,9927.051530792362,0.9967586640797594,2.9583840720839357e-31
941700,0.0,-8.698383665717178e-41,9927.051530792362,0.9967586640797594,2.956835491410418e-31
941760,0.0,-8.693818107867634e-41,9927.051530792362,0.9967586640797594,2.9552869107368994e-31
941820,0.0,-8.689252550018093e-41,9927.051530792362,0.9967586640797594,2.9537383300633815e-31
941880,0.0,-8.684686992168551e-41,9927.051530792362,0.9967586640797594,2.9521897493898636e-31
941940,0.0,-8.680121434319008e-41,9927.051530792362,0.9967586640797594,2.9506411687163452e-31
942000,0.0,-8.675555876469467e-41,9927.051530792362,0.9967586640797594,2.9490925880428273e-31
942060,0.0,-8.670990318619923e-41,9927.051530792362,0.9967586640797594,2.9475440073693085e-31
942120,0.0,-8.666424760770382e-41,9927.051530792362,0.9967586640797594,2.9459954266957906e-31
942180,0.0,-8.661859202920838e-41,9927.051530792362,0.9967586640797594,2.944446846022272e-31
942240,0.0,-8.657293645071297e-41,9927.051530792362,0.9967586640797594,2.9428982653487543e-31
942300,0.0,-8.652728087221755e-41,9927.051530792362,0.9967586640797594,2.9413496846752364e-31
942360,0.0,-8.648162529372213e-41,9927.051530792362,0.9967586640797594,2.939801104001718e-31
942420,0.0,-8.643596971522671e-41,9927.051530792362,0.9967586640797594,2.9382525233282e-31
942480,0.0,-8.639031413673128e-41,9927.051530792362,0.9967586640797594,2.9367039426546817e-31
942540,0.0,-8.634465855823587e-41,9927.051530792362,0.9967586640797594,2.935155361981164e-31
942600,0.0,-8.629900297974045e-41,9927.051530792362,0.9967586640797594,2.933606781307646e-31
942660,0.0,-8.625334740124502e-41,9927.051530792362,0.9967586640797594,2.9320582006341275e-31
942720,0.0,-8.62076918227496e-41,9927.051530792362,0.9967586640797594,2.9305096199606096e-31
942780,0.0,-8.616203624425417e-41,9927.051530792362,0.9967586640797594,2.928961039287091e-31
942840,0.0,-8.611638066575875e-41,9927.051530792362,0.9967586640797594,2.9274124586135733e-31
942900,0.0,-8.607072508726334e-41,9927.051530792362,0.9967586640797594,2.9258638779400554e-31
942960,0.0,-8.60250695087679e-41,9927.051530792362,0.9967586640797594,2.924315297266537e-31
943020,0.0,-8.597941393027249e-41,9927.051530792362,0.9967586640797594,2.922766716593019e-31
943080,0.0,-8.593375835177707e-41,9927.051530792362,0.9967586640797594,2.9212181359195003e-31
943140,0.0,-8.588810277328164e-41,9927.051530792362,0.9967586640797594,2.919669555245983e-31
943200,0.0,-8.584244719478623e-41,9927.051530792362,0.9967586640797594,2.918120974572465e-31
943260,0.0,-8.57967916162908e-41,9927.051530792362,0.9967586640797594,2.916572393898946e-31
943320,0.0,-8.575113603779539e-41,9927.051530792362,0.9967586640797594,2.915023813225428e-31
943380,0.0,-8.570548045929995e-41,9927.051530792362,0.9967586640797594,2.9134752325519098e-31
943440,0.0,-8.565982488080454e-41,9927.051530792362,0.9967586640797594,2.911926651878392e-31
943500,0.0,-8.56141693023091e-41,9927.051530792362,0.9967586640797594,2.9103780712048735e-31
943560,0.0,-8.556851372381369e-41,9927.051530792362,0.9967586640797594,2.9088294905313556e-31
943620,0.0,-8.552285814531828e-41,9927.051530792362,0.9967586640797594,2.9072809098578376e-31
943680,0.0,-8.547720256682284e-41,9927.051530792362,0.9967586640797594,2.9057323291843193e-31
943740,0.0,-8.543154698832743e-41,9927.051530792362,0.9967586640797594,2.9041837485108013e-31
943800,0.0,-8.5385891409832e-41,9927.051530792362,0.9967586640797594,2.902635167837283e-31
943860,0.0,-8.534023583133658e-41,9927.051530792362,0.9967586640797594,2.901086587163765e-31
943920,0.0,-8.529458025284116e-41,9927.051530792362,0.9967586640797594,2.899538006490247e-31
943980,0.0,-8.524892467434574e-41,9927.051530792362,0.9967586640797594,2.8979894258167288e-31
944040,0.0,-8.520326909585032e-41,9927.051530792362,0.9967586640797594,2.896440845143211e-31
944100,0.0,-8.515761351735489e-41,9927.051530792362,0.9967586640797594,2.894892264469692e-31
944160,0.0,-8.511195793885948e-41,9927.051530792362,0.9967586640797594,2.8933436837961746e-31
944220,0.0,-8.506630236036406e-41,9927.051530792362,0.9967586640797594,2.8917951031226566e-31
944280,0.0,-8.502064678186863e-41,9927.051530792362,0.9967586640797594,2.890246522449138e-31
944340,0.0,-8.497499120337321e-41,9927.051530792362,0.9967586640797594,2.88869794177562e-31
944400,0.0,-8.492933562487778e-41,9927.051530792362,0.9967586640797594,2.8871493611021015e-31
944460,0.0,-8.488368004638236e-41,9927.051530792362,0.9967586640797594,2.8856007804285836e-31
944520,0.0,-8.483802446788694e-41,9927.051530792362,0.9967586640797594,2.8840521997550653e-31
944580,0.0,-8.479236888939151e-41,9927.051530792362,0.9967586640797594,2.8825036190815473e-31
944640,0.0,-8.47467133108961e-41,9927.051530792362,0.9967586640797594,2.8809550384080294e-31
944700,0.0,-8.470105773240067e-41,9927.051530792362,0.9967586640797594,2.879406457734511e-31
944760,0.0,-8.465540215390526e-41,9927.051530792362,0.9967586640797594,2.877857877060993e-31
944820,0.0,-8.460974657540983e-41,9927.051530792362,0.9967586640797594,2.8763092963874748e-31
944880,0.0,-8.456409099691441e-41,9927.051530792362,0.9967586640797594,2.874760715713957e-31
944940,0.0,-8.4518435418419e-41,9927.051530792362,0.9967586640797594,2.873212135040439e-31
945000,0.0,-8.447277983992356e-41,9927.051530792362,0.9967586640797594,2.8716635543669205e-31
945060,0.0,-8.442712426142815e-41,9927.051530792362,0.9967586640797594,2.8701149736934026e-31
945120,0.0,-8.438146868293271e-41,9927.051530792362,0.9967586640797594,2.868566393019884e-31
945180,0.0,-8.43358131044373e-41,9927.051530792362,0.9967586640797594,2.8670178123463663e-31
945240,0.0,-8.429015752594188e-41,9927.051530792362,0.9967586640797594,2.8654692316728484e-31
945300,0.0,-8.424450194744645e-41,9927.051530792362,0.9967586640797594,2.8639206509993296e-31
945360,0.0,-8.419884636895104e-41,9927.051530792362,0.9967586640797594,2.8623720703258117e-31
945420,0.0,-8.415319079045561e-41,9927.051530792362,0.9967586640797594,2.8608234896522933e-31
945480,0.0,-8.41075352119602e-41,9927.051530792362,0.9967586640797594,2.8592749089787754e-31
945540,0.0,-8.406187963346478e-41,9927.051530792362,0.9967586640797594,2.8577263283052575e-31
945600,0.0,-8.401622405496935e-41,9927.051530792362,0.9967586640797594,2.856177747631739e-31
945660,0.0,-8.397056847647393e-41,9927.051530792362,0.9967586640797594,2.854629166958221e-31
945720,0.0,-8.39249128979785e-41,9927.051530792362,0.9967586640797594,2.853080586284703e-31
945780,0.0,-8.387925731948308e-41,9927.051530792362,0.9967586640797594,2.851532005611185e-31
945840,0.0,-8.383360174098765e-41,9927.051530792362,0.9967586640797594,2.8499834249376665e-31
945900,0.0,-8.378794616249224e-41,9927.051530792362,0.9967586640797594,2.8484348442641486e-31
945960,0.0,-8.374229058399682e-41,9927.051530792362,0.9967586640797594,2.8468862635906307e-31
946020,0.0,-8.369663500550139e-41,9927.051530792362,0.9967586640797594,2.8453376829171123e-31
946080,0.0,-8.365097942700597e-41,9927.051530792362,0.9967586640797594,2.8437891022435944e-31
946140,0.0,-8.360532384851055e-41,9927.051530792362,0.9967586640797594,2.8422405215700756e-31
946200,0.0,-8.355966827001513e-41,9927.051530792362,0.9967586640797594,2.840691940896558e-31
946260,0.0,-8.351401269151972e-41,9927.051530792362,0.9967586640797594,2.83914336022304e-31
946320,0.0,-8.346835711302428e-41,9927.051530792362,0.9967586640797594,2.8375947795495214e-31
946380,0.0,-8.342270153452887e-41,9927.051530792362,0.9967586640797594,2.8360461988760034e-31
946440,0.0,-8.337704595603344e-41,9927.051530792362,0.9967586640797594,2.834497618202485e-31
946500,0.0,-8.333139037753802e-41,9927.051530792362,0.9967586640797594,2.832949037528967e-31
946560,0.0,-8.328573479904261e-41,9927.051530792362,0.9967586640797594,2.8314004568554492e-31
946620,0.0,-8.324007922054717e-41,9927.051530792362,0.9967586640797594,2.829851876181931e-31
946680,0.0,-8.319442364205176e-41,9927.051530792362,0.9967586640797594,2.828303295508413e-31
946740,0.0,-8.314876806355632e-41,9927.051530792362,0.9967586640797594,2.8267547148348946e-31
946800,0.0,-8.310311248506091e-41,9927.051530792362,0.9967586640797594,2.8252061341613767e-31
946860,0.0,-8.305745690656548e-41,9927.051530792362,0.9967586640797594,2.8236575534878583e-31
946920,0.0,-8.301180132807007e-41,9927.051530792362,0.9967586640797594,2.8221089728143404e-31
946980,0.0,-8.296614574957466e-41,9927.051530792362,0.9967586640797594,2.8205603921408224e-31
947040,0.0,-8.292049017107922e-41,9927.051530792362,0.9967586640797594,2.819011811467304e-31
947100,0.0,-8.287483459258381e-41,9927.051530792362,0.9967586640797594,2.817463230793786e-31
947160,0.0,-8.282917901408837e-41,9927.051530792362,0.9967586640797594,2.8159146501202674e-31
947220,0.0,-8.278352343559296e-41,9927.051530792362,0.9967586640797594,2.81436606944675e-31
947280,0.0,-8.273786785709754e-41,9927.051530792362,0.9967586640797594,2.812817488773232e-31
947340,0.0,-8.269221227860211e-41,9927.051530792362,0.9967586640797594,2.811268908099713e-31
947400,0.0,-8.264655670010669e-41,9927.051530792362,0.9967586640797594,2.809720327426195e-31
947460,0.0,-8.260090112161126e-41,9927.051530792362,0.9967586640797594,2.808171746752677e-31
947520,0.0,-8.255524554311585e-41,9927.051530792362,0.9967586640797594,2.806623166079159e-31
947580,0.0,-8.250958996462043e-41,9927.051530792362,0.9967586640797594,2.805074585405641e-31
947640,0.0,-8.246393438612501e-41,9927.051530792362,0.9967586640797594,2.8035260047321226e-31
947700,0.0,-8.241827880762959e-41,9927.051530792362,0.9967586640797594,2.8019774240586047e-31
947760,0.0,-8.237262322913416e-41,9927.051530792362,0.9967586640797594,2.8004288433850864e-31
947820,0.0,-8.232696765063874e-41,9927.051530792362,0.9967586640797594,2.7988802627115684e-31
947880,0.0,-8.228131207214333e-41,9927.051530792362,0.9967586640797594,2.7973316820380505e-31
947940,0.0,-8.223565649364789e-41,9927.051530792362,0.9967586640797594,2.795783101364532e-31
948000,0.0,-8.219000091515248e-41,9927.051530792362,0.9967586640797594,2.794234520691014e-31
948060,0.0,-8.214434533665705e-41,9927.051530792362,0.9967586640797594,2.792685940017496e-31
948120,0.0,-8.209868975816163e-41,9927.051530792362,0.9967586640797594,2.791137359343978e-31
948180,0.0,-8.20530341796662e-41,9927.051530792362,0.9967586640797594,2.789588778670459e-31
948240,0.0,-8.200737860117078e-41,9927.051530792362,0.9967586640797594,2.7880401979969416e-31
948300,0.0,-8.196172302267537e-41,9927.051530792362,0.9967586640797594,2.7864916173234237e-31
948360,0.0,-8.191606744417994e-41,9927.051530792362,0.9967586640797594,2.784943036649905e-31
948420,0.0,-8.187041186568452e-41,9927.051530792362,0.9967586640797594,2.783394455976387e-31
948480,0.0,-8.182475628718909e-41,9927.051530792362,0.9967586640797594,2.7818458753028686e-31
948540,0.0,-8.177910070869368e-41,9927.051530792362,0.9967586640797594,2.7802972946293507e-31
948600,0.0,-8.173344513019827e-41,9927.051530792362,0.9967586640797594,2.7787487139558328e-31
948660,0.0,-8.168778955170283e-41,9927.051530792362,0.9967586640797594,2.7772001332823144e-31
948720,0.0,-8.164213397320742e-41,9927.051530792362,0.9967586640797594,2.7756515526087965e-31
948780,0.0,-8.159647839471198e-41,9927.051530792362,0.9967586640797594,2.774102971935278e-31
948840,0.0,-8.155082281621657e-41,9927.051530792362,0.9967586640797594,2.77255439126176e-31
948900,0.0,-8.150516723772115e-41,9927.051530792362,0.9967586640797594,2.7710058105882423e-31
948960,0.0,-8.145951165922572e-41,9927.051530792362,0.9967586640797594,2.769457229914724e-31
949020,0.0,-8.14138560807303e-41,9927.051530792362,0.9967586640797594,2.767908649241206e-31
949080,0.0,-8.136820050223488e-41,9927.051530792362,0.9967586640797594,2.7663600685676876e-31
949140,0.0,-8.132254492373946e-41,9927.051530792362,0.9967586640797594,2.7648114878941697e-31
949200,0.0,-8.127688934524403e-41,9927.051530792362,0.9967586640797594,2.763262907220651e-31
949260,0.0,-8.123123376674862e-41,9927.051530792362,0.9967586640797594,2.7617143265471334e-31
949320,0.0,-8.11855781882532e-41,9927.051530792362,0.9967586640797594,2.7601657458736155e-31
949380,0.0,-8.113992260975777e-41,9927.051530792362,0.9967586640797594,2.7586171652000967e-31
949440,0.0,-8.109426703126235e-41,9927.051530792362,0.9967586640797594,2.7570685845265788e-31
949500,0.0,-8.104861145276692e-41,9927.051530792362,0.9967586640797594,2.7555200038530604e-31
949560,0.0,-8.10029558742715e-41,9927.051530792362,0.9967586640797594,2.7539714231795425e-31
949620,0.0,-8.095730029577609e-41,9927.051530792362,0.9967586640797594,2.7524228425060245e-31
949680,0.0,-8.091164471728065e-41,9927.051530792362,0.9967586640797594,2.750874261832506e-31
949740,0.0,-8.086598913878524e-41,9927.051530792362,0.9967586640797594,2.7493256811589883e-31
949800,0.0,-8.082033356028982e-41,9927.051530792362,0.9967586640797594,2.74777710048547e-31
949860,0.0,-8.077467798179439e-41,9927.051530792362,0.9967586640797594,2.746228519811952e-31
949920,0.0,-8.072902240329898e-41,9927.051530792362,0.9967586640797594,2.744679939138434e-31
949980,0.0,-8.068336682480355e-41,9927.051530792362,0.9967586640797594,2.7431313584649157e-31
950040,0.0,-8.063771124630814e-41,9927.051530792362,0.9967586640797594,2.7415827777913978e-31
950100,0.0,-8.05920556678127e-41,9927.051530792362,0.9967586640797594,2.7400341971178794e-31
950160,0.0,-8.054640008931729e-41,9927.051530792362,0.9967586640797594,2.7384856164443615e-31
950220,0.0,-8.050074451082185e-41,9927.051530792362,0.9967586640797594,2.7369370357708427e-31
950280,0.0,-8.045508893232644e-41,9927.051530792362,0.9967586640797594,2.735388455097325e-31
950340,0.0,-8.040943335383103e-41,9927.051530792362,0.9967586640797594,2.7338398744238073e-31
950400,0.0,-8.036377777533559e-41,9927.051530792362,0.9967586640797594,2.7322912937502884e-31
950460,0.0,-8.031812219684018e-41,9927.051530792362,0.9967586640797594,2.7307427130767705e-31
950520,0.0,-8.027246661834474e-41,9927.051530792362,0.9967586640797594,2.729194132403252e-31
950580,0.0,-8.022681103984933e-41,9927.051530792362,0.9967586640797594,2.7276455517297342e-31
950640,0.0,-8.018115546135391e-41,9927.051530792362,0.9967586640797594,2.7260969710562163e-31
950700,0.0,-8.013549988285849e-41,9927.051530792362,0.9967586640797594,2.724548390382698e-31
950760,0.0,-8.008984430436307e-41,9927.051530792362,0.9967586640797594,2.72299980970918e-31
950820,0.0,-8.004418872586764e-41,9927.051530792362,0.9967586640797594,2.7214512290356617e-31
950880,0.0,-7.999853314737223e-41,9927.051530792362,0.9967586640797594,2.7199026483621437e-31
950940,0.0,-7.995287756887681e-41,9927.051530792362,0.9967586640797594,2.718354067688626e-31
951000,0.0,-7.990722199038138e-41,9927.051530792362,0.9967586640797594,2.7168054870151074e-31
951060,0.0,-7.986156641188596e-41,9927.051530792362,0.9967586640797594,2.7152569063415895e-31
951120,0.0,-7.981591083339053e-41,9927.051530792362,0.9967586640797594,2.713708325668071e-31
951180,0.0,-7.977025525489511e-41,9927.051530792362,0.9967586640797594,2.7121597449945532e-31
951240,0.0,-7.97245996763997e-41,9927.051530792362,0.9967586640797594,2.7106111643210353e-31
951300,0.0,-7.967894409790426e-41,9927.051530792362,0.9967586640797594,2.709062583647517e-31
951360,0.0,-7.963328851940885e-41,9927.051530792362,0.9967586640797594,2.707514002973999e-31
951420,0.0,-7.958763294091343e-41,9927.051530792362,0.9967586640797594,2.70596542230048e-31
951480,0.0,-7.954197736241801e-41,9927.051530792362,0.9967586640797594,2.7044168416269623e-31
951540,0.0,-7.949632178392258e-41,9927.051530792362,0.9967586640797594,2.702868260953444e-31
951600,0.0,-7.945066620542716e-41,9927.051530792362,0.9967586640797594,2.701319680279926e-31
951660,0.0,-7.940501062693175e-41,9927.051530792362,0.9967586640797594,2.699771099606408e-31
951720,0.0,-7.935935504843631e-41,9927.051530792362,0.9967586640797594,2.6982225189328897e-31
951780,0.0,-7.93136994699409e-41,9927.051530792362,0.9967586640797594,2.696673938259372e-31
951840,0.0,-7.926804389144546e-41,9927.051530792362,0.9967586640797594,2.6951253575858534e-31
951900,0.0,-7.922238831295005e-41,9927.051530792362,0.9967586640797594,2.6935767769123355e-31
951960,0.0,-7.917673273445464e-41,9927.051530792362,0.9967586640797594,2.6920281962388176e-31
952020,0.0,-7.91310771559592e-41,9927.051530792362,0.9967586640797594,2.690479615565299e-31
952080,0.0,-7.908542157746379e-41,9927.051530792362,0.9967586640797594,2.6889310348917813e-31
952140,0.0,-7.903976599896836e-41,9927.051530792362,0.9967586640797594,2.687382454218263e-31
952200,0.0,-7.899411042047295e-41,9927.051530792362,0.9967586640797594,2.685833873544745e-31
952260,0.0,-7.894845484197753e-41,9927.051530792362,0.9967586640797594,2.684285292871227e-31
952320,0.0,-7.89027992634821e-41,9927.051530792362,0.9967586640797594,2.6827367121977087e-31
952380,0.0,-7.885714368498668e-41,9927.051530792362,0.9967586640797594,2.681188131524191e-31
952440,0.0,-7.881148810649125e-41,9927.051530792362,0.9967586640797594,2.679639550850672e-31
952500,0.0,-7.876583252799584e-41,9927.051530792362,0.9967586640797594,2.678090970177154e-31
952560,0.0,-7.87201769495004e-41,9927.051530792362,0.9967586640797594,2.6765423895036357e-31
952620,0.0,-7.867452137100499e-41,9927.051530792362,0.9967586640797594,2.6749938088301178e-31
952680,0.0,-7.862886579250957e-41,9927.051530792362,0.9967586640797594,2.6734452281566e-31
952740,0.0,-7.858321021401414e-41,9927.051530792362,0.9967586640797594,2.6718966474830815e-31
952800,0.0,-7.853755463551872e-41,9927.051530792362,0.9967586640797594,2.6703480668095636e-31
952860,0.0,-7.84918990570233e-41,9927.051530792362,0.9967586640797594,2.668799486136045e-31
952920,0.0,-7.844624347852788e-41,9927.051530792362,0.9967586640797594,2.6672509054625273e-31
952980,0.0,-7.840058790003247e-41,9927.051530792362,0.9967586640797594,2.6657023247890093e-31
953040,0.0,-7.835493232153704e-41,9927.051530792362,0.9967586640797594,2.664153744115491e-31
953100,0.0,-7.830927674304162e-41,9927.051530792362,0.9967586640797594,2.662605163441973e-31
953160,0.0,-7.826362116454619e-41,9927.051530792362,0.9967586640797594,2.6610565827684547e-31
953220,0.0,-7.821796558605077e-41,9927.051530792362,0.9967586640797594,2.6595080020949368e-31
953280,0.0,-7.817231000755536e-41,9927.051530792362,0.9967586640797594,2.657959421421419e-31
953340,0.0,-7.812665442905992e-41,9927.051530792362,0.9967586640797594,2.6564108407479005e-31
953400,0.0,-7.808099885056451e-41,9927.051530792362,0.9967586640797594,2.6548622600743826e-31
953460,0.0,-7.803534327206907e-41,9927.051530792362,0.9967586640797594,2.6533136794008638e-31
953520,0.0,-7.798968769357366e-41,9927.051530792362,0.9967586640797594,2.651765098727346e-31
953580,0.0,-7.794403211507825e-41,9927.051530792362,0.9967586640797594,2.6502165180538283e-31
953640,0.0,-7.789837653658282e-41,9927.051530792362,0.9967586640797594,2.6486679373803095e-31
953700,0.0,-7.78527209580874e-41,9927.051530792362,0.9967586640797594,2.6471193567067916e-31
953760,0.0,-7.780706537959197e-41,9927.051530792362,0.9967586640797594,2.6455707760332733e-31
953820,0.0,-7.776140980109656e-41,9927.051530792362,0.9967586640797594,2.6440221953597553e-31
953880,0.0,-7.771575422260112e-41,9927.051530792362,0.9967586640797594,2.642473614686237e-31
953940,0.0,-7.767009864410571e-41,9927.051530792362,0.9967586640797594,2.640925034012719e-31
954000,0.0,-7.762444306561029e-41,9927.051530792362,0.9967586640797594,2.639376453339201e-31
954060,0.0,-7.757878748711486e-41,9927.051530792362,0.9967586640797594,2.6378278726656828e-31
954120,0.0,-7.753313190861945e-41,9927.051530792362,0.9967586640797594,2.636279291992165e-31
954180,0.0,-7.748747633012401e-41,9927.051530792362,0.9967586640797594,2.6347307113186465e-31
954240,0.0,-7.74418207516286e-41,9927.051530792362,0.9967586640797594,2.6331821306451285e-31
954300,0.0,-7.739616517313318e-41,9927.051530792362,0.9967586640797594,2.6316335499716106e-31
954360,0.0,-7.735050959463776e-41,9927.051530792362,0.9967586640797594,2.6300849692980923e-31
954420,0.0,-7.730485401614233e-41,9927.051530792362,0.9967586640797594,2.6285363886245743e-31
954480,0.0,-7.725919843764692e-41,9927.051530792362,0.9967586640797594,2.626987807951056e-31
954540,0.0,-7.721354285915149e-41,9927.051530792362,0.9967586640797594,2.6254392272775376e-31
954600,0.0,-7.716788728065607e-41,9927.051530792362,0.9967586640797594,2.6238906466040197e-31
954660,0.0,-7.712223170216065e-41,9927.051530792362,0.9967586640797594,2.6223420659305013e-31
954720,0.0,-7.707657612366522e-41,9927.051530792362,0.9967586640797594,2.6207934852569834e-31
954780,0.0,-7.703092054516981e-41,9927.051530792362,0.9967586640797594,2.6192449045834655e-31
954840,0.0,-7.698526496667438e-41,9927.051530792362,0.9967586640797594,2.617696323909947e-31
954900,0.0,-7.693960938817896e-41,9927.051530792362,0.9967586640797594,2.616147743236429e-31
954960,0.0,-7.689395380968353e-41,9927.051530792362,0.9967586640797594,2.614599162562911e-31
955020,0.0,-7.684829823118811e-41,9927.051530792362,0.9967586640797594,2.6130505818893924e-31
955080,0.0,-7.680264265269269e-41,9927.051530792362,0.9967586640797594,2.611502001215875e-31
955140,0.0,-7.675698707419727e-41,9927.051530792362,0.9967586640797594,2.6099534205423566e-31
955200,0.0,-7.671133149570186e-41,9927.051530792362,0.9967586640797594,2.6084048398688382e-31
955260,0.0,-7.666567591720643e-41,9927.051530792362,0.9967586640797594,2.6068562591953203e-31
955320,0.0,-7.662002033871101e-41,9927.051530792362,0.9967586640797594,2.605307678521802e-31
955380,0.0,-7.657436476021558e-41,9927.051530792362,0.9967586640797594,2.603759097848284e-31
955440,0.0,-7.652870918172017e-41,9927.051530792362,0.9967586640797594,2.602210517174766e-31
955500,0.0,-7.648305360322474e-41,9927.051530792362,0.9967586640797594,2.6006619365012477e-31
955560,0.0,-7.643739802472932e-41,9927.051530792362,0.9967586640797594,2.5991133558277294e-31
955620,0.0,-7.639174244623389e-41,9927.051530792362,0.9967586640797594,2.5975647751542114e-31
955680,0.0,-7.634608686773847e-41,9927.051530792362,0.9967586640797594,2.596016194480693e-31
955740,0.0,-7.630043128924304e-41,9927.051530792362,0.9967586640797594,2.594467613807175e-31
955800,0.0,-7.625477571074763e-41,9927.051530792362,0.9967586640797594,2.5929190331336572e-31
955860,0.0,-7.620912013225221e-41,9927.051530792362,0.9967586640797594,2.591370452460139e-31
955920,0.0,-7.616346455375679e-41,9927.051530792362,0.9967586640797594,2.589821871786621e-31
955980,0.0,-7.611780897526137e-41,9927.051530792362,0.9967586640797594,2.5882732911131026e-31
956040,0.0,-7.607215339676594e-41,9927.051530792362,0.9967586640797594,2.586724710439584e-31
956100,0.0,-7.602649781827053e-41,9927.051530792362,0.9967586640797594,2.5851761297660667e-31
956160,0.0,-7.59808422397751e-41,9927.051530792362,0.9967586640797594,2.5836275490925484e-31
956220,0.0,-7.593518666127968e-41,9927.051530792362,0.9967586640797594,2.58207896841903e-31
956280,0.0,-7.588953108278425e-41,9927.051530792362,0.9967586640797594,2.580530387745512e-31
956340,0.0,-7.584387550428883e-41,9927.051530792362,0.9967586640797594,2.5789818070719937e-31
956400,0.0,-7.579821992579341e-41,9927.051530792362,0.9967586640797594,2.577433226398476e-31
956460,0.0,-7.575256434729799e-41,9927.051530792362,0.9967586640797594,2.575884645724958e-31
956520,0.0,-7.570690876880257e-41,9927.051530792362,0.9967586640797594,2.5743360650514395e-31
956580,0.0,-7.566125319030714e-41,9927.051530792362,0.9967586640797594,2.572787484377921e-31
956640,0.0,-7.561559761181173e-41,9927.051530792362,0.9967586640797594,2.571238903704403e-31
956700,0.0,-7.55699420333163e-41,9927.051530792362,0.9967586640797594,2.569690323030885e-31
956760,0.0,-7.552428645482089e-41,9927.051530792362,0.9967586640797594,2.568141742357367e-31
956820,0.0,-7.547863087632546e-41,9927.051530792362,0.9967586640797594,2.566593161683849e-31
956880,0.0,-7.543297529783004e-41,9927.051530792362,0.9967586640797594,2.5650445810103306e-31
956940,0.0,-7.538731971933462e-41,9927.051530792362,0.9967586640797594,2.5634960003368127e-31
957000,0.0,-7.534166414083919e-41,9927.051530792362,0.9967586640797594,2.5619474196632944e-31
957060,0.0,-7.529600856234377e-41,9927.051530792362,0.9967586640797594,2.560398838989776e-31
957120,0.0,-7.525035298384835e-41,9927.051530792362,0.9967586640797594,2.5588502583162585e-31
957180,0.0,-7.520469740535293e-41,9927.051530792362,0.9967586640797594,2.55730167764274e-31
957240,0.0,-7.51590418268575e-41,9927.051530792362,0.9967586640797594,2.5557530969692218e-31
957300,0.0,-7.511338624836208e-41,9927.051530792362,0.9967586640797594,2.554204516295704e-31
957360,0.0,-7.506773066986666e-41,9927.051530792362,0.9967586640797594,2.5526559356221855e-31
957420,0.0,-7.502207509137124e-41,9927.051530792362,0.9967586640797594,2.5511073549486676e-31
957480,0.0,-7.497641951287583e-41,9927.051530792362,0.9967586640797594,2.5495587742751496e-31
957540,0.0,-7.49307639343804e-41,9927.051530792362,0.9967586640797594,2.5480101936016313e-31
957600,0.0,-7.488510835588498e-41,9927.051530792362,0.9967586640797594,2.546461612928113e-31
957660,0.0,-7.483945277738955e-41,9927.051530792362,0.9967586640797594,2.544913032254595e-31
957720,0.0,-7.479379719889413e-41,9927.051530792362,0.9967586640797594,2.5433644515810766e-31
957780,0.0,-7.474814162039871e-41,9927.051530792362,0.9967586640797594,2.5418158709075587e-31
957840,0.0,-7.470248604190329e-41,9927.051530792362,0.9967586640797594,2.5402672902340408e-31
957900,0.0,-7.465683046340786e-41,9927.051530792362,0.9967586640797594,2.5387187095605224e-31
957960,0.0,-7.461117488491244e-41,9927.051530792362,0.9967586640797594,2.5371701288870045e-31
958020,0.0,-7.456551930641702e-41,9927.051530792362,0.9967586640797594,2.535621548213486e-31
958080,0.0,-7.451986372792159e-41,9927.051530792362,0.9967586640797594,2.5340729675399678e-31
958140,0.0,-7.447420814942618e-41,9927.051530792362,0.9967586640797594,2.5325243868664503e-31
958200,0.0,-7.442855257093076e-41,9927.051530792362,0.9967586640797594,2.530975806192932e-31
958260,0.0,-7.438289699243534e-41,9927.051530792362,0.9967586640797594,2.5294272255194135e-31
958320,0.0,-7.433724141393991e-41,9927.051530792362,0.9967586640797594,2.5278786448458956e-31
958380,0.0,-7.429158583544449e-41,9927.051530792362,0.9967586640797594,2.5263300641723773e-31
958440,0.0,-7.424593025694907e-41,9927.051530792362,0.9967586640797594,2.5247814834988593e-31
958500,0.0,-7.420027467845365e-41,9927.051530792362,0.9967586640797594,2.5232329028253414e-31
958560,0.0,-7.415461909995823e-41,9927.051530792362,0.9967586640797594,2.521684322151823e-31
958620,0.0,-7.41089635214628e-41,9927.051530792362,0.9967586640797594,2.5201357414783047e-31
958680,0.0,-7.406330794296738e-41,9927.051530792362,0.9967586640797594,2.5185871608047868e-31
958740,0.0,-7.401765236447195e-41,9927.051530792362,0.9967586640797594,2.5170385801312684e-31
958800,0.0,-7.397199678597654e-41,9927.051530792362,0.9967586640797594,2.5154899994577505e-31
958860,0.0,-7.392634120748111e-41,9927.051530792362,0.9967586640797594,2.5139414187842325e-31
958920,0.0,-7.38806856289857e-41,9927.051530792362,0.9967586640797594,2.512392838110714e-31
958980,0.0,-7.383503005049027e-41,9927.051530792362,0.9967586640797594,2.5108442574371963e-31
959040,0.0,-7.378937447199485e-41,9927.051530792362,0.9967586640797594,2.509295676763678e-31
959100,0.0,-7.374371889349944e-41,9927.051530792362,0.9967586640797594,2.50774709609016e-31
959160,0.0,-7.369806331500401e-41,9927.051530792362,0.9967586640797594,2.506198515416642e-31
959220,0.0,-7.365240773650859e-41,9927.051530792362,0.9967586640797594,2.5046499347431237e-31
959280,0.0,-7.360675215801316e-41,9927.051530792362,0.9967586640797594,2.5031013540696053e-31
959340,0.0,-7.356109657951774e-41,9927.051530792362,0.9967586640797594,2.5015527733960874e-31
959400,0.0,-7.351544100102231e-41,9927.051530792362,0.9967586640797594,2.500004192722569e-31
959460,0.0,-7.34697854225269e-41,9927.051530792362,0.9967586640797594,2.498455612049051e-31
959520,0.0,-7.342412984403147e-41,9927.051530792362,0.9967586640797594,2.496907031375533e-31
959580,0.0,-7.337847426553605e-41,9927.051530792362,0.9967586640797594,2.495358450702015e-31
959640,0.0,-7.333281868704064e-41,9927.051530792362,0.9967586640797594,2.4938098700284964e-31
959700,0.0,-7.328716310854521e-41,9927.051530792362,0.9967586640797594,2.4922612893549785e-31
959760,0.0,-7.324150753004979e-41,9927.051530792362,0.9967586640797594,2.49071270868146e-31
959820,0.0,-7.319585195155437e-41,9927.051530792362,0.9967586640797594,2.4891641280079422e-31
959880,0.0,-7.315019637305895e-41,9927.051530792362,0.9967586640797594,2.4876155473344243e-31
959940,0.0,-7.310454079456352e-41,9927.051530792362,0.9967586640797594,2.486066966660906e-31
960000,0.0,-7.30588852160681e-41,9927.051530792362,0.9967586640797594,2.484518385987388e-31
960060,0.0,-7.301322963757267e-41,9927.051530792362,0.9967586640797594,2.4829698053138697e-31
960120,0.0,-7.296757405907726e-41,9927.051530792362,0.9967586640797594,2.4814212246403517e-31
960180,0.0,-7.292191848058184e-41,9927.051530792362,0.9967586640797594,2.479872643966834e-31
960240,0.0,-7.287626290208641e-41,9927.051530792362,0.9967586640797594,2.4783240632933154e-31
960300,0.0,-7.283060732359099e-41,9927.051530792362,0.9967586640797594,2.476775482619797e-31
960360,0.0,-7.278495174509556e-41,9927.051530792362,0.9967586640797594,2.475226901946279e-31
960420,0.0,-7.273929616660015e-41,9927.051530792362,0.9967586640797594,2.473678321272761e-31
960480,0.0,-7.269364058810473e-41,9927.051530792362,0.9967586640797594,2.472129740599243e-31
960540,0.0,-7.264798500960931e-41,9927.051530792362,0.9967586640797594,2.470581159925725e-31
960600,0.0,-7.260232943111388e-41,9927.051530792362,0.9967586640797594,2.4690325792522066e-31
960660,0.0,-7.255667385261846e-41,9927.051530792362,0.9967586640797594,2.467483998578688e-31
960720,0.0,-7.251101827412303e-41,9927.051530792362,0.9967586640797594,2.4659354179051703e-31
960780,0.0,-7.246536269562762e-41,9927.051530792362,0.9967586640797594,2.4643868372316524e-31
960840,0.0,-7.24197071171322e-41,9927.051530792362,0.9967586640797594,2.462838256558134e-31
960900,0.0,-7.237405153863677e-41,9927.051530792362,0.9967586640797594,2.461289675884616e-31
960960,0.0,-7.232839596014135e-41,9927.051530792362,0.9967586640797594,2.4597410952110977e-31
961020,0.0,-7.228274038164592e-41,9927.051530792362,0.9967586640797594,2.45819251453758e-31
961080,0.0,-7.22370848031505e-41,9927.051530792362,0.9967586640797594,2.4566439338640614e-31
961140,0.0,-7.219142922465508e-41,9927.051530792362,0.9967586640797594,2.4550953531905435e-31
961200,0.0,-7.214577364615967e-41,9927.051530792362,0.9967586640797594,2.4535467725170256e-31
961260,0.0,-7.210011806766424e-41,9927.051530792362,0.9967586640797594,2.451998191843507e-31
961320,0.0,-7.205446248916882e-41,9927.051530792362,0.9967586640797594,2.450449611169989e-31
961380,0.0,-7.20088069106734e-41,9927.051530792362,0.9967586640797594,2.448901030496471e-31
961440,0.0,-7.196315133217798e-41,9927.051530792362,0.9967586640797594,2.447352449822953e-31
961500,0.0,-7.191749575368256e-41,9927.051530792362,0.9967586640797594,2.4458038691494346e-31
961560,0.0,-7.187184017518713e-41,9927.051530792362,0.9967586640797594,2.4442552884759167e-31
961620,0.0,-7.182618459669171e-41,9927.051530792362,0.9967586640797594,2.4427067078023984e-31
961680,0.0,-7.178052901819628e-41,9927.051530792362,0.9967586640797594,2.4411581271288804e-31
961740,0.0,-7.173487343970086e-41,9927.051530792362,0.9967586640797594,2.439609546455362e-31
961800,0.0,-7.168921786120544e-41,9927.051530792362,0.9967586640797594,2.438060965781844e-31
961860,0.0,-7.164356228271002e-41,9927.051530792362,0.9967586640797594,2.4365123851083258e-31
961920,0.0,-7.159790670421461e-41,9927.051530792362,0.9967586640797594,2.434963804434808e-31
961980,0.0,-7.155225112571918e-41,9927.051530792362,0.9967586640797594,2.4334152237612895e-31
962040,0.0,-7.150659554722376e-41,9927.051530792362,0.9967586640797594,2.4318666430877716e-31
962100,0.0,-7.146093996872833e-41,9927.051530792362,0.9967586640797594,2.430318062414253e-31
962160,0.0,-7.141528439023292e-41,9927.051530792362,0.9967586640797594,2.4287694817407353e-31
962220,0.0,-7.136962881173749e-41,9927.051530792362,0.9967586640797594,2.4272209010672173e-31
962280,0.0,-7.132397323324207e-41,9927.051530792362,0.9967586640797594,2.425672320393699e-31
962340,0.0,-7.127831765474664e-41,9927.051530792362,0.9967586640797594,2.4241237397201806e-31
962400,0.0,-7.123266207625122e-41,9927.051530792362,0.9967586640797594,2.4225751590466627e-31
962460,0.0,-7.118700649775581e-41,9927.051530792362,0.9967586640797594,2.4210265783731448e-31
962520,0.0,-7.114135091926038e-41,9927.051530792362,0.9967586640797594,2.4194779976996264e-31
962580,0.0,-7.109569534076496e-41,9927.051530792362,0.9967586640797594,2.4179294170261085e-31
962640,0.0,-7.105003976226954e-41,9927.051530792362,0.9967586640797594,2.41638083635259e-31
962700,0.0,-7.100438418377412e-41,9927.051530792362,0.9967586640797594,2.414832255679072e-31
962760,0.0,-7.095872860527869e-41,9927.051530792362,0.9967586640797594,2.413283675005554e-31
962820,0.0,-7.091307302678328e-41,9927.051530792362,0.9967586640797594,2.411735094332036e-31
962880,0.0,-7.086741744828785e-41,9927.051530792362,0.9967586640797594,2.4101865136585175e-31
962940,0.0,-7.082176186979243e-41,9927.051530792362,0.9967586640797594,2.4086379329849996e-31
963000,0.0,-7.077610629129701e-41,9927.051530792362,0.9967586640797594,2.4070893523114813e-31
963060,0.0,-7.073045071280158e-41,9927.051530792362,0.9967586640797594,2.4055407716379633e-31
963120,0.0,-7.068479513430617e-41,9927.051530792362,0.9967586640797594,2.4039921909644454e-31
963180,0.0,-7.063913955581074e-41,9927.051530792362,0.9967586640797594,2.402443610290927e-31
963240,0.0,-7.059348397731532e-41,9927.051530792362,0.9967586640797594,2.400895029617409e-31
963300,0.0,-7.054782839881989e-41,9927.051530792362,0.9967586640797594,2.3993464489438908e-31
963360,0.0,-7.050217282032447e-41,9927.051530792362,0.9967586640797594,2.3977978682703724e-31
963420,0.0,-7.045651724182905e-41,9927.051530792362,0.9967586640797594,2.3962492875968545e-31
963480,0.0,-7.041086166333364e-41,9927.051530792362,0.9967586640797594,2.3947007069233365e-31
963540,0.0,-7.036520608483822e-41,9927.051530792362,0.9967586640797594,2.393152126249818e-31
963600,0.0,-7.031955050634279e-41,9927.051530792362,0.9967586640797594,2.3916035455763003e-31
963660,0.0,-7.027389492784737e-41,9927.051530792362,0.9967586640797594,2.390054964902782e-31
963720,0.0,-7.022823934935194e-41,9927.051530792362,0.9967586640797594,2.388506384229264e-31
963780,0.0,-7.018258377085652e-41,9927.051530792362,0.9967586640797594,2.3869578035557456e-31
963840,0.0,-7.01369281923611e-41,9927.051530792362,0.9967586640797594,2.3854092228822277e-31
963900,0.0,-7.009127261386568e-41,9927.051530792362,0.9967586640797594,2.3838606422087093e-31
963960,0.0,-7.004561703537025e-41,9927.051530792362,0.9967586640797594,2.3823120615351914e-31
964020,0.0,-6.999996145687483e-41,9927.051530792362,0.9967586640797594,2.380763480861673e-31
964080,0.0,-6.995430587837941e-41,9927.051530792362,0.9967586640797594,2.379214900188155e-31
964140,0.0,-6.990865029988399e-41,9927.051530792362,0.9967586640797594,2.377666319514637e-31
964200,0.0,-6.986299472138858e-41,9927.051530792362,0.9967586640797594,2.376117738841119e-31
964260,0.0,-6.981733914289315e-41,9927.051530792362,0.9967586640797594,2.374569158167601e-31
964320,0.0,-6.977168356439773e-41,9927.051530792362,0.9967586640797594,2.3730205774940825e-31
964380,0.0,-6.97260279859023e-41,9927.051530792362,0.9967586640797594,2.371471996820564e-31
964440,0.0,-6.968037240740688e-41,9927.051530792362,0.9967586640797594,2.3699234161470462e-31
964500,0.0,-6.963471682891146e-41,9927.051530792362,0.9967586640797594,2.3683748354735283e-31
964560,0.0,-6.958906125041604e-41,9927.051530792362,0.9967586640797594,2.36682625480001e-31
964620,0.0,-6.954340567192062e-41,9927.051530792362,0.9967586640797594,2.365277674126492e-31
964680,0.0,-6.949775009342519e-41,9927.051530792362,0.9967586640797594,2.3637290934529737e-31
964740,0.0,-6.945209451492977e-41,9927.051530792362,0.9967586640797594,2.3621805127794557e-31
964800,0.0,-6.940643893643435e-41,9927.051530792362,0.9967586640797594,2.360631932105938e-31
964860,0.0,-6.936078335793893e-41,9927.051530792362,0.9967586640797594,2.3590833514324194e-31
964920,0.0,-6.931512777944351e-41,9927.051530792362,0.9967586640797594,2.357534770758901e-31
964980,0.0,-6.926947220094809e-41,9927.051530792362,0.9967586640797594,2.355986190085383e-31
965040,0.0,-6.922381662245266e-41,9927.051530792362,0.9967586640797594,2.354437609411865e-31
965100,0.0,-6.917816104395724e-41,9927.051530792362,0.9967586640797594,2.352889028738347e-31
965160,0.0,-6.913250546546183e-41,9927.051530792362,0.9967586640797594,2.351340448064829e-31
965220,0.0,-6.90868498869664e-41,9927.051530792362,0.9967586640797594,2.3497918673913106e-31
965280,0.0,-6.904119430847098e-41,9927.051530792362,0.9967586640797594,2.3482432867177927e-31
965340,0.0,-6.899553872997555e-41,9927.051530792362,0.9967586640797594,2.3466947060442743e-31
965400,0.0,-6.894988315148013e-41,9927.051530792362,0.9967586640797594,2.345146125370756e-31
965460,0.0,-6.890422757298471e-41,9927.051530792362,0.9967586640797594,2.343597544697238e-31
965520,0.0,-6.885857199448929e-41,9927.051530792362,0.9967586640797594,2.34204896402372e-31
965580,0.0,-6.881291641599386e-41,9927.051530792362,0.9967586640797594,2.3405003833502017e-31
965640,0.0,-6.876726083749844e-41,9927.051530792362,0.9967586640797594,2.338951802676684e-31
965700,0.0,-6.872160525900303e-41,9927.051530792362,0.9967586640797594,2.3374032220031654e-31
965760,0.0,-6.86759496805076e-41,9927.051530792362,0.9967586640797594,2.3358546413296475e-31
965820,0.0,-6.863029410201219e-41,9927.051530792362,0.9967586640797594,2.3343060606561296e-31
965880,0.0,-6.858463852351676e-41,9927.051530792362,0.9967586640797594,2.332757479982611e-31
965940,0.0,-6.853898294502134e-41,9927.051530792362,0.9967586640797594,2.331208899309093e-31
966000,0.0,-6.849332736652591e-41,9927.051530792362,0.9967586640797594,2.329660318635575e-31
966060,0.0,-6.844767178803049e-41,9927.051530792362,0.9967586640797594,2.3281117379620566e-31
966120,0.0,-6.840201620953506e-41,9927.051530792362,0.9967586640797594,2.3265631572885386e-31
966180,0.0,-6.835636063103965e-41,9927.051530792362,0.9967586640797594,2.3250145766150207e-31
966240,0.0,-6.831070505254422e-41,9927.051530792362,0.9967586640797594,2.3234659959415024e-31
966300,0.0,-6.82650494740488e-41,9927.051530792362,0.9967586640797594,2.3219174152679844e-31
966360,0.0,-6.821939389555338e-41,9927.051530792362,0.9967586640797594,2.320368834594466e-31
966420,0.0,-6.817373831705796e-41,9927.051530792362,0.9967586640797594,2.3188202539209477e-31
966480,0.0,-6.812808273856255e-41,9927.051530792362,0.9967586640797594,2.3172716732474298e-31
966540,0.0,-6.808242716006712e-41,9927.051530792362,0.9967586640797594,2.315723092573912e-31
966600,0.0,-6.80367715815717e-41,9927.051530792362,0.9967586640797594,2.3141745119003935e-31
966660,0.0,-6.799111600307627e-41,9927.051530792362,0.9967586640797594,2.3126259312268756e-31
966720,0.0,-6.794546042458085e-41,9927.051530792362,0.9967586640797594,2.311077350553357e-31
966780,0.0,-6.789980484608542e-41,9927.051530792362,0.9967586640797594,2.3095287698798393e-31
966840,0.0,-6.785414926759001e-41,9927.051530792362,0.9967586640797594,2.3079801892063213e-31
966900,0.0,-6.780849368909459e-41,9927.051530792362,0.9967586640797594,2.306431608532803e-31
966960,0.0,-6.776283811059916e-41,9927.051530792362,0.9967586640797594,2.3048830278592846e-31
967020,0.0,-6.771718253210374e-41,9927.051530792362,0.9967586640797594,2.3033344471857667e-31
967080,0.0,-6.767152695360831e-41,9927.051530792362,0.9967586640797594,2.3017858665122483e-31
967140,0.0,-6.76258713751129e-41,9927.051530792362,0.9967586640797594,2.3002372858387304e-31
967200,0.0,-6.758021579661748e-41,9927.051530792362,0.9967586640797594,2.2986887051652125e-31
967260,0.0,-6.753456021812206e-41,9927.051530792362,0.9967586640797594,2.297140124491694e-31
967320,0.0,-6.748890463962663e-41,9927.051530792362,0.9967586640797594,2.295591543818176e-31
967380,0.0,-6.744324906113121e-41,9927.051530792362,0.9967586640797594,2.294042963144658e-31
967440,0.0,-6.739759348263579e-41,9927.051530792362,0.9967586640797594,2.2924943824711395e-31
967500,0.0,-6.735193790414037e-41,9927.051530792362,0.9967586640797594,2.2909458017976215e-31
967560,0.0,-6.730628232564495e-41,9927.051530792362,0.9967586640797594,2.2893972211241036e-31
967620,0.0,-6.726062674714952e-41,9927.051530792362,0.9967586640797594,2.2878486404505853e-31
967680,0.0,-6.72149711686541e-41,9927.051530792362,0.9967586640797594,2.2863000597770673e-31
967740,0.0,-6.716931559015867e-41,9927.051530792362,0.9967586640797594,2.284751479103549e-31
967800,0.0,-6.712366001166325e-41,9927.051530792362,0.9967586640797594,2.283202898430031e-31
967860,0.0,-6.707800443316783e-41,9927.051530792362,0.9967586640797594,2.281654317756513e-31
967920,0.0,-6.703234885467242e-41,9927.051530792362,0.9967586640797594,2.2801057370829948e-31
967980,0.0,-6.6986693276177e-41,9927.051530792362,0.9967586640797594,2.2785571564094764e-31
968040,0.0,-6.694103769768157e-41,9927.051530792362,0.9967586640797594,2.2770085757359585e-31
968100,0.0,-6.689538211918615e-41,9927.051530792362,0.9967586640797594,2.27545999506244e-31
968160,0.0,-6.684972654069073e-41,9927.051530792362,0.9967586640797594,2.273911414388922e-31
968220,0.0,-6.680407096219531e-41,9927.051530792362,0.9967586640797594,2.2723628337154043e-31
968280,0.0,-6.675841538369988e-41,9927.051530792362,0.9967586640797594,2.270814253041886e-31
968340,0.0,-6.671275980520446e-41,9927.051530792362,0.9967586640797594,2.269265672368368e-31
968400,0.0,-6.666710422670903e-41,9927.051530792362,0.9967586640797594,2.2677170916948496e-31
968460,0.0,-6.662144864821361e-41,9927.051530792362,0.9967586640797594,2.2661685110213312e-31
968520,0.0,-6.65757930697182e-41,9927.051530792362,0.9967586640797594,2.2646199303478133e-31
968580,0.0,-6.653013749122277e-41,9927.051530792362,0.9967586640797594,2.2630713496742954e-31
968640,0.0,-6.648448191272735e-41,9927.051530792362,0.9967586640797594,2.261522769000777e-31
968700,0.0,-6.643882633423193e-41,9927.051530792362,0.9967586640797594,2.259974188327259e-31
968760,0.0,-6.639317075573651e-41,9927.051530792362,0.9967586640797594,2.2584256076537407e-31
968820,0.0,-6.634751517724109e-41,9927.051530792362,0.9967586640797594,2.256877026980223e-31
968880,0.0,-6.630185959874567e-41,9927.051530792362,0.9967586640797594,2.255328446306705e-31
968940,0.0,-6.625620402025024e-41,9927.051530792362,0.9967586640797594,2.2537798656331865e-31
969000,0.0,-6.621054844175482e-41,9927.051530792362,0.9967586640797594,2.252231284959668e-31
969060,0.0,-6.61648928632594e-41,9927.051530792362,0.9967586640797594,2.2506827042861502e-31
969120,0.0,-6.611923728476397e-41,9927.051530792362,0.9967586640797594,2.249134123612632e-31
969180,0.0,-6.607358170626856e-41,9927.051530792362,0.9967586640797594,2.247585542939114e-31
969240,0.0,-6.602792612777313e-41,9927.051530792362,0.9967586640797594,2.246036962265596e-31
969300,0.0,-6.598227054927771e-41,9927.051530792362,0.9967586640797594,2.2444883815920777e-31
969360,0.0,-6.593661497078228e-41,9927.051530792362,0.9967586640797594,2.2429398009185597e-31
969420,0.0,-6.589095939228687e-41,9927.051530792362,0.9967586640797594,2.2413912202450414e-31
969480,0.0,-6.584530381379145e-41,9927.051530792362,0.9967586640797594,2.2398426395715234e-31
969540,0.0,-6.579964823529603e-41,9927.051530792362,0.9967586640797594,2.238294058898005e-31
969600,0.0,-6.575399265680061e-41,9927.051530792362,0.9967586640797594,2.236745478224487e-31
969660,0.0,-6.570833707830518e-41,9927.051530792362,0.9967586640797594,2.235196897550969e-31
969720,0.0,-6.566268149980976e-41,9927.051530792362,0.9967586640797594,2.233648316877451e-31
969780,0.0,-6.561702592131433e-41,9927.051530792362,0.9967586640797594,2.2320997362039325e-31
969840,0.0,-6.557137034281892e-41,9927.051530792362,0.9967586640797594,2.2305511555304146e-31
969900,0.0,-6.552571476432349e-41,9927.051530792362,0.9967586640797594,2.2290025748568967e-31
969960,0.0,-6.548005918582807e-41,9927.051530792362,0.9967586640797594,2.2274539941833783e-31
970020,0.0,-6.543440360733264e-41,9927.051530792362,0.9967586640797594,2.22590541350986e-31
970080,0.0,-6.538874802883722e-41,9927.051530792362,0.9967586640797594,2.224356832836342e-31
970140,0.0,-6.534309245034181e-41,9927.051530792362,0.9967586640797594,2.2228082521628236e-31
970200,0.0,-6.529743687184639e-41,9927.051530792362,0.9967586640797594,2.2212596714893057e-31
970260,0.0,-6.525178129335097e-41,9927.051530792362,0.9967586640797594,2.219711090815788e-31
970320,0.0,-6.520612571485554e-41,9927.051530792362,0.9967586640797594,2.2181625101422694e-31
970380,0.0,-6.516047013636012e-41,9927.051530792362,0.9967586640797594,2.2166139294687515e-31
970440,0.0,-6.511481455786469e-41,9927.051530792362,0.9967586640797594,2.215065348795233e-31
970500,0.0,-6.506915897936928e-41,9927.051530792362,0.9967586640797594,2.213516768121715e-31
970560,0.0,-6.502350340087385e-41,9927.051530792362,0.9967586640797594,2.211968187448197e-31
970620,0.0,-6.497784782237843e-41,9927.051530792362,0.9967586640797594,2.210419606774679e-31
970680,0.0,-6.4932192243883e-41,9927.051530792362,0.9967586640797594,2.2088710261011606e-31
970740,0.0,-6.488653666538758e-41,9927.051530792362,0.9967586640797594,2.2073224454276426e-31
970800,0.0,-6.484088108689216e-41,9927.051530792362,0.9967586640797594,2.2057738647541243e-31
970860,0.0,-6.479522550839674e-41,9927.051530792362,0.9967586640797594,2.2042252840806064e-31
970920,0.0,-6.474956992990132e-41,9927.051530792362,0.9967586640797594,2.2026767034070884e-31
970980,0.0,-6.47039143514059e-41,9927.051530792362,0.9967586640797594,2.20112812273357e-31
971040,0.0,-6.465825877291048e-41,9927.051530792362,0.9967586640797594,2.1995795420600517e-31
971100,0.0,-6.461260319441505e-41,9927.051530792362,0.9967586640797594,2.1980309613865338e-31
971160,0.0,-6.456694761591964e-41,9927.051530792362,0.9967586640797594,2.196482380713016e-31
971220,0.0,-6.452129203742422e-41,9927.051530792362,0.9967586640797594,2.1949338000394975e-31
971280,0.0,-6.447563645892879e-41,9927.051530792362,0.9967586640797594,2.1933852193659796e-31
971340,0.0,-6.442998088043337e-41,9927.051530792362,0.9967586640797594,2.191836638692461e-31
971400,0.0,-6.438432530193794e-41,9927.051530792362,0.9967586640797594,2.1902880580189433e-31
971460,0.0,-6.433866972344252e-41,9927.051530792362,0.9967586640797594,2.188739477345425e-31
971520,0.0,-6.42930141449471e-41,9927.051530792362,0.9967586640797594,2.187190896671907e-31
971580,0.0,-6.424735856645168e-41,9927.051530792362,0.9967586640797594,2.185642315998389e-31
971640,0.0,-6.420170298795625e-41,9927.051530792362,0.9967586640797594,2.1840937353248707e-31
971700,0.0,-6.415604740946084e-41,9927.051530792362,0.9967586640797594,2.1825451546513523e-31
971760,0.0,-6.411039183096541e-41,9927.051530792362,0.9967586640797594,2.1809965739778344e-31
971820,0.0,-6.406473625246999e-41,9927.051530792362,0.9967586640797594,2.179447993304316e-31
971880,0.0,-6.401908067397458e-41,9927.051530792362,0.9967586640797594,2.177899412630798e-31
971940,0.0,-6.397342509547915e-41,9927.051530792362,0.9967586640797594,2.17635083195728e-31
972000,0.0,-6.392776951698373e-41,9927.051530792362,0.9967586640797594,2.174802251283762e-31
972060,0.0,-6.38821139384883e-41,9927.051530792362,0.9967586640797594,2.1732536706102435e-31
972120,0.0,-6.383645835999288e-41,9927.051530792362,0.9967586640797594,2.1717050899367255e-31
972180,0.0,-6.379080278149746e-41,9927.051530792362,0.9967586640797594,2.1701565092632076e-31
972240,0.0,-6.374514720300204e-41,9927.051530792362,0.9967586640797594,2.1686079285896893e-31
972300,0.0,-6.369949162450661e-41,9927.051530792362,0.9967586640797594,2.1670593479161713e-31
972360,0.0,-6.365383604601119e-41,9927.051530792362,0.9967586640797594,2.165510767242653e-31
972420,0.0,-6.360818046751578e-41,9927.051530792362,0.9967586640797594,2.163962186569135e-31
972480,0.0,-6.356252488902035e-41,9927.051530792362,0.9967586640797594,2.1624136058956167e-31
972540,0.0,-6.351686931052494e-41,9927.051530792362,0.9967586640797594,2.1608650252220988e-31
972600,0.0,-6.347121373202951e-41,9927.051530792362,0.9967586640797594,2.159316444548581e-31
972660,0.0,-6.342555815353409e-41,9927.051530792362,0.9967586640797594,2.1577678638750625e-31
972720,0.0,-6.337990257503866e-41,9927.051530792362,0.9967586640797594,2.156219283201544e-31
972780,0.0,-6.333424699654324e-41,9927.051530792362,0.9967586640797594,2.154670702528026e-31
972840,0.0,-6.328859141804782e-41,9927.051530792362,0.9967586640797594,2.1531221218545083e-31
972900,0.0,-6.32429358395524e-41,9927.051530792362,0.9967586640797594,2.15157354118099e-31
972960,0.0,-6.319728026105698e-41,9927.051530792362,0.9967586640797594,2.150024960507472e-31
973020,0.0,-6.315162468256155e-41,9927.051530792362,0.9967586640797594,2.1484763798339536e-31
973080,0.0,-6.310596910406613e-41,9927.051530792362,0.9967586640797594,2.1469277991604352e-31
973140,0.0,-6.306031352557071e-41,9927.051530792362,0.9967586640797594,2.1453792184869173e-31
973200,0.0,-6.301465794707529e-41,9927.051530792362,0.9967586640797594,2.1438306378133994e-31
973260,0.0,-6.296900236857987e-41,9927.051530792362,0.9967586640797594,2.142282057139881e-31
973320,0.0,-6.292334679008445e-41,9927.051530792362,0.9967586640797594,2.140733476466363e-31
973380,0.0,-6.287769121158902e-41,9927.051530792362,0.9967586640797594,2.1391848957928447e-31
973440,0.0,-6.28320356330936e-41,9927.051530792362,0.9967586640797594,2.137636315119327e-31
973500,0.0,-6.278638005459819e-41,9927.051530792362,0.9967586640797594,2.136087734445809e-31
973560,0.0,-6.274072447610276e-41,9927.051530792362,0.9967586640797594,2.1345391537722905e-31
973620,0.0,-6.269506889760734e-41,9927.051530792362,0.9967586640797594,2.1329905730987726e-31
973680,0.0,-6.264941331911191e-41,9927.051530792362,0.9967586640797594,2.1314419924252542e-31
973740,0.0,-6.260375774061649e-41,9927.051530792362,0.9967586640797594,2.129893411751736e-31
973800,0.0,-6.255810216212106e-41,9927.051530792362,0.9967586640797594,2.128344831078218e-31
973860,0.0,-6.251244658362565e-41,9927.051530792362,0.9967586640797594,2.1267962504047e-31
973920,0.0,-6.246679100513022e-41,9927.051530792362,0.9967586640797594,2.1252476697311817e-31
973980,0.0,-6.242113542663481e-41,9927.051530792362,0.9967586640797594,2.1236990890576637e-31
974040,0.0,-6.237547984813939e-41,9927.051530792362,0.9967586640797594,2.1221505083841454e-31
974100,0.0,-6.232982426964396e-41,9927.051530792362,0.9967586640797594,2.120601927710627e-31
974160,0.0,-6.228416869114854e-41,9927.051530792362,0.9967586640797594,2.119053347037109e-31
974220,0.0,-6.223851311265312e-41,9927.051530792362,0.9967586640797594,2.117504766363591e-31
974280,0.0,-6.21928575341577e-41,9927.051530792362,0.9967586640797594,2.115956185690073e-31
974340,0.0,-6.214720195566227e-41,9927.051530792362,0.9967586640797594,2.114407605016555e-31
974400,0.0,-6.210154637716685e-41,9927.051530792362,0.9967586640797594,2.1128590243430365e-31
974460,0.0,-6.205589079867142e-41,9927.051530792362,0.9967586640797594,2.1113104436695186e-31
974520,0.0,-6.201023522017601e-41,9927.051530792362,0.9967586640797594,2.1097618629960007e-31
974580,0.0,-6.196457964168059e-41,9927.051530792362,0.9967586640797594,2.1082132823224823e-31
974640,0.0,-6.191892406318516e-41,9927.051530792362,0.9967586640797594,2.1066647016489644e-31
974700,0.0,-6.187326848468975e-41,9927.051530792362,0.9967586640797594,2.105116120975446e-31
974760,0.0,-6.182761290619432e-41,9927.051530792362,0.9967586640797594,2.1035675403019276e-31
974820,0.0,-6.17819573276989e-41,9927.051530792362,0.9967586640797594,2.1020189596284097e-31
974880,0.0,-6.173630174920348e-41,9927.051530792362,0.9967586640797594,2.100470378954892e-31
974940,0.0,-6.169064617070806e-41,9927.051530792362,0.9967586640797594,2.0989217982813734e-31
975000,0.0,-6.164499059221263e-41,9927.051530792362,0.9967586640797594,2.0973732176078555e-31
975060,0.0,-6.159933501371721e-41,9927.051530792362,0.9967586640797594,2.095824636934337e-31
975120,0.0,-6.155367943522179e-41,9927.051530792362,0.9967586640797594,2.0942760562608188e-31
975180,0.0,-6.150802385672637e-41,9927.051530792362,0.9967586640797594,2.0927274755873013e-31
975240,0.0,-6.146236827823095e-41,9927.051530792362,0.9967586640797594,2.091178894913783e-31
975300,0.0,-6.141671269973552e-41,9927.051530792362,0.9967586640797594,2.0896303142402646e-31
975360,0.0,-6.13710571212401e-41,9927.051530792362,0.9967586640797594,2.0880817335667466e-31
975420,0.0,-6.132540154274468e-41,9927.051530792362,0.9967586640797594,2.0865331528932283e-31
975480,0.0,-6.127974596424926e-41,9927.051530792362,0.9967586640797594,2.0849845722197104e-31
975540,0.0,-6.123409038575384e-41,9927.051530792362,0.9967586640797594,2.0834359915461924e-31
975600,0.0,-6.118843480725842e-41,9927.051530792362,0.9967586640797594,2.081887410872674e-31
975660,0.0,-6.1142779228763e-41,9927.051530792362,0.9967586640797594,2.080338830199156e-31
975720,0.0,-6.109712365026757e-41,9927.051530792362,0.9967586640797594,2.0787902495256378e-31
975780,0.0,-6.105146807177215e-41,9927.051530792362,0.9967586640797594,2.0772416688521194e-31
975840,0.0,-6.100581249327673e-41,9927.051530792362,0.9967586640797594,2.0756930881786015e-31
975900,0.0,-6.096015691478131e-41,9927.051530792362,0.9967586640797594,2.0741445075050836e-31
975960,0.0,-6.091450133628588e-41,9927.051530792362,0.9967586640797594,2.072595926831565e-31
976020,0.0,-6.086884575779046e-41,9927.051530792362,0.9967586640797594,2.0710473461580473e-31
976080,0.0,-6.082319017929503e-41,9927.051530792362,0.9967586640797594,2.069498765484529e-31
976140,0.0,-6.077753460079962e-41,9927.051530792362,0.9967586640797594,2.0679501848110105e-31
976200,0.0,-6.07318790223042e-41,9927.051530792362,0.9967586640797594,2.066401604137493e-31
976260,0.0,-6.068622344380878e-41,9927.051530792362,0.9967586640797594,2.0648530234639747e-31
976320,0.0,-6.064056786531336e-41,9927.051530792362,0.9967586640797594,2.0633044427904563e-31
976380,0.0,-6.059491228681793e-41,9927.051530792362,0.9967586640797594,2.0617558621169384e-31
976440,0.0,-6.054925670832251e-41,9927.051530792362,0.9967586640797594,2.06020728144342e-31
976500,0.0,-6.050360112982708e-41,9927.051530792362,0.9967586640797594,2.058658700769902e-31
976560,0.0,-6.045794555133167e-41,9927.051530792362,0.9967586640797594,2.057110120096384e-31
976620,0.0,-6.041228997283624e-41,9927.051530792362,0.9967586640797594,2.055561539422866e-31
976680,0.0,-6.036663439434082e-41,9927.051530792362,0.9967586640797594,2.054012958749348e-31
976740,0.0,-6.03209788158454e-41,9927.051530792362,0.9967586640797594,2.0524643780758295e-31
976800,0.0,-6.027532323734997e-41,9927.051530792362,0.9967586640797594,2.050915797402311e-31
976860,0.0,-6.022966765885456e-41,9927.051530792362,0.9967586640797594,2.0493672167287933e-31
976920,0.0,-6.018401208035913e-41,9927.051530792362,0.9967586640797594,2.0478186360552753e-31
976980,0.0,-6.013835650186372e-41,9927.051530792362,0.9967586640797594,2.046270055381757e-31
977040,0.0,-6.009270092336829e-41,9927.051530792362,0.9967586640797594,2.044721474708239e-31
977100,0.0,-6.004704534487287e-41,9927.051530792362,0.9967586640797594,2.0431728940347207e-31
977160,0.0,-6.000138976637744e-41,9927.051530792362,0.9967586640797594,2.0416243133612023e-31
977220,0.0,-5.995573418788203e-41,9927.051530792362,0.9967586640797594,2.040075732687685e-31
977280,0.0,-5.99100786093866e-41,9927.051530792362,0.9967586640797594,2.0385271520141665e-31
977340,0.0,-5.986442303089118e-41,9927.051530792362,0.9967586640797594,2.036978571340648e-31
977400,0.0,-5.981876745239576e-41,9927.051530792362,0.9967586640797594,2.03542999066713e-31
977460,0.0,-5.977311187390033e-41,9927.051530792362,0.9967586640797594,2.033881409993612e-31
977520,0.0,-5.972745629540492e-41,9927.051530792362,0.9967586640797594,2.032332829320094e-31
977580,0.0,-5.968180071690949e-41,9927.051530792362,0.9967586640797594,2.030784248646576e-31
977640,0.0,-5.963614513841407e-41,9927.051530792362,0.9967586640797594,2.0292356679730576e-31
977700,0.0,-5.959048955991865e-41,9927.051530792362,0.9967586640797594,2.0276870872995397e-31
977760,0.0,-5.954483398142323e-41,9927.051530792362,0.9967586640797594,2.0261385066260213e-31
977820,0.0,-5.94991784029278e-41,9927.051530792362,0.9967586640797594,2.024589925952503e-31
977880,0.0,-5.945352282443239e-41,9927.051530792362,0.9967586640797594,2.023041345278985e-31
977940,0.0,-5.940786724593697e-41,9927.051530792362,0.9967586640797594,2.021492764605467e-31
978000,0.0,-5.936221166744154e-41,9927.051530792362,0.9967586640797594,2.0199441839319487e-31
978060,0.0,-5.931655608894612e-41,9927.051530792362,0.9967586640797594,2.018395603258431e-31
978120,0.0,-5.927090051045069e-41,9927.051530792362,0.9967586640797594,2.0168470225849124e-31
978180,0.0,-5.922524493195527e-41,9927.051530792362,0.9967586640797594,2.015298441911394e-31
978240,0.0,-5.917958935345985e-41,9927.051530792362,0.9967586640797594,2.0137498612378766e-31
978300,0.0,-5.913393377496443e-41,9927.051530792362,0.9967586640797594,2.0122012805643582e-31
978360,0.0,-5.9088278196469e-41,9927.051530792362,0.9967586640797594,2.01065269989084e-31
978420,0.0,-5.904262261797359e-41,9927.051530792362,0.9967586640797594,2.009104119217322e-31
978480,0.0,-5.899696703947817e-41,9927.051530792362,0.9967586640797594,2.0075555385438036e-31
978540,0.0,-5.895131146098275e-41,9927.051530792362,0.9967586640797594,2.0060069578702857e-31
978600,0.0,-5.890565588248733e-41,9927.051530792362,0.9967586640797594,2.0044583771967677e-31
978660,0.0,-5.88600003039919e-41,9927.051530792362,0.9967586640797594,2.0029097965232494e-31
978720,0.0,-5.881434472549648e-41,9927.051530792362,0.9967586640797594,2.0013612158497314e-31
978780,0.0,-5.876868914700105e-41,9927.051530792362,0.9967586640797594,1.999812635176213e-31
978840,0.0,-5.872303356850563e-41,9927.051530792362,0.9967586640797594,1.9982640545026947e-31
978900,0.0,-5.867737799001021e-41,9927.051530792362,0.9967586640797594,1.996715473829177e-31
978960,0.0,-5.863172241151479e-41,9927.051530792362,0.9967586640797594,1.995166893155659e-31
979020,0.0,-5.858606683301937e-41,9927.051530792362,0.9967586640797594,1.9936183124821405e-31
979080,0.0,-5.854041125452394e-41,9927.051530792362,0.9967586640797594,1.9920697318086226e-31
979140,0.0,-5.849475567602853e-41,9927.051530792362,0.9967586640797594,1.990521151135104e-31
979200,0.0,-5.84491000975331e-41,9927.051530792362,0.9967586640797594,1.9889725704615863e-31
979260,0.0,-5.840344451903769e-41,9927.051530792362,0.9967586640797594,1.9874239897880684e-31
979320,0.0,-5.835778894054226e-41,9927.051530792362,0.9967586640797594,1.98587540911455e-31
979380,0.0,-5.831213336204684e-41,9927.051530792362,0.9967586640797594,1.9843268284410316e-31
979440,0.0,-5.826647778355141e-41,9927.051530792362,0.9967586640797594,1.9827782477675137e-31
979500,0.0,-5.822082220505599e-41,9927.051530792362,0.9967586640797594,1.9812296670939954e-31
979560,0.0,-5.817516662656058e-41,9927.051530792362,0.9967586640797594,1.9796810864204774e-31
979620,0.0,-5.812951104806515e-41,9927.051530792362,0.9967586640797594,1.978132505746959e-31
979680,0.0,-5.808385546956973e-41,9927.051530792362,0.9967586640797594,1.976583925073441e-31
979740,0.0,-5.80381998910743e-41,9927.051530792362,0.9967586640797594,1.975035344399923e-31
979800,0.0,-5.799254431257888e-41,9927.051530792362,0.9967586640797594,1.973486763726405e-31
979860,0.0,-5.794688873408346e-41,9927.051530792362,0.9967586640797594,1.971938183052887e-31
979920,0.0,-5.790123315558804e-41,9927.051530792362,0.9967586640797594,1.9703896023793688e-31
979980,0.0,-5.785557757709262e-41,9927.051530792362,0.9967586640797594,1.9688410217058506e-31
980040,0.0,-5.78099219985972e-41,9927.051530792362,0.9967586640797594,1.9672924410323325e-31
980100,0.0,-5.776426642010178e-41,9927.051530792362,0.9967586640797594,1.9657438603588141e-31
980160,0.0,-5.771861084160635e-41,9927.051530792362,0.9967586640797594,1.964195279685296e-31
980220,0.0,-5.767295526311094e-41,9927.051530792362,0.9967586640797594,1.962646699011778e-31
980280,0.0,-5.762729968461551e-41,9927.051530792362,0.9967586640797594,1.96109811833826e-31
980340,0.0,-5.758164410612009e-41,9927.051530792362,0.9967586640797594,1.9595495376647418e-31
980400,0.0,-5.753598852762466e-41,9927.051530792362,0.9967586640797594,1.9580009569912236e-31
980460,0.0,-5.749033294912924e-41,9927.051530792362,0.9967586640797594,1.9564523763177055e-31
980520,0.0,-5.744467737063381e-41,9927.051530792362,0.9967586640797594,1.9549037956441871e-31
980580,0.0,-5.73990217921384e-41,9927.051530792362,0.9967586640797594,1.9533552149706694e-31
980640,0.0,-5.735336621364298e-41,9927.051530792362,0.9967586640797594,1.951806634297151e-31
980700,0.0,-5.730771063514756e-41,9927.051530792362,0.9967586640797594,1.950258053623633e-31
980760,0.0,-5.726205505665214e-41,9927.051530792362,0.9967586640797594,1.9487094729501148e-31
980820,0.0,-5.721639947815671e-41,9927.051530792362,0.9967586640797594,1.9471608922765966e-31
980880,0.0,-5.71707438996613e-41,9927.051530792362,0.9967586640797594,1.9456123116030787e-31
980940,0.0,-5.712508832116587e-41,9927.051530792362,0.9967586640797594,1.9440637309295606e-31
981000,0.0,-5.707943274267045e-41,9927.051530792362,0.9967586640797594,1.9425151502560424e-31
981060,0.0,-5.703377716417502e-41,9927.051530792362,0.9967586640797594,1.9409665695825243e-31
981120,0.0,-5.69881215856796e-41,9927.051530792362,0.9967586640797594,1.939417988909006e-31
981180,0.0,-5.694246600718418e-41,9927.051530792362,0.9967586640797594,1.9378694082354878e-31
981240,0.0,-5.689681042868876e-41,9927.051530792362,0.9967586640797594,1.9363208275619698e-31
981300,0.0,-5.685115485019334e-41,9927.051530792362,0.9967586640797594,1.9347722468884517e-31
981360,0.0,-5.680549927169791e-41,9927.051530792362,0.9967586640797594,1.9332236662149335e-31
981420,0.0,-5.67598436932025e-41,9927.051530792362,0.9967586640797594,1.9316750855414154e-31
981480,0.0,-5.671418811470707e-41,9927.051530792362,0.9967586640797594,1.9301265048678973e-31
981540,0.0,-5.666853253621166e-41,9927.051530792362,0.9967586640797594,1.9285779241943793e-31
981600,0.0,-5.662287695771623e-41,9927.051530792362,0.9967586640797594,1.9270293435208612e-31
981660,0.0,-5.657722137922081e-41,9927.051530792362,0.9967586640797594,1.9254807628473428e-31
981720,0.0,-5.653156580072539e-41,9927.051530792362,0.9967586640797594,1.9239321821738247e-31
981780,0.0,-5.648591022222996e-41,9927.051530792362,0.9967586640797594,1.9223836015003065e-31
981840,0.0,-5.644025464373454e-41,9927.051530792362,0.9967586640797594,1.9208350208267884e-31
981900,0.0,-5.639459906523912e-41,9927.051530792362,0.9967586640797594,1.9192864401532705e-31
981960,0.0,-5.63489434867437e-41,9927.051530792362,0.9967586640797594,1.9177378594797523e-31
982020,0.0,-5.630328790824827e-41,9927.051530792362,0.9967586640797594,1.9161892788062342e-31
982080,0.0,-5.625763232975285e-41,9927.051530792362,0.9967586640797594,1.914640698132716e-31
982140,0.0,-5.621197675125743e-41,9927.051530792362,0.9967586640797594,1.9130921174591977e-31
982200,0.0,-5.616632117276201e-41,9927.051530792362,0.9967586640797594,1.9115435367856795e-31
982260,0.0,-5.61206655942666e-41,9927.051530792362,0.9967586640797594,1.9099949561121616e-31
982320,0.0,-5.607501001577117e-41,9927.051530792362,0.9967586640797594,1.9084463754386435e-31
982380,0.0,-5.602935443727575e-41,9927.051530792362,0.9967586640797594,1.9068977947651253e-31
982440,0.0,-5.598369885878032e-41,9927.051530792362,0.9967586640797594,1.9053492140916072e-31
982500,0.0,-5.59380432802849e-41,9927.051530792362,0.9967586640797594,1.903800633418089e-31
982560,0.0,-5.589238770178948e-41,9927.051530792362,0.9967586640797594,1.902252052744571e-31
982620,0.0,-5.584673212329406e-41,9927.051530792362,0.9967586640797594,1.900703472071053e-31
982680,0.0,-5.580107654479863e-41,9927.051530792362,0.9967586640797594,1.8991548913975346e-31
982740,0.0,-5.575542096630321e-41,9927.051530792362,0.9967586640797594,1.8976063107240164e-31
982800,0.0,-5.570976538780778e-41,9927.051530792362,0.9967586640797594,1.8960577300504983e-31
982860,0.0,-5.566410980931236e-41,9927.051530792362,0.9967586640797594,1.8945091493769802e-31
982920,0.0,-5.561845423081695e-41,9927.051530792362,0.9967586640797594,1.8929605687034622e-31
982980,0.0,-5.557279865232153e-41,9927.051530792362,0.9967586640797594,1.891411988029944e-31
983040,0.0,-5.552714307382611e-41,9927.051530792362,0.9967586640797594,1.889863407356426e-31
983100,0.0,-5.548148749533068e-41,9927.051530792362,0.9967586640797594,1.8883148266829078e-31
983160,0.0,-5.543583191683526e-41,9927.051530792362,0.9967586640797594,1.8867662460093894e-31
983220,0.0,-5.539017633833984e-41,9927.051530792362,0.9967586640797594,1.8852176653358717e-31
983280,0.0,-5.534452075984442e-41,9927.051530792362,0.9967586640797594,1.8836690846623534e-31
983340,0.0,-5.529886518134899e-41,9927.051530792362,0.9967586640797594,1.8821205039888352e-31
983400,0.0,-5.525320960285357e-41,9927.051530792362,0.9967586640797594,1.880571923315317e-31
983460,0.0,-5.520755402435815e-41,9927.051530792362,0.9967586640797594,1.879023342641799e-31
983520,0.0,-5.516189844586272e-41,9927.051530792362,0.9967586640797594,1.8774747619682808e-31
983580,0.0,-5.511624286736731e-41,9927.051530792362,0.9967586640797594,1.8759261812947629e-31
983640,0.0,-5.507058728887188e-41,9927.051530792362,0.9967586640797594,1.8743776006212447e-31
983700,0.0,-5.502493171037647e-41,9927.051530792362,0.9967586640797594,1.8728290199477264e-31
983760,0.0,-5.497927613188104e-41,9927.051530792362,0.9967586640797594,1.8712804392742082e-31
983820,0.0,-5.493362055338562e-41,9927.051530792362,0.9967586640797594,1.86973185860069e-31
983880,0.0,-5.48879649748902e-41,9927.051530792362,0.9967586640797594,1.8681832779271721e-31
983940,0.0,-5.484230939639478e-41,9927.051530792362,0.9967586640797594,1.866634697253654e-31
984000,0.0,-5.479665381789936e-41,9927.051530792362,0.9967586640797594,1.8650861165801359e-31
984060,0.0,-5.475099823940393e-41,9927.051530792362,0.9967586640797594,1.8635375359066177e-31
984120,0.0,-5.470534266090851e-41,9927.051530792362,0.9967586640797594,1.8619889552330996e-31
984180,0.0,-5.465968708241308e-41,9927.051530792362,0.9967586640797594,1.8604403745595812e-31
984240,0.0,-5.461403150391767e-41,9927.051530792362,0.9967586640797594,1.8588917938860635e-31
984300,0.0,-5.456837592542224e-41,9927.051530792362,0.9967586640797594,1.8573432132125451e-31
984360,0.0,-5.452272034692682e-41,9927.051530792362,0.9967586640797594,1.855794632539027e-31
984420,0.0,-5.44770647684314e-41,9927.051530792362,0.9967586640797594,1.8542460518655089e-31
984480,0.0,-5.443140918993598e-41,9927.051530792362,0.9967586640797594,1.8526974711919907e-31
984540,0.0,-5.438575361144056e-41,9927.051530792362,0.9967586640797594,1.8511488905184726e-31
984600,0.0,-5.434009803294514e-41,9927.051530792362,0.9967586640797594,1.8496003098449546e-31
984660,0.0,-5.429444245444972e-41,9927.051530792362,0.9967586640797594,1.8480517291714365e-31
984720,0.0,-5.424878687595429e-41,9927.051530792362,0.9967586640797594,1.8465031484979181e-31
984780,0.0,-5.420313129745887e-41,9927.051530792362,0.9967586640797594,1.8449545678244e-31
984840,0.0,-5.415747571896344e-41,9927.051530792362,0.9967586640797594,1.8434059871508818e-31
984900,0.0,-5.411182014046803e-41,9927.051530792362,0.9967586640797594,1.841857406477364e-31
984960,0.0,-5.40661645619726e-41,9927.051530792362,0.9967586640797594,1.8403088258038458e-31
985020,0.0,-5.402050898347718e-41,9927.051530792362,0.9967586640797594,1.8387602451303276e-31
985080,0.0,-5.397485340498176e-41,9927.051530792362,0.9967586640797594,1.8372116644568095e-31
985140,0.0,-5.392919782648634e-41,9927.051530792362,0.9967586640797594,1.8356630837832913e-31
985200,0.0,-5.388354224799092e-41,9927.051530792362,0.9967586640797594,1.834114503109773e-31
985260,0.0,-5.38378866694955e-41,9927.051530792362,0.9967586640797594,1.8325659224362553e-31
985320,0.0,-5.379223109100008e-41,9927.051530792362,0.9967586640797594,1.831017341762737e-31
985380,0.0,-5.374657551250465e-41,9927.051530792362,0.9967586640797594,1.8294687610892188e-31
985440,0.0,-5.370091993400923e-41,9927.051530792362,0.9967586640797594,1.8279201804157006e-31
985500,0.0,-5.36552643555138e-41,9927.051530792362,0.9967586640797594,1.8263715997421825e-31
985560,0.0,-5.360960877701839e-41,9927.051530792362,0.9967586640797594,1.8248230190686646e-31
985620,0.0,-5.356395319852297e-41,9927.051530792362,0.9967586640797594,1.8232744383951464e-31
985680,0.0,-5.351829762002754e-41,9927.051530792362,0.9967586640797594,1.8217258577216283e-31
985740,0.0,-5.347264204153212e-41,9927.051530792362,0.9967586640797594,1.8201772770481101e-31
985800,0.0,-5.342698646303669e-41,9927.051530792362,0.9967586640797594,1.8186286963745918e-31
985860,0.0,-5.338133088454127e-41,9927.051530792362,0.9967586640797594,1.8170801157010736e-31
985920,0.0,-5.333567530604585e-41,9927.051530792362,0.9967586640797594,1.8155315350275557e-31
985980,0.0,-5.329001972755044e-41,9927.051530792362,0.9967586640797594,1.8139829543540375e-31
986040,0.0,-5.324436414905501e-41,9927.051530792362,0.9967586640797594,1.8124343736805194e-31
986100,0.0,-5.319870857055959e-41,9927.051530792362,0.9967586640797594,1.8108857930070013e-31
986160,0.0,-5.315305299206417e-41,9927.051530792362,0.9967586640797594,1.8093372123334831e-31
986220,0.0,-5.310739741356875e-41,9927.051530792362,0.9967586640797594,1.8077886316599652e-31
986280,0.0,-5.306174183507333e-41,9927.051530792362,0.9967586640797594,1.806240050986447e-31
986340,0.0,-5.30160862565779e-41,9927.051530792362,0.9967586640797594,1.8046914703129287e-31
986400,0.0,-5.297043067808248e-41,9927.051530792362,0.9967586640797594,1.8031428896394105e-31
986460,0.0,-5.292477509958705e-41,9927.051530792362,0.9967586640797594,1.8015943089658924e-31
986520,0.0,-5.287911952109163e-41,9927.051530792362,0.9967586640797594,1.8000457282923742e-31
986580,0.0,-5.283346394259621e-41,9927.051530792362,0.9967586640797594,1.7984971476188563e-31
986640,0.0,-5.278780836410079e-41,9927.051530792362,0.9967586640797594,1.7969485669453382e-31
986700,0.0,-5.274215278560538e-41,9927.051530792362,0.9967586640797594,1.79539998627182e-31
986760,0.0,-5.269649720710995e-41,9927.051530792362,0.9967586640797594,1.7938514055983019e-31
986820,0.0,-5.265084162861453e-41,9927.051530792362,0.9967586640797594,1.7923028249247835e-31
986880,0.0,-5.26051860501191e-41,9927.051530792362,0.9967586640797594,1.7907542442512654e-31
986940,0.0,-5.255953047162369e-41,9927.051530792362,0.9967586640797594,1.7892056635777475e-31
987000,0.0,-5.251387489312826e-41,9927.051530792362,0.9967586640797594,1.7876570829042293e-31
987060,0.0,-5.246821931463284e-41,9927.051530792362,0.9967586640797594,1.7861085022307112e-31
987120,0.0,-5.242256373613741e-41,9927.051530792362,0.9967586640797594,1.784559921557193e-31
987180,0.0,-5.237690815764199e-41,9927.051530792362,0.9967586640797594,1.7830113408836749e-31
987240,0.0,-5.233125257914658e-41,9927.051530792362,0.9967586640797594,1.781462760210157e-31
987300,0.0,-5.228559700065115e-41,9927.051530792362,0.9967586640797594,1.7799141795366388e-31
987360,0.0,-5.223994142215573e-41,9927.051530792362,0.9967586640797594,1.7783655988631204e-31
987420,0.0,-5.219428584366031e-41,9927.051530792362,0.9967586640797594,1.7768170181896023e-31
987480,0.0,-5.214863026516489e-41,9927.051530792362,0.9967586640797594,1.7752684375160842e-31
987540,0.0,-5.210297468666946e-41,9927.051530792362,0.9967586640797594,1.773719856842566e-31
987600,0.0,-5.205731910817405e-41,9927.051530792362,0.9967586640797594,1.772171276169048e-31
987660,0.0,-5.201166352967862e-41,9927.051530792362,0.9967586640797594,1.77062269549553e-31
987720,0.0,-5.19660079511832e-41,9927.051530792362,0.9967586640797594,1.7690741148220118e-31
987780,0.0,-5.192035237268777e-41,9927.051530792362,0.9967586640797594,1.7675255341484937e-31
987840,0.0,-5.187469679419235e-41,9927.051530792362,0.9967586640797594,1.7659769534749753e-31
987900,0.0,-5.182904121569694e-41,9927.051530792362,0.9967586640797594,1.7644283728014576e-31
987960,0.0,-5.178338563720151e-41,9927.051530792362,0.9967586640797594,1.7628797921279392e-31
988020,0.0,-5.173773005870609e-41,9927.051530792362,0.9967586640797594,1.761331211454421e-31
988080,0.0,-5.169207448021066e-41,9927.051530792362,0.9967586640797594,1.759782630780903e-31
988140,0.0,-5.164641890171524e-41,9927.051530792362,0.9967586640797594,1.7582340501073848e-31
988200,0.0,-5.160076332321982e-41,9927.051530792362,0.9967586640797594,1.7566854694338666e-31
988260,0.0,-5.155510774472441e-41,9927.051530792362,0.9967586640797594,1.7551368887603487e-31
988320,0.0,-5.150945216622898e-41,9927.051530792362,0.9967586640797594,1.7535883080868306e-31
988380,0.0,-5.146379658773356e-41,9927.051530792362,0.9967586640797594,1.7520397274133122e-31
988440,0.0,-5.141814100923814e-41,9927.051530792362,0.9967586640797594,1.750491146739794e-31
988500,0.0,-5.137248543074271e-41,9927.051530792362,0.9967586640797594,1.748942566066276e-31
988560,0.0,-5.132682985224729e-41,9927.051530792362,0.9967586640797594,1.7473939853927578e-31
988620,0.0,-5.128117427375187e-41,9927.051530792362,0.9967586640797594,1.7458454047192399e-31
988680,0.0,-5.123551869525645e-41,9927.051530792362,0.9967586640797594,1.7442968240457217e-31
988740,0.0,-5.118986311676102e-41,9927.051530792362,0.9967586640797594,1.7427482433722036e-31
988800,0.0,-5.11442075382656e-41,9927.051530792362,0.9967586640797594,1.7411996626986854e-31
988860,0.0,-5.109855195977017e-41,9927.051530792362,0.9967586640797594,1.739651082025167e-31
988920,0.0,-5.105289638127476e-41,9927.051530792362,0.9967586640797594,1.7381025013516494e-31
988980,0.0,-5.100724080277935e-41,9927.051530792362,0.9967586640797594,1.736553920678131e-31
989040,0.0,-5.096158522428392e-41,9927.051530792362,0.9967586640797594,1.7350053400046129e-31
989100,0.0,-5.09159296457885e-41,9927.051530792362,0.9967586640797594,1.7334567593310947e-31
989160,0.0,-5.087027406729307e-41,9927.051530792362,0.9967586640797594,1.7319081786575766e-31
989220,0.0,-5.082461848879765e-41,9927.051530792362,0.9967586640797594,1.7303595979840584e-31
989280,0.0,-5.077896291030223e-41,9927.051530792362,0.9967586640797594,1.7288110173105405e-31
989340,0.0,-5.073330733180681e-41,9927.051530792362,0.9967586640797594,1.7272624366370223e-31
989400,0.0,-5.068765175331138e-41,9927.051530792362,0.9967586640797594,1.725713855963504e-31
989460,0.0,-5.064199617481596e-41,9927.051530792362,0.9967586640797594,1.7241652752899858e-31
989520,0.0,-5.059634059632054e-41,9927.051530792362,0.9967586640797594,1.7226166946164677e-31
989580,0.0,-5.055068501782512e-41,9927.051530792362,0.9967586640797594,1.7210681139429498e-31
989640,0.0,-5.05050294393297e-41,9927.051530792362,0.9967586640797594,1.7195195332694316e-31
989700,0.0,-5.045937386083428e-41,9927.051530792362,0.9967586640797594,1.7179709525959135e-31
989760,0.0,-5.041371828233886e-41,9927.051530792362,0.9967586640797594,1.7164223719223953e-31
989820,0.0,-5.036806270384343e-41,9927.051530792362,0.9967586640797594,1.7148737912488772e-31
989880,0.0,-5.032240712534801e-41,9927.051530792362,0.9967586640797594,1.7133252105753588e-31
989940,0.0,-5.027675154685259e-41,9927.051530792362,0.9967586640797594,1.7117766299018411e-31
990000,0.0,-5.023109596835717e-41,9927.051530792362,0.9967586640797594,1.7102280492283228e-31
990060,0.0,-5.018544038986175e-41,9927.051530792362,0.9967586640797594,1.7086794685548046e-31
990120,0.0,-5.013978481136632e-41,9927.051530792362,0.9967586640797594,1.7071308878812865e-31
990180,0.0,-5.00941292328709e-41,9927.051530792362,0.9967586640797594,1.7055823072077683e-31
990240,0.0,-5.004847365437548e-41,9927.051530792362,0.9967586640797594,1.7040337265342504e-31
990300,0.0,-5.000281807588006e-41,9927.051530792362,0.9967586640797594,1.7024851458607323e-31
990360,0.0,-4.995716249738463e-41,9927.051530792362,0.9967586640797594,1.7009365651872141e-31
990420,0.0,-4.991150691888922e-41,9927.051530792362,0.9967586640797594,1.6993879845136958e-31
990480,0.0,-4.986585134039379e-41,9927.051530792362,0.9967586640797594,1.6978394038401776e-31
990540,0.0,-4.982019576189837e-41,9927.051530792362,0.9967586640797594,1.6962908231666595e-31
990600,0.0,-4.977454018340296e-41,9927.051530792362,0.9967586640797594,1.6947422424931415e-31
990660,0.0,-4.972888460490753e-41,9927.051530792362,0.9967586640797594,1.6931936618196234e-31
990720,0.0,-4.968322902641211e-41,9927.051530792362,0.9967586640797594,1.6916450811461053e-31
990780,0.0,-4.963757344791668e-41,9927.051530792362,0.9967586640797594,1.6900965004725871e-31
990840,0.0,-4.959191786942126e-41,9927.051530792362,0.9967586640797594,1.688547919799069e-31
990900,0.0,-4.954626229092583e-41,9927.051530792362,0.9967586640797594,1.6869993391255506e-31
990960,0.0,-4.950060671243042e-41,9927.051530792362,0.9967586640797594,1.685450758452033e-31
991020,0.0,-4.945495113393499e-41,9927.051530792362,0.9967586640797594,1.6839021777785145e-31
991080,0.0,-4.940929555543957e-41,9927.051530792362,0.9967586640797594,1.6823535971049964e-31
991140,0.0,-4.936363997694415e-41,9927.051530792362,0.9967586640797594,1.6808050164314782e-31
991200,0.0,-4.931798439844873e-41,9927.051530792362,0.9967586640797594,1.67925643575796e-31
991260,0.0,-4.927232881995332e-41,9927.051530792362,0.9967586640797594,1.6777078550844422e-31
991320,0.0,-4.922667324145789e-41,9927.051530792362,0.9967586640797594,1.676159274410924e-31
991380,0.0,-4.918101766296247e-41,9927.051530792362,0.9967586640797594,1.6746106937374059e-31
991440,0.0,-4.913536208446704e-41,9927.051530792362,0.9967586640797594,1.6730621130638875e-31
991500,0.0,-4.908970650597162e-41,9927.051530792362,0.9967586640797594,1.6715135323903694e-31
991560,0.0,-4.904405092747619e-41,9927.051530792362,0.9967586640797594,1.6699649517168512e-31
991620,0.0,-4.899839534898078e-41,9927.051530792362,0.9967586640797594,1.6684163710433333e-31
991680,0.0,-4.895273977048536e-41,9927.051530792362,0.9967586640797594,1.6668677903698152e-31
991740,0.0,-4.890708419198993e-41,9927.051530792362,0.9967586640797594,1.665319209696297e-31
991800,0.0,-4.886142861349451e-41,9927.051530792362,0.9967586640797594,1.6637706290227789e-31
991860,0.0,-4.881577303499908e-41,9927.051530792362,0.9967586640797594,1.6622220483492607e-31
991920,0.0,-4.877011745650367e-41,9927.051530792362,0.9967586640797594,1.6606734676757428e-31
991980,0.0,-4.872446187800825e-41,9927.051530792362,0.9967586640797594,1.6591248870022247e-31
992040,0.0,-4.867880629951283e-41,9927.051530792362,0.9967586640797594,1.6575763063287063e-31
992100,0.0,-4.86331507210174e-41,9927.051530792362,0.9967586640797594,1.6560277256551882e-31
992160,0.0,-4.858749514252198e-41,9927.051530792362,0.9967586640797594,1.65447914498167e-31
992220,0.0,-4.854183956402656e-41,9927.051530792362,0.9967586640797594,1.6529305643081519e-31
992280,0.0,-4.849618398553114e-41,9927.051530792362,0.9967586640797594,1.651381983634634e-31
992340,0.0,-4.845052840703572e-41,9927.051530792362,0.9967586640797594,1.6498334029611158e-31
992400,0.0,-4.840487282854029e-41,9927.051530792362,0.9967586640797594,1.6482848222875977e-31
992460,0.0,-4.835921725004487e-41,9927.051530792362,0.9967586640797594,1.6467362416140793e-31
992520,0.0,-4.831356167154944e-41,9927.051530792362,0.9967586640797594,1.6451876609405612e-31
992580,0.0,-4.826790609305402e-41,9927.051530792362,0.9967586640797594,1.643639080267043e-31
992640,0.0,-4.82222505145586e-41,9927.051530792362,0.9967586640797594,1.642090499593525e-31
992700,0.0,-4.817659493606319e-41,9927.051530792362,0.9967586640797594,1.640541918920007e-31
992760,0.0,-4.813093935756777e-41,9927.051530792362,0.9967586640797594,1.6389933382464888e-31
992820,0.0,-4.808528377907234e-41,9927.051530792362,0.9967586640797594,1.6374447575729706e-31
992880,0.0,-4.803962820057692e-41,9927.051530792362,0.9967586640797594,1.6358961768994525e-31
992940,0.0,-4.79939726220815e-41,9927.051530792362,0.9967586640797594,1.6343475962259346e-31
993000,0.0,-4.794831704358608e-41,9927.051530792362,0.9967586640797594,1.6327990155524164e-31
993060,0.0,-4.790266146509065e-41,9927.051530792362,0.9967586640797594,1.631250434878898e-31
993120,0.0,-4.785700588659523e-41,9927.051530792362,0.9967586640797594,1.62970185420538e-31
993180,0.0,-4.78113503080998e-41,9927.051530792362,0.9967586640797594,1.6281532735318618e-31
993240,0.0,-4.776569472960438e-41,9927.051530792362,0.9967586640797594,1.6266046928583436e-31
993300,0.0,-4.772003915110896e-41,9927.051530792362,0.9967586640797594,1.6250561121848257e-31
993360,0.0,-4.767438357261354e-41,9927.051530792362,0.9967586640797594,1.6235075315113076e-31
993420,0.0,-4.762872799411812e-41,9927.051530792362,0.9967586640797594,1.6219589508377894e-31
993480,0.0,-4.75830724156227e-41,9927.051530792362,0.9967586640797594,1.620410370164271e-31
993540,0.0,-4.753741683712728e-41,9927.051530792362,0.9967586640797594,1.618861789490753e-31
993600,0.0,-4.749176125863186e-41,9927.051530792362,0.9967586640797594,1.617313208817235e-31
993660,0.0,-4.744610568013644e-41,9927.051530792362,0.9967586640797594,1.6157646281437169e-31
993720,0.0,-4.740045010164101e-41,9927.051530792362,0.9967586640797594,1.6142160474701987e-31
993780,0.0,-4.735479452314559e-41,9927.051530792362,0.9967586640797594,1.6126674667966806e-31
993840,0.0,-4.730913894465016e-41,9927.051530792362,0.9967586640797594,1.6111188861231624e-31
993900,0.0,-4.726348336615474e-41,9927.051530792362,0.9967586640797594,1.6095703054496443e-31
993960,0.0,-4.721782778765933e-41,9927.051530792362,0.9967586640797594,1.6080217247761263e-31
994020,0.0,-4.71721722091639e-41,9927.051530792362,0.9967586640797594,1.6064731441026082e-31
994080,0.0,-4.712651663066848e-41,9927.051530792362,0.9967586640797594,1.6049245634290898e-31
994140,0.0,-4.708086105217305e-41,9927.051530792362,0.9967586640797594,1.6033759827555717e-31
994200,0.0,-4.703520547367764e-41,9927.051530792363,0.9967586640797594,1.6018274020820536e-31
994260,0.0,-4.698954989518222e-41,9927.051530792363,0.9967586640797594,1.6002788214085356e-31
994320,0.0,-4.69438943166868e-41,9927.051530792363,0.9967586640797594,1.5987302407350175e-31
994380,0.0,-4.689823873819137e-41,9927.051530792363,0.9967586640797594,1.5971816600614993e-31
994440,0.0,-4.685258315969595e-41,9927.051530792363,0.9967586640797594,1.5956330793879812e-31
994500,0.0,-4.680692758120053e-41,9927.051530792363,0.9967586640797594,1.594084498714463e-31
994560,0.0,-4.67612720027051e-41,9927.051530792363,0.9967586640797594,1.5925359180409447e-31
994620,0.0,-4.671561642420969e-41,9927.051530792363,0.9967586640797594,1.5909873373674268e-31
994680,0.0,-4.666996084571426e-41,9927.051530792363,0.9967586640797594,1.5894387566939086e-31
994740,0.0,-4.662430526721884e-41,9927.051530792363,0.9967586640797594,1.5878901760203905e-31
994800,0.0,-4.657864968872341e-41,9927.051530792363,0.9967586640797594,1.5863415953468723e-31
994860,0.0,-4.653299411022799e-41,9927.051530792363,0.9967586640797594,1.5847930146733542e-31
994920,0.0,-4.648733853173257e-41,9927.051530792363,0.9967586640797594,1.583244433999836e-31
994980,0.0,-4.644168295323716e-41,9927.051530792363,0.9967586640797594,1.5816958533263181e-31
995040,0.0,-4.639602737474174e-41,9927.051530792363,0.9967586640797594,1.5801472726528e-31
995100,0.0,-4.635037179624631e-41,9927.051530792363,0.9967586640797594,1.5785986919792816e-31
995160,0.0,-4.630471621775089e-41,9927.051530792363,0.9967586640797594,1.5770501113057635e-31
995220,0.0,-4.625906063925546e-41,9927.051530792363,0.9967586640797594,1.5755015306322453e-31
995280,0.0,-4.621340506076005e-41,9927.051530792363,0.9967586640797594,1.5739529499587274e-31
995340,0.0,-4.616774948226462e-41,9927.051530792363,0.9967586640797594,1.5724043692852093e-31
995400,0.0,-4.61220939037692e-41,9927.051530792363,0.9967586640797594,1.5708557886116911e-31
995460,0.0,-4.607643832527377e-41,9927.051530792363,0.9967586640797594,1.569307207938173e-31
995520,0.0,-4.603078274677835e-41,9927.051530792363,0.9967586640797594,1.5677586272646548e-31
995580,0.0,-4.598512716828293e-41,9927.051530792363,0.9967586640797594,1.5662100465911365e-31
995640,0.0,-4.593947158978751e-41,9927.051530792363,0.9967586640797594,1.5646614659176185e-31
995700,0.0,-4.589381601129209e-41,9927.051530792363,0.9967586640797594,1.5631128852441004e-31
995760,0.0,-4.5848160432796667e-41,9927.051530792363,0.9967586640797594,1.5615643045705822e-31
995820,0.0,-4.5802504854301243e-41,9927.051530792363,0.9967586640797594,1.560015723897064e-31
995880,0.0,-4.5756849275805823e-41,9927.051530792363,0.9967586640797594,1.558467143223546e-31
995940,0.0,-4.571119369731041e-41,9927.051530792363,0.9967586640797594,1.556918562550028e-31
996000,0.0,-4.5665538118814984e-41,9927.051530792363,0.9967586640797594,1.5553699818765099e-31
996060,0.0,-4.561988254031956e-41,9927.051530792363,0.9967586640797594,1.5538214012029917e-31
996120,0.0,-4.5574226961824135e-41,9927.051530792363,0.9967586640797594,1.5522728205294734e-31
996180,0.0,-4.552857138332871e-41,9927.051530792363,0.9967586640797594,1.5507242398559552e-31
996240,0.0,-4.548291580483329e-41,9927.051530792363,0.9967586640797594,1.549175659182437e-31
996300,0.0,-4.5437260226337877e-41,9927.051530792363,0.9967586640797594,1.5476270785089192e-31
996360,0.0,-4.5391604647842453e-41,9927.051530792363,0.9967586640797594,1.546078497835401e-31
996420,0.0,-4.534594906934703e-41,9927.051530792363,0.9967586640797594,1.5445299171618829e-31
996480,0.0,-4.5300293490851604e-41,9927.051530792363,0.9967586640797594,1.5429813364883647e-31
996540,0.0,-4.525463791235618e-41,9927.051530792363,0.9967586640797594,1.5414327558148466e-31
996600,0.0,-4.520898233386076e-41,9927.051530792363,0.9967586640797594,1.5398841751413282e-31
996660,0.0,-4.5163326755365345e-41,9927.051530792363,0.9967586640797594,1.5383355944678105e-31
996720,0.0,-4.511767117686992e-41,9927.051530792363,0.9967586640797594,1.5367870137942922e-31
996780,0.0,-4.5072015598374496e-41,9927.051530792363,0.9967586640797594,1.535238433120774e-31
996840,0.0,-4.502636001987907e-41,9927.051530792363,0.9967586640797594,1.5336898524472559e-31
996900,0.0,-4.4980704441383647e-41,9927.051530792363,0.9967586640797594,1.5321412717737377e-31
996960,0.0,-4.4935048862888233e-41,9927.051530792363,0.9967586640797594,1.5305926911002198e-31
997020,0.0,-4.488939328439281e-41,9927.051530792363,0.9967586640797594,1.5290441104267017e-31
997080,0.0,-4.484373770589739e-41,9927.051530792363,0.9967586640797594,1.5274955297531835e-31
997140,0.0,-4.4798082127401965e-41,9927.051530792363,0.9967586640797594,1.5259469490796652e-31
997200,0.0,-4.475242654890654e-41,9927.051530792363,0.9967586640797594,1.524398368406147e-31
997260,0.0,-4.4706770970411116e-41,9927.051530792363,0.9967586640797594,1.5228497877326289e-31
997320,0.0,-4.46611153919157e-41,9927.051530792363,0.9967586640797594,1.521301207059111e-31
997380,0.0,-4.4615459813420277e-41,9927.051530792363,0.9967586640797594,1.5197526263855928e-31
997440,0.0,-4.4569804234924857e-41,9927.051530792363,0.9967586640797594,1.5182040457120746e-31
997500,0.0,-4.4524148656429433e-41,9927.051530792363,0.9967586640797594,1.5166554650385565e-31
997560,0.0,-4.447849307793401e-41,9927.051530792363,0.9967586640797594,1.5151068843650384e-31
997620,0.0,-4.4432837499438594e-41,9927.051530792363,0.9967586640797594,1.5135583036915204e-31
997680,0.0,-4.438718192094317e-41,9927.051530792363,0.9967586640797594,1.5120097230180023e-31
997740,0.0,-4.4341526342447745e-41,9927.051530792363,0.9967586640797594,1.510461142344484e-31
997800,0.0,-4.4295870763952326e-41,9927.051530792363,0.9967586640797594,1.5089125616709658e-31
997860,0.0,-4.42502151854569e-41,9927.051530792363,0.9967586640797594,1.5073639809974476e-31
997920,0.0,-4.4204559606961477e-41,9927.051530792363,0.9967586640797594,1.5058154003239295e-31
997980,0.0,-4.415890402846606e-41,9927.051530792363,0.9967586640797594,1.5042668196504116e-31
998040,0.0,-4.411324844997064e-41,9927.051530792363,0.9967586640797594,1.5027182389768934e-31
998100,0.0,-4.4067592871475213e-41,9927.051530792363,0.9967586640797594,1.5011696583033753e-31
998160,0.0,-4.4021937292979794e-41,9927.051530792363,0.9967586640797594,1.499621077629857e-31
998220,0.0,-4.397628171448437e-41,9927.051530792363,0.9967586640797594,1.4980724969563388e-31
998280,0.0,-4.3930626135988955e-41,9927.051530792363,0.9967586640797594,1.4965239162828209e-31
998340,0.0,-4.388497055749353e-41,9927.051530792363,0.9967586640797594,1.4949753356093027e-31
998400,0.0,-4.3839314978998106e-41,9927.051530792363,0.9967586640797594,1.4934267549357846e-31
998460,0.0,-4.379365940050268e-41,9927.051530792363,0.9967586640797594,1.4918781742622664e-31
998520,0.0,-4.374800382200726e-41,9927.051530792363,0.9967586640797594,1.4903295935887483e-31
998580,0.0,-4.370234824351184e-41,9927.051530792363,0.9967586640797594,1.4887810129152301e-31
998640,0.0,-4.3656692665016423e-41,9927.051530792363,0.9967586640797594,1.4872324322417122e-31
998700,0.0,-4.3611037086521e-41,9927.051530792363,0.9967586640797594,1.485683851568194e-31
998760,0.0,-4.3565381508025574e-41,9927.051530792363,0.9967586640797594,1.4841352708946757e-31
998820,0.0,-4.351972592953015e-41,9927.051530792363,0.9967586640797594,1.4825866902211576e-31
998880,0.0,-4.347407035103473e-41,9927.051530792363,0.9967586640797594,1.4810381095476394e-31
998940,0.0,-4.3428414772539306e-41,9927.051530792363,0.9967586640797594,1.4794895288741213e-31
999000,0.0,-4.338275919404389e-41,9927.051530792363,0.9967586640797594,1.4779409482006033e-31
999060,0.0,-4.3337103615548467e-41,9927.051530792363,0.9967586640797594,1.4763923675270852e-31
999120,0.0,-4.3291448037053043e-41,9927.051530792363,0.9967586640797594,1.474843786853567e-31
999180,0.0,-4.324579245855762e-41,9927.051530792363,0.9967586640797594,1.4732952061800487e-31
999240,0.0,-4.32001368800622e-41,9927.051530792363,0.9967586640797594,1.4717466255065305e-31
999300,0.0,-4.3154481301566784e-41,9927.051530792363,0.9967586640797594,1.4701980448330126e-31
999360,0.0,-4.310882572307136e-41,9927.051530792363,0.9967586640797594,1.4686494641594945e-31
999420,0.0,-4.3063170144575935e-41,9927.051530792363,0.9967586640797594,1.4671008834859763e-31
999480,0.0,-4.301751456608051e-41,9927.051530792363,0.9967586640797594,1.4655523028124582e-31
999540,0.0,-4.2971858987585086e-41,9927.051530792363,0.9967586640797594,1.46400372213894e-31
999600,0.0,-4.2926203409089667e-41,9927.051530792363,0.9967586640797594,1.462455141465422e-31
999660,0.0,-4.288054783059425e-41,9927.051530792363,0.9967586640797594,1.460906560791904e-31
999720,0.0,-4.283489225209883e-41,9927.051530792363,0.9967586640797594,1.4593579801183858e-31
999780,0.0,-4.2789236673603404e-41,9927.051530792363,0.9967586640797594,1.4578093994448675e-31
999840,0.0,-4.274358109510798e-41,9927.051530792363,0.9967586640797594,1.4562608187713493e-31
999900,0.0,-4.2697925516612555e-41,9927.051530792363,0.9967586640797594,1.4547122380978312e-31
999960,0.0,-4.265226993811714e-41,9927.051530792363,0.9967586640797594,1.4531636574243133e-31
1000020,0.0,-4.2606614359621716e-41,9927.051530792363,0.9967586640797594,1.4516150767507951e-31
1000080,0.0,-4.2560958781126296e-41,9927.051530792363,0.9967586640797594,1.450066496077277e-31
1000140,0.0,-4.251530320263087e-41,9927.051530792363,0.9967586640797594,1.4485179154037588e-31
1000200,0.0,-4.2469647624135447e-41,9927.051530792363,0.9967586640797594,1.4469693347302405e-31
1000260,0.0,-4.2423992045640023e-41,9927.051530792363,0.9967586640797594,1.4454207540567223e-31
1000320,0.0,-4.237833646714461e-41,9927.051530792363,0.9967586640797594,1.4438721733832044e-31
1000380,0.0,-4.2332680888649184e-41,9927.051530792363,0.9967586640797594,1.4423235927096862e-31
1000440,0.0,-4.2287025310153765e-41,9927.051530792363,0.9967586640797594,1.440775012036168e-31
1000500,0.0,-4.224136973165834e-41,9927.051530792363,0.9967586640797594,1.43922643136265e-31
1000560,0.0,-4.2195714153162916e-41,9927.051530792363,0.9967586640797594,1.4376778506891318e-31
1000620,0.0,-4.21500585746675e-41,9927.051530792363,0.9967586640797594,1.4361292700156139e-31
1000680,0.0,-4.2104402996172077e-41,9927.051530792363,0.9967586640797594,1.4345806893420957e-31
1000740,0.0,-4.205874741767665e-41,9927.051530792363,0.9967586640797594,1.4330321086685776e-31
1000800,0.0,-4.2013091839181233e-41,9927.051530792363,0.9967586640797594,1.4314835279950592e-31
1000860,0.0,-4.196743626068581e-41,9927.051530792363,0.9967586640797594,1.429934947321541e-31
1000920,0.0,-4.1921780682190384e-41,9927.051530792363,0.9967586640797594,1.428386366648023e-31
1000980,0.0,-4.187612510369497e-41,9927.051530792363,0.9967586640797594,1.426837785974505e-31
1001040,0.0,-4.1830469525199545e-41,9927.051530792363,0.9967586640797594,1.4252892053009869e-31
1001100,0.0,-4.178481394670412e-41,9927.051530792363,0.9967586640797594,1.4237406246274687e-31
1001160,0.0,-4.17391583682087e-41,9927.051530792363,0.9967586640797594,1.4221920439539506e-31
1001220,0.0,-4.1693502789713277e-41,9927.051530792363,0.9967586640797594,1.4206434632804322e-31
1001280,0.0,-4.164784721121785e-41,9927.051530792363,0.9967586640797594,1.419094882606914e-31
1001340,0.0,-4.160219163272244e-41,9927.051530792363,0.9967586640797594,1.4175463019333962e-31
1001400,0.0,-4.1556536054227013e-41,9927.051530792363,0.9967586640797594,1.415997721259878e-31
1001460,0.0,-4.151088047573159e-41,9927.051530792363,0.9967586640797594,1.4144491405863599e-31
1001520,0.0,-4.146522489723617e-41,9927.051530792363,0.9967586640797594,1.4129005599128417e-31
1001580,0.0,-4.1419569318740745e-41,9927.051530792363,0.9967586640797594,1.4113519792393236e-31
1001640,0.0,-4.137391374024533e-41,9927.051530792363,0.9967586640797594,1.4098033985658057e-31
1001700,0.0,-4.1328258161749906e-41,9927.051530792363,0.9967586640797594,1.4082548178922875e-31
1001760,0.0,-4.128260258325448e-41,9927.051530792363,0.9967586640797594,1.4067062372187694e-31
1001820,0.0,-4.1236947004759057e-41,9927.051530792363,0.9967586640797594,1.405157656545251e-31
1001880,0.0,-4.119129142626364e-41,9927.051530792363,0.9967586640797594,1.4036090758717329e-31
1001940,0.0,-4.1145635847768213e-41,9927.051530792363,0.9967586640797594,1.4020604951982147e-31
1002000,0.0,-4.10999802692728e-41,9927.051530792363,0.9967586640797594,1.4005119145246968e-31
1002060,0.0,-4.1054324690777374e-41,9927.051530792363,0.9967586640797594,1.3989633338511786e-31
1002120,0.0,-4.100866911228195e-41,9927.051530792363,0.9967586640797594,1.3974147531776605e-31
1002180,0.0,-4.0963013533786525e-41,9927.051530792363,0.9967586640797594,1.3958661725041424e-31
1002240,0.0,-4.0917357955291106e-41,9927.051530792363,0.9967586640797594,1.394317591830624e-31
1002300,0.0,-4.0871702376795686e-41,9927.051530792363,0.9967586640797594,1.3927690111571063e-31
1002360,0.0,-4.0826046798300267e-41,9927.051530792363,0.9967586640797594,1.391220430483588e-31
1002420,0.0,-4.078039121980484e-41,9927.051530792363,0.9967586640797594,1.3896718498100698e-31
1002480,0.0,-4.073473564130942e-41,9927.051530792363,0.9967586640797594,1.3881232691365516e-31
1002540,0.0,-4.0689080062813993e-41,9927.051530792363,0.9967586640797594,1.3865746884630335e-31
1002600,0.0,-4.0643424484318574e-41,9927.051530792363,0.9967586640797594,1.3850261077895154e-31
1002660,0.0,-4.0597768905823155e-41,9927.051530792363,0.9967586640797594,1.3834775271159974e-31
1002720,0.0,-4.0552113327327735e-41,9927.051530792363,0.9967586640797594,1.3819289464424793e-31
1002780,0.0,-4.050645774883231e-41,9927.051530792363,0.9967586640797594,1.3803803657689611e-31
1002840,0.0,-4.0460802170336886e-41,9927.051530792363,0.9967586640797594,1.3788317850954428e-31
1002900,0.0,-4.041514659184146e-41,9927.051530792363,0.9967586640797594,1.3772832044219246e-31
1002960,0.0,-4.036949101334604e-41,9927.051530792363,0.9967586640797594,1.3757346237484065e-31
1003020,0.0,-4.0323835434850623e-41,9927.051530792363,0.9967586640797594,1.3741860430748886e-31
1003080,0.0,-4.0278179856355203e-41,9927.051530792363,0.9967586640797594,1.3726374624013704e-31
1003140,0.0,-4.023252427785978e-41,9927.051530792363,0.9967586640797594,1.3710888817278523e-31
1003200,0.0,-4.0186868699364354e-41,9927.051530792363,0.9967586640797594,1.3695403010543341e-31
1003260,0.0,-4.014121312086893e-41,9927.051530792363,0.9967586640797594,1.367991720380816e-31
1003320,0.0,-4.0095557542373516e-41,9927.051530792363,0.9967586640797594,1.366443139707298e-31
1003380,0.0,-4.004990196387809e-41,9927.051530792363,0.9967586640797594,1.3648945590337797e-31
1003440,0.0,-4.000424638538267e-41,9927.051530792363,0.9967586640797594,1.3633459783602616e-31
1003500,0.0,-3.9958590806887247e-41,9927.051530792363,0.9967586640797594,1.3617973976867434e-31
1003560,0.0,-3.9912935228391823e-41,9927.051530792363,0.9967586640797594,1.3602488170132253e-31
1003620,0.0,-3.98672796498964e-41,9927.051530792363,0.9967586640797594,1.3587002363397071e-31
1003680,0.0,-3.9821624071400984e-41,9927.051530792363,0.9967586640797594,1.3571516556661892e-31
1003740,0.0,-3.977596849290556e-41,9927.051530792363,0.9967586640797594,1.355603074992671e-31
1003800,0.0,-3.973031291441014e-41,9927.051530792363,0.9967586640797594,1.354054494319153e-31
1003860,0.0,-3.9684657335914715e-41,9927.051530792363,0.9967586640797594,1.3525059136456345e-31
1003920,0.0,-3.963900175741929e-41,9927.051530792363,0.9967586640797594,1.3509573329721164e-31
1003980,0.0,-3.9593346178923877e-41,9927.051530792363,0.9967586640797594,1.3494087522985985e-31
1004040,0.0,-3.954769060042845e-41,9927.051530792363,0.9967586640797594,1.3478601716250803e-31
1004100,0.0,-3.950203502193303e-41,9927.051530792363,0.9967586640797594,1.3463115909515622e-31
1004160,0.0,-3.945637944343761e-41,9927.051530792363,0.9967586640797594,1.344763010278044e-31
1004220,0.0,-3.9410723864942184e-41,9927.051530792363,0.9967586640797594,1.343214429604526e-31
1004280,0.0,-3.936506828644676e-41,9927.051530792363,0.9967586640797594,1.3416658489310078e-31
1004340,0.0,-3.9319412707951345e-41,9927.051530792363,0.9967586640797594,1.3401172682574898e-31
1004400,0.0,-3.927375712945592e-41,9927.051530792363,0.9967586640797594,1.3385686875839715e-31
1004460,0.0,-3.9228101550960496e-41,9927.051530792363,0.9967586640797594,1.3370201069104533e-31
1004520,0.0,-3.9182445972465076e-41,9927.051530792363,0.9967586640797594,1.3354715262369352e-31
1004580,0.0,-3.913679039396965e-41,9927.051530792363,0.9967586640797594,1.333922945563417e-31
1004640,0.0,-3.909113481547424e-41,9927.051530792363,0.9967586640797594,1.3323743648898991e-31
1004700,0.0,-3.9045479236978813e-41,9927.051530792363,0.9967586640797594,1.330825784216381e-31
1004760,0.0,-3.899982365848339e-41,9927.051530792363,0.9967586640797594,1.3292772035428628e-31
1004820,0.0,-3.8954168079987964e-41,9927.051530792363,0.9967586640797594,1.3277286228693447e-31
1004880,0.0,-3.8908512501492545e-41,9927.051530792363,0.9967586640797594,1.3261800421958263e-31
1004940,0.0,-3.886285692299712e-41,9927.051530792363,0.9967586640797594,1.3246314615223082e-31
1005000,0.0,-3.8817201344501706e-41,9927.051530792363,0.9967586640797594,1.3230828808487902e-31
1005060,0.0,-3.877154576600628e-41,9927.051530792363,0.9967586640797594,1.321534300175272e-31
1005120,0.0,-3.8725890187510857e-41,9927.051530792363,0.9967586640797594,1.319985719501754e-31
1005180,0.0,-3.868023460901543e-41,9927.051530792363,0.9967586640797594,1.3184371388282358e-31
1005240,0.0,-3.8634579030520013e-41,9927.051530792363,0.9967586640797594,1.3168885581547177e-31
1005300,0.0,-3.8588923452024594e-41,9927.051530792363,0.9967586640797594,1.3153399774811995e-31
1005360,0.0,-3.854326787352917e-41,9927.051530792363,0.9967586640797594,1.3137913968076814e-31
1005420,0.0,-3.849761229503375e-41,9927.051530792363,0.9967586640797594,1.3122428161341635e-31
1005480,0.0,-3.8451956716538325e-41,9927.051530792363,0.9967586640797594,1.310694235460645e-31
1005540,0.0,-3.84063011380429e-41,9927.051530792363,0.9967586640797594,1.309145654787127e-31
1005600,0.0,-3.836064555954748e-41,9927.051530792363,0.9967586640797594,1.307597074113609e-31
1005660,0.0,-3.831498998105206e-41,9927.051530792363,0.9967586640797594,1.3060484934400907e-31
1005720,0.0,-3.8269334402556637e-41,9927.051530792363,0.9967586640797594,1.3044999127665725e-31
1005780,0.0,-3.822367882406122e-41,9927.051530792363,0.9967586640797594,1.3029513320930546e-31
1005840,0.0,-3.8178023245565793e-41,9927.051530792363,0.9967586640797594,1.3014027514195364e-31
1005900,0.0,-3.8132367667070374e-41,9927.051530792363,0.9967586640797594,1.2998541707460183e-31
1005960,0.0,-3.808671208857495e-41,9927.051530792363,0.9967586640797594,1.2983055900725002e-31
1006020,0.0,-3.804105651007953e-41,9927.051530792363,0.9967586640797594,1.296757009398982e-31
1006080,0.0,-3.799540093158411e-41,9927.051530792363,0.9967586640797594,1.2952084287254639e-31
1006140,0.0,-3.7949745353088686e-41,9927.051530792363,0.9967586640797594,1.2936598480519457e-31
1006200,0.0,-3.790408977459326e-41,9927.051530792363,0.9967586640797594,1.2921112673784276e-31
1006260,0.0,-3.785843419609784e-41,9927.051530792363,0.9967586640797594,1.2905626867049094e-31
1006320,0.0,-3.781277861760242e-41,9927.051530792363,0.9967586640797594,1.2890141060313913e-31
1006380,0.0,-3.7767123039107e-41,9927.051530792363,0.9967586640797594,1.2874655253578732e-31
1006440,0.0,-3.772146746061158e-41,9927.051530792363,0.9967586640797594,1.2859169446843552e-31
1006500,0.0,-3.7675811882116154e-41,9927.051530792363,0.9967586640797594,1.2843683640108369e-31
1006560,0.0,-3.763015630362073e-41,9927.051530792363,0.9967586640797594,1.2828197833373187e-31
1006620,0.0,-3.758450072512531e-41,9927.051530792363,0.9967586640797594,1.2812712026638008e-31
1006680,0.0,-3.7538845146629886e-41,9927.051530792363,0.9967586640797594,1.2797226219902824e-31
1006740,0.0,-3.7493189568134467e-41,9927.051530792363,0.9967586640797594,1.2781740413167645e-31
1006800,0.0,-3.7447533989639047e-41,9927.051530792363,0.9967586640797594,1.2766254606432464e-31
1006860,0.0,-3.7401878411143623e-41,9927.051530792363,0.9967586640797594,1.2750768799697282e-31
1006920,0.0,-3.7356222832648203e-41,9927.051530792363,0.9967586640797594,1.27352829929621e-31
1006980,0.0,-3.731056725415278e-41,9927.051530792363,0.9967586640797594,1.271979718622692e-31
1007040,0.0,-3.7264911675657354e-41,9927.051530792363,0.9967586640797594,1.2704311379491738e-31
1007100,0.0,-3.7219256097161935e-41,9927.051530792363,0.9967586640797594,1.2688825572756556e-31
1007160,0.0,-3.7173600518666515e-41,9927.051530792363,0.9967586640797594,1.2673339766021375e-31
1007220,0.0,-3.712794494017109e-41,9927.051530792363,0.9967586640797594,1.2657853959286194e-31
1007280,0.0,-3.708228936167567e-41,9927.051530792363,0.9967586640797594,1.2642368152551012e-31
1007340,0.0,-3.7036633783180247e-41,9927.051530792363,0.9967586640797594,1.262688234581583e-31
1007400,0.0,-3.699097820468482e-41,9927.051530792363,0.9967586640797594,1.261139653908065e-31
1007460,0.0,-3.6945322626189403e-41,9927.051530792363,0.9967586640797594,1.259591073234547e-31
1007520,0.0,-3.6899667047693984e-41,9927.051530792363,0.9967586640797594,1.2580424925610286e-31
1007580,0.0,-3.6854011469198564e-41,9927.051530792363,0.9967586640797594,1.2564939118875107e-31
1007640,0.0,-3.680835589070314e-41,9927.051530792363,0.9967586640797594,1.2549453312139926e-31
1007700,0.0,-3.6762700312207715e-41,9927.051530792363,0.9967586640797594,1.2533967505404742e-31
1007760,0.0,-3.6717044733712296e-41,9927.051530792363,0.9967586640797594,1.2518481698669563e-31
1007820,0.0,-3.667138915521687e-41,9927.051530792363,0.9967586640797594,1.2502995891934381e-31
1007880,0.0,-3.662573357672145e-41,9927.051530792363,0.9967586640797594,1.24875100851992e-31
1007940,0.0,-3.658007799822603e-41,9927.051530792363,0.9967586640797594,1.2472024278464018e-31
1008000,0.0,-3.653442241973061e-41,9927.051530792363,0.9967586640797594,1.2456538471728837e-31
1008060,0.0,-3.6488766841235183e-41,9927.051530792363,0.9967586640797594,1.2441052664993656e-31
1008120,0.0,-3.6443111262739764e-41,9927.051530792363,0.9967586640797594,1.2425566858258474e-31
1008180,0.0,-3.639745568424434e-41,9927.051530792363,0.9967586640797594,1.2410081051523293e-31
1008240,0.0,-3.635180010574892e-41,9927.051530792363,0.9967586640797594,1.2394595244788113e-31
1008300,0.0,-3.63061445272535e-41,9927.051530792363,0.9967586640797594,1.237910943805293e-31
1008360,0.0,-3.6260488948758076e-41,9927.051530792363,0.9967586640797594,1.2363623631317748e-31
1008420,0.0,-3.6214833370262657e-41,9927.051530792363,0.9967586640797594,1.234813782458257e-31
1008480,0.0,-3.616917779176723e-41,9927.051530792363,0.9967586640797594,1.2332652017847388e-31
1008540,0.0,-3.612352221327181e-41,9927.051530792363,0.9967586640797594,1.2317166211112204e-31
1008600,0.0,-3.607786663477639e-41,9927.051530792363,0.9967586640797594,1.2301680404377025e-31
1008660,0.0,-3.603221105628097e-41,9927.051530792363,0.9967586640797594,1.2286194597641843e-31
1008720,0.0,-3.5986555477785544e-41,9927.051530792363,0.9967586640797594,1.2270708790906662e-31
1008780,0.0,-3.5940899899290125e-41,9927.051530792363,0.9967586640797594,1.225522298417148e-31
1008840,0.0,-3.58952443207947e-41,9927.051530792363,0.9967586640797594,1.22397371774363e-31
1008900,0.0,-3.5849588742299276e-41,9927.051530792363,0.9967586640797594,1.2224251370701118e-31
1008960,0.0,-3.5803933163803857e-41,9927.051530792363,0.9967586640797594,1.2208765563965936e-31
1009020,0.0,-3.5758277585308437e-41,9927.051530792363,0.9967586640797594,1.2193279757230755e-31
1009080,0.0,-3.571262200681302e-41,9927.051530792363,0.9967586640797594,1.2177793950495573e-31
1009140,0.0,-3.5666966428317593e-41,9927.051530792363,0.9967586640797594,1.2162308143760392e-31
1009200,0.0,-3.562131084982217e-41,9927.051530792363,0.9967586640797594,1.214682233702521e-31
1009260,0.0,-3.557565527132675e-41,9927.051530792363,0.9967586640797594,1.2131336530290031e-31
1009320,0.0,-3.5529999692831325e-41,9927.051530792363,0.9967586640797594,1.2115850723554847e-31
1009380,0.0,-3.5484344114335905e-41,9927.051530792363,0.9967586640797594,1.2100364916819666e-31
1009440,0.0,-3.5438688535840486e-41,9927.051530792363,0.9967586640797594,1.2084879110084487e-31
1009500,0.0,-3.539303295734506e-41,9927.051530792363,0.9967586640797594,1.2069393303349305e-31
1009560,0.0,-3.5347377378849637e-41,9927.051530792363,0.9967586640797594,1.2053907496614122e-31
1009620,0.0,-3.530172180035422e-41,9927.051530792363,0.9967586640797594,1.2038421689878942e-31
1009680,0.0,-3.5256066221858793e-41,9927.051530792363,0.9967586640797594,1.202293588314376e-31
1009740,0.0,-3.5210410643363374e-41,9927.051530792363,0.9967586640797594,1.200745007640858e-31
1009800,0.0,-3.5164755064867954e-41,9927.051530792363,0.9967586640797594,1.1991964269673398e-31
1009860,0.0,-3.511909948637253e-41,9927.051530792363,0.9967586640797594,1.1976478462938217e-31
1009920,0.0,-3.507344390787711e-41,9927.051530792363,0.9967586640797594,1.1960992656203035e-31
1009980,0.0,-3.5027788329381686e-41,9927.051530792363,0.9967586640797594,1.1945506849467854e-31
1010040,0.0,-3.498213275088626e-41,9927.051530792363,0.9967586640797594,1.1930021042732672e-31
1010100,0.0,-3.493647717239084e-41,9927.051530792363,0.9967586640797594,1.191453523599749e-31
1010160,0.0,-3.4890821593895423e-41,9927.051530792363,0.9967586640797594,1.189904942926231e-31
1010220,0.0,-3.48451660154e-41,9927.051530792363,0.9967586640797594,1.1883563622527128e-31
1010280,0.0,-3.479951043690458e-41,9927.051530792363,0.9967586640797594,1.1868077815791949e-31
1010340,0.0,-3.4753854858409154e-41,9927.051530792363,0.9967586640797594,1.1852592009056765e-31
1010400,0.0,-3.470819927991373e-41,9927.051530792363,0.9967586640797594,1.1837106202321584e-31
1010460,0.0,-3.466254370141831e-41,9927.051530792363,0.9967586640797594,1.1821620395586404e-31
1010520,0.0,-3.461688812292289e-41,9927.051530792363,0.9967586640797594,1.1806134588851223e-31
1010580,0.0,-3.4571232544427466e-41,9927.051530792363,0.9967586640797594,1.179064878211604e-31
1010640,0.0,-3.4525576965932047e-41,9927.051530792363,0.9967586640797594,1.177516297538086e-31
1010700,0.0,-3.447992138743662e-41,9927.051530792363,0.9967586640797594,1.1759677168645679e-31
1010760,0.0,-3.4434265808941203e-41,9927.051530792363,0.9967586640797594,1.1744191361910497e-31
1010820,0.0,-3.438861023044578e-41,9927.051530792363,0.9967586640797594,1.1728705555175316e-31
1010880,0.0,-3.434295465195036e-41,9927.051530792363,0.9967586640797594,1.1713219748440134e-31
1010940,0.0,-3.429729907345494e-41,9927.051530792363,0.9967586640797594,1.1697733941704953e-31
1011000,0.0,-3.4251643494959515e-41,9927.051530792363,0.9967586640797594,1.1682248134969772e-31
1011060,0.0,-3.420598791646409e-41,9927.051530792363,0.9967586640797594,1.166676232823459e-31
1011120,0.0,-3.416033233796867e-41,9927.051530792363,0.9967586640797594,1.1651276521499409e-31
1011180,0.0,-3.4114676759473247e-41,9927.051530792363,0.9967586640797594,1.1635790714764227e-31
1011240,0.0,-3.4069021180977827e-41,9927.051530792363,0.9967586640797594,1.1620304908029046e-31
1011300,0.0,-3.402336560248241e-41,9927.051530792363,0.9967586640797594,1.1604819101293866e-31
1011360,0.0,-3.3977710023986983e-41,9927.051530792363,0.9967586640797594,1.1589333294558683e-31
1011420,0.0,-3.3932054445491564e-41,9927.051530792363,0.9967586640797594,1.1573847487823504e-31
1011480,0.0,-3.388639886699614e-41,9927.051530792363,0.9967586640797594,1.1558361681088322e-31
1011540,0.0,-3.3840743288500715e-41,9927.051530792363,0.9967586640797594,1.154287587435314e-31
1011600,0.0,-3.3795087710005296e-41,9927.051530792363,0.9967586640797594,1.152739006761796e-31
1011660,0.0,-3.3749432131509876e-41,9927.051530792363,0.9967586640797594,1.1511904260882778e-31
1011720,0.0,-3.370377655301445e-41,9927.051530792363,0.9967586640797594,1.1496418454147596e-31
1011780,0.0,-3.365812097451903e-41,9927.051530792363,0.9967586640797594,1.1480932647412415e-31
1011840,0.0,-3.361246539602361e-41,9927.051530792363,0.9967586640797594,1.1465446840677234e-31
1011900,0.0,-3.3566809817528183e-41,9927.051530792363,0.9967586640797594,1.1449961033942052e-31
1011960,0.0,-3.3521154239032764e-41,9927.051530792363,0.9967586640797594,1.143447522720687e-31
1012020,0.0,-3.3475498660537344e-41,9927.051530792363,0.9967586640797594,1.141898942047169e-31
1012080,0.0,-3.342984308204192e-41,9927.051530792363,0.9967586640797594,1.1403503613736508e-31
1012140,0.0,-3.33841875035465e-41,9927.051530792363,0.9967586640797594,1.1388017807001326e-31
1012200,0.0,-3.3338531925051076e-41,9927.051530792363,0.9967586640797594,1.1372532000266145e-31
1012260,0.0,-3.3292876346555657e-41,9927.051530792363,0.9967586640797594,1.1357046193530966e-31
1012320,0.0,-3.324722076806023e-41,9927.051530792363,0.9967586640797594,1.1341560386795784e-31
1012380,0.0,-3.3201565189564813e-41,9927.051530792363,0.9967586640797594,1.13260745800606e-31
1012440,0.0,-3.3155909611069393e-41,9927.051530792363,0.9967586640797594,1.1310588773325421e-31
1012500,0.0,-3.311025403257397e-41,9927.051530792363,0.9967586640797594,1.129510296659024e-31
1012560,0.0,-3.3064598454078544e-41,9927.051530792363,0.9967586640797594,1.1279617159855058e-31
1012620,0.0,-3.3018942875583125e-41,9927.051530792363,0.9967586640797594,1.1264131353119877e-31
1012680,0.0,-3.29732872970877e-41,9927.051530792363,0.9967586640797594,1.1248645546384696e-31
1012740,0.0,-3.292763171859228e-41,9927.051530792363,0.9967586640797594,1.1233159739649514e-31
1012800,0.0,-3.288197614009686e-41,9927.051530792363,0.9967586640797594,1.1217673932914333e-31
1012860,0.0,-3.2836320561601437e-41,9927.051530792363,0.9967586640797594,1.1202188126179151e-31
1012920,0.0,-3.279066498310601e-41,9927.051530792363,0.9967586640797594,1.118670231944397e-31
1012980,0.0,-3.2745009404610593e-41,9927.051530792363,0.9967586640797594,1.1171216512708788e-31
1013040,0.0,-3.269935382611517e-41,9927.051530792363,0.9967586640797594,1.1155730705973607e-31
1013100,0.0,-3.265369824761975e-41,9927.051530792363,0.9967586640797594,1.1140244899238428e-31
1013160,0.0,-3.260804266912433e-41,9927.051530792363,0.9967586640797594,1.1124759092503244e-31
1013220,0.0,-3.2562387090628905e-41,9927.051530792363,0.9967586640797594,1.1109273285768063e-31
1013280,0.0,-3.2516731512133486e-41,9927.051530792363,0.9967586640797594,1.1093787479032883e-31
1013340,0.0,-3.247107593363806e-41,9927.051530792363,0.9967586640797594,1.1078301672297702e-31
1013400,0.0,-3.2425420355142637e-41,9927.051530792363,0.9967586640797594,1.1062815865562518e-31
1013460,0.0,-3.2379764776647217e-41,9927.051530792363,0.9967586640797594,1.104733005882734e-31
1013520,0.0,-3.23341091981518e-41,9927.051530792363,0.9967586640797594,1.1031844252092158e-31
1013580,0.0,-3.2288453619656373e-41,9927.051530792363,0.9967586640797594,1.1016358445356976e-31
1013640,0.0,-3.2242798041160954e-41,9927.051530792363,0.9967586640797594,1.1000872638621795e-31
1013700,0.0,-3.219714246266553e-41,9927.051530792363,0.9967586640797594,1.0985386831886613e-31
1013760,0.0,-3.2151486884170105e-41,9927.051530792363,0.9967586640797594,1.0969901025151432e-31
1013820,0.0,-3.2105831305674686e-41,9927.051530792363,0.9967586640797594,1.095441521841625e-31
1013880,0.0,-3.2060175727179266e-41,9927.051530792363,0.9967586640797594,1.093892941168107e-31
1013940,0.0,-3.2014520148683847e-41,9927.051530792363,0.9967586640797594,1.092344360494589e-31
1014000,0.0,-3.196886457018842e-41,9927.051530792363,0.9967586640797594,1.0907957798210706e-31
1014060,0.0,-3.1923208991693e-41,9927.051530792363,0.9967586640797594,1.0892471991475525e-31
1014120,0.0,-3.187755341319758e-41,9927.051530792363,0.9967586640797594,1.0876986184740345e-31
1014180,0.0,-3.1831897834702154e-41,9927.051530792363,0.9967586640797594,1.0861500378005164e-31
1014240,0.0,-3.178624225620673e-41,9927.051530792363,0.9967586640797594,1.084601457126998e-31
1014300,0.0,-3.1740586677711315e-41,9927.051530792363,0.9967586640797594,1.08305287645348e-31
1014360,0.0,-3.169493109921589e-41,9927.051530792363,0.9967586640797594,1.081504295779962e-31
1014420,0.0,-3.1649275520720466e-41,9927.051530792363,0.9967586640797594,1.0799557151064436e-31
1014480,0.0,-3.1603619942225047e-41,9927.051530792363,0.9967586640797594,1.0784071344329257e-31
1014540,0.0,-3.155796436372962e-41,9927.051530792363,0.9967586640797594,1.0768585537594075e-31
1014600,0.0,-3.1512308785234203e-41,9927.051530792363,0.9967586640797594,1.0753099730858894e-31
1014660,0.0,-3.1466653206738783e-41,9927.051530792363,0.9967586640797594,1.0737613924123712e-31
1014720,0.0,-3.142099762824336e-41,9927.051530792363,0.9967586640797594,1.072212811738853e-31
1014780,0.0,-3.137534204974794e-41,9927.051530792363,0.9967586640797594,1.070664231065335e-31
1014840,0.0,-3.1329686471252515e-41,9927.051530792363,0.9967586640797594,1.0691156503918168e-31
1014900,0.0,-3.128403089275709e-41,9927.051530792363,0.9967586640797594,1.0675670697182987e-31
1014960,0.0,-3.123837531426167e-41,9927.051530792363,0.9967586640797594,1.0660184890447807e-31
1015020,0.0,-3.119271973576625e-41,9927.051530792363,0.9967586640797594,1.0644699083712624e-31
1015080,0.0,-3.1147064157270827e-41,9927.051530792363,0.9967586640797594,1.0629213276977442e-31
1015140,0.0,-3.110140857877541e-41,9927.051530792363,0.9967586640797594,1.0613727470242263e-31
1015200,0.0,-3.1055753000279983e-41,9927.051530792363,0.9967586640797594,1.0598241663507082e-31
1015260,0.0,-3.101009742178456e-41,9927.051530792363,0.9967586640797594,1.0582755856771898e-31
1015320,0.0,-3.096444184328914e-41,9927.051530792363,0.9967586640797594,1.0567270050036719e-31
1015380,0.0,-3.091878626479372e-41,9927.051530792363,0.9967586640797594,1.0551784243301537e-31
1015440,0.0,-3.08731306862983e-41,9927.051530792363,0.9967586640797594,1.0536298436566356e-31
1015500,0.0,-3.0827475107802876e-41,9927.051530792363,0.9967586640797594,1.0520812629831174e-31
1015560,0.0,-3.078181952930745e-41,9927.051530792363,0.9967586640797594,1.0505326823095993e-31
1015620,0.0,-3.073616395081203e-41,9927.051530792363,0.9967586640797594,1.0489841016360812e-31
1015680,0.0,-3.069050837231661e-41,9927.051530792363,0.9967586640797594,1.047435520962563e-31
1015740,0.0,-3.0644852793821183e-41,9927.051530792363,0.9967586640797594,1.0458869402890449e-31
1015800,0.0,-3.059919721532577e-41,9927.051530792363,0.9967586640797594,1.0443383596155267e-31
1015860,0.0,-3.0553541636830344e-41,9927.051530792363,0.9967586640797594,1.0427897789420086e-31
1015920,0.0,-3.050788605833492e-41,9927.051530792363,0.9967586640797594,1.0412411982684904e-31
1015980,0.0,-3.04622304798395e-41,9927.051530792363,0.9967586640797594,1.0396926175949725e-31
1016040,0.0,-3.0416574901344076e-41,9927.051530792363,0.9967586640797594,1.0381440369214541e-31
1016100,0.0,-3.037091932284865e-41,9927.051530792363,0.9967586640797594,1.036595456247936e-31
1016160,0.0,-3.0325263744353237e-41,9927.051530792363,0.9967586640797594,1.035046875574418e-31
1016220,0.0,-3.027960816585781e-41,9927.051530792363,0.9967586640797594,1.0334982949009e-31
1016280,0.0,-3.0233952587362393e-41,9927.051530792363,0.9967586640797594,1.0319497142273818e-31
1016340,0.0,-3.018829700886697e-41,9927.051530792363,0.9967586640797594,1.0304011335538636e-31
1016400,0.0,-3.0142641430371544e-41,9927.051530792363,0.9967586640797594,1.0288525528803455e-31
1016460,0.0,-3.0096985851876125e-41,9927.051530792363,0.9967586640797594,1.0273039722068274e-31
1016520,0.0,-3.0051330273380705e-41,9927.051530792363,0.9967586640797594,1.0257553915333092e-31
1016580,0.0,-3.000567469488528e-41,9927.051530792363,0.9967586640797594,1.024206810859791e-31
1016640,0.0,-2.996001911638986e-41,9927.051530792363,0.9967586640797594,1.022658230186273e-31
1016700,0.0,-2.9914363537894437e-41,9927.051530792363,0.9967586640797594,1.0211096495127548e-31
1016760,0.0,-2.986870795939901e-41,9927.051530792363,0.9967586640797594,1.0195610688392366e-31
1016820,0.0,-2.9823052380903593e-41,9927.051530792363,0.9967586640797594,1.0180124881657185e-31
1016880,0.0,-2.977739680240817e-41,9927.051530792363,0.9967586640797594,1.0164639074922003e-31
1016940,0.0,-2.973174122391275e-41,9927.051530792363,0.9967586640797594,1.0149153268186822e-31
1017000,0.0,-2.968608564541733e-41,9927.051530792363,0.9967586640797594,1.0133667461451643e-31
1017060,0.0,-2.9640430066921905e-41,9927.051530792363,0.9967586640797594,1.011818165471646e-31
1017120,0.0,-2.9594774488426486e-41,9927.051530792363,0.9967586640797594,1.010269584798128e-31
1017180,0.0,-2.954911890993106e-41,9927.051530792363,0.9967586640797594,1.0087210041246098e-31
1017240,0.0,-2.9503463331435637e-41,9927.051530792363,0.9967586640797594,1.0071724234510917e-31
1017300,0.0,-2.945780775294022e-41,9927.051530792363,0.9967586640797594,1.0056238427775736e-31
1017360,0.0,-2.94121521744448e-41,9927.051530792363,0.9967586640797594,1.0040752621040554e-31
1017420,0.0,-2.9366496595949373e-41,9927.051530792363,0.9967586640797594,1.0025266814305373e-31
1017480,0.0,-2.9320841017453954e-41,9927.051530792363,0.9967586640797594,1.0009781007570191e-31
1017540,0.0,-2.927518543895853e-41,9927.051530792363,0.9967586640797594,9.99429520083501e-32
1017600,0.0,-2.9229529860463105e-41,9927.051530792363,0.9967586640797594,9.978809394099828e-32
1017660,0.0,-2.918387428196769e-41,9927.051530792363,0.9967586640797594,9.963323587364647e-32
1017720,0.0,-2.9138218703472266e-41,9927.051530792363,0.9967586640797594,9.947837780629465e-32
1017780,0.0,-2.909256312497684e-41,9927.051530792363,0.9967586640797594,9.932351973894284e-32
1017840,0.0,-2.904690754648142e-41,9927.051530792363,0.9967586640797594,9.916866167159103e-32
1017900,0.0,-2.9001251967986e-41,9927.051530792363,0.9967586640797594,9.901380360423923e-32
1017960,0.0,-2.895559638949058e-41,9927.051530792363,0.9967586640797594,9.885894553688742e-32
1018020,0.0,-2.8909940810995154e-41,9927.051530792363,0.9967586640797594,9.87040874695356e-32
1018080,0.0,-2.8864285232499734e-41,9927.051530792363,0.9967586640797594,9.854922940218378e-32
1018140,0.0,-2.8818629654004315e-41,9927.051530792363,0.9967586640797594,9.839437133483198e-32
1018200,0.0,-2.877297407550889e-41,9927.051530792363,0.9967586640797594,9.823951326748015e-32
1018260,0.0,-2.8727318497013466e-41,9927.051530792363,0.9967586640797594,9.808465520012834e-32
1018320,0.0,-2.8681662918518046e-41,9927.051530792363,0.9967586640797594,9.792979713277653e-32
1018380,0.0,-2.863600734002262e-41,9927.051530792363,0.9967586640797594,9.777493906542472e-32
1018440,0.0,-2.85903517615272e-41,9927.051530792363,0.9967586640797594,9.762008099807289e-32
1018500,0.0,-2.8544696183031783e-41,9927.051530792363,0.9967586640797594,9.746522293072109e-32
1018560,0.0,-2.849904060453636e-41,9927.051530792363,0.9967586640797594,9.731036486336927e-32
1018620,0.0,-2.845338502604094e-41,9927.051530792363,0.9967586640797594,9.715550679601747e-32
1018680,0.0,-2.8407729447545515e-41,9927.051530792363,0.9967586640797594,9.700064872866566e-32
1018740,0.0,-2.836207386905009e-41,9927.051530792363,0.9967586640797594,9.684579066131383e-32
1018800,0.0,-2.8316418290554676e-41,9927.051530792363,0.9967586640797594,9.669093259396203e-32
1018860,0.0,-2.827076271205925e-41,9927.051530792363,0.9967586640797594,9.653607452661021e-32
1018920,0.0,-2.8225107133563827e-41,9927.051530792363,0.9967586640797594,9.63812164592584e-32
1018980,0.0,-2.8179451555068407e-41,9927.051530792363,0.9967586640797594,9.62263583919066e-32
1019040,0.0,-2.8133795976572983e-41,9927.051530792363,0.9967586640797594,9.607150032455477e-32
1019100,0.0,-2.808814039807756e-41,9927.051530792363,0.9967586640797594,9.591664225720296e-32
1019160,0.0,-2.8042484819582144e-41,9927.051530792363,0.9967586640797594,9.576178418985115e-32
1019220,0.0,-2.799682924108672e-41,9927.051530792363,0.9967586640797594,9.560692612249933e-32
1019280,0.0,-2.7951173662591295e-41,9927.051530792363,0.9967586640797594,9.545206805514751e-32
1019340,0.0,-2.7905518084095876e-41,9927.051530792363,0.9967586640797594,9.529720998779571e-32
1019400,0.0,-2.785986250560045e-41,9927.051530792363,0.9967586640797594,9.51423519204439e-32
1019460,0.0,-2.781420692710503e-41,9927.051530792363,0.9967586640797594,9.498749385309209e-32
1019520,0.0,-2.7768551348609607e-41,9927.051530792363,0.9967586640797594,9.483263578574027e-32
1019580,0.0,-2.772289577011419e-41,9927.051530792363,0.9967586640797594,9.467777771838845e-32
1019640,0.0,-2.767724019161877e-41,9927.051530792363,0.9967586640797594,9.452291965103665e-32
1019700,0.0,-2.7631584613123344e-41,9927.051530792363,0.9967586640797594,9.436806158368483e-32
1019760,0.0,-2.758592903462792e-41,9927.051530792363,0.9967586640797594,9.421320351633301e-32
1019820,0.0,-2.75402734561325e-41,9927.051530792363,0.9967586640797594,9.40583454489812e-32
1019880,0.0,-2.7494617877637075e-41,9927.051530792363,0.9967586640797594,9.390348738162939e-32
1019940,0.0,-2.7448962299141656e-41,9927.051530792363,0.9967586640797594,9.374862931427758e-32
1020000,0.0,-2.7403306720646237e-41,9927.051530792363,0.9967586640797594,9.359377124692577e-32
1020060,0.0,-2.735765114215081e-41,9927.051530792363,0.9967586640797594,9.343891317957395e-32
1020120,0.0,-2.731199556365539e-41,9927.051530792363,0.9967586640797594,9.328405511222213e-32
1020180,0.0,-2.726633998515997e-41,9927.051530792363,0.9967586640797594,9.312919704487033e-32
1020240,0.0,-2.7220684406664544e-41,9927.051530792363,0.9967586640797594,9.29743389775185e-32
1020300,0.0,-2.717502882816913e-41,9927.051530792363,0.9967586640797594,9.28194809101667e-32
1020360,0.0,-2.7129373249673705e-41,9927.051530792363,0.9967586640797594,9.266462284281489e-32
1020420,0.0,-2.708371767117828e-41,9927.051530792363,0.9967586640797594,9.250976477546307e-32
1020480,0.0,-2.703806209268286e-41,9927.051530792363,0.9967586640797594,9.235490670811127e-32
1020540,0.0,-2.6992406514187436e-41,9927.051530792363,0.9967586640797594,9.220004864075944e-32
1020600,0.0,-2.694675093569201e-41,9927.051530792363,0.9967586640797594,9.204519057340763e-32
1020660,0.0,-2.6901095357196593e-41,9927.051530792363,0.9967586640797594,9.189033250605583e-32
1020720,0.0,-2.6855439778701173e-41,9927.051530792363,0.9967586640797594,9.173547443870401e-32
1020780,0.0,-2.680978420020575e-41,9927.051530792363,0.9967586640797594,9.158061637135219e-32
1020840,0.0,-2.676412862171033e-41,9927.051530792363,0.9967586640797594,9.142575830400038e-32
1020900,0.0,-2.6718473043214905e-41,9927.051530792363,0.9967586640797594,9.127090023664857e-32
1020960,0.0,-2.667281746471948e-41,9927.051530792363,0.9967586640797594,9.111604216929675e-32
1021020,0.0,-2.662716188622406e-41,9927.051530792363,0.9967586640797594,9.096118410194495e-32
1021080,0.0,-2.658150630772864e-41,9927.051530792363,0.9967586640797594,9.080632603459312e-32
1021140,0.0,-2.653585072923322e-41,9927.051530792363,0.9967586640797594,9.065146796724132e-32
1021200,0.0,-2.64901951507378e-41,9927.051530792363,0.9967586640797594,9.049660989988951e-32
1021260,0.0,-2.6444539572242373e-41,9927.051530792363,0.9967586640797594,9.034175183253769e-32
1021320,0.0,-2.6398883993746954e-41,9927.051530792363,0.9967586640797594,9.018689376518589e-32
1021380,0.0,-2.635322841525153e-41,9927.051530792363,0.9967586640797594,9.003203569783406e-32
1021440,0.0,-2.630757283675611e-41,9927.051530792363,0.9967586640797594,8.987717763048225e-32
1021500,0.0,-2.626191725826069e-41,9927.051530792363,0.9967586640797594,8.972231956313045e-32
1021560,0.0,-2.6216261679765266e-41,9927.051530792363,0.9967586640797594,8.956746149577862e-32
1021620,0.0,-2.617060610126984e-41,9927.051530792363,0.9967586640797594,8.941260342842681e-32
1021680,0.0,-2.612495052277442e-41,9927.051530792363,0.9967586640797594,8.9257745361075e-32
1021740,0.0,-2.6079294944278997e-41,9927.051530792363,0.9967586640797594,8.910288729372319e-32
1021800,0.0,-2.6033639365783583e-41,9927.051530792363,0.9967586640797594,8.894802922637138e-32
1021860,0.0,-2.598798378728816e-41,9927.051530792363,0.9967586640797594,8.879317115901956e-32
1021920,0.0,-2.5942328208792734e-41,9927.051530792363,0.9967586640797594,8.863831309166774e-32
1021980,0.0,-2.5896672630297315e-41,9927.051530792363,0.9967586640797594,8.848345502431594e-32
1022040,0.0,-2.585101705180189e-41,9927.051530792363,0.9967586640797594,8.832859695696413e-32
1022100,0.0,-2.5805361473306466e-41,9927.051530792363,0.9967586640797594,8.81737388896123e-32
1022160,0.0,-2.5759705894811046e-41,9927.051530792363,0.9967586640797594,8.80188808222605e-32
1022220,0.0,-2.5714050316315627e-41,9927.051530792363,0.9967586640797594,8.786402275490868e-32
1022280,0.0,-2.56683947378202e-41,9927.051530792363,0.9967586640797594,8.770916468755687e-32
1022340,0.0,-2.5622739159324783e-41,9927.051530792363,0.9967586640797594,8.755430662020507e-32
1022400,0.0,-2.557708358082936e-41,9927.051530792363,0.9967586640797594,8.739944855285324e-32
1022460,0.0,-2.5531428002333934e-41,9927.051530792363,0.9967586640797594,8.724459048550143e-32
1022520,0.0,-2.5485772423838514e-41,9927.051530792363,0.9967586640797594,8.708973241814962e-32
1022580,0.0,-2.5440116845343095e-41,9927.051530792363,0.9967586640797594,8.69348743507978e-32
1022640,0.0,-2.5394461266847676e-41,9927.051530792363,0.9967586640797594,8.678001628344599e-32
1022700,0.0,-2.534880568835225e-41,9927.051530792363,0.9967586640797594,8.662515821609418e-32
1022760,0.0,-2.5303150109856827e-41,9927.051530792363,0.9967586640797594,8.647030014874236e-32
1022820,0.0,-2.5257494531361407e-41,9927.051530792363,0.9967586640797594,8.631544208139056e-32
1022880,0.0,-2.5211838952865983e-41,9927.051530792363,0.9967586640797594,8.616058401403874e-32
1022940,0.0,-2.5166183374370563e-41,9927.051530792363,0.9967586640797594,8.600572594668692e-32
1023000,0.0,-2.5120527795875144e-41,9927.051530792363,0.9967586640797594,8.585086787933512e-32
1023060,0.0,-2.507487221737972e-41,9927.051530792363,0.9967586640797594,8.56960098119833e-32
1023120,0.0,-2.5029216638884295e-41,9927.051530792363,0.9967586640797594,8.554115174463148e-32
1023180,0.0,-2.4983561060388875e-41,9927.051530792363,0.9967586640797594,8.538629367727967e-32
1023240,0.0,-2.493790548189345e-41,9927.051530792363,0.9967586640797594,8.523143560992786e-32
1023300,0.0,-2.489224990339803e-41,9927.051530792363,0.9967586640797594,8.507657754257605e-32
1023360,0.0,-2.484659432490261e-41,9927.051530792363,0.9967586640797594,8.492171947522424e-32
1023420,0.0,-2.480093874640719e-41,9927.051530792363,0.9967586640797594,8.476686140787242e-32
1023480,0.0,-2.475528316791177e-41,9927.051530792363,0.9967586640797594,8.461200334052061e-32
1023540,0.0,-2.4709627589416344e-41,9927.051530792363,0.9967586640797594,8.44571452731688e-32
1023600,0.0,-2.466397201092092e-41,9927.051530792363,0.9967586640797594,8.430228720581697e-32
1023660,0.0,-2.46183164324255e-41,9927.051530792363,0.9967586640797594,8.414742913846517e-32
1023720,0.0,-2.457266085393008e-41,9927.051530792363,0.9967586640797594,8.399257107111336e-32
1023780,0.0,-2.4527005275434656e-41,9927.051530792363,0.9967586640797594,8.383771300376154e-32
1023840,0.0,-2.4481349696939236e-41,9927.051530792363,0.9967586640797594,8.368285493640974e-32
1023900,0.0,-2.443569411844381e-41,9927.051530792363,0.9967586640797594,8.352799686905791e-32
1023960,0.0,-2.4390038539948387e-41,9927.051530792363,0.9967586640797594,8.33731388017061e-32
1024020,0.0,-2.434438296145297e-41,9927.051530792363,0.9967586640797594,8.32182807343543e-32
1024080,0.0,-2.429872738295755e-41,9927.051530792363,0.9967586640797594,8.306342266700248e-32
1024140,0.0,-2.4253071804462124e-41,9927.051530792363,0.9967586640797594,8.290856459965066e-32
1024200,0.0,-2.4207416225966705e-41,9927.051530792363,0.9967586640797594,8.275370653229885e-32
1024260,0.0,-2.416176064747128e-41,9927.051530792363,0.9967586640797594,8.259884846494704e-32
1024320,0.0,-2.411610506897586e-41,9927.051530792363,0.9967586640797594,8.244399039759523e-32
1024380,0.0,-2.4070449490480436e-41,9927.051530792363,0.9967586640797594,8.228913233024342e-32
1024440,0.0,-2.4024793911985017e-41,9927.051530792363,0.9967586640797594,8.213427426289159e-32
1024500,0.0,-2.3979138333489597e-41,9927.051530792363,0.9967586640797594,8.197941619553979e-32
1024560,0.0,-2.3933482754994173e-41,9927.051530792363,0.9967586640797594,8.182455812818798e-32
1024620,0.0,-2.388782717649875e-41,9927.051530792363,0.9967586640797594,8.166970006083615e-32
1024680,0.0,-2.384217159800333e-41,9927.051530792363,0.9967586640797594,8.151484199348435e-32
1024740,0.0,-2.3796516019507904e-41,9927.051530792363,0.9967586640797594,8.135998392613253e-32
1024800,0.0,-2.3750860441012485e-41,9927.051530792363,0.9967586640797594,8.120512585878072e-32
1024860,0.0,-2.3705204862517066e-41,9927.051530792363,0.9967586640797594,8.105026779142892e-32
1024920,0.0,-2.365954928402164e-41,9927.051530792363,0.9967586640797594,8.089540972407709e-32
1024980,0.0,-2.3613893705526217e-41,9927.051530792363,0.9967586640797594,8.074055165672528e-32
1025040,0.0,-2.3568238127030797e-41,9927.051530792363,0.9967586640797594,8.058569358937347e-32
1025100,0.0,-2.3522582548535373e-41,9927.051530792363,0.9967586640797594,8.043083552202166e-32
1025160,0.0,-2.3476926970039953e-41,9927.051530792363,0.9967586640797594,8.027597745466985e-32
1025220,0.0,-2.3431271391544534e-41,9927.051530792363,0.9967586640797594,8.012111938731803e-32
1025280,0.0,-2.338561581304911e-41,9927.051530792363,0.9967586640797594,7.996626131996621e-32
1025340,0.0,-2.333996023455369e-41,9927.051530792363,0.9967586640797594,7.981140325261441e-32
1025400,0.0,-2.3294304656058265e-41,9927.051530792363,0.9967586640797594,7.96565451852626e-32
1025460,0.0,-2.324864907756284e-41,9927.051530792363,0.9967586640797594,7.950168711791077e-32
1025520,0.0,-2.320299349906742e-41,9927.051530792363,0.9967586640797594,7.934682905055897e-32
1025580,0.0,-2.3157337920572e-41,9927.051530792363,0.9967586640797594,7.919197098320715e-32
1025640,0.0,-2.311168234207658e-41,9927.051530792363,0.9967586640797594,7.903711291585534e-32
1025700,0.0,-2.306602676358116e-41,9927.051530792363,0.9967586640797594,7.888225484850354e-32
1025760,0.0,-2.3020371185085734e-41,9927.051530792363,0.9967586640797594,7.872739678115171e-32
1025820,0.0,-2.2974715606590314e-41,9927.051530792363,0.9967586640797594,7.857253871379991e-32
1025880,0.0,-2.2929060028094892e-41,9927.051530792363,0.9967586640797594,7.841768064644809e-32
1025940,0.0,-2.2883404449599468e-41,9927.051530792363,0.9967586640797594,7.826282257909627e-32
1026000,0.0,-2.2837748871104048e-41,9927.051530792363,0.9967586640797594,7.810796451174446e-32
1026060,0.0,-2.2792093292608626e-41,9927.051530792363,0.9967586640797594,7.795310644439265e-32
1026120,0.0,-2.2746437714113202e-41,9927.051530792363,0.9967586640797594,7.779824837704083e-32
1026180,0.0,-2.2700782135617783e-41,9927.051530792363,0.9967586640797594,7.764339030968903e-32
1026240,0.0,-2.265512655712236e-41,9927.051530792363,0.9967586640797594,7.748853224233721e-32
1026300,0.0,-2.2609470978626936e-41,9927.051530792363,0.9967586640797594,7.733367417498539e-32
1026360,0.0,-2.2563815400131517e-41,9927.051530792363,0.9967586640797594,7.717881610763359e-32
1026420,0.0,-2.2518159821636095e-41,9927.051530792363,0.9967586640797594,7.702395804028177e-32
1026480,0.0,-2.247250424314067e-41,9927.051530792363,0.9967586640797594,7.686909997292995e-32
1026540,0.0,-2.242684866464525e-41,9927.051530792363,0.9967586640797594,7.671424190557814e-32
1026600,0.0,-2.238119308614983e-41,9927.051530792363,0.9967586640797594,7.655938383822633e-32
1026660,0.0,-2.233553750765441e-41,9927.051530792363,0.9967586640797594,7.640452577087453e-32
1026720,0.0,-2.2289881929158985e-41,9927.051530792363,0.9967586640797594,7.624966770352271e-32
1026780,0.0,-2.2244226350663563e-41,9927.051530792363,0.9967586640797594,7.609480963617089e-32
1026840,0.0,-2.2198570772168144e-41,9927.051530792363,0.9967586640797594,7.593995156881908e-32
1026900,0.0,-2.215291519367272e-41,9927.051530792363,0.9967586640797594,7.578509350146727e-32
1026960,0.0,-2.2107259615177297e-41,9927.051530792363,0.9967586640797594,7.563023543411544e-32
1027020,0.0,-2.2061604036681878e-41,9927.051530792363,0.9967586640797594,7.547537736676364e-32
1027080,0.0,-2.2015948458186453e-41,9927.051530792363,0.9967586640797594,7.532051929941183e-32
1027140,0.0,-2.197029287969103e-41,9927.051530792363,0.9967586640797594,7.516566123206001e-32
1027200,0.0,-2.1924637301195612e-41,9927.051530792363,0.9967586640797594,7.501080316470821e-32
1027260,0.0,-2.1878981722700187e-41,9927.051530792363,0.9967586640797594,7.485594509735638e-32
1027320,0.0,-2.1833326144204765e-41,9927.051530792363,0.9967586640797594,7.470108703000457e-32
1027380,0.0,-2.1787670565709346e-41,9927.051530792363,0.9967586640797594,7.454622896265276e-32
1027440,0.0,-2.1742014987213921e-41,9927.051530792363,0.9967586640797594,7.439137089530095e-32
1027500,0.0,-2.1696359408718502e-41,9927.051530792363,0.9967586640797594,7.423651282794915e-32
1027560,0.0,-2.165070383022308e-41,9927.051530792363,0.9967586640797594,7.408165476059732e-32
1027620,0.0,-2.1605048251727656e-41,9927.051530792363,0.9967586640797594,7.392679669324551e-32
1027680,0.0,-2.1559392673232236e-41,9927.051530792363,0.9967586640797594,7.37719386258937e-32
1027740,0.0,-2.1513737094736814e-41,9927.051530792363,0.9967586640797594,7.361708055854189e-32
1027800,0.0,-2.146808151624139e-41,9927.051530792363,0.9967586640797594,7.346222249119006e-32
1027860,0.0,-2.142242593774597e-41,9927.051530792363,0.9967586640797594,7.330736442383826e-32
1027920,0.0,-2.1376770359250548e-41,9927.051530792363,0.9967586640797594,7.315250635648645e-32
1027980,0.0,-2.1331114780755124e-41,9927.051530792363,0.9967586640797594,7.299764828913462e-32
1028040,0.0,-2.1285459202259704e-41,9927.051530792363,0.9967586640797594,7.284279022178282e-32
1028100,0.0,-2.1239803623764282e-41,9927.051530792363,0.9967586640797594,7.2687932154431e-32
1028160,0.0,-2.1194148045268858e-41,9927.051530792363,0.9967586640797594,7.253307408707919e-32
1028220,0.0,-2.1148492466773439e-41,9927.051530792363,0.9967586640797594,7.237821601972738e-32
1028280,0.0,-2.1102836888278017e-41,9927.051530792363,0.9967586640797594,7.222335795237556e-32
1028340,0.0,-2.1057181309782597e-41,9927.051530792363,0.9967586640797594,7.206849988502376e-32
1028400,0.0,-2.1011525731287173e-41,9927.051530792363,0.9967586640797594,7.191364181767194e-32
1028460,0.0,-2.096587015279175e-41,9927.051530792363,0.9967586640797594,7.175878375032013e-32
1028520,0.0,-2.0920214574296331e-41,9927.051530792363,0.9967586640797594,7.160392568296832e-32
1028580,0.0,-2.0874558995800907e-41,9927.051530792363,0.9967586640797594,7.14490676156165e-32
1028640,0.0,-2.0828903417305485e-41,9927.051530792363,0.9967586640797594,7.129420954826468e-32
1028700,0.0,-2.0783247838810065e-41,9927.051530792363,0.9967586640797594,7.113935148091288e-32
1028760,0.0,-2.073759226031464e-41,9927.051530792363,0.9967586640797594,7.098449341356107e-32
1028820,0.0,-2.069193668181922e-41,9927.051530792363,0.9967586640797594,7.082963534620924e-32
1028880,0.0,-2.06462811033238e-41,9927.051530792363,0.9967586640797594,7.067477727885744e-32
1028940,0.0,-2.0600625524828375e-41,9927.051530792363,0.9967586640797594,7.051991921150562e-32
1029000,0.0,-2.0554969946332956e-41,9927.051530792363,0.9967586640797594,7.036506114415382e-32
1029060,0.0,-2.0509314367837534e-41,9927.051530792363,0.9967586640797594,7.021020307680199e-32
1029120,0.0,-2.046365878934211e-41,9927.051530792363,0.9967586640797594,7.005534500945018e-32
1029180,0.0,-2.041800321084669e-41,9927.051530792363,0.9967586640797594,6.990048694209838e-32
1029240,0.0,-2.0372347632351268e-41,9927.051530792363,0.9967586640797594,6.974562887474656e-32
1029300,0.0,-2.0326692053855843e-41,9927.051530792363,0.9967586640797594,6.959077080739474e-32
1029360,0.0,-2.0281036475360424e-41,9927.051530792363,0.9967586640797594,6.943591274004293e-32
1029420,0.0,-2.0235380896865002e-41,9927.051530792363,0.9967586640797594,6.928105467269112e-32
1029480,0.0,-2.0189725318369577e-41,9927.051530792363,0.9967586640797594,6.91261966053393e-32
1029540,0.0,-2.0144069739874158e-41,9927.051530792363,0.9967586640797594,6.89713385379875e-32
1029600,0.0,-2.0098414161378736e-41,9927.051530792363,0.9967586640797594,6.881648047063568e-32
1029660,0.0,-2.0052758582883312e-41,9927.051530792363,0.9967586640797594,6.866162240328386e-32
1029720,0.0,-2.0007103004387892e-41,9927.051530792363,0.9967586640797594,6.850676433593206e-32
1029780,0.0,-1.996144742589247e-41,9927.051530792363,0.9967586640797594,6.835190626858024e-32
1029840,0.0,-1.991579184739705e-41,9927.051530792363,0.9967586640797594,6.819704820122844e-32
1029900,0.0,-1.9870136268901626e-41,9927.051530792363,0.9967586640797594,6.804219013387661e-32
1029960,0.0,-1.9824480690406204e-41,9927.051530792363,0.9967586640797594,6.78873320665248e-32
1030020,0.0,-1.9778825111910785e-41,9927.051530792363,0.9967586640797594,6.7732473999173e-32
1030080,0.0,-1.973316953341536e-41,9927.051530792363,0.9967586640797594,6.757761593182117e-32
1030140,0.0,-1.9687513954919938e-41,9927.051530792363,0.9967586640797594,6.742275786446936e-32
1030200,0.0,-1.964185837642452e-41,9927.051530792363,0.9967586640797594,6.726789979711755e-32
1030260,0.0,-1.9596202797929094e-41,9927.051530792363,0.9967586640797594,6.711304172976574e-32
1030320,0.0,-1.9550547219433673e-41,9927.051530792363,0.9967586640797594,6.695818366241391e-32
1030380,0.0,-1.9504891640938253e-41,9927.051530792363,0.9967586640797594,6.680332559506211e-32
1030440,0.0,-1.9459236062442829e-41,9927.051530792363,0.9967586640797594,6.66484675277103e-32
1030500,0.0,-1.9413580483947407e-41,9927.051530792363,0.9967586640797594,6.649360946035848e-32
1030560,0.0,-1.9367924905451987e-41,9927.051530792363,0.9967586640797594,6.633875139300668e-32
1030620,0.0,-1.9322269326956563e-41,9927.051530792363,0.9967586640797594,6.618389332565485e-32
1030680,0.0,-1.927661374846114e-41,9927.051530792363,0.9967586640797594,6.602903525830305e-32
1030740,0.0,-1.9230958169965721e-41,9927.051530792363,0.9967586640797594,6.587417719095123e-32
1030800,0.0,-1.91853025914703e-41,9927.051530792363,0.9967586640797594,6.571931912359942e-32
1030860,0.0,-1.9139647012974875e-41,9927.051530792363,0.9967586640797594,6.556446105624761e-32
1030920,0.0,-1.9093991434479455e-41,9927.051530792363,0.9967586640797594,6.540960298889579e-32
1030980,0.0,-1.9048335855984034e-41,9927.051530792363,0.9967586640797594,6.525474492154399e-32
1031040,0.0,-1.900268027748861e-41,9927.051530792363,0.9967586640797594,6.509988685419216e-32
1031100,0.0,-1.895702469899319e-41,9927.051530792363,0.9967586640797594,6.494502878684036e-32
1031160,0.0,-1.8911369120497768e-41,9927.051530792363,0.9967586640797594,6.479017071948854e-32
1031220,0.0,-1.8865713542002346e-41,9927.051530792363,0.9967586640797594,6.463531265213673e-32
1031280,0.0,-1.8820057963506924e-41,9927.051530792363,0.9967586640797594,6.448045458478492e-32
1031340,0.0,-1.8774402385011502e-41,9927.051530792363,0.9967586640797594,6.43255965174331e-32
1031400,0.0,-1.872874680651608e-41,9927.051530792363,0.9967586640797594,6.417073845008129e-32
1031460,0.0,-1.8683091228020658e-41,9927.051530792363,0.9967586640797594,6.401588038272947e-32
1031520,0.0,-1.8637435649525236e-41,9927.051530792363,0.9967586640797594,6.386102231537766e-32
1031580,0.0,-1.8591780071029814e-41,9927.051530792363,0.9967586640797594,6.370616424802585e-32
1031640,0.0,-1.8546124492534395e-41,9927.051530792363,0.9967586640797594,6.355130618067404e-32
1031700,0.0,-1.850046891403897e-41,9927.051530792363,0.9967586640797594,6.339644811332223e-32
1031760,0.0,-1.8454813335543548e-41,9927.051530792363,0.9967586640797594,6.324159004597041e-32
1031820,0.0,-1.8409157757048126e-41,9927.051530792363,0.9967586640797594,6.30867319786186e-32
1031880,0.0,-1.8363502178552704e-41,9927.051530792363,0.9967586640797594,6.293187391126678e-32
1031940,0.0,-1.8317846600057282e-41,9927.051530792363,0.9967586640797594,6.277701584391497e-32
1032000,0.0,-1.827219102156186e-41,9927.051530792363,0.9967586640797594,6.262215777656316e-32
1032060,0.0,-1.822653544306644e-41,9927.051530792363,0.9967586640797594,6.246729970921135e-32
1032120,0.0,-1.8180879864571016e-41,9927.051530792363,0.9967586640797594,6.231244164185954e-32
1032180,0.0,-1.8135224286075594e-41,9927.051530792363,0.9967586640797594,6.215758357450772e-32
1032240,0.0,-1.8089568707580175e-41,9927.051530792363,0.9967586640797594,6.200272550715591e-32
1032300,0.0,-1.804391312908475e-41,9927.051530792363,0.9967586640797594,6.184786743980409e-32
1032360,0.0,-1.7998257550589328e-41,9927.051530792363,0.9967586640797594,6.169300937245228e-32
1032420,0.0,-1.795260197209391e-41,9927.051530792363,0.9967586640797594,6.153815130510046e-32
1032480,0.0,-1.7906946393598487e-41,9927.051530792363,0.9967586640797594,6.138329323774866e-32
1032540,0.0,-1.7861290815103063e-41,9927.051530792363,0.9967586640797594,6.122843517039683e-32
1032600,0.0,-1.7815635236607643e-41,9927.051530792363,0.9967586640797594,6.107357710304503e-32
1032660,0.0,-1.776997965811222e-41,9927.051530792363,0.9967586640797594,6.091871903569322e-32
1032720,0.0,-1.7724324079616797e-41,9927.051530792363,0.9967586640797594,6.07638609683414e-32
1032780,0.0,-1.7678668501121377e-41,9927.051530792363,0.9967586640797594,6.060900290098959e-32
1032840,0.0,-1.7633012922625955e-41,9927.051530792363,0.9967586640797594,6.045414483363777e-32
1032900,0.0,-1.7587357344130533e-41,9927.051530792363,0.9967586640797594,6.029928676628597e-32
1032960,0.0,-1.7541701765635111e-41,9927.051530792363,0.9967586640797594,6.014442869893414e-32
1033020,0.0,-1.749604618713969e-41,9927.051530792363,0.9967586640797594,5.998957063158234e-32
1033080,0.0,-1.7450390608644268e-41,9927.051530792363,0.9967586640797594,5.983471256423053e-32
1033140,0.0,-1.7404735030148846e-41,9927.051530792363,0.9967586640797594,5.967985449687871e-32
1033200,0.0,-1.7359079451653424e-41,9927.051530792363,0.9967586640797594,5.95249964295269e-32
1033260,0.0,-1.7313423873158002e-41,9927.051530792363,0.9967586640797594,5.937013836217508e-32
1033320,0.0,-1.726776829466258e-41,9927.051530792363,0.9967586640797594,5.921528029482328e-32
1033380,0.0,-1.7222112716167158e-41,9927.051530792363,0.9967586640797594,5.906042222747146e-32
1033440,0.0,-1.7176457137671736e-41,9927.051530792363,0.9967586640797594,5.890556416011964e-32
1033500,0.0,-1.7130801559176314e-41,9927.051530792363,0.9967586640797594,5.875070609276784e-32
1033560,0.0,-1.7085145980680892e-41,9927.051530792363,0.9967586640797594,5.859584802541601e-32
1033620,0.0,-1.703949040218547e-41,9927.051530792363,0.9967586640797594,5.844098995806421e-32
1033680,0.0,-1.6993834823690048e-41,9927.051530792363,0.9967586640797594,5.828613189071239e-32
1033740,0.0,-1.6948179245194629e-41,9927.051530792363,0.9967586640797594,5.813127382336058e-32
1033800,0.0,-1.6902523666699204e-41,9927.051530792363,0.9967586640797594,5.797641575600877e-32
1033860,0.0,-1.6856868088203782e-41,9927.051530792363,0.9967586640797594,5.782155768865695e-32
1033920,0.0,-1.6811212509708363e-41,9927.051530792363,0.9967586640797594,5.766669962130515e-32
1033980,0.0,-1.6765556931212938e-41,9927.051530792363,0.9967586640797594,5.751184155395332e-32
1034040,0.0,-1.6719901352717516e-41,9927.051530792363,0.9967586640797594,5.735698348660152e-32
1034100,0.0,-1.6674245774222097e-41,9927.051530792363,0.9967586640797594,5.72021254192497e-32
1034160,0.0,-1.6628590195726675e-41,9927.051530792363,0.9967586640797594,5.704726735189789e-32
1034220,0.0,-1.658293461723125e-41,9927.051530792363,0.9967586640797594,5.689240928454608e-32
1034280,0.0,-1.653727903873583e-41,9927.051530792363,0.9967586640797594,5.673755121719426e-32
1034340,0.0,-1.649162346024041e-41,9927.051530792363,0.9967586640797594,5.658269314984246e-32
1034400,0.0,-1.6445967881744987e-41,9927.051530792363,0.9967586640797594,5.642783508249064e-32
1034460,0.0,-1.6400312303249565e-41,9927.051530792363,0.9967586640797594,5.627297701513882e-32
1034520,0.0,-1.6354656724754143e-41,9927.051530792363,0.9967586640797594,5.611811894778701e-32
1034580,0.0,-1.630900114625872e-41,9927.051530792363,0.9967586640797594,5.59632608804352e-32
1034640,0.0,-1.62633455677633e-41,9927.051530792363,0.9967586640797594,5.580840281308339e-32
1034700,0.0,-1.6217689989267877e-41,9927.051530792363,0.9967586640797594,5.565354474573157e-32
1034760,0.0,-1.6172034410772455e-41,9927.051530792363,0.9967586640797594,5.549868667837976e-32
1034820,0.0,-1.6126378832277033e-41,9927.051530792363,0.9967586640797594,5.534382861102795e-32
1034880,0.0,-1.6080723253781611e-41,9927.051530792363,0.9967586640797594,5.518897054367613e-32
1034940,0.0,-1.603506767528619e-41,9927.051530792363,0.9967586640797594,5.503411247632432e-32
1035000,0.0,-1.5989412096790767e-41,9927.051530792363,0.9967586640797594,5.487925440897251e-32
1035060,0.0,-1.5943756518295345e-41,9927.051530792363,0.9967586640797594,5.47243963416207e-32
1035120,0.0,-1.5898100939799923e-41,9927.051530792363,0.9967586640797594,5.456953827426888e-32
1035180,0.0,-1.5852445361304502e-41,9927.051530792363,0.9967586640797594,5.441468020691707e-32
1035240,0.0,-1.5806789782809082e-41,9927.051530792363,0.9967586640797594,5.425982213956526e-32
1035300,0.0,-1.5761134204313658e-41,9927.051530792363,0.9967586640797594,5.410496407221344e-32
1035360,0.0,-1.5715478625818236e-41,9927.051530792363,0.9967586640797594,5.395010600486163e-32
1035420,0.0,-1.5669823047322816e-41,9927.051530792363,0.9967586640797594,5.379524793750982e-32
1035480,0.0,-1.5624167468827392e-41,9927.051530792363,0.9967586640797594,5.364038987015801e-32
1035540,0.0,-1.557851189033197e-41,9927.051530792363,0.9967586640797594,5.348553180280619e-32
1035600,0.0,-1.553285631183655e-41,9927.051530792363,0.9967586640797594,5.333067373545438e-32
1035660,0.0,-1.5487200733341128e-41,9927.051530792363,0.9967586640797594,5.317581566810256e-32
1035720,0.0,-1.5441545154845704e-41,9927.051530792363,0.9967586640797594,5.302095760075075e-32
1035780,0.0,-1.5395889576350284e-41,9927.051530792363,0.9967586640797594,5.286609953339893e-32
1035840,0.0,-1.5350233997854863e-41,9927.051530792363,0.9967586640797594,5.271124146604713e-32
1035900,0.0,-1.5304578419359438e-41,9927.051530792363,0.9967586640797594,5.25563833986953e-32
1035960,0.0,-1.5258922840864019e-41,9927.051530792363,0.9967586640797594,5.24015253313435e-32
1036020,0.0,-1.5213267262368597e-41,9927.051530792363,0.9967586640797594,5.224666726399169e-32
1036080,0.0,-1.5167611683873175e-41,9927.051530792363,0.9967586640797594,5.209180919663987e-32
1036140,0.0,-1.5121956105377753e-41,9927.051530792363,0.9967586640797594,5.193695112928806e-32
1036200,0.0,-1.507630052688233e-41,9927.051530792363,0.9967586640797594,5.178209306193624e-32
1036260,0.0,-1.503064494838691e-41,9927.051530792363,0.9967586640797594,5.162723499458444e-32
1036320,0.0,-1.4984989369891487e-41,9927.051530792363,0.9967586640797594,5.147237692723261e-32
1036380,0.0,-1.4939333791396065e-41,9927.051530792363,0.9967586640797594,5.131751885988081e-32
1036440,0.0,-1.4893678212900643e-41,9927.051530792363,0.9967586640797594,5.1162660792529e-32
1036500,0.0,-1.484802263440522e-41,9927.051530792363,0.9967586640797594,5.100780272517718e-32
1036560,0.0,-1.48023670559098e-41,9927.051530792363,0.9967586640797594,5.085294465782537e-32
1036620,0.0,-1.4756711477414377e-41,9927.051530792363,0.9967586640797594,5.069808659047355e-32
1036680,0.0,-1.4711055898918955e-41,9927.051530792363,0.9967586640797594,5.054322852312174e-32
1036740,0.0,-1.4665400320423533e-41,9927.051530792363,0.9967586640797594,5.038837045576992e-32
1036800,0.0,-1.461974474192811e-41,9927.051530792363,0.9967586640797594,5.023351238841811e-32
1036860,0.0,-1.457408916343269e-41,9927.051530792363,0.9967586640797594,5.007865432106631e-32
1036920,0.0,-1.452843358493727e-41,9927.051530792363,0.9967586640797594,4.992379625371449e-32
1036980,0.0,-1.4482778006441845e-41,9927.051530792363,0.9967586640797594,4.976893818636267e-32
1037040,0.0,-1.4437122427946423e-41,9927.051530792363,0.9967586640797594,4.961408011901086e-32
1037100,0.0,-1.4391466849451004e-41,9927.051530792363,0.9967586640797594,4.945922205165906e-32
1037160,0.0,-1.434581127095558e-41,9927.051530792363,0.9967586640797594,4.930436398430723e-32
1037220,0.0,-1.4300155692460157e-41,9927.051530792363,0.9967586640797594,4.9149505916955426e-32
1037280,0.0,-1.4254500113964738e-41,9927.051530792363,0.9967586640797594,4.899464784960361e-32
1037340,0.0,-1.4208844535469316e-41,9927.051530792363,0.9967586640797594,4.88397897822518e-32
1037400,0.0,-1.4163188956973892e-41,9927.051530792363,0.9967586640797594,4.868493171489998e-32
1037460,0.0,-1.4117533378478472e-41,9927.051530792363,0.9967586640797594,4.8530073647548174e-32
1037520,0.0,-1.407187779998305e-41,9927.051530792363,0.9967586640797594,4.837521558019636e-32
1037580,0.0,-1.4026222221487626e-41,9927.051530792363,0.9967586640797594,4.8220357512844545e-32
1037640,0.0,-1.3980566642992206e-41,9927.051530792363,0.9967586640797594,4.806549944549273e-32
1037700,0.0,-1.3934911064496784e-41,9927.051530792363,0.9967586640797594,4.791064137814092e-32
1037760,0.0,-1.3889255486001362e-41,9927.051530792363,0.9967586640797594,4.775578331078911e-32
1037820,0.0,-1.384359990750594e-41,9927.051530792363,0.9967586640797594,4.7600925243437293e-32
1037880,0.0,-1.3797944329010518e-41,9927.051530792363,0.9967586640797594,4.7446067176085484e-32
1037940,0.0,-1.3752288750515097e-41,9927.051530792363,0.9967586640797594,4.729120910873367e-32
1038000,0.0,-1.3706633172019675e-41,9927.051530792363,0.9967586640797594,4.713635104138186e-32
1038060,0.0,-1.3660977593524253e-41,9927.051530792363,0.9967586640797594,4.698149297403004e-32
1038120,0.0,-1.361532201502883e-41,9927.051530792363,0.9967586640797594,4.682663490667823e-32
1038180,0.0,-1.3569666436533409e-41,9927.051530792363,0.9967586640797594,4.667177683932642e-32
1038240,0.0,-1.3524010858037987e-41,9927.051530792363,0.9967586640797594,4.6516918771974603e-32
1038300,0.0,-1.3478355279542565e-41,9927.051530792363,0.9967586640797594,4.636206070462279e-32
1038360,0.0,-1.3432699701047143e-41,9927.051530792363,0.9967586640797594,4.620720263727098e-32
1038420,0.0,-1.3387044122551723e-41,9927.051530792363,0.9967586640797594,4.605234456991917e-32
1038480,0.0,-1.33413885440563e-41,9927.051530792363,0.9967586640797594,4.589748650256735e-32
1038540,0.0,-1.3295732965560877e-41,9927.051530792363,0.9967586640797594,4.574262843521554e-32
1038600,0.0,-1.3250077387065458e-41,9927.051530792363,0.9967586640797594,4.558777036786373e-32
1038660,0.0,-1.3204421808570033e-41,9927.051530792363,0.9967586640797594,4.543291230051191e-32
1038720,0.0,-1.315876623007461e-41,9927.051530792363,0.9967586640797594,4.52780542331601e-32
1038780,0.0,-1.3113110651579192e-41,9927.051530792363,0.9967586640797594,4.512319616580829e-32
1038840,0.0,-1.306745507308377e-41,9927.051530792363,0.9967586640797594,4.4968338098456475e-32
1038900,0.0,-1.3021799494588345e-41,9927.051530792363,0.9967586640797594,4.481348003110466e-32
1038960,0.0,-1.2976143916092926e-41,9927.051530792363,0.9967586640797594,4.4658621963752846e-32
1039020,0.0,-1.2930488337597504e-41,9927.051530792363,0.9967586640797594,4.450376389640104e-32
1039080,0.0,-1.288483275910208e-41,9927.051530792363,0.9967586640797594,4.434890582904922e-32
1039140,0.0,-1.283917718060666e-41,9927.051530792363,0.9967586640797594,4.419404776169741e-32
1039200,0.0,-1.2793521602111238e-41,9927.051530792363,0.9967586640797594,4.4039189694345594e-32
1039260,0.0,-1.2747866023615816e-41,9927.051530792363,0.9967586640797594,4.3884331626993785e-32
1039320,0.0,-1.2702210445120394e-41,9927.051530792363,0.9967586640797594,4.3729473559641965e-32
1039380,0.0,-1.2656554866624972e-41,9927.051530792363,0.9967586640797594,4.3574615492290156e-32
1039440,0.0,-1.261089928812955e-41,9927.051530792363,0.9967586640797594,4.341975742493835e-32
1039500,0.0,-1.2565243709634128e-41,9927.051530792363,0.9967586640797594,4.326489935758653e-32
1039560,0.0,-1.2519588131138706e-41,9927.051530792363,0.9967586640797594,4.311004129023472e-32
1039620,0.0,-1.2473932552643284e-41,9927.051530792363,0.9967586640797594,4.2955183222882904e-32
1039680,0.0,-1.2428276974147862e-41,9927.051530792363,0.9967586640797594,4.2800325155531095e-32
1039740,0.0,-1.238262139565244e-41,9927.051530792363,0.9967586640797594,4.2645467088179275e-32
1039800,0.0,-1.2336965817157018e-41,9927.051530792363,0.9967586640797594,4.2490609020827467e-32
1039860,0.0,-1.2291310238661596e-41,9927.051530792363,0.9967586640797594,4.233575095347565e-32
1039920,0.0,-1.2245654660166174e-41,9927.051530792363,0.9967586640797594,4.218089288612384e-32
1039980,0.0,-1.2199999081670752e-41,9927.051530792363,0.9967586640797594,4.2026034818772023e-32
1040040,0.0,-1.215434350317533e-41,9927.051530792363,0.9967586640797594,4.1871176751420214e-32
1040100,0.0,-1.210868792467991e-41,9927.051530792363,0.9967586640797594,4.1716318684068405e-32
1040160,0.0,-1.2063032346184487e-41,9927.051530792363,0.9967586640797594,4.1561460616716586e-32
1040220,0.0,-1.2017376767689065e-41,9927.051530792363,0.9967586640797594,4.140660254936477e-32
1040280,0.0,-1.1971721189193645e-41,9927.051530792363,0.9967586640797594,4.125174448201296e-32
1040340,0.0,-1.192606561069822e-41,9927.051530792363,0.9967586640797594,4.109688641466114e-32
1040400,0.0,-1.18804100322028e-41,9927.051530792363,0.9967586640797594,4.0942028347309333e-32
1040460,0.0,-1.183475445370738e-41,9927.051530792363,0.9967586640797594,4.0787170279957524e-32
1040520,0.0,-1.1789098875211957e-41,9927.051530792363,0.9967586640797594,4.063231221260571e-32
1040580,0.0,-1.1743443296716533e-41,9927.051530792363,0.9967586640797594,4.0477454145253896e-32
1040640,0.0,-1.1697787718221113e-41,9927.051530792363,0.9967586640797594,4.032259607790208e-32
1040700,0.0,-1.1652132139725692e-41,9927.051530792363,0.9967586640797594,4.016773801055027e-32
1040760,0.0,-1.1606476561230267e-41,9927.051530792363,0.9967586640797594,4.001287994319845e-32
1040820,0.0,-1.1560820982734848e-41,9927.051530792363,0.9967586640797594,3.9858021875846644e-32
1040880,0.0,-1.1515165404239426e-41,9927.051530792363,0.9967586640797594,3.970316380849483e-32
1040940,0.0,-1.1469509825744004e-41,9927.051530792363,0.9967586640797594,3.954830574114302e-32
1041000,0.0,-1.142385424724858e-41,9927.051530792363,0.9967586640797594,3.93934476737912e-32
1041060,0.0,-1.137819866875316e-41,9927.051530792363,0.9967586640797594,3.923858960643939e-32
1041120,0.0,-1.1332543090257738e-41,9927.051530792363,0.9967586640797594,3.908373153908758e-32
1041180,0.0,-1.1286887511762315e-41,9927.051530792363,0.9967586640797594,3.892887347173576e-32
1041240,0.0,-1.1241231933266894e-41,9927.051530792363,0.9967586640797594,3.8774015404383954e-32
1041300,0.0,-1.1195576354771472e-41,9927.051530792363,0.9967586640797594,3.861915733703214e-32
1041360,0.0,-1.1149920776276051e-41,9927.051530792363,0.9967586640797594,3.846429926968033e-32
1041420,0.0,-1.1104265197780628e-41,9927.051530792363,0.9967586640797594,3.830944120232851e-32
1041480,0.0,-1.1058609619285206e-41,9927.051530792363,0.9967586640797594,3.81545831349767e-32
1041540,0.0,-1.1012954040789785e-41,9927.051530792363,0.9967586640797594,3.7999725067624887e-32
1041600,0.0,-1.0967298462294363e-41,9927.051530792363,0.9967586640797594,3.784486700027308e-32
1041660,0.0,-1.092164288379894e-41,9927.051530792363,0.9967586640797594,3.769000893292126e-32
1041720,0.0,-1.087598730530352e-41,9927.051530792363,0.9967586640797594,3.753515086556945e-32
1041780,0.0,-1.0830331726808098e-41,9927.051530792363,0.9967586640797594,3.738029279821764e-32
1041840,0.0,-1.0784676148312674e-41,9927.051530792363,0.9967586640797594,3.722543473086582e-32
1041900,0.0,-1.0739020569817254e-41,9927.051530792363,0.9967586640797594,3.7070576663514006e-32
1041960,0.0,-1.0693364991321832e-41,9927.051530792363,0.9967586640797594,3.6915718596162197e-32
1042020,0.0,-1.0647709412826411e-41,9927.051530792363,0.9967586640797594,3.676086052881039e-32
1042080,0.0,-1.0602053834330986e-41,9927.051530792363,0.9967586640797594,3.660600246145857e-32
1042140,0.0,-1.0556398255835566e-41,9927.051530792363,0.9967586640797594,3.645114439410676e-32
1042200,0.0,-1.0510742677340145e-41,9927.051530792363,0.9967586640797594,3.6296286326754945e-32
1042260,0.0,-1.046508709884472e-41,9927.051530792363,0.9967586640797594,3.614142825940313e-32
1042320,0.0,-1.04194315203493e-41,9927.051530792363,0.9967586640797594,3.5986570192051316e-32
1042380,0.0,-1.0373775941853879e-41,9927.051530792363,0.9967586640797594,3.5831712124699507e-32
1042440,0.0,-1.0328120363358457e-41,9927.051530792363,0.9967586640797594,3.5676854057347693e-32
1042500,0.0,-1.0282464784863034e-41,9927.051530792363,0.9967586640797594,3.552199598999588e-32
1042560,0.0,-1.0236809206367613e-41,9927.051530792363,0.9967586640797594,3.5367137922644064e-32
1042620,0.0,-1.0191153627872191e-41,9927.051530792363,0.9967586640797594,3.5212279855292255e-32
1042680,0.0,-1.0145498049376768e-41,9927.051530792363,0.9967586640797594,3.5057421787940435e-32
1042740,0.0,-1.0099842470881346e-41,9927.051530792363,0.9967586640797594,3.4902563720588626e-32
1042800,0.0,-1.0054186892385926e-41,9927.051530792363,0.9967586640797594,3.474770565323682e-32
1042860,0.0,-1.0008531313890505e-41,9927.051530792363,0.9967586640797594,3.4592847585885003e-32
1042920,0.0,-9.96287573539508e-42,9927.051530792363,0.9967586640797594,3.443798951853319e-32
1042980,0.0,-9.91722015689966e-42,9927.051530792363,0.9967586640797594,3.4283131451181374e-32
1043040,0.0,-9.871564578404239e-42,9927.051530792363,0.9967586640797594,3.4128273383829565e-32
1043100,0.0,-9.825908999908814e-42,9927.051530792363,0.9967586640797594,3.3973415316477745e-32
1043160,0.0,-9.780253421413394e-42,9927.051530792363,0.9967586640797594,3.3818557249125936e-32
1043220,0.0,-9.734597842917973e-42,9927.051530792363,0.9967586640797594,3.366369918177412e-32
1043280,0.0,-9.688942264422551e-42,9927.051530792363,0.9967586640797594,3.3508841114422313e-32
1043340,0.0,-9.643286685927129e-42,9927.051530792363,0.9967586640797594,3.33539830470705e-32
1043400,0.0,-9.597631107431706e-42,9927.051530792363,0.9967586640797594,3.3199124979718684e-32
1043460,0.0,-9.551975528936284e-42,9927.051530792363,0.9967586640797594,3.304426691236687e-32
1043520,0.0,-9.506319950440863e-42,9927.051530792363,0.9967586640797594,3.2889408845015055e-32
1043580,0.0,-9.46066437194544e-42,9927.051530792363,0.9967586640797594,3.273455077766324e-32
1043640,0.0,-9.41500879345002e-42,9927.051530792363,0.9967586640797594,3.257969271031143e-32
1043700,0.0,-9.369353214954597e-42,9927.051530792363,0.9967586640797594,3.242483464295962e-32
1043760,0.0,-9.323697636459175e-42,9927.051530792363,0.9967586640797594,3.226997657560781e-32
1043820,0.0,-9.278042057963753e-42,9927.051530792363,0.9967586640797594,3.2115118508255994e-32
1043880,0.0,-9.232386479468332e-42,9927.051530792363,0.9967586640797594,3.196026044090418e-32
1043940,0.0,-9.18673090097291e-42,9927.051530792363,0.9967586640797594,3.1805402373552365e-32
1044000,0.0,-9.141075322477488e-42,9927.051530792363,0.9967586640797594,3.165054430620055e-32
1044060,0.0,-9.095419743982066e-42,9927.051530792363,0.9967586640797594,3.149568623884874e-32
1044120,0.0,-9.049764165486644e-42,9927.051530792363,0.9967586640797594,3.134082817149693e-32
1044180,0.0,-9.004108586991223e-42,9927.051530792363,0.9967586640797594,3.1185970104145113e-32
1044240,0.0,-8.9584530084958e-42,9927.051530792363,0.9967586640797594,3.10311120367933e-32
1044300,0.0,-8.912797430000379e-42,9927.051530792363,0.9967586640797594,3.087625396944149e-32
1044360,0.0,-8.867141851504957e-42,9927.051530792363,0.9967586640797594,3.0721395902089675e-32
1044420,0.0,-8.821486273009534e-42,9927.051530792363,0.9967586640797594,3.056653783473786e-32
1044480,0.0,-8.775830694514113e-42,9927.051530792363,0.9967586640797594,3.041167976738605e-32
1044540,0.0,-8.730175116018691e-42,9927.051530792363,0.9967586640797594,3.025682170003424e-32
1044600,0.0,-8.684519537523269e-42,9927.051530792363,0.9967586640797594,3.0101963632682423e-32
1044660,0.0,-8.638863959027847e-42,9927.051530792363,0.9967586640797594,2.994710556533061e-32
1044720,0.0,-8.593208380532425e-42,9927.051530792363,0.9967586640797594,2.97922474979788e-32
1044780,0.0,-8.547552802037003e-42,9927.051530792363,0.9967586640797594,2.9637389430626986e-32
1044840,0.0,-8.501897223541581e-42,9927.051530792363,0.9967586640797594,2.948253136327517e-32
1044900,0.0,-8.45624164504616e-42,9927.051530792363,0.9967586640797594,2.9327673295923357e-32
1044960,0.0,-8.410586066550738e-42,9927.051530792363,0.9967586640797594,2.917281522857154e-32
1045020,0.0,-8.364930488055317e-42,9927.051530792363,0.9967586640797594,2.9017957161219733e-32
1045080,0.0,-8.319274909559894e-42,9927.051530792363,0.9967586640797594,2.886309909386792e-32
1045140,0.0,-8.273619331064473e-42,9927.051530792363,0.9967586640797594,2.8708241026516105e-32
1045200,0.0,-8.227963752569051e-42,9927.051530792363,0.9967586640797594,2.855338295916429e-32
1045260,0.0,-8.182308174073628e-42,9927.051530792363,0.9967586640797594,2.8398524891812476e-32
1045320,0.0,-8.136652595578207e-42,9927.051530792363,0.9967586640797594,2.8243666824460667e-32
1045380,0.0,-8.090997017082785e-42,9927.051530792363,0.9967586640797594,2.808880875710885e-32
1045440,0.0,-8.045341438587363e-42,9927.051530792363,0.9967586640797594,2.7933950689757043e-32
1045500,0.0,-7.999685860091941e-42,9927.051530792363,0.9967586640797594,2.777909262240523e-32
1045560,0.0,-7.954030281596519e-42,9927.051530792363,0.9967586640797594,2.7624234555053415e-32
1045620,0.0,-7.908374703101097e-42,9927.051530792363,0.9967586640797594,2.74693764877016e-32
1045680,0.0,-7.862719124605675e-42,9927.051530792363,0.9967586640797594,2.7314518420349786e-32
1045740,0.0,-7.817063546110253e-42,9927.051530792363,0.9967586640797594,2.7159660352997977e-32
1045800,0.0,-7.771407967614831e-42,9927.051530792363,0.9967586640797594,2.700480228564616e-32
1045860,0.0,-7.725752389119411e-42,9927.051530792363,0.9967586640797594,2.684994421829435e-32
1045920,0.0,-7.680096810623987e-42,9927.051530792363,0.9967586640797594,2.6695086150942534e-32
1045980,0.0,-7.634441232128567e-42,9927.051530792363,0.9967586640797594,2.6540228083590725e-32
1046040,0.0,-7.588785653633145e-42,9927.051530792363,0.9967586640797594,2.638537001623891e-32
1046100,0.0,-7.543130075137723e-42,9927.051530792363,0.9967586640797594,2.62305119488871e-32
1046160,0.0,-7.497474496642301e-42,9927.051530792363,0.9967586640797594,2.6075653881535287e-32
1046220,0.0,-7.451818918146879e-42,9927.051530792363,0.9967586640797594,2.5920795814183467e-32
1046280,0.0,-7.406163339651457e-42,9927.051530792363,0.9967586640797594,2.576593774683166e-32
1046340,0.0,-7.360507761156035e-42,9927.051530792363,0.9967586640797594,2.5611079679479844e-32
1046400,0.0,-7.314852182660613e-42,9927.051530792363,0.9967586640797594,2.5456221612128035e-32
1046460,0.0,-7.269196604165191e-42,9927.051530792363,0.9967586640797594,2.530136354477622e-32
1046520,0.0,-7.22354102566977e-42,9927.051530792363,0.9967586640797594,2.5146505477424406e-32
1046580,0.0,-7.177885447174347e-42,9927.051530792363,0.9967586640797594,2.499164741007259e-32
1046640,0.0,-7.132229868678925e-42,9927.051530792363,0.9967586640797594,2.4836789342720777e-32
1046700,0.0,-7.086574290183505e-42,9927.051530792363,0.9967586640797594,2.468193127536897e-32
1046760,0.0,-7.040918711688081e-42,9927.051530792363,0.9967586640797594,2.4527073208017154e-32
1046820,0.0,-6.995263133192661e-42,9927.051530792363,0.9967586640797594,2.4372215140665342e-32
1046880,0.0,-6.949607554697239e-42,9927.051530792363,0.9967586640797594,2.4217357073313528e-32
1046940,0.0,-6.903951976201817e-42,9927.051530792363,0.9967586640797594,2.4062499005961716e-32
1047000,0.0,-6.858296397706395e-42,9927.051530792363,0.9967586640797594,2.3907640938609902e-32
1047060,0.0,-6.812640819210973e-42,9927.051530792363,0.9967586640797594,2.3752782871258087e-32
1047120,0.0,-6.766985240715551e-42,9927.051530792363,0.9967586640797594,2.3597924803906276e-32
1047180,0.0,-6.721329662220129e-42,9927.051530792363,0.9967586640797594,2.344306673655446e-32
1047240,0.0,-6.675674083724707e-42,9927.051530792363,0.9967586640797594,2.328820866920265e-32
1047300,0.0,-6.630018505229285e-42,9927.051530792363,0.9967586640797594,2.3133350601850835e-32
1047360,0.0,-6.584362926733864e-42,9927.051530792363,0.9967586640797594,2.2978492534499026e-32
1047420,0.0,-6.538707348238441e-42,9927.051530792363,0.9967586640797594,2.2823634467147212e-32
1047480,0.0,-6.493051769743019e-42,9927.051530792363,0.9967586640797594,2.2668776399795395e-32
1047540,0.0,-6.447396191247598e-42,9927.051530792363,0.9967586640797594,2.2513918332443586e-32
1047600,0.0,-6.401740612752175e-42,9927.051530792363,0.9967586640797594,2.235906026509177e-32
1047660,0.0,-6.356085034256755e-42,9927.051530792363,0.9967586640797594,2.220420219773996e-32
1047720,0.0,-6.310429455761333e-42,9927.051530792363,0.9967586640797594,2.2049344130388145e-32
1047780,0.0,-6.26477387726591e-42,9927.051530792363,0.9967586640797594,2.1894486063036334e-32
1047840,0.0,-6.219118298770489e-42,9927.051530792363,0.9967586640797594,2.173962799568452e-32
1047900,0.0,-6.173462720275067e-42,9927.051530792363,0.9967586640797594,2.1584769928332707e-32
1047960,0.0,-6.127807141779645e-42,9927.051530792363,0.9967586640797594,2.1429911860980893e-32
1048020,0.0,-6.082151563284223e-42,9927.051530792363,0.9967586640797594,2.127505379362908e-32
1048080,0.0,-6.036495984788801e-42,9927.051530792363,0.9967586640797594,2.1120195726277267e-32
1048140,0.0,-5.990840406293379e-42,9927.051530792363,0.9967586640797594,2.0965337658925453e-32
1048200,0.0,-5.945184827797958e-42,9927.051530792363,0.9967586640797594,2.0810479591573644e-32
1048260,0.0,-5.899529249302535e-42,9927.051530792363,0.9967586640797594,2.0655621524221826e-32
1048320,0.0,-5.853873670807114e-42,9927.051530792363,0.9967586640797594,2.0500763456870018e-32
1048380,0.0,-5.808218092311692e-42,9927.051530792363,0.9967586640797594,2.0345905389518203e-32
1048440,0.0,-5.762562513816269e-42,9927.051530792363,0.9967586640797594,2.019104732216639e-32
1048500,0.0,-5.7169069353208484e-42,9927.051530792363,0.9967586640797594,2.0036189254814577e-32
1048560,0.0,-5.671251356825426e-42,9927.051530792363,0.9967586640797594,1.9881331187462763e-32
1048620,0.0,-5.6255957783300044e-42,9927.051530792363,0.9967586640797594,1.972647312011095e-32
1048680,0.0,-5.5799401998345825e-42,9927.051530792363,0.9967586640797594,1.9571615052759137e-32
1048740,0.0,-5.534284621339161e-42,9927.051530792363,0.9967586640797594,1.9416756985407325e-32
1048800,0.0,-5.4886290428437386e-42,9927.051530792363,0.9967586640797594,1.926189891805551e-32
1048860,0.0,-5.442973464348316e-42,9927.051530792363,0.9967586640797594,1.9107040850703696e-32
1048920,0.0,-5.397317885852895e-42,9927.051530792363,0.9967586640797594,1.8952182783351884e-32
1048980,0.0,-5.351662307357473e-42,9927.051530792363,0.9967586640797594,1.879732471600007e-32
1049040,0.0,-5.3060067288620514e-42,9927.051530792363,0.9967586640797594,1.864246664864826e-32
1049100,0.0,-5.2603511503666294e-42,9927.051530792363,0.9967586640797594,1.8487608581296444e-32
1049160,0.0,-5.214695571871208e-42,9927.051530792363,0.9967586640797594,1.8332750513944635e-32
1049220,0.0,-5.1690399933757855e-42,9927.051530792363,0.9967586640797594,1.817789244659282e-32
1049280,0.0,-5.123384414880363e-42,9927.051530792363,0.9967586640797594,1.8023034379241006e-32
1049340,0.0,-5.077728836384942e-42,9927.051530792363,0.9967586640797594,1.7868176311889194e-32
1049400,0.0,-5.0320732578895196e-42,9927.051530792363,0.9967586640797594,1.771331824453738e-32
1049460,0.0,-4.986417679394098e-42,9927.051530792363,0.9967586640797594,1.7558460177185568e-32
1049520,0.0,-4.940762100898676e-42,9927.051530792363,0.9967586640797594,1.7403602109833754e-32
1049580,0.0,-4.895106522403255e-42,9927.051530792363,0.9967586640797594,1.7248744042481942e-32
1049640,0.0,-4.8494509439078324e-42,9927.051530792363,0.9967586640797594,1.7093885975130128e-32
1049700,0.0,-4.8037953654124105e-42,9927.051530792363,0.9967586640797594,1.6939027907778316e-32
1049760,0.0,-4.758139786916989e-42,9927.051530792363,0.9967586640797594,1.6784169840426502e-32
1049820,0.0,-4.712484208421567e-42,9927.051530792363,0.9967586640797594,1.662931177307469e-32
1049880,0.0,-4.666828629926145e-42,9927.051530792363,0.9967586640797594,1.6474453705722878e-32
1049940,0.0,-4.621173051430723e-42,9927.051530792363,0.9967586640797594,1.6319595638371064e-32
1050000,0.0,-4.575517472935301e-42,9927.051530792363,0.9967586640797594,1.616473757101925e-32
1050060,0.0,-4.5298618944398794e-42,9927.051530792363,0.9967586640797594,1.6009879503667438e-32
1050120,0.0,-4.4842063159444574e-42,9927.051530792363,0.9967586640797594,1.5855021436315624e-32
1050180,0.0,-4.4385507374490354e-42,9927.051530792363,0.9967586640797594,1.5700163368963812e-32
1050240,0.0,-4.392895158953614e-42,9927.051530792363,0.9967586640797594,1.5545305301611998e-32
1050300,0.0,-4.347239580458192e-42,9927.051530792363,0.9967586640797594,1.5390447234260186e-32
1050360,0.0,-4.30158400196277e-42,9927.051530792363,0.9967586640797594,1.5235589166908374e-32
1050420,0.0,-4.255928423467348e-42,9927.051530792363,0.9967586640797594,1.508073109955656e-32
1050480,0.0,-4.210272844971926e-42,9927.051530792363,0.9967586640797594,1.4925873032204745e-32
1050540,0.0,-4.1646172664765043e-42,9927.051530792363,0.9967586640797594,1.4771014964852934e-32
1050600,0.0,-4.1189616879810824e-42,9927.051530792363,0.9967586640797594,1.461615689750112e-32
1050660,0.0,-4.073306109485661e-42,9927.051530792363,0.9967586640797594,1.4461298830149308e-32
1050720,0.0,-4.027650530990239e-42,9927.051530792363,0.9967586640797594,1.4306440762797493e-32
1050780,0.0,-3.981994952494817e-42,9927.051530792363,0.9967586640797594,1.4151582695445682e-32
1050840,0.0,-3.936339373999395e-42,9927.051530792363,0.9967586640797594,1.399672462809387e-32
1050900,0.0,-3.890683795503973e-42,9927.051530792363,0.9967586640797594,1.3841866560742055e-32
1050960,0.0,-3.845028217008551e-42,9927.051530792363,0.9967586640797594,1.368700849339024e-32
1051020,0.0,-3.799372638513129e-42,9927.051530792363,0.9967586640797594,1.353215042603843e-32
1051080,0.0,-3.753717060017708e-42,9927.051530792363,0.9967586640797594,1.3377292358686615e-32
1051140,0.0,-3.708061481522286e-42,9927.051530792363,0.9967586640797594,1.3222434291334803e-32
1051200,0.0,-3.662405903026864e-42,9927.051530792363,0.9967586640797594,1.3067576223982992e-32
1051260,0.0,-3.616750324531442e-42,9927.051530792363,0.9967586640797594,1.2912718156631177e-32
1051320,0.0,-3.57109474603602e-42,9927.051530792363,0.9967586640797594,1.2757860089279363e-32
1051380,0.0,-3.525439167540598e-42,9927.051530792363,0.9967586640797594,1.2603002021927548e-32
1051440,0.0,-3.479783589045176e-42,9927.051530792363,0.9967586640797594,1.244814395457574e-32
1051500,0.0,-3.434128010549755e-42,9927.051530792363,0.9967586640797594,1.2293285887223925e-32
1051560,0.0,-3.388472432054333e-42,9927.051530792363,0.9967586640797594,1.2138427819872112e-32
1051620,0.0,-3.342816853558911e-42,9927.051530792363,0.9967586640797594,1.1983569752520299e-32
1051680,0.0,-3.297161275063489e-42,9927.051530792363,0.9967586640797594,1.1828711685168486e-32
1051740,0.0,-3.251505696568068e-42,9927.051530792363,0.9967586640797594,1.1673853617816673e-32
1051800,0.0,-3.205850118072645e-42,9927.051530792363,0.9967586640797594,1.1518995550464858e-32
1051860,0.0,-3.160194539577223e-42,9927.051530792363,0.9967586640797594,1.1364137483113047e-32
1051920,0.0,-3.114538961081802e-42,9927.051530792363,0.9967586640797594,1.1209279415761234e-32
1051980,0.0,-3.06888338258638e-42,9927.051530792363,0.9967586640797594,1.1054421348409421e-32
1052040,0.0,-3.023227804090958e-42,9927.051530792363,0.9967586640797594,1.0899563281057608e-32
1052100,0.0,-2.977572225595536e-42,9927.051530792363,0.9967586640797594,1.0744705213705795e-32
1052160,0.0,-2.9319166471001146e-42,9927.051530792363,0.9967586640797594,1.0589847146353982e-32
1052220,0.0,-2.886261068604692e-42,9927.051530792363,0.9967586640797594,1.0434989079002167e-32
1052280,0.0,-2.8406054901092704e-42,9927.051530792363,0.9967586640797594,1.0280131011650356e-32
1052340,0.0,-2.7949499116138484e-42,9927.051530792363,0.9967586640797594,1.0125272944298542e-32
1052400,0.0,-2.7492943331184268e-42,9927.051530792363,0.9967586640797594,9.97041487694673e-33
1052460,0.0,-2.7036387546230048e-42,9927.051530792363,0.9967586640797594,9.815556809594916e-33
1052520,0.0,-2.6579831761275832e-42,9927.051530792363,0.9967586640797594,9.660698742243103e-33
1052580,0.0,-2.6123275976321612e-42,9927.051530792363,0.9967586640797594,9.50584067489129e-33
1052640,0.0,-2.5666720191367396e-42,9927.051530792363,0.9967586640797594,9.350982607539479e-33
1052700,0.0,-2.521016440641317e-42,9927.051530792363,0.9967586640797594,9.196124540187663e-33
1052760,0.0,-2.4753608621458954e-42,9927.051530792363,0.9967586640797594,9.041266472835851e-33
1052820,0.0,-2.4297052836504734e-42,9927.051530792363,0.9967586640797594,8.886408405484038e-33
1052880,0.0,-2.3840497051550518e-42,9927.051530792363,0.9967586640797594,8.731550338132225e-33
1052940,0.0,-2.33839412665963e-42,9927.051530792363,0.9967586640797594,8.576692270780412e-33
1053000,0.0,-2.292738548164208e-42,9927.051530792363,0.9967586640797594,8.421834203428599e-33
1053060,0.0,-2.2470829696687862e-42,9927.051530792363,0.9967586640797594,8.266976136076786e-33
1053120,0.0,-2.2014273911733642e-42,9927.051530792363,0.9967586640797594,8.112118068724973e-33
1053180,0.0,-2.1557718126779426e-42,9927.051530792363,0.9967586640797594,7.95726000137316e-33
1053240,0.0,-2.1101162341825203e-42,9927.051530792363,0.9967586640797594,7.802401934021347e-33
1053300,0.0,-2.0644606556870987e-42,9927.051530792363,0.9967586640797594,7.647543866669534e-33
1053360,0.0,-2.0188050771916767e-42,9927.051530792363,0.9967586640797594,7.492685799317721e-33
1053420,0.0,-1.973149498696255e-42,9927.051530792363,0.9967586640797594,7.337827731965908e-33
1053480,0.0,-1.927493920200833e-42,9927.051530792363,0.9967586640797594,7.182969664614095e-33
1053540,0.0,-1.8818383417054112e-42,9927.051530792363,0.9967586640797594,7.028111597262282e-33
1053600,0.0,-1.8361827632099895e-42,9927.051530792363,0.9967586640797594,6.873253529910469e-33
1053660,0.0,-1.7905271847145676e-42,9927.051530792363,0.9967586640797594,6.718395462558656e-33
1053720,0.0,-1.7448716062191456e-42,9927.051530792363,0.9967586640797594,6.563537395206843e-33
1053780,0.0,-1.6992160277237237e-42,9927.051530792363,0.9967586640797594,6.40867932785503e-33
1053840,0.0,-1.653560449228302e-42,9927.051530792363,0.9967586640797594,6.253821260503218e-33
1053900,0.0,-1.60790487073288e-42,9927.051530792363,0.9967586640797594,6.0989631931514034e-33
1053960,0.0,-1.562249292237458e-42,9927.051530792363,0.9967586640797594,5.9441051257995904e-33
1054020,0.0,-1.5165937137420365e-42,9927.051530792363,0.9967586640797594,5.789247058447778e-33
1054080,0.0,-1.4709381352466145e-42,9927.051530792363,0.9967586640797594,5.634388991095965e-33
1054140,0.0,-1.4252825567511925e-42,9927.051530792363,0.9967586640797594,5.479530923744151e-33
1054200,0.0,-1.3796269782557707e-42,9927.051530792363,0.9967586640797594,5.324672856392338e-33
1054260,0.0,-1.333971399760349e-42,9927.051530792363,0.9967586640797594,5.169814789040526e-33
1054320,0.0,-1.2883158212649271e-42,9927.051530792363,0.9967586640797594,5.014956721688713e-33
1054380,0.0,-1.242660242769505e-42,9927.051530792363,0.9967586640797594,4.860098654336899e-33
1054440,0.0,-1.1970046642740832e-42,9927.051530792363,0.9967586640797594,4.705240586985086e-33
1054500,0.0,-1.1513490857786614e-42,9927.051530792363,0.9967586640797594,4.550382519633274e-33
1054560,0.0,-1.1056935072832395e-42,9927.051530792363,0.9967586640797594,4.3955244522814607e-33
1054620,0.0,-1.0600379287878177e-42,9927.051530792363,0.9967586640797594,4.2406663849296476e-33
1054680,0.0,-1.0143823502923957e-42,9927.051530792363,0.9967586640797594,4.0858083175778346e-33
1054740,0.0,-9.687267717969739e-43,9927.051530792363,0.9967586640797594,3.930950250226021e-33
1054800,0.0,-9.230711933015521e-43,9927.051530792363,0.9967586640797594,3.7760921828742085e-33
1054860,0.0,-8.774156148061302e-43,9927.051530792363,0.9967586640797594,3.621234115522395e-33
1054920,0.0,-8.317600363107084e-43,9927.051530792363,0.9967586640797594,3.4663760481705824e-33
1054980,0.0,-7.861044578152864e-43,9927.051530792363,0.9967586640797594,3.311517980818769e-33
1055040,0.0,-7.404488793198646e-43,9927.051530792363,0.9967586640797594,3.156659913466956e-33
1055100,0.0,-6.947933008244427e-43,9927.051530792363,0.9967586640797594,3.001801846115143e-33
1055160,0.0,-6.491377223290209e-43,9927.051530792363,0.9967586640797594,2.8469437787633302e-33
1055220,0.0,-6.0348214383359896e-43,9927.051530792363,0.9967586640797594,2.692085711411517e-33
1055280,0.0,-5.578265653381771e-43,9927.051530792363,0.9967586640797594,2.5372276440597038e-33
1055340,0.0,-5.121709868427552e-43,9927.051530792363,0.9967586640797594,2.382369576707891e-33
1055400,0.0,-4.665154083473334e-43,9927.051530792363,0.9967586640797594,2.227511509356078e-33
1055460,0.0,-4.208598298519115e-43,9927.051530792363,0.9967586640797594,2.072653442004265e-33
1055520,0.0,-3.7520425135648964e-43,9927.051530792363,0.9967586640797594,1.917795374652452e-33
1055580,0.0,-3.295486728610678e-43,9927.051530792363,0.9967586640797594,1.762937307300639e-33
1055640,0.0,-2.8389309436564592e-43,9927.051530792363,0.9967586640797594,1.608079239948826e-33
1055700,0.0,-2.382375158702241e-43,9927.051530792363,0.9967586640797594,1.4532211725970129e-33
1055760,0.0,-1.925819373748022e-43,9927.051530792363,0.9967586640797594,1.2983631052451998e-33
1055820,0.0,-1.4692635887938033e-43,9927.051530792363,0.9967586640797594,1.1435050378933868e-33
1055880,0.0,-1.0127078038395847e-43,9927.051530792363,0.9967586640797594,9.886469705415738e-34
1055940,0.0,-5.56152018885366e-44,9927.051530792363,0.9967586640797594,8.337889031897607e-34
1056000,0.0,-9.959623393114733e-45,9927.051530792363,0.9967586640797594,6.789308358379477e-34
1056060,0.0,-2.739337842489027e-47,9927.051530792365,0.9967586640797595,6.452046778957008e-34
1056120,0.0,-2.7391355488839755e-47,9927.051530792365,0.9967586640797595,6.451570465333793e-34
1056180,0.0,-2.738933255278924e-47,9927.051530792365,0.9967586640797595,6.451094151710579e-34
1056240,0.0,-2.7387309616738725e-47,9927.051530792365,0.9967586640797595,6.4506178380873645e-34
1056300,0.0,-2.7385286680688207e-47,9927.051530792365,0.9967586640797595,6.450141524464151e-34
1056360,0.0,-2.738326374463769e-47,9927.051530792365,0.9967586640797595,6.449665210840936e-34
1056420,0.0,-2.7381240808587177e-47,9927.051530792365,0.9967586640797595,6.449188897217723e-34
1056480,0.0,-2.737921787253666e-47,9927.051530792365,0.9967586640797595,6.4487125835945084e-34
1056540,0.0,-2.737719493648614e-47,9927.051530792365,0.9967586640797595,6.448236269971295e-34
1056600,0.0,-2.7375172000435624e-47,9927.051530792365,0.9967586640797595,6.44775995634808e-34
1056660,0.0,-2.737314906438511e-47,9927.051530792365,0.9967586640797595,6.447283642724866e-34
1056720,0.0,-2.737112612833459e-47,9927.051530792365,0.9967586640797595,6.4468073291016515e-34
1056780,0.0,-2.7369103192284076e-47,9927.051530792365,0.9967586640797595,6.446331015478438e-34
1056840,0.0,-2.736708025623356e-47,9927.051530792365,0.9967586640797595,6.445854701855223e-34
1056900,0.0,-2.7365057320183046e-47,9927.051530792365,0.9967586640797595,6.44537838823201e-34
1056960,0.0,-2.7363034384132524e-47,9927.051530792365,0.9967586640797595,6.444902074608795e-34
1057020,0.0,-2.736101144808201e-47,9927.051530792365,0.9967586640797595,6.444425760985582e-34
1057080,0.0,-2.7358988512031493e-47,9927.051530792365,0.9967586640797595,6.443949447362367e-34
1057140,0.0,-2.7356965575980976e-47,9927.051530792365,0.9967586640797595,6.443473133739153e-34
1057200,0.0,-2.7354942639930463e-47,9927.051530792365,0.9967586640797595,6.442996820115939e-34
1057260,0.0,-2.7352919703879946e-47,9927.051530792365,0.9967586640797595,6.442520506492725e-34
1057320,0.0,-2.735089676782943e-47,9927.051530792365,0.9967586640797595,6.442044192869512e-34
1057380,0.0,-2.734887383177891e-47,9927.051530792365,0.9967586640797595,6.441567879246297e-34
1057440,0.0,-2.73468508957284e-47,9927.051530792365,0.9967586640797595,6.441091565623083e-34
1057500,0.0,-2.734482795967788e-47,9927.051530792365,0.9967586640797595,6.4406152519998685e-34
1057560,0.0,-2.7342805023627363e-47,9927.051530792365,0.9967586640797595,6.440138938376655e-34
1057620,0.0,-2.7340782087576845e-47,9927.051530792365,0.9967586640797595,6.43966262475344e-34
1057680,0.0,-2.733875915152633e-47,9927.051530792365,0.9967586640797595,6.439186311130226e-34
1057740,0.0,-2.7336736215475815e-47,9927.051530792365,0.9967586640797595,6.4387099975070116e-34
1057800,0.0,-2.7334713279425297e-47,9927.051530792365,0.9967586640797595,6.438233683883799e-34
1057860,0.0,-2.733269034337478e-47,9927.051530792365,0.9967586640797595,6.437757370260584e-34
1057920,0.0,-2.7330667407324267e-47,9927.051530792365,0.9967586640797595,6.43728105663737e-34
1057980,0.0,-2.732864447127375e-47,9927.051530792365,0.9967586640797595,6.4368047430141555e-34
1058040,0.0,-2.732662153522323e-47,9927.051530792365,0.9967586640797595,6.436328429390942e-34
1058100,0.0,-2.7324598599172714e-47,9927.051530792365,0.9967586640797595,6.435852115767727e-34
1058160,0.0,-2.73225756631222e-47,9927.051530792365,0.9967586640797595,6.435375802144513e-34
1058220,0.0,-2.732055272707168e-47,9927.051530792365,0.9967586640797595,6.434899488521299e-34
1058280,0.0,-2.7318529791021167e-47,9927.051530792365,0.9967586640797595,6.4344231748980856e-34
1058340,0.0,-2.731650685497065e-47,9927.051530792365,0.9967586640797595,6.433946861274871e-34
1058400,0.0,-2.731448391892013e-47,9927.051530792365,0.9967586640797595,6.433470547651657e-34
1058460,0.0,-2.7312460982869614e-47,9927.051530792365,0.9967586640797595,6.432994234028442e-34
1058520,0.0,-2.73104380468191e-47,9927.051530792365,0.9967586640797595,6.432517920405229e-34
1058580,0.0,-2.7308415110768584e-47,9927.051530792365,0.9967586640797595,6.432041606782014e-34
1058640,0.0,-2.7306392174718066e-47,9927.051530792365,0.9967586640797595,6.4315652931588e-34
1058700,0.0,-2.730436923866755e-47,9927.051530792365,0.9967586640797595,6.431088979535586e-34
1058760,0.0,-2.7302346302617036e-47,9927.051530792365,0.9967586640797595,6.4306126659123725e-34
1058820,0.0,-2.730032336656652e-47,9927.051530792365,0.9967586640797595,6.430136352289159e-34
1058880,0.0,-2.7298300430516e-47,9927.051530792365,0.9967586640797595,6.429660038665944e-34
1058940,0.0,-2.729627749446549e-47,9927.051530792365,0.9967586640797595,6.42918372504273e-34
1059000,0.0,-2.729425455841497e-47,9927.051530792365,0.9967586640797595,6.4287074114195155e-34
1059060,0.0,-2.7292231622364453e-47,9927.051530792365,0.9967586640797595,6.428231097796302e-34
1059120,0.0,-2.7290208686313935e-47,9927.051530792365,0.9967586640797595,6.427754784173088e-34
1059180,0.0,-2.7288185750263423e-47,9927.051530792365,0.9967586640797595,6.427278470549874e-34
1059240,0.0,-2.7286162814212905e-47,9927.051530792365,0.9967586640797595,6.4268021569266594e-34
1059300,0.0,-2.7284139878162387e-47,9927.051530792365,0.9967586640797595,6.426325843303446e-34
1059360,0.0,-2.728211694211187e-47,9927.051530792365,0.9967586640797595,6.425849529680231e-34
1059420,0.0,-2.7280094006061357e-47,9927.051530792365,0.9967586640797595,6.425373216057017e-34
1059480,0.0,-2.7278071070010835e-47,9927.051530792365,0.9967586640797595,6.4248969024338025e-34
1059540,0.0,-2.727604813396032e-47,9927.051530792365,0.9967586640797595,6.4244205888105895e-34
1059600,0.0,-2.7274025197909805e-47,9927.051530792365,0.9967586640797595,6.423944275187375e-34
1059660,0.0,-2.7272002261859287e-47,9927.051530792365,0.9967586640797595,6.423467961564161e-34
1059720,0.0,-2.726997932580877e-47,9927.051530792365,0.9967586640797595,6.422991647940946e-34
1059780,0.0,-2.7267956389758257e-47,9927.051530792365,0.9967586640797595,6.422515334317733e-34
1059840,0.0,-2.726593345370774e-47,9927.051530792365,0.9967586640797595,6.422039020694518e-34
1059900,0.0,-2.726391051765722e-47,9927.051530792365,0.9967586640797595,6.421562707071304e-34
1059960,0.0,-2.7261887581606704e-47,9927.051530792365,0.9967586640797595,6.4210863934480894e-34
1060020,0.0,-2.725986464555619e-47,9927.051530792365,0.9967586640797595,6.4206100798248765e-34
1060080,0.0,-2.7257841709505674e-47,9927.051530792365,0.9967586640797595,6.420133766201662e-34
1060140,0.0,-2.7255818773455156e-47,9927.051530792365,0.9967586640797595,6.419657452578448e-34
1060200,0.0,-2.725379583740464e-47,9927.051530792365,0.9967586640797595,6.419181138955233e-34
1060260,0.0,-2.7251772901354126e-47,9927.051530792365,0.9967586640797595,6.4187048253320195e-34
1060320,0.0,-2.724974996530361e-47,9927.051530792365,0.9967586640797595,6.418228511708805e-34
1060380,0.0,-2.724772702925309e-47,9927.051530792365,0.9967586640797595,6.417752198085591e-34
1060440,0.0,-2.724570409320258e-47,9927.051530792365,0.9967586640797595,6.417275884462378e-34
1060500,0.0,-2.724368115715206e-47,9927.051530792365,0.9967586640797595,6.416799570839163e-34
1060560,0.0,-2.7241658221101543e-47,9927.051530792365,0.9967586640797595,6.41632325721595e-34
1060620,0.0,-2.7239635285051026e-47,9927.051530792365,0.9967586640797595,6.415846943592735e-34
1060680,0.0,-2.7237612349000513e-47,9927.051530792365,0.9967586640797595,6.415370629969521e-34
1060740,0.0,-2.723558941294999e-47,9927.051530792365,0.9967586640797595,6.4148943163463065e-34
1060800,0.0,-2.723356647689948e-47,9927.051530792365,0.9967586640797595,6.414418002723093e-34
1060860,0.0,-2.723154354084896e-47,9927.051530792365,0.9967586640797595,6.413941689099878e-34
1060920,0.0,-2.7229520604798448e-47,9927.051530792365,0.9967586640797595,6.413465375476665e-34
1060980,0.0,-2.7227497668747925e-47,9927.051530792365,0.9967586640797595,6.41298906185345e-34
1061040,0.0,-2.722547473269741e-47,9927.051530792365,0.9967586640797595,6.4125127482302365e-34
1061100,0.0,-2.7223451796646895e-47,9927.051530792365,0.9967586640797595,6.412036434607022e-34
1061160,0.0,-2.7221428860596377e-47,9927.051530792365,0.9967586640797595,6.411560120983808e-34
1061220,0.0,-2.721940592454586e-47,9927.051530792365,0.9967586640797595,6.411083807360593e-34
1061280,0.0,-2.7217382988495347e-47,9927.051530792365,0.9967586640797595,6.41060749373738e-34
1061340,0.0,-2.721536005244483e-47,9927.051530792365,0.9967586640797595,6.410131180114165e-34
1061400,0.0,-2.721333711639431e-47,9927.051530792365,0.9967586640797595,6.409654866490952e-34
1061460,0.0,-2.7211314180343794e-47,9927.051530792365,0.9967586640797595,6.409178552867737e-34
1061520,0.0,-2.720929124429328e-47,9927.051530792365,0.9967586640797595,6.4087022392445235e-34
1061580,0.0,-2.7207268308242764e-47,9927.051530792365,0.9967586640797595,6.408225925621309e-34
1061640,0.0,-2.7205245372192247e-47,9927.051530792365,0.9967586640797595,6.407749611998095e-34
1061700,0.0,-2.720322243614173e-47,9927.051530792365,0.9967586640797595,6.40727329837488e-34
1061760,0.0,-2.7201199500091216e-47,9927.051530792365,0.9967586640797595,6.4067969847516665e-34
1061820,0.0,-2.7199176564040694e-47,9927.051530792365,0.9967586640797595,6.406320671128453e-34
1061880,0.0,-2.719715362799018e-47,9927.051530792365,0.9967586640797595,6.405844357505239e-34
1061940,0.0,-2.7195130691939664e-47,9927.051530792365,0.9967586640797595,6.405368043882024e-34
1062000,0.0,-2.7193107755889146e-47,9927.051530792365,0.9967586640797595,6.4048917302588104e-34
1062060,0.0,-2.719108481983863e-47,9927.051530792365,0.9967586640797595,6.404415416635596e-34
1062120,0.0,-2.7189061883788116e-47,9927.051530792365,0.9967586640797595,6.403939103012382e-34
1062180,0.0,-2.7187038947737603e-47,9927.051530792365,0.9967586640797595,6.403462789389168e-34
1062240,0.0,-2.718501601168708e-47,9927.051530792365,0.9967586640797595,6.402986475765954e-34
1062300,0.0,-2.718299307563657e-47,9927.051530792365,0.9967586640797595,6.4025101621427405e-34
1062360,0.0,-2.718097013958605e-47,9927.051530792365,0.9967586640797595,6.402033848519526e-34
1062420,0.0,-2.7178947203535533e-47,9927.051530792365,0.9967586640797595,6.401557534896312e-34
1062480,0.0,-2.7176924267485015e-47,9927.051530792365,0.9967586640797595,6.401081221273097e-34
1062540,0.0,-2.7174901331434503e-47,9927.051530792365,0.9967586640797595,6.4006049076498836e-34
1062600,0.0,-2.7172878395383985e-47,9927.051530792365,0.9967586640797595,6.400128594026669e-34
1062660,0.0,-2.7170855459333468e-47,9927.051530792365,0.9967586640797595,6.399652280403455e-34
1062720,0.0,-2.716883252328295e-47,9927.051530792365,0.9967586640797595,6.399175966780241e-34
1062780,0.0,-2.7166809587232437e-47,9927.051530792365,0.9967586640797595,6.3986996531570275e-34
1062840,0.0,-2.716478665118192e-47,9927.051530792365,0.9967586640797595,6.398223339533813e-34
1062900,0.0,-2.71627637151314e-47,9927.051530792365,0.9967586640797595,6.397747025910599e-34
1062960,0.0,-2.7160740779080885e-47,9927.051530792365,0.9967586640797595,6.397270712287384e-34
1063020,0.0,-2.715871784303037e-47,9927.051530792365,0.9967586640797595,6.3967943986641705e-34
1063080,0.0,-2.715669490697985e-47,9927.051530792365,0.9967586640797595,6.396318085040956e-34
1063140,0.0,-2.7154671970929337e-47,9927.051530792365,0.9967586640797595,6.395841771417743e-34
1063200,0.0,-2.715264903487882e-47,9927.051530792365,0.9967586640797595,6.395365457794528e-34
1063260,0.0,-2.7150626098828307e-47,9927.051530792365,0.9967586640797595,6.394889144171314e-34
1063320,0.0,-2.7148603162777784e-47,9927.051530792365,0.9967586640797595,6.3944128305481e-34
1063380,0.0,-2.714658022672727e-47,9927.051530792365,0.9967586640797595,6.393936516924886e-34
1063440,0.0,-2.7144557290676754e-47,9927.051530792365,0.9967586640797595,6.393460203301671e-34
1063500,0.0,-2.7142534354626236e-47,9927.051530792365,0.9967586640797595,6.3929838896784575e-34
1063560,0.0,-2.714051141857572e-47,9927.051530792365,0.9967586640797595,6.392507576055243e-34
1063620,0.0,-2.7138488482525206e-47,9927.051530792365,0.9967586640797595,6.39203126243203e-34
1063680,0.0,-2.713646554647469e-47,9927.051530792365,0.9967586640797595,6.391554948808815e-34
1063740,0.0,-2.713444261042417e-47,9927.051530792365,0.9967586640797595,6.391078635185601e-34
1063800,0.0,-2.713241967437366e-47,9927.051530792365,0.9967586640797595,6.3906023215623875e-34
1063860,0.0,-2.713039673832314e-47,9927.051530792365,0.9967586640797595,6.390126007939173e-34
1063920,0.0,-2.7128373802272623e-47,9927.051530792365,0.9967586640797595,6.389649694315959e-34
1063980,0.0,-2.7126350866222106e-47,9927.051530792365,0.9967586640797595,6.389173380692744e-34
1064040,0.0,-2.7124327930171593e-47,9927.051530792365,0.9967586640797595,6.3886970670695314e-34
1064100,0.0,-2.7122304994121075e-47,9927.051530792365,0.9967586640797595,6.388220753446317e-34
1064160,0.0,-2.712028205807056e-47,9927.051530792365,0.9967586640797595,6.387744439823103e-34
1064220,0.0,-2.711825912202004e-47,9927.051530792365,0.9967586640797595,6.387268126199888e-34
1064280,0.0,-2.711623618596953e-47,9927.051530792365,0.9967586640797595,6.3867918125766745e-34
1064340,0.0,-2.7114213249919005e-47,9927.051530792365,0.9967586640797595,6.38631549895346e-34
1064400,0.0,-2.7112190313868492e-47,9927.051530792365,0.9967586640797595,6.385839185330246e-34
1064460,0.0,-2.7110167377817975e-47,9927.051530792365,0.9967586640797595,6.385362871707031e-34
1064520,0.0,-2.710814444176746e-47,9927.051530792365,0.9967586640797595,6.384886558083818e-34
1064580,0.0,-2.710612150571694e-47,9927.051530792365,0.9967586640797595,6.384410244460604e-34
1064640,0.0,-2.7104098569666427e-47,9927.051530792365,0.9967586640797595,6.38393393083739e-34
1064700,0.0,-2.710207563361591e-47,9927.051530792365,0.9967586640797595,6.383457617214175e-34
1064760,0.0,-2.710005269756539e-47,9927.051530792365,0.9967586640797595,6.3829813035909614e-34
1064820,0.0,-2.7098029761514874e-47,9927.051530792365,0.9967586640797595,6.382504989967747e-34
1064880,0.0,-2.709600682546436e-47,9927.051530792365,0.9967586640797595,6.382028676344533e-34
1064940,0.0,-2.7093983889413844e-47,9927.051530792365,0.9967586640797595,6.381552362721319e-34
1065000,0.0,-2.7091960953363327e-47,9927.051530792365,0.9967586640797595,6.381076049098105e-34
1065060,0.0,-2.708993801731281e-47,9927.051530792365,0.9967586640797595,6.380599735474891e-34
1065120,0.0,-2.7087915081262296e-47,9927.051530792365,0.9967586640797595,6.380123421851677e-34
1065180,0.0,-2.708589214521178e-47,9927.051530792365,0.9967586640797595,6.379647108228462e-34
1065240,0.0,-2.708386920916126e-47,9927.051530792365,0.9967586640797595,6.379170794605248e-34
1065300,0.0,-2.7081846273110744e-47,9927.051530792365,0.9967586640797595,6.378694480982034e-34
1065360,0.0,-2.707982333706023e-47,9927.051530792365,0.9967586640797595,6.37821816735882e-34
1065420,0.0,-2.707780040100971e-47,9927.051530792365,0.9967586640797595,6.377741853735606e-34
1065480,0.0,-2.7075777464959196e-47,9927.051530792365,0.9967586640797595,6.377265540112392e-34
1065540,0.0,-2.7073754528908683e-47,9927.051530792365,0.9967586640797595,6.3767892264891785e-34
1065600,0.0,-2.7071731592858166e-47,9927.051530792365,0.9967586640797595,6.376312912865964e-34
1065660,0.0,-2.706970865680765e-47,9927.051530792365,0.9967586640797595,6.37583659924275e-34
1065720,0.0,-2.706768572075713e-47,9927.051530792365,0.9967586640797595,6.375360285619535e-34
1065780,0.0,-2.706566278470662e-47,9927.051530792365,0.9967586640797595,6.3748839719963215e-34
1065840,0.0,-2.7063639848656095e-47,9927.051530792365,0.9967586640797595,6.374407658373108e-34
1065900,0.0,-2.7061616912605583e-47,9927.051530792365,0.9967586640797595,6.373931344749894e-34
1065960,0.0,-2.7059593976555065e-47,9927.051530792365,0.9967586640797595,6.373455031126679e-34
1066020,0.0,-2.705757104050455e-47,9927.051530792365,0.9967586640797595,6.372978717503465e-34
1066080,0.0,-2.705554810445403e-47,9927.051530792365,0.9967586640797595,6.372502403880251e-34
1066140,0.0,-2.7053525168403517e-47,9927.051530792365,0.9967586640797595,6.372026090257037e-34
1066200,0.0,-2.7051502232353e-47,9927.051530792365,0.9967586640797595,6.371549776633822e-34
1066260,0.0,-2.704947929630248e-47,9927.051530792365,0.9967586640797595,6.3710734630106085e-34
1066320,0.0,-2.7047456360251965e-47,9927.051530792365,0.9967586640797595,6.370597149387395e-34
1066380,0.0,-2.704543342420145e-47,9927.051530792365,0.9967586640797595,6.370120835764181e-34
1066440,0.0,-2.7043410488150934e-47,9927.051530792365,0.9967586640797595,6.369644522140966e-34
1066500,0.0,-2.7041387552100417e-47,9927.051530792365,0.9967586640797595,6.369168208517752e-34
1066560,0.0,-2.70393646160499e-47,9927.051530792365,0.9967586640797595,6.368691894894538e-34
1066620,0.0,-2.7037341679999387e-47,9927.051530792365,0.9967586640797595,6.368215581271324e-34
1066680,0.0,-2.703531874394887e-47,9927.051530792365,0.9967586640797595,6.367739267648109e-34
1066740,0.0,-2.703329580789835e-47,9927.051530792365,0.9967586640797595,6.367262954024896e-34
1066800,0.0,-2.7031272871847834e-47,9927.051530792365,0.9967586640797595,6.366786640401682e-34
1066860,0.0,-2.702924993579732e-47,9927.051530792365,0.9967586640797595,6.366310326778468e-34
1066920,0.0,-2.70272269997468e-47,9927.051530792365,0.9967586640797595,6.365834013155253e-34
1066980,0.0,-2.7025204063696286e-47,9927.051530792365,0.9967586640797595,6.365357699532039e-34
1067040,0.0,-2.702318112764577e-47,9927.051530792365,0.9967586640797595,6.364881385908825e-34
1067100,0.0,-2.702115819159525e-47,9927.051530792365,0.9967586640797595,6.364405072285611e-34
1067160,0.0,-2.701913525554474e-47,9927.051530792365,0.9967586640797595,6.363928758662397e-34
1067220,0.0,-2.701711231949422e-47,9927.051530792365,0.9967586640797595,6.363452445039183e-34
1067280,0.0,-2.7015089383443703e-47,9927.051530792365,0.9967586640797595,6.362976131415969e-34
1067340,0.0,-2.7013066447393186e-47,9927.051530792365,0.9967586640797595,6.362499817792755e-34
1067400,0.0,-2.7011043511342673e-47,9927.051530792365,0.9967586640797595,6.362023504169541e-34
1067460,0.0,-2.7009020575292155e-47,9927.051530792365,0.9967586640797595,6.361547190546326e-34
1067520,0.0,-2.700699763924164e-47,9927.051530792365,0.9967586640797595,6.361070876923112e-34
1067580,0.0,-2.700497470319112e-47,9927.051530792365,0.9967586640797595,6.360594563299898e-34
1067640,0.0,-2.700295176714061e-47,9927.051530792365,0.9967586640797595,6.360118249676685e-34
1067700,0.0,-2.700092883109009e-47,9927.051530792365,0.9967586640797595,6.35964193605347e-34
1067760,0.0,-2.6998905895039573e-47,9927.051530792365,0.9967586640797595,6.359165622430256e-34
1067820,0.0,-2.6996882958989055e-47,9927.051530792365,0.9967586640797595,6.358689308807042e-34
1067880,0.0,-2.699486002293854e-47,9927.051530792365,0.9967586640797595,6.358212995183828e-34
1067940,0.0,-2.6992837086888025e-47,9927.051530792365,0.9967586640797595,6.357736681560613e-34
1068000,0.0,-2.6990814150837507e-47,9927.051530792365,0.9967586640797595,6.357260367937399e-34
1068060,0.0,-2.698879121478699e-47,9927.051530792365,0.9967586640797595,6.356784054314185e-34
1068120,0.0,-2.6986768278736477e-47,9927.051530792365,0.9967586640797595,6.356307740690972e-34
1068180,0.0,-2.6984745342685955e-47,9927.051530792365,0.9967586640797595,6.355831427067757e-34
1068240,0.0,-2.698272240663544e-47,9927.051530792365,0.9967586640797595,6.355355113444543e-34
1068300,0.0,-2.6980699470584924e-47,9927.051530792365,0.9967586640797595,6.354878799821329e-34
1068360,0.0,-2.6978676534534407e-47,9927.051530792365,0.9967586640797595,6.354402486198115e-34
1068420,0.0,-2.697665359848389e-47,9927.051530792365,0.9967586640797595,6.3539261725749e-34
1068480,0.0,-2.6974630662433376e-47,9927.051530792365,0.9967586640797595,6.353449858951686e-34
1068540,0.0,-2.697260772638286e-47,9927.051530792365,0.9967586640797595,6.3529735453284725e-34
1068600,0.0,-2.697058479033234e-47,9927.051530792365,0.9967586640797595,6.352497231705259e-34
1068660,0.0,-2.6968561854281824e-47,9927.051530792365,0.9967586640797595,6.352020918082044e-34
1068720,0.0,-2.696653891823131e-47,9927.051530792365,0.9967586640797595,6.35154460445883e-34
1068780,0.0,-2.6964515982180794e-47,9927.051530792365,0.9967586640797595,6.3510682908356155e-34
1068840,0.0,-2.6962493046130276e-47,9927.051530792365,0.9967586640797595,6.350591977212402e-34
1068900,0.0,-2.6960470110079763e-47,9927.051530792365,0.9967586640797595,6.350115663589188e-34
1068960,0.0,-2.6958447174029246e-47,9927.051530792365,0.9967586640797595,6.349639349965973e-34
1069020,0.0,-2.695642423797873e-47,9927.051530792365,0.9967586640797595,6.34916303634276e-34
1069080,0.0,-2.695440130192821e-47,9927.051530792365,0.9967586640797595,6.348686722719546e-34
1069140,0.0,-2.69523783658777e-47,9927.051530792365,0.9967586640797595,6.348210409096332e-34
1069200,0.0,-2.695035542982718e-47,9927.051530792365,0.9967586640797595,6.347734095473117e-34
1069260,0.0,-2.6948332493776663e-47,9927.051530792365,0.9967586640797595,6.347257781849903e-34
1069320,0.0,-2.6946309557726145e-47,9927.051530792365,0.9967586640797595,6.346781468226689e-34
1069380,0.0,-2.6944286621675633e-47,9927.051530792365,0.9967586640797595,6.346305154603475e-34
1069440,0.0,-2.694226368562511e-47,9927.051530792365,0.9967586640797595,6.345828840980261e-34
1069500,0.0,-2.6940240749574597e-47,9927.051530792365,0.9967586640797595,6.345352527357047e-34
1069560,0.0,-2.693821781352408e-47,9927.051530792365,0.9967586640797595,6.344876213733833e-34
1069620,0.0,-2.6936194877473567e-47,9927.051530792365,0.9967586640797595,6.344399900110619e-34
1069680,0.0,-2.6934171941423045e-47,9927.051530792365,0.9967586640797595,6.343923586487404e-34
1069740,0.0,-2.693214900537253e-47,9927.051530792365,0.9967586640797595,6.34344727286419e-34
1069800,0.0,-2.6930126069322015e-47,9927.051530792365,0.9967586640797595,6.342970959240976e-34
1069860,0.0,-2.6928103133271497e-47,9927.051530792365,0.9967586640797595,6.342494645617762e-34
1069920,0.0,-2.692608019722098e-47,9927.051530792365,0.9967586640797595,6.342018331994548e-34
1069980,0.0,-2.6924057261170467e-47,9927.051530792365,0.9967586640797595,6.341542018371334e-34
1070040,0.0,-2.692203432511995e-47,9927.051530792365,0.9967586640797595,6.3410657047481195e-34
1070100,0.0,-2.692001138906943e-47,9927.051530792365,0.9967586640797595,6.340589391124906e-34
1070160,0.0,-2.6917988453018914e-47,9927.051530792365,0.9967586640797595,6.340113077501691e-34
1070220,0.0,-2.69159655169684e-47,9927.051530792365,0.9967586640797595,6.339636763878477e-34
1070280,0.0,-2.6913942580917884e-47,9927.051530792365,0.9967586640797595,6.3391604502552626e-34
1070340,0.0,-2.6911919644867366e-47,9927.051530792365,0.9967586640797595,6.33868413663205e-34
1070400,0.0,-2.690989670881685e-47,9927.051530792365,0.9967586640797595,6.338207823008835e-34
1070460,0.0,-2.6907873772766336e-47,9927.051530792365,0.9967586640797595,6.337731509385621e-34
1070520,0.0,-2.690585083671582e-47,9927.051530792365,0.9967586640797595,6.337255195762407e-34
1070580,0.0,-2.69038279006653e-47,9927.051530792365,0.9967586640797595,6.336778882139193e-34
1070640,0.0,-2.690180496461479e-47,9927.051530792365,0.9967586640797595,6.336302568515979e-34
1070700,0.0,-2.6899782028564266e-47,9927.051530792365,0.9967586640797595,6.335826254892764e-34
1070760,0.0,-2.6897759092513753e-47,9927.051530792365,0.9967586640797595,6.33534994126955e-34
1070820,0.0,-2.6895736156463236e-47,9927.051530792365,0.9967586640797595,6.3348736276463366e-34
1070880,0.0,-2.6893713220412723e-47,9927.051530792365,0.9967586640797595,6.334397314023123e-34
1070940,0.0,-2.68916902843622e-47,9927.051530792365,0.9967586640797595,6.333921000399908e-34
1071000,0.0,-2.688966734831169e-47,9927.051530792365,0.9967586640797595,6.333444686776694e-34
1071060,0.0,-2.688764441226117e-47,9927.051530792365,0.9967586640797595,6.33296837315348e-34
1071120,0.0,-2.6885621476210653e-47,9927.051530792365,0.9967586640797595,6.332492059530266e-34
1071180,0.0,-2.6883598540160135e-47,9927.051530792365,0.9967586640797595,6.332015745907051e-34
1071240,0.0,-2.688157560410962e-47,9927.051530792365,0.9967586640797595,6.331539432283838e-34
1071300,0.0,-2.6879552668059105e-47,9927.051530792365,0.9967586640797595,6.3310631186606235e-34
1071360,0.0,-2.6877529732008587e-47,9927.051530792365,0.9967586640797595,6.33058680503741e-34
1071420,0.0,-2.687550679595807e-47,9927.051530792365,0.9967586640797595,6.330110491414195e-34
1071480,0.0,-2.6873483859907557e-47,9927.051530792365,0.9967586640797595,6.329634177790981e-34
1071540,0.0,-2.687146092385704e-47,9927.051530792365,0.9967586640797595,6.3291578641677665e-34
1071600,0.0,-2.686943798780652e-47,9927.051530792365,0.9967586640797595,6.328681550544553e-34
1071660,0.0,-2.6867415051756004e-47,9927.051530792365,0.9967586640797595,6.328205236921338e-34
1071720,0.0,-2.686539211570549e-47,9927.051530792365,0.9967586640797595,6.327728923298125e-34
1071780,0.0,-2.686336917965497e-47,9927.051530792365,0.9967586640797595,6.3272526096749104e-34
1071840,0.0,-2.6861346243604457e-47,9927.051530792365,0.9967586640797595,6.326776296051697e-34
1071900,0.0,-2.685932330755394e-47,9927.051530792365,0.9967586640797595,6.326299982428482e-34
1071960,0.0,-2.6857300371503426e-47,9927.051530792365,0.9967586640797595,6.325823668805268e-34
1072020,0.0,-2.6855277435452904e-47,9927.051530792365,0.9967586640797595,6.3253473551820535e-34
1072080,0.0,-2.685325449940239e-47,9927.051530792365,0.9967586640797595,6.32487104155884e-34
1072140,0.0,-2.685123156335188e-47,9927.051530792365,0.9967586640797595,6.324394727935627e-34
1072200,0.0,-2.6849208627301356e-47,9927.051530792365,0.9967586640797595,6.323918414312412e-34
1072260,0.0,-2.6847185691250843e-47,9927.051530792365,0.9967586640797595,6.323442100689198e-34
1072320,0.0,-2.6845162755200326e-47,9927.051530792365,0.9967586640797595,6.322965787065984e-34
1072380,0.0,-2.684313981914981e-47,9927.051530792365,0.9967586640797595,6.32248947344277e-34
1072440,0.0,-2.684111688309929e-47,9927.051530792365,0.9967586640797595,6.322013159819555e-34
1072500,0.0,-2.683909394704878e-47,9927.051530792365,0.9967586640797595,6.321536846196341e-34
1072560,0.0,-2.683707101099826e-47,9927.051530792365,0.9967586640797595,6.321060532573127e-34
1072620,0.0,-2.6835048074947743e-47,9927.051530792365,0.9967586640797595,6.320584218949914e-34
1072680,0.0,-2.6833025138897225e-47,9927.051530792365,0.9967586640797595,6.320107905326699e-34
1072740,0.0,-2.6831002202846713e-47,9927.051530792365,0.9967586640797595,6.319631591703485e-34
1072800,0.0,-2.6828979266796195e-47,9927.051530792365,0.9967586640797595,6.3191552780802705e-34
1072860,0.0,-2.6826956330745677e-47,9927.051530792365,0.9967586640797595,6.318678964457057e-34
1072920,0.0,-2.682493339469516e-47,9927.051530792365,0.9967586640797595,6.318202650833842e-34
1072980,0.0,-2.6822910458644647e-47,9927.051530792365,0.9967586640797595,6.317726337210628e-34
1073040,0.0,-2.6820887522594125e-47,9927.051530792365,0.9967586640797595,6.317250023587414e-34
1073100,0.0,-2.681886458654361e-47,9927.051530792365,0.9967586640797595,6.316773709964201e-34
1073160,0.0,-2.6816841650493095e-47,9927.051530792365,0.9967586640797595,6.316297396340986e-34
1073220,0.0,-2.681481871444258e-47,9927.051530792365,0.9967586640797595,6.315821082717772e-34
1073280,0.0,-2.681279577839206e-47,9927.051530792365,0.9967586640797595,6.3153447690945575e-34
1073340,0.0,-2.6810772842341547e-47,9927.051530792365,0.9967586640797595,6.314868455471344e-34
1073400,0.0,-2.680874990629103e-47,9927.051530792365,0.9967586640797595,6.314392141848129e-34
1073460,0.0,-2.680672697024051e-47,9927.051530792365,0.9967586640797595,6.313915828224915e-34
1073520,0.0,-2.6804704034189994e-47,9927.051530792365,0.9967586640797595,6.313439514601701e-34
1073580,0.0,-2.680268109813948e-47,9927.051530792365,0.9967586640797595,6.3129632009784875e-34
1073640,0.0,-2.6800658162088964e-47,9927.051530792365,0.9967586640797595,6.312486887355273e-34
1073700,0.0,-2.6798635226038446e-47,9927.051530792365,0.9967586640797595,6.312010573732059e-34
1073760,0.0,-2.679661228998793e-47,9927.051530792365,0.9967586640797595,6.311534260108844e-34
1073820,0.0,-2.6794589353937416e-47,9927.051530792365,0.9967586640797595,6.311057946485631e-34
1073880,0.0,-2.67925664178869e-47,9927.051530792365,0.9967586640797595,6.310581632862417e-34
1073940,0.0,-2.679054348183638e-47,9927.051530792365,0.9967586640797595,6.310105319239203e-34
1074000,0.0,-2.678852054578587e-47,9927.051530792365,0.9967586640797595,6.309629005615989e-34
1074060,0.0,-2.678649760973535e-47,9927.051530792365,0.9967586640797595,6.3091526919927745e-34
1074120,0.0,-2.6784474673684833e-47,9927.051530792365,0.9967586640797595,6.308676378369561e-34
1074180,0.0,-2.6782451737634316e-47,9927.051530792365,0.9967586640797595,6.308200064746346e-34
1074240,0.0,-2.6780428801583803e-47,9927.051530792365,0.9967586640797595,6.307723751123132e-34
1074300,0.0,-2.6778405865533285e-47,9927.051530792365,0.9967586640797595,6.3072474374999175e-34
1074360,0.0,-2.677638292948277e-47,9927.051530792365,0.9967586640797595,6.306771123876705e-34
1074420,0.0,-2.677435999343225e-47,9927.051530792365,0.9967586640797595,6.30629481025349e-34
1074480,0.0,-2.6772337057381738e-47,9927.051530792365,0.9967586640797595,6.305818496630276e-34
1074540,0.0,-2.6770314121331215e-47,9927.051530792365,0.9967586640797595,6.3053421830070614e-34
1074600,0.0,-2.67682911852807e-47,9927.051530792365,0.9967586640797595,6.304865869383848e-34
1074660,0.0,-2.6766268249230185e-47,9927.051530792365,0.9967586640797595,6.304389555760633e-34
1074720,0.0,-2.6764245313179667e-47,9927.051530792365,0.9967586640797595,6.303913242137419e-34
1074780,0.0,-2.676222237712915e-47,9927.051530792365,0.9967586640797595,6.3034369285142045e-34
1074840,0.0,-2.6760199441078637e-47,9927.051530792365,0.9967586640797595,6.3029606148909915e-34
1074900,0.0,-2.675817650502812e-47,9927.051530792365,0.9967586640797595,6.302484301267777e-34
1074960,0.0,-2.67561535689776e-47,9927.051530792365,0.9967586640797595,6.302007987644563e-34
1075020,0.0,-2.6754130632927084e-47,9927.051530792365,0.9967586640797595,6.301531674021348e-34
1075080,0.0,-2.675210769687657e-47,9927.051530792365,0.9967586640797595,6.3010553603981346e-34
1075140,0.0,-2.6750084760826054e-47,9927.051530792365,0.9967586640797595,6.30057904677492e-34
1075200,0.0,-2.6748061824775537e-47,9927.051530792365,0.9967586640797595,6.300102733151706e-34
1075260,0.0,-2.674603888872502e-47,9927.051530792365,0.9967586640797595,6.299626419528491e-34
1075320,0.0,-2.6744015952674506e-47,9927.051530792365,0.9967586640797595,6.2991501059052785e-34
1075380,0.0,-2.6741993016623984e-47,9927.051530792365,0.9967586640797595,6.298673792282064e-34
1075440,0.0,-2.673997008057347e-47,9927.051530792365,0.9967586640797595,6.29819747865885e-34
1075500,0.0,-2.673794714452296e-47,9927.051530792365,0.9967586640797595,6.297721165035636e-34
1075560,0.0,-2.673592420847244e-47,9927.051530792365,0.9967586640797595,6.2972448514124215e-34
1075620,0.0,-2.6733901272421923e-47,9927.051530792365,0.9967586640797595,6.296768537789208e-34
1075680,0.0,-2.6731878336371406e-47,9927.051530792365,0.9967586640797595,6.296292224165993e-34
1075740,0.0,-2.6729855400320893e-47,9927.051530792365,0.9967586640797595,6.29581591054278e-34
1075800,0.0,-2.672783246427037e-47,9927.051530792365,0.9967586640797595,6.295339596919565e-34
1075860,0.0,-2.672580952821986e-47,9927.051530792365,0.9967586640797595,6.294863283296352e-34
1075920,0.0,-2.672378659216934e-47,9927.051530792365,0.9967586640797595,6.294386969673137e-34
1075980,0.0,-2.6721763656118823e-47,9927.051530792365,0.9967586640797595,6.293910656049923e-34
1076040,0.0,-2.6719740720068305e-47,9927.051530792365,0.9967586640797595,6.2934343424267085e-34
1076100,0.0,-2.6717717784017793e-47,9927.051530792365,0.9967586640797595,6.292958028803495e-34
1076160,0.0,-2.6715694847967275e-47,9927.051530792365,0.9967586640797595,6.29248171518028e-34
1076220,0.0,-2.6713671911916758e-47,9927.051530792365,0.9967586640797595,6.292005401557067e-34
1076280,0.0,-2.671164897586624e-47,9927.051530792365,0.9967586640797595,6.291529087933852e-34
1076340,0.0,-2.6709626039815727e-47,9927.051530792365,0.9967586640797595,6.2910527743106385e-34
1076400,0.0,-2.670760310376521e-47,9927.051530792365,0.9967586640797595,6.290576460687424e-34
1076460,0.0,-2.670558016771469e-47,9927.051530792365,0.9967586640797595,6.29010014706421e-34
1076520,0.0,-2.6703557231664175e-47,9927.051530792365,0.9967586640797595,6.289623833440995e-34
1076580,0.0,-2.670153429561366e-47,9927.051530792365,0.9967586640797595,6.289147519817782e-34
1076640,0.0,-2.6699511359563144e-47,9927.051530792365,0.9967586640797595,6.288671206194568e-34
1076700,0.0,-2.6697488423512627e-47,9927.051530792365,0.9967586640797595,6.288194892571354e-34
1076760,0.0,-2.669546548746211e-47,9927.051530792365,0.9967586640797595,6.287718578948139e-34
1076820,0.0,-2.6693442551411597e-47,9927.051530792365,0.9967586640797595,6.2872422653249255e-34
1076880,0.0,-2.6691419615361074e-47,9927.051530792365,0.9967586640797595,6.286765951701711e-34
1076940,0.0,-2.668939667931056e-47,9927.051530792365,0.9967586640797595,6.286289638078497e-34
1077000,0.0,-2.6687373743260044e-47,9927.051530792365,0.9967586640797595,6.285813324455282e-34
1077060,0.0,-2.6685350807209526e-47,9927.051530792365,0.9967586640797595,6.285337010832069e-34
1077120,0.0,-2.668332787115901e-47,9927.051530792365,0.9967586640797595,6.284860697208855e-34
1077180,0.0,-2.6681304935108496e-47,9927.051530792365,0.9967586640797595,6.284384383585641e-34
1077240,0.0,-2.6679281999057983e-47,9927.051530792365,0.9967586640797595,6.283908069962427e-34
1077300,0.0,-2.667725906300746e-47,9927.051530792365,0.9967586640797595,6.2834317563392124e-34
1077360,0.0,-2.667523612695695e-47,9927.051530792365,0.9967586640797595,6.282955442715999e-34
1077420,0.0,-2.667321319090643e-47,9927.051530792365,0.9967586640797595,6.282479129092784e-34
1077480,0.0,-2.6671190254855913e-47,9927.051530792365,0.9967586640797595,6.28200281546957e-34
1077540,0.0,-2.6669167318805396e-47,9927.051530792365,0.9967586640797595,6.281526501846356e-34
1077600,0.0,-2.6667144382754883e-47,9927.051530792365,0.9967586640797595,6.2810501882231425e-34
1077660,0.0,-2.6665121446704365e-47,9927.051530792365,0.9967586640797595,6.280573874599928e-34
1077720,0.0,-2.666309851065385e-47,9927.051530792365,0.9967586640797595,6.280097560976714e-34
1077780,0.0,-2.666107557460333e-47,9927.051530792365,0.9967586640797595,6.279621247353499e-34
1077840,0.0,-2.665905263855282e-47,9927.051530792365,0.9967586640797595,6.2791449337302856e-34
1077900,0.0,-2.66570297025023e-47,9927.051530792365,0.9967586640797595,6.278668620107071e-34
1077960,0.0,-2.6655006766451782e-47,9927.051530792365,0.9967586640797595,6.278192306483858e-34
1078020,0.0,-2.6652983830401265e-47,9927.051530792365,0.9967586640797595,6.277715992860643e-34
1078080,0.0,-2.665096089435075e-47,9927.051530792365,0.9967586640797595,6.2772396792374295e-34
1078140,0.0,-2.664893795830023e-47,9927.051530792365,0.9967586640797595,6.276763365614215e-34
1078200,0.0,-2.6646915022249717e-47,9927.051530792365,0.9967586640797595,6.276287051991001e-34
1078260,0.0,-2.66448920861992e-47,9927.051530792365,0.9967586640797595,6.275810738367786e-34
1078320,0.0,-2.6642869150148687e-47,9927.051530792365,0.9967586640797595,6.2753344247445725e-34
1078380,0.0,-2.6640846214098164e-47,9927.051530792365,0.9967586640797595,6.274858111121358e-34
1078440,0.0,-2.663882327804765e-47,9927.051530792365,0.9967586640797595,6.274381797498145e-34
1078500,0.0,-2.6636800341997134e-47,9927.051530792365,0.9967586640797595,6.27390548387493e-34
1078560,0.0,-2.6634777405946617e-47,9927.051530792365,0.9967586640797595,6.273429170251716e-34
1078620,0.0,-2.66327544698961e-47,9927.051530792365,0.9967586640797595,6.272952856628502e-34
1078680,0.0,-2.6630731533845586e-47,9927.051530792365,0.9967586640797595,6.272476543005288e-34
1078740,0.0,-2.662870859779507e-47,9927.051530792365,0.9967586640797595,6.272000229382073e-34
1078800,0.0,-2.662668566174455e-47,9927.051530792365,0.9967586640797595,6.2715239157588595e-34
1078860,0.0,-2.662466272569404e-47,9927.051530792365,0.9967586640797595,6.2710476021356465e-34
1078920,0.0,-2.662263978964352e-47,9927.051530792365,0.9967586640797595,6.270571288512432e-34
1078980,0.0,-2.6620616853593003e-47,9927.051530792365,0.9967586640797595,6.270094974889218e-34
1079040,0.0,-2.6618593917542486e-47,9927.051530792365,0.9967586640797595,6.269618661266003e-34
1079100,0.0,-2.6616570981491973e-47,9927.051530792365,0.9967586640797595,6.2691423476427895e-34
1079160,0.0,-2.6614548045441456e-47,9927.051530792365,0.9967586640797595,6.268666034019575e-34
1079220,0.0,-2.661252510939094e-47,9927.051530792365,0.9967586640797595,6.268189720396361e-34
1079280,0.0,-2.661050217334042e-47,9927.051530792365,0.9967586640797595,6.267713406773146e-34
1079340,0.0,-2.660847923728991e-47,9927.051530792365,0.9967586640797595,6.2672370931499334e-34
1079400,0.0,-2.6606456301239385e-47,9927.051530792365,0.9967586640797595,6.266760779526719e-34
1079460,0.0,-2.6604433365188873e-47,9927.051530792365,0.9967586640797595,6.266284465903505e-34
1079520,0.0,-2.6602410429138355e-47,9927.051530792365,0.9967586640797595,6.26580815228029e-34
1079580,0.0,-2.6600387493087842e-47,9927.051530792365,0.9967586640797595,6.2653318386570765e-34
1079640,0.0,-2.659836455703732e-47,9927.051530792365,0.9967586640797595,6.264855525033862e-34
1079700,0.0,-2.6596341620986807e-47,9927.051530792365,0.9967586640797595,6.264379211410648e-34
1079760,0.0,-2.659431868493629e-47,9927.051530792365,0.9967586640797595,6.263902897787434e-34
1079820,0.0,-2.659229574888577e-47,9927.051530792365,0.9967586640797595,6.26342658416422e-34
1079880,0.0,-2.6590272812835255e-47,9927.051530792365,0.9967586640797595,6.262950270541006e-34
1079940,0.0,-2.658824987678474e-47,9927.051530792365,0.9967586640797595,6.262473956917792e-34
1080000,0.0,-2.6586226940734224e-47,9927.051530792365,0.9967586640797595,6.261997643294577e-34
1080060,0.0,-2.6584204004683707e-47,9927.051530792365,0.9967586640797595,6.261521329671363e-34
1080120,0.0,-2.658218106863319e-47,9927.051530792365,0.9967586640797595,6.261045016048149e-34
1080180,0.0,-2.6580158132582677e-47,9927.051530792365,0.9967586640797595,6.260568702424935e-34
1080240,0.0,-2.657813519653216e-47,9927.051530792365,0.9967586640797595,6.260092388801721e-34
1080300,0.0,-2.657611226048164e-47,9927.051530792365,0.9967586640797595,6.259616075178507e-34
1080360,0.0,-2.6574089324431124e-47,9927.051530792365,0.9967586640797595,6.259139761555293e-34
1080420,0.0,-2.657206638838061e-47,9927.051530792365,0.9967586640797595,6.258663447932079e-34
1080480,0.0,-2.657004345233009e-47,9927.051530792365,0.9967586640797595,6.258187134308864e-34
1080540,0.0,-2.6568020516279576e-47,9927.051530792365,0.9967586640797595,6.25771082068565e-34
1080600,0.0,-2.6565997580229063e-47,9927.051530792365,0.9967586640797595,6.2572345070624366e-34
1080660,0.0,-2.6563974644178546e-47,9927.051530792365,0.9967586640797595,6.256758193439223e-34
1080720,0.0,-2.656195170812803e-47,9927.051530792365,0.9967586640797595,6.256281879816009e-34
1080780,0.0,-2.655992877207751e-47,9927.051530792365,0.9967586640797595,6.255805566192794e-34
1080840,0.0,-2.6557905836027e-47,9927.051530792365,0.9967586640797595,6.2553292525695805e-34
1080900,0.0,-2.6555882899976476e-47,9927.051530792365,0.9967586640797595,6.254852938946366e-34
1080960,0.0,-2.6553859963925963e-47,9927.051530792365,0.9967586640797595,6.254376625323152e-34
1081020,0.0,-2.6551837027875445e-47,9927.051530792365,0.9967586640797595,6.253900311699937e-34
1081080,0.0,-2.654981409182493e-47,9927.051530792365,0.9967586640797595,6.2534239980767235e-34
1081140,0.0,-2.654779115577441e-47,9927.051530792365,0.9967586640797595,6.25294768445351e-34
1081200,0.0,-2.65457682197239e-47,9927.051530792365,0.9967586640797595,6.252471370830296e-34
1081260,0.0,-2.654374528367338e-47,9927.051530792365,0.9967586640797595,6.251995057207081e-34
1081320,0.0,-2.6541722347622863e-47,9927.051530792365,0.9967586640797595,6.251518743583867e-34
1081380,0.0,-2.6539699411572345e-47,9927.051530792365,0.9967586640797595,6.251042429960653e-34
1081440,0.0,-2.653767647552183e-47,9927.051530792365,0.9967586640797595,6.250566116337439e-34
1081500,0.0,-2.6535653539471315e-47,9927.051530792365,0.9967586640797595,6.250089802714224e-34
1081560,0.0,-2.6533630603420797e-47,9927.051530792365,0.9967586640797595,6.249613489091011e-34
1081620,0.0,-2.653160766737028e-47,9927.051530792365,0.9967586640797595,6.249137175467797e-34
1081680,0.0,-2.6529584731319767e-47,9927.051530792365,0.9967586640797595,6.248660861844583e-34
1081740,0.0,-2.6527561795269245e-47,9927.051530792365,0.9967586640797595,6.248184548221368e-34
1081800,0.0,-2.652553885921873e-47,9927.051530792365,0.9967586640797595,6.247708234598154e-34
1081860,0.0,-2.6523515923168214e-47,9927.051530792365,0.9967586640797595,6.24723192097494e-34
1081920,0.0,-2.65214929871177e-47,9927.051530792365,0.9967586640797595,6.246755607351726e-34
1081980,0.0,-2.651947005106718e-47,9927.051530792365,0.9967586640797595,6.246279293728511e-34
1082040,0.0,-2.6517447115016666e-47,9927.051530792365,0.9967586640797595,6.245802980105298e-34
1082100,0.0,-2.651542417896615e-47,9927.051530792365,0.9967586640797595,6.245326666482084e-34
1082160,0.0,-2.651340124291563e-47,9927.051530792365,0.9967586640797595,6.24485035285887e-34
1082220,0.0,-2.651137830686512e-47,9927.051530792365,0.9967586640797595,6.244374039235656e-34
1082280,0.0,-2.65093553708146e-47,9927.051530792365,0.9967586640797595,6.243897725612441e-34
1082340,0.0,-2.6507332434764084e-47,9927.051530792365,0.9967586640797595,6.2434214119892275e-34
1082400,0.0,-2.6505309498713566e-47,9927.051530792365,0.9967586640797595,6.242945098366013e-34
1082460,0.0,-2.6503286562663053e-47,9927.051530792365,0.9967586640797595,6.2424687847428e-34
1082520,0.0,-2.6501263626612536e-47,9927.051530792365,0.9967586640797595,6.241992471119585e-34
1082580,0.0,-2.649924069056202e-47,9927.051530792365,0.9967586640797595,6.241516157496371e-34
1082640,0.0,-2.64972177545115e-47,9927.051530792365,0.9967586640797595,6.241039843873157e-34
1082700,0.0,-2.649519481846099e-47,9927.051530792365,0.9967586640797595,6.240563530249943e-34
1082760,0.0,-2.649317188241047e-47,9927.051530792365,0.9967586640797595,6.240087216626728e-34
1082820,0.0,-2.6491148946359953e-47,9927.051530792365,0.9967586640797595,6.239610903003514e-34
1082880,0.0,-2.6489126010309435e-47,9927.051530792365,0.9967586640797595,6.2391345893803e-34
1082940,0.0,-2.6487103074258923e-47,9927.051530792365,0.9967586640797595,6.238658275757087e-34
1083000,0.0,-2.6485080138208405e-47,9927.051530792365,0.9967586640797595,6.238181962133872e-34
1083060,0.0,-2.6483057202157887e-47,9927.051530792365,0.9967586640797595,6.237705648510658e-34
1083120,0.0,-2.648103426610737e-47,9927.051530792365,0.9967586640797595,6.237229334887444e-34
1083180,0.0,-2.6479011330056857e-47,9927.051530792365,0.9967586640797595,6.23675302126423e-34
1083240,0.0,-2.6476988394006335e-47,9927.051530792365,0.9967586640797595,6.236276707641015e-34
1083300,0.0,-2.647496545795582e-47,9927.051530792365,0.9967586640797595,6.235800394017801e-34
1083360,0.0,-2.6472942521905305e-47,9927.051530792365,0.9967586640797595,6.2353240803945876e-34
1083420,0.0,-2.6470919585854787e-47,9927.051530792365,0.9967586640797595,6.234847766771374e-34
1083480,0.0,-2.646889664980427e-47,9927.051530792365,0.9967586640797595,6.234371453148159e-34
1083540,0.0,-2.6466873713753757e-47,9927.051530792365,0.9967586640797595,6.233895139524945e-34
1083600,0.0,-2.646485077770324e-47,9927.051530792365,0.9967586640797595,6.233418825901731e-34
1083660,0.0,-2.646282784165272e-47,9927.051530792365,0.9967586640797595,6.232942512278517e-34
1083720,0.0,-2.6460804905602204e-47,9927.051530792365,0.9967586640797595,6.232466198655302e-34
1083780,0.0,-2.645878196955169e-47,9927.051530792365,0.9967586640797595,6.231989885032088e-34
1083840,0.0,-2.6456759033501174e-47,9927.051530792365,0.9967586640797595,6.231513571408875e-34
1083900,0.0,-2.6454736097450656e-47,9927.051530792365,0.9967586640797595,6.231037257785661e-34
1083960,0.0,-2.6452713161400144e-47,9927.051530792365,0.9967586640797595,6.230560944162447e-34
1084020,0.0,-2.6450690225349626e-47,9927.051530792365,0.9967586640797595,6.230084630539232e-34
1084080,0.0,-2.644866728929911e-47,9927.051530792365,0.9967586640797595,6.229608316916018e-34
1084140,0.0,-2.644664435324859e-47,9927.051530792365,0.9967586640797595,6.229132003292804e-34
1084200,0.0,-2.644462141719808e-47,9927.051530792365,0.9967586640797595,6.22865568966959e-34
1084260,0.0,-2.644259848114756e-47,9927.051530792365,0.9967586640797595,6.228179376046376e-34
1084320,0.0,-2.6440575545097043e-47,9927.051530792365,0.9967586640797595,6.227703062423162e-34
1084380,0.0,-2.6438552609046526e-47,9927.051530792365,0.9967586640797595,6.227226748799948e-34
1084440,0.0,-2.6436529672996013e-47,9927.051530792365,0.9967586640797595,6.226750435176734e-34
1084500,0.0,-2.643450673694549e-47,9927.051530792365,0.9967586640797595,6.226274121553519e-34
1084560,0.0,-2.643248380089498e-47,9927.051530792365,0.9967586640797595,6.225797807930305e-34
1084620,0.0,-2.643046086484446e-47,9927.051530792365,0.9967586640797595,6.225321494307091e-34
1084680,0.0,-2.6428437928793943e-47,9927.051530792365,0.9967586640797595,6.224845180683877e-34
1084740,0.0,-2.6426414992743425e-47,9927.051530792365,0.9967586640797595,6.224368867060663e-34
1084800,0.0,-2.642439205669291e-47,9927.051530792365,0.9967586640797595,6.223892553437449e-34
1084860,0.0,-2.6422369120642395e-47,9927.051530792365,0.9967586640797595,6.223416239814235e-34
1084920,0.0,-2.6420346184591877e-47,9927.051530792365,0.9967586640797595,6.222939926191021e-34
1084980,0.0,-2.641832324854136e-47,9927.051530792365,0.9967586640797595,6.222463612567806e-34
1085040,0.0,-2.6416300312490847e-47,9927.051530792365,0.9967586640797595,6.221987298944592e-34
1085100,0.0,-2.641427737644033e-47,9927.051530792365,0.9967586640797595,6.221510985321378e-34
1085160,0.0,-2.641225444038981e-47,9927.051530792365,0.9967586640797595,6.221034671698165e-34
1085220,0.0,-2.6410231504339294e-47,9927.051530792365,0.9967586640797595,6.22055835807495e-34
1085280,0.0,-2.640820856828878e-47,9927.051530792365,0.9967586640797595,6.220082044451736e-34
1085340,0.0,-2.6406185632238264e-47,9927.051530792365,0.9967586640797595,6.2196057308285215e-34
1085400,0.0,-2.6404162696187747e-47,9927.051530792365,0.9967586640797595,6.219129417205308e-34
1085460,0.0,-2.640213976013723e-47,9927.051530792365,0.9967586640797595,6.218653103582093e-34
1085520,0.0,-2.6400116824086716e-47,9927.051530792365,0.9967586640797595,6.218176789958879e-34
1085580,0.0,-2.63980938880362e-47,9927.051530792365,0.9967586640797595,6.217700476335665e-34
1085640,0.0,-2.639607095198568e-47,9927.051530792365,0.9967586640797595,6.217224162712452e-34
1085700,0.0,-2.639404801593517e-47,9927.051530792365,0.9967586640797595,6.216747849089238e-34
1085760,0.0,-2.6392025079884646e-47,9927.051530792365,0.9967586640797595,6.216271535466023e-34
1085820,0.0,-2.6390002143834133e-47,9927.051530792365,0.9967586640797595,6.215795221842809e-34
1085880,0.0,-2.6387979207783616e-47,9927.051530792365,0.9967586640797595,6.215318908219595e-34
1085940,0.0,-2.6385956271733103e-47,9927.051530792365,0.9967586640797595,6.214842594596381e-34
1086000,0.0,-2.638393333568258e-47,9927.051530792365,0.9967586640797595,6.214366280973166e-34
1086060,0.0,-2.638191039963207e-47,9927.051530792365,0.9967586640797595,6.213889967349953e-34
1086120,0.0,-2.637988746358155e-47,9927.051530792365,0.9967586640797595,6.2134136537267385e-34
1086180,0.0,-2.6377864527531033e-47,9927.051530792365,0.9967586640797595,6.212937340103525e-34
1086240,0.0,-2.6375841591480515e-47,9927.051530792365,0.9967586640797595,6.21246102648031e-34
1086300,0.0,-2.6373818655430003e-47,9927.051530792365,0.9967586640797595,6.211984712857096e-34
1086360,0.0,-2.6371795719379485e-47,9927.051530792365,0.9967586640797595,6.211508399233882e-34
1086420,0.0,-2.6369772783328968e-47,9927.051530792365,0.9967586640797595,6.211032085610668e-34
1086480,0.0,-2.636774984727845e-47,9927.051530792365,0.9967586640797595,6.210555771987453e-34
1086540,0.0,-2.6365726911227937e-47,9927.051530792365,0.9967586640797595,6.21007945836424e-34
1086600,0.0,-2.636370397517742e-47,9927.051530792365,0.9967586640797595,6.2096031447410255e-34
1086660,0.0,-2.63616810391269e-47,9927.051530792365,0.9967586640797595,6.209126831117812e-34
1086720,0.0,-2.6359658103076385e-47,9927.051530792365,0.9967586640797595,6.208650517494597e-34
1086780,0.0,-2.635763516702587e-47,9927.051530792365,0.9967586640797595,6.208174203871383e-34
1086840,0.0,-2.635561223097535e-47,9927.051530792365,0.9967586640797595,6.2076978902481685e-34
1086900,0.0,-2.6353589294924837e-47,9927.051530792365,0.9967586640797595,6.207221576624955e-34
1086960,0.0,-2.635156635887432e-47,9927.051530792365,0.9967586640797595,6.206745263001741e-34
1087020,0.0,-2.63495434228238e-47,9927.051530792365,0.9967586640797595,6.206268949378527e-34
1087080,0.0,-2.6347520486773284e-47,9927.051530792365,0.9967586640797595,6.2057926357553124e-34
1087140,0.0,-2.634549755072277e-47,9927.051530792365,0.9967586640797595,6.205316322132099e-34
1087200,0.0,-2.634347461467226e-47,9927.051530792365,0.9967586640797595,6.204840008508885e-34
1087260,0.0,-2.6341451678621736e-47,9927.051530792365,0.9967586640797595,6.20436369488567e-34
1087320,0.0,-2.6339428742571224e-47,9927.051530792365,0.9967586640797595,6.203887381262456e-34
1087380,0.0,-2.6337405806520706e-47,9927.051530792365,0.9967586640797595,6.203411067639242e-34
1087440,0.0,-2.633538287047019e-47,9927.051530792365,0.9967586640797595,6.202934754016029e-34
1087500,0.0,-2.633335993441967e-47,9927.051530792365,0.9967586640797595,6.202458440392814e-34
1087560,0.0,-2.633133699836916e-47,9927.051530792365,0.9967586640797595,6.2019821267696e-34
1087620,0.0,-2.632931406231864e-47,9927.051530792365,0.9967586640797595,6.2015058131463856e-34
1087680,0.0,-2.6327291126268123e-47,9927.051530792365,0.9967586640797595,6.201029499523172e-34
1087740,0.0,-2.6325268190217606e-47,9927.051530792365,0.9967586640797595,6.200553185899957e-34
1087800,0.0,-2.6323245254167093e-47,9927.051530792365,0.9967586640797595,6.200076872276743e-34
1087860,0.0,-2.6321222318116575e-47,9927.051530792365,0.9967586640797595,6.1996005586535295e-34
1087920,0.0,-2.631919938206606e-47,9927.051530792365,0.9967586640797595,6.199124245030316e-34
1087980,0.0,-2.631717644601554e-47,9927.051530792365,0.9967586640797595,6.198647931407101e-34
1088040,0.0,-2.6315153509965028e-47,9927.051530792365,0.9967586640797595,6.198171617783887e-34
1088100,0.0,-2.6313130573914505e-47,9927.051530792365,0.9967586640797595,6.1976953041606725e-34
1088160,0.0,-2.631110763786399e-47,9927.051530792365,0.9967586640797595,6.197218990537459e-34
1088220,0.0,-2.6309084701813475e-47,9927.051530792365,0.9967586640797595,6.196742676914244e-34
1088280,0.0,-2.630706176576296e-47,9927.051530792365,0.9967586640797595,6.19626636329103e-34
1088340,0.0,-2.630503882971244e-47,9927.051530792365,0.9967586640797595,6.195790049667816e-34
1088400,0.0,-2.6303015893661927e-47,9927.051530792365,0.9967586640797595,6.195313736044603e-34
1088460,0.0,-2.630099295761141e-47,9927.051530792365,0.9967586640797595,6.194837422421388e-34
1088520,0.0,-2.629897002156089e-47,9927.051530792365,0.9967586640797595,6.194361108798174e-34
1088580,0.0,-2.6296947085510374e-47,9927.051530792365,0.9967586640797595,6.1938847951749595e-34
1088640,0.0,-2.629492414945986e-47,9927.051530792365,0.9967586640797595,6.193408481551746e-34
1088700,0.0,-2.6292901213409344e-47,9927.051530792365,0.9967586640797595,6.192932167928531e-34
1088760,0.0,-2.6290878277358827e-47,9927.051530792365,0.9967586640797595,6.192455854305318e-34
1088820,0.0,-2.628885534130831e-47,9927.051530792365,0.9967586640797595,6.191979540682103e-34
1088880,0.0,-2.6286832405257796e-47,9927.051530792365,0.9967586640797595,6.1915032270588895e-34
1088940,0.0,-2.628480946920728e-47,9927.051530792365,0.9967586640797595,6.191026913435676e-34
1089000,0.0,-2.628278653315676e-47,9927.051530792365,0.9967586640797595,6.190550599812461e-34
1089060,0.0,-2.628076359710625e-47,9927.051530792365,0.9967586640797595,6.190074286189247e-34
1089120,0.0,-2.627874066105573e-47,9927.051530792365,0.9967586640797595,6.189597972566033e-34
1089180,0.0,-2.6276717725005213e-47,9927.051530792365,0.9967586640797595,6.18912165894282e-34
1089240,0.0,-2.6274694788954696e-47,9927.051530792365,0.9967586640797595,6.188645345319605e-34
1089300,0.0,-2.6272671852904183e-47,9927.051530792365,0.9967586640797595,6.188169031696391e-34
1089360,0.0,-2.6270648916853666e-47,9927.051530792365,0.9967586640797595,6.1876927180731765e-34
1089420,0.0,-2.626862598080315e-47,9927.051530792365,0.9967586640797595,6.187216404449963e-34
1089480,0.0,-2.626660304475263e-47,9927.051530792365,0.9967586640797595,6.186740090826748e-34
1089540,0.0,-2.626458010870212e-47,9927.051530792365,0.9967586640797595,6.186263777203534e-34
1089600,0.0,-2.6262557172651595e-47,9927.051530792365,0.9967586640797595,6.1857874635803195e-34
1089660,0.0,-2.6260534236601083e-47,9927.051530792365,0.9967586640797595,6.185311149957107e-34
1089720,0.0,-2.6258511300550565e-47,9927.051530792365,0.9967586640797595,6.184834836333892e-34
1089780,0.0,-2.6256488364500048e-47,9927.051530792365,0.9967586640797595,6.184358522710678e-34
1089840,0.0,-2.625446542844953e-47,9927.051530792365,0.9967586640797595,6.1838822090874634e-34
1089900,0.0,-2.6252442492399017e-47,9927.051530792365,0.9967586640797595,6.18340589546425e-34
1089960,0.0,-2.62504195563485e-47,9927.051530792365,0.9967586640797595,6.182929581841035e-34
1090020,0.0,-2.624839662029798e-47,9927.051530792365,0.9967586640797595,6.182453268217821e-34
1090080,0.0,-2.6246373684247465e-47,9927.051530792365,0.9967586640797595,6.1819769545946065e-34
1090140,0.0,-2.624435074819695e-47,9927.051530792365,0.9967586640797595,6.1815006409713935e-34
1090200,0.0,-2.6242327812146434e-47,9927.051530792365,0.9967586640797595,6.181024327348179e-34
1090260,0.0,-2.6240304876095917e-47,9927.051530792365,0.9967586640797595,6.180548013724965e-34
1090320,0.0,-2.62382819400454e-47,9927.051530792365,0.9967586640797595,6.18007170010175e-34
1090380,0.0,-2.6236259003994887e-47,9927.051530792365,0.9967586640797595,6.1795953864785366e-34
1090440,0.0,-2.6234236067944364e-47,9927.051530792365,0.9967586640797595,6.179119072855322e-34
1090500,0.0,-2.623221313189385e-47,9927.051530792365,0.9967586640797595,6.178642759232108e-34
1090560,0.0,-2.623019019584334e-47,9927.051530792365,0.9967586640797595,6.178166445608895e-34
1090620,0.0,-2.622816725979282e-47,9927.051530792365,0.9967586640797595,6.1776901319856805e-34
1090680,0.0,-2.6226144323742304e-47,9927.051530792365,0.9967586640797595,6.177213818362467e-34
1090740,0.0,-2.6224121387691786e-47,9927.051530792365,0.9967586640797595,6.176737504739252e-34
1090800,0.0,-2.6222098451641273e-47,9927.051530792365,0.9967586640797595,6.176261191116038e-34
1090860,0.0,-2.622007551559075e-47,9927.051530792365,0.9967586640797595,6.1757848774928235e-34
1090920,0.0,-2.621805257954024e-47,9927.051530792365,0.9967586640797595,6.17530856386961e-34
1090980,0.0,-2.621602964348972e-47,9927.051530792365,0.9967586640797595,6.174832250246395e-34
1091040,0.0,-2.6214006707439203e-47,9927.051530792365,0.9967586640797595,6.174355936623182e-34
1091100,0.0,-2.6211983771388686e-47,9927.051530792365,0.9967586640797595,6.173879622999967e-34
1091160,0.0,-2.6209960835338173e-47,9927.051530792365,0.9967586640797595,6.173403309376754e-34
1091220,0.0,-2.6207937899287655e-47,9927.051530792365,0.9967586640797595,6.172926995753539e-34
1091280,0.0,-2.620591496323714e-47,9927.051530792365,0.9967586640797595,6.172450682130325e-34
1091340,0.0,-2.620389202718662e-47,9927.051530792365,0.9967586640797595,6.1719743685071105e-34
1091400,0.0,-2.620186909113611e-47,9927.051530792365,0.9967586640797595,6.171498054883897e-34
1091460,0.0,-2.619984615508559e-47,9927.051530792365,0.9967586640797595,6.171021741260683e-34
1091520,0.0,-2.6197823219035072e-47,9927.051530792365,0.9967586640797595,6.170545427637469e-34
1091580,0.0,-2.6195800282984555e-47,9927.051530792365,0.9967586640797595,6.170069114014254e-34
1091640,0.0,-2.619377734693404e-47,9927.051530792365,0.9967586640797595,6.1695928003910405e-34
1091700,0.0,-2.6191754410883525e-47,9927.051530792365,0.9967586640797595,6.169116486767826e-34
1091760,0.0,-2.6189731474833007e-47,9927.051530792365,0.9967586640797595,6.168640173144612e-34
1091820,0.0,-2.618770853878249e-47,9927.051530792365,0.9967586640797595,6.168163859521397e-34
1091880,0.0,-2.6185685602731977e-47,9927.051530792365,0.9967586640797595,6.1676875458981844e-34
1091940,0.0,-2.6183662666681454e-47,9927.051530792365,0.9967586640797595,6.16721123227497e-34
1092000,0.0,-2.618163973063094e-47,9927.051530792365,0.9967586640797595,6.166734918651756e-34
1092060,0.0,-2.6179616794580424e-47,9927.051530792365,0.9967586640797595,6.166258605028541e-34
1092120,0.0,-2.6177593858529907e-47,9927.051530792365,0.9967586640797595,6.1657822914053275e-34
1092180,0.0,-2.617557092247939e-47,9927.051530792365,0.9967586640797595,6.165305977782113e-34
1092240,0.0,-2.6173547986428876e-47,9927.051530792365,0.9967586640797595,6.164829664158899e-34
1092300,0.0,-2.6171525050378364e-47,9927.051530792365,0.9967586640797595,6.164353350535685e-34
1092360,0.0,-2.616950211432784e-47,9927.051530792365,0.9967586640797595,6.163877036912471e-34
1092420,0.0,-2.616747917827733e-47,9927.051530792365,0.9967586640797595,6.1634007232892576e-34
1092480,0.0,-2.616545624222681e-47,9927.051530792365,0.9967586640797595,6.162924409666043e-34
1092540,0.0,-2.6163433306176293e-47,9927.051530792365,0.9967586640797595,6.162448096042829e-34
1092600,0.0,-2.6161410370125776e-47,9927.051530792365,0.9967586640797595,6.161971782419614e-34
1092660,0.0,-2.6159387434075263e-47,9927.051530792365,0.9967586640797595,6.161495468796401e-34
1092720,0.0,-2.6157364498024746e-47,9927.051530792365,0.9967586640797595,6.161019155173186e-34
1092780,0.0,-2.615534156197423e-47,9927.051530792365,0.9967586640797595,6.160542841549973e-34
1092840,0.0,-2.615331862592371e-47,9927.051530792365,0.9967586640797595,6.160066527926758e-34
1092900,0.0,-2.61512956898732e-47,9927.051530792365,0.9967586640797595,6.1595902143035445e-34
1092960,0.0,-2.614927275382268e-47,9927.051530792365,0.9967586640797595,6.15911390068033e-34
1093020,0.0,-2.6147249817772163e-47,9927.051530792365,0.9967586640797595,6.158637587057116e-34
1093080,0.0,-2.6145226881721645e-47,9927.051530792365,0.9967586640797595,6.158161273433901e-34
1093140,0.0,-2.6143203945671132e-47,9927.051530792365,0.9967586640797595,6.1576849598106876e-34
1093200,0.0,-2.614118100962061e-47,9927.051530792365,0.9967586640797595,6.157208646187473e-34
1093260,0.0,-2.6139158073570097e-47,9927.051530792365,0.9967586640797595,6.15673233256426e-34
1093320,0.0,-2.613713513751958e-47,9927.051530792365,0.9967586640797595,6.156256018941045e-34
1093380,0.0,-2.613511220146906e-47,9927.051530792365,0.9967586640797595,6.1557797053178315e-34
1093440,0.0,-2.6133089265418545e-47,9927.051530792365,0.9967586640797595,6.155303391694617e-34
1093500,0.0,-2.613106632936803e-47,9927.051530792365,0.9967586640797595,6.154827078071403e-34
1093560,0.0,-2.6129043393317514e-47,9927.051530792365,0.9967586640797595,6.154350764448188e-34
1093620,0.0,-2.6127020457266997e-47,9927.051530792365,0.9967586640797595,6.1538744508249745e-34
1093680,0.0,-2.612499752121648e-47,9927.051530792365,0.9967586640797595,6.15339813720176e-34
1093740,0.0,-2.6122974585165967e-47,9927.051530792365,0.9967586640797595,6.152921823578547e-34
1093800,0.0,-2.612095164911545e-47,9927.051530792365,0.9967586640797595,6.152445509955332e-34
1093860,0.0,-2.611892871306493e-47,9927.051530792365,0.9967586640797595,6.151969196332118e-34
1093920,0.0,-2.611690577701442e-47,9927.051530792365,0.9967586640797595,6.151492882708905e-34
1093980,0.0,-2.61148828409639e-47,9927.051530792365,0.9967586640797595,6.15101656908569e-34
1094040,0.0,-2.6112859904913384e-47,9927.051530792365,0.9967586640797595,6.150540255462476e-34
1094100,0.0,-2.6110836968862866e-47,9927.051530792365,0.9967586640797595,6.1500639418392614e-34
1094160,0.0,-2.6108814032812353e-47,9927.051530792365,0.9967586640797595,6.1495876282160485e-34
1094220,0.0,-2.6106791096761836e-47,9927.051530792365,0.9967586640797595,6.149111314592834e-34
1094280,0.0,-2.610476816071132e-47,9927.051530792365,0.9967586640797595,6.14863500096962e-34
1094340,0.0,-2.61027452246608e-47,9927.051530792365,0.9967586640797595,6.148158687346405e-34
1094400,0.0,-2.610072228861029e-47,9927.051530792365,0.9967586640797595,6.1476823737231915e-34
1094460,0.0,-2.6098699352559766e-47,9927.051530792365,0.9967586640797595,6.147206060099977e-34
1094520,0.0,-2.6096676416509253e-47,9927.051530792365,0.9967586640797595,6.146729746476763e-34
1094580,0.0,-2.6094653480458735e-47,9927.051530792365,0.9967586640797595,6.146253432853549e-34
1094640,0.0,-2.6092630544408223e-47,9927.051530792365,0.9967586640797595,6.1457771192303354e-34
1094700,0.0,-2.60906076083577e-47,9927.051530792365,0.9967586640797595,6.145300805607121e-34
1094760,0.0,-2.608858467230719e-47,9927.051530792365,0.9967586640797595,6.144824491983907e-34
1094820,0.0,-2.608656173625667e-47,9927.051530792365,0.9967586640797595,6.144348178360692e-34
1094880,0.0,-2.6084538800206153e-47,9927.051530792365,0.9967586640797595,6.1438718647374785e-34
1094940,0.0,-2.6082515864155635e-47,9927.051530792365,0.9967586640797595,6.143395551114264e-34
1095000,0.0,-2.608049292810512e-47,9927.051530792365,0.9967586640797595,6.14291923749105e-34
1095060,0.0,-2.6078469992054605e-47,9927.051530792365,0.9967586640797595,6.142442923867836e-34
1095120,0.0,-2.6076447056004087e-47,9927.051530792365,0.9967586640797595,6.141966610244622e-34
1095180,0.0,-2.607442411995357e-47,9927.051530792365,0.9967586640797595,6.141490296621408e-34
1095240,0.0,-2.6072401183903057e-47,9927.051530792365,0.9967586640797595,6.141013982998194e-34
1095300,0.0,-2.607037824785254e-47,9927.051530792365,0.9967586640797595,6.140537669374979e-34
1095360,0.0,-2.606835531180202e-47,9927.051530792365,0.9967586640797595,6.140061355751765e-34
1095420,0.0,-2.6066332375751504e-47,9927.051530792365,0.9967586640797595,6.139585042128551e-34
1095480,0.0,-2.606430943970099e-47,9927.051530792365,0.9967586640797595,6.139108728505338e-34
1095540,0.0,-2.6062286503650474e-47,9927.051530792365,0.9967586640797595,6.138632414882124e-34
1095600,0.0,-2.6060263567599956e-47,9927.051530792365,0.9967586640797595,6.138156101258909e-34
1095660,0.0,-2.6058240631549444e-47,9927.051530792365,0.9967586640797595,6.1376797876356955e-34
1095720,0.0,-2.605621769549892e-47,9927.051530792365,0.9967586640797595,6.137203474012481e-34
1095780,0.0,-2.605419475944841e-47,9927.051530792365,0.9967586640797595,6.136727160389267e-34
1095840,0.0,-2.605217182339789e-47,9927.051530792365,0.9967586640797595,6.136250846766052e-34
1095900,0.0,-2.605014888734738e-47,9927.051530792365,0.9967586640797595,6.1357745331428386e-34
1095960,0.0,-2.6048125951296856e-47,9927.051530792365,0.9967586640797595,6.135298219519625e-34
1096020,0.0,-2.6046103015246343e-47,9927.051530792365,0.9967586640797595,6.134821905896411e-34
1096080,0.0,-2.6044080079195826e-47,9927.051530792365,0.9967586640797595,6.134345592273196e-34
1096140,0.0,-2.604205714314531e-47,9927.051530792365,0.9967586640797595,6.1338692786499825e-34
1096200,0.0,-2.604003420709479e-47,9927.051530792365,0.9967586640797595,6.133392965026768e-34
1096260,0.0,-2.603801127104428e-47,9927.051530792365,0.9967586640797595,6.132916651403554e-34
1096320,0.0,-2.603598833499376e-47,9927.051530792365,0.9967586640797595,6.132440337780339e-34
1096380,0.0,-2.6033965398943243e-47,9927.051530792365,0.9967586640797595,6.131964024157126e-34
1096440,0.0,-2.6031942462892725e-47,9927.051530792365,0.9967586640797595,6.131487710533912e-34
1096500,0.0,-2.6029919526842213e-47,9927.051530792365,0.9967586640797595,6.131011396910698e-34
1096560,0.0,-2.6027896590791695e-47,9927.051530792365,0.9967586640797595,6.130535083287483e-34
1096620,0.0,-2.6025873654741177e-47,9927.051530792365,0.9967586640797595,6.130058769664269e-34
1096680,0.0,-2.602385071869066e-47,9927.051530792365,0.9967586640797595,6.129582456041055e-34
1096740,0.0,-2.6021827782640147e-47,9927.051530792365,0.9967586640797595,6.129106142417841e-34
1096800,0.0,-2.6019804846589625e-47,9927.051530792365,0.9967586640797595,6.128629828794626e-34
1096860,0.0,-2.601778191053911e-47,9927.051530792365,0.9967586640797595,6.128153515171413e-34
1096920,0.0,-2.6015758974488595e-47,9927.051530792365,0.9967586640797595,6.127677201548199e-34
1096980,0.0,-2.601373603843808e-47,9927.051530792365,0.9967586640797595,6.127200887924985e-34
1097040,0.0,-2.601171310238756e-47,9927.051530792365,0.9967586640797595,6.12672457430177e-34
1097100,0.0,-2.6009690166337047e-47,9927.051530792365,0.9967586640797595,6.126248260678556e-34
1097160,0.0,-2.600766723028653e-47,9927.051530792365,0.9967586640797595,6.125771947055342e-34
1097220,0.0,-2.600564429423601e-47,9927.051530792365,0.9967586640797595,6.125295633432128e-34
1097280,0.0,-2.60036213581855e-47,9927.051530792365,0.9967586640797595,6.124819319808915e-34
1097340,0.0,-2.600159842213498e-47,9927.051530792365,0.9967586640797595,6.1243430061857e-34
1097400,0.0,-2.5999575486084464e-47,9927.051530792365,0.9967586640797595,6.1238666925624864e-34
1097460,0.0,-2.5997552550033946e-47,9927.051530792365,0.9967586640797595,6.123390378939272e-34
1097520,0.0,-2.5995529613983434e-47,9927.051530792365,0.9967586640797595,6.122914065316058e-34
1097580,0.0,-2.5993506677932916e-47,9927.051530792365,0.9967586640797595,6.122437751692843e-34
1097640,0.0,-2.59914837418824e-47,9927.051530792365,0.9967586640797595,6.1219614380696295e-34
1097700,0.0,-2.598946080583188e-47,9927.051530792365,0.9967586640797595,6.121485124446415e-34
1097760,0.0,-2.598743786978137e-47,9927.051530792365,0.9967586640797595,6.121008810823202e-34
1097820,0.0,-2.598541493373085e-47,9927.051530792365,0.9967586640797595,6.120532497199987e-34
1097880,0.0,-2.5983391997680333e-47,9927.051530792365,0.9967586640797595,6.120056183576773e-34
1097940,0.0,-2.5981369061629816e-47,9927.051530792365,0.9967586640797595,6.119579869953559e-34
1098000,0.0,-2.5979346125579303e-47,9927.051530792365,0.9967586640797595,6.119103556330345e-34
1098060,0.0,-2.5977323189528785e-47,9927.051530792365,0.9967586640797595,6.11862724270713e-34
1098120,0.0,-2.597530025347827e-47,9927.051530792365,0.9967586640797595,6.118150929083916e-34
1098180,0.0,-2.597327731742775e-47,9927.051530792365,0.9967586640797595,6.117674615460703e-34
1098240,0.0,-2.5971254381377237e-47,9927.051530792365,0.9967586640797595,6.117198301837489e-34
1098300,0.0,-2.5969231445326715e-47,9927.051530792365,0.9967586640797595,6.116721988214274e-34
1098360,0.0,-2.59672085092762e-47,9927.051530792365,0.9967586640797595,6.11624567459106e-34
1098420,0.0,-2.5965185573225685e-47,9927.051530792365,0.9967586640797595,6.115769360967846e-34
1098480,0.0,-2.5963162637175167e-47,9927.051530792365,0.9967586640797595,6.115293047344632e-34
1098540,0.0,-2.596113970112465e-47,9927.051530792365,0.9967586640797595,6.114816733721417e-34
1098600,0.0,-2.5959116765074137e-47,9927.051530792365,0.9967586640797595,6.114340420098203e-34
1098660,0.0,-2.595709382902362e-47,9927.051530792365,0.9967586640797595,6.1138641064749895e-34
1098720,0.0,-2.59550708929731e-47,9927.051530792365,0.9967586640797595,6.113387792851776e-34
1098780,0.0,-2.5953047956922584e-47,9927.051530792365,0.9967586640797595,6.112911479228561e-34
1098840,0.0,-2.595102502087207e-47,9927.051530792365,0.9967586640797595,6.112435165605347e-34
1098900,0.0,-2.5949002084821554e-47,9927.051530792365,0.9967586640797595,6.1119588519821334e-34
1098960,0.0,-2.5946979148771037e-47,9927.051530792365,0.9967586640797595,6.111482538358919e-34
1099020,0.0,-2.5944956212720524e-47,9927.051530792365,0.9967586640797595,6.111006224735705e-34
1099080,0.0,-2.5942933276670006e-47,9927.051530792365,0.9967586640797595,6.110529911112491e-34
1099140,0.0,-2.594091034061949e-47,9927.051530792365,0.9967586640797595,6.110053597489277e-34
1099200,0.0,-2.593888740456897e-47,9927.051530792365,0.9967586640797595,6.109577283866063e-34
1099260,0.0,-2.593686446851846e-47,9927.051530792365,0.9967586640797595,6.109100970242849e-34
1099320,0.0,-2.593484153246794e-47,9927.051530792365,0.9967586640797595,6.108624656619634e-34
1099380,0.0,-2.5932818596417423e-47,9927.051530792365,0.9967586640797595,6.10814834299642e-34
1099440,0.0,-2.5930795660366906e-47,9927.051530792365,0.9967586640797595,6.107672029373206e-34
1099500,0.0,-2.5928772724316393e-47,9927.051530792365,0.9967586640797595,6.107195715749992e-34
1099560,0.0,-2.592674978826587e-47,9927.051530792365,0.9967586640797595,6.106719402126778e-34
1099620,0.0,-2.592472685221536e-47,9927.051530792365,0.9967586640797595,6.106243088503564e-34
1099680,0.0,-2.592270391616484e-47,9927.051530792365,0.9967586640797595,6.10576677488035e-34
1099740,0.0,-2.5920680980114323e-47,9927.051530792365,0.9967586640797595,6.105290461257136e-34
1099800,0.0,-2.5918658044063805e-47,9927.051530792365,0.9967586640797595,6.104814147633921e-34
1099860,0.0,-2.5916635108013293e-47,9927.051530792365,0.9967586640797595,6.104337834010707e-34
1099920,0.0,-2.5914612171962775e-47,9927.051530792365,0.9967586640797595,6.103861520387493e-34
1099980,0.0,-2.5912589235912258e-47,9927.051530792365,0.9967586640797595,6.10338520676428e-34
1100040,0.0,-2.591056629986174e-47,9927.051530792365,0.9967586640797595,6.102908893141065e-34
1100100,0.0,-2.5908543363811227e-47,9927.051530792365,0.9967586640797595,6.102432579517851e-34
1100160,0.0,-2.590652042776071e-47,9927.051530792365,0.9967586640797595,6.1019562658946366e-34
1100220,0.0,-2.590449749171019e-47,9927.051530792365,0.9967586640797595,6.101479952271423e-34
1100280,0.0,-2.5902474555659675e-47,9927.051530792365,0.9967586640797595,6.101003638648208e-34
1100340,0.0,-2.590045161960916e-47,9927.051530792365,0.9967586640797595,6.100527325024994e-34
1100400,0.0,-2.5898428683558644e-47,9927.051530792365,0.9967586640797595,6.10005101140178e-34
1100460,0.0,-2.5896405747508127e-47,9927.051530792365,0.9967586640797595,6.099574697778567e-34
1100520,0.0,-2.589438281145761e-47,9927.051530792365,0.9967586640797595,6.099098384155352e-34
1100580,0.0,-2.5892359875407097e-47,9927.051530792365,0.9967586640797595,6.098622070532138e-34
1100640,0.0,-2.589033693935658e-47,9927.051530792365,0.9967586640797595,6.098145756908924e-34
1100700,0.0,-2.588831400330606e-47,9927.051530792365,0.9967586640797595,6.09766944328571e-34
1100760,0.0,-2.588629106725555e-47,9927.051530792365,0.9967586640797595,6.097193129662496e-34
1100820,0.0,-2.5884268131205026e-47,9927.051530792365,0.9967586640797595,6.096716816039281e-34
1100880,0.0,-2.5882245195154514e-47,9927.051530792365,0.9967586640797595,6.096240502416068e-34
1100940,0.0,-2.5880222259103996e-47,9927.051530792365,0.9967586640797595,6.095764188792854e-34
1101000,0.0,-2.5878199323053483e-47,9927.051530792365,0.9967586640797595,6.09528787516964e-34
1101060,0.0,-2.587617638700296e-47,9927.051530792365,0.9967586640797595,6.094811561546425e-34
1101120,0.0,-2.587415345095245e-47,9927.051530792365,0.9967586640797595,6.094335247923211e-34
1101180,0.0,-2.587213051490193e-47,9927.051530792365,0.9967586640797595,6.093858934299997e-34
1101240,0.0,-2.5870107578851413e-47,9927.051530792365,0.9967586640797595,6.093382620676783e-34
1101300,0.0,-2.5868084642800896e-47,9927.051530792365,0.9967586640797595,6.092906307053568e-34
1101360,0.0,-2.5866061706750383e-47,9927.051530792365,0.9967586640797595,6.092429993430355e-34
1101420,0.0,-2.5864038770699865e-47,9927.051530792365,0.9967586640797595,6.0919536798071405e-34
1101480,0.0,-2.586201583464935e-47,9927.051530792365,0.9967586640797595,6.091477366183927e-34
1101540,0.0,-2.585999289859883e-47,9927.051530792365,0.9967586640797595,6.091001052560712e-34
1101600,0.0,-2.5857969962548318e-47,9927.051530792365,0.9967586640797595,6.090524738937498e-34
1101660,0.0,-2.58559470264978e-47,9927.051530792365,0.9967586640797595,6.090048425314284e-34
1101720,0.0,-2.585392409044728e-47,9927.051530792365,0.9967586640797595,6.08957211169107e-34
1101780,0.0,-2.5851901154396765e-47,9927.051530792365,0.9967586640797595,6.089095798067856e-34
1101840,0.0,-2.584987821834625e-47,9927.051530792365,0.9967586640797595,6.088619484444642e-34
1101900,0.0,-2.584785528229573e-47,9927.051530792365,0.9967586640797595,6.0881431708214275e-34
1101960,0.0,-2.5845832346245217e-47,9927.051530792365,0.9967586640797595,6.087666857198214e-34
1102020,0.0,-2.58438094101947e-47,9927.051530792365,0.9967586640797595,6.087190543574999e-34
1102080,0.0,-2.584178647414418e-47,9927.051530792365,0.9967586640797595,6.086714229951785e-34
1102140,0.0,-2.5839763538093664e-47,9927.051530792365,0.9967586640797595,6.0862379163285705e-34
1102200,0.0,-2.583774060204315e-47,9927.051530792365,0.9967586640797595,6.085761602705357e-34
1102260,0.0,-2.583571766599264e-47,9927.051530792365,0.9967586640797595,6.085285289082144e-34
1102320,0.0,-2.5833694729942117e-47,9927.051530792365,0.9967586640797595,6.084808975458929e-34
1102380,0.0,-2.5831671793891604e-47,9927.051530792365,0.9967586640797595,6.084332661835715e-34
1102440,0.0,-2.5829648857841086e-47,9927.051530792365,0.9967586640797595,6.083856348212501e-34
1102500,0.0,-2.582762592179057e-47,9927.051530792365,0.9967586640797595,6.083380034589287e-34
1102560,0.0,-2.582560298574005e-47,9927.051530792365,0.9967586640797595,6.082903720966072e-34
1102620,0.0,-2.582358004968954e-47,9927.051530792365,0.9967586640797595,6.082427407342858e-34
1102680,0.0,-2.582155711363902e-47,9927.051530792365,0.9967586640797595,6.0819510937196445e-34
1102740,0.0,-2.5819534177588503e-47,9927.051530792365,0.9967586640797595,6.081474780096431e-34
1102800,0.0,-2.5817511241537986e-47,9927.051530792365,0.9967586640797595,6.080998466473216e-34
1102860,0.0,-2.5815488305487473e-47,9927.051530792365,0.9967586640797595,6.080522152850002e-34
1102920,0.0,-2.5813465369436956e-47,9927.051530792365,0.9967586640797595,6.0800458392267876e-34
1102980,0.0,-2.581144243338644e-47,9927.051530792365,0.9967586640797595,6.079569525603574e-34
1103040,0.0,-2.580941949733592e-47,9927.051530792365,0.9967586640797595,6.079093211980359e-34
1103100,0.0,-2.580739656128541e-47,9927.051530792365,0.9967586640797595,6.078616898357145e-34
1103160,0.0,-2.5805373625234885e-47,9927.051530792365,0.9967586640797595,6.0781405847339315e-34
1103220,0.0,-2.5803350689184373e-47,9927.051530792365,0.9967586640797595,6.077664271110718e-34
1103280,0.0,-2.5801327753133855e-47,9927.051530792365,0.9967586640797595,6.077187957487503e-34
1103340,0.0,-2.579930481708334e-47,9927.051530792365,0.9967586640797595,6.076711643864289e-34
1103400,0.0,-2.579728188103282e-47,9927.051530792365,0.9967586640797595,6.0762353302410745e-34
1103460,0.0,-2.5795258944982307e-47,9927.051530792365,0.9967586640797595,6.075759016617861e-34
1103520,0.0,-2.579323600893179e-47,9927.051530792365,0.9967586640797595,6.075282702994646e-34
1103580,0.0,-2.579121307288127e-47,9927.051530792365,0.9967586640797595,6.074806389371433e-34
1103640,0.0,-2.5789190136830755e-47,9927.051530792365,0.9967586640797595,6.074330075748218e-34
1103700,0.0,-2.578716720078024e-47,9927.051530792365,0.9967586640797595,6.073853762125005e-34
1103760,0.0,-2.5785144264729724e-47,9927.051530792365,0.9967586640797595,6.07337744850179e-34
1103820,0.0,-2.5783121328679207e-47,9927.051530792365,0.9967586640797595,6.072901134878576e-34
1103880,0.0,-2.578109839262869e-47,9927.051530792365,0.9967586640797595,6.0724248212553615e-34
1103940,0.0,-2.5779075456578177e-47,9927.051530792365,0.9967586640797595,6.071948507632148e-34
1104000,0.0,-2.577705252052766e-47,9927.051530792365,0.9967586640797595,6.071472194008935e-34
1104060,0.0,-2.577502958447714e-47,9927.051530792365,0.9967586640797595,6.07099588038572e-34
1104120,0.0,-2.577300664842663e-47,9927.051530792365,0.9967586640797595,6.070519566762506e-34
1104180,0.0,-2.577098371237611e-47,9927.051530792365,0.9967586640797595,6.0700432531392915e-34
1104240,0.0,-2.5768960776325594e-47,9927.051530792365,0.9967586640797595,6.069566939516078e-34
1104300,0.0,-2.5766937840275076e-47,9927.051530792365,0.9967586640797595,6.069090625892863e-34
1104360,0.0,-2.5764914904224563e-47,9927.051530792365,0.9967586640797595,6.068614312269649e-34
1104420,0.0,-2.576289196817404e-47,9927.051530792365,0.9967586640797595,6.068137998646435e-34
1104480,0.0,-2.576086903212353e-47,9927.051530792365,0.9967586640797595,6.067661685023222e-34
1104540,0.0,-2.575884609607301e-47,9927.051530792365,0.9967586640797595,6.067185371400007e-34
1104600,0.0,-2.57568231600225e-47,9927.051530792365,0.9967586640797595,6.066709057776793e-34
1104660,0.0,-2.5754800223971976e-47,9927.051530792365,0.9967586640797595,6.0662327441535785e-34
1104720,0.0,-2.5752777287921463e-47,9927.051530792365,0.9967586640797595,6.065756430530365e-34
1104780,0.0,-2.5750754351870945e-47,9927.051530792365,0.9967586640797595,6.06528011690715e-34
1104840,0.0,-2.574873141582043e-47,9927.051530792365,0.9967586640797595,6.064803803283936e-34
1104900,0.0,-2.574670847976991e-47,9927.051530792365,0.9967586640797595,6.0643274896607215e-34
1104960,0.0,-2.57446855437194e-47,9927.051530792365,0.9967586640797595,6.0638511760375086e-34
1105020,0.0,-2.574266260766888e-47,9927.051530792365,0.9967586640797595,6.063374862414294e-34
1105080,0.0,-2.5740639671618362e-47,9927.051530792365,0.9967586640797595,6.06289854879108e-34
1105140,0.0,-2.5738616735567845e-47,9927.051530792365,0.9967586640797595,6.062422235167865e-34
1105200,0.0,-2.573659379951733e-47,9927.051530792365,0.9967586640797595,6.061945921544652e-34
1105260,0.0,-2.5734570863466815e-47,9927.051530792365,0.9967586640797595,6.061469607921437e-34
1105320,0.0,-2.5732547927416297e-47,9927.051530792365,0.9967586640797595,6.060993294298223e-34
1105380,0.0,-2.573052499136578e-47,9927.051530792365,0.9967586640797595,6.060516980675009e-34
1105440,0.0,-2.5728502055315267e-47,9927.051530792365,0.9967586640797595,6.0600406670517955e-34
1105500,0.0,-2.5726479119264744e-47,9927.051530792365,0.9967586640797595,6.059564353428581e-34
1105560,0.0,-2.572445618321423e-47,9927.051530792365,0.9967586640797595,6.059088039805367e-34
1105620,0.0,-2.572243324716372e-47,9927.051530792365,0.9967586640797595,6.058611726182153e-34
1105680,0.0,-2.57204103111132e-47,9927.051530792365,0.9967586640797595,6.0581354125589386e-34
1105740,0.0,-2.5718387375062684e-47,9927.051530792365,0.9967586640797595,6.057659098935725e-34
1105800,0.0,-2.5716364439012166e-47,9927.051530792365,0.9967586640797595,6.05718278531251e-34
1105860,0.0,-2.5714341502961654e-47,9927.051530792365,0.9967586640797595,6.056706471689297e-34
1105920,0.0,-2.571231856691113e-47,9927.051530792365,0.9967586640797595,6.0562301580660825e-34
1105980,0.0,-2.571029563086062e-47,9927.051530792365,0.9967586640797595,6.055753844442869e-34
1106040,0.0,-2.57082726948101e-47,9927.051530792365,0.9967586640797595,6.055277530819654e-34
1106100,0.0,-2.5706249758759583e-47,9927.051530792365,0.9967586640797595,6.05480121719644e-34
1106160,0.0,-2.5704226822709066e-47,9927.051530792365,0.9967586640797595,6.0543249035732255e-34
1106220,0.0,-2.5702203886658553e-47,9927.051530792365,0.9967586640797595,6.053848589950012e-34
1106280,0.0,-2.5700180950608036e-47,9927.051530792365,0.9967586640797595,6.053372276326798e-34
1106340,0.0,-2.569815801455752e-47,9927.051530792365,0.9967586640797595,6.052895962703584e-34
1106400,0.0,-2.5696135078507e-47,9927.051530792365,0.9967586640797595,6.052419649080369e-34
1106460,0.0,-2.569411214245649e-47,9927.051530792365,0.9967586640797595,6.051943335457156e-34
1106520,0.0,-2.569208920640597e-47,9927.051530792365,0.9967586640797595,6.051467021833941e-34
1106580,0.0,-2.5690066270355453e-47,9927.051530792365,0.9967586640797595,6.050990708210727e-34
1106640,0.0,-2.5688043334304935e-47,9927.051530792365,0.9967586640797595,6.0505143945875124e-34
1106700,0.0,-2.5686020398254422e-47,9927.051530792365,0.9967586640797595,6.0500380809642995e-34
1106760,0.0,-2.5683997462203905e-47,9927.051530792365,0.9967586640797595,6.049561767341085e-34
1106820,0.0,-2.5681974526153387e-47,9927.051530792365,0.9967586640797595,6.049085453717871e-34
1106880,0.0,-2.567995159010287e-47,9927.051530792365,0.9967586640797595,6.048609140094656e-34
1106940,0.0,-2.5677928654052357e-47,9927.051530792365,0.9967586640797595,6.0481328264714425e-34
1107000,0.0,-2.5675905718001835e-47,9927.051530792365,0.9967586640797595,6.047656512848228e-34
1107060,0.0,-2.567388278195132e-47,9927.051530792365,0.9967586640797595,6.047180199225014e-34
1107120,0.0,-2.5671859845900804e-47,9927.051530792365,0.9967586640797595,6.046703885601799e-34
1107180,0.0,-2.5669836909850287e-47,9927.051530792365,0.9967586640797595,6.0462275719785864e-34
1107240,0.0,-2.5667813973799774e-47,9927.051530792365,0.9967586640797595,6.045751258355373e-34
1107300,0.0,-2.5665791037749257e-47,9927.051530792365,0.9967586640797595,6.045274944732158e-34
1107360,0.0,-2.566376810169874e-47,9927.051530792365,0.9967586640797595,6.044798631108944e-34
1107420,0.0,-2.566174516564822e-47,9927.051530792365,0.9967586640797595,6.0443223174857295e-34
1107480,0.0,-2.565972222959771e-47,9927.051530792365,0.9967586640797595,6.043846003862516e-34
1107540,0.0,-2.565769929354719e-47,9927.051530792365,0.9967586640797595,6.043369690239301e-34
1107600,0.0,-2.5655676357496674e-47,9927.051530792365,0.9967586640797595,6.042893376616088e-34
1107660,0.0,-2.5653653421446156e-47,9927.051530792365,0.9967586640797595,6.042417062992873e-34
1107720,0.0,-2.5651630485395643e-47,9927.051530792365,0.9967586640797595,6.0419407493696596e-34
1107780,0.0,-2.5649607549345126e-47,9927.051530792365,0.9967586640797595,6.041464435746445e-34
1107840,0.0,-2.564758461329461e-47,9927.051530792365,0.9967586640797595,6.040988122123231e-34
1107900,0.0,-2.564556167724409e-47,9927.051530792365,0.9967586640797595,6.040511808500016e-34
1107960,0.0,-2.564353874119358e-47,9927.051530792365,0.9967586640797595,6.040035494876803e-34
1108020,0.0,-2.564151580514306e-47,9927.051530792365,0.9967586640797595,6.039559181253588e-34
1108080,0.0,-2.5639492869092543e-47,9927.051530792365,0.9967586640797595,6.039082867630375e-34
1108140,0.0,-2.5637469933042025e-47,9927.051530792365,0.9967586640797595,6.03860655400716e-34
1108200,0.0,-2.5635446996991513e-47,9927.051530792365,0.9967586640797595,6.0381302403839465e-34
1108260,0.0,-2.563342406094099e-47,9927.051530792365,0.9967586640797595,6.037653926760732e-34
1108320,0.0,-2.563140112489048e-47,9927.051530792365,0.9967586640797595,6.037177613137518e-34
1108380,0.0,-2.562937818883996e-47,9927.051530792365,0.9967586640797595,6.036701299514303e-34
1108440,0.0,-2.5627355252789443e-47,9927.051530792365,0.9967586640797595,6.0362249858910896e-34
1108500,0.0,-2.5625332316738925e-47,9927.051530792365,0.9967586640797595,6.035748672267875e-34
1108560,0.0,-2.562330938068841e-47,9927.051530792365,0.9967586640797595,6.035272358644662e-34
1108620,0.0,-2.5621286444637895e-47,9927.051530792365,0.9967586640797595,6.034796045021447e-34
1108680,0.0,-2.5619263508587377e-47,9927.051530792365,0.9967586640797595,6.0343197313982335e-34
1108740,0.0,-2.561724057253686e-47,9927.051530792365,0.9967586640797595,6.033843417775019e-34
1108800,0.0,-2.5615217636486347e-47,9927.051530792365,0.9967586640797595,6.033367104151805e-34
1108860,0.0,-2.561319470043583e-47,9927.051530792365,0.9967586640797595,6.03289079052859e-34
1108920,0.0,-2.561117176438531e-47,9927.051530792365,0.9967586640797595,6.0324144769053765e-34
1108980,0.0,-2.56091488283348e-47,9927.051530792365,0.9967586640797595,6.0319381632821635e-34
1109040,0.0,-2.560712589228428e-47,9927.051530792365,0.9967586640797595,6.031461849658949e-34
1109100,0.0,-2.5605102956233764e-47,9927.051530792365,0.9967586640797595,6.030985536035735e-34
1109160,0.0,-2.5603080020183246e-47,9927.051530792365,0.9967586640797595,6.03050922241252e-34
1109220,0.0,-2.5601057084132734e-47,9927.051530792365,0.9967586640797595,6.030032908789307e-34
1109280,0.0,-2.5599034148082216e-47,9927.051530792365,0.9967586640797595,6.029556595166092e-34
1109340,0.0,-2.55970112120317e-47,9927.051530792365,0.9967586640797595,6.029080281542878e-34
1109400,0.0,-2.559498827598118e-47,9927.051530792365,0.9967586640797595,6.028603967919664e-34
1109460,0.0,-2.559296533993067e-47,9927.051530792365,0.9967586640797595,6.0281276542964505e-34
1109520,0.0,-2.5590942403880146e-47,9927.051530792365,0.9967586640797595,6.027651340673236e-34
1109580,0.0,-2.5588919467829633e-47,9927.051530792365,0.9967586640797595,6.027175027050022e-34
1109640,0.0,-2.5586896531779116e-47,9927.051530792365,0.9967586640797595,6.026698713426807e-34
1109700,0.0,-2.5584873595728603e-47,9927.051530792365,0.9967586640797595,6.0262223998035935e-34
1109760,0.0,-2.558285065967808e-47,9927.051530792365,0.9967586640797595,6.025746086180379e-34
1109820,0.0,-2.558082772362757e-47,9927.051530792365,0.9967586640797595,6.025269772557165e-34
1109880,0.0,-2.557880478757705e-47,9927.051530792365,0.9967586640797595,6.024793458933951e-34
1109940,0.0,-2.5576781851526533e-47,9927.051530792365,0.9967586640797595,6.0243171453107374e-34
1110000,0.0,-2.5574758915476015e-47,9927.051530792365,0.9967586640797595,6.023840831687523e-34
1110060,0.0,-2.5572735979425503e-47,9927.051530792365,0.9967586640797595,6.023364518064309e-34
1110120,0.0,-2.5570713043374985e-47,9927.051530792365,0.9967586640797595,6.022888204441094e-34
1110180,0.0,-2.5568690107324467e-47,9927.051530792365,0.9967586640797595,6.0224118908178805e-34
1110240,0.0,-2.556666717127395e-47,9927.051530792365,0.9967586640797595,6.021935577194666e-34
1110300,0.0,-2.5564644235223437e-47,9927.051530792365,0.9967586640797595,6.021459263571453e-34
1110360,0.0,-2.556262129917292e-47,9927.051530792365,0.9967586640797595,6.020982949948238e-34
1110420,0.0,-2.55605983631224e-47,9927.051530792365,0.9967586640797595,6.020506636325024e-34
1110480,0.0,-2.5558575427071885e-47,9927.051530792365,0.9967586640797595,6.02003032270181e-34
1110540,0.0,-2.555655249102137e-47,9927.051530792365,0.9967586640797595,6.019554009078596e-34
1110600,0.0,-2.5554529554970854e-47,9927.051530792365,0.9967586640797595,6.019077695455382e-34
1110660,0.0,-2.5552506618920337e-47,9927.051530792365,0.9967586640797595,6.018601381832167e-34
1110720,0.0,-2.5550483682869824e-47,9927.051530792365,0.9967586640797595,6.018125068208954e-34
1110780,0.0,-2.55484607468193e-47,9927.051530792365,0.9967586640797595,6.01764875458574e-34
1110840,0.0,-2.554643781076879e-47,9927.051530792365,0.9967586640797595,6.017172440962526e-34
1110900,0.0,-2.554441487471827e-47,9927.051530792365,0.9967586640797595,6.016696127339311e-34
1110960,0.0,-2.554239193866776e-47,9927.051530792365,0.9967586640797595,6.0162198137160975e-34
1111020,0.0,-2.5540369002617236e-47,9927.051530792365,0.9967586640797595,6.015743500092883e-34
1111080,0.0,-2.5538346066566724e-47,9927.051530792365,0.9967586640797595,6.015267186469669e-34
1111140,0.0,-2.5536323130516206e-47,9927.051530792365,0.9967586640797595,6.014790872846454e-34
1111200,0.0,-2.553430019446569e-47,9927.051530792365,0.9967586640797595,6.014314559223241e-34
1111260,0.0,-2.553227725841517e-47,9927.051530792365,0.9967586640797595,6.013838245600027e-34
1111320,0.0,-2.553025432236466e-47,9927.051530792365,0.9967586640797595,6.013361931976813e-34
1111380,0.0,-2.552823138631414e-47,9927.051530792365,0.9967586640797595,6.012885618353598e-34
1111440,0.0,-2.5526208450263623e-47,9927.051530792365,0.9967586640797595,6.0124093047303844e-34
1111500,0.0,-2.5524185514213106e-47,9927.051530792365,0.9967586640797595,6.01193299110717e-34
1111560,0.0,-2.5522162578162593e-47,9927.051530792365,0.9967586640797595,6.011456677483956e-34
1111620,0.0,-2.5520139642112075e-47,9927.051530792365,0.9967586640797595,6.010980363860741e-34
1111680,0.0,-2.551811670606156e-47,9927.051530792365,0.9967586640797595,6.010504050237528e-34
1111740,0.0,-2.551609377001104e-47,9927.051530792365,0.9967586640797595,6.010027736614314e-34
1111800,0.0,-2.5514070833960527e-47,9927.051530792365,0.9967586640797595,6.0095514229911e-34
1111860,0.0,-2.5512047897910005e-47,9927.051530792365,0.9967586640797595,6.009075109367885e-34
1111920,0.0,-2.551002496185949e-47,9927.051530792365,0.9967586640797595,6.008598795744671e-34
1111980,0.0,-2.5508002025808975e-47,9927.051530792365,0.9967586640797595,6.008122482121457e-34
1112040,0.0,-2.550597908975846e-47,9927.051530792365,0.9967586640797595,6.007646168498243e-34
1112100,0.0,-2.550395615370794e-47,9927.051530792365,0.9967586640797595,6.007169854875028e-34
1112160,0.0,-2.5501933217657427e-47,9927.051530792365,0.9967586640797595,6.006693541251815e-34
1112220,0.0,-2.549991028160691e-47,9927.051530792365,0.9967586640797595,6.006217227628601e-34
1112280,0.0,-2.549788734555639e-47,9927.051530792365,0.9967586640797595,6.005740914005387e-34
1112340,0.0,-2.549586440950588e-47,9927.051530792365,0.9967586640797595,6.005264600382173e-34
1112400,0.0,-2.549384147345536e-47,9927.051530792365,0.9967586640797595,6.004788286758958e-34
1112460,0.0,-2.5491818537404844e-47,9927.051530792365,0.9967586640797595,6.0043119731357445e-34
1112520,0.0,-2.5489795601354327e-47,9927.051530792365,0.9967586640797595,6.00383565951253e-34
1112580,0.0,-2.5487772665303814e-47,9927.051530792365,0.9967586640797595,6.003359345889317e-34
1112640,0.0,-2.5485749729253296e-47,9927.051530792365,0.9967586640797595,6.002883032266102e-34
1112700,0.0,-2.548372679320278e-47,9927.051530792365,0.9967586640797595,6.002406718642888e-34
1112760,0.0,-2.548170385715226e-47,9927.051530792365,0.9967586640797595,6.001930405019674e-34
1112820,0.0,-2.547968092110175e-47,9927.051530792365,0.9967586640797595,6.00145409139646e-34
1112880,0.0,-2.547765798505123e-47,9927.051530792365,0.9967586640797595,6.000977777773245e-34
1112940,0.0,-2.5475635049000713e-47,9927.051530792365,0.9967586640797595,6.0005014641500315e-34
1113000,0.0,-2.5473612112950196e-47,9927.051530792365,0.9967586640797595,6.000025150526818e-34
1113060,0.0,-2.5471589176899683e-47,9927.051530792365,0.9967586640797595,5.999548836903604e-34
1113120,0.0,-2.546956624084916e-47,9927.051530792365,0.9967586640797595,5.999072523280389e-34
1113180,0.0,-2.546754330479865e-47,9927.051530792365,0.9967586640797595,5.998596209657175e-34
1113240,0.0,-2.546552036874813e-47,9927.051530792365,0.9967586640797595,5.998119896033961e-34
1113300,0.0,-2.546349743269762e-47,9927.051530792365,0.9967586640797595,5.997643582410747e-34
1113360,0.0,-2.5461474496647095e-47,9927.051530792365,0.9967586640797595,5.997167268787532e-34
1113420,0.0,-2.5459451560596583e-47,9927.051530792365,0.9967586640797595,5.996690955164318e-34
1113480,0.0,-2.5457428624546065e-47,9927.051530792365,0.9967586640797595,5.996214641541105e-34
1113540,0.0,-2.5455405688495548e-47,9927.051530792365,0.9967586640797595,5.995738327917891e-34
1113600,0.0,-2.545338275244503e-47,9927.051530792365,0.9967586640797595,5.995262014294676e-34
1113660,0.0,-2.5451359816394517e-47,9927.051530792365,0.9967586640797595,5.994785700671462e-34
1113720,0.0,-2.5449336880344e-47,9927.051530792365,0.9967586640797595,5.994309387048248e-34
1113780,0.0,-2.544731394429348e-47,9927.051530792365,0.9967586640797595,5.993833073425034e-34
1113840,0.0,-2.5445291008242965e-47,9927.051530792365,0.9967586640797595,5.993356759801819e-34
1113900,0.0,-2.544326807219245e-47,9927.051530792365,0.9967586640797595,5.992880446178606e-34
1113960,0.0,-2.5441245136141934e-47,9927.051530792365,0.9967586640797595,5.992404132555392e-34
1114020,0.0,-2.5439222200091417e-47,9927.051530792365,0.9967586640797595,5.991927818932178e-34
1114080,0.0,-2.5437199264040904e-47,9927.051530792365,0.9967586640797595,5.991451505308964e-34
1114140,0.0,-2.5435176327990387e-47,9927.051530792365,0.9967586640797595,5.990975191685749e-34
1114200,0.0,-2.543315339193987e-47,9927.051530792365,0.9967586640797595,5.9904988780625354e-34
1114260,0.0,-2.543113045588935e-47,9927.051530792365,0.9967586640797595,5.990022564439321e-34
1114320,0.0,-2.542910751983884e-47,9927.051530792365,0.9967586640797595,5.989546250816107e-34
1114380,0.0,-2.542708458378832e-47,9927.051530792365,0.9967586640797595,5.989069937192893e-34
1114440,0.0,-2.5425061647737804e-47,9927.051530792365,0.9967586640797595,5.988593623569679e-34
1114500,0.0,-2.5423038711687286e-47,9927.051530792365,0.9967586640797595,5.988117309946465e-34
1114560,0.0,-2.5421015775636773e-47,9927.051530792365,0.9967586640797595,5.987640996323251e-34
1114620,0.0,-2.541899283958625e-47,9927.051530792365,0.9967586640797595,5.987164682700036e-34
1114680,0.0,-2.541696990353574e-47,9927.051530792365,0.9967586640797595,5.986688369076822e-34
1114740,0.0,-2.541494696748522e-47,9927.051530792365,0.9967586640797595,5.986212055453608e-34
1114800,0.0,-2.5412924031434703e-47,9927.051530792365,0.9967586640797595,5.985735741830395e-34
1114860,0.0,-2.5410901095384186e-47,9927.051530792365,0.9967586640797595,5.98525942820718e-34
1114920,0.0,-2.5408878159333673e-47,9927.051530792365,0.9967586640797595,5.984783114583966e-34
1114980,0.0,-2.5406855223283155e-47,9927.051530792365,0.9967586640797595,5.984306800960752e-34
1115040,0.0,-2.540483228723264e-47,9927.051530792365,0.9967586640797595,5.983830487337538e-34
1115100,0.0,-2.540280935118212e-47,9927.051530792365,0.9967586640797595,5.983354173714323e-34
1115160,0.0,-2.5400786415131608e-47,9927.051530792365,0.9967586640797595,5.982877860091109e-34
1115220,0.0,-2.539876347908109e-47,9927.051530792365,0.9967586640797595,5.982401546467895e-34
1115280,0.0,-2.539674054303057e-47,9927.051530792365,0.9967586640797595,5.981925232844682e-34
1115340,0.0,-2.5394717606980055e-47,9927.051530792365,0.9967586640797595,5.981448919221467e-34
1115400,0.0,-2.539269467092954e-47,9927.051530792365,0.9967586640797595,5.980972605598253e-34
1115460,0.0,-2.539067173487902e-47,9927.051530792365,0.9967586640797595,5.9804962919750386e-34
1115520,0.0,-2.5388648798828507e-47,9927.051530792365,0.9967586640797595,5.980019978351825e-34
1115580,0.0,-2.538662586277799e-47,9927.051530792365,0.9967586640797595,5.97954366472861e-34
1115640,0.0,-2.5384602926727477e-47,9927.051530792365,0.9967586640797595,5.979067351105396e-34
1115700,0.0,-2.538257999067696e-47,9927.051530792365,0.9967586640797595,5.978591037482183e-34
1115760,0.0,-2.538055705462644e-47,9927.051530792365,0.9967586640797595,5.978114723858969e-34
1115820,0.0,-2.537853411857593e-47,9927.051530792365,0.9967586640797595,5.977638410235755e-34
1115880,0.0,-2.5376511182525407e-47,9927.051530792365,0.9967586640797595,5.97716209661254e-34
1115940,0.0,-2.5374488246474894e-47,9927.051530792365,0.9967586640797595,5.976685782989326e-34
1116000,0.0,-2.5372465310424376e-47,9927.051530792365,0.9967586640797595,5.976209469366112e-34
1116060,0.0,-2.537044237437386e-47,9927.051530792365,0.9967586640797595,5.975733155742898e-34
1116120,0.0,-2.536841943832334e-47,9927.051530792365,0.9967586640797595,5.975256842119683e-34
1116180,0.0,-2.536639650227283e-47,9927.051530792365,0.9967586640797595,5.97478052849647e-34
1116240,0.0,-2.536437356622231e-47,9927.051530792365,0.9967586640797595,5.974304214873256e-34
1116300,0.0,-2.5362350630171793e-47,9927.051530792365,0.9967586640797595,5.973827901250042e-34
1116360,0.0,-2.5360327694121276e-47,9927.051530792365,0.9967586640797595,5.973351587626827e-34
1116420,0.0,-2.5358304758070763e-47,9927.051530792365,0.9967586640797595,5.972875274003613e-34
1116480,0.0,-2.5356281822020246e-47,9927.051530792365,0.9967586640797595,5.972398960380399e-34
1116540,0.0,-2.535425888596973e-47,9927.051530792365,0.9967586640797595,5.971922646757185e-34
1116600,0.0,-2.535223594991921e-47,9927.051530792365,0.9967586640797595,5.971446333133971e-34
1116660,0.0,-2.53502130138687e-47,9927.051530792365,0.9967586640797595,5.970970019510757e-34
1116720,0.0,-2.534819007781818e-47,9927.051530792365,0.9967586640797595,5.9704937058875425e-34
1116780,0.0,-2.5346167141767663e-47,9927.051530792365,0.9967586640797595,5.970017392264329e-34
1116840,0.0,-2.5344144205717145e-47,9927.051530792365,0.9967586640797595,5.969541078641114e-34
1116900,0.0,-2.534212126966663e-47,9927.051530792365,0.9967586640797595,5.9690647650179e-34
1116960,0.0,-2.534009833361611e-47,9927.051530792365,0.9967586640797595,5.968588451394686e-34
1117020,0.0,-2.5338075397565597e-47,9927.051530792365,0.9967586640797595,5.968112137771472e-34
1117080,0.0,-2.533605246151508e-47,9927.051530792365,0.9967586640797595,5.967635824148258e-34
1117140,0.0,-2.533402952546456e-47,9927.051530792365,0.9967586640797595,5.967159510525044e-34
1117200,0.0,-2.5332006589414045e-47,9927.051530792365,0.9967586640797595,5.9666831969018295e-34
1117260,0.0,-2.532998365336353e-47,9927.051530792365,0.9967586640797595,5.966206883278616e-34
1117320,0.0,-2.532796071731302e-47,9927.051530792365,0.9967586640797595,5.965730569655402e-34
1117380,0.0,-2.5325937781262497e-47,9927.051530792365,0.9967586640797595,5.965254256032187e-34
1117440,0.0,-2.5323914845211984e-47,9927.051530792365,0.9967586640797595,5.964777942408973e-34
1117500,0.0,-2.5321891909161467e-47,9927.051530792365,0.9967586640797595,5.9643016287857596e-34
1117560,0.0,-2.531986897311095e-47,9927.051530792365,0.9967586640797595,5.963825315162546e-34
1117620,0.0,-2.531784603706043e-47,9927.051530792365,0.9967586640797595,5.963349001539331e-34
1117680,0.0,-2.531582310100992e-47,9927.051530792365,0.9967586640797595,5.962872687916117e-34
1117740,0.0,-2.53138001649594e-47,9927.051530792365,0.9967586640797595,5.962396374292903e-34
1117800,0.0,-2.5311777228908884e-47,9927.051530792365,0.9967586640797595,5.961920060669689e-34
1117860,0.0,-2.5309754292858366e-47,9927.051530792365,0.9967586640797595,5.961443747046474e-34
1117920,0.0,-2.5307731356807853e-47,9927.051530792365,0.9967586640797595,5.96096743342326e-34
1117980,0.0,-2.5305708420757336e-47,9927.051530792365,0.9967586640797595,5.9604911198000465e-34
1118040,0.0,-2.530368548470682e-47,9927.051530792365,0.9967586640797595,5.960014806176833e-34
1118100,0.0,-2.53016625486563e-47,9927.051530792365,0.9967586640797595,5.959538492553618e-34
1118160,0.0,-2.529963961260579e-47,9927.051530792365,0.9967586640797595,5.959062178930404e-34
1118220,0.0,-2.5297616676555266e-47,9927.051530792365,0.9967586640797595,5.9585858653071896e-34
1118280,0.0,-2.5295593740504753e-47,9927.051530792365,0.9967586640797595,5.958109551683976e-34
1118340,0.0,-2.5293570804454235e-47,9927.051530792365,0.9967586640797595,5.957633238060761e-34
1118400,0.0,-2.529154786840372e-47,9927.051530792365,0.9967586640797595,5.957156924437548e-34
1118460,0.0,-2.52895249323532e-47,9927.051530792365,0.9967586640797595,5.9566806108143335e-34
1118520,0.0,-2.528750199630269e-47,9927.051530792365,0.9967586640797595,5.95620429719112e-34
1118580,0.0,-2.528547906025217e-47,9927.051530792365,0.9967586640797595,5.955727983567905e-34
1118640,0.0,-2.5283456124201652e-47,9927.051530792365,0.9967586640797595,5.955251669944691e-34
1118700,0.0,-2.5281433188151135e-47,9927.051530792365,0.9967586640797595,5.9547753563214765e-34
1118760,0.0,-2.527941025210062e-47,9927.051530792365,0.9967586640797595,5.954299042698263e-34
1118820,0.0,-2.5277387316050105e-47,9927.051530792365,0.9967586640797595,5.953822729075048e-34
1118880,0.0,-2.5275364379999587e-47,9927.051530792365,0.9967586640797595,5.953346415451835e-34
1118940,0.0,-2.5273341443949074e-47,9927.051530792365,0.9967586640797595,5.952870101828621e-34
1119000,0.0,-2.5271318507898557e-47,9927.051530792365,0.9967586640797595,5.952393788205407e-34
1119060,0.0,-2.526929557184804e-47,9927.051530792365,0.9967586640797595,5.951917474582193e-34
1119120,0.0,-2.526727263579752e-47,9927.051530792365,0.9967586640797595,5.951441160958978e-34
1119180,0.0,-2.526524969974701e-47,9927.051530792365,0.9967586640797595,5.950964847335764e-34
1119240,0.0,-2.526322676369649e-47,9927.051530792365,0.9967586640797595,5.95048853371255e-34
1119300,0.0,-2.5261203827645974e-47,9927.051530792365,0.9967586640797595,5.950012220089337e-34
1119360,0.0,-2.5259180891595456e-47,9927.051530792365,0.9967586640797595,5.949535906466122e-34
1119420,0.0,-2.5257157955544944e-47,9927.051530792365,0.9967586640797595,5.949059592842908e-34
1119480,0.0,-2.525513501949442e-47,9927.051530792365,0.9967586640797595,5.9485832792196935e-34
1119540,0.0,-2.525311208344391e-47,9927.051530792365,0.9967586640797595,5.94810696559648e-34
1119600,0.0,-2.525108914739339e-47,9927.051530792365,0.9967586640797595,5.947630651973265e-34
1119660,0.0,-2.524906621134288e-47,9927.051530792365,0.9967586640797595,5.947154338350051e-34
1119720,0.0,-2.5247043275292356e-47,9927.051530792365,0.9967586640797595,5.946678024726837e-34
1119780,0.0,-2.5245020339241843e-47,9927.051530792365,0.9967586640797595,5.946201711103624e-34
1119840,0.0,-2.5242997403191326e-47,9927.051530792365,0.9967586640797595,5.945725397480409e-34
1119900,0.0,-2.524097446714081e-47,9927.051530792365,0.9967586640797595,5.945249083857195e-34
1119960,0.0,-2.523895153109029e-47,9927.051530792365,0.9967586640797595,5.9447727702339805e-34
1120020,0.0,-2.523692859503978e-47,9927.051530792365,0.9967586640797595,5.944296456610767e-34
1120080,0.0,-2.523490565898926e-47,9927.051530792365,0.9967586640797595,5.943820142987552e-34
1120140,0.0,-2.5232882722938743e-47,9927.051530792365,0.9967586640797595,5.943343829364338e-34
1120200,0.0,-2.5230859786888225e-47,9927.051530792365,0.9967586640797595,5.942867515741124e-34
1120260,0.0,-2.5228836850837712e-47,9927.051530792365,0.9967586640797595,5.9423912021179106e-34
1120320,0.0,-2.5226813914787195e-47,9927.051530792365,0.9967586640797595,5.941914888494696e-34
1120380,0.0,-2.5224790978736677e-47,9927.051530792365,0.9967586640797595,5.941438574871482e-34
1120440,0.0,-2.522276804268616e-47,9927.051530792365,0.9967586640797595,5.940962261248267e-34
1120500,0.0,-2.5220745106635647e-47,9927.051530792365,0.9967586640797595,5.940485947625054e-34
1120560,0.0,-2.5218722170585125e-47,9927.051530792365,0.9967586640797595,5.940009634001839e-34
1120620,0.0,-2.521669923453461e-47,9927.051530792365,0.9967586640797595,5.939533320378625e-34
1120680,0.0,-2.52146762984841e-47,9927.051530792365,0.9967586640797595,5.939057006755412e-34
1120740,0.0,-2.521265336243358e-47,9927.051530792365,0.9967586640797595,5.9385806931321975e-34
1120800,0.0,-2.5210630426383064e-47,9927.051530792365,0.9967586640797595,5.938104379508984e-34
1120860,0.0,-2.5208607490332547e-47,9927.051530792365,0.9967586640797595,5.937628065885769e-34
1120920,0.0,-2.5206584554282034e-47,9927.051530792365,0.9967586640797595,5.937151752262555e-34
1120980,0.0,-2.520456161823151e-47,9927.051530792365,0.9967586640797595,5.9366754386393406e-34
1121040,0.0,-2.5202538682181e-47,9927.051530792365,0.9967586640797595,5.936199125016127e-34
1121100,0.0,-2.520051574613048e-47,9927.051530792365,0.9967586640797595,5.935722811392913e-34
1121160,0.0,-2.5198492810079964e-47,9927.051530792365,0.9967586640797595,5.935246497769699e-34
1121220,0.0,-2.5196469874029446e-47,9927.051530792365,0.9967586640797595,5.9347701841464845e-34
1121280,0.0,-2.5194446937978933e-47,9927.051530792365,0.9967586640797595,5.934293870523271e-34
1121340,0.0,-2.5192424001928416e-47,9927.051530792365,0.9967586640797595,5.933817556900056e-34
1121400,0.0,-2.51904010658779e-47,9927.051530792365,0.9967586640797595,5.933341243276842e-34
1121460,0.0,-2.518837812982738e-47,9927.051530792365,0.9967586640797595,5.9328649296536275e-34
1121520,0.0,-2.518635519377687e-47,9927.051530792365,0.9967586640797595,5.9323886160304145e-34
1121580,0.0,-2.518433225772635e-47,9927.051530792365,0.9967586640797595,5.9319123024072e-34
1121640,0.0,-2.5182309321675833e-47,9927.051530792365,0.9967586640797595,5.931435988783986e-34
1121700,0.0,-2.5180286385625315e-47,9927.051530792365,0.9967586640797595,5.930959675160771e-34
1121760,0.0,-2.5178263449574803e-47,9927.051530792365,0.9967586640797595,5.930483361537558e-34
1121820,0.0,-2.517624051352428e-47,9927.051530792365,0.9967586640797595,5.930007047914343e-34
1121880,0.0,-2.517421757747377e-47,9927.051530792365,0.9967586640797595,5.929530734291129e-34
1121940,0.0,-2.517219464142325e-47,9927.051530792365,0.9967586640797595,5.9290544206679144e-34
1122000,0.0,-2.5170171705372737e-47,9927.051530792365,0.9967586640797595,5.9285781070447015e-34
1122060,0.0,-2.5168148769322215e-47,9927.051530792365,0.9967586640797595,5.928101793421487e-34
1122120,0.0,-2.51661258332717e-47,9927.051530792365,0.9967586640797595,5.927625479798273e-34
1122180,0.0,-2.5164102897221185e-47,9927.051530792365,0.9967586640797595,5.927149166175058e-34
1122240,0.0,-2.5162079961170667e-47,9927.051530792365,0.9967586640797595,5.9266728525518445e-34
1122300,0.0,-2.5160057025120154e-47,9927.051530792365,0.9967586640797595,5.926196538928631e-34
1122360,0.0,-2.5158034089069637e-47,9927.051530792365,0.9967586640797595,5.925720225305416e-34
1122420,0.0,-2.515601115301912e-47,9927.051530792365,0.9967586640797595,5.925243911682203e-34
1122480,0.0,-2.51539882169686e-47,9927.051530792365,0.9967586640797595,5.9247675980589884e-34
1122540,0.0,-2.515196528091809e-47,9927.051530792365,0.9967586640797595,5.924291284435775e-34
1122600,0.0,-2.514994234486757e-47,9927.051530792365,0.9967586640797595,5.92381497081256e-34
1122660,0.0,-2.5147919408817054e-47,9927.051530792365,0.9967586640797595,5.923338657189346e-34
1122720,0.0,-2.5145896472766536e-47,9927.051530792365,0.9967586640797595,5.9228623435661315e-34
1122780,0.0,-2.5143873536716024e-47,9927.051530792365,0.9967586640797595,5.922386029942918e-34
1122840,0.0,-2.5141850600665506e-47,9927.051530792365,0.9967586640797595,5.921909716319703e-34
1122900,0.0,-2.513982766461499e-47,9927.051530792365,0.9967586640797595,5.92143340269649e-34
1122960,0.0,-2.513780472856447e-47,9927.051530792365,0.9967586640797595,5.920957089073275e-34
1123020,0.0,-2.513578179251396e-47,9927.051530792365,0.9967586640797595,5.9204807754500616e-34
1123080,0.0,-2.513375885646344e-47,9927.051530792365,0.9967586640797595,5.920004461826847e-34
1123140,0.0,-2.5131735920412923e-47,9927.051530792365,0.9967586640797595,5.919528148203633e-34
1123200,0.0,-2.5129712984362406e-47,9927.051530792365,0.9967586640797595,5.919051834580418e-34
1123260,0.0,-2.5127690048311893e-47,9927.051530792365,0.9967586640797595,5.918575520957205e-34
1123320,0.0,-2.512566711226137e-47,9927.051530792365,0.9967586640797595,5.91809920733399e-34
1123380,0.0,-2.512364417621086e-47,9927.051530792365,0.9967586640797595,5.917622893710777e-34
1123440,0.0,-2.512162124016034e-47,9927.051530792365,0.9967586640797595,5.917146580087562e-34
1123500,0.0,-2.5119598304109823e-47,9927.051530792365,0.9967586640797595,5.9166702664643485e-34
1123560,0.0,-2.5117575368059305e-47,9927.051530792365,0.9967586640797595,5.916193952841134e-34
1123620,0.0,-2.5115552432008793e-47,9927.051530792365,0.9967586640797595,5.91571763921792e-34
1123680,0.0,-2.5113529495958275e-47,9927.051530792365,0.9967586640797595,5.915241325594705e-34
1123740,0.0,-2.5111506559907757e-47,9927.051530792365,0.9967586640797595,5.9147650119714915e-34
1123800,0.0,-2.510948362385724e-47,9927.051530792365,0.9967586640797595,5.914288698348278e-34
1123860,0.0,-2.5107460687806727e-47,9927.051530792365,0.9967586640797595,5.913812384725064e-34
1123920,0.0,-2.510543775175621e-47,9927.051530792365,0.9967586640797595,5.913336071101849e-34
1123980,0.0,-2.510341481570569e-47,9927.051530792365,0.9967586640797595,5.9128597574786354e-34
1124040,0.0,-2.510139187965518e-47,9927.051530792365,0.9967586640797595,5.912383443855422e-34
1124100,0.0,-2.509936894360466e-47,9927.051530792365,0.9967586640797595,5.911907130232207e-34
1124160,0.0,-2.5097346007554144e-47,9927.051530792365,0.9967586640797595,5.911430816608993e-34
1124220,0.0,-2.5095323071503627e-47,9927.051530792365,0.9967586640797595,5.910954502985779e-34
1124280,0.0,-2.5093300135453114e-47,9927.051530792365,0.9967586640797595,5.9104781893625655e-34
1124340,0.0,-2.5091277199402596e-47,9927.051530792365,0.9967586640797595,5.910001875739351e-34
1124400,0.0,-2.508925426335208e-47,9927.051530792365,0.9967586640797595,5.909525562116137e-34
1124460,0.0,-2.508723132730156e-47,9927.051530792365,0.9967586640797595,5.909049248492922e-34
1124520,0.0,-2.508520839125105e-47,9927.051530792365,0.9967586640797595,5.908572934869709e-34
1124580,0.0,-2.5083185455200526e-47,9927.051530792365,0.9967586640797595,5.908096621246494e-34
1124640,0.0,-2.5081162519150014e-47,9927.051530792365,0.9967586640797595,5.90762030762328e-34
1124700,0.0,-2.5079139583099496e-47,9927.051530792365,0.9967586640797595,5.907143994000066e-34
1124760,0.0,-2.507711664704898e-47,9927.051530792365,0.9967586640797595,5.9066676803768525e-34
1124820,0.0,-2.507509371099846e-47,9927.051530792365,0.9967586640797595,5.906191366753638e-34
1124880,0.0,-2.507307077494795e-47,9927.051530792365,0.9967586640797595,5.905715053130424e-34
1124940,0.0,-2.507104783889743e-47,9927.051530792365,0.9967586640797595,5.905238739507209e-34
1125000,0.0,-2.5069024902846913e-47,9927.051530792365,0.9967586640797595,5.9047624258839955e-34
1125060,0.0,-2.5067001966796396e-47,9927.051530792365,0.9967586640797595,5.904286112260781e-34
1125120,0.0,-2.5064979030745883e-47,9927.051530792365,0.9967586640797595,5.903809798637568e-34
1125180,0.0,-2.5062956094695365e-47,9927.051530792365,0.9967586640797595,5.903333485014353e-34
1125240,0.0,-2.506093315864485e-47,9927.051530792365,0.9967586640797595,5.902857171391139e-34
1125300,0.0,-2.505891022259433e-47,9927.051530792365,0.9967586640797595,5.902380857767925e-34
1125360,0.0,-2.5056887286543817e-47,9927.051530792365,0.9967586640797595,5.901904544144711e-34
1125420,0.0,-2.50548643504933e-47,9927.051530792365,0.9967586640797595,5.901428230521496e-34
1125480,0.0,-2.505284141444278e-47,9927.051530792365,0.9967586640797595,5.9009519168982825e-34
1125540,0.0,-2.5050818478392265e-47,9927.051530792365,0.9967586640797595,5.900475603275068e-34
1125600,0.0,-2.504879554234175e-47,9927.051530792365,0.9967586640797595,5.899999289651855e-34
1125660,0.0,-2.5046772606291235e-47,9927.051530792365,0.9967586640797595,5.899522976028641e-34
1125720,0.0,-2.5044749670240717e-47,9927.051530792365,0.9967586640797595,5.899046662405426e-34
1125780,0.0,-2.5042726734190204e-47,9927.051530792365,0.9967586640797595,5.8985703487822126e-34
1125840,0.0,-2.504070379813968e-47,9927.051530792365,0.9967586640797595,5.898094035158998e-34
1125900,0.0,-2.503868086208917e-47,9927.051530792365,0.9967586640797595,5.897617721535784e-34
1125960,0.0,-2.503665792603865e-47,9927.051530792365,0.9967586640797595,5.897141407912569e-34
1126020,0.0,-2.503463498998814e-47,9927.051530792365,0.9967586640797595,5.8966650942893565e-34
1126080,0.0,-2.5032612053937617e-47,9927.051530792365,0.9967586640797595,5.896188780666142e-34
1126140,0.0,-2.5030589117887104e-47,9927.051530792365,0.9967586640797595,5.895712467042928e-34
1126200,0.0,-2.5028566181836586e-47,9927.051530792365,0.9967586640797595,5.895236153419713e-34
1126260,0.0,-2.502654324578607e-47,9927.051530792365,0.9967586640797595,5.8947598397964995e-34
1126320,0.0,-2.502452030973555e-47,9927.051530792365,0.9967586640797595,5.894283526173285e-34
1126380,0.0,-2.502249737368504e-47,9927.051530792365,0.9967586640797595,5.893807212550071e-34
1126440,0.0,-2.502047443763452e-47,9927.051530792365,0.9967586640797595,5.893330898926856e-34
1126500,0.0,-2.5018451501584003e-47,9927.051530792365,0.9967586640797595,5.892854585303643e-34
1126560,0.0,-2.5016428565533486e-47,9927.051530792365,0.9967586640797595,5.892378271680429e-34
1126620,0.0,-2.5014405629482973e-47,9927.051530792365,0.9967586640797595,5.891901958057215e-34
1126680,0.0,-2.5012382693432456e-47,9927.051530792365,0.9967586640797595,5.891425644434e-34
1126740,0.0,-2.501035975738194e-47,9927.051530792365,0.9967586640797595,5.8909493308107864e-34
1126800,0.0,-2.500833682133142e-47,9927.051530792365,0.9967586640797595,5.890473017187572e-34
1126860,0.0,-2.500631388528091e-47,9927.051530792365,0.9967586640797595,5.889996703564358e-34
1126920,0.0,-2.5004290949230385e-47,9927.051530792365,0.9967586640797595,5.889520389941143e-34
1126980,0.0,-2.5002268013179873e-47,9927.051530792365,0.9967586640797595,5.88904407631793e-34
1127040,0.0,-2.5000245077129355e-47,9927.051530792365,0.9967586640797595,5.888567762694716e-34
1127100,0.0,-2.4998222141078838e-47,9927.051530792365,0.9967586640797595,5.888091449071502e-34
1127160,0.0,-2.499619920502832e-47,9927.051530792365,0.9967586640797595,5.887615135448287e-34
1127220,0.0,-2.4994176268977807e-47,9927.051530792365,0.9967586640797595,5.887138821825073e-34
1127280,0.0,-2.499215333292729e-47,9927.051530792365,0.9967586640797595,5.886662508201859e-34
1127340,0.0,-2.499013039687677e-47,9927.051530792365,0.9967586640797595,5.886186194578645e-34
1127400,0.0,-2.498810746082626e-47,9927.051530792365,0.9967586640797595,5.885709880955432e-34
1127460,0.0,-2.498608452477574e-47,9927.051530792365,0.9967586640797595,5.885233567332217e-34
1127520,0.0,-2.4984061588725224e-47,9927.051530792365,0.9967586640797595,5.8847572537090035e-34
1127580,0.0,-2.4982038652674707e-47,9927.051530792365,0.9967586640797595,5.884280940085789e-34
1127640,0.0,-2.4980015716624194e-47,9927.051530792365,0.9967586640797595,5.883804626462575e-34
1127700,0.0,-2.4977992780573677e-47,9927.051530792365,0.9967586640797595,5.88332831283936e-34
1127760,0.0,-2.497596984452316e-47,9927.051530792365,0.9967586640797595,5.8828519992161465e-34
1127820,0.0,-2.497394690847264e-47,9927.051530792365,0.9967586640797595,5.882375685592933e-34
1127880,0.0,-2.497192397242213e-47,9927.051530792365,0.9967586640797595,5.881899371969719e-34
1127940,0.0,-2.496990103637161e-47,9927.051530792365,0.9967586640797595,5.881423058346504e-34
1128000,0.0,-2.4967878100321094e-47,9927.051530792365,0.9967586640797595,5.88094674472329e-34
1128060,0.0,-2.4965855164270576e-47,9927.051530792365,0.9967586640797595,5.880470431100076e-34
1128120,0.0,-2.4963832228220063e-47,9927.051530792365,0.9967586640797595,5.879994117476862e-34
1128180,0.0,-2.496180929216954e-47,9927.051530792365,0.9967586640797595,5.879517803853647e-34
1128240,0.0,-2.495978635611903e-47,9927.051530792365,0.9967586640797595,5.8790414902304335e-34
1128300,0.0,-2.495776342006851e-47,9927.051530792365,0.9967586640797595,5.87856517660722e-34
1128360,0.0,-2.4955740484018e-47,9927.051530792365,0.9967586640797595,5.878088862984006e-34
1128420,0.0,-2.4953717547967476e-47,9927.051530792365,0.9967586640797595,5.877612549360791e-34
1128480,0.0,-2.4951694611916963e-47,9927.051530792365,0.9967586640797595,5.877136235737577e-34
1128540,0.0,-2.4949671675866445e-47,9927.051530792365,0.9967586640797595,5.876659922114363e-34
1128600,0.0,-2.494764873981593e-47,9927.051530792365,0.9967586640797595,5.876183608491149e-34
1128660,0.0,-2.494562580376541e-47,9927.051530792365,0.9967586640797595,5.875707294867934e-34
1128720,0.0,-2.4943602867714898e-47,9927.051530792365,0.9967586640797595,5.875230981244721e-34
1128780,0.0,-2.494157993166438e-47,9927.051530792365,0.9967586640797595,5.874754667621507e-34
1128840,0.0,-2.493955699561386e-47,9927.051530792365,0.9967586640797595,5.874278353998293e-34
1128900,0.0,-2.4937534059563345e-47,9927.051530792365,0.9967586640797595,5.873802040375078e-34
1128960,0.0,-2.493551112351283e-47,9927.051530792365,0.9967586640797595,5.873325726751864e-34
1129020,0.0,-2.4933488187462315e-47,9927.051530792365,0.9967586640797595,5.8728494131286505e-34
1129080,0.0,-2.4931465251411797e-47,9927.051530792365,0.9967586640797595,5.872373099505436e-34
1129140,0.0,-2.4929442315361284e-47,9927.051530792365,0.9967586640797595,5.871896785882222e-34
1129200,0.0,-2.4927419379310767e-47,9927.051530792365,0.9967586640797595,5.871420472259008e-34
1129260,0.0,-2.492539644326025e-47,9927.051530792365,0.9967586640797595,5.870944158635794e-34
1129320,0.0,-2.492337350720973e-47,9927.051530792365,0.9967586640797595,5.87046784501258e-34
1129380,0.0,-2.492135057115922e-47,9927.051530792365,0.9967586640797595,5.869991531389366e-34
1129440,0.0,-2.49193276351087e-47,9927.051530792365,0.9967586640797595,5.869515217766151e-34
1129500,0.0,-2.4917304699058184e-47,9927.051530792365,0.9967586640797595,5.8690389041429374e-34
1129560,0.0,-2.4915281763007666e-47,9927.051530792365,0.9967586640797595,5.868562590519723e-34
1129620,0.0,-2.4913258826957154e-47,9927.051530792365,0.9967586640797595,5.86808627689651e-34
1129680,0.0,-2.491123589090663e-47,9927.051530792365,0.9967586640797595,5.867609963273295e-34
1129740,0.0,-2.490921295485612e-47,9927.051530792365,0.9967586640797595,5.867133649650081e-34
1129800,0.0,-2.49071900188056e-47,9927.051530792365,0.9967586640797595,5.866657336026867e-34
1129860,0.0,-2.4905167082755083e-47,9927.051530792365,0.9967586640797595,5.866181022403653e-34
1129920,0.0,-2.4903144146704566e-47,9927.051530792365,0.9967586640797595,5.865704708780438e-34
1129980,0.0,-2.4901121210654053e-47,9927.051530792365,0.9967586640797595,5.865228395157224e-34
1130040,0.0,-2.4899098274603536e-47,9927.051530792365,0.9967586640797595,5.86475208153401e-34
1130100,0.0,-2.489707533855302e-47,9927.051530792365,0.9967586640797595,5.864275767910797e-34
1130160,0.0,-2.48950524025025e-47,9927.051530792365,0.9967586640797595,5.863799454287582e-34
1130220,0.0,-2.489302946645199e-47,9927.051530792365,0.9967586640797595,5.863323140664368e-34
1130280,0.0,-2.489100653040147e-47,9927.051530792365,0.9967586640797595,5.862846827041154e-34
1130340,0.0,-2.4888983594350953e-47,9927.051530792365,0.9967586640797595,5.86237051341794e-34
1130400,0.0,-2.4886960658300435e-47,9927.051530792365,0.9967586640797595,5.861894199794725e-34
1130460,0.0,-2.488493772224992e-47,9927.051530792365,0.9967586640797595,5.861417886171511e-34
1130520,0.0,-2.48829147861994e-47,9927.051530792365,0.9967586640797595,5.8609415725482975e-34
1130580,0.0,-2.4880891850148887e-47,9927.051530792365,0.9967586640797595,5.860465258925084e-34
1130640,0.0,-2.4878868914098375e-47,9927.051530792365,0.9967586640797595,5.85998894530187e-34
1130700,0.0,-2.4876845978047857e-47,9927.051530792365,0.9967586640797595,5.859512631678655e-34
1130760,0.0,-2.487482304199734e-47,9927.051530792365,0.9967586640797595,5.859036318055441e-34
1130820,0.0,-2.487280010594682e-47,9927.051530792365,0.9967586640797595,5.858560004432227e-34
1130880,0.0,-2.487077716989631e-47,9927.051530792365,0.9967586640797595,5.858083690809013e-34
1130940,0.0,-2.4868754233845787e-47,9927.051530792365,0.9967586640797595,5.857607377185798e-34
1131000,0.0,-2.4866731297795274e-47,9927.051530792365,0.9967586640797595,5.857131063562585e-34
1131060,0.0,-2.4864708361744757e-47,9927.051530792365,0.9967586640797595,5.856654749939371e-34
1131120,0.0,-2.486268542569424e-47,9927.051530792365,0.9967586640797595,5.856178436316157e-34
1131180,0.0,-2.486066248964372e-47,9927.051530792365,0.9967586640797595,5.855702122692942e-34
1131240,0.0,-2.485863955359321e-47,9927.051530792365,0.9967586640797595,5.855225809069728e-34
1131300,0.0,-2.485661661754269e-47,9927.051530792365,0.9967586640797595,5.854749495446514e-34
1131360,0.0,-2.4854593681492174e-47,9927.051530792365,0.9967586640797595,5.8542731818233e-34
1131420,0.0,-2.4852570745441656e-47,9927.051530792365,0.9967586640797595,5.853796868200086e-34
1131480,0.0,-2.4850547809391143e-47,9927.051530792365,0.9967586640797595,5.853320554576872e-34
1131540,0.0,-2.4848524873340626e-47,9927.051530792365,0.9967586640797595,5.852844240953658e-34
1131600,0.0,-2.484650193729011e-47,9927.051530792365,0.9967586640797595,5.852367927330444e-34
1131660,0.0,-2.484447900123959e-47,9927.051530792365,0.9967586640797595,5.851891613707229e-34
1131720,0.0,-2.484245606518908e-47,9927.051530792365,0.9967586640797595,5.851415300084015e-34
1131780,0.0,-2.484043312913856e-47,9927.051530792365,0.9967586640797595,5.850938986460801e-34
1131840,0.0,-2.4838410193088043e-47,9927.051530792365,0.9967586640797595,5.850462672837587e-34
1131900,0.0,-2.4836387257037525e-47,9927.051530792365,0.9967586640797595,5.849986359214373e-34
1131960,0.0,-2.4834364320987013e-47,9927.051530792365,0.9967586640797595,5.849510045591159e-34
1132020,0.0,-2.483234138493649e-47,9927.051530792365,0.9967586640797595,5.8490337319679445e-34
1132080,0.0,-2.483031844888598e-47,9927.051530792365,0.9967586640797595,5.848557418344731e-34
1132140,0.0,-2.482829551283546e-47,9927.051530792365,0.9967586640797595,5.848081104721516e-34
1132200,0.0,-2.4826272576784942e-47,9927.051530792365,0.9967586640797595,5.847604791098302e-34
1132260,0.0,-2.4824249640734425e-47,9927.051530792365,0.9967586640797595,5.847128477475088e-34
1132320,0.0,-2.482222670468391e-47,9927.051530792365,0.9967586640797595,5.846652163851875e-34
1132380,0.0,-2.48202037686334e-47,9927.051530792365,0.9967586640797595,5.846175850228661e-34
1132440,0.0,-2.4818180832582877e-47,9927.051530792365,0.9967586640797595,5.845699536605446e-34
1132500,0.0,-2.4816157896532364e-47,9927.051530792365,0.9967586640797595,5.845223222982232e-34
1132560,0.0,-2.4814134960481847e-47,9927.051530792365,0.9967586640797595,5.844746909359018e-34
1132620,0.0,-2.481211202443133e-47,9927.051530792365,0.9967586640797595,5.844270595735804e-34
1132680,0.0,-2.481008908838081e-47,9927.051530792365,0.9967586640797595,5.843794282112589e-34
1132740,0.0,-2.48080661523303e-47,9927.051530792365,0.9967586640797595,5.843317968489375e-34
1132800,0.0,-2.480604321627978e-47,9927.051530792365,0.9967586640797595,5.8428416548661616e-34
1132860,0.0,-2.4804020280229264e-47,9927.051530792365,0.9967586640797595,5.842365341242948e-34
1132920,0.0,-2.4801997344178746e-47,9927.051530792365,0.9967586640797595,5.841889027619733e-34
1132980,0.0,-2.4799974408128234e-47,9927.051530792365,0.9967586640797595,5.841412713996519e-34
1133040,0.0,-2.4797951472077716e-47,9927.051530792365,0.9967586640797595,5.840936400373305e-34
1133100,0.0,-2.47959285360272e-47,9927.051530792365,0.9967586640797595,5.840460086750091e-34
1133160,0.0,-2.479390559997668e-47,9927.051530792365,0.9967586640797595,5.839983773126876e-34
1133220,0.0,-2.479188266392617e-47,9927.051530792365,0.9967586640797595,5.839507459503663e-34
1133280,0.0,-2.4789859727875646e-47,9927.051530792365,0.9967586640797595,5.8390311458804485e-34
1133340,0.0,-2.4787836791825133e-47,9927.051530792365,0.9967586640797595,5.838554832257235e-34
1133400,0.0,-2.4785813855774616e-47,9927.051530792365,0.9967586640797595,5.83807851863402e-34
1133460,0.0,-2.47837909197241e-47,9927.051530792365,0.9967586640797595,5.837602205010806e-34
1133520,0.0,-2.478176798367358e-47,9927.051530792365,0.9967586640797595,5.8371258913875916e-34
1133580,0.0,-2.477974504762307e-47,9927.051530792365,0.9967586640797595,5.836649577764378e-34
1133640,0.0,-2.477772211157255e-47,9927.051530792365,0.9967586640797595,5.836173264141163e-34
1133700,0.0,-2.4775699175522033e-47,9927.051530792365,0.9967586640797595,5.83569695051795e-34
1133760,0.0,-2.4773676239471515e-47,9927.051530792365,0.9967586640797595,5.8352206368947355e-34
1133820,0.0,-2.4771653303421002e-47,9927.051530792365,0.9967586640797595,5.834744323271522e-34
1133880,0.0,-2.4769630367370485e-47,9927.051530792365,0.9967586640797595,5.834268009648307e-34
1133940,0.0,-2.4767607431319967e-47,9927.051530792365,0.9967586640797595,5.833791696025093e-34
1134000,0.0,-2.4765584495269455e-47,9927.051530792365,0.9967586640797595,5.833315382401879e-34
1134060,0.0,-2.4763561559218937e-47,9927.051530792365,0.9967586640797595,5.832839068778665e-34
1134120,0.0,-2.476153862316842e-47,9927.051530792365,0.9967586640797595,5.832362755155452e-34
1134180,0.0,-2.47595156871179e-47,9927.051530792365,0.9967586640797595,5.831886441532237e-34
1134240,0.0,-2.475749275106739e-47,9927.051530792365,0.9967586640797595,5.831410127909023e-34
1134300,0.0,-2.475546981501687e-47,9927.051530792365,0.9967586640797595,5.830933814285809e-34
1134360,0.0,-2.4753446878966354e-47,9927.051530792365,0.9967586640797595,5.830457500662595e-34
1134420,0.0,-2.4751423942915837e-47,9927.051530792365,0.9967586640797595,5.82998118703938e-34
1134480,0.0,-2.4749401006865324e-47,9927.051530792365,0.9967586640797595,5.829504873416166e-34
1134540,0.0,-2.47473780708148e-47,9927.051530792365,0.9967586640797595,5.829028559792952e-34
1134600,0.0,-2.474535513476429e-47,9927.051530792365,0.9967586640797595,5.828552246169739e-34
1134660,0.0,-2.474333219871377e-47,9927.051530792365,0.9967586640797595,5.828075932546524e-34
1134720,0.0,-2.474130926266326e-47,9927.051530792365,0.9967586640797595,5.82759961892331e-34
1134780,0.0,-2.4739286326612736e-47,9927.051530792365,0.9967586640797595,5.8271233053000955e-34
1134840,0.0,-2.4737263390562223e-47,9927.051530792365,0.9967586640797595,5.826646991676882e-34
1134900,0.0,-2.4735240454511706e-47,9927.051530792365,0.9967586640797595,5.826170678053667e-34
1134960,0.0,-2.473321751846119e-47,9927.051530792365,0.9967586640797595,5.825694364430453e-34
1135020,0.0,-2.473119458241067e-47,9927.051530792365,0.9967586640797595,5.8252180508072394e-34
1135080,0.0,-2.472917164636016e-47,9927.051530792365,0.9967586640797595,5.824741737184026e-34
1135140,0.0,-2.472714871030964e-47,9927.051530792365,0.9967586640797595,5.824265423560811e-34
1135200,0.0,-2.4725125774259123e-47,9927.051530792365,0.9967586640797595,5.823789109937597e-34
1135260,0.0,-2.4723102838208605e-47,9927.051530792365,0.9967586640797595,5.8233127963143825e-34
1135320,0.0,-2.4721079902158093e-47,9927.051530792365,0.9967586640797595,5.822836482691169e-34
1135380,0.0,-2.4719056966107575e-47,9927.051530792365,0.9967586640797595,5.822360169067954e-34
1135440,0.0,-2.471703403005706e-47,9927.051530792365,0.9967586640797595,5.82188385544474e-34
1135500,0.0,-2.471501109400654e-47,9927.051530792365,0.9967586640797595,5.821407541821526e-34
1135560,0.0,-2.4712988157956027e-47,9927.051530792365,0.9967586640797595,5.8209312281983126e-34
1135620,0.0,-2.4710965221905505e-47,9927.051530792365,0.9967586640797595,5.820454914575098e-34
1135680,0.0,-2.470894228585499e-47,9927.051530792365,0.9967586640797595,5.819978600951884e-34
1135740,0.0,-2.470691934980448e-47,9927.051530792365,0.9967586640797595,5.81950228732867e-34
1135800,0.0,-2.4704896413753957e-47,9927.051530792365,0.9967586640797595,5.819025973705456e-34
1135860,0.0,-2.4702873477703444e-47,9927.051530792365,0.9967586640797595,5.818549660082242e-34
1135920,0.0,-2.4700850541652927e-47,9927.051530792365,0.9967586640797595,5.818073346459028e-34
1135980,0.0,-2.4698827605602414e-47,9927.051530792365,0.9967586640797595,5.817597032835814e-34
1136040,0.0,-2.469680466955189e-47,9927.051530792365,0.9967586640797595,5.8171207192125995e-34
1136100,0.0,-2.469478173350138e-47,9927.051530792365,0.9967586640797595,5.816644405589386e-34
1136160,0.0,-2.469275879745086e-47,9927.051530792365,0.9967586640797595,5.816168091966171e-34
1136220,0.0,-2.4690735861400344e-47,9927.051530792365,0.9967586640797595,5.815691778342957e-34
1136280,0.0,-2.4688712925349826e-47,9927.051530792365,0.9967586640797595,5.8152154647197425e-34
1136340,0.0,-2.4686689989299314e-47,9927.051530792365,0.9967586640797595,5.81473915109653e-34
1136400,0.0,-2.4684667053248796e-47,9927.051530792365,0.9967586640797595,5.814262837473315e-34
1136460,0.0,-2.468264411719828e-47,9927.051530792365,0.9967586640797595,5.813786523850101e-34
1136520,0.0,-2.468062118114776e-47,9927.051530792365,0.9967586640797595,5.8133102102268864e-34
1136580,0.0,-2.467859824509725e-47,9927.051530792365,0.9967586640797595,5.812833896603673e-34
1136640,0.0,-2.467657530904673e-47,9927.051530792365,0.9967586640797595,5.812357582980458e-34
1136700,0.0,-2.4674552372996213e-47,9927.051530792365,0.9967586640797595,5.811881269357244e-34
1136760,0.0,-2.4672529436945696e-47,9927.051530792365,0.9967586640797595,5.8114049557340295e-34
1136820,0.0,-2.4670506500895183e-47,9927.051530792365,0.9967586640797595,5.8109286421108165e-34
1136880,0.0,-2.466848356484466e-47,9927.051530792365,0.9967586640797595,5.810452328487602e-34
1136940,0.0,-2.466646062879415e-47,9927.051530792365,0.9967586640797595,5.809976014864388e-34
1137000,0.0,-2.466443769274363e-47,9927.051530792365,0.9967586640797595,5.809499701241173e-34
1137060,0.0,-2.466241475669312e-47,9927.051530792365,0.9967586640797595,5.80902338761796e-34
1137120,0.0,-2.4660391820642595e-47,9927.051530792365,0.9967586640797595,5.808547073994745e-34
1137180,0.0,-2.4658368884592083e-47,9927.051530792365,0.9967586640797595,5.808070760371531e-34
1137240,0.0,-2.4656345948541565e-47,9927.051530792365,0.9967586640797595,5.8075944467483164e-34
1137300,0.0,-2.4654323012491047e-47,9927.051530792365,0.9967586640797595,5.8071181331251035e-34
1137360,0.0,-2.4652300076440535e-47,9927.051530792365,0.9967586640797595,5.80664181950189e-34
1137420,0.0,-2.4650277140390017e-47,9927.051530792365,0.9967586640797595,5.806165505878675e-34
1137480,0.0,-2.46482542043395e-47,9927.051530792365,0.9967586640797595,5.805689192255461e-34
1137540,0.0,-2.464623126828898e-47,9927.051530792365,0.9967586640797595,5.8052128786322465e-34
1137600,0.0,-2.464420833223847e-47,9927.051530792365,0.9967586640797595,5.804736565009033e-34
1137660,0.0,-2.464218539618795e-47,9927.051530792365,0.9967586640797595,5.804260251385818e-34
1137720,0.0,-2.4640162460137434e-47,9927.051530792365,0.9967586640797595,5.803783937762605e-34
1137780,0.0,-2.4638139524086917e-47,9927.051530792365,0.9967586640797595,5.80330762413939e-34
1137840,0.0,-2.4636116588036404e-47,9927.051530792365,0.9967586640797595,5.802831310516177e-34
1137900,0.0,-2.4634093651985886e-47,9927.051530792365,0.9967586640797595,5.802354996892962e-34
1137960,0.0,-2.463207071593537e-47,9927.051530792365,0.9967586640797595,5.801878683269748e-34
1138020,0.0,-2.463004777988485e-47,9927.051530792365,0.9967586640797595,5.8014023696465335e-34
1138080,0.0,-2.462802484383434e-47,9927.051530792365,0.9967586640797595,5.80092605602332e-34
1138140,0.0,-2.462600190778382e-47,9927.051530792365,0.9967586640797595,5.800449742400105e-34
1138200,0.0,-2.4623978971733304e-47,9927.051530792365,0.9967586640797595,5.799973428776892e-34
1138260,0.0,-2.4621956035682786e-47,9927.051530792365,0.9967586640797595,5.799497115153677e-34
1138320,0.0,-2.4619933099632273e-47,9927.051530792365,0.9967586640797595,5.7990208015304636e-34
1138380,0.0,-2.461791016358175e-47,9927.051530792365,0.9967586640797595,5.798544487907249e-34
1138440,0.0,-2.461588722753124e-47,9927.051530792365,0.9967586640797595,5.798068174284035e-34
1138500,0.0,-2.461386429148072e-47,9927.051530792365,0.9967586640797595,5.79759186066082e-34
1138560,0.0,-2.4611841355430203e-47,9927.051530792365,0.9967586640797595,5.797115547037607e-34
1138620,0.0,-2.4609818419379686e-47,9927.051530792365,0.9967586640797595,5.796639233414393e-34
1138680,0.0,-2.4607795483329173e-47,9927.051530792365,0.9967586640797595,5.796162919791179e-34
1138740,0.0,-2.4605772547278655e-47,9927.051530792365,0.9967586640797595,5.795686606167964e-34
1138800,0.0,-2.460374961122814e-47,9927.051530792365,0.9967586640797595,5.7952102925447505e-34
1138860,0.0,-2.460172667517762e-47,9927.051530792365,0.9967586640797595,5.794733978921536e-34
1138920,0.0,-2.4599703739127107e-47,9927.051530792365,0.9967586640797595,5.794257665298322e-34
1138980,0.0,-2.459768080307659e-47,9927.051530792365,0.9967586640797595,5.793781351675107e-34
1139040,0.0,-2.459565786702607e-47,9927.051530792365,0.9967586640797595,5.7933050380518935e-34
1139100,0.0,-2.459363493097556e-47,9927.051530792365,0.9967586640797595,5.792828724428681e-34
1139160,0.0,-2.459161199492504e-47,9927.051530792365,0.9967586640797595,5.792352410805466e-34
1139220,0.0,-2.4589589058874525e-47,9927.051530792365,0.9967586640797595,5.791876097182252e-34
1139280,0.0,-2.4587566122824007e-47,9927.051530792365,0.9967586640797595,5.7913997835590374e-34
1139340,0.0,-2.4585543186773494e-47,9927.051530792365,0.9967586640797595,5.790923469935824e-34
1139400,0.0,-2.4583520250722977e-47,9927.051530792365,0.9967586640797595,5.790447156312609e-34
1139460,0.0,-2.458149731467246e-47,9927.051530792365,0.9967586640797595,5.789970842689395e-34
1139520,0.0,-2.457947437862194e-47,9927.051530792365,0.9967586640797595,5.789494529066181e-34
1139580,0.0,-2.457745144257143e-47,9927.051530792365,0.9967586640797595,5.7890182154429675e-34
1139640,0.0,-2.4575428506520907e-47,9927.051530792365,0.9967586640797595,5.788541901819753e-34
1139700,0.0,-2.4573405570470394e-47,9927.051530792365,0.9967586640797595,5.788065588196539e-34
1139760,0.0,-2.4571382634419876e-47,9927.051530792365,0.9967586640797595,5.787589274573324e-34
1139820,0.0,-2.456935969836936e-47,9927.051530792365,0.9967586640797595,5.787112960950111e-34
1139880,0.0,-2.456733676231884e-47,9927.051530792365,0.9967586640797595,5.786636647326896e-34
1139940,0.0,-2.456531382626833e-47,9927.051530792365,0.9967586640797595,5.786160333703683e-34
1140000,0.0,-2.456329089021781e-47,9927.051530792365,0.9967586640797595,5.785684020080468e-34
1140060,0.0,-2.4561267954167293e-47,9927.051530792365,0.9967586640797595,5.7852077064572545e-34
1140120,0.0,-2.4559245018116776e-47,9927.051530792365,0.9967586640797595,5.78473139283404e-34
1140180,0.0,-2.4557222082066263e-47,9927.051530792365,0.9967586640797595,5.784255079210826e-34
1140240,0.0,-2.4555199146015746e-47,9927.051530792365,0.9967586640797595,5.783778765587611e-34
1140300,0.0,-2.455317620996523e-47,9927.051530792365,0.9967586640797595,5.7833024519643975e-34
1140360,0.0,-2.455115327391471e-47,9927.051530792365,0.9967586640797595,5.782826138341183e-34
1140420,0.0,-2.45491303378642e-47,9927.051530792365,0.9967586640797595,5.78234982471797e-34
1140480,0.0,-2.454710740181368e-47,9927.051530792365,0.9967586640797595,5.781873511094755e-34
1140540,0.0,-2.4545084465763163e-47,9927.051530792365,0.9967586640797595,5.781397197471541e-34
1140600,0.0,-2.4543061529712645e-47,9927.051530792365,0.9967586640797595,5.780920883848327e-34
1140660,0.0,-2.454103859366213e-47,9927.051530792365,0.9967586640797595,5.780444570225113e-34
1140720,0.0,-2.4539015657611615e-47,9927.051530792365,0.9967586640797595,5.779968256601899e-34
1140780,0.0,-2.4536992721561097e-47,9927.051530792365,0.9967586640797595,5.7794919429786845e-34
1140840,0.0,-2.4534969785510585e-47,9927.051530792365,0.9967586640797595,5.7790156293554715e-34
1140900,0.0,-2.453294684946006e-47,9927.051530792365,0.9967586640797595,5.778539315732257e-34
1140960,0.0,-2.453092391340955e-47,9927.051530792365,0.9967586640797595,5.778063002109043e-34
1141020,0.0,-2.452890097735903e-47,9927.051530792365,0.9967586640797595,5.777586688485828e-34
1141080,0.0,-2.452687804130852e-47,9927.051530792365,0.9967586640797595,5.7771103748626146e-34
1141140,0.0,-2.4524855105257997e-47,9927.051530792365,0.9967586640797595,5.7766340612394e-34
1141200,0.0,-2.4522832169207484e-47,9927.051530792365,0.9967586640797595,5.776157747616186e-34
1141260,0.0,-2.4520809233156967e-47,9927.051530792365,0.9967586640797595,5.775681433992971e-34
1141320,0.0,-2.451878629710645e-47,9927.051530792365,0.9967586640797595,5.7752051203697585e-34
1141380,0.0,-2.451676336105593e-47,9927.051530792365,0.9967586640797595,5.774728806746544e-34
1141440,0.0,-2.451474042500542e-47,9927.051530792365,0.9967586640797595,5.77425249312333e-34
1141500,0.0,-2.45127174889549e-47,9927.051530792365,0.9967586640797595,5.773776179500115e-34
1141560,0.0,-2.4510694552904384e-47,9927.051530792365,0.9967586640797595,5.7732998658769015e-34
1141620,0.0,-2.4508671616853866e-47,9927.051530792365,0.9967586640797595,5.772823552253687e-34
1141680,0.0,-2.4506648680803353e-47,9927.051530792365,0.9967586640797595,5.772347238630473e-34
1141740,0.0,-2.4504625744752836e-47,9927.051530792365,0.9967586640797595,5.771870925007258e-34
1141800,0.0,-2.450260280870232e-47,9927.051530792365,0.9967586640797595,5.771394611384045e-34
1141860,0.0,-2.45005798726518e-47,9927.051530792365,0.9967586640797595,5.770918297760831e-34
1141920,0.0,-2.449855693660129e-47,9927.051530792365,0.9967586640797595,5.770441984137617e-34
1141980,0.0,-2.4496534000550766e-47,9927.051530792365,0.9967586640797595,5.769965670514402e-34
1142040,0.0,-2.4494511064500253e-47,9927.051530792365,0.9967586640797595,5.7694893568911884e-34
1142100,0.0,-2.4492488128449735e-47,9927.051530792365,0.9967586640797595,5.769013043267974e-34
1142160,0.0,-2.449046519239922e-47,9927.051530792365,0.9967586640797595,5.76853672964476e-34
1142220,0.0,-2.44884422563487e-47,9927.051530792365,0.9967586640797595,5.768060416021546e-34
1142280,0.0,-2.4486419320298188e-47,9927.051530792365,0.9967586640797595,5.767584102398332e-34
1142340,0.0,-2.4484396384247675e-47,9927.051530792365,0.9967586640797595,5.7671077887751185e-34
1142400,0.0,-2.448237344819715e-47,9927.051530792365,0.9967586640797595,5.766631475151904e-34
1142460,0.0,-2.448035051214664e-47,9927.051530792365,0.9967586640797595,5.76615516152869e-34
1142520,0.0,-2.447832757609612e-47,9927.051530792365,0.9967586640797595,5.765678847905475e-34
1142580,0.0,-2.4476304640045605e-47,9927.051530792365,0.9967586640797595,5.7652025342822616e-34
1142640,0.0,-2.4474281703995087e-47,9927.051530792365,0.9967586640797595,5.764726220659048e-34
1142700,0.0,-2.4472258767944574e-47,9927.051530792365,0.9967586640797595,5.764249907035834e-34
1142760,0.0,-2.4470235831894057e-47,9927.051530792365,0.9967586640797595,5.763773593412619e-34
1142820,0.0,-2.446821289584354e-47,9927.051530792365,0.9967586640797595,5.7632972797894055e-34
1142880,0.0,-2.446618995979302e-47,9927.051530792365,0.9967586640797595,5.762820966166191e-34
1142940,0.0,-2.446416702374251e-47,9927.051530792365,0.9967586640797595,5.762344652542977e-34
1143000,0.0,-2.446214408769199e-47,9927.051530792365,0.9967586640797595,5.761868338919762e-34
1143060,0.0,-2.4460121151641474e-47,9927.051530792365,0.9967586640797595,5.7613920252965485e-34
1143120,0.0,-2.4458098215590956e-47,9927.051530792365,0.9967586640797595,5.760915711673335e-34
1143180,0.0,-2.4456075279540444e-47,9927.051530792365,0.9967586640797595,5.760439398050121e-34
1143240,0.0,-2.445405234348992e-47,9927.051530792365,0.9967586640797595,5.759963084426906e-34
1143300,0.0,-2.445202940743941e-47,9927.051530792365,0.9967586640797595,5.759486770803692e-34
1143360,0.0,-2.445000647138889e-47,9927.051530792365,0.9967586640797595,5.759010457180478e-34
1143420,0.0,-2.444798353533838e-47,9927.051530792365,0.9967586640797595,5.758534143557264e-34
1143480,0.0,-2.4445960599287856e-47,9927.051530792365,0.9967586640797595,5.758057829934049e-34
1143540,0.0,-2.4443937663237343e-47,9927.051530792365,0.9967586640797595,5.757581516310836e-34
1143600,0.0,-2.4441914727186826e-47,9927.051530792365,0.9967586640797595,5.757105202687622e-34
1143660,0.0,-2.443989179113631e-47,9927.051530792365,0.9967586640797595,5.756628889064408e-34
1143720,0.0,-2.443786885508579e-47,9927.051530792365,0.9967586640797595,5.756152575441193e-34
1143780,0.0,-2.443584591903528e-47,9927.051530792365,0.9967586640797595,5.755676261817979e-34
1143840,0.0,-2.443382298298476e-47,9927.051530792365,0.9967586640797595,5.755199948194765e-34
1143900,0.0,-2.4431800046934243e-47,9927.051530792365,0.9967586640797595,5.754723634571551e-34
1143960,0.0,-2.4429777110883725e-47,9927.051530792365,0.9967586640797595,5.754247320948336e-34
1144020,0.0,-2.442775417483321e-47,9927.051530792365,0.9967586640797595,5.753771007325123e-34
1144080,0.0,-2.4425731238782695e-47,9927.051530792365,0.9967586640797595,5.7532946937019094e-34
1144140,0.0,-2.4423708302732177e-47,9927.051530792365,0.9967586640797595,5.752818380078695e-34
1144200,0.0,-2.4421685366681665e-47,9927.051530792365,0.9967586640797595,5.752342066455481e-34
1144260,0.0,-2.4419662430631147e-47,9927.051530792365,0.9967586640797595,5.751865752832266e-34
1144320,0.0,-2.441763949458063e-47,9927.051530792365,0.9967586640797595,5.7513894392090525e-34
1144380,0.0,-2.441561655853011e-47,9927.051530792365,0.9967586640797595,5.750913125585838e-34
1144440,0.0,-2.44135936224796e-47,9927.051530792365,0.9967586640797595,5.750436811962625e-34
1144500,0.0,-2.4411570686429077e-47,9927.051530792365,0.9967586640797595,5.74996049833941e-34
1144560,0.0,-2.4409547750378564e-47,9927.051530792365,0.9967586640797595,5.749484184716196e-34
1144620,0.0,-2.4407524814328047e-47,9927.051530792365,0.9967586640797595,5.749007871092982e-34
1144680,0.0,-2.4405501878277534e-47,9927.051530792365,0.9967586640797595,5.748531557469768e-34
1144740,0.0,-2.440347894222701e-47,9927.051530792365,0.9967586640797595,5.748055243846553e-34
1144800,0.0,-2.44014560061765e-47,9927.051530792365,0.9967586640797595,5.7475789302233394e-34
1144860,0.0,-2.439943307012598e-47,9927.051530792365,0.9967586640797595,5.747102616600125e-34
1144920,0.0,-2.4397410134075464e-47,9927.051530792365,0.9967586640797595,5.746626302976912e-34
1144980,0.0,-2.4395387198024946e-47,9927.051530792365,0.9967586640797595,5.746149989353697e-34
1145040,0.0,-2.4393364261974433e-47,9927.051530792365,0.9967586640797595,5.745673675730483e-34
1145100,0.0,-2.4391341325923916e-47,9927.051530792365,0.9967586640797595,5.745197362107269e-34
1145160,0.0,-2.43893183898734e-47,9927.051530792365,0.9967586640797595,5.744721048484055e-34
1145220,0.0,-2.438729545382288e-47,9927.051530792365,0.9967586640797595,5.74424473486084e-34
1145280,0.0,-2.438527251777237e-47,9927.051530792365,0.9967586640797595,5.743768421237626e-34
1145340,0.0,-2.438324958172185e-47,9927.051530792365,0.9967586640797595,5.7432921076144126e-34
1145400,0.0,-2.4381226645671333e-47,9927.051530792365,0.9967586640797595,5.742815793991199e-34
1145460,0.0,-2.4379203709620815e-47,9927.051530792365,0.9967586640797595,5.742339480367984e-34
1145520,0.0,-2.4377180773570303e-47,9927.051530792365,0.9967586640797595,5.74186316674477e-34
1145580,0.0,-2.437515783751978e-47,9927.051530792365,0.9967586640797595,5.741386853121556e-34
1145640,0.0,-2.437313490146927e-47,9927.051530792365,0.9967586640797595,5.740910539498342e-34
1145700,0.0,-2.4371111965418755e-47,9927.051530792365,0.9967586640797595,5.740434225875128e-34
1145760,0.0,-2.4369089029368237e-47,9927.051530792365,0.9967586640797595,5.739957912251913e-34
1145820,0.0,-2.436706609331772e-47,9927.051530792365,0.9967586640797595,5.7394815986287e-34
1145880,0.0,-2.43650431572672e-47,9927.051530792365,0.9967586640797595,5.739005285005486e-34
1145940,0.0,-2.436302022121669e-47,9927.051530792365,0.9967586640797595,5.738528971382272e-34
1146000,0.0,-2.4360997285166167e-47,9927.051530792365,0.9967586640797595,5.738052657759057e-34
1146060,0.0,-2.4358974349115654e-47,9927.051530792365,0.9967586640797595,5.737576344135843e-34
1146120,0.0,-2.4356951413065137e-47,9927.051530792365,0.9967586640797595,5.737100030512629e-34
1146180,0.0,-2.435492847701462e-47,9927.051530792365,0.9967586640797595,5.736623716889415e-34
1146240,0.0,-2.43529055409641e-47,9927.051530792365,0.9967586640797595,5.736147403266201e-34
1146300,0.0,-2.435088260491359e-47,9927.051530792365,0.9967586640797595,5.735671089642987e-34
1146360,0.0,-2.434885966886307e-47,9927.051530792365,0.9967586640797595,5.735194776019773e-34
1146420,0.0,-2.4346836732812554e-47,9927.051530792365,0.9967586640797595,5.734718462396559e-34
1146480,0.0,-2.4344813796762036e-47,9927.051530792365,0.9967586640797595,5.734242148773344e-34
1146540,0.0,-2.4342790860711524e-47,9927.051530792365,0.9967586640797595,5.73376583515013e-34
1146600,0.0,-2.4340767924661006e-47,9927.051530792365,0.9967586640797595,5.733289521526916e-34
1146660,0.0,-2.433874498861049e-47,9927.051530792365,0.9967586640797595,5.732813207903702e-34
1146720,0.0,-2.433672205255997e-47,9927.051530792365,0.9967586640797595,5.732336894280488e-34
1146780,0.0,-2.433469911650946e-47,9927.051530792365,0.9967586640797595,5.731860580657274e-34
1146840,0.0,-2.433267618045894e-47,9927.051530792365,0.9967586640797595,5.73138426703406e-34
1146900,0.0,-2.4330653244408423e-47,9927.051530792365,0.9967586640797595,5.730907953410846e-34
1146960,0.0,-2.4328630308357906e-47,9927.051530792365,0.9967586640797595,5.730431639787631e-34
1147020,0.0,-2.4326607372307393e-47,9927.051530792365,0.9967586640797595,5.729955326164417e-34
1147080,0.0,-2.432458443625687e-47,9927.051530792365,0.9967586640797595,5.729479012541203e-34
1147140,0.0,-2.432256150020636e-47,9927.051530792365,0.9967586640797595,5.72900269891799e-34
1147200,0.0,-2.432053856415584e-47,9927.051530792365,0.9967586640797595,5.728526385294775e-34
1147260,0.0,-2.4318515628105323e-47,9927.051530792365,0.9967586640797595,5.728050071671561e-34
1147320,0.0,-2.4316492692054805e-47,9927.051530792365,0.9967586640797595,5.7275737580483465e-34
1147380,0.0,-2.4314469756004292e-47,9927.051530792365,0.9967586640797595,5.727097444425133e-34
1147440,0.0,-2.4312446819953775e-47,9927.051530792365,0.9967586640797595,5.726621130801919e-34
1147500,0.0,-2.4310423883903257e-47,9927.051530792365,0.9967586640797595,5.726144817178704e-34
1147560,0.0,-2.4308400947852745e-47,9927.051530792365,0.9967586640797595,5.7256685035554904e-34
1147620,0.0,-2.4306378011802227e-47,9927.051530792365,0.9967586640797595,5.725192189932277e-34
1147680,0.0,-2.430435507575171e-47,9927.051530792365,0.9967586640797595,5.724715876309063e-34
1147740,0.0,-2.430233213970119e-47,9927.051530792365,0.9967586640797595,5.724239562685848e-34
1147800,0.0,-2.430030920365068e-47,9927.051530792365,0.9967586640797595,5.723763249062634e-34
1147860,0.0,-2.429828626760016e-47,9927.051530792365,0.9967586640797595,5.72328693543942e-34
1147920,0.0,-2.4296263331549644e-47,9927.051530792365,0.9967586640797595,5.722810621816206e-34
1147980,0.0,-2.4294240395499127e-47,9927.051530792365,0.9967586640797595,5.722334308192991e-34
1148040,0.0,-2.4292217459448614e-47,9927.051530792365,0.9967586640797595,5.721857994569778e-34
1148100,0.0,-2.4290194523398096e-47,9927.051530792365,0.9967586640797595,5.7213816809465636e-34
1148160,0.0,-2.428817158734758e-47,9927.051530792365,0.9967586640797595,5.72090536732335e-34
1148220,0.0,-2.428614865129706e-47,9927.051530792365,0.9967586640797595,5.720429053700135e-34
1148280,0.0,-2.428412571524655e-47,9927.051530792365,0.9967586640797595,5.719952740076921e-34
1148340,0.0,-2.4282102779196026e-47,9927.051530792365,0.9967586640797595,5.719476426453707e-34
1148400,0.0,-2.4280079843145513e-47,9927.051530792365,0.9967586640797595,5.719000112830493e-34
1148460,0.0,-2.4278056907094996e-47,9927.051530792365,0.9967586640797595,5.718523799207278e-34
1148520,0.0,-2.427603397104448e-47,9927.051530792365,0.9967586640797595,5.718047485584065e-34
1148580,0.0,-2.427401103499396e-47,9927.051530792365,0.9967586640797595,5.7175711719608505e-34
1148640,0.0,-2.427198809894345e-47,9927.051530792365,0.9967586640797595,5.717094858337637e-34
1148700,0.0,-2.426996516289293e-47,9927.051530792365,0.9967586640797595,5.716618544714422e-34
1148760,0.0,-2.4267942226842413e-47,9927.051530792365,0.9967586640797595,5.716142231091208e-34
1148820,0.0,-2.4265919290791895e-47,9927.051530792365,0.9967586640797595,5.7156659174679936e-34
1148880,0.0,-2.4263896354741383e-47,9927.051530792365,0.9967586640797595,5.71518960384478e-34
1148940,0.0,-2.4261873418690865e-47,9927.051530792365,0.9967586640797595,5.714713290221566e-34
1149000,0.0,-2.425985048264035e-47,9927.051530792365,0.9967586640797595,5.714236976598352e-34
1149060,0.0,-2.4257827546589835e-47,9927.051530792365,0.9967586640797595,5.713760662975138e-34
1149120,0.0,-2.4255804610539317e-47,9927.051530792365,0.9967586640797595,5.713284349351924e-34
1149180,0.0,-2.42537816744888e-47,9927.051530792365,0.9967586640797595,5.71280803572871e-34
1149240,0.0,-2.425175873843828e-47,9927.051530792365,0.9967586640797595,5.712331722105495e-34
1149300,0.0,-2.424973580238777e-47,9927.051530792365,0.9967586640797595,5.711855408482281e-34
1149360,0.0,-2.424771286633725e-47,9927.051530792365,0.9967586640797595,5.711379094859067e-34
1149420,0.0,-2.4245689930286734e-47,9927.051530792365,0.9967586640797595,5.710902781235854e-34
1149480,0.0,-2.4243666994236217e-47,9927.051530792365,0.9967586640797595,5.710426467612639e-34
1149540,0.0,-2.4241644058185704e-47,9927.051530792365,0.9967586640797595,5.709950153989425e-34
1149600,0.0,-2.423962112213518e-47,9927.051530792365,0.9967586640797595,5.709473840366211e-34
1149660,0.0,-2.423759818608467e-47,9927.051530792365,0.9967586640797595,5.708997526742997e-34
1149720,0.0,-2.423557525003415e-47,9927.051530792365,0.9967586640797595,5.708521213119782e-34
1149780,0.0,-2.423355231398364e-47,9927.051530792365,0.9967586640797595,5.708044899496568e-34
1149840,0.0,-2.4231529377933116e-47,9927.051530792365,0.9967586640797595,5.7075685858733545e-34
1149900,0.0,-2.4229506441882604e-47,9927.051530792365,0.9967586640797595,5.707092272250141e-34
1149960,0.0,-2.4227483505832086e-47,9927.051530792365,0.9967586640797595,5.706615958626926e-34
1150020,0.0,-2.422546056978157e-47,9927.051530792365,0.9967586640797595,5.706139645003712e-34
1150080,0.0,-2.422343763373105e-47,9927.051530792365,0.9967586640797595,5.7056633313804975e-34
1150140,0.0,-2.422141469768054e-47,9927.051530792365,0.9967586640797595,5.705187017757284e-34
1150200,0.0,-2.421939176163002e-47,9927.051530792365,0.9967586640797595,5.704710704134069e-34
1150260,0.0,-2.4217368825579503e-47,9927.051530792365,0.9967586640797595,5.704234390510855e-34
1150320,0.0,-2.4215345889528986e-47,9927.051530792365,0.9967586640797595,5.703758076887641e-34
1150380,0.0,-2.4213322953478473e-47,9927.051530792365,0.9967586640797595,5.703281763264428e-34
1150440,0.0,-2.4211300017427955e-47,9927.051530792365,0.9967586640797595,5.702805449641213e-34
1150500,0.0,-2.420927708137744e-47,9927.051530792365,0.9967586640797595,5.702329136017999e-34
1150560,0.0,-2.420725414532692e-47,9927.051530792365,0.9967586640797595,5.7018528223947845e-34
1150620,0.0,-2.420523120927641e-47,9927.051530792365,0.9967586640797595,5.701376508771571e-34
1150680,0.0,-2.4203208273225885e-47,9927.051530792365,0.9967586640797595,5.700900195148356e-34
1150740,0.0,-2.4201185337175373e-47,9927.051530792365,0.9967586640797595,5.700423881525143e-34
1150800,0.0,-2.419916240112486e-47,9927.051530792365,0.9967586640797595,5.699947567901929e-34
1150860,0.0,-2.4197139465074337e-47,9927.051530792365,0.9967586640797595,5.6994712542787146e-34
1150920,0.0,-2.4195116529023825e-47,9927.051530792365,0.9967586640797595,5.698994940655501e-34
1150980,0.0,-2.4193093592973307e-47,9927.051530792365,0.9967586640797595,5.698518627032286e-34
1151040,0.0,-2.4191070656922794e-47,9927.051530792365,0.9967586640797595,5.698042313409072e-34
1151100,0.0,-2.418904772087227e-47,9927.051530792365,0.9967586640797595,5.697565999785858e-34
1151160,0.0,-2.418702478482176e-47,9927.051530792365,0.9967586640797595,5.697089686162645e-34
1151220,0.0,-2.418500184877124e-47,9927.051530792365,0.9967586640797595,5.69661337253943e-34
1151280,0.0,-2.4182978912720724e-47,9927.051530792365,0.9967586640797595,5.696137058916216e-34
1151340,0.0,-2.4180955976670207e-47,9927.051530792365,0.9967586640797595,5.6956607452930015e-34
1151400,0.0,-2.4178933040619694e-47,9927.051530792365,0.9967586640797595,5.695184431669788e-34
1151460,0.0,-2.4176910104569176e-47,9927.051530792365,0.9967586640797595,5.694708118046573e-34
1151520,0.0,-2.417488716851866e-47,9927.051530792365,0.9967586640797595,5.694231804423359e-34
1151580,0.0,-2.417286423246814e-47,9927.051530792365,0.9967586640797595,5.6937554908001445e-34
1151640,0.0,-2.417084129641763e-47,9927.051530792365,0.9967586640797595,5.693279177176932e-34
1151700,0.0,-2.416881836036711e-47,9927.051530792365,0.9967586640797595,5.692802863553717e-34
1151760,0.0,-2.4166795424316594e-47,9927.051530792365,0.9967586640797595,5.692326549930503e-34
1151820,0.0,-2.4164772488266076e-47,9927.051530792365,0.9967586640797595,5.6918502363072884e-34
1151880,0.0,-2.4162749552215563e-47,9927.051530792365,0.9967586640797595,5.691373922684075e-34
1151940,0.0,-2.416072661616504e-47,9927.051530792365,0.9967586640797595,5.69089760906086e-34
1152000,0.0,-2.415870368011453e-47,9927.051530792365,0.9967586640797595,5.690421295437646e-34
1152060,0.0,-2.415668074406401e-47,9927.051530792365,0.9967586640797595,5.6899449818144315e-34
1152120,0.0,-2.41546578080135e-47,9927.051530792365,0.9967586640797595,5.6894686681912185e-34
1152180,0.0,-2.4152634871962976e-47,9927.051530792365,0.9967586640797595,5.688992354568004e-34
1152240,0.0,-2.4150611935912463e-47,9927.051530792365,0.9967586640797595,5.68851604094479e-34
1152300,0.0,-2.4148588999861945e-47,9927.051530792365,0.9967586640797595,5.688039727321575e-34
1152360,0.0,-2.414656606381143e-47,9927.051530792365,0.9967586640797595,5.687563413698362e-34
1152420,0.0,-2.4144543127760915e-47,9927.051530792365,0.9967586640797595,5.687087100075148e-34
1152480,0.0,-2.4142520191710397e-47,9927.051530792365,0.9967586640797595,5.686610786451933e-34
1152540,0.0,-2.414049725565988e-47,9927.051530792365,0.9967586640797595,5.68613447282872e-34
1152600,0.0,-2.413847431960936e-47,9927.051530792365,0.9967586640797595,5.6856581592055055e-34
1152660,0.0,-2.413645138355885e-47,9927.051530792365,0.9967586640797595,5.685181845582292e-34
1152720,0.0,-2.413442844750833e-47,9927.051530792365,0.9967586640797595,5.684705531959077e-34
1152780,0.0,-2.4132405511457815e-47,9927.051530792365,0.9967586640797595,5.684229218335863e-34
1152840,0.0,-2.4130382575407297e-47,9927.051530792365,0.9967586640797595,5.6837529047126485e-34
1152900,0.0,-2.4128359639356784e-47,9927.051530792365,0.9967586640797595,5.683276591089435e-34
1152960,0.0,-2.4126336703306267e-47,9927.051530792365,0.9967586640797595,5.68280027746622e-34
1153020,0.0,-2.412431376725575e-47,9927.051530792365,0.9967586640797595,5.682323963843007e-34
1153080,0.0,-2.412229083120523e-47,9927.051530792365,0.9967586640797595,5.681847650219792e-34
1153140,0.0,-2.412026789515472e-47,9927.051530792365,0.9967586640797595,5.681371336596579e-34
1153200,0.0,-2.4118244959104197e-47,9927.051530792365,0.9967586640797595,5.680895022973364e-34
1153260,0.0,-2.4116222023053684e-47,9927.051530792365,0.9967586640797595,5.68041870935015e-34
1153320,0.0,-2.4114199087003166e-47,9927.051530792365,0.9967586640797595,5.6799423957269355e-34
1153380,0.0,-2.4112176150952654e-47,9927.051530792365,0.9967586640797595,5.679466082103722e-34
1153440,0.0,-2.411015321490213e-47,9927.051530792365,0.9967586640797595,5.678989768480508e-34
1153500,0.0,-2.410813027885162e-47,9927.051530792365,0.9967586640797595,5.678513454857294e-34
1153560,0.0,-2.41061073428011e-47,9927.051530792365,0.9967586640797595,5.678037141234079e-34
1153620,0.0,-2.4104084406750583e-47,9927.051530792365,0.9967586640797595,5.6775608276108656e-34
1153680,0.0,-2.4102061470700066e-47,9927.051530792365,0.9967586640797595,5.677084513987651e-34
1153740,0.0,-2.4100038534649553e-47,9927.051530792365,0.9967586640797595,5.676608200364437e-34
1153800,0.0,-2.4098015598599036e-47,9927.051530792365,0.9967586640797595,5.676131886741222e-34
1153860,0.0,-2.409599266254852e-47,9927.051530792365,0.9967586640797595,5.675655573118009e-34
1153920,0.0,-2.4093969726498e-47,9927.051530792365,0.9967586640797595,5.675179259494795e-34
1153980,0.0,-2.409194679044749e-47,9927.051530792365,0.9967586640797595,5.674702945871581e-34
1154040,0.0,-2.408992385439697e-47,9927.051530792365,0.9967586640797595,5.674226632248367e-34
1154100,0.0,-2.4087900918346453e-47,9927.051530792365,0.9967586640797595,5.6737503186251525e-34
1154160,0.0,-2.408587798229594e-47,9927.051530792365,0.9967586640797595,5.673274005001939e-34
1154220,0.0,-2.408385504624542e-47,9927.051530792365,0.9967586640797595,5.672797691378724e-34
1154280,0.0,-2.4081832110194905e-47,9927.051530792365,0.9967586640797595,5.67232137775551e-34
1154340,0.0,-2.4079809174144387e-47,9927.051530792365,0.9967586640797595,5.671845064132296e-34
1154400,0.0,-2.4077786238093875e-47,9927.051530792365,0.9967586640797595,5.671368750509083e-34
1154460,0.0,-2.4075763302043357e-47,9927.051530792365,0.9967586640797595,5.670892436885868e-34
1154520,0.0,-2.407374036599284e-47,9927.051530792365,0.9967586640797595,5.670416123262654e-34
1154580,0.0,-2.407171742994232e-47,9927.051530792365,0.9967586640797595,5.6699398096394394e-34
1154640,0.0,-2.406969449389181e-47,9927.051530792365,0.9967586640797595,5.669463496016226e-34
1154700,0.0,-2.4067671557841287e-47,9927.051530792365,0.9967586640797595,5.668987182393011e-34
1154760,0.0,-2.4065648621790774e-47,9927.051530792365,0.9967586640797595,5.668510868769798e-34
1154820,0.0,-2.4063625685740257e-47,9927.051530792365,0.9967586640797595,5.668034555146583e-34
1154880,0.0,-2.406160274968974e-47,9927.051530792365,0.9967586640797595,5.6675582415233695e-34
1154940,0.0,-2.405957981363922e-47,9927.051530792365,0.9967586640797595,5.667081927900155e-34
1155000,0.0,-2.405755687758871e-47,9927.051530792365,0.9967586640797595,5.666605614276941e-34
1155060,0.0,-2.405553394153819e-47,9927.051530792365,0.9967586640797595,5.666129300653726e-34
1155120,0.0,-2.4053511005487674e-47,9927.051530792365,0.9967586640797595,5.6656529870305126e-34
1155180,0.0,-2.4051488069437156e-47,9927.051530792365,0.9967586640797595,5.665176673407298e-34
1155240,0.0,-2.4049465133386643e-47,9927.051530792365,0.9967586640797595,5.664700359784085e-34
1155300,0.0,-2.4047442197336126e-47,9927.051530792365,0.9967586640797595,5.66422404616087e-34
1155360,0.0,-2.404541926128561e-47,9927.051530792365,0.9967586640797595,5.6637477325376565e-34
1155420,0.0,-2.404339632523509e-47,9927.051530792365,0.9967586640797595,5.663271418914442e-34
1155480,0.0,-2.404137338918458e-47,9927.051530792365,0.9967586640797595,5.662795105291228e-34
1155540,0.0,-2.4039350453134056e-47,9927.051530792365,0.9967586640797595,5.662318791668013e-34
1155600,0.0,-2.4037327517083543e-47,9927.051530792365,0.9967586640797595,5.6618424780447995e-34
1155660,0.0,-2.4035304581033025e-47,9927.051530792365,0.9967586640797595,5.661366164421585e-34
1155720,0.0,-2.4033281644982513e-47,9927.051530792365,0.9967586640797595,5.660889850798372e-34
1155780,0.0,-2.4031258708931995e-47,9927.051530792365,0.9967586640797595,5.660413537175158e-34
1155840,0.0,-2.4029235772881478e-47,9927.051530792365,0.9967586640797595,5.659937223551943e-34
1155900,0.0,-2.4027212836830965e-47,9927.051530792365,0.9967586640797595,5.65946090992873e-34
1155960,0.0,-2.402518990078044e-47,9927.051530792365,0.9967586640797595,5.658984596305515e-34
1156020,0.0,-2.402316696472993e-47,9927.051530792365,0.9967586640797595,5.658508282682301e-34
1156080,0.0,-2.402114402867941e-47,9927.051530792365,0.9967586640797595,5.6580319690590865e-34
1156140,0.0,-2.4019121092628895e-47,9927.051530792365,0.9967586640797595,5.6575556554358735e-34
1156200,0.0,-2.4017098156578377e-47,9927.051530792365,0.9967586640797595,5.657079341812659e-34
1156260,0.0,-2.4015075220527864e-47,9927.051530792365,0.9967586640797595,5.656603028189445e-34
1156320,0.0,-2.4013052284477347e-47,9927.051530792365,0.9967586640797595,5.65612671456623e-34
1156380,0.0,-2.401102934842683e-47,9927.051530792365,0.9967586640797595,5.6556504009430165e-34
1156440,0.0,-2.400900641237631e-47,9927.051530792365,0.9967586640797595,5.655174087319802e-34
1156500,0.0,-2.40069834763258e-47,9927.051530792365,0.9967586640797595,5.654697773696588e-34
1156560,0.0,-2.400496054027528e-47,9927.051530792365,0.9967586640797595,5.654221460073373e-34
1156620,0.0,-2.4002937604224764e-47,9927.051530792365,0.9967586640797595,5.6537451464501604e-34
1156680,0.0,-2.4000914668174246e-47,9927.051530792365,0.9967586640797595,5.653268832826946e-34
1156740,0.0,-2.3998891732123734e-47,9927.051530792365,0.9967586640797595,5.652792519203732e-34
1156800,0.0,-2.3996868796073216e-47,9927.051530792365,0.9967586640797595,5.652316205580517e-34
1156860,0.0,-2.39948458600227e-47,9927.051530792365,0.9967586640797595,5.6518398919573035e-34
1156920,0.0,-2.399282292397218e-47,9927.051530792365,0.9967586640797595,5.651363578334089e-34
1156980,0.0,-2.399079998792167e-47,9927.051530792365,0.9967586640797595,5.650887264710875e-34
1157040,0.0,-2.3988777051871146e-47,9927.051530792365,0.9967586640797595,5.650410951087661e-34
1157100,0.0,-2.3986754115820633e-47,9927.051530792365,0.9967586640797595,5.649934637464447e-34
1157160,0.0,-2.3984731179770116e-47,9927.051530792365,0.9967586640797595,5.649458323841233e-34
1157220,0.0,-2.39827082437196e-47,9927.051530792365,0.9967586640797595,5.648982010218019e-34
1157280,0.0,-2.398068530766908e-47,9927.051530792365,0.9967586640797595,5.648505696594804e-34
1157340,0.0,-2.397866237161857e-47,9927.051530792365,0.9967586640797595,5.6480293829715904e-34
1157400,0.0,-2.3976639435568055e-47,9927.051530792365,0.9967586640797595,5.647553069348377e-34
1157460,0.0,-2.3974616499517533e-47,9927.051530792365,0.9967586640797595,5.647076755725163e-34
1157520,0.0,-2.397259356346702e-47,9927.051530792365,0.9967586640797595,5.646600442101949e-34
1157580,0.0,-2.39705706274165e-47,9927.051530792365,0.9967586640797595,5.646124128478734e-34
1157640,0.0,-2.3968547691365985e-47,9927.051530792365,0.9967586640797595,5.6456478148555205e-34
1157700,0.0,-2.3966524755315467e-47,9927.051530792365,0.9967586640797595,5.645171501232306e-34
1157760,0.0,-2.3964501819264955e-47,9927.051530792365,0.9967586640797595,5.644695187609092e-34
1157820,0.0,-2.3962478883214437e-47,9927.051530792365,0.9967586640797595,5.644218873985877e-34
1157880,0.0,-2.396045594716392e-47,9927.051530792365,0.9967586640797595,5.6437425603626636e-34
1157940,0.0,-2.39584330111134e-47,9927.051530792365,0.9967586640797595,5.64326624673945e-34
1158000,0.0,-2.395641007506289e-47,9927.051530792365,0.9967586640797595,5.642789933116236e-34
1158060,0.0,-2.395438713901237e-47,9927.051530792365,0.9967586640797595,5.642313619493021e-34
1158120,0.0,-2.3952364202961854e-47,9927.051530792365,0.9967586640797595,5.6418373058698075e-34
1158180,0.0,-2.3950341266911337e-47,9927.051530792365,0.9967586640797595,5.641360992246593e-34
1158240,0.0,-2.3948318330860824e-47,9927.051530792365,0.9967586640797595,5.640884678623379e-34
1158300,0.0,-2.39462953948103e-47,9927.051530792365,0.9967586640797595,5.640408365000164e-34
1158360,0.0,-2.394427245875979e-47,9927.051530792365,0.9967586640797595,5.639932051376951e-34
1158420,0.0,-2.394224952270927e-47,9927.051530792365,0.9967586640797595,5.639455737753737e-34
1158480,0.0,-2.3940226586658754e-47,9927.051530792365,0.9967586640797595,5.638979424130523e-34
1158540,0.0,-2.3938203650608236e-47,9927.051530792365,0.9967586640797595,5.638503110507308e-34
1158600,0.0,-2.3936180714557723e-47,9927.051530792365,0.9967586640797595,5.638026796884094e-34
1158660,0.0,-2.3934157778507206e-47,9927.051530792365,0.9967586640797595,5.63755048326088e-34
1158720,0.0,-2.393213484245669e-47,9927.051530792365,0.9967586640797595,5.637074169637666e-34
1158780,0.0,-2.393011190640617e-47,9927.051530792365,0.9967586640797595,5.636597856014451e-34
1158840,0.0,-2.392808897035566e-47,9927.051530792365,0.9967586640797595,5.636121542391238e-34
1158900,0.0,-2.392606603430514e-47,9927.051530792365,0.9967586640797595,5.635645228768024e-34
1158960,0.0,-2.3924043098254623e-47,9927.051530792365,0.9967586640797595,5.63516891514481e-34
1159020,0.0,-2.3922020162204105e-47,9927.051530792365,0.9967586640797595,5.634692601521595e-34
1159080,0.0,-2.3919997226153593e-47,9927.051530792365,0.9967586640797595,5.634216287898381e-34
1159140,0.0,-2.3917974290103075e-47,9927.051530792365,0.9967586640797595,5.6337399742751675e-34
1159200,0.0,-2.391595135405256e-47,9927.051530792365,0.9967586640797595,5.633263660651953e-34
1159260,0.0,-2.3913928418002045e-47,9927.051530792365,0.9967586640797595,5.63278734702874e-34
1159320,0.0,-2.3911905481951527e-47,9927.051530792365,0.9967586640797595,5.632311033405525e-34
1159380,0.0,-2.390988254590101e-47,9927.051530792365,0.9967586640797595,5.6318347197823114e-34
1159440,0.0,-2.390785960985049e-47,9927.051530792365,0.9967586640797595,5.631358406159097e-34
1159500,0.0,-2.390583667379998e-47,9927.051530792365,0.9967586640797595,5.630882092535883e-34
1159560,0.0,-2.3903813737749457e-47,9927.051530792365,0.9967586640797595,5.630405778912668e-34
1159620,0.0,-2.3901790801698944e-47,9927.051530792365,0.9967586640797595,5.6299294652894545e-34
1159680,0.0,-2.3899767865648427e-47,9927.051530792365,0.9967586640797595,5.62945315166624e-34
1159740,0.0,-2.3897744929597914e-47,9927.051530792365,0.9967586640797595,5.628976838043027e-34
1159800,0.0,-2.389572199354739e-47,9927.051530792365,0.9967586640797595,5.628500524419812e-34
1159860,0.0,-2.389369905749688e-47,9927.051530792365,0.9967586640797595,5.628024210796598e-34
1159920,0.0,-2.389167612144636e-47,9927.051530792365,0.9967586640797595,5.627547897173384e-34
1159980,0.0,-2.3889653185395844e-47,9927.051530792365,0.9967586640797595,5.62707158355017e-34
1160040,0.0,-2.3887630249345326e-47,9927.051530792365,0.9967586640797595,5.626595269926955e-34
1160100,0.0,-2.3885607313294814e-47,9927.051530792365,0.9967586640797595,5.6261189563037414e-34
1160160,0.0,-2.3883584377244296e-47,9927.051530792365,0.9967586640797595,5.625642642680528e-34
1160220,0.0,-2.388156144119378e-47,9927.051530792365,0.9967586640797595,5.625166329057314e-34
1160280,0.0,-2.387953850514326e-47,9927.051530792365,0.9967586640797595,5.624690015434099e-34
1160340,0.0,-2.387751556909275e-47,9927.051530792365,0.9967586640797595,5.624213701810885e-34
1160400,0.0,-2.387549263304223e-47,9927.051530792365,0.9967586640797595,5.623737388187671e-34
1160460,0.0,-2.3873469696991713e-47,9927.051530792365,0.9967586640797595,5.623261074564457e-34
1160520,0.0,-2.3871446760941196e-47,9927.051530792365,0.9967586640797595,5.622784760941242e-34
1160580,0.0,-2.3869423824890683e-47,9927.051530792365,0.9967586640797595,5.622308447318028e-34
1160640,0.0,-2.386740088884016e-47,9927.051530792365,0.9967586640797595,5.6218321336948146e-34
1160700,0.0,-2.386537795278965e-47,9927.051530792365,0.9967586640797595,5.621355820071601e-34
1160760,0.0,-2.3863355016739135e-47,9927.051530792365,0.9967586640797595,5.620879506448387e-34
1160820,0.0,-2.386133208068862e-47,9927.051530792365,0.9967586640797595,5.620403192825172e-34
1160880,0.0,-2.38593091446381e-47,9927.051530792365,0.9967586640797595,5.6199268792019585e-34
1160940,0.0,-2.3857286208587582e-47,9927.051530792365,0.9967586640797595,5.619450565578744e-34
1161000,0.0,-2.385526327253707e-47,9927.051530792365,0.9967586640797595,5.61897425195553e-34
1161060,0.0,-2.3853240336486547e-47,9927.051530792365,0.9967586640797595,5.618497938332316e-34
1161120,0.0,-2.3851217400436035e-47,9927.051530792365,0.9967586640797595,5.618021624709102e-34
1161180,0.0,-2.3849194464385517e-47,9927.051530792365,0.9967586640797595,5.617545311085888e-34
1161240,0.0,-2.3847171528335e-47,9927.051530792365,0.9967586640797595,5.617068997462674e-34
1161300,0.0,-2.384514859228448e-47,9927.051530792365,0.9967586640797595,5.616592683839459e-34
1161360,0.0,-2.384312565623397e-47,9927.051530792365,0.9967586640797595,5.616116370216245e-34
1161420,0.0,-2.384110272018345e-47,9927.051530792365,0.9967586640797595,5.615640056593031e-34
1161480,0.0,-2.3839079784132934e-47,9927.051530792365,0.9967586640797595,5.615163742969817e-34
1161540,0.0,-2.3837056848082417e-47,9927.051530792365,0.9967586640797595,5.614687429346603e-34
1161600,0.0,-2.3835033912031904e-47,9927.051530792365,0.9967586640797595,5.614211115723389e-34
1161660,0.0,-2.3833010975981386e-47,9927.051530792365,0.9967586640797595,5.613734802100175e-34
1161720,0.0,-2.383098803993087e-47,9927.051530792365,0.9967586640797595,5.613258488476961e-34
1161780,0.0,-2.382896510388035e-47,9927.051530792365,0.9967586640797595,5.612782174853746e-34
1161840,0.0,-2.382694216782984e-47,9927.051530792365,0.9967586640797595,5.612305861230532e-34
1161900,0.0,-2.3824919231779316e-47,9927.051530792365,0.9967586640797595,5.611829547607318e-34
1161960,0.0,-2.3822896295728803e-47,9927.051530792365,0.9967586640797595,5.611353233984105e-34
1162020,0.0,-2.3820873359678286e-47,9927.051530792365,0.9967586640797595,5.61087692036089e-34
1162080,0.0,-2.3818850423627773e-47,9927.051530792365,0.9967586640797595,5.610400606737676e-34
1162140,0.0,-2.381682748757725e-47,9927.051530792365,0.9967586640797595,5.609924293114462e-34
1162200,0.0,-2.381480455152674e-47,9927.051530792365,0.9967586640797595,5.609447979491248e-34
1162260,0.0,-2.381278161547622e-47,9927.051530792365,0.9967586640797595,5.608971665868033e-34
1162320,0.0,-2.3810758679425703e-47,9927.051530792365,0.9967586640797595,5.608495352244819e-34
1162380,0.0,-2.3808735743375185e-47,9927.051530792365,0.9967586640797595,5.608019038621605e-34
1162440,0.0,-2.3806712807324673e-47,9927.051530792365,0.9967586640797595,5.607542724998392e-34
1162500,0.0,-2.3804689871274155e-47,9927.051530792365,0.9967586640797595,5.607066411375178e-34
1162560,0.0,-2.380266693522364e-47,9927.051530792365,0.9967586640797595,5.606590097751963e-34
1162620,0.0,-2.3800643999173125e-47,9927.051530792365,0.9967586640797595,5.606113784128749e-34
1162680,0.0,-2.3798621063122607e-47,9927.051530792365,0.9967586640797595,5.605637470505535e-34
1162740,0.0,-2.379659812707209e-47,9927.051530792365,0.9967586640797595,5.605161156882321e-34
1162800,0.0,-2.379457519102157e-47,9927.051530792365,0.9967586640797595,5.604684843259106e-34
1162860,0.0,-2.379255225497106e-47,9927.051530792365,0.9967586640797595,5.604208529635893e-34
1162920,0.0,-2.379052931892054e-47,9927.051530792365,0.9967586640797595,5.603732216012679e-34
1162980,0.0,-2.3788506382870024e-47,9927.051530792365,0.9967586640797595,5.603255902389465e-34
1163040,0.0,-2.3786483446819507e-47,9927.051530792365,0.9967586640797595,5.60277958876625e-34
1163100,0.0,-2.3784460510768994e-47,9927.051530792365,0.9967586640797595,5.602303275143036e-34
1163160,0.0,-2.3782437574718477e-47,9927.051530792365,0.9967586640797595,5.601826961519822e-34
1163220,0.0,-2.378041463866796e-47,9927.051530792365,0.9967586640797595,5.601350647896608e-34
1163280,0.0,-2.377839170261744e-47,9927.051530792365,0.9967586640797595,5.600874334273393e-34
1163340,0.0,-2.377636876656693e-47,9927.051530792365,0.9967586640797595,5.60039802065018e-34
1163400,0.0,-2.3774345830516406e-47,9927.051530792365,0.9967586640797595,5.5999217070269656e-34
1163460,0.0,-2.3772322894465894e-47,9927.051530792365,0.9967586640797595,5.599445393403752e-34
1163520,0.0,-2.3770299958415376e-47,9927.051530792365,0.9967586640797595,5.598969079780537e-34
1163580,0.0,-2.376827702236486e-47,9927.051530792365,0.9967586640797595,5.598492766157323e-34
1163640,0.0,-2.376625408631434e-47,9927.051530792365,0.9967586640797595,5.598016452534109e-34
1163700,0.0,-2.376423115026383e-47,9927.051530792365,0.9967586640797595,5.597540138910895e-34
1163760,0.0,-2.376220821421331e-47,9927.051530792365,0.9967586640797595,5.597063825287681e-34
1163820,0.0,-2.3760185278162793e-47,9927.051530792365,0.9967586640797595,5.596587511664467e-34
1163880,0.0,-2.3758162342112276e-47,9927.051530792365,0.9967586640797595,5.5961111980412525e-34
1163940,0.0,-2.3756139406061763e-47,9927.051530792365,0.9967586640797595,5.595634884418039e-34
1164000,0.0,-2.3754116470011245e-47,9927.051530792365,0.9967586640797595,5.595158570794824e-34
1164060,0.0,-2.375209353396073e-47,9927.051530792365,0.9967586640797595,5.59468225717161e-34
1164120,0.0,-2.3750070597910215e-47,9927.051530792365,0.9967586640797595,5.594205943548396e-34
1164180,0.0,-2.37480476618597e-47,9927.051530792365,0.9967586640797595,5.593729629925182e-34
1164240,0.0,-2.374602472580918e-47,9927.051530792365,0.9967586640797595,5.593253316301969e-34
1164300,0.0,-2.3744001789758663e-47,9927.051530792365,0.9967586640797595,5.592777002678754e-34
1164360,0.0,-2.374197885370815e-47,9927.051530792365,0.9967586640797595,5.59230068905554e-34
1164420,0.0,-2.373995591765763e-47,9927.051530792365,0.9967586640797595,5.591824375432326e-34
1164480,0.0,-2.3737932981607115e-47,9927.051530792365,0.9967586640797595,5.591348061809112e-34
1164540,0.0,-2.3735910045556597e-47,9927.051530792365,0.9967586640797595,5.590871748185897e-34
1164600,0.0,-2.3733887109506084e-47,9927.051530792365,0.9967586640797595,5.590395434562683e-34
1164660,0.0,-2.373186417345556e-47,9927.051530792365,0.9967586640797595,5.5899191209394695e-34
1164720,0.0,-2.372984123740505e-47,9927.051530792365,0.9967586640797595,5.589442807316256e-34
1164780,0.0,-2.372781830135453e-47,9927.051530792365,0.9967586640797595,5.588966493693041e-34
1164840,0.0,-2.3725795365304014e-47,9927.051530792365,0.9967586640797595,5.588490180069827e-34
1164900,0.0,-2.3723772429253497e-47,9927.051530792365,0.9967586640797595,5.588013866446613e-34
1164960,0.0,-2.3721749493202984e-47,9927.051530792365,0.9967586640797595,5.587537552823399e-34
1165020,0.0,-2.3719726557152466e-47,9927.051530792365,0.9967586640797595,5.587061239200184e-34
1165080,0.0,-2.371770362110195e-47,9927.051530792365,0.9967586640797595,5.58658492557697e-34
1165140,0.0,-2.371568068505143e-47,9927.051530792365,0.9967586640797595,5.5861086119537565e-34
1165200,0.0,-2.371365774900092e-47,9927.051530792365,0.9967586640797595,5.585632298330543e-34
1165260,0.0,-2.37116348129504e-47,9927.051530792365,0.9967586640797595,5.585155984707328e-34
1165320,0.0,-2.3709611876899884e-47,9927.051530792365,0.9967586640797595,5.584679671084114e-34
1165380,0.0,-2.3707588940849366e-47,9927.051530792365,0.9967586640797595,5.5842033574608995e-34
1165440,0.0,-2.3705566004798853e-47,9927.051530792365,0.9967586640797595,5.583727043837686e-34
1165500,0.0,-2.3703543068748336e-47,9927.051530792365,0.9967586640797595,5.583250730214471e-34
1165560,0.0,-2.370152013269782e-47,9927.051530792365,0.9967586640797595,5.582774416591258e-34
1165620,0.0,-2.36994971966473e-47,9927.051530792365,0.9967586640797595,5.582298102968043e-34
1165680,0.0,-2.369747426059679e-47,9927.051530792365,0.9967586640797595,5.58182178934483e-34
1165740,0.0,-2.369545132454627e-47,9927.051530792365,0.9967586640797595,5.581345475721616e-34
1165800,0.0,-2.3693428388495753e-47,9927.051530792365,0.9967586640797595,5.580869162098401e-34
1165860,0.0,-2.369140545244524e-47,9927.051530792365,0.9967586640797595,5.580392848475187e-34
1165920,0.0,-2.368938251639472e-47,9927.051530792365,0.9967586640797595,5.579916534851973e-34
1165980,0.0,-2.3687359580344205e-47,9927.051530792365,0.9967586640797595,5.579440221228759e-34
1166040,0.0,-2.3685336644293687e-47,9927.051530792365,0.9967586640797595,5.578963907605545e-34
1166100,0.0,-2.3683313708243175e-47,9927.051530792365,0.9967586640797595,5.578487593982331e-34
1166160,0.0,-2.368129077219265e-47,9927.051530792365,0.9967586640797595,5.5780112803591166e-34
1166220,0.0,-2.367926783614214e-47,9927.051530792365,0.9967586640797595,5.577534966735903e-34
1166280,0.0,-2.367724490009162e-47,9927.051530792365,0.9967586640797595,5.577058653112688e-34
1166340,0.0,-2.3675221964041105e-47,9927.051530792365,0.9967586640797595,5.576582339489474e-34
1166400,0.0,-2.3673199027990587e-47,9927.051530792365,0.9967586640797595,5.57610602586626e-34
1166460,0.0,-2.3671176091940074e-47,9927.051530792365,0.9967586640797595,5.575629712243047e-34
1166520,0.0,-2.3669153155889557e-47,9927.051530792365,0.9967586640797595,5.575153398619832e-34
1166580,0.0,-2.366713021983904e-47,9927.051530792365,0.9967586640797595,5.574677084996618e-34
1166640,0.0,-2.366510728378852e-47,9927.051530792365,0.9967586640797595,5.5742007713734035e-34
1166700,0.0,-2.366308434773801e-47,9927.051530792365,0.9967586640797595,5.57372445775019e-34
1166760,0.0,-2.366106141168749e-47,9927.051530792365,0.9967586640797595,5.573248144126975e-34
1166820,0.0,-2.3659038475636974e-47,9927.051530792365,0.9967586640797595,5.572771830503761e-34
1166880,0.0,-2.3657015539586456e-47,9927.051530792365,0.9967586640797595,5.5722955168805465e-34
1166940,0.0,-2.3654992603535944e-47,9927.051530792365,0.9967586640797595,5.571819203257334e-34
1167000,0.0,-2.365296966748542e-47,9927.051530792365,0.9967586640797595,5.571342889634119e-34
1167060,0.0,-2.365094673143491e-47,9927.051530792365,0.9967586640797595,5.570866576010905e-34
1167120,0.0,-2.364892379538439e-47,9927.051530792365,0.9967586640797595,5.5703902623876904e-34
1167180,0.0,-2.3646900859333873e-47,9927.051530792365,0.9967586640797595,5.569913948764477e-34
1167240,0.0,-2.3644877923283356e-47,9927.051530792365,0.9967586640797595,5.569437635141262e-34
1167300,0.0,-2.3642854987232843e-47,9927.051530792365,0.9967586640797595,5.568961321518048e-34
1167360,0.0,-2.3640832051182326e-47,9927.051530792365,0.9967586640797595,5.568485007894834e-34
1167420,0.0,-2.363880911513181e-47,9927.051530792365,0.9967586640797595,5.5680086942716205e-34
1167480,0.0,-2.3636786179081295e-47,9927.051530792365,0.9967586640797595,5.567532380648407e-34
1167540,0.0,-2.363476324303078e-47,9927.051530792365,0.9967586640797595,5.567056067025192e-34
1167600,0.0,-2.363274030698026e-47,9927.051530792365,0.9967586640797595,5.566579753401978e-34
1167660,0.0,-2.3630717370929743e-47,9927.051530792365,0.9967586640797595,5.5661034397787636e-34
1167720,0.0,-2.362869443487923e-47,9927.051530792365,0.9967586640797595,5.56562712615555e-34
1167780,0.0,-2.362667149882871e-47,9927.051530792365,0.9967586640797595,5.565150812532335e-34
1167840,0.0,-2.3624648562778195e-47,9927.051530792365,0.9967586640797595,5.564674498909122e-34
1167900,0.0,-2.3622625626727677e-47,9927.051530792365,0.9967586640797595,5.5641981852859075e-34
1167960,0.0,-2.3620602690677165e-47,9927.051530792365,0.9967586640797595,5.563721871662694e-34
1168020,0.0,-2.3618579754626647e-47,9927.051530792365,0.9967586640797595,5.563245558039479e-34
1168080,0.0,-2.361655681857613e-47,9927.051530792365,0.9967586640797595,5.562769244416265e-34
1168140,0.0,-2.361453388252561e-47,9927.051530792365,0.9967586640797595,5.5622929307930505e-34
1168200,0.0,-2.36125109464751e-47,9927.051530792365,0.9967586640797595,5.561816617169837e-34
1168260,0.0,-2.3610488010424577e-47,9927.051530792365,0.9967586640797595,5.561340303546623e-34
1168320,0.0,-2.3608465074374064e-47,9927.051530792365,0.9967586640797595,5.560863989923409e-34
1168380,0.0,-2.3606442138323547e-47,9927.051530792365,0.9967586640797595,5.560387676300194e-34
1168440,0.0,-2.3604419202273034e-47,9927.051530792365,0.9967586640797595,5.559911362676981e-34
1168500,0.0,-2.360239626622251e-47,9927.051530792365,0.9967586640797595,5.559435049053766e-34
1168560,0.0,-2.3600373330172e-47,9927.051530792365,0.9967586640797595,5.558958735430552e-34
1168620,0.0,-2.359835039412148e-47,9927.051530792365,0.9967586640797595,5.5584824218073375e-34
1168680,0.0,-2.3596327458070964e-47,9927.051530792365,0.9967586640797595,5.558006108184124e-34
1168740,0.0,-2.3594304522020446e-47,9927.051530792365,0.9967586640797595,5.55752979456091e-34
1168800,0.0,-2.3592281585969933e-47,9927.051530792365,0.9967586640797595,5.557053480937696e-34
1168860,0.0,-2.3590258649919416e-47,9927.051530792365,0.9967586640797595,5.556577167314481e-34
1168920,0.0,-2.35882357138689e-47,9927.051530792365,0.9967586640797595,5.5561008536912675e-34
1168980,0.0,-2.358621277781838e-47,9927.051530792365,0.9967586640797595,5.555624540068053e-34
1169040,0.0,-2.358418984176787e-47,9927.051530792365,0.9967586640797595,5.555148226444839e-34
1169100,0.0,-2.358216690571735e-47,9927.051530792365,0.9967586640797595,5.554671912821625e-34
1169160,0.0,-2.3580143969666833e-47,9927.051530792365,0.9967586640797595,5.5541955991984114e-34
1169220,0.0,-2.357812103361632e-47,9927.051530792365,0.9967586640797595,5.553719285575198e-34
1169280,0.0,-2.3576098097565803e-47,9927.051530792365,0.9967586640797595,5.553242971951983e-34
1169340,0.0,-2.3574075161515285e-47,9927.051530792365,0.9967586640797595,5.552766658328769e-34
1169400,0.0,-2.3572052225464768e-47,9927.051530792365,0.9967586640797595,5.5522903447055545e-34
1169460,0.0,-2.3570029289414255e-47,9927.051530792365,0.9967586640797595,5.551814031082341e-34
1169520,0.0,-2.3568006353363737e-47,9927.051530792365,0.9967586640797595,5.551337717459126e-34
1169580,0.0,-2.356598341731322e-47,9927.051530792365,0.9967586640797595,5.550861403835913e-34
1169640,0.0,-2.35639604812627e-47,9927.051530792365,0.9967586640797595,5.550385090212698e-34
1169700,0.0,-2.356193754521219e-47,9927.051530792365,0.9967586640797595,5.549908776589485e-34
1169760,0.0,-2.3559914609161667e-47,9927.051530792365,0.9967586640797595,5.54943246296627e-34
1169820,0.0,-2.3557891673111154e-47,9927.051530792365,0.9967586640797595,5.548956149343056e-34
1169880,0.0,-2.3555868737060637e-47,9927.051530792365,0.9967586640797595,5.5484798357198414e-34
1169940,0.0,-2.355384580101012e-47,9927.051530792365,0.9967586640797595,5.548003522096628e-34
1170000,0.0,-2.35518228649596e-47,9927.051530792365,0.9967586640797595,5.547527208473413e-34
1170060,0.0,-2.354979992890909e-47,9927.051530792365,0.9967586640797595,5.5470508948502e-34
1170120,0.0,-2.354777699285857e-47,9927.051530792365,0.9967586640797595,5.546574581226985e-34
1170180,0.0,-2.3545754056808054e-47,9927.051530792365,0.9967586640797595,5.5460982676037715e-34
1170240,0.0,-2.3543731120757536e-47,9927.051530792365,0.9967586640797595,5.545621953980557e-34
1170300,0.0,-2.3541708184707024e-47,9927.051530792365,0.9967586640797595,5.545145640357343e-34
1170360,0.0,-2.3539685248656506e-47,9927.051530792365,0.9967586640797595,5.544669326734128e-34
1170420,0.0,-2.353766231260599e-47,9927.051530792365,0.9967586640797595,5.5441930131109146e-34
1170480,0.0,-2.353563937655547e-47,9927.051530792365,0.9967586640797595,5.5437166994877e-34
1170540,0.0,-2.353361644050496e-47,9927.051530792365,0.9967586640797595,5.543240385864487e-34
1170600,0.0,-2.3531593504454436e-47,9927.051530792365,0.9967586640797595,5.542764072241272e-34
1170660,0.0,-2.3529570568403923e-47,9927.051530792365,0.9967586640797595,5.5422877586180585e-34
1170720,0.0,-2.3527547632353406e-47,9927.051530792365,0.9967586640797595,5.541811444994844e-34
1170780,0.0,-2.3525524696302893e-47,9927.051530792365,0.9967586640797595,5.54133513137163e-34
1170840,0.0,-2.3523501760252375e-47,9927.051530792365,0.9967586640797595,5.540858817748416e-34
1170900,0.0,-2.352147882420186e-47,9927.051530792365,0.9967586640797595,5.5403825041252015e-34
1170960,0.0,-2.3519455888151345e-47,9927.051530792365,0.9967586640797595,5.5399061905019886e-34
1171020,0.0,-2.3517432952100823e-47,9927.051530792365,0.9967586640797595,5.539429876878774e-34
1171080,0.0,-2.351541001605031e-47,9927.051530792365,0.9967586640797595,5.53895356325556e-34
1171140,0.0,-2.351338707999979e-47,9927.051530792365,0.9967586640797595,5.538477249632345e-34
1171200,0.0,-2.3511364143949275e-47,9927.051530792365,0.9967586640797595,5.538000936009132e-34
1171260,0.0,-2.3509341207898757e-47,9927.051530792365,0.9967586640797595,5.537524622385917e-34
1171320,0.0,-2.3507318271848245e-47,9927.051530792365,0.9967586640797595,5.537048308762703e-34
1171380,0.0,-2.3505295335797727e-47,9927.051530792365,0.9967586640797595,5.5365719951394885e-34
1171440,0.0,-2.350327239974721e-47,9927.051530792365,0.9967586640797595,5.5360956815162755e-34
1171500,0.0,-2.350124946369669e-47,9927.051530792365,0.9967586640797595,5.535619367893061e-34
1171560,0.0,-2.349922652764618e-47,9927.051530792365,0.9967586640797595,5.535143054269847e-34
1171620,0.0,-2.349720359159566e-47,9927.051530792365,0.9967586640797595,5.534666740646632e-34
1171680,0.0,-2.3495180655545144e-47,9927.051530792365,0.9967586640797595,5.5341904270234185e-34
1171740,0.0,-2.3493157719494627e-47,9927.051530792365,0.9967586640797595,5.533714113400204e-34
1171800,0.0,-2.3491134783444114e-47,9927.051530792365,0.9967586640797595,5.53323779977699e-34
1171860,0.0,-2.3489111847393596e-47,9927.051530792365,0.9967586640797595,5.532761486153776e-34
1171920,0.0,-2.348708891134308e-47,9927.051530792365,0.9967586640797595,5.5322851725305624e-34
1171980,0.0,-2.348506597529256e-47,9927.051530792365,0.9967586640797595,5.531808858907348e-34
1172040,0.0,-2.348304303924205e-47,9927.051530792365,0.9967586640797595,5.531332545284134e-34
1172100,0.0,-2.3481020103191526e-47,9927.051530792365,0.9967586640797595,5.530856231660919e-34
1172160,0.0,-2.3478997167141013e-47,9927.051530792365,0.9967586640797595,5.5303799180377055e-34
1172220,0.0,-2.3476974231090496e-47,9927.051530792365,0.9967586640797595,5.529903604414491e-34
1172280,0.0,-2.347495129503998e-47,9927.051530792365,0.9967586640797595,5.529427290791278e-34
1172340,0.0,-2.347292835898946e-47,9927.051530792365,0.9967586640797595,5.528950977168063e-34
1172400,0.0,-2.347090542293895e-47,9927.051530792365,0.9967586640797595,5.528474663544849e-34
1172460,0.0,-2.3468882486888435e-47,9927.051530792365,0.9967586640797595,5.527998349921636e-34
1172520,0.0,-2.3466859550837913e-47,9927.051530792365,0.9967586640797595,5.527522036298421e-34
1172580,0.0,-2.34648366147874e-47,9927.051530792365,0.9967586640797595,5.527045722675207e-34
1172640,0.0,-2.3462813678736883e-47,9927.051530792365,0.9967586640797595,5.5265694090519924e-34
1172700,0.0,-2.3460790742686365e-47,9927.051530792365,0.9967586640797595,5.526093095428779e-34
1172760,0.0,-2.345876780663585e-47,9927.051530792365,0.9967586640797595,5.525616781805565e-34
1172820,0.0,-2.3456744870585335e-47,9927.051530792365,0.9967586640797595,5.525140468182351e-34
1172880,0.0,-2.3454721934534817e-47,9927.051530792365,0.9967586640797595,5.524664154559136e-34
1172940,0.0,-2.34526989984843e-47,9927.051530792365,0.9967586640797595,5.5241878409359225e-34
1173000,0.0,-2.345067606243378e-47,9927.051530792365,0.9967586640797595,5.523711527312708e-34
1173060,0.0,-2.344865312638327e-47,9927.051530792365,0.9967586640797595,5.523235213689494e-34
1173120,0.0,-2.344663019033275e-47,9927.051530792365,0.9967586640797595,5.522758900066279e-34
1173180,0.0,-2.3444607254282234e-47,9927.051530792365,0.9967586640797595,5.522282586443066e-34
1173240,0.0,-2.3442584318231717e-47,9927.051530792365,0.9967586640797595,5.521806272819852e-34
1173300,0.0,-2.3440561382181204e-47,9927.051530792365,0.9967586640797595,5.521329959196638e-34
1173360,0.0,-2.343853844613068e-47,9927.051530792365,0.9967586640797595,5.520853645573423e-34
1173420,0.0,-2.343651551008017e-47,9927.051530792365,0.9967586640797595,5.5203773319502095e-34
1173480,0.0,-2.343449257402965e-47,9927.051530792365,0.9967586640797595,5.519901018326995e-34
1173540,0.0,-2.3432469637979134e-47,9927.051530792365,0.9967586640797595,5.519424704703781e-34
1173600,0.0,-2.3430446701928616e-47,9927.051530792365,0.9967586640797595,5.518948391080566e-34
1173660,0.0,-2.3428423765878104e-47,9927.051530792365,0.9967586640797595,5.518472077457353e-34
1173720,0.0,-2.3426400829827586e-47,9927.051530792365,0.9967586640797595,5.517995763834139e-34
1173780,0.0,-2.342437789377707e-47,9927.051530792365,0.9967586640797595,5.517519450210925e-34
1173840,0.0,-2.342235495772655e-47,9927.051530792365,0.9967586640797595,5.51704313658771e-34
1173900,0.0,-2.342033202167604e-47,9927.051530792365,0.9967586640797595,5.516566822964496e-34
1173960,0.0,-2.341830908562552e-47,9927.051530792365,0.9967586640797595,5.516090509341282e-34
1174020,0.0,-2.3416286149575003e-47,9927.051530792365,0.9967586640797595,5.515614195718068e-34
1174080,0.0,-2.3414263213524486e-47,9927.051530792365,0.9967586640797595,5.515137882094853e-34
1174140,0.0,-2.3412240277473973e-47,9927.051530792365,0.9967586640797595,5.51466156847164e-34
1174200,0.0,-2.3410217341423455e-47,9927.051530792365,0.9967586640797595,5.5141852548484265e-34
1174260,0.0,-2.340819440537294e-47,9927.051530792365,0.9967586640797595,5.513708941225212e-34
1174320,0.0,-2.3406171469322425e-47,9927.051530792365,0.9967586640797595,5.513232627601998e-34
1174380,0.0,-2.340414853327191e-47,9927.051530792365,0.9967586640797595,5.512756313978783e-34
1174440,0.0,-2.340212559722139e-47,9927.051530792365,0.9967586640797595,5.5122800003555695e-34
1174500,0.0,-2.3400102661170872e-47,9927.051530792365,0.9967586640797595,5.511803686732355e-34
1174560,0.0,-2.339807972512036e-47,9927.051530792365,0.9967586640797595,5.511327373109142e-34
1174620,0.0,-2.3396056789069837e-47,9927.051530792365,0.9967586640797595,5.510851059485927e-34
1174680,0.0,-2.3394033853019325e-47,9927.051530792365,0.9967586640797595,5.5103747458627134e-34
1174740,0.0,-2.3392010916968807e-47,9927.051530792365,0.9967586640797595,5.509898432239499e-34
1174800,0.0,-2.3389987980918294e-47,9927.051530792365,0.9967586640797595,5.509422118616285e-34
1174860,0.0,-2.338796504486777e-47,9927.051530792365,0.9967586640797595,5.50894580499307e-34
1174920,0.0,-2.338594210881726e-47,9927.051530792365,0.9967586640797595,5.5084694913698565e-34
1174980,0.0,-2.338391917276674e-47,9927.051530792365,0.9967586640797595,5.507993177746643e-34
1175040,0.0,-2.3381896236716224e-47,9927.051530792365,0.9967586640797595,5.507516864123429e-34
1175100,0.0,-2.3379873300665707e-47,9927.051530792365,0.9967586640797595,5.507040550500214e-34
1175160,0.0,-2.3377850364615194e-47,9927.051530792365,0.9967586640797595,5.506564236877e-34
1175220,0.0,-2.3375827428564676e-47,9927.051530792365,0.9967586640797595,5.506087923253786e-34
1175280,0.0,-2.337380449251416e-47,9927.051530792365,0.9967586640797595,5.505611609630572e-34
1175340,0.0,-2.337178155646364e-47,9927.051530792365,0.9967586640797595,5.505135296007357e-34
1175400,0.0,-2.336975862041313e-47,9927.051530792365,0.9967586640797595,5.504658982384143e-34
1175460,0.0,-2.336773568436261e-47,9927.051530792365,0.9967586640797595,5.50418266876093e-34
1175520,0.0,-2.3365712748312093e-47,9927.051530792365,0.9967586640797595,5.503706355137716e-34
1175580,0.0,-2.3363689812261576e-47,9927.051530792365,0.9967586640797595,5.503230041514501e-34
1175640,0.0,-2.3361666876211063e-47,9927.051530792365,0.9967586640797595,5.502753727891287e-34
1175700,0.0,-2.335964394016054e-47,9927.051530792365,0.9967586640797595,5.502277414268073e-34
1175760,0.0,-2.335762100411003e-47,9927.051530792365,0.9967586640797595,5.501801100644859e-34
1175820,0.0,-2.3355598068059515e-47,9927.051530792365,0.9967586640797595,5.501324787021645e-34
1175880,0.0,-2.3353575132008993e-47,9927.051530792365,0.9967586640797595,5.500848473398431e-34
1175940,0.0,-2.335155219595848e-47,9927.051530792365,0.9967586640797595,5.500372159775217e-34
1176000,0.0,-2.3349529259907963e-47,9927.051530792365,0.9967586640797595,5.499895846152003e-34
1176060,0.0,-2.334750632385745e-47,9927.051530792365,0.9967586640797595,5.499419532528789e-34
1176120,0.0,-2.334548338780693e-47,9927.051530792365,0.9967586640797595,5.498943218905574e-34
1176180,0.0,-2.3343460451756415e-47,9927.051530792365,0.9967586640797595,5.4984669052823605e-34
1176240,0.0,-2.3341437515705897e-47,9927.051530792365,0.9967586640797595,5.497990591659146e-34
1176300,0.0,-2.333941457965538e-47,9927.051530792365,0.9967586640797595,5.497514278035932e-34
1176360,0.0,-2.333739164360486e-47,9927.051530792365,0.9967586640797595,5.497037964412718e-34
1176420,0.0,-2.333536870755435e-47,9927.051530792365,0.9967586640797595,5.496561650789504e-34
1176480,0.0,-2.333334577150383e-47,9927.051530792365,0.9967586640797595,5.49608533716629e-34
1176540,0.0,-2.3331322835453314e-47,9927.051530792365,0.9967586640797595,5.495609023543076e-34
1176600,0.0,-2.3329299899402797e-47,9927.051530792365,0.9967586640797595,5.495132709919861e-34
1176660,0.0,-2.3327276963352284e-47,9927.051530792365,0.9967586640797595,5.494656396296647e-34
1176720,0.0,-2.3325254027301767e-47,9927.051530792365,0.9967586640797595,5.494180082673433e-34
1176780,0.0,-2.332323109125125e-47,9927.051530792365,0.9967586640797595,5.49370376905022e-34
1176840,0.0,-2.332120815520073e-47,9927.051530792365,0.9967586640797595,5.493227455427005e-34
1176900,0.0,-2.331918521915022e-47,9927.051530792365,0.9967586640797595,5.492751141803791e-34
1176960,0.0,-2.3317162283099696e-47,9927.051530792365,0.9967586640797595,5.492274828180577e-34
1177020,0.0,-2.3315139347049184e-47,9927.051530792365,0.9967586640797595,5.491798514557363e-34
1177080,0.0,-2.3313116410998666e-47,9927.051530792365,0.9967586640797595,5.491322200934148e-34
1177140,0.0,-2.3311093474948154e-47,9927.051530792365,0.9967586640797595,5.490845887310934e-34
1177200,0.0,-2.330907053889763e-47,9927.051530792365,0.9967586640797595,5.49036957368772e-34
1177260,0.0,-2.330704760284712e-47,9927.051530792365,0.9967586640797595,5.489893260064507e-34
1177320,0.0,-2.33050246667966e-47,9927.051530792365,0.9967586640797595,5.489416946441292e-34
1177380,0.0,-2.3303001730746083e-47,9927.051530792365,0.9967586640797595,5.488940632818078e-34
1177440,0.0,-2.330097879469557e-47,9927.051530792365,0.9967586640797595,5.4884643191948644e-34
1177500,0.0,-2.3298955858645053e-47,9927.051530792365,0.9967586640797595,5.48798800557165e-34
1177560,0.0,-2.3296932922594535e-47,9927.051530792365,0.9967586640797595,5.487511691948436e-34
1177620,0.0,-2.329490998654402e-47,9927.051530792365,0.9967586640797595,5.487035378325221e-34
1177680,0.0,-2.3292887050493505e-47,9927.051530792365,0.9967586640797595,5.486559064702008e-34
1177740,0.0,-2.329086411444299e-47,9927.051530792365,0.9967586640797595,5.486082751078794e-34
1177800,0.0,-2.328884117839247e-47,9927.051530792365,0.9967586640797595,5.48560643745558e-34
1177860,0.0,-2.3286818242341953e-47,9927.051530792365,0.9967586640797595,5.485130123832365e-34
1177920,0.0,-2.328479530629144e-47,9927.051530792365,0.9967586640797595,5.484653810209151e-34
1177980,0.0,-2.328277237024092e-47,9927.051530792365,0.9967586640797595,5.484177496585937e-34
1178040,0.0,-2.3280749434190405e-47,9927.051530792365,0.9967586640797595,5.483701182962723e-34
1178100,0.0,-2.3278726498139887e-47,9927.051530792365,0.9967586640797595,5.483224869339508e-34
1178160,0.0,-2.3276703562089374e-47,9927.051530792365,0.9967586640797595,5.482748555716295e-34
1178220,0.0,-2.3274680626038857e-47,9927.051530792365,0.9967586640797595,5.482272242093081e-34
1178280,0.0,-2.327265768998834e-47,9927.051530792365,0.9967586640797595,5.481795928469867e-34
1178340,0.0,-2.327063475393782e-47,9927.051530792365,0.9967586640797595,5.481319614846652e-34
1178400,0.0,-2.326861181788731e-47,9927.051530792365,0.9967586640797595,5.480843301223438e-34
1178460,0.0,-2.3266588881836787e-47,9927.051530792365,0.9967586640797595,5.480366987600224e-34
1178520,0.0,-2.3264565945786274e-47,9927.051530792365,0.9967586640797595,5.47989067397701e-34
1178580,0.0,-2.3262543009735756e-47,9927.051530792365,0.9967586640797595,5.479414360353796e-34
1178640,0.0,-2.326052007368524e-47,9927.051530792365,0.9967586640797595,5.478938046730582e-34
1178700,0.0,-2.325849713763472e-47,9927.051530792365,0.9967586640797595,5.4784617331073676e-34
1178760,0.0,-2.325647420158421e-47,9927.051530792365,0.9967586640797595,5.477985419484154e-34
1178820,0.0,-2.325445126553369e-47,9927.051530792365,0.9967586640797595,5.477509105860939e-34
1178880,0.0,-2.3252428329483174e-47,9927.051530792365,0.9967586640797595,5.477032792237725e-34
1178940,0.0,-2.3250405393432656e-47,9927.051530792365,0.9967586640797595,5.476556478614511e-34
1179000,0.0,-2.3248382457382143e-47,9927.051530792365,0.9967586640797595,5.476080164991297e-34
1179060,0.0,-2.3246359521331626e-47,9927.051530792365,0.9967586640797595,5.475603851368083e-34
1179120,0.0,-2.324433658528111e-47,9927.051530792365,0.9967586640797595,5.475127537744869e-34
1179180,0.0,-2.3242313649230595e-47,9927.051530792365,0.9967586640797595,5.474651224121655e-34
1179240,0.0,-2.324029071318008e-47,9927.051530792365,0.9967586640797595,5.474174910498441e-34
1179300,0.0,-2.323826777712956e-47,9927.051530792365,0.9967586640797595,5.473698596875227e-34
1179360,0.0,-2.3236244841079043e-47,9927.051530792365,0.9967586640797595,5.473222283252012e-34
1179420,0.0,-2.323422190502853e-47,9927.051530792365,0.9967586640797595,5.472745969628798e-34
1179480,0.0,-2.3232198968978013e-47,9927.051530792365,0.9967586640797595,5.472269656005585e-34
1179540,0.0,-2.3230176032927495e-47,9927.051530792365,0.9967586640797595,5.471793342382371e-34
1179600,0.0,-2.3228153096876977e-47,9927.051530792365,0.9967586640797595,5.471317028759156e-34
1179660,0.0,-2.3226130160826465e-47,9927.051530792365,0.9967586640797595,5.470840715135942e-34
1179720,0.0,-2.322410722477594e-47,9927.051530792365,0.9967586640797595,5.470364401512728e-34
1179780,0.0,-2.322208428872543e-47,9927.051530792365,0.9967586640797595,5.469888087889514e-34
1179840,0.0,-2.322006135267491e-47,9927.051530792365,0.9967586640797595,5.469411774266299e-34
1179900,0.0,-2.3218038416624395e-47,9927.051530792365,0.9967586640797595,5.468935460643085e-34
1179960,0.0,-2.3216015480573877e-47,9927.051530792365,0.9967586640797595,5.4684591470198715e-34
1180020,0.0,-2.3213992544523364e-47,9927.051530792365,0.9967586640797595,5.467982833396658e-34
1180080,0.0,-2.3211969608472847e-47,9927.051530792365,0.9967586640797595,5.467506519773443e-34
1180140,0.0,-2.320994667242233e-47,9927.051530792365,0.9967586640797595,5.467030206150229e-34
1180200,0.0,-2.320792373637181e-47,9927.051530792365,0.9967586640797595,5.466553892527015e-34
1180260,0.0,-2.32059008003213e-47,9927.051530792365,0.9967586640797595,5.466077578903801e-34
1180320,0.0,-2.320387786427078e-47,9927.051530792365,0.9967586640797595,5.465601265280586e-34
1180380,0.0,-2.3201854928220264e-47,9927.051530792365,0.9967586640797595,5.465124951657373e-34
1180440,0.0,-2.3199831992169746e-47,9927.051530792365,0.9967586640797595,5.4646486380341585e-34
1180500,0.0,-2.3197809056119234e-47,9927.051530792365,0.9967586640797595,5.464172324410945e-34
1180560,0.0,-2.3195786120068716e-47,9927.051530792365,0.9967586640797595,5.46369601078773e-34
1180620,0.0,-2.31937631840182e-47,9927.051530792365,0.9967586640797595,5.463219697164516e-34
1180680,0.0,-2.319174024796768e-47,9927.051530792365,0.9967586640797595,5.4627433835413015e-34
1180740,0.0,-2.318971731191717e-47,9927.051530792365,0.9967586640797595,5.462267069918088e-34
1180800,0.0,-2.318769437586665e-47,9927.051530792365,0.9967586640797595,5.461790756294874e-34
1180860,0.0,-2.3185671439816133e-47,9927.051530792365,0.9967586640797595,5.46131444267166e-34
1180920,0.0,-2.318364850376562e-47,9927.051530792365,0.9967586640797595,5.460838129048446e-34
1180980,0.0,-2.31816255677151e-47,9927.051530792365,0.9967586640797595,5.460361815425232e-34
1181040,0.0,-2.3179602631664585e-47,9927.051530792365,0.9967586640797595,5.459885501802018e-34
1181100,0.0,-2.317757969561407e-47,9927.051530792365,0.9967586640797595,5.459409188178803e-34
1181160,0.0,-2.3175556759563555e-47,9927.051530792365,0.9967586640797595,5.458932874555589e-34
1181220,0.0,-2.3173533823513033e-47,9927.051530792365,0.9967586640797595,5.458456560932375e-34
1181280,0.0,-2.317151088746252e-47,9927.051530792365,0.9967586640797595,5.457980247309162e-34
1181340,0.0,-2.3169487951412e-47,9927.051530792365,0.9967586640797595,5.457503933685947e-34
1181400,0.0,-2.3167465015361485e-47,9927.051530792365,0.9967586640797595,5.457027620062733e-34
1181460,0.0,-2.3165442079310967e-47,9927.051530792365,0.9967586640797595,5.4565513064395185e-34
1181520,0.0,-2.3163419143260455e-47,9927.051530792365,0.9967586640797595,5.456074992816305e-34
1181580,0.0,-2.3161396207209937e-47,9927.051530792365,0.9967586640797595,5.45559867919309e-34
1181640,0.0,-2.315937327115942e-47,9927.051530792365,0.9967586640797595,5.455122365569876e-34
1181700,0.0,-2.31573503351089e-47,9927.051530792365,0.9967586640797595,5.454646051946662e-34
1181760,0.0,-2.315532739905839e-47,9927.051530792365,0.9967586640797595,5.454169738323449e-34
1181820,0.0,-2.315330446300787e-47,9927.051530792365,0.9967586640797595,5.453693424700234e-34
1181880,0.0,-2.3151281526957354e-47,9927.051530792365,0.9967586640797595,5.45321711107702e-34
1181940,0.0,-2.3149258590906837e-47,9927.051530792365,0.9967586640797595,5.4527407974538055e-34
1182000,0.0,-2.3147235654856324e-47,9927.051530792365,0.9967586640797595,5.452264483830592e-34
1182060,0.0,-2.31452127188058e-47,9927.051530792365,0.9967586640797595,5.451788170207377e-34
1182120,0.0,-2.314318978275529e-47,9927.051530792365,0.9967586640797595,5.451311856584163e-34
1182180,0.0,-2.314116684670477e-47,9927.051530792365,0.9967586640797595,5.450835542960949e-34
1182240,0.0,-2.3139143910654254e-47,9927.051530792365,0.9967586640797595,5.450359229337736e-34
1182300,0.0,-2.3137120974603736e-47,9927.051530792365,0.9967586640797595,5.449882915714521e-34
1182360,0.0,-2.3135098038553223e-47,9927.051530792365,0.9967586640797595,5.449406602091307e-34
1182420,0.0,-2.3133075102502706e-47,9927.051530792365,0.9967586640797595,5.4489302884680924e-34
1182480,0.0,-2.313105216645219e-47,9927.051530792365,0.9967586640797595,5.448453974844879e-34
1182540,0.0,-2.3129029230401676e-47,9927.051530792365,0.9967586640797595,5.447977661221665e-34
1182600,0.0,-2.312700629435116e-47,9927.051530792365,0.9967586640797595,5.44750134759845e-34
1182660,0.0,-2.312498335830064e-47,9927.051530792365,0.9967586640797595,5.447025033975237e-34
1182720,0.0,-2.3122960422250123e-47,9927.051530792365,0.9967586640797595,5.4465487203520225e-34
1182780,0.0,-2.312093748619961e-47,9927.051530792365,0.9967586640797595,5.446072406728809e-34
1182840,0.0,-2.3118914550149093e-47,9927.051530792365,0.9967586640797595,5.445596093105594e-34
1182900,0.0,-2.3116891614098575e-47,9927.051530792365,0.9967586640797595,5.44511977948238e-34
1182960,0.0,-2.3114868678048058e-47,9927.051530792365,0.9967586640797595,5.4446434658591656e-34
1183020,0.0,-2.3112845741997545e-47,9927.051530792365,0.9967586640797595,5.444167152235952e-34
1183080,0.0,-2.3110822805947027e-47,9927.051530792365,0.9967586640797595,5.443690838612738e-34
1183140,0.0,-2.310879986989651e-47,9927.051530792365,0.9967586640797595,5.443214524989524e-34
1183200,0.0,-2.310677693384599e-47,9927.051530792365,0.9967586640797595,5.4427382113663095e-34
1183260,0.0,-2.310475399779548e-47,9927.051530792365,0.9967586640797595,5.442261897743096e-34
1183320,0.0,-2.3102731061744957e-47,9927.051530792365,0.9967586640797595,5.441785584119881e-34
1183380,0.0,-2.3100708125694444e-47,9927.051530792365,0.9967586640797595,5.441309270496667e-34
1183440,0.0,-2.3098685189643927e-47,9927.051530792365,0.9967586640797595,5.4408329568734525e-34
1183500,0.0,-2.3096662253593414e-47,9927.051530792365,0.9967586640797595,5.440356643250239e-34
1183560,0.0,-2.309463931754289e-47,9927.051530792365,0.9967586640797595,5.439880329627025e-34
1183620,0.0,-2.309261638149238e-47,9927.051530792365,0.9967586640797595,5.439404016003811e-34
1183680,0.0,-2.309059344544186e-47,9927.051530792365,0.9967586640797595,5.438927702380596e-34
1183740,0.0,-2.3088570509391344e-47,9927.051530792365,0.9967586640797595,5.438451388757383e-34
1183800,0.0,-2.3086547573340826e-47,9927.051530792365,0.9967586640797595,5.437975075134168e-34
1183860,0.0,-2.3084524637290314e-47,9927.051530792365,0.9967586640797595,5.437498761510954e-34
1183920,0.0,-2.3082501701239796e-47,9927.051530792365,0.9967586640797595,5.4370224478877395e-34
1183980,0.0,-2.308047876518928e-47,9927.051530792365,0.9967586640797595,5.4365461342645265e-34
1184040,0.0,-2.307845582913876e-47,9927.051530792365,0.9967586640797595,5.436069820641312e-34
1184100,0.0,-2.307643289308825e-47,9927.051530792365,0.9967586640797595,5.435593507018098e-34
1184160,0.0,-2.307440995703773e-47,9927.051530792365,0.9967586640797595,5.435117193394884e-34
1184220,0.0,-2.3072387020987213e-47,9927.051530792365,0.9967586640797595,5.4346408797716695e-34
1184280,0.0,-2.30703640849367e-47,9927.051530792365,0.9967586640797595,5.434164566148456e-34
1184340,0.0,-2.3068341148886183e-47,9927.051530792365,0.9967586640797595,5.433688252525241e-34
1184400,0.0,-2.3066318212835665e-47,9927.051530792365,0.9967586640797595,5.433211938902028e-34
1184460,0.0,-2.306429527678515e-47,9927.051530792365,0.9967586640797595,5.4327356252788134e-34
1184520,0.0,-2.3062272340734635e-47,9927.051530792365,0.9967586640797595,5.4322593116556e-34
1184580,0.0,-2.3060249404684113e-47,9927.051530792365,0.9967586640797595,5.431782998032385e-34
1184640,0.0,-2.30582264686336e-47,9927.051530792365,0.9967586640797595,5.431306684409171e-34
1184700,0.0,-2.305620353258308e-47,9927.051530792365,0.9967586640797595,5.4308303707859565e-34
1184760,0.0,-2.305418059653257e-47,9927.051530792365,0.9967586640797595,5.430354057162743e-34
1184820,0.0,-2.3052157660482047e-47,9927.051530792365,0.9967586640797595,5.429877743539528e-34
1184880,0.0,-2.3050134724431535e-47,9927.051530792365,0.9967586640797595,5.429401429916315e-34
1184940,0.0,-2.3048111788381017e-47,9927.051530792365,0.9967586640797595,5.4289251162931e-34
1185000,0.0,-2.30460888523305e-47,9927.051530792365,0.9967586640797595,5.428448802669887e-34
1185060,0.0,-2.304406591627998e-47,9927.051530792365,0.9967586640797595,5.427972489046672e-34
1185120,0.0,-2.304204298022947e-47,9927.051530792365,0.9967586640797595,5.427496175423458e-34
1185180,0.0,-2.304002004417895e-47,9927.051530792365,0.9967586640797595,5.4270198618002434e-34
1185240,0.0,-2.3037997108128434e-47,9927.051530792365,0.9967586640797595,5.42654354817703e-34
1185300,0.0,-2.3035974172077917e-47,9927.051530792365,0.9967586640797595,5.426067234553815e-34
1185360,0.0,-2.3033951236027404e-47,9927.051530792365,0.9967586640797595,5.425590920930602e-34
1185420,0.0,-2.3031928299976886e-47,9927.051530792365,0.9967586640797595,5.425114607307387e-34
1185480,0.0,-2.302990536392637e-47,9927.051530792365,0.9967586640797595,5.4246382936841735e-34
1185540,0.0,-2.302788242787585e-47,9927.051530792365,0.9967586640797595,5.424161980060959e-34
1185600,0.0,-2.302585949182534e-47,9927.051530792365,0.9967586640797595,5.423685666437745e-34
1185660,0.0,-2.3023836555774816e-47,9927.051530792365,0.9967586640797595,5.42320935281453e-34
1185720,0.0,-2.3021813619724303e-47,9927.051530792365,0.9967586640797595,5.4227330391913166e-34
1185780,0.0,-2.3019790683673786e-47,9927.051530792365,0.9967586640797595,5.422256725568103e-34
1185840,0.0,-2.3017767747623273e-47,9927.051530792365,0.9967586640797595,5.421780411944889e-34
1185900,0.0,-2.3015744811572756e-47,9927.051530792365,0.9967586640797595,5.421304098321675e-34
1185960,0.0,-2.301372187552224e-47,9927.051530792365,0.9967586640797595,5.4208277846984605e-34
1186020,0.0,-2.3011698939471725e-47,9927.051530792365,0.9967586640797595,5.420351471075247e-34
1186080,0.0,-2.3009676003421203e-47,9927.051530792365,0.9967586640797595,5.419875157452032e-34
1186140,0.0,-2.300765306737069e-47,9927.051530792365,0.9967586640797595,5.419398843828818e-34
1186200,0.0,-2.3005630131320173e-47,9927.051530792365,0.9967586640797595,5.4189225302056035e-34
1186260,0.0,-2.3003607195269655e-47,9927.051530792365,0.9967586640797595,5.4184462165823906e-34
1186320,0.0,-2.300158425921914e-47,9927.051530792365,0.9967586640797595,5.417969902959176e-34
1186380,0.0,-2.2999561323168625e-47,9927.051530792365,0.9967586640797595,5.417493589335962e-34
1186440,0.0,-2.2997538387118107e-47,9927.051530792365,0.9967586640797595,5.417017275712747e-34
1186500,0.0,-2.299551545106759e-47,9927.051530792365,0.9967586640797595,5.416540962089534e-34
1186560,0.0,-2.299349251501707e-47,9927.051530792365,0.9967586640797595,5.416064648466319e-34
1186620,0.0,-2.299146957896656e-47,9927.051530792365,0.9967586640797595,5.415588334843105e-34
1186680,0.0,-2.298944664291604e-47,9927.051530792365,0.9967586640797595,5.415112021219891e-34
1186740,0.0,-2.2987423706865524e-47,9927.051530792365,0.9967586640797595,5.4146357075966775e-34
1186800,0.0,-2.2985400770815007e-47,9927.051530792365,0.9967586640797595,5.414159393973463e-34
1186860,0.0,-2.2983377834764494e-47,9927.051530792365,0.9967586640797595,5.413683080350249e-34
1186920,0.0,-2.298135489871397e-47,9927.051530792365,0.9967586640797595,5.413206766727034e-34
1186980,0.0,-2.297933196266346e-47,9927.051530792365,0.9967586640797595,5.4127304531038205e-34
1187040,0.0,-2.297730902661294e-47,9927.051530792365,0.9967586640797595,5.412254139480606e-34
1187100,0.0,-2.297528609056243e-47,9927.051530792365,0.9967586640797595,5.411777825857393e-34
1187160,0.0,-2.2973263154511906e-47,9927.051530792365,0.9967586640797595,5.411301512234178e-34
1187220,0.0,-2.2971240218461394e-47,9927.051530792365,0.9967586640797595,5.4108251986109644e-34
1187280,0.0,-2.2969217282410876e-47,9927.051530792365,0.9967586640797595,5.41034888498775e-34
1187340,0.0,-2.296719434636036e-47,9927.051530792365,0.9967586640797595,5.409872571364536e-34
1187400,0.0,-2.296517141030984e-47,9927.051530792365,0.9967586640797595,5.409396257741321e-34
1187460,0.0,-2.296314847425933e-47,9927.051530792365,0.9967586640797595,5.4089199441181075e-34
1187520,0.0,-2.296112553820881e-47,9927.051530792365,0.9967586640797595,5.408443630494894e-34
1187580,0.0,-2.2959102602158293e-47,9927.051530792365,0.9967586640797595,5.40796731687168e-34
1187640,0.0,-2.295707966610778e-47,9927.051530792365,0.9967586640797595,5.407491003248466e-34
1187700,0.0,-2.2955056730057263e-47,9927.051530792365,0.9967586640797595,5.407014689625251e-34
1187760,0.0,-2.2953033794006745e-47,9927.051530792365,0.9967586640797595,5.4065383760020376e-34
1187820,0.0,-2.295101085795623e-47,9927.051530792365,0.9967586640797595,5.406062062378823e-34
1187880,0.0,-2.2948987921905715e-47,9927.051530792365,0.9967586640797595,5.405585748755609e-34
1187940,0.0,-2.29469649858552e-47,9927.051530792365,0.9967586640797595,5.405109435132394e-34
1188000,0.0,-2.294494204980468e-47,9927.051530792365,0.9967586640797595,5.4046331215091815e-34
1188060,0.0,-2.2942919113754162e-47,9927.051530792365,0.9967586640797595,5.404156807885967e-34
1188120,0.0,-2.294089617770365e-47,9927.051530792365,0.9967586640797595,5.403680494262753e-34
1188180,0.0,-2.293887324165313e-47,9927.051530792365,0.9967586640797595,5.403204180639538e-34
1188240,0.0,-2.2936850305602615e-47,9927.051530792365,0.9967586640797595,5.4027278670163245e-34
1188300,0.0,-2.2934827369552097e-47,9927.051530792365,0.9967586640797595,5.40225155339311e-34
1188360,0.0,-2.2932804433501584e-47,9927.051530792365,0.9967586640797595,5.401775239769896e-34
1188420,0.0,-2.293078149745106e-47,9927.051530792365,0.9967586640797595,5.401298926146681e-34
1188480,0.0,-2.292875856140055e-47,9927.051530792365,0.9967586640797595,5.400822612523468e-34
1188540,0.0,-2.292673562535003e-47,9927.051530792365,0.9967586640797595,5.400346298900254e-34
1188600,0.0,-2.2924712689299514e-47,9927.051530792365,0.9967586640797595,5.39986998527704e-34
1188660,0.0,-2.2922689753248997e-47,9927.051530792365,0.9967586640797595,5.399393671653825e-34
1188720,0.0,-2.2920666817198484e-47,9927.051530792365,0.9967586640797595,5.3989173580306115e-34
1188780,0.0,-2.2918643881147966e-47,9927.051530792365,0.9967586640797595,5.398441044407397e-34
1188840,0.0,-2.291662094509745e-47,9927.051530792365,0.9967586640797595,5.397964730784183e-34
1188900,0.0,-2.291459800904693e-47,9927.051530792365,0.9967586640797595,5.397488417160968e-34
1188960,0.0,-2.291257507299642e-47,9927.051530792365,0.9967586640797595,5.397012103537755e-34
1189020,0.0,-2.29105521369459e-47,9927.051530792365,0.9967586640797595,5.396535789914541e-34
1189080,0.0,-2.2908529200895383e-47,9927.051530792365,0.9967586640797595,5.396059476291327e-34
1189140,0.0,-2.290650626484487e-47,9927.051530792365,0.9967586640797595,5.395583162668113e-34
1189200,0.0,-2.2904483328794353e-47,9927.051530792365,0.9967586640797595,5.395106849044898e-34
1189260,0.0,-2.2902460392743836e-47,9927.051530792365,0.9967586640797595,5.394630535421685e-34
1189320,0.0,-2.290043745669332e-47,9927.051530792365,0.9967586640797595,5.39415422179847e-34
1189380,0.0,-2.2898414520642805e-47,9927.051530792365,0.9967586640797595,5.393677908175257e-34
1189440,0.0,-2.289639158459229e-47,9927.051530792365,0.9967586640797595,5.393201594552042e-34
1189500,0.0,-2.289436864854177e-47,9927.051530792365,0.9967586640797595,5.3927252809288285e-34
1189560,0.0,-2.2892345712491253e-47,9927.051530792365,0.9967586640797595,5.392248967305614e-34
1189620,0.0,-2.289032277644074e-47,9927.051530792365,0.9967586640797595,5.3917726536824e-34
1189680,0.0,-2.288829984039022e-47,9927.051530792365,0.9967586640797595,5.391296340059185e-34
1189740,0.0,-2.2886276904339705e-47,9927.051530792365,0.9967586640797595,5.3908200264359715e-34
1189800,0.0,-2.2884253968289187e-47,9927.051530792365,0.9967586640797595,5.390343712812758e-34
1189860,0.0,-2.2882231032238675e-47,9927.051530792365,0.9967586640797595,5.389867399189544e-34
1189920,0.0,-2.288020809618815e-47,9927.051530792365,0.9967586640797595,5.389391085566329e-34
1189980,0.0,-2.287818516013764e-47,9927.051530792365,0.9967586640797595,5.3889147719431154e-34
1190040,0.0,-2.287616222408712e-47,9927.051530792365,0.9967586640797595,5.388438458319901e-34
1190100,0.0,-2.2874139288036604e-47,9927.051530792365,0.9967586640797595,5.387962144696687e-34
1190160,0.0,-2.2872116351986087e-47,9927.051530792365,0.9967586640797595,5.387485831073472e-34
1190220,0.0,-2.2870093415935574e-47,9927.051530792365,0.9967586640797595,5.3870095174502585e-34
1190280,0.0,-2.2868070479885057e-47,9927.051530792365,0.9967586640797595,5.386533203827045e-34
1190340,0.0,-2.286604754383454e-47,9927.051530792365,0.9967586640797595,5.386056890203831e-34
1190400,0.0,-2.286402460778402e-47,9927.051530792365,0.9967586640797595,5.385580576580616e-34
1190460,0.0,-2.286200167173351e-47,9927.051530792365,0.9967586640797595,5.385104262957402e-34
1190520,0.0,-2.285997873568299e-47,9927.051530792365,0.9967586640797595,5.384627949334188e-34
1190580,0.0,-2.2857955799632474e-47,9927.051530792365,0.9967586640797595,5.384151635710974e-34
1190640,0.0,-2.2855932863581956e-47,9927.051530792365,0.9967586640797595,5.383675322087759e-34
1190700,0.0,-2.2853909927531444e-47,9927.051530792365,0.9967586640797595,5.383199008464546e-34
1190760,0.0,-2.285188699148092e-47,9927.051530792365,0.9967586640797595,5.382722694841332e-34
1190820,0.0,-2.284986405543041e-47,9927.051530792365,0.9967586640797595,5.382246381218118e-34
1190880,0.0,-2.2847841119379896e-47,9927.051530792365,0.9967586640797595,5.381770067594904e-34
1190940,0.0,-2.2845818183329373e-47,9927.051530792365,0.9967586640797595,5.381293753971689e-34
1191000,0.0,-2.284379524727886e-47,9927.051530792365,0.9967586640797595,5.3808174403484755e-34
1191060,0.0,-2.2841772311228343e-47,9927.051530792365,0.9967586640797595,5.380341126725261e-34
1191120,0.0,-2.283974937517783e-47,9927.051530792365,0.9967586640797595,5.379864813102047e-34
1191180,0.0,-2.283772643912731e-47,9927.051530792365,0.9967586640797595,5.379388499478833e-34
1191240,0.0,-2.2835703503076795e-47,9927.051530792365,0.9967586640797595,5.378912185855619e-34
1191300,0.0,-2.283368056702628e-47,9927.051530792365,0.9967586640797595,5.378435872232405e-34
1191360,0.0,-2.283165763097576e-47,9927.051530792365,0.9967586640797595,5.377959558609191e-34
1191420,0.0,-2.2829634694925243e-47,9927.051530792365,0.9967586640797595,5.377483244985976e-34
1191480,0.0,-2.282761175887473e-47,9927.051530792365,0.9967586640797595,5.3770069313627625e-34
1191540,0.0,-2.282558882282421e-47,9927.051530792365,0.9967586640797595,5.376530617739548e-34
1191600,0.0,-2.2823565886773695e-47,9927.051530792365,0.9967586640797595,5.376054304116335e-34
1191660,0.0,-2.2821542950723177e-47,9927.051530792365,0.9967586640797595,5.37557799049312e-34
1191720,0.0,-2.2819520014672664e-47,9927.051530792365,0.9967586640797595,5.375101676869906e-34
1191780,0.0,-2.2817497078622147e-47,9927.051530792365,0.9967586640797595,5.374625363246692e-34
1191840,0.0,-2.281547414257163e-47,9927.051530792365,0.9967586640797595,5.374149049623478e-34
1191900,0.0,-2.281345120652111e-47,9927.051530792365,0.9967586640797595,5.373672736000263e-34
1191960,0.0,-2.28114282704706e-47,9927.051530792365,0.9967586640797595,5.373196422377049e-34
1192020,0.0,-2.2809405334420077e-47,9927.051530792365,0.9967586640797595,5.372720108753835e-34
1192080,0.0,-2.2807382398369564e-47,9927.051530792365,0.9967586640797595,5.372243795130622e-34
1192140,0.0,-2.2805359462319046e-47,9927.051530792365,0.9967586640797595,5.371767481507407e-34
1192200,0.0,-2.2803336526268534e-47,9927.051530792365,0.9967586640797595,5.371291167884193e-34
1192260,0.0,-2.280131359021801e-47,9927.051530792365,0.9967586640797595,5.370814854260979e-34
1192320,0.0,-2.27992906541675e-47,9927.051530792365,0.9967586640797595,5.370338540637765e-34
1192380,0.0,-2.279726771811698e-47,9927.051530792365,0.9967586640797595,5.36986222701455e-34
1192440,0.0,-2.2795244782066464e-47,9927.051530792365,0.9967586640797595,5.369385913391336e-34
1192500,0.0,-2.279322184601595e-47,9927.051530792365,0.9967586640797595,5.368909599768123e-34
1192560,0.0,-2.2791198909965433e-47,9927.051530792365,0.9967586640797595,5.368433286144909e-34
1192620,0.0,-2.2789175973914916e-47,9927.051530792365,0.9967586640797595,5.367956972521695e-34
1192680,0.0,-2.27871530378644e-47,9927.051530792365,0.9967586640797595,5.36748065889848e-34
1192740,0.0,-2.2785130101813885e-47,9927.051530792365,0.9967586640797595,5.3670043452752664e-34
1192800,0.0,-2.278310716576337e-47,9927.051530792365,0.9967586640797595,5.366528031652052e-34
1192860,0.0,-2.278108422971285e-47,9927.051530792365,0.9967586640797595,5.366051718028838e-34
1192920,0.0,-2.2779061293662333e-47,9927.051530792365,0.9967586640797595,5.365575404405623e-34
1192980,0.0,-2.277703835761182e-47,9927.051530792365,0.9967586640797595,5.36509909078241e-34
1193040,0.0,-2.2775015421561303e-47,9927.051530792365,0.9967586640797595,5.364622777159196e-34
1193100,0.0,-2.2772992485510785e-47,9927.051530792365,0.9967586640797595,5.364146463535982e-34
1193160,0.0,-2.2770969549460267e-47,9927.051530792365,0.9967586640797595,5.363670149912767e-34
1193220,0.0,-2.2768946613409755e-47,9927.051530792365,0.9967586640797595,5.363193836289553e-34
1193280,0.0,-2.276692367735923e-47,9927.051530792365,0.9967586640797595,5.362717522666339e-34
1193340,0.0,-2.276490074130872e-47,9927.051530792365,0.9967586640797595,5.362241209043125e-34
1193400,0.0,-2.27628778052582e-47,9927.051530792365,0.9967586640797595,5.361764895419911e-34
1193460,0.0,-2.276085486920769e-47,9927.051530792365,0.9967586640797595,5.361288581796697e-34
1193520,0.0,-2.2758831933157167e-47,9927.051530792365,0.9967586640797595,5.360812268173483e-34
1193580,0.0,-2.2756808997106654e-47,9927.051530792365,0.9967586640797595,5.360335954550269e-34
1193640,0.0,-2.2754786061056137e-47,9927.051530792365,0.9967586640797595,5.359859640927054e-34
1193700,0.0,-2.275276312500562e-47,9927.051530792365,0.9967586640797595,5.35938332730384e-34
1193760,0.0,-2.27507401889551e-47,9927.051530792365,0.9967586640797595,5.358907013680626e-34
1193820,0.0,-2.274871725290459e-47,9927.051530792365,0.9967586640797595,5.358430700057412e-34
1193880,0.0,-2.274669431685407e-47,9927.051530792365,0.9967586640797595,5.357954386434198e-34
1193940,0.0,-2.2744671380803554e-47,9927.051530792365,0.9967586640797595,5.357478072810984e-34
1194000,0.0,-2.2742648444753036e-47,9927.051530792365,0.9967586640797595,5.3570017591877695e-34
1194060,0.0,-2.2740625508702524e-47,9927.051530792365,0.9967586640797595,5.356525445564556e-34
1194120,0.0,-2.2738602572652006e-47,9927.051530792365,0.9967586640797595,5.356049131941341e-34
1194180,0.0,-2.273657963660149e-47,9927.051530792365,0.9967586640797595,5.355572818318127e-34
1194240,0.0,-2.2734556700550976e-47,9927.051530792365,0.9967586640797595,5.3550965046949134e-34
1194300,0.0,-2.273253376450046e-47,9927.051530792365,0.9967586640797595,5.3546201910717e-34
1194360,0.0,-2.273051082844994e-47,9927.051530792365,0.9967586640797595,5.354143877448486e-34
1194420,0.0,-2.2728487892399423e-47,9927.051530792365,0.9967586640797595,5.353667563825271e-34
1194480,0.0,-2.272646495634891e-47,9927.051530792365,0.9967586640797595,5.353191250202057e-34
1194540,0.0,-2.2724442020298393e-47,9927.051530792365,0.9967586640797595,5.352714936578843e-34
1194600,0.0,-2.2722419084247875e-47,9927.051530792365,0.9967586640797595,5.352238622955629e-34
1194660,0.0,-2.272039614819736e-47,9927.051530792365,0.9967586640797595,5.351762309332414e-34
1194720,0.0,-2.2718373212146845e-47,9927.051530792365,0.9967586640797595,5.3512859957092e-34
1194780,0.0,-2.2716350276096323e-47,9927.051530792365,0.9967586640797595,5.350809682085987e-34
1194840,0.0,-2.271432734004581e-47,9927.051530792365,0.9967586640797595,5.350333368462773e-34
1194900,0.0,-2.271230440399529e-47,9927.051530792365,0.9967586640797595,5.349857054839558e-34
1194960,0.0,-2.2710281467944775e-47,9927.051530792365,0.9967586640797595,5.349380741216344e-34
1195020,0.0,-2.2708258531894257e-47,9927.051530792365,0.9967586640797595,5.34890442759313e-34
1195080,0.0,-2.2706235595843745e-47,9927.051530792365,0.9967586640797595,5.348428113969916e-34
1195140,0.0,-2.2704212659793227e-47,9927.051530792365,0.9967586640797595,5.347951800346701e-34
1195200,0.0,-2.270218972374271e-47,9927.051530792365,0.9967586640797595,5.347475486723488e-34
1195260,0.0,-2.270016678769219e-47,9927.051530792365,0.9967586640797595,5.3469991731002735e-34
1195320,0.0,-2.269814385164168e-47,9927.051530792365,0.9967586640797595,5.34652285947706e-34
1195380,0.0,-2.269612091559116e-47,9927.051530792365,0.9967586640797595,5.346046545853845e-34
1195440,0.0,-2.2694097979540644e-47,9927.051530792365,0.9967586640797595,5.345570232230631e-34
1195500,0.0,-2.2692075043490127e-47,9927.051530792365,0.9967586640797595,5.3450939186074166e-34
1195560,0.0,-2.2690052107439614e-47,9927.051530792365,0.9967586640797595,5.344617604984203e-34
1195620,0.0,-2.268802917138909e-47,9927.051530792365,0.9967586640797595,5.344141291360988e-34
1195680,0.0,-2.268600623533858e-47,9927.051530792365,0.9967586640797595,5.343664977737775e-34
1195740,0.0,-2.268398329928806e-47,9927.051530792365,0.9967586640797595,5.3431886641145605e-34
1195800,0.0,-2.268196036323755e-47,9927.051530792365,0.9967586640797595,5.342712350491347e-34
1195860,0.0,-2.267993742718703e-47,9927.051530792365,0.9967586640797595,5.342236036868133e-34
1195920,0.0,-2.2677914491136513e-47,9927.051530792365,0.9967586640797595,5.341759723244918e-34
1195980,0.0,-2.2675891555086e-47,9927.051530792365,0.9967586640797595,5.341283409621704e-34
1196040,0.0,-2.267386861903548e-47,9927.051530792365,0.9967586640797595,5.34080709599849e-34
1196100,0.0,-2.2671845682984966e-47,9927.051530792365,0.9967586640797595,5.340330782375277e-34
1196160,0.0,-2.266982274693445e-47,9927.051530792365,0.9967586640797595,5.339854468752062e-34
1196220,0.0,-2.266779981088393e-47,9927.051530792365,0.9967586640797595,5.339378155128848e-34
1196280,0.0,-2.2665776874833413e-47,9927.051530792365,0.9967586640797595,5.338901841505634e-34
1196340,0.0,-2.26637539387829e-47,9927.051530792365,0.9967586640797595,5.33842552788242e-34
1196400,0.0,-2.2661731002732383e-47,9927.051530792365,0.9967586640797595,5.337949214259205e-34
1196460,0.0,-2.2659708066681865e-47,9927.051530792365,0.9967586640797595,5.337472900635991e-34
1196520,0.0,-2.2657685130631348e-47,9927.051530792365,0.9967586640797595,5.336996587012777e-34
1196580,0.0,-2.2655662194580835e-47,9927.051530792365,0.9967586640797595,5.336520273389564e-34
1196640,0.0,-2.2653639258530317e-47,9927.051530792365,0.9967586640797595,5.336043959766349e-34
1196700,0.0,-2.26516163224798e-47,9927.051530792365,0.9967586640797595,5.335567646143135e-34
1196760,0.0,-2.264959338642928e-47,9927.051530792365,0.9967586640797595,5.3350913325199205e-34
1196820,0.0,-2.264757045037877e-47,9927.051530792365,0.9967586640797595,5.334615018896707e-34
1196880,0.0,-2.264554751432825e-47,9927.051530792365,0.9967586640797595,5.334138705273492e-34
1196940,0.0,-2.2643524578277734e-47,9927.051530792365,0.9967586640797595,5.333662391650278e-34
1197000,0.0,-2.2641501642227217e-47,9927.051530792365,0.9967586640797595,5.3331860780270644e-34
1197060,0.0,-2.2639478706176704e-47,9927.051530792365,0.9967586640797595,5.332709764403851e-34
1197120,0.0,-2.263745577012618e-47,9927.051530792365,0.9967586640797595,5.332233450780636e-34
1197180,0.0,-2.263543283407567e-47,9927.051530792365,0.9967586640797595,5.331757137157422e-34
1197240,0.0,-2.263340989802515e-47,9927.051530792365,0.9967586640797595,5.3312808235342075e-34
1197300,0.0,-2.2631386961974634e-47,9927.051530792365,0.9967586640797595,5.330804509910994e-34
1197360,0.0,-2.2629364025924116e-47,9927.051530792365,0.9967586640797595,5.330328196287779e-34
1197420,0.0,-2.2627341089873604e-47,9927.051530792365,0.9967586640797595,5.329851882664565e-34
1197480,0.0,-2.2625318153823086e-47,9927.051530792365,0.9967586640797595,5.329375569041351e-34
1197540,0.0,-2.262329521777257e-47,9927.051530792365,0.9967586640797595,5.328899255418138e-34
1197600,0.0,-2.2621272281722056e-47,9927.051530792365,0.9967586640797595,5.328422941794924e-34
1197660,0.0,-2.261924934567154e-47,9927.051530792365,0.9967586640797595,5.327946628171709e-34
1197720,0.0,-2.261722640962102e-47,9927.051530792365,0.9967586640797595,5.327470314548495e-34
1197780,0.0,-2.2615203473570503e-47,9927.051530792365,0.9967586640797595,5.326994000925281e-34
1197840,0.0,-2.261318053751999e-47,9927.051530792365,0.9967586640797595,5.326517687302067e-34
1197900,0.0,-2.2611157601469473e-47,9927.051530792365,0.9967586640797595,5.326041373678853e-34
1197960,0.0,-2.2609134665418955e-47,9927.051530792365,0.9967586640797595,5.325565060055639e-34
1198020,0.0,-2.260711172936844e-47,9927.051530792365,0.9967586640797595,5.3250887464324245e-34
1198080,0.0,-2.2605088793317925e-47,9927.051530792365,0.9967586640797595,5.324612432809211e-34
1198140,0.0,-2.2603065857267408e-47,9927.051530792365,0.9967586640797595,5.324136119185996e-34
1198200,0.0,-2.260104292121689e-47,9927.051530792365,0.9967586640797595,5.323659805562782e-34
1198260,0.0,-2.259901998516637e-47,9927.051530792365,0.9967586640797595,5.3231834919395676e-34
1198320,0.0,-2.259699704911586e-47,9927.051530792365,0.9967586640797595,5.322707178316354e-34
1198380,0.0,-2.2594974113065337e-47,9927.051530792365,0.9967586640797595,5.32223086469314e-34
1198440,0.0,-2.2592951177014825e-47,9927.051530792365,0.9967586640797595,5.321754551069926e-34
1198500,0.0,-2.2590928240964307e-47,9927.051530792365,0.9967586640797595,5.3212782374467115e-34
1198560,0.0,-2.258890530491379e-47,9927.051530792365,0.9967586640797595,5.320801923823498e-34
1198620,0.0,-2.258688236886327e-47,9927.051530792365,0.9967586640797595,5.320325610200283e-34
1198680,0.0,-2.258485943281276e-47,9927.051530792365,0.9967586640797595,5.319849296577069e-34
1198740,0.0,-2.258283649676224e-47,9927.051530792365,0.9967586640797595,5.3193729829538545e-34
1198800,0.0,-2.2580813560711724e-47,9927.051530792365,0.9967586640797595,5.3188966693306416e-34
1198860,0.0,-2.2578790624661207e-47,9927.051530792365,0.9967586640797595,5.318420355707427e-34
1198920,0.0,-2.2576767688610694e-47,9927.051530792365,0.9967586640797595,5.317944042084213e-34
1198980,0.0,-2.2574744752560176e-47,9927.051530792365,0.9967586640797595,5.317467728460998e-34
1199040,0.0,-2.257272181650966e-47,9927.051530792365,0.9967586640797595,5.316991414837785e-34
1199100,0.0,-2.257069888045914e-47,9927.051530792365,0.9967586640797595,5.31651510121457e-34
1199160,0.0,-2.256867594440863e-47,9927.051530792365,0.9967586640797595,5.316038787591356e-34
1199220,0.0,-2.256665300835811e-47,9927.051530792365,0.9967586640797595,5.315562473968143e-34
1199280,0.0,-2.2564630072307593e-47,9927.051530792365,0.9967586640797595,5.3150861603449285e-34
1199340,0.0,-2.256260713625708e-47,9927.051530792365,0.9967586640797595,5.314609846721715e-34
1199400,0.0,-2.2560584200206563e-47,9927.051530792365,0.9967586640797595,5.3141335330985e-34
1199460,0.0,-2.2558561264156046e-47,9927.051530792365,0.9967586640797595,5.313657219475286e-34
1199520,0.0,-2.255653832810553e-47,9927.051530792365,0.9967586640797595,5.3131809058520715e-34
1199580,0.0,-2.2554515392055015e-47,9927.051530792365,0.9967586640797595,5.312704592228858e-34
1199640,0.0,-2.2552492456004493e-47,9927.051530792365,0.9967586640797595,5.312228278605643e-34
1199700,0.0,-2.255046951995398e-47,9927.051530792365,0.9967586640797595,5.31175196498243e-34
1199760,0.0,-2.2548446583903463e-47,9927.051530792365,0.9967586640797595,5.3112756513592154e-34
1199820,0.0,-2.254642364785295e-47,9927.051530792365,0.9967586640797595,5.310799337736002e-34
1199880,0.0,-2.254440071180243e-47,9927.051530792365,0.9967586640797595,5.310323024112787e-34
1199940,0.0,-2.2542377775751915e-47,9927.051530792365,0.9967586640797595,5.309846710489573e-34
1200000,0.0,-2.2540354839701397e-47,9927.051530792365,0.9967586640797595,5.3093703968663585e-34
1200060,0.0,-2.253833190365088e-47,9927.051530792365,0.9967586640797595,5.308894083243145e-34
1200120,0.0,-2.253630896760036e-47,9927.051530792365,0.9967586640797595,5.30841776961993e-34
1200180,0.0,-2.253428603154985e-47,9927.051530792365,0.9967586640797595,5.307941455996717e-34
1200240,0.0,-2.253226309549933e-47,9927.051530792365,0.9967586640797595,5.307465142373502e-34
1200300,0.0,-2.2530240159448814e-47,9927.051530792365,0.9967586640797595,5.3069888287502886e-34
1200360,0.0,-2.2528217223398297e-47,9927.051530792365,0.9967586640797595,5.306512515127074e-34
1200420,0.0,-2.2526194287347784e-47,9927.051530792365,0.9967586640797595,5.30603620150386e-34
1200480,0.0,-2.2524171351297267e-47,9927.051530792365,0.9967586640797595,5.305559887880645e-34
1200540,0.0,-2.252214841524675e-47,9927.051530792365,0.9967586640797595,5.305083574257432e-34
1200600,0.0,-2.252012547919623e-47,9927.051530792365,0.9967586640797595,5.304607260634218e-34
1200660,0.0,-2.251810254314572e-47,9927.051530792365,0.9967586640797595,5.304130947011004e-34
1200720,0.0,-2.2516079607095196e-47,9927.051530792365,0.9967586640797595,5.303654633387789e-34
1200780,0.0,-2.2514056671044684e-47,9927.051530792365,0.9967586640797595,5.3031783197645755e-34
1200840,0.0,-2.251203373499417e-47,9927.051530792365,0.9967586640797595,5.302702006141362e-34
1200900,0.0,-2.2510010798943653e-47,9927.051530792365,0.9967586640797595,5.302225692518147e-34
1200960,0.0,-2.2507987862893136e-47,9927.051530792365,0.9967586640797595,5.301749378894933e-34
1201020,0.0,-2.250596492684262e-47,9927.051530792365,0.9967586640797595,5.3012730652717186e-34
1201080,0.0,-2.2503941990792106e-47,9927.051530792365,0.9967586640797595,5.300796751648506e-34
1201140,0.0,-2.2501919054741583e-47,9927.051530792365,0.9967586640797595,5.300320438025291e-34
1201200,0.0,-2.249989611869107e-47,9927.051530792365,0.9967586640797595,5.299844124402077e-34
1201260,0.0,-2.2497873182640553e-47,9927.051530792365,0.9967586640797595,5.2993678107788625e-34
1201320,0.0,-2.2495850246590035e-47,9927.051530792365,0.9967586640797595,5.298891497155649e-34
1201380,0.0,-2.249382731053952e-47,9927.051530792365,0.9967586640797595,5.298415183532434e-34
1201440,0.0,-2.2491804374489005e-47,9927.051530792365,0.9967586640797595,5.29793886990922e-34
1201500,0.0,-2.248978143843849e-47,9927.051530792365,0.9967586640797595,5.297462556286006e-34
1201560,0.0,-2.248775850238797e-47,9927.051530792365,0.9967586640797595,5.2969862426627925e-34
1201620,0.0,-2.2485735566337452e-47,9927.051530792365,0.9967586640797595,5.296509929039578e-34
1201680,0.0,-2.248371263028694e-47,9927.051530792365,0.9967586640797595,5.296033615416364e-34
1201740,0.0,-2.248168969423642e-47,9927.051530792365,0.9967586640797595,5.295557301793149e-34
1201800,0.0,-2.2479666758185905e-47,9927.051530792365,0.9967586640797595,5.295080988169936e-34
1201860,0.0,-2.2477643822135387e-47,9927.051530792365,0.9967586640797595,5.294604674546721e-34
1201920,0.0,-2.2475620886084874e-47,9927.051530792365,0.9967586640797595,5.294128360923508e-34
1201980,0.0,-2.247359795003435e-47,9927.051530792365,0.9967586640797595,5.293652047300293e-34
1202040,0.0,-2.247157501398384e-47,9927.051530792365,0.9967586640797595,5.2931757336770795e-34
1202100,0.0,-2.246955207793332e-47,9927.051530792365,0.9967586640797595,5.292699420053865e-34
1202160,0.0,-2.246752914188281e-47,9927.051530792365,0.9967586640797595,5.292223106430651e-34
1202220,0.0,-2.2465506205832287e-47,9927.051530792365,0.9967586640797595,5.291746792807436e-34
1202280,0.0,-2.2463483269781774e-47,9927.051530792365,0.9967586640797595,5.2912704791842225e-34
1202340,0.0,-2.2461460333731256e-47,9927.051530792365,0.9967586640797595,5.290794165561008e-34
1202400,0.0,-2.245943739768074e-47,9927.051530792365,0.9967586640797595,5.290317851937795e-34
1202460,0.0,-2.245741446163022e-47,9927.051530792365,0.9967586640797595,5.28984153831458e-34
1202520,0.0,-2.245539152557971e-47,9927.051530792365,0.9967586640797595,5.2893652246913664e-34
1202580,0.0,-2.245336858952919e-47,9927.051530792365,0.9967586640797595,5.288888911068153e-34
1202640,0.0,-2.2451345653478673e-47,9927.051530792365,0.9967586640797595,5.288412597444938e-34
1202700,0.0,-2.244932271742816e-47,9927.051530792365,0.9967586640797595,5.287936283821724e-34
1202760,0.0,-2.2447299781377643e-47,9927.051530792365,0.9967586640797595,5.2874599701985095e-34
1202820,0.0,-2.2445276845327126e-47,9927.051530792365,0.9967586640797595,5.2869836565752965e-34
1202880,0.0,-2.244325390927661e-47,9927.051530792365,0.9967586640797595,5.286507342952082e-34
1202940,0.0,-2.2441230973226095e-47,9927.051530792365,0.9967586640797595,5.286031029328868e-34
1203000,0.0,-2.243920803717558e-47,9927.051530792365,0.9967586640797595,5.285554715705653e-34
1203060,0.0,-2.243718510112506e-47,9927.051530792365,0.9967586640797595,5.2850784020824396e-34
1203120,0.0,-2.2435162165074543e-47,9927.051530792365,0.9967586640797595,5.284602088459225e-34
1203180,0.0,-2.243313922902403e-47,9927.051530792365,0.9967586640797595,5.284125774836011e-34
1203240,0.0,-2.2431116292973513e-47,9927.051530792365,0.9967586640797595,5.283649461212796e-34
1203300,0.0,-2.2429093356922995e-47,9927.051530792365,0.9967586640797595,5.2831731475895835e-34
1203360,0.0,-2.2427070420872477e-47,9927.051530792365,0.9967586640797595,5.282696833966369e-34
1203420,0.0,-2.2425047484821965e-47,9927.051530792365,0.9967586640797595,5.282220520343155e-34
1203480,0.0,-2.242302454877144e-47,9927.051530792365,0.9967586640797595,5.28174420671994e-34
1203540,0.0,-2.242100161272093e-47,9927.051530792365,0.9967586640797595,5.2812678930967265e-34
1203600,0.0,-2.241897867667041e-47,9927.051530792365,0.9967586640797595,5.280791579473512e-34
1203660,0.0,-2.2416955740619894e-47,9927.051530792365,0.9967586640797595,5.280315265850298e-34
1203720,0.0,-2.2414932804569377e-47,9927.051530792365,0.9967586640797595,5.279838952227083e-34
1203780,0.0,-2.2412909868518864e-47,9927.051530792365,0.9967586640797595,5.27936263860387e-34
1203840,0.0,-2.2410886932468347e-47,9927.051530792365,0.9967586640797595,5.278886324980656e-34
1203900,0.0,-2.240886399641783e-47,9927.051530792365,0.9967586640797595,5.278410011357442e-34
1203960,0.0,-2.240684106036731e-47,9927.051530792365,0.9967586640797595,5.277933697734227e-34
1204020,0.0,-2.24048181243168e-47,9927.051530792365,0.9967586640797595,5.2774573841110135e-34
1204080,0.0,-2.240279518826628e-47,9927.051530792365,0.9967586640797595,5.276981070487799e-34
1204140,0.0,-2.2400772252215764e-47,9927.051530792365,0.9967586640797595,5.276504756864585e-34
1204200,0.0,-2.239874931616525e-47,9927.051530792365,0.9967586640797595,5.276028443241372e-34
1204260,0.0,-2.2396726380114734e-47,9927.051530792365,0.9967586640797595,5.275552129618157e-34
1204320,0.0,-2.2394703444064216e-47,9927.051530792365,0.9967586640797595,5.2750758159949435e-34
1204380,0.0,-2.23926805080137e-47,9927.051530792365,0.9967586640797595,5.274599502371729e-34
1204440,0.0,-2.2390657571963186e-47,9927.051530792365,0.9967586640797595,5.274123188748515e-34
1204500,0.0,-2.238863463591267e-47,9927.051530792365,0.9967586640797595,5.2736468751253e-34
1204560,0.0,-2.238661169986215e-47,9927.051530792365,0.9967586640797595,5.273170561502087e-34
1204620,0.0,-2.2384588763811633e-47,9927.051530792365,0.9967586640797595,5.272694247878873e-34
1204680,0.0,-2.238256582776112e-47,9927.051530792365,0.9967586640797595,5.272217934255659e-34
1204740,0.0,-2.23805428917106e-47,9927.051530792365,0.9967586640797595,5.271741620632444e-34
1204800,0.0,-2.2378519955660085e-47,9927.051530792365,0.9967586640797595,5.2712653070092305e-34
1204860,0.0,-2.237649701960957e-47,9927.051530792365,0.9967586640797595,5.270788993386016e-34
1204920,0.0,-2.237447408355905e-47,9927.051530792365,0.9967586640797595,5.270312679762802e-34
1204980,0.0,-2.2372451147508533e-47,9927.051530792365,0.9967586640797595,5.269836366139587e-34
1205040,0.0,-2.237042821145802e-47,9927.051530792365,0.9967586640797595,5.2693600525163735e-34
1205100,0.0,-2.23684052754075e-47,9927.051530792365,0.9967586640797595,5.26888373889316e-34
1205160,0.0,-2.2366382339356985e-47,9927.051530792365,0.9967586640797595,5.268407425269946e-34
1205220,0.0,-2.2364359403306467e-47,9927.051530792365,0.9967586640797595,5.267931111646731e-34
1205280,0.0,-2.2362336467255954e-47,9927.051530792365,0.9967586640797595,5.2674547980235174e-34
1205340,0.0,-2.2360313531205437e-47,9927.051530792365,0.9967586640797595,5.266978484400303e-34
1205400,0.0,-2.235829059515492e-47,9927.051530792365,0.9967586640797595,5.266502170777089e-34
1205460,0.0,-2.23562676591044e-47,9927.051530792365,0.9967586640797595,5.266025857153874e-34
1205520,0.0,-2.235424472305389e-47,9927.051530792365,0.9967586640797595,5.265549543530661e-34
1205580,0.0,-2.235222178700337e-47,9927.051530792365,0.9967586640797595,5.265073229907447e-34
1205640,0.0,-2.2350198850952854e-47,9927.051530792365,0.9967586640797595,5.264596916284233e-34
1205700,0.0,-2.2348175914902336e-47,9927.051530792365,0.9967586640797595,5.264120602661018e-34
1205760,0.0,-2.2346152978851824e-47,9927.051530792365,0.9967586640797595,5.263644289037804e-34
1205820,0.0,-2.23441300428013e-47,9927.051530792365,0.9967586640797595,5.26316797541459e-34
1205880,0.0,-2.234210710675079e-47,9927.051530792365,0.9967586640797595,5.262691661791376e-34
1205940,0.0,-2.2340084170700276e-47,9927.051530792365,0.9967586640797595,5.262215348168162e-34
1206000,0.0,-2.2338061234649754e-47,9927.051530792365,0.9967586640797595,5.261739034544948e-34
1206060,0.0,-2.233603829859924e-47,9927.051530792365,0.9967586640797595,5.2612627209217345e-34
1206120,0.0,-2.2334015362548723e-47,9927.051530792365,0.9967586640797595,5.26078640729852e-34
1206180,0.0,-2.233199242649821e-47,9927.051530792365,0.9967586640797595,5.260310093675306e-34
1206240,0.0,-2.232996949044769e-47,9927.051530792365,0.9967586640797595,5.259833780052091e-34
1206300,0.0,-2.2327946554397175e-47,9927.051530792365,0.9967586640797595,5.2593574664288775e-34
1206360,0.0,-2.232592361834666e-47,9927.051530792365,0.9967586640797595,5.258881152805663e-34
1206420,0.0,-2.232390068229614e-47,9927.051530792365,0.9967586640797595,5.25840483918245e-34
1206480,0.0,-2.2321877746245623e-47,9927.051530792365,0.9967586640797595,5.257928525559235e-34
1206540,0.0,-2.231985481019511e-47,9927.051530792365,0.9967586640797595,5.257452211936021e-34
1206600,0.0,-2.2317831874144593e-47,9927.051530792365,0.9967586640797595,5.256975898312807e-34
1206660,0.0,-2.2315808938094075e-47,9927.051530792365,0.9967586640797595,5.256499584689593e-34
1206720,0.0,-2.2313786002043557e-47,9927.051530792365,0.9967586640797595,5.256023271066378e-34
1206780,0.0,-2.2311763065993045e-47,9927.051530792365,0.9967586640797595,5.2555469574431644e-34
1206840,0.0,-2.2309740129942527e-47,9927.051530792365,0.9967586640797595,5.25507064381995e-34
1206900,0.0,-2.230771719389201e-47,9927.051530792365,0.9967586640797595,5.254594330196737e-34
1206960,0.0,-2.230569425784149e-47,9927.051530792365,0.9967586640797595,5.254118016573522e-34
1207020,0.0,-2.230367132179098e-47,9927.051530792365,0.9967586640797595,5.253641702950308e-34
1207080,0.0,-2.2301648385740457e-47,9927.051530792365,0.9967586640797595,5.253165389327094e-34
1207140,0.0,-2.2299625449689944e-47,9927.051530792365,0.9967586640797595,5.25268907570388e-34
1207200,0.0,-2.2297602513639427e-47,9927.051530792365,0.9967586640797595,5.252212762080665e-34
1207260,0.0,-2.229557957758891e-47,9927.051530792365,0.9967586640797595,5.251736448457451e-34
1207320,0.0,-2.229355664153839e-47,9927.051530792365,0.9967586640797595,5.251260134834237e-34
1207380,0.0,-2.229153370548788e-47,9927.051530792365,0.9967586640797595,5.250783821211024e-34
1207440,0.0,-2.228951076943736e-47,9927.051530792365,0.9967586640797595,5.250307507587809e-34
1207500,0.0,-2.2287487833386844e-47,9927.051530792365,0.9967586640797595,5.249831193964595e-34
1207560,0.0,-2.228546489733633e-47,9927.051530792365,0.9967586640797595,5.2493548803413815e-34
1207620,0.0,-2.2283441961285814e-47,9927.051530792365,0.9967586640797595,5.248878566718167e-34
1207680,0.0,-2.2281419025235296e-47,9927.051530792365,0.9967586640797595,5.248402253094953e-34
1207740,0.0,-2.227939608918478e-47,9927.051530792365,0.9967586640797595,5.247925939471738e-34
1207800,0.0,-2.2277373153134266e-47,9927.051530792365,0.9967586640797595,5.247449625848525e-34
1207860,0.0,-2.227535021708375e-47,9927.051530792365,0.9967586640797595,5.246973312225311e-34
1207920,0.0,-2.227332728103323e-47,9927.051530792365,0.9967586640797595,5.246496998602097e-34
1207980,0.0,-2.2271304344982713e-47,9927.051530792365,0.9967586640797595,5.246020684978882e-34
1208040,0.0,-2.22692814089322e-47,9927.051530792365,0.9967586640797595,5.245544371355668e-34
1208100,0.0,-2.2267258472881683e-47,9927.051530792365,0.9967586640797595,5.245068057732454e-34
1208160,0.0,-2.2265235536831165e-47,9927.051530792365,0.9967586640797595,5.24459174410924e-34
1208220,0.0,-2.226321260078065e-47,9927.051530792365,0.9967586640797595,5.244115430486026e-34
1208280,0.0,-2.2261189664730135e-47,9927.051530792365,0.9967586640797595,5.243639116862812e-34
1208340,0.0,-2.2259166728679613e-47,9927.051530792365,0.9967586640797595,5.243162803239598e-34
1208400,0.0,-2.22571437926291e-47,9927.051530792365,0.9967586640797595,5.242686489616384e-34
1208460,0.0,-2.225512085657858e-47,9927.051530792365,0.9967586640797595,5.242210175993169e-34
1208520,0.0,-2.225309792052807e-47,9927.051530792365,0.9967586640797595,5.241733862369955e-34
1208580,0.0,-2.2251074984477547e-47,9927.051530792365,0.9967586640797595,5.241257548746741e-34
1208640,0.0,-2.2249052048427035e-47,9927.051530792365,0.9967586640797595,5.240781235123527e-34
1208700,0.0,-2.2247029112376517e-47,9927.051530792365,0.9967586640797595,5.240304921500313e-34
1208760,0.0,-2.2245006176326e-47,9927.051530792365,0.9967586640797595,5.239828607877099e-34
1208820,0.0,-2.224298324027548e-47,9927.051530792365,0.9967586640797595,5.239352294253885e-34
1208880,0.0,-2.224096030422497e-47,9927.051530792365,0.9967586640797595,5.238875980630671e-34
1208940,0.0,-2.223893736817445e-47,9927.051530792365,0.9967586640797595,5.238399667007456e-34
1209000,0.0,-2.2236914432123934e-47,9927.051530792365,0.9967586640797595,5.237923353384242e-34
1209060,0.0,-2.2234891496073417e-47,9927.051530792365,0.9967586640797595,5.237447039761028e-34
1209120,0.0,-2.2232868560022904e-47,9927.051530792365,0.9967586640797595,5.236970726137815e-34
1209180,0.0,-2.2230845623972386e-47,9927.051530792365,0.9967586640797595,5.2364944125146e-34
1209240,0.0,-2.222882268792187e-47,9927.051530792365,0.9967586640797595,5.236018098891386e-34
1209300,0.0,-2.2226799751871356e-47,9927.051530792365,0.9967586640797595,5.235541785268172e-34
1209360,0.0,-2.222477681582084e-47,9927.051530792365,0.9967586640797595,5.235065471644958e-34
1209420,0.0,-2.222275387977032e-47,9927.051530792365,0.9967586640797595,5.234589158021744e-34
1209480,0.0,-2.2220730943719803e-47,9927.051530792365,0.9967586640797595,5.234112844398529e-34
1209540,0.0,-2.221870800766929e-47,9927.051530792365,0.9967586640797595,5.2336365307753154e-34
1209600,0.0,-2.2216685071618773e-47,9927.051530792365,0.9967586640797595,5.233160217152102e-34
1209660,0.0,-2.2214662135568256e-47,9927.051530792365,0.9967586640797595,5.232683903528888e-34
1209720,0.0,-2.221263919951774e-47,9927.051530792365,0.9967586640797595,5.232207589905673e-34
1209780,0.0,-2.2210616263467225e-47,9927.051530792365,0.9967586640797595,5.231731276282459e-34
1209840,0.0,-2.2208593327416703e-47,9927.051530792365,0.9967586640797595,5.231254962659245e-34
1209900,0.0,-2.220657039136619e-47,9927.051530792365,0.9967586640797595,5.230778649036031e-34
1209960,0.0,-2.2204547455315673e-47,9927.051530792365,0.9967586640797595,5.230302335412816e-34
1210020,0.0,-2.2202524519265155e-47,9927.051530792365,0.9967586640797595,5.229826021789603e-34
1210080,0.0,-2.2200501583214638e-47,9927.051530792365,0.9967586640797595,5.229349708166389e-34
1210140,0.0,-2.2198478647164125e-47,9927.051530792365,0.9967586640797595,5.228873394543175e-34
1210200,0.0,-2.2196455711113607e-47,9927.051530792365,0.9967586640797595,5.22839708091996e-34
1210260,0.0,-2.219443277506309e-47,9927.051530792365,0.9967586640797595,5.227920767296746e-34
1210320,0.0,-2.219240983901257e-47,9927.051530792365,0.9967586640797595,5.227444453673532e-34
1210380,0.0,-2.219038690296206e-47,9927.051530792365,0.9967586640797595,5.226968140050318e-34
1210440,0.0,-2.218836396691154e-47,9927.051530792365,0.9967586640797595,5.226491826427103e-34
1210500,0.0,-2.2186341030861024e-47,9927.051530792365,0.9967586640797595,5.22601551280389e-34
1210560,0.0,-2.2184318094810507e-47,9927.051530792365,0.9967586640797595,5.2255391991806755e-34
1210620,0.0,-2.2182295158759994e-47,9927.051530792365,0.9967586640797595,5.225062885557462e-34
1210680,0.0,-2.218027222270947e-47,9927.051530792365,0.9967586640797595,5.224586571934247e-34
1210740,0.0,-2.217824928665896e-47,9927.051530792365,0.9967586640797595,5.224110258311033e-34
1210800,0.0,-2.217622635060844e-47,9927.051530792365,0.9967586640797595,5.2236339446878186e-34
1210860,0.0,-2.217420341455793e-47,9927.051530792365,0.9967586640797595,5.223157631064605e-34
1210920,0.0,-2.217218047850741e-47,9927.051530792365,0.9967586640797595,5.222681317441392e-34
1210980,0.0,-2.2170157542456894e-47,9927.051530792365,0.9967586640797595,5.222205003818177e-34
1211040,0.0,-2.216813460640638e-47,9927.051530792365,0.9967586640797595,5.221728690194963e-34
1211100,0.0,-2.216611167035586e-47,9927.051530792365,0.9967586640797595,5.221252376571749e-34
1211160,0.0,-2.2164088734305346e-47,9927.051530792365,0.9967586640797595,5.220776062948535e-34
1211220,0.0,-2.216206579825483e-47,9927.051530792365,0.9967586640797595,5.22029974932532e-34
1211280,0.0,-2.216004286220431e-47,9927.051530792365,0.9967586640797595,5.219823435702106e-34
1211340,0.0,-2.2158019926153793e-47,9927.051530792365,0.9967586640797595,5.219347122078892e-34
1211400,0.0,-2.215599699010328e-47,9927.051530792365,0.9967586640797595,5.218870808455679e-34
1211460,0.0,-2.2153974054052763e-47,9927.051530792365,0.9967586640797595,5.218394494832464e-34
1211520,0.0,-2.2151951118002245e-47,9927.051530792365,0.9967586640797595,5.21791818120925e-34
1211580,0.0,-2.214992818195173e-47,9927.051530792365,0.9967586640797595,5.217441867586036e-34
1211640,0.0,-2.2147905245901215e-47,9927.051530792365,0.9967586640797595,5.216965553962822e-34
1211700,0.0,-2.2145882309850698e-47,9927.051530792365,0.9967586640797595,5.216489240339607e-34
1211760,0.0,-2.214385937380018e-47,9927.051530792365,0.9967586640797595,5.216012926716393e-34
1211820,0.0,-2.214183643774966e-47,9927.051530792365,0.9967586640797595,5.2155366130931795e-34
1211880,0.0,-2.213981350169915e-47,9927.051530792365,0.9967586640797595,5.215060299469966e-34
1211940,0.0,-2.213779056564863e-47,9927.051530792365,0.9967586640797595,5.214583985846751e-34
1212000,0.0,-2.2135767629598115e-47,9927.051530792365,0.9967586640797595,5.214107672223537e-34
1212060,0.0,-2.2133744693547597e-47,9927.051530792365,0.9967586640797595,5.2136313586003225e-34
1212120,0.0,-2.2131721757497084e-47,9927.051530792365,0.9967586640797595,5.213155044977109e-34
1212180,0.0,-2.212969882144656e-47,9927.051530792365,0.9967586640797595,5.212678731353894e-34
1212240,0.0,-2.212767588539605e-47,9927.051530792365,0.9967586640797595,5.21220241773068e-34
1212300,0.0,-2.212565294934553e-47,9927.051530792365,0.9967586640797595,5.2117261041074664e-34
1212360,0.0,-2.2123630013295014e-47,9927.051530792365,0.9967586640797595,5.211249790484253e-34
1212420,0.0,-2.2121607077244497e-47,9927.051530792365,0.9967586640797595,5.210773476861038e-34
1212480,0.0,-2.2119584141193984e-47,9927.051530792365,0.9967586640797595,5.210297163237824e-34
1212540,0.0,-2.211756120514347e-47,9927.051530792365,0.9967586640797595,5.20982084961461e-34
1212600,0.0,-2.211553826909295e-47,9927.051530792365,0.9967586640797595,5.209344535991396e-34
1212660,0.0,-2.2113515333042436e-47,9927.051530792365,0.9967586640797595,5.208868222368182e-34
1212720,0.0,-2.211149239699192e-47,9927.051530792365,0.9967586640797595,5.208391908744968e-34
1212780,0.0,-2.21094694609414e-47,9927.051530792365,0.9967586640797595,5.207915595121754e-34
1212840,0.0,-2.2107446524890883e-47,9927.051530792365,0.9967586640797595,5.2074392814985396e-34
1212900,0.0,-2.210542358884037e-47,9927.051530792365,0.9967586640797595,5.206962967875326e-34
1212960,0.0,-2.2103400652789853e-47,9927.051530792365,0.9967586640797595,5.206486654252111e-34
1213020,0.0,-2.2101377716739336e-47,9927.051530792365,0.9967586640797595,5.206010340628897e-34
1213080,0.0,-2.209935478068882e-47,9927.051530792365,0.9967586640797595,5.205534027005683e-34
1213140,0.0,-2.2097331844638305e-47,9927.051530792365,0.9967586640797595,5.205057713382469e-34
1213200,0.0,-2.209530890858779e-47,9927.051530792365,0.9967586640797595,5.204581399759255e-34
1213260,0.0,-2.209328597253727e-47,9927.051530792365,0.9967586640797595,5.204105086136041e-34
1213320,0.0,-2.2091263036486753e-47,9927.051530792365,0.9967586640797595,5.2036287725128265e-34
1213380,0.0,-2.208924010043624e-47,9927.051530792365,0.9967586640797595,5.203152458889613e-34
1213440,0.0,-2.208721716438572e-47,9927.051530792365,0.9967586640797595,5.202676145266398e-34
1213500,0.0,-2.2085194228335205e-47,9927.051530792365,0.9967586640797595,5.202199831643184e-34
1213560,0.0,-2.2083171292284687e-47,9927.051530792365,0.9967586640797595,5.2017235180199696e-34
1213620,0.0,-2.208114835623417e-47,9927.051530792365,0.9967586640797595,5.201247204396757e-34
1213680,0.0,-2.207912542018365e-47,9927.051530792365,0.9967586640797595,5.200770890773542e-34
1213740,0.0,-2.207710248413314e-47,9927.051530792365,0.9967586640797595,5.200294577150328e-34
1213800,0.0,-2.207507954808262e-47,9927.051530792365,0.9967586640797595,5.1998182635271135e-34
1213860,0.0,-2.2073056612032104e-47,9927.051530792365,0.9967586640797595,5.1993419499039e-34
1213920,0.0,-2.2071033675981587e-47,9927.051530792365,0.9967586640797595,5.198865636280685e-34
1213980,0.0,-2.2069010739931074e-47,9927.051530792365,0.9967586640797595,5.198389322657471e-34
1214040,0.0,-2.2066987803880557e-47,9927.051530792365,0.9967586640797595,5.1979130090342565e-34
1214100,0.0,-2.206496486783004e-47,9927.051530792365,0.9967586640797595,5.1974366954110435e-34
1214160,0.0,-2.206294193177952e-47,9927.051530792365,0.9967586640797595,5.196960381787829e-34
1214220,0.0,-2.206091899572901e-47,9927.051530792365,0.9967586640797595,5.196484068164615e-34
1214280,0.0,-2.205889605967849e-47,9927.051530792365,0.9967586640797595,5.196007754541401e-34
1214340,0.0,-2.2056873123627974e-47,9927.051530792365,0.9967586640797595,5.195531440918187e-34
1214400,0.0,-2.205485018757746e-47,9927.051530792365,0.9967586640797595,5.195055127294973e-34
1214460,0.0,-2.2052827251526943e-47,9927.051530792365,0.9967586640797595,5.194578813671758e-34
1214520,0.0,-2.2050804315476426e-47,9927.051530792365,0.9967586640797595,5.194102500048545e-34
1214580,0.0,-2.204878137942591e-47,9927.051530792365,0.9967586640797595,5.1936261864253305e-34
1214640,0.0,-2.2046758443375396e-47,9927.051530792365,0.9967586640797595,5.193149872802117e-34
1214700,0.0,-2.2044735507324873e-47,9927.051530792365,0.9967586640797595,5.192673559178902e-34
1214760,0.0,-2.204271257127436e-47,9927.051530792365,0.9967586640797595,5.192197245555688e-34
1214820,0.0,-2.2040689635223843e-47,9927.051530792365,0.9967586640797595,5.1917209319324735e-34
1214880,0.0,-2.203866669917333e-47,9927.051530792365,0.9967586640797595,5.19124461830926e-34
1214940,0.0,-2.203664376312281e-47,9927.051530792365,0.9967586640797595,5.190768304686045e-34
1215000,0.0,-2.2034620827072295e-47,9927.051530792365,0.9967586640797595,5.190291991062832e-34
1215060,0.0,-2.203259789102178e-47,9927.051530792365,0.9967586640797595,5.1898156774396174e-34
1215120,0.0,-2.203057495497126e-47,9927.051530792365,0.9967586640797595,5.189339363816404e-34
1215180,0.0,-2.2028552018920742e-47,9927.051530792365,0.9967586640797595,5.188863050193189e-34
1215240,0.0,-2.202652908287023e-47,9927.051530792365,0.9967586640797595,5.188386736569975e-34
1215300,0.0,-2.202450614681971e-47,9927.051530792365,0.9967586640797595,5.1879104229467605e-34
1215360,0.0,-2.2022483210769195e-47,9927.051530792365,0.9967586640797595,5.187434109323547e-34
1215420,0.0,-2.2020460274718677e-47,9927.051530792365,0.9967586640797595,5.186957795700333e-34
1215480,0.0,-2.2018437338668164e-47,9927.051530792365,0.9967586640797595,5.186481482077119e-34
1215540,0.0,-2.2016414402617647e-47,9927.051530792365,0.9967586640797595,5.186005168453904e-34
1215600,0.0,-2.201439146656713e-47,9927.051530792365,0.9967586640797595,5.1855288548306906e-34
1215660,0.0,-2.201236853051661e-47,9927.051530792365,0.9967586640797595,5.185052541207476e-34
1215720,0.0,-2.20103455944661e-47,9927.051530792365,0.9967586640797595,5.184576227584262e-34
1215780,0.0,-2.2008322658415577e-47,9927.051530792365,0.9967586640797595,5.184099913961047e-34
1215840,0.0,-2.2006299722365064e-47,9927.051530792365,0.9967586640797595,5.183623600337834e-34
1215900,0.0,-2.200427678631455e-47,9927.051530792365,0.9967586640797595,5.183147286714621e-34
1215960,0.0,-2.200225385026403e-47,9927.051530792365,0.9967586640797595,5.182670973091406e-34
1216020,0.0,-2.2000230914213516e-47,9927.051530792365,0.9967586640797595,5.182194659468192e-34
1216080,0.0,-2.1998207978163e-47,9927.051530792365,0.9967586640797595,5.1817183458449775e-34
1216140,0.0,-2.1996185042112486e-47,9927.051530792365,0.9967586640797595,5.181242032221764e-34
1216200,0.0,-2.1994162106061963e-47,9927.051530792365,0.9967586640797595,5.180765718598549e-34
1216260,0.0,-2.199213917001145e-47,9927.051530792365,0.9967586640797595,5.180289404975335e-34
1216320,0.0,-2.1990116233960933e-47,9927.051530792365,0.9967586640797595,5.179813091352121e-34
1216380,0.0,-2.1988093297910416e-47,9927.051530792365,0.9967586640797595,5.179336777728908e-34
1216440,0.0,-2.19860703618599e-47,9927.051530792365,0.9967586640797595,5.178860464105693e-34
1216500,0.0,-2.1984047425809385e-47,9927.051530792365,0.9967586640797595,5.178384150482479e-34
1216560,0.0,-2.198202448975887e-47,9927.051530792365,0.9967586640797595,5.1779078368592645e-34
1216620,0.0,-2.198000155370835e-47,9927.051530792365,0.9967586640797595,5.177431523236051e-34
1216680,0.0,-2.1977978617657833e-47,9927.051530792365,0.9967586640797595,5.176955209612836e-34
1216740,0.0,-2.197595568160732e-47,9927.051530792365,0.9967586640797595,5.176478895989623e-34
1216800,0.0,-2.1973932745556803e-47,9927.051530792365,0.9967586640797595,5.176002582366408e-34
1216860,0.0,-2.1971909809506285e-47,9927.051530792365,0.9967586640797595,5.1755262687431945e-34
1216920,0.0,-2.1969886873455767e-47,9927.051530792365,0.9967586640797595,5.17504995511998e-34
1216980,0.0,-2.1967863937405255e-47,9927.051530792365,0.9967586640797595,5.174573641496766e-34
1217040,0.0,-2.196584100135473e-47,9927.051530792365,0.9967586640797595,5.174097327873551e-34
1217100,0.0,-2.196381806530422e-47,9927.051530792365,0.9967586640797595,5.173621014250338e-34
1217160,0.0,-2.19617951292537e-47,9927.051530792365,0.9967586640797595,5.173144700627123e-34
1217220,0.0,-2.195977219320319e-47,9927.051530792365,0.9967586640797595,5.17266838700391e-34
1217280,0.0,-2.1957749257152667e-47,9927.051530792365,0.9967586640797595,5.172192073380695e-34
1217340,0.0,-2.1955726321102154e-47,9927.051530792365,0.9967586640797595,5.1717157597574815e-34
1217400,0.0,-2.1953703385051637e-47,9927.051530792365,0.9967586640797595,5.171239446134267e-34
1217460,0.0,-2.195168044900112e-47,9927.051530792365,0.9967586640797595,5.170763132511053e-34
1217520,0.0,-2.19496575129506e-47,9927.051530792365,0.9967586640797595,5.170286818887838e-34
1217580,0.0,-2.194763457690009e-47,9927.051530792365,0.9967586640797595,5.1698105052646245e-34
1217640,0.0,-2.194561164084957e-47,9927.051530792365,0.9967586640797595,5.169334191641412e-34
1217700,0.0,-2.1943588704799054e-47,9927.051530792365,0.9967586640797595,5.168857878018197e-34
1217760,0.0,-2.194156576874854e-47,9927.051530792365,0.9967586640797595,5.168381564394983e-34
1217820,0.0,-2.1939542832698024e-47,9927.051530792365,0.9967586640797595,5.1679052507717684e-34
1217880,0.0,-2.1937519896647506e-47,9927.051530792365,0.9967586640797595,5.167428937148555e-34
1217940,0.0,-2.193549696059699e-47,9927.051530792365,0.9967586640797595,5.16695262352534e-34
1218000,0.0,-2.1933474024546476e-47,9927.051530792365,0.9967586640797595,5.166476309902126e-34
1218060,0.0,-2.193145108849596e-47,9927.051530792365,0.9967586640797595,5.1659999962789115e-34
1218120,0.0,-2.192942815244544e-47,9927.051530792365,0.9967586640797595,5.1655236826556985e-34
1218180,0.0,-2.1927405216394923e-47,9927.051530792365,0.9967586640797595,5.165047369032484e-34
1218240,0.0,-2.192538228034441e-47,9927.051530792365,0.9967586640797595,5.16457105540927e-34
1218300,0.0,-2.1923359344293893e-47,9927.051530792365,0.9967586640797595,5.164094741786055e-34
1218360,0.0,-2.1921336408243375e-47,9927.051530792365,0.9967586640797595,5.1636184281628416e-34
1218420,0.0,-2.191931347219286e-47,9927.051530792365,0.9967586640797595,5.163142114539627e-34
1218480,0.0,-2.1917290536142345e-47,9927.051530792365,0.9967586640797595,5.162665800916413e-34
1218540,0.0,-2.1915267600091823e-47,9927.051530792365,0.9967586640797595,5.162189487293198e-34
1218600,0.0,-2.191324466404131e-47,9927.051530792365,0.9967586640797595,5.1617131736699855e-34
1218660,0.0,-2.191122172799079e-47,9927.051530792365,0.9967586640797595,5.161236860046771e-34
1218720,0.0,-2.1909198791940275e-47,9927.051530792365,0.9967586640797595,5.160760546423557e-34
1218780,0.0,-2.1907175855889757e-47,9927.051530792365,0.9967586640797595,5.160284232800342e-34
1218840,0.0,-2.1905152919839244e-47,9927.051530792365,0.9967586640797595,5.1598079191771285e-34
1218900,0.0,-2.1903129983788727e-47,9927.051530792365,0.9967586640797595,5.159331605553914e-34
1218960,0.0,-2.190110704773821e-47,9927.051530792365,0.9967586640797595,5.1588552919307e-34
1219020,0.0,-2.189908411168769e-47,9927.051530792365,0.9967586640797595,5.158378978307486e-34
1219080,0.0,-2.189706117563718e-47,9927.051530792365,0.9967586640797595,5.157902664684272e-34
1219140,0.0,-2.1895038239586662e-47,9927.051530792365,0.9967586640797595,5.157426351061058e-34
1219200,0.0,-2.1893015303536144e-47,9927.051530792365,0.9967586640797595,5.156950037437844e-34
1219260,0.0,-2.1890992367485631e-47,9927.051530792365,0.9967586640797595,5.15647372381463e-34
1219320,0.0,-2.1888969431435111e-47,9927.051530792365,0.9967586640797595,5.1559974101914154e-34
1219380,0.0,-2.1886946495384599e-47,9927.051530792365,0.9967586640797595,5.155521096568202e-34
1219440,0.0,-2.1884923559334079e-47,9927.051530792365,0.9967586640797595,5.155044782944987e-34
1219500,0.0,-2.1882900623283564e-47,9927.051530792365,0.9967586640797595,5.154568469321774e-34
1219560,0.0,-2.1880877687233046e-47,9927.051530792365,0.9967586640797595,5.154092155698559e-34
1219620,0.0,-2.187885475118253e-47,9927.051530792365,0.9967586640797595,5.1536158420753455e-34
1219680,0.0,-2.1876831815132013e-47,9927.051530792365,0.9967586640797595,5.153139528452131e-34
1219740,0.0,-2.1874808879081498e-47,9927.051530792365,0.9967586640797595,5.152663214828917e-34
1219800,0.0,-2.187278594303098e-47,9927.051530792365,0.9967586640797595,5.152186901205702e-34
1219860,0.0,-2.1870763006980465e-47,9927.051530792365,0.9967586640797595,5.151710587582489e-34
1219920,0.0,-2.1868740070929948e-47,9927.051530792365,0.9967586640797595,5.151234273959275e-34
1219980,0.0,-2.1866717134879433e-47,9927.051530792365,0.9967586640797595,5.150757960336061e-34
1220040,0.0,-2.1864694198828915e-47,9927.051530792365,0.9967586640797595,5.150281646712846e-34
1220100,0.0,-2.18626712627784e-47,9927.051530792365,0.9967586640797595,5.1498053330896325e-34
1220160,0.0,-2.186064832672788e-47,9927.051530792365,0.9967586640797595,5.149329019466418e-34
1220220,0.0,-2.1858625390677367e-47,9927.051530792365,0.9967586640797595,5.148852705843204e-34
1220280,0.0,-2.1856602454626847e-47,9927.051530792365,0.9967586640797595,5.148376392219989e-34
1220340,0.0,-2.1854579518576335e-47,9927.051530792365,0.9967586640797595,5.147900078596776e-34
1220400,0.0,-2.1852556582525815e-47,9927.051530792365,0.9967586640797595,5.147423764973562e-34
1220460,0.0,-2.18505336464753e-47,9927.051530792365,0.9967586640797595,5.146947451350348e-34
1220520,0.0,-2.1848510710424782e-47,9927.051530792365,0.9967586640797595,5.146471137727133e-34
1220580,0.0,-2.1846487774374267e-47,9927.051530792365,0.9967586640797595,5.145994824103919e-34
1220640,0.0,-2.184446483832375e-47,9927.051530792365,0.9967586640797595,5.145518510480705e-34
1220700,0.0,-2.1842441902273234e-47,9927.051530792365,0.9967586640797595,5.145042196857491e-34
1220760,0.0,-2.1840418966222717e-47,9927.051530792365,0.9967586640797595,5.144565883234276e-34
1220820,0.0,-2.1838396030172202e-47,9927.051530792365,0.9967586640797595,5.144089569611063e-34
1220880,0.0,-2.1836373094121684e-47,9927.051530792365,0.9967586640797595,5.143613255987849e-34
1220940,0.0,-2.183435015807117e-47,9927.051530792365,0.9967586640797595,5.143136942364635e-34
1221000,0.0,-2.1832327222020654e-47,9927.051530792365,0.9967586640797595,5.142660628741421e-34
1221060,0.0,-2.1830304285970136e-47,9927.051530792365,0.9967586640797595,5.142184315118206e-34
1221120,0.0,-2.182828134991962e-47,9927.051530792365,0.9967586640797595,5.1417080014949926e-34
1221180,0.0,-2.1826258413869104e-47,9927.051530792365,0.9967586640797595,5.141231687871778e-34
1221240,0.0,-2.1824235477818588e-47,9927.051530792365,0.9967586640797595,5.140755374248565e-34
1221300,0.0,-2.182221254176807e-47,9927.051530792365,0.9967586640797595,5.14027906062535e-34
1221360,0.0,-2.1820189605717556e-47,9927.051530792365,0.9967586640797595,5.1398027470021365e-34
1221420,0.0,-2.1818166669667038e-47,9927.051530792365,0.9967586640797595,5.139326433378922e-34
1221480,0.0,-2.1816143733616523e-47,9927.051530792365,0.9967586640797595,5.138850119755708e-34
1221540,0.0,-2.1814120797566003e-47,9927.051530792365,0.9967586640797595,5.138373806132493e-34
1221600,0.0,-2.181209786151549e-47,9927.051530792365,0.9967586640797595,5.1378974925092795e-34
1221660,0.0,-2.181007492546497e-47,9927.051530792365,0.9967586640797595,5.137421178886065e-34
1221720,0.0,-2.1808051989414458e-47,9927.051530792365,0.9967586640797595,5.136944865262852e-34
1221780,0.0,-2.1806029053363938e-47,9927.051530792365,0.9967586640797595,5.136468551639637e-34
1221840,0.0,-2.1804006117313423e-47,9927.051530792365,0.9967586640797595,5.135992238016423e-34
1221900,0.0,-2.1801983181262905e-47,9927.051530792365,0.9967586640797595,5.135515924393209e-34
1221960,0.0,-2.179996024521239e-47,9927.051530792365,0.9967586640797595,5.135039610769995e-34
1222020,0.0,-2.1797937309161872e-47,9927.051530792365,0.9967586640797595,5.13456329714678e-34
1222080,0.0,-2.1795914373111357e-47,9927.051530792365,0.9967586640797595,5.1340869835235664e-34
1222140,0.0,-2.179389143706084e-47,9927.051530792365,0.9967586640797595,5.133610669900352e-34
1222200,0.0,-2.1791868501010325e-47,9927.051530792365,0.9967586640797595,5.133134356277139e-34
1222260,0.0,-2.1789845564959807e-47,9927.051530792365,0.9967586640797595,5.132658042653924e-34
1222320,0.0,-2.1787822628909292e-47,9927.051530792365,0.9967586640797595,5.13218172903071e-34
1222380,0.0,-2.1785799692858774e-47,9927.051530792365,0.9967586640797595,5.131705415407496e-34
1222440,0.0,-2.178377675680826e-47,9927.051530792365,0.9967586640797595,5.131229101784282e-34
1222500,0.0,-2.1781753820757742e-47,9927.051530792365,0.9967586640797595,5.130752788161067e-34
1222560,0.0,-2.1779730884707227e-47,9927.051530792365,0.9967586640797595,5.130276474537853e-34
1222620,0.0,-2.1777707948656711e-47,9927.051530792365,0.9967586640797595,5.1298001609146404e-34
1222680,0.0,-2.1775685012606194e-47,9927.051530792365,0.9967586640797595,5.129323847291426e-34
1222740,0.0,-2.1773662076555679e-47,9927.051530792365,0.9967586640797595,5.128847533668212e-34
1222800,0.0,-2.1771639140505159e-47,9927.051530792365,0.9967586640797595,5.128371220044997e-34
1222860,0.0,-2.1769616204454646e-47,9927.051530792365,0.9967586640797595,5.1278949064217835e-34
1222920,0.0,-2.1767593268404126e-47,9927.051530792365,0.9967586640797595,5.127418592798569e-34
1222980,0.0,-2.1765570332353613e-47,9927.051530792365,0.9967586640797595,5.126942279175355e-34
1223040,0.0,-2.1763547396303093e-47,9927.051530792365,0.9967586640797595,5.126465965552141e-34
1223100,0.0,-2.1761524460252578e-47,9927.051530792365,0.9967586640797595,5.125989651928927e-34
1223160,0.0,-2.175950152420206e-47,9927.051530792365,0.9967586640797595,5.125513338305713e-34
1223220,0.0,-2.1757478588151546e-47,9927.051530792365,0.9967586640797595,5.125037024682499e-34
1223280,0.0,-2.1755455652101028e-47,9927.051530792365,0.9967586640797595,5.124560711059284e-34
1223340,0.0,-2.1753432716050513e-47,9927.051530792365,0.9967586640797595,5.12408439743607e-34
1223400,0.0,-2.1751409779999995e-47,9927.051530792365,0.9967586640797595,5.123608083812856e-34
1223460,0.0,-2.174938684394948e-47,9927.051530792365,0.9967586640797595,5.123131770189642e-34
1223520,0.0,-2.1747363907898963e-47,9927.051530792365,0.9967586640797595,5.122655456566428e-34
1223580,0.0,-2.1745340971848448e-47,9927.051530792365,0.9967586640797595,5.122179142943214e-34
1223640,0.0,-2.174331803579793e-47,9927.051530792365,0.9967586640797595,5.12170282932e-34
1223700,0.0,-2.1741295099747415e-47,9927.051530792365,0.9967586640797595,5.121226515696786e-34
1223760,0.0,-2.1739272163696897e-47,9927.051530792365,0.9967586640797595,5.120750202073571e-34
1223820,0.0,-2.1737249227646382e-47,9927.051530792365,0.9967586640797595,5.120273888450357e-34
1223880,0.0,-2.1735226291595862e-47,9927.051530792365,0.9967586640797595,5.119797574827143e-34
1223940,0.0,-2.173320335554535e-47,9927.051530792365,0.9967586640797595,5.11932126120393e-34
1224000,0.0,-2.173118041949483e-47,9927.051530792365,0.9967586640797595,5.118844947580715e-34
1224060,0.0,-2.1729157483444317e-47,9927.051530792365,0.9967586640797595,5.118368633957501e-34
1224120,0.0,-2.1727134547393797e-47,9927.051530792365,0.9967586640797595,5.117892320334287e-34
1224180,0.0,-2.1725111611343282e-47,9927.051530792365,0.9967586640797595,5.117416006711073e-34
1224240,0.0,-2.172308867529277e-47,9927.051530792365,0.9967586640797595,5.116939693087859e-34
1224300,0.0,-2.172106573924225e-47,9927.051530792365,0.9967586640797595,5.116463379464644e-34
1224360,0.0,-2.1719042803191736e-47,9927.051530792365,0.9967586640797595,5.1159870658414305e-34
1224420,0.0,-2.1717019867141216e-47,9927.051530792365,0.9967586640797595,5.115510752218217e-34
1224480,0.0,-2.17149969310907e-47,9927.051530792365,0.9967586640797595,5.115034438595003e-34
1224540,0.0,-2.1712973995040184e-47,9927.051530792365,0.9967586640797595,5.114558124971788e-34
1224600,0.0,-2.1710951058989669e-47,9927.051530792365,0.9967586640797595,5.114081811348574e-34
1224660,0.0,-2.170892812293915e-47,9927.051530792365,0.9967586640797595,5.11360549772536e-34
1224720,0.0,-2.1706905186888636e-47,9927.051530792365,0.9967586640797595,5.113129184102146e-34
1224780,0.0,-2.1704882250838118e-47,9927.051530792365,0.9967586640797595,5.112652870478931e-34
1224840,0.0,-2.1702859314787603e-47,9927.051530792365,0.9967586640797595,5.112176556855718e-34
1224900,0.0,-2.1700836378737086e-47,9927.051530792365,0.9967586640797595,5.111700243232504e-34
1224960,0.0,-2.169881344268657e-47,9927.051530792365,0.9967586640797595,5.11122392960929e-34
1225020,0.0,-2.1696790506636053e-47,9927.051530792365,0.9967586640797595,5.110747615986075e-34
1225080,0.0,-2.1694767570585538e-47,9927.051530792365,0.9967586640797595,5.110271302362861e-34
1225140,0.0,-2.169274463453502e-47,9927.051530792365,0.9967586640797595,5.109794988739647e-34
1225200,0.0,-2.1690721698484505e-47,9927.051530792365,0.9967586640797595,5.109318675116433e-34
1225260,0.0,-2.1688698762433985e-47,9927.051530792365,0.9967586640797595,5.108842361493218e-34
1225320,0.0,-2.1686675826383472e-47,9927.051530792365,0.9967586640797595,5.108366047870005e-34
1225380,0.0,-2.1684652890332952e-47,9927.051530792365,0.9967586640797595,5.1078897342467906e-34
1225440,0.0,-2.168262995428244e-47,9927.051530792365,0.9967586640797595,5.107413420623577e-34
1225500,0.0,-2.168060701823192e-47,9927.051530792365,0.9967586640797595,5.106937107000362e-34
1225560,0.0,-2.1678584082181405e-47,9927.051530792365,0.9967586640797595,5.106460793377148e-34
1225620,0.0,-2.1676561146130887e-47,9927.051530792365,0.9967586640797595,5.105984479753934e-34
1225680,0.0,-2.1674538210080372e-47,9927.051530792365,0.9967586640797595,5.10550816613072e-34
1225740,0.0,-2.1672515274029854e-47,9927.051530792365,0.9967586640797595,5.105031852507506e-34
1225800,0.0,-2.167049233797934e-47,9927.051530792365,0.9967586640797595,5.104555538884292e-34
1225860,0.0,-2.1668469401928822e-47,9927.051530792365,0.9967586640797595,5.1040792252610775e-34
1225920,0.0,-2.1666446465878307e-47,9927.051530792365,0.9967586640797595,5.103602911637864e-34
1225980,0.0,-2.1664423529827791e-47,9927.051530792365,0.9967586640797595,5.10312659801465e-34
1226040,0.0,-2.1662400593777274e-47,9927.051530792365,0.9967586640797595,5.102650284391435e-34
1226100,0.0,-2.1660377657726759e-47,9927.051530792365,0.9967586640797595,5.102173970768221e-34
1226160,0.0,-2.1658354721676241e-47,9927.051530792365,0.9967586640797595,5.101697657145007e-34
1226220,0.0,-2.1656331785625726e-47,9927.051530792365,0.9967586640797595,5.101221343521794e-34
1226280,0.0,-2.1654308849575209e-47,9927.051530792365,0.9967586640797595,5.100745029898579e-34
1226340,0.0,-2.1652285913524693e-47,9927.051530792365,0.9967586640797595,5.100268716275365e-34
1226400,0.0,-2.1650262977474176e-47,9927.051530792365,0.9967586640797595,5.099792402652151e-34
1226460,0.0,-2.164824004142366e-47,9927.051530792365,0.9967586640797595,5.099316089028937e-34
1226520,0.0,-2.164621710537314e-47,9927.051530792365,0.9967586640797595,5.098839775405722e-34
1226580,0.0,-2.1644194169322628e-47,9927.051530792365,0.9967586640797595,5.098363461782508e-34
1226640,0.0,-2.1642171233272108e-47,9927.051530792365,0.9967586640797595,5.0978871481592945e-34
1226700,0.0,-2.1640148297221595e-47,9927.051530792365,0.9967586640797595,5.097410834536081e-34
1226760,0.0,-2.1638125361171075e-47,9927.051530792365,0.9967586640797595,5.096934520912866e-34
1226820,0.0,-2.163610242512056e-47,9927.051530792365,0.9967586640797595,5.096458207289652e-34
1226880,0.0,-2.1634079489070043e-47,9927.051530792365,0.9967586640797595,5.095981893666438e-34
1226940,0.0,-2.1632056553019528e-47,9927.051530792365,0.9967586640797595,5.095505580043224e-34
1227000,0.0,-2.163003361696901e-47,9927.051530792365,0.9967586640797595,5.095029266420009e-34
1227060,0.0,-2.1628010680918495e-47,9927.051530792365,0.9967586640797595,5.094552952796795e-34
1227120,0.0,-2.1625987744867977e-47,9927.051530792365,0.9967586640797595,5.0940766391735815e-34
1227180,0.0,-2.1623964808817462e-47,9927.051530792365,0.9967586640797595,5.093600325550368e-34
1227240,0.0,-2.1621941872766945e-47,9927.051530792365,0.9967586640797595,5.093124011927153e-34
1227300,0.0,-2.161991893671643e-47,9927.051530792365,0.9967586640797595,5.092647698303939e-34
1227360,0.0,-2.1617896000665912e-47,9927.051530792365,0.9967586640797595,5.0921713846807245e-34
1227420,0.0,-2.1615873064615397e-47,9927.051530792365,0.9967586640797595,5.091695071057511e-34
1227480,0.0,-2.161385012856488e-47,9927.051530792365,0.9967586640797595,5.091218757434296e-34
1227540,0.0,-2.1611827192514364e-47,9927.051530792365,0.9967586640797595,5.090742443811083e-34
1227600,0.0,-2.160980425646385e-47,9927.051530792365,0.9967586640797595,5.090266130187869e-34
1227660,0.0,-2.1607781320413331e-47,9927.051530792365,0.9967586640797595,5.089789816564655e-34
1227720,0.0,-2.1605758384362816e-47,9927.051530792365,0.9967586640797595,5.089313502941441e-34
1227780,0.0,-2.16037354483123e-47,9927.051530792365,0.9967586640797595,5.088837189318226e-34
1227840,0.0,-2.1601712512261784e-47,9927.051530792365,0.9967586640797595,5.088360875695012e-34
1227900,0.0,-2.1599689576211264e-47,9927.051530792365,0.9967586640797595,5.087884562071798e-34
1227960,0.0,-2.159766664016075e-47,9927.051530792365,0.9967586640797595,5.087408248448584e-34
1228020,0.0,-2.159564370411023e-47,9927.051530792365,0.9967586640797595,5.08693193482537e-34
1228080,0.0,-2.1593620768059718e-47,9927.051530792365,0.9967586640797595,5.086455621202156e-34
1228140,0.0,-2.1591597832009198e-47,9927.051530792365,0.9967586640797595,5.0859793075789416e-34
1228200,0.0,-2.1589574895958683e-47,9927.051530792365,0.9967586640797595,5.085502993955728e-34
1228260,0.0,-2.1587551959908166e-47,9927.051530792365,0.9967586640797595,5.085026680332513e-34
1228320,0.0,-2.158552902385765e-47,9927.051530792365,0.9967586640797595,5.084550366709299e-34
1228380,0.0,-2.1583506087807133e-47,9927.051530792365,0.9967586640797595,5.084074053086085e-34
1228440,0.0,-2.1581483151756618e-47,9927.051530792365,0.9967586640797595,5.083597739462872e-34
1228500,0.0,-2.15794602157061e-47,9927.051530792365,0.9967586640797595,5.083121425839657e-34
1228560,0.0,-2.1577437279655585e-47,9927.051530792365,0.9967586640797595,5.082645112216443e-34
1228620,0.0,-2.1575414343605068e-47,9927.051530792365,0.9967586640797595,5.0821687985932285e-34
1228680,0.0,-2.1573391407554552e-47,9927.051530792365,0.9967586640797595,5.081692484970015e-34
1228740,0.0,-2.1571368471504035e-47,9927.051530792365,0.9967586640797595,5.0812161713468e-34
1228800,0.0,-2.156934553545352e-47,9927.051530792365,0.9967586640797595,5.080739857723586e-34
1228860,0.0,-2.1567322599403e-47,9927.051530792365,0.9967586640797595,5.0802635441003716e-34
1228920,0.0,-2.1565299663352487e-47,9927.051530792365,0.9967586640797595,5.079787230477159e-34
1228980,0.0,-2.1563276727301967e-47,9927.051530792365,0.9967586640797595,5.079310916853944e-34
1229040,0.0,-2.1561253791251454e-47,9927.051530792365,0.9967586640797595,5.07883460323073e-34
1229100,0.0,-2.1559230855200934e-47,9927.051530792365,0.9967586640797595,5.0783582896075155e-34
1229160,0.0,-2.155720791915042e-47,9927.051530792365,0.9967586640797595,5.077881975984302e-34
1229220,0.0,-2.1555184983099902e-47,9927.051530792365,0.9967586640797595,5.077405662361087e-34
1229280,0.0,-2.1553162047049387e-47,9927.051530792365,0.9967586640797595,5.076929348737873e-34
1229340,0.0,-2.1551139110998874e-47,9927.051530792365,0.9967586640797595,5.07645303511466e-34
1229400,0.0,-2.1549116174948354e-47,9927.051530792365,0.9967586640797595,5.0759767214914455e-34
1229460,0.0,-2.154709323889784e-47,9927.051530792365,0.9967586640797595,5.075500407868232e-34
1229520,0.0,-2.1545070302847321e-47,9927.051530792365,0.9967586640797595,5.075024094245017e-34
1229580,0.0,-2.1543047366796806e-47,9927.051530792365,0.9967586640797595,5.074547780621803e-34
1229640,0.0,-2.1541024430746289e-47,9927.051530792365,0.9967586640797595,5.074071466998589e-34
1229700,0.0,-2.1539001494695773e-47,9927.051530792365,0.9967586640797595,5.073595153375375e-34
1229760,0.0,-2.1536978558645256e-47,9927.051530792365,0.9967586640797595,5.07311883975216e-34
1229820,0.0,-2.153495562259474e-47,9927.051530792365,0.9967586640797595,5.072642526128947e-34
1229880,0.0,-2.1532932686544223e-47,9927.051530792365,0.9967586640797595,5.0721662125057325e-34
1229940,0.0,-2.1530909750493708e-47,9927.051530792365,0.9967586640797595,5.071689898882519e-34
1230000,0.0,-2.152888681444319e-47,9927.051530792365,0.9967586640797595,5.071213585259304e-34
1230060,0.0,-2.1526863878392675e-47,9927.051530792365,0.9967586640797595,5.07073727163609e-34
1230120,0.0,-2.1524840942342158e-47,9927.051530792365,0.9967586640797595,5.0702609580128755e-34
1230180,0.0,-2.1522818006291643e-47,9927.051530792365,0.9967586640797595,5.069784644389662e-34
1230240,0.0,-2.1520795070241123e-47,9927.051530792365,0.9967586640797595,5.069308330766448e-34
1230300,0.0,-2.151877213419061e-47,9927.051530792365,0.9967586640797595,5.068832017143234e-34
1230360,0.0,-2.151674919814009e-47,9927.051530792365,0.9967586640797595,5.0683557035200194e-34
1230420,0.0,-2.1514726262089577e-47,9927.051530792365,0.9967586640797595,5.067879389896806e-34
1230480,0.0,-2.1512703326039057e-47,9927.051530792365,0.9967586640797595,5.067403076273591e-34
1230540,0.0,-2.1510680389988542e-47,9927.051530792365,0.9967586640797595,5.066926762650377e-34
1230600,0.0,-2.1508657453938025e-47,9927.051530792365,0.9967586640797595,5.0664504490271625e-34
1230660,0.0,-2.150663451788751e-47,9927.051530792365,0.9967586640797595,5.065974135403949e-34
1230720,0.0,-2.1504611581836992e-47,9927.051530792365,0.9967586640797595,5.065497821780735e-34
1230780,0.0,-2.1502588645786477e-47,9927.051530792365,0.9967586640797595,5.065021508157521e-34
1230840,0.0,-2.150056570973596e-47,9927.051530792365,0.9967586640797595,5.064545194534306e-34
1230900,0.0,-2.1498542773685444e-47,9927.051530792365,0.9967586640797595,5.0640688809110926e-34
1230960,0.0,-2.149651983763493e-47,9927.051530792365,0.9967586640797595,5.063592567287879e-34
1231020,0.0,-2.1494496901584412e-47,9927.051530792365,0.9967586640797595,5.063116253664664e-34
1231080,0.0,-2.1492473965533896e-47,9927.051530792365,0.9967586640797595,5.06263994004145e-34
1231140,0.0,-2.149045102948338e-47,9927.051530792365,0.9967586640797595,5.0621636264182365e-34
1231200,0.0,-2.1488428093432864e-47,9927.051530792365,0.9967586640797595,5.061687312795023e-34
1231260,0.0,-2.1486405157382346e-47,9927.051530792365,0.9967586640797595,5.061210999171808e-34
1231320,0.0,-2.148438222133183e-47,9927.051530792365,0.9967586640797595,5.060734685548594e-34
1231380,0.0,-2.1482359285281314e-47,9927.051530792365,0.9967586640797595,5.0602583719253795e-34
1231440,0.0,-2.1480336349230798e-47,9927.051530792365,0.9967586640797595,5.059782058302166e-34
1231500,0.0,-2.1478313413180278e-47,9927.051530792365,0.9967586640797595,5.059305744678951e-34
1231560,0.0,-2.1476290477129766e-47,9927.051530792365,0.9967586640797595,5.058829431055738e-34
1231620,0.0,-2.1474267541079246e-47,9927.051530792365,0.9967586640797595,5.058353117432523e-34
1231680,0.0,-2.1472244605028733e-47,9927.051530792365,0.9967586640797595,5.05787680380931e-34
1231740,0.0,-2.1470221668978213e-47,9927.051530792365,0.9967586640797595,5.057400490186095e-34
1231800,0.0,-2.1468198732927698e-47,9927.051530792365,0.9967586640797595,5.056924176562881e-34
1231860,0.0,-2.146617579687718e-47,9927.051530792365,0.9967586640797595,5.0564478629396664e-34
1231920,0.0,-2.1464152860826665e-47,9927.051530792365,0.9967586640797595,5.055971549316453e-34
1231980,0.0,-2.1462129924776148e-47,9927.051530792365,0.9967586640797595,5.055495235693238e-34
1232040,0.0,-2.1460106988725633e-47,9927.051530792365,0.9967586640797595,5.055018922070025e-34
1232100,0.0,-2.1458084052675115e-47,9927.051530792365,0.9967586640797595,5.05454260844681e-34
1232160,0.0,-2.14560611166246e-47,9927.051530792365,0.9967586640797595,5.0540662948235965e-34
1232220,0.0,-2.1454038180574082e-47,9927.051530792365,0.9967586640797595,5.053589981200382e-34
1232280,0.0,-2.1452015244523567e-47,9927.051530792365,0.9967586640797595,5.053113667577168e-34
1232340,0.0,-2.144999230847305e-47,9927.051530792365,0.9967586640797595,5.052637353953953e-34
1232400,0.0,-2.1447969372422534e-47,9927.051530792365,0.9967586640797595,5.05216104033074e-34
1232460,0.0,-2.1445946436372017e-47,9927.051530792365,0.9967586640797595,5.051684726707525e-34
1232520,0.0,-2.1443923500321502e-47,9927.051530792365,0.9967586640797595,5.051208413084312e-34
1232580,0.0,-2.1441900564270982e-47,9927.051530792365,0.9967586640797595,5.050732099461097e-34
1232640,0.0,-2.143987762822047e-47,9927.051530792365,0.9967586640797595,5.0502557858378835e-34
1232700,0.0,-2.1437854692169954e-47,9927.051530792365,0.9967586640797595,5.04977947221467e-34
1232760,0.0,-2.1435831756119436e-47,9927.051530792365,0.9967586640797595,5.049303158591455e-34
1232820,0.0,-2.1433808820068921e-47,9927.051530792365,0.9967586640797595,5.048826844968241e-34
1232880,0.0,-2.1431785884018401e-47,9927.051530792365,0.9967586640797595,5.0483505313450265e-34
1232940,0.0,-2.1429762947967889e-47,9927.051530792365,0.9967586640797595,5.0478742177218136e-34
1233000,0.0,-2.1427740011917369e-47,9927.051530792365,0.9967586640797595,5.047397904098599e-34
1233060,0.0,-2.1425717075866856e-47,9927.051530792365,0.9967586640797595,5.046921590475385e-34
1233120,0.0,-2.1423694139816336e-47,9927.051530792365,0.9967586640797595,5.04644527685217e-34
1233180,0.0,-2.142167120376582e-47,9927.051530792365,0.9967586640797595,5.045968963228957e-34
1233240,0.0,-2.1419648267715303e-47,9927.051530792365,0.9967586640797595,5.045492649605742e-34
1233300,0.0,-2.1417625331664788e-47,9927.051530792365,0.9967586640797595,5.045016335982528e-34
1233360,0.0,-2.141560239561427e-47,9927.051530792365,0.9967586640797595,5.0445400223593135e-34
1233420,0.0,-2.1413579459563755e-47,9927.051530792365,0.9967586640797595,5.0440637087361005e-34
1233480,0.0,-2.1411556523513238e-47,9927.051530792365,0.9967586640797595,5.043587395112886e-34
1233540,0.0,-2.1409533587462723e-47,9927.051530792365,0.9967586640797595,5.043111081489672e-34
1233600,0.0,-2.1407510651412205e-47,9927.051530792365,0.9967586640797595,5.042634767866457e-34
1233660,0.0,-2.140548771536169e-47,9927.051530792365,0.9967586640797595,5.0421584542432436e-34
1233720,0.0,-2.1403464779311173e-47,9927.051530792365,0.9967586640797595,5.041682140620029e-34
1233780,0.0,-2.1401441843260657e-47,9927.051530792365,0.9967586640797595,5.041205826996815e-34
1233840,0.0,-2.139941890721014e-47,9927.051530792365,0.9967586640797595,5.040729513373601e-34
1233900,0.0,-2.1397395971159625e-47,9927.051530792365,0.9967586640797595,5.0402531997503875e-34
1233960,0.0,-2.1395373035109105e-47,9927.051530792365,0.9967586640797595,5.039776886127173e-34
1234020,0.0,-2.1393350099058592e-47,9927.051530792365,0.9967586640797595,5.039300572503959e-34
1234080,0.0,-2.1391327163008072e-47,9927.051530792365,0.9967586640797595,5.038824258880744e-34
1234140,0.0,-2.1389304226957557e-47,9927.051530792365,0.9967586640797595,5.0383479452575305e-34
1234200,0.0,-2.138728129090704e-47,9927.051530792365,0.9967586640797595,5.037871631634316e-34
1234260,0.0,-2.1385258354856524e-47,9927.051530792365,0.9967586640797595,5.037395318011102e-34
1234320,0.0,-2.1383235418806012e-47,9927.051530792365,0.9967586640797595,5.036919004387889e-34
1234380,0.0,-2.1381212482755492e-47,9927.051530792365,0.9967586640797595,5.036442690764674e-34
1234440,0.0,-2.1379189546704976e-47,9927.051530792365,0.9967586640797595,5.035966377141461e-34
1234500,0.0,-2.137716661065446e-47,9927.051530792365,0.9967586640797595,5.035490063518246e-34
1234560,0.0,-2.1375143674603944e-47,9927.051530792365,0.9967586640797595,5.035013749895032e-34
1234620,0.0,-2.1373120738553426e-47,9927.051530792365,0.9967586640797595,5.0345374362718174e-34
1234680,0.0,-2.137109780250291e-47,9927.051530792365,0.9967586640797595,5.034061122648604e-34
1234740,0.0,-2.1369074866452394e-47,9927.051530792365,0.9967586640797595,5.03358480902539e-34
1234800,0.0,-2.1367051930401878e-47,9927.051530792365,0.9967586640797595,5.033108495402176e-34
1234860,0.0,-2.136502899435136e-47,9927.051530792365,0.9967586640797595,5.032632181778961e-34
1234920,0.0,-2.1363006058300846e-47,9927.051530792365,0.9967586640797595,5.0321558681557475e-34
1234980,0.0,-2.1360983122250328e-47,9927.051530792365,0.9967586640797595,5.031679554532533e-34
1235040,0.0,-2.1358960186199813e-47,9927.051530792365,0.9967586640797595,5.031203240909319e-34
1235100,0.0,-2.1356937250149296e-47,9927.051530792365,0.9967586640797595,5.030726927286104e-34
1235160,0.0,-2.135491431409878e-47,9927.051530792365,0.9967586640797595,5.0302506136628914e-34
1235220,0.0,-2.135289137804826e-47,9927.051530792365,0.9967586640797595,5.029774300039677e-34
1235280,0.0,-2.1350868441997748e-47,9927.051530792365,0.9967586640797595,5.029297986416463e-34
1235340,0.0,-2.1348845505947228e-47,9927.051530792365,0.9967586640797595,5.028821672793248e-34
1235400,0.0,-2.1346822569896715e-47,9927.051530792365,0.9967586640797595,5.0283453591700345e-34
1235460,0.0,-2.1344799633846195e-47,9927.051530792365,0.9967586640797595,5.02786904554682e-34
1235520,0.0,-2.134277669779568e-47,9927.051530792365,0.9967586640797595,5.027392731923606e-34
1235580,0.0,-2.1340753761745162e-47,9927.051530792365,0.9967586640797595,5.026916418300391e-34
1235640,0.0,-2.1338730825694647e-47,9927.051530792365,0.9967586640797595,5.026440104677178e-34
1235700,0.0,-2.133670788964413e-47,9927.051530792365,0.9967586640797595,5.025963791053964e-34
1235760,0.0,-2.1334684953593615e-47,9927.051530792365,0.9967586640797595,5.02548747743075e-34
1235820,0.0,-2.1332662017543097e-47,9927.051530792365,0.9967586640797595,5.025011163807535e-34
1235880,0.0,-2.1330639081492582e-47,9927.051530792365,0.9967586640797595,5.024534850184321e-34
1235940,0.0,-2.1328616145442067e-47,9927.051530792365,0.9967586640797595,5.024058536561108e-34
1236000,0.0,-2.132659320939155e-47,9927.051530792365,0.9967586640797595,5.023582222937893e-34
1236060,0.0,-2.1324570273341034e-47,9927.051530792365,0.9967586640797595,5.02310590931468e-34
1236120,0.0,-2.1322547337290517e-47,9927.051530792365,0.9967586640797595,5.022629595691465e-34
1236180,0.0,-2.1320524401240001e-47,9927.051530792365,0.9967586640797595,5.0221532820682515e-34
1236240,0.0,-2.1318501465189484e-47,9927.051530792365,0.9967586640797595,5.021676968445037e-34
1236300,0.0,-2.1316478529138969e-47,9927.051530792365,0.9967586640797595,5.021200654821823e-34
1236360,0.0,-2.131445559308845e-47,9927.051530792365,0.9967586640797595,5.020724341198608e-34
1236420,0.0,-2.1312432657037936e-47,9927.051530792365,0.9967586640797595,5.0202480275753946e-34
1236480,0.0,-2.1310409720987418e-47,9927.051530792365,0.9967586640797595,5.01977171395218e-34
1236540,0.0,-2.1308386784936903e-47,9927.051530792365,0.9967586640797595,5.019295400328967e-34
1236600,0.0,-2.1306363848886383e-47,9927.051530792365,0.9967586640797595,5.018819086705752e-34
1236660,0.0,-2.130434091283587e-47,9927.051530792365,0.9967586640797595,5.0183427730825385e-34
1236720,0.0,-2.130231797678535e-47,9927.051530792365,0.9967586640797595,5.017866459459324e-34
1236780,0.0,-2.1300295040734838e-47,9927.051530792365,0.9967586640797595,5.01739014583611e-34
1236840,0.0,-2.1298272104684318e-47,9927.051530792365,0.9967586640797595,5.016913832212895e-34
1236900,0.0,-2.1296249168633803e-47,9927.051530792365,0.9967586640797595,5.0164375185896815e-34
1236960,0.0,-2.1294226232583285e-47,9927.051530792365,0.9967586640797595,5.015961204966467e-34
1237020,0.0,-2.129220329653277e-47,9927.051530792365,0.9967586640797595,5.015484891343254e-34
1237080,0.0,-2.1290180360482253e-47,9927.051530792365,0.9967586640797595,5.015008577720039e-34
1237140,0.0,-2.1288157424431738e-47,9927.051530792365,0.9967586640797595,5.014532264096825e-34
1237200,0.0,-2.128613448838122e-47,9927.051530792365,0.9967586640797595,5.014055950473611e-34
1237260,0.0,-2.1284111552330705e-47,9927.051530792365,0.9967586640797595,5.013579636850397e-34
1237320,0.0,-2.1282088616280187e-47,9927.051530792365,0.9967586640797595,5.013103323227182e-34
1237380,0.0,-2.1280065680229672e-47,9927.051530792365,0.9967586640797595,5.0126270096039684e-34
1237440,0.0,-2.1278042744179155e-47,9927.051530792365,0.9967586640797595,5.012150695980755e-34
1237500,0.0,-2.127601980812864e-47,9927.051530792365,0.9967586640797595,5.011674382357541e-34
1237560,0.0,-2.127399687207812e-47,9927.051530792365,0.9967586640797595,5.011198068734326e-34
1237620,0.0,-2.1271973936027607e-47,9927.051530792365,0.9967586640797595,5.010721755111112e-34
1237680,0.0,-2.1269950999977092e-47,9927.051530792365,0.9967586640797595,5.0102454414878985e-34
1237740,0.0,-2.1267928063926574e-47,9927.051530792365,0.9967586640797595,5.009769127864684e-34
1237800,0.0,-2.126590512787606e-47,9927.051530792365,0.9967586640797595,5.00929281424147e-34
1237860,0.0,-2.126388219182554e-47,9927.051530792365,0.9967586640797595,5.008816500618256e-34
1237920,0.0,-2.1261859255775026e-47,9927.051530792365,0.9967586640797595,5.008340186995042e-34
1237980,0.0,-2.1259836319724506e-47,9927.051530792365,0.9967586640797595,5.007863873371828e-34
1238040,0.0,-2.1257813383673994e-47,9927.051530792365,0.9967586640797595,5.007387559748614e-34
1238100,0.0,-2.1255790447623474e-47,9927.051530792365,0.9967586640797595,5.006911246125399e-34
1238160,0.0,-2.1253767511572959e-47,9927.051530792365,0.9967586640797595,5.0064349325021855e-34
1238220,0.0,-2.125174457552244e-47,9927.051530792365,0.9967586640797595,5.005958618878971e-34
1238280,0.0,-2.1249721639471926e-47,9927.051530792365,0.9967586640797595,5.005482305255757e-34
1238340,0.0,-2.1247698703421408e-47,9927.051530792365,0.9967586640797595,5.005005991632543e-34
1238400,0.0,-2.1245675767370893e-47,9927.051530792365,0.9967586640797595,5.004529678009329e-34
1238460,0.0,-2.1243652831320376e-47,9927.051530792365,0.9967586640797595,5.004053364386115e-34
1238520,0.0,-2.124162989526986e-47,9927.051530792365,0.9967586640797595,5.003577050762901e-34
1238580,0.0,-2.1239606959219343e-47,9927.051530792365,0.9967586640797595,5.003100737139686e-34
1238640,0.0,-2.1237584023168828e-47,9927.051530792365,0.9967586640797595,5.002624423516472e-34
1238700,0.0,-2.123556108711831e-47,9927.051530792365,0.9967586640797595,5.002148109893258e-34
1238760,0.0,-2.1233538151067795e-47,9927.051530792365,0.9967586640797595,5.001671796270045e-34
1238820,0.0,-2.1231515215017278e-47,9927.051530792365,0.9967586640797595,5.00119548264683e-34
1238880,0.0,-2.1229492278966762e-47,9927.051530792365,0.9967586640797595,5.000719169023616e-34
1238940,0.0,-2.1227469342916242e-47,9927.051530792365,0.9967586640797595,5.000242855400402e-34
1239000,0.0,-2.122544640686573e-47,9927.051530792365,0.9967586640797595,4.999766541777188e-34
1239060,0.0,-2.122342347081521e-47,9927.051530792365,0.9967586640797595,4.999290228153973e-34
1239120,0.0,-2.1221400534764697e-47,9927.051530792365,0.9967586640797595,4.998813914530759e-34
1239180,0.0,-2.1219377598714177e-47,9927.051530792365,0.9967586640797595,4.998337600907545e-34
1239240,0.0,-2.1217354662663662e-47,9927.051530792365,0.9967586640797595,4.997861287284332e-34
1239300,0.0,-2.121533172661315e-47,9927.051530792365,0.9967586640797595,4.997384973661118e-34
1239360,0.0,-2.121330879056263e-47,9927.051530792365,0.9967586640797595,4.996908660037903e-34
1239420,0.0,-2.1211285854512117e-47,9927.051530792365,0.9967586640797595,4.9964323464146894e-34
1239480,0.0,-2.1209262918461597e-47,9927.051530792365,0.9967586640797595,4.995956032791475e-34
1239540,0.0,-2.1207239982411081e-47,9927.051530792365,0.9967586640797595,4.995479719168261e-34
1239600,0.0,-2.1205217046360564e-47,9927.051530792365,0.9967586640797595,4.995003405545046e-34
1239660,0.0,-2.1203194110310049e-47,9927.051530792365,0.9967586640797595,4.994527091921833e-34
1239720,0.0,-2.1201171174259531e-47,9927.051530792365,0.9967586640797595,4.994050778298619e-34
1239780,0.0,-2.1199148238209016e-47,9927.051530792365,0.9967586640797595,4.993574464675405e-34
1239840,0.0,-2.1197125302158499e-47,9927.051530792365,0.9967586640797595,4.99309815105219e-34
1239900,0.0,-2.1195102366107983e-47,9927.051530792365,0.9967586640797595,4.992621837428976e-34
1239960,0.0,-2.1193079430057466e-47,9927.051530792365,0.9967586640797595,4.992145523805762e-34
1240020,0.0,-2.119105649400695e-47,9927.051530792365,0.9967586640797595,4.991669210182548e-34
1240080,0.0,-2.1189033557956433e-47,9927.051530792365,0.9967586640797595,4.991192896559333e-34
1240140,0.0,-2.1187010621905918e-47,9927.051530792365,0.9967586640797595,4.99071658293612e-34
1240200,0.0,-2.1184987685855398e-47,9927.051530792365,0.9967586640797595,4.990240269312906e-34
1240260,0.0,-2.1182964749804885e-47,9927.051530792365,0.9967586640797595,4.989763955689692e-34
1240320,0.0,-2.1180941813754365e-47,9927.051530792365,0.9967586640797595,4.989287642066477e-34
1240380,0.0,-2.1178918877703853e-47,9927.051530792365,0.9967586640797595,4.988811328443263e-34
1240440,0.0,-2.1176895941653333e-47,9927.051530792365,0.9967586640797595,4.988335014820049e-34
1240500,0.0,-2.1174873005602818e-47,9927.051530792365,0.9967586640797595,4.987858701196835e-34
1240560,0.0,-2.11728500695523e-47,9927.051530792365,0.9967586640797595,4.987382387573621e-34
1240620,0.0,-2.1170827133501785e-47,9927.051530792365,0.9967586640797595,4.986906073950407e-34
1240680,0.0,-2.1168804197451267e-47,9927.051530792365,0.9967586640797595,4.9864297603271926e-34
1240740,0.0,-2.1166781261400752e-47,9927.051530792365,0.9967586640797595,4.985953446703979e-34
1240800,0.0,-2.1164758325350235e-47,9927.051530792365,0.9967586640797595,4.985477133080764e-34
1240860,0.0,-2.116273538929972e-47,9927.051530792365,0.9967586640797595,4.98500081945755e-34
1240920,0.0,-2.1160712453249202e-47,9927.051530792365,0.9967586640797595,4.984524505834336e-34
1240980,0.0,-2.1158689517198687e-47,9927.051530792365,0.9967586640797595,4.984048192211122e-34
1241040,0.0,-2.1156666581148172e-47,9927.051530792365,0.9967586640797595,4.983571878587909e-34
1241100,0.0,-2.1154643645097654e-47,9927.051530792365,0.9967586640797595,4.983095564964694e-34
1241160,0.0,-2.115262070904714e-47,9927.051530792365,0.9967586640797595,4.98261925134148e-34
1241220,0.0,-2.1150597772996621e-47,9927.051530792365,0.9967586640797595,4.982142937718266e-34
1241280,0.0,-2.1148574836946106e-47,9927.051530792365,0.9967586640797595,4.981666624095052e-34
1241340,0.0,-2.114655190089559e-47,9927.051530792365,0.9967586640797595,4.981190310471837e-34
1241400,0.0,-2.1144528964845074e-47,9927.051530792365,0.9967586640797595,4.980713996848623e-34
1241460,0.0,-2.1142506028794556e-47,9927.051530792365,0.9967586640797595,4.98023768322541e-34
1241520,0.0,-2.114048309274404e-47,9927.051530792365,0.9967586640797595,4.979761369602196e-34
1241580,0.0,-2.113846015669352e-47,9927.051530792365,0.9967586640797595,4.979285055978981e-34
1241640,0.0,-2.1136437220643008e-47,9927.051530792365,0.9967586640797595,4.978808742355767e-34
1241700,0.0,-2.1134414284592488e-47,9927.051530792365,0.9967586640797595,4.978332428732553e-34
1241760,0.0,-2.1132391348541976e-47,9927.051530792365,0.9967586640797595,4.977856115109339e-34
1241820,0.0,-2.1130368412491456e-47,9927.051530792365,0.9967586640797595,4.977379801486124e-34
1241880,0.0,-2.112834547644094e-47,9927.051530792365,0.9967586640797595,4.97690348786291e-34
1241940,0.0,-2.1126322540390423e-47,9927.051530792365,0.9967586640797595,4.9764271742396965e-34
1242000,0.0,-2.1124299604339908e-47,9927.051530792365,0.9967586640797595,4.975950860616483e-34
1242060,0.0,-2.112227666828939e-47,9927.051530792365,0.9967586640797595,4.975474546993268e-34
1242120,0.0,-2.1120253732238875e-47,9927.051530792365,0.9967586640797595,4.974998233370054e-34
1242180,0.0,-2.1118230796188358e-47,9927.051530792365,0.9967586640797595,4.97452191974684e-34
1242240,0.0,-2.1116207860137842e-47,9927.051530792365,0.9967586640797595,4.974045606123626e-34
1242300,0.0,-2.1114184924087325e-47,9927.051530792365,0.9967586640797595,4.973569292500411e-34
1242360,0.0,-2.111216198803681e-47,9927.051530792365,0.9967586640797595,4.973092978877198e-34
1242420,0.0,-2.1110139051986292e-47,9927.051530792365,0.9967586640797595,4.9726166652539835e-34
1242480,0.0,-2.1108116115935777e-47,9927.051530792365,0.9967586640797595,4.97214035163077e-34
1242540,0.0,-2.110609317988526e-47,9927.051530792365,0.9967586640797595,4.971664038007555e-34
1242600,0.0,-2.1104070243834744e-47,9927.051530792365,0.9967586640797595,4.971187724384341e-34
1242660,0.0,-2.110204730778423e-47,9927.051530792365,0.9967586640797595,4.970711410761127e-34
1242720,0.0,-2.1100024371733712e-47,9927.051530792365,0.9967586640797595,4.970235097137913e-34
1242780,0.0,-2.1098001435683197e-47,9927.051530792365,0.9967586640797595,4.969758783514699e-34
1242840,0.0,-2.1095978499632677e-47,9927.051530792365,0.9967586640797595,4.969282469891485e-34
1242900,0.0,-2.1093955563582164e-47,9927.051530792365,0.9967586640797595,4.968806156268271e-34
1242960,0.0,-2.1091932627531644e-47,9927.051530792365,0.9967586640797595,4.968329842645057e-34
1243020,0.0,-2.1089909691481131e-47,9927.051530792365,0.9967586640797595,4.967853529021843e-34
1243080,0.0,-2.1087886755430611e-47,9927.051530792365,0.9967586640797595,4.967377215398628e-34
1243140,0.0,-2.1085863819380096e-47,9927.051530792365,0.9967586640797595,4.966900901775414e-34
1243200,0.0,-2.1083840883329579e-47,9927.051530792365,0.9967586640797595,4.9664245881522e-34
1243260,0.0,-2.1081817947279063e-47,9927.051530792365,0.9967586640797595,4.965948274528987e-34
1243320,0.0,-2.1079795011228546e-47,9927.051530792365,0.9967586640797595,4.965471960905772e-34
1243380,0.0,-2.107777207517803e-47,9927.051530792365,0.9967586640797595,4.964995647282558e-34
1243440,0.0,-2.1075749139127513e-47,9927.051530792365,0.9967586640797595,4.9645193336593436e-34
1243500,0.0,-2.1073726203076998e-47,9927.051530792365,0.9967586640797595,4.96404302003613e-34
1243560,0.0,-2.107170326702648e-47,9927.051530792365,0.9967586640797595,4.963566706412915e-34
1243620,0.0,-2.1069680330975965e-47,9927.051530792365,0.9967586640797595,4.963090392789701e-34
1243680,0.0,-2.1067657394925448e-47,9927.051530792365,0.9967586640797595,4.962614079166487e-34
1243740,0.0,-2.1065634458874933e-47,9927.051530792365,0.9967586640797595,4.962137765543274e-34
1243800,0.0,-2.1063611522824415e-47,9927.051530792365,0.9967586640797595,4.961661451920059e-34
1243860,0.0,-2.10615885867739e-47,9927.051530792365,0.9967586640797595,4.961185138296845e-34
1243920,0.0,-2.105956565072338e-47,9927.051530792365,0.9967586640797595,4.9607088246736305e-34
1243980,0.0,-2.1057542714672867e-47,9927.051530792365,0.9967586640797595,4.960232511050417e-34
1244040,0.0,-2.1055519778622347e-47,9927.051530792365,0.9967586640797595,4.959756197427202e-34
1244100,0.0,-2.1053496842571835e-47,9927.051530792365,0.9967586640797595,4.959279883803988e-34
1244160,0.0,-2.1051473906521315e-47,9927.051530792365,0.9967586640797595,4.958803570180774e-34
1244220,0.0,-2.10494509704708e-47,9927.051530792365,0.9967586640797595,4.958327256557561e-34
1244280,0.0,-2.1047428034420282e-47,9927.051530792365,0.9967586640797595,4.957850942934346e-34
1244340,0.0,-2.1045405098369767e-47,9927.051530792365,0.9967586640797595,4.957374629311132e-34
1244400,0.0,-2.1043382162319254e-47,9927.051530792365,0.9967586640797595,4.956898315687918e-34
1244460,0.0,-2.1041359226268734e-47,9927.051530792365,0.9967586640797595,4.956422002064704e-34
1244520,0.0,-2.103933629021822e-47,9927.051530792365,0.9967586640797595,4.95594568844149e-34
1244580,0.0,-2.1037313354167702e-47,9927.051530792365,0.9967586640797595,4.955469374818275e-34
1244640,0.0,-2.1035290418117186e-47,9927.051530792365,0.9967586640797595,4.954993061195062e-34
1244700,0.0,-2.103326748206667e-47,9927.051530792365,0.9967586640797595,4.9545167475718475e-34
1244760,0.0,-2.1031244546016154e-47,9927.051530792365,0.9967586640797595,4.954040433948634e-34
1244820,0.0,-2.1029221609965636e-47,9927.051530792365,0.9967586640797595,4.953564120325419e-34
1244880,0.0,-2.102719867391512e-47,9927.051530792365,0.9967586640797595,4.953087806702205e-34
1244940,0.0,-2.1025175737864604e-47,9927.051530792365,0.9967586640797595,4.952611493078991e-34
1245000,0.0,-2.1023152801814088e-47,9927.051530792365,0.9967586640797595,4.952135179455777e-34
1245060,0.0,-2.102112986576357e-47,9927.051530792365,0.9967586640797595,4.951658865832563e-34
1245120,0.0,-2.1019106929713056e-47,9927.051530792365,0.9967586640797595,4.951182552209349e-34
1245180,0.0,-2.1017083993662538e-47,9927.051530792365,0.9967586640797595,4.9507062385861345e-34
1245240,0.0,-2.1015061057612023e-47,9927.051530792365,0.9967586640797595,4.950229924962921e-34
1245300,0.0,-2.1013038121561503e-47,9927.051530792365,0.9967586640797595,4.949753611339706e-34
1245360,0.0,-2.101101518551099e-47,9927.051530792365,0.9967586640797595,4.949277297716492e-34
1245420,0.0,-2.100899224946047e-47,9927.051530792365,0.9967586640797595,4.9488009840932775e-34
1245480,0.0,-2.1006969313409958e-47,9927.051530792365,0.9967586640797595,4.948324670470064e-34
1245540,0.0,-2.1004946377359438e-47,9927.051530792365,0.9967586640797595,4.94784835684685e-34
1245600,0.0,-2.1002923441308923e-47,9927.051530792365,0.9967586640797595,4.947372043223636e-34
1245660,0.0,-2.1000900505258405e-47,9927.051530792365,0.9967586640797595,4.946895729600421e-34
1245720,0.0,-2.099887756920789e-47,9927.051530792365,0.9967586640797595,4.946419415977208e-34
1245780,0.0,-2.0996854633157372e-47,9927.051530792365,0.9967586640797595,4.945943102353993e-34
1245840,0.0,-2.0994831697106857e-47,9927.051530792365,0.9967586640797595,4.945466788730779e-34
1245900,0.0,-2.099280876105634e-47,9927.051530792365,0.9967586640797595,4.9449904751075645e-34
1245960,0.0,-2.0990785825005824e-47,9927.051530792365,0.9967586640797595,4.9445141614843515e-34
1246020,0.0,-2.098876288895531e-47,9927.051530792365,0.9967586640797595,4.944037847861138e-34
1246080,0.0,-2.0986739952904792e-47,9927.051530792365,0.9967586640797595,4.943561534237923e-34
1246140,0.0,-2.0984717016854277e-47,9927.051530792365,0.9967586640797595,4.943085220614709e-34
1246200,0.0,-2.098269408080376e-47,9927.051530792365,0.9967586640797595,4.9426089069914946e-34
1246260,0.0,-2.0980671144753244e-47,9927.051530792365,0.9967586640797595,4.942132593368281e-34
1246320,0.0,-2.0978648208702726e-47,9927.051530792365,0.9967586640797595,4.941656279745066e-34
1246380,0.0,-2.0976625272652211e-47,9927.051530792365,0.9967586640797595,4.941179966121852e-34
1246440,0.0,-2.0974602336601694e-47,9927.051530792365,0.9967586640797595,4.9407036524986385e-34
1246500,0.0,-2.0972579400551179e-47,9927.051530792365,0.9967586640797595,4.940227338875425e-34
1246560,0.0,-2.0970556464500659e-47,9927.051530792365,0.9967586640797595,4.93975102525221e-34
1246620,0.0,-2.0968533528450146e-47,9927.051530792365,0.9967586640797595,4.939274711628996e-34
1246680,0.0,-2.0966510592399626e-47,9927.051530792365,0.9967586640797595,4.9387983980057815e-34
1246740,0.0,-2.0964487656349113e-47,9927.051530792365,0.9967586640797595,4.938322084382568e-34
1246800,0.0,-2.0962464720298593e-47,9927.051530792365,0.9967586640797595,4.937845770759353e-34
1246860,0.0,-2.0960441784248078e-47,9927.051530792365,0.9967586640797595,4.93736945713614e-34
1246920,0.0,-2.095841884819756e-47,9927.051530792365,0.9967586640797595,4.936893143512925e-34
1246980,0.0,-2.0956395912147045e-47,9927.051530792365,0.9967586640797595,4.936416829889712e-34
1247040,0.0,-2.0954372976096528e-47,9927.051530792365,0.9967586640797595,4.935940516266497e-34
1247100,0.0,-2.0952350040046013e-47,9927.051530792365,0.9967586640797595,4.935464202643283e-34
1247160,0.0,-2.0950327103995495e-47,9927.051530792365,0.9967586640797595,4.9349878890200684e-34
1247220,0.0,-2.094830416794498e-47,9927.051530792365,0.9967586640797595,4.934511575396855e-34
1247280,0.0,-2.0946281231894463e-47,9927.051530792365,0.9967586640797595,4.93403526177364e-34
1247340,0.0,-2.0944258295843947e-47,9927.051530792365,0.9967586640797595,4.933558948150427e-34
1247400,0.0,-2.094223535979343e-47,9927.051530792365,0.9967586640797595,4.933082634527212e-34
1247460,0.0,-2.0940212423742915e-47,9927.051530792365,0.9967586640797595,4.9326063209039985e-34
1247520,0.0,-2.0938189487692397e-47,9927.051530792365,0.9967586640797595,4.932130007280784e-34
1247580,0.0,-2.0936166551641882e-47,9927.051530792365,0.9967586640797595,4.93165369365757e-34
1247640,0.0,-2.0934143615591367e-47,9927.051530792365,0.9967586640797595,4.931177380034356e-34
1247700,0.0,-2.093212067954085e-47,9927.051530792365,0.9967586640797595,4.930701066411142e-34
1247760,0.0,-2.0930097743490334e-47,9927.051530792365,0.9967586640797595,4.930224752787929e-34
1247820,0.0,-2.0928074807439817e-47,9927.051530792365,0.9967586640797595,4.929748439164714e-34
1247880,0.0,-2.0926051871389302e-47,9927.051530792365,0.9967586640797595,4.9292721255415e-34
1247940,0.0,-2.0924028935338782e-47,9927.051530792365,0.9967586640797595,4.9287958119182855e-34
1248000,0.0,-2.092200599928827e-47,9927.051530792365,0.9967586640797595,4.928319498295072e-34
1248060,0.0,-2.091998306323775e-47,9927.051530792365,0.9967586640797595,4.927843184671857e-34
1248120,0.0,-2.0917960127187236e-47,9927.051530792365,0.9967586640797595,4.927366871048643e-34
1248180,0.0,-2.0915937191136716e-47,9927.051530792365,0.9967586640797595,4.9268905574254285e-34
1248240,0.0,-2.09139142550862e-47,9927.051530792365,0.9967586640797595,4.9264142438022156e-34
1248300,0.0,-2.0911891319035684e-47,9927.051530792365,0.9967586640797595,4.925937930179001e-34
1248360,0.0,-2.0909868382985168e-47,9927.051530792365,0.9967586640797595,4.925461616555787e-34
1248420,0.0,-2.090784544693465e-47,9927.051530792365,0.9967586640797595,4.924985302932572e-34
1248480,0.0,-2.0905822510884136e-47,9927.051530792365,0.9967586640797595,4.924508989309359e-34
1248540,0.0,-2.0903799574833618e-47,9927.051530792365,0.9967586640797595,4.924032675686144e-34
1248600,0.0,-2.0901776638783103e-47,9927.051530792365,0.9967586640797595,4.92355636206293e-34
1248660,0.0,-2.0899753702732586e-47,9927.051530792365,0.9967586640797595,4.923080048439716e-34
1248720,0.0,-2.089773076668207e-47,9927.051530792365,0.9967586640797595,4.9226037348165025e-34
1248780,0.0,-2.0895707830631553e-47,9927.051530792365,0.9967586640797595,4.922127421193288e-34
1248840,0.0,-2.0893684894581038e-47,9927.051530792365,0.9967586640797595,4.921651107570074e-34
1248900,0.0,-2.0891661958530518e-47,9927.051530792365,0.9967586640797595,4.921174793946859e-34
1248960,0.0,-2.0889639022480005e-47,9927.051530792365,0.9967586640797595,4.9206984803236456e-34
1249020,0.0,-2.0887616086429485e-47,9927.051530792365,0.9967586640797595,4.920222166700431e-34
1249080,0.0,-2.0885593150378972e-47,9927.051530792365,0.9967586640797595,4.919745853077217e-34
1249140,0.0,-2.0883570214328452e-47,9927.051530792365,0.9967586640797595,4.919269539454003e-34
1249200,0.0,-2.0881547278277937e-47,9927.051530792365,0.9967586640797595,4.9187932258307895e-34
1249260,0.0,-2.087952434222742e-47,9927.051530792365,0.9967586640797595,4.918316912207575e-34
1249320,0.0,-2.0877501406176905e-47,9927.051530792365,0.9967586640797595,4.917840598584361e-34
1249380,0.0,-2.0875478470126392e-47,9927.051530792365,0.9967586640797595,4.917364284961147e-34
1249440,0.0,-2.0873455534075872e-47,9927.051530792365,0.9967586640797595,4.9168879713379325e-34
1249500,0.0,-2.0871432598025357e-47,9927.051530792365,0.9967586640797595,4.916411657714719e-34
1249560,0.0,-2.086940966197484e-47,9927.051530792365,0.9967586640797595,4.915935344091505e-34
1249620,0.0,-2.0867386725924324e-47,9927.051530792365,0.9967586640797595,4.915459030468291e-34
1249680,0.0,-2.0865363789873807e-47,9927.051530792365,0.9967586640797595,4.914982716845076e-34
1249740,0.0,-2.0863340853823291e-47,9927.051530792365,0.9967586640797595,4.914506403221863e-34
1249800,0.0,-2.0861317917772774e-47,9927.051530792365,0.9967586640797595,4.914030089598648e-34
1249860,0.0,-2.0859294981722259e-47,9927.051530792365,0.9967586640797595,4.913553775975434e-34
1249920,0.0,-2.085727204567174e-47,9927.051530792365,0.9967586640797595,4.9130774623522194e-34
1249980,0.0,-2.0855249109621226e-47,9927.051530792365,0.9967586640797595,4.9126011487290065e-34
1250040,0.0,-2.0853226173570708e-47,9927.051530792365,0.9967586640797595,4.912124835105792e-34
1250100,0.0,-2.0851203237520193e-47,9927.051530792365,0.9967586640797595,4.911648521482578e-34
1250160,0.0,-2.0849180301469676e-47,9927.051530792365,0.9967586640797595,4.911172207859363e-34
1250220,0.0,-2.084715736541916e-47,9927.051530792365,0.9967586640797595,4.9106958942361495e-34
1250280,0.0,-2.084513442936864e-47,9927.051530792365,0.9967586640797595,4.910219580612935e-34
1250340,0.0,-2.0843111493318128e-47,9927.051530792365,0.9967586640797595,4.909743266989721e-34
1250400,0.0,-2.0841088557267608e-47,9927.051530792365,0.9967586640797595,4.909266953366506e-34
1250460,0.0,-2.0839065621217095e-47,9927.051530792365,0.9967586640797595,4.908790639743293e-34
1250520,0.0,-2.0837042685166575e-47,9927.051530792365,0.9967586640797595,4.908314326120079e-34
1250580,0.0,-2.083501974911606e-47,9927.051530792365,0.9967586640797595,4.907838012496865e-34
1250640,0.0,-2.0832996813065543e-47,9927.051530792365,0.9967586640797595,4.90736169887365e-34
1250700,0.0,-2.0830973877015028e-47,9927.051530792365,0.9967586640797595,4.9068853852504365e-34
1250760,0.0,-2.082895094096451e-47,9927.051530792365,0.9967586640797595,4.906409071627222e-34
1250820,0.0,-2.0826928004913995e-47,9927.051530792365,0.9967586640797595,4.905932758004008e-34
1250880,0.0,-2.0824905068863477e-47,9927.051530792365,0.9967586640797595,4.905456444380793e-34
1250940,0.0,-2.0822882132812962e-47,9927.051530792365,0.9967586640797595,4.90498013075758e-34
1251000,0.0,-2.0820859196762447e-47,9927.051530792365,0.9967586640797595,4.9045038171343666e-34
1251060,0.0,-2.081883626071193e-47,9927.051530792365,0.9967586640797595,4.904027503511152e-34
1251120,0.0,-2.0816813324661414e-47,9927.051530792365,0.9967586640797595,4.903551189887938e-34
1251180,0.0,-2.0814790388610897e-47,9927.051530792365,0.9967586640797595,4.903074876264723e-34
1251240,0.0,-2.0812767452560382e-47,9927.051530792365,0.9967586640797595,4.90259856264151e-34
1251300,0.0,-2.0810744516509864e-47,9927.051530792365,0.9967586640797595,4.902122249018295e-34
1251360,0.0,-2.080872158045935e-47,9927.051530792365,0.9967586640797595,4.901645935395082e-34
1251420,0.0,-2.0806698644408831e-47,9927.051530792365,0.9967586640797595,4.901169621771867e-34
1251480,0.0,-2.0804675708358316e-47,9927.051530792365,0.9967586640797595,4.9006933081486535e-34
1251540,0.0,-2.0802652772307796e-47,9927.051530792365,0.9967586640797595,4.900216994525439e-34
1251600,0.0,-2.0800629836257284e-47,9927.051530792365,0.9967586640797595,4.899740680902225e-34
1251660,0.0,-2.0798606900206764e-47,9927.051530792365,0.9967586640797595,4.89926436727901e-34
1251720,0.0,-2.079658396415625e-47,9927.051530792365,0.9967586640797595,4.8987880536557965e-34
1251780,0.0,-2.079456102810573e-47,9927.051530792365,0.9967586640797595,4.898311740032582e-34
1251840,0.0,-2.0792538092055216e-47,9927.051530792365,0.9967586640797595,4.897835426409369e-34
1251900,0.0,-2.0790515156004698e-47,9927.051530792365,0.9967586640797595,4.897359112786154e-34
1251960,0.0,-2.0788492219954183e-47,9927.051530792365,0.9967586640797595,4.8968827991629404e-34
1252020,0.0,-2.0786469283903666e-47,9927.051530792365,0.9967586640797595,4.896406485539726e-34
1252080,0.0,-2.078444634785315e-47,9927.051530792365,0.9967586640797595,4.895930171916512e-34
1252140,0.0,-2.0782423411802633e-47,9927.051530792365,0.9967586640797595,4.895453858293297e-34
1252200,0.0,-2.0780400475752118e-47,9927.051530792365,0.9967586640797595,4.8949775446700835e-34
1252260,0.0,-2.07783775397016e-47,9927.051530792365,0.9967586640797595,4.89450123104687e-34
1252320,0.0,-2.0776354603651085e-47,9927.051530792365,0.9967586640797595,4.894024917423656e-34
1252380,0.0,-2.0774331667600568e-47,9927.051530792365,0.9967586640797595,4.893548603800441e-34
1252440,0.0,-2.0772308731550052e-47,9927.051530792365,0.9967586640797595,4.893072290177227e-34
1252500,0.0,-2.0770285795499535e-47,9927.051530792365,0.9967586640797595,4.892595976554013e-34
1252560,0.0,-2.076826285944902e-47,9927.051530792365,0.9967586640797595,4.892119662930799e-34
1252620,0.0,-2.07662399233985e-47,9927.051530792365,0.9967586640797595,4.891643349307584e-34
1252680,0.0,-2.0764216987347987e-47,9927.051530792365,0.9967586640797595,4.891167035684371e-34
1252740,0.0,-2.0762194051297472e-47,9927.051530792365,0.9967586640797595,4.8906907220611575e-34
1252800,0.0,-2.0760171115246954e-47,9927.051530792365,0.9967586640797595,4.890214408437943e-34
1252860,0.0,-2.075814817919644e-47,9927.051530792365,0.9967586640797595,4.889738094814729e-34
1252920,0.0,-2.075612524314592e-47,9927.051530792365,0.9967586640797595,4.889261781191514e-34
1252980,0.0,-2.0754102307095407e-47,9927.051530792365,0.9967586640797595,4.8887854675683005e-34
1253040,0.0,-2.0752079371044887e-47,9927.051530792365,0.9967586640797595,4.888309153945086e-34
1253100,0.0,-2.0750056434994374e-47,9927.051530792365,0.9967586640797595,4.887832840321872e-34
1253160,0.0,-2.0748033498943854e-47,9927.051530792365,0.9967586640797595,4.887356526698658e-34
1253220,0.0,-2.0746010562893339e-47,9927.051530792365,0.9967586640797595,4.886880213075444e-34
1253280,0.0,-2.0743987626842821e-47,9927.051530792365,0.9967586640797595,4.88640389945223e-34
1253340,0.0,-2.0741964690792306e-47,9927.051530792365,0.9967586640797595,4.885927585829016e-34
1253400,0.0,-2.0739941754741789e-47,9927.051530792365,0.9967586640797595,4.885451272205801e-34
1253460,0.0,-2.0737918818691273e-47,9927.051530792365,0.9967586640797595,4.8849749585825875e-34
1253520,0.0,-2.0735895882640756e-47,9927.051530792365,0.9967586640797595,4.884498644959373e-34
1253580,0.0,-2.073387294659024e-47,9927.051530792365,0.9967586640797595,4.88402233133616e-34
1253640,0.0,-2.0731850010539723e-47,9927.051530792365,0.9967586640797595,4.883546017712945e-34
1253700,0.0,-2.0729827074489208e-47,9927.051530792365,0.9967586640797595,4.883069704089731e-34
1253760,0.0,-2.072780413843869e-47,9927.051530792365,0.9967586640797595,4.882593390466517e-34
1253820,0.0,-2.0725781202388175e-47,9927.051530792365,0.9967586640797595,4.882117076843303e-34
1253880,0.0,-2.0723758266337658e-47,9927.051530792365,0.9967586640797595,4.881640763220088e-34
1253940,0.0,-2.0721735330287143e-47,9927.051530792365,0.9967586640797595,4.881164449596874e-34
1254000,0.0,-2.0719712394236623e-47,9927.051530792365,0.9967586640797595,4.88068813597366e-34
1254060,0.0,-2.071768945818611e-47,9927.051530792365,0.9967586640797595,4.880211822350447e-34
1254120,0.0,-2.071566652213559e-47,9927.051530792365,0.9967586640797595,4.879735508727232e-34
1254180,0.0,-2.0713643586085075e-47,9927.051530792365,0.9967586640797595,4.879259195104018e-34
1254240,0.0,-2.0711620650034557e-47,9927.051530792365,0.9967586640797595,4.878782881480804e-34
1254300,0.0,-2.0709597713984042e-47,9927.051530792365,0.9967586640797595,4.87830656785759e-34
1254360,0.0,-2.070757477793353e-47,9927.051530792365,0.9967586640797595,4.877830254234376e-34
1254420,0.0,-2.070555184188301e-47,9927.051530792365,0.9967586640797595,4.877353940611161e-34
1254480,0.0,-2.0703528905832494e-47,9927.051530792365,0.9967586640797595,4.876877626987948e-34
1254540,0.0,-2.0701505969781977e-47,9927.051530792365,0.9967586640797595,4.876401313364734e-34
1254600,0.0,-2.0699483033731462e-47,9927.051530792365,0.9967586640797595,4.87592499974152e-34
1254660,0.0,-2.0697460097680944e-47,9927.051530792365,0.9967586640797595,4.875448686118305e-34
1254720,0.0,-2.069543716163043e-47,9927.051530792365,0.9967586640797595,4.8749723724950914e-34
1254780,0.0,-2.0693414225579911e-47,9927.051530792365,0.9967586640797595,4.874496058871877e-34
1254840,0.0,-2.0691391289529396e-47,9927.051530792365,0.9967586640797595,4.874019745248663e-34
1254900,0.0,-2.068936835347888e-47,9927.051530792365,0.9967586640797595,4.873543431625448e-34
1254960,0.0,-2.0687345417428364e-47,9927.051530792365,0.9967586640797595,4.873067118002235e-34
1255020,0.0,-2.0685322481377846e-47,9927.051530792365,0.9967586640797595,4.872590804379021e-34
1255080,0.0,-2.068329954532733e-47,9927.051530792365,0.9967586640797595,4.872114490755807e-34
1255140,0.0,-2.0681276609276813e-47,9927.051530792365,0.9967586640797595,4.871638177132592e-34
1255200,0.0,-2.0679253673226298e-47,9927.051530792365,0.9967586640797595,4.871161863509378e-34
1255260,0.0,-2.0677230737175778e-47,9927.051530792365,0.9967586640797595,4.870685549886164e-34
1255320,0.0,-2.0675207801125266e-47,9927.051530792365,0.9967586640797595,4.87020923626295e-34
1255380,0.0,-2.0673184865074746e-47,9927.051530792365,0.9967586640797595,4.869732922639736e-34
1255440,0.0,-2.0671161929024233e-47,9927.051530792365,0.9967586640797595,4.869256609016522e-34
1255500,0.0,-2.0669138992973713e-47,9927.051530792365,0.9967586640797595,4.868780295393308e-34
1255560,0.0,-2.0667116056923198e-47,9927.051530792365,0.9967586640797595,4.868303981770094e-34
1255620,0.0,-2.066509312087268e-47,9927.051530792365,0.9967586640797595,4.867827668146879e-34
1255680,0.0,-2.0663070184822165e-47,9927.051530792365,0.9967586640797595,4.867351354523665e-34
1255740,0.0,-2.0661047248771648e-47,9927.051530792365,0.9967586640797595,4.866875040900451e-34
1255800,0.0,-2.0659024312721132e-47,9927.051530792365,0.9967586640797595,4.866398727277237e-34
1255860,0.0,-2.0657001376670615e-47,9927.051530792365,0.9967586640797595,4.865922413654023e-34
1255920,0.0,-2.06549784406201e-47,9927.051530792365,0.9967586640797595,4.865446100030809e-34
1255980,0.0,-2.0652955504569582e-47,9927.051530792365,0.9967586640797595,4.8649697864075946e-34
1256040,0.0,-2.0650932568519067e-47,9927.051530792365,0.9967586640797595,4.864493472784381e-34
1256100,0.0,-2.0648909632468552e-47,9927.051530792365,0.9967586640797595,4.864017159161167e-34
1256160,0.0,-2.0646886696418034e-47,9927.051530792365,0.9967586640797595,4.863540845537952e-34
1256220,0.0,-2.064486376036752e-47,9927.051530792365,0.9967586640797595,4.8630645319147385e-34
1256280,0.0,-2.0642840824317002e-47,9927.051530792365,0.9967586640797595,4.862588218291525e-34
1256340,0.0,-2.0640817888266487e-47,9927.051530792365,0.9967586640797595,4.862111904668311e-34
1256400,0.0,-2.063879495221597e-47,9927.051530792365,0.9967586640797595,4.861635591045096e-34
1256460,0.0,-2.0636772016165454e-47,9927.051530792365,0.9967586640797595,4.861159277421882e-34
1256520,0.0,-2.0634749080114936e-47,9927.051530792365,0.9967586640797595,4.860682963798668e-34
1256580,0.0,-2.0632726144064421e-47,9927.051530792365,0.9967586640797595,4.860206650175454e-34
1256640,0.0,-2.0630703208013901e-47,9927.051530792365,0.9967586640797595,4.859730336552239e-34
1256700,0.0,-2.0628680271963389e-47,9927.051530792365,0.9967586640797595,4.859254022929025e-34
1256760,0.0,-2.0626657335912869e-47,9927.051530792365,0.9967586640797595,4.858777709305812e-34
1256820,0.0,-2.0624634399862356e-47,9927.051530792365,0.9967586640797595,4.858301395682598e-34
1256880,0.0,-2.0622611463811836e-47,9927.051530792365,0.9967586640797595,4.857825082059383e-34
1256940,0.0,-2.062058852776132e-47,9927.051530792365,0.9967586640797595,4.857348768436169e-34
1257000,0.0,-2.0618565591710803e-47,9927.051530792365,0.9967586640797595,4.856872454812955e-34
1257060,0.0,-2.0616542655660288e-47,9927.051530792365,0.9967586640797595,4.856396141189741e-34
1257120,0.0,-2.061451971960977e-47,9927.051530792365,0.9967586640797595,4.855919827566526e-34
1257180,0.0,-2.0612496783559255e-47,9927.051530792365,0.9967586640797595,4.855443513943313e-34
1257240,0.0,-2.0610473847508738e-47,9927.051530792365,0.9967586640797595,4.8549672003200985e-34
1257300,0.0,-2.0608450911458223e-47,9927.051530792365,0.9967586640797595,4.854490886696885e-34
1257360,0.0,-2.0606427975407705e-47,9927.051530792365,0.9967586640797595,4.85401457307367e-34
1257420,0.0,-2.060440503935719e-47,9927.051530792365,0.9967586640797595,4.853538259450456e-34
1257480,0.0,-2.0602382103306673e-47,9927.051530792365,0.9967586640797595,4.853061945827242e-34
1257540,0.0,-2.0600359167256157e-47,9927.051530792365,0.9967586640797595,4.852585632204028e-34
1257600,0.0,-2.0598336231205637e-47,9927.051530792365,0.9967586640797595,4.852109318580813e-34
1257660,0.0,-2.0596313295155125e-47,9927.051530792365,0.9967586640797595,4.8516330049576e-34
1257720,0.0,-2.059429035910461e-47,9927.051530792365,0.9967586640797595,4.851156691334386e-34
1257780,0.0,-2.0592267423054092e-47,9927.051530792365,0.9967586640797595,4.850680377711172e-34
1257840,0.0,-2.0590244487003577e-47,9927.051530792365,0.9967586640797595,4.850204064087958e-34
1257900,0.0,-2.0588221550953057e-47,9927.051530792365,0.9967586640797595,4.849727750464743e-34
1257960,0.0,-2.0586198614902544e-47,9927.051530792365,0.9967586640797595,4.849251436841529e-34
1258020,0.0,-2.0584175678852024e-47,9927.051530792365,0.9967586640797595,4.848775123218315e-34
1258080,0.0,-2.0582152742801512e-47,9927.051530792365,0.9967586640797595,4.848298809595102e-34
1258140,0.0,-2.0580129806750992e-47,9927.051530792365,0.9967586640797595,4.847822495971887e-34
1258200,0.0,-2.0578106870700476e-47,9927.051530792365,0.9967586640797595,4.847346182348673e-34
1258260,0.0,-2.057608393464996e-47,9927.051530792365,0.9967586640797595,4.846869868725459e-34
1258320,0.0,-2.0574060998599444e-47,9927.051530792365,0.9967586640797595,4.846393555102245e-34
1258380,0.0,-2.0572038062548926e-47,9927.051530792365,0.9967586640797595,4.84591724147903e-34
1258440,0.0,-2.057001512649841e-47,9927.051530792365,0.9967586640797595,4.845440927855816e-34
1258500,0.0,-2.0567992190447894e-47,9927.051530792365,0.9967586640797595,4.844964614232602e-34
1258560,0.0,-2.0565969254397378e-47,9927.051530792365,0.9967586640797595,4.844488300609389e-34
1258620,0.0,-2.056394631834686e-47,9927.051530792365,0.9967586640797595,4.844011986986174e-34
1258680,0.0,-2.0561923382296346e-47,9927.051530792365,0.9967586640797595,4.84353567336296e-34
1258740,0.0,-2.0559900446245828e-47,9927.051530792365,0.9967586640797595,4.8430593597397456e-34
1258800,0.0,-2.0557877510195313e-47,9927.051530792365,0.9967586640797595,4.842583046116532e-34
1258860,0.0,-2.0555854574144795e-47,9927.051530792365,0.9967586640797595,4.842106732493317e-34
1258920,0.0,-2.055383163809428e-47,9927.051530792365,0.9967586640797595,4.841630418870103e-34
1258980,0.0,-2.055180870204376e-47,9927.051530792365,0.9967586640797595,4.8411541052468895e-34
1259040,0.0,-2.0549785765993248e-47,9927.051530792365,0.9967586640797595,4.840677791623676e-34
1259100,0.0,-2.0547762829942728e-47,9927.051530792365,0.9967586640797595,4.840201478000461e-34
1259160,0.0,-2.0545739893892215e-47,9927.051530792365,0.9967586640797595,4.839725164377247e-34
1259220,0.0,-2.0543716957841695e-47,9927.051530792365,0.9967586640797595,4.8392488507540325e-34
1259280,0.0,-2.054169402179118e-47,9927.051530792365,0.9967586640797595,4.838772537130819e-34
1259340,0.0,-2.0539671085740667e-47,9927.051530792365,0.9967586640797595,4.838296223507605e-34
1259400,0.0,-2.0537648149690147e-47,9927.051530792365,0.9967586640797595,4.83781990988439e-34
1259460,0.0,-2.0535625213639634e-47,9927.051530792365,0.9967586640797595,4.837343596261177e-34
1259520,0.0,-2.0533602277589114e-47,9927.051530792365,0.9967586640797595,4.836867282637963e-34
1259580,0.0,-2.05315793415386e-47,9927.051530792365,0.9967586640797595,4.836390969014749e-34
1259640,0.0,-2.0529556405488082e-47,9927.051530792365,0.9967586640797595,4.835914655391534e-34
1259700,0.0,-2.0527533469437567e-47,9927.051530792365,0.9967586640797595,4.83543834176832e-34
1259760,0.0,-2.052551053338705e-47,9927.051530792365,0.9967586640797595,4.834962028145106e-34
1259820,0.0,-2.0523487597336534e-47,9927.051530792365,0.9967586640797595,4.834485714521892e-34
1259880,0.0,-2.0521464661286016e-47,9927.051530792365,0.9967586640797595,4.834009400898678e-34
1259940,0.0,-2.0519441725235501e-47,9927.051530792365,0.9967586640797595,4.833533087275464e-34
1260000,0.0,-2.0517418789184984e-47,9927.051530792365,0.9967586640797595,4.8330567736522495e-34
1260060,0.0,-2.0515395853134469e-47,9927.051530792365,0.9967586640797595,4.832580460029036e-34
1260120,0.0,-2.051337291708395e-47,9927.051530792365,0.9967586640797595,4.832104146405821e-34
1260180,0.0,-2.0511349981033436e-47,9927.051530792365,0.9967586640797595,4.831627832782607e-34
1260240,0.0,-2.0509327044982916e-47,9927.051530792365,0.9967586640797595,4.831151519159393e-34
1260300,0.0,-2.0507304108932403e-47,9927.051530792365,0.9967586640797595,4.830675205536179e-34
1260360,0.0,-2.0505281172881883e-47,9927.051530792365,0.9967586640797595,4.830198891912965e-34
1260420,0.0,-2.050325823683137e-47,9927.051530792365,0.9967586640797595,4.829722578289751e-34
1260480,0.0,-2.050123530078085e-47,9927.051530792365,0.9967586640797595,4.8292462646665365e-34
1260540,0.0,-2.0499212364730335e-47,9927.051530792365,0.9967586640797595,4.828769951043323e-34
1260600,0.0,-2.0497189428679818e-47,9927.051530792365,0.9967586640797595,4.828293637420108e-34
1260660,0.0,-2.0495166492629303e-47,9927.051530792365,0.9967586640797595,4.827817323796894e-34
1260720,0.0,-2.0493143556578785e-47,9927.051530792365,0.9967586640797595,4.8273410101736795e-34
1260780,0.0,-2.049112062052827e-47,9927.051530792365,0.9967586640797595,4.8268646965504666e-34
1260840,0.0,-2.0489097684477753e-47,9927.051530792365,0.9967586640797595,4.826388382927252e-34
1260900,0.0,-2.0487074748427237e-47,9927.051530792365,0.9967586640797595,4.825912069304038e-34
1260960,0.0,-2.048505181237672e-47,9927.051530792365,0.9967586640797595,4.825435755680823e-34
1261020,0.0,-2.0483028876326205e-47,9927.051530792365,0.9967586640797595,4.82495944205761e-34
1261080,0.0,-2.048100594027569e-47,9927.051530792365,0.9967586640797595,4.824483128434396e-34
1261140,0.0,-2.0478983004225172e-47,9927.051530792365,0.9967586640797595,4.824006814811181e-34
1261200,0.0,-2.0476960068174657e-47,9927.051530792365,0.9967586640797595,4.823530501187967e-34
1261260,0.0,-2.047493713212414e-47,9927.051530792365,0.9967586640797595,4.8230541875647535e-34
1261320,0.0,-2.0472914196073624e-47,9927.051530792365,0.9967586640797595,4.82257787394154e-34
1261380,0.0,-2.0470891260023107e-47,9927.051530792365,0.9967586640797595,4.822101560318325e-34
1261440,0.0,-2.0468868323972592e-47,9927.051530792365,0.9967586640797595,4.821625246695111e-34
1261500,0.0,-2.0466845387922074e-47,9927.051530792365,0.9967586640797595,4.8211489330718966e-34
1261560,0.0,-2.046482245187156e-47,9927.051530792365,0.9967586640797595,4.820672619448683e-34
1261620,0.0,-2.046279951582104e-47,9927.051530792365,0.9967586640797595,4.820196305825468e-34
1261680,0.0,-2.0460776579770526e-47,9927.051530792365,0.9967586640797595,4.819719992202255e-34
1261740,0.0,-2.0458753643720006e-47,9927.051530792365,0.9967586640797595,4.8192436785790405e-34
1261800,0.0,-2.0456730707669494e-47,9927.051530792365,0.9967586640797595,4.818767364955827e-34
1261860,0.0,-2.0454707771618974e-47,9927.051530792365,0.9967586640797595,4.818291051332612e-34
1261920,0.0,-2.0452684835568458e-47,9927.051530792365,0.9967586640797595,4.817814737709398e-34
1261980,0.0,-2.045066189951794e-47,9927.051530792365,0.9967586640797595,4.8173384240861835e-34
1262040,0.0,-2.0448638963467426e-47,9927.051530792365,0.9967586640797595,4.81686211046297e-34
1262100,0.0,-2.0446616027416908e-47,9927.051530792365,0.9967586640797595,4.816385796839755e-34
1262160,0.0,-2.0444593091366393e-47,9927.051530792365,0.9967586640797595,4.815909483216542e-34
1262220,0.0,-2.0442570155315876e-47,9927.051530792365,0.9967586640797595,4.815433169593327e-34
1262280,0.0,-2.044054721926536e-47,9927.051530792365,0.9967586640797595,4.814956855970114e-34
1262340,0.0,-2.0438524283214843e-47,9927.051530792365,0.9967586640797595,4.814480542346899e-34
1262400,0.0,-2.0436501347164328e-47,9927.051530792365,0.9967586640797595,4.814004228723685e-34
1262460,0.0,-2.043447841111381e-47,9927.051530792365,0.9967586640797595,4.8135279151004704e-34
1262520,0.0,-2.0432455475063295e-47,9927.051530792365,0.9967586640797595,4.813051601477257e-34
1262580,0.0,-2.0430432539012777e-47,9927.051530792365,0.9967586640797595,4.812575287854043e-34
1262640,0.0,-2.0428409602962262e-47,9927.051530792365,0.9967586640797595,4.812098974230829e-34
1262700,0.0,-2.0426386666911747e-47,9927.051530792365,0.9967586640797595,4.811622660607615e-34
1262760,0.0,-2.042436373086123e-47,9927.051530792365,0.9967586640797595,4.8111463469844005e-34
1262820,0.0,-2.0422340794810715e-47,9927.051530792365,0.9967586640797595,4.810670033361187e-34
1262880,0.0,-2.0420317858760195e-47,9927.051530792365,0.9967586640797595,4.810193719737972e-34
1262940,0.0,-2.0418294922709682e-47,9927.051530792365,0.9967586640797595,4.809717406114758e-34
1263000,0.0,-2.0416271986659162e-47,9927.051530792365,0.9967586640797595,4.8092410924915436e-34
1263060,0.0,-2.041424905060865e-47,9927.051530792365,0.9967586640797595,4.808764778868331e-34
1263120,0.0,-2.041222611455813e-47,9927.051530792365,0.9967586640797595,4.808288465245116e-34
1263180,0.0,-2.0410203178507614e-47,9927.051530792365,0.9967586640797595,4.807812151621902e-34
1263240,0.0,-2.0408180242457097e-47,9927.051530792365,0.9967586640797595,4.8073358379986875e-34
1263300,0.0,-2.0406157306406581e-47,9927.051530792365,0.9967586640797595,4.806859524375474e-34
1263360,0.0,-2.0404134370356064e-47,9927.051530792365,0.9967586640797595,4.806383210752259e-34
1263420,0.0,-2.0402111434305549e-47,9927.051530792365,0.9967586640797595,4.805906897129045e-34
1263480,0.0,-2.040008849825503e-47,9927.051530792365,0.9967586640797595,4.805430583505831e-34
1263540,0.0,-2.0398065562204516e-47,9927.051530792365,0.9967586640797595,4.8049542698826176e-34
1263600,0.0,-2.0396042626153998e-47,9927.051530792365,0.9967586640797595,4.804477956259403e-34
1263660,0.0,-2.0394019690103483e-47,9927.051530792365,0.9967586640797595,4.804001642636189e-34
1263720,0.0,-2.0391996754052966e-47,9927.051530792365,0.9967586640797595,4.803525329012974e-34
1263780,0.0,-2.038997381800245e-47,9927.051530792365,0.9967586640797595,4.803049015389761e-34
1263840,0.0,-2.0387950881951933e-47,9927.051530792365,0.9967586640797595,4.802572701766546e-34
1263900,0.0,-2.0385927945901418e-47,9927.051530792365,0.9967586640797595,4.802096388143332e-34
1263960,0.0,-2.0383905009850898e-47,9927.051530792365,0.9967586640797595,4.801620074520118e-34
1264020,0.0,-2.0381882073800385e-47,9927.051530792365,0.9967586640797595,4.8011437608969045e-34
1264080,0.0,-2.0379859137749865e-47,9927.051530792365,0.9967586640797595,4.80066744727369e-34
1264140,0.0,-2.0377836201699353e-47,9927.051530792365,0.9967586640797595,4.800191133650476e-34
1264200,0.0,-2.0375813265648833e-47,9927.051530792365,0.9967586640797595,4.799714820027261e-34
1264260,0.0,-2.0373790329598318e-47,9927.051530792365,0.9967586640797595,4.7992385064040475e-34
1264320,0.0,-2.03717673935478e-47,9927.051530792365,0.9967586640797595,4.798762192780833e-34
1264380,0.0,-2.0369744457497285e-47,9927.051530792365,0.9967586640797595,4.79828587915762e-34
1264440,0.0,-2.0367721521446772e-47,9927.051530792365,0.9967586640797595,4.797809565534406e-34
1264500,0.0,-2.0365698585396252e-47,9927.051530792365,0.9967586640797595,4.7973332519111914e-34
1264560,0.0,-2.0363675649345737e-47,9927.051530792365,0.9967586640797595,4.796856938287978e-34
1264620,0.0,-2.036165271329522e-47,9927.051530792365,0.9967586640797595,4.796380624664763e-34
1264680,0.0,-2.0359629777244704e-47,9927.051530792365,0.9967586640797595,4.795904311041549e-34
1264740,0.0,-2.0357606841194187e-47,9927.051530792365,0.9967586640797595,4.7954279974183345e-34
1264800,0.0,-2.0355583905143672e-47,9927.051530792365,0.9967586640797595,4.7949516837951215e-34
1264860,0.0,-2.0353560969093154e-47,9927.051530792365,0.9967586640797595,4.794475370171907e-34
1264920,0.0,-2.035153803304264e-47,9927.051530792365,0.9967586640797595,4.793999056548693e-34
1264980,0.0,-2.0349515096992121e-47,9927.051530792365,0.9967586640797595,4.793522742925478e-34
1265040,0.0,-2.0347492160941606e-47,9927.051530792365,0.9967586640797595,4.793046429302265e-34
1265100,0.0,-2.0345469224891089e-47,9927.051530792365,0.9967586640797595,4.79257011567905e-34
1265160,0.0,-2.0343446288840574e-47,9927.051530792365,0.9967586640797595,4.792093802055836e-34
1265220,0.0,-2.0341423352790056e-47,9927.051530792365,0.9967586640797595,4.7916174884326214e-34
1265280,0.0,-2.033940041673954e-47,9927.051530792365,0.9967586640797595,4.7911411748094085e-34
1265340,0.0,-2.033737748068902e-47,9927.051530792365,0.9967586640797595,4.790664861186194e-34
1265400,0.0,-2.0335354544638508e-47,9927.051530792365,0.9967586640797595,4.79018854756298e-34
1265460,0.0,-2.0333331608587988e-47,9927.051530792365,0.9967586640797595,4.789712233939765e-34
1265520,0.0,-2.0331308672537476e-47,9927.051530792365,0.9967586640797595,4.7892359203165515e-34
1265580,0.0,-2.0329285736486956e-47,9927.051530792365,0.9967586640797595,4.788759606693337e-34
1265640,0.0,-2.032726280043644e-47,9927.051530792365,0.9967586640797595,4.788283293070123e-34
1265700,0.0,-2.0325239864385923e-47,9927.051530792365,0.9967586640797595,4.787806979446908e-34
1265760,0.0,-2.0323216928335408e-47,9927.051530792365,0.9967586640797595,4.787330665823695e-34
1265820,0.0,-2.032119399228489e-47,9927.051530792365,0.9967586640797595,4.786854352200481e-34
1265880,0.0,-2.0319171056234375e-47,9927.051530792365,0.9967586640797595,4.786378038577267e-34
1265940,0.0,-2.0317148120183858e-47,9927.051530792365,0.9967586640797595,4.785901724954052e-34
1266000,0.0,-2.0315125184133342e-47,9927.051530792365,0.9967586640797595,4.7854254113308385e-34
1266060,0.0,-2.0313102248082827e-47,9927.051530792365,0.9967586640797595,4.784949097707625e-34
1266120,0.0,-2.031107931203231e-47,9927.051530792365,0.9967586640797595,4.78447278408441e-34
1266180,0.0,-2.0309056375981795e-47,9927.051530792365,0.9967586640797595,4.783996470461197e-34
1266240,0.0,-2.0307033439931277e-47,9927.051530792365,0.9967586640797595,4.783520156837982e-34
1266300,0.0,-2.0305010503880762e-47,9927.051530792365,0.9967586640797595,4.7830438432147686e-34
1266360,0.0,-2.0302987567830244e-47,9927.051530792365,0.9967586640797595,4.782567529591554e-34
1266420,0.0,-2.030096463177973e-47,9927.051530792365,0.9967586640797595,4.78209121596834e-34
1266480,0.0,-2.0298941695729212e-47,9927.051530792365,0.9967586640797595,4.781614902345125e-34
1266540,0.0,-2.0296918759678697e-47,9927.051530792365,0.9967586640797595,4.781138588721912e-34
1266600,0.0,-2.0294895823628177e-47,9927.051530792365,0.9967586640797595,4.780662275098697e-34
1266660,0.0,-2.0292872887577664e-47,9927.051530792365,0.9967586640797595,4.780185961475484e-34
1266720,0.0,-2.0290849951527144e-47,9927.051530792365,0.9967586640797595,4.779709647852269e-34
1266780,0.0,-2.028882701547663e-47,9927.051530792365,0.9967586640797595,4.7792333342290555e-34
1266840,0.0,-2.0286804079426111e-47,9927.051530792365,0.9967586640797595,4.778757020605841e-34
1266900,0.0,-2.0284781143375596e-47,9927.051530792365,0.9967586640797595,4.778280706982627e-34
1266960,0.0,-2.0282758207325079e-47,9927.051530792365,0.9967586640797595,4.777804393359412e-34
1267020,0.0,-2.0280735271274563e-47,9927.051530792365,0.9967586640797595,4.7773280797361985e-34
1267080,0.0,-2.0278712335224046e-47,9927.051530792365,0.9967586640797595,4.776851766112985e-34
1267140,0.0,-2.027668939917353e-47,9927.051530792365,0.9967586640797595,4.776375452489771e-34
1267200,0.0,-2.0274666463123013e-47,9927.051530792365,0.9967586640797595,4.775899138866556e-34
1267260,0.0,-2.0272643527072498e-47,9927.051530792365,0.9967586640797595,4.7754228252433424e-34
1267320,0.0,-2.027062059102198e-47,9927.051530792365,0.9967586640797595,4.774946511620128e-34
1267380,0.0,-2.0268597654971465e-47,9927.051530792365,0.9967586640797595,4.774470197996914e-34
1267440,0.0,-2.0266574718920948e-47,9927.051530792365,0.9967586640797595,4.773993884373699e-34
1267500,0.0,-2.0264551782870433e-47,9927.051530792365,0.9967586640797595,4.773517570750486e-34
1267560,0.0,-2.0262528846819915e-47,9927.051530792365,0.9967586640797595,4.773041257127272e-34
1267620,0.0,-2.02605059107694e-47,9927.051530792365,0.9967586640797595,4.772564943504058e-34
1267680,0.0,-2.025848297471888e-47,9927.051530792365,0.9967586640797595,4.772088629880843e-34
1267740,0.0,-2.0256460038668367e-47,9927.051530792365,0.9967586640797595,4.771612316257629e-34
1267800,0.0,-2.0254437102617852e-47,9927.051530792365,0.9967586640797595,4.771136002634416e-34
1267860,0.0,-2.0252414166567335e-47,9927.051530792365,0.9967586640797595,4.770659689011201e-34
1267920,0.0,-2.025039123051682e-47,9927.051530792365,0.9967586640797595,4.770183375387987e-34
1267980,0.0,-2.02483682944663e-47,9927.051530792365,0.9967586640797595,4.769707061764773e-34
1268040,0.0,-2.0246345358415787e-47,9927.051530792365,0.9967586640797595,4.7692307481415595e-34
1268100,0.0,-2.0244322422365267e-47,9927.051530792365,0.9967586640797595,4.768754434518345e-34
1268160,0.0,-2.0242299486314754e-47,9927.051530792365,0.9967586640797595,4.768278120895131e-34
1268220,0.0,-2.0240276550264234e-47,9927.051530792365,0.9967586640797595,4.767801807271916e-34
1268280,0.0,-2.023825361421372e-47,9927.051530792365,0.9967586640797595,4.7673254936487025e-34
1268340,0.0,-2.0236230678163201e-47,9927.051530792365,0.9967586640797595,4.766849180025488e-34
1268400,0.0,-2.0234207742112686e-47,9927.051530792365,0.9967586640797595,4.766372866402275e-34
1268460,0.0,-2.023218480606217e-47,9927.051530792365,0.9967586640797595,4.76589655277906e-34
1268520,0.0,-2.0230161870011654e-47,9927.051530792365,0.9967586640797595,4.765420239155846e-34
1268580,0.0,-2.0228138933961136e-47,9927.051530792365,0.9967586640797595,4.764943925532632e-34
1268640,0.0,-2.022611599791062e-47,9927.051530792365,0.9967586640797595,4.764467611909418e-34
1268700,0.0,-2.0224093061860103e-47,9927.051530792365,0.9967586640797595,4.763991298286203e-34
1268760,0.0,-2.0222070125809588e-47,9927.051530792365,0.9967586640797595,4.7635149846629895e-34
1268820,0.0,-2.022004718975907e-47,9927.051530792365,0.9967586640797595,4.763038671039775e-34
1268880,0.0,-2.0218024253708556e-47,9927.051530792365,0.9967586640797595,4.762562357416562e-34
1268940,0.0,-2.0216001317658036e-47,9927.051530792365,0.9967586640797595,4.762086043793347e-34
1269000,0.0,-2.0213978381607523e-47,9927.051530792365,0.9967586640797595,4.761609730170133e-34
1269060,0.0,-2.0211955445557003e-47,9927.051530792365,0.9967586640797595,4.761133416546919e-34
1269120,0.0,-2.020993250950649e-47,9927.051530792365,0.9967586640797595,4.760657102923705e-34
1269180,0.0,-2.020790957345597e-47,9927.051530792365,0.9967586640797595,4.76018078930049e-34
1269240,0.0,-2.0205886637405455e-47,9927.051530792365,0.9967586640797595,4.759704475677276e-34
1269300,0.0,-2.0203863701354938e-47,9927.051530792365,0.9967586640797595,4.759228162054062e-34
1269360,0.0,-2.0201840765304422e-47,9927.051530792365,0.9967586640797595,4.758751848430849e-34
1269420,0.0,-2.019981782925391e-47,9927.051530792365,0.9967586640797595,4.758275534807635e-34
1269480,0.0,-2.019779489320339e-47,9927.051530792365,0.9967586640797595,4.75779922118442e-34
1269540,0.0,-2.0195771957152875e-47,9927.051530792365,0.9967586640797595,4.7573229075612065e-34
1269600,0.0,-2.0193749021102357e-47,9927.051530792365,0.9967586640797595,4.756846593937992e-34
1269660,0.0,-2.0191726085051842e-47,9927.051530792365,0.9967586640797595,4.756370280314778e-34
1269720,0.0,-2.0189703149001324e-47,9927.051530792365,0.9967586640797595,4.755893966691563e-34
1269780,0.0,-2.018768021295081e-47,9927.051530792365,0.9967586640797595,4.75541765306835e-34
1269840,0.0,-2.0185657276900292e-47,9927.051530792365,0.9967586640797595,4.754941339445136e-34
1269900,0.0,-2.0183634340849777e-47,9927.051530792365,0.9967586640797595,4.754465025821922e-34
1269960,0.0,-2.018161140479926e-47,9927.051530792365,0.9967586640797595,4.753988712198707e-34
1270020,0.0,-2.0179588468748744e-47,9927.051530792365,0.9967586640797595,4.7535123985754934e-34
1270080,0.0,-2.0177565532698226e-47,9927.051530792365,0.9967586640797595,4.753036084952279e-34
1270140,0.0,-2.0175542596647711e-47,9927.051530792365,0.9967586640797595,4.752559771329065e-34
1270200,0.0,-2.0173519660597194e-47,9927.051530792365,0.9967586640797595,4.752083457705851e-34
1270260,0.0,-2.0171496724546679e-47,9927.051530792365,0.9967586640797595,4.751607144082637e-34
1270320,0.0,-2.0169473788496159e-47,9927.051530792365,0.9967586640797595,4.751130830459423e-34
1270380,0.0,-2.0167450852445646e-47,9927.051530792365,0.9967586640797595,4.750654516836209e-34
1270440,0.0,-2.0165427916395126e-47,9927.051530792365,0.9967586640797595,4.750178203212994e-34
1270500,0.0,-2.0163404980344613e-47,9927.051530792365,0.9967586640797595,4.74970188958978e-34
1270560,0.0,-2.0161382044294093e-47,9927.051530792365,0.9967586640797595,4.749225575966566e-34
1270620,0.0,-2.0159359108243578e-47,9927.051530792365,0.9967586640797595,4.748749262343352e-34
1270680,0.0,-2.015733617219306e-47,9927.051530792365,0.9967586640797595,4.748272948720138e-34
1270740,0.0,-2.0155313236142545e-47,9927.051530792365,0.9967586640797595,4.747796635096924e-34
1270800,0.0,-2.0153290300092028e-47,9927.051530792365,0.9967586640797595,4.74732032147371e-34
1270860,0.0,-2.0151267364041513e-47,9927.051530792365,0.9967586640797595,4.746844007850496e-34
1270920,0.0,-2.0149244427990995e-47,9927.051530792365,0.9967586640797595,4.746367694227281e-34
1270980,0.0,-2.014722149194048e-47,9927.051530792365,0.9967586640797595,4.745891380604067e-34
1271040,0.0,-2.0145198555889963e-47,9927.051530792365,0.9967586640797595,4.745415066980853e-34
1271100,0.0,-2.0143175619839447e-47,9927.051530792365,0.9967586640797595,4.74493875335764e-34
1271160,0.0,-2.0141152683788932e-47,9927.051530792365,0.9967586640797595,4.744462439734426e-34
1271220,0.0,-2.0139129747738415e-47,9927.051530792365,0.9967586640797595,4.743986126111211e-34
1271280,0.0,-2.01371068116879e-47,9927.051530792365,0.9967586640797595,4.743509812487997e-34
1271340,0.0,-2.0135083875637382e-47,9927.051530792365,0.9967586640797595,4.743033498864783e-34
1271400,0.0,-2.0133060939586867e-47,9927.051530792365,0.9967586640797595,4.742557185241569e-34
1271460,0.0,-2.013103800353635e-47,9927.051530792365,0.9967586640797595,4.742080871618354e-34
1271520,0.0,-2.0129015067485834e-47,9927.051530792365,0.9967586640797595,4.7416045579951405e-34
1271580,0.0,-2.0126992131435314e-47,9927.051530792365,0.9967586640797595,4.741128244371927e-34
1271640,0.0,-2.0124969195384802e-47,9927.051530792365,0.9967586640797595,4.740651930748713e-34
1271700,0.0,-2.0122946259334282e-47,9927.051530792365,0.9967586640797595,4.740175617125498e-34
1271760,0.0,-2.012092332328377e-47,9927.051530792365,0.9967586640797595,4.739699303502284e-34
1271820,0.0,-2.011890038723325e-47,9927.051530792365,0.9967586640797595,4.73922298987907e-34
1271880,0.0,-2.0116877451182734e-47,9927.051530792365,0.9967586640797595,4.738746676255856e-34
1271940,0.0,-2.0114854515132216e-47,9927.051530792365,0.9967586640797595,4.738270362632641e-34
1272000,0.0,-2.01128315790817e-47,9927.051530792365,0.9967586640797595,4.737794049009428e-34
1272060,0.0,-2.0110808643031184e-47,9927.051530792365,0.9967586640797595,4.737317735386214e-34
1272120,0.0,-2.0108785706980668e-47,9927.051530792365,0.9967586640797595,4.736841421763e-34
1272180,0.0,-2.010676277093015e-47,9927.051530792365,0.9967586640797595,4.736365108139785e-34
1272240,0.0,-2.0104739834879636e-47,9927.051530792365,0.9967586640797595,4.735888794516571e-34
1272300,0.0,-2.0102716898829118e-47,9927.051530792365,0.9967586640797595,4.735412480893357e-34
1272360,0.0,-2.0100693962778603e-47,9927.051530792365,0.9967586640797595,4.734936167270143e-34
1272420,0.0,-2.0098671026728085e-47,9927.051530792365,0.9967586640797595,4.734459853646928e-34
1272480,0.0,-2.009664809067757e-47,9927.051530792365,0.9967586640797595,4.733983540023715e-34
1272540,0.0,-2.0094625154627053e-47,9927.051530792365,0.9967586640797595,4.7335072264005005e-34
1272600,0.0,-2.0092602218576538e-47,9927.051530792365,0.9967586640797595,4.733030912777287e-34
1272660,0.0,-2.0090579282526018e-47,9927.051530792365,0.9967586640797595,4.732554599154072e-34
1272720,0.0,-2.0088556346475505e-47,9927.051530792365,0.9967586640797595,4.732078285530858e-34
1272780,0.0,-2.008653341042499e-47,9927.051530792365,0.9967586640797595,4.7316019719076444e-34
1272840,0.0,-2.0084510474374472e-47,9927.051530792365,0.9967586640797595,4.73112565828443e-34
1272900,0.0,-2.0082487538323957e-47,9927.051530792365,0.9967586640797595,4.730649344661217e-34
1272960,0.0,-2.0080464602273437e-47,9927.051530792365,0.9967586640797595,4.730173031038002e-34
1273020,0.0,-2.0078441666222924e-47,9927.051530792365,0.9967586640797595,4.729696717414788e-34
1273080,0.0,-2.0076418730172404e-47,9927.051530792365,0.9967586640797595,4.729220403791574e-34
1273140,0.0,-2.0074395794121892e-47,9927.051530792365,0.9967586640797595,4.72874409016836e-34
1273200,0.0,-2.0072372858071372e-47,9927.051530792365,0.9967586640797595,4.728267776545145e-34
1273260,0.0,-2.0070349922020857e-47,9927.051530792365,0.9967586640797595,4.727791462921931e-34
1273320,0.0,-2.006832698597034e-47,9927.051530792365,0.9967586640797595,4.727315149298717e-34
1273380,0.0,-2.0066304049919824e-47,9927.051530792365,0.9967586640797595,4.726838835675504e-34
1273440,0.0,-2.0064281113869306e-47,9927.051530792365,0.9967586640797595,4.726362522052289e-34
1273500,0.0,-2.0062258177818791e-47,9927.051530792365,0.9967586640797595,4.725886208429075e-34
1273560,0.0,-2.0060235241768274e-47,9927.051530792365,0.9967586640797595,4.725409894805861e-34
1273620,0.0,-2.0058212305717759e-47,9927.051530792365,0.9967586640797595,4.724933581182647e-34
1273680,0.0,-2.005618936966724e-47,9927.051530792365,0.9967586640797595,4.724457267559432e-34
1273740,0.0,-2.0054166433616726e-47,9927.051530792365,0.9967586640797595,4.723980953936218e-34
1273800,0.0,-2.0052143497566208e-47,9927.051530792365,0.9967586640797595,4.7235046403130045e-34
1273860,0.0,-2.0050120561515693e-47,9927.051530792365,0.9967586640797595,4.723028326689791e-34
1273920,0.0,-2.0048097625465176e-47,9927.051530792365,0.9967586640797595,4.722552013066576e-34
1273980,0.0,-2.004607468941466e-47,9927.051530792365,0.9967586640797595,4.722075699443362e-34
1274040,0.0,-2.004405175336414e-47,9927.051530792365,0.9967586640797595,4.7215993858201476e-34
1274100,0.0,-2.0042028817313628e-47,9927.051530792365,0.9967586640797595,4.721123072196934e-34
1274160,0.0,-2.0040005881263108e-47,9927.051530792365,0.9967586640797595,4.720646758573719e-34
1274220,0.0,-2.0037982945212593e-47,9927.051530792365,0.9967586640797595,4.720170444950505e-34
1274280,0.0,-2.0035960009162075e-47,9927.051530792365,0.9967586640797595,4.7196941313272915e-34
1274340,0.0,-2.003393707311156e-47,9927.051530792365,0.9967586640797595,4.719217817704078e-34
1274400,0.0,-2.0031914137061047e-47,9927.051530792365,0.9967586640797595,4.718741504080864e-34
1274460,0.0,-2.0029891201010527e-47,9927.051530792365,0.9967586640797595,4.718265190457649e-34
1274520,0.0,-2.0027868264960012e-47,9927.051530792365,0.9967586640797595,4.717788876834435e-34
1274580,0.0,-2.0025845328909495e-47,9927.051530792365,0.9967586640797595,4.717312563211221e-34
1274640,0.0,-2.002382239285898e-47,9927.051530792365,0.9967586640797595,4.716836249588007e-34
1274700,0.0,-2.0021799456808462e-47,9927.051530792365,0.9967586640797595,4.716359935964793e-34
1274760,0.0,-2.0019776520757947e-47,9927.051530792365,0.9967586640797595,4.715883622341579e-34
1274820,0.0,-2.001775358470743e-47,9927.051530792365,0.9967586640797595,4.715407308718365e-34
1274880,0.0,-2.0015730648656914e-47,9927.051530792365,0.9967586640797595,4.714930995095151e-34
1274940,0.0,-2.0013707712606397e-47,9927.051530792365,0.9967586640797595,4.714454681471936e-34
1275000,0.0,-2.0011684776555882e-47,9927.051530792365,0.9967586640797595,4.713978367848722e-34
1275060,0.0,-2.0009661840505364e-47,9927.051530792365,0.9967586640797595,4.713502054225508e-34
1275120,0.0,-2.000763890445485e-47,9927.051530792365,0.9967586640797595,4.713025740602294e-34
1275180,0.0,-2.0005615968404331e-47,9927.051530792365,0.9967586640797595,4.71254942697908e-34
1275240,0.0,-2.0003593032353816e-47,9927.051530792365,0.9967586640797595,4.712073113355866e-34
1275300,0.0,-2.0001570096303296e-47,9927.051530792365,0.9967586640797595,4.7115967997326515e-34
1275360,0.0,-1.9999547160252784e-47,9927.051530792365,0.9967586640797595,4.711120486109438e-34
1275420,0.0,-1.9997524224202264e-47,9927.051530792365,0.9967586640797595,4.710644172486223e-34
1275480,0.0,-1.999550128815175e-47,9927.051530792365,0.9967586640797595,4.710167858863009e-34
1275540,0.0,-1.999347835210123e-47,9927.051530792365,0.9967586640797595,4.7096915452397946e-34
1275600,0.0,-1.9991455416050716e-47,9927.051530792365,0.9967586640797595,4.709215231616582e-34
1275660,0.0,-1.9989432480000198e-47,9927.051530792365,0.9967586640797595,4.708738917993367e-34
1275720,0.0,-1.9987409543949683e-47,9927.051530792365,0.9967586640797595,4.708262604370153e-34
1275780,0.0,-1.9985386607899166e-47,9927.051530792365,0.9967586640797595,4.7077862907469385e-34
1275840,0.0,-1.998336367184865e-47,9927.051530792365,0.9967586640797595,4.707309977123725e-34
1275900,0.0,-1.9981340735798133e-47,9927.051530792365,0.9967586640797595,4.70683366350051e-34
1275960,0.0,-1.9979317799747618e-47,9927.051530792365,0.9967586640797595,4.706357349877296e-34
1276020,0.0,-1.99772948636971e-47,9927.051530792365,0.9967586640797595,4.7058810362540815e-34
1276080,0.0,-1.9975271927646585e-47,9927.051530792365,0.9967586640797595,4.7054047226308686e-34
1276140,0.0,-1.997324899159607e-47,9927.051530792365,0.9967586640797595,4.704928409007655e-34
1276200,0.0,-1.9971226055545552e-47,9927.051530792365,0.9967586640797595,4.70445209538444e-34
1276260,0.0,-1.9969203119495037e-47,9927.051530792365,0.9967586640797595,4.703975781761226e-34
1276320,0.0,-1.996718018344452e-47,9927.051530792365,0.9967586640797595,4.703499468138012e-34
1276380,0.0,-1.9965157247394005e-47,9927.051530792365,0.9967586640797595,4.703023154514798e-34
1276440,0.0,-1.9963134311343487e-47,9927.051530792365,0.9967586640797595,4.702546840891583e-34
1276500,0.0,-1.9961111375292972e-47,9927.051530792365,0.9967586640797595,4.70207052726837e-34
1276560,0.0,-1.9959088439242454e-47,9927.051530792365,0.9967586640797595,4.7015942136451555e-34
1276620,0.0,-1.995706550319194e-47,9927.051530792365,0.9967586640797595,4.701117900021942e-34
1276680,0.0,-1.995504256714142e-47,9927.051530792365,0.9967586640797595,4.700641586398727e-34
1276740,0.0,-1.9953019631090907e-47,9927.051530792365,0.9967586640797595,4.700165272775513e-34
1276800,0.0,-1.9950996695040387e-47,9927.051530792365,0.9967586640797595,4.6996889591522985e-34
1276860,0.0,-1.9948973758989874e-47,9927.051530792365,0.9967586640797595,4.699212645529085e-34
1276920,0.0,-1.9946950822939354e-47,9927.051530792365,0.9967586640797595,4.69873633190587e-34
1276980,0.0,-1.9944927886888839e-47,9927.051530792365,0.9967586640797595,4.698260018282657e-34
1277040,0.0,-1.994290495083832e-47,9927.051530792365,0.9967586640797595,4.6977837046594424e-34
1277100,0.0,-1.9940882014787806e-47,9927.051530792365,0.9967586640797595,4.697307391036229e-34
1277160,0.0,-1.9938859078737288e-47,9927.051530792365,0.9967586640797595,4.696831077413014e-34
1277220,0.0,-1.9936836142686773e-47,9927.051530792365,0.9967586640797595,4.6963547637898e-34
1277280,0.0,-1.9934813206636256e-47,9927.051530792365,0.9967586640797595,4.6958784501665855e-34
1277340,0.0,-1.993279027058574e-47,9927.051530792365,0.9967586640797595,4.695402136543372e-34
1277400,0.0,-1.9930767334535223e-47,9927.051530792365,0.9967586640797595,4.694925822920158e-34
1277460,0.0,-1.9928744398484708e-47,9927.051530792365,0.9967586640797595,4.694449509296944e-34
1277520,0.0,-1.992672146243419e-47,9927.051530792365,0.9967586640797595,4.693973195673729e-34
1277580,0.0,-1.9924698526383675e-47,9927.051530792365,0.9967586640797595,4.693496882050516e-34
1277640,0.0,-1.9922675590333155e-47,9927.051530792365,0.9967586640797595,4.693020568427301e-34
1277700,0.0,-1.9920652654282643e-47,9927.051530792365,0.9967586640797595,4.692544254804087e-34
1277760,0.0,-1.9918629718232127e-47,9927.051530792365,0.9967586640797595,4.692067941180873e-34
1277820,0.0,-1.991660678218161e-47,9927.051530792365,0.9967586640797595,4.691591627557659e-34
1277880,0.0,-1.9914583846131095e-47,9927.051530792365,0.9967586640797595,4.691115313934446e-34
1277940,0.0,-1.9912560910080575e-47,9927.051530792365,0.9967586640797595,4.690639000311231e-34
1278000,0.0,-1.9910537974030062e-47,9927.051530792365,0.9967586640797595,4.690162686688017e-34
1278060,0.0,-1.9908515037979542e-47,9927.051530792365,0.9967586640797595,4.6896863730648025e-34
1278120,0.0,-1.990649210192903e-47,9927.051530792365,0.9967586640797595,4.689210059441589e-34
1278180,0.0,-1.990446916587851e-47,9927.051530792365,0.9967586640797595,4.688733745818374e-34
1278240,0.0,-1.9902446229827994e-47,9927.051530792365,0.9967586640797595,4.68825743219516e-34
1278300,0.0,-1.9900423293777477e-47,9927.051530792365,0.9967586640797595,4.687781118571946e-34
1278360,0.0,-1.9898400357726962e-47,9927.051530792365,0.9967586640797595,4.687304804948733e-34
1278420,0.0,-1.9896377421676444e-47,9927.051530792365,0.9967586640797595,4.686828491325518e-34
1278480,0.0,-1.989435448562593e-47,9927.051530792365,0.9967586640797595,4.686352177702304e-34
1278540,0.0,-1.9892331549575411e-47,9927.051530792365,0.9967586640797595,4.6858758640790895e-34
1278600,0.0,-1.9890308613524896e-47,9927.051530792365,0.9967586640797595,4.685399550455876e-34
1278660,0.0,-1.9888285677474379e-47,9927.051530792365,0.9967586640797595,4.684923236832661e-34
1278720,0.0,-1.9886262741423864e-47,9927.051530792365,0.9967586640797595,4.684446923209447e-34
1278780,0.0,-1.9884239805373346e-47,9927.051530792365,0.9967586640797595,4.683970609586233e-34
1278840,0.0,-1.988221686932283e-47,9927.051530792365,0.9967586640797595,4.6834942959630196e-34
1278900,0.0,-1.9880193933272313e-47,9927.051530792365,0.9967586640797595,4.683017982339805e-34
1278960,0.0,-1.9878170997221798e-47,9927.051530792365,0.9967586640797595,4.682541668716591e-34
1279020,0.0,-1.9876148061171278e-47,9927.051530792365,0.9967586640797595,4.682065355093376e-34
1279080,0.0,-1.9874125125120766e-47,9927.051530792365,0.9967586640797595,4.681589041470163e-34
1279140,0.0,-1.9872102189070246e-47,9927.051530792365,0.9967586640797595,4.681112727846948e-34
1279200,0.0,-1.9870079253019733e-47,9927.051530792365,0.9967586640797595,4.680636414223735e-34
1279260,0.0,-1.9868056316969213e-47,9927.051530792365,0.9967586640797595,4.68016010060052e-34
1279320,0.0,-1.9866033380918698e-47,9927.051530792365,0.9967586640797595,4.6796837869773065e-34
1279380,0.0,-1.986401044486818e-47,9927.051530792365,0.9967586640797595,4.679207473354092e-34
1279440,0.0,-1.9861987508817665e-47,9927.051530792365,0.9967586640797595,4.678731159730878e-34
1279500,0.0,-1.9859964572767152e-47,9927.051530792365,0.9967586640797595,4.678254846107664e-34
1279560,0.0,-1.9857941636716632e-47,9927.051530792365,0.9967586640797595,4.6777785324844495e-34
1279620,0.0,-1.9855918700666117e-47,9927.051530792365,0.9967586640797595,4.677302218861237e-34
1279680,0.0,-1.98538957646156e-47,9927.051530792365,0.9967586640797595,4.676825905238022e-34
1279740,0.0,-1.9851872828565085e-47,9927.051530792365,0.9967586640797595,4.676349591614808e-34
1279800,0.0,-1.9849849892514567e-47,9927.051530792365,0.9967586640797595,4.6758732779915934e-34
1279860,0.0,-1.9847826956464052e-47,9927.051530792365,0.9967586640797595,4.67539696436838e-34
1279920,0.0,-1.9845804020413534e-47,9927.051530792365,0.9967586640797595,4.674920650745165e-34
1279980,0.0,-1.984378108436302e-47,9927.051530792365,0.9967586640797595,4.674444337121951e-34
1280040,0.0,-1.9841758148312502e-47,9927.051530792365,0.9967586640797595,4.6739680234987365e-34
1280100,0.0,-1.9839735212261987e-47,9927.051530792365,0.9967586640797595,4.6734917098755235e-34
1280160,0.0,-1.983771227621147e-47,9927.051530792365,0.9967586640797595,4.673015396252309e-34
1280220,0.0,-1.9835689340160954e-47,9927.051530792365,0.9967586640797595,4.672539082629095e-34
1280280,0.0,-1.9833666404110434e-47,9927.051530792365,0.9967586640797595,4.67206276900588e-34
1280340,0.0,-1.983164346805992e-47,9927.051530792365,0.9967586640797595,4.671586455382667e-34
1280400,0.0,-1.9829620532009401e-47,9927.051530792365,0.9967586640797595,4.671110141759452e-34
1280460,0.0,-1.9827597595958889e-47,9927.051530792365,0.9967586640797595,4.670633828136238e-34
1280520,0.0,-1.9825574659908369e-47,9927.051530792365,0.9967586640797595,4.6701575145130234e-34
1280580,0.0,-1.9823551723857853e-47,9927.051530792365,0.9967586640797595,4.6696812008898105e-34
1280640,0.0,-1.9821528787807336e-47,9927.051530792365,0.9967586640797595,4.669204887266596e-34
1280700,0.0,-1.981950585175682e-47,9927.051530792365,0.9967586640797595,4.668728573643382e-34
1280760,0.0,-1.9817482915706303e-47,9927.051530792365,0.9967586640797595,4.668252260020167e-34
1280820,0.0,-1.9815459979655788e-47,9927.051530792365,0.9967586640797595,4.6677759463969535e-34
1280880,0.0,-1.981343704360527e-47,9927.051530792365,0.9967586640797595,4.667299632773739e-34
1280940,0.0,-1.9811414107554755e-47,9927.051530792365,0.9967586640797595,4.666823319150525e-34
1281000,0.0,-1.9809391171504238e-47,9927.051530792365,0.9967586640797595,4.666347005527311e-34
1281060,0.0,-1.9807368235453723e-47,9927.051530792365,0.9967586640797595,4.665870691904097e-34
1281120,0.0,-1.9805345299403208e-47,9927.051530792365,0.9967586640797595,4.665394378280884e-34
1281180,0.0,-1.980332236335269e-47,9927.051530792365,0.9967586640797595,4.664918064657669e-34
1281240,0.0,-1.9801299427302175e-47,9927.051530792365,0.9967586640797595,4.664441751034455e-34
1281300,0.0,-1.9799276491251657e-47,9927.051530792365,0.9967586640797595,4.6639654374112405e-34
1281360,0.0,-1.9797253555201142e-47,9927.051530792365,0.9967586640797595,4.663489123788027e-34
1281420,0.0,-1.9795230619150625e-47,9927.051530792365,0.9967586640797595,4.663012810164812e-34
1281480,0.0,-1.979320768310011e-47,9927.051530792365,0.9967586640797595,4.662536496541599e-34
1281540,0.0,-1.9791184747049592e-47,9927.051530792365,0.9967586640797595,4.662060182918384e-34
1281600,0.0,-1.9789161810999077e-47,9927.051530792365,0.9967586640797595,4.6615838692951705e-34
1281660,0.0,-1.9787138874948557e-47,9927.051530792365,0.9967586640797595,4.661107555671956e-34
1281720,0.0,-1.9785115938898044e-47,9927.051530792365,0.9967586640797595,4.660631242048742e-34
1281780,0.0,-1.9783093002847524e-47,9927.051530792365,0.9967586640797595,4.660154928425527e-34
1281840,0.0,-1.9781070066797011e-47,9927.051530792365,0.9967586640797595,4.659678614802314e-34
1281900,0.0,-1.9779047130746491e-47,9927.051530792365,0.9967586640797595,4.6592023011791e-34
1281960,0.0,-1.9777024194695976e-47,9927.051530792365,0.9967586640797595,4.658725987555886e-34
1282020,0.0,-1.977500125864546e-47,9927.051530792365,0.9967586640797595,4.658249673932671e-34
1282080,0.0,-1.9772978322594944e-47,9927.051530792365,0.9967586640797595,4.6577733603094575e-34
1282140,0.0,-1.9770955386544426e-47,9927.051530792365,0.9967586640797595,4.657297046686243e-34
1282200,0.0,-1.976893245049391e-47,9927.051530792365,0.9967586640797595,4.656820733063029e-34
1282260,0.0,-1.9766909514443393e-47,9927.051530792365,0.9967586640797595,4.656344419439814e-34
1282320,0.0,-1.9764886578392878e-47,9927.051530792365,0.9967586640797595,4.655868105816601e-34
1282380,0.0,-1.976286364234236e-47,9927.051530792365,0.9967586640797595,4.655391792193387e-34
1282440,0.0,-1.9760840706291846e-47,9927.051530792365,0.9967586640797595,4.654915478570173e-34
1282500,0.0,-1.9758817770241328e-47,9927.051530792365,0.9967586640797595,4.654439164946958e-34
1282560,0.0,-1.9756794834190813e-47,9927.051530792365,0.9967586640797595,4.6539628513237444e-34
1282620,0.0,-1.9754771898140295e-47,9927.051530792365,0.9967586640797595,4.65348653770053e-34
1282680,0.0,-1.975274896208978e-47,9927.051530792365,0.9967586640797595,4.653010224077316e-34
1282740,0.0,-1.975072602603926e-47,9927.051530792365,0.9967586640797595,4.652533910454101e-34
1282800,0.0,-1.9748703089988748e-47,9927.051530792365,0.9967586640797595,4.652057596830888e-34
1282860,0.0,-1.9746680153938232e-47,9927.051530792365,0.9967586640797595,4.6515812832076745e-34
1282920,0.0,-1.9744657217887712e-47,9927.051530792365,0.9967586640797595,4.65110496958446e-34
1282980,0.0,-1.97426342818372e-47,9927.051530792365,0.9967586640797595,4.650628655961246e-34
1283040,0.0,-1.974061134578668e-47,9927.051530792365,0.9967586640797595,4.650152342338031e-34
1283100,0.0,-1.9738588409736167e-47,9927.051530792365,0.9967586640797595,4.6496760287148176e-34
1283160,0.0,-1.9736565473685647e-47,9927.051530792365,0.9967586640797595,4.649199715091603e-34
1283220,0.0,-1.9734542537635132e-47,9927.051530792365,0.9967586640797595,4.64872340146839e-34
1283280,0.0,-1.9732519601584614e-47,9927.051530792365,0.9967586640797595,4.648247087845175e-34
1283340,0.0,-1.97304966655341e-47,9927.051530792365,0.9967586640797595,4.6477707742219615e-34
1283400,0.0,-1.9728473729483582e-47,9927.051530792365,0.9967586640797595,4.647294460598747e-34
1283460,0.0,-1.9726450793433067e-47,9927.051530792365,0.9967586640797595,4.646818146975533e-34
1283520,0.0,-1.972442785738255e-47,9927.051530792365,0.9967586640797595,4.646341833352318e-34
1283580,0.0,-1.9722404921332034e-47,9927.051530792365,0.9967586640797595,4.6458655197291045e-34
1283640,0.0,-1.9720381985281516e-47,9927.051530792365,0.9967586640797595,4.64538920610589e-34
1283700,0.0,-1.9718359049231001e-47,9927.051530792365,0.9967586640797595,4.644912892482677e-34
1283760,0.0,-1.9716336113180484e-47,9927.051530792365,0.9967586640797595,4.644436578859462e-34
1283820,0.0,-1.9714313177129969e-47,9927.051530792365,0.9967586640797595,4.643960265236248e-34
1283880,0.0,-1.971229024107945e-47,9927.051530792365,0.9967586640797595,4.643483951613034e-34
1283940,0.0,-1.9710267305028936e-47,9927.051530792365,0.9967586640797595,4.64300763798982e-34
1284000,0.0,-1.9708244368978416e-47,9927.051530792365,0.9967586640797595,4.642531324366605e-34
1284060,0.0,-1.9706221432927903e-47,9927.051530792365,0.9967586640797595,4.6420550107433915e-34
1284120,0.0,-1.9704198496877383e-47,9927.051530792365,0.9967586640797595,4.641578697120177e-34
1284180,0.0,-1.970217556082687e-47,9927.051530792365,0.9967586640797595,4.641102383496964e-34
1284240,0.0,-1.970015262477635e-47,9927.051530792365,0.9967586640797595,4.640626069873749e-34
1284300,0.0,-1.9698129688725835e-47,9927.051530792365,0.9967586640797595,4.640149756250535e-34
1284360,0.0,-1.9696106752675318e-47,9927.051530792365,0.9967586640797595,4.639673442627321e-34
1284420,0.0,-1.9694083816624803e-47,9927.051530792365,0.9967586640797595,4.639197129004107e-34
1284480,0.0,-1.969206088057429e-47,9927.051530792365,0.9967586640797595,4.638720815380893e-34
1284540,0.0,-1.969003794452377e-47,9927.051530792365,0.9967586640797595,4.638244501757678e-34
1284600,0.0,-1.9688015008473255e-47,9927.051530792365,0.9967586640797595,4.6377681881344654e-34
1284660,0.0,-1.9685992072422737e-47,9927.051530792365,0.9967586640797595,4.637291874511251e-34
1284720,0.0,-1.9683969136372222e-47,9927.051530792365,0.9967586640797595,4.636815560888037e-34
1284780,0.0,-1.9681946200321705e-47,9927.051530792365,0.9967586640797595,4.636339247264822e-34
1284840,0.0,-1.967992326427119e-47,9927.051530792365,0.9967586640797595,4.6358629336416085e-34
1284900,0.0,-1.9677900328220672e-47,9927.051530792365,0.9967586640797595,4.635386620018394e-34
1284960,0.0,-1.9675877392170157e-47,9927.051530792365,0.9967586640797595,4.63491030639518e-34
1285020,0.0,-1.967385445611964e-47,9927.051530792365,0.9967586640797595,4.634433992771966e-34
1285080,0.0,-1.9671831520069124e-47,9927.051530792365,0.9967586640797595,4.633957679148752e-34
1285140,0.0,-1.9669808584018607e-47,9927.051530792365,0.9967586640797595,4.633481365525538e-34
1285200,0.0,-1.9667785647968092e-47,9927.051530792365,0.9967586640797595,4.633005051902324e-34
1285260,0.0,-1.9665762711917574e-47,9927.051530792365,0.9967586640797595,4.632528738279109e-34
1285320,0.0,-1.966373977586706e-47,9927.051530792365,0.9967586640797595,4.6320524246558954e-34
1285380,0.0,-1.966171683981654e-47,9927.051530792365,0.9967586640797595,4.631576111032681e-34
1285440,0.0,-1.9659693903766026e-47,9927.051530792365,0.9967586640797595,4.631099797409467e-34
1285500,0.0,-1.9657670967715506e-47,9927.051530792365,0.9967586640797595,4.630623483786253e-34
1285560,0.0,-1.9655648031664993e-47,9927.051530792365,0.9967586640797595,4.630147170163039e-34
1285620,0.0,-1.9653625095614474e-47,9927.051530792365,0.9967586640797595,4.629670856539825e-34
1285680,0.0,-1.9651602159563958e-47,9927.051530792365,0.9967586640797595,4.629194542916611e-34
1285740,0.0,-1.964957922351344e-47,9927.051530792365,0.9967586640797595,4.628718229293396e-34
1285800,0.0,-1.9647556287462926e-47,9927.051530792365,0.9967586640797595,4.628241915670182e-34
1285860,0.0,-1.9645533351412408e-47,9927.051530792365,0.9967586640797595,4.627765602046968e-34
1285920,0.0,-1.9643510415361893e-47,9927.051530792365,0.9967586640797595,4.627289288423755e-34
1285980,0.0,-1.9641487479311375e-47,9927.051530792365,0.9967586640797595,4.62681297480054e-34
1286040,0.0,-1.963946454326086e-47,9927.051530792365,0.9967586640797595,4.626336661177326e-34
1286100,0.0,-1.9637441607210345e-47,9927.051530792365,0.9967586640797595,4.6258603475541125e-34
1286160,0.0,-1.9635418671159828e-47,9927.051530792365,0.9967586640797595,4.625384033930898e-34
1286220,0.0,-1.9633395735109313e-47,9927.051530792365,0.9967586640797595,4.624907720307684e-34
1286280,0.0,-1.9631372799058795e-47,9927.051530792365,0.9967586640797595,4.624431406684469e-34
1286340,0.0,-1.962934986300828e-47,9927.051530792365,0.9967586640797595,4.6239550930612555e-34
1286400,0.0,-1.9627326926957762e-47,9927.051530792365,0.9967586640797595,4.623478779438042e-34
1286460,0.0,-1.9625303990907247e-47,9927.051530792365,0.9967586640797595,4.623002465814828e-34
1286520,0.0,-1.962328105485673e-47,9927.051530792365,0.9967586640797595,4.622526152191613e-34
1286580,0.0,-1.9621258118806214e-47,9927.051530792365,0.9967586640797595,4.622049838568399e-34
1286640,0.0,-1.9619235182755694e-47,9927.051530792365,0.9967586640797595,4.621573524945185e-34
1286700,0.0,-1.9617212246705182e-47,9927.051530792365,0.9967586640797595,4.621097211321971e-34
1286760,0.0,-1.9615189310654662e-47,9927.051530792365,0.9967586640797595,4.620620897698756e-34
1286820,0.0,-1.961316637460415e-47,9927.051530792365,0.9967586640797595,4.620144584075543e-34
1286880,0.0,-1.961114343855363e-47,9927.051530792365,0.9967586640797595,4.619668270452329e-34
1286940,0.0,-1.9609120502503114e-47,9927.051530792365,0.9967586640797595,4.619191956829115e-34
1287000,0.0,-1.9607097566452596e-47,9927.051530792365,0.9967586640797595,4.6187156432059e-34
1287060,0.0,-1.9605074630402081e-47,9927.051530792365,0.9967586640797595,4.618239329582686e-34
1287120,0.0,-1.9603051694351564e-47,9927.051530792365,0.9967586640797595,4.617763015959472e-34
1287180,0.0,-1.9601028758301049e-47,9927.051530792365,0.9967586640797595,4.617286702336258e-34
1287240,0.0,-1.959900582225053e-47,9927.051530792365,0.9967586640797595,4.616810388713043e-34
1287300,0.0,-1.9596982886200016e-47,9927.051530792365,0.9967586640797595,4.61633407508983e-34
1287360,0.0,-1.9594959950149498e-47,9927.051530792365,0.9967586640797595,4.615857761466616e-34
1287420,0.0,-1.9592937014098983e-47,9927.051530792365,0.9967586640797595,4.615381447843402e-34
1287480,0.0,-1.9590914078048466e-47,9927.051530792365,0.9967586640797595,4.614905134220187e-34
1287540,0.0,-1.958889114199795e-47,9927.051530792365,0.9967586640797595,4.614428820596973e-34
1287600,0.0,-1.9586868205947433e-47,9927.051530792365,0.9967586640797595,4.613952506973759e-34
1287660,0.0,-1.9584845269896918e-47,9927.051530792365,0.9967586640797595,4.613476193350545e-34
1287720,0.0,-1.9582822333846398e-47,9927.051530792365,0.9967586640797595,4.61299987972733e-34
1287780,0.0,-1.9580799397795885e-47,9927.051530792365,0.9967586640797595,4.612523566104117e-34
1287840,0.0,-1.957877646174537e-47,9927.051530792365,0.9967586640797595,4.612047252480903e-34
1287900,0.0,-1.9576753525694853e-47,9927.051530792365,0.9967586640797595,4.611570938857689e-34
1287960,0.0,-1.9574730589644337e-47,9927.051530792365,0.9967586640797595,4.611094625234475e-34
1288020,0.0,-1.9572707653593817e-47,9927.051530792365,0.9967586640797595,4.61061831161126e-34
1288080,0.0,-1.9570684717543305e-47,9927.051530792365,0.9967586640797595,4.610141997988046e-34
1288140,0.0,-1.9568661781492785e-47,9927.051530792365,0.9967586640797595,4.609665684364832e-34
1288200,0.0,-1.9566638845442272e-47,9927.051530792365,0.9967586640797595,4.609189370741619e-34
1288260,0.0,-1.9564615909391752e-47,9927.051530792365,0.9967586640797595,4.608713057118404e-34
1288320,0.0,-1.9562592973341237e-47,9927.051530792365,0.9967586640797595,4.60823674349519e-34
1288380,0.0,-1.956057003729072e-47,9927.051530792365,0.9967586640797595,4.607760429871976e-34
1288440,0.0,-1.9558547101240204e-47,9927.051530792365,0.9967586640797595,4.607284116248762e-34
1288500,0.0,-1.9556524165189687e-47,9927.051530792365,0.9967586640797595,4.606807802625547e-34
1288560,0.0,-1.9554501229139172e-47,9927.051530792365,0.9967586640797595,4.606331489002333e-34
1288620,0.0,-1.9552478293088654e-47,9927.051530792365,0.9967586640797595,4.6058551753791196e-34
1288680,0.0,-1.955045535703814e-47,9927.051530792365,0.9967586640797595,4.605378861755906e-34
1288740,0.0,-1.9548432420987621e-47,9927.051530792365,0.9967586640797595,4.604902548132691e-34
1288800,0.0,-1.9546409484937106e-47,9927.051530792365,0.9967586640797595,4.604426234509477e-34
1288860,0.0,-1.9544386548886589e-47,9927.051530792365,0.9967586640797595,4.603949920886263e-34
1288920,0.0,-1.9542363612836074e-47,9927.051530792365,0.9967586640797595,4.603473607263049e-34
1288980,0.0,-1.9540340676785554e-47,9927.051530792365,0.9967586640797595,4.602997293639834e-34
1289040,0.0,-1.953831774073504e-47,9927.051530792365,0.9967586640797595,4.60252098001662e-34
1289100,0.0,-1.953629480468452e-47,9927.051530792365,0.9967586640797595,4.6020446663934065e-34
1289160,0.0,-1.9534271868634008e-47,9927.051530792365,0.9967586640797595,4.601568352770193e-34
1289220,0.0,-1.9532248932583488e-47,9927.051530792365,0.9967586640797595,4.601092039146978e-34
1289280,0.0,-1.9530225996532973e-47,9927.051530792365,0.9967586640797595,4.600615725523764e-34
1289340,0.0,-1.9528203060482456e-47,9927.051530792365,0.9967586640797595,4.6001394119005495e-34
1289400,0.0,-1.952618012443194e-47,9927.051530792365,0.9967586640797595,4.599663098277336e-34
1289460,0.0,-1.9524157188381428e-47,9927.051530792365,0.9967586640797595,4.599186784654122e-34
1289520,0.0,-1.9522134252330908e-47,9927.051530792365,0.9967586640797595,4.598710471030908e-34
1289580,0.0,-1.9520111316280393e-47,9927.051530792365,0.9967586640797595,4.598234157407694e-34
1289640,0.0,-1.9518088380229875e-47,9927.051530792365,0.9967586640797595,4.59775784378448e-34
1289700,0.0,-1.951606544417936e-47,9927.051530792365,0.9967586640797595,4.597281530161266e-34
1289760,0.0,-1.9514042508128842e-47,9927.051530792365,0.9967586640797595,4.596805216538051e-34
1289820,0.0,-1.9512019572078327e-47,9927.051530792365,0.9967586640797595,4.596328902914837e-34
1289880,0.0,-1.950999663602781e-47,9927.051530792365,0.9967586640797595,4.595852589291623e-34
1289940,0.0,-1.9507973699977295e-47,9927.051530792365,0.9967586640797595,4.595376275668409e-34
1290000,0.0,-1.9505950763926777e-47,9927.051530792365,0.9967586640797595,4.594899962045195e-34
1290060,0.0,-1.9503927827876262e-47,9927.051530792365,0.9967586640797595,4.594423648421981e-34
1290120,0.0,-1.9501904891825744e-47,9927.051530792365,0.9967586640797595,4.593947334798767e-34
1290180,0.0,-1.949988195577523e-47,9927.051530792365,0.9967586640797595,4.593471021175553e-34
1290240,0.0,-1.9497859019724712e-47,9927.051530792365,0.9967586640797595,4.592994707552338e-34
1290300,0.0,-1.9495836083674197e-47,9927.051530792365,0.9967586640797595,4.592518393929124e-34
1290360,0.0,-1.9493813147623677e-47,9927.051530792365,0.9967586640797595,4.59204208030591e-34
1290420,0.0,-1.9491790211573164e-47,9927.051530792365,0.9967586640797595,4.591565766682697e-34
1290480,0.0,-1.9489767275522644e-47,9927.051530792365,0.9967586640797595,4.591089453059482e-34
1290540,0.0,-1.948774433947213e-47,9927.051530792365,0.9967586640797595,4.590613139436268e-34
1290600,0.0,-1.948572140342161e-47,9927.051530792365,0.9967586640797595,4.5901368258130535e-34
1290660,0.0,-1.9483698467371096e-47,9927.051530792365,0.9967586640797595,4.58966051218984e-34
1290720,0.0,-1.9481675531320578e-47,9927.051530792365,0.9967586640797595,4.589184198566625e-34
1290780,0.0,-1.9479652595270063e-47,9927.051530792365,0.9967586640797595,4.588707884943411e-34
1290840,0.0,-1.9477629659219546e-47,9927.051530792365,0.9967586640797595,4.5882315713201966e-34
1290900,0.0,-1.947560672316903e-47,9927.051530792365,0.9967586640797595,4.587755257696984e-34
1290960,0.0,-1.9473583787118513e-47,9927.051530792365,0.9967586640797595,4.587278944073769e-34
1291020,0.0,-1.9471560851067998e-47,9927.051530792365,0.9967586640797595,4.586802630450555e-34
1291080,0.0,-1.946953791501748e-47,9927.051530792365,0.9967586640797595,4.5863263168273405e-34
1291140,0.0,-1.9467514978966965e-47,9927.051530792365,0.9967586640797595,4.585850003204127e-34
1291200,0.0,-1.946549204291645e-47,9927.051530792365,0.9967586640797595,4.585373689580913e-34
1291260,0.0,-1.9463469106865933e-47,9927.051530792365,0.9967586640797595,4.584897375957698e-34
1291320,0.0,-1.9461446170815417e-47,9927.051530792365,0.9967586640797595,4.584421062334485e-34
1291380,0.0,-1.94594232347649e-47,9927.051530792365,0.9967586640797595,4.5839447487112706e-34
1291440,0.0,-1.9457400298714385e-47,9927.051530792365,0.9967586640797595,4.583468435088057e-34
1291500,0.0,-1.9455377362663867e-47,9927.051530792365,0.9967586640797595,4.582992121464842e-34
1291560,0.0,-1.9453354426613352e-47,9927.051530792365,0.9967586640797595,4.582515807841628e-34
1291620,0.0,-1.9451331490562832e-47,9927.051530792365,0.9967586640797595,4.582039494218414e-34
1291680,0.0,-1.944930855451232e-47,9927.051530792365,0.9967586640797595,4.5815631805952e-34
1291740,0.0,-1.94472856184618e-47,9927.051530792365,0.9967586640797595,4.581086866971985e-34
1291800,0.0,-1.9445262682411287e-47,9927.051530792365,0.9967586640797595,4.580610553348772e-34
1291860,0.0,-1.9443239746360767e-47,9927.051530792365,0.9967586640797595,4.5801342397255575e-34
1291920,0.0,-1.9441216810310252e-47,9927.051530792365,0.9967586640797595,4.579657926102344e-34
1291980,0.0,-1.9439193874259734e-47,9927.051530792365,0.9967586640797595,4.579181612479129e-34
1292040,0.0,-1.943717093820922e-47,9927.051530792365,0.9967586640797595,4.578705298855915e-34
1292100,0.0,-1.9435148002158701e-47,9927.051530792365,0.9967586640797595,4.5782289852327005e-34
1292160,0.0,-1.9433125066108186e-47,9927.051530792365,0.9967586640797595,4.577752671609487e-34
1292220,0.0,-1.9431102130057669e-47,9927.051530792365,0.9967586640797595,4.577276357986273e-34
1292280,0.0,-1.9429079194007154e-47,9927.051530792365,0.9967586640797595,4.576800044363059e-34
1292340,0.0,-1.9427056257956636e-47,9927.051530792365,0.9967586640797595,4.5763237307398444e-34
1292400,0.0,-1.942503332190612e-47,9927.051530792365,0.9967586640797595,4.575847417116631e-34
1292460,0.0,-1.9423010385855603e-47,9927.051530792365,0.9967586640797595,4.575371103493416e-34
1292520,0.0,-1.9420987449805088e-47,9927.051530792365,0.9967586640797595,4.574894789870202e-34
1292580,0.0,-1.941896451375457e-47,9927.051530792365,0.9967586640797595,4.5744184762469875e-34
1292640,0.0,-1.9416941577704056e-47,9927.051530792365,0.9967586640797595,4.573942162623774e-34
1292700,0.0,-1.9414918641653536e-47,9927.051530792365,0.9967586640797595,4.57346584900056e-34
1292760,0.0,-1.9412895705603023e-47,9927.051530792365,0.9967586640797595,4.572989535377346e-34
1292820,0.0,-1.9410872769552508e-47,9927.051530792365,0.9967586640797595,4.572513221754132e-34
1292880,0.0,-1.940884983350199e-47,9927.051530792365,0.9967586640797595,4.572036908130918e-34
1292940,0.0,-1.9406826897451475e-47,9927.051530792365,0.9967586640797595,4.571560594507704e-34
1293000,0.0,-1.9404803961400955e-47,9927.051530792365,0.9967586640797595,4.571084280884489e-34
1293060,0.0,-1.9402781025350442e-47,9927.051530792365,0.9967586640797595,4.570607967261275e-34
1293120,0.0,-1.9400758089299922e-47,9927.051530792365,0.9967586640797595,4.5701316536380615e-34
1293180,0.0,-1.939873515324941e-47,9927.051530792365,0.9967586640797595,4.569655340014848e-34
1293240,0.0,-1.939671221719889e-47,9927.051530792365,0.9967586640797595,4.569179026391633e-34
1293300,0.0,-1.9394689281148375e-47,9927.051530792365,0.9967586640797595,4.568702712768419e-34
1293360,0.0,-1.9392666345097857e-47,9927.051530792365,0.9967586640797595,4.5682263991452045e-34
1293420,0.0,-1.9390643409047342e-47,9927.051530792365,0.9967586640797595,4.567750085521991e-34
1293480,0.0,-1.9388620472996824e-47,9927.051530792365,0.9967586640797595,4.567273771898776e-34
1293540,0.0,-1.938659753694631e-47,9927.051530792365,0.9967586640797595,4.566797458275562e-34
1293600,0.0,-1.9384574600895792e-47,9927.051530792365,0.9967586640797595,4.566321144652348e-34
1293660,0.0,-1.9382551664845277e-47,9927.051530792365,0.9967586640797595,4.565844831029135e-34
1293720,0.0,-1.938052872879476e-47,9927.051530792365,0.9967586640797595,4.56536851740592e-34
1293780,0.0,-1.9378505792744244e-47,9927.051530792365,0.9967586640797595,4.564892203782706e-34
1293840,0.0,-1.9376482856693726e-47,9927.051530792365,0.9967586640797595,4.5644158901594915e-34
1293900,0.0,-1.937445992064321e-47,9927.051530792365,0.9967586640797595,4.563939576536278e-34
1293960,0.0,-1.9372436984592694e-47,9927.051530792365,0.9967586640797595,4.563463262913063e-34
1294020,0.0,-1.9370414048542179e-47,9927.051530792365,0.9967586640797595,4.56298694928985e-34
1294080,0.0,-1.9368391112491659e-47,9927.051530792365,0.9967586640797595,4.562510635666635e-34
1294140,0.0,-1.9366368176441146e-47,9927.051530792365,0.9967586640797595,4.5620343220434215e-34
1294200,0.0,-1.9364345240390626e-47,9927.051530792365,0.9967586640797595,4.561558008420207e-34
1294260,0.0,-1.936232230434011e-47,9927.051530792365,0.9967586640797595,4.561081694796993e-34
1294320,0.0,-1.9360299368289593e-47,9927.051530792365,0.9967586640797595,4.560605381173778e-34
1294380,0.0,-1.9358276432239078e-47,9927.051530792365,0.9967586640797595,4.560129067550565e-34
1294440,0.0,-1.935625349618856e-47,9927.051530792365,0.9967586640797595,4.55965275392735e-34
1294500,0.0,-1.9354230560138045e-47,9927.051530792365,0.9967586640797595,4.559176440304137e-34
1294560,0.0,-1.935220762408753e-47,9927.051530792365,0.9967586640797595,4.558700126680923e-34
1294620,0.0,-1.9350184688037013e-47,9927.051530792365,0.9967586640797595,4.5582238130577085e-34
1294680,0.0,-1.9348161751986498e-47,9927.051530792365,0.9967586640797595,4.557747499434495e-34
1294740,0.0,-1.934613881593598e-47,9927.051530792365,0.9967586640797595,4.55727118581128e-34
1294800,0.0,-1.9344115879885465e-47,9927.051530792365,0.9967586640797595,4.556794872188066e-34
1294860,0.0,-1.9342092943834947e-47,9927.051530792365,0.9967586640797595,4.5563185585648515e-34
1294920,0.0,-1.9340070007784432e-47,9927.051530792365,0.9967586640797595,4.555842244941639e-34
1294980,0.0,-1.9338047071733915e-47,9927.051530792365,0.9967586640797595,4.555365931318424e-34
1295040,0.0,-1.93360241356834e-47,9927.051530792365,0.9967586640797595,4.55488961769521e-34
1295100,0.0,-1.9334001199632882e-47,9927.051530792365,0.9967586640797595,4.5544133040719954e-34
1295160,0.0,-1.9331978263582367e-47,9927.051530792365,0.9967586640797595,4.553936990448782e-34
1295220,0.0,-1.932995532753185e-47,9927.051530792365,0.9967586640797595,4.553460676825567e-34
1295280,0.0,-1.9327932391481334e-47,9927.051530792365,0.9967586640797595,4.552984363202353e-34
1295340,0.0,-1.9325909455430814e-47,9927.051530792365,0.9967586640797595,4.5525080495791385e-34
1295400,0.0,-1.9323886519380301e-47,9927.051530792365,0.9967586640797595,4.5520317359559255e-34
1295460,0.0,-1.9321863583329781e-47,9927.051530792365,0.9967586640797595,4.551555422332711e-34
1295520,0.0,-1.931984064727927e-47,9927.051530792365,0.9967586640797595,4.551079108709497e-34
1295580,0.0,-1.931781771122875e-47,9927.051530792365,0.9967586640797595,4.550602795086282e-34
1295640,0.0,-1.9315794775178234e-47,9927.051530792365,0.9967586640797595,4.5501264814630686e-34
1295700,0.0,-1.9313771839127716e-47,9927.051530792365,0.9967586640797595,4.549650167839854e-34
1295760,0.0,-1.93117489030772e-47,9927.051530792365,0.9967586640797595,4.54917385421664e-34
1295820,0.0,-1.9309725967026683e-47,9927.051530792365,0.9967586640797595,4.548697540593426e-34
1295880,0.0,-1.9307703030976168e-47,9927.051530792365,0.9967586640797595,4.5482212269702125e-34
1295940,0.0,-1.930568009492565e-47,9927.051530792365,0.9967586640797595,4.547744913346998e-34
1296000,0.0,-1.9303657158875136e-47,9927.051530792365,0.9967586640797595,4.547268599723784e-34
1296060,0.0,-1.9301634222824618e-47,9927.051530792365,0.9967586640797595,4.546792286100569e-34
1296120,0.0,-1.9299611286774103e-47,9927.051530792365,0.9967586640797595,4.5463159724773555e-34
1296180,0.0,-1.9297588350723588e-47,9927.051530792365,0.9967586640797595,4.545839658854142e-34
1296240,0.0,-1.929556541467307e-47,9927.051530792365,0.9967586640797595,4.545363345230927e-34
1296300,0.0,-1.9293542478622555e-47,9927.051530792365,0.9967586640797595,4.544887031607714e-34
1296360,0.0,-1.9291519542572038e-47,9927.051530792365,0.9967586640797595,4.544410717984499e-34
1296420,0.0,-1.9289496606521522e-47,9927.051530792365,0.9967586640797595,4.543934404361286e-34
1296480,0.0,-1.9287473670471005e-47,9927.051530792365,0.9967586640797595,4.543458090738071e-34
1296540,0.0,-1.928545073442049e-47,9927.051530792365,0.9967586640797595,4.542981777114857e-34
1296600,0.0,-1.9283427798369972e-47,9927.051530792365,0.9967586640797595,4.5425054634916425e-34
1296660,0.0,-1.9281404862319457e-47,9927.051530792365,0.9967586640797595,4.542029149868429e-34
1296720,0.0,-1.9279381926268937e-47,9927.051530792365,0.9967586640797595,4.541552836245215e-34
1296780,0.0,-1.9277358990218424e-47,9927.051530792365,0.9967586640797595,4.541076522622001e-34
1296840,0.0,-1.9275336054167904e-47,9927.051530792365,0.9967586640797595,4.540600208998786e-34
1296900,0.0,-1.9273313118117392e-47,9927.051530792365,0.9967586640797595,4.5401238953755725e-34
1296960,0.0,-1.9271290182066872e-47,9927.051530792365,0.9967586640797595,4.539647581752358e-34
1297020,0.0,-1.9269267246016357e-47,9927.051530792365,0.9967586640797595,4.539171268129144e-34
1297080,0.0,-1.926724430996584e-47,9927.051530792365,0.9967586640797595,4.538694954505929e-34
1297140,0.0,-1.9265221373915324e-47,9927.051530792365,0.9967586640797595,4.5382186408827164e-34
1297200,0.0,-1.9263198437864806e-47,9927.051530792365,0.9967586640797595,4.537742327259502e-34
1297260,0.0,-1.9261175501814291e-47,9927.051530792365,0.9967586640797595,4.537266013636288e-34
1297320,0.0,-1.9259152565763774e-47,9927.051530792365,0.9967586640797595,4.536789700013073e-34
1297380,0.0,-1.9257129629713259e-47,9927.051530792365,0.9967586640797595,4.5363133863898595e-34
1297440,0.0,-1.925510669366274e-47,9927.051530792365,0.9967586640797595,4.535837072766645e-34
1297500,0.0,-1.9253083757612226e-47,9927.051530792365,0.9967586640797595,4.535360759143431e-34
1297560,0.0,-1.9251060821561708e-47,9927.051530792365,0.9967586640797595,4.534884445520216e-34
1297620,0.0,-1.9249037885511193e-47,9927.051530792365,0.9967586640797595,4.534408131897003e-34
1297680,0.0,-1.9247014949460673e-47,9927.051530792365,0.9967586640797595,4.533931818273789e-34
1297740,0.0,-1.924499201341016e-47,9927.051530792365,0.9967586640797595,4.533455504650575e-34
1297800,0.0,-1.9242969077359645e-47,9927.051530792365,0.9967586640797595,4.532979191027361e-34
1297860,0.0,-1.9240946141309128e-47,9927.051530792365,0.9967586640797595,4.5325028774041464e-34
1297920,0.0,-1.9238923205258613e-47,9927.051530792365,0.9967586640797595,4.532026563780933e-34
1297980,0.0,-1.9236900269208093e-47,9927.051530792365,0.9967586640797595,4.531550250157718e-34
1298040,0.0,-1.923487733315758e-47,9927.051530792365,0.9967586640797595,4.531073936534505e-34
1298100,0.0,-1.923285439710706e-47,9927.051530792365,0.9967586640797595,4.53059762291129e-34
1298160,0.0,-1.9230831461056547e-47,9927.051530792365,0.9967586640797595,4.5301213092880765e-34
1298220,0.0,-1.9228808525006027e-47,9927.051530792365,0.9967586640797595,4.529644995664862e-34
1298280,0.0,-1.9226785588955512e-47,9927.051530792365,0.9967586640797595,4.529168682041648e-34
1298340,0.0,-1.9224762652904995e-47,9927.051530792365,0.9967586640797595,4.528692368418433e-34
1298400,0.0,-1.922273971685448e-47,9927.051530792365,0.9967586640797595,4.5282160547952196e-34
1298460,0.0,-1.9220716780803962e-47,9927.051530792365,0.9967586640797595,4.527739741172005e-34
1298520,0.0,-1.9218693844753447e-47,9927.051530792365,0.9967586640797595,4.527263427548792e-34
1298580,0.0,-1.921667090870293e-47,9927.051530792365,0.9967586640797595,4.526787113925577e-34
1298640,0.0,-1.9214647972652414e-47,9927.051530792365,0.9967586640797595,4.5263108003023635e-34
1298700,0.0,-1.9212625036601897e-47,9927.051530792365,0.9967586640797595,4.525834486679149e-34
1298760,0.0,-1.9210602100551382e-47,9927.051530792365,0.9967586640797595,4.525358173055935e-34
1298820,0.0,-1.9208579164500864e-47,9927.051530792365,0.9967586640797595,4.52488185943272e-34
1298880,0.0,-1.920655622845035e-47,9927.051530792365,0.9967586640797595,4.5244055458095065e-34
1298940,0.0,-1.9204533292399831e-47,9927.051530792365,0.9967586640797595,4.523929232186292e-34
1299000,0.0,-1.9202510356349316e-47,9927.051530792365,0.9967586640797595,4.523452918563079e-34
1299060,0.0,-1.9200487420298796e-47,9927.051530792365,0.9967586640797595,4.522976604939864e-34
1299120,0.0,-1.9198464484248283e-47,9927.051530792365,0.9967586640797595,4.52250029131665e-34
1299180,0.0,-1.9196441548197764e-47,9927.051530792365,0.9967586640797595,4.522023977693436e-34
1299240,0.0,-1.919441861214725e-47,9927.051530792365,0.9967586640797595,4.521547664070222e-34
1299300,0.0,-1.919239567609673e-47,9927.051530792365,0.9967586640797595,4.521071350447007e-34
1299360,0.0,-1.9190372740046216e-47,9927.051530792365,0.9967586640797595,4.5205950368237935e-34
1299420,0.0,-1.9188349803995698e-47,9927.051530792365,0.9967586640797595,4.52011872320058e-34
1299480,0.0,-1.9186326867945183e-47,9927.051530792365,0.9967586640797595,4.519642409577366e-34
1299540,0.0,-1.918430393189467e-47,9927.051530792365,0.9967586640797595,4.519166095954152e-34
1299600,0.0,-1.918228099584415e-47,9927.051530792365,0.9967586640797595,4.518689782330937e-34
1299660,0.0,-1.9180258059793635e-47,9927.051530792365,0.9967586640797595,4.5182134687077235e-34
1299720,0.0,-1.9178235123743118e-47,9927.051530792365,0.9967586640797595,4.517737155084509e-34
1299780,0.0,-1.9176212187692603e-47,9927.051530792365,0.9967586640797595,4.517260841461295e-34
1299840,0.0,-1.9174189251642085e-47,9927.051530792365,0.9967586640797595,4.516784527838081e-34
1299900,0.0,-1.917216631559157e-47,9927.051530792365,0.9967586640797595,4.5163082142148674e-34
1299960,0.0,-1.9170143379541052e-47,9927.051530792365,0.9967586640797595,4.515831900591653e-34
1300020,0.0,-1.9168120443490537e-47,9927.051530792365,0.9967586640797595,4.515355586968439e-34
1300080,0.0,-1.916609750744002e-47,9927.051530792365,0.9967586640797595,4.514879273345224e-34
1300140,0.0,-1.9164074571389504e-47,9927.051530792365,0.9967586640797595,4.5144029597220105e-34
1300200,0.0,-1.9162051635338987e-47,9927.051530792365,0.9967586640797595,4.513926646098796e-34
1300260,0.0,-1.9160028699288472e-47,9927.051530792365,0.9967586640797595,4.513450332475582e-34
1300320,0.0,-1.9158005763237952e-47,9927.051530792365,0.9967586640797595,4.512974018852368e-34
1300380,0.0,-1.915598282718744e-47,9927.051530792365,0.9967586640797595,4.512497705229154e-34
1300440,0.0,-1.915395989113692e-47,9927.051530792365,0.9967586640797595,4.51202139160594e-34
1300500,0.0,-1.9151936955086406e-47,9927.051530792365,0.9967586640797595,4.511545077982726e-34
1300560,0.0,-1.9149914019035886e-47,9927.051530792365,0.9967586640797595,4.511068764359511e-34
1300620,0.0,-1.9147891082985371e-47,9927.051530792365,0.9967586640797595,4.510592450736297e-34
1300680,0.0,-1.9145868146934854e-47,9927.051530792365,0.9967586640797595,4.510116137113083e-34
1300740,0.0,-1.9143845210884339e-47,9927.051530792365,0.9967586640797595,4.50963982348987e-34
1300800,0.0,-1.914182227483382e-47,9927.051530792365,0.9967586640797595,4.509163509866655e-34
1300860,0.0,-1.9139799338783306e-47,9927.051530792365,0.9967586640797595,4.508687196243441e-34
1300920,0.0,-1.9137776402732788e-47,9927.051530792365,0.9967586640797595,4.508210882620227e-34
1300980,0.0,-1.9135753466682273e-47,9927.051530792365,0.9967586640797595,4.507734568997013e-34
1301040,0.0,-1.9133730530631756e-47,9927.051530792365,0.9967586640797595,4.507258255373798e-34
1301100,0.0,-1.913170759458124e-47,9927.051530792365,0.9967586640797595,4.506781941750584e-34
1301160,0.0,-1.9129684658530725e-47,9927.051530792365,0.9967586640797595,4.5063056281273706e-34
1301220,0.0,-1.9127661722480208e-47,9927.051530792365,0.9967586640797595,4.505829314504157e-34
1301280,0.0,-1.9125638786429693e-47,9927.051530792365,0.9967586640797595,4.505353000880943e-34
1301340,0.0,-1.9123615850379175e-47,9927.051530792365,0.9967586640797595,4.504876687257728e-34
1301400,0.0,-1.912159291432866e-47,9927.051530792365,0.9967586640797595,4.5044003736345145e-34
1301460,0.0,-1.9119569978278143e-47,9927.051530792365,0.9967586640797595,4.5039240600113e-34
1301520,0.0,-1.9117547042227627e-47,9927.051530792365,0.9967586640797595,4.503447746388086e-34
1301580,0.0,-1.911552410617711e-47,9927.051530792365,0.9967586640797595,4.502971432764871e-34
1301640,0.0,-1.9113501170126595e-47,9927.051530792365,0.9967586640797595,4.502495119141658e-34
1301700,0.0,-1.9111478234076075e-47,9927.051530792365,0.9967586640797595,4.502018805518444e-34
1301760,0.0,-1.9109455298025562e-47,9927.051530792365,0.9967586640797595,4.50154249189523e-34
1301820,0.0,-1.9107432361975042e-47,9927.051530792365,0.9967586640797595,4.501066178272015e-34
1301880,0.0,-1.910540942592453e-47,9927.051530792365,0.9967586640797595,4.500589864648801e-34
1301940,0.0,-1.910338648987401e-47,9927.051530792365,0.9967586640797595,4.500113551025587e-34
1302000,0.0,-1.9101363553823494e-47,9927.051530792365,0.9967586640797595,4.499637237402373e-34
1302060,0.0,-1.9099340617772977e-47,9927.051530792365,0.9967586640797595,4.499160923779158e-34
1302120,0.0,-1.9097317681722462e-47,9927.051530792365,0.9967586640797595,4.498684610155945e-34
1302180,0.0,-1.9095294745671944e-47,9927.051530792365,0.9967586640797595,4.498208296532731e-34
1302240,0.0,-1.909327180962143e-47,9927.051530792365,0.9967586640797595,4.497731982909517e-34
1302300,0.0,-1.9091248873570911e-47,9927.051530792365,0.9967586640797595,4.497255669286302e-34
1302360,0.0,-1.9089225937520396e-47,9927.051530792365,0.9967586640797595,4.496779355663088e-34
1302420,0.0,-1.9087203001469879e-47,9927.051530792365,0.9967586640797595,4.496303042039874e-34
1302480,0.0,-1.9085180065419364e-47,9927.051530792365,0.9967586640797595,4.49582672841666e-34
1302540,0.0,-1.9083157129368846e-47,9927.051530792365,0.9967586640797595,4.495350414793445e-34
1302600,0.0,-1.908113419331833e-47,9927.051530792365,0.9967586640797595,4.494874101170232e-34
1302660,0.0,-1.907911125726781e-47,9927.051530792365,0.9967586640797595,4.494397787547018e-34
1302720,0.0,-1.9077088321217298e-47,9927.051530792365,0.9967586640797595,4.493921473923804e-34
1302780,0.0,-1.9075065385166778e-47,9927.051530792365,0.9967586640797595,4.493445160300589e-34
1302840,0.0,-1.9073042449116266e-47,9927.051530792365,0.9967586640797595,4.492968846677375e-34
1302900,0.0,-1.907101951306575e-47,9927.051530792365,0.9967586640797595,4.4924925330541615e-34
1302960,0.0,-1.906899657701523e-47,9927.051530792365,0.9967586640797595,4.492016219430947e-34
1303020,0.0,-1.9066973640964718e-47,9927.051530792365,0.9967586640797595,4.491539905807734e-34
1303080,0.0,-1.9064950704914198e-47,9927.051530792365,0.9967586640797595,4.491063592184519e-34
1303140,0.0,-1.9062927768863685e-47,9927.051530792365,0.9967586640797595,4.490587278561305e-34
1303200,0.0,-1.9060904832813165e-47,9927.051530792365,0.9967586640797595,4.490110964938091e-34
1303260,0.0,-1.905888189676265e-47,9927.051530792365,0.9967586640797595,4.489634651314877e-34
1303320,0.0,-1.9056858960712132e-47,9927.051530792365,0.9967586640797595,4.489158337691662e-34
1303380,0.0,-1.9054836024661617e-47,9927.051530792365,0.9967586640797595,4.488682024068448e-34
1303440,0.0,-1.90528130886111e-47,9927.051530792365,0.9967586640797595,4.488205710445235e-34
1303500,0.0,-1.9050790152560585e-47,9927.051530792365,0.9967586640797595,4.487729396822021e-34
1303560,0.0,-1.9048767216510067e-47,9927.051530792365,0.9967586640797595,4.487253083198806e-34
1303620,0.0,-1.9046744280459552e-47,9927.051530792365,0.9967586640797595,4.486776769575592e-34
1303680,0.0,-1.9044721344409034e-47,9927.051530792365,0.9967586640797595,4.486300455952378e-34
1303740,0.0,-1.904269840835852e-47,9927.051530792365,0.9967586640797595,4.485824142329164e-34
1303800,0.0,-1.9040675472308002e-47,9927.051530792365,0.9967586640797595,4.485347828705949e-34
1303860,0.0,-1.9038652536257487e-47,9927.051530792365,0.9967586640797595,4.484871515082735e-34
1303920,0.0,-1.903662960020697e-47,9927.051530792365,0.9967586640797595,4.4843952014595216e-34
1303980,0.0,-1.9034606664156454e-47,9927.051530792365,0.9967586640797595,4.483918887836308e-34
1304040,0.0,-1.9032583728105934e-47,9927.051530792365,0.9967586640797595,4.483442574213093e-34
1304100,0.0,-1.903056079205542e-47,9927.051530792365,0.9967586640797595,4.482966260589879e-34
1304160,0.0,-1.90285378560049e-47,9927.051530792365,0.9967586640797595,4.482489946966665e-34
1304220,0.0,-1.9026514919954388e-47,9927.051530792365,0.9967586640797595,4.482013633343451e-34
1304280,0.0,-1.9024491983903868e-47,9927.051530792365,0.9967586640797595,4.481537319720236e-34
1304340,0.0,-1.9022469047853353e-47,9927.051530792365,0.9967586640797595,4.481061006097023e-34
1304400,0.0,-1.9020446111802836e-47,9927.051530792365,0.9967586640797595,4.4805846924738085e-34
1304460,0.0,-1.901842317575232e-47,9927.051530792365,0.9967586640797595,4.480108378850595e-34
1304520,0.0,-1.9016400239701808e-47,9927.051530792365,0.9967586640797595,4.479632065227381e-34
1304580,0.0,-1.9014377303651288e-47,9927.051530792365,0.9967586640797595,4.479155751604166e-34
1304640,0.0,-1.9012354367600773e-47,9927.051530792365,0.9967586640797595,4.478679437980952e-34
1304700,0.0,-1.9010331431550255e-47,9927.051530792365,0.9967586640797595,4.478203124357738e-34
1304760,0.0,-1.900830849549974e-47,9927.051530792365,0.9967586640797595,4.477726810734524e-34
1304820,0.0,-1.9006285559449223e-47,9927.051530792365,0.9967586640797595,4.47725049711131e-34
1304880,0.0,-1.9004262623398707e-47,9927.051530792365,0.9967586640797595,4.476774183488096e-34
1304940,0.0,-1.900223968734819e-47,9927.051530792365,0.9967586640797595,4.476297869864882e-34
1305000,0.0,-1.9000216751297675e-47,9927.051530792365,0.9967586640797595,4.475821556241668e-34
1305060,0.0,-1.8998193815247157e-47,9927.051530792365,0.9967586640797595,4.475345242618453e-34
1305120,0.0,-1.8996170879196642e-47,9927.051530792365,0.9967586640797595,4.474868928995239e-34
1305180,0.0,-1.8994147943146125e-47,9927.051530792365,0.9967586640797595,4.474392615372025e-34
1305240,0.0,-1.899212500709561e-47,9927.051530792365,0.9967586640797595,4.473916301748812e-34
1305300,0.0,-1.8990102071045092e-47,9927.051530792365,0.9967586640797595,4.473439988125597e-34
1305360,0.0,-1.8988079134994577e-47,9927.051530792365,0.9967586640797595,4.472963674502383e-34
1305420,0.0,-1.8986056198944057e-47,9927.051530792365,0.9967586640797595,4.472487360879169e-34
1305480,0.0,-1.8984033262893544e-47,9927.051530792365,0.9967586640797595,4.472011047255955e-34
1305540,0.0,-1.8982010326843024e-47,9927.051530792365,0.9967586640797595,4.47153473363274e-34
1305600,0.0,-1.8979987390792511e-47,9927.051530792365,0.9967586640797595,4.471058420009526e-34
1305660,0.0,-1.8977964454741991e-47,9927.051530792365,0.9967586640797595,4.470582106386312e-34
1305720,0.0,-1.8975941518691476e-47,9927.051530792365,0.9967586640797595,4.470105792763099e-34
1305780,0.0,-1.8973918582640959e-47,9927.051530792365,0.9967586640797595,4.469629479139884e-34
1305840,0.0,-1.8971895646590444e-47,9927.051530792365,0.9967586640797595,4.46915316551667e-34
1305900,0.0,-1.8969872710539926e-47,9927.051530792365,0.9967586640797595,4.4686768518934555e-34
1305960,0.0,-1.896784977448941e-47,9927.051530792365,0.9967586640797595,4.468200538270242e-34
1306020,0.0,-1.8965826838438893e-47,9927.051530792365,0.9967586640797595,4.467724224647027e-34
1306080,0.0,-1.8963803902388378e-47,9927.051530792365,0.9967586640797595,4.467247911023813e-34
1306140,0.0,-1.896178096633786e-47,9927.051530792365,0.9967586640797595,4.466771597400599e-34
1306200,0.0,-1.8959758030287346e-47,9927.051530792365,0.9967586640797595,4.466295283777386e-34
1306260,0.0,-1.895773509423683e-47,9927.051530792365,0.9967586640797595,4.465818970154172e-34
1306320,0.0,-1.8955712158186313e-47,9927.051530792365,0.9967586640797595,4.465342656530957e-34
1306380,0.0,-1.8953689222135798e-47,9927.051530792365,0.9967586640797595,4.464866342907743e-34
1306440,0.0,-1.895166628608528e-47,9927.051530792365,0.9967586640797595,4.464390029284529e-34
1306500,0.0,-1.8949643350034765e-47,9927.051530792365,0.9967586640797595,4.463913715661315e-34
1306560,0.0,-1.8947620413984248e-47,9927.051530792365,0.9967586640797595,4.4634374020381e-34
1306620,0.0,-1.8945597477933732e-47,9927.051530792365,0.9967586640797595,4.462961088414887e-34
1306680,0.0,-1.8943574541883212e-47,9927.051530792365,0.9967586640797595,4.4624847747916725e-34
1306740,0.0,-1.89415516058327e-47,9927.051530792365,0.9967586640797595,4.462008461168459e-34
1306800,0.0,-1.893952866978218e-47,9927.051530792365,0.9967586640797595,4.461532147545244e-34
1306860,0.0,-1.8937505733731667e-47,9927.051530792365,0.9967586640797595,4.46105583392203e-34
1306920,0.0,-1.8935482797681147e-47,9927.051530792365,0.9967586640797595,4.460579520298816e-34
1306980,0.0,-1.8933459861630632e-47,9927.051530792365,0.9967586640797595,4.460103206675602e-34
1307040,0.0,-1.8931436925580114e-47,9927.051530792365,0.9967586640797595,4.459626893052388e-34
1307100,0.0,-1.89294139895296e-47,9927.051530792365,0.9967586640797595,4.459150579429174e-34
1307160,0.0,-1.8927391053479082e-47,9927.051530792365,0.9967586640797595,4.4586742658059595e-34
1307220,0.0,-1.8925368117428567e-47,9927.051530792365,0.9967586640797595,4.458197952182746e-34
1307280,0.0,-1.892334518137805e-47,9927.051530792365,0.9967586640797595,4.457721638559531e-34
1307340,0.0,-1.8921322245327534e-47,9927.051530792365,0.9967586640797595,4.457245324936317e-34
1307400,0.0,-1.8919299309277016e-47,9927.051530792365,0.9967586640797595,4.4567690113131025e-34
1307460,0.0,-1.89172763732265e-47,9927.051530792365,0.9967586640797595,4.456292697689889e-34
1307520,0.0,-1.8915253437175984e-47,9927.051530792365,0.9967586640797595,4.455816384066675e-34
1307580,0.0,-1.8913230501125469e-47,9927.051530792365,0.9967586640797595,4.455340070443461e-34
1307640,0.0,-1.891120756507495e-47,9927.051530792365,0.9967586640797595,4.4548637568202464e-34
1307700,0.0,-1.8909184629024436e-47,9927.051530792365,0.9967586640797595,4.454387443197033e-34
1307760,0.0,-1.8907161692973916e-47,9927.051530792365,0.9967586640797595,4.453911129573818e-34
1307820,0.0,-1.8905138756923403e-47,9927.051530792365,0.9967586640797595,4.453434815950604e-34
1307880,0.0,-1.8903115820872888e-47,9927.051530792365,0.9967586640797595,4.45295850232739e-34
1307940,0.0,-1.890109288482237e-47,9927.051530792365,0.9967586640797595,4.4524821887041765e-34
1308000,0.0,-1.8899069948771855e-47,9927.051530792365,0.9967586640797595,4.452005875080963e-34
1308060,0.0,-1.8897047012721335e-47,9927.051530792365,0.9967586640797595,4.451529561457748e-34
1308120,0.0,-1.8895024076670823e-47,9927.051530792365,0.9967586640797595,4.451053247834534e-34
1308180,0.0,-1.8893001140620303e-47,9927.051530792365,0.9967586640797595,4.4505769342113196e-34
1308240,0.0,-1.889097820456979e-47,9927.051530792365,0.9967586640797595,4.450100620588106e-34
1308300,0.0,-1.888895526851927e-47,9927.051530792365,0.9967586640797595,4.449624306964891e-34
1308360,0.0,-1.8886932332468755e-47,9927.051530792365,0.9967586640797595,4.449147993341677e-34
1308420,0.0,-1.8884909396418237e-47,9927.051530792365,0.9967586640797595,4.4486716797184635e-34
1308480,0.0,-1.8882886460367722e-47,9927.051530792365,0.9967586640797595,4.44819536609525e-34
1308540,0.0,-1.8880863524317205e-47,9927.051530792365,0.9967586640797595,4.447719052472035e-34
1308600,0.0,-1.887884058826669e-47,9927.051530792365,0.9967586640797595,4.447242738848821e-34
1308660,0.0,-1.8876817652216172e-47,9927.051530792365,0.9967586640797595,4.4467664252256065e-34
1308720,0.0,-1.8874794716165657e-47,9927.051530792365,0.9967586640797595,4.446290111602393e-34
1308780,0.0,-1.887277178011514e-47,9927.051530792365,0.9967586640797595,4.445813797979178e-34
1308840,0.0,-1.8870748844064624e-47,9927.051530792365,0.9967586640797595,4.445337484355965e-34
1308900,0.0,-1.8868725908014107e-47,9927.051530792365,0.9967586640797595,4.44486117073275e-34
1308960,0.0,-1.8866702971963591e-47,9927.051530792365,0.9967586640797595,4.444384857109537e-34
1309020,0.0,-1.8864680035913071e-47,9927.051530792365,0.9967586640797595,4.443908543486322e-34
1309080,0.0,-1.886265709986256e-47,9927.051530792365,0.9967586640797595,4.443432229863108e-34
1309140,0.0,-1.886063416381204e-47,9927.051530792365,0.9967586640797595,4.4429559162398935e-34
1309200,0.0,-1.8858611227761526e-47,9927.051530792365,0.9967586640797595,4.44247960261668e-34
1309260,0.0,-1.8856588291711006e-47,9927.051530792365,0.9967586640797595,4.442003288993465e-34
1309320,0.0,-1.885456535566049e-47,9927.051530792365,0.9967586640797595,4.441526975370252e-34
1309380,0.0,-1.8852542419609973e-47,9927.051530792365,0.9967586640797595,4.441050661747037e-34
1309440,0.0,-1.8850519483559458e-47,9927.051530792365,0.9967586640797595,4.4405743481238235e-34
1309500,0.0,-1.8848496547508946e-47,9927.051530792365,0.9967586640797595,4.44009803450061e-34
1309560,0.0,-1.8846473611458426e-47,9927.051530792365,0.9967586640797595,4.439621720877395e-34
1309620,0.0,-1.884445067540791e-47,9927.051530792365,0.9967586640797595,4.439145407254181e-34
1309680,0.0,-1.8842427739357393e-47,9927.051530792365,0.9967586640797595,4.438669093630967e-34
1309740,0.0,-1.8840404803306878e-47,9927.051530792365,0.9967586640797595,4.438192780007754e-34
1309800,0.0,-1.883838186725636e-47,9927.051530792365,0.9967586640797595,4.437716466384539e-34
1309860,0.0,-1.8836358931205845e-47,9927.051530792365,0.9967586640797595,4.437240152761325e-34
1309920,0.0,-1.8834335995155328e-47,9927.051530792365,0.9967586640797595,4.4367638391381105e-34
1309980,0.0,-1.8832313059104812e-47,9927.051530792365,0.9967586640797595,4.436287525514897e-34
1310040,0.0,-1.8830290123054295e-47,9927.051530792365,0.9967586640797595,4.435811211891682e-34
1310100,0.0,-1.882826718700378e-47,9927.051530792365,0.9967586640797595,4.435334898268468e-34
1310160,0.0,-1.8826244250953262e-47,9927.051530792365,0.9967586640797595,4.4348585846452535e-34
1310220,0.0,-1.8824221314902747e-47,9927.051530792365,0.9967586640797595,4.434382271022041e-34
1310280,0.0,-1.882219837885223e-47,9927.051530792365,0.9967586640797595,4.433905957398826e-34
1310340,0.0,-1.8820175442801714e-47,9927.051530792365,0.9967586640797595,4.433429643775612e-34
1310400,0.0,-1.8818152506751194e-47,9927.051530792365,0.9967586640797595,4.4329533301523974e-34
1310460,0.0,-1.8816129570700682e-47,9927.051530792365,0.9967586640797595,4.432477016529184e-34
1310520,0.0,-1.8814106634650162e-47,9927.051530792365,0.9967586640797595,4.432000702905969e-34
1310580,0.0,-1.881208369859965e-47,9927.051530792365,0.9967586640797595,4.431524389282755e-34
1310640,0.0,-1.881006076254913e-47,9927.051530792365,0.9967586640797595,4.431048075659541e-34
1310700,0.0,-1.8808037826498614e-47,9927.051530792365,0.9967586640797595,4.4305717620363275e-34
1310760,0.0,-1.8806014890448096e-47,9927.051530792365,0.9967586640797595,4.430095448413113e-34
1310820,0.0,-1.8803991954397581e-47,9927.051530792365,0.9967586640797595,4.429619134789899e-34
1310880,0.0,-1.8801969018347064e-47,9927.051530792365,0.9967586640797595,4.429142821166684e-34
1310940,0.0,-1.8799946082296549e-47,9927.051530792365,0.9967586640797595,4.4286665075434706e-34
1311000,0.0,-1.879792314624603e-47,9927.051530792365,0.9967586640797595,4.428190193920256e-34
1311060,0.0,-1.8795900210195516e-47,9927.051530792365,0.9967586640797595,4.427713880297042e-34
1311120,0.0,-1.8793877274144998e-47,9927.051530792365,0.9967586640797595,4.427237566673828e-34
1311180,0.0,-1.8791854338094483e-47,9927.051530792365,0.9967586640797595,4.4267612530506145e-34
1311240,0.0,-1.8789831402043968e-47,9927.051530792365,0.9967586640797595,4.426284939427401e-34
1311300,0.0,-1.878780846599345e-47,9927.051530792365,0.9967586640797595,4.425808625804186e-34
1311360,0.0,-1.8785785529942935e-47,9927.051530792365,0.9967586640797595,4.425332312180972e-34
1311420,0.0,-1.8783762593892418e-47,9927.051530792365,0.9967586640797595,4.4248559985577575e-34
1311480,0.0,-1.8781739657841903e-47,9927.051530792365,0.9967586640797595,4.424379684934544e-34
1311540,0.0,-1.8779716721791385e-47,9927.051530792365,0.9967586640797595,4.42390337131133e-34
1311600,0.0,-1.877769378574087e-47,9927.051530792365,0.9967586640797595,4.423427057688116e-34
1311660,0.0,-1.877567084969035e-47,9927.051530792365,0.9967586640797595,4.422950744064901e-34
1311720,0.0,-1.8773647913639837e-47,9927.051530792365,0.9967586640797595,4.422474430441688e-34
1311780,0.0,-1.8771624977589317e-47,9927.051530792365,0.9967586640797595,4.421998116818473e-34
1311840,0.0,-1.8769602041538805e-47,9927.051530792365,0.9967586640797595,4.421521803195259e-34
1311900,0.0,-1.8767579105488285e-47,9927.051530792365,0.9967586640797595,4.4210454895720445e-34
1311960,0.0,-1.876555616943777e-47,9927.051530792365,0.9967586640797595,4.4205691759488315e-34
1312020,0.0,-1.8763533233387252e-47,9927.051530792365,0.9967586640797595,4.420092862325617e-34
1312080,0.0,-1.8761510297336737e-47,9927.051530792365,0.9967586640797595,4.419616548702403e-34
1312140,0.0,-1.875948736128622e-47,9927.051530792365,0.9967586640797595,4.419140235079188e-34
1312200,0.0,-1.8757464425235704e-47,9927.051530792365,0.9967586640797595,4.4186639214559745e-34
1312260,0.0,-1.8755441489185187e-47,9927.051530792365,0.9967586640797595,4.41818760783276e-34
1312320,0.0,-1.8753418553134672e-47,9927.051530792365,0.9967586640797595,4.417711294209546e-34
1312380,0.0,-1.8751395617084154e-47,9927.051530792365,0.9967586640797595,4.417234980586331e-34
1312440,0.0,-1.874937268103364e-47,9927.051530792365,0.9967586640797595,4.4167586669631184e-34
1312500,0.0,-1.8747349744983121e-47,9927.051530792365,0.9967586640797595,4.416282353339904e-34
1312560,0.0,-1.8745326808932606e-47,9927.051530792365,0.9967586640797595,4.41580603971669e-34
1312620,0.0,-1.8743303872882089e-47,9927.051530792365,0.9967586640797595,4.415329726093475e-34
1312680,0.0,-1.8741280936831573e-47,9927.051530792365,0.9967586640797595,4.4148534124702615e-34
1312740,0.0,-1.8739258000781054e-47,9927.051530792365,0.9967586640797595,4.414377098847047e-34
1312800,0.0,-1.873723506473054e-47,9927.051530792365,0.9967586640797595,4.413900785223833e-34
1312860,0.0,-1.8735212128680026e-47,9927.051530792365,0.9967586640797595,4.41342447160062e-34
1312920,0.0,-1.8733189192629508e-47,9927.051530792365,0.9967586640797595,4.412948157977405e-34
1312980,0.0,-1.8731166256578993e-47,9927.051530792365,0.9967586640797595,4.4124718443541916e-34
1313040,0.0,-1.8729143320528473e-47,9927.051530792365,0.9967586640797595,4.411995530730977e-34
1313100,0.0,-1.872712038447796e-47,9927.051530792365,0.9967586640797595,4.411519217107763e-34
1313160,0.0,-1.872509744842744e-47,9927.051530792365,0.9967586640797595,4.411042903484548e-34
1313220,0.0,-1.8723074512376928e-47,9927.051530792365,0.9967586640797595,4.410566589861335e-34
1313280,0.0,-1.8721051576326408e-47,9927.051530792365,0.9967586640797595,4.41009027623812e-34
1313340,0.0,-1.8719028640275893e-47,9927.051530792365,0.9967586640797595,4.409613962614907e-34
1313400,0.0,-1.8717005704225375e-47,9927.051530792365,0.9967586640797595,4.409137648991692e-34
1313460,0.0,-1.871498276817486e-47,9927.051530792365,0.9967586640797595,4.4086613353684785e-34
1313520,0.0,-1.8712959832124342e-47,9927.051530792365,0.9967586640797595,4.408185021745264e-34
1313580,0.0,-1.8710936896073827e-47,9927.051530792365,0.9967586640797595,4.40770870812205e-34
1313640,0.0,-1.870891396002331e-47,9927.051530792365,0.9967586640797595,4.407232394498835e-34
1313700,0.0,-1.8706891023972794e-47,9927.051530792365,0.9967586640797595,4.4067560808756216e-34
1313760,0.0,-1.8704868087922277e-47,9927.051530792365,0.9967586640797595,4.406279767252407e-34
1313820,0.0,-1.8702845151871762e-47,9927.051530792365,0.9967586640797595,4.405803453629194e-34
1313880,0.0,-1.8700822215821244e-47,9927.051530792365,0.9967586640797595,4.405327140005979e-34
1313940,0.0,-1.869879927977073e-47,9927.051530792365,0.9967586640797595,4.4048508263827655e-34
1314000,0.0,-1.8696776343720212e-47,9927.051530792365,0.9967586640797595,4.404374512759551e-34
1314060,0.0,-1.8694753407669696e-47,9927.051530792365,0.9967586640797595,4.403898199136337e-34
1314120,0.0,-1.8692730471619176e-47,9927.051530792365,0.9967586640797595,4.403421885513122e-34
1314180,0.0,-1.8690707535568664e-47,9927.051530792365,0.9967586640797595,4.4029455718899085e-34
1314240,0.0,-1.8688684599518144e-47,9927.051530792365,0.9967586640797595,4.402469258266695e-34
1314300,0.0,-1.8686661663467629e-47,9927.051530792365,0.9967586640797595,4.401992944643481e-34
1314360,0.0,-1.868463872741711e-47,9927.051530792365,0.9967586640797595,4.401516631020266e-34
1314420,0.0,-1.8682615791366596e-47,9927.051530792365,0.9967586640797595,4.401040317397052e-34
1314480,0.0,-1.8680592855316078e-47,9927.051530792365,0.9967586640797595,4.400564003773838e-34
1314540,0.0,-1.8678569919265563e-47,9927.051530792365,0.9967586640797595,4.400087690150624e-34
1314600,0.0,-1.8676546983215048e-47,9927.051530792365,0.9967586640797595,4.39961137652741e-34
1314660,0.0,-1.867452404716453e-47,9927.051530792365,0.9967586640797595,4.3991350629041954e-34
1314720,0.0,-1.8672501111114015e-47,9927.051530792365,0.9967586640797595,4.3986587492809825e-34
1314780,0.0,-1.8670478175063498e-47,9927.051530792365,0.9967586640797595,4.398182435657768e-34
1314840,0.0,-1.8668455239012983e-47,9927.051530792365,0.9967586640797595,4.397706122034554e-34
1314900,0.0,-1.8666432302962465e-47,9927.051530792365,0.9967586640797595,4.397229808411339e-34
1314960,0.0,-1.866440936691195e-47,9927.051530792365,0.9967586640797595,4.3967534947881255e-34
1315020,0.0,-1.8662386430861433e-47,9927.051530792365,0.9967586640797595,4.396277181164911e-34
1315080,0.0,-1.8660363494810917e-47,9927.051530792365,0.9967586640797595,4.395800867541697e-34
1315140,0.0,-1.86583405587604e-47,9927.051530792365,0.9967586640797595,4.395324553918483e-34
1315200,0.0,-1.8656317622709885e-47,9927.051530792365,0.9967586640797595,4.3948482402952694e-34
1315260,0.0,-1.8654294686659367e-47,9927.051530792365,0.9967586640797595,4.394371926672055e-34
1315320,0.0,-1.8652271750608852e-47,9927.051530792365,0.9967586640797595,4.393895613048841e-34
1315380,0.0,-1.8650248814558332e-47,9927.051530792365,0.9967586640797595,4.393419299425626e-34
1315440,0.0,-1.864822587850782e-47,9927.051530792365,0.9967586640797595,4.3929429858024125e-34
1315500,0.0,-1.86462029424573e-47,9927.051530792365,0.9967586640797595,4.392466672179198e-34
1315560,0.0,-1.8644180006406787e-47,9927.051530792365,0.9967586640797595,4.391990358555985e-34
1315620,0.0,-1.8642157070356267e-47,9927.051530792365,0.9967586640797595,4.39151404493277e-34
1315680,0.0,-1.8640134134305752e-47,9927.051530792365,0.9967586640797595,4.391037731309556e-34
1315740,0.0,-1.8638111198255234e-47,9927.051530792365,0.9967586640797595,4.390561417686342e-34
1315800,0.0,-1.863608826220472e-47,9927.051530792365,0.9967586640797595,4.390085104063128e-34
1315860,0.0,-1.8634065326154201e-47,9927.051530792365,0.9967586640797595,4.389608790439913e-34
1315920,0.0,-1.8632042390103686e-47,9927.051530792365,0.9967586640797595,4.389132476816699e-34
1315980,0.0,-1.8630019454053169e-47,9927.051530792365,0.9967586640797595,4.388656163193485e-34
1316040,0.0,-1.8627996518002654e-47,9927.051530792365,0.9967586640797595,4.388179849570272e-34
1316100,0.0,-1.8625973581952136e-47,9927.051530792365,0.9967586640797595,4.387703535947057e-34
1316160,0.0,-1.862395064590162e-47,9927.051530792365,0.9967586640797595,4.387227222323843e-34
1316220,0.0,-1.8621927709851106e-47,9927.051530792365,0.9967586640797595,4.3867509087006295e-34
1316280,0.0,-1.8619904773800588e-47,9927.051530792365,0.9967586640797595,4.386274595077415e-34
1316340,0.0,-1.8617881837750073e-47,9927.051530792365,0.9967586640797595,4.385798281454201e-34
1316400,0.0,-1.8615858901699556e-47,9927.051530792365,0.9967586640797595,4.385321967830986e-34
1316460,0.0,-1.861383596564904e-47,9927.051530792365,0.9967586640797595,4.384845654207773e-34
1316520,0.0,-1.8611813029598523e-47,9927.051530792365,0.9967586640797595,4.384369340584559e-34
1316580,0.0,-1.8609790093548008e-47,9927.051530792365,0.9967586640797595,4.383893026961345e-34
1316640,0.0,-1.860776715749749e-47,9927.051530792365,0.9967586640797595,4.38341671333813e-34
1316700,0.0,-1.8605744221446975e-47,9927.051530792365,0.9967586640797595,4.3829403997149165e-34
1316760,0.0,-1.8603721285396455e-47,9927.051530792365,0.9967586640797595,4.382464086091702e-34
1316820,0.0,-1.8601698349345942e-47,9927.051530792365,0.9967586640797595,4.381987772468488e-34
1316880,0.0,-1.8599675413295422e-47,9927.051530792365,0.9967586640797595,4.381511458845273e-34
1316940,0.0,-1.859765247724491e-47,9927.051530792365,0.9967586640797595,4.38103514522206e-34
1317000,0.0,-1.859562954119439e-47,9927.051530792365,0.9967586640797595,4.380558831598846e-34
1317060,0.0,-1.8593606605143875e-47,9927.051530792365,0.9967586640797595,4.380082517975632e-34
1317120,0.0,-1.8591583669093357e-47,9927.051530792365,0.9967586640797595,4.379606204352417e-34
1317180,0.0,-1.8589560733042842e-47,9927.051530792365,0.9967586640797595,4.379129890729203e-34
1317240,0.0,-1.8587537796992324e-47,9927.051530792365,0.9967586640797595,4.378653577105989e-34
1317300,0.0,-1.858551486094181e-47,9927.051530792365,0.9967586640797595,4.378177263482775e-34
1317360,0.0,-1.8583491924891292e-47,9927.051530792365,0.9967586640797595,4.37770094985956e-34
1317420,0.0,-1.8581468988840777e-47,9927.051530792365,0.9967586640797595,4.377224636236347e-34
1317480,0.0,-1.857944605279026e-47,9927.051530792365,0.9967586640797595,4.376748322613133e-34
1317540,0.0,-1.8577423116739744e-47,9927.051530792365,0.9967586640797595,4.376272008989919e-34
1317600,0.0,-1.8575400180689226e-47,9927.051530792365,0.9967586640797595,4.375795695366704e-34
1317660,0.0,-1.857337724463871e-47,9927.051530792365,0.9967586640797595,4.37531938174349e-34
1317720,0.0,-1.857135430858819e-47,9927.051530792365,0.9967586640797595,4.374843068120276e-34
1317780,0.0,-1.8569331372537678e-47,9927.051530792365,0.9967586640797595,4.374366754497062e-34
1317840,0.0,-1.8567308436487158e-47,9927.051530792365,0.9967586640797595,4.373890440873848e-34
1317900,0.0,-1.8565285500436646e-47,9927.051530792365,0.9967586640797595,4.373414127250634e-34
1317960,0.0,-1.856326256438613e-47,9927.051530792365,0.9967586640797595,4.3729378136274204e-34
1318020,0.0,-1.856123962833561e-47,9927.051530792365,0.9967586640797595,4.372461500004206e-34
1318080,0.0,-1.8559216692285098e-47,9927.051530792365,0.9967586640797595,4.371985186380992e-34
1318140,0.0,-1.8557193756234578e-47,9927.051530792365,0.9967586640797595,4.371508872757777e-34
1318200,0.0,-1.8555170820184065e-47,9927.051530792365,0.9967586640797595,4.3710325591345635e-34
1318260,0.0,-1.8553147884133545e-47,9927.051530792365,0.9967586640797595,4.37055624551135e-34
1318320,0.0,-1.855112494808303e-47,9927.051530792365,0.9967586640797595,4.370079931888136e-34
1318380,0.0,-1.8549102012032513e-47,9927.051530792365,0.9967586640797595,4.369603618264921e-34
1318440,0.0,-1.8547079075981998e-47,9927.051530792365,0.9967586640797595,4.369127304641707e-34
1318500,0.0,-1.854505613993148e-47,9927.051530792365,0.9967586640797595,4.368650991018493e-34
1318560,0.0,-1.8543033203880965e-47,9927.051530792365,0.9967586640797595,4.368174677395279e-34
1318620,0.0,-1.8541010267830447e-47,9927.051530792365,0.9967586640797595,4.367698363772064e-34
1318680,0.0,-1.8538987331779932e-47,9927.051530792365,0.9967586640797595,4.36722205014885e-34
1318740,0.0,-1.8536964395729415e-47,9927.051530792365,0.9967586640797595,4.366745736525637e-34
1318800,0.0,-1.85349414596789e-47,9927.051530792365,0.9967586640797595,4.366269422902423e-34
1318860,0.0,-1.8532918523628382e-47,9927.051530792365,0.9967586640797595,4.365793109279208e-34
1318920,0.0,-1.8530895587577867e-47,9927.051530792365,0.9967586640797595,4.365316795655994e-34
1318980,0.0,-1.852887265152735e-47,9927.051530792365,0.9967586640797595,4.36484048203278e-34
1319040,0.0,-1.8526849715476834e-47,9927.051530792365,0.9967586640797595,4.364364168409566e-34
1319100,0.0,-1.8524826779426314e-47,9927.051530792365,0.9967586640797595,4.363887854786351e-34
1319160,0.0,-1.8522803843375801e-47,9927.051530792365,0.9967586640797595,4.363411541163138e-34
1319220,0.0,-1.8520780907325281e-47,9927.051530792365,0.9967586640797595,4.3629352275399236e-34
1319280,0.0,-1.8518757971274769e-47,9927.051530792365,0.9967586640797595,4.36245891391671e-34
1319340,0.0,-1.8516735035224249e-47,9927.051530792365,0.9967586640797595,4.361982600293495e-34
1319400,0.0,-1.8514712099173734e-47,9927.051530792365,0.9967586640797595,4.361506286670281e-34
1319460,0.0,-1.8512689163123216e-47,9927.051530792365,0.9967586640797595,4.361029973047067e-34
1319520,0.0,-1.85106662270727e-47,9927.051530792365,0.9967586640797595,4.360553659423853e-34
1319580,0.0,-1.8508643291022188e-47,9927.051530792365,0.9967586640797595,4.360077345800639e-34
1319640,0.0,-1.8506620354971668e-47,9927.051530792365,0.9967586640797595,4.359601032177425e-34
1319700,0.0,-1.8504597418921153e-47,9927.051530792365,0.9967586640797595,4.359124718554211e-34
1319760,0.0,-1.8502574482870636e-47,9927.051530792365,0.9967586640797595,4.358648404930997e-34
1319820,0.0,-1.850055154682012e-47,9927.051530792365,0.9967586640797595,4.358172091307783e-34
1319880,0.0,-1.8498528610769603e-47,9927.051530792365,0.9967586640797595,4.357695777684568e-34
1319940,0.0,-1.8496505674719088e-47,9927.051530792365,0.9967586640797595,4.357219464061354e-34
1320000,0.0,-1.849448273866857e-47,9927.051530792365,0.9967586640797595,4.35674315043814e-34
1320060,0.0,-1.8492459802618055e-47,9927.051530792365,0.9967586640797595,4.356266836814927e-34
1320120,0.0,-1.8490436866567538e-47,9927.051530792365,0.9967586640797595,4.355790523191712e-34
1320180,0.0,-1.8488413930517022e-47,9927.051530792365,0.9967586640797595,4.355314209568498e-34
1320240,0.0,-1.8486390994466505e-47,9927.051530792365,0.9967586640797595,4.354837895945284e-34
1320300,0.0,-1.848436805841599e-47,9927.051530792365,0.9967586640797595,4.35436158232207e-34
1320360,0.0,-1.848234512236547e-47,9927.051530792365,0.9967586640797595,4.353885268698855e-34
1320420,0.0,-1.8480322186314957e-47,9927.051530792365,0.9967586640797595,4.353408955075641e-34
1320480,0.0,-1.8478299250264437e-47,9927.051530792365,0.9967586640797595,4.352932641452427e-34
1320540,0.0,-1.8476276314213924e-47,9927.051530792365,0.9967586640797595,4.352456327829214e-34
1320600,0.0,-1.8474253378163404e-47,9927.051530792365,0.9967586640797595,4.351980014205999e-34
1320660,0.0,-1.847223044211289e-47,9927.051530792365,0.9967586640797595,4.351503700582785e-34
1320720,0.0,-1.8470207506062372e-47,9927.051530792365,0.9967586640797595,4.3510273869595706e-34
1320780,0.0,-1.8468184570011857e-47,9927.051530792365,0.9967586640797595,4.350551073336357e-34
1320840,0.0,-1.846616163396134e-47,9927.051530792365,0.9967586640797595,4.350074759713142e-34
1320900,0.0,-1.8464138697910824e-47,9927.051530792365,0.9967586640797595,4.349598446089928e-34
1320960,0.0,-1.8462115761860306e-47,9927.051530792365,0.9967586640797595,4.3491221324667145e-34
1321020,0.0,-1.846009282580979e-47,9927.051530792365,0.9967586640797595,4.348645818843501e-34
1321080,0.0,-1.8458069889759274e-47,9927.051530792365,0.9967586640797595,4.348169505220286e-34
1321140,0.0,-1.8456046953708759e-47,9927.051530792365,0.9967586640797595,4.347693191597072e-34
1321200,0.0,-1.8454024017658243e-47,9927.051530792365,0.9967586640797595,4.347216877973858e-34
1321260,0.0,-1.8452001081607726e-47,9927.051530792365,0.9967586640797595,4.346740564350644e-34
1321320,0.0,-1.844997814555721e-47,9927.051530792365,0.9967586640797595,4.34626425072743e-34
1321380,0.0,-1.8447955209506693e-47,9927.051530792365,0.9967586640797595,4.345787937104215e-34
1321440,0.0,-1.8445932273456178e-47,9927.051530792365,0.9967586640797595,4.345311623481002e-34
1321500,0.0,-1.844390933740566e-47,9927.051530792365,0.9967586640797595,4.344835309857788e-34
1321560,0.0,-1.8441886401355145e-47,9927.051530792365,0.9967586640797595,4.344358996234574e-34
1321620,0.0,-1.8439863465304628e-47,9927.051530792365,0.9967586640797595,4.343882682611359e-34
1321680,0.0,-1.8437840529254113e-47,9927.051530792365,0.9967586640797595,4.343406368988145e-34
1321740,0.0,-1.8435817593203593e-47,9927.051530792365,0.9967586640797595,4.342930055364931e-34
1321800,0.0,-1.843379465715308e-47,9927.051530792365,0.9967586640797595,4.342453741741717e-34
1321860,0.0,-1.843177172110256e-47,9927.051530792365,0.9967586640797595,4.341977428118503e-34
1321920,0.0,-1.8429748785052047e-47,9927.051530792365,0.9967586640797595,4.341501114495289e-34
1321980,0.0,-1.8427725849001527e-47,9927.051530792365,0.9967586640797595,4.3410248008720745e-34
1322040,0.0,-1.8425702912951012e-47,9927.051530792365,0.9967586640797595,4.340548487248861e-34
1322100,0.0,-1.8423679976900495e-47,9927.051530792365,0.9967586640797595,4.340072173625646e-34
1322160,0.0,-1.842165704084998e-47,9927.051530792365,0.9967586640797595,4.339595860002432e-34
1322220,0.0,-1.8419634104799462e-47,9927.051530792365,0.9967586640797595,4.339119546379218e-34
1322280,0.0,-1.8417611168748947e-47,9927.051530792365,0.9967586640797595,4.338643232756004e-34
1322340,0.0,-1.841558823269843e-47,9927.051530792365,0.9967586640797595,4.33816691913279e-34
1322400,0.0,-1.8413565296647914e-47,9927.051530792365,0.9967586640797595,4.337690605509576e-34
1322460,0.0,-1.8411542360597397e-47,9927.051530792365,0.9967586640797595,4.3372142918863615e-34
1322520,0.0,-1.8409519424546881e-47,9927.051530792365,0.9967586640797595,4.336737978263148e-34
1322580,0.0,-1.8407496488496364e-47,9927.051530792365,0.9967586640797595,4.336261664639933e-34
1322640,0.0,-1.840547355244585e-47,9927.051530792365,0.9967586640797595,4.335785351016719e-34
1322700,0.0,-1.840345061639533e-47,9927.051530792365,0.9967586640797595,4.3353090373935045e-34
1322760,0.0,-1.8401427680344816e-47,9927.051530792365,0.9967586640797595,4.334832723770292e-34
1322820,0.0,-1.8399404744294296e-47,9927.051530792365,0.9967586640797595,4.334356410147077e-34
1322880,0.0,-1.8397381808243783e-47,9927.051530792365,0.9967586640797595,4.333880096523863e-34
1322940,0.0,-1.8395358872193268e-47,9927.051530792365,0.9967586640797595,4.333403782900649e-34
1323000,0.0,-1.8393335936142748e-47,9927.051530792365,0.9967586640797595,4.332927469277435e-34
1323060,0.0,-1.8391313000092236e-47,9927.051530792365,0.9967586640797595,4.332451155654221e-34
1323120,0.0,-1.8389290064041716e-47,9927.051530792365,0.9967586640797595,4.331974842031006e-34
1323180,0.0,-1.8387267127991203e-47,9927.051530792365,0.9967586640797595,4.331498528407792e-34
1323240,0.0,-1.8385244191940683e-47,9927.051530792365,0.9967586640797595,4.3310222147845785e-34
1323300,0.0,-1.8383221255890168e-47,9927.051530792365,0.9967586640797595,4.330545901161365e-34
1323360,0.0,-1.838119831983965e-47,9927.051530792365,0.9967586640797595,4.33006958753815e-34
1323420,0.0,-1.8379175383789135e-47,9927.051530792365,0.9967586640797595,4.329593273914936e-34
1323480,0.0,-1.8377152447738618e-47,9927.051530792365,0.9967586640797595,4.3291169602917216e-34
1323540,0.0,-1.8375129511688102e-47,9927.051530792365,0.9967586640797595,4.328640646668508e-34
1323600,0.0,-1.8373106575637585e-47,9927.051530792365,0.9967586640797595,4.328164333045293e-34
1323660,0.0,-1.837108363958707e-47,9927.051530792365,0.9967586640797595,4.32768801942208e-34
1323720,0.0,-1.8369060703536552e-47,9927.051530792365,0.9967586640797595,4.3272117057988655e-34
1323780,0.0,-1.8367037767486037e-47,9927.051530792365,0.9967586640797595,4.326735392175652e-34
1323840,0.0,-1.836501483143552e-47,9927.051530792365,0.9967586640797595,4.326259078552437e-34
1323900,0.0,-1.8362991895385004e-47,9927.051530792365,0.9967586640797595,4.325782764929223e-34
1323960,0.0,-1.8360968959334487e-47,9927.051530792365,0.9967586640797595,4.3253064513060085e-34
1324020,0.0,-1.8358946023283972e-47,9927.051530792365,0.9967586640797595,4.324830137682795e-34
1324080,0.0,-1.8356923087233452e-47,9927.051530792365,0.9967586640797595,4.32435382405958e-34
1324140,0.0,-1.835490015118294e-47,9927.051530792365,0.9967586640797595,4.323877510436367e-34
1324200,0.0,-1.835287721513242e-47,9927.051530792365,0.9967586640797595,4.323401196813152e-34
1324260,0.0,-1.8350854279081906e-47,9927.051530792365,0.9967586640797595,4.322924883189939e-34
1324320,0.0,-1.8348831343031386e-47,9927.051530792365,0.9967586640797595,4.322448569566724e-34
1324380,0.0,-1.8346808406980871e-47,9927.051530792365,0.9967586640797595,4.32197225594351e-34
1324440,0.0,-1.8344785470930354e-47,9927.051530792365,0.9967586640797595,4.3214959423202955e-34
1324500,0.0,-1.8342762534879839e-47,9927.051530792365,0.9967586640797595,4.321019628697082e-34
1324560,0.0,-1.8340739598829326e-47,9927.051530792365,0.9967586640797595,4.320543315073869e-34
1324620,0.0,-1.8338716662778806e-47,9927.051530792365,0.9967586640797595,4.320067001450654e-34
1324680,0.0,-1.833669372672829e-47,9927.051530792365,0.9967586640797595,4.31959068782744e-34
1324740,0.0,-1.8334670790677773e-47,9927.051530792365,0.9967586640797595,4.3191143742042255e-34
1324800,0.0,-1.8332647854627258e-47,9927.051530792365,0.9967586640797595,4.318638060581012e-34
1324860,0.0,-1.833062491857674e-47,9927.051530792365,0.9967586640797595,4.318161746957797e-34
1324920,0.0,-1.8328601982526225e-47,9927.051530792365,0.9967586640797595,4.317685433334583e-34
1324980,0.0,-1.8326579046475708e-47,9927.051530792365,0.9967586640797595,4.317209119711369e-34
1325040,0.0,-1.8324556110425193e-47,9927.051530792365,0.9967586640797595,4.316732806088156e-34
1325100,0.0,-1.8322533174374675e-47,9927.051530792365,0.9967586640797595,4.316256492464941e-34
1325160,0.0,-1.832051023832416e-47,9927.051530792365,0.9967586640797595,4.315780178841727e-34
1325220,0.0,-1.8318487302273643e-47,9927.051530792365,0.9967586640797595,4.3153038652185125e-34
1325280,0.0,-1.8316464366223127e-47,9927.051530792365,0.9967586640797595,4.314827551595299e-34
1325340,0.0,-1.831444143017261e-47,9927.051530792365,0.9967586640797595,4.314351237972084e-34
1325400,0.0,-1.8312418494122095e-47,9927.051530792365,0.9967586640797595,4.31387492434887e-34
1325460,0.0,-1.8310395558071575e-47,9927.051530792365,0.9967586640797595,4.313398610725656e-34
1325520,0.0,-1.8308372622021062e-47,9927.051530792365,0.9967586640797595,4.3129222971024426e-34
1325580,0.0,-1.8306349685970542e-47,9927.051530792365,0.9967586640797595,4.312445983479228e-34
1325640,0.0,-1.830432674992003e-47,9927.051530792365,0.9967586640797595,4.311969669856014e-34
1325700,0.0,-1.830230381386951e-47,9927.051530792365,0.9967586640797595,4.3114933562327994e-34
1325760,0.0,-1.8300280877818994e-47,9927.051530792365,0.9967586640797595,4.311017042609586e-34
1325820,0.0,-1.8298257941768477e-47,9927.051530792365,0.9967586640797595,4.310540728986371e-34
1325880,0.0,-1.8296235005717962e-47,9927.051530792365,0.9967586640797595,4.310064415363157e-34
1325940,0.0,-1.8294212069667444e-47,9927.051530792365,0.9967586640797595,4.309588101739943e-34
1326000,0.0,-1.829218913361693e-47,9927.051530792365,0.9967586640797595,4.3091117881167295e-34
1326060,0.0,-1.8290166197566411e-47,9927.051530792365,0.9967586640797595,4.308635474493515e-34
1326120,0.0,-1.8288143261515896e-47,9927.051530792365,0.9967586640797595,4.308159160870301e-34
1326180,0.0,-1.8286120325465379e-47,9927.051530792365,0.9967586640797595,4.307682847247086e-34
1326240,0.0,-1.8284097389414863e-47,9927.051530792365,0.9967586640797595,4.3072065336238726e-34
1326300,0.0,-1.8282074453364348e-47,9927.051530792365,0.9967586640797595,4.306730220000659e-34
1326360,0.0,-1.828005151731383e-47,9927.051530792365,0.9967586640797595,4.306253906377445e-34
1326420,0.0,-1.8278028581263316e-47,9927.051530792365,0.9967586640797595,4.305777592754231e-34
1326480,0.0,-1.8276005645212798e-47,9927.051530792365,0.9967586640797595,4.3053012791310165e-34
1326540,0.0,-1.8273982709162283e-47,9927.051530792365,0.9967586640797595,4.304824965507803e-34
1326600,0.0,-1.8271959773111765e-47,9927.051530792365,0.9967586640797595,4.304348651884588e-34
1326660,0.0,-1.826993683706125e-47,9927.051530792365,0.9967586640797595,4.303872338261374e-34
1326720,0.0,-1.826791390101073e-47,9927.051530792365,0.9967586640797595,4.3033960246381595e-34
1326780,0.0,-1.8265890964960218e-47,9927.051530792365,0.9967586640797595,4.3029197110149465e-34
1326840,0.0,-1.8263868028909698e-47,9927.051530792365,0.9967586640797595,4.302443397391732e-34
1326900,0.0,-1.8261845092859185e-47,9927.051530792365,0.9967586640797595,4.301967083768518e-34
1326960,0.0,-1.8259822156808665e-47,9927.051530792365,0.9967586640797595,4.301490770145303e-34
1327020,0.0,-1.825779922075815e-47,9927.051530792365,0.9967586640797595,4.30101445652209e-34
1327080,0.0,-1.8255776284707632e-47,9927.051530792365,0.9967586640797595,4.300538142898875e-34
1327140,0.0,-1.8253753348657117e-47,9927.051530792365,0.9967586640797595,4.300061829275661e-34
1327200,0.0,-1.82517304126066e-47,9927.051530792365,0.9967586640797595,4.2995855156524464e-34
1327260,0.0,-1.8249707476556084e-47,9927.051530792365,0.9967586640797595,4.2991092020292335e-34
1327320,0.0,-1.8247684540505567e-47,9927.051530792365,0.9967586640797595,4.298632888406019e-34
1327380,0.0,-1.8245661604455052e-47,9927.051530792365,0.9967586640797595,4.298156574782805e-34
1327440,0.0,-1.8243638668404534e-47,9927.051530792365,0.9967586640797595,4.29768026115959e-34
1327500,0.0,-1.824161573235402e-47,9927.051530792365,0.9967586640797595,4.2972039475363765e-34
1327560,0.0,-1.8239592796303502e-47,9927.051530792365,0.9967586640797595,4.296727633913162e-34
1327620,0.0,-1.8237569860252986e-47,9927.051530792365,0.9967586640797595,4.296251320289948e-34
1327680,0.0,-1.823554692420247e-47,9927.051530792365,0.9967586640797595,4.295775006666733e-34
1327740,0.0,-1.8233523988151954e-47,9927.051530792365,0.9967586640797595,4.2952986930435204e-34
1327800,0.0,-1.8231501052101434e-47,9927.051530792365,0.9967586640797595,4.294822379420306e-34
1327860,0.0,-1.822947811605092e-47,9927.051530792365,0.9967586640797595,4.294346065797092e-34
1327920,0.0,-1.8227455180000406e-47,9927.051530792365,0.9967586640797595,4.293869752173878e-34
1327980,0.0,-1.8225432243949888e-47,9927.051530792365,0.9967586640797595,4.2933934385506635e-34
1328040,0.0,-1.8223409307899373e-47,9927.051530792365,0.9967586640797595,4.29291712492745e-34
1328100,0.0,-1.8221386371848853e-47,9927.051530792365,0.9967586640797595,4.292440811304235e-34
1328160,0.0,-1.821936343579834e-47,9927.051530792365,0.9967586640797595,4.291964497681022e-34
1328220,0.0,-1.821734049974782e-47,9927.051530792365,0.9967586640797595,4.291488184057807e-34
1328280,0.0,-1.8215317563697308e-47,9927.051530792365,0.9967586640797595,4.2910118704345936e-34
1328340,0.0,-1.8213294627646788e-47,9927.051530792365,0.9967586640797595,4.290535556811379e-34
1328400,0.0,-1.8211271691596273e-47,9927.051530792365,0.9967586640797595,4.290059243188165e-34
1328460,0.0,-1.8209248755545755e-47,9927.051530792365,0.9967586640797595,4.28958292956495e-34
1328520,0.0,-1.820722581949524e-47,9927.051530792365,0.9967586640797595,4.289106615941737e-34
1328580,0.0,-1.8205202883444723e-47,9927.051530792365,0.9967586640797595,4.288630302318522e-34
1328640,0.0,-1.8203179947394207e-47,9927.051530792365,0.9967586640797595,4.288153988695309e-34
1328700,0.0,-1.820115701134369e-47,9927.051530792365,0.9967586640797595,4.287677675072094e-34
1328760,0.0,-1.8199134075293175e-47,9927.051530792365,0.9967586640797595,4.2872013614488805e-34
1328820,0.0,-1.8197111139242657e-47,9927.051530792365,0.9967586640797595,4.286725047825666e-34
1328880,0.0,-1.8195088203192142e-47,9927.051530792365,0.9967586640797595,4.286248734202452e-34
1328940,0.0,-1.8193065267141625e-47,9927.051530792365,0.9967586640797595,4.285772420579237e-34
1329000,0.0,-1.819104233109111e-47,9927.051530792365,0.9967586640797595,4.2852961069560236e-34
1329060,0.0,-1.818901939504059e-47,9927.051530792365,0.9967586640797595,4.28481979333281e-34
1329120,0.0,-1.8186996458990077e-47,9927.051530792365,0.9967586640797595,4.284343479709596e-34
1329180,0.0,-1.8184973522939557e-47,9927.051530792365,0.9967586640797595,4.283867166086381e-34
1329240,0.0,-1.8182950586889044e-47,9927.051530792365,0.9967586640797595,4.2833908524631675e-34
1329300,0.0,-1.8180927650838524e-47,9927.051530792365,0.9967586640797595,4.282914538839953e-34
1329360,0.0,-1.817890471478801e-47,9927.051530792365,0.9967586640797595,4.282438225216739e-34
1329420,0.0,-1.8176881778737491e-47,9927.051530792365,0.9967586640797595,4.281961911593524e-34
1329480,0.0,-1.8174858842686976e-47,9927.051530792365,0.9967586640797595,4.2814855979703105e-34
1329540,0.0,-1.8172835906636459e-47,9927.051530792365,0.9967586640797595,4.281009284347097e-34
1329600,0.0,-1.8170812970585944e-47,9927.051530792365,0.9967586640797595,4.280532970723883e-34
1329660,0.0,-1.8168790034535428e-47,9927.051530792365,0.9967586640797595,4.280056657100669e-34
1329720,0.0,-1.816676709848491e-47,9927.051530792365,0.9967586640797595,4.279580343477454e-34
1329780,0.0,-1.8164744162434396e-47,9927.051530792365,0.9967586640797595,4.279104029854241e-34
1329840,0.0,-1.8162721226383878e-47,9927.051530792365,0.9967586640797595,4.278627716231026e-34
1329900,0.0,-1.8160698290333363e-47,9927.051530792365,0.9967586640797595,4.278151402607812e-34
1329960,0.0,-1.8158675354282846e-47,9927.051530792365,0.9967586640797595,4.277675088984598e-34
1330020,0.0,-1.815665241823233e-47,9927.051530792365,0.9967586640797595,4.2771987753613845e-34
1330080,0.0,-1.8154629482181813e-47,9927.051530792365,0.9967586640797595,4.27672246173817e-34
1330140,0.0,-1.8152606546131298e-47,9927.051530792365,0.9967586640797595,4.276246148114956e-34
1330200,0.0,-1.815058361008078e-47,9927.051530792365,0.9967586640797595,4.275769834491741e-34
1330260,0.0,-1.8148560674030265e-47,9927.051530792365,0.9967586640797595,4.2752935208685275e-34
1330320,0.0,-1.8146537737979747e-47,9927.051530792365,0.9967586640797595,4.274817207245313e-34
1330380,0.0,-1.8144514801929232e-47,9927.051530792365,0.9967586640797595,4.2743408936221e-34
1330440,0.0,-1.8142491865878712e-47,9927.051530792365,0.9967586640797595,4.273864579998885e-34
1330500,0.0,-1.81404689298282e-47,9927.051530792365,0.9967586640797595,4.2733882663756714e-34
1330560,0.0,-1.813844599377768e-47,9927.051530792365,0.9967586640797595,4.272911952752457e-34
1330620,0.0,-1.8136423057727167e-47,9927.051530792365,0.9967586640797595,4.272435639129243e-34
1330680,0.0,-1.8134400121676647e-47,9927.051530792365,0.9967586640797595,4.271959325506028e-34
1330740,0.0,-1.8132377185626132e-47,9927.051530792365,0.9967586640797595,4.2714830118828145e-34
1330800,0.0,-1.8130354249575614e-47,9927.051530792365,0.9967586640797595,4.2710066982596e-34
1330860,0.0,-1.81283313135251e-47,9927.051530792365,0.9967586640797595,4.270530384636387e-34
1330920,0.0,-1.8126308377474582e-47,9927.051530792365,0.9967586640797595,4.270054071013172e-34
1330980,0.0,-1.8124285441424067e-47,9927.051530792365,0.9967586640797595,4.269577757389958e-34
1331040,0.0,-1.812226250537355e-47,9927.051530792365,0.9967586640797595,4.269101443766744e-34
1331100,0.0,-1.8120239569323034e-47,9927.051530792365,0.9967586640797595,4.26862513014353e-34
1331160,0.0,-1.8118216633272516e-47,9927.051530792365,0.9967586640797595,4.268148816520315e-34
1331220,0.0,-1.8116193697222e-47,9927.051530792365,0.9967586640797595,4.267672502897101e-34
1331280,0.0,-1.8114170761171486e-47,9927.051530792365,0.9967586640797595,4.2671961892738885e-34
1331340,0.0,-1.8112147825120968e-47,9927.051530792365,0.9967586640797595,4.266719875650674e-34
1331400,0.0,-1.8110124889070453e-47,9927.051530792365,0.9967586640797595,4.26624356202746e-34
1331460,0.0,-1.8108101953019936e-47,9927.051530792365,0.9967586640797595,4.265767248404245e-34
1331520,0.0,-1.810607901696942e-47,9927.051530792365,0.9967586640797595,4.2652909347810315e-34
1331580,0.0,-1.8104056080918903e-47,9927.051530792365,0.9967586640797595,4.264814621157817e-34
1331640,0.0,-1.8102033144868388e-47,9927.051530792365,0.9967586640797595,4.264338307534603e-34
1331700,0.0,-1.8100010208817868e-47,9927.051530792365,0.9967586640797595,4.263861993911388e-34
1331760,0.0,-1.8097987272767355e-47,9927.051530792365,0.9967586640797595,4.263385680288175e-34
1331820,0.0,-1.8095964336716835e-47,9927.051530792365,0.9967586640797595,4.262909366664961e-34
1331880,0.0,-1.8093941400666323e-47,9927.051530792365,0.9967586640797595,4.262433053041747e-34
1331940,0.0,-1.8091918464615803e-47,9927.051530792365,0.9967586640797595,4.261956739418532e-34
1332000,0.0,-1.8089895528565288e-47,9927.051530792365,0.9967586640797595,4.2614804257953184e-34
1332060,0.0,-1.808787259251477e-47,9927.051530792365,0.9967586640797595,4.261004112172104e-34
1332120,0.0,-1.8085849656464255e-47,9927.051530792365,0.9967586640797595,4.26052779854889e-34
1332180,0.0,-1.8083826720413737e-47,9927.051530792365,0.9967586640797595,4.260051484925675e-34
1332240,0.0,-1.8081803784363222e-47,9927.051530792365,0.9967586640797595,4.259575171302462e-34
1332300,0.0,-1.8079780848312705e-47,9927.051530792365,0.9967586640797595,4.259098857679248e-34
1332360,0.0,-1.807775791226219e-47,9927.051530792365,0.9967586640797595,4.258622544056034e-34
1332420,0.0,-1.8075734976211672e-47,9927.051530792365,0.9967586640797595,4.258146230432819e-34
1332480,0.0,-1.8073712040161157e-47,9927.051530792365,0.9967586640797595,4.257669916809605e-34
1332540,0.0,-1.807168910411064e-47,9927.051530792365,0.9967586640797595,4.257193603186391e-34
1332600,0.0,-1.8069666168060124e-47,9927.051530792365,0.9967586640797595,4.256717289563177e-34
1332660,0.0,-1.8067643232009607e-47,9927.051530792365,0.9967586640797595,4.256240975939963e-34
1332720,0.0,-1.8065620295959091e-47,9927.051530792365,0.9967586640797595,4.255764662316749e-34
1332780,0.0,-1.8063597359908571e-47,9927.051530792365,0.9967586640797595,4.255288348693535e-34
1332840,0.0,-1.8061574423858059e-47,9927.051530792365,0.9967586640797595,4.254812035070321e-34
1332900,0.0,-1.8059551487807544e-47,9927.051530792365,0.9967586640797595,4.254335721447107e-34
1332960,0.0,-1.8057528551757026e-47,9927.051530792365,0.9967586640797595,4.253859407823892e-34
1333020,0.0,-1.805550561570651e-47,9927.051530792365,0.9967586640797595,4.2533830942006785e-34
1333080,0.0,-1.805348267965599e-47,9927.051530792365,0.9967586640797595,4.252906780577465e-34
1333140,0.0,-1.8051459743605478e-47,9927.051530792365,0.9967586640797595,4.252430466954251e-34
1333200,0.0,-1.8049436807554958e-47,9927.051530792365,0.9967586640797595,4.251954153331036e-34
1333260,0.0,-1.8047413871504446e-47,9927.051530792365,0.9967586640797595,4.251477839707822e-34
1333320,0.0,-1.8045390935453926e-47,9927.051530792365,0.9967586640797595,4.251001526084608e-34
1333380,0.0,-1.804336799940341e-47,9927.051530792365,0.9967586640797595,4.250525212461394e-34
1333440,0.0,-1.8041345063352893e-47,9927.051530792365,0.9967586640797595,4.250048898838179e-34
1333500,0.0,-1.8039322127302378e-47,9927.051530792365,0.9967586640797595,4.2495725852149655e-34
1333560,0.0,-1.803729919125186e-47,9927.051530792365,0.9967586640797595,4.249096271591752e-34
1333620,0.0,-1.8035276255201345e-47,9927.051530792365,0.9967586640797595,4.248619957968538e-34
1333680,0.0,-1.8033253319150828e-47,9927.051530792365,0.9967586640797595,4.248143644345323e-34
1333740,0.0,-1.8031230383100312e-47,9927.051530792365,0.9967586640797595,4.247667330722109e-34
1333800,0.0,-1.8029207447049795e-47,9927.051530792365,0.9967586640797595,4.247191017098895e-34
1333860,0.0,-1.802718451099928e-47,9927.051530792365,0.9967586640797595,4.246714703475681e-34
1333920,0.0,-1.8025161574948762e-47,9927.051530792365,0.9967586640797595,4.246238389852466e-34
1333980,0.0,-1.8023138638898247e-47,9927.051530792365,0.9967586640797595,4.245762076229253e-34
1334040,0.0,-1.802111570284773e-47,9927.051530792365,0.9967586640797595,4.245285762606039e-34
1334100,0.0,-1.8019092766797214e-47,9927.051530792365,0.9967586640797595,4.244809448982825e-34
1334160,0.0,-1.8017069830746694e-47,9927.051530792365,0.9967586640797595,4.24433313535961e-34
1334220,0.0,-1.8015046894696182e-47,9927.051530792365,0.9967586640797595,4.243856821736396e-34
1334280,0.0,-1.8013023958645662e-47,9927.051530792365,0.9967586640797595,4.243380508113182e-34
1334340,0.0,-1.8011001022595147e-47,9927.051530792365,0.9967586640797595,4.242904194489968e-34
1334400,0.0,-1.800897808654463e-47,9927.051530792365,0.9967586640797595,4.242427880866753e-34
1334460,0.0,-1.8006955150494114e-47,9927.051530792365,0.9967586640797595,4.24195156724354e-34
1334520,0.0,-1.8004932214443596e-47,9927.051530792365,0.9967586640797595,4.2414752536203255e-34
1334580,0.0,-1.800290927839308e-47,9927.051530792365,0.9967586640797595,4.240998939997112e-34
1334640,0.0,-1.8000886342342566e-47,9927.051530792365,0.9967586640797595,4.240522626373898e-34
1334700,0.0,-1.7998863406292049e-47,9927.051530792365,0.9967586640797595,4.240046312750683e-34
1334760,0.0,-1.7996840470241533e-47,9927.051530792365,0.9967586640797595,4.2395699991274694e-34
1334820,0.0,-1.7994817534191016e-47,9927.051530792365,0.9967586640797595,4.239093685504255e-34
1334880,0.0,-1.79927945981405e-47,9927.051530792365,0.9967586640797595,4.238617371881042e-34
1334940,0.0,-1.7990771662089983e-47,9927.051530792365,0.9967586640797595,4.238141058257827e-34
1335000,0.0,-1.7988748726039468e-47,9927.051530792365,0.9967586640797595,4.237664744634613e-34
1335060,0.0,-1.798672578998895e-47,9927.051530792365,0.9967586640797595,4.237188431011399e-34
1335120,0.0,-1.7984702853938435e-47,9927.051530792365,0.9967586640797595,4.236712117388185e-34
1335180,0.0,-1.7982679917887918e-47,9927.051530792365,0.9967586640797595,4.23623580376497e-34
1335240,0.0,-1.7980656981837403e-47,9927.051530792365,0.9967586640797595,4.235759490141756e-34
1335300,0.0,-1.7978634045786885e-47,9927.051530792365,0.9967586640797595,4.235283176518542e-34
1335360,0.0,-1.797661110973637e-47,9927.051530792365,0.9967586640797595,4.234806862895329e-34
1335420,0.0,-1.797458817368585e-47,9927.051530792365,0.9967586640797595,4.234330549272114e-34
1335480,0.0,-1.7972565237635337e-47,9927.051530792365,0.9967586640797595,4.2338542356489e-34
1335540,0.0,-1.7970542301584817e-47,9927.051530792365,0.9967586640797595,4.233377922025686e-34
1335600,0.0,-1.7968519365534305e-47,9927.051530792365,0.9967586640797595,4.232901608402472e-34
1335660,0.0,-1.7966496429483785e-47,9927.051530792365,0.9967586640797595,4.232425294779257e-34
1335720,0.0,-1.796447349343327e-47,9927.051530792365,0.9967586640797595,4.231948981156043e-34
1335780,0.0,-1.7962450557382752e-47,9927.051530792365,0.9967586640797595,4.2314726675328295e-34
1335840,0.0,-1.7960427621332237e-47,9927.051530792365,0.9967586640797595,4.230996353909616e-34
1335900,0.0,-1.795840468528172e-47,9927.051530792365,0.9967586640797595,4.230520040286401e-34
1335960,0.0,-1.7956381749231204e-47,9927.051530792365,0.9967586640797595,4.230043726663187e-34
1336020,0.0,-1.7954358813180687e-47,9927.051530792365,0.9967586640797595,4.2295674130399726e-34
1336080,0.0,-1.7952335877130171e-47,9927.051530792365,0.9967586640797595,4.229091099416759e-34
1336140,0.0,-1.7950312941079654e-47,9927.051530792365,0.9967586640797595,4.228614785793544e-34
1336200,0.0,-1.794829000502914e-47,9927.051530792365,0.9967586640797595,4.22813847217033e-34
1336260,0.0,-1.7946267068978624e-47,9927.051530792365,0.9967586640797595,4.227662158547117e-34
1336320,0.0,-1.7944244132928106e-47,9927.051530792365,0.9967586640797595,4.227185844923903e-34
1336380,0.0,-1.794222119687759e-47,9927.051530792365,0.9967586640797595,4.226709531300689e-34
1336440,0.0,-1.7940198260827073e-47,9927.051530792365,0.9967586640797595,4.226233217677474e-34
1336500,0.0,-1.7938175324776558e-47,9927.051530792365,0.9967586640797595,4.22575690405426e-34
1336560,0.0,-1.793615238872604e-47,9927.051530792365,0.9967586640797595,4.225280590431046e-34
1336620,0.0,-1.7934129452675526e-47,9927.051530792365,0.9967586640797595,4.224804276807832e-34
1336680,0.0,-1.7932106516625008e-47,9927.051530792365,0.9967586640797595,4.224327963184618e-34
1336740,0.0,-1.7930083580574493e-47,9927.051530792365,0.9967586640797595,4.223851649561404e-34
1336800,0.0,-1.7928060644523973e-47,9927.051530792365,0.9967586640797595,4.22337533593819e-34
1336860,0.0,-1.792603770847346e-47,9927.051530792365,0.9967586640797595,4.222899022314976e-34
1336920,0.0,-1.792401477242294e-47,9927.051530792365,0.9967586640797595,4.222422708691761e-34
1336980,0.0,-1.7921991836372428e-47,9927.051530792365,0.9967586640797595,4.221946395068547e-34
1337040,0.0,-1.7919968900321908e-47,9927.051530792365,0.9967586640797595,4.221470081445333e-34
1337100,0.0,-1.7917945964271392e-47,9927.051530792365,0.9967586640797595,4.220993767822119e-34
1337160,0.0,-1.7915923028220875e-47,9927.051530792365,0.9967586640797595,4.220517454198905e-34
1337220,0.0,-1.791390009217036e-47,9927.051530792365,0.9967586640797595,4.220041140575691e-34
1337280,0.0,-1.7911877156119842e-47,9927.051530792365,0.9967586640797595,4.2195648269524765e-34
1337340,0.0,-1.7909854220069327e-47,9927.051530792365,0.9967586640797595,4.219088513329263e-34
1337400,0.0,-1.790783128401881e-47,9927.051530792365,0.9967586640797595,4.218612199706048e-34
1337460,0.0,-1.7905808347968294e-47,9927.051530792365,0.9967586640797595,4.218135886082834e-34
1337520,0.0,-1.7903785411917777e-47,9927.051530792365,0.9967586640797595,4.21765957245962e-34
1337580,0.0,-1.7901762475867262e-47,9927.051530792365,0.9967586640797595,4.217183258836407e-34
1337640,0.0,-1.7899739539816744e-47,9927.051530792365,0.9967586640797595,4.216706945213192e-34
1337700,0.0,-1.789771660376623e-47,9927.051530792365,0.9967586640797595,4.216230631589978e-34
1337760,0.0,-1.789569366771571e-47,9927.051530792365,0.9967586640797595,4.2157543179667635e-34
1337820,0.0,-1.7893670731665196e-47,9927.051530792365,0.9967586640797595,4.21527800434355e-34
1337880,0.0,-1.7891647795614676e-47,9927.051530792365,0.9967586640797595,4.214801690720335e-34
1337940,0.0,-1.7889624859564164e-47,9927.051530792365,0.9967586640797595,4.214325377097121e-34
1338000,0.0,-1.7887601923513649e-47,9927.051530792365,0.9967586640797595,4.213849063473907e-34
1338060,0.0,-1.7885578987463129e-47,9927.051530792365,0.9967586640797595,4.213372749850694e-34
1338120,0.0,-1.7883556051412616e-47,9927.051530792365,0.9967586640797595,4.21289643622748e-34
1338180,0.0,-1.7881533115362096e-47,9927.051530792365,0.9967586640797595,4.212420122604265e-34
1338240,0.0,-1.7879510179311583e-47,9927.051530792365,0.9967586640797595,4.211943808981051e-34
1338300,0.0,-1.7877487243261063e-47,9927.051530792365,0.9967586640797595,4.211467495357837e-34
1338360,0.0,-1.7875464307210548e-47,9927.051530792365,0.9967586640797595,4.210991181734623e-34
1338420,0.0,-1.787344137116003e-47,9927.051530792365,0.9967586640797595,4.210514868111408e-34
1338480,0.0,-1.7871418435109515e-47,9927.051530792365,0.9967586640797595,4.210038554488195e-34
1338540,0.0,-1.7869395499058998e-47,9927.051530792365,0.9967586640797595,4.2095622408649805e-34
1338600,0.0,-1.7867372563008483e-47,9927.051530792365,0.9967586640797595,4.209085927241767e-34
1338660,0.0,-1.7865349626957965e-47,9927.051530792365,0.9967586640797595,4.208609613618552e-34
1338720,0.0,-1.786332669090745e-47,9927.051530792365,0.9967586640797595,4.208133299995338e-34
1338780,0.0,-1.7861303754856933e-47,9927.051530792365,0.9967586640797595,4.2076569863721236e-34
1338840,0.0,-1.7859280818806417e-47,9927.051530792365,0.9967586640797595,4.20718067274891e-34
1338900,0.0,-1.78572578827559e-47,9927.051530792365,0.9967586640797595,4.206704359125695e-34
1338960,0.0,-1.7855234946705385e-47,9927.051530792365,0.9967586640797595,4.206228045502482e-34
1339020,0.0,-1.7853212010654867e-47,9927.051530792365,0.9967586640797595,4.2057517318792675e-34
1339080,0.0,-1.7851189074604352e-47,9927.051530792365,0.9967586640797595,4.205275418256054e-34
1339140,0.0,-1.7849166138553832e-47,9927.051530792365,0.9967586640797595,4.204799104632839e-34
1339200,0.0,-1.784714320250332e-47,9927.051530792365,0.9967586640797595,4.204322791009625e-34
1339260,0.0,-1.78451202664528e-47,9927.051530792365,0.9967586640797595,4.2038464773864105e-34
1339320,0.0,-1.7843097330402287e-47,9927.051530792365,0.9967586640797595,4.203370163763197e-34
1339380,0.0,-1.7841074394351767e-47,9927.051530792365,0.9967586640797595,4.202893850139983e-34
1339440,0.0,-1.7839051458301252e-47,9927.051530792365,0.9967586640797595,4.202417536516769e-34
1339500,0.0,-1.7837028522250734e-47,9927.051530792365,0.9967586640797595,4.201941222893554e-34
1339560,0.0,-1.783500558620022e-47,9927.051530792365,0.9967586640797595,4.201464909270341e-34
1339620,0.0,-1.7832982650149706e-47,9927.051530792365,0.9967586640797595,4.200988595647127e-34
1339680,0.0,-1.7830959714099186e-47,9927.051530792365,0.9967586640797595,4.200512282023912e-34
1339740,0.0,-1.782893677804867e-47,9927.051530792365,0.9967586640797595,4.200035968400698e-34
1339800,0.0,-1.7826913841998153e-47,9927.051530792365,0.9967586640797595,4.199559654777484e-34
1339860,0.0,-1.7824890905947638e-47,9927.051530792365,0.9967586640797595,4.199083341154271e-34
1339920,0.0,-1.782286796989712e-47,9927.051530792365,0.9967586640797595,4.198607027531056e-34
1339980,0.0,-1.7820845033846606e-47,9927.051530792365,0.9967586640797595,4.198130713907842e-34
1340040,0.0,-1.7818822097796088e-47,9927.051530792365,0.9967586640797595,4.1976544002846275e-34
1340100,0.0,-1.7816799161745573e-47,9927.051530792365,0.9967586640797595,4.197178086661414e-34
1340160,0.0,-1.7814776225695055e-47,9927.051530792365,0.9967586640797595,4.196701773038199e-34
1340220,0.0,-1.781275328964454e-47,9927.051530792365,0.9967586640797595,4.196225459414985e-34
1340280,0.0,-1.7810730353594023e-47,9927.051530792365,0.9967586640797595,4.1957491457917714e-34
1340340,0.0,-1.7808707417543508e-47,9927.051530792365,0.9967586640797595,4.195272832168558e-34
1340400,0.0,-1.7806684481492988e-47,9927.051530792365,0.9967586640797595,4.194796518545343e-34
1340460,0.0,-1.7804661545442475e-47,9927.051530792365,0.9967586640797595,4.194320204922129e-34
1340520,0.0,-1.7802638609391955e-47,9927.051530792365,0.9967586640797595,4.1938438912989145e-34
1340580,0.0,-1.7800615673341442e-47,9927.051530792365,0.9967586640797595,4.193367577675701e-34
1340640,0.0,-1.7798592737290922e-47,9927.051530792365,0.9967586640797595,4.192891264052486e-34
1340700,0.0,-1.7796569801240407e-47,9927.051530792365,0.9967586640797595,4.192414950429272e-34
1340760,0.0,-1.779454686518989e-47,9927.051530792365,0.9967586640797595,4.191938636806058e-34
1340820,0.0,-1.7792523929139374e-47,9927.051530792365,0.9967586640797595,4.1914623231828446e-34
1340880,0.0,-1.7790500993088857e-47,9927.051530792365,0.9967586640797595,4.19098600955963e-34
1340940,0.0,-1.7788478057038342e-47,9927.051530792365,0.9967586640797595,4.190509695936416e-34
1341000,0.0,-1.7786455120987824e-47,9927.051530792365,0.9967586640797595,4.190033382313201e-34
1341060,0.0,-1.778443218493731e-47,9927.051530792365,0.9967586640797595,4.189557068689988e-34
1341120,0.0,-1.7782409248886792e-47,9927.051530792365,0.9967586640797595,4.189080755066773e-34
1341180,0.0,-1.7780386312836276e-47,9927.051530792365,0.9967586640797595,4.18860444144356e-34
1341240,0.0,-1.777836337678576e-47,9927.051530792365,0.9967586640797595,4.188128127820345e-34
1341300,0.0,-1.7776340440735244e-47,9927.051530792365,0.9967586640797595,4.1876518141971315e-34
1341360,0.0,-1.7774317504684729e-47,9927.051530792365,0.9967586640797595,4.187175500573918e-34
1341420,0.0,-1.777229456863421e-47,9927.051530792365,0.9967586640797595,4.186699186950703e-34
1341480,0.0,-1.7770271632583696e-47,9927.051530792365,0.9967586640797595,4.186222873327489e-34
1341540,0.0,-1.7768248696533178e-47,9927.051530792365,0.9967586640797595,4.1857465597042746e-34
1341600,0.0,-1.7766225760482663e-47,9927.051530792365,0.9967586640797595,4.185270246081061e-34
1341660,0.0,-1.7764202824432146e-47,9927.051530792365,0.9967586640797595,4.184793932457847e-34
1341720,0.0,-1.776217988838163e-47,9927.051530792365,0.9967586640797595,4.184317618834633e-34
1341780,0.0,-1.776015695233111e-47,9927.051530792365,0.9967586640797595,4.1838413052114185e-34
1341840,0.0,-1.7758134016280598e-47,9927.051530792365,0.9967586640797595,4.183364991588205e-34
1341900,0.0,-1.7756111080230078e-47,9927.051530792365,0.9967586640797595,4.18288867796499e-34
1341960,0.0,-1.7754088144179565e-47,9927.051530792365,0.9967586640797595,4.182412364341776e-34
1342020,0.0,-1.7752065208129045e-47,9927.051530792365,0.9967586640797595,4.1819360507185615e-34
1342080,0.0,-1.775004227207853e-47,9927.051530792365,0.9967586640797595,4.1814597370953485e-34
1342140,0.0,-1.7748019336028013e-47,9927.051530792365,0.9967586640797595,4.180983423472134e-34
1342200,0.0,-1.7745996399977497e-47,9927.051530792365,0.9967586640797595,4.18050710984892e-34
1342260,0.0,-1.774397346392698e-47,9927.051530792365,0.9967586640797595,4.180030796225705e-34
1342320,0.0,-1.7741950527876465e-47,9927.051530792365,0.9967586640797595,4.179554482602492e-34
1342380,0.0,-1.7739927591825947e-47,9927.051530792365,0.9967586640797595,4.179078168979277e-34
1342440,0.0,-1.7737904655775432e-47,9927.051530792365,0.9967586640797595,4.178601855356063e-34
1342500,0.0,-1.7735881719724915e-47,9927.051530792365,0.9967586640797595,4.1781255417328484e-34
1342560,0.0,-1.77338587836744e-47,9927.051530792365,0.9967586640797595,4.1776492281096355e-34
1342620,0.0,-1.7731835847623882e-47,9927.051530792365,0.9967586640797595,4.177172914486421e-34
1342680,0.0,-1.7729812911573367e-47,9927.051530792365,0.9967586640797595,4.176696600863207e-34
1342740,0.0,-1.7727789975522847e-47,9927.051530792365,0.9967586640797595,4.176220287239992e-34
1342800,0.0,-1.7725767039472334e-47,9927.051530792365,0.9967586640797595,4.1757439736167785e-34
1342860,0.0,-1.7723744103421814e-47,9927.051530792365,0.9967586640797595,4.175267659993564e-34
1342920,0.0,-1.7721721167371301e-47,9927.051530792365,0.9967586640797595,4.17479134637035e-34
1342980,0.0,-1.7719698231320786e-47,9927.051530792365,0.9967586640797595,4.174315032747137e-34
1343040,0.0,-1.7717675295270266e-47,9927.051530792365,0.9967586640797595,4.1738387191239224e-34
1343100,0.0,-1.7715652359219754e-47,9927.051530792365,0.9967586640797595,4.173362405500709e-34
1343160,0.0,-1.7713629423169234e-47,9927.051530792365,0.9967586640797595,4.172886091877494e-34
1343220,0.0,-1.771160648711872e-47,9927.051530792365,0.9967586640797595,4.17240977825428e-34
1343280,0.0,-1.77095835510682e-47,9927.051530792365,0.9967586640797595,4.1719334646310655e-34
1343340,0.0,-1.7707560615017686e-47,9927.051530792365,0.9967586640797595,4.171457151007852e-34
1343400,0.0,-1.7705537678967168e-47,9927.051530792365,0.9967586640797595,4.170980837384637e-34
1343460,0.0,-1.7703514742916653e-47,9927.051530792365,0.9967586640797595,4.170504523761424e-34
1343520,0.0,-1.7701491806866136e-47,9927.051530792365,0.9967586640797595,4.170028210138209e-34
1343580,0.0,-1.769946887081562e-47,9927.051530792365,0.9967586640797595,4.1695518965149956e-34
1343640,0.0,-1.7697445934765103e-47,9927.051530792365,0.9967586640797595,4.169075582891781e-34
1343700,0.0,-1.7695422998714588e-47,9927.051530792365,0.9967586640797595,4.168599269268567e-34
1343760,0.0,-1.769340006266407e-47,9927.051530792365,0.9967586640797595,4.168122955645352e-34
1343820,0.0,-1.7691377126613555e-47,9927.051530792365,0.9967586640797595,4.167646642022139e-34
1343880,0.0,-1.7689354190563037e-47,9927.051530792365,0.9967586640797595,4.167170328398925e-34
1343940,0.0,-1.7687331254512522e-47,9927.051530792365,0.9967586640797595,4.166694014775711e-34
1344000,0.0,-1.7685308318462005e-47,9927.051530792365,0.9967586640797595,4.166217701152496e-34
1344060,0.0,-1.768328538241149e-47,9927.051530792365,0.9967586640797595,4.1657413875292825e-34
1344120,0.0,-1.768126244636097e-47,9927.051530792365,0.9967586640797595,4.165265073906068e-34
1344180,0.0,-1.7679239510310457e-47,9927.051530792365,0.9967586640797595,4.164788760282854e-34
1344240,0.0,-1.7677216574259937e-47,9927.051530792365,0.9967586640797595,4.164312446659639e-34
1344300,0.0,-1.7675193638209424e-47,9927.051530792365,0.9967586640797595,4.1638361330364256e-34
1344360,0.0,-1.7673170702158904e-47,9927.051530792365,0.9967586640797595,4.163359819413212e-34
1344420,0.0,-1.767114776610839e-47,9927.051530792365,0.9967586640797595,4.162883505789998e-34
1344480,0.0,-1.7669124830057872e-47,9927.051530792365,0.9967586640797595,4.162407192166783e-34
1344540,0.0,-1.7667101894007357e-47,9927.051530792365,0.9967586640797595,4.1619308785435694e-34
1344600,0.0,-1.7665078957956844e-47,9927.051530792365,0.9967586640797595,4.161454564920356e-34
1344660,0.0,-1.7663056021906324e-47,9927.051530792365,0.9967586640797595,4.160978251297141e-34
1344720,0.0,-1.7661033085855809e-47,9927.051530792365,0.9967586640797595,4.160501937673927e-34
1344780,0.0,-1.765901014980529e-47,9927.051530792365,0.9967586640797595,4.160025624050713e-34
1344840,0.0,-1.7656987213754776e-47,9927.051530792365,0.9967586640797595,4.1595493104274995e-34
1344900,0.0,-1.7654964277704258e-47,9927.051530792365,0.9967586640797595,4.159072996804285e-34
1344960,0.0,-1.7652941341653743e-47,9927.051530792365,0.9967586640797595,4.158596683181071e-34
1345020,0.0,-1.7650918405603226e-47,9927.051530792365,0.9967586640797595,4.158120369557856e-34
1345080,0.0,-1.764889546955271e-47,9927.051530792365,0.9967586640797595,4.157644055934643e-34
1345140,0.0,-1.7646872533502193e-47,9927.051530792365,0.9967586640797595,4.157167742311428e-34
1345200,0.0,-1.7644849597451678e-47,9927.051530792365,0.9967586640797595,4.156691428688215e-34
1345260,0.0,-1.764282666140116e-47,9927.051530792365,0.9967586640797595,4.156215115065e-34
1345320,0.0,-1.7640803725350645e-47,9927.051530792365,0.9967586640797595,4.1557388014417865e-34
1345380,0.0,-1.7638780789300128e-47,9927.051530792365,0.9967586640797595,4.155262487818572e-34
1345440,0.0,-1.7636757853249613e-47,9927.051530792365,0.9967586640797595,4.154786174195358e-34
1345500,0.0,-1.7634734917199093e-47,9927.051530792365,0.9967586640797595,4.154309860572143e-34
1345560,0.0,-1.763271198114858e-47,9927.051530792365,0.9967586640797595,4.1538335469489295e-34
1345620,0.0,-1.763068904509806e-47,9927.051530792365,0.9967586640797595,4.153357233325715e-34
1345680,0.0,-1.7628666109047545e-47,9927.051530792365,0.9967586640797595,4.152880919702502e-34
1345740,0.0,-1.7626643172997027e-47,9927.051530792365,0.9967586640797595,4.152404606079287e-34
1345800,0.0,-1.7624620236946512e-47,9927.051530792365,0.9967586640797595,4.151928292456073e-34
1345860,0.0,-1.7622597300895995e-47,9927.051530792365,0.9967586640797595,4.151451978832859e-34
1345920,0.0,-1.762057436484548e-47,9927.051530792365,0.9967586640797595,4.150975665209645e-34
1345980,0.0,-1.7618551428794962e-47,9927.051530792365,0.9967586640797595,4.15049935158643e-34
1346040,0.0,-1.7616528492744447e-47,9927.051530792365,0.9967586640797595,4.1500230379632165e-34
1346100,0.0,-1.761450555669393e-47,9927.051530792365,0.9967586640797595,4.149546724340002e-34
1346160,0.0,-1.7612482620643414e-47,9927.051530792365,0.9967586640797595,4.149070410716789e-34
1346220,0.0,-1.7610459684592897e-47,9927.051530792365,0.9967586640797595,4.148594097093574e-34
1346280,0.0,-1.7608436748542381e-47,9927.051530792365,0.9967586640797595,4.14811778347036e-34
1346340,0.0,-1.7606413812491866e-47,9927.051530792365,0.9967586640797595,4.1476414698471466e-34
1346400,0.0,-1.7604390876441349e-47,9927.051530792365,0.9967586640797595,4.147165156223932e-34
1346460,0.0,-1.7602367940390834e-47,9927.051530792365,0.9967586640797595,4.146688842600718e-34
1346520,0.0,-1.7600345004340316e-47,9927.051530792365,0.9967586640797595,4.146212528977503e-34
1346580,0.0,-1.75983220682898e-47,9927.051530792365,0.9967586640797595,4.1457362153542905e-34
1346640,0.0,-1.7596299132239283e-47,9927.051530792365,0.9967586640797595,4.145259901731076e-34
1346700,0.0,-1.7594276196188768e-47,9927.051530792365,0.9967586640797595,4.144783588107862e-34
1346760,0.0,-1.7592253260138248e-47,9927.051530792365,0.9967586640797595,4.144307274484647e-34
1346820,0.0,-1.7590230324087736e-47,9927.051530792365,0.9967586640797595,4.1438309608614335e-34
1346880,0.0,-1.7588207388037216e-47,9927.051530792365,0.9967586640797595,4.143354647238219e-34
1346940,0.0,-1.7586184451986703e-47,9927.051530792365,0.9967586640797595,4.142878333615005e-34
1347000,0.0,-1.7584161515936183e-47,9927.051530792365,0.9967586640797595,4.14240201999179e-34
1347060,0.0,-1.7582138579885668e-47,9927.051530792365,0.9967586640797595,4.141925706368577e-34
1347120,0.0,-1.758011564383515e-47,9927.051530792365,0.9967586640797595,4.141449392745363e-34
1347180,0.0,-1.7578092707784635e-47,9927.051530792365,0.9967586640797595,4.140973079122149e-34
1347240,0.0,-1.7576069771734118e-47,9927.051530792365,0.9967586640797595,4.140496765498934e-34
1347300,0.0,-1.7574046835683602e-47,9927.051530792365,0.9967586640797595,4.1400204518757204e-34
1347360,0.0,-1.7572023899633085e-47,9927.051530792365,0.9967586640797595,4.139544138252506e-34
1347420,0.0,-1.757000096358257e-47,9927.051530792365,0.9967586640797595,4.139067824629292e-34
1347480,0.0,-1.7567978027532052e-47,9927.051530792365,0.9967586640797595,4.138591511006078e-34
1347540,0.0,-1.7565955091481537e-47,9927.051530792365,0.9967586640797595,4.138115197382864e-34
1347600,0.0,-1.756393215543102e-47,9927.051530792365,0.9967586640797595,4.13763888375965e-34
1347660,0.0,-1.7561909219380504e-47,9927.051530792365,0.9967586640797595,4.137162570136436e-34
1347720,0.0,-1.7559886283329987e-47,9927.051530792365,0.9967586640797595,4.136686256513221e-34
1347780,0.0,-1.7557863347279472e-47,9927.051530792365,0.9967586640797595,4.136209942890007e-34
1347840,0.0,-1.7555840411228952e-47,9927.051530792365,0.9967586640797595,4.135733629266793e-34
1347900,0.0,-1.755381747517844e-47,9927.051530792365,0.9967586640797595,4.13525731564358e-34
1347960,0.0,-1.7551794539127924e-47,9927.051530792365,0.9967586640797595,4.134781002020366e-34
1348020,0.0,-1.7549771603077406e-47,9927.051530792365,0.9967586640797595,4.134304688397151e-34
1348080,0.0,-1.754774866702689e-47,9927.051530792365,0.9967586640797595,4.1338283747739375e-34
1348140,0.0,-1.754572573097637e-47,9927.051530792365,0.9967586640797595,4.133352061150723e-34
1348200,0.0,-1.7543702794925859e-47,9927.051530792365,0.9967586640797595,4.132875747527509e-34
1348260,0.0,-1.7541679858875339e-47,9927.051530792365,0.9967586640797595,4.132399433904294e-34
1348320,0.0,-1.7539656922824826e-47,9927.051530792365,0.9967586640797595,4.1319231202810805e-34
1348380,0.0,-1.7537633986774306e-47,9927.051530792365,0.9967586640797595,4.131446806657867e-34
1348440,0.0,-1.753561105072379e-47,9927.051530792365,0.9967586640797595,4.130970493034653e-34
1348500,0.0,-1.7533588114673273e-47,9927.051530792365,0.9967586640797595,4.130494179411438e-34
1348560,0.0,-1.7531565178622758e-47,9927.051530792365,0.9967586640797595,4.130017865788224e-34
1348620,0.0,-1.752954224257224e-47,9927.051530792365,0.9967586640797595,4.12954155216501e-34
1348680,0.0,-1.7527519306521725e-47,9927.051530792365,0.9967586640797595,4.129065238541796e-34
1348740,0.0,-1.7525496370471208e-47,9927.051530792365,0.9967586640797595,4.128588924918581e-34
1348800,0.0,-1.7523473434420693e-47,9927.051530792365,0.9967586640797595,4.128112611295368e-34
1348860,0.0,-1.7521450498370175e-47,9927.051530792365,0.9967586640797595,4.127636297672154e-34
1348920,0.0,-1.751942756231966e-47,9927.051530792365,0.9967586640797595,4.12715998404894e-34
1348980,0.0,-1.7517404626269142e-47,9927.051530792365,0.9967586640797595,4.126683670425725e-34
1349040,0.0,-1.7515381690218627e-47,9927.051530792365,0.9967586640797595,4.126207356802511e-34
1349100,0.0,-1.7513358754168107e-47,9927.051530792365,0.9967586640797595,4.125731043179297e-34
1349160,0.0,-1.7511335818117595e-47,9927.051530792365,0.9967586640797595,4.125254729556083e-34
1349220,0.0,-1.7509312882067075e-47,9927.051530792365,0.9967586640797595,4.124778415932868e-34
1349280,0.0,-1.7507289946016562e-47,9927.051530792365,0.9967586640797595,4.124302102309655e-34
1349340,0.0,-1.7505267009966042e-47,9927.051530792365,0.9967586640797595,4.123825788686441e-34
1349400,0.0,-1.7503244073915527e-47,9927.051530792365,0.9967586640797595,4.123349475063227e-34
1349460,0.0,-1.750122113786501e-47,9927.051530792365,0.9967586640797595,4.122873161440012e-34
1349520,0.0,-1.7499198201814494e-47,9927.051530792365,0.9967586640797595,4.122396847816798e-34
1349580,0.0,-1.7497175265763977e-47,9927.051530792365,0.9967586640797595,4.121920534193584e-34
1349640,0.0,-1.7495152329713461e-47,9927.051530792365,0.9967586640797595,4.12144422057037e-34
1349700,0.0,-1.7493129393662946e-47,9927.051530792365,0.9967586640797595,4.120967906947157e-34
1349760,0.0,-1.749110645761243e-47,9927.051530792365,0.9967586640797595,4.120491593323942e-34
1349820,0.0,-1.7489083521561914e-47,9927.051530792365,0.9967586640797595,4.120015279700728e-34
1349880,0.0,-1.7487060585511396e-47,9927.051530792365,0.9967586640797595,4.119538966077514e-34
1349940,0.0,-1.748503764946088e-47,9927.051530792365,0.9967586640797595,4.1190626524543e-34
1350000,0.0,-1.7483014713410363e-47,9927.051530792365,0.9967586640797595,4.118586338831085e-34
1350060,0.0,-1.7480991777359848e-47,9927.051530792365,0.9967586640797595,4.1181100252078714e-34
1350120,0.0,-1.747896884130933e-47,9927.051530792365,0.9967586640797595,4.117633711584657e-34
1350180,0.0,-1.7476945905258816e-47,9927.051530792365,0.9967586640797595,4.117157397961444e-34
1350240,0.0,-1.7474922969208298e-47,9927.051530792365,0.9967586640797595,4.116681084338229e-34
1350300,0.0,-1.7472900033157783e-47,9927.051530792365,0.9967586640797595,4.116204770715015e-34
1350360,0.0,-1.7470877097107265e-47,9927.051530792365,0.9967586640797595,4.115728457091801e-34
1350420,0.0,-1.746885416105675e-47,9927.051530792365,0.9967586640797595,4.115252143468587e-34
1350480,0.0,-1.746683122500623e-47,9927.051530792365,0.9967586640797595,4.114775829845372e-34
1350540,0.0,-1.7464808288955718e-47,9927.051530792365,0.9967586640797595,4.114299516222158e-34
1350600,0.0,-1.7462785352905198e-47,9927.051530792365,0.9967586640797595,4.113823202598945e-34
1350660,0.0,-1.7460762416854685e-47,9927.051530792365,0.9967586640797595,4.113346888975731e-34
1350720,0.0,-1.7458739480804165e-47,9927.051530792365,0.9967586640797595,4.112870575352516e-34
1350780,0.0,-1.745671654475365e-47,9927.051530792365,0.9967586640797595,4.112394261729302e-34
1350840,0.0,-1.7454693608703132e-47,9927.051530792365,0.9967586640797595,4.111917948106088e-34
1350900,0.0,-1.7452670672652617e-47,9927.051530792365,0.9967586640797595,4.111441634482874e-34
1350960,0.0,-1.74506477366021e-47,9927.051530792365,0.9967586640797595,4.110965320859659e-34
1351020,0.0,-1.7448624800551584e-47,9927.051530792365,0.9967586640797595,4.110489007236445e-34
1351080,0.0,-1.7446601864501067e-47,9927.051530792365,0.9967586640797595,4.1100126936132315e-34
1351140,0.0,-1.7444578928450552e-47,9927.051530792365,0.9967586640797595,4.109536379990018e-34
1351200,0.0,-1.7442555992400034e-47,9927.051530792365,0.9967586640797595,4.109060066366803e-34
1351260,0.0,-1.744053305634952e-47,9927.051530792365,0.9967586640797595,4.108583752743589e-34
1351320,0.0,-1.7438510120299004e-47,9927.051530792365,0.9967586640797595,4.108107439120375e-34
1351380,0.0,-1.7436487184248486e-47,9927.051530792365,0.9967586640797595,4.107631125497161e-34
1351440,0.0,-1.7434464248197971e-47,9927.051530792365,0.9967586640797595,4.107154811873947e-34
1351500,0.0,-1.7432441312147454e-47,9927.051530792365,0.9967586640797595,4.106678498250733e-34
1351560,0.0,-1.7430418376096939e-47,9927.051530792365,0.9967586640797595,4.106202184627519e-34
1351620,0.0,-1.742839544004642e-47,9927.051530792365,0.9967586640797595,4.105725871004305e-34
1351680,0.0,-1.7426372503995906e-47,9927.051530792365,0.9967586640797595,4.105249557381091e-34
1351740,0.0,-1.7424349567945386e-47,9927.051530792365,0.9967586640797595,4.104773243757876e-34
1351800,0.0,-1.7422326631894873e-47,9927.051530792365,0.9967586640797595,4.104296930134662e-34
1351860,0.0,-1.7420303695844353e-47,9927.051530792365,0.9967586640797595,4.103820616511448e-34
1351920,0.0,-1.741828075979384e-47,9927.051530792365,0.9967586640797595,4.103344302888234e-34
1351980,0.0,-1.741625782374332e-47,9927.051530792365,0.9967586640797595,4.10286798926502e-34
1352040,0.0,-1.7414234887692805e-47,9927.051530792365,0.9967586640797595,4.102391675641806e-34
1352100,0.0,-1.7412211951642288e-47,9927.051530792365,0.9967586640797595,4.101915362018592e-34
1352160,0.0,-1.7410189015591773e-47,9927.051530792365,0.9967586640797595,4.101439048395378e-34
1352220,0.0,-1.7408166079541255e-47,9927.051530792365,0.9967586640797595,4.100962734772163e-34
1352280,0.0,-1.740614314349074e-47,9927.051530792365,0.9967586640797595,4.100486421148949e-34
1352340,0.0,-1.7404120207440223e-47,9927.051530792365,0.9967586640797595,4.100010107525735e-34
1352400,0.0,-1.7402097271389707e-47,9927.051530792365,0.9967586640797595,4.099533793902522e-34
1352460,0.0,-1.740007433533919e-47,9927.051530792365,0.9967586640797595,4.099057480279307e-34
1352520,0.0,-1.7398051399288675e-47,9927.051530792365,0.9967586640797595,4.098581166656093e-34
1352580,0.0,-1.7396028463238157e-47,9927.051530792365,0.9967586640797595,4.0981048530328785e-34
1352640,0.0,-1.7394005527187642e-47,9927.051530792365,0.9967586640797595,4.097628539409665e-34
1352700,0.0,-1.7391982591137124e-47,9927.051530792365,0.9967586640797595,4.09715222578645e-34
1352760,0.0,-1.738995965508661e-47,9927.051530792365,0.9967586640797595,4.096675912163236e-34
1352820,0.0,-1.738793671903609e-47,9927.051530792365,0.9967586640797595,4.096199598540022e-34
1352880,0.0,-1.7385913782985577e-47,9927.051530792365,0.9967586640797595,4.095723284916809e-34
1352940,0.0,-1.7383890846935057e-47,9927.051530792365,0.9967586640797595,4.095246971293594e-34
1353000,0.0,-1.7381867910884544e-47,9927.051530792365,0.9967586640797595,4.09477065767038e-34
1353060,0.0,-1.737984497483403e-47,9927.051530792365,0.9967586640797595,4.094294344047166e-34
1353120,0.0,-1.737782203878351e-47,9927.051530792365,0.9967586640797595,4.093818030423952e-34
1353180,0.0,-1.7375799102732996e-47,9927.051530792365,0.9967586640797595,4.093341716800738e-34
1353240,0.0,-1.7373776166682476e-47,9927.051530792365,0.9967586640797595,4.092865403177523e-34
1353300,0.0,-1.7371753230631963e-47,9927.051530792365,0.9967586640797595,4.09238908955431e-34
1353360,0.0,-1.7369730294581443e-47,9927.051530792365,0.9967586640797595,4.0919127759310956e-34
1353420,0.0,-1.7367707358530928e-47,9927.051530792365,0.9967586640797595,4.091436462307882e-34
1353480,0.0,-1.736568442248041e-47,9927.051530792365,0.9967586640797595,4.090960148684667e-34
1353540,0.0,-1.7363661486429896e-47,9927.051530792365,0.9967586640797595,4.090483835061453e-34
1353600,0.0,-1.7361638550379378e-47,9927.051530792365,0.9967586640797594,4.090007521438239e-34
1353660,0.0,-1.7359615614328863e-47,9927.051530792365,0.9967586640797594,4.089531207815025e-34
1353720,0.0,-1.7357592678278345e-47,9927.051530792365,0.9967586640797594,4.08905489419181e-34
1353780,0.0,-1.735556974222783e-47,9927.051530792365,0.9967586640797594,4.088578580568597e-34
1353840,0.0,-1.7353546806177313e-47,9927.051530792365,0.9967586640797594,4.0881022669453825e-34
1353900,0.0,-1.7351523870126798e-47,9927.051530792365,0.9967586640797594,4.087625953322169e-34
1353960,0.0,-1.734950093407628e-47,9927.051530792365,0.9967586640797594,4.087149639698954e-34
1354020,0.0,-1.7347477998025765e-47,9927.051530792365,0.9967586640797594,4.08667332607574e-34
1354080,0.0,-1.7345455061975247e-47,9927.051530792365,0.9967586640797594,4.0861970124525256e-34
1354140,0.0,-1.7343432125924732e-47,9927.051530792365,0.9967586640797594,4.085720698829312e-34
1354200,0.0,-1.7341409189874212e-47,9927.051530792365,0.9967586640797594,4.085244385206098e-34
1354260,0.0,-1.73393862538237e-47,9927.051530792365,0.9967586640797594,4.084768071582884e-34
1354320,0.0,-1.733736331777318e-47,9927.051530792365,0.9967586640797594,4.0842917579596695e-34
1354380,0.0,-1.7335340381722664e-47,9927.051530792365,0.9967586640797594,4.083815444336456e-34
1354440,0.0,-1.7333317445672147e-47,9927.051530792365,0.9967586640797594,4.083339130713241e-34
1354500,0.0,-1.7331294509621632e-47,9927.051530792365,0.9967586640797594,4.082862817090027e-34
1354560,0.0,-1.7329271573571114e-47,9927.051530792365,0.9967586640797594,4.0823865034668125e-34
1354620,0.0,-1.73272486375206e-47,9927.051530792365,0.9967586640797594,4.081910189843599e-34
1354680,0.0,-1.7325225701470084e-47,9927.051530792365,0.9967586640797594,4.081433876220386e-34
1354740,0.0,-1.7323202765419566e-47,9927.051530792365,0.9967586640797594,4.080957562597171e-34
1354800,0.0,-1.7321179829369051e-47,9927.051530792365,0.9967586640797594,4.080481248973957e-34
1354860,0.0,-1.7319156893318534e-47,9927.051530792365,0.9967586640797594,4.080004935350743e-34
1354920,0.0,-1.7317133957268019e-47,9927.051530792365,0.9967586640797594,4.079528621727529e-34
1354980,0.0,-1.73151110212175e-47,9927.051530792365,0.9967586640797594,4.079052308104314e-34
1355040,0.0,-1.7313088085166986e-47,9927.051530792365,0.9967586640797594,4.0785759944811e-34
1355100,0.0,-1.7311065149116468e-47,9927.051530792365,0.9967586640797594,4.0780996808578865e-34
1355160,0.0,-1.7309042213065953e-47,9927.051530792365,0.9967586640797594,4.077623367234673e-34
1355220,0.0,-1.7307019277015436e-47,9927.051530792365,0.9967586640797594,4.077147053611458e-34
1355280,0.0,-1.730499634096492e-47,9927.051530792365,0.9967586640797594,4.076670739988244e-34
1355340,0.0,-1.7302973404914403e-47,9927.051530792365,0.9967586640797594,4.0761944263650295e-34
1355400,0.0,-1.7300950468863888e-47,9927.051530792365,0.9967586640797594,4.075718112741816e-34
1355460,0.0,-1.7298927532813368e-47,9927.051530792365,0.9967586640797594,4.075241799118601e-34
1355520,0.0,-1.7296904596762855e-47,9927.051530792365,0.9967586640797594,4.074765485495387e-34
1355580,0.0,-1.7294881660712335e-47,9927.051530792365,0.9967586640797594,4.0742891718721734e-34
1355640,0.0,-1.7292858724661823e-47,9927.051530792365,0.9967586640797594,4.07381285824896e-34
1355700,0.0,-1.7290835788611303e-47,9927.051530792365,0.9967586640797594,4.073336544625745e-34
1355760,0.0,-1.7288812852560787e-47,9927.051530792365,0.9967586640797594,4.072860231002531e-34
1355820,0.0,-1.728678991651027e-47,9927.051530792365,0.9967586640797594,4.0723839173793165e-34
1355880,0.0,-1.7284766980459755e-47,9927.051530792365,0.9967586640797594,4.071907603756103e-34
1355940,0.0,-1.7282744044409237e-47,9927.051530792365,0.9967586640797594,4.071431290132888e-34
1356000,0.0,-1.7280721108358722e-47,9927.051530792365,0.9967586640797594,4.070954976509675e-34
1356060,0.0,-1.7278698172308205e-47,9927.051530792365,0.9967586640797594,4.07047866288646e-34
1356120,0.0,-1.727667523625769e-47,9927.051530792365,0.9967586640797594,4.0700023492632466e-34
1356180,0.0,-1.7274652300207172e-47,9927.051530792365,0.9967586640797594,4.069526035640032e-34
1356240,0.0,-1.7272629364156657e-47,9927.051530792365,0.9967586640797594,4.069049722016818e-34
1356300,0.0,-1.7270606428106142e-47,9927.051530792365,0.9967586640797594,4.068573408393604e-34
1356360,0.0,-1.7268583492055624e-47,9927.051530792365,0.9967586640797594,4.06809709477039e-34
1356420,0.0,-1.726656055600511e-47,9927.051530792365,0.9967586640797594,4.067620781147176e-34
1356480,0.0,-1.7264537619954591e-47,9927.051530792365,0.9967586640797594,4.067144467523962e-34
1356540,0.0,-1.7262514683904076e-47,9927.051530792365,0.9967586640797594,4.066668153900748e-34
1356600,0.0,-1.7260491747853559e-47,9927.051530792365,0.9967586640797594,4.0661918402775335e-34
1356660,0.0,-1.7258468811803044e-47,9927.051530792365,0.9967586640797594,4.06571552665432e-34
1356720,0.0,-1.7256445875752526e-47,9927.051530792365,0.9967586640797594,4.065239213031105e-34
1356780,0.0,-1.725442293970201e-47,9927.051530792365,0.9967586640797594,4.064762899407891e-34
1356840,0.0,-1.725240000365149e-47,9927.051530792365,0.9967586640797594,4.0642865857846766e-34
1356900,0.0,-1.7250377067600978e-47,9927.051530792365,0.9967586640797594,4.063810272161464e-34
1356960,0.0,-1.7248354131550458e-47,9927.051530792365,0.9967586640797594,4.063333958538249e-34
1357020,0.0,-1.7246331195499946e-47,9927.051530792365,0.9967586640797594,4.062857644915035e-34
1357080,0.0,-1.7244308259449426e-47,9927.051530792365,0.9967586640797594,4.0623813312918205e-34
1357140,0.0,-1.724228532339891e-47,9927.051530792365,0.9967586640797594,4.061905017668607e-34
1357200,0.0,-1.7240262387348393e-47,9927.051530792365,0.9967586640797594,4.061428704045392e-34
1357260,0.0,-1.7238239451297878e-47,9927.051530792365,0.9967586640797594,4.060952390422178e-34
1357320,0.0,-1.723621651524736e-47,9927.051530792365,0.9967586640797594,4.0604760767989635e-34
1357380,0.0,-1.7234193579196845e-47,9927.051530792365,0.9967586640797594,4.0599997631757505e-34
1357440,0.0,-1.7232170643146327e-47,9927.051530792365,0.9967586640797594,4.059523449552536e-34
1357500,0.0,-1.7230147707095812e-47,9927.051530792365,0.9967586640797594,4.059047135929322e-34
1357560,0.0,-1.7228124771045295e-47,9927.051530792365,0.9967586640797594,4.058570822306107e-34
1357620,0.0,-1.722610183499478e-47,9927.051530792365,0.9967586640797594,4.058094508682894e-34
1357680,0.0,-1.7224078898944262e-47,9927.051530792365,0.9967586640797594,4.057618195059679e-34
1357740,0.0,-1.7222055962893747e-47,9927.051530792365,0.9967586640797594,4.057141881436465e-34
1357800,0.0,-1.7220033026843227e-47,9927.051530792365,0.9967586640797594,4.056665567813251e-34
1357860,0.0,-1.7218010090792714e-47,9927.051530792365,0.9967586640797594,4.0561892541900375e-34
1357920,0.0,-1.7215987154742194e-47,9927.051530792365,0.9967586640797594,4.055712940566823e-34
1357980,0.0,-1.7213964218691682e-47,9927.051530792365,0.9967586640797594,4.055236626943609e-34
1358040,0.0,-1.7211941282641166e-47,9927.051530792365,0.9967586640797594,4.054760313320395e-34
1358100,0.0,-1.7209918346590647e-47,9927.051530792365,0.9967586640797594,4.0542839996971805e-34
1358160,0.0,-1.7207895410540134e-47,9927.051530792365,0.9967586640797594,4.053807686073967e-34
1358220,0.0,-1.7205872474489614e-47,9927.051530792365,0.9967586640797594,4.053331372450752e-34
1358280,0.0,-1.72038495384391e-47,9927.051530792365,0.9967586640797594,4.052855058827539e-34
1358340,0.0,-1.720182660238858e-47,9927.051530792365,0.9967586640797594,4.052378745204324e-34
1358400,0.0,-1.7199803666338066e-47,9927.051530792365,0.9967586640797594,4.051902431581111e-34
1358460,0.0,-1.7197780730287548e-47,9927.051530792365,0.9967586640797594,4.051426117957896e-34
1358520,0.0,-1.7195757794237033e-47,9927.051530792365,0.9967586640797594,4.050949804334682e-34
1358580,0.0,-1.7193734858186516e-47,9927.051530792365,0.9967586640797594,4.0504734907114675e-34
1358640,0.0,-1.7191711922136e-47,9927.051530792365,0.9967586640797594,4.049997177088254e-34
1358700,0.0,-1.7189688986085483e-47,9927.051530792365,0.9967586640797594,4.04952086346504e-34
1358760,0.0,-1.7187666050034968e-47,9927.051530792365,0.9967586640797594,4.049044549841826e-34
1358820,0.0,-1.718564311398445e-47,9927.051530792365,0.9967586640797594,4.048568236218611e-34
1358880,0.0,-1.7183620177933935e-47,9927.051530792365,0.9967586640797594,4.0480919225953976e-34
1358940,0.0,-1.7181597241883418e-47,9927.051530792365,0.9967586640797594,4.047615608972183e-34
1359000,0.0,-1.7179574305832903e-47,9927.051530792365,0.9967586640797594,4.047139295348969e-34
1359060,0.0,-1.7177551369782385e-47,9927.051530792365,0.9967586640797594,4.046662981725754e-34
1359120,0.0,-1.717552843373187e-47,9927.051530792365,0.9967586640797594,4.046186668102541e-34
1359180,0.0,-1.717350549768135e-47,9927.051530792365,0.9967586640797594,4.045710354479327e-34
1359240,0.0,-1.7171482561630837e-47,9927.051530792365,0.9967586640797594,4.045234040856113e-34
1359300,0.0,-1.7169459625580317e-47,9927.051530792365,0.9967586640797594,4.044757727232898e-34
1359360,0.0,-1.7167436689529805e-47,9927.051530792365,0.9967586640797594,4.0442814136096845e-34
1359420,0.0,-1.7165413753479285e-47,9927.051530792365,0.9967586640797594,4.04380509998647e-34
1359480,0.0,-1.716339081742877e-47,9927.051530792365,0.9967586640797594,4.043328786363256e-34
1359540,0.0,-1.7161367881378252e-47,9927.051530792365,0.9967586640797594,4.042852472740041e-34
1359600,0.0,-1.7159344945327737e-47,9927.051530792365,0.9967586640797594,4.042376159116828e-34
1359660,0.0,-1.7157322009277224e-47,9927.051530792365,0.9967586640797594,4.041899845493615e-34
1359720,0.0,-1.7155299073226704e-47,9927.051530792365,0.9967586640797594,4.0414235318704e-34
1359780,0.0,-1.715327613717619e-47,9927.051530792365,0.9967586640797594,4.040947218247186e-34
1359840,0.0,-1.7151253201125671e-47,9927.051530792365,0.9967586640797594,4.0404709046239714e-34
1359900,0.0,-1.7149230265075156e-47,9927.051530792365,0.9967586640797594,4.039994591000758e-34
1359960,0.0,-1.7147207329024639e-47,9927.051530792365,0.9967586640797594,4.039518277377543e-34
1360020,0.0,-1.7145184392974124e-47,9927.051530792365,0.9967586640797594,4.03904196375433e-34
1360080,0.0,-1.7143161456923606e-47,9927.051530792365,0.9967586640797594,4.038565650131115e-34
1360140,0.0,-1.714113852087309e-47,9927.051530792365,0.9967586640797594,4.0380893365079015e-34
1360200,0.0,-1.7139115584822573e-47,9927.051530792365,0.9967586640797594,4.037613022884687e-34
1360260,0.0,-1.7137092648772058e-47,9927.051530792365,0.9967586640797594,4.037136709261473e-34
1360320,0.0,-1.713506971272154e-47,9927.051530792365,0.9967586640797594,4.036660395638258e-34
1360380,0.0,-1.7133046776671026e-47,9927.051530792365,0.9967586640797594,4.036184082015045e-34
1360440,0.0,-1.7131023840620506e-47,9927.051530792365,0.9967586640797594,4.03570776839183e-34
1360500,0.0,-1.7129000904569993e-47,9927.051530792365,0.9967586640797594,4.035231454768617e-34
1360560,0.0,-1.7126977968519473e-47,9927.051530792365,0.9967586640797594,4.034755141145402e-34
1360620,0.0,-1.712495503246896e-47,9927.051530792365,0.9967586640797594,4.0342788275221885e-34
1360680,0.0,-1.712293209641844e-47,9927.051530792365,0.9967586640797594,4.033802513898974e-34
1360740,0.0,-1.7120909160367925e-47,9927.051530792365,0.9967586640797594,4.03332620027576e-34
1360800,0.0,-1.711888622431741e-47,9927.051530792365,0.9967586640797594,4.032849886652546e-34
1360860,0.0,-1.7116863288266892e-47,9927.051530792365,0.9967586640797594,4.0323735730293315e-34
1360920,0.0,-1.7114840352216377e-47,9927.051530792365,0.9967586640797594,4.031897259406118e-34
1360980,0.0,-1.711281741616586e-47,9927.051530792365,0.9967586640797594,4.031420945782904e-34
1361040,0.0,-1.7110794480115345e-47,9927.051530792365,0.9967586640797594,4.030944632159689e-34
1361100,0.0,-1.7108771544064827e-47,9927.051530792365,0.9967586640797594,4.030468318536475e-34
1361160,0.0,-1.7106748608014312e-47,9927.051530792365,0.9967586640797594,4.029992004913262e-34
1361220,0.0,-1.7104725671963794e-47,9927.051530792365,0.9967586640797594,4.029515691290047e-34
1361280,0.0,-1.7102702735913277e-47,9927.051530792365,0.9967586640797594,4.029039377666833e-34
1361340,0.0,-1.7100679799862762e-47,9927.051530792365,0.9967586640797594,4.0285630640436185e-34
1361400,0.0,-1.7098656863812244e-47,9927.051530792365,0.9967586640797594,4.028086750420405e-34
1361460,0.0,-1.709663392776173e-47,9927.051530792365,0.9967586640797594,4.027610436797191e-34
1361520,0.0,-1.7094610991711211e-47,9927.051530792365,0.9967586640797594,4.027134123173976e-34
1361580,0.0,-1.7092588055660696e-47,9927.051530792365,0.9967586640797594,4.026657809550762e-34
1361640,0.0,-1.7090565119610179e-47,9927.051530792365,0.9967586640797594,4.0261814959275486e-34
1361700,0.0,-1.7088542183559664e-47,9927.051530792365,0.9967586640797594,4.025705182304334e-34
1361760,0.0,-1.7086519247509146e-47,9927.051530792365,0.9967586640797594,4.02522886868112e-34
1361820,0.0,-1.7084496311458629e-47,9927.051530792365,0.9967586640797594,4.024752555057905e-34
1361880,0.0,-1.7082473375408113e-47,9927.051530792365,0.9967586640797594,4.024276241434692e-34
1361940,0.0,-1.7080450439357596e-47,9927.051530792365,0.9967586640797594,4.023799927811478e-34
1362000,0.0,-1.707842750330708e-47,9927.051530792365,0.9967586640797594,4.023323614188263e-34
1362060,0.0,-1.7076404567256563e-47,9927.051530792365,0.9967586640797594,4.022847300565049e-34
1362120,0.0,-1.7074381631206048e-47,9927.051530792365,0.9967586640797594,4.0223709869418355e-34
1362180,0.0,-1.7072358695155533e-47,9927.051530792365,0.9967586640797594,4.021894673318622e-34
1362240,0.0,-1.7070335759105015e-47,9927.051530792365,0.9967586640797594,4.021418359695407e-34
1362300,0.0,-1.70683128230545e-47,9927.051530792365,0.9967586640797594,4.020942046072193e-34
1362360,0.0,-1.7066289887003983e-47,9927.051530792365,0.9967586640797594,4.020465732448979e-34
1362420,0.0,-1.7064266950953468e-47,9927.051530792365,0.9967586640797594,4.019989418825765e-34
1362480,0.0,-1.706224401490295e-47,9927.051530792365,0.9967586640797594,4.019513105202551e-34
1362540,0.0,-1.7060221078852435e-47,9927.051530792365,0.9967586640797594,4.019036791579337e-34
1362600,0.0,-1.7058198142801917e-47,9927.051530792365,0.9967586640797594,4.0185604779561224e-34
1362660,0.0,-1.70561752067514e-47,9927.051530792365,0.9967586640797594,4.018084164332909e-34
1362720,0.0,-1.7054152270700885e-47,9927.051530792365,0.9967586640797594,4.017607850709695e-34
1362780,0.0,-1.7052129334650367e-47,9927.051530792365,0.9967586640797594,4.01713153708648e-34
1362840,0.0,-1.7050106398599852e-47,9927.051530792365,0.9967586640797594,4.016655223463266e-34
1362900,0.0,-1.7048083462549334e-47,9927.051530792365,0.9967586640797594,4.016178909840052e-34
1362960,0.0,-1.704606052649882e-47,9927.051530792365,0.9967586640797594,4.015702596216838e-34
1363020,0.0,-1.7044037590448302e-47,9927.051530792365,0.9967586640797594,4.015226282593624e-34
1363080,0.0,-1.7042014654397784e-47,9927.051530792365,0.9967586640797594,4.014749968970409e-34
1363140,0.0,-1.703999171834727e-47,9927.051530792365,0.9967586640797594,4.014273655347196e-34
1363200,0.0,-1.7037968782296751e-47,9927.051530792365,0.9967586640797594,4.013797341723982e-34
1363260,0.0,-1.7035945846246236e-47,9927.051530792365,0.9967586640797594,4.013321028100767e-34
1363320,0.0,-1.703392291019572e-47,9927.051530792365,0.9967586640797594,4.012844714477553e-34
1363380,0.0,-1.7031899974145204e-47,9927.051530792365,0.9967586640797594,4.012368400854339e-34
1363440,0.0,-1.7029877038094686e-47,9927.051530792365,0.9967586640797594,4.011892087231125e-34
1363500,0.0,-1.702785410204417e-47,9927.051530792365,0.9967586640797594,4.011415773607911e-34
1363560,0.0,-1.7025831165993653e-47,9927.051530792365,0.9967586640797594,4.010939459984696e-34
1363620,0.0,-1.7023808229943136e-47,9927.051530792365,0.9967586640797594,4.0104631463614825e-34
1363680,0.0,-1.702178529389262e-47,9927.051530792365,0.9967586640797594,4.009986832738269e-34
1363740,0.0,-1.7019762357842103e-47,9927.051530792365,0.9967586640797594,4.009510519115054e-34
1363800,0.0,-1.7017739421791588e-47,9927.051530792365,0.9967586640797594,4.00903420549184e-34
1363860,0.0,-1.7015716485741073e-47,9927.051530792365,0.9967586640797594,4.008557891868626e-34
1363920,0.0,-1.7013693549690555e-47,9927.051530792365,0.9967586640797594,4.008081578245413e-34
1363980,0.0,-1.701167061364004e-47,9927.051530792365,0.9967586640797594,4.007605264622198e-34
1364040,0.0,-1.7009647677589523e-47,9927.051530792365,0.9967586640797594,4.007128950998984e-34
1364100,0.0,-1.7007624741539008e-47,9927.051530792365,0.9967586640797594,4.00665263737577e-34
1364160,0.0,-1.700560180548849e-47,9927.051530792365,0.9967586640797594,4.006176323752556e-34
1364220,0.0,-1.7003578869437975e-47,9927.051530792365,0.9967586640797594,4.005700010129342e-34
1364280,0.0,-1.7001555933387457e-47,9927.051530792365,0.9967586640797594,4.005223696506127e-34
1364340,0.0,-1.6999532997336942e-47,9927.051530792365,0.9967586640797594,4.004747382882913e-34
1364400,0.0,-1.6997510061286425e-47,9927.051530792365,0.9967586640797594,4.0042710692596995e-34
1364460,0.0,-1.6995487125235907e-47,9927.051530792365,0.9967586640797594,4.003794755636485e-34
1364520,0.0,-1.6993464189185392e-47,9927.051530792365,0.9967586640797594,4.003318442013271e-34
1364580,0.0,-1.6991441253134874e-47,9927.051530792365,0.9967586640797594,4.002842128390057e-34
1364640,0.0,-1.698941831708436e-47,9927.051530792365,0.9967586640797594,4.002365814766843e-34
1364700,0.0,-1.6987395381033842e-47,9927.051530792365,0.9967586640797594,4.001889501143629e-34
1364760,0.0,-1.6985372444983327e-47,9927.051530792365,0.9967586640797594,4.001413187520415e-34
1364820,0.0,-1.698334950893281e-47,9927.051530792365,0.9967586640797594,4.0009368738972e-34
1364880,0.0,-1.6981326572882294e-47,9927.051530792365,0.9967586640797594,4.0004605602739865e-34
1364940,0.0,-1.6979303636831776e-47,9927.051530792365,0.9967586640797594,3.999984246650772e-34
1365000,0.0,-1.697728070078126e-47,9927.051530792365,0.9967586640797594,3.999507933027558e-34
1365060,0.0,-1.6975257764730744e-47,9927.051530792365,0.9967586640797594,3.999031619404344e-34
1365120,0.0,-1.6973234828680226e-47,9927.051530792365,0.9967586640797594,3.9985553057811295e-34
1365180,0.0,-1.697121189262971e-47,9927.051530792365,0.9967586640797594,3.998078992157916e-34
1365240,0.0,-1.6969188956579193e-47,9927.051530792365,0.9967586640797594,3.997602678534702e-34
1365300,0.0,-1.6967166020528678e-47,9927.051530792365,0.9967586640797594,3.997126364911487e-34
1365360,0.0,-1.696514308447816e-47,9927.051530792365,0.9967586640797594,3.9966500512882734e-34
1365420,0.0,-1.6963120148427646e-47,9927.051530792365,0.9967586640797594,3.99617373766506e-34
1365480,0.0,-1.6961097212377128e-47,9927.051530792365,0.9967586640797594,3.995697424041845e-34
1365540,0.0,-1.6959074276326613e-47,9927.051530792365,0.9967586640797594,3.995221110418631e-34
1365600,0.0,-1.6957051340276098e-47,9927.051530792365,0.9967586640797594,3.994744796795417e-34
1365660,0.0,-1.695502840422558e-47,9927.051530792365,0.9967586640797594,3.9942684831722035e-34
1365720,0.0,-1.6953005468175063e-47,9927.051530792365,0.9967586640797594,3.993792169548989e-34
1365780,0.0,-1.6950982532124548e-47,9927.051530792365,0.9967586640797594,3.993315855925775e-34
1365840,0.0,-1.694895959607403e-47,9927.051530792365,0.9967586640797594,3.99283954230256e-34
1365900,0.0,-1.6946936660023515e-47,9927.051530792365,0.9967586640797594,3.9923632286793466e-34
1365960,0.0,-1.6944913723972997e-47,9927.051530792365,0.9967586640797594,3.991886915056133e-34
1366020,0.0,-1.6942890787922482e-47,9927.051530792365,0.9967586640797594,3.991410601432918e-34
1366080,0.0,-1.6940867851871965e-47,9927.051530792365,0.9967586640797594,3.990934287809704e-34
1366140,0.0,-1.693884491582145e-47,9927.051530792365,0.9967586640797594,3.9904579741864905e-34
1366200,0.0,-1.6936821979770932e-47,9927.051530792365,0.9967586640797594,3.989981660563276e-34
1366260,0.0,-1.6934799043720414e-47,9927.051530792365,0.9967586640797594,3.989505346940062e-34
1366320,0.0,-1.69327761076699e-47,9927.051530792365,0.9967586640797594,3.989029033316848e-34
1366380,0.0,-1.6930753171619382e-47,9927.051530792365,0.9967586640797594,3.9885527196936335e-34
1366440,0.0,-1.6928730235568867e-47,9927.051530792365,0.9967586640797594,3.98807640607042e-34
1366500,0.0,-1.692670729951835e-47,9927.051530792365,0.9967586640797594,3.987600092447205e-34
1366560,0.0,-1.6924684363467834e-47,9927.051530792365,0.9967586640797594,3.987123778823991e-34
1366620,0.0,-1.6922661427417316e-47,9927.051530792365,0.9967586640797594,3.986647465200777e-34
1366680,0.0,-1.6920638491366801e-47,9927.051530792365,0.9967586640797594,3.986171151577563e-34
1366740,0.0,-1.6918615555316284e-47,9927.051530792365,0.9967586640797594,3.985694837954349e-34
1366800,0.0,-1.6916592619265766e-47,9927.051530792365,0.9967586640797594,3.985218524331135e-34
1366860,0.0,-1.691456968321525e-47,9927.051530792365,0.9967586640797594,3.9847422107079205e-34
1366920,0.0,-1.6912546747164733e-47,9927.051530792365,0.9967586640797594,3.984265897084707e-34
1366980,0.0,-1.6910523811114218e-47,9927.051530792365,0.9967586640797594,3.983789583461492e-34
1367040,0.0,-1.69085008750637e-47,9927.051530792365,0.9967586640797594,3.983313269838278e-34
1367100,0.0,-1.6906477939013186e-47,9927.051530792365,0.9967586640797594,3.982836956215064e-34
1367160,0.0,-1.690445500296267e-47,9927.051530792365,0.9967586640797594,3.9823606425918505e-34
1367220,0.0,-1.6902432066912153e-47,9927.051530792365,0.9967586640797594,3.981884328968637e-34
1367280,0.0,-1.6900409130861638e-47,9927.051530792365,0.9967586640797594,3.981408015345422e-34
1367340,0.0,-1.689838619481112e-47,9927.051530792365,0.9967586640797594,3.980931701722208e-34
1367400,0.0,-1.6896363258760605e-47,9927.051530792365,0.9967586640797594,3.980455388098994e-34
1367460,0.0,-1.6894340322710088e-47,9927.051530792365,0.9967586640797594,3.97997907447578e-34
1367520,0.0,-1.6892317386659573e-47,9927.051530792365,0.9967586640797594,3.979502760852566e-34
1367580,0.0,-1.6890294450609055e-47,9927.051530792365,0.9967586640797594,3.979026447229351e-34
1367640,0.0,-1.6888271514558537e-47,9927.051530792365,0.9967586640797594,3.9785501336061375e-34
1367700,0.0,-1.6886248578508022e-47,9927.051530792365,0.9967586640797594,3.978073819982924e-34
1367760,0.0,-1.6884225642457505e-47,9927.051530792365,0.9967586640797594,3.977597506359709e-34
1367820,0.0,-1.688220270640699e-47,9927.051530792365,0.9967586640797594,3.977121192736495e-34
1367880,0.0,-1.6880179770356472e-47,9927.051530792365,0.9967586640797594,3.9766448791132805e-34
1367940,0.0,-1.6878156834305957e-47,9927.051530792365,0.9967586640797594,3.976168565490067e-34
1368000,0.0,-1.687613389825544e-47,9927.051530792365,0.9967586640797594,3.975692251866853e-34
1368060,0.0,-1.6874110962204924e-47,9927.051530792365,0.9967586640797594,3.975215938243638e-34
1368120,0.0,-1.6872088026154407e-47,9927.051530792365,0.9967586640797594,3.9747396246204244e-34
1368180,0.0,-1.687006509010389e-47,9927.051530792365,0.9967586640797594,3.974263310997211e-34
1368240,0.0,-1.6868042154053374e-47,9927.051530792365,0.9967586640797594,3.973786997373996e-34
1368300,0.0,-1.6866019218002856e-47,9927.051530792365,0.9967586640797594,3.973310683750782e-34
1368360,0.0,-1.6863996281952341e-47,9927.051530792365,0.9967586640797594,3.972834370127568e-34
1368420,0.0,-1.6861973345901824e-47,9927.051530792365,0.9967586640797594,3.972358056504354e-34
1368480,0.0,-1.6859950409851309e-47,9927.051530792365,0.9967586640797594,3.97188174288114e-34
1368540,0.0,-1.685792747380079e-47,9927.051530792365,0.9967586640797594,3.971405429257925e-34
1368600,0.0,-1.6855904537750274e-47,9927.051530792365,0.9967586640797594,3.970929115634711e-34
1368660,0.0,-1.6853881601699758e-47,9927.051530792365,0.9967586640797594,3.9704528020114976e-34
1368720,0.0,-1.685185866564924e-47,9927.051530792365,0.9967586640797594,3.969976488388283e-34
1368780,0.0,-1.6849835729598726e-47,9927.051530792365,0.9967586640797594,3.969500174765069e-34
1368840,0.0,-1.684781279354821e-47,9927.051530792365,0.9967586640797594,3.969023861141855e-34
1368900,0.0,-1.6845789857497693e-47,9927.051530792365,0.9967586640797594,3.9685475475186415e-34
1368960,0.0,-1.6843766921447178e-47,9927.051530792365,0.9967586640797594,3.968071233895427e-34
1369020,0.0,-1.684174398539666e-47,9927.051530792365,0.9967586640797594,3.967594920272213e-34
1369080,0.0,-1.6839721049346145e-47,9927.051530792365,0.9967586640797594,3.967118606648999e-34
1369140,0.0,-1.6837698113295628e-47,9927.051530792365,0.9967586640797594,3.9666422930257845e-34
1369200,0.0,-1.6835675177245113e-47,9927.051530792365,0.9967586640797594,3.966165979402571e-34
1369260,0.0,-1.6833652241194595e-47,9927.051530792365,0.9967586640797594,3.965689665779357e-34
1369320,0.0,-1.683162930514408e-47,9927.051530792365,0.9967586640797594,3.965213352156142e-34
1369380,0.0,-1.6829606369093562e-47,9927.051530792365,0.9967586640797594,3.964737038532928e-34
1369440,0.0,-1.6827583433043045e-47,9927.051530792365,0.9967586640797594,3.964260724909714e-34
1369500,0.0,-1.682556049699253e-47,9927.051530792365,0.9967586640797594,3.9637844112865e-34
1369560,0.0,-1.6823537560942012e-47,9927.051530792365,0.9967586640797594,3.963308097663286e-34
1369620,0.0,-1.6821514624891497e-47,9927.051530792365,0.9967586640797594,3.9628317840400715e-34
1369680,0.0,-1.681949168884098e-47,9927.051530792365,0.9967586640797594,3.962355470416858e-34
1369740,0.0,-1.6817468752790464e-47,9927.051530792365,0.9967586640797594,3.961879156793644e-34
1369800,0.0,-1.6815445816739947e-47,9927.051530792365,0.9967586640797594,3.961402843170429e-34
1369860,0.0,-1.6813422880689432e-47,9927.051530792365,0.9967586640797594,3.960926529547215e-34
1369920,0.0,-1.6811399944638914e-47,9927.051530792365,0.9967586640797594,3.9604502159240015e-34
1369980,0.0,-1.6809377008588396e-47,9927.051530792365,0.9967586640797594,3.959973902300787e-34
1370040,0.0,-1.6807354072537881e-47,9927.051530792365,0.9967586640797594,3.959497588677573e-34
1370100,0.0,-1.6805331136487364e-47,9927.051530792365,0.9967586640797594,3.959021275054358e-34
1370160,0.0,-1.6803308200436849e-47,9927.051530792365,0.9967586640797594,3.958544961431145e-34
1370220,0.0,-1.680128526438633e-47,9927.051530792365,0.9967586640797594,3.958068647807931e-34
1370280,0.0,-1.6799262328335816e-47,9927.051530792365,0.9967586640797594,3.957592334184716e-34
1370340,0.0,-1.6797239392285298e-47,9927.051530792365,0.9967586640797594,3.957116020561502e-34
1370400,0.0,-1.6795216456234783e-47,9927.051530792365,0.9967586640797594,3.9566397069382885e-34
1370460,0.0,-1.6793193520184266e-47,9927.051530792365,0.9967586640797594,3.956163393315074e-34
1370520,0.0,-1.679117058413375e-47,9927.051530792365,0.9967586640797594,3.95568707969186e-34
1370580,0.0,-1.6789147648083236e-47,9927.051530792365,0.9967586640797594,3.955210766068646e-34
1370640,0.0,-1.6787124712032718e-47,9927.051530792365,0.9967586640797594,3.954734452445432e-34
1370700,0.0,-1.6785101775982203e-47,9927.051530792365,0.9967586640797594,3.954258138822218e-34
1370760,0.0,-1.6783078839931685e-47,9927.051530792365,0.9967586640797594,3.953781825199004e-34
1370820,0.0,-1.6781055903881168e-47,9927.051530792365,0.9967586640797594,3.95330551157579e-34
1370880,0.0,-1.6779032967830653e-47,9927.051530792365,0.9967586640797594,3.952829197952575e-34
1370940,0.0,-1.6777010031780135e-47,9927.051530792365,0.9967586640797594,3.952352884329362e-34
1371000,0.0,-1.677498709572962e-47,9927.051530792365,0.9967586640797594,3.951876570706147e-34
1371060,0.0,-1.6772964159679102e-47,9927.051530792365,0.9967586640797594,3.951400257082933e-34
1371120,0.0,-1.6770941223628587e-47,9927.051530792365,0.9967586640797594,3.950923943459719e-34
1371180,0.0,-1.676891828757807e-47,9927.051530792365,0.9967586640797594,3.950447629836505e-34
1371240,0.0,-1.6766895351527555e-47,9927.051530792365,0.9967586640797594,3.949971316213291e-34
1371300,0.0,-1.6764872415477037e-47,9927.051530792365,0.9967586640797594,3.949495002590077e-34
1371360,0.0,-1.676284947942652e-47,9927.051530792365,0.9967586640797594,3.949018688966862e-34
1371420,0.0,-1.6760826543376004e-47,9927.051530792365,0.9967586640797594,3.9485423753436486e-34
1371480,0.0,-1.6758803607325487e-47,9927.051530792365,0.9967586640797594,3.948066061720435e-34
1371540,0.0,-1.6756780671274972e-47,9927.051530792365,0.9967586640797594,3.94758974809722e-34
1371600,0.0,-1.6754757735224454e-47,9927.051530792365,0.9967586640797594,3.947113434474006e-34
1371660,0.0,-1.675273479917394e-47,9927.051530792365,0.9967586640797594,3.946637120850792e-34
1371720,0.0,-1.6750711863123421e-47,9927.051530792365,0.9967586640797594,3.946160807227578e-34
1371780,0.0,-1.6748688927072904e-47,9927.051530792365,0.9967586640797594,3.945684493604364e-34
1371840,0.0,-1.6746665991022389e-47,9927.051530792365,0.9967586640797594,3.945208179981149e-34
1371900,0.0,-1.674464305497187e-47,9927.051530792365,0.9967586640797594,3.9447318663579355e-34
1371960,0.0,-1.6742620118921356e-47,9927.051530792365,0.9967586640797594,3.944255552734722e-34
1372020,0.0,-1.6740597182870838e-47,9927.051530792365,0.9967586640797594,3.943779239111507e-34
1372080,0.0,-1.6738574246820323e-47,9927.051530792365,0.9967586640797594,3.943302925488293e-34
1372140,0.0,-1.6736551310769806e-47,9927.051530792365,0.9967586640797594,3.9428266118650785e-34
1372200,0.0,-1.673452837471929e-47,9927.051530792365,0.9967586640797594,3.942350298241866e-34
1372260,0.0,-1.6732505438668776e-47,9927.051530792365,0.9967586640797594,3.941873984618651e-34
1372320,0.0,-1.6730482502618258e-47,9927.051530792365,0.9967586640797594,3.941397670995437e-34
1372380,0.0,-1.6728459566567743e-47,9927.051530792365,0.9967586640797594,3.940921357372223e-34
1372440,0.0,-1.6726436630517225e-47,9927.051530792365,0.9967586640797594,3.940445043749009e-34
1372500,0.0,-1.672441369446671e-47,9927.051530792365,0.9967586640797594,3.939968730125795e-34
1372560,0.0,-1.6722390758416193e-47,9927.051530792365,0.9967586640797594,3.93949241650258e-34
1372620,0.0,-1.6720367822365675e-47,9927.051530792365,0.9967586640797594,3.939016102879366e-34
1372680,0.0,-1.671834488631516e-47,9927.051530792365,0.9967586640797594,3.9385397892561525e-34
1372740,0.0,-1.6716321950264642e-47,9927.051530792365,0.9967586640797594,3.938063475632938e-34
1372800,0.0,-1.6714299014214127e-47,9927.051530792365,0.9967586640797594,3.937587162009724e-34
1372860,0.0,-1.671227607816361e-47,9927.051530792365,0.9967586640797594,3.93711084838651e-34
1372920,0.0,-1.6710253142113095e-47,9927.051530792365,0.9967586640797594,3.936634534763296e-34
1372980,0.0,-1.6708230206062577e-47,9927.051530792365,0.9967586640797594,3.936158221140082e-34
1373040,0.0,-1.6706207270012062e-47,9927.051530792365,0.9967586640797594,3.935681907516867e-34
1373100,0.0,-1.6704184333961544e-47,9927.051530792365,0.9967586640797594,3.935205593893653e-34
1373160,0.0,-1.6702161397911027e-47,9927.051530792365,0.9967586640797594,3.9347292802704395e-34
1373220,0.0,-1.6700138461860512e-47,9927.051530792365,0.9967586640797594,3.934252966647225e-34
1373280,0.0,-1.6698115525809994e-47,9927.051530792365,0.9967586640797594,3.933776653024011e-34
1373340,0.0,-1.669609258975948e-47,9927.051530792365,0.9967586640797594,3.933300339400797e-34
1373400,0.0,-1.6694069653708961e-47,9927.051530792365,0.9967586640797594,3.9328240257775825e-34
1373460,0.0,-1.6692046717658446e-47,9927.051530792365,0.9967586640797594,3.932347712154369e-34
1373520,0.0,-1.6690023781607929e-47,9927.051530792365,0.9967586640797594,3.931871398531155e-34
1373580,0.0,-1.6688000845557414e-47,9927.051530792365,0.9967586640797594,3.93139508490794e-34
1373640,0.0,-1.6685977909506896e-47,9927.051530792365,0.9967586640797594,3.930918771284726e-34
1373700,0.0,-1.6683954973456378e-47,9927.051530792365,0.9967586640797594,3.930442457661512e-34
1373760,0.0,-1.6681932037405863e-47,9927.051530792365,0.9967586640797594,3.929966144038298e-34
1373820,0.0,-1.6679909101355346e-47,9927.051530792365,0.9967586640797594,3.929489830415084e-34
1373880,0.0,-1.6677886165304833e-47,9927.051530792365,0.9967586640797594,3.92901351679187e-34
1373940,0.0,-1.6675863229254316e-47,9927.051530792365,0.9967586640797594,3.928537203168656e-34
1374000,0.0,-1.6673840293203798e-47,9927.051530792365,0.9967586640797594,3.928060889545442e-34
1374060,0.0,-1.6671817357153283e-47,9927.051530792365,0.9967586640797594,3.927584575922228e-34
1374120,0.0,-1.6669794421102765e-47,9927.051530792365,0.9967586640797594,3.927108262299013e-34
1374180,0.0,-1.666777148505225e-47,9927.051530792365,0.9967586640797594,3.9266319486757996e-34
1374240,0.0,-1.6665748549001733e-47,9927.051530792365,0.9967586640797594,3.926155635052586e-34
1374300,0.0,-1.6663725612951218e-47,9927.051530792365,0.9967586640797594,3.925679321429371e-34
1374360,0.0,-1.66617026769007e-47,9927.051530792365,0.9967586640797594,3.925203007806157e-34
1374420,0.0,-1.6659679740850182e-47,9927.051530792365,0.9967586640797594,3.9247266941829435e-34
1374480,0.0,-1.6657656804799667e-47,9927.051530792365,0.9967586640797594,3.924250380559729e-34
1374540,0.0,-1.665563386874915e-47,9927.051530792365,0.9967586640797594,3.923774066936515e-34
1374600,0.0,-1.6653610932698635e-47,9927.051530792365,0.9967586640797594,3.9232977533133e-34
1374660,0.0,-1.6651587996648117e-47,9927.051530792365,0.9967586640797594,3.9228214396900865e-34
1374720,0.0,-1.6649565060597602e-47,9927.051530792365,0.9967586640797594,3.922345126066873e-34
1374780,0.0,-1.6647542124547084e-47,9927.051530792365,0.9967586640797594,3.921868812443658e-34
1374840,0.0,-1.664551918849657e-47,9927.051530792365,0.9967586640797594,3.921392498820444e-34
1374900,0.0,-1.6643496252446052e-47,9927.051530792365,0.9967586640797594,3.92091618519723e-34
1374960,0.0,-1.6641473316395534e-47,9927.051530792365,0.9967586640797594,3.920439871574016e-34
1375020,0.0,-1.663945038034502e-47,9927.051530792365,0.9967586640797594,3.919963557950802e-34
1375080,0.0,-1.6637427444294501e-47,9927.051530792365,0.9967586640797594,3.919487244327588e-34
1375140,0.0,-1.6635404508243986e-47,9927.051530792365,0.9967586640797594,3.9190109307043734e-34
1375200,0.0,-1.6633381572193469e-47,9927.051530792365,0.9967586640797594,3.91853461708116e-34
1375260,0.0,-1.6631358636142954e-47,9927.051530792365,0.9967586640797594,3.918058303457945e-34
1375320,0.0,-1.6629335700092436e-47,9927.051530792365,0.9967586640797594,3.917581989834731e-34
1375380,0.0,-1.662731276404192e-47,9927.051530792365,0.9967586640797594,3.917105676211517e-34
1375440,0.0,-1.6625289827991403e-47,9927.051530792365,0.9967586640797594,3.916629362588303e-34
1375500,0.0,-1.6623266891940886e-47,9927.051530792365,0.9967586640797594,3.916153048965089e-34
1375560,0.0,-1.6621243955890373e-47,9927.051530792365,0.9967586640797594,3.915676735341875e-34
1375620,0.0,-1.6619221019839856e-47,9927.051530792365,0.9967586640797594,3.915200421718661e-34
1375680,0.0,-1.661719808378934e-47,9927.051530792365,0.9967586640797594,3.914724108095447e-34
1375740,0.0,-1.6615175147738823e-47,9927.051530792365,0.9967586640797594,3.914247794472233e-34
1375800,0.0,-1.6613152211688305e-47,9927.051530792365,0.9967586640797594,3.913771480849019e-34
1375860,0.0,-1.661112927563779e-47,9927.051530792365,0.9967586640797594,3.913295167225804e-34
1375920,0.0,-1.6609106339587273e-47,9927.051530792365,0.9967586640797594,3.9128188536025905e-34
1375980,0.0,-1.6607083403536758e-47,9927.051530792365,0.9967586640797594,3.912342539979377e-34
1376040,0.0,-1.660506046748624e-47,9927.051530792365,0.9967586640797594,3.911866226356162e-34
1376100,0.0,-1.6603037531435725e-47,9927.051530792365,0.9967586640797594,3.911389912732948e-34
1376160,0.0,-1.6601014595385207e-47,9927.051530792365,0.9967586640797594,3.9109135991097335e-34
1376220,0.0,-1.6598991659334692e-47,9927.051530792365,0.9967586640797594,3.91043728548652e-34
1376280,0.0,-1.6596968723284175e-47,9927.051530792365,0.9967586640797594,3.909960971863306e-34
1376340,0.0,-1.6594945787233657e-47,9927.051530792365,0.9967586640797594,3.909484658240091e-34
1376400,0.0,-1.6592922851183142e-47,9927.051530792365,0.9967586640797594,3.909008344616877e-34
1376460,0.0,-1.6590899915132624e-47,9927.051530792365,0.9967586640797594,3.908532030993664e-34
1376520,0.0,-1.658887697908211e-47,9927.051530792365,0.9967586640797594,3.908055717370449e-34
1376580,0.0,-1.6586854043031592e-47,9927.051530792365,0.9967586640797594,3.907579403747235e-34
1376640,0.0,-1.6584831106981077e-47,9927.051530792365,0.9967586640797594,3.9071030901240205e-34
1376700,0.0,-1.658280817093056e-47,9927.051530792365,0.9967586640797594,3.906626776500807e-34
1376760,0.0,-1.6580785234880044e-47,9927.051530792365,0.9967586640797594,3.906150462877593e-34
1376820,0.0,-1.6578762298829526e-47,9927.051530792365,0.9967586640797594,3.905674149254378e-34
1376880,0.0,-1.657673936277901e-47,9927.051530792365,0.9967586640797594,3.905197835631164e-34
1376940,0.0,-1.6574716426728494e-47,9927.051530792365,0.9967586640797594,3.9047215220079505e-34
1377000,0.0,-1.6572693490677976e-47,9927.051530792365,0.9967586640797594,3.904245208384736e-34
1377060,0.0,-1.657067055462746e-47,9927.051530792365,0.9967586640797594,3.903768894761522e-34
1377120,0.0,-1.6568647618576943e-47,9927.051530792365,0.9967586640797594,3.903292581138308e-34
1377180,0.0,-1.6566624682526428e-47,9927.051530792365,0.9967586640797594,3.902816267515094e-34
1377240,0.0,-1.6564601746475913e-47,9927.051530792365,0.9967586640797594,3.90233995389188e-34
1377300,0.0,-1.6562578810425396e-47,9927.051530792365,0.9967586640797594,3.901863640268666e-34
1377360,0.0,-1.656055587437488e-47,9927.051530792365,0.9967586640797594,3.901387326645452e-34
1377420,0.0,-1.6558532938324363e-47,9927.051530792365,0.9967586640797594,3.9009110130222375e-34
1377480,0.0,-1.6556510002273848e-47,9927.051530792365,0.9967586640797594,3.900434699399024e-34
1377540,0.0,-1.655448706622333e-47,9927.051530792365,0.9967586640797594,3.89995838577581e-34
1377600,0.0,-1.6552464130172813e-47,9927.051530792365,0.9967586640797594,3.899482072152595e-34
1377660,0.0,-1.6550441194122298e-47,9927.051530792365,0.9967586640797594,3.899005758529381e-34
1377720,0.0,-1.654841825807178e-47,9927.051530792365,0.9967586640797594,3.898529444906167e-34
1377780,0.0,-1.6546395322021265e-47,9927.051530792365,0.9967586640797594,3.898053131282953e-34
1377840,0.0,-1.6544372385970747e-47,9927.051530792365,0.9967586640797594,3.897576817659739e-34
1377900,0.0,-1.6542349449920232e-47,9927.051530792365,0.9967586640797594,3.8971005040365244e-34
1377960,0.0,-1.6540326513869715e-47,9927.051530792365,0.9967586640797594,3.896624190413311e-34
1378020,0.0,-1.65383035778192e-47,9927.051530792365,0.9967586640797594,3.896147876790097e-34
1378080,0.0,-1.6536280641768682e-47,9927.051530792365,0.9967586640797594,3.895671563166882e-34
1378140,0.0,-1.6534257705718164e-47,9927.051530792365,0.9967586640797594,3.895195249543668e-34
1378200,0.0,-1.653223476966765e-47,9927.051530792365,0.9967586640797594,3.894718935920454e-34
1378260,0.0,-1.6530211833617132e-47,9927.051530792365,0.9967586640797594,3.89424262229724e-34
1378320,0.0,-1.6528188897566617e-47,9927.051530792365,0.9967586640797594,3.893766308674026e-34
1378380,0.0,-1.65261659615161e-47,9927.051530792365,0.9967586640797594,3.893289995050811e-34
1378440,0.0,-1.6524143025465584e-47,9927.051530792365,0.9967586640797594,3.8928136814275976e-34
1378500,0.0,-1.6522120089415066e-47,9927.051530792365,0.9967586640797594,3.892337367804384e-34
1378560,0.0,-1.6520097153364551e-47,9927.051530792365,0.9967586640797594,3.891861054181169e-34
1378620,0.0,-1.6518074217314034e-47,9927.051530792365,0.9967586640797594,3.891384740557955e-34
1378680,0.0,-1.6516051281263516e-47,9927.051530792365,0.9967586640797594,3.8909084269347415e-34
1378740,0.0,-1.6514028345213e-47,9927.051530792365,0.9967586640797594,3.890432113311527e-34
1378800,0.0,-1.6512005409162483e-47,9927.051530792365,0.9967586640797594,3.889955799688313e-34
1378860,0.0,-1.650998247311197e-47,9927.051530792365,0.9967586640797594,3.889479486065099e-34
1378920,0.0,-1.6507959537061453e-47,9927.051530792365,0.9967586640797594,3.889003172441885e-34
1378980,0.0,-1.6505936601010936e-47,9927.051530792365,0.9967586640797594,3.888526858818671e-34
1379040,0.0,-1.650391366496042e-47,9927.051530792365,0.9967586640797594,3.888050545195457e-34
1379100,0.0,-1.6501890728909903e-47,9927.051530792365,0.9967586640797594,3.887574231572242e-34
1379160,0.0,-1.6499867792859388e-47,9927.051530792365,0.9967586640797594,3.887097917949028e-34
1379220,0.0,-1.649784485680887e-47,9927.051530792365,0.9967586640797594,3.886621604325815e-34
1379280,0.0,-1.6495821920758355e-47,9927.051530792365,0.9967586640797594,3.8861452907026e-34
1379340,0.0,-1.6493798984707838e-47,9927.051530792365,0.9967586640797594,3.885668977079386e-34
1379400,0.0,-1.6491776048657322e-47,9927.051530792365,0.9967586640797594,3.885192663456172e-34
1379460,0.0,-1.6489753112606805e-47,9927.051530792365,0.9967586640797594,3.884716349832958e-34
1379520,0.0,-1.6487730176556287e-47,9927.051530792365,0.9967586640797594,3.884240036209744e-34
1379580,0.0,-1.6485707240505772e-47,9927.051530792365,0.9967586640797594,3.88376372258653e-34
1379640,0.0,-1.6483684304455255e-47,9927.051530792365,0.9967586640797594,3.883287408963315e-34
1379700,0.0,-1.648166136840474e-47,9927.051530792365,0.9967586640797594,3.8828110953401015e-34
1379760,0.0,-1.6479638432354222e-47,9927.051530792365,0.9967586640797594,3.882334781716887e-34
1379820,0.0,-1.6477615496303707e-47,9927.051530792365,0.9967586640797594,3.881858468093673e-34
1379880,0.0,-1.647559256025319e-47,9927.051530792365,0.9967586640797594,3.881382154470459e-34
1379940,0.0,-1.6473569624202672e-47,9927.051530792365,0.9967586640797594,3.880905840847245e-34
1380000,0.0,-1.6471546688152157e-47,9927.051530792365,0.9967586640797594,3.880429527224031e-34
1380060,0.0,-1.646952375210164e-47,9927.051530792365,0.9967586640797594,3.879953213600817e-34
1380120,0.0,-1.6467500816051124e-47,9927.051530792365,0.9967586640797594,3.879476899977602e-34
1380180,0.0,-1.6465477880000606e-47,9927.051530792365,0.9967586640797594,3.8790005863543885e-34
1380240,0.0,-1.6463454943950091e-47,9927.051530792365,0.9967586640797594,3.878524272731175e-34
1380300,0.0,-1.6461432007899574e-47,9927.051530792365,0.9967586640797594,3.87804795910796e-34
1380360,0.0,-1.6459409071849059e-47,9927.051530792365,0.9967586640797594,3.877571645484746e-34
1380420,0.0,-1.645738613579854e-47,9927.051530792365,0.9967586640797594,3.8770953318615315e-34
1380480,0.0,-1.6455363199748023e-47,9927.051530792365,0.9967586640797594,3.876619018238318e-34
1380540,0.0,-1.645334026369751e-47,9927.051530792365,0.9967586640797594,3.876142704615104e-34
1380600,0.0,-1.6451317327646993e-47,9927.051530792365,0.9967586640797594,3.87566639099189e-34
1380660,0.0,-1.6449294391596478e-47,9927.051530792365,0.9967586640797594,3.8751900773686754e-34
1380720,0.0,-1.644727145554596e-47,9927.051530792365,0.9967586640797594,3.874713763745462e-34
1380780,0.0,-1.6445248519495443e-47,9927.051530792365,0.9967586640797594,3.874237450122248e-34
1380840,0.0,-1.6443225583444928e-47,9927.051530792365,0.9967586640797594,3.873761136499033e-34
1380900,0.0,-1.644120264739441e-47,9927.051530792365,0.9967586640797594,3.873284822875819e-34
1380960,0.0,-1.6439179711343895e-47,9927.051530792365,0.9967586640797594,3.8728085092526055e-34
1381020,0.0,-1.6437156775293378e-47,9927.051530792365,0.9967586640797594,3.872332195629391e-34
1381080,0.0,-1.6435133839242863e-47,9927.051530792365,0.9967586640797594,3.871855882006177e-34
1381140,0.0,-1.6433110903192345e-47,9927.051530792365,0.9967586640797594,3.871379568382963e-34
1381200,0.0,-1.643108796714183e-47,9927.051530792365,0.9967586640797594,3.8709032547597486e-34
1381260,0.0,-1.6429065031091312e-47,9927.051530792365,0.9967586640797594,3.870426941136535e-34
1381320,0.0,-1.6427042095040795e-47,9927.051530792365,0.9967586640797594,3.86995062751332e-34
1381380,0.0,-1.642501915899028e-47,9927.051530792365,0.9967586640797594,3.869474313890106e-34
1381440,0.0,-1.6422996222939762e-47,9927.051530792365,0.9967586640797594,3.8689980002668925e-34
1381500,0.0,-1.6420973286889247e-47,9927.051530792365,0.9967586640797594,3.868521686643678e-34
1381560,0.0,-1.641895035083873e-47,9927.051530792365,0.9967586640797594,3.868045373020464e-34
1381620,0.0,-1.6416927414788214e-47,9927.051530792365,0.9967586640797594,3.86756905939725e-34
1381680,0.0,-1.6414904478737697e-47,9927.051530792365,0.9967586640797594,3.8670927457740355e-34
1381740,0.0,-1.6412881542687182e-47,9927.051530792365,0.9967586640797594,3.866616432150822e-34
1381800,0.0,-1.6410858606636664e-47,9927.051530792365,0.9967586640797594,3.866140118527607e-34
1381860,0.0,-1.6408835670586146e-47,9927.051530792365,0.9967586640797594,3.865663804904393e-34
1381920,0.0,-1.6406812734535631e-47,9927.051530792365,0.9967586640797594,3.865187491281179e-34
1381980,0.0,-1.6404789798485114e-47,9927.051530792365,0.9967586640797594,3.864711177657965e-34
1382040,0.0,-1.6402766862434599e-47,9927.051530792365,0.9967586640797594,3.864234864034751e-34
1382100,0.0,-1.640074392638408e-47,9927.051530792365,0.9967586640797594,3.863758550411537e-34
1382160,0.0,-1.6398720990333566e-47,9927.051530792365,0.9967586640797594,3.8632822367883225e-34
1382220,0.0,-1.639669805428305e-47,9927.051530792365,0.9967586640797594,3.862805923165109e-34
1382280,0.0,-1.6394675118232533e-47,9927.051530792365,0.9967586640797594,3.862329609541895e-34
1382340,0.0,-1.6392652182182018e-47,9927.051530792365,0.9967586640797594,3.861853295918681e-34
1382400,0.0,-1.63906292461315e-47,9927.051530792365,0.9967586640797594,3.861376982295466e-34
1382460,0.0,-1.6388606310080985e-47,9927.051530792365,0.9967586640797594,3.8609006686722525e-34
1382520,0.0,-1.6386583374030468e-47,9927.051530792365,0.9967586640797594,3.860424355049039e-34
1382580,0.0,-1.6384560437979953e-47,9927.051530792365,0.9967586640797594,3.859948041425824e-34
1382640,0.0,-1.6382537501929435e-47,9927.051530792365,0.9967586640797594,3.85947172780261e-34
1382700,0.0,-1.6380514565878918e-47,9927.051530792365,0.9967586640797594,3.858995414179396e-34
1382760,0.0,-1.6378491629828403e-47,9927.051530792365,0.9967586640797594,3.858519100556182e-34
1382820,0.0,-1.6376468693777885e-47,9927.051530792365,0.9967586640797594,3.858042786932968e-34
1382880,0.0,-1.637444575772737e-47,9927.051530792365,0.9967586640797594,3.857566473309753e-34
1382940,0.0,-1.6372422821676852e-47,9927.051530792365,0.9967586640797594,3.8570901596865395e-34
1383000,0.0,-1.6370399885626337e-47,9927.051530792365,0.9967586640797594,3.856613846063326e-34
1383060,0.0,-1.636837694957582e-47,9927.051530792365,0.9967586640797594,3.856137532440111e-34
1383120,0.0,-1.6366354013525302e-47,9927.051530792365,0.9967586640797594,3.855661218816897e-34
1383180,0.0,-1.6364331077474787e-47,9927.051530792365,0.9967586640797594,3.855184905193683e-34
1383240,0.0,-1.636230814142427e-47,9927.051530792365,0.9967586640797594,3.854708591570469e-34
1383300,0.0,-1.6360285205373754e-47,9927.051530792365,0.9967586640797594,3.854232277947255e-34
1383360,0.0,-1.6358262269323237e-47,9927.051530792365,0.9967586640797594,3.85375596432404e-34
1383420,0.0,-1.6356239333272722e-47,9927.051530792365,0.9967586640797594,3.853279650700826e-34
1383480,0.0,-1.6354216397222204e-47,9927.051530792365,0.9967586640797594,3.852803337077613e-34
1383540,0.0,-1.635219346117169e-47,9927.051530792365,0.9967586640797594,3.852327023454399e-34
1383600,0.0,-1.6350170525121171e-47,9927.051530792365,0.9967586640797594,3.851850709831184e-34
1383660,0.0,-1.6348147589070654e-47,9927.051530792365,0.9967586640797594,3.85137439620797e-34
1383720,0.0,-1.6346124653020139e-47,9927.051530792365,0.9967586640797594,3.8508980825847557e-34
1383780,0.0,-1.634410171696962e-47,9927.051530792365,0.9967586640797594,3.850421768961542e-34
1383840,0.0,-1.6342078780919106e-47,9927.051530792365,0.9967586640797594,3.8499454553383276e-34
1383900,0.0,-1.634005584486859e-47,9927.051530792365,0.9967586640797594,3.849469141715114e-34
1383960,0.0,-1.6338032908818073e-47,9927.051530792365,0.9967586640797594,3.8489928280919e-34
1384020,0.0,-1.6336009972767558e-47,9927.051530792365,0.9967586640797594,3.8485165144686857e-34
1384080,0.0,-1.633398703671704e-47,9927.051530792365,0.9967586640797594,3.8480402008454715e-34
1384140,0.0,-1.6331964100666526e-47,9927.051530792365,0.9967586640797594,3.8475638872222573e-34
1384200,0.0,-1.6329941164616008e-47,9927.051530792365,0.9967586640797594,3.8470875735990435e-34
1384260,0.0,-1.6327918228565493e-47,9927.051530792365,0.9967586640797594,3.8466112599758292e-34
1384320,0.0,-1.6325895292514975e-47,9927.051530792365,0.9967586640797594,3.846134946352615e-34
1384380,0.0,-1.632387235646446e-47,9927.051530792365,0.9967586640797594,3.8456586327294007e-34
1384440,0.0,-1.6321849420413943e-47,9927.051530792365,0.9967586640797594,3.845182319106187e-34
1384500,0.0,-1.6319826484363425e-47,9927.051530792365,0.9967586640797594,3.8447060054829727e-34
1384560,0.0,-1.631780354831291e-47,9927.051530792365,0.9967586640797594,3.8442296918597585e-34
1384620,0.0,-1.6315780612262392e-47,9927.051530792365,0.9967586640797594,3.8437533782365446e-34
1384680,0.0,-1.6313757676211877e-47,9927.051530792365,0.9967586640797594,3.8432770646133304e-34
1384740,0.0,-1.631173474016136e-47,9927.051530792365,0.9967586640797594,3.842800750990116e-34
1384800,0.0,-1.6309711804110845e-47,9927.051530792365,0.9967586640797594,3.842324437366902e-34
1384860,0.0,-1.6307688868060327e-47,9927.051530792365,0.9967586640797594,3.841848123743688e-34
1384920,0.0,-1.6305665932009812e-47,9927.051530792365,0.9967586640797594,3.841371810120474e-34
1384980,0.0,-1.6303642995959294e-47,9927.051530792365,0.9967586640797594,3.8408954964972596e-34
1385040,0.0,-1.6301620059908777e-47,9927.051530792365,0.9967586640797594,3.8404191828740454e-34
1385100,0.0,-1.6299597123858262e-47,9927.051530792365,0.9967586640797594,3.8399428692508316e-34
1385160,0.0,-1.6297574187807744e-47,9927.051530792365,0.9967586640797594,3.8394665556276173e-34
1385220,0.0,-1.629555125175723e-47,9927.051530792365,0.9967586640797594,3.838990242004403e-34
1385280,0.0,-1.6293528315706711e-47,9927.051530792365,0.9967586640797594,3.838513928381189e-34
1385340,0.0,-1.6291505379656196e-47,9927.051530792365,0.9967586640797594,3.838037614757975e-34
1385400,0.0,-1.6289482443605679e-47,9927.051530792365,0.9967586640797594,3.837561301134761e-34
1385460,0.0,-1.6287459507555164e-47,9927.051530792365,0.9967586640797594,3.8370849875115466e-34
1385520,0.0,-1.6285436571504646e-47,9927.051530792365,0.9967586640797594,3.8366086738883328e-34
1385580,0.0,-1.628341363545413e-47,9927.051530792365,0.9967586640797594,3.836132360265119e-34
1385640,0.0,-1.6281390699403616e-47,9927.051530792365,0.9967586640797594,3.8356560466419047e-34
1385700,0.0,-1.6279367763353098e-47,9927.051530792365,0.9967586640797594,3.8351797330186905e-34
1385760,0.0,-1.627734482730258e-47,9927.051530792365,0.9967586640797594,3.8347034193954767e-34
1385820,0.0,-1.6275321891252066e-47,9927.051530792365,0.9967586640797594,3.8342271057722624e-34
1385880,0.0,-1.6273298955201548e-47,9927.051530792365,0.9967586640797594,3.833750792149048e-34
1385940,0.0,-1.6271276019151033e-47,9927.051530792365,0.9967586640797594,3.833274478525834e-34
1386000,0.0,-1.6269253083100515e-47,9927.051530792365,0.9967586640797594,3.83279816490262e-34
1386060,0.0,-1.626723014705e-47,9927.051530792365,0.9967586640797594,3.832321851279406e-34
1386120,0.0,-1.6265207210999483e-47,9927.051530792365,0.9967586640797594,3.8318455376561917e-34
1386180,0.0,-1.6263184274948967e-47,9927.051530792365,0.9967586640797594,3.8313692240329774e-34
1386240,0.0,-1.626116133889845e-47,9927.051530792365,0.9967586640797594,3.8308929104097636e-34
1386300,0.0,-1.6259138402847932e-47,9927.051530792365,0.9967586640797594,3.8304165967865494e-34
1386360,0.0,-1.6257115466797417e-47,9927.051530792365,0.9967586640797594,3.829940283163335e-34
1386420,0.0,-1.62550925307469e-47,9927.051530792365,0.9967586640797594,3.8294639695401213e-34
1386480,0.0,-1.6253069594696385e-47,9927.051530792365,0.9967586640797594,3.828987655916907e-34
1386540,0.0,-1.6251046658645867e-47,9927.051530792365,0.9967586640797594,3.828511342293693e-34
1386600,0.0,-1.6249023722595352e-47,9927.051530792365,0.9967586640797594,3.8280350286704786e-34
1386660,0.0,-1.6247000786544834e-47,9927.051530792365,0.9967586640797594,3.827558715047265e-34
1386720,0.0,-1.624497785049432e-47,9927.051530792365,0.9967586640797594,3.8270824014240506e-34
1386780,0.0,-1.6242954914443802e-47,9927.051530792365,0.9967586640797594,3.8266060878008363e-34
1386840,0.0,-1.6240931978393284e-47,9927.051530792365,0.9967586640797594,3.826129774177622e-34
1386900,0.0,-1.623890904234277e-47,9927.051530792365,0.9967586640797594,3.8256534605544083e-34
1386960,0.0,-1.6236886106292251e-47,9927.051530792365,0.9967586640797594,3.825177146931194e-34
1387020,0.0,-1.6234863170241736e-47,9927.051530792365,0.9967586640797594,3.82470083330798e-34
1387080,0.0,-1.6232840234191219e-47,9927.051530792365,0.9967586640797594,3.8242245196847655e-34
1387140,0.0,-1.6230817298140704e-47,9927.051530792365,0.9967586640797594,3.8237482060615517e-34
1387200,0.0,-1.6228794362090186e-47,9927.051530792365,0.9967586640797594,3.8232718924383375e-34
1387260,0.0,-1.622677142603967e-47,9927.051530792365,0.9967586640797594,3.8227955788151237e-34
1387320,0.0,-1.6224748489989156e-47,9927.051530792365,0.9967586640797594,3.82231926519191e-34
1387380,0.0,-1.6222725553938638e-47,9927.051530792365,0.9967586640797594,3.8218429515686956e-34
1387440,0.0,-1.6220702617888123e-47,9927.051530792365,0.9967586640797594,3.8213666379454814e-34
1387500,0.0,-1.6218679681837606e-47,9927.051530792365,0.9967586640797594,3.820890324322267e-34
1387560,0.0,-1.621665674578709e-47,9927.051530792365,0.9967586640797594,3.8204140106990533e-34
1387620,0.0,-1.6214633809736573e-47,9927.051530792365,0.9967586640797594,3.819937697075839e-34
1387680,0.0,-1.6212610873686055e-47,9927.051530792365,0.9967586640797594,3.819461383452625e-34
1387740,0.0,-1.621058793763554e-47,9927.051530792365,0.9967586640797594,3.8189850698294106e-34
1387800,0.0,-1.6208565001585023e-47,9927.051530792365,0.9967586640797594,3.818508756206197e-34
1387860,0.0,-1.6206542065534508e-47,9927.051530792365,0.9967586640797594,3.8180324425829826e-34
1387920,0.0,-1.620451912948399e-47,9927.051530792365,0.9967586640797594,3.8175561289597683e-34
1387980,0.0,-1.6202496193433475e-47,9927.051530792365,0.9967586640797594,3.817079815336554e-34
1388040,0.0,-1.6200473257382957e-47,9927.051530792365,0.9967586640797594,3.8166035017133403e-34
1388100,0.0,-1.6198450321332442e-47,9927.051530792365,0.9967586640797594,3.816127188090126e-34
1388160,0.0,-1.6196427385281925e-47,9927.051530792365,0.9967586640797594,3.815650874466912e-34
1388220,0.0,-1.6194404449231407e-47,9927.051530792365,0.9967586640797594,3.815174560843698e-34
1388280,0.0,-1.6192381513180892e-47,9927.051530792365,0.9967586640797594,3.8146982472204838e-34
1388340,0.0,-1.6190358577130374e-47,9927.051530792365,0.9967586640797594,3.8142219335972695e-34
1388400,0.0,-1.618833564107986e-47,9927.051530792365,0.9967586640797594,3.8137456199740553e-34
1388460,0.0,-1.6186312705029342e-47,9927.051530792365,0.9967586640797594,3.8132693063508415e-34
1388520,0.0,-1.6184289768978827e-47,9927.051530792365,0.9967586640797594,3.8127929927276272e-34
1388580,0.0,-1.618226683292831e-47,9927.051530792365,0.9967586640797594,3.812316679104413e-34
1388640,0.0,-1.6180243896877791e-47,9927.051530792365,0.9967586640797594,3.8118403654811988e-34
1388700,0.0,-1.6178220960827276e-47,9927.051530792365,0.9967586640797594,3.811364051857985e-34
1388760,0.0,-1.6176198024776759e-47,9927.051530792365,0.9967586640797594,3.8108877382347707e-34
1388820,0.0,-1.6174175088726244e-47,9927.051530792365,0.9967586640797594,3.8104114246115565e-34
1388880,0.0,-1.6172152152675726e-47,9927.051530792365,0.9967586640797594,3.8099351109883422e-34
1388940,0.0,-1.617012921662521e-47,9927.051530792365,0.9967586640797594,3.809458797365129e-34
1389000,0.0,-1.6168106280574696e-47,9927.051530792365,0.9967586640797594,3.8089824837419146e-34
1389060,0.0,-1.6166083344524178e-47,9927.051530792365,0.9967586640797594,3.8085061701187004e-34
1389120,0.0,-1.6164060408473663e-47,9927.051530792365,0.9967586640797594,3.8080298564954866e-34
1389180,0.0,-1.6162037472423146e-47,9927.051530792365,0.9967586640797594,3.8075535428722723e-34
1389240,0.0,-1.616001453637263e-47,9927.051530792365,0.9967586640797594,3.807077229249058e-34
1389300,0.0,-1.6157991600322113e-47,9927.051530792365,0.9967586640797594,3.806600915625844e-34
1389360,0.0,-1.6155968664271598e-47,9927.051530792365,0.9967586640797594,3.80612460200263e-34
1389420,0.0,-1.615394572822108e-47,9927.051530792365,0.9967586640797594,3.805648288379416e-34
1389480,0.0,-1.6151922792170563e-47,9927.051530792365,0.9967586640797594,3.8051719747562015e-34
1389540,0.0,-1.6149899856120048e-47,9927.051530792365,0.9967586640797594,3.8046956611329873e-34
1389600,0.0,-1.614787692006953e-47,9927.051530792365,0.9967586640797594,3.8042193475097735e-34
1389660,0.0,-1.6145853984019015e-47,9927.051530792365,0.9967586640797594,3.8037430338865593e-34
1389720,0.0,-1.6143831047968497e-47,9927.051530792365,0.9967586640797594,3.803266720263345e-34
1389780,0.0,-1.6141808111917982e-47,9927.051530792365,0.9967586640797594,3.8027904066401308e-34
1389840,0.0,-1.6139785175867465e-47,9927.051530792365,0.9967586640797594,3.802314093016917e-34
1389900,0.0,-1.613776223981695e-47,9927.051530792365,0.9967586640797594,3.8018377793937027e-34
1389960,0.0,-1.6135739303766432e-47,9927.051530792365,0.9967586640797594,3.8013614657704885e-34
1390020,0.0,-1.6133716367715914e-47,9927.051530792365,0.9967586640797594,3.8008851521472747e-34
1390080,0.0,-1.61316934316654e-47,9927.051530792365,0.9967586640797594,3.8004088385240604e-34
1390140,0.0,-1.6129670495614882e-47,9927.051530792365,0.9967586640797594,3.799932524900846e-34
1390200,0.0,-1.6127647559564367e-47,9927.051530792365,0.9967586640797594,3.799456211277632e-34
1390260,0.0,-1.612562462351385e-47,9927.051530792365,0.9967586640797594,3.798979897654418e-34
1390320,0.0,-1.6123601687463334e-47,9927.051530792365,0.9967586640797594,3.798503584031204e-34
1390380,0.0,-1.6121578751412816e-47,9927.051530792365,0.9967586640797594,3.7980272704079897e-34
1390440,0.0,-1.6119555815362301e-47,9927.051530792365,0.9967586640797594,3.7975509567847754e-34
1390500,0.0,-1.6117532879311784e-47,9927.051530792365,0.9967586640797594,3.7970746431615616e-34
1390560,0.0,-1.6115509943261269e-47,9927.051530792365,0.9967586640797594,3.796598329538348e-34
1390620,0.0,-1.6113487007210753e-47,9927.051530792365,0.9967586640797594,3.7961220159151336e-34
1390680,0.0,-1.6111464071160236e-47,9927.051530792365,0.9967586640797594,3.7956457022919198e-34
1390740,0.0,-1.610944113510972e-47,9927.051530792365,0.9967586640797594,3.7951693886687055e-34
1390800,0.0,-1.6107418199059203e-47,9927.051530792365,0.9967586640797594,3.7946930750454913e-34
1390860,0.0,-1.6105395263008686e-47,9927.051530792365,0.9967586640797594,3.794216761422277e-34
1390920,0.0,-1.610337232695817e-47,9927.051530792365,0.9967586640797594,3.7937404477990632e-34
1390980,0.0,-1.6101349390907653e-47,9927.051530792365,0.9967586640797594,3.793264134175849e-34
1391040,0.0,-1.6099326454857138e-47,9927.051530792365,0.9967586640797594,3.7927878205526348e-34
1391100,0.0,-1.609730351880662e-47,9927.051530792365,0.9967586640797594,3.7923115069294205e-34
1391160,0.0,-1.6095280582756105e-47,9927.051530792365,0.9967586640797594,3.7918351933062067e-34
1391220,0.0,-1.6093257646705588e-47,9927.051530792365,0.9967586640797594,3.7913588796829925e-34
1391280,0.0,-1.6091234710655072e-47,9927.051530792365,0.9967586640797594,3.7908825660597782e-34
1391340,0.0,-1.6089211774604555e-47,9927.051530792365,0.9967586640797594,3.790406252436564e-34
1391400,0.0,-1.6087188838554037e-47,9927.051530792365,0.9967586640797594,3.78992993881335e-34
1391460,0.0,-1.6085165902503522e-47,9927.051530792365,0.9967586640797594,3.789453625190136e-34
1391520,0.0,-1.6083142966453005e-47,9927.051530792365,0.9967586640797594,3.7889773115669217e-34
1391580,0.0,-1.608112003040249e-47,9927.051530792365,0.9967586640797594,3.788500997943708e-34
1391640,0.0,-1.6079097094351972e-47,9927.051530792365,0.9967586640797594,3.7880246843204937e-34
1391700,0.0,-1.6077074158301457e-47,9927.051530792365,0.9967586640797594,3.7875483706972794e-34
1391760,0.0,-1.607505122225094e-47,9927.051530792365,0.9967586640797594,3.787072057074065e-34
1391820,0.0,-1.6073028286200422e-47,9927.051530792365,0.9967586640797594,3.7865957434508514e-34
1391880,0.0,-1.6071005350149907e-47,9927.051530792365,0.9967586640797594,3.786119429827637e-34
1391940,0.0,-1.606898241409939e-47,9927.051530792365,0.9967586640797594,3.785643116204423e-34
1392000,0.0,-1.6066959478048874e-47,9927.051530792365,0.9967586640797594,3.7851668025812086e-34
1392060,0.0,-1.6064936541998356e-47,9927.051530792365,0.9967586640797594,3.784690488957995e-34
1392120,0.0,-1.6062913605947841e-47,9927.051530792365,0.9967586640797594,3.7842141753347806e-34
1392180,0.0,-1.6060890669897324e-47,9927.051530792365,0.9967586640797594,3.7837378617115664e-34
1392240,0.0,-1.6058867733846809e-47,9927.051530792365,0.9967586640797594,3.7832615480883525e-34
1392300,0.0,-1.6056844797796293e-47,9927.051530792365,0.9967586640797594,3.7827852344651387e-34
1392360,0.0,-1.6054821861745776e-47,9927.051530792365,0.9967586640797594,3.7823089208419245e-34
1392420,0.0,-1.605279892569526e-47,9927.051530792365,0.9967586640797594,3.7818326072187103e-34
1392480,0.0,-1.6050775989644743e-47,9927.051530792365,0.9967586640797594,3.7813562935954964e-34
1392540,0.0,-1.6048753053594228e-47,9927.051530792365,0.9967586640797594,3.780879979972282e-34
1392600,0.0,-1.604673011754371e-47,9927.051530792365,0.9967586640797594,3.780403666349068e-34
1392660,0.0,-1.6044707181493193e-47,9927.051530792365,0.9967586640797594,3.7799273527258537e-34
1392720,0.0,-1.6042684245442678e-47,9927.051530792365,0.9967586640797594,3.77945103910264e-34
1392780,0.0,-1.604066130939216e-47,9927.051530792365,0.9967586640797594,3.7789747254794257e-34
1392840,0.0,-1.6038638373341645e-47,9927.051530792365,0.9967586640797594,3.7784984118562114e-34
1392900,0.0,-1.6036615437291128e-47,9927.051530792365,0.9967586640797594,3.778022098232997e-34
1392960,0.0,-1.6034592501240612e-47,9927.051530792365,0.9967586640797594,3.7775457846097834e-34
1393020,0.0,-1.6032569565190095e-47,9927.051530792365,0.9967586640797594,3.777069470986569e-34
1393080,0.0,-1.603054662913958e-47,9927.051530792365,0.9967586640797594,3.776593157363355e-34
1393140,0.0,-1.6028523693089062e-47,9927.051530792365,0.9967586640797594,3.7761168437401407e-34
1393200,0.0,-1.6026500757038545e-47,9927.051530792365,0.9967586640797594,3.775640530116927e-34
1393260,0.0,-1.602447782098803e-47,9927.051530792365,0.9967586640797594,3.7751642164937126e-34
1393320,0.0,-1.6022454884937512e-47,9927.051530792365,0.9967586640797594,3.7746879028704984e-34
1393380,0.0,-1.6020431948886997e-47,9927.051530792365,0.9967586640797594,3.7742115892472846e-34
1393440,0.0,-1.601840901283648e-47,9927.051530792365,0.9967586640797594,3.7737352756240703e-34
1393500,0.0,-1.6016386076785964e-47,9927.051530792365,0.9967586640797594,3.773258962000856e-34
1393560,0.0,-1.6014363140735447e-47,9927.051530792365,0.9967586640797594,3.772782648377642e-34
1393620,0.0,-1.6012340204684932e-47,9927.051530792365,0.9967586640797594,3.772306334754428e-34
1393680,0.0,-1.6010317268634414e-47,9927.051530792365,0.9967586640797594,3.771830021131214e-34
1393740,0.0,-1.6008294332583896e-47,9927.051530792365,0.9967586640797594,3.7713537075079996e-34
1393800,0.0,-1.6006271396533381e-47,9927.051530792365,0.9967586640797594,3.7708773938847853e-34
1393860,0.0,-1.6004248460482864e-47,9927.051530792365,0.9967586640797594,3.7704010802615715e-34
1393920,0.0,-1.600222552443235e-47,9927.051530792365,0.9967586640797594,3.7699247666383577e-34
1393980,0.0,-1.6000202588381833e-47,9927.051530792365,0.9967586640797594,3.7694484530151435e-34
1394040,0.0,-1.5998179652331316e-47,9927.051530792365,0.9967586640797594,3.7689721393919292e-34
1394100,0.0,-1.59961567162808e-47,9927.051530792365,0.9967586640797594,3.7684958257687154e-34
1394160,0.0,-1.5994133780230283e-47,9927.051530792365,0.9967586640797594,3.768019512145501e-34
1394220,0.0,-1.5992110844179768e-47,9927.051530792365,0.9967586640797594,3.767543198522287e-34
1394280,0.0,-1.599008790812925e-47,9927.051530792365,0.9967586640797594,3.767066884899073e-34
1394340,0.0,-1.5988064972078735e-47,9927.051530792365,0.9967586640797594,3.766590571275859e-34
1394400,0.0,-1.5986042036028218e-47,9927.051530792365,0.9967586640797594,3.7661142576526446e-34
1394460,0.0,-1.59840190999777e-47,9927.051530792365,0.9967586640797594,3.7656379440294304e-34
1394520,0.0,-1.5981996163927185e-47,9927.051530792365,0.9967586640797594,3.7651616304062166e-34
1394580,0.0,-1.5979973227876668e-47,9927.051530792365,0.9967586640797594,3.7646853167830024e-34
1394640,0.0,-1.5977950291826153e-47,9927.051530792365,0.9967586640797594,3.764209003159788e-34
1394700,0.0,-1.5975927355775635e-47,9927.051530792365,0.9967586640797594,3.763732689536574e-34
1394760,0.0,-1.597390441972512e-47,9927.051530792365,0.9967586640797594,3.76325637591336e-34
1394820,0.0,-1.5971881483674602e-47,9927.051530792365,0.9967586640797594,3.762780062290146e-34
1394880,0.0,-1.5969858547624087e-47,9927.051530792365,0.9967586640797594,3.7623037486669316e-34
1394940,0.0,-1.596783561157357e-47,9927.051530792365,0.9967586640797594,3.7618274350437174e-34
1395000,0.0,-1.5965812675523052e-47,9927.051530792365,0.9967586640797594,3.7613511214205035e-34
1395060,0.0,-1.5963789739472537e-47,9927.051530792365,0.9967586640797594,3.7608748077972893e-34
1395120,0.0,-1.596176680342202e-47,9927.051530792365,0.9967586640797594,3.760398494174075e-34
1395180,0.0,-1.5959743867371504e-47,9927.051530792365,0.9967586640797594,3.7599221805508612e-34
1395240,0.0,-1.5957720931320987e-47,9927.051530792365,0.9967586640797594,3.759445866927647e-34
1395300,0.0,-1.5955697995270472e-47,9927.051530792365,0.9967586640797594,3.7589695533044328e-34
1395360,0.0,-1.5953675059219954e-47,9927.051530792365,0.9967586640797594,3.7584932396812185e-34
1395420,0.0,-1.595165212316944e-47,9927.051530792365,0.9967586640797594,3.7580169260580047e-34
1395480,0.0,-1.5949629187118921e-47,9927.051530792365,0.9967586640797594,3.7575406124347905e-34
1395540,0.0,-1.5947606251068404e-47,9927.051530792365,0.9967586640797594,3.7570642988115762e-34
1395600,0.0,-1.594558331501789e-47,9927.051530792365,0.9967586640797594,3.7565879851883624e-34
1395660,0.0,-1.5943560378967374e-47,9927.051530792365,0.9967586640797594,3.7561116715651486e-34
1395720,0.0,-1.5941537442916858e-47,9927.051530792365,0.9967586640797594,3.7556353579419344e-34
1395780,0.0,-1.593951450686634e-47,9927.051530792365,0.9967586640797594,3.75515904431872e-34
1395840,0.0,-1.5937491570815823e-47,9927.051530792365,0.9967586640797594,3.754682730695506e-34
1395900,0.0,-1.5935468634765308e-47,9927.051530792365,0.9967586640797594,3.754206417072292e-34
1395960,0.0,-1.593344569871479e-47,9927.051530792365,0.9967586640797594,3.753730103449078e-34
1396020,0.0,-1.5931422762664275e-47,9927.051530792365,0.9967586640797594,3.7532537898258636e-34
1396080,0.0,-1.5929399826613758e-47,9927.051530792365,0.9967586640797594,3.75277747620265e-34
1396140,0.0,-1.5927376890563243e-47,9927.051530792365,0.9967586640797594,3.7523011625794356e-34
1396200,0.0,-1.5925353954512725e-47,9927.051530792365,0.9967586640797594,3.7518248489562213e-34
1396260,0.0,-1.592333101846221e-47,9927.051530792365,0.9967586640797594,3.751348535333007e-34
1396320,0.0,-1.5921308082411693e-47,9927.051530792365,0.9967586640797594,3.7508722217097933e-34
1396380,0.0,-1.5919285146361175e-47,9927.051530792365,0.9967586640797594,3.750395908086579e-34
1396440,0.0,-1.591726221031066e-47,9927.051530792365,0.9967586640797594,3.749919594463365e-34
1396500,0.0,-1.5915239274260142e-47,9927.051530792365,0.9967586640797594,3.7494432808401506e-34
1396560,0.0,-1.5913216338209627e-47,9927.051530792365,0.9967586640797594,3.7489669672169367e-34
1396620,0.0,-1.591119340215911e-47,9927.051530792365,0.9967586640797594,3.7484906535937225e-34
1396680,0.0,-1.5909170466108595e-47,9927.051530792365,0.9967586640797594,3.7480143399705083e-34
1396740,0.0,-1.5907147530058077e-47,9927.051530792365,0.9967586640797594,3.747538026347294e-34
1396800,0.0,-1.5905124594007562e-47,9927.051530792365,0.9967586640797594,3.7470617127240802e-34
1396860,0.0,-1.5903101657957044e-47,9927.051530792365,0.9967586640797594,3.746585399100866e-34
1396920,0.0,-1.5901078721906527e-47,9927.051530792365,0.9967586640797594,3.7461090854776517e-34
1396980,0.0,-1.5899055785856012e-47,9927.051530792365,0.9967586640797594,3.745632771854438e-34
1397040,0.0,-1.5897032849805494e-47,9927.051530792365,0.9967586640797594,3.7451564582312237e-34
1397100,0.0,-1.589500991375498e-47,9927.051530792365,0.9967586640797594,3.7446801446080095e-34
1397160,0.0,-1.5892986977704461e-47,9927.051530792365,0.9967586640797594,3.744203830984795e-34
1397220,0.0,-1.5890964041653946e-47,9927.051530792365,0.9967586640797594,3.7437275173615814e-34
1397280,0.0,-1.588894110560343e-47,9927.051530792365,0.9967586640797594,3.7432512037383676e-34
1397340,0.0,-1.5886918169552914e-47,9927.051530792365,0.9967586640797594,3.7427748901151534e-34
1397400,0.0,-1.5884895233502398e-47,9927.051530792365,0.9967586640797594,3.742298576491939e-34
1397460,0.0,-1.588287229745188e-47,9927.051530792365,0.9967586640797594,3.7418222628687253e-34
1397520,0.0,-1.5880849361401366e-47,9927.051530792365,0.9967586640797594,3.741345949245511e-34
1397580,0.0,-1.5878826425350848e-47,9927.051530792365,0.9967586640797594,3.740869635622297e-34
1397640,0.0,-1.587680348930033e-47,9927.051530792365,0.9967586640797594,3.740393321999083e-34
1397700,0.0,-1.5874780553249816e-47,9927.051530792365,0.9967586640797594,3.7399170083758688e-34
1397760,0.0,-1.5872757617199298e-47,9927.051530792365,0.9967586640797594,3.7394406947526545e-34
1397820,0.0,-1.5870734681148783e-47,9927.051530792365,0.9967586640797594,3.7389643811294403e-34
1397880,0.0,-1.5868711745098265e-47,9927.051530792365,0.9967586640797594,3.7384880675062265e-34
1397940,0.0,-1.586668880904775e-47,9927.051530792365,0.9967586640797594,3.7380117538830122e-34
1398000,0.0,-1.5864665872997233e-47,9927.051530792365,0.9967586640797594,3.737535440259798e-34
1398060,0.0,-1.5862642936946717e-47,9927.051530792365,0.9967586640797594,3.7370591266365838e-34
1398120,0.0,-1.58606200008962e-47,9927.051530792365,0.9967586640797594,3.73658281301337e-34
1398180,0.0,-1.5858597064845682e-47,9927.051530792365,0.9967586640797594,3.7361064993901557e-34
1398240,0.0,-1.5856574128795167e-47,9927.051530792365,0.9967586640797594,3.7356301857669415e-34
1398300,0.0,-1.585455119274465e-47,9927.051530792365,0.9967586640797594,3.7351538721437272e-34
1398360,0.0,-1.5852528256694135e-47,9927.051530792365,0.9967586640797594,3.7346775585205134e-34
1398420,0.0,-1.5850505320643617e-47,9927.051530792365,0.9967586640797594,3.734201244897299e-34
1398480,0.0,-1.5848482384593102e-47,9927.051530792365,0.9967586640797594,3.733724931274085e-34
1398540,0.0,-1.5846459448542584e-47,9927.051530792365,0.9967586640797594,3.7332486176508707e-34
1398600,0.0,-1.584443651249207e-47,9927.051530792365,0.9967586640797594,3.732772304027657e-34
1398660,0.0,-1.5842413576441552e-47,9927.051530792365,0.9967586640797594,3.7322959904044427e-34
1398720,0.0,-1.5840390640391034e-47,9927.051530792365,0.9967586640797594,3.7318196767812284e-34
1398780,0.0,-1.583836770434052e-47,9927.051530792365,0.9967586640797594,3.7313433631580146e-34
1398840,0.0,-1.5836344768290001e-47,9927.051530792365,0.9967586640797594,3.7308670495348004e-34
1398900,0.0,-1.5834321832239486e-47,9927.051530792365,0.9967586640797594,3.730390735911586e-34
1398960,0.0,-1.583229889618897e-47,9927.051530792365,0.9967586640797594,3.7299144222883723e-34
1399020,0.0,-1.5830275960138454e-47,9927.051530792365,0.9967586640797594,3.7294381086651585e-34
1399080,0.0,-1.5828253024087938e-47,9927.051530792365,0.9967586640797594,3.7289617950419443e-34
1399140,0.0,-1.582623008803742e-47,9927.051530792365,0.9967586640797594,3.72848548141873e-34
1399200,0.0,-1.5824207151986906e-47,9927.051530792365,0.9967586640797594,3.728009167795516e-34
1399260,0.0,-1.5822184215936388e-47,9927.051530792365,0.9967586640797594,3.727532854172302e-34
1399320,0.0,-1.5820161279885873e-47,9927.051530792365,0.9967586640797594,3.7270565405490877e-34
1399380,0.0,-1.5818138343835356e-47,9927.051530792365,0.9967586640797594,3.7265802269258735e-34
1399440,0.0,-1.581611540778484e-47,9927.051530792365,0.9967586640797594,3.7261039133026597e-34
1399500,0.0,-1.5814092471734323e-47,9927.051530792365,0.9967586640797594,3.7256275996794455e-34
1399560,0.0,-1.5812069535683805e-47,9927.051530792365,0.9967586640797594,3.7251512860562312e-34
1399620,0.0,-1.581004659963329e-47,9927.051530792365,0.9967586640797594,3.724674972433017e-34
1399680,0.0,-1.5808023663582773e-47,9927.051530792365,0.9967586640797594,3.724198658809803e-34
1399740,0.0,-1.5806000727532257e-47,9927.051530792365,0.9967586640797594,3.723722345186589e-34
1399800,0.0,-1.580397779148174e-47,9927.051530792365,0.9967586640797594,3.7232460315633747e-34
1399860,0.0,-1.5801954855431225e-47,9927.051530792365,0.9967586640797594,3.7227697179401604e-34
1399920,0.0,-1.5799931919380707e-47,9927.051530792365,0.9967586640797594,3.7222934043169466e-34
1399980,0.0,-1.579790898333019e-47,9927.051530792365,0.9967586640797594,3.7218170906937324e-34
1400040,0.0,-1.5795886047279675e-47,9927.051530792365,0.9967586640797594,3.721340777070518e-34
1400100,0.0,-1.5793863111229157e-47,9927.051530792365,0.9967586640797594,3.720864463447304e-34
1400160,0.0,-1.5791840175178642e-47,9927.051530792365,0.9967586640797594,3.72038814982409e-34
1400220,0.0,-1.5789817239128124e-47,9927.051530792365,0.9967586640797594,3.719911836200876e-34
1400280,0.0,-1.578779430307761e-47,9927.051530792365,0.9967586640797594,3.7194355225776616e-34
1400340,0.0,-1.5785771367027092e-47,9927.051530792365,0.9967586640797594,3.718959208954448e-34
1400400,0.0,-1.5783748430976577e-47,9927.051530792365,0.9967586640797594,3.7184828953312336e-34
1400460,0.0,-1.578172549492606e-47,9927.051530792365,0.9967586640797594,3.7180065817080193e-34
1400520,0.0,-1.5779702558875541e-47,9927.051530792365,0.9967586640797594,3.717530268084805e-34
1400580,0.0,-1.5777679622825026e-47,9927.051530792365,0.9967586640797594,3.7170539544615913e-34
1400640,0.0,-1.577565668677451e-47,9927.051530792365,0.9967586640797594,3.7165776408383775e-34
1400700,0.0,-1.5773633750723996e-47,9927.051530792365,0.9967586640797594,3.7161013272151632e-34
1400760,0.0,-1.5771610814673478e-47,9927.051530792365,0.9967586640797594,3.715625013591949e-34
1400820,0.0,-1.576958787862296e-47,9927.051530792365,0.9967586640797594,3.715148699968735e-34
1400880,0.0,-1.5767564942572446e-47,9927.051530792365,0.9967586640797594,3.714672386345521e-34
1400940,0.0,-1.5765542006521928e-47,9927.051530792365,0.9967586640797594,3.7141960727223067e-34
1401000,0.0,-1.5763519070471413e-47,9927.051530792365,0.9967586640797594,3.7137197590990925e-34
1401060,0.0,-1.5761496134420896e-47,9927.051530792365,0.9967586640797594,3.7132434454758787e-34
1401120,0.0,-1.575947319837038e-47,9927.051530792365,0.9967586640797594,3.7127671318526644e-34
1401180,0.0,-1.5757450262319863e-47,9927.051530792365,0.9967586640797594,3.71229081822945e-34
1401240,0.0,-1.5755427326269348e-47,9927.051530792365,0.9967586640797594,3.7118145046062364e-34
1401300,0.0,-1.575340439021883e-47,9927.051530792365,0.9967586640797594,3.711338190983022e-34
1401360,0.0,-1.5751381454168313e-47,9927.051530792365,0.9967586640797594,3.710861877359808e-34
1401420,0.0,-1.5749358518117798e-47,9927.051530792365,0.9967586640797594,3.7103855637365937e-34
1401480,0.0,-1.574733558206728e-47,9927.051530792365,0.9967586640797594,3.70990925011338e-34
1401540,0.0,-1.5745312646016765e-47,9927.051530792365,0.9967586640797594,3.7094329364901656e-34
1401600,0.0,-1.5743289709966247e-47,9927.051530792365,0.9967586640797594,3.7089566228669514e-34
1401660,0.0,-1.5741266773915732e-47,9927.051530792365,0.9967586640797594,3.708480309243737e-34
1401720,0.0,-1.5739243837865215e-47,9927.051530792365,0.9967586640797594,3.7080039956205233e-34
1401780,0.0,-1.57372209018147e-47,9927.051530792365,0.9967586640797594,3.707527681997309e-34
1401840,0.0,-1.5735197965764182e-47,9927.051530792365,0.9967586640797594,3.707051368374095e-34
1401900,0.0,-1.5733175029713664e-47,9927.051530792365,0.9967586640797594,3.7065750547508806e-34
1401960,0.0,-1.573115209366315e-47,9927.051530792365,0.9967586640797594,3.706098741127667e-34
1402020,0.0,-1.5729129157612632e-47,9927.051530792365,0.9967586640797594,3.7056224275044525e-34
1402080,0.0,-1.5727106221562117e-47,9927.051530792365,0.9967586640797594,3.7051461138812383e-34
1402140,0.0,-1.57250832855116e-47,9927.051530792365,0.9967586640797594,3.7046698002580245e-34
1402200,0.0,-1.5723060349461084e-47,9927.051530792365,0.9967586640797594,3.7041934866348103e-34
1402260,0.0,-1.5721037413410569e-47,9927.051530792365,0.9967586640797594,3.7037171730115964e-34
1402320,0.0,-1.571901447736005e-47,9927.051530792365,0.9967586640797594,3.703240859388382e-34
1402380,0.0,-1.5716991541309536e-47,9927.051530792365,0.9967586640797594,3.7027645457651684e-34
1402440,0.0,-1.5714968605259019e-47,9927.051530792365,0.9967586640797594,3.702288232141954e-34
1402500,0.0,-1.5712945669208503e-47,9927.051530792365,0.9967586640797594,3.70181191851874e-34
1402560,0.0,-1.5710922733157986e-47,9927.051530792365,0.9967586640797594,3.7013356048955257e-34
1402620,0.0,-1.570889979710747e-47,9927.051530792365,0.9967586640797594,3.700859291272312e-34
1402680,0.0,-1.5706876861056953e-47,9927.051530792365,0.9967586640797594,3.7003829776490976e-34
1402740,0.0,-1.5704853925006436e-47,9927.051530792365,0.9967586640797594,3.6999066640258834e-34
1402800,0.0,-1.570283098895592e-47,9927.051530792365,0.9967586640797594,3.699430350402669e-34
1402860,0.0,-1.5700808052905403e-47,9927.051530792365,0.9967586640797594,3.6989540367794553e-34
1402920,0.0,-1.5698785116854888e-47,9927.051530792365,0.9967586640797594,3.698477723156241e-34
1402980,0.0,-1.569676218080437e-47,9927.051530792365,0.9967586640797594,3.698001409533027e-34
1403040,0.0,-1.5694739244753855e-47,9927.051530792365,0.9967586640797594,3.697525095909813e-34
1403100,0.0,-1.5692716308703338e-47,9927.051530792365,0.9967586640797594,3.697048782286599e-34
1403160,0.0,-1.569069337265282e-47,9927.051530792365,0.9967586640797594,3.6965724686633846e-34
1403220,0.0,-1.5688670436602305e-47,9927.051530792365,0.9967586640797594,3.6960961550401703e-34
1403280,0.0,-1.5686647500551787e-47,9927.051530792365,0.9967586640797594,3.6956198414169565e-34
1403340,0.0,-1.5684624564501272e-47,9927.051530792365,0.9967586640797594,3.6951435277937423e-34
1403400,0.0,-1.5682601628450755e-47,9927.051530792365,0.9967586640797594,3.694667214170528e-34
1403460,0.0,-1.568057869240024e-47,9927.051530792365,0.9967586640797594,3.694190900547314e-34
1403520,0.0,-1.5678555756349722e-47,9927.051530792365,0.9967586640797594,3.6937145869241e-34
1403580,0.0,-1.5676532820299207e-47,9927.051530792365,0.9967586640797594,3.6932382733008858e-34
1403640,0.0,-1.567450988424869e-47,9927.051530792365,0.9967586640797594,3.6927619596776715e-34
1403700,0.0,-1.5672486948198172e-47,9927.051530792365,0.9967586640797594,3.6922856460544573e-34
1403760,0.0,-1.5670464012147657e-47,9927.051530792365,0.9967586640797594,3.6918093324312435e-34
1403820,0.0,-1.566844107609714e-47,9927.051530792365,0.9967586640797594,3.6913330188080292e-34
1403880,0.0,-1.5666418140046624e-47,9927.051530792365,0.9967586640797594,3.690856705184815e-34
1403940,0.0,-1.5664395203996109e-47,9927.051530792365,0.9967586640797594,3.6903803915616016e-34
1404000,0.0,-1.5662372267945591e-47,9927.051530792365,0.9967586640797594,3.6899040779383874e-34
1404060,0.0,-1.5660349331895076e-47,9927.051530792365,0.9967586640797594,3.689427764315173e-34
1404120,0.0,-1.5658326395844559e-47,9927.051530792365,0.9967586640797594,3.688951450691959e-34
1404180,0.0,-1.5656303459794043e-47,9927.051530792365,0.9967586640797594,3.688475137068745e-34
1404240,0.0,-1.5654280523743526e-47,9927.051530792365,0.9967586640797594,3.687998823445531e-34
1404300,0.0,-1.565225758769301e-47,9927.051530792365,0.9967586640797594,3.6875225098223166e-34
1404360,0.0,-1.5650234651642493e-47,9927.051530792365,0.9967586640797594,3.6870461961991024e-34
1404420,0.0,-1.5648211715591978e-47,9927.051530792365,0.9967586640797594,3.6865698825758886e-34
1404480,0.0,-1.564618877954146e-47,9927.051530792365,0.9967586640797594,3.6860935689526743e-34
1404540,0.0,-1.5644165843490943e-47,9927.051530792365,0.9967586640797594,3.68561725532946e-34
1404600,0.0,-1.5642142907440428e-47,9927.051530792365,0.9967586640797594,3.685140941706246e-34
1404660,0.0,-1.564011997138991e-47,9927.051530792365,0.9967586640797594,3.684664628083032e-34
1404720,0.0,-1.5638097035339395e-47,9927.051530792365,0.9967586640797594,3.6841883144598178e-34
1404780,0.0,-1.5636074099288878e-47,9927.051530792365,0.9967586640797594,3.6837120008366035e-34
1404840,0.0,-1.5634051163238362e-47,9927.051530792365,0.9967586640797594,3.6832356872133897e-34
1404900,0.0,-1.5632028227187845e-47,9927.051530792365,0.9967586640797594,3.6827593735901755e-34
1404960,0.0,-1.563000529113733e-47,9927.051530792365,0.9967586640797594,3.6822830599669613e-34
1405020,0.0,-1.5627982355086812e-47,9927.051530792365,0.9967586640797594,3.681806746343747e-34
1405080,0.0,-1.5625959419036295e-47,9927.051530792365,0.9967586640797594,3.681330432720533e-34
1405140,0.0,-1.562393648298578e-47,9927.051530792365,0.9967586640797594,3.680854119097319e-34
1405200,0.0,-1.5621913546935262e-47,9927.051530792365,0.9967586640797594,3.6803778054741047e-34
1405260,0.0,-1.5619890610884747e-47,9927.051530792365,0.9967586640797594,3.6799014918508905e-34
1405320,0.0,-1.561786767483423e-47,9927.051530792365,0.9967586640797594,3.6794251782276767e-34
1405380,0.0,-1.5615844738783714e-47,9927.051530792365,0.9967586640797594,3.6789488646044624e-34
1405440,0.0,-1.5613821802733197e-47,9927.051530792365,0.9967586640797594,3.678472550981248e-34
1405500,0.0,-1.5611798866682681e-47,9927.051530792365,0.9967586640797594,3.677996237358034e-34
1405560,0.0,-1.5609775930632164e-47,9927.051530792365,0.9967586640797594,3.67751992373482e-34
1405620,0.0,-1.560775299458165e-47,9927.051530792365,0.9967586640797594,3.6770436101116063e-34
1405680,0.0,-1.5605730058531134e-47,9927.051530792365,0.9967586640797594,3.676567296488392e-34
1405740,0.0,-1.5603707122480616e-47,9927.051530792365,0.9967586640797594,3.6760909828651783e-34
1405800,0.0,-1.5601684186430099e-47,9927.051530792365,0.9967586640797594,3.675614669241964e-34
1405860,0.0,-1.5599661250379583e-47,9927.051530792365,0.9967586640797594,3.67513835561875e-34
1405920,0.0,-1.5597638314329066e-47,9927.051530792365,0.9967586640797594,3.6746620419955356e-34
1405980,0.0,-1.559561537827855e-47,9927.051530792365,0.9967586640797594,3.6741857283723218e-34
1406040,0.0,-1.5593592442228033e-47,9927.051530792365,0.9967586640797594,3.6737094147491075e-34
1406100,0.0,-1.5591569506177518e-47,9927.051530792365,0.9967586640797594,3.6732331011258933e-34
1406160,0.0,-1.5589546570127e-47,9927.051530792365,0.9967586640797594,3.672756787502679e-34
1406220,0.0,-1.5587523634076485e-47,9927.051530792365,0.9967586640797594,3.6722804738794652e-34
1406280,0.0,-1.5585500698025968e-47,9927.051530792365,0.9967586640797594,3.671804160256251e-34
1406340,0.0,-1.558347776197545e-47,9927.051530792365,0.9967586640797594,3.6713278466330368e-34
1406400,0.0,-1.5581454825924935e-47,9927.051530792365,0.9967586640797594,3.670851533009823e-34
1406460,0.0,-1.5579431889874418e-47,9927.051530792365,0.9967586640797594,3.6703752193866087e-34
1406520,0.0,-1.5577408953823902e-47,9927.051530792365,0.9967586640797594,3.6698989057633945e-34
1406580,0.0,-1.5575386017773385e-47,9927.051530792365,0.9967586640797594,3.6694225921401802e-34
1406640,0.0,-1.557336308172287e-47,9927.051530792365,0.9967586640797594,3.6689462785169664e-34
1406700,0.0,-1.5571340145672352e-47,9927.051530792365,0.9967586640797594,3.668469964893752e-34
1406760,0.0,-1.5569317209621837e-47,9927.051530792365,0.9967586640797594,3.667993651270538e-34
1406820,0.0,-1.556729427357132e-47,9927.051530792365,0.9967586640797594,3.6675173376473237e-34
1406880,0.0,-1.5565271337520802e-47,9927.051530792365,0.9967586640797594,3.66704102402411e-34
1406940,0.0,-1.5563248401470287e-47,9927.051530792365,0.9967586640797594,3.6665647104008956e-34
1407000,0.0,-1.556122546541977e-47,9927.051530792365,0.9967586640797594,3.6660883967776814e-34
1407060,0.0,-1.5559202529369254e-47,9927.051530792365,0.9967586640797594,3.665612083154467e-34
1407120,0.0,-1.5557179593318737e-47,9927.051530792365,0.9967586640797594,3.6651357695312534e-34
1407180,0.0,-1.5555156657268222e-47,9927.051530792365,0.9967586640797594,3.664659455908039e-34
1407240,0.0,-1.5553133721217704e-47,9927.051530792365,0.9967586640797594,3.664183142284825e-34
1407300,0.0,-1.555111078516719e-47,9927.051530792365,0.9967586640797594,3.6637068286616115e-34
1407360,0.0,-1.5549087849116674e-47,9927.051530792365,0.9967586640797594,3.6632305150383973e-34
1407420,0.0,-1.5547064913066156e-47,9927.051530792365,0.9967586640797594,3.662754201415183e-34
1407480,0.0,-1.554504197701564e-47,9927.051530792365,0.9967586640797594,3.6622778877919688e-34
1407540,0.0,-1.5543019040965123e-47,9927.051530792365,0.9967586640797594,3.661801574168755e-34
1407600,0.0,-1.5540996104914608e-47,9927.051530792365,0.9967586640797594,3.6613252605455407e-34
1407660,0.0,-1.553897316886409e-47,9927.051530792365,0.9967586640797594,3.6608489469223265e-34
1407720,0.0,-1.5536950232813573e-47,9927.051530792365,0.9967586640797594,3.6603726332991122e-34
1407780,0.0,-1.5534927296763058e-47,9927.051530792365,0.9967586640797594,3.6598963196758984e-34
1407840,0.0,-1.553290436071254e-47,9927.051530792365,0.9967586640797594,3.659420006052684e-34
1407900,0.0,-1.5530881424662025e-47,9927.051530792365,0.9967586640797594,3.65894369242947e-34
1407960,0.0,-1.5528858488611508e-47,9927.051530792365,0.9967586640797594,3.6584673788062557e-34
1408020,0.0,-1.5526835552560993e-47,9927.051530792365,0.9967586640797594,3.657991065183042e-34
1408080,0.0,-1.5524812616510475e-47,9927.051530792365,0.9967586640797594,3.6575147515598277e-34
1408140,0.0,-1.552278968045996e-47,9927.051530792365,0.9967586640797594,3.6570384379366134e-34
1408200,0.0,-1.5520766744409443e-47,9927.051530792365,0.9967586640797594,3.6565621243133996e-34
1408260,0.0,-1.5518743808358925e-47,9927.051530792365,0.9967586640797594,3.6560858106901854e-34
1408320,0.0,-1.551672087230841e-47,9927.051530792365,0.9967586640797594,3.655609497066971e-34
1408380,0.0,-1.5514697936257892e-47,9927.051530792365,0.9967586640797594,3.655133183443757e-34
1408440,0.0,-1.5512675000207377e-47,9927.051530792365,0.9967586640797594,3.654656869820543e-34
1408500,0.0,-1.551065206415686e-47,9927.051530792365,0.9967586640797594,3.654180556197329e-34
1408560,0.0,-1.5508629128106344e-47,9927.051530792365,0.9967586640797594,3.6537042425741146e-34
1408620,0.0,-1.5506606192055827e-47,9927.051530792365,0.9967586640797594,3.6532279289509004e-34
1408680,0.0,-1.550458325600531e-47,9927.051530792365,0.9967586640797594,3.6527516153276866e-34
1408740,0.0,-1.5502560319954794e-47,9927.051530792365,0.9967586640797594,3.6522753017044723e-34
1408800,0.0,-1.5500537383904277e-47,9927.051530792365,0.9967586640797594,3.651798988081258e-34
1408860,0.0,-1.5498514447853762e-47,9927.051530792365,0.9967586640797594,3.651322674458044e-34
1408920,0.0,-1.5496491511803244e-47,9927.051530792365,0.9967586640797594,3.65084636083483e-34
1408980,0.0,-1.549446857575273e-47,9927.051530792365,0.9967586640797594,3.6503700472116162e-34
1409040,0.0,-1.5492445639702214e-47,9927.051530792365,0.9967586640797594,3.649893733588402e-34
1409100,0.0,-1.5490422703651696e-47,9927.051530792365,0.9967586640797594,3.649417419965188e-34
1409160,0.0,-1.548839976760118e-47,9927.051530792365,0.9967586640797594,3.648941106341974e-34
1409220,0.0,-1.5486376831550664e-47,9927.051530792365,0.9967586640797594,3.6484647927187597e-34
1409280,0.0,-1.5484353895500148e-47,9927.051530792365,0.9967586640797594,3.6479884790955455e-34
1409340,0.0,-1.548233095944963e-47,9927.051530792365,0.9967586640797594,3.6475121654723316e-34
1409400,0.0,-1.5480308023399116e-47,9927.051530792365,0.9967586640797594,3.6470358518491174e-34
1409460,0.0,-1.5478285087348598e-47,9927.051530792365,0.9967586640797594,3.646559538225903e-34
1409520,0.0,-1.547626215129808e-47,9927.051530792365,0.9967586640797594,3.646083224602689e-34
1409580,0.0,-1.5474239215247565e-47,9927.051530792365,0.9967586640797594,3.645606910979475e-34
1409640,0.0,-1.5472216279197048e-47,9927.051530792365,0.9967586640797594,3.645130597356261e-34
1409700,0.0,-1.5470193343146533e-47,9927.051530792365,0.9967586640797594,3.6446542837330466e-34
1409760,0.0,-1.5468170407096015e-47,9927.051530792365,0.9967586640797594,3.6441779701098324e-34
1409820,0.0,-1.54661474710455e-47,9927.051530792365,0.9967586640797594,3.6437016564866186e-34
1409880,0.0,-1.5464124534994983e-47,9927.051530792365,0.9967586640797594,3.6432253428634044e-34
1409940,0.0,-1.5462101598944467e-47,9927.051530792365,0.9967586640797594,3.64274902924019e-34
1410000,0.0,-1.546007866289395e-47,9927.051530792365,0.9967586640797594,3.6422727156169763e-34
1410060,0.0,-1.5458055726843432e-47,9927.051530792365,0.9967586640797594,3.641796401993762e-34
1410120,0.0,-1.5456032790792917e-47,9927.051530792365,0.9967586640797594,3.641320088370548e-34
1410180,0.0,-1.54540098547424e-47,9927.051530792365,0.9967586640797594,3.6408437747473336e-34
1410240,0.0,-1.5451986918691885e-47,9927.051530792365,0.9967586640797594,3.6403674611241198e-34
1410300,0.0,-1.5449963982641367e-47,9927.051530792365,0.9967586640797594,3.6398911475009055e-34
1410360,0.0,-1.5447941046590852e-47,9927.051530792365,0.9967586640797594,3.6394148338776913e-34
1410420,0.0,-1.5445918110540334e-47,9927.051530792365,0.9967586640797594,3.638938520254477e-34
1410480,0.0,-1.544389517448982e-47,9927.051530792365,0.9967586640797594,3.6384622066312632e-34
1410540,0.0,-1.5441872238439302e-47,9927.051530792365,0.9967586640797594,3.637985893008049e-34
1410600,0.0,-1.5439849302388784e-47,9927.051530792365,0.9967586640797594,3.6375095793848348e-34
1410660,0.0,-1.5437826366338271e-47,9927.051530792365,0.9967586640797594,3.637033265761621e-34
1410720,0.0,-1.5435803430287754e-47,9927.051530792365,0.9967586640797594,3.636556952138407e-34
1410780,0.0,-1.5433780494237239e-47,9927.051530792365,0.9967586640797594,3.636080638515193e-34
1410840,0.0,-1.543175755818672e-47,9927.051530792365,0.9967586640797594,3.6356043248919787e-34
1410900,0.0,-1.5429734622136204e-47,9927.051530792365,0.9967586640797594,3.635128011268765e-34
1410960,0.0,-1.5427711686085688e-47,9927.051530792365,0.9967586640797594,3.6346516976455506e-34
1411020,0.0,-1.542568875003517e-47,9927.051530792365,0.9967586640797594,3.6341753840223364e-34
1411080,0.0,-1.5423665813984656e-47,9927.051530792365,0.9967586640797594,3.633699070399122e-34
1411140,0.0,-1.5421642877934138e-47,9927.051530792365,0.9967586640797594,3.6332227567759083e-34
1411200,0.0,-1.5419619941883623e-47,9927.051530792365,0.9967586640797594,3.632746443152694e-34
1411260,0.0,-1.5417597005833106e-47,9927.051530792365,0.9967586640797594,3.63227012952948e-34
1411320,0.0,-1.541557406978259e-47,9927.051530792365,0.9967586640797594,3.6317938159062656e-34
1411380,0.0,-1.5413551133732073e-47,9927.051530792365,0.9967586640797594,3.631317502283052e-34
1411440,0.0,-1.5411528197681555e-47,9927.051530792365,0.9967586640797594,3.6308411886598376e-34
1411500,0.0,-1.540950526163104e-47,9927.051530792365,0.9967586640797594,3.6303648750366233e-34
1411560,0.0,-1.5407482325580523e-47,9927.051530792365,0.9967586640797594,3.629888561413409e-34
1411620,0.0,-1.5405459389530007e-47,9927.051530792365,0.9967586640797594,3.6294122477901953e-34
1411680,0.0,-1.540343645347949e-47,9927.051530792365,0.9967586640797594,3.628935934166981e-34
1411740,0.0,-1.5401413517428975e-47,9927.051530792365,0.9967586640797594,3.628459620543767e-34
1411800,0.0,-1.5399390581378457e-47,9927.051530792365,0.9967586640797594,3.627983306920553e-34
1411860,0.0,-1.539736764532794e-47,9927.051530792365,0.9967586640797594,3.6275069932973387e-34
1411920,0.0,-1.5395344709277425e-47,9927.051530792365,0.9967586640797594,3.6270306796741245e-34
1411980,0.0,-1.5393321773226907e-47,9927.051530792365,0.9967586640797594,3.6265543660509103e-34
1412040,0.0,-1.5391298837176392e-47,9927.051530792365,0.9967586640797594,3.6260780524276965e-34
1412100,0.0,-1.5389275901125874e-47,9927.051530792365,0.9967586640797594,3.6256017388044822e-34
1412160,0.0,-1.538725296507536e-47,9927.051530792365,0.9967586640797594,3.625125425181268e-34
1412220,0.0,-1.5385230029024842e-47,9927.051530792365,0.9967586640797594,3.6246491115580537e-34
1412280,0.0,-1.5383207092974326e-47,9927.051530792365,0.9967586640797594,3.62417279793484e-34
1412340,0.0,-1.5381184156923811e-47,9927.051530792365,0.9967586640797594,3.623696484311626e-34
1412400,0.0,-1.5379161220873294e-47,9927.051530792365,0.9967586640797594,3.623220170688412e-34
1412460,0.0,-1.5377138284822779e-47,9927.051530792365,0.9967586640797594,3.622743857065198e-34
1412520,0.0,-1.537511534877226e-47,9927.051530792365,0.9967586640797594,3.622267543441984e-34
1412580,0.0,-1.5373092412721746e-47,9927.051530792365,0.9967586640797594,3.6217912298187696e-34
1412640,0.0,-1.5371069476671228e-47,9927.051530792365,0.9967586640797594,3.6213149161955553e-34
1412700,0.0,-1.536904654062071e-47,9927.051530792365,0.9967586640797594,3.6208386025723415e-34
1412760,0.0,-1.5367023604570196e-47,9927.051530792365,0.9967586640797594,3.6203622889491273e-34
1412820,0.0,-1.5365000668519678e-47,9927.051530792365,0.9967586640797594,3.619885975325913e-34
1412880,0.0,-1.5362977732469163e-47,9927.051530792365,0.9967586640797594,3.619409661702699e-34
1412940,0.0,-1.5360954796418646e-47,9927.051530792365,0.9967586640797594,3.618933348079485e-34
1413000,0.0,-1.535893186036813e-47,9927.051530792365,0.9967586640797594,3.6184570344562708e-34
1413060,0.0,-1.5356908924317613e-47,9927.051530792365,0.9967586640797594,3.6179807208330565e-34
1413120,0.0,-1.5354885988267098e-47,9927.051530792365,0.9967586640797594,3.6175044072098423e-34
1413180,0.0,-1.535286305221658e-47,9927.051530792365,0.9967586640797594,3.6170280935866285e-34
1413240,0.0,-1.5350840116166063e-47,9927.051530792365,0.9967586640797594,3.6165517799634142e-34
1413300,0.0,-1.5348817180115547e-47,9927.051530792365,0.9967586640797594,3.6160754663402e-34
1413360,0.0,-1.534679424406503e-47,9927.051530792365,0.9967586640797594,3.6155991527169858e-34
1413420,0.0,-1.5344771308014515e-47,9927.051530792365,0.9967586640797594,3.615122839093772e-34
1413480,0.0,-1.5342748371963997e-47,9927.051530792365,0.9967586640797594,3.6146465254705577e-34
1413540,0.0,-1.5340725435913482e-47,9927.051530792365,0.9967586640797594,3.6141702118473435e-34
1413600,0.0,-1.5338702499862965e-47,9927.051530792365,0.9967586640797594,3.6136938982241297e-34
1413660,0.0,-1.533667956381245e-47,9927.051530792365,0.9967586640797594,3.6132175846009154e-34
1413720,0.0,-1.5334656627761932e-47,9927.051530792365,0.9967586640797594,3.612741270977701e-34
1413780,0.0,-1.5332633691711414e-47,9927.051530792365,0.9967586640797594,3.612264957354487e-34
1413840,0.0,-1.53306107556609e-47,9927.051530792365,0.9967586640797594,3.611788643731273e-34
1413900,0.0,-1.5328587819610382e-47,9927.051530792365,0.9967586640797594,3.611312330108059e-34
1413960,0.0,-1.532656488355987e-47,9927.051530792365,0.9967586640797594,3.610836016484845e-34
1414020,0.0,-1.5324541947509351e-47,9927.051530792365,0.9967586640797594,3.610359702861631e-34
1414080,0.0,-1.5322519011458834e-47,9927.051530792365,0.9967586640797594,3.609883389238417e-34
1414140,0.0,-1.5320496075408319e-47,9927.051530792365,0.9967586640797594,3.609407075615203e-34
1414200,0.0,-1.53184731393578e-47,9927.051530792365,0.9967586640797594,3.6089307619919886e-34
1414260,0.0,-1.5316450203307286e-47,9927.051530792365,0.9967586640797594,3.6084544483687747e-34
1414320,0.0,-1.5314427267256768e-47,9927.051530792365,0.9967586640797594,3.6079781347455605e-34
1414380,0.0,-1.5312404331206253e-47,9927.051530792365,0.9967586640797594,3.6075018211223463e-34
1414440,0.0,-1.5310381395155736e-47,9927.051530792365,0.9967586640797594,3.607025507499132e-34
1414500,0.0,-1.5308358459105218e-47,9927.051530792365,0.9967586640797594,3.6065491938759182e-34
1414560,0.0,-1.5306335523054703e-47,9927.051530792365,0.9967586640797594,3.606072880252704e-34
1414620,0.0,-1.5304312587004186e-47,9927.051530792365,0.9967586640797594,3.6055965666294897e-34
1414680,0.0,-1.530228965095367e-47,9927.051530792365,0.9967586640797594,3.6051202530062755e-34
1414740,0.0,-1.5300266714903153e-47,9927.051530792365,0.9967586640797594,3.6046439393830617e-34
1414800,0.0,-1.5298243778852638e-47,9927.051530792365,0.9967586640797594,3.6041676257598474e-34
1414860,0.0,-1.529622084280212e-47,9927.051530792365,0.9967586640797594,3.603691312136633e-34
1414920,0.0,-1.5294197906751605e-47,9927.051530792365,0.9967586640797594,3.603214998513419e-34
1414980,0.0,-1.5292174970701088e-47,9927.051530792365,0.9967586640797594,3.602738684890205e-34
1415040,0.0,-1.529015203465057e-47,9927.051530792365,0.9967586640797594,3.602262371266991e-34
1415100,0.0,-1.5288129098600055e-47,9927.051530792365,0.9967586640797594,3.6017860576437767e-34
1415160,0.0,-1.5286106162549537e-47,9927.051530792365,0.9967586640797594,3.6013097440205624e-34
1415220,0.0,-1.5284083226499022e-47,9927.051530792365,0.9967586640797594,3.6008334303973486e-34
1415280,0.0,-1.5282060290448505e-47,9927.051530792365,0.9967586640797594,3.6003571167741344e-34
1415340,0.0,-1.528003735439799e-47,9927.051530792365,0.9967586640797594,3.59988080315092e-34
1415400,0.0,-1.5278014418347472e-47,9927.051530792365,0.9967586640797594,3.5994044895277063e-34
1415460,0.0,-1.5275991482296957e-47,9927.051530792365,0.9967586640797594,3.598928175904492e-34
1415520,0.0,-1.527396854624644e-47,9927.051530792365,0.9967586640797594,3.598451862281278e-34
1415580,0.0,-1.5271945610195922e-47,9927.051530792365,0.9967586640797594,3.5979755486580636e-34
1415640,0.0,-1.526992267414541e-47,9927.051530792365,0.9967586640797594,3.5974992350348502e-34
1415700,0.0,-1.5267899738094891e-47,9927.051530792365,0.9967586640797594,3.597022921411636e-34
1415760,0.0,-1.5265876802044376e-47,9927.051530792365,0.9967586640797594,3.5965466077884218e-34
1415820,0.0,-1.5263853865993859e-47,9927.051530792365,0.9967586640797594,3.5960702941652075e-34
1415880,0.0,-1.526183092994334e-47,9927.051530792365,0.9967586640797594,3.5955939805419937e-34
1415940,0.0,-1.5259807993892826e-47,9927.051530792365,0.9967586640797594,3.5951176669187795e-34
1416000,0.0,-1.5257785057842309e-47,9927.051530792365,0.9967586640797594,3.5946413532955652e-34
1416060,0.0,-1.5255762121791793e-47,9927.051530792365,0.9967586640797594,3.5941650396723514e-34
1416120,0.0,-1.5253739185741276e-47,9927.051530792365,0.9967586640797594,3.593688726049137e-34
1416180,0.0,-1.525171624969076e-47,9927.051530792365,0.9967586640797594,3.593212412425923e-34
1416240,0.0,-1.5249693313640243e-47,9927.051530792365,0.9967586640797594,3.5927360988027087e-34
1416300,0.0,-1.5247670377589728e-47,9927.051530792365,0.9967586640797594,3.592259785179495e-34
1416360,0.0,-1.524564744153921e-47,9927.051530792365,0.9967586640797594,3.5917834715562807e-34
1416420,0.0,-1.5243624505488693e-47,9927.051530792365,0.9967586640797594,3.5913071579330664e-34
1416480,0.0,-1.5241601569438178e-47,9927.051530792365,0.9967586640797594,3.590830844309852e-34
1416540,0.0,-1.523957863338766e-47,9927.051530792365,0.9967586640797594,3.5903545306866384e-34
1416600,0.0,-1.5237555697337145e-47,9927.051530792365,0.9967586640797594,3.589878217063424e-34
1416660,0.0,-1.5235532761286628e-47,9927.051530792365,0.9967586640797594,3.58940190344021e-34
1416720,0.0,-1.5233509825236112e-47,9927.051530792365,0.9967586640797594,3.5889255898169957e-34
1416780,0.0,-1.5231486889185595e-47,9927.051530792365,0.9967586640797594,3.588449276193782e-34
1416840,0.0,-1.522946395313508e-47,9927.051530792365,0.9967586640797594,3.5879729625705676e-34
1416900,0.0,-1.5227441017084562e-47,9927.051530792365,0.9967586640797594,3.5874966489473534e-34
1416960,0.0,-1.5225418081034045e-47,9927.051530792365,0.9967586640797594,3.5870203353241396e-34
1417020,0.0,-1.522339514498353e-47,9927.051530792365,0.9967586640797594,3.5865440217009253e-34
1417080,0.0,-1.5221372208933012e-47,9927.051530792365,0.9967586640797594,3.586067708077711e-34
1417140,0.0,-1.5219349272882497e-47,9927.051530792365,0.9967586640797594,3.585591394454497e-34
1417200,0.0,-1.521732633683198e-47,9927.051530792365,0.9967586640797594,3.585115080831283e-34
1417260,0.0,-1.5215303400781464e-47,9927.051530792365,0.9967586640797594,3.5846387672080688e-34
1417320,0.0,-1.521328046473095e-47,9927.051530792365,0.9967586640797594,3.584162453584855e-34
1417380,0.0,-1.5211257528680431e-47,9927.051530792365,0.9967586640797594,3.5836861399616407e-34
1417440,0.0,-1.5209234592629916e-47,9927.051530792365,0.9967586640797594,3.583209826338427e-34
1417500,0.0,-1.5207211656579399e-47,9927.051530792365,0.9967586640797594,3.5827335127152127e-34
1417560,0.0,-1.5205188720528884e-47,9927.051530792365,0.9967586640797594,3.5822571990919984e-34
1417620,0.0,-1.5203165784478366e-47,9927.051530792365,0.9967586640797594,3.581780885468784e-34
1417680,0.0,-1.5201142848427849e-47,9927.051530792365,0.9967586640797594,3.5813045718455704e-34
1417740,0.0,-1.5199119912377333e-47,9927.051530792365,0.9967586640797594,3.580828258222356e-34
1417800,0.0,-1.5197096976326816e-47,9927.051530792365,0.9967586640797594,3.580351944599142e-34
1417860,0.0,-1.51950740402763e-47,9927.051530792365,0.9967586640797594,3.579875630975928e-34
1417920,0.0,-1.5193051104225783e-47,9927.051530792365,0.9967586640797594,3.579399317352714e-34
1417980,0.0,-1.5191028168175268e-47,9927.051530792365,0.9967586640797594,3.5789230037294996e-34
1418040,0.0,-1.518900523212475e-47,9927.051530792365,0.9967586640797594,3.5784466901062854e-34
1418100,0.0,-1.5186982296074235e-47,9927.051530792365,0.9967586640797594,3.5779703764830716e-34
1418160,0.0,-1.5184959360023718e-47,9927.051530792365,0.9967586640797594,3.5774940628598573e-34
1418220,0.0,-1.51829364239732e-47,9927.051530792365,0.9967586640797594,3.577017749236643e-34
1418280,0.0,-1.5180913487922685e-47,9927.051530792365,0.9967586640797594,3.576541435613429e-34
1418340,0.0,-1.5178890551872168e-47,9927.051530792365,0.9967586640797594,3.576065121990215e-34
1418400,0.0,-1.5176867615821652e-47,9927.051530792365,0.9967586640797594,3.575588808367001e-34
1418460,0.0,-1.5174844679771135e-47,9927.051530792365,0.9967586640797594,3.5751124947437866e-34
1418520,0.0,-1.517282174372062e-47,9927.051530792365,0.9967586640797594,3.5746361811205723e-34
1418580,0.0,-1.5170798807670102e-47,9927.051530792365,0.9967586640797594,3.5741598674973585e-34
1418640,0.0,-1.5168775871619587e-47,9927.051530792365,0.9967586640797594,3.5736835538741443e-34
1418700,0.0,-1.516675293556907e-47,9927.051530792365,0.9967586640797594,3.57320724025093e-34
1418760,0.0,-1.5164729999518552e-47,9927.051530792365,0.9967586640797594,3.5727309266277162e-34
1418820,0.0,-1.5162707063468037e-47,9927.051530792365,0.9967586640797594,3.572254613004502e-34
1418880,0.0,-1.516068412741752e-47,9927.051530792365,0.9967586640797594,3.5717782993812878e-34
1418940,0.0,-1.5158661191367004e-47,9927.051530792365,0.9967586640797594,3.5713019857580735e-34
1419000,0.0,-1.515663825531649e-47,9927.051530792365,0.9967586640797594,3.57082567213486e-34
1419060,0.0,-1.5154615319265971e-47,9927.051530792365,0.9967586640797594,3.570349358511646e-34
1419120,0.0,-1.5152592383215456e-47,9927.051530792365,0.9967586640797594,3.5698730448884317e-34
1419180,0.0,-1.515056944716494e-47,9927.051530792365,0.9967586640797594,3.5693967312652174e-34
1419240,0.0,-1.5148546511114424e-47,9927.051530792365,0.9967586640797594,3.5689204176420036e-34
1419300,0.0,-1.5146523575063906e-47,9927.051530792365,0.9967586640797594,3.5684441040187894e-34
1419360,0.0,-1.514450063901339e-47,9927.051530792365,0.9967586640797594,3.567967790395575e-34
1419420,0.0,-1.5142477702962873e-47,9927.051530792365,0.9967586640797594,3.567491476772361e-34
1419480,0.0,-1.5140454766912358e-47,9927.051530792365,0.9967586640797594,3.567015163149147e-34
1419540,0.0,-1.513843183086184e-47,9927.051530792365,0.9967586640797594,3.566538849525933e-34
1419600,0.0,-1.5136408894811323e-47,9927.051530792365,0.9967586640797594,3.5660625359027186e-34
1419660,0.0,-1.5134385958760808e-47,9927.051530792365,0.9967586640797594,3.5655862222795048e-34
1419720,0.0,-1.513236302271029e-47,9927.051530792365,0.9967586640797594,3.5651099086562905e-34
1419780,0.0,-1.5130340086659775e-47,9927.051530792365,0.9967586640797594,3.5646335950330763e-34
1419840,0.0,-1.5128317150609258e-47,9927.051530792365,0.9967586640797594,3.564157281409862e-34
1419900,0.0,-1.5126294214558743e-47,9927.051530792365,0.9967586640797594,3.5636809677866483e-34
1419960,0.0,-1.5124271278508225e-47,9927.051530792365,0.9967586640797594,3.563204654163434e-34
1420020,0.0,-1.5122248342457708e-47,9927.051530792365,0.9967586640797594,3.5627283405402198e-34
1420080,0.0,-1.5120225406407192e-47,9927.051530792365,0.9967586640797594,3.5622520269170055e-34
1420140,0.0,-1.5118202470356675e-47,9927.051530792365,0.9967586640797594,3.5617757132937917e-34
1420200,0.0,-1.511617953430616e-47,9927.051530792365,0.9967586640797594,3.5612993996705775e-34
1420260,0.0,-1.5114156598255642e-47,9927.051530792365,0.9967586640797594,3.5608230860473633e-34
1420320,0.0,-1.5112133662205127e-47,9927.051530792365,0.9967586640797594,3.560346772424149e-34
1420380,0.0,-1.511011072615461e-47,9927.051530792365,0.9967586640797594,3.559870458800935e-34
1420440,0.0,-1.5108087790104094e-47,9927.051530792365,0.9967586640797594,3.559394145177721e-34
1420500,0.0,-1.5106064854053577e-47,9927.051530792365,0.9967586640797594,3.5589178315545067e-34
1420560,0.0,-1.510404191800306e-47,9927.051530792365,0.9967586640797594,3.558441517931293e-34
1420620,0.0,-1.5102018981952544e-47,9927.051530792365,0.9967586640797594,3.5579652043080787e-34
1420680,0.0,-1.509999604590203e-47,9927.051530792365,0.9967586640797594,3.557488890684865e-34
1420740,0.0,-1.5097973109851514e-47,9927.051530792365,0.9967586640797594,3.5570125770616506e-34
1420800,0.0,-1.5095950173800996e-47,9927.051530792365,0.9967586640797594,3.556536263438437e-34
1420860,0.0,-1.509392723775048e-47,9927.051530792365,0.9967586640797594,3.5560599498152226e-34
1420920,0.0,-1.5091904301699964e-47,9927.051530792365,0.9967586640797594,3.5555836361920083e-34
1420980,0.0,-1.5089881365649446e-47,9927.051530792365,0.9967586640797594,3.555107322568794e-34
1421040,0.0,-1.508785842959893e-47,9927.051530792365,0.9967586640797594,3.5546310089455803e-34
1421100,0.0,-1.5085835493548413e-47,9927.051530792365,0.9967586640797594,3.554154695322366e-34
1421160,0.0,-1.5083812557497898e-47,9927.051530792365,0.9967586640797594,3.553678381699152e-34
1421220,0.0,-1.508178962144738e-47,9927.051530792365,0.9967586640797594,3.553202068075938e-34
1421280,0.0,-1.5079766685396866e-47,9927.051530792365,0.9967586640797594,3.5527257544527238e-34
1421340,0.0,-1.5077743749346348e-47,9927.051530792365,0.9967586640797594,3.5522494408295095e-34
1421400,0.0,-1.507572081329583e-47,9927.051530792365,0.9967586640797594,3.5517731272062953e-34
1421460,0.0,-1.5073697877245315e-47,9927.051530792365,0.9967586640797594,3.5512968135830815e-34
1421520,0.0,-1.5071674941194798e-47,9927.051530792365,0.9967586640797594,3.5508204999598672e-34
1421580,0.0,-1.5069652005144283e-47,9927.051530792365,0.9967586640797594,3.550344186336653e-34
1421640,0.0,-1.5067629069093765e-47,9927.051530792365,0.9967586640797594,3.5498678727134387e-34
1421700,0.0,-1.506560613304325e-47,9927.051530792365,0.9967586640797594,3.549391559090225e-34
1421760,0.0,-1.5063583196992733e-47,9927.051530792365,0.9967586640797594,3.5489152454670107e-34
1421820,0.0,-1.5061560260942217e-47,9927.051530792365,0.9967586640797594,3.5484389318437965e-34
1421880,0.0,-1.50595373248917e-47,9927.051530792365,0.9967586640797594,3.5479626182205822e-34
1421940,0.0,-1.5057514388841182e-47,9927.051530792365,0.9967586640797594,3.5474863045973684e-34
1422000,0.0,-1.5055491452790667e-47,9927.051530792365,0.9967586640797594,3.547009990974154e-34
1422060,0.0,-1.505346851674015e-47,9927.051530792365,0.9967586640797594,3.54653367735094e-34
1422120,0.0,-1.5051445580689634e-47,9927.051530792365,0.9967586640797594,3.5460573637277257e-34
1422180,0.0,-1.5049422644639117e-47,9927.051530792365,0.9967586640797594,3.545581050104512e-34
1422240,0.0,-1.5047399708588602e-47,9927.051530792365,0.9967586640797594,3.5451047364812976e-34
1422300,0.0,-1.5045376772538084e-47,9927.051530792365,0.9967586640797594,3.5446284228580834e-34
1422360,0.0,-1.504335383648757e-47,9927.051530792365,0.9967586640797594,3.54415210923487e-34
1422420,0.0,-1.5041330900437054e-47,9927.051530792365,0.9967586640797594,3.5436757956116558e-34
1422480,0.0,-1.5039307964386536e-47,9927.051530792365,0.9967586640797594,3.5431994819884415e-34
1422540,0.0,-1.5037285028336021e-47,9927.051530792365,0.9967586640797594,3.5427231683652273e-34
1422600,0.0,-1.5035262092285504e-47,9927.051530792365,0.9967586640797594,3.5422468547420135e-34
1422660,0.0,-1.5033239156234989e-47,9927.051530792365,0.9967586640797594,3.5417705411187993e-34
1422720,0.0,-1.503121622018447e-47,9927.051530792365,0.9967586640797594,3.541294227495585e-34
1422780,0.0,-1.5029193284133954e-47,9927.051530792365,0.9967586640797594,3.5408179138723708e-34
1422840,0.0,-1.5027170348083438e-47,9927.051530792365,0.9967586640797594,3.540341600249157e-34
1422900,0.0,-1.502514741203292e-47,9927.051530792365,0.9967586640797594,3.5398652866259427e-34
1422960,0.0,-1.5023124475982406e-47,9927.051530792365,0.9967586640797594,3.5393889730027285e-34
1423020,0.0,-1.5021101539931888e-47,9927.051530792365,0.9967586640797594,3.5389126593795147e-34
1423080,0.0,-1.5019078603881373e-47,9927.051530792365,0.9967586640797594,3.5384363457563004e-34
1423140,0.0,-1.5017055667830855e-47,9927.051530792365,0.9967586640797594,3.537960032133086e-34
1423200,0.0,-1.5015032731780338e-47,9927.051530792365,0.9967586640797594,3.537483718509872e-34
1423260,0.0,-1.5013009795729823e-47,9927.051530792365,0.9967586640797594,3.537007404886658e-34
1423320,0.0,-1.5010986859679305e-47,9927.051530792365,0.9967586640797594,3.536531091263444e-34
1423380,0.0,-1.500896392362879e-47,9927.051530792365,0.9967586640797594,3.5360547776402297e-34
1423440,0.0,-1.5006940987578273e-47,9927.051530792365,0.9967586640797594,3.5355784640170154e-34
1423500,0.0,-1.5004918051527757e-47,9927.051530792365,0.9967586640797594,3.5351021503938016e-34
1423560,0.0,-1.500289511547724e-47,9927.051530792365,0.9967586640797594,3.5346258367705874e-34
1423620,0.0,-1.5000872179426725e-47,9927.051530792365,0.9967586640797594,3.534149523147373e-34
1423680,0.0,-1.4998849243376207e-47,9927.051530792365,0.9967586640797594,3.533673209524159e-34
1423740,0.0,-1.499682630732569e-47,9927.051530792365,0.9967586640797594,3.533196895900945e-34
1423800,0.0,-1.4994803371275175e-47,9927.051530792365,0.9967586640797594,3.532720582277731e-34
1423860,0.0,-1.4992780435224657e-47,9927.051530792365,0.9967586640797594,3.5322442686545166e-34
1423920,0.0,-1.4990757499174142e-47,9927.051530792365,0.9967586640797594,3.5317679550313024e-34
1423980,0.0,-1.4988734563123624e-47,9927.051530792365,0.9967586640797594,3.5312916414080886e-34
1424040,0.0,-1.498671162707311e-47,9927.051530792365,0.9967586640797594,3.5308153277848747e-34
1424100,0.0,-1.4984688691022594e-47,9927.051530792365,0.9967586640797594,3.5303390141616605e-34
1424160,0.0,-1.4982665754972076e-47,9927.051530792365,0.9967586640797594,3.5298627005384467e-34
1424220,0.0,-1.4980642818921561e-47,9927.051530792365,0.9967586640797594,3.5293863869152325e-34
1424280,0.0,-1.4978619882871044e-47,9927.051530792365,0.9967586640797594,3.5289100732920182e-34
1424340,0.0,-1.4976596946820529e-47,9927.051530792365,0.9967586640797594,3.528433759668804e-34
1424400,0.0,-1.497457401077001e-47,9927.051530792365,0.9967586640797594,3.52795744604559e-34
1424460,0.0,-1.4972551074719496e-47,9927.051530792365,0.9967586640797594,3.527481132422376e-34
1424520,0.0,-1.4970528138668978e-47,9927.051530792365,0.9967586640797594,3.5270048187991617e-34
1424580,0.0,-1.496850520261846e-47,9927.051530792365,0.9967586640797594,3.5265285051759475e-34
1424640,0.0,-1.4966482266567946e-47,9927.051530792365,0.9967586640797594,3.5260521915527336e-34
1424700,0.0,-1.4964459330517428e-47,9927.051530792365,0.9967586640797594,3.5255758779295194e-34
1424760,0.0,-1.4962436394466913e-47,9927.051530792365,0.9967586640797594,3.525099564306305e-34
1424820,0.0,-1.4960413458416396e-47,9927.051530792365,0.9967586640797594,3.5246232506830914e-34
1424880,0.0,-1.495839052236588e-47,9927.051530792365,0.9967586640797594,3.524146937059877e-34
1424940,0.0,-1.4956367586315363e-47,9927.051530792365,0.9967586640797594,3.523670623436663e-34
1425000,0.0,-1.4954344650264848e-47,9927.051530792365,0.9967586640797594,3.5231943098134486e-34
1425060,0.0,-1.495232171421433e-47,9927.051530792365,0.9967586640797594,3.522717996190235e-34
1425120,0.0,-1.4950298778163813e-47,9927.051530792365,0.9967586640797594,3.5222416825670206e-34
1425180,0.0,-1.4948275842113297e-47,9927.051530792365,0.9967586640797594,3.5217653689438063e-34
1425240,0.0,-1.494625290606278e-47,9927.051530792365,0.9967586640797594,3.521289055320592e-34
1425300,0.0,-1.4944229970012265e-47,9927.051530792365,0.9967586640797594,3.5208127416973783e-34
1425360,0.0,-1.4942207033961747e-47,9927.051530792365,0.9967586640797594,3.520336428074164e-34
1425420,0.0,-1.4940184097911232e-47,9927.051530792365,0.9967586640797594,3.51986011445095e-34
1425480,0.0,-1.4938161161860715e-47,9927.051530792365,0.9967586640797594,3.5193838008277356e-34
1425540,0.0,-1.49361382258102e-47,9927.051530792365,0.9967586640797594,3.5189074872045218e-34
1425600,0.0,-1.4934115289759682e-47,9927.051530792365,0.9967586640797594,3.5184311735813075e-34
1425660,0.0,-1.4932092353709167e-47,9927.051530792365,0.9967586640797594,3.5179548599580937e-34
1425720,0.0,-1.4930069417658652e-47,9927.051530792365,0.9967586640797594,3.51747854633488e-34
1425780,0.0,-1.4928046481608134e-47,9927.051530792365,0.9967586640797594,3.5170022327116657e-34
1425840,0.0,-1.4926023545557616e-47,9927.051530792365,0.9967586640797594,3.5165259190884514e-34
1425900,0.0,-1.4924000609507101e-47,9927.051530792365,0.9967586640797594,3.516049605465237e-34
1425960,0.0,-1.4921977673456584e-47,9927.051530792365,0.9967586640797594,3.5155732918420234e-34
1426020,0.0,-1.4919954737406069e-47,9927.051530792365,0.9967586640797594,3.515096978218809e-34
1426080,0.0,-1.491793180135555e-47,9927.051530792365,0.9967586640797594,3.514620664595595e-34
1426140,0.0,-1.4915908865305036e-47,9927.051530792365,0.9967586640797594,3.5141443509723807e-34
1426200,0.0,-1.4913885929254518e-47,9927.051530792365,0.9967586640797594,3.513668037349167e-34
1426260,0.0,-1.4911862993204003e-47,9927.051530792365,0.9967586640797594,3.5131917237259526e-34
1426320,0.0,-1.4909840057153486e-47,9927.051530792365,0.9967586640797594,3.5127154101027384e-34
1426380,0.0,-1.4907817121102968e-47,9927.051530792365,0.9967586640797594,3.512239096479524e-34
1426440,0.0,-1.4905794185052453e-47,9927.051530792365,0.9967586640797594,3.5117627828563103e-34
1426500,0.0,-1.4903771249001936e-47,9927.051530792365,0.9967586640797594,3.511286469233096e-34
1426560,0.0,-1.490174831295142e-47,9927.051530792365,0.9967586640797594,3.510810155609882e-34
1426620,0.0,-1.4899725376900903e-47,9927.051530792365,0.9967586640797594,3.510333841986668e-34
1426680,0.0,-1.4897702440850388e-47,9927.051530792365,0.9967586640797594,3.509857528363454e-34
1426740,0.0,-1.489567950479987e-47,9927.051530792365,0.9967586640797594,3.5093812147402396e-34
1426800,0.0,-1.4893656568749355e-47,9927.051530792365,0.9967586640797594,3.5089049011170253e-34
1426860,0.0,-1.4891633632698837e-47,9927.051530792365,0.9967586640797594,3.5084285874938115e-34
1426920,0.0,-1.488961069664832e-47,9927.051530792365,0.9967586640797594,3.5079522738705973e-34
1426980,0.0,-1.4887587760597805e-47,9927.051530792365,0.9967586640797594,3.507475960247383e-34
1427040,0.0,-1.4885564824547287e-47,9927.051530792365,0.9967586640797594,3.506999646624169e-34
1427100,0.0,-1.4883541888496772e-47,9927.051530792365,0.9967586640797594,3.506523333000955e-34
1427160,0.0,-1.4881518952446255e-47,9927.051530792365,0.9967586640797594,3.5060470193777407e-34
1427220,0.0,-1.487949601639574e-47,9927.051530792365,0.9967586640797594,3.5055707057545265e-34
1427280,0.0,-1.4877473080345222e-47,9927.051530792365,0.9967586640797594,3.5050943921313123e-34
1427340,0.0,-1.4875450144294707e-47,9927.051530792365,0.9967586640797594,3.504618078508099e-34
1427400,0.0,-1.4873427208244192e-47,9927.051530792365,0.9967586640797594,3.5041417648848846e-34
1427460,0.0,-1.4871404272193674e-47,9927.051530792365,0.9967586640797594,3.5036654512616704e-34
1427520,0.0,-1.486938133614316e-47,9927.051530792365,0.9967586640797594,3.5031891376384566e-34
1427580,0.0,-1.4867358400092641e-47,9927.051530792365,0.9967586640797594,3.5027128240152423e-34
1427640,0.0,-1.4865335464042126e-47,9927.051530792365,0.9967586640797594,3.502236510392028e-34
1427700,0.0,-1.4863312527991609e-47,9927.051530792365,0.9967586640797594,3.501760196768814e-34
1427760,0.0,-1.486128959194109e-47,9927.051530792365,0.9967586640797594,3.5012838831456e-34
1427820,0.0,-1.4859266655890576e-47,9927.051530792365,0.9967586640797594,3.500807569522386e-34
1427880,0.0,-1.4857243719840058e-47,9927.051530792365,0.9967586640797594,3.5003312558991716e-34
1427940,0.0,-1.4855220783789543e-47,9927.051530792365,0.9967586640797594,3.4998549422759573e-34
1428000,0.0,-1.4853197847739026e-47,9927.051530792365,0.9967586640797594,3.4993786286527435e-34
1428060,0.0,-1.485117491168851e-47,9927.051530792365,0.9967586640797594,3.4989023150295293e-34
1428120,0.0,-1.4849151975637993e-47,9927.051530792365,0.9967586640797594,3.498426001406315e-34
1428180,0.0,-1.4847129039587478e-47,9927.051530792365,0.9967586640797594,3.497949687783101e-34
1428240,0.0,-1.484510610353696e-47,9927.051530792365,0.9967586640797594,3.497473374159887e-34
1428300,0.0,-1.4843083167486443e-47,9927.051530792365,0.9967586640797594,3.4969970605366728e-34
1428360,0.0,-1.4841060231435928e-47,9927.051530792365,0.9967586640797594,3.4965207469134585e-34
1428420,0.0,-1.483903729538541e-47,9927.051530792365,0.9967586640797594,3.4960444332902447e-34
1428480,0.0,-1.4837014359334895e-47,9927.051530792365,0.9967586640797594,3.4955681196670305e-34
1428540,0.0,-1.4834991423284378e-47,9927.051530792365,0.9967586640797594,3.4950918060438162e-34
1428600,0.0,-1.4832968487233862e-47,9927.051530792365,0.9967586640797594,3.494615492420602e-34
1428660,0.0,-1.4830945551183345e-47,9927.051530792365,0.9967586640797594,3.494139178797388e-34
1428720,0.0,-1.4828922615132827e-47,9927.051530792365,0.9967586640797594,3.493662865174174e-34
1428780,0.0,-1.4826899679082312e-47,9927.051530792365,0.9967586640797594,3.4931865515509597e-34
1428840,0.0,-1.4824876743031795e-47,9927.051530792365,0.9967586640797594,3.4927102379277455e-34
1428900,0.0,-1.482285380698128e-47,9927.051530792365,0.9967586640797594,3.4922339243045317e-34
1428960,0.0,-1.4820830870930762e-47,9927.051530792365,0.9967586640797594,3.4917576106813174e-34
1429020,0.0,-1.4818807934880247e-47,9927.051530792365,0.9967586640797594,3.4912812970581036e-34
1429080,0.0,-1.4816784998829732e-47,9927.051530792365,0.9967586640797594,3.49080498343489e-34
1429140,0.0,-1.4814762062779214e-47,9927.051530792365,0.9967586640797594,3.4903286698116756e-34
1429200,0.0,-1.48127391267287e-47,9927.051530792365,0.9967586640797594,3.4898523561884613e-34
1429260,0.0,-1.4810716190678181e-47,9927.051530792365,0.9967586640797594,3.489376042565247e-34
1429320,0.0,-1.4808693254627666e-47,9927.051530792365,0.9967586640797594,3.4888997289420333e-34
1429380,0.0,-1.4806670318577149e-47,9927.051530792365,0.9967586640797594,3.488423415318819e-34
1429440,0.0,-1.4804647382526634e-47,9927.051530792365,0.9967586640797594,3.487947101695605e-34
1429500,0.0,-1.4802624446476116e-47,9927.051530792365,0.9967586640797594,3.4874707880723906e-34
1429560,0.0,-1.4800601510425599e-47,9927.051530792365,0.9967586640797594,3.4869944744491767e-34
1429620,0.0,-1.4798578574375083e-47,9927.051530792365,0.9967586640797594,3.4865181608259625e-34
1429680,0.0,-1.4796555638324566e-47,9927.051530792365,0.9967586640797594,3.4860418472027483e-34
1429740,0.0,-1.479453270227405e-47,9927.051530792365,0.9967586640797594,3.485565533579534e-34
1429800,0.0,-1.4792509766223533e-47,9927.051530792365,0.9967586640797594,3.48508921995632e-34
1429860,0.0,-1.4790486830173018e-47,9927.051530792365,0.9967586640797594,3.484612906333106e-34
1429920,0.0,-1.47884638941225e-47,9927.051530792365,0.9967586640797594,3.4841365927098917e-34
1429980,0.0,-1.4786440958071985e-47,9927.051530792365,0.9967586640797594,3.4836602790866775e-34
1430040,0.0,-1.4784418022021468e-47,9927.051530792365,0.9967586640797594,3.4831839654634637e-34
1430100,0.0,-1.478239508597095e-47,9927.051530792365,0.9967586640797594,3.4827076518402494e-34
1430160,0.0,-1.4780372149920435e-47,9927.051530792365,0.9967586640797594,3.482231338217035e-34
1430220,0.0,-1.4778349213869918e-47,9927.051530792365,0.9967586640797594,3.4817550245938214e-34
1430280,0.0,-1.4776326277819402e-47,9927.051530792365,0.9967586640797594,3.481278710970607e-34
1430340,0.0,-1.4774303341768885e-47,9927.051530792365,0.9967586640797594,3.480802397347393e-34
1430400,0.0,-1.477228040571837e-47,9927.051530792365,0.9967586640797594,3.4803260837241787e-34
1430460,0.0,-1.4770257469667852e-47,9927.051530792365,0.9967586640797594,3.479849770100965e-34
1430520,0.0,-1.4768234533617337e-47,9927.051530792365,0.9967586640797594,3.4793734564777506e-34
1430580,0.0,-1.476621159756682e-47,9927.051530792365,0.9967586640797594,3.4788971428545364e-34
1430640,0.0,-1.4764188661516302e-47,9927.051530792365,0.9967586640797594,3.478420829231322e-34
1430700,0.0,-1.476216572546579e-47,9927.051530792365,0.9967586640797594,3.4779445156081088e-34
1430760,0.0,-1.4760142789415272e-47,9927.051530792365,0.9967586640797594,3.4774682019848945e-34
1430820,0.0,-1.4758119853364757e-47,9927.051530792365,0.9967586640797594,3.4769918883616803e-34
1430880,0.0,-1.475609691731424e-47,9927.051530792365,0.9967586640797594,3.4765155747384665e-34
1430940,0.0,-1.4754073981263721e-47,9927.051530792365,0.9967586640797594,3.4760392611152522e-34
1431000,0.0,-1.4752051045213206e-47,9927.051530792365,0.9967586640797594,3.475562947492038e-34
1431060,0.0,-1.475002810916269e-47,9927.051530792365,0.9967586640797594,3.4750866338688238e-34
1431120,0.0,-1.4748005173112174e-47,9927.051530792365,0.9967586640797594,3.47461032024561e-34
1431180,0.0,-1.4745982237061656e-47,9927.051530792365,0.9967586640797594,3.4741340066223957e-34
1431240,0.0,-1.474395930101114e-47,9927.051530792365,0.9967586640797594,3.4736576929991815e-34
1431300,0.0,-1.4741936364960623e-47,9927.051530792365,0.9967586640797594,3.4731813793759672e-34
1431360,0.0,-1.4739913428910108e-47,9927.051530792365,0.9967586640797594,3.4727050657527534e-34
1431420,0.0,-1.473789049285959e-47,9927.051530792365,0.9967586640797594,3.472228752129539e-34
1431480,0.0,-1.4735867556809073e-47,9927.051530792365,0.9967586640797594,3.471752438506325e-34
1431540,0.0,-1.4733844620758558e-47,9927.051530792365,0.9967586640797594,3.4712761248831107e-34
1431600,0.0,-1.473182168470804e-47,9927.051530792365,0.9967586640797594,3.470799811259897e-34
1431660,0.0,-1.4729798748657525e-47,9927.051530792365,0.9967586640797594,3.4703234976366827e-34
1431720,0.0,-1.4727775812607008e-47,9927.051530792365,0.9967586640797594,3.4698471840134684e-34
1431780,0.0,-1.4725752876556493e-47,9927.051530792365,0.9967586640797594,3.4693708703902546e-34
1431840,0.0,-1.4723729940505975e-47,9927.051530792365,0.9967586640797594,3.4688945567670404e-34
1431900,0.0,-1.4721707004455458e-47,9927.051530792365,0.9967586640797594,3.468418243143826e-34
1431960,0.0,-1.4719684068404942e-47,9927.051530792365,0.9967586640797594,3.467941929520612e-34
1432020,0.0,-1.4717661132354425e-47,9927.051530792365,0.9967586640797594,3.467465615897398e-34
1432080,0.0,-1.471563819630391e-47,9927.051530792365,0.9967586640797594,3.466989302274184e-34
1432140,0.0,-1.4713615260253392e-47,9927.051530792365,0.9967586640797594,3.4665129886509696e-34
1432200,0.0,-1.4711592324202877e-47,9927.051530792365,0.9967586640797594,3.4660366750277554e-34
1432260,0.0,-1.470956938815236e-47,9927.051530792365,0.9967586640797594,3.4655603614045415e-34
1432320,0.0,-1.4707546452101844e-47,9927.051530792365,0.9967586640797594,3.4650840477813273e-34
1432380,0.0,-1.470552351605133e-47,9927.051530792365,0.9967586640797594,3.4646077341581135e-34
1432440,0.0,-1.4703500580000812e-47,9927.051530792365,0.9967586640797594,3.4641314205348993e-34
1432500,0.0,-1.4701477643950297e-47,9927.051530792365,0.9967586640797594,3.4636551069116854e-34
1432560,0.0,-1.469945470789978e-47,9927.051530792365,0.9967586640797594,3.463178793288471e-34
1432620,0.0,-1.4697431771849264e-47,9927.051530792365,0.9967586640797594,3.462702479665257e-34
1432680,0.0,-1.4695408835798746e-47,9927.051530792365,0.9967586640797594,3.462226166042043e-34
1432740,0.0,-1.469338589974823e-47,9927.051530792365,0.9967586640797594,3.461749852418829e-34
1432800,0.0,-1.4691362963697714e-47,9927.051530792365,0.9967586640797594,3.4612735387956147e-34
1432860,0.0,-1.4689340027647196e-47,9927.051530792365,0.9967586640797594,3.4607972251724004e-34
1432920,0.0,-1.468731709159668e-47,9927.051530792365,0.9967586640797594,3.4603209115491866e-34
1432980,0.0,-1.4685294155546163e-47,9927.051530792365,0.9967586640797594,3.4598445979259724e-34
1433040,0.0,-1.4683271219495648e-47,9927.051530792365,0.9967586640797594,3.459368284302758e-34
1433100,0.0,-1.468124828344513e-47,9927.051530792365,0.9967586640797594,3.458891970679544e-34
1433160,0.0,-1.4679225347394616e-47,9927.051530792365,0.9967586640797594,3.45841565705633e-34
1433220,0.0,-1.4677202411344098e-47,9927.051530792365,0.9967586640797594,3.457939343433116e-34
1433280,0.0,-1.467517947529358e-47,9927.051530792365,0.9967586640797594,3.4574630298099016e-34
1433340,0.0,-1.4673156539243065e-47,9927.051530792365,0.9967586640797594,3.4569867161866874e-34
1433400,0.0,-1.4671133603192548e-47,9927.051530792365,0.9967586640797594,3.4565104025634736e-34
1433460,0.0,-1.4669110667142033e-47,9927.051530792365,0.9967586640797594,3.4560340889402593e-34
1433520,0.0,-1.4667087731091515e-47,9927.051530792365,0.9967586640797594,3.455557775317045e-34
1433580,0.0,-1.4665064795041e-47,9927.051530792365,0.9967586640797594,3.4550814616938313e-34
1433640,0.0,-1.4663041858990482e-47,9927.051530792365,0.9967586640797594,3.454605148070617e-34
1433700,0.0,-1.4661018922939967e-47,9927.051530792365,0.9967586640797594,3.454128834447403e-34
1433760,0.0,-1.465899598688945e-47,9927.051530792365,0.9967586640797594,3.4536525208241886e-34
1433820,0.0,-1.4656973050838932e-47,9927.051530792365,0.9967586640797594,3.4531762072009748e-34
1433880,0.0,-1.4654950114788417e-47,9927.051530792365,0.9967586640797594,3.4526998935777605e-34
1433940,0.0,-1.46529271787379e-47,9927.051530792365,0.9967586640797594,3.4522235799545463e-34
1434000,0.0,-1.4650904242687384e-47,9927.051530792365,0.9967586640797594,3.451747266331332e-34
1434060,0.0,-1.464888130663687e-47,9927.051530792365,0.9967586640797594,3.4512709527081187e-34
1434120,0.0,-1.4646858370586352e-47,9927.051530792365,0.9967586640797594,3.4507946390849044e-34
1434180,0.0,-1.4644835434535837e-47,9927.051530792365,0.9967586640797594,3.45031832546169e-34
1434240,0.0,-1.464281249848532e-47,9927.051530792365,0.9967586640797594,3.449842011838476e-34
1434300,0.0,-1.4640789562434804e-47,9927.051530792365,0.9967586640797594,3.449365698215262e-34
1434360,0.0,-1.4638766626384286e-47,9927.051530792365,0.9967586640797594,3.448889384592048e-34
1434420,0.0,-1.4636743690333771e-47,9927.051530792365,0.9967586640797594,3.4484130709688336e-34
1434480,0.0,-1.4634720754283254e-47,9927.051530792365,0.9967586640797594,3.44793675734562e-34
1434540,0.0,-1.4632697818232736e-47,9927.051530792365,0.9967586640797594,3.4474604437224056e-34
1434600,0.0,-1.463067488218222e-47,9927.051530792365,0.9967586640797594,3.4469841300991914e-34
1434660,0.0,-1.4628651946131703e-47,9927.051530792365,0.9967586640797594,3.446507816475977e-34
1434720,0.0,-1.4626629010081188e-47,9927.051530792365,0.9967586640797594,3.4460315028527633e-34
1434780,0.0,-1.462460607403067e-47,9927.051530792365,0.9967586640797594,3.445555189229549e-34
1434840,0.0,-1.4622583137980156e-47,9927.051530792365,0.9967586640797594,3.445078875606335e-34
1434900,0.0,-1.4620560201929638e-47,9927.051530792365,0.9967586640797594,3.4446025619831206e-34
1434960,0.0,-1.4618537265879123e-47,9927.051530792365,0.9967586640797594,3.4441262483599068e-34
1435020,0.0,-1.4616514329828605e-47,9927.051530792365,0.9967586640797594,3.4436499347366925e-34
1435080,0.0,-1.4614491393778088e-47,9927.051530792365,0.9967586640797594,3.4431736211134783e-34
1435140,0.0,-1.4612468457727573e-47,9927.051530792365,0.9967586640797594,3.442697307490264e-34
1435200,0.0,-1.4610445521677055e-47,9927.051530792365,0.9967586640797594,3.4422209938670503e-34
1435260,0.0,-1.460842258562654e-47,9927.051530792365,0.9967586640797594,3.441744680243836e-34
1435320,0.0,-1.4606399649576023e-47,9927.051530792365,0.9967586640797594,3.4412683666206218e-34
1435380,0.0,-1.4604376713525507e-47,9927.051530792365,0.9967586640797594,3.440792052997408e-34
1435440,0.0,-1.460235377747499e-47,9927.051530792365,0.9967586640797594,3.4403157393741937e-34
1435500,0.0,-1.4600330841424475e-47,9927.051530792365,0.9967586640797594,3.4398394257509795e-34
1435560,0.0,-1.4598307905373957e-47,9927.051530792365,0.9967586640797594,3.4393631121277652e-34
1435620,0.0,-1.459628496932344e-47,9927.051530792365,0.9967586640797594,3.4388867985045514e-34
1435680,0.0,-1.4594262033272924e-47,9927.051530792365,0.9967586640797594,3.438410484881337e-34
1435740,0.0,-1.459223909722241e-47,9927.051530792365,0.9967586640797594,3.4379341712581234e-34
1435800,0.0,-1.4590216161171894e-47,9927.051530792365,0.9967586640797594,3.437457857634909e-34
1435860,0.0,-1.4588193225121377e-47,9927.051530792365,0.9967586640797594,3.4369815440116953e-34
1435920,0.0,-1.458617028907086e-47,9927.051530792365,0.9967586640797594,3.436505230388481e-34
1435980,0.0,-1.4584147353020344e-47,9927.051530792365,0.9967586640797594,3.436028916765267e-34
1436040,0.0,-1.4582124416969826e-47,9927.051530792365,0.9967586640797594,3.4355526031420526e-34
1436100,0.0,-1.4580101480919311e-47,9927.051530792365,0.9967586640797594,3.435076289518839e-34
1436160,0.0,-1.4578078544868794e-47,9927.051530792365,0.9967586640797594,3.4345999758956246e-34
1436220,0.0,-1.4576055608818279e-47,9927.051530792365,0.9967586640797594,3.4341236622724103e-34
1436280,0.0,-1.457403267276776e-47,9927.051530792365,0.9967586640797594,3.4336473486491965e-34
1436340,0.0,-1.4572009736717246e-47,9927.051530792365,0.9967586640797594,3.4331710350259823e-34
1436400,0.0,-1.4569986800666728e-47,9927.051530792365,0.9967586640797594,3.432694721402768e-34
1436460,0.0,-1.456796386461621e-47,9927.051530792365,0.9967586640797594,3.432218407779554e-34
1436520,0.0,-1.4565940928565696e-47,9927.051530792365,0.9967586640797594,3.43174209415634e-34
1436580,0.0,-1.4563917992515178e-47,9927.051530792365,0.9967586640797594,3.4312657805331257e-34
1436640,0.0,-1.4561895056464663e-47,9927.051530792365,0.9967586640797594,3.4307894669099115e-34
1436700,0.0,-1.4559872120414145e-47,9927.051530792365,0.9967586640797594,3.4303131532866973e-34
1436760,0.0,-1.455784918436363e-47,9927.051530792365,0.9967586640797594,3.4298368396634835e-34
1436820,0.0,-1.4555826248313113e-47,9927.051530792365,0.9967586640797594,3.4293605260402692e-34
1436880,0.0,-1.4553803312262598e-47,9927.051530792365,0.9967586640797594,3.428884212417055e-34
1436940,0.0,-1.455178037621208e-47,9927.051530792365,0.9967586640797594,3.4284078987938407e-34
1437000,0.0,-1.4549757440161563e-47,9927.051530792365,0.9967586640797594,3.427931585170627e-34
1437060,0.0,-1.4547734504111047e-47,9927.051530792365,0.9967586640797594,3.4274552715474127e-34
1437120,0.0,-1.454571156806053e-47,9927.051530792365,0.9967586640797594,3.4269789579241985e-34
1437180,0.0,-1.4543688632010015e-47,9927.051530792365,0.9967586640797594,3.4265026443009846e-34
1437240,0.0,-1.4541665695959497e-47,9927.051530792365,0.9967586640797594,3.4260263306777704e-34
1437300,0.0,-1.4539642759908982e-47,9927.051530792365,0.9967586640797594,3.425550017054556e-34
1437360,0.0,-1.4537619823858467e-47,9927.051530792365,0.9967586640797594,3.4250737034313424e-34
1437420,0.0,-1.453559688780795e-47,9927.051530792365,0.9967586640797594,3.4245973898081285e-34
1437480,0.0,-1.4533573951757434e-47,9927.051530792365,0.9967586640797594,3.4241210761849143e-34
1437540,0.0,-1.4531551015706917e-47,9927.051530792365,0.9967586640797594,3.4236447625617e-34
1437600,0.0,-1.4529528079656402e-47,9927.051530792365,0.9967586640797594,3.423168448938486e-34
1437660,0.0,-1.4527505143605884e-47,9927.051530792365,0.9967586640797594,3.422692135315272e-34
1437720,0.0,-1.4525482207555366e-47,9927.051530792365,0.9967586640797594,3.4222158216920578e-34
1437780,0.0,-1.4523459271504851e-47,9927.051530792365,0.9967586640797594,3.4217395080688435e-34
1437840,0.0,-1.4521436335454334e-47,9927.051530792365,0.9967586640797594,3.4212631944456297e-34
1437900,0.0,-1.4519413399403819e-47,9927.051530792365,0.9967586640797594,3.4207868808224155e-34
1437960,0.0,-1.45173904633533e-47,9927.051530792365,0.9967586640797594,3.4203105671992012e-34
1438020,0.0,-1.4515367527302786e-47,9927.051530792365,0.9967586640797594,3.419834253575987e-34
1438080,0.0,-1.4513344591252268e-47,9927.051530792365,0.9967586640797594,3.419357939952773e-34
1438140,0.0,-1.4511321655201753e-47,9927.051530792365,0.9967586640797594,3.418881626329559e-34
1438200,0.0,-1.4509298719151236e-47,9927.051530792365,0.9967586640797594,3.4184053127063447e-34
1438260,0.0,-1.4507275783100718e-47,9927.051530792365,0.9967586640797594,3.4179289990831305e-34
1438320,0.0,-1.4505252847050203e-47,9927.051530792365,0.9967586640797594,3.4174526854599167e-34
1438380,0.0,-1.4503229910999686e-47,9927.051530792365,0.9967586640797594,3.4169763718367024e-34
1438440,0.0,-1.450120697494917e-47,9927.051530792365,0.9967586640797594,3.416500058213488e-34
1438500,0.0,-1.4499184038898653e-47,9927.051530792365,0.9967586640797594,3.416023744590274e-34
1438560,0.0,-1.4497161102848138e-47,9927.051530792365,0.9967586640797594,3.41554743096706e-34
1438620,0.0,-1.449513816679762e-47,9927.051530792365,0.9967586640797594,3.415071117343846e-34
1438680,0.0,-1.4493115230747105e-47,9927.051530792365,0.9967586640797594,3.4145948037206317e-34
1438740,0.0,-1.4491092294696587e-47,9927.051530792365,0.9967586640797594,3.4141184900974174e-34
1438800,0.0,-1.448906935864607e-47,9927.051530792365,0.9967586640797594,3.4136421764742036e-34
1438860,0.0,-1.4487046422595555e-47,9927.051530792365,0.9967586640797594,3.4131658628509894e-34
1438920,0.0,-1.4485023486545037e-47,9927.051530792365,0.9967586640797594,3.412689549227775e-34
1438980,0.0,-1.4483000550494522e-47,9927.051530792365,0.9967586640797594,3.4122132356045613e-34
1439040,0.0,-1.4480977614444007e-47,9927.051530792365,0.9967586640797594,3.4117369219813475e-34
1439100,0.0,-1.447895467839349e-47,9927.051530792365,0.9967586640797594,3.4112606083581333e-34
1439160,0.0,-1.4476931742342974e-47,9927.051530792365,0.9967586640797594,3.410784294734919e-34
1439220,0.0,-1.4474908806292457e-47,9927.051530792365,0.9967586640797594,3.4103079811117052e-34
1439280,0.0,-1.4472885870241942e-47,9927.051530792365,0.9967586640797594,3.409831667488491e-34
1439340,0.0,-1.4470862934191424e-47,9927.051530792365,0.9967586640797594,3.4093553538652767e-34
1439400,0.0,-1.446883999814091e-47,9927.051530792365,0.9967586640797594,3.4088790402420625e-34
1439460,0.0,-1.4466817062090391e-47,9927.051530792365,0.9967586640797594,3.4084027266188487e-34
1439520,0.0,-1.4464794126039876e-47,9927.051530792365,0.9967586640797594,3.4079264129956345e-34
1439580,0.0,-1.4462771189989359e-47,9927.051530792365,0.9967586640797594,3.4074500993724202e-34
1439640,0.0,-1.446074825393884e-47,9927.051530792365,0.9967586640797594,3.4069737857492064e-34
1439700,0.0,-1.4458725317888326e-47,9927.051530792365,0.9967586640797594,3.406497472125992e-34
1439760,0.0,-1.4456702381837808e-47,9927.051530792365,0.9967586640797594,3.406021158502778e-34
1439820,0.0,-1.4454679445787293e-47,9927.051530792365,0.9967586640797594,3.4055448448795637e-34
1439880,0.0,-1.4452656509736776e-47,9927.051530792365,0.9967586640797594,3.40506853125635e-34
1439940,0.0,-1.445063357368626e-47,9927.051530792365,0.9967586640797594,3.4045922176331356e-34
